Date,Total,Bike North,Bike South
2014-01-01 00:00:00,4,3,1
2014-01-01 01:00:00,2,1,1
2014-01-01 02:00:00,4,1,3
2014-01-01 03:00:00,2,1,1
2014-01-01 04:00:00,0,0,0
2014-01-01 05:00:00,2,1,1
2014-01-01 06:00:00,0,0,0
2014-01-01 07:00:00,9,5,4
2014-01-01 08:00:00,6,4,2
2014-01-01 09:00:00,10,7,3
2014-01-01 10:00:00,34,13,21
2014-01-01 11:00:00,42,14,28
2014-01-01 12:00:00,51,26,25
2014-01-01 13:00:00,74,33,41
2014-01-01 14:00:00,87,45,42
2014-01-01 15:00:00,54,25,29
2014-01-01 16:00:00,42,25,17
2014-01-01 17:00:00,12,7,5
2014-01-01 18:00:00,6,2,4
2014-01-01 19:00:00,3,2,1
2014-01-01 20:00:00,3,2,1
2014-01-01 21:00:00,1,0,1
2014-01-01 22:00:00,0,0,0
2014-01-01 23:00:00,2,1,1
2014-01-02 00:00:00,2,1,1
2014-01-02 01:00:00,0,0,0
2014-01-02 02:00:00,0,0,0
2014-01-02 03:00:00,2,1,1
2014-01-02 04:00:00,3,1,2
2014-01-02 05:00:00,19,10,9
2014-01-02 06:00:00,22,14,8
2014-01-02 07:00:00,68,49,19
2014-01-02 08:00:00,83,64,19
2014-01-02 09:00:00,43,31,12
2014-01-02 10:00:00,15,11,4
2014-01-02 11:00:00,20,9,11
2014-01-02 12:00:00,16,10,6
2014-01-02 13:00:00,30,12,18
2014-01-02 14:00:00,32,14,18
2014-01-02 15:00:00,62,25,37
2014-01-02 16:00:00,102,20,82
2014-01-02 17:00:00,44,8,36
2014-01-02 18:00:00,15,4,11
2014-01-02 19:00:00,3,0,3
2014-01-02 20:00:00,2,0,2
2014-01-02 21:00:00,1,0,1
2014-01-02 22:00:00,2,0,2
2014-01-02 23:00:00,3,0,3
2014-01-03 00:00:00,0,0,0
2014-01-03 01:00:00,0,0,0
2014-01-03 02:00:00,0,0,0
2014-01-03 03:00:00,2,1,1
2014-01-03 04:00:00,21,11,10
2014-01-03 05:00:00,23,10,13
2014-01-03 06:00:00,76,55,21
2014-01-03 07:00:00,86,63,23
2014-01-03 08:00:00,46,41,5
2014-01-03 09:00:00,17,13,4
2014-01-03 10:00:00,20,11,9
2014-01-03 11:00:00,41,21,20
2014-01-03 12:00:00,44,18,26
2014-01-03 13:00:00,68,27,41
2014-01-03 14:00:00,69,33,36
2014-01-03 15:00:00,86,28,58
2014-01-03 16:00:00,106,23,83
2014-01-03 17:00:00,39,9,30
2014-01-03 18:00:00,8,2,6
2014-01-03 19:00:00,3,1,2
2014-01-03 20:00:00,8,2,6
2014-01-03 21:00:00,4,3,1
2014-01-03 22:00:00,0,0,0
2014-01-03 23:00:00,5,3,2
2014-01-04 00:00:00,1,0,1
2014-01-04 01:00:00,1,0,1
2014-01-04 02:00:00,0,0,0
2014-01-04 03:00:00,0,0,0
2014-01-04 04:00:00,2,0,2
2014-01-04 05:00:00,4,4,0
2014-01-04 06:00:00,8,4,4
2014-01-04 07:00:00,24,19,5
2014-01-04 08:00:00,29,13,16
2014-01-04 09:00:00,46,26,20
2014-01-04 10:00:00,59,35,24
2014-01-04 11:00:00,90,35,55
2014-01-04 12:00:00,82,33,49
2014-01-04 13:00:00,113,47,66
2014-01-04 14:00:00,119,62,57
2014-01-04 15:00:00,38,16,22
2014-01-04 16:00:00,21,6,15
2014-01-04 17:00:00,11,2,9
2014-01-04 18:00:00,6,0,6
2014-01-04 19:00:00,5,2,3
2014-01-04 20:00:00,2,0,2
2014-01-04 21:00:00,2,0,2
2014-01-04 22:00:00,2,0,2
2014-01-04 23:00:00,0,0,0
2014-01-05 00:00:00,0,0,0
2014-01-05 01:00:00,1,1,0
2014-01-05 02:00:00,0,0,0
2014-01-05 03:00:00,0,0,0
2014-01-05 04:00:00,0,0,0
2014-01-05 05:00:00,5,5,0
2014-01-05 06:00:00,4,3,1
2014-01-05 07:00:00,8,6,2
2014-01-05 08:00:00,21,14,7
2014-01-05 09:00:00,27,15,12
2014-01-05 10:00:00,62,38,24
2014-01-05 11:00:00,75,38,37
2014-01-05 12:00:00,90,36,54
2014-01-05 13:00:00,76,42,34
2014-01-05 14:00:00,85,37,48
2014-01-05 15:00:00,36,13,23
2014-01-05 16:00:00,24,9,15
2014-01-05 17:00:00,6,4,2
2014-01-05 18:00:00,3,2,1
2014-01-05 19:00:00,5,0,5
2014-01-05 20:00:00,4,3,1
2014-01-05 21:00:00,4,1,3
2014-01-05 22:00:00,1,0,1
2014-01-05 23:00:00,1,1,0
2014-01-06 00:00:00,0,0,0
2014-01-06 01:00:00,0,0,0
2014-01-06 02:00:00,0,0,0
2014-01-06 03:00:00,1,1,0
2014-01-06 04:00:00,20,11,9
2014-01-06 05:00:00,40,22,18
2014-01-06 06:00:00,89,57,32
2014-01-06 07:00:00,108,87,21
2014-01-06 08:00:00,44,40,4
2014-01-06 09:00:00,20,11,9
2014-01-06 10:00:00,17,8,9
2014-01-06 11:00:00,25,13,12
2014-01-06 12:00:00,21,11,10
2014-01-06 13:00:00,20,11,9
2014-01-06 14:00:00,46,20,26
2014-01-06 15:00:00,71,23,48
2014-01-06 16:00:00,127,34,93
2014-01-06 17:00:00,73,15,58
2014-01-06 18:00:00,17,3,14
2014-01-06 19:00:00,9,2,7
2014-01-06 20:00:00,4,2,2
2014-01-06 21:00:00,1,1,0
2014-01-06 22:00:00,2,0,2
2014-01-06 23:00:00,0,0,0
2014-01-07 00:00:00,0,0,0
2014-01-07 01:00:00,0,0,0
2014-01-07 02:00:00,0,0,0
2014-01-07 03:00:00,2,1,1
2014-01-07 04:00:00,14,6,8
2014-01-07 05:00:00,41,22,19
2014-01-07 06:00:00,75,46,29
2014-01-07 07:00:00,99,77,22
2014-01-07 08:00:00,41,37,4
2014-01-07 09:00:00,23,13,10
2014-01-07 10:00:00,12,9,3
2014-01-07 11:00:00,10,6,4
2014-01-07 12:00:00,11,8,3
2014-01-07 13:00:00,10,7,3
2014-01-07 14:00:00,27,9,18
2014-01-07 15:00:00,65,27,38
2014-01-07 16:00:00,123,32,91
2014-01-07 17:00:00,77,15,62
2014-01-07 18:00:00,13,3,10
2014-01-07 19:00:00,1,0,1
2014-01-07 20:00:00,2,0,2
2014-01-07 21:00:00,4,1,3
2014-01-07 22:00:00,1,0,1
2014-01-07 23:00:00,1,1,0
2014-01-08 00:00:00,2,0,2
2014-01-08 01:00:00,0,0,0
2014-01-08 02:00:00,0,0,0
2014-01-08 03:00:00,1,1,0
2014-01-08 04:00:00,19,8,11
2014-01-08 05:00:00,34,24,10
2014-01-08 06:00:00,79,42,37
2014-01-08 07:00:00,104,73,31
2014-01-08 08:00:00,53,44,9
2014-01-08 09:00:00,16,11,5
2014-01-08 10:00:00,17,10,7
2014-01-08 11:00:00,14,7,7
2014-01-08 12:00:00,15,11,4
2014-01-08 13:00:00,14,8,6
2014-01-08 14:00:00,36,20,16
2014-01-08 15:00:00,64,22,42
2014-01-08 16:00:00,119,27,92
2014-01-08 17:00:00,62,10,52
2014-01-08 18:00:00,19,3,16
2014-01-08 19:00:00,7,1,6
2014-01-08 20:00:00,6,2,4
2014-01-08 21:00:00,2,0,2
2014-01-08 22:00:00,0,0,0
2014-01-08 23:00:00,1,0,1
2014-01-09 00:00:00,1,0,1
2014-01-09 01:00:00,3,2,1
2014-01-09 02:00:00,0,0,0
2014-01-09 03:00:00,1,1,0
2014-01-09 04:00:00,20,10,10
2014-01-09 05:00:00,24,15,9
2014-01-09 06:00:00,89,48,41
2014-01-09 07:00:00,110,86,24
2014-01-09 08:00:00,41,31,10
2014-01-09 09:00:00,16,11,5
2014-01-09 10:00:00,19,13,6
2014-01-09 11:00:00,13,8,5
2014-01-09 12:00:00,17,8,9
2014-01-09 13:00:00,17,13,4
2014-01-09 14:00:00,20,10,10
2014-01-09 15:00:00,68,25,43
2014-01-09 16:00:00,105,17,88
2014-01-09 17:00:00,71,18,53
2014-01-09 18:00:00,26,3,23
2014-01-09 19:00:00,5,0,5
2014-01-09 20:00:00,5,0,5
2014-01-09 21:00:00,3,1,2
2014-01-09 22:00:00,2,0,2
2014-01-09 23:00:00,1,0,1
2014-01-10 00:00:00,0,0,0
2014-01-10 01:00:00,0,0,0
2014-01-10 02:00:00,0,0,0
2014-01-10 03:00:00,1,1,0
2014-01-10 04:00:00,18,5,13
2014-01-10 05:00:00,22,15,7
2014-01-10 06:00:00,63,34,29
2014-01-10 07:00:00,77,58,19
2014-01-10 08:00:00,38,32,6
2014-01-10 09:00:00,12,4,8
2014-01-10 10:00:00,10,6,4
2014-01-10 11:00:00,11,7,4
2014-01-10 12:00:00,12,5,7
2014-01-10 13:00:00,15,6,9
2014-01-10 14:00:00,44,13,31
2014-01-10 15:00:00,72,30,42
2014-01-10 16:00:00,97,23,74
2014-01-10 17:00:00,38,5,33
2014-01-10 18:00:00,8,2,6
2014-01-10 19:00:00,3,0,3
2014-01-10 20:00:00,4,0,4
2014-01-10 21:00:00,1,0,1
2014-01-10 22:00:00,0,0,0
2014-01-10 23:00:00,1,0,1
2014-01-11 00:00:00,0,0,0
2014-01-11 01:00:00,0,0,0
2014-01-11 02:00:00,0,0,0
2014-01-11 03:00:00,0,0,0
2014-01-11 04:00:00,1,0,1
2014-01-11 05:00:00,3,2,1
2014-01-11 06:00:00,7,3,4
2014-01-11 07:00:00,6,2,4
2014-01-11 08:00:00,14,12,2
2014-01-11 09:00:00,13,8,5
2014-01-11 10:00:00,9,7,2
2014-01-11 11:00:00,8,1,7
2014-01-11 12:00:00,4,2,2
2014-01-11 13:00:00,4,1,3
2014-01-11 14:00:00,8,2,6
2014-01-11 15:00:00,3,1,2
2014-01-11 16:00:00,6,1,5
2014-01-11 17:00:00,3,0,3
2014-01-11 18:00:00,2,0,2
2014-01-11 19:00:00,2,1,1
2014-01-11 20:00:00,2,0,2
2014-01-11 21:00:00,5,4,1
2014-01-11 22:00:00,2,1,1
2014-01-11 23:00:00,1,0,1
2014-01-12 00:00:00,0,0,0
2014-01-12 01:00:00,0,0,0
2014-01-12 02:00:00,0,0,0
2014-01-12 03:00:00,0,0,0
2014-01-12 04:00:00,1,0,1
2014-01-12 05:00:00,6,5,1
2014-01-12 06:00:00,6,4,2
2014-01-12 07:00:00,7,3,4
2014-01-12 08:00:00,11,7,4
2014-01-12 09:00:00,19,8,11
2014-01-12 10:00:00,15,12,3
2014-01-12 11:00:00,19,11,8
2014-01-12 12:00:00,21,9,12
2014-01-12 13:00:00,16,6,10
2014-01-12 14:00:00,29,12,17
2014-01-12 15:00:00,19,8,11
2014-01-12 16:00:00,5,3,2
2014-01-12 17:00:00,3,2,1
2014-01-12 18:00:00,5,1,4
2014-01-12 19:00:00,1,0,1
2014-01-12 20:00:00,2,0,2
2014-01-12 21:00:00,5,3,2
2014-01-12 22:00:00,4,1,3
2014-01-12 23:00:00,1,0,1
2014-01-13 00:00:00,1,1,0
2014-01-13 01:00:00,3,1,2
2014-01-13 02:00:00,0,0,0
2014-01-13 03:00:00,2,1,1
2014-01-13 04:00:00,23,7,16
2014-01-13 05:00:00,33,20,13
2014-01-13 06:00:00,75,44,31
2014-01-13 07:00:00,94,77,17
2014-01-13 08:00:00,52,48,4
2014-01-13 09:00:00,16,9,7
2014-01-13 10:00:00,13,7,6
2014-01-13 11:00:00,20,8,12
2014-01-13 12:00:00,23,6,17
2014-01-13 13:00:00,22,8,14
2014-01-13 14:00:00,36,16,20
2014-01-13 15:00:00,63,25,38
2014-01-13 16:00:00,146,35,111
2014-01-13 17:00:00,84,21,63
2014-01-13 18:00:00,22,6,16
2014-01-13 19:00:00,2,0,2
2014-01-13 20:00:00,5,2,3
2014-01-13 21:00:00,5,1,4
2014-01-13 22:00:00,3,2,1
2014-01-13 23:00:00,3,1,2
2014-01-14 00:00:00,0,0,0
2014-01-14 01:00:00,2,1,1
2014-01-14 02:00:00,1,1,0
2014-01-14 03:00:00,1,1,0
2014-01-14 04:00:00,27,10,17
2014-01-14 05:00:00,41,27,14
2014-01-14 06:00:00,122,84,38
2014-01-14 07:00:00,126,94,32
2014-01-14 08:00:00,60,50,10
2014-01-14 09:00:00,30,13,17
2014-01-14 10:00:00,19,10,9
2014-01-14 11:00:00,24,10,14
2014-01-14 12:00:00,27,12,15
2014-01-14 13:00:00,31,15,16
2014-01-14 14:00:00,44,21,23
2014-01-14 15:00:00,107,40,67
2014-01-14 16:00:00,174,45,129
2014-01-14 17:00:00,85,20,65
2014-01-14 18:00:00,30,7,23
2014-01-14 19:00:00,8,1,7
2014-01-14 20:00:00,5,3,2
2014-01-14 21:00:00,4,1,3
2014-01-14 22:00:00,2,1,1
2014-01-14 23:00:00,2,1,1
2014-01-15 00:00:00,2,2,0
2014-01-15 01:00:00,2,1,1
2014-01-15 02:00:00,2,1,1
2014-01-15 03:00:00,1,1,0
2014-01-15 04:00:00,17,9,8
2014-01-15 05:00:00,53,28,25
2014-01-15 06:00:00,107,64,43
2014-01-15 07:00:00,118,94,24
2014-01-15 08:00:00,60,48,12
2014-01-15 09:00:00,30,15,15
2014-01-15 10:00:00,22,12,10
2014-01-15 11:00:00,28,14,14
2014-01-15 12:00:00,34,20,14
2014-01-15 13:00:00,39,21,18
2014-01-15 14:00:00,52,25,27
2014-01-15 15:00:00,114,47,67
2014-01-15 16:00:00,169,40,129
2014-01-15 17:00:00,84,20,64
2014-01-15 18:00:00,28,5,23
2014-01-15 19:00:00,6,4,2
2014-01-15 20:00:00,7,1,6
2014-01-15 21:00:00,6,1,5
2014-01-15 22:00:00,2,0,2
2014-01-15 23:00:00,4,1,3
2014-01-16 00:00:00,2,0,2
2014-01-16 01:00:00,2,1,1
2014-01-16 02:00:00,2,1,1
2014-01-16 03:00:00,0,0,0
2014-01-16 04:00:00,13,6,7
2014-01-16 05:00:00,44,24,20
2014-01-16 06:00:00,96,59,37
2014-01-16 07:00:00,134,109,25
2014-01-16 08:00:00,61,46,15
2014-01-16 09:00:00,29,19,10
2014-01-16 10:00:00,21,6,15
2014-01-16 11:00:00,20,10,10
2014-01-16 12:00:00,28,17,11
2014-01-16 13:00:00,29,14,15
2014-01-16 14:00:00,46,23,23
2014-01-16 15:00:00,100,39,61
2014-01-16 16:00:00,140,28,112
2014-01-16 17:00:00,81,23,58
2014-01-16 18:00:00,20,4,16
2014-01-16 19:00:00,4,1,3
2014-01-16 20:00:00,9,0,9
2014-01-16 21:00:00,3,2,1
2014-01-16 22:00:00,3,0,3
2014-01-16 23:00:00,0,0,0
2014-01-17 00:00:00,1,0,1
2014-01-17 01:00:00,0,0,0
2014-01-17 02:00:00,0,0,0
2014-01-17 03:00:00,0,0,0
2014-01-17 04:00:00,13,6,7
2014-01-17 05:00:00,33,19,14
2014-01-17 06:00:00,83,60,23
2014-01-17 07:00:00,97,77,20
2014-01-17 08:00:00,45,33,12
2014-01-17 09:00:00,27,13,14
2014-01-17 10:00:00,20,12,8
2014-01-17 11:00:00,18,8,10
2014-01-17 12:00:00,40,11,29
2014-01-17 13:00:00,31,14,17
2014-01-17 14:00:00,52,24,28
2014-01-17 15:00:00,91,28,63
2014-01-17 16:00:00,126,37,89
2014-01-17 17:00:00,41,11,30
2014-01-17 18:00:00,10,1,9
2014-01-17 19:00:00,4,0,4
2014-01-17 20:00:00,3,0,3
2014-01-17 21:00:00,9,0,9
2014-01-17 22:00:00,3,0,3
2014-01-17 23:00:00,3,0,3
2014-01-18 00:00:00,5,4,1
2014-01-18 01:00:00,2,0,2
2014-01-18 02:00:00,1,1,0
2014-01-18 03:00:00,0,0,0
2014-01-18 04:00:00,0,0,0
2014-01-18 05:00:00,5,4,1
2014-01-18 06:00:00,12,4,8
2014-01-18 07:00:00,13,6,7
2014-01-18 08:00:00,21,11,10
2014-01-18 09:00:00,27,17,10
2014-01-18 10:00:00,35,18,17
2014-01-18 11:00:00,58,29,29
2014-01-18 12:00:00,62,31,31
2014-01-18 13:00:00,64,40,24
2014-01-18 14:00:00,58,23,35
2014-01-18 15:00:00,48,24,24
2014-01-18 16:00:00,21,11,10
2014-01-18 17:00:00,15,4,11
2014-01-18 18:00:00,4,1,3
2014-01-18 19:00:00,2,1,1
2014-01-18 20:00:00,3,0,3
2014-01-18 21:00:00,1,0,1
2014-01-18 22:00:00,2,2,0
2014-01-18 23:00:00,2,0,2
2014-01-19 00:00:00,0,0,0
2014-01-19 01:00:00,0,0,0
2014-01-19 02:00:00,0,0,0
2014-01-19 03:00:00,0,0,0
2014-01-19 04:00:00,1,1,0
2014-01-19 05:00:00,4,3,1
2014-01-19 06:00:00,5,2,3
2014-01-19 07:00:00,9,4,5
2014-01-19 08:00:00,30,18,12
2014-01-19 09:00:00,30,11,19
2014-01-19 10:00:00,51,24,27
2014-01-19 11:00:00,34,17,17
2014-01-19 12:00:00,31,17,14
2014-01-19 13:00:00,42,20,22
2014-01-19 14:00:00,23,15,8
2014-01-19 15:00:00,15,7,8
2014-01-19 16:00:00,10,3,7
2014-01-19 17:00:00,4,2,2
2014-01-19 18:00:00,11,4,7
2014-01-19 19:00:00,13,3,10
2014-01-19 20:00:00,8,1,7
2014-01-19 21:00:00,8,5,3
2014-01-19 22:00:00,6,1,5
2014-01-19 23:00:00,1,0,1
2014-01-20 00:00:00,2,0,2
2014-01-20 01:00:00,1,0,1
2014-01-20 02:00:00,1,0,1
2014-01-20 03:00:00,2,1,1
2014-01-20 04:00:00,6,4,2
2014-01-20 05:00:00,24,15,9
2014-01-20 06:00:00,49,30,19
2014-01-20 07:00:00,61,45,16
2014-01-20 08:00:00,48,38,10
2014-01-20 09:00:00,23,15,8
2014-01-20 10:00:00,34,17,17
2014-01-20 11:00:00,28,8,20
2014-01-20 12:00:00,58,30,28
2014-01-20 13:00:00,53,18,35
2014-01-20 14:00:00,74,33,41
2014-01-20 15:00:00,76,35,41
2014-01-20 16:00:00,93,24,69
2014-01-20 17:00:00,39,8,31
2014-01-20 18:00:00,16,6,10
2014-01-20 19:00:00,2,0,2
2014-01-20 20:00:00,1,0,1
2014-01-20 21:00:00,0,0,0
2014-01-20 22:00:00,2,1,1
2014-01-20 23:00:00,2,1,1
2014-01-21 00:00:00,0,0,0
2014-01-21 01:00:00,2,1,1
2014-01-21 02:00:00,2,0,2
2014-01-21 03:00:00,0,0,0
2014-01-21 04:00:00,17,11,6
2014-01-21 05:00:00,50,33,17
2014-01-21 06:00:00,108,69,39
2014-01-21 07:00:00,118,94,24
2014-01-21 08:00:00,53,43,10
2014-01-21 09:00:00,32,17,15
2014-01-21 10:00:00,26,17,9
2014-01-21 11:00:00,7,2,5
2014-01-21 12:00:00,19,10,9
2014-01-21 13:00:00,35,21,14
2014-01-21 14:00:00,58,27,31
2014-01-21 15:00:00,112,37,75
2014-01-21 16:00:00,177,47,130
2014-01-21 17:00:00,75,12,63
2014-01-21 18:00:00,28,9,19
2014-01-21 19:00:00,5,1,4
2014-01-21 20:00:00,6,2,4
2014-01-21 21:00:00,5,1,4
2014-01-21 22:00:00,7,3,4
2014-01-21 23:00:00,2,0,2
2014-01-22 00:00:00,0,0,0
2014-01-22 01:00:00,2,1,1
2014-01-22 02:00:00,3,1,2
2014-01-22 03:00:00,0,0,0
2014-01-22 04:00:00,18,8,10
2014-01-22 05:00:00,39,25,14
2014-01-22 06:00:00,123,79,44
2014-01-22 07:00:00,100,79,21
2014-01-22 08:00:00,57,43,14
2014-01-22 09:00:00,25,15,10
2014-01-22 10:00:00,21,7,14
2014-01-22 11:00:00,28,12,16
2014-01-22 12:00:00,27,18,9
2014-01-22 13:00:00,12,9,3
2014-01-22 14:00:00,48,21,27
2014-01-22 15:00:00,88,31,57
2014-01-22 16:00:00,149,32,117
2014-01-22 17:00:00,96,20,76
2014-01-22 18:00:00,25,5,20
2014-01-22 19:00:00,11,3,8
2014-01-22 20:00:00,5,0,5
2014-01-22 21:00:00,3,3,0
2014-01-22 22:00:00,3,1,2
2014-01-22 23:00:00,3,1,2
2014-01-23 00:00:00,1,0,1
2014-01-23 01:00:00,2,1,1
2014-01-23 02:00:00,2,1,1
2014-01-23 03:00:00,1,1,0
2014-01-23 04:00:00,20,10,10
2014-01-23 05:00:00,30,16,14
2014-01-23 06:00:00,93,65,28
2014-01-23 07:00:00,105,75,30
2014-01-23 08:00:00,52,44,8
2014-01-23 09:00:00,21,13,8
2014-01-23 10:00:00,12,7,5
2014-01-23 11:00:00,30,15,15
2014-01-23 12:00:00,33,13,20
2014-01-23 13:00:00,48,25,23
2014-01-23 14:00:00,64,32,32
2014-01-23 15:00:00,115,41,74
2014-01-23 16:00:00,145,35,110
2014-01-23 17:00:00,84,21,63
2014-01-23 18:00:00,30,7,23
2014-01-23 19:00:00,13,5,8
2014-01-23 20:00:00,2,1,1
2014-01-23 21:00:00,5,0,5
2014-01-23 22:00:00,2,0,2
2014-01-23 23:00:00,1,1,0
2014-01-24 00:00:00,0,0,0
2014-01-24 01:00:00,1,0,1
2014-01-24 02:00:00,0,0,0
2014-01-24 03:00:00,0,0,0
2014-01-24 04:00:00,22,10,12
2014-01-24 05:00:00,22,14,8
2014-01-24 06:00:00,85,55,30
2014-01-24 07:00:00,86,65,21
2014-01-24 08:00:00,44,36,8
2014-01-24 09:00:00,23,14,9
2014-01-24 10:00:00,28,17,11
2014-01-24 11:00:00,36,19,17
2014-01-24 12:00:00,40,21,19
2014-01-24 13:00:00,64,30,34
2014-01-24 14:00:00,88,42,46
2014-01-24 15:00:00,110,38,72
2014-01-24 16:00:00,151,37,114
2014-01-24 17:00:00,60,17,43
2014-01-24 18:00:00,15,4,11
2014-01-24 19:00:00,4,1,3
2014-01-24 20:00:00,2,0,2
2014-01-24 21:00:00,5,0,5
2014-01-24 22:00:00,1,0,1
2014-01-24 23:00:00,0,0,0
2014-01-25 00:00:00,1,1,0
2014-01-25 01:00:00,0,0,0
2014-01-25 02:00:00,0,0,0
2014-01-25 03:00:00,2,1,1
2014-01-25 04:00:00,0,0,0
2014-01-25 05:00:00,3,1,2
2014-01-25 06:00:00,11,4,7
2014-01-25 07:00:00,25,19,6
2014-01-25 08:00:00,22,13,9
2014-01-25 09:00:00,23,16,7
2014-01-25 10:00:00,52,28,24
2014-01-25 11:00:00,72,33,39
2014-01-25 12:00:00,88,45,43
2014-01-25 13:00:00,126,62,64
2014-01-25 14:00:00,128,57,71
2014-01-25 15:00:00,126,51,75
2014-01-25 16:00:00,49,26,23
2014-01-25 17:00:00,24,15,9
2014-01-25 18:00:00,11,5,6
2014-01-25 19:00:00,2,0,2
2014-01-25 20:00:00,4,0,4
2014-01-25 21:00:00,6,3,3
2014-01-25 22:00:00,0,0,0
2014-01-25 23:00:00,1,1,0
2014-01-26 00:00:00,1,0,1
2014-01-26 01:00:00,1,0,1
2014-01-26 02:00:00,0,0,0
2014-01-26 03:00:00,0,0,0
2014-01-26 04:00:00,2,1,1
2014-01-26 05:00:00,4,2,2
2014-01-26 06:00:00,7,2,5
2014-01-26 07:00:00,15,7,8
2014-01-26 08:00:00,17,9,8
2014-01-26 09:00:00,49,28,21
2014-01-26 10:00:00,56,37,19
2014-01-26 11:00:00,56,23,33
2014-01-26 12:00:00,73,35,38
2014-01-26 13:00:00,91,45,46
2014-01-26 14:00:00,90,43,47
2014-01-26 15:00:00,74,35,39
2014-01-26 16:00:00,36,17,19
2014-01-26 17:00:00,5,2,3
2014-01-26 18:00:00,4,1,3
2014-01-26 19:00:00,2,1,1
2014-01-26 20:00:00,1,0,1
2014-01-26 21:00:00,2,1,1
2014-01-26 22:00:00,2,1,1
2014-01-26 23:00:00,0,0,0
2014-01-27 00:00:00,2,1,1
2014-01-27 01:00:00,2,1,1
2014-01-27 02:00:00,1,0,1
2014-01-27 03:00:00,4,3,1
2014-01-27 04:00:00,22,10,12
2014-01-27 05:00:00,31,19,12
2014-01-27 06:00:00,102,65,37
2014-01-27 07:00:00,104,80,24
2014-01-27 08:00:00,73,59,14
2014-01-27 09:00:00,19,13,6
2014-01-27 10:00:00,29,16,13
2014-01-27 11:00:00,19,10,9
2014-01-27 12:00:00,27,11,16
2014-01-27 13:00:00,19,8,11
2014-01-27 14:00:00,47,23,24
2014-01-27 15:00:00,84,34,50
2014-01-27 16:00:00,151,36,115
2014-01-27 17:00:00,78,13,65
2014-01-27 18:00:00,25,6,19
2014-01-27 19:00:00,6,3,3
2014-01-27 20:00:00,5,1,4
2014-01-27 21:00:00,1,1,0
2014-01-27 22:00:00,5,2,3
2014-01-27 23:00:00,2,1,1
2014-01-28 00:00:00,0,0,0
2014-01-28 01:00:00,2,1,1
2014-01-28 02:00:00,2,1,1
2014-01-28 03:00:00,2,0,2
2014-01-28 04:00:00,26,10,16
2014-01-28 05:00:00,38,29,9
2014-01-28 06:00:00,99,66,33
2014-01-28 07:00:00,108,84,24
2014-01-28 08:00:00,56,49,7
2014-01-28 09:00:00,10,6,4
2014-01-28 10:00:00,23,8,15
2014-01-28 11:00:00,20,6,14
2014-01-28 12:00:00,16,8,8
2014-01-28 13:00:00,28,20,8
2014-01-28 14:00:00,35,12,23
2014-01-28 15:00:00,73,32,41
2014-01-28 16:00:00,158,36,122
2014-01-28 17:00:00,82,20,62
2014-01-28 18:00:00,18,5,13
2014-01-28 19:00:00,5,0,5
2014-01-28 20:00:00,7,1,6
2014-01-28 21:00:00,1,0,1
2014-01-28 22:00:00,1,0,1
2014-01-28 23:00:00,1,0,1
2014-01-29 00:00:00,0,0,0
2014-01-29 01:00:00,0,0,0
2014-01-29 02:00:00,0,0,0
2014-01-29 03:00:00,0,0,0
2014-01-29 04:00:00,18,12,6
2014-01-29 05:00:00,35,18,17
2014-01-29 06:00:00,87,61,26
2014-01-29 07:00:00,86,62,24
2014-01-29 08:00:00,29,20,9
2014-01-29 09:00:00,12,9,3
2014-01-29 10:00:00,8,4,4
2014-01-29 11:00:00,13,4,9
2014-01-29 12:00:00,11,5,6
2014-01-29 13:00:00,12,8,4
2014-01-29 14:00:00,29,19,10
2014-01-29 15:00:00,63,18,45
2014-01-29 16:00:00,105,29,76
2014-01-29 17:00:00,70,10,60
2014-01-29 18:00:00,21,1,20
2014-01-29 19:00:00,8,2,6
2014-01-29 20:00:00,2,0,2
2014-01-29 21:00:00,2,1,1
2014-01-29 22:00:00,2,0,2
2014-01-29 23:00:00,1,0,1
2014-01-30 00:00:00,0,0,0
2014-01-30 01:00:00,2,1,1
2014-01-30 02:00:00,2,1,1
2014-01-30 03:00:00,1,0,1
2014-01-30 04:00:00,18,7,11
2014-01-30 05:00:00,31,17,14
2014-01-30 06:00:00,99,64,35
2014-01-30 07:00:00,104,74,30
2014-01-30 08:00:00,53,45,8
2014-01-30 09:00:00,17,10,7
2014-01-30 10:00:00,15,9,6
2014-01-30 11:00:00,12,5,7
2014-01-30 12:00:00,19,9,10
2014-01-30 13:00:00,30,14,16
2014-01-30 14:00:00,35,14,21
2014-01-30 15:00:00,73,30,43
2014-01-30 16:00:00,126,32,94
2014-01-30 17:00:00,54,7,47
2014-01-30 18:00:00,31,10,21
2014-01-30 19:00:00,14,1,13
2014-01-30 20:00:00,4,0,4
2014-01-30 21:00:00,4,1,3
2014-01-30 22:00:00,3,0,3
2014-01-30 23:00:00,1,0,1
2014-01-31 00:00:00,0,0,0
2014-01-31 01:00:00,0,0,0
2014-01-31 02:00:00,0,0,0
2014-01-31 03:00:00,0,0,0
2014-01-31 04:00:00,21,6,15
2014-01-31 05:00:00,22,16,6
2014-01-31 06:00:00,79,51,28
2014-01-31 07:00:00,99,76,23
2014-01-31 08:00:00,35,29,6
2014-01-31 09:00:00,17,10,7
2014-01-31 10:00:00,16,11,5
2014-01-31 11:00:00,14,5,9
2014-01-31 12:00:00,16,8,8
2014-01-31 13:00:00,20,11,9
2014-01-31 14:00:00,44,20,24
2014-01-31 15:00:00,71,22,49
2014-01-31 16:00:00,100,27,73
2014-01-31 17:00:00,56,10,46
2014-01-31 18:00:00,14,5,9
2014-01-31 19:00:00,3,1,2
2014-01-31 20:00:00,5,0,5
2014-01-31 21:00:00,3,1,2
2014-01-31 22:00:00,7,2,5
2014-01-31 23:00:00,3,1,2
2014-02-01 00:00:00,0,0,0
2014-02-01 01:00:00,0,0,0
2014-02-01 02:00:00,0,0,0
2014-02-01 03:00:00,0,0,0
2014-02-01 04:00:00,1,1,0
2014-02-01 05:00:00,5,4,1
2014-02-01 06:00:00,6,2,4
2014-02-01 07:00:00,30,15,15
2014-02-01 08:00:00,25,14,11
2014-02-01 09:00:00,47,35,12
2014-02-01 10:00:00,36,23,13
2014-02-01 11:00:00,63,29,34
2014-02-01 12:00:00,34,15,19
2014-02-01 13:00:00,69,37,32
2014-02-01 14:00:00,66,28,38
2014-02-01 15:00:00,64,25,39
2014-02-01 16:00:00,28,12,16
2014-02-01 17:00:00,16,3,13
2014-02-01 18:00:00,4,2,2
2014-02-01 19:00:00,4,0,4
2014-02-01 20:00:00,3,1,2
2014-02-01 21:00:00,5,0,5
2014-02-01 22:00:00,1,0,1
2014-02-01 23:00:00,1,0,1
2014-02-02 00:00:00,0,0,0
2014-02-02 01:00:00,0,0,0
2014-02-02 02:00:00,0,0,0
2014-02-02 03:00:00,0,0,0
2014-02-02 04:00:00,2,1,1
2014-02-02 05:00:00,3,1,2
2014-02-02 06:00:00,10,6,4
2014-02-02 07:00:00,7,2,5
2014-02-02 08:00:00,23,14,9
2014-02-02 09:00:00,45,17,28
2014-02-02 10:00:00,72,39,33
2014-02-02 11:00:00,73,35,38
2014-02-02 12:00:00,47,21,26
2014-02-02 13:00:00,57,24,33
2014-02-02 14:00:00,34,23,11
2014-02-02 15:00:00,15,6,9
2014-02-02 16:00:00,7,4,3
2014-02-02 17:00:00,4,4,0
2014-02-02 18:00:00,12,7,5
2014-02-02 19:00:00,2,1,1
2014-02-02 20:00:00,3,0,3
2014-02-02 21:00:00,8,2,6
2014-02-02 22:00:00,5,1,4
2014-02-02 23:00:00,2,0,2
2014-02-03 00:00:00,0,0,0
2014-02-03 01:00:00,3,2,1
2014-02-03 02:00:00,0,0,0
2014-02-03 03:00:00,0,0,0
2014-02-03 04:00:00,13,7,6
2014-02-03 05:00:00,28,17,11
2014-02-03 06:00:00,87,51,36
2014-02-03 07:00:00,96,71,25
2014-02-03 08:00:00,44,35,9
2014-02-03 09:00:00,12,7,5
2014-02-03 10:00:00,13,8,5
2014-02-03 11:00:00,20,12,8
2014-02-03 12:00:00,19,12,7
2014-02-03 13:00:00,0,0,0
2014-02-03 14:00:00,28,15,13
2014-02-03 15:00:00,40,16,24
2014-02-03 16:00:00,66,28,38
2014-02-03 17:00:00,123,29,94
2014-02-03 18:00:00,59,10,49
2014-02-03 19:00:00,23,2,21
2014-02-03 20:00:00,2,2,0
2014-02-03 21:00:00,3,1,2
2014-02-03 22:00:00,1,1,0
2014-02-03 23:00:00,3,1,2
2014-02-04 00:00:00,4,3,1
2014-02-04 01:00:00,0,0,0
2014-02-04 02:00:00,2,1,1
2014-02-04 03:00:00,2,1,1
2014-02-04 04:00:00,1,1,0
2014-02-04 05:00:00,16,11,5
2014-02-04 06:00:00,38,15,23
2014-02-04 07:00:00,97,65,32
2014-02-04 08:00:00,96,78,18
2014-02-04 09:00:00,49,38,11
2014-02-04 10:00:00,16,10,6
2014-02-04 11:00:00,13,5,8
2014-02-04 12:00:00,4,2,2
2014-02-04 13:00:00,22,18,4
2014-02-04 14:00:00,26,13,13
2014-02-04 15:00:00,34,13,21
2014-02-04 16:00:00,56,24,32
2014-02-04 17:00:00,130,31,99
2014-02-04 18:00:00,67,16,51
2014-02-04 19:00:00,18,4,14
2014-02-04 20:00:00,4,0,4
2014-02-04 21:00:00,4,1,3
2014-02-04 22:00:00,0,0,0
2014-02-04 23:00:00,2,1,1
2014-02-05 00:00:00,2,1,1
2014-02-05 01:00:00,1,0,1
2014-02-05 02:00:00,2,1,1
2014-02-05 03:00:00,1,1,0
2014-02-05 04:00:00,0,0,0
2014-02-05 05:00:00,17,8,9
2014-02-05 06:00:00,30,17,13
2014-02-05 07:00:00,75,53,22
2014-02-05 08:00:00,105,78,27
2014-02-05 09:00:00,75,65,10
2014-02-05 10:00:00,98,91,7
2014-02-05 11:00:00,68,56,12
2014-02-05 12:00:00,51,20,31
2014-02-05 13:00:00,57,13,44
2014-02-05 14:00:00,67,11,56
2014-02-05 15:00:00,73,21,52
2014-02-05 16:00:00,116,44,72
2014-02-05 17:00:00,110,22,88
2014-02-05 18:00:00,63,10,53
2014-02-05 19:00:00,27,6,21
2014-02-05 20:00:00,7,0,7
2014-02-05 21:00:00,3,0,3
2014-02-05 22:00:00,2,0,2
2014-02-05 23:00:00,4,2,2
2014-02-06 00:00:00,3,1,2
2014-02-06 01:00:00,0,0,0
2014-02-06 02:00:00,2,1,1
2014-02-06 03:00:00,0,0,0
2014-02-06 04:00:00,0,0,0
2014-02-06 05:00:00,18,9,9
2014-02-06 06:00:00,27,13,14
2014-02-06 07:00:00,67,42,25
2014-02-06 08:00:00,81,63,18
2014-02-06 09:00:00,30,24,6
2014-02-06 10:00:00,17,14,3
2014-02-06 11:00:00,9,5,4
2014-02-06 12:00:00,15,6,9
2014-02-06 13:00:00,10,6,4
2014-02-06 14:00:00,10,6,4
2014-02-06 15:00:00,15,9,6
2014-02-06 16:00:00,49,23,26
2014-02-06 17:00:00,90,17,73
2014-02-06 18:00:00,46,7,39
2014-02-06 19:00:00,26,3,23
2014-02-06 20:00:00,5,1,4
2014-02-06 21:00:00,3,0,3
2014-02-06 22:00:00,5,3,2
2014-02-06 23:00:00,1,0,1
2014-02-07 00:00:00,0,0,0
2014-02-07 01:00:00,1,0,1
2014-02-07 02:00:00,0,0,0
2014-02-07 03:00:00,1,0,1
2014-02-07 04:00:00,0,0,0
2014-02-07 05:00:00,16,5,11
2014-02-07 06:00:00,20,10,10
2014-02-07 07:00:00,52,33,19
2014-02-07 08:00:00,70,56,14
2014-02-07 09:00:00,29,28,1
2014-02-07 10:00:00,19,16,3
2014-02-07 11:00:00,17,6,11
2014-02-07 12:00:00,10,8,2
2014-02-07 13:00:00,18,11,7
2014-02-07 14:00:00,35,19,16
2014-02-07 15:00:00,30,11,19
2014-02-07 16:00:00,59,22,37
2014-02-07 17:00:00,104,33,71
2014-02-07 18:00:00,36,6,30
2014-02-07 19:00:00,14,4,10
2014-02-07 20:00:00,6,3,3
2014-02-07 21:00:00,5,0,5
2014-02-07 22:00:00,5,2,3
2014-02-07 23:00:00,3,1,2
2014-02-08 00:00:00,3,1,2
2014-02-08 01:00:00,2,0,2
2014-02-08 02:00:00,1,1,0
2014-02-08 03:00:00,0,0,0
2014-02-08 04:00:00,0,0,0
2014-02-08 05:00:00,0,0,0
2014-02-08 06:00:00,3,0,3
2014-02-08 07:00:00,10,2,8
2014-02-08 08:00:00,12,7,5
2014-02-08 09:00:00,11,7,4
2014-02-08 10:00:00,31,24,7
2014-02-08 11:00:00,38,14,24
2014-02-08 12:00:00,38,17,21
2014-02-08 13:00:00,33,21,12
2014-02-08 14:00:00,47,23,24
2014-02-08 15:00:00,35,13,22
2014-02-08 16:00:00,24,11,13
2014-02-08 17:00:00,15,7,8
2014-02-08 18:00:00,10,5,5
2014-02-08 19:00:00,3,2,1
2014-02-08 20:00:00,0,0,0
2014-02-08 21:00:00,2,1,1
2014-02-08 22:00:00,4,2,2
2014-02-08 23:00:00,1,0,1
2014-02-09 00:00:00,1,1,0
2014-02-09 01:00:00,1,1,0
2014-02-09 02:00:00,0,0,0
2014-02-09 03:00:00,0,0,0
2014-02-09 04:00:00,1,0,1
2014-02-09 05:00:00,0,0,0
2014-02-09 06:00:00,1,0,1
2014-02-09 07:00:00,2,1,1
2014-02-09 08:00:00,2,1,1
2014-02-09 09:00:00,0,0,0
2014-02-09 10:00:00,1,1,0
2014-02-09 11:00:00,4,3,1
2014-02-09 12:00:00,4,1,3
2014-02-09 13:00:00,3,1,2
2014-02-09 14:00:00,1,1,0
2014-02-09 15:00:00,4,1,3
2014-02-09 16:00:00,8,2,6
2014-02-09 17:00:00,3,2,1
2014-02-09 18:00:00,0,0,0
2014-02-09 19:00:00,2,0,2
2014-02-09 20:00:00,0,0,0
2014-02-09 21:00:00,0,0,0
2014-02-09 22:00:00,2,1,1
2014-02-09 23:00:00,4,1,3
2014-02-10 00:00:00,1,1,0
2014-02-10 01:00:00,1,0,1
2014-02-10 02:00:00,3,1,2
2014-02-10 03:00:00,1,0,1
2014-02-10 04:00:00,2,1,1
2014-02-10 05:00:00,14,7,7
2014-02-10 06:00:00,15,8,7
2014-02-10 07:00:00,44,28,16
2014-02-10 08:00:00,47,40,7
2014-02-10 09:00:00,30,26,4
2014-02-10 10:00:00,10,8,2
2014-02-10 11:00:00,5,2,3
2014-02-10 12:00:00,12,4,8
2014-02-10 13:00:00,8,7,1
2014-02-10 14:00:00,13,5,8
2014-02-10 15:00:00,14,8,6
2014-02-10 16:00:00,37,19,18
2014-02-10 17:00:00,68,16,52
2014-02-10 18:00:00,47,8,39
2014-02-10 19:00:00,15,2,13
2014-02-10 20:00:00,2,0,2
2014-02-10 21:00:00,1,0,1
2014-02-10 22:00:00,0,0,0
2014-02-10 23:00:00,4,2,2
2014-02-11 00:00:00,4,2,2
2014-02-11 01:00:00,0,0,0
2014-02-11 02:00:00,2,1,1
2014-02-11 03:00:00,2,1,1
2014-02-11 04:00:00,0,0,0
2014-02-11 05:00:00,23,10,13
2014-02-11 06:00:00,29,21,8
2014-02-11 07:00:00,104,70,34
2014-02-11 08:00:00,104,80,24
2014-02-11 09:00:00,40,33,7
2014-02-11 10:00:00,12,7,5
2014-02-11 11:00:00,16,7,9
2014-02-11 12:00:00,16,9,7
2014-02-11 13:00:00,13,9,4
2014-02-11 14:00:00,24,15,9
2014-02-11 15:00:00,33,12,21
2014-02-11 16:00:00,57,20,37
2014-02-11 17:00:00,115,30,85
2014-02-11 18:00:00,57,6,51
2014-02-11 19:00:00,25,6,19
2014-02-11 20:00:00,4,1,3
2014-02-11 21:00:00,2,1,1
2014-02-11 22:00:00,1,0,1
2014-02-11 23:00:00,1,0,1
2014-02-12 00:00:00,2,0,2
2014-02-12 01:00:00,1,0,1
2014-02-12 02:00:00,3,1,2
2014-02-12 03:00:00,2,1,1
2014-02-12 04:00:00,0,0,0
2014-02-12 05:00:00,14,7,7
2014-02-12 06:00:00,40,15,25
2014-02-12 07:00:00,57,38,19
2014-02-12 08:00:00,86,60,26
2014-02-12 09:00:00,43,35,8
2014-02-12 10:00:00,19,14,5
2014-02-12 11:00:00,20,9,11
2014-02-12 12:00:00,28,11,17
2014-02-12 13:00:00,26,15,11
2014-02-12 14:00:00,24,15,9
2014-02-12 15:00:00,44,17,27
2014-02-12 16:00:00,84,33,51
2014-02-12 17:00:00,122,42,80
2014-02-12 18:00:00,72,16,56
2014-02-12 19:00:00,34,9,25
2014-02-12 20:00:00,11,3,8
2014-02-12 21:00:00,3,1,2
2014-02-12 22:00:00,0,0,0
2014-02-12 23:00:00,1,0,1
2014-02-13 00:00:00,1,1,0
2014-02-13 01:00:00,1,0,1
2014-02-13 02:00:00,2,1,1
2014-02-13 03:00:00,2,1,1
2014-02-13 04:00:00,0,0,0
2014-02-13 05:00:00,21,7,14
2014-02-13 06:00:00,31,17,14
2014-02-13 07:00:00,73,52,21
2014-02-13 08:00:00,117,89,28
2014-02-13 09:00:00,58,45,13
2014-02-13 10:00:00,21,14,7
2014-02-13 11:00:00,19,4,15
2014-02-13 12:00:00,21,8,13
2014-02-13 13:00:00,18,12,6
2014-02-13 14:00:00,48,22,26
2014-02-13 15:00:00,54,27,27
2014-02-13 16:00:00,83,37,46
2014-02-13 17:00:00,152,39,113
2014-02-13 18:00:00,70,15,55
2014-02-13 19:00:00,28,5,23
2014-02-13 20:00:00,5,1,4
2014-02-13 21:00:00,6,3,3
2014-02-13 22:00:00,4,2,2
2014-02-13 23:00:00,1,0,1
2014-02-14 00:00:00,1,0,1
2014-02-14 01:00:00,1,1,0
2014-02-14 02:00:00,1,0,1
2014-02-14 03:00:00,0,0,0
2014-02-14 04:00:00,0,0,0
2014-02-14 05:00:00,18,9,9
2014-02-14 06:00:00,30,13,17
2014-02-14 07:00:00,55,40,15
2014-02-14 08:00:00,69,55,14
2014-02-14 09:00:00,29,23,6
2014-02-14 10:00:00,13,10,3
2014-02-14 11:00:00,5,1,4
2014-02-14 12:00:00,8,3,5
2014-02-14 13:00:00,6,1,5
2014-02-14 14:00:00,25,9,16
2014-02-14 15:00:00,34,15,19
2014-02-14 16:00:00,65,17,48
2014-02-14 17:00:00,98,25,73
2014-02-14 18:00:00,45,11,34
2014-02-14 19:00:00,7,0,7
2014-02-14 20:00:00,0,0,0
2014-02-14 21:00:00,10,5,5
2014-02-14 22:00:00,1,0,1
2014-02-14 23:00:00,2,2,0
2014-02-15 00:00:00,5,0,5
2014-02-15 01:00:00,1,1,0
2014-02-15 02:00:00,0,0,0
2014-02-15 03:00:00,0,0,0
2014-02-15 04:00:00,1,0,1
2014-02-15 05:00:00,1,1,0
2014-02-15 06:00:00,2,1,1
2014-02-15 07:00:00,12,6,6
2014-02-15 08:00:00,16,6,10
2014-02-15 09:00:00,20,11,9
2014-02-15 10:00:00,29,17,12
2014-02-15 11:00:00,28,13,15
2014-02-15 12:00:00,38,29,9
2014-02-15 13:00:00,13,6,7
2014-02-15 14:00:00,7,5,2
2014-02-15 15:00:00,6,2,4
2014-02-15 16:00:00,3,1,2
2014-02-15 17:00:00,10,2,8
2014-02-15 18:00:00,8,2,6
2014-02-15 19:00:00,0,0,0
2014-02-15 20:00:00,0,0,0
2014-02-15 21:00:00,0,0,0
2014-02-15 22:00:00,2,0,2
2014-02-15 23:00:00,0,0,0
2014-02-16 00:00:00,2,1,1
2014-02-16 01:00:00,3,0,3
2014-02-16 02:00:00,0,0,0
2014-02-16 03:00:00,2,1,1
2014-02-16 04:00:00,3,2,1
2014-02-16 05:00:00,1,0,1
2014-02-16 06:00:00,6,4,2
2014-02-16 07:00:00,5,3,2
2014-02-16 08:00:00,9,4,5
2014-02-16 09:00:00,21,9,12
2014-02-16 10:00:00,27,19,8
2014-02-16 11:00:00,19,10,9
2014-02-16 12:00:00,11,4,7
2014-02-16 13:00:00,10,6,4
2014-02-16 14:00:00,17,10,7
2014-02-16 15:00:00,9,3,6
2014-02-16 16:00:00,5,5,0
2014-02-16 17:00:00,3,1,2
2014-02-16 18:00:00,3,1,2
2014-02-16 19:00:00,3,1,2
2014-02-16 20:00:00,1,0,1
2014-02-16 21:00:00,1,0,1
2014-02-16 22:00:00,3,0,3
2014-02-16 23:00:00,2,1,1
2014-02-17 00:00:00,0,0,0
2014-02-17 01:00:00,2,1,1
2014-02-17 02:00:00,3,1,2
2014-02-17 03:00:00,0,0,0
2014-02-17 04:00:00,2,2,0
2014-02-17 05:00:00,9,2,7
2014-02-17 06:00:00,10,5,5
2014-02-17 07:00:00,28,17,11
2014-02-17 08:00:00,22,18,4
2014-02-17 09:00:00,16,14,2
2014-02-17 10:00:00,18,11,7
2014-02-17 11:00:00,24,15,9
2014-02-17 12:00:00,12,3,9
2014-02-17 13:00:00,16,11,5
2014-02-17 14:00:00,25,12,13
2014-02-17 15:00:00,36,17,19
2014-02-17 16:00:00,42,23,19
2014-02-17 17:00:00,31,10,21
2014-02-17 18:00:00,28,4,24
2014-02-17 19:00:00,9,3,6
2014-02-17 20:00:00,4,0,4
2014-02-17 21:00:00,0,0,0
2014-02-17 22:00:00,1,0,1
2014-02-17 23:00:00,0,0,0
2014-02-18 00:00:00,5,2,3
2014-02-18 01:00:00,1,0,1
2014-02-18 02:00:00,3,2,1
2014-02-18 03:00:00,2,1,1
2014-02-18 04:00:00,0,0,0
2014-02-18 05:00:00,16,7,9
2014-02-18 06:00:00,24,12,12
2014-02-18 07:00:00,73,46,27
2014-02-18 08:00:00,66,49,17
2014-02-18 09:00:00,32,25,7
2014-02-18 10:00:00,4,1,3
2014-02-18 11:00:00,2,2,0
2014-02-18 12:00:00,4,1,3
2014-02-18 13:00:00,5,4,1
2014-02-18 14:00:00,12,7,5
2014-02-18 15:00:00,25,10,15
2014-02-18 16:00:00,50,20,30
2014-02-18 17:00:00,95,26,69
2014-02-18 18:00:00,42,12,30
2014-02-18 19:00:00,16,3,13
2014-02-18 20:00:00,5,1,4
2014-02-18 21:00:00,2,0,2
2014-02-18 22:00:00,2,0,2
2014-02-18 23:00:00,2,1,1
2014-02-19 00:00:00,4,2,2
2014-02-19 01:00:00,0,0,0
2014-02-19 02:00:00,3,1,2
2014-02-19 03:00:00,0,0,0
2014-02-19 04:00:00,0,0,0
2014-02-19 05:00:00,17,7,10
2014-02-19 06:00:00,31,18,13
2014-02-19 07:00:00,98,64,34
2014-02-19 08:00:00,93,63,30
2014-02-19 09:00:00,48,40,8
2014-02-19 10:00:00,25,17,8
2014-02-19 11:00:00,15,3,12
2014-02-19 12:00:00,30,17,13
2014-02-19 13:00:00,14,4,10
2014-02-19 14:00:00,28,16,12
2014-02-19 15:00:00,44,19,25
2014-02-19 16:00:00,93,36,57
2014-02-19 17:00:00,138,35,103
2014-02-19 18:00:00,64,11,53
2014-02-19 19:00:00,23,4,19
2014-02-19 20:00:00,5,0,5
2014-02-19 21:00:00,0,0,0
2014-02-19 22:00:00,2,1,1
2014-02-19 23:00:00,2,1,1
2014-02-20 00:00:00,4,2,2
2014-02-20 01:00:00,3,0,3
2014-02-20 02:00:00,1,0,1
2014-02-20 03:00:00,2,1,1
2014-02-20 04:00:00,0,0,0
2014-02-20 05:00:00,16,8,8
2014-02-20 06:00:00,34,16,18
2014-02-20 07:00:00,73,51,22
2014-02-20 08:00:00,92,73,19
2014-02-20 09:00:00,43,32,11
2014-02-20 10:00:00,21,14,7
2014-02-20 11:00:00,12,5,7
2014-02-20 12:00:00,11,4,7
2014-02-20 13:00:00,10,5,5
2014-02-20 14:00:00,52,26,26
2014-02-20 15:00:00,52,19,33
2014-02-20 16:00:00,84,34,50
2014-02-20 17:00:00,118,30,88
2014-02-20 18:00:00,66,13,53
2014-02-20 19:00:00,27,6,21
2014-02-20 20:00:00,4,0,4
2014-02-20 21:00:00,2,1,1
2014-02-20 22:00:00,5,0,5
2014-02-20 23:00:00,4,0,4
2014-02-21 00:00:00,1,0,1
2014-02-21 01:00:00,3,1,2
2014-02-21 02:00:00,0,0,0
2014-02-21 03:00:00,0,0,0
2014-02-21 04:00:00,0,0,0
2014-02-21 05:00:00,16,10,6
2014-02-21 06:00:00,29,19,10
2014-02-21 07:00:00,70,45,25
2014-02-21 08:00:00,95,78,17
2014-02-21 09:00:00,32,21,11
2014-02-21 10:00:00,15,12,3
2014-02-21 11:00:00,17,4,13
2014-02-21 12:00:00,11,6,5
2014-02-21 13:00:00,21,4,17
2014-02-21 14:00:00,19,8,11
2014-02-21 15:00:00,22,11,11
2014-02-21 16:00:00,64,23,41
2014-02-21 17:00:00,104,27,77
2014-02-21 18:00:00,55,12,43
2014-02-21 19:00:00,13,2,11
2014-02-21 20:00:00,5,4,1
2014-02-21 21:00:00,3,1,2
2014-02-21 22:00:00,3,0,3
2014-02-21 23:00:00,5,1,4
2014-02-22 00:00:00,1,0,1
2014-02-22 01:00:00,0,0,0
2014-02-22 02:00:00,0,0,0
2014-02-22 03:00:00,0,0,0
2014-02-22 04:00:00,0,0,0
2014-02-22 05:00:00,0,0,0
2014-02-22 06:00:00,6,4,2
2014-02-22 07:00:00,8,4,4
2014-02-22 08:00:00,10,6,4
2014-02-22 09:00:00,6,2,4
2014-02-22 10:00:00,15,8,7
2014-02-22 11:00:00,14,4,10
2014-02-22 12:00:00,17,10,7
2014-02-22 13:00:00,16,11,5
2014-02-22 14:00:00,9,3,6
2014-02-22 15:00:00,31,16,15
2014-02-22 16:00:00,24,10,14
2014-02-22 17:00:00,10,6,4
2014-02-22 18:00:00,5,1,4
2014-02-22 19:00:00,3,0,3
2014-02-22 20:00:00,1,0,1
2014-02-22 21:00:00,3,0,3
2014-02-22 22:00:00,2,0,2
2014-02-22 23:00:00,0,0,0
2014-02-23 00:00:00,2,2,0
2014-02-23 01:00:00,0,0,0
2014-02-23 02:00:00,1,0,1
2014-02-23 03:00:00,0,0,0
2014-02-23 04:00:00,0,0,0
2014-02-23 05:00:00,1,1,0
2014-02-23 06:00:00,10,10,0
2014-02-23 07:00:00,52,49,3
2014-02-23 08:00:00,58,57,1
2014-02-23 09:00:00,37,30,7
2014-02-23 10:00:00,37,20,17
2014-02-23 11:00:00,22,16,6
2014-02-23 12:00:00,55,18,37
2014-02-23 13:00:00,81,9,72
2014-02-23 14:00:00,17,5,12
2014-02-23 15:00:00,58,5,53
2014-02-23 16:00:00,21,4,17
2014-02-23 17:00:00,14,5,9
2014-02-23 18:00:00,7,1,6
2014-02-23 19:00:00,4,2,2
2014-02-23 20:00:00,3,1,2
2014-02-23 21:00:00,2,0,2
2014-02-23 22:00:00,1,0,1
2014-02-23 23:00:00,2,1,1
2014-02-24 00:00:00,0,0,0
2014-02-24 01:00:00,0,0,0
2014-02-24 02:00:00,2,1,1
2014-02-24 03:00:00,0,0,0
2014-02-24 04:00:00,2,1,1
2014-02-24 05:00:00,16,8,8
2014-02-24 06:00:00,27,15,12
2014-02-24 07:00:00,76,51,25
2014-02-24 08:00:00,74,51,23
2014-02-24 09:00:00,28,21,7
2014-02-24 10:00:00,8,7,1
2014-02-24 11:00:00,3,3,0
2014-02-24 12:00:00,6,3,3
2014-02-24 13:00:00,12,5,7
2014-02-24 14:00:00,11,7,4
2014-02-24 15:00:00,25,10,15
2014-02-24 16:00:00,39,14,25
2014-02-24 17:00:00,106,37,69
2014-02-24 18:00:00,47,10,37
2014-02-24 19:00:00,12,2,10
2014-02-24 20:00:00,5,1,4
2014-02-24 21:00:00,2,0,2
2014-02-24 22:00:00,1,0,1
2014-02-24 23:00:00,3,1,2
2014-02-25 00:00:00,2,1,1
2014-02-25 01:00:00,0,0,0
2014-02-25 02:00:00,2,1,1
2014-02-25 03:00:00,2,1,1
2014-02-25 04:00:00,1,1,0
2014-02-25 05:00:00,19,10,9
2014-02-25 06:00:00,38,24,14
2014-02-25 07:00:00,118,84,34
2014-02-25 08:00:00,119,94,25
2014-02-25 09:00:00,45,38,7
2014-02-25 10:00:00,23,12,11
2014-02-25 11:00:00,12,3,9
2014-02-25 12:00:00,25,13,12
2014-02-25 13:00:00,39,22,17
2014-02-25 14:00:00,47,23,24
2014-02-25 15:00:00,55,24,31
2014-02-25 16:00:00,125,50,75
2014-02-25 17:00:00,183,48,135
2014-02-25 18:00:00,85,15,70
2014-02-25 19:00:00,28,7,21
2014-02-25 20:00:00,7,4,3
2014-02-25 21:00:00,4,1,3
2014-02-25 22:00:00,4,3,1
2014-02-25 23:00:00,6,1,5
2014-02-26 00:00:00,3,1,2
2014-02-26 01:00:00,1,1,0
2014-02-26 02:00:00,2,1,1
2014-02-26 03:00:00,2,1,1
2014-02-26 04:00:00,0,0,0
2014-02-26 05:00:00,26,16,10
2014-02-26 06:00:00,44,28,16
2014-02-26 07:00:00,120,86,34
2014-02-26 08:00:00,127,92,35
2014-02-26 09:00:00,60,42,18
2014-02-26 10:00:00,25,19,6
2014-02-26 11:00:00,34,13,21
2014-02-26 12:00:00,34,19,15
2014-02-26 13:00:00,35,15,20
2014-02-26 14:00:00,63,37,26
2014-02-26 15:00:00,70,27,43
2014-02-26 16:00:00,139,50,89
2014-02-26 17:00:00,191,57,134
2014-02-26 18:00:00,98,43,55
2014-02-26 19:00:00,37,10,27
2014-02-26 20:00:00,9,1,8
2014-02-26 21:00:00,8,3,5
2014-02-26 22:00:00,1,1,0
2014-02-26 23:00:00,6,1,5
2014-02-27 00:00:00,4,1,3
2014-02-27 01:00:00,0,0,0
2014-02-27 02:00:00,3,1,2
2014-02-27 03:00:00,2,1,1
2014-02-27 04:00:00,0,0,0
2014-02-27 05:00:00,23,14,9
2014-02-27 06:00:00,28,13,15
2014-02-27 07:00:00,117,78,39
2014-02-27 08:00:00,125,93,32
2014-02-27 09:00:00,57,44,13
2014-02-27 10:00:00,26,15,11
2014-02-27 11:00:00,29,10,19
2014-02-27 12:00:00,19,10,9
2014-02-27 13:00:00,26,17,9
2014-02-27 14:00:00,47,22,25
2014-02-27 15:00:00,44,17,27
2014-02-27 16:00:00,108,40,68
2014-02-27 17:00:00,160,41,119
2014-02-27 18:00:00,91,19,72
2014-02-27 19:00:00,27,6,21
2014-02-27 20:00:00,7,0,7
2014-02-27 21:00:00,5,3,2
2014-02-27 22:00:00,6,3,3
2014-02-27 23:00:00,5,2,3
2014-02-28 00:00:00,3,2,1
2014-02-28 01:00:00,0,0,0
2014-02-28 02:00:00,1,0,1
2014-02-28 03:00:00,0,0,0
2014-02-28 04:00:00,0,0,0
2014-02-28 05:00:00,21,13,8
2014-02-28 06:00:00,30,12,18
2014-02-28 07:00:00,102,75,27
2014-02-28 08:00:00,117,88,29
2014-02-28 09:00:00,59,40,19
2014-02-28 10:00:00,28,18,10
2014-02-28 11:00:00,30,16,14
2014-02-28 12:00:00,39,23,16
2014-02-28 13:00:00,41,17,24
2014-02-28 14:00:00,64,27,37
2014-02-28 15:00:00,66,30,36
2014-02-28 16:00:00,120,37,83
2014-02-28 17:00:00,181,67,114
2014-02-28 18:00:00,76,13,63
2014-02-28 19:00:00,21,7,14
2014-02-28 20:00:00,6,1,5
2014-02-28 21:00:00,6,3,3
2014-02-28 22:00:00,1,0,1
2014-02-28 23:00:00,4,1,3
2014-03-01 00:00:00,4,0,4
2014-03-01 01:00:00,1,1,0
2014-03-01 02:00:00,0,0,0
2014-03-01 03:00:00,1,0,1
2014-03-01 04:00:00,0,0,0
2014-03-01 05:00:00,0,0,0
2014-03-01 06:00:00,6,4,2
2014-03-01 07:00:00,18,5,13
2014-03-01 08:00:00,48,10,38
2014-03-01 09:00:00,59,14,45
2014-03-01 10:00:00,58,21,37
2014-03-01 11:00:00,89,30,59
2014-03-01 12:00:00,84,33,51
2014-03-01 13:00:00,75,30,45
2014-03-01 14:00:00,71,46,25
2014-03-01 15:00:00,42,29,13
2014-03-01 16:00:00,35,28,7
2014-03-01 17:00:00,26,23,3
2014-03-01 18:00:00,24,21,3
2014-03-01 19:00:00,2,2,0
2014-03-01 20:00:00,1,0,1
2014-03-01 21:00:00,4,1,3
2014-03-01 22:00:00,4,2,2
2014-03-01 23:00:00,0,0,0
2014-03-02 00:00:00,4,2,2
2014-03-02 01:00:00,1,0,1
2014-03-02 02:00:00,0,0,0
2014-03-02 03:00:00,0,0,0
2014-03-02 04:00:00,0,0,0
2014-03-02 05:00:00,0,0,0
2014-03-02 06:00:00,3,2,1
2014-03-02 07:00:00,2,1,1
2014-03-02 08:00:00,9,2,7
2014-03-02 09:00:00,28,3,25
2014-03-02 10:00:00,29,7,22
2014-03-02 11:00:00,22,5,17
2014-03-02 12:00:00,29,14,15
2014-03-02 13:00:00,17,14,3
2014-03-02 14:00:00,29,23,6
2014-03-02 15:00:00,17,13,4
2014-03-02 16:00:00,18,12,6
2014-03-02 17:00:00,13,9,4
2014-03-02 18:00:00,2,1,1
2014-03-02 19:00:00,2,0,2
2014-03-02 20:00:00,3,1,2
2014-03-02 21:00:00,1,0,1
2014-03-02 22:00:00,0,0,0
2014-03-02 23:00:00,0,0,0
2014-03-03 00:00:00,0,0,0
2014-03-03 01:00:00,0,0,0
2014-03-03 02:00:00,0,0,0
2014-03-03 03:00:00,0,0,0
2014-03-03 04:00:00,0,0,0
2014-03-03 05:00:00,11,5,6
2014-03-03 06:00:00,35,20,15
2014-03-03 07:00:00,78,44,34
2014-03-03 08:00:00,75,55,20
2014-03-03 09:00:00,27,24,3
2014-03-03 10:00:00,11,5,6
2014-03-03 11:00:00,9,7,2
2014-03-03 12:00:00,10,4,6
2014-03-03 13:00:00,17,7,10
2014-03-03 14:00:00,19,5,14
2014-03-03 15:00:00,46,25,21
2014-03-03 16:00:00,75,29,46
2014-03-03 17:00:00,113,37,76
2014-03-03 18:00:00,67,20,47
2014-03-03 19:00:00,12,3,9
2014-03-03 20:00:00,3,0,3
2014-03-03 21:00:00,3,0,3
2014-03-03 22:00:00,0,0,0
2014-03-03 23:00:00,0,0,0
2014-03-04 00:00:00,2,0,2
2014-03-04 01:00:00,0,0,0
2014-03-04 02:00:00,0,0,0
2014-03-04 03:00:00,0,0,0
2014-03-04 04:00:00,0,0,0
2014-03-04 05:00:00,18,12,6
2014-03-04 06:00:00,32,13,19
2014-03-04 07:00:00,119,80,39
2014-03-04 08:00:00,113,90,23
2014-03-04 09:00:00,39,32,7
2014-03-04 10:00:00,18,9,9
2014-03-04 11:00:00,12,7,5
2014-03-04 12:00:00,5,2,3
2014-03-04 13:00:00,12,8,4
2014-03-04 14:00:00,20,10,10
2014-03-04 15:00:00,28,17,11
2014-03-04 16:00:00,68,26,42
2014-03-04 17:00:00,130,34,96
2014-03-04 18:00:00,62,14,48
2014-03-04 19:00:00,21,5,16
2014-03-04 20:00:00,7,0,7
2014-03-04 21:00:00,4,2,2
2014-03-04 22:00:00,1,0,1
2014-03-04 23:00:00,3,1,2
2014-03-05 00:00:00,1,0,1
2014-03-05 01:00:00,0,0,0
2014-03-05 02:00:00,0,0,0
2014-03-05 03:00:00,1,0,1
2014-03-05 04:00:00,0,0,0
2014-03-05 05:00:00,11,6,5
2014-03-05 06:00:00,25,11,14
2014-03-05 07:00:00,81,47,34
2014-03-05 08:00:00,103,80,23
2014-03-05 09:00:00,45,34,11
2014-03-05 10:00:00,15,11,4
2014-03-05 11:00:00,12,7,5
2014-03-05 12:00:00,20,10,10
2014-03-05 13:00:00,34,18,16
2014-03-05 14:00:00,31,14,17
2014-03-05 15:00:00,24,16,8
2014-03-05 16:00:00,59,28,31
2014-03-05 17:00:00,107,23,84
2014-03-05 18:00:00,59,7,52
2014-03-05 19:00:00,20,4,16
2014-03-05 20:00:00,4,0,4
2014-03-05 21:00:00,4,1,3
2014-03-05 22:00:00,0,0,0
2014-03-05 23:00:00,3,1,2
2014-03-06 00:00:00,0,0,0
2014-03-06 01:00:00,0,0,0
2014-03-06 02:00:00,0,0,0
2014-03-06 03:00:00,0,0,0
2014-03-06 04:00:00,0,0,0
2014-03-06 05:00:00,19,10,9
2014-03-06 06:00:00,28,14,14
2014-03-06 07:00:00,62,36,26
2014-03-06 08:00:00,68,49,19
2014-03-06 09:00:00,35,31,4
2014-03-06 10:00:00,15,8,7
2014-03-06 11:00:00,11,5,6
2014-03-06 12:00:00,10,3,7
2014-03-06 13:00:00,14,6,8
2014-03-06 14:00:00,22,9,13
2014-03-06 15:00:00,22,8,14
2014-03-06 16:00:00,46,22,24
2014-03-06 17:00:00,109,37,72
2014-03-06 18:00:00,52,11,41
2014-03-06 19:00:00,20,6,14
2014-03-06 20:00:00,4,0,4
2014-03-06 21:00:00,7,1,6
2014-03-06 22:00:00,6,2,4
2014-03-06 23:00:00,6,6,0
2014-03-07 00:00:00,3,2,1
2014-03-07 01:00:00,4,3,1
2014-03-07 02:00:00,0,0,0
2014-03-07 03:00:00,0,0,0
2014-03-07 04:00:00,0,0,0
2014-03-07 05:00:00,19,9,10
2014-03-07 06:00:00,34,13,21
2014-03-07 07:00:00,97,66,31
2014-03-07 08:00:00,98,75,23
2014-03-07 09:00:00,52,39,13
2014-03-07 10:00:00,32,17,15
2014-03-07 11:00:00,30,11,19
2014-03-07 12:00:00,52,21,31
2014-03-07 13:00:00,52,31,21
2014-03-07 14:00:00,51,23,28
2014-03-07 15:00:00,67,25,42
2014-03-07 16:00:00,110,41,69
2014-03-07 17:00:00,174,63,111
2014-03-07 18:00:00,79,30,49
2014-03-07 19:00:00,25,8,17
2014-03-07 20:00:00,5,0,5
2014-03-07 21:00:00,8,1,7
2014-03-07 22:00:00,3,0,3
2014-03-07 23:00:00,3,1,2
2014-03-08 00:00:00,1,0,1
2014-03-08 01:00:00,0,0,0
2014-03-08 02:00:00,0,0,0
2014-03-08 03:00:00,1,0,1
2014-03-08 04:00:00,0,0,0
2014-03-08 05:00:00,2,2,0
2014-03-08 06:00:00,6,4,2
2014-03-08 07:00:00,11,4,7
2014-03-08 08:00:00,33,18,15
2014-03-08 09:00:00,27,14,13
2014-03-08 10:00:00,45,26,19
2014-03-08 11:00:00,45,26,19
2014-03-08 12:00:00,14,5,9
2014-03-08 13:00:00,16,6,10
2014-03-08 14:00:00,12,4,8
2014-03-08 15:00:00,6,1,5
2014-03-08 16:00:00,9,2,7
2014-03-08 17:00:00,6,1,5
2014-03-08 18:00:00,8,5,3
2014-03-08 19:00:00,2,1,1
2014-03-08 20:00:00,2,0,2
2014-03-08 21:00:00,1,0,1
2014-03-08 22:00:00,1,0,1
2014-03-08 23:00:00,0,0,0
2014-03-09 00:00:00,0,0,0
2014-03-09 01:00:00,2,2,0
2014-03-09 02:00:00,0,0,0
2014-03-09 03:00:00,0,0,0
2014-03-09 04:00:00,0,0,0
2014-03-09 05:00:00,0,0,0
2014-03-09 06:00:00,4,3,1
2014-03-09 07:00:00,1,1,0
2014-03-09 08:00:00,6,3,3
2014-03-09 09:00:00,15,6,9
2014-03-09 10:00:00,32,17,15
2014-03-09 11:00:00,44,25,19
2014-03-09 12:00:00,37,19,18
2014-03-09 13:00:00,53,25,28
2014-03-09 14:00:00,99,42,57
2014-03-09 15:00:00,91,57,34
2014-03-09 16:00:00,65,31,34
2014-03-09 17:00:00,52,24,28
2014-03-09 18:00:00,18,9,9
2014-03-09 19:00:00,10,6,4
2014-03-09 20:00:00,5,3,2
2014-03-09 21:00:00,1,0,1
2014-03-09 22:00:00,2,1,1
2014-03-09 23:00:00,2,1,1
2014-03-10 00:00:00,0,0,0
2014-03-10 01:00:00,2,1,1
2014-03-10 02:00:00,0,0,0
2014-03-10 03:00:00,0,0,0
2014-03-10 04:00:00,0,0,0
2014-03-10 05:00:00,16,8,8
2014-03-10 06:00:00,40,24,16
2014-03-10 07:00:00,65,43,22
2014-03-10 08:00:00,103,84,19
2014-03-10 09:00:00,48,39,9
2014-03-10 10:00:00,24,19,5
2014-03-10 11:00:00,11,4,7
2014-03-10 12:00:00,11,4,7
2014-03-10 13:00:00,15,7,8
2014-03-10 14:00:00,14,8,6
2014-03-10 15:00:00,31,15,16
2014-03-10 16:00:00,72,24,48
2014-03-10 17:00:00,124,35,89
2014-03-10 18:00:00,83,21,62
2014-03-10 19:00:00,32,12,20
2014-03-10 20:00:00,9,0,9
2014-03-10 21:00:00,2,1,1
2014-03-10 22:00:00,3,0,3
2014-03-10 23:00:00,3,1,2
2014-03-11 00:00:00,3,1,2
2014-03-11 01:00:00,0,0,0
2014-03-11 02:00:00,2,1,1
2014-03-11 03:00:00,2,1,1
2014-03-11 04:00:00,0,0,0
2014-03-11 05:00:00,31,18,13
2014-03-11 06:00:00,32,16,16
2014-03-11 07:00:00,105,74,31
2014-03-11 08:00:00,153,121,32
2014-03-11 09:00:00,69,55,14
2014-03-11 10:00:00,47,34,13
2014-03-11 11:00:00,24,10,14
2014-03-11 12:00:00,26,16,10
2014-03-11 13:00:00,48,21,27
2014-03-11 14:00:00,46,20,26
2014-03-11 15:00:00,85,40,45
2014-03-11 16:00:00,127,53,74
2014-03-11 17:00:00,292,100,192
2014-03-11 18:00:00,170,63,107
2014-03-11 19:00:00,65,23,42
2014-03-11 20:00:00,12,6,6
2014-03-11 21:00:00,6,3,3
2014-03-11 22:00:00,5,2,3
2014-03-11 23:00:00,5,2,3
2014-03-12 00:00:00,3,1,2
2014-03-12 01:00:00,2,0,2
2014-03-12 02:00:00,1,0,1
2014-03-12 03:00:00,3,2,1
2014-03-12 04:00:00,0,0,0
2014-03-12 05:00:00,15,10,5
2014-03-12 06:00:00,50,31,19
2014-03-12 07:00:00,127,80,47
2014-03-12 08:00:00,192,143,49
2014-03-12 09:00:00,65,50,15
2014-03-12 10:00:00,40,23,17
2014-03-12 11:00:00,39,19,20
2014-03-12 12:00:00,45,20,25
2014-03-12 13:00:00,62,37,25
2014-03-12 14:00:00,56,18,38
2014-03-12 15:00:00,88,44,44
2014-03-12 16:00:00,191,77,114
2014-03-12 17:00:00,283,89,194
2014-03-12 18:00:00,194,67,127
2014-03-12 19:00:00,81,35,46
2014-03-12 20:00:00,16,4,12
2014-03-12 21:00:00,5,2,3
2014-03-12 22:00:00,4,3,1
2014-03-12 23:00:00,5,1,4
2014-03-13 00:00:00,2,0,2
2014-03-13 01:00:00,1,1,0
2014-03-13 02:00:00,0,0,0
2014-03-13 03:00:00,1,0,1
2014-03-13 04:00:00,1,1,0
2014-03-13 05:00:00,18,12,6
2014-03-13 06:00:00,52,31,21
2014-03-13 07:00:00,99,66,33
2014-03-13 08:00:00,135,108,27
2014-03-13 09:00:00,71,61,10
2014-03-13 10:00:00,26,13,13
2014-03-13 11:00:00,34,15,19
2014-03-13 12:00:00,25,15,10
2014-03-13 13:00:00,41,17,24
2014-03-13 14:00:00,50,25,25
2014-03-13 15:00:00,57,26,31
2014-03-13 16:00:00,112,47,65
2014-03-13 17:00:00,226,60,166
2014-03-13 18:00:00,126,33,93
2014-03-13 19:00:00,47,10,37
2014-03-13 20:00:00,17,1,16
2014-03-13 21:00:00,6,1,5
2014-03-13 22:00:00,4,1,3
2014-03-13 23:00:00,2,0,2
2014-03-14 00:00:00,6,0,6
2014-03-14 01:00:00,4,2,2
2014-03-14 02:00:00,0,0,0
2014-03-14 03:00:00,1,0,1
2014-03-14 04:00:00,0,0,0
2014-03-14 05:00:00,21,14,7
2014-03-14 06:00:00,31,17,14
2014-03-14 07:00:00,69,42,27
2014-03-14 08:00:00,82,60,22
2014-03-14 09:00:00,22,18,4
2014-03-14 10:00:00,23,14,9
2014-03-14 11:00:00,18,9,9
2014-03-14 12:00:00,25,11,14
2014-03-14 13:00:00,24,10,14
2014-03-14 14:00:00,32,18,14
2014-03-14 15:00:00,51,25,26
2014-03-14 16:00:00,83,32,51
2014-03-14 17:00:00,148,41,107
2014-03-14 18:00:00,90,24,66
2014-03-14 19:00:00,43,21,22
2014-03-14 20:00:00,14,7,7
2014-03-14 21:00:00,3,0,3
2014-03-14 22:00:00,2,0,2
2014-03-14 23:00:00,2,1,1
2014-03-15 00:00:00,3,0,3
2014-03-15 01:00:00,5,5,0
2014-03-15 02:00:00,1,0,1
2014-03-15 03:00:00,4,1,3
2014-03-15 04:00:00,2,2,0
2014-03-15 05:00:00,1,0,1
2014-03-15 06:00:00,8,8,0
2014-03-15 07:00:00,13,9,4
2014-03-15 08:00:00,19,7,12
2014-03-15 09:00:00,22,14,8
2014-03-15 10:00:00,32,20,12
2014-03-15 11:00:00,50,25,25
2014-03-15 12:00:00,64,44,20
2014-03-15 13:00:00,53,21,32
2014-03-15 14:00:00,42,23,19
2014-03-15 15:00:00,64,30,34
2014-03-15 16:00:00,52,22,30
2014-03-15 17:00:00,36,13,23
2014-03-15 18:00:00,20,10,10
2014-03-15 19:00:00,9,2,7
2014-03-15 20:00:00,4,1,3
2014-03-15 21:00:00,2,0,2
2014-03-15 22:00:00,2,0,2
2014-03-15 23:00:00,3,1,2
2014-03-16 00:00:00,2,1,1
2014-03-16 01:00:00,1,1,0
2014-03-16 02:00:00,2,1,1
2014-03-16 03:00:00,1,1,0
2014-03-16 04:00:00,0,0,0
2014-03-16 05:00:00,2,1,1
2014-03-16 06:00:00,6,5,1
2014-03-16 07:00:00,3,1,2
2014-03-16 08:00:00,1,0,1
2014-03-16 09:00:00,4,2,2
2014-03-16 10:00:00,5,2,3
2014-03-16 11:00:00,10,7,3
2014-03-16 12:00:00,10,6,4
2014-03-16 13:00:00,8,5,3
2014-03-16 14:00:00,8,4,4
2014-03-16 15:00:00,9,5,4
2014-03-16 16:00:00,4,2,2
2014-03-16 17:00:00,11,5,6
2014-03-16 18:00:00,5,0,5
2014-03-16 19:00:00,2,1,1
2014-03-16 20:00:00,4,1,3
2014-03-16 21:00:00,0,0,0
2014-03-16 22:00:00,0,0,0
2014-03-16 23:00:00,3,1,2
2014-03-17 00:00:00,0,0,0
2014-03-17 01:00:00,4,2,2
2014-03-17 02:00:00,3,2,1
2014-03-17 03:00:00,0,0,0
2014-03-17 04:00:00,3,2,1
2014-03-17 05:00:00,17,8,9
2014-03-17 06:00:00,42,22,20
2014-03-17 07:00:00,90,63,27
2014-03-17 08:00:00,132,100,32
2014-03-17 09:00:00,52,43,9
2014-03-17 10:00:00,33,24,9
2014-03-17 11:00:00,37,13,24
2014-03-17 12:00:00,33,23,10
2014-03-17 13:00:00,23,12,11
2014-03-17 14:00:00,38,18,20
2014-03-17 15:00:00,44,27,17
2014-03-17 16:00:00,78,34,44
2014-03-17 17:00:00,187,50,137
2014-03-17 18:00:00,126,36,90
2014-03-17 19:00:00,37,10,27
2014-03-17 20:00:00,11,5,6
2014-03-17 21:00:00,3,0,3
2014-03-17 22:00:00,7,2,5
2014-03-17 23:00:00,2,0,2
2014-03-18 00:00:00,4,1,3
2014-03-18 01:00:00,1,1,0
2014-03-18 02:00:00,5,2,3
2014-03-18 03:00:00,2,1,1
2014-03-18 04:00:00,0,0,0
2014-03-18 05:00:00,17,12,5
2014-03-18 06:00:00,41,24,17
2014-03-18 07:00:00,129,85,44
2014-03-18 08:00:00,150,117,33
2014-03-18 09:00:00,58,47,11
2014-03-18 10:00:00,37,30,7
2014-03-18 11:00:00,30,14,16
2014-03-18 12:00:00,15,8,7
2014-03-18 13:00:00,24,15,9
2014-03-18 14:00:00,31,19,12
2014-03-18 15:00:00,43,18,25
2014-03-18 16:00:00,88,27,61
2014-03-18 17:00:00,193,42,151
2014-03-18 18:00:00,114,29,85
2014-03-18 19:00:00,45,14,31
2014-03-18 20:00:00,14,5,9
2014-03-18 21:00:00,12,2,10
2014-03-18 22:00:00,3,3,0
2014-03-18 23:00:00,7,3,4
2014-03-19 00:00:00,3,2,1
2014-03-19 01:00:00,5,3,2
2014-03-19 02:00:00,2,1,1
2014-03-19 03:00:00,1,0,1
2014-03-19 04:00:00,0,0,0
2014-03-19 05:00:00,16,10,6
2014-03-19 06:00:00,41,25,16
2014-03-19 07:00:00,85,57,28
2014-03-19 08:00:00,100,68,32
2014-03-19 09:00:00,57,40,17
2014-03-19 10:00:00,18,12,6
2014-03-19 11:00:00,8,4,4
2014-03-19 12:00:00,10,7,3
2014-03-19 13:00:00,10,6,4
2014-03-19 14:00:00,24,13,11
2014-03-19 15:00:00,31,15,16
2014-03-19 16:00:00,83,36,47
2014-03-19 17:00:00,135,26,109
2014-03-19 18:00:00,84,18,66
2014-03-19 19:00:00,38,15,23
2014-03-19 20:00:00,7,4,3
2014-03-19 21:00:00,2,0,2
2014-03-19 22:00:00,1,1,0
2014-03-19 23:00:00,7,2,5
2014-03-20 00:00:00,0,0,0
2014-03-20 01:00:00,0,0,0
2014-03-20 02:00:00,4,1,3
2014-03-20 03:00:00,2,1,1
2014-03-20 04:00:00,0,0,0
2014-03-20 05:00:00,17,11,6
2014-03-20 06:00:00,36,23,13
2014-03-20 07:00:00,96,63,33
2014-03-20 08:00:00,145,109,36
2014-03-20 09:00:00,66,55,11
2014-03-20 10:00:00,21,16,5
2014-03-20 11:00:00,14,5,9
2014-03-20 12:00:00,22,10,12
2014-03-20 13:00:00,28,13,15
2014-03-20 14:00:00,50,24,26
2014-03-20 15:00:00,76,40,36
2014-03-20 16:00:00,103,53,50
2014-03-20 17:00:00,193,45,148
2014-03-20 18:00:00,107,28,79
2014-03-20 19:00:00,51,19,32
2014-03-20 20:00:00,23,6,17
2014-03-20 21:00:00,2,1,1
2014-03-20 22:00:00,3,2,1
2014-03-20 23:00:00,0,0,0
2014-03-21 00:00:00,5,0,5
2014-03-21 01:00:00,0,0,0
2014-03-21 02:00:00,0,0,0
2014-03-21 03:00:00,1,1,0
2014-03-21 04:00:00,0,0,0
2014-03-21 05:00:00,22,14,8
2014-03-21 06:00:00,37,23,14
2014-03-21 07:00:00,99,66,33
2014-03-21 08:00:00,121,87,34
2014-03-21 09:00:00,62,51,11
2014-03-21 10:00:00,28,16,12
2014-03-21 11:00:00,27,15,12
2014-03-21 12:00:00,40,13,27
2014-03-21 13:00:00,48,24,24
2014-03-21 14:00:00,45,22,23
2014-03-21 15:00:00,52,26,26
2014-03-21 16:00:00,122,49,73
2014-03-21 17:00:00,182,52,130
2014-03-21 18:00:00,125,37,88
2014-03-21 19:00:00,46,18,28
2014-03-21 20:00:00,13,6,7
2014-03-21 21:00:00,3,0,3
2014-03-21 22:00:00,4,1,3
2014-03-21 23:00:00,3,0,3
2014-03-22 00:00:00,2,0,2
2014-03-22 01:00:00,4,0,4
2014-03-22 02:00:00,0,0,0
2014-03-22 03:00:00,0,0,0
2014-03-22 04:00:00,0,0,0
2014-03-22 05:00:00,5,3,2
2014-03-22 06:00:00,4,4,0
2014-03-22 07:00:00,17,7,10
2014-03-22 08:00:00,24,16,8
2014-03-22 09:00:00,27,14,13
2014-03-22 10:00:00,66,33,33
2014-03-22 11:00:00,73,34,39
2014-03-22 12:00:00,50,29,21
2014-03-22 13:00:00,49,26,23
2014-03-22 14:00:00,71,27,44
2014-03-22 15:00:00,69,37,32
2014-03-22 16:00:00,65,34,31
2014-03-22 17:00:00,60,27,33
2014-03-22 18:00:00,34,17,17
2014-03-22 19:00:00,14,7,7
2014-03-22 20:00:00,18,5,13
2014-03-22 21:00:00,7,2,5
2014-03-22 22:00:00,15,8,7
2014-03-22 23:00:00,2,0,2
2014-03-23 00:00:00,1,1,0
2014-03-23 01:00:00,2,0,2
2014-03-23 02:00:00,2,0,2
2014-03-23 03:00:00,0,0,0
2014-03-23 04:00:00,0,0,0
2014-03-23 05:00:00,0,0,0
2014-03-23 06:00:00,3,3,0
2014-03-23 07:00:00,6,3,3
2014-03-23 08:00:00,11,7,4
2014-03-23 09:00:00,38,21,17
2014-03-23 10:00:00,62,45,17
2014-03-23 11:00:00,98,46,52
2014-03-23 12:00:00,102,47,55
2014-03-23 13:00:00,148,78,70
2014-03-23 14:00:00,146,70,76
2014-03-23 15:00:00,120,54,66
2014-03-23 16:00:00,137,73,64
2014-03-23 17:00:00,88,38,50
2014-03-23 18:00:00,45,20,25
2014-03-23 19:00:00,42,18,24
2014-03-23 20:00:00,10,6,4
2014-03-23 21:00:00,2,0,2
2014-03-23 22:00:00,4,1,3
2014-03-23 23:00:00,2,1,1
2014-03-24 00:00:00,4,0,4
2014-03-24 01:00:00,1,0,1
2014-03-24 02:00:00,2,1,1
2014-03-24 03:00:00,0,0,0
2014-03-24 04:00:00,2,1,1
2014-03-24 05:00:00,17,11,6
2014-03-24 06:00:00,42,27,15
2014-03-24 07:00:00,127,84,43
2014-03-24 08:00:00,142,114,28
2014-03-24 09:00:00,74,56,18
2014-03-24 10:00:00,38,24,14
2014-03-24 11:00:00,30,18,12
2014-03-24 12:00:00,43,29,14
2014-03-24 13:00:00,58,28,30
2014-03-24 14:00:00,61,34,27
2014-03-24 15:00:00,89,36,53
2014-03-24 16:00:00,177,74,103
2014-03-24 17:00:00,257,80,177
2014-03-24 18:00:00,173,49,124
2014-03-24 19:00:00,62,28,34
2014-03-24 20:00:00,31,17,14
2014-03-24 21:00:00,4,1,3
2014-03-24 22:00:00,5,3,2
2014-03-24 23:00:00,6,2,4
2014-03-25 00:00:00,0,0,0
2014-03-25 01:00:00,3,0,3
2014-03-25 02:00:00,3,1,2
2014-03-25 03:00:00,2,1,1
2014-03-25 04:00:00,0,0,0
2014-03-25 05:00:00,21,11,10
2014-03-25 06:00:00,37,28,9
2014-03-25 07:00:00,104,67,37
2014-03-25 08:00:00,108,81,27
2014-03-25 09:00:00,55,42,13
2014-03-25 10:00:00,7,5,2
2014-03-25 11:00:00,16,8,8
2014-03-25 12:00:00,13,8,5
2014-03-25 13:00:00,9,7,2
2014-03-25 14:00:00,17,8,9
2014-03-25 15:00:00,36,21,15
2014-03-25 16:00:00,62,24,38
2014-03-25 17:00:00,146,36,110
2014-03-25 18:00:00,72,11,61
2014-03-25 19:00:00,42,13,29
2014-03-25 20:00:00,2,1,1
2014-03-25 21:00:00,5,0,5
2014-03-25 22:00:00,2,0,2
2014-03-25 23:00:00,3,2,1
2014-03-26 00:00:00,2,1,1
2014-03-26 01:00:00,3,0,3
2014-03-26 02:00:00,1,0,1
2014-03-26 03:00:00,2,1,1
2014-03-26 04:00:00,1,1,0
2014-03-26 05:00:00,17,7,10
2014-03-26 06:00:00,46,22,24
2014-03-26 07:00:00,107,63,44
2014-03-26 08:00:00,122,91,31
2014-03-26 09:00:00,56,43,13
2014-03-26 10:00:00,22,12,10
2014-03-26 11:00:00,11,8,3
2014-03-26 12:00:00,12,5,7
2014-03-26 13:00:00,13,7,6
2014-03-26 14:00:00,26,13,13
2014-03-26 15:00:00,28,14,14
2014-03-26 16:00:00,74,29,45
2014-03-26 17:00:00,141,34,107
2014-03-26 18:00:00,69,11,58
2014-03-26 19:00:00,34,11,23
2014-03-26 20:00:00,6,2,4
2014-03-26 21:00:00,2,1,1
2014-03-26 22:00:00,8,1,7
2014-03-26 23:00:00,3,1,2
2014-03-27 00:00:00,1,1,0
2014-03-27 01:00:00,0,0,0
2014-03-27 02:00:00,5,1,4
2014-03-27 03:00:00,3,2,1
2014-03-27 04:00:00,0,0,0
2014-03-27 05:00:00,27,17,10
2014-03-27 06:00:00,39,28,11
2014-03-27 07:00:00,95,57,38
2014-03-27 08:00:00,94,74,20
2014-03-27 09:00:00,51,42,9
2014-03-27 10:00:00,20,14,6
2014-03-27 11:00:00,16,8,8
2014-03-27 12:00:00,16,8,8
2014-03-27 13:00:00,31,11,20
2014-03-27 14:00:00,46,28,18
2014-03-27 15:00:00,41,24,17
2014-03-27 16:00:00,82,35,47
2014-03-27 17:00:00,171,57,114
2014-03-27 18:00:00,101,26,75
2014-03-27 19:00:00,47,18,29
2014-03-27 20:00:00,17,4,13
2014-03-27 21:00:00,7,0,7
2014-03-27 22:00:00,3,0,3
2014-03-27 23:00:00,3,0,3
2014-03-28 00:00:00,2,0,2
2014-03-28 01:00:00,3,0,3
2014-03-28 02:00:00,0,0,0
2014-03-28 03:00:00,0,0,0
2014-03-28 04:00:00,0,0,0
2014-03-28 05:00:00,24,16,8
2014-03-28 06:00:00,23,17,6
2014-03-28 07:00:00,64,44,20
2014-03-28 08:00:00,72,51,21
2014-03-28 09:00:00,33,27,6
2014-03-28 10:00:00,13,10,3
2014-03-28 11:00:00,4,1,3
2014-03-28 12:00:00,12,8,4
2014-03-28 13:00:00,6,4,2
2014-03-28 14:00:00,10,4,6
2014-03-28 15:00:00,24,12,12
2014-03-28 16:00:00,47,18,29
2014-03-28 17:00:00,106,26,80
2014-03-28 18:00:00,55,8,47
2014-03-28 19:00:00,30,11,19
2014-03-28 20:00:00,13,4,9
2014-03-28 21:00:00,7,5,2
2014-03-28 22:00:00,3,0,3
2014-03-28 23:00:00,0,0,0
2014-03-29 00:00:00,3,0,3
2014-03-29 01:00:00,1,0,1
2014-03-29 02:00:00,2,1,1
2014-03-29 03:00:00,0,0,0
2014-03-29 04:00:00,0,0,0
2014-03-29 05:00:00,0,0,0
2014-03-29 06:00:00,5,3,2
2014-03-29 07:00:00,5,2,3
2014-03-29 08:00:00,8,4,4
2014-03-29 09:00:00,5,3,2
2014-03-29 10:00:00,10,5,5
2014-03-29 11:00:00,24,12,12
2014-03-29 12:00:00,7,2,5
2014-03-29 13:00:00,19,13,6
2014-03-29 14:00:00,15,7,8
2014-03-29 15:00:00,17,6,11
2014-03-29 16:00:00,15,8,7
2014-03-29 17:00:00,14,6,8
2014-03-29 18:00:00,8,5,3
2014-03-29 19:00:00,5,1,4
2014-03-29 20:00:00,2,0,2
2014-03-29 21:00:00,1,0,1
2014-03-29 22:00:00,0,0,0
2014-03-29 23:00:00,6,2,4
2014-03-30 00:00:00,2,0,2
2014-03-30 01:00:00,0,0,0
2014-03-30 02:00:00,0,0,0
2014-03-30 03:00:00,0,0,0
2014-03-30 04:00:00,0,0,0
2014-03-30 05:00:00,0,0,0
2014-03-30 06:00:00,3,3,0
2014-03-30 07:00:00,6,2,4
2014-03-30 08:00:00,17,9,8
2014-03-30 09:00:00,25,15,10
2014-03-30 10:00:00,32,9,23
2014-03-30 11:00:00,46,27,19
2014-03-30 12:00:00,58,28,30
2014-03-30 13:00:00,54,26,28
2014-03-30 14:00:00,83,40,43
2014-03-30 15:00:00,90,44,46
2014-03-30 16:00:00,74,29,45
2014-03-30 17:00:00,49,25,24
2014-03-30 18:00:00,17,5,12
2014-03-30 19:00:00,28,11,17
2014-03-30 20:00:00,14,4,10
2014-03-30 21:00:00,4,1,3
2014-03-30 22:00:00,3,2,1
2014-03-30 23:00:00,3,2,1
2014-03-31 00:00:00,0,0,0
2014-03-31 01:00:00,1,0,1
2014-03-31 02:00:00,3,2,1
2014-03-31 03:00:00,0,0,0
2014-03-31 04:00:00,3,1,2
2014-03-31 05:00:00,18,9,9
2014-03-31 06:00:00,51,27,24
2014-03-31 07:00:00,121,88,33
2014-03-31 08:00:00,130,109,21
2014-03-31 09:00:00,68,52,16
2014-03-31 10:00:00,38,22,16
2014-03-31 11:00:00,32,15,17
2014-03-31 12:00:00,30,13,17
2014-03-31 13:00:00,55,26,29
2014-03-31 14:00:00,39,26,13
2014-03-31 15:00:00,71,35,36
2014-03-31 16:00:00,116,43,73
2014-03-31 17:00:00,229,64,165
2014-03-31 18:00:00,160,47,113
2014-03-31 19:00:00,51,17,34
2014-03-31 20:00:00,16,8,8
2014-03-31 21:00:00,6,1,5
2014-03-31 22:00:00,4,2,2
2014-03-31 23:00:00,2,0,2
2014-04-01 00:00:00,2,1,1
2014-04-01 01:00:00,4,1,3
2014-04-01 02:00:00,4,1,3
2014-04-01 03:00:00,0,0,0
2014-04-01 04:00:00,2,2,0
2014-04-01 05:00:00,23,16,7
2014-04-01 06:00:00,34,19,15
2014-04-01 07:00:00,164,137,27
2014-04-01 08:00:00,159,133,26
2014-04-01 09:00:00,67,46,21
2014-04-01 10:00:00,27,20,7
2014-04-01 11:00:00,22,12,10
2014-04-01 12:00:00,29,16,13
2014-04-01 13:00:00,42,21,21
2014-04-01 14:00:00,81,35,46
2014-04-01 15:00:00,156,35,121
2014-04-01 16:00:00,270,70,200
2014-04-01 17:00:00,216,73,143
2014-04-01 18:00:00,89,34,55
2014-04-01 19:00:00,28,7,21
2014-04-01 20:00:00,13,5,8
2014-04-01 21:00:00,10,2,8
2014-04-01 22:00:00,10,2,8
2014-04-01 23:00:00,3,0,3
2014-04-02 00:00:00,2,1,1
2014-04-02 01:00:00,2,1,1
2014-04-02 02:00:00,0,0,0
2014-04-02 03:00:00,0,0,0
2014-04-02 04:00:00,22,13,9
2014-04-02 05:00:00,41,28,13
2014-04-02 06:00:00,125,88,37
2014-04-02 07:00:00,152,117,35
2014-04-02 08:00:00,70,62,8
2014-04-02 09:00:00,37,23,14
2014-04-02 10:00:00,19,11,8
2014-04-02 11:00:00,24,15,9
2014-04-02 12:00:00,30,14,16
2014-04-02 13:00:00,50,25,25
2014-04-02 14:00:00,69,33,36
2014-04-02 15:00:00,135,43,92
2014-04-02 16:00:00,256,69,187
2014-04-02 17:00:00,170,58,112
2014-04-02 18:00:00,68,23,45
2014-04-02 19:00:00,35,15,20
2014-04-02 20:00:00,8,2,6
2014-04-02 21:00:00,11,1,10
2014-04-02 22:00:00,6,3,3
2014-04-02 23:00:00,1,0,1
2014-04-03 00:00:00,2,1,1
2014-04-03 01:00:00,2,0,2
2014-04-03 02:00:00,0,0,0
2014-04-03 03:00:00,2,1,1
2014-04-03 04:00:00,22,13,9
2014-04-03 05:00:00,32,23,9
2014-04-03 06:00:00,121,79,42
2014-04-03 07:00:00,115,96,19
2014-04-03 08:00:00,86,68,18
2014-04-03 09:00:00,41,17,24
2014-04-03 10:00:00,25,11,14
2014-04-03 11:00:00,17,9,8
2014-04-03 12:00:00,29,17,12
2014-04-03 13:00:00,24,10,14
2014-04-03 14:00:00,27,11,16
2014-04-03 15:00:00,66,28,38
2014-04-03 16:00:00,143,28,115
2014-04-03 17:00:00,79,14,65
2014-04-03 18:00:00,27,2,25
2014-04-03 19:00:00,9,1,8
2014-04-03 20:00:00,6,2,4
2014-04-03 21:00:00,6,1,5
2014-04-03 22:00:00,0,0,0
2014-04-03 23:00:00,1,1,0
2014-04-04 00:00:00,0,0,0
2014-04-04 01:00:00,4,1,3
2014-04-04 02:00:00,0,0,0
2014-04-04 03:00:00,0,0,0
2014-04-04 04:00:00,20,11,9
2014-04-04 05:00:00,25,16,9
2014-04-04 06:00:00,80,62,18
2014-04-04 07:00:00,112,92,20
2014-04-04 08:00:00,51,39,12
2014-04-04 09:00:00,29,20,9
2014-04-04 10:00:00,15,11,4
2014-04-04 11:00:00,25,12,13
2014-04-04 12:00:00,30,13,17
2014-04-04 13:00:00,44,19,25
2014-04-04 14:00:00,71,27,44
2014-04-04 15:00:00,96,30,66
2014-04-04 16:00:00,168,48,120
2014-04-04 17:00:00,101,26,75
2014-04-04 18:00:00,43,20,23
2014-04-04 19:00:00,15,9,6
2014-04-04 20:00:00,6,4,2
2014-04-04 21:00:00,7,0,7
2014-04-04 22:00:00,3,0,3
2014-04-04 23:00:00,2,1,1
2014-04-05 00:00:00,4,2,2
2014-04-05 01:00:00,5,5,0
2014-04-05 02:00:00,1,0,1
2014-04-05 03:00:00,0,0,0
2014-04-05 04:00:00,1,0,1
2014-04-05 05:00:00,8,6,2
2014-04-05 06:00:00,17,11,6
2014-04-05 07:00:00,20,11,9
2014-04-05 08:00:00,43,16,27
2014-04-05 09:00:00,43,24,19
2014-04-05 10:00:00,33,21,12
2014-04-05 11:00:00,40,17,23
2014-04-05 12:00:00,24,16,8
2014-04-05 13:00:00,15,3,12
2014-04-05 14:00:00,5,1,4
2014-04-05 15:00:00,19,7,12
2014-04-05 16:00:00,9,4,5
2014-04-05 17:00:00,11,3,8
2014-04-05 18:00:00,12,5,7
2014-04-05 19:00:00,5,4,1
2014-04-05 20:00:00,1,0,1
2014-04-05 21:00:00,3,1,2
2014-04-05 22:00:00,3,1,2
2014-04-05 23:00:00,0,0,0
2014-04-06 00:00:00,2,1,1
2014-04-06 01:00:00,2,0,2
2014-04-06 02:00:00,0,0,0
2014-04-06 03:00:00,3,2,1
2014-04-06 04:00:00,5,3,2
2014-04-06 05:00:00,4,3,1
2014-04-06 06:00:00,7,2,5
2014-04-06 07:00:00,21,13,8
2014-04-06 08:00:00,26,15,11
2014-04-06 09:00:00,29,11,18
2014-04-06 10:00:00,65,29,36
2014-04-06 11:00:00,69,28,41
2014-04-06 12:00:00,91,48,43
2014-04-06 13:00:00,104,39,65
2014-04-06 14:00:00,73,36,37
2014-04-06 15:00:00,67,26,41
2014-04-06 16:00:00,52,26,26
2014-04-06 17:00:00,36,8,28
2014-04-06 18:00:00,31,24,7
2014-04-06 19:00:00,9,2,7
2014-04-06 20:00:00,3,0,3
2014-04-06 21:00:00,4,2,2
2014-04-06 22:00:00,3,0,3
2014-04-06 23:00:00,1,0,1
2014-04-07 00:00:00,2,1,1
2014-04-07 01:00:00,1,1,0
2014-04-07 02:00:00,2,1,1
2014-04-07 03:00:00,1,0,1
2014-04-07 04:00:00,34,18,16
2014-04-07 05:00:00,39,27,12
2014-04-07 06:00:00,152,111,41
2014-04-07 07:00:00,177,139,38
2014-04-07 08:00:00,79,64,15
2014-04-07 09:00:00,39,27,12
2014-04-07 10:00:00,50,26,24
2014-04-07 11:00:00,60,34,26
2014-04-07 12:00:00,55,21,34
2014-04-07 13:00:00,93,52,41
2014-04-07 14:00:00,131,64,67
2014-04-07 15:00:00,209,82,127
2014-04-07 16:00:00,375,113,262
2014-04-07 17:00:00,235,86,149
2014-04-07 18:00:00,118,61,57
2014-04-07 19:00:00,42,25,17
2014-04-07 20:00:00,14,2,12
2014-04-07 21:00:00,6,3,3
2014-04-07 22:00:00,4,2,2
2014-04-07 23:00:00,4,1,3
2014-04-08 00:00:00,2,2,0
2014-04-08 01:00:00,1,0,1
2014-04-08 02:00:00,0,0,0
2014-04-08 03:00:00,3,1,2
2014-04-08 04:00:00,22,14,8
2014-04-08 05:00:00,41,23,18
2014-04-08 06:00:00,146,94,52
2014-04-08 07:00:00,145,111,34
2014-04-08 08:00:00,63,57,6
2014-04-08 09:00:00,26,19,7
2014-04-08 10:00:00,17,9,8
2014-04-08 11:00:00,25,13,12
2014-04-08 12:00:00,23,10,13
2014-04-08 13:00:00,43,21,22
2014-04-08 14:00:00,32,12,20
2014-04-08 15:00:00,74,25,49
2014-04-08 16:00:00,140,33,107
2014-04-08 17:00:00,74,19,55
2014-04-08 18:00:00,27,8,19
2014-04-08 19:00:00,9,0,9
2014-04-08 20:00:00,5,1,4
2014-04-08 21:00:00,8,1,7
2014-04-08 22:00:00,1,0,1
2014-04-08 23:00:00,3,0,3
2014-04-09 00:00:00,3,1,2
2014-04-09 01:00:00,3,1,2
2014-04-09 02:00:00,1,0,1
2014-04-09 03:00:00,0,0,0
2014-04-09 04:00:00,18,12,6
2014-04-09 05:00:00,54,36,18
2014-04-09 06:00:00,128,89,39
2014-04-09 07:00:00,143,111,32
2014-04-09 08:00:00,71,53,18
2014-04-09 09:00:00,42,30,12
2014-04-09 10:00:00,39,23,16
2014-04-09 11:00:00,40,23,17
2014-04-09 12:00:00,38,22,16
2014-04-09 13:00:00,45,18,27
2014-04-09 14:00:00,70,28,42
2014-04-09 15:00:00,142,50,92
2014-04-09 16:00:00,248,73,175
2014-04-09 17:00:00,168,59,109
2014-04-09 18:00:00,75,22,53
2014-04-09 19:00:00,29,9,20
2014-04-09 20:00:00,10,2,8
2014-04-09 21:00:00,7,1,6
2014-04-09 22:00:00,4,0,4
2014-04-09 23:00:00,1,0,1
2014-04-10 00:00:00,2,1,1
2014-04-10 01:00:00,1,0,1
2014-04-10 02:00:00,0,0,0
2014-04-10 03:00:00,1,0,1
2014-04-10 04:00:00,25,15,10
2014-04-10 05:00:00,49,33,16
2014-04-10 06:00:00,138,96,42
2014-04-10 07:00:00,144,108,36
2014-04-10 08:00:00,73,55,18
2014-04-10 09:00:00,34,19,15
2014-04-10 10:00:00,27,13,14
2014-04-10 11:00:00,38,24,14
2014-04-10 12:00:00,55,32,23
2014-04-10 13:00:00,42,20,22
2014-04-10 14:00:00,57,28,29
2014-04-10 15:00:00,141,48,93
2014-04-10 16:00:00,234,64,170
2014-04-10 17:00:00,161,58,103
2014-04-10 18:00:00,95,34,61
2014-04-10 19:00:00,19,9,10
2014-04-10 20:00:00,5,0,5
2014-04-10 21:00:00,5,3,2
2014-04-10 22:00:00,2,0,2
2014-04-10 23:00:00,6,2,4
2014-04-11 00:00:00,1,0,1
2014-04-11 01:00:00,4,0,4
2014-04-11 02:00:00,0,0,0
2014-04-11 03:00:00,1,0,1
2014-04-11 04:00:00,26,17,9
2014-04-11 05:00:00,39,26,13
2014-04-11 06:00:00,118,83,35
2014-04-11 07:00:00,134,96,38
2014-04-11 08:00:00,68,50,18
2014-04-11 09:00:00,42,18,24
2014-04-11 10:00:00,47,19,28
2014-04-11 11:00:00,46,28,18
2014-04-11 12:00:00,65,23,42
2014-04-11 13:00:00,66,25,41
2014-04-11 14:00:00,78,40,38
2014-04-11 15:00:00,166,62,104
2014-04-11 16:00:00,204,70,134
2014-04-11 17:00:00,131,37,94
2014-04-11 18:00:00,73,34,39
2014-04-11 19:00:00,20,10,10
2014-04-11 20:00:00,6,0,6
2014-04-11 21:00:00,15,2,13
2014-04-11 22:00:00,4,2,2
2014-04-11 23:00:00,6,4,2
2014-04-12 00:00:00,4,3,1
2014-04-12 01:00:00,0,0,0
2014-04-12 02:00:00,2,0,2
2014-04-12 03:00:00,1,0,1
2014-04-12 04:00:00,4,3,1
2014-04-12 05:00:00,11,8,3
2014-04-12 06:00:00,19,13,6
2014-04-12 07:00:00,31,22,9
2014-04-12 08:00:00,29,13,16
2014-04-12 09:00:00,57,28,29
2014-04-12 10:00:00,70,42,28
2014-04-12 11:00:00,96,44,52
2014-04-12 12:00:00,93,50,43
2014-04-12 13:00:00,139,77,62
2014-04-12 14:00:00,112,54,58
2014-04-12 15:00:00,105,49,56
2014-04-12 16:00:00,88,51,37
2014-04-12 17:00:00,65,36,29
2014-04-12 18:00:00,53,26,27
2014-04-12 19:00:00,23,8,15
2014-04-12 20:00:00,13,4,9
2014-04-12 21:00:00,7,0,7
2014-04-12 22:00:00,5,1,4
2014-04-12 23:00:00,4,1,3
2014-04-13 00:00:00,1,0,1
2014-04-13 01:00:00,4,0,4
2014-04-13 02:00:00,3,0,3
2014-04-13 03:00:00,1,0,1
2014-04-13 04:00:00,3,2,1
2014-04-13 05:00:00,7,6,1
2014-04-13 06:00:00,7,4,3
2014-04-13 07:00:00,29,15,14
2014-04-13 08:00:00,50,18,32
2014-04-13 09:00:00,171,82,89
2014-04-13 10:00:00,120,57,63
2014-04-13 11:00:00,169,76,93
2014-04-13 12:00:00,197,89,108
2014-04-13 13:00:00,211,100,111
2014-04-13 14:00:00,231,121,110
2014-04-13 15:00:00,190,98,92
2014-04-13 16:00:00,139,71,68
2014-04-13 17:00:00,104,63,41
2014-04-13 18:00:00,58,29,29
2014-04-13 19:00:00,29,12,17
2014-04-13 20:00:00,6,3,3
2014-04-13 21:00:00,8,2,6
2014-04-13 22:00:00,5,1,4
2014-04-13 23:00:00,3,1,2
2014-04-14 00:00:00,1,0,1
2014-04-14 01:00:00,1,1,0
2014-04-14 02:00:00,2,1,1
2014-04-14 03:00:00,1,0,1
2014-04-14 04:00:00,22,12,10
2014-04-14 05:00:00,53,33,20
2014-04-14 06:00:00,147,103,44
2014-04-14 07:00:00,181,139,42
2014-04-14 08:00:00,75,59,16
2014-04-14 09:00:00,45,25,20
2014-04-14 10:00:00,49,27,22
2014-04-14 11:00:00,42,21,21
2014-04-14 12:00:00,70,40,30
2014-04-14 13:00:00,48,24,24
2014-04-14 14:00:00,94,40,54
2014-04-14 15:00:00,150,61,89
2014-04-14 16:00:00,299,72,227
2014-04-14 17:00:00,161,51,110
2014-04-14 18:00:00,89,30,59
2014-04-14 19:00:00,25,9,16
2014-04-14 20:00:00,6,2,4
2014-04-14 21:00:00,2,1,1
2014-04-14 22:00:00,0,0,0
2014-04-14 23:00:00,3,1,2
2014-04-15 00:00:00,3,1,2
2014-04-15 01:00:00,4,1,3
2014-04-15 02:00:00,3,1,2
2014-04-15 03:00:00,1,1,0
2014-04-15 04:00:00,21,13,8
2014-04-15 05:00:00,31,22,9
2014-04-15 06:00:00,145,92,53
2014-04-15 07:00:00,127,95,32
2014-04-15 08:00:00,58,49,9
2014-04-15 09:00:00,46,31,15
2014-04-15 10:00:00,39,23,16
2014-04-15 11:00:00,34,16,18
2014-04-15 12:00:00,30,14,16
2014-04-15 13:00:00,54,20,34
2014-04-15 14:00:00,49,27,22
2014-04-15 15:00:00,105,45,60
2014-04-15 16:00:00,203,55,148
2014-04-15 17:00:00,110,29,81
2014-04-15 18:00:00,61,19,42
2014-04-15 19:00:00,14,7,7
2014-04-15 20:00:00,6,1,5
2014-04-15 21:00:00,2,0,2
2014-04-15 22:00:00,1,0,1
2014-04-15 23:00:00,0,0,0
2014-04-16 00:00:00,1,0,1
2014-04-16 01:00:00,0,0,0
2014-04-16 02:00:00,0,0,0
2014-04-16 03:00:00,0,0,0
2014-04-16 04:00:00,17,12,5
2014-04-16 05:00:00,37,23,14
2014-04-16 06:00:00,90,61,29
2014-04-16 07:00:00,81,65,16
2014-04-16 08:00:00,42,32,10
2014-04-16 09:00:00,19,13,6
2014-04-16 10:00:00,13,8,5
2014-04-16 11:00:00,6,3,3
2014-04-16 12:00:00,14,9,5
2014-04-16 13:00:00,10,3,7
2014-04-16 14:00:00,35,11,24
2014-04-16 15:00:00,61,24,37
2014-04-16 16:00:00,119,26,93
2014-04-16 17:00:00,66,14,52
2014-04-16 18:00:00,31,6,25
2014-04-16 19:00:00,12,4,8
2014-04-16 20:00:00,4,0,4
2014-04-16 21:00:00,0,0,0
2014-04-16 22:00:00,0,0,0
2014-04-16 23:00:00,3,0,3
2014-04-17 00:00:00,1,0,1
2014-04-17 01:00:00,0,0,0
2014-04-17 02:00:00,0,0,0
2014-04-17 03:00:00,0,0,0
2014-04-17 04:00:00,16,10,6
2014-04-17 05:00:00,26,17,9
2014-04-17 06:00:00,86,54,32
2014-04-17 07:00:00,63,46,17
2014-04-17 08:00:00,36,25,11
2014-04-17 09:00:00,13,6,7
2014-04-17 10:00:00,10,6,4
2014-04-17 11:00:00,6,4,2
2014-04-17 12:00:00,7,1,6
2014-04-17 13:00:00,14,8,6
2014-04-17 14:00:00,16,7,9
2014-04-17 15:00:00,39,22,17
2014-04-17 16:00:00,95,28,67
2014-04-17 17:00:00,56,8,48
2014-04-17 18:00:00,18,4,14
2014-04-17 19:00:00,8,3,5
2014-04-17 20:00:00,1,0,1
2014-04-17 21:00:00,5,2,3
2014-04-17 22:00:00,3,0,3
2014-04-17 23:00:00,0,0,0
2014-04-18 00:00:00,0,0,0
2014-04-18 01:00:00,0,0,0
2014-04-18 02:00:00,0,0,0
2014-04-18 03:00:00,1,0,1
2014-04-18 04:00:00,19,11,8
2014-04-18 05:00:00,30,16,14
2014-04-18 06:00:00,100,62,38
2014-04-18 07:00:00,117,87,30
2014-04-18 08:00:00,69,48,21
2014-04-18 09:00:00,28,15,13
2014-04-18 10:00:00,33,17,16
2014-04-18 11:00:00,52,23,29
2014-04-18 12:00:00,48,21,27
2014-04-18 13:00:00,66,35,31
2014-04-18 14:00:00,69,28,41
2014-04-18 15:00:00,123,56,67
2014-04-18 16:00:00,180,57,123
2014-04-18 17:00:00,116,37,79
2014-04-18 18:00:00,47,21,26
2014-04-18 19:00:00,31,17,14
2014-04-18 20:00:00,4,1,3
2014-04-18 21:00:00,3,1,2
2014-04-18 22:00:00,4,0,4
2014-04-18 23:00:00,4,1,3
2014-04-19 00:00:00,1,0,1
2014-04-19 01:00:00,2,0,2
2014-04-19 02:00:00,2,0,2
2014-04-19 03:00:00,0,0,0
2014-04-19 04:00:00,1,0,1
2014-04-19 05:00:00,5,4,1
2014-04-19 06:00:00,19,11,8
2014-04-19 07:00:00,31,9,22
2014-04-19 08:00:00,51,38,13
2014-04-19 09:00:00,62,35,27
2014-04-19 10:00:00,24,9,15
2014-04-19 11:00:00,28,8,20
2014-04-19 12:00:00,14,6,8
2014-04-19 13:00:00,10,5,5
2014-04-19 14:00:00,9,3,6
2014-04-19 15:00:00,13,5,8
2014-04-19 16:00:00,11,2,9
2014-04-19 17:00:00,14,8,6
2014-04-19 18:00:00,4,2,2
2014-04-19 19:00:00,6,2,4
2014-04-19 20:00:00,3,0,3
2014-04-19 21:00:00,2,2,0
2014-04-19 22:00:00,6,3,3
2014-04-19 23:00:00,1,0,1
2014-04-20 00:00:00,3,2,1
2014-04-20 01:00:00,5,2,3
2014-04-20 02:00:00,3,0,3
2014-04-20 03:00:00,0,0,0
2014-04-20 04:00:00,8,5,3
2014-04-20 05:00:00,7,4,3
2014-04-20 06:00:00,12,6,6
2014-04-20 07:00:00,33,0,33
2014-04-20 08:00:00,42,0,42
2014-04-20 09:00:00,49,0,49
2014-04-20 10:00:00,83,0,83
2014-04-20 11:00:00,112,0,112
2014-04-20 12:00:00,107,0,107
2014-04-20 13:00:00,116,0,116
2014-04-20 14:00:00,119,0,119
2014-04-20 15:00:00,90,0,90
2014-04-20 16:00:00,84,0,84
2014-04-20 17:00:00,63,0,63
2014-04-20 18:00:00,28,0,28
2014-04-20 19:00:00,10,0,10
2014-04-20 20:00:00,2,0,2
2014-04-20 21:00:00,5,0,5
2014-04-20 22:00:00,3,0,3
2014-04-20 23:00:00,3,0,3
2014-04-21 00:00:00,0,0,0
2014-04-21 01:00:00,1,0,1
2014-04-21 02:00:00,1,0,1
2014-04-21 03:00:00,0,0,0
2014-04-21 04:00:00,19,0,19
2014-04-21 05:00:00,40,0,40
2014-04-21 06:00:00,128,0,128
2014-04-21 07:00:00,148,0,148
2014-04-21 08:00:00,77,0,77
2014-04-21 09:00:00,41,0,41
2014-04-21 10:00:00,24,0,24
2014-04-21 11:00:00,23,0,23
2014-04-21 12:00:00,49,0,49
2014-04-21 13:00:00,55,2,53
2014-04-21 14:00:00,69,0,69
2014-04-21 15:00:00,159,0,159
2014-04-21 16:00:00,201,0,201
2014-04-21 17:00:00,125,0,125
2014-04-21 18:00:00,41,0,41
2014-04-21 19:00:00,11,0,11
2014-04-21 20:00:00,3,0,3
2014-04-21 21:00:00,3,0,3
2014-04-21 22:00:00,1,0,1
2014-04-21 23:00:00,3,0,3
2014-04-22 00:00:00,0,0,0
2014-04-22 01:00:00,1,0,1
2014-04-22 02:00:00,0,0,0
2014-04-22 03:00:00,0,0,0
2014-04-22 04:00:00,18,0,18
2014-04-22 05:00:00,25,0,25
2014-04-22 06:00:00,80,0,80
2014-04-22 07:00:00,74,0,74
2014-04-22 08:00:00,45,0,45
2014-04-22 09:00:00,21,0,21
2014-04-22 10:00:00,20,0,20
2014-04-22 11:00:00,9,0,9
2014-04-22 12:00:00,38,0,38
2014-04-22 13:00:00,77,0,77
2014-04-22 14:00:00,41,0,41
2014-04-22 15:00:00,130,0,130
2014-04-22 16:00:00,147,0,147
2014-04-22 17:00:00,105,0,105
2014-04-22 18:00:00,41,0,41
2014-04-22 19:00:00,8,0,8
2014-04-22 20:00:00,2,0,2
2014-04-22 21:00:00,3,0,3
2014-04-22 22:00:00,2,0,2
2014-04-22 23:00:00,1,0,1
2014-04-23 00:00:00,1,0,1
2014-04-23 01:00:00,1,0,1
2014-04-23 02:00:00,0,0,0
2014-04-23 03:00:00,0,0,0
2014-04-23 04:00:00,15,0,15
2014-04-23 05:00:00,38,0,38
2014-04-23 06:00:00,123,0,123
2014-04-23 07:00:00,108,0,108
2014-04-23 08:00:00,49,0,49
2014-04-23 09:00:00,37,0,37
2014-04-23 10:00:00,35,0,35
2014-04-23 11:00:00,19,0,19
2014-04-23 12:00:00,27,0,27
2014-04-23 13:00:00,40,0,40
2014-04-23 14:00:00,29,0,29
2014-04-23 15:00:00,87,0,87
2014-04-23 16:00:00,151,0,151
2014-04-23 17:00:00,91,0,91
2014-04-23 18:00:00,42,0,42
2014-04-23 19:00:00,10,0,10
2014-04-23 20:00:00,4,0,4
2014-04-23 21:00:00,4,0,4
2014-04-23 22:00:00,2,0,2
2014-04-23 23:00:00,1,0,1
2014-04-24 00:00:00,1,0,1
2014-04-24 01:00:00,0,0,0
2014-04-24 02:00:00,0,0,0
2014-04-24 03:00:00,1,0,1
2014-04-24 04:00:00,17,0,17
2014-04-24 05:00:00,31,0,31
2014-04-24 06:00:00,68,0,68
2014-04-24 07:00:00,100,0,100
2014-04-24 08:00:00,53,0,53
2014-04-24 09:00:00,32,0,32
2014-04-24 10:00:00,13,0,13
2014-04-24 11:00:00,4,0,4
2014-04-24 12:00:00,13,0,13
2014-04-24 13:00:00,22,0,22
2014-04-24 14:00:00,33,0,33
2014-04-24 15:00:00,64,0,64
2014-04-24 16:00:00,140,0,140
2014-04-24 17:00:00,107,1,106
2014-04-24 18:00:00,53,11,42
2014-04-24 19:00:00,24,1,23
2014-04-24 20:00:00,7,0,7
2014-04-24 21:00:00,3,0,3
2014-04-24 22:00:00,4,0,4
2014-04-24 23:00:00,1,0,1
2014-04-25 00:00:00,3,0,3
2014-04-25 01:00:00,0,0,0
2014-04-25 02:00:00,0,0,0
2014-04-25 03:00:00,0,0,0
2014-04-25 04:00:00,16,0,16
2014-04-25 05:00:00,41,0,41
2014-04-25 06:00:00,111,0,111
2014-04-25 07:00:00,121,0,121
2014-04-25 08:00:00,61,0,61
2014-04-25 09:00:00,45,0,45
2014-04-25 10:00:00,35,0,35
2014-04-25 11:00:00,41,13,28
2014-04-25 12:00:00,38,17,21
2014-04-25 13:00:00,75,36,39
2014-04-25 14:00:00,76,53,23
2014-04-25 15:00:00,130,91,39
2014-04-25 16:00:00,212,138,74
2014-04-25 17:00:00,136,92,44
2014-04-25 18:00:00,56,31,25
2014-04-25 19:00:00,45,28,17
2014-04-25 20:00:00,12,1,11
2014-04-25 21:00:00,10,4,6
2014-04-25 22:00:00,2,1,1
2014-04-25 23:00:00,1,1,0
2014-04-26 00:00:00,1,0,1
2014-04-26 01:00:00,0,0,0
2014-04-26 02:00:00,0,0,0
2014-04-26 03:00:00,2,0,2
2014-04-26 04:00:00,3,2,1
2014-04-26 05:00:00,8,1,7
2014-04-26 06:00:00,10,6,4
2014-04-26 07:00:00,29,14,15
2014-04-26 08:00:00,63,40,23
2014-04-26 09:00:00,64,41,23
2014-04-26 10:00:00,110,88,22
2014-04-26 11:00:00,122,86,36
2014-04-26 12:00:00,91,70,21
2014-04-26 13:00:00,85,43,42
2014-04-26 14:00:00,122,65,57
2014-04-26 15:00:00,106,60,46
2014-04-26 16:00:00,72,50,22
2014-04-26 17:00:00,41,27,14
2014-04-26 18:00:00,15,9,6
2014-04-26 19:00:00,6,1,5
2014-04-26 20:00:00,3,0,3
2014-04-26 21:00:00,1,0,1
2014-04-26 22:00:00,3,0,3
2014-04-26 23:00:00,0,0,0
2014-04-27 00:00:00,1,0,1
2014-04-27 01:00:00,1,0,1
2014-04-27 02:00:00,0,0,0
2014-04-27 03:00:00,0,0,0
2014-04-27 04:00:00,0,0,0
2014-04-27 05:00:00,6,0,6
2014-04-27 06:00:00,5,0,5
2014-04-27 07:00:00,10,0,10
2014-04-27 08:00:00,27,0,27
2014-04-27 09:00:00,38,0,38
2014-04-27 10:00:00,39,12,27
2014-04-27 11:00:00,48,22,26
2014-04-27 12:00:00,48,34,14
2014-04-27 13:00:00,44,22,22
2014-04-27 14:00:00,48,22,26
2014-04-27 15:00:00,35,23,12
2014-04-27 16:00:00,33,25,8
2014-04-27 17:00:00,26,17,9
2014-04-27 18:00:00,16,9,7
2014-04-27 19:00:00,17,15,2
2014-04-27 20:00:00,5,3,2
2014-04-27 21:00:00,5,4,1
2014-04-27 22:00:00,2,1,1
2014-04-27 23:00:00,2,0,2
2014-04-28 00:00:00,1,0,1
2014-04-28 01:00:00,2,1,1
2014-04-28 02:00:00,0,0,0
2014-04-28 03:00:00,2,2,0
2014-04-28 04:00:00,23,12,11
2014-04-28 05:00:00,52,16,36
2014-04-28 06:00:00,142,10,132
2014-04-28 07:00:00,145,66,79
2014-04-28 08:00:00,72,53,19
2014-04-28 09:00:00,44,32,12
2014-04-28 10:00:00,41,25,16
2014-04-28 11:00:00,36,24,12
2014-04-28 12:00:00,28,19,9
2014-04-28 13:00:00,46,30,16
2014-04-28 14:00:00,86,50,36
2014-04-28 15:00:00,152,74,78
2014-04-28 16:00:00,285,121,164
2014-04-28 17:00:00,191,86,105
2014-04-28 18:00:00,95,65,30
2014-04-28 19:00:00,37,27,10
2014-04-28 20:00:00,8,0,8
2014-04-28 21:00:00,6,4,2
2014-04-28 22:00:00,4,1,3
2014-04-28 23:00:00,6,4,2
2014-04-29 00:00:00,1,1,0
2014-04-29 01:00:00,1,0,1
2014-04-29 02:00:00,2,1,1
2014-04-29 03:00:00,1,1,0
2014-04-29 04:00:00,26,9,17
2014-04-29 05:00:00,65,36,29
2014-04-29 06:00:00,186,61,125
2014-04-29 07:00:00,181,48,133
2014-04-29 08:00:00,87,36,51
2014-04-29 09:00:00,49,34,15
2014-04-29 10:00:00,21,14,7
2014-04-29 11:00:00,46,29,17
2014-04-29 12:00:00,63,34,29
2014-04-29 13:00:00,72,39,33
2014-04-29 14:00:00,113,64,49
2014-04-29 15:00:00,190,85,105
2014-04-29 16:00:00,333,101,232
2014-04-29 17:00:00,261,91,170
2014-04-29 18:00:00,139,68,71
2014-04-29 19:00:00,69,38,31
2014-04-29 20:00:00,17,6,11
2014-04-29 21:00:00,6,4,2
2014-04-29 22:00:00,5,3,2
2014-04-29 23:00:00,3,1,2
2014-04-30 00:00:00,0,0,0
2014-04-30 01:00:00,0,0,0
2014-04-30 02:00:00,3,2,1
2014-04-30 03:00:00,2,0,2
2014-04-30 04:00:00,18,15,3
2014-04-30 05:00:00,86,76,10
2014-04-30 06:00:00,180,157,23
2014-04-30 07:00:00,210,157,53
2014-04-30 08:00:00,87,74,13
2014-04-30 09:00:00,64,46,18
2014-04-30 10:00:00,56,41,15
2014-04-30 11:00:00,66,42,24
2014-04-30 12:00:00,66,31,35
2014-04-30 13:00:00,92,42,50
2014-04-30 14:00:00,103,54,49
2014-04-30 15:00:00,223,80,143
2014-04-30 16:00:00,362,100,262
2014-04-30 17:00:00,262,89,173
2014-04-30 18:00:00,145,71,74
2014-04-30 19:00:00,97,50,47
2014-04-30 20:00:00,15,8,7
2014-04-30 21:00:00,3,0,3
2014-04-30 22:00:00,5,3,2
2014-04-30 23:00:00,2,0,2
2014-05-01 00:00:00,0,0,0
2014-05-01 01:00:00,3,1,2
2014-05-01 02:00:00,2,1,1
2014-05-01 03:00:00,0,0,0
2014-05-01 04:00:00,25,20,5
2014-05-01 05:00:00,86,79,7
2014-05-01 06:00:00,244,207,37
2014-05-01 07:00:00,227,201,26
2014-05-01 08:00:00,100,94,6
2014-05-01 09:00:00,60,38,22
2014-05-01 10:00:00,64,31,33
2014-05-01 11:00:00,88,53,35
2014-05-01 12:00:00,0,0,0
2014-05-01 13:00:00,83,34,49
2014-05-01 14:00:00,103,30,73
2014-05-01 15:00:00,164,64,100
2014-05-01 16:00:00,285,95,190
2014-05-01 17:00:00,408,116,292
2014-05-01 18:00:00,266,83,183
2014-05-01 19:00:00,172,63,109
2014-05-01 20:00:00,85,38,47
2014-05-01 21:00:00,28,17,11
2014-05-01 22:00:00,12,1,11
2014-05-01 23:00:00,10,4,6
2014-05-02 00:00:00,6,2,4
2014-05-02 01:00:00,1,0,1
2014-05-02 02:00:00,2,2,0
2014-05-02 03:00:00,1,0,1
2014-05-02 04:00:00,1,0,1
2014-05-02 05:00:00,25,19,6
2014-05-02 06:00:00,59,45,14
2014-05-02 07:00:00,192,141,51
2014-05-02 08:00:00,210,173,37
2014-05-02 09:00:00,104,81,23
2014-05-02 10:00:00,65,37,28
2014-05-02 11:00:00,52,28,24
2014-05-02 12:00:00,57,27,30
2014-05-02 13:00:00,74,38,36
2014-05-02 14:00:00,74,28,46
2014-05-02 15:00:00,136,51,85
2014-05-02 16:00:00,193,57,136
2014-05-02 17:00:00,232,51,181
2014-05-02 18:00:00,145,34,111
2014-05-02 19:00:00,57,16,41
2014-05-02 20:00:00,17,4,13
2014-05-02 21:00:00,11,0,11
2014-05-02 22:00:00,9,3,6
2014-05-02 23:00:00,5,1,4
2014-05-03 00:00:00,14,11,3
2014-05-03 01:00:00,1,0,1
2014-05-03 02:00:00,1,0,1
2014-05-03 03:00:00,2,0,2
2014-05-03 04:00:00,2,1,1
2014-05-03 05:00:00,1,0,1
2014-05-03 06:00:00,16,6,10
2014-05-03 07:00:00,28,15,13
2014-05-03 08:00:00,27,19,8
2014-05-03 09:00:00,72,51,21
2014-05-03 10:00:00,68,32,36
2014-05-03 11:00:00,58,19,39
2014-05-03 12:00:00,37,17,20
2014-05-03 13:00:00,51,27,24
2014-05-03 14:00:00,31,15,16
2014-05-03 15:00:00,27,13,14
2014-05-03 16:00:00,41,3,38
2014-05-03 17:00:00,15,2,13
2014-05-03 18:00:00,15,13,2
2014-05-03 19:00:00,4,2,2
2014-05-03 20:00:00,3,1,2
2014-05-03 21:00:00,9,0,9
2014-05-03 22:00:00,2,1,1
2014-05-03 23:00:00,2,0,2
2014-05-04 00:00:00,1,0,1
2014-05-04 01:00:00,0,0,0
2014-05-04 02:00:00,0,0,0
2014-05-04 03:00:00,1,0,1
2014-05-04 04:00:00,0,0,0
2014-05-04 05:00:00,1,0,1
2014-05-04 06:00:00,4,2,2
2014-05-04 07:00:00,5,3,2
2014-05-04 08:00:00,9,7,2
2014-05-04 09:00:00,26,13,13
2014-05-04 10:00:00,24,9,15
2014-05-04 11:00:00,9,2,7
2014-05-04 12:00:00,18,4,14
2014-05-04 13:00:00,21,9,12
2014-05-04 14:00:00,14,6,8
2014-05-04 15:00:00,23,8,15
2014-05-04 16:00:00,14,7,7
2014-05-04 17:00:00,14,8,6
2014-05-04 18:00:00,12,3,9
2014-05-04 19:00:00,13,6,7
2014-05-04 20:00:00,5,2,3
2014-05-04 21:00:00,2,0,2
2014-05-04 22:00:00,3,1,2
2014-05-04 23:00:00,4,2,2
2014-05-05 00:00:00,1,0,1
2014-05-05 01:00:00,2,1,1
2014-05-05 02:00:00,2,1,1
2014-05-05 03:00:00,0,0,0
2014-05-05 04:00:00,0,0,0
2014-05-05 05:00:00,21,15,6
2014-05-05 06:00:00,40,26,14
2014-05-05 07:00:00,135,95,40
2014-05-05 08:00:00,145,125,20
2014-05-05 09:00:00,64,59,5
2014-05-05 10:00:00,23,17,6
2014-05-05 11:00:00,20,12,8
2014-05-05 12:00:00,7,1,6
2014-05-05 13:00:00,22,9,13
2014-05-05 14:00:00,23,13,10
2014-05-05 15:00:00,42,14,28
2014-05-05 16:00:00,92,30,62
2014-05-05 17:00:00,208,40,168
2014-05-05 18:00:00,138,39,99
2014-05-05 19:00:00,80,30,50
2014-05-05 20:00:00,42,15,27
2014-05-05 21:00:00,9,4,5
2014-05-05 22:00:00,4,2,2
2014-05-05 23:00:00,3,1,2
2014-05-06 00:00:00,4,1,3
2014-05-06 01:00:00,0,0,0
2014-05-06 02:00:00,0,0,0
2014-05-06 03:00:00,2,1,1
2014-05-06 04:00:00,0,0,0
2014-05-06 05:00:00,30,20,10
2014-05-06 06:00:00,73,49,24
2014-05-06 07:00:00,216,165,51
2014-05-06 08:00:00,175,151,24
2014-05-06 09:00:00,98,74,24
2014-05-06 10:00:00,48,30,18
2014-05-06 11:00:00,35,22,13
2014-05-06 12:00:00,36,18,18
2014-05-06 13:00:00,36,13,23
2014-05-06 14:00:00,59,24,35
2014-05-06 15:00:00,85,48,37
2014-05-06 16:00:00,166,41,125
2014-05-06 17:00:00,335,89,246
2014-05-06 18:00:00,202,58,144
2014-05-06 19:00:00,100,34,66
2014-05-06 20:00:00,60,21,39
2014-05-06 21:00:00,11,3,8
2014-05-06 22:00:00,8,2,6
2014-05-06 23:00:00,5,1,4
2014-05-07 00:00:00,1,1,0
2014-05-07 01:00:00,1,0,1
2014-05-07 02:00:00,1,0,1
2014-05-07 03:00:00,0,0,0
2014-05-07 04:00:00,0,0,0
2014-05-07 05:00:00,26,17,9
2014-05-07 06:00:00,87,58,29
2014-05-07 07:00:00,226,176,50
2014-05-07 08:00:00,248,210,38
2014-05-07 09:00:00,116,89,27
2014-05-07 10:00:00,66,45,21
2014-05-07 11:00:00,65,39,26
2014-05-07 12:00:00,44,24,20
2014-05-07 13:00:00,64,34,30
2014-05-07 14:00:00,81,37,44
2014-05-07 15:00:00,102,38,64
2014-05-07 16:00:00,184,72,112
2014-05-07 17:00:00,405,109,296
2014-05-07 18:00:00,241,87,154
2014-05-07 19:00:00,172,56,116
2014-05-07 20:00:00,103,39,64
2014-05-07 21:00:00,65,9,56
2014-05-07 22:00:00,12,4,8
2014-05-07 23:00:00,11,2,9
2014-05-08 00:00:00,6,5,1
2014-05-08 01:00:00,1,0,1
2014-05-08 02:00:00,3,1,2
2014-05-08 03:00:00,2,1,1
2014-05-08 04:00:00,0,0,0
2014-05-08 05:00:00,31,17,14
2014-05-08 06:00:00,60,35,25
2014-05-08 07:00:00,170,129,41
2014-05-08 08:00:00,167,126,41
2014-05-08 09:00:00,94,71,23
2014-05-08 10:00:00,33,26,7
2014-05-08 11:00:00,21,12,9
2014-05-08 12:00:00,12,6,6
2014-05-08 13:00:00,16,1,15
2014-05-08 14:00:00,15,5,10
2014-05-08 15:00:00,43,22,21
2014-05-08 16:00:00,67,24,43
2014-05-08 17:00:00,195,37,158
2014-05-08 18:00:00,106,16,90
2014-05-08 19:00:00,43,2,41
2014-05-08 20:00:00,18,3,15
2014-05-08 21:00:00,5,2,3
2014-05-08 22:00:00,4,2,2
2014-05-08 23:00:00,4,0,4
2014-05-09 00:00:00,5,1,4
2014-05-09 01:00:00,0,0,0
2014-05-09 02:00:00,0,0,0
2014-05-09 03:00:00,1,0,1
2014-05-09 04:00:00,0,0,0
2014-05-09 05:00:00,20,13,7
2014-05-09 06:00:00,39,29,10
2014-05-09 07:00:00,128,100,28
2014-05-09 08:00:00,118,100,18
2014-05-09 09:00:00,65,51,14
2014-05-09 10:00:00,23,10,13
2014-05-09 11:00:00,28,20,8
2014-05-09 12:00:00,27,17,10
2014-05-09 13:00:00,13,4,9
2014-05-09 14:00:00,22,14,8
2014-05-09 15:00:00,59,24,35
2014-05-09 16:00:00,114,26,88
2014-05-09 17:00:00,158,24,134
2014-05-09 18:00:00,90,16,74
2014-05-09 19:00:00,33,12,21
2014-05-09 20:00:00,13,4,9
2014-05-09 21:00:00,6,4,2
2014-05-09 22:00:00,11,2,9
2014-05-09 23:00:00,3,0,3
2014-05-10 00:00:00,5,2,3
2014-05-10 01:00:00,3,3,0
2014-05-10 02:00:00,3,0,3
2014-05-10 03:00:00,0,0,0
2014-05-10 04:00:00,0,0,0
2014-05-10 05:00:00,4,4,0
2014-05-10 06:00:00,8,5,3
2014-05-10 07:00:00,20,8,12
2014-05-10 08:00:00,22,10,12
2014-05-10 09:00:00,54,35,19
2014-05-10 10:00:00,81,68,13
2014-05-10 11:00:00,127,76,51
2014-05-10 12:00:00,107,60,47
2014-05-10 13:00:00,105,50,55
2014-05-10 14:00:00,108,56,52
2014-05-10 15:00:00,76,29,47
2014-05-10 16:00:00,72,33,39
2014-05-10 17:00:00,107,30,77
2014-05-10 18:00:00,39,22,17
2014-05-10 19:00:00,32,20,12
2014-05-10 20:00:00,17,6,11
2014-05-10 21:00:00,9,0,9
2014-05-10 22:00:00,7,1,6
2014-05-10 23:00:00,1,0,1
2014-05-11 00:00:00,4,1,3
2014-05-11 01:00:00,9,1,8
2014-05-11 02:00:00,4,3,1
2014-05-11 03:00:00,1,0,1
2014-05-11 04:00:00,0,0,0
2014-05-11 05:00:00,1,0,1
2014-05-11 06:00:00,10,7,3
2014-05-11 07:00:00,17,9,8
2014-05-11 08:00:00,20,11,9
2014-05-11 09:00:00,47,24,23
2014-05-11 10:00:00,88,43,45
2014-05-11 11:00:00,95,40,55
2014-05-11 12:00:00,119,71,48
2014-05-11 13:00:00,125,64,61
2014-05-11 14:00:00,182,68,114
2014-05-11 15:00:00,177,77,100
2014-05-11 16:00:00,155,68,87
2014-05-11 17:00:00,106,53,53
2014-05-11 18:00:00,85,42,43
2014-05-11 19:00:00,47,31,16
2014-05-11 20:00:00,25,14,11
2014-05-11 21:00:00,7,3,4
2014-05-11 22:00:00,1,0,1
2014-05-11 23:00:00,4,1,3
2014-05-12 00:00:00,4,1,3
2014-05-12 01:00:00,1,1,0
2014-05-12 02:00:00,4,0,4
2014-05-12 03:00:00,0,0,0
2014-05-12 04:00:00,2,1,1
2014-05-12 05:00:00,38,28,10
2014-05-12 06:00:00,75,59,16
2014-05-12 07:00:00,204,144,60
2014-05-12 08:00:00,252,194,58
2014-05-12 09:00:00,104,80,24
2014-05-12 10:00:00,37,21,16
2014-05-12 11:00:00,46,26,20
2014-05-12 12:00:00,53,29,24
2014-05-12 13:00:00,52,30,22
2014-05-12 14:00:00,80,32,48
2014-05-12 15:00:00,77,29,48
2014-05-12 16:00:00,222,78,144
2014-05-12 17:00:00,427,90,337
2014-05-12 18:00:00,326,92,234
2014-05-12 19:00:00,140,59,81
2014-05-12 20:00:00,100,50,50
2014-05-12 21:00:00,31,18,13
2014-05-12 22:00:00,14,3,11
2014-05-12 23:00:00,6,1,5
2014-05-13 00:00:00,5,2,3
2014-05-13 01:00:00,1,0,1
2014-05-13 02:00:00,4,1,3
2014-05-13 03:00:00,1,0,1
2014-05-13 04:00:00,0,0,0
2014-05-13 05:00:00,35,26,9
2014-05-13 06:00:00,90,61,29
2014-05-13 07:00:00,251,177,74
2014-05-13 08:00:00,267,208,59
2014-05-13 09:00:00,126,99,27
2014-05-13 10:00:00,56,32,24
2014-05-13 11:00:00,54,25,29
2014-05-13 12:00:00,71,40,31
2014-05-13 13:00:00,89,50,39
2014-05-13 14:00:00,81,32,49
2014-05-13 15:00:00,121,46,75
2014-05-13 16:00:00,233,77,156
2014-05-13 17:00:00,460,112,348
2014-05-13 18:00:00,315,96,219
2014-05-13 19:00:00,165,67,98
2014-05-13 20:00:00,98,45,53
2014-05-13 21:00:00,32,15,17
2014-05-13 22:00:00,18,4,14
2014-05-13 23:00:00,4,1,3
2014-05-14 00:00:00,6,2,4
2014-05-14 01:00:00,0,0,0
2014-05-14 02:00:00,2,1,1
2014-05-14 03:00:00,2,0,2
2014-05-14 04:00:00,1,0,1
2014-05-14 05:00:00,37,27,10
2014-05-14 06:00:00,113,85,28
2014-05-14 07:00:00,256,183,73
2014-05-14 08:00:00,257,191,66
2014-05-14 09:00:00,128,93,35
2014-05-14 10:00:00,55,37,18
2014-05-14 11:00:00,50,25,25
2014-05-14 12:00:00,68,35,33
2014-05-14 13:00:00,74,36,38
2014-05-14 14:00:00,69,30,39
2014-05-14 15:00:00,136,60,76
2014-05-14 16:00:00,216,60,156
2014-05-14 17:00:00,415,75,340
2014-05-14 18:00:00,250,78,172
2014-05-14 19:00:00,179,86,93
2014-05-14 20:00:00,84,39,45
2014-05-14 21:00:00,9,5,4
2014-05-14 22:00:00,13,5,8
2014-05-14 23:00:00,6,3,3
2014-05-15 00:00:00,5,3,2
2014-05-15 01:00:00,3,0,3
2014-05-15 02:00:00,2,0,2
2014-05-15 03:00:00,5,2,3
2014-05-15 04:00:00,1,0,1
2014-05-15 05:00:00,40,28,12
2014-05-15 06:00:00,100,68,32
2014-05-15 07:00:00,235,175,60
2014-05-15 08:00:00,201,148,53
2014-05-15 09:00:00,130,95,35
2014-05-15 10:00:00,68,43,25
2014-05-15 11:00:00,49,26,23
2014-05-15 12:00:00,65,36,29
2014-05-15 13:00:00,69,33,36
2014-05-15 14:00:00,95,50,45
2014-05-15 15:00:00,122,49,73
2014-05-15 16:00:00,198,68,130
2014-05-15 17:00:00,373,79,294
2014-05-15 18:00:00,231,53,178
2014-05-15 19:00:00,122,45,77
2014-05-15 20:00:00,77,27,50
2014-05-15 21:00:00,16,7,9
2014-05-15 22:00:00,19,11,8
2014-05-15 23:00:00,5,0,5
2014-05-16 00:00:00,5,0,5
2014-05-16 01:00:00,1,0,1
2014-05-16 02:00:00,2,1,1
2014-05-16 03:00:00,1,1,0
2014-05-16 04:00:00,1,0,1
2014-05-16 05:00:00,39,24,15
2014-05-16 06:00:00,87,59,28
2014-05-16 07:00:00,259,176,83
2014-05-16 08:00:00,266,204,62
2014-05-16 09:00:00,131,97,34
2014-05-16 10:00:00,67,44,23
2014-05-16 11:00:00,34,18,16
2014-05-16 12:00:00,38,18,20
2014-05-16 13:00:00,53,23,30
2014-05-16 14:00:00,62,32,30
2014-05-16 15:00:00,112,45,67
2014-05-16 16:00:00,231,83,148
2014-05-16 17:00:00,303,73,230
2014-05-16 18:00:00,172,50,122
2014-05-16 19:00:00,78,29,49
2014-05-16 20:00:00,39,15,24
2014-05-16 21:00:00,7,1,6
2014-05-16 22:00:00,11,3,8
2014-05-16 23:00:00,9,2,7
2014-05-17 00:00:00,7,2,5
2014-05-17 01:00:00,5,0,5
2014-05-17 02:00:00,5,3,2
2014-05-17 03:00:00,1,0,1
2014-05-17 04:00:00,0,0,0
2014-05-17 05:00:00,2,1,1
2014-05-17 06:00:00,9,3,6
2014-05-17 07:00:00,32,17,15
2014-05-17 08:00:00,33,17,16
2014-05-17 09:00:00,49,30,19
2014-05-17 10:00:00,65,30,35
2014-05-17 11:00:00,95,41,54
2014-05-17 12:00:00,101,46,55
2014-05-17 13:00:00,105,59,46
2014-05-17 14:00:00,115,53,62
2014-05-17 15:00:00,96,56,40
2014-05-17 16:00:00,82,30,52
2014-05-17 17:00:00,70,44,26
2014-05-17 18:00:00,78,42,36
2014-05-17 19:00:00,49,24,25
2014-05-17 20:00:00,35,21,14
2014-05-17 21:00:00,48,6,42
2014-05-17 22:00:00,13,5,8
2014-05-17 23:00:00,6,3,3
2014-05-18 00:00:00,7,0,7
2014-05-18 01:00:00,0,0,0
2014-05-18 02:00:00,0,0,0
2014-05-18 03:00:00,0,0,0
2014-05-18 04:00:00,0,0,0
2014-05-18 05:00:00,2,0,2
2014-05-18 06:00:00,2,1,1
2014-05-18 07:00:00,19,14,5
2014-05-18 08:00:00,31,15,16
2014-05-18 09:00:00,62,27,35
2014-05-18 10:00:00,78,31,47
2014-05-18 11:00:00,94,51,43
2014-05-18 12:00:00,109,63,46
2014-05-18 13:00:00,143,71,72
2014-05-18 14:00:00,153,70,83
2014-05-18 15:00:00,99,41,58
2014-05-18 16:00:00,73,35,38
2014-05-18 17:00:00,61,32,29
2014-05-18 18:00:00,31,14,17
2014-05-18 19:00:00,14,5,9
2014-05-18 20:00:00,8,1,7
2014-05-18 21:00:00,4,2,2
2014-05-18 22:00:00,1,0,1
2014-05-18 23:00:00,2,0,2
2014-05-19 00:00:00,0,0,0
2014-05-19 01:00:00,0,0,0
2014-05-19 02:00:00,0,0,0
2014-05-19 03:00:00,0,0,0
2014-05-19 04:00:00,0,0,0
2014-05-19 05:00:00,27,17,10
2014-05-19 06:00:00,67,46,21
2014-05-19 07:00:00,185,132,53
2014-05-19 08:00:00,216,181,35
2014-05-19 09:00:00,115,89,26
2014-05-19 10:00:00,60,33,27
2014-05-19 11:00:00,48,25,23
2014-05-19 12:00:00,44,23,21
2014-05-19 13:00:00,53,25,28
2014-05-19 14:00:00,97,54,43
2014-05-19 15:00:00,93,44,49
2014-05-19 16:00:00,177,67,110
2014-05-19 17:00:00,346,86,260
2014-05-19 18:00:00,235,73,162
2014-05-19 19:00:00,128,49,79
2014-05-19 20:00:00,58,29,29
2014-05-19 21:00:00,12,5,7
2014-05-19 22:00:00,5,3,2
2014-05-19 23:00:00,11,4,7
2014-05-20 00:00:00,2,1,1
2014-05-20 01:00:00,2,0,2
2014-05-20 02:00:00,4,0,4
2014-05-20 03:00:00,1,0,1
2014-05-20 04:00:00,1,0,1
2014-05-20 05:00:00,37,22,15
2014-05-20 06:00:00,102,73,29
2014-05-20 07:00:00,236,180,56
2014-05-20 08:00:00,237,159,78
2014-05-20 09:00:00,132,98,34
2014-05-20 10:00:00,60,41,19
2014-05-20 11:00:00,43,17,26
2014-05-20 12:00:00,65,40,25
2014-05-20 13:00:00,54,31,23
2014-05-20 14:00:00,80,36,44
2014-05-20 15:00:00,115,44,71
2014-05-20 16:00:00,228,78,150
2014-05-20 17:00:00,439,80,359
2014-05-20 18:00:00,210,61,149
2014-05-20 19:00:00,119,42,77
2014-05-20 20:00:00,61,27,34
2014-05-20 21:00:00,16,6,10
2014-05-20 22:00:00,14,5,9
2014-05-20 23:00:00,3,1,2
2014-05-21 00:00:00,3,0,3
2014-05-21 01:00:00,2,0,2
2014-05-21 02:00:00,1,0,1
2014-05-21 03:00:00,2,1,1
2014-05-21 04:00:00,2,0,2
2014-05-21 05:00:00,41,28,13
2014-05-21 06:00:00,83,62,21
2014-05-21 07:00:00,191,142,49
2014-05-21 08:00:00,230,184,46
2014-05-21 09:00:00,117,86,31
2014-05-21 10:00:00,39,26,13
2014-05-21 11:00:00,45,25,20
2014-05-21 12:00:00,56,33,23
2014-05-21 13:00:00,47,21,26
2014-05-21 14:00:00,52,19,33
2014-05-21 15:00:00,103,45,58
2014-05-21 16:00:00,181,70,111
2014-05-21 17:00:00,378,91,287
2014-05-21 18:00:00,245,71,174
2014-05-21 19:00:00,140,57,83
2014-05-21 20:00:00,54,18,36
2014-05-21 21:00:00,11,3,8
2014-05-21 22:00:00,15,0,15
2014-05-21 23:00:00,11,3,8
2014-05-22 00:00:00,1,0,1
2014-05-22 01:00:00,0,0,0
2014-05-22 02:00:00,1,0,1
2014-05-22 03:00:00,1,0,1
2014-05-22 04:00:00,2,1,1
2014-05-22 05:00:00,30,19,11
2014-05-22 06:00:00,79,62,17
2014-05-22 07:00:00,209,154,55
2014-05-22 08:00:00,224,160,64
2014-05-22 09:00:00,132,86,46
2014-05-22 10:00:00,62,30,32
2014-05-22 11:00:00,56,25,31
2014-05-22 12:00:00,67,35,32
2014-05-22 13:00:00,89,45,44
2014-05-22 14:00:00,75,38,37
2014-05-22 15:00:00,89,39,50
2014-05-22 16:00:00,192,70,122
2014-05-22 17:00:00,326,77,249
2014-05-22 18:00:00,221,56,165
2014-05-22 19:00:00,87,25,62
2014-05-22 20:00:00,55,16,39
2014-05-22 21:00:00,31,18,13
2014-05-22 22:00:00,23,15,8
2014-05-22 23:00:00,4,2,2
2014-05-23 00:00:00,6,1,5
2014-05-23 01:00:00,3,0,3
2014-05-23 02:00:00,3,0,3
2014-05-23 03:00:00,1,1,0
2014-05-23 04:00:00,1,1,0
2014-05-23 05:00:00,23,13,10
2014-05-23 06:00:00,45,29,16
2014-05-23 07:00:00,119,80,39
2014-05-23 08:00:00,93,77,16
2014-05-23 09:00:00,34,27,7
2014-05-23 10:00:00,23,17,6
2014-05-23 11:00:00,12,7,5
2014-05-23 12:00:00,25,12,13
2014-05-23 13:00:00,24,7,17
2014-05-23 14:00:00,34,10,24
2014-05-23 15:00:00,71,30,41
2014-05-23 16:00:00,98,34,64
2014-05-23 17:00:00,114,40,74
2014-05-23 18:00:00,92,29,63
2014-05-23 19:00:00,48,16,32
2014-05-23 20:00:00,28,18,10
2014-05-23 21:00:00,15,5,10
2014-05-23 22:00:00,10,2,8
2014-05-23 23:00:00,6,1,5
2014-05-24 00:00:00,8,0,8
2014-05-24 01:00:00,3,0,3
2014-05-24 02:00:00,1,0,1
2014-05-24 03:00:00,1,0,1
2014-05-24 04:00:00,2,0,2
2014-05-24 05:00:00,3,2,1
2014-05-24 06:00:00,10,7,3
2014-05-24 07:00:00,23,13,10
2014-05-24 08:00:00,27,10,17
2014-05-24 09:00:00,46,25,21
2014-05-24 10:00:00,73,35,38
2014-05-24 11:00:00,118,47,71
2014-05-24 12:00:00,98,56,42
2014-05-24 13:00:00,99,45,54
2014-05-24 14:00:00,136,64,72
2014-05-24 15:00:00,152,54,98
2014-05-24 16:00:00,126,71,55
2014-05-24 17:00:00,102,55,47
2014-05-24 18:00:00,82,31,51
2014-05-24 19:00:00,54,25,29
2014-05-24 20:00:00,39,25,14
2014-05-24 21:00:00,7,1,6
2014-05-24 22:00:00,20,9,11
2014-05-24 23:00:00,5,3,2
2014-05-25 00:00:00,1,1,0
2014-05-25 01:00:00,0,0,0
2014-05-25 02:00:00,2,1,1
2014-05-25 03:00:00,4,0,4
2014-05-25 04:00:00,0,0,0
2014-05-25 05:00:00,4,1,3
2014-05-25 06:00:00,7,4,3
2014-05-25 07:00:00,14,9,5
2014-05-25 08:00:00,33,15,18
2014-05-25 09:00:00,48,28,20
2014-05-25 10:00:00,57,26,31
2014-05-25 11:00:00,72,32,40
2014-05-25 12:00:00,77,47,30
2014-05-25 13:00:00,80,32,48
2014-05-25 14:00:00,40,24,16
2014-05-25 15:00:00,36,8,28
2014-05-25 16:00:00,48,18,30
2014-05-25 17:00:00,37,8,29
2014-05-25 18:00:00,27,12,15
2014-05-25 19:00:00,9,3,6
2014-05-25 20:00:00,8,1,7
2014-05-25 21:00:00,2,1,1
2014-05-25 22:00:00,6,2,4
2014-05-25 23:00:00,3,1,2
2014-05-26 00:00:00,1,0,1
2014-05-26 01:00:00,1,0,1
2014-05-26 02:00:00,0,0,0
2014-05-26 03:00:00,0,0,0
2014-05-26 04:00:00,1,1,0
2014-05-26 05:00:00,0,0,0
2014-05-26 06:00:00,4,2,2
2014-05-26 07:00:00,11,6,5
2014-05-26 08:00:00,29,15,14
2014-05-26 09:00:00,34,13,21
2014-05-26 10:00:00,63,39,24
2014-05-26 11:00:00,124,63,61
2014-05-26 12:00:00,171,79,92
2014-05-26 13:00:00,167,90,77
2014-05-26 14:00:00,176,91,85
2014-05-26 15:00:00,143,66,77
2014-05-26 16:00:00,130,72,58
2014-05-26 17:00:00,118,49,69
2014-05-26 18:00:00,95,33,62
2014-05-26 19:00:00,80,39,41
2014-05-26 20:00:00,39,22,17
2014-05-26 21:00:00,10,2,8
2014-05-26 22:00:00,3,2,1
2014-05-26 23:00:00,3,2,1
2014-05-27 00:00:00,1,1,0
2014-05-27 01:00:00,3,0,3
2014-05-27 02:00:00,0,0,0
2014-05-27 03:00:00,1,1,0
2014-05-27 04:00:00,1,1,0
2014-05-27 05:00:00,33,20,13
2014-05-27 06:00:00,76,52,24
2014-05-27 07:00:00,210,153,57
2014-05-27 08:00:00,202,155,47
2014-05-27 09:00:00,91,74,17
2014-05-27 10:00:00,41,28,13
2014-05-27 11:00:00,32,19,13
2014-05-27 12:00:00,42,21,21
2014-05-27 13:00:00,68,36,32
2014-05-27 14:00:00,66,27,39
2014-05-27 15:00:00,93,42,51
2014-05-27 16:00:00,233,92,141
2014-05-27 17:00:00,378,87,291
2014-05-27 18:00:00,254,84,170
2014-05-27 19:00:00,135,62,73
2014-05-27 20:00:00,73,28,45
2014-05-27 21:00:00,10,2,8
2014-05-27 22:00:00,9,4,5
2014-05-27 23:00:00,3,0,3
2014-05-28 00:00:00,3,2,1
2014-05-28 01:00:00,5,2,3
2014-05-28 02:00:00,1,0,1
2014-05-28 03:00:00,0,0,0
2014-05-28 04:00:00,3,1,2
2014-05-28 05:00:00,24,14,10
2014-05-28 06:00:00,56,36,20
2014-05-28 07:00:00,197,141,56
2014-05-28 08:00:00,180,145,35
2014-05-28 09:00:00,95,77,18
2014-05-28 10:00:00,35,26,9
2014-05-28 11:00:00,48,34,14
2014-05-28 12:00:00,33,11,22
2014-05-28 13:00:00,38,19,19
2014-05-28 14:00:00,88,34,54
2014-05-28 15:00:00,59,31,28
2014-05-28 16:00:00,142,61,81
2014-05-28 17:00:00,240,53,187
2014-05-28 18:00:00,145,18,127
2014-05-28 19:00:00,61,19,42
2014-05-28 20:00:00,41,9,32
2014-05-28 21:00:00,6,2,4
2014-05-28 22:00:00,19,6,13
2014-05-28 23:00:00,6,1,5
2014-05-29 00:00:00,1,0,1
2014-05-29 01:00:00,1,1,0
2014-05-29 02:00:00,0,0,0
2014-05-29 03:00:00,2,0,2
2014-05-29 04:00:00,1,1,0
2014-05-29 05:00:00,34,19,15
2014-05-29 06:00:00,60,42,18
2014-05-29 07:00:00,206,152,54
2014-05-29 08:00:00,188,156,32
2014-05-29 09:00:00,108,88,20
2014-05-29 10:00:00,49,33,16
2014-05-29 11:00:00,42,28,14
2014-05-29 12:00:00,25,9,16
2014-05-29 13:00:00,32,15,17
2014-05-29 14:00:00,53,29,24
2014-05-29 15:00:00,76,32,44
2014-05-29 16:00:00,174,71,103
2014-05-29 17:00:00,337,55,282
2014-05-29 18:00:00,204,48,156
2014-05-29 19:00:00,84,29,55
2014-05-29 20:00:00,43,17,26
2014-05-29 21:00:00,22,9,13
2014-05-29 22:00:00,17,11,6
2014-05-29 23:00:00,5,1,4
2014-05-30 00:00:00,6,1,5
2014-05-30 01:00:00,2,0,2
2014-05-30 02:00:00,1,0,1
2014-05-30 03:00:00,0,0,0
2014-05-30 04:00:00,0,0,0
2014-05-30 05:00:00,39,25,14
2014-05-30 06:00:00,76,48,28
2014-05-30 07:00:00,210,148,62
2014-05-30 08:00:00,233,180,53
2014-05-30 09:00:00,109,80,29
2014-05-30 10:00:00,71,33,38
2014-05-30 11:00:00,69,36,33
2014-05-30 12:00:00,67,37,30
2014-05-30 13:00:00,62,30,32
2014-05-30 14:00:00,71,38,33
2014-05-30 15:00:00,130,46,84
2014-05-30 16:00:00,233,79,154
2014-05-30 17:00:00,315,94,221
2014-05-30 18:00:00,194,47,147
2014-05-30 19:00:00,97,29,68
2014-05-30 20:00:00,53,25,28
2014-05-30 21:00:00,23,10,13
2014-05-30 22:00:00,16,4,12
2014-05-30 23:00:00,13,4,9
2014-05-31 00:00:00,7,0,7
2014-05-31 01:00:00,8,6,2
2014-05-31 02:00:00,2,0,2
2014-05-31 03:00:00,1,0,1
2014-05-31 04:00:00,1,1,0
2014-05-31 05:00:00,7,5,2
2014-05-31 06:00:00,8,5,3
2014-05-31 07:00:00,38,20,18
2014-05-31 08:00:00,65,30,35
2014-05-31 09:00:00,71,37,34
2014-05-31 10:00:00,107,51,56
2014-05-31 11:00:00,192,121,71
2014-05-31 12:00:00,198,129,69
2014-05-31 13:00:00,197,85,112
2014-05-31 14:00:00,163,81,82
2014-05-31 15:00:00,293,91,202
2014-05-31 16:00:00,163,84,79
2014-05-31 17:00:00,149,63,86
2014-05-31 18:00:00,90,36,54
2014-05-31 19:00:00,86,40,46
2014-05-31 20:00:00,47,17,30
2014-05-31 21:00:00,27,11,16
2014-05-31 22:00:00,10,4,6
2014-05-31 23:00:00,15,1,14
2014-06-01 00:00:00,9,2,7
2014-06-01 01:00:00,2,0,2
2014-06-01 02:00:00,9,3,6
2014-06-01 03:00:00,0,0,0
2014-06-01 04:00:00,0,0,0
2014-06-01 05:00:00,3,1,2
2014-06-01 06:00:00,14,8,6
2014-06-01 07:00:00,26,14,12
2014-06-01 08:00:00,32,21,11
2014-06-01 09:00:00,61,27,34
2014-06-01 10:00:00,95,64,31
2014-06-01 11:00:00,122,57,65
2014-06-01 12:00:00,126,70,56
2014-06-01 13:00:00,171,81,90
2014-06-01 14:00:00,196,73,123
2014-06-01 15:00:00,184,98,86
2014-06-01 16:00:00,176,79,97
2014-06-01 17:00:00,127,51,76
2014-06-01 18:00:00,124,61,63
2014-06-01 19:00:00,84,29,55
2014-06-01 20:00:00,59,27,32
2014-06-01 21:00:00,15,8,7
2014-06-01 22:00:00,18,10,8
2014-06-01 23:00:00,3,1,2
2014-06-02 00:00:00,7,1,6
2014-06-02 01:00:00,0,0,0
2014-06-02 02:00:00,1,0,1
2014-06-02 03:00:00,0,0,0
2014-06-02 04:00:00,1,1,0
2014-06-02 05:00:00,38,28,10
2014-06-02 06:00:00,83,55,28
2014-06-02 07:00:00,190,141,49
2014-06-02 08:00:00,212,168,44
2014-06-02 09:00:00,111,78,33
2014-06-02 10:00:00,50,31,19
2014-06-02 11:00:00,57,32,25
2014-06-02 12:00:00,53,28,25
2014-06-02 13:00:00,56,24,32
2014-06-02 14:00:00,49,25,24
2014-06-02 15:00:00,96,43,53
2014-06-02 16:00:00,170,52,118
2014-06-02 17:00:00,332,86,246
2014-06-02 18:00:00,236,70,166
2014-06-02 19:00:00,147,46,101
2014-06-02 20:00:00,92,45,47
2014-06-02 21:00:00,17,8,9
2014-06-02 22:00:00,7,2,5
2014-06-02 23:00:00,8,4,4
2014-06-03 00:00:00,2,0,2
2014-06-03 01:00:00,0,0,0
2014-06-03 02:00:00,1,0,1
2014-06-03 03:00:00,0,0,0
2014-06-03 04:00:00,1,1,0
2014-06-03 05:00:00,31,18,13
2014-06-03 06:00:00,68,54,14
2014-06-03 07:00:00,215,149,66
2014-06-03 08:00:00,204,168,36
2014-06-03 09:00:00,116,86,30
2014-06-03 10:00:00,55,36,19
2014-06-03 11:00:00,29,15,14
2014-06-03 12:00:00,40,23,17
2014-06-03 13:00:00,47,26,21
2014-06-03 14:00:00,56,25,31
2014-06-03 15:00:00,75,33,42
2014-06-03 16:00:00,160,50,110
2014-06-03 17:00:00,294,64,230
2014-06-03 18:00:00,189,46,143
2014-06-03 19:00:00,106,42,64
2014-06-03 20:00:00,38,13,25
2014-06-03 21:00:00,21,11,10
2014-06-03 22:00:00,9,1,8
2014-06-03 23:00:00,10,5,5
2014-06-04 00:00:00,0,0,0
2014-06-04 01:00:00,1,0,1
2014-06-04 02:00:00,1,0,1
2014-06-04 03:00:00,0,0,0
2014-06-04 04:00:00,1,1,0
2014-06-04 05:00:00,30,19,11
2014-06-04 06:00:00,72,42,30
2014-06-04 07:00:00,194,123,71
2014-06-04 08:00:00,203,160,43
2014-06-04 09:00:00,107,78,29
2014-06-04 10:00:00,50,26,24
2014-06-04 11:00:00,48,23,25
2014-06-04 12:00:00,44,32,12
2014-06-04 13:00:00,64,25,39
2014-06-04 14:00:00,80,37,43
2014-06-04 15:00:00,92,40,52
2014-06-04 16:00:00,186,70,116
2014-06-04 17:00:00,325,88,237
2014-06-04 18:00:00,227,71,156
2014-06-04 19:00:00,144,55,89
2014-06-04 20:00:00,52,21,31
2014-06-04 21:00:00,17,6,11
2014-06-04 22:00:00,12,4,8
2014-06-04 23:00:00,5,3,2
2014-06-05 00:00:00,5,1,4
2014-06-05 01:00:00,1,0,1
2014-06-05 02:00:00,1,0,1
2014-06-05 03:00:00,2,1,1
2014-06-05 04:00:00,1,1,0
2014-06-05 05:00:00,30,16,14
2014-06-05 06:00:00,72,51,21
2014-06-05 07:00:00,190,132,58
2014-06-05 08:00:00,207,155,52
2014-06-05 09:00:00,124,97,27
2014-06-05 10:00:00,56,30,26
2014-06-05 11:00:00,44,27,17
2014-06-05 12:00:00,50,22,28
2014-06-05 13:00:00,70,34,36
2014-06-05 14:00:00,67,33,34
2014-06-05 15:00:00,118,50,68
2014-06-05 16:00:00,165,59,106
2014-06-05 17:00:00,312,96,216
2014-06-05 18:00:00,221,71,150
2014-06-05 19:00:00,117,38,79
2014-06-05 20:00:00,98,41,57
2014-06-05 21:00:00,32,14,18
2014-06-05 22:00:00,28,11,17
2014-06-05 23:00:00,13,6,7
2014-06-06 00:00:00,18,12,6
2014-06-06 01:00:00,0,0,0
2014-06-06 02:00:00,3,0,3
2014-06-06 03:00:00,0,0,0
2014-06-06 04:00:00,1,0,1
2014-06-06 05:00:00,29,18,11
2014-06-06 06:00:00,73,47,26
2014-06-06 07:00:00,173,116,57
2014-06-06 08:00:00,179,124,55
2014-06-06 09:00:00,97,75,22
2014-06-06 10:00:00,57,36,21
2014-06-06 11:00:00,51,32,19
2014-06-06 12:00:00,52,22,30
2014-06-06 13:00:00,80,37,43
2014-06-06 14:00:00,95,40,55
2014-06-06 15:00:00,114,49,65
2014-06-06 16:00:00,200,70,130
2014-06-06 17:00:00,277,60,217
2014-06-06 18:00:00,144,44,100
2014-06-06 19:00:00,116,51,65
2014-06-06 20:00:00,55,25,30
2014-06-06 21:00:00,19,9,10
2014-06-06 22:00:00,16,5,11
2014-06-06 23:00:00,14,3,11
2014-06-07 00:00:00,14,1,13
2014-06-07 01:00:00,9,5,4
2014-06-07 02:00:00,5,4,1
2014-06-07 03:00:00,1,0,1
2014-06-07 04:00:00,0,0,0
2014-06-07 05:00:00,3,3,0
2014-06-07 06:00:00,12,7,5
2014-06-07 07:00:00,38,18,20
2014-06-07 08:00:00,38,21,17
2014-06-07 09:00:00,81,50,31
2014-06-07 10:00:00,125,58,67
2014-06-07 11:00:00,140,70,70
2014-06-07 12:00:00,131,72,59
2014-06-07 13:00:00,192,91,101
2014-06-07 14:00:00,197,91,106
2014-06-07 15:00:00,201,128,73
2014-06-07 16:00:00,188,85,103
2014-06-07 17:00:00,152,67,85
2014-06-07 18:00:00,119,54,65
2014-06-07 19:00:00,99,46,53
2014-06-07 20:00:00,58,30,28
2014-06-07 21:00:00,38,20,18
2014-06-07 22:00:00,12,6,6
2014-06-07 23:00:00,5,2,3
2014-06-08 00:00:00,5,4,1
2014-06-08 01:00:00,3,0,3
2014-06-08 02:00:00,4,0,4
2014-06-08 03:00:00,0,0,0
2014-06-08 04:00:00,0,0,0
2014-06-08 05:00:00,6,3,3
2014-06-08 06:00:00,16,10,6
2014-06-08 07:00:00,41,14,27
2014-06-08 08:00:00,218,42,176
2014-06-08 09:00:00,267,48,219
2014-06-08 10:00:00,152,55,97
2014-06-08 11:00:00,130,58,72
2014-06-08 12:00:00,149,79,70
2014-06-08 13:00:00,235,137,98
2014-06-08 14:00:00,289,185,104
2014-06-08 15:00:00,266,167,99
2014-06-08 16:00:00,231,131,100
2014-06-08 17:00:00,147,61,86
2014-06-08 18:00:00,85,39,46
2014-06-08 19:00:00,67,44,23
2014-06-08 20:00:00,50,20,30
2014-06-08 21:00:00,9,3,6
2014-06-08 22:00:00,14,6,8
2014-06-08 23:00:00,4,2,2
2014-06-09 00:00:00,4,2,2
2014-06-09 01:00:00,4,0,4
2014-06-09 02:00:00,1,1,0
2014-06-09 03:00:00,0,0,0
2014-06-09 04:00:00,1,1,0
2014-06-09 05:00:00,35,21,14
2014-06-09 06:00:00,40,28,12
2014-06-09 07:00:00,184,119,65
2014-06-09 08:00:00,197,164,33
2014-06-09 09:00:00,122,90,32
2014-06-09 10:00:00,48,28,20
2014-06-09 11:00:00,49,25,24
2014-06-09 12:00:00,54,24,30
2014-06-09 13:00:00,60,36,24
2014-06-09 14:00:00,51,27,24
2014-06-09 15:00:00,116,40,76
2014-06-09 16:00:00,140,51,89
2014-06-09 17:00:00,279,60,219
2014-06-09 18:00:00,181,39,142
2014-06-09 19:00:00,107,35,72
2014-06-09 20:00:00,55,27,28
2014-06-09 21:00:00,11,1,10
2014-06-09 22:00:00,12,8,4
2014-06-09 23:00:00,9,3,6
2014-06-10 00:00:00,2,1,1
2014-06-10 01:00:00,3,0,3
2014-06-10 02:00:00,1,0,1
2014-06-10 03:00:00,1,1,0
2014-06-10 04:00:00,1,0,1
2014-06-10 05:00:00,39,26,13
2014-06-10 06:00:00,62,43,19
2014-06-10 07:00:00,219,160,59
2014-06-10 08:00:00,188,155,33
2014-06-10 09:00:00,111,80,31
2014-06-10 10:00:00,37,27,10
2014-06-10 11:00:00,35,21,14
2014-06-10 12:00:00,47,18,29
2014-06-10 13:00:00,62,32,30
2014-06-10 14:00:00,62,37,25
2014-06-10 15:00:00,92,42,50
2014-06-10 16:00:00,165,58,107
2014-06-10 17:00:00,274,62,212
2014-06-10 18:00:00,229,58,171
2014-06-10 19:00:00,104,35,69
2014-06-10 20:00:00,49,25,24
2014-06-10 21:00:00,15,5,10
2014-06-10 22:00:00,14,3,11
2014-06-10 23:00:00,9,1,8
2014-06-11 00:00:00,3,1,2
2014-06-11 01:00:00,3,0,3
2014-06-11 02:00:00,1,0,1
2014-06-11 03:00:00,0,0,0
2014-06-11 04:00:00,2,2,0
2014-06-11 05:00:00,37,24,13
2014-06-11 06:00:00,106,79,27
2014-06-11 07:00:00,230,173,57
2014-06-11 08:00:00,218,129,89
2014-06-11 09:00:00,133,89,44
2014-06-11 10:00:00,58,39,19
2014-06-11 11:00:00,44,23,21
2014-06-11 12:00:00,82,39,43
2014-06-11 13:00:00,83,39,44
2014-06-11 14:00:00,102,51,51
2014-06-11 15:00:00,119,59,60
2014-06-11 16:00:00,219,82,137
2014-06-11 17:00:00,346,104,242
2014-06-11 18:00:00,254,62,192
2014-06-11 19:00:00,116,46,70
2014-06-11 20:00:00,53,20,33
2014-06-11 21:00:00,28,9,19
2014-06-11 22:00:00,15,7,8
2014-06-11 23:00:00,5,2,3
2014-06-12 00:00:00,8,3,5
2014-06-12 01:00:00,3,1,2
2014-06-12 02:00:00,3,0,3
2014-06-12 03:00:00,0,0,0
2014-06-12 04:00:00,2,1,1
2014-06-12 05:00:00,26,14,12
2014-06-12 06:00:00,65,47,18
2014-06-12 07:00:00,184,123,61
2014-06-12 08:00:00,189,139,50
2014-06-12 09:00:00,93,73,20
2014-06-12 10:00:00,42,27,15
2014-06-12 11:00:00,32,20,12
2014-06-12 12:00:00,40,19,21
2014-06-12 13:00:00,49,19,30
2014-06-12 14:00:00,56,25,31
2014-06-12 15:00:00,66,28,38
2014-06-12 16:00:00,143,51,92
2014-06-12 17:00:00,294,86,208
2014-06-12 18:00:00,168,46,122
2014-06-12 19:00:00,84,25,59
2014-06-12 20:00:00,35,21,14
2014-06-12 21:00:00,19,7,12
2014-06-12 22:00:00,20,3,17
2014-06-12 23:00:00,6,1,5
2014-06-13 00:00:00,2,1,1
2014-06-13 01:00:00,3,0,3
2014-06-13 02:00:00,2,0,2
2014-06-13 03:00:00,0,0,0
2014-06-13 04:00:00,0,0,0
2014-06-13 05:00:00,22,16,6
2014-06-13 06:00:00,36,23,13
2014-06-13 07:00:00,89,60,29
2014-06-13 08:00:00,94,75,19
2014-06-13 09:00:00,53,32,21
2014-06-13 10:00:00,17,12,5
2014-06-13 11:00:00,14,8,6
2014-06-13 12:00:00,29,16,13
2014-06-13 13:00:00,32,12,20
2014-06-13 14:00:00,30,13,17
2014-06-13 15:00:00,48,24,24
2014-06-13 16:00:00,99,40,59
2014-06-13 17:00:00,129,24,105
2014-06-13 18:00:00,90,27,63
2014-06-13 19:00:00,35,11,24
2014-06-13 20:00:00,19,5,14
2014-06-13 21:00:00,5,1,4
2014-06-13 22:00:00,10,4,6
2014-06-13 23:00:00,8,4,4
2014-06-14 00:00:00,5,0,5
2014-06-14 01:00:00,3,1,2
2014-06-14 02:00:00,0,0,0
2014-06-14 03:00:00,0,0,0
2014-06-14 04:00:00,2,1,1
2014-06-14 05:00:00,8,8,0
2014-06-14 06:00:00,13,9,4
2014-06-14 07:00:00,17,9,8
2014-06-14 08:00:00,24,12,12
2014-06-14 09:00:00,54,22,32
2014-06-14 10:00:00,45,30,15
2014-06-14 11:00:00,76,38,38
2014-06-14 12:00:00,57,25,32
2014-06-14 13:00:00,95,41,54
2014-06-14 14:00:00,77,32,45
2014-06-14 15:00:00,101,61,40
2014-06-14 16:00:00,151,49,102
2014-06-14 17:00:00,86,46,40
2014-06-14 18:00:00,51,28,23
2014-06-14 19:00:00,46,18,28
2014-06-14 20:00:00,23,10,13
2014-06-14 21:00:00,4,1,3
2014-06-14 22:00:00,7,0,7
2014-06-14 23:00:00,0,0,0
2014-06-15 00:00:00,2,1,1
2014-06-15 01:00:00,3,0,3
2014-06-15 02:00:00,1,0,1
2014-06-15 03:00:00,1,0,1
2014-06-15 04:00:00,0,0,0
2014-06-15 05:00:00,3,3,0
2014-06-15 06:00:00,7,5,2
2014-06-15 07:00:00,10,3,7
2014-06-15 08:00:00,19,12,7
2014-06-15 09:00:00,40,22,18
2014-06-15 10:00:00,60,32,28
2014-06-15 11:00:00,71,38,33
2014-06-15 12:00:00,92,52,40
2014-06-15 13:00:00,43,18,25
2014-06-15 14:00:00,68,30,38
2014-06-15 15:00:00,79,33,46
2014-06-15 16:00:00,65,24,41
2014-06-15 17:00:00,45,21,24
2014-06-15 18:00:00,28,13,15
2014-06-15 19:00:00,13,2,11
2014-06-15 20:00:00,12,3,9
2014-06-15 21:00:00,4,2,2
2014-06-15 22:00:00,1,1,0
2014-06-15 23:00:00,1,0,1
2014-06-16 00:00:00,0,0,0
2014-06-16 01:00:00,2,0,2
2014-06-16 02:00:00,1,0,1
2014-06-16 03:00:00,0,0,0
2014-06-16 04:00:00,1,1,0
2014-06-16 05:00:00,25,15,10
2014-06-16 06:00:00,39,21,18
2014-06-16 07:00:00,113,72,41
2014-06-16 08:00:00,159,127,32
2014-06-16 09:00:00,66,45,21
2014-06-16 10:00:00,28,20,8
2014-06-16 11:00:00,17,10,7
2014-06-16 12:00:00,22,13,9
2014-06-16 13:00:00,37,26,11
2014-06-16 14:00:00,43,15,28
2014-06-16 15:00:00,69,39,30
2014-06-16 16:00:00,107,45,62
2014-06-16 17:00:00,209,59,150
2014-06-16 18:00:00,165,48,117
2014-06-16 19:00:00,102,41,61
2014-06-16 20:00:00,69,40,29
2014-06-16 21:00:00,30,17,13
2014-06-16 22:00:00,9,1,8
2014-06-16 23:00:00,10,2,8
2014-06-17 00:00:00,2,1,1
2014-06-17 01:00:00,1,0,1
2014-06-17 02:00:00,1,0,1
2014-06-17 03:00:00,0,0,0
2014-06-17 04:00:00,0,0,0
2014-06-17 05:00:00,28,15,13
2014-06-17 06:00:00,56,41,15
2014-06-17 07:00:00,170,118,52
2014-06-17 08:00:00,181,157,24
2014-06-17 09:00:00,169,145,24
2014-06-17 10:00:00,38,26,12
2014-06-17 11:00:00,41,23,18
2014-06-17 12:00:00,29,13,16
2014-06-17 13:00:00,52,31,21
2014-06-17 14:00:00,121,21,100
2014-06-17 15:00:00,85,34,51
2014-06-17 16:00:00,135,45,90
2014-06-17 17:00:00,267,70,197
2014-06-17 18:00:00,169,38,131
2014-06-17 19:00:00,138,63,75
2014-06-17 20:00:00,76,29,47
2014-06-17 21:00:00,26,16,10
2014-06-17 22:00:00,12,5,7
2014-06-17 23:00:00,2,0,2
2014-06-18 00:00:00,3,0,3
2014-06-18 01:00:00,3,0,3
2014-06-18 02:00:00,1,0,1
2014-06-18 03:00:00,0,0,0
2014-06-18 04:00:00,1,1,0
2014-06-18 05:00:00,45,29,16
2014-06-18 06:00:00,64,37,27
2014-06-18 07:00:00,186,125,61
2014-06-18 08:00:00,202,172,30
2014-06-18 09:00:00,111,84,27
2014-06-18 10:00:00,55,36,19
2014-06-18 11:00:00,44,20,24
2014-06-18 12:00:00,36,15,21
2014-06-18 13:00:00,45,24,21
2014-06-18 14:00:00,69,32,37
2014-06-18 15:00:00,72,33,39
2014-06-18 16:00:00,175,60,115
2014-06-18 17:00:00,301,77,224
2014-06-18 18:00:00,215,57,158
2014-06-18 19:00:00,139,46,93
2014-06-18 20:00:00,85,43,42
2014-06-18 21:00:00,15,8,7
2014-06-18 22:00:00,15,6,9
2014-06-18 23:00:00,2,0,2
2014-06-19 00:00:00,7,2,5
2014-06-19 01:00:00,3,0,3
2014-06-19 02:00:00,1,0,1
2014-06-19 03:00:00,0,0,0
2014-06-19 04:00:00,1,1,0
2014-06-19 05:00:00,37,21,16
2014-06-19 06:00:00,69,52,17
2014-06-19 07:00:00,156,110,46
2014-06-19 08:00:00,214,170,44
2014-06-19 09:00:00,110,82,28
2014-06-19 10:00:00,50,36,14
2014-06-19 11:00:00,45,21,24
2014-06-19 12:00:00,58,32,26
2014-06-19 13:00:00,66,41,25
2014-06-19 14:00:00,75,38,37
2014-06-19 15:00:00,122,50,72
2014-06-19 16:00:00,159,59,100
2014-06-19 17:00:00,334,86,248
2014-06-19 18:00:00,216,51,165
2014-06-19 19:00:00,116,46,70
2014-06-19 20:00:00,58,25,33
2014-06-19 21:00:00,7,1,6
2014-06-19 22:00:00,9,2,7
2014-06-19 23:00:00,5,1,4
2014-06-20 00:00:00,6,1,5
2014-06-20 01:00:00,0,0,0
2014-06-20 02:00:00,4,0,4
2014-06-20 03:00:00,0,0,0
2014-06-20 04:00:00,2,2,0
2014-06-20 05:00:00,31,19,12
2014-06-20 06:00:00,50,35,15
2014-06-20 07:00:00,151,105,46
2014-06-20 08:00:00,171,139,32
2014-06-20 09:00:00,80,61,19
2014-06-20 10:00:00,41,28,13
2014-06-20 11:00:00,44,29,15
2014-06-20 12:00:00,38,18,20
2014-06-20 13:00:00,60,31,29
2014-06-20 14:00:00,71,34,37
2014-06-20 15:00:00,122,52,70
2014-06-20 16:00:00,142,55,87
2014-06-20 17:00:00,217,53,164
2014-06-20 18:00:00,171,32,139
2014-06-20 19:00:00,83,32,51
2014-06-20 20:00:00,65,32,33
2014-06-20 21:00:00,30,17,13
2014-06-20 22:00:00,15,8,7
2014-06-20 23:00:00,16,7,9
2014-06-21 00:00:00,9,1,8
2014-06-21 01:00:00,5,0,5
2014-06-21 02:00:00,0,0,0
2014-06-21 03:00:00,1,0,1
2014-06-21 04:00:00,0,0,0
2014-06-21 05:00:00,7,5,2
2014-06-21 06:00:00,23,16,7
2014-06-21 07:00:00,54,38,16
2014-06-21 08:00:00,65,40,25
2014-06-21 09:00:00,94,44,50
2014-06-21 10:00:00,139,64,75
2014-06-21 11:00:00,179,64,115
2014-06-21 12:00:00,180,66,114
2014-06-21 13:00:00,142,46,96
2014-06-21 14:00:00,177,55,122
2014-06-21 15:00:00,149,61,88
2014-06-21 16:00:00,136,57,79
2014-06-21 17:00:00,132,64,68
2014-06-21 18:00:00,145,85,60
2014-06-21 19:00:00,108,65,43
2014-06-21 20:00:00,59,39,20
2014-06-21 21:00:00,17,9,8
2014-06-21 22:00:00,12,8,4
2014-06-21 23:00:00,11,6,5
2014-06-22 00:00:00,7,2,5
2014-06-22 01:00:00,2,2,0
2014-06-22 02:00:00,2,0,2
2014-06-22 03:00:00,0,0,0
2014-06-22 04:00:00,4,3,1
2014-06-22 05:00:00,4,1,3
2014-06-22 06:00:00,13,8,5
2014-06-22 07:00:00,18,11,7
2014-06-22 08:00:00,65,37,28
2014-06-22 09:00:00,105,54,51
2014-06-22 10:00:00,87,38,49
2014-06-22 11:00:00,101,42,59
2014-06-22 12:00:00,201,92,109
2014-06-22 13:00:00,169,73,96
2014-06-22 14:00:00,170,69,101
2014-06-22 15:00:00,115,56,59
2014-06-22 16:00:00,122,53,69
2014-06-22 17:00:00,145,58,87
2014-06-22 18:00:00,147,73,74
2014-06-22 19:00:00,90,31,59
2014-06-22 20:00:00,59,30,29
2014-06-22 21:00:00,24,9,15
2014-06-22 22:00:00,16,12,4
2014-06-22 23:00:00,8,3,5
2014-06-23 00:00:00,3,2,1
2014-06-23 01:00:00,2,0,2
2014-06-23 02:00:00,0,0,0
2014-06-23 03:00:00,1,0,1
2014-06-23 04:00:00,2,2,0
2014-06-23 05:00:00,32,23,9
2014-06-23 06:00:00,77,48,29
2014-06-23 07:00:00,198,144,54
2014-06-23 08:00:00,223,134,89
2014-06-23 09:00:00,95,57,38
2014-06-23 10:00:00,67,40,27
2014-06-23 11:00:00,59,30,29
2014-06-23 12:00:00,87,35,52
2014-06-23 13:00:00,70,46,24
2014-06-23 14:00:00,89,47,42
2014-06-23 15:00:00,90,33,57
2014-06-23 16:00:00,163,60,103
2014-06-23 17:00:00,304,71,233
2014-06-23 18:00:00,232,54,178
2014-06-23 19:00:00,94,42,52
2014-06-23 20:00:00,40,18,22
2014-06-23 21:00:00,15,5,10
2014-06-23 22:00:00,15,3,12
2014-06-23 23:00:00,8,2,6
2014-06-24 00:00:00,2,0,2
2014-06-24 01:00:00,1,0,1
2014-06-24 02:00:00,4,0,4
2014-06-24 03:00:00,0,0,0
2014-06-24 04:00:00,1,1,0
2014-06-24 05:00:00,37,23,14
2014-06-24 06:00:00,64,42,22
2014-06-24 07:00:00,169,115,54
2014-06-24 08:00:00,196,156,40
2014-06-24 09:00:00,91,70,21
2014-06-24 10:00:00,49,31,18
2014-06-24 11:00:00,37,23,14
2014-06-24 12:00:00,54,24,30
2014-06-24 13:00:00,42,19,23
2014-06-24 14:00:00,84,31,53
2014-06-24 15:00:00,85,49,36
2014-06-24 16:00:00,191,67,124
2014-06-24 17:00:00,288,78,210
2014-06-24 18:00:00,280,89,191
2014-06-24 19:00:00,129,50,79
2014-06-24 20:00:00,85,35,50
2014-06-24 21:00:00,20,7,13
2014-06-24 22:00:00,24,3,21
2014-06-24 23:00:00,6,2,4
2014-06-25 00:00:00,4,2,2
2014-06-25 01:00:00,4,2,2
2014-06-25 02:00:00,1,0,1
2014-06-25 03:00:00,1,0,1
2014-06-25 04:00:00,1,1,0
2014-06-25 05:00:00,42,28,14
2014-06-25 06:00:00,88,59,29
2014-06-25 07:00:00,182,130,52
2014-06-25 08:00:00,218,168,50
2014-06-25 09:00:00,96,77,19
2014-06-25 10:00:00,60,37,23
2014-06-25 11:00:00,39,24,15
2014-06-25 12:00:00,70,32,38
2014-06-25 13:00:00,56,31,25
2014-06-25 14:00:00,86,39,47
2014-06-25 15:00:00,94,32,62
2014-06-25 16:00:00,170,69,101
2014-06-25 17:00:00,314,88,226
2014-06-25 18:00:00,216,58,158
2014-06-25 19:00:00,110,54,56
2014-06-25 20:00:00,81,32,49
2014-06-25 21:00:00,25,10,15
2014-06-25 22:00:00,25,8,17
2014-06-25 23:00:00,17,2,15
2014-06-26 00:00:00,3,0,3
2014-06-26 01:00:00,1,0,1
2014-06-26 02:00:00,4,0,4
2014-06-26 03:00:00,1,1,0
2014-06-26 04:00:00,0,0,0
2014-06-26 05:00:00,30,19,11
2014-06-26 06:00:00,68,51,17
2014-06-26 07:00:00,169,119,50
2014-06-26 08:00:00,183,141,42
2014-06-26 09:00:00,102,72,30
2014-06-26 10:00:00,34,21,13
2014-06-26 11:00:00,67,36,31
2014-06-26 12:00:00,33,14,19
2014-06-26 13:00:00,48,25,23
2014-06-26 14:00:00,61,30,31
2014-06-26 15:00:00,77,35,42
2014-06-26 16:00:00,157,64,93
2014-06-26 17:00:00,233,53,180
2014-06-26 18:00:00,178,49,129
2014-06-26 19:00:00,64,23,41
2014-06-26 20:00:00,48,10,38
2014-06-26 21:00:00,14,4,10
2014-06-26 22:00:00,6,3,3
2014-06-26 23:00:00,2,0,2
2014-06-27 00:00:00,5,2,3
2014-06-27 01:00:00,2,1,1
2014-06-27 02:00:00,1,0,1
2014-06-27 03:00:00,2,1,1
2014-06-27 04:00:00,3,1,2
2014-06-27 05:00:00,29,22,7
2014-06-27 06:00:00,35,21,14
2014-06-27 07:00:00,130,95,35
2014-06-27 08:00:00,133,104,29
2014-06-27 09:00:00,70,57,13
2014-06-27 10:00:00,38,21,17
2014-06-27 11:00:00,30,15,15
2014-06-27 12:00:00,27,11,16
2014-06-27 13:00:00,39,16,23
2014-06-27 14:00:00,54,29,25
2014-06-27 15:00:00,75,32,43
2014-06-27 16:00:00,126,49,77
2014-06-27 17:00:00,174,40,134
2014-06-27 18:00:00,113,24,89
2014-06-27 19:00:00,47,22,25
2014-06-27 20:00:00,34,15,19
2014-06-27 21:00:00,13,2,11
2014-06-27 22:00:00,13,5,8
2014-06-27 23:00:00,8,1,7
2014-06-28 00:00:00,4,2,2
2014-06-28 01:00:00,4,2,2
2014-06-28 02:00:00,1,0,1
2014-06-28 03:00:00,2,0,2
2014-06-28 04:00:00,0,0,0
2014-06-28 05:00:00,3,1,2
2014-06-28 06:00:00,17,11,6
2014-06-28 07:00:00,25,12,13
2014-06-28 08:00:00,47,24,23
2014-06-28 09:00:00,56,28,28
2014-06-28 10:00:00,50,25,25
2014-06-28 11:00:00,74,34,40
2014-06-28 12:00:00,78,33,45
2014-06-28 13:00:00,89,49,40
2014-06-28 14:00:00,53,22,31
2014-06-28 15:00:00,96,50,46
2014-06-28 16:00:00,77,31,46
2014-06-28 17:00:00,61,32,29
2014-06-28 18:00:00,68,34,34
2014-06-28 19:00:00,53,26,27
2014-06-28 20:00:00,28,14,14
2014-06-28 21:00:00,14,9,5
2014-06-28 22:00:00,15,2,13
2014-06-28 23:00:00,8,1,7
2014-06-29 00:00:00,4,2,2
2014-06-29 01:00:00,0,0,0
2014-06-29 02:00:00,0,0,0
2014-06-29 03:00:00,3,0,3
2014-06-29 04:00:00,1,1,0
2014-06-29 05:00:00,13,10,3
2014-06-29 06:00:00,19,7,12
2014-06-29 07:00:00,28,20,8
2014-06-29 08:00:00,21,11,10
2014-06-29 09:00:00,62,36,26
2014-06-29 10:00:00,86,50,36
2014-06-29 11:00:00,98,54,44
2014-06-29 12:00:00,111,59,52
2014-06-29 13:00:00,99,50,49
2014-06-29 14:00:00,154,66,88
2014-06-29 15:00:00,157,68,89
2014-06-29 16:00:00,125,42,83
2014-06-29 17:00:00,76,36,40
2014-06-29 18:00:00,68,35,33
2014-06-29 19:00:00,62,27,35
2014-06-29 20:00:00,51,19,32
2014-06-29 21:00:00,33,13,20
2014-06-29 22:00:00,10,6,4
2014-06-29 23:00:00,3,0,3
2014-06-30 00:00:00,5,0,5
2014-06-30 01:00:00,1,1,0
2014-06-30 02:00:00,1,0,1
2014-06-30 03:00:00,1,0,1
2014-06-30 04:00:00,2,2,0
2014-06-30 05:00:00,24,17,7
2014-06-30 06:00:00,74,45,29
2014-06-30 07:00:00,187,134,53
2014-06-30 08:00:00,234,168,66
2014-06-30 09:00:00,116,69,47
2014-06-30 10:00:00,55,39,16
2014-06-30 11:00:00,68,31,37
2014-06-30 12:00:00,59,26,33
2014-06-30 13:00:00,83,44,39
2014-06-30 14:00:00,82,54,28
2014-06-30 15:00:00,98,42,56
2014-06-30 16:00:00,188,63,125
2014-06-30 17:00:00,321,79,242
2014-06-30 18:00:00,278,78,200
2014-06-30 19:00:00,159,61,98
2014-06-30 20:00:00,110,44,66
2014-06-30 21:00:00,27,13,14
2014-06-30 22:00:00,24,13,11
2014-06-30 23:00:00,15,5,10
2014-07-01 00:00:00,9,3,6
2014-07-01 01:00:00,1,0,1
2014-07-01 02:00:00,5,0,5
2014-07-01 03:00:00,0,0,0
2014-07-01 04:00:00,0,0,0
2014-07-01 05:00:00,36,24,12
2014-07-01 06:00:00,113,79,34
2014-07-01 07:00:00,224,170,54
2014-07-01 08:00:00,227,115,112
2014-07-01 09:00:00,110,62,48
2014-07-01 10:00:00,68,45,23
2014-07-01 11:00:00,81,38,43
2014-07-01 12:00:00,50,24,26
2014-07-01 13:00:00,61,34,27
2014-07-01 14:00:00,62,27,35
2014-07-01 15:00:00,104,40,64
2014-07-01 16:00:00,243,78,165
2014-07-01 17:00:00,352,65,287
2014-07-01 18:00:00,264,67,197
2014-07-01 19:00:00,159,63,96
2014-07-01 20:00:00,98,44,54
2014-07-01 21:00:00,35,15,20
2014-07-01 22:00:00,17,7,10
2014-07-01 23:00:00,9,1,8
2014-07-02 00:00:00,10,0,10
2014-07-02 01:00:00,3,1,2
2014-07-02 02:00:00,2,0,2
2014-07-02 03:00:00,0,0,0
2014-07-02 04:00:00,0,0,0
2014-07-02 05:00:00,41,27,14
2014-07-02 06:00:00,64,48,16
2014-07-02 07:00:00,189,140,49
2014-07-02 08:00:00,185,148,37
2014-07-02 09:00:00,125,97,28
2014-07-02 10:00:00,50,30,20
2014-07-02 11:00:00,47,28,19
2014-07-02 12:00:00,54,27,27
2014-07-02 13:00:00,70,31,39
2014-07-02 14:00:00,57,26,31
2014-07-02 15:00:00,133,58,75
2014-07-02 16:00:00,185,60,125
2014-07-02 17:00:00,343,92,251
2014-07-02 18:00:00,233,61,172
2014-07-02 19:00:00,123,43,80
2014-07-02 20:00:00,95,40,55
2014-07-02 21:00:00,28,12,16
2014-07-02 22:00:00,14,6,8
2014-07-02 23:00:00,6,2,4
2014-07-03 00:00:00,6,5,1
2014-07-03 01:00:00,0,0,0
2014-07-03 02:00:00,3,0,3
2014-07-03 03:00:00,0,0,0
2014-07-03 04:00:00,2,0,2
2014-07-03 05:00:00,31,17,14
2014-07-03 06:00:00,70,50,20
2014-07-03 07:00:00,153,115,38
2014-07-03 08:00:00,153,114,39
2014-07-03 09:00:00,83,63,20
2014-07-03 10:00:00,45,29,16
2014-07-03 11:00:00,47,29,18
2014-07-03 12:00:00,52,28,24
2014-07-03 13:00:00,68,28,40
2014-07-03 14:00:00,113,42,71
2014-07-03 15:00:00,129,37,92
2014-07-03 16:00:00,191,67,124
2014-07-03 17:00:00,194,50,144
2014-07-03 18:00:00,123,42,81
2014-07-03 19:00:00,107,39,68
2014-07-03 20:00:00,50,28,22
2014-07-03 21:00:00,20,5,15
2014-07-03 22:00:00,19,4,15
2014-07-03 23:00:00,11,7,4
2014-07-04 00:00:00,5,1,4
2014-07-04 01:00:00,1,0,1
2014-07-04 02:00:00,1,0,1
2014-07-04 03:00:00,2,1,1
2014-07-04 04:00:00,1,0,1
2014-07-04 05:00:00,7,4,3
2014-07-04 06:00:00,22,7,15
2014-07-04 07:00:00,35,19,16
2014-07-04 08:00:00,49,31,18
2014-07-04 09:00:00,77,45,32
2014-07-04 10:00:00,146,86,60
2014-07-04 11:00:00,110,62,48
2014-07-04 12:00:00,158,68,90
2014-07-04 13:00:00,131,61,70
2014-07-04 14:00:00,110,49,61
2014-07-04 15:00:00,152,63,89
2014-07-04 16:00:00,119,53,66
2014-07-04 17:00:00,112,58,54
2014-07-04 18:00:00,45,13,32
2014-07-04 19:00:00,26,10,16
2014-07-04 20:00:00,19,4,15
2014-07-04 21:00:00,12,5,7
2014-07-04 22:00:00,7,2,5
2014-07-04 23:00:00,13,6,7
2014-07-05 00:00:00,3,1,2
2014-07-05 01:00:00,4,0,4
2014-07-05 02:00:00,2,0,2
2014-07-05 03:00:00,2,0,2
2014-07-05 04:00:00,1,0,1
2014-07-05 05:00:00,8,4,4
2014-07-05 06:00:00,6,4,2
2014-07-05 07:00:00,15,10,5
2014-07-05 08:00:00,40,13,27
2014-07-05 09:00:00,44,27,17
2014-07-05 10:00:00,74,33,41
2014-07-05 11:00:00,110,63,47
2014-07-05 12:00:00,146,73,73
2014-07-05 13:00:00,87,40,47
2014-07-05 14:00:00,72,34,38
2014-07-05 15:00:00,65,34,31
2014-07-05 16:00:00,107,48,59
2014-07-05 17:00:00,71,36,35
2014-07-05 18:00:00,73,30,43
2014-07-05 19:00:00,54,17,37
2014-07-05 20:00:00,35,17,18
2014-07-05 21:00:00,9,2,7
2014-07-05 22:00:00,13,4,9
2014-07-05 23:00:00,9,0,9
2014-07-06 00:00:00,8,3,5
2014-07-06 01:00:00,3,0,3
2014-07-06 02:00:00,4,0,4
2014-07-06 03:00:00,2,1,1
2014-07-06 04:00:00,1,1,0
2014-07-06 05:00:00,3,2,1
2014-07-06 06:00:00,12,10,2
2014-07-06 07:00:00,19,9,10
2014-07-06 08:00:00,55,33,22
2014-07-06 09:00:00,82,46,36
2014-07-06 10:00:00,96,42,54
2014-07-06 11:00:00,165,98,67
2014-07-06 12:00:00,180,72,108
2014-07-06 13:00:00,188,89,99
2014-07-06 14:00:00,199,80,119
2014-07-06 15:00:00,184,85,99
2014-07-06 16:00:00,164,64,100
2014-07-06 17:00:00,147,68,79
2014-07-06 18:00:00,128,53,75
2014-07-06 19:00:00,101,58,43
2014-07-06 20:00:00,66,34,32
2014-07-06 21:00:00,34,18,16
2014-07-06 22:00:00,7,4,3
2014-07-06 23:00:00,3,1,2
2014-07-07 00:00:00,5,2,3
2014-07-07 01:00:00,2,0,2
2014-07-07 02:00:00,2,1,1
2014-07-07 03:00:00,0,0,0
2014-07-07 04:00:00,1,1,0
2014-07-07 05:00:00,28,18,10
2014-07-07 06:00:00,59,42,17
2014-07-07 07:00:00,183,128,55
2014-07-07 08:00:00,167,135,32
2014-07-07 09:00:00,113,84,29
2014-07-07 10:00:00,66,50,16
2014-07-07 11:00:00,54,28,26
2014-07-07 12:00:00,45,23,22
2014-07-07 13:00:00,52,22,30
2014-07-07 14:00:00,66,30,36
2014-07-07 15:00:00,95,44,51
2014-07-07 16:00:00,179,63,116
2014-07-07 17:00:00,303,68,235
2014-07-07 18:00:00,234,75,159
2014-07-07 19:00:00,111,43,68
2014-07-07 20:00:00,96,43,53
2014-07-07 21:00:00,27,12,15
2014-07-07 22:00:00,29,10,19
2014-07-07 23:00:00,14,3,11
2014-07-08 00:00:00,3,1,2
2014-07-08 01:00:00,3,0,3
2014-07-08 02:00:00,6,3,3
2014-07-08 03:00:00,0,0,0
2014-07-08 04:00:00,3,2,1
2014-07-08 05:00:00,31,21,10
2014-07-08 06:00:00,78,51,27
2014-07-08 07:00:00,232,166,66
2014-07-08 08:00:00,256,145,111
2014-07-08 09:00:00,131,85,46
2014-07-08 10:00:00,69,41,28
2014-07-08 11:00:00,104,50,54
2014-07-08 12:00:00,91,48,43
2014-07-08 13:00:00,73,32,41
2014-07-08 14:00:00,62,29,33
2014-07-08 15:00:00,128,38,90
2014-07-08 16:00:00,211,74,137
2014-07-08 17:00:00,401,108,293
2014-07-08 18:00:00,251,75,176
2014-07-08 19:00:00,175,61,114
2014-07-08 20:00:00,150,76,74
2014-07-08 21:00:00,43,22,21
2014-07-08 22:00:00,31,9,22
2014-07-08 23:00:00,14,3,11
2014-07-09 00:00:00,8,3,5
2014-07-09 01:00:00,8,5,3
2014-07-09 02:00:00,4,0,4
2014-07-09 03:00:00,2,1,1
2014-07-09 04:00:00,0,0,0
2014-07-09 05:00:00,25,21,4
2014-07-09 06:00:00,82,57,25
2014-07-09 07:00:00,198,141,57
2014-07-09 08:00:00,239,120,119
2014-07-09 09:00:00,127,85,42
2014-07-09 10:00:00,78,40,38
2014-07-09 11:00:00,70,37,33
2014-07-09 12:00:00,67,39,28
2014-07-09 13:00:00,72,35,37
2014-07-09 14:00:00,79,48,31
2014-07-09 15:00:00,85,41,44
2014-07-09 16:00:00,182,59,123
2014-07-09 17:00:00,379,99,280
2014-07-09 18:00:00,256,87,169
2014-07-09 19:00:00,169,63,106
2014-07-09 20:00:00,88,44,44
2014-07-09 21:00:00,50,17,33
2014-07-09 22:00:00,36,13,23
2014-07-09 23:00:00,10,6,4
2014-07-10 00:00:00,6,2,4
2014-07-10 01:00:00,1,0,1
2014-07-10 02:00:00,2,0,2
2014-07-10 03:00:00,2,0,2
2014-07-10 04:00:00,3,2,1
2014-07-10 05:00:00,32,23,9
2014-07-10 06:00:00,79,48,31
2014-07-10 07:00:00,194,137,57
2014-07-10 08:00:00,217,163,54
2014-07-10 09:00:00,106,77,29
2014-07-10 10:00:00,77,45,32
2014-07-10 11:00:00,72,37,35
2014-07-10 12:00:00,58,33,25
2014-07-10 13:00:00,45,16,29
2014-07-10 14:00:00,104,50,54
2014-07-10 15:00:00,107,49,58
2014-07-10 16:00:00,191,67,124
2014-07-10 17:00:00,312,87,225
2014-07-10 18:00:00,228,80,148
2014-07-10 19:00:00,144,54,90
2014-07-10 20:00:00,98,38,60
2014-07-10 21:00:00,38,14,24
2014-07-10 22:00:00,21,2,19
2014-07-10 23:00:00,19,5,14
2014-07-11 00:00:00,8,5,3
2014-07-11 01:00:00,13,10,3
2014-07-11 02:00:00,8,4,4
2014-07-11 03:00:00,4,1,3
2014-07-11 04:00:00,2,1,1
2014-07-11 05:00:00,28,18,10
2014-07-11 06:00:00,73,50,23
2014-07-11 07:00:00,165,111,54
2014-07-11 08:00:00,223,123,100
2014-07-11 09:00:00,119,65,54
2014-07-11 10:00:00,73,46,27
2014-07-11 11:00:00,48,18,30
2014-07-11 12:00:00,58,31,27
2014-07-11 13:00:00,67,29,38
2014-07-11 14:00:00,82,33,49
2014-07-11 15:00:00,109,55,54
2014-07-11 16:00:00,177,54,123
2014-07-11 17:00:00,285,78,207
2014-07-11 18:00:00,184,62,122
2014-07-11 19:00:00,80,33,47
2014-07-11 20:00:00,54,17,37
2014-07-11 21:00:00,44,24,20
2014-07-11 22:00:00,48,11,37
2014-07-11 23:00:00,21,4,17
2014-07-12 00:00:00,14,1,13
2014-07-12 01:00:00,3,0,3
2014-07-12 02:00:00,4,2,2
2014-07-12 03:00:00,5,0,5
2014-07-12 04:00:00,0,0,0
2014-07-12 05:00:00,10,4,6
2014-07-12 06:00:00,13,6,7
2014-07-12 07:00:00,48,24,24
2014-07-12 08:00:00,86,46,40
2014-07-12 09:00:00,73,30,43
2014-07-12 10:00:00,140,70,70
2014-07-12 11:00:00,143,72,71
2014-07-12 12:00:00,163,63,100
2014-07-12 13:00:00,131,65,66
2014-07-12 14:00:00,104,39,65
2014-07-12 15:00:00,96,43,53
2014-07-12 16:00:00,114,63,51
2014-07-12 17:00:00,103,46,57
2014-07-12 18:00:00,98,54,44
2014-07-12 19:00:00,46,20,26
2014-07-12 20:00:00,64,25,39
2014-07-12 21:00:00,21,9,12
2014-07-12 22:00:00,38,11,27
2014-07-12 23:00:00,3,0,3
2014-07-13 00:00:00,13,3,10
2014-07-13 01:00:00,8,0,8
2014-07-13 02:00:00,3,2,1
2014-07-13 03:00:00,1,0,1
2014-07-13 04:00:00,1,0,1
2014-07-13 05:00:00,5,3,2
2014-07-13 06:00:00,11,6,5
2014-07-13 07:00:00,46,23,23
2014-07-13 08:00:00,56,24,32
2014-07-13 09:00:00,85,41,44
2014-07-13 10:00:00,108,51,57
2014-07-13 11:00:00,120,62,58
2014-07-13 12:00:00,111,44,67
2014-07-13 13:00:00,92,37,55
2014-07-13 14:00:00,74,39,35
2014-07-13 15:00:00,91,41,50
2014-07-13 16:00:00,127,67,60
2014-07-13 17:00:00,126,73,53
2014-07-13 18:00:00,84,48,36
2014-07-13 19:00:00,71,35,36
2014-07-13 20:00:00,49,21,28
2014-07-13 21:00:00,49,9,40
2014-07-13 22:00:00,52,4,48
2014-07-13 23:00:00,9,2,7
2014-07-14 00:00:00,2,0,2
2014-07-14 01:00:00,3,1,2
2014-07-14 02:00:00,1,0,1
2014-07-14 03:00:00,3,0,3
2014-07-14 04:00:00,4,3,1
2014-07-14 05:00:00,27,15,12
2014-07-14 06:00:00,73,50,23
2014-07-14 07:00:00,180,123,57
2014-07-14 08:00:00,202,126,76
2014-07-14 09:00:00,109,70,39
2014-07-14 10:00:00,63,35,28
2014-07-14 11:00:00,65,33,32
2014-07-14 12:00:00,56,23,33
2014-07-14 13:00:00,50,31,19
2014-07-14 14:00:00,71,34,37
2014-07-14 15:00:00,95,47,48
2014-07-14 16:00:00,143,53,90
2014-07-14 17:00:00,332,70,262
2014-07-14 18:00:00,219,68,151
2014-07-14 19:00:00,124,34,90
2014-07-14 20:00:00,86,44,42
2014-07-14 21:00:00,30,10,20
2014-07-14 22:00:00,20,9,11
2014-07-14 23:00:00,10,7,3
2014-07-15 00:00:00,3,0,3
2014-07-15 01:00:00,4,2,2
2014-07-15 02:00:00,2,1,1
2014-07-15 03:00:00,2,0,2
2014-07-15 04:00:00,2,2,0
2014-07-15 05:00:00,31,19,12
2014-07-15 06:00:00,81,47,34
2014-07-15 07:00:00,227,148,79
2014-07-15 08:00:00,224,174,50
2014-07-15 09:00:00,121,89,32
2014-07-15 10:00:00,46,31,15
2014-07-15 11:00:00,53,27,26
2014-07-15 12:00:00,73,44,29
2014-07-15 13:00:00,55,31,24
2014-07-15 14:00:00,52,22,30
2014-07-15 15:00:00,99,40,59
2014-07-15 16:00:00,185,78,107
2014-07-15 17:00:00,333,81,252
2014-07-15 18:00:00,255,62,193
2014-07-15 19:00:00,167,56,111
2014-07-15 20:00:00,91,52,39
2014-07-15 21:00:00,43,28,15
2014-07-15 22:00:00,19,3,16
2014-07-15 23:00:00,22,7,15
2014-07-16 00:00:00,2,0,2
2014-07-16 01:00:00,1,1,0
2014-07-16 02:00:00,7,7,0
2014-07-16 03:00:00,1,0,1
2014-07-16 04:00:00,1,1,0
2014-07-16 05:00:00,33,22,11
2014-07-16 06:00:00,93,67,26
2014-07-16 07:00:00,222,154,68
2014-07-16 08:00:00,235,126,109
2014-07-16 09:00:00,123,70,53
2014-07-16 10:00:00,72,45,27
2014-07-16 11:00:00,71,37,34
2014-07-16 12:00:00,70,36,34
2014-07-16 13:00:00,72,32,40
2014-07-16 14:00:00,72,34,38
2014-07-16 15:00:00,114,51,63
2014-07-16 16:00:00,201,90,111
2014-07-16 17:00:00,332,87,245
2014-07-16 18:00:00,268,92,176
2014-07-16 19:00:00,145,53,92
2014-07-16 20:00:00,112,49,63
2014-07-16 21:00:00,37,16,21
2014-07-16 22:00:00,23,9,14
2014-07-16 23:00:00,14,1,13
2014-07-17 00:00:00,8,2,6
2014-07-17 01:00:00,1,1,0
2014-07-17 02:00:00,2,0,2
2014-07-17 03:00:00,0,0,0
2014-07-17 04:00:00,2,1,1
2014-07-17 05:00:00,29,16,13
2014-07-17 06:00:00,76,52,24
2014-07-17 07:00:00,173,113,60
2014-07-17 08:00:00,179,134,45
2014-07-17 09:00:00,115,95,20
2014-07-17 10:00:00,58,33,25
2014-07-17 11:00:00,42,25,17
2014-07-17 12:00:00,45,29,16
2014-07-17 13:00:00,46,24,22
2014-07-17 14:00:00,51,31,20
2014-07-17 15:00:00,84,35,49
2014-07-17 16:00:00,197,68,129
2014-07-17 17:00:00,305,84,221
2014-07-17 18:00:00,216,65,151
2014-07-17 19:00:00,141,57,84
2014-07-17 20:00:00,110,48,62
2014-07-17 21:00:00,32,22,10
2014-07-17 22:00:00,47,37,10
2014-07-17 23:00:00,10,3,7
2014-07-18 00:00:00,1,1,0
2014-07-18 01:00:00,1,0,1
2014-07-18 02:00:00,3,0,3
2014-07-18 03:00:00,3,2,1
2014-07-18 04:00:00,2,2,0
2014-07-18 05:00:00,30,18,12
2014-07-18 06:00:00,63,39,24
2014-07-18 07:00:00,162,112,50
2014-07-18 08:00:00,179,138,41
2014-07-18 09:00:00,96,62,34
2014-07-18 10:00:00,52,32,20
2014-07-18 11:00:00,46,18,28
2014-07-18 12:00:00,57,27,30
2014-07-18 13:00:00,81,46,35
2014-07-18 14:00:00,109,62,47
2014-07-18 15:00:00,122,55,67
2014-07-18 16:00:00,189,59,130
2014-07-18 17:00:00,258,74,184
2014-07-18 18:00:00,169,42,127
2014-07-18 19:00:00,85,26,59
2014-07-18 20:00:00,69,32,37
2014-07-18 21:00:00,14,9,5
2014-07-18 22:00:00,23,13,10
2014-07-18 23:00:00,6,1,5
2014-07-19 00:00:00,10,2,8
2014-07-19 01:00:00,0,0,0
2014-07-19 02:00:00,3,0,3
2014-07-19 03:00:00,3,2,1
2014-07-19 04:00:00,1,0,1
2014-07-19 05:00:00,13,5,8
2014-07-19 06:00:00,17,13,4
2014-07-19 07:00:00,20,11,9
2014-07-19 08:00:00,41,14,27
2014-07-19 09:00:00,60,29,31
2014-07-19 10:00:00,76,56,20
2014-07-19 11:00:00,102,67,35
2014-07-19 12:00:00,110,72,38
2014-07-19 13:00:00,100,52,48
2014-07-19 14:00:00,110,38,72
2014-07-19 15:00:00,221,66,155
2014-07-19 16:00:00,140,46,94
2014-07-19 17:00:00,75,32,43
2014-07-19 18:00:00,71,29,42
2014-07-19 19:00:00,64,30,34
2014-07-19 20:00:00,30,13,17
2014-07-19 21:00:00,9,6,3
2014-07-19 22:00:00,13,5,8
2014-07-19 23:00:00,4,1,3
2014-07-20 00:00:00,4,2,2
2014-07-20 01:00:00,2,0,2
2014-07-20 02:00:00,0,0,0
2014-07-20 03:00:00,0,0,0
2014-07-20 04:00:00,1,1,0
2014-07-20 05:00:00,3,2,1
2014-07-20 06:00:00,8,5,3
2014-07-20 07:00:00,13,7,6
2014-07-20 08:00:00,21,11,10
2014-07-20 09:00:00,52,22,30
2014-07-20 10:00:00,60,38,22
2014-07-20 11:00:00,73,34,39
2014-07-20 12:00:00,93,48,45
2014-07-20 13:00:00,95,38,57
2014-07-20 14:00:00,96,33,63
2014-07-20 15:00:00,127,59,68
2014-07-20 16:00:00,83,46,37
2014-07-20 17:00:00,56,23,33
2014-07-20 18:00:00,62,26,36
2014-07-20 19:00:00,32,9,23
2014-07-20 20:00:00,20,8,12
2014-07-20 21:00:00,3,1,2
2014-07-20 22:00:00,5,2,3
2014-07-20 23:00:00,1,0,1
2014-07-21 00:00:00,0,0,0
2014-07-21 01:00:00,2,2,0
2014-07-21 02:00:00,2,0,2
2014-07-21 03:00:00,4,2,2
2014-07-21 04:00:00,3,3,0
2014-07-21 05:00:00,33,20,13
2014-07-21 06:00:00,59,35,24
2014-07-21 07:00:00,158,103,55
2014-07-21 08:00:00,217,158,59
2014-07-21 09:00:00,109,73,36
2014-07-21 10:00:00,46,29,17
2014-07-21 11:00:00,56,27,29
2014-07-21 12:00:00,46,25,21
2014-07-21 13:00:00,55,23,32
2014-07-21 14:00:00,64,32,32
2014-07-21 15:00:00,88,35,53
2014-07-21 16:00:00,186,81,105
2014-07-21 17:00:00,336,94,242
2014-07-21 18:00:00,237,83,154
2014-07-21 19:00:00,148,68,80
2014-07-21 20:00:00,94,39,55
2014-07-21 21:00:00,19,4,15
2014-07-21 22:00:00,24,7,17
2014-07-21 23:00:00,6,2,4
2014-07-22 00:00:00,7,3,4
2014-07-22 01:00:00,1,1,0
2014-07-22 02:00:00,3,0,3
2014-07-22 03:00:00,1,0,1
2014-07-22 04:00:00,2,2,0
2014-07-22 05:00:00,45,24,21
2014-07-22 06:00:00,85,54,31
2014-07-22 07:00:00,217,159,58
2014-07-22 08:00:00,213,167,46
2014-07-22 09:00:00,114,75,39
2014-07-22 10:00:00,45,26,19
2014-07-22 11:00:00,32,17,15
2014-07-22 12:00:00,59,33,26
2014-07-22 13:00:00,62,35,27
2014-07-22 14:00:00,65,31,34
2014-07-22 15:00:00,82,35,47
2014-07-22 16:00:00,167,63,104
2014-07-22 17:00:00,313,85,228
2014-07-22 18:00:00,237,64,173
2014-07-22 19:00:00,148,63,85
2014-07-22 20:00:00,67,23,44
2014-07-22 21:00:00,25,13,12
2014-07-22 22:00:00,18,3,15
2014-07-22 23:00:00,4,2,2
2014-07-23 00:00:00,3,1,2
2014-07-23 01:00:00,0,0,0
2014-07-23 02:00:00,1,0,1
2014-07-23 03:00:00,3,1,2
2014-07-23 04:00:00,2,2,0
2014-07-23 05:00:00,34,21,13
2014-07-23 06:00:00,49,32,17
2014-07-23 07:00:00,78,45,33
2014-07-23 08:00:00,90,75,15
2014-07-23 09:00:00,53,46,7
2014-07-23 10:00:00,17,11,6
2014-07-23 11:00:00,9,5,4
2014-07-23 12:00:00,11,3,8
2014-07-23 13:00:00,13,5,8
2014-07-23 14:00:00,15,8,7
2014-07-23 15:00:00,21,8,13
2014-07-23 16:00:00,62,22,40
2014-07-23 17:00:00,114,20,94
2014-07-23 18:00:00,87,17,70
2014-07-23 19:00:00,52,18,34
2014-07-23 20:00:00,22,11,11
2014-07-23 21:00:00,16,8,8
2014-07-23 22:00:00,6,2,4
2014-07-23 23:00:00,5,0,5
2014-07-24 00:00:00,2,0,2
2014-07-24 01:00:00,1,0,1
2014-07-24 02:00:00,1,0,1
2014-07-24 03:00:00,2,0,2
2014-07-24 04:00:00,1,1,0
2014-07-24 05:00:00,31,20,11
2014-07-24 06:00:00,47,22,25
2014-07-24 07:00:00,97,58,39
2014-07-24 08:00:00,125,96,29
2014-07-24 09:00:00,84,61,23
2014-07-24 10:00:00,39,22,17
2014-07-24 11:00:00,44,20,24
2014-07-24 12:00:00,32,18,14
2014-07-24 13:00:00,47,30,17
2014-07-24 14:00:00,34,23,11
2014-07-24 15:00:00,49,21,28
2014-07-24 16:00:00,94,42,52
2014-07-24 17:00:00,187,52,135
2014-07-24 18:00:00,137,32,105
2014-07-24 19:00:00,64,15,49
2014-07-24 20:00:00,39,13,26
2014-07-24 21:00:00,13,5,8
2014-07-24 22:00:00,11,3,8
2014-07-24 23:00:00,15,5,10
2014-07-25 00:00:00,5,2,3
2014-07-25 01:00:00,0,0,0
2014-07-25 02:00:00,5,0,5
2014-07-25 03:00:00,7,2,5
2014-07-25 04:00:00,5,2,3
2014-07-25 05:00:00,29,17,12
2014-07-25 06:00:00,62,38,24
2014-07-25 07:00:00,140,94,46
2014-07-25 08:00:00,152,113,39
2014-07-25 09:00:00,98,77,21
2014-07-25 10:00:00,66,44,22
2014-07-25 11:00:00,67,31,36
2014-07-25 12:00:00,54,23,31
2014-07-25 13:00:00,112,64,48
2014-07-25 14:00:00,107,56,51
2014-07-25 15:00:00,99,44,55
2014-07-25 16:00:00,205,64,141
2014-07-25 17:00:00,256,73,183
2014-07-25 18:00:00,198,78,120
2014-07-25 19:00:00,83,34,49
2014-07-25 20:00:00,71,30,41
2014-07-25 21:00:00,20,11,9
2014-07-25 22:00:00,15,5,10
2014-07-25 23:00:00,17,2,15
2014-07-26 00:00:00,8,2,6
2014-07-26 01:00:00,3,0,3
2014-07-26 02:00:00,1,0,1
2014-07-26 03:00:00,2,0,2
2014-07-26 04:00:00,5,1,4
2014-07-26 05:00:00,4,4,0
2014-07-26 06:00:00,20,12,8
2014-07-26 07:00:00,28,15,13
2014-07-26 08:00:00,51,23,28
2014-07-26 09:00:00,67,36,31
2014-07-26 10:00:00,103,48,55
2014-07-26 11:00:00,137,75,62
2014-07-26 12:00:00,155,82,73
2014-07-26 13:00:00,169,87,82
2014-07-26 14:00:00,168,78,90
2014-07-26 15:00:00,183,85,98
2014-07-26 16:00:00,171,66,105
2014-07-26 17:00:00,143,75,68
2014-07-26 18:00:00,120,62,58
2014-07-26 19:00:00,67,28,39
2014-07-26 20:00:00,73,30,43
2014-07-26 21:00:00,24,9,15
2014-07-26 22:00:00,22,7,15
2014-07-26 23:00:00,8,0,8
2014-07-27 00:00:00,5,2,3
2014-07-27 01:00:00,2,0,2
2014-07-27 02:00:00,5,1,4
2014-07-27 03:00:00,1,0,1
2014-07-27 04:00:00,2,1,1
2014-07-27 05:00:00,4,3,1
2014-07-27 06:00:00,5,1,4
2014-07-27 07:00:00,29,16,13
2014-07-27 08:00:00,51,20,31
2014-07-27 09:00:00,79,42,37
2014-07-27 10:00:00,94,53,41
2014-07-27 11:00:00,144,67,77
2014-07-27 12:00:00,187,91,96
2014-07-27 13:00:00,184,92,92
2014-07-27 14:00:00,156,73,83
2014-07-27 15:00:00,185,84,101
2014-07-27 16:00:00,132,57,75
2014-07-27 17:00:00,143,67,76
2014-07-27 18:00:00,115,48,67
2014-07-27 19:00:00,85,38,47
2014-07-27 20:00:00,67,40,27
2014-07-27 21:00:00,28,11,17
2014-07-27 22:00:00,19,4,15
2014-07-27 23:00:00,10,5,5
2014-07-28 00:00:00,3,1,2
2014-07-28 01:00:00,1,0,1
2014-07-28 02:00:00,4,1,3
2014-07-28 03:00:00,1,0,1
2014-07-28 04:00:00,0,0,0
2014-07-28 05:00:00,36,22,14
2014-07-28 06:00:00,75,47,28
2014-07-28 07:00:00,193,131,62
2014-07-28 08:00:00,227,137,90
2014-07-28 09:00:00,138,88,50
2014-07-28 10:00:00,75,36,39
2014-07-28 11:00:00,67,40,27
2014-07-28 12:00:00,66,32,34
2014-07-28 13:00:00,60,28,32
2014-07-28 14:00:00,74,40,34
2014-07-28 15:00:00,107,46,61
2014-07-28 16:00:00,188,63,125
2014-07-28 17:00:00,355,107,248
2014-07-28 18:00:00,247,87,160
2014-07-28 19:00:00,100,38,62
2014-07-28 20:00:00,68,27,41
2014-07-28 21:00:00,81,21,60
2014-07-28 22:00:00,26,4,22
2014-07-28 23:00:00,9,1,8
2014-07-29 00:00:00,4,2,2
2014-07-29 01:00:00,1,0,1
2014-07-29 02:00:00,1,0,1
2014-07-29 03:00:00,1,0,1
2014-07-29 04:00:00,1,0,1
2014-07-29 05:00:00,34,24,10
2014-07-29 06:00:00,78,49,29
2014-07-29 07:00:00,212,152,60
2014-07-29 08:00:00,244,153,91
2014-07-29 09:00:00,109,50,59
2014-07-29 10:00:00,83,55,28
2014-07-29 11:00:00,71,43,28
2014-07-29 12:00:00,90,45,45
2014-07-29 13:00:00,80,40,40
2014-07-29 14:00:00,88,42,46
2014-07-29 15:00:00,114,47,67
2014-07-29 16:00:00,215,80,135
2014-07-29 17:00:00,376,89,287
2014-07-29 18:00:00,254,74,180
2014-07-29 19:00:00,126,43,83
2014-07-29 20:00:00,107,46,61
2014-07-29 21:00:00,28,8,20
2014-07-29 22:00:00,17,8,9
2014-07-29 23:00:00,12,2,10
2014-07-30 00:00:00,4,3,1
2014-07-30 01:00:00,4,3,1
2014-07-30 02:00:00,1,0,1
2014-07-30 03:00:00,1,0,1
2014-07-30 04:00:00,1,1,0
2014-07-30 05:00:00,28,23,5
2014-07-30 06:00:00,87,54,33
2014-07-30 07:00:00,214,161,53
2014-07-30 08:00:00,231,145,86
2014-07-30 09:00:00,133,88,45
2014-07-30 10:00:00,73,43,30
2014-07-30 11:00:00,63,36,27
2014-07-30 12:00:00,73,43,30
2014-07-30 13:00:00,76,35,41
2014-07-30 14:00:00,76,38,38
2014-07-30 15:00:00,118,59,59
2014-07-30 16:00:00,206,67,139
2014-07-30 17:00:00,349,92,257
2014-07-30 18:00:00,256,73,183
2014-07-30 19:00:00,163,66,97
2014-07-30 20:00:00,105,48,57
2014-07-30 21:00:00,31,21,10
2014-07-30 22:00:00,18,11,7
2014-07-30 23:00:00,7,1,6
2014-07-31 00:00:00,6,1,5
2014-07-31 01:00:00,3,2,1
2014-07-31 02:00:00,2,0,2
2014-07-31 03:00:00,1,0,1
2014-07-31 04:00:00,3,1,2
2014-07-31 05:00:00,27,18,9
2014-07-31 06:00:00,85,48,37
2014-07-31 07:00:00,186,142,44
2014-07-31 08:00:00,196,124,72
2014-07-31 09:00:00,111,60,51
2014-07-31 10:00:00,72,37,35
2014-07-31 11:00:00,53,35,18
2014-07-31 12:00:00,67,37,30
2014-07-31 13:00:00,53,28,25
2014-07-31 14:00:00,100,47,53
2014-07-31 15:00:00,114,57,57
2014-07-31 16:00:00,169,64,105
2014-07-31 17:00:00,313,82,231
2014-07-31 18:00:00,240,72,168
2014-07-31 19:00:00,134,52,82
2014-07-31 20:00:00,104,46,58
2014-07-31 21:00:00,20,10,10
2014-07-31 22:00:00,29,4,25
2014-07-31 23:00:00,7,1,6
2014-08-01 00:00:00,6,0,6
2014-08-01 01:00:00,3,0,3
2014-08-01 02:00:00,1,0,1
2014-08-01 03:00:00,2,1,1
2014-08-01 04:00:00,2,1,1
2014-08-01 05:00:00,20,14,6
2014-08-01 06:00:00,76,49,27
2014-08-01 07:00:00,161,105,56
2014-08-01 08:00:00,191,121,70
2014-08-01 09:00:00,116,56,60
2014-08-01 10:00:00,59,38,21
2014-08-01 11:00:00,64,39,25
2014-08-01 12:00:00,69,43,26
2014-08-01 13:00:00,67,26,41
2014-08-01 14:00:00,84,48,36
2014-08-01 15:00:00,97,39,58
2014-08-01 16:00:00,153,53,100
2014-08-01 17:00:00,251,74,177
2014-08-01 18:00:00,174,57,117
2014-08-01 19:00:00,88,39,49
2014-08-01 20:00:00,65,26,39
2014-08-01 21:00:00,20,9,11
2014-08-01 22:00:00,30,18,12
2014-08-01 23:00:00,17,3,14
2014-08-02 00:00:00,15,1,14
2014-08-02 01:00:00,20,2,18
2014-08-02 02:00:00,10,0,10
2014-08-02 03:00:00,8,1,7
2014-08-02 04:00:00,1,0,1
2014-08-02 05:00:00,5,4,1
2014-08-02 06:00:00,13,9,4
2014-08-02 07:00:00,40,24,16
2014-08-02 08:00:00,50,27,23
2014-08-02 09:00:00,74,36,38
2014-08-02 10:00:00,87,56,31
2014-08-02 11:00:00,100,44,56
2014-08-02 12:00:00,123,59,64
2014-08-02 13:00:00,80,47,33
2014-08-02 14:00:00,131,49,82
2014-08-02 15:00:00,116,59,57
2014-08-02 16:00:00,129,65,64
2014-08-02 17:00:00,130,64,66
2014-08-02 18:00:00,94,31,63
2014-08-02 19:00:00,72,36,36
2014-08-02 20:00:00,62,21,41
2014-08-02 21:00:00,16,10,6
2014-08-02 22:00:00,11,2,9
2014-08-02 23:00:00,13,6,7
2014-08-03 00:00:00,3,0,3
2014-08-03 01:00:00,2,1,1
2014-08-03 02:00:00,3,1,2
2014-08-03 03:00:00,1,0,1
2014-08-03 04:00:00,0,0,0
2014-08-03 05:00:00,3,3,0
2014-08-03 06:00:00,11,5,6
2014-08-03 07:00:00,24,16,8
2014-08-03 08:00:00,50,17,33
2014-08-03 09:00:00,88,38,50
2014-08-03 10:00:00,128,62,66
2014-08-03 11:00:00,182,114,68
2014-08-03 12:00:00,132,68,64
2014-08-03 13:00:00,145,44,101
2014-08-03 14:00:00,169,83,86
2014-08-03 15:00:00,182,76,106
2014-08-03 16:00:00,148,57,91
2014-08-03 17:00:00,135,58,77
2014-08-03 18:00:00,72,33,39
2014-08-03 19:00:00,95,42,53
2014-08-03 20:00:00,75,33,42
2014-08-03 21:00:00,51,33,18
2014-08-03 22:00:00,13,6,7
2014-08-03 23:00:00,4,1,3
2014-08-04 00:00:00,4,3,1
2014-08-04 01:00:00,0,0,0
2014-08-04 02:00:00,2,1,1
2014-08-04 03:00:00,2,0,2
2014-08-04 04:00:00,3,2,1
2014-08-04 05:00:00,31,22,9
2014-08-04 06:00:00,69,39,30
2014-08-04 07:00:00,194,125,69
2014-08-04 08:00:00,228,164,64
2014-08-04 09:00:00,122,63,59
2014-08-04 10:00:00,74,48,26
2014-08-04 11:00:00,68,38,30
2014-08-04 12:00:00,64,29,35
2014-08-04 13:00:00,69,42,27
2014-08-04 14:00:00,61,31,30
2014-08-04 15:00:00,103,43,60
2014-08-04 16:00:00,201,112,89
2014-08-04 17:00:00,325,78,247
2014-08-04 18:00:00,260,77,183
2014-08-04 19:00:00,119,42,77
2014-08-04 20:00:00,72,28,44
2014-08-04 21:00:00,26,11,15
2014-08-04 22:00:00,16,8,8
2014-08-04 23:00:00,5,2,3
2014-08-05 00:00:00,4,1,3
2014-08-05 01:00:00,5,0,5
2014-08-05 02:00:00,0,0,0
2014-08-05 03:00:00,3,1,2
2014-08-05 04:00:00,1,1,0
2014-08-05 05:00:00,25,19,6
2014-08-05 06:00:00,75,51,24
2014-08-05 07:00:00,191,135,56
2014-08-05 08:00:00,200,144,56
2014-08-05 09:00:00,114,78,36
2014-08-05 10:00:00,59,31,28
2014-08-05 11:00:00,47,26,21
2014-08-05 12:00:00,70,32,38
2014-08-05 13:00:00,57,38,19
2014-08-05 14:00:00,78,46,32
2014-08-05 15:00:00,94,34,60
2014-08-05 16:00:00,199,73,126
2014-08-05 17:00:00,321,71,250
2014-08-05 18:00:00,228,81,147
2014-08-05 19:00:00,109,46,63
2014-08-05 20:00:00,78,29,49
2014-08-05 21:00:00,17,12,5
2014-08-05 22:00:00,22,1,21
2014-08-05 23:00:00,11,1,10
2014-08-06 00:00:00,4,3,1
2014-08-06 01:00:00,1,0,1
2014-08-06 02:00:00,0,0,0
2014-08-06 03:00:00,0,0,0
2014-08-06 04:00:00,2,1,1
2014-08-06 05:00:00,29,21,8
2014-08-06 06:00:00,56,34,22
2014-08-06 07:00:00,152,110,42
2014-08-06 08:00:00,216,166,50
2014-08-06 09:00:00,135,98,37
2014-08-06 10:00:00,68,40,28
2014-08-06 11:00:00,72,39,33
2014-08-06 12:00:00,73,33,40
2014-08-06 13:00:00,72,32,40
2014-08-06 14:00:00,71,36,35
2014-08-06 15:00:00,103,53,50
2014-08-06 16:00:00,172,57,115
2014-08-06 17:00:00,308,86,222
2014-08-06 18:00:00,202,50,152
2014-08-06 19:00:00,120,42,78
2014-08-06 20:00:00,94,39,55
2014-08-06 21:00:00,26,17,9
2014-08-06 22:00:00,10,2,8
2014-08-06 23:00:00,4,3,1
2014-08-07 00:00:00,5,1,4
2014-08-07 01:00:00,1,0,1
2014-08-07 02:00:00,2,0,2
2014-08-07 03:00:00,1,0,1
2014-08-07 04:00:00,4,2,2
2014-08-07 05:00:00,26,18,8
2014-08-07 06:00:00,78,53,25
2014-08-07 07:00:00,169,113,56
2014-08-07 08:00:00,223,160,63
2014-08-07 09:00:00,121,88,33
2014-08-07 10:00:00,68,36,32
2014-08-07 11:00:00,47,21,26
2014-08-07 12:00:00,87,52,35
2014-08-07 13:00:00,64,29,35
2014-08-07 14:00:00,94,42,52
2014-08-07 15:00:00,91,41,50
2014-08-07 16:00:00,172,67,105
2014-08-07 17:00:00,362,96,266
2014-08-07 18:00:00,227,67,160
2014-08-07 19:00:00,138,54,84
2014-08-07 20:00:00,94,33,61
2014-08-07 21:00:00,18,5,13
2014-08-07 22:00:00,18,1,17
2014-08-07 23:00:00,8,2,6
2014-08-08 00:00:00,9,4,5
2014-08-08 01:00:00,7,3,4
2014-08-08 02:00:00,2,1,1
2014-08-08 03:00:00,2,0,2
2014-08-08 04:00:00,2,2,0
2014-08-08 05:00:00,25,19,6
2014-08-08 06:00:00,67,41,26
2014-08-08 07:00:00,151,103,48
2014-08-08 08:00:00,183,137,46
2014-08-08 09:00:00,113,79,34
2014-08-08 10:00:00,52,29,23
2014-08-08 11:00:00,62,33,29
2014-08-08 12:00:00,72,45,27
2014-08-08 13:00:00,62,27,35
2014-08-08 14:00:00,108,45,63
2014-08-08 15:00:00,111,48,63
2014-08-08 16:00:00,169,63,106
2014-08-08 17:00:00,226,61,165
2014-08-08 18:00:00,180,57,123
2014-08-08 19:00:00,96,39,57
2014-08-08 20:00:00,68,33,35
2014-08-08 21:00:00,14,4,10
2014-08-08 22:00:00,22,5,17
2014-08-08 23:00:00,8,2,6
2014-08-09 00:00:00,6,0,6
2014-08-09 01:00:00,5,0,5
2014-08-09 02:00:00,4,3,1
2014-08-09 03:00:00,2,0,2
2014-08-09 04:00:00,1,0,1
2014-08-09 05:00:00,7,5,2
2014-08-09 06:00:00,16,11,5
2014-08-09 07:00:00,26,14,12
2014-08-09 08:00:00,52,25,27
2014-08-09 09:00:00,63,39,24
2014-08-09 10:00:00,116,66,50
2014-08-09 11:00:00,138,63,75
2014-08-09 12:00:00,146,74,72
2014-08-09 13:00:00,128,82,46
2014-08-09 14:00:00,155,76,79
2014-08-09 15:00:00,159,76,83
2014-08-09 16:00:00,149,60,89
2014-08-09 17:00:00,110,42,68
2014-08-09 18:00:00,96,40,56
2014-08-09 19:00:00,60,27,33
2014-08-09 20:00:00,60,26,34
2014-08-09 21:00:00,18,8,10
2014-08-09 22:00:00,13,3,10
2014-08-09 23:00:00,8,4,4
2014-08-10 00:00:00,6,3,3
2014-08-10 01:00:00,3,0,3
2014-08-10 02:00:00,0,0,0
2014-08-10 03:00:00,1,0,1
2014-08-10 04:00:00,1,1,0
2014-08-10 05:00:00,5,3,2
2014-08-10 06:00:00,10,5,5
2014-08-10 07:00:00,30,17,13
2014-08-10 08:00:00,40,21,19
2014-08-10 09:00:00,73,34,39
2014-08-10 10:00:00,107,56,51
2014-08-10 11:00:00,138,72,66
2014-08-10 12:00:00,124,73,51
2014-08-10 13:00:00,136,57,79
2014-08-10 14:00:00,166,76,90
2014-08-10 15:00:00,159,77,82
2014-08-10 16:00:00,122,55,67
2014-08-10 17:00:00,138,66,72
2014-08-10 18:00:00,93,54,39
2014-08-10 19:00:00,73,44,29
2014-08-10 20:00:00,53,26,27
2014-08-10 21:00:00,38,9,29
2014-08-10 22:00:00,83,2,81
2014-08-10 23:00:00,3,1,2
2014-08-11 00:00:00,10,3,7
2014-08-11 01:00:00,2,0,2
2014-08-11 02:00:00,1,1,0
2014-08-11 03:00:00,1,0,1
2014-08-11 04:00:00,5,4,1
2014-08-11 05:00:00,22,18,4
2014-08-11 06:00:00,69,43,26
2014-08-11 07:00:00,168,112,56
2014-08-11 08:00:00,214,154,60
2014-08-11 09:00:00,117,87,30
2014-08-11 10:00:00,68,49,19
2014-08-11 11:00:00,81,35,46
2014-08-11 12:00:00,62,29,33
2014-08-11 13:00:00,54,25,29
2014-08-11 14:00:00,74,39,35
2014-08-11 15:00:00,83,45,38
2014-08-11 16:00:00,140,52,88
2014-08-11 17:00:00,308,72,236
2014-08-11 18:00:00,220,65,155
2014-08-11 19:00:00,108,27,81
2014-08-11 20:00:00,57,26,31
2014-08-11 21:00:00,15,6,9
2014-08-11 22:00:00,19,1,18
2014-08-11 23:00:00,8,0,8
2014-08-12 00:00:00,6,1,5
2014-08-12 01:00:00,4,1,3
2014-08-12 02:00:00,5,2,3
2014-08-12 03:00:00,1,0,1
2014-08-12 04:00:00,0,0,0
2014-08-12 05:00:00,31,23,8
2014-08-12 06:00:00,78,48,30
2014-08-12 07:00:00,157,103,54
2014-08-12 08:00:00,190,150,40
2014-08-12 09:00:00,70,59,11
2014-08-12 10:00:00,52,37,15
2014-08-12 11:00:00,38,26,12
2014-08-12 12:00:00,35,18,17
2014-08-12 13:00:00,50,28,22
2014-08-12 14:00:00,46,27,19
2014-08-12 15:00:00,61,30,31
2014-08-12 16:00:00,180,66,114
2014-08-12 17:00:00,240,57,183
2014-08-12 18:00:00,165,48,117
2014-08-12 19:00:00,109,47,62
2014-08-12 20:00:00,47,16,31
2014-08-12 21:00:00,4,1,3
2014-08-12 22:00:00,12,0,12
2014-08-12 23:00:00,0,0,0
2014-08-13 00:00:00,6,3,3
2014-08-13 01:00:00,0,0,0
2014-08-13 02:00:00,1,0,1
2014-08-13 03:00:00,0,0,0
2014-08-13 04:00:00,0,0,0
2014-08-13 05:00:00,23,18,5
2014-08-13 06:00:00,43,24,19
2014-08-13 07:00:00,91,65,26
2014-08-13 08:00:00,149,109,40
2014-08-13 09:00:00,80,54,26
2014-08-13 10:00:00,37,27,10
2014-08-13 11:00:00,36,24,12
2014-08-13 12:00:00,29,18,11
2014-08-13 13:00:00,36,19,17
2014-08-13 14:00:00,34,14,20
2014-08-13 15:00:00,55,24,31
2014-08-13 16:00:00,104,51,53
2014-08-13 17:00:00,175,42,133
2014-08-13 18:00:00,171,47,124
2014-08-13 19:00:00,104,38,66
2014-08-13 20:00:00,49,19,30
2014-08-13 21:00:00,22,10,12
2014-08-13 22:00:00,6,2,4
2014-08-13 23:00:00,10,2,8
2014-08-14 00:00:00,6,3,3
2014-08-14 01:00:00,4,2,2
2014-08-14 02:00:00,6,0,6
2014-08-14 03:00:00,10,5,5
2014-08-14 04:00:00,2,1,1
2014-08-14 05:00:00,21,11,10
2014-08-14 06:00:00,56,33,23
2014-08-14 07:00:00,138,93,45
2014-08-14 08:00:00,173,129,44
2014-08-14 09:00:00,104,75,29
2014-08-14 10:00:00,57,36,21
2014-08-14 11:00:00,49,32,17
2014-08-14 12:00:00,58,30,28
2014-08-14 13:00:00,58,32,26
2014-08-14 14:00:00,79,40,39
2014-08-14 15:00:00,71,46,25
2014-08-14 16:00:00,116,47,69
2014-08-14 17:00:00,216,70,146
2014-08-14 18:00:00,162,49,113
2014-08-14 19:00:00,89,38,51
2014-08-14 20:00:00,49,19,30
2014-08-14 21:00:00,12,8,4
2014-08-14 22:00:00,18,9,9
2014-08-14 23:00:00,15,7,8
2014-08-15 00:00:00,8,4,4
2014-08-15 01:00:00,2,2,0
2014-08-15 02:00:00,9,5,4
2014-08-15 03:00:00,1,0,1
2014-08-15 04:00:00,0,0,0
2014-08-15 05:00:00,18,14,4
2014-08-15 06:00:00,28,25,3
2014-08-15 07:00:00,105,70,35
2014-08-15 08:00:00,116,87,29
2014-08-15 09:00:00,72,53,19
2014-08-15 10:00:00,48,36,12
2014-08-15 11:00:00,46,26,20
2014-08-15 12:00:00,37,14,23
2014-08-15 13:00:00,43,15,28
2014-08-15 14:00:00,45,14,31
2014-08-15 15:00:00,23,12,11
2014-08-15 16:00:00,49,26,23
2014-08-15 17:00:00,38,20,18
2014-08-15 18:00:00,44,23,21
2014-08-15 19:00:00,20,14,6
2014-08-15 20:00:00,55,45,10
2014-08-15 21:00:00,16,13,3
2014-08-15 22:00:00,13,9,4
2014-08-15 23:00:00,9,5,4
2014-08-16 00:00:00,4,3,1
2014-08-16 01:00:00,11,5,6
2014-08-16 02:00:00,6,2,4
2014-08-16 03:00:00,13,10,3
2014-08-16 04:00:00,0,0,0
2014-08-16 05:00:00,8,4,4
2014-08-16 06:00:00,8,5,3
2014-08-16 07:00:00,19,10,9
2014-08-16 08:00:00,40,30,10
2014-08-16 09:00:00,50,25,25
2014-08-16 10:00:00,31,14,17
2014-08-16 11:00:00,45,14,31
2014-08-16 12:00:00,49,18,31
2014-08-16 13:00:00,51,20,31
2014-08-16 14:00:00,46,26,20
2014-08-16 15:00:00,43,21,22
2014-08-16 16:00:00,31,17,14
2014-08-16 17:00:00,23,13,10
2014-08-16 18:00:00,21,15,6
2014-08-16 19:00:00,36,20,16
2014-08-16 20:00:00,40,27,13
2014-08-16 21:00:00,15,7,8
2014-08-16 22:00:00,34,30,4
2014-08-16 23:00:00,8,4,4
2014-08-17 00:00:00,14,7,7
2014-08-17 01:00:00,1,0,1
2014-08-17 02:00:00,5,3,2
2014-08-17 03:00:00,9,5,4
2014-08-17 04:00:00,8,6,2
2014-08-17 05:00:00,5,2,3
2014-08-17 06:00:00,14,8,6
2014-08-17 07:00:00,9,5,4
2014-08-17 08:00:00,40,22,18
2014-08-17 09:00:00,44,23,21
2014-08-17 10:00:00,47,15,32
2014-08-17 11:00:00,43,11,32
2014-08-17 12:00:00,52,32,20
2014-08-17 13:00:00,53,18,35
2014-08-17 14:00:00,40,20,20
2014-08-17 15:00:00,27,12,15
2014-08-17 16:00:00,48,25,23
2014-08-17 17:00:00,30,13,17
2014-08-17 18:00:00,43,15,28
2014-08-17 19:00:00,24,12,12
2014-08-17 20:00:00,56,41,15
2014-08-17 21:00:00,21,12,9
2014-08-17 22:00:00,53,40,13
2014-08-17 23:00:00,35,30,5
2014-08-18 00:00:00,7,4,3
2014-08-18 01:00:00,10,6,4
2014-08-18 02:00:00,11,9,2
2014-08-18 03:00:00,9,7,2
2014-08-18 04:00:00,19,18,1
2014-08-18 05:00:00,27,19,8
2014-08-18 06:00:00,45,23,22
2014-08-18 07:00:00,149,102,47
2014-08-18 08:00:00,206,146,60
2014-08-18 09:00:00,101,78,23
2014-08-18 10:00:00,44,30,14
2014-08-18 11:00:00,77,42,35
2014-08-18 12:00:00,70,28,42
2014-08-18 13:00:00,61,38,23
2014-08-18 14:00:00,78,39,39
2014-08-18 15:00:00,97,51,46
2014-08-18 16:00:00,161,66,95
2014-08-18 17:00:00,313,76,237
2014-08-18 18:00:00,189,67,122
2014-08-18 19:00:00,127,49,78
2014-08-18 20:00:00,70,35,35
2014-08-18 21:00:00,20,9,11
2014-08-18 22:00:00,4,4,0
2014-08-18 23:00:00,4,0,4
2014-08-19 00:00:00,2,0,2
2014-08-19 01:00:00,3,0,3
2014-08-19 02:00:00,0,0,0
2014-08-19 03:00:00,0,0,0
2014-08-19 04:00:00,0,0,0
2014-08-19 05:00:00,29,18,11
2014-08-19 06:00:00,77,45,32
2014-08-19 07:00:00,195,137,58
2014-08-19 08:00:00,207,153,54
2014-08-19 09:00:00,121,87,34
2014-08-19 10:00:00,45,25,20
2014-08-19 11:00:00,63,32,31
2014-08-19 12:00:00,64,32,32
2014-08-19 13:00:00,79,37,42
2014-08-19 14:00:00,73,42,31
2014-08-19 15:00:00,87,41,46
2014-08-19 16:00:00,178,69,109
2014-08-19 17:00:00,322,83,239
2014-08-19 18:00:00,223,49,174
2014-08-19 19:00:00,99,31,68
2014-08-19 20:00:00,65,32,33
2014-08-19 21:00:00,11,6,5
2014-08-19 22:00:00,13,4,9
2014-08-19 23:00:00,2,1,1
2014-08-20 00:00:00,2,0,2
2014-08-20 01:00:00,1,0,1
2014-08-20 02:00:00,1,0,1
2014-08-20 03:00:00,0,0,0
2014-08-20 04:00:00,0,0,0
2014-08-20 05:00:00,21,15,6
2014-08-20 06:00:00,68,40,28
2014-08-20 07:00:00,153,105,48
2014-08-20 08:00:00,200,164,36
2014-08-20 09:00:00,78,52,26
2014-08-20 10:00:00,42,28,14
2014-08-20 11:00:00,46,25,21
2014-08-20 12:00:00,44,23,21
2014-08-20 13:00:00,49,30,19
2014-08-20 14:00:00,45,22,23
2014-08-20 15:00:00,85,52,33
2014-08-20 16:00:00,137,47,90
2014-08-20 17:00:00,292,86,206
2014-08-20 18:00:00,217,75,142
2014-08-20 19:00:00,120,45,75
2014-08-20 20:00:00,63,29,34
2014-08-20 21:00:00,71,8,63
2014-08-20 22:00:00,20,6,14
2014-08-20 23:00:00,1,0,1
2014-08-21 00:00:00,5,0,5
2014-08-21 01:00:00,4,0,4
2014-08-21 02:00:00,6,5,1
2014-08-21 03:00:00,1,0,1
2014-08-21 04:00:00,4,2,2
2014-08-21 05:00:00,25,17,8
2014-08-21 06:00:00,56,30,26
2014-08-21 07:00:00,165,123,42
2014-08-21 08:00:00,180,137,43
2014-08-21 09:00:00,108,78,30
2014-08-21 10:00:00,61,32,29
2014-08-21 11:00:00,41,26,15
2014-08-21 12:00:00,59,26,33
2014-08-21 13:00:00,58,27,31
2014-08-21 14:00:00,53,32,21
2014-08-21 15:00:00,79,48,31
2014-08-21 16:00:00,148,52,96
2014-08-21 17:00:00,272,74,198
2014-08-21 18:00:00,200,64,136
2014-08-21 19:00:00,124,47,77
2014-08-21 20:00:00,51,24,27
2014-08-21 21:00:00,10,2,8
2014-08-21 22:00:00,10,5,5
2014-08-21 23:00:00,5,1,4
2014-08-22 00:00:00,3,0,3
2014-08-22 01:00:00,2,0,2
2014-08-22 02:00:00,2,0,2
2014-08-22 03:00:00,0,0,0
2014-08-22 04:00:00,0,0,0
2014-08-22 05:00:00,24,17,7
2014-08-22 06:00:00,49,30,19
2014-08-22 07:00:00,164,117,47
2014-08-22 08:00:00,180,145,35
2014-08-22 09:00:00,97,68,29
2014-08-22 10:00:00,47,30,17
2014-08-22 11:00:00,56,30,26
2014-08-22 12:00:00,56,34,22
2014-08-22 13:00:00,75,44,31
2014-08-22 14:00:00,81,38,43
2014-08-22 15:00:00,106,42,64
2014-08-22 16:00:00,188,70,118
2014-08-22 17:00:00,260,54,206
2014-08-22 18:00:00,151,37,114
2014-08-22 19:00:00,74,28,46
2014-08-22 20:00:00,46,20,26
2014-08-22 21:00:00,16,4,12
2014-08-22 22:00:00,33,7,26
2014-08-22 23:00:00,10,0,10
2014-08-23 00:00:00,9,0,9
2014-08-23 01:00:00,0,0,0
2014-08-23 02:00:00,7,0,7
2014-08-23 03:00:00,5,4,1
2014-08-23 04:00:00,2,1,1
2014-08-23 05:00:00,6,4,2
2014-08-23 06:00:00,17,10,7
2014-08-23 07:00:00,20,9,11
2014-08-23 08:00:00,71,34,37
2014-08-23 09:00:00,69,30,39
2014-08-23 10:00:00,115,88,27
2014-08-23 11:00:00,107,53,54
2014-08-23 12:00:00,133,60,73
2014-08-23 13:00:00,131,62,69
2014-08-23 14:00:00,124,62,62
2014-08-23 15:00:00,127,42,85
2014-08-23 16:00:00,126,55,71
2014-08-23 17:00:00,132,63,69
2014-08-23 18:00:00,108,54,54
2014-08-23 19:00:00,79,30,49
2014-08-23 20:00:00,44,26,18
2014-08-23 21:00:00,15,4,11
2014-08-23 22:00:00,12,4,8
2014-08-23 23:00:00,10,5,5
2014-08-24 00:00:00,6,0,6
2014-08-24 01:00:00,2,0,2
2014-08-24 02:00:00,2,0,2
2014-08-24 03:00:00,1,0,1
2014-08-24 04:00:00,1,0,1
2014-08-24 05:00:00,6,4,2
2014-08-24 06:00:00,9,6,3
2014-08-24 07:00:00,18,11,7
2014-08-24 08:00:00,28,15,13
2014-08-24 09:00:00,108,44,64
2014-08-24 10:00:00,107,57,50
2014-08-24 11:00:00,130,72,58
2014-08-24 12:00:00,143,64,79
2014-08-24 13:00:00,172,89,83
2014-08-24 14:00:00,159,71,88
2014-08-24 15:00:00,183,56,127
2014-08-24 16:00:00,162,69,93
2014-08-24 17:00:00,146,68,78
2014-08-24 18:00:00,84,34,50
2014-08-24 19:00:00,87,36,51
2014-08-24 20:00:00,34,14,20
2014-08-24 21:00:00,19,9,10
2014-08-24 22:00:00,11,5,6
2014-08-24 23:00:00,2,0,2
2014-08-25 00:00:00,3,0,3
2014-08-25 01:00:00,5,2,3
2014-08-25 02:00:00,3,0,3
2014-08-25 03:00:00,1,0,1
2014-08-25 04:00:00,0,0,0
2014-08-25 05:00:00,21,14,7
2014-08-25 06:00:00,88,49,39
2014-08-25 07:00:00,195,126,69
2014-08-25 08:00:00,263,213,50
2014-08-25 09:00:00,144,101,43
2014-08-25 10:00:00,54,29,25
2014-08-25 11:00:00,49,26,23
2014-08-25 12:00:00,59,35,24
2014-08-25 13:00:00,79,40,39
2014-08-25 14:00:00,85,48,37
2014-08-25 15:00:00,92,47,45
2014-08-25 16:00:00,199,77,122
2014-08-25 17:00:00,362,86,276
2014-08-25 18:00:00,252,75,177
2014-08-25 19:00:00,115,46,69
2014-08-25 20:00:00,48,23,25
2014-08-25 21:00:00,15,3,12
2014-08-25 22:00:00,19,2,17
2014-08-25 23:00:00,11,2,9
2014-08-26 00:00:00,6,1,5
2014-08-26 01:00:00,0,0,0
2014-08-26 02:00:00,6,2,4
2014-08-26 03:00:00,0,0,0
2014-08-26 04:00:00,0,0,0
2014-08-26 05:00:00,31,21,10
2014-08-26 06:00:00,77,47,30
2014-08-26 07:00:00,253,173,80
2014-08-26 08:00:00,257,204,53
2014-08-26 09:00:00,131,96,35
2014-08-26 10:00:00,73,49,24
2014-08-26 11:00:00,38,18,20
2014-08-26 12:00:00,75,42,33
2014-08-26 13:00:00,63,35,28
2014-08-26 14:00:00,80,33,47
2014-08-26 15:00:00,112,53,59
2014-08-26 16:00:00,215,69,146
2014-08-26 17:00:00,416,96,320
2014-08-26 18:00:00,234,64,170
2014-08-26 19:00:00,110,33,77
2014-08-26 20:00:00,68,32,36
2014-08-26 21:00:00,16,2,14
2014-08-26 22:00:00,18,4,14
2014-08-26 23:00:00,8,3,5
2014-08-27 00:00:00,1,0,1
2014-08-27 01:00:00,0,0,0
2014-08-27 02:00:00,1,0,1
2014-08-27 03:00:00,1,0,1
2014-08-27 04:00:00,0,0,0
2014-08-27 05:00:00,19,16,3
2014-08-27 06:00:00,77,44,33
2014-08-27 07:00:00,201,140,61
2014-08-27 08:00:00,255,196,59
2014-08-27 09:00:00,121,92,29
2014-08-27 10:00:00,60,37,23
2014-08-27 11:00:00,64,34,30
2014-08-27 12:00:00,58,38,20
2014-08-27 13:00:00,85,40,45
2014-08-27 14:00:00,90,54,36
2014-08-27 15:00:00,95,29,66
2014-08-27 16:00:00,181,56,125
2014-08-27 17:00:00,345,87,258
2014-08-27 18:00:00,241,74,167
2014-08-27 19:00:00,129,45,84
2014-08-27 20:00:00,50,26,24
2014-08-27 21:00:00,21,8,13
2014-08-27 22:00:00,14,4,10
2014-08-27 23:00:00,2,1,1
2014-08-28 00:00:00,6,3,3
2014-08-28 01:00:00,2,1,1
2014-08-28 02:00:00,1,0,1
2014-08-28 03:00:00,2,0,2
2014-08-28 04:00:00,5,3,2
2014-08-28 05:00:00,23,17,6
2014-08-28 06:00:00,78,48,30
2014-08-28 07:00:00,192,136,56
2014-08-28 08:00:00,182,131,51
2014-08-28 09:00:00,123,84,39
2014-08-28 10:00:00,43,25,18
2014-08-28 11:00:00,52,33,19
2014-08-28 12:00:00,43,21,22
2014-08-28 13:00:00,42,20,22
2014-08-28 14:00:00,49,22,27
2014-08-28 15:00:00,94,41,53
2014-08-28 16:00:00,156,53,103
2014-08-28 17:00:00,277,87,190
2014-08-28 18:00:00,211,55,156
2014-08-28 19:00:00,101,32,69
2014-08-28 20:00:00,64,28,36
2014-08-28 21:00:00,16,3,13
2014-08-28 22:00:00,13,6,7
2014-08-28 23:00:00,1,0,1
2014-08-29 00:00:00,7,1,6
2014-08-29 01:00:00,2,0,2
2014-08-29 02:00:00,6,1,5
2014-08-29 03:00:00,4,2,2
2014-08-29 04:00:00,0,0,0
2014-08-29 05:00:00,19,16,3
2014-08-29 06:00:00,60,29,31
2014-08-29 07:00:00,127,89,38
2014-08-29 08:00:00,140,108,32
2014-08-29 09:00:00,101,69,32
2014-08-29 10:00:00,52,36,16
2014-08-29 11:00:00,38,23,15
2014-08-29 12:00:00,41,14,27
2014-08-29 13:00:00,36,15,21
2014-08-29 14:00:00,61,38,23
2014-08-29 15:00:00,91,44,47
2014-08-29 16:00:00,159,46,113
2014-08-29 17:00:00,185,47,138
2014-08-29 18:00:00,129,46,83
2014-08-29 19:00:00,51,23,28
2014-08-29 20:00:00,23,6,17
2014-08-29 21:00:00,7,2,5
2014-08-29 22:00:00,13,1,12
2014-08-29 23:00:00,14,6,8
2014-08-30 00:00:00,12,2,10
2014-08-30 01:00:00,7,0,7
2014-08-30 02:00:00,0,0,0
2014-08-30 03:00:00,0,0,0
2014-08-30 04:00:00,1,1,0
2014-08-30 05:00:00,4,2,2
2014-08-30 06:00:00,9,6,3
2014-08-30 07:00:00,11,5,6
2014-08-30 08:00:00,19,8,11
2014-08-30 09:00:00,20,8,12
2014-08-30 10:00:00,37,25,12
2014-08-30 11:00:00,16,8,8
2014-08-30 12:00:00,30,18,12
2014-08-30 13:00:00,20,8,12
2014-08-30 14:00:00,20,14,6
2014-08-30 15:00:00,38,11,27
2014-08-30 16:00:00,42,22,20
2014-08-30 17:00:00,26,15,11
2014-08-30 18:00:00,33,21,12
2014-08-30 19:00:00,13,4,9
2014-08-30 20:00:00,20,9,11
2014-08-30 21:00:00,11,4,7
2014-08-30 22:00:00,0,0,0
2014-08-30 23:00:00,3,0,3
2014-08-31 00:00:00,1,0,1
2014-08-31 01:00:00,0,0,0
2014-08-31 02:00:00,1,0,1
2014-08-31 03:00:00,0,0,0
2014-08-31 04:00:00,0,0,0
2014-08-31 05:00:00,2,2,0
2014-08-31 06:00:00,4,2,2
2014-08-31 07:00:00,10,6,4
2014-08-31 08:00:00,10,6,4
2014-08-31 09:00:00,26,13,13
2014-08-31 10:00:00,56,29,27
2014-08-31 11:00:00,84,38,46
2014-08-31 12:00:00,100,47,53
2014-08-31 13:00:00,118,63,55
2014-08-31 14:00:00,87,38,49
2014-08-31 15:00:00,122,58,64
2014-08-31 16:00:00,95,37,58
2014-08-31 17:00:00,72,33,39
2014-08-31 18:00:00,64,27,37
2014-08-31 19:00:00,44,22,22
2014-08-31 20:00:00,40,23,17
2014-08-31 21:00:00,10,5,5
2014-08-31 22:00:00,13,8,5
2014-08-31 23:00:00,6,1,5
2014-09-01 00:00:00,3,1,2
2014-09-01 01:00:00,5,0,5
2014-09-01 02:00:00,4,1,3
2014-09-01 03:00:00,1,0,1
2014-09-01 04:00:00,0,0,0
2014-09-01 05:00:00,2,2,0
2014-09-01 06:00:00,14,6,8
2014-09-01 07:00:00,15,7,8
2014-09-01 08:00:00,36,18,18
2014-09-01 09:00:00,123,89,34
2014-09-01 10:00:00,98,55,43
2014-09-01 11:00:00,127,61,66
2014-09-01 12:00:00,135,61,74
2014-09-01 13:00:00,186,89,97
2014-09-01 14:00:00,153,79,74
2014-09-01 15:00:00,194,82,112
2014-09-01 16:00:00,200,99,101
2014-09-01 17:00:00,133,51,82
2014-09-01 18:00:00,131,71,60
2014-09-01 19:00:00,70,39,31
2014-09-01 20:00:00,38,24,14
2014-09-01 21:00:00,10,2,8
2014-09-01 22:00:00,7,2,5
2014-09-01 23:00:00,4,1,3
2014-09-02 00:00:00,3,0,3
2014-09-02 01:00:00,1,0,1
2014-09-02 02:00:00,0,0,0
2014-09-02 03:00:00,3,1,2
2014-09-02 04:00:00,0,0,0
2014-09-02 05:00:00,17,12,5
2014-09-02 06:00:00,57,32,25
2014-09-02 07:00:00,158,100,58
2014-09-02 08:00:00,190,148,42
2014-09-02 09:00:00,105,79,26
2014-09-02 10:00:00,53,33,20
2014-09-02 11:00:00,55,34,21
2014-09-02 12:00:00,57,29,28
2014-09-02 13:00:00,38,20,18
2014-09-02 14:00:00,40,21,19
2014-09-02 15:00:00,55,27,28
2014-09-02 16:00:00,108,43,65
2014-09-02 17:00:00,237,47,190
2014-09-02 18:00:00,151,41,110
2014-09-02 19:00:00,54,24,30
2014-09-02 20:00:00,13,3,10
2014-09-02 21:00:00,5,0,5
2014-09-02 22:00:00,7,1,6
2014-09-02 23:00:00,4,1,3
2014-09-03 00:00:00,5,1,4
2014-09-03 01:00:00,1,0,1
2014-09-03 02:00:00,2,1,1
2014-09-03 03:00:00,0,0,0
2014-09-03 04:00:00,0,0,0
2014-09-03 05:00:00,20,13,7
2014-09-03 06:00:00,65,41,24
2014-09-03 07:00:00,154,110,44
2014-09-03 08:00:00,185,151,34
2014-09-03 09:00:00,114,90,24
2014-09-03 10:00:00,47,32,15
2014-09-03 11:00:00,44,29,15
2014-09-03 12:00:00,61,27,34
2014-09-03 13:00:00,40,21,19
2014-09-03 14:00:00,55,21,34
2014-09-03 15:00:00,93,54,39
2014-09-03 16:00:00,160,63,97
2014-09-03 17:00:00,297,77,220
2014-09-03 18:00:00,234,56,178
2014-09-03 19:00:00,119,51,68
2014-09-03 20:00:00,60,24,36
2014-09-03 21:00:00,16,10,6
2014-09-03 22:00:00,6,1,5
2014-09-03 23:00:00,8,1,7
2014-09-04 00:00:00,4,0,4
2014-09-04 01:00:00,2,1,1
2014-09-04 02:00:00,6,0,6
2014-09-04 03:00:00,1,0,1
2014-09-04 04:00:00,1,1,0
2014-09-04 05:00:00,21,14,7
2014-09-04 06:00:00,96,57,39
2014-09-04 07:00:00,209,158,51
2014-09-04 08:00:00,258,211,47
2014-09-04 09:00:00,149,100,49
2014-09-04 10:00:00,78,48,30
2014-09-04 11:00:00,54,30,24
2014-09-04 12:00:00,60,33,27
2014-09-04 13:00:00,98,54,44
2014-09-04 14:00:00,106,57,49
2014-09-04 15:00:00,153,75,78
2014-09-04 16:00:00,290,92,198
2014-09-04 17:00:00,345,75,270
2014-09-04 18:00:00,175,41,134
2014-09-04 19:00:00,124,37,87
2014-09-04 20:00:00,31,13,18
2014-09-04 21:00:00,44,11,33
2014-09-04 22:00:00,18,5,13
2014-09-04 23:00:00,9,5,4
2014-09-05 00:00:00,13,8,5
2014-09-05 01:00:00,13,12,1
2014-09-05 02:00:00,6,2,4
2014-09-05 03:00:00,1,0,1
2014-09-05 04:00:00,2,0,2
2014-09-05 05:00:00,24,17,7
2014-09-05 06:00:00,58,40,18
2014-09-05 07:00:00,160,105,55
2014-09-05 08:00:00,196,142,54
2014-09-05 09:00:00,130,97,33
2014-09-05 10:00:00,57,30,27
2014-09-05 11:00:00,60,32,28
2014-09-05 12:00:00,55,31,24
2014-09-05 13:00:00,73,34,39
2014-09-05 14:00:00,76,39,37
2014-09-05 15:00:00,106,43,63
2014-09-05 16:00:00,194,72,122
2014-09-05 17:00:00,281,86,195
2014-09-05 18:00:00,209,42,167
2014-09-05 19:00:00,82,30,52
2014-09-05 20:00:00,39,17,22
2014-09-05 21:00:00,13,5,8
2014-09-05 22:00:00,9,1,8
2014-09-05 23:00:00,8,4,4
2014-09-06 00:00:00,6,0,6
2014-09-06 01:00:00,4,2,2
2014-09-06 02:00:00,3,0,3
2014-09-06 03:00:00,1,1,0
2014-09-06 04:00:00,0,0,0
2014-09-06 05:00:00,4,3,1
2014-09-06 06:00:00,25,18,7
2014-09-06 07:00:00,21,11,10
2014-09-06 08:00:00,59,33,26
2014-09-06 09:00:00,51,33,18
2014-09-06 10:00:00,95,49,46
2014-09-06 11:00:00,130,46,84
2014-09-06 12:00:00,122,64,58
2014-09-06 13:00:00,111,66,45
2014-09-06 14:00:00,145,60,85
2014-09-06 15:00:00,125,54,71
2014-09-06 16:00:00,119,54,65
2014-09-06 17:00:00,121,49,72
2014-09-06 18:00:00,100,55,45
2014-09-06 19:00:00,58,33,25
2014-09-06 20:00:00,34,16,18
2014-09-06 21:00:00,5,0,5
2014-09-06 22:00:00,18,9,9
2014-09-06 23:00:00,7,1,6
2014-09-07 00:00:00,6,3,3
2014-09-07 01:00:00,2,0,2
2014-09-07 02:00:00,1,0,1
2014-09-07 03:00:00,2,0,2
2014-09-07 04:00:00,1,0,1
2014-09-07 05:00:00,1,1,0
2014-09-07 06:00:00,8,3,5
2014-09-07 07:00:00,12,7,5
2014-09-07 08:00:00,29,18,11
2014-09-07 09:00:00,79,29,50
2014-09-07 10:00:00,93,49,44
2014-09-07 11:00:00,142,91,51
2014-09-07 12:00:00,133,61,72
2014-09-07 13:00:00,132,52,80
2014-09-07 14:00:00,172,99,73
2014-09-07 15:00:00,171,87,84
2014-09-07 16:00:00,135,62,73
2014-09-07 17:00:00,147,80,67
2014-09-07 18:00:00,114,51,63
2014-09-07 19:00:00,78,45,33
2014-09-07 20:00:00,37,21,16
2014-09-07 21:00:00,6,1,5
2014-09-07 22:00:00,12,4,8
2014-09-07 23:00:00,6,2,4
2014-09-08 00:00:00,6,2,4
2014-09-08 01:00:00,0,0,0
2014-09-08 02:00:00,1,0,1
2014-09-08 03:00:00,0,0,0
2014-09-08 04:00:00,0,0,0
2014-09-08 05:00:00,29,19,10
2014-09-08 06:00:00,55,36,19
2014-09-08 07:00:00,169,119,50
2014-09-08 08:00:00,184,151,33
2014-09-08 09:00:00,125,91,34
2014-09-08 10:00:00,40,26,14
2014-09-08 11:00:00,33,21,12
2014-09-08 12:00:00,23,10,13
2014-09-08 13:00:00,40,21,19
2014-09-08 14:00:00,39,21,18
2014-09-08 15:00:00,65,35,30
2014-09-08 16:00:00,124,55,69
2014-09-08 17:00:00,273,65,208
2014-09-08 18:00:00,200,64,136
2014-09-08 19:00:00,61,17,44
2014-09-08 20:00:00,15,8,7
2014-09-08 21:00:00,6,1,5
2014-09-08 22:00:00,9,4,5
2014-09-08 23:00:00,20,1,19
2014-09-09 00:00:00,1,1,0
2014-09-09 01:00:00,4,0,4
2014-09-09 02:00:00,1,0,1
2014-09-09 03:00:00,0,0,0
2014-09-09 04:00:00,1,1,0
2014-09-09 05:00:00,24,16,8
2014-09-09 06:00:00,60,39,21
2014-09-09 07:00:00,164,121,43
2014-09-09 08:00:00,191,153,38
2014-09-09 09:00:00,88,74,14
2014-09-09 10:00:00,46,34,12
2014-09-09 11:00:00,33,19,14
2014-09-09 12:00:00,40,21,19
2014-09-09 13:00:00,38,20,18
2014-09-09 14:00:00,77,29,48
2014-09-09 15:00:00,69,32,37
2014-09-09 16:00:00,139,40,99
2014-09-09 17:00:00,275,84,191
2014-09-09 18:00:00,207,53,154
2014-09-09 19:00:00,87,35,52
2014-09-09 20:00:00,30,12,18
2014-09-09 21:00:00,17,6,11
2014-09-09 22:00:00,24,4,20
2014-09-09 23:00:00,7,0,7
2014-09-10 00:00:00,4,2,2
2014-09-10 01:00:00,1,1,0
2014-09-10 02:00:00,3,0,3
2014-09-10 03:00:00,0,0,0
2014-09-10 04:00:00,0,0,0
2014-09-10 05:00:00,25,15,10
2014-09-10 06:00:00,62,41,21
2014-09-10 07:00:00,147,104,43
2014-09-10 08:00:00,202,155,47
2014-09-10 09:00:00,107,85,22
2014-09-10 10:00:00,35,21,14
2014-09-10 11:00:00,27,15,12
2014-09-10 12:00:00,30,21,9
2014-09-10 13:00:00,50,23,27
2014-09-10 14:00:00,68,36,32
2014-09-10 15:00:00,87,35,52
2014-09-10 16:00:00,135,52,83
2014-09-10 17:00:00,294,89,205
2014-09-10 18:00:00,213,56,157
2014-09-10 19:00:00,91,39,52
2014-09-10 20:00:00,42,10,32
2014-09-10 21:00:00,8,0,8
2014-09-10 22:00:00,7,2,5
2014-09-10 23:00:00,3,0,3
2014-09-11 00:00:00,2,0,2
2014-09-11 01:00:00,0,0,0
2014-09-11 02:00:00,2,0,2
2014-09-11 03:00:00,0,0,0
2014-09-11 04:00:00,1,1,0
2014-09-11 05:00:00,17,11,6
2014-09-11 06:00:00,54,35,19
2014-09-11 07:00:00,156,111,45
2014-09-11 08:00:00,213,163,50
2014-09-11 09:00:00,110,90,20
2014-09-11 10:00:00,55,32,23
2014-09-11 11:00:00,48,20,28
2014-09-11 12:00:00,67,40,27
2014-09-11 13:00:00,57,28,29
2014-09-11 14:00:00,72,40,32
2014-09-11 15:00:00,95,47,48
2014-09-11 16:00:00,179,75,104
2014-09-11 17:00:00,256,74,182
2014-09-11 18:00:00,218,56,162
2014-09-11 19:00:00,120,48,72
2014-09-11 20:00:00,45,19,26
2014-09-11 21:00:00,14,2,12
2014-09-11 22:00:00,11,5,6
2014-09-11 23:00:00,1,1,0
2014-09-12 00:00:00,5,0,5
2014-09-12 01:00:00,1,0,1
2014-09-12 02:00:00,2,0,2
2014-09-12 03:00:00,0,0,0
2014-09-12 04:00:00,1,0,1
2014-09-12 05:00:00,18,12,6
2014-09-12 06:00:00,40,27,13
2014-09-12 07:00:00,153,97,56
2014-09-12 08:00:00,197,156,41
2014-09-12 09:00:00,116,76,40
2014-09-12 10:00:00,46,31,15
2014-09-12 11:00:00,53,24,29
2014-09-12 12:00:00,58,25,33
2014-09-12 13:00:00,76,35,41
2014-09-12 14:00:00,105,50,55
2014-09-12 15:00:00,84,39,45
2014-09-12 16:00:00,193,79,114
2014-09-12 17:00:00,238,84,154
2014-09-12 18:00:00,192,71,121
2014-09-12 19:00:00,101,51,50
2014-09-12 20:00:00,28,17,11
2014-09-12 21:00:00,17,5,12
2014-09-12 22:00:00,78,5,73
2014-09-12 23:00:00,12,1,11
2014-09-13 00:00:00,17,2,15
2014-09-13 01:00:00,6,4,2
2014-09-13 02:00:00,2,0,2
2014-09-13 03:00:00,4,1,3
2014-09-13 04:00:00,1,0,1
2014-09-13 05:00:00,4,4,0
2014-09-13 06:00:00,18,11,7
2014-09-13 07:00:00,28,24,4
2014-09-13 08:00:00,25,18,7
2014-09-13 09:00:00,64,41,23
2014-09-13 10:00:00,91,48,43
2014-09-13 11:00:00,95,38,57
2014-09-13 12:00:00,112,51,61
2014-09-13 13:00:00,121,54,67
2014-09-13 14:00:00,111,59,52
2014-09-13 15:00:00,142,78,64
2014-09-13 16:00:00,143,68,75
2014-09-13 17:00:00,122,58,64
2014-09-13 18:00:00,120,51,69
2014-09-13 19:00:00,55,20,35
2014-09-13 20:00:00,34,17,17
2014-09-13 21:00:00,10,4,6
2014-09-13 22:00:00,14,0,14
2014-09-13 23:00:00,7,2,5
2014-09-14 00:00:00,7,0,7
2014-09-14 01:00:00,1,0,1
2014-09-14 02:00:00,4,1,3
2014-09-14 03:00:00,0,0,0
2014-09-14 04:00:00,0,0,0
2014-09-14 05:00:00,1,1,0
2014-09-14 06:00:00,6,3,3
2014-09-14 07:00:00,21,11,10
2014-09-14 08:00:00,34,21,13
2014-09-14 09:00:00,85,36,49
2014-09-14 10:00:00,99,64,35
2014-09-14 11:00:00,97,42,55
2014-09-14 12:00:00,128,77,51
2014-09-14 13:00:00,144,74,70
2014-09-14 14:00:00,141,63,78
2014-09-14 15:00:00,160,73,87
2014-09-14 16:00:00,170,67,103
2014-09-14 17:00:00,124,44,80
2014-09-14 18:00:00,98,44,54
2014-09-14 19:00:00,64,29,35
2014-09-14 20:00:00,33,13,20
2014-09-14 21:00:00,6,4,2
2014-09-14 22:00:00,20,6,14
2014-09-14 23:00:00,5,1,4
2014-09-15 00:00:00,0,0,0
2014-09-15 01:00:00,1,0,1
2014-09-15 02:00:00,2,0,2
2014-09-15 03:00:00,3,3,0
2014-09-15 04:00:00,0,0,0
2014-09-15 05:00:00,19,10,9
2014-09-15 06:00:00,62,40,22
2014-09-15 07:00:00,156,103,53
2014-09-15 08:00:00,225,172,53
2014-09-15 09:00:00,119,93,26
2014-09-15 10:00:00,43,30,13
2014-09-15 11:00:00,45,28,17
2014-09-15 12:00:00,50,28,22
2014-09-15 13:00:00,42,17,25
2014-09-15 14:00:00,63,34,29
2014-09-15 15:00:00,79,38,41
2014-09-15 16:00:00,157,61,96
2014-09-15 17:00:00,354,97,257
2014-09-15 18:00:00,247,77,170
2014-09-15 19:00:00,121,50,71
2014-09-15 20:00:00,34,17,17
2014-09-15 21:00:00,11,1,10
2014-09-15 22:00:00,9,6,3
2014-09-15 23:00:00,6,0,6
2014-09-16 00:00:00,4,1,3
2014-09-16 01:00:00,1,0,1
2014-09-16 02:00:00,2,0,2
2014-09-16 03:00:00,1,0,1
2014-09-16 04:00:00,2,2,0
2014-09-16 05:00:00,21,13,8
2014-09-16 06:00:00,54,35,19
2014-09-16 07:00:00,159,114,45
2014-09-16 08:00:00,242,191,51
2014-09-16 09:00:00,118,90,28
2014-09-16 10:00:00,43,30,13
2014-09-16 11:00:00,36,24,12
2014-09-16 12:00:00,48,24,24
2014-09-16 13:00:00,46,17,29
2014-09-16 14:00:00,66,37,29
2014-09-16 15:00:00,71,32,39
2014-09-16 16:00:00,173,65,108
2014-09-16 17:00:00,287,65,222
2014-09-16 18:00:00,202,59,143
2014-09-16 19:00:00,79,25,54
2014-09-16 20:00:00,23,7,16
2014-09-16 21:00:00,6,1,5
2014-09-16 22:00:00,10,4,6
2014-09-16 23:00:00,2,1,1
2014-09-17 00:00:00,3,1,2
2014-09-17 01:00:00,3,0,3
2014-09-17 02:00:00,1,0,1
2014-09-17 03:00:00,2,2,0
2014-09-17 04:00:00,0,0,0
2014-09-17 05:00:00,15,9,6
2014-09-17 06:00:00,60,38,22
2014-09-17 07:00:00,143,108,35
2014-09-17 08:00:00,204,155,49
2014-09-17 09:00:00,96,73,23
2014-09-17 10:00:00,37,26,11
2014-09-17 11:00:00,25,16,9
2014-09-17 12:00:00,40,17,23
2014-09-17 13:00:00,21,11,10
2014-09-17 14:00:00,43,20,23
2014-09-17 15:00:00,59,30,29
2014-09-17 16:00:00,130,47,83
2014-09-17 17:00:00,238,55,183
2014-09-17 18:00:00,198,51,147
2014-09-17 19:00:00,57,22,35
2014-09-17 20:00:00,28,8,20
2014-09-17 21:00:00,11,3,8
2014-09-17 22:00:00,10,3,7
2014-09-17 23:00:00,6,1,5
2014-09-18 00:00:00,5,1,4
2014-09-18 01:00:00,0,0,0
2014-09-18 02:00:00,2,0,2
2014-09-18 03:00:00,3,0,3
2014-09-18 04:00:00,4,2,2
2014-09-18 05:00:00,16,8,8
2014-09-18 06:00:00,46,28,18
2014-09-18 07:00:00,125,86,39
2014-09-18 08:00:00,139,101,38
2014-09-18 09:00:00,97,73,24
2014-09-18 10:00:00,26,19,7
2014-09-18 11:00:00,26,15,11
2014-09-18 12:00:00,23,13,10
2014-09-18 13:00:00,14,6,8
2014-09-18 14:00:00,33,15,18
2014-09-18 15:00:00,50,25,25
2014-09-18 16:00:00,96,44,52
2014-09-18 17:00:00,195,49,146
2014-09-18 18:00:00,151,44,107
2014-09-18 19:00:00,60,17,43
2014-09-18 20:00:00,15,6,9
2014-09-18 21:00:00,7,3,4
2014-09-18 22:00:00,6,1,5
2014-09-18 23:00:00,8,4,4
2014-09-19 00:00:00,2,0,2
2014-09-19 01:00:00,3,3,0
2014-09-19 02:00:00,1,0,1
2014-09-19 03:00:00,2,0,2
2014-09-19 04:00:00,1,1,0
2014-09-19 05:00:00,21,16,5
2014-09-19 06:00:00,48,29,19
2014-09-19 07:00:00,122,84,38
2014-09-19 08:00:00,174,133,41
2014-09-19 09:00:00,104,73,31
2014-09-19 10:00:00,44,29,15
2014-09-19 11:00:00,52,24,28
2014-09-19 12:00:00,46,25,21
2014-09-19 13:00:00,48,24,24
2014-09-19 14:00:00,74,35,39
2014-09-19 15:00:00,89,36,53
2014-09-19 16:00:00,131,55,76
2014-09-19 17:00:00,259,83,176
2014-09-19 18:00:00,167,43,124
2014-09-19 19:00:00,63,29,34
2014-09-19 20:00:00,35,10,25
2014-09-19 21:00:00,14,5,9
2014-09-19 22:00:00,11,3,8
2014-09-19 23:00:00,12,3,9
2014-09-20 00:00:00,7,0,7
2014-09-20 01:00:00,7,2,5
2014-09-20 02:00:00,2,1,1
2014-09-20 03:00:00,0,0,0
2014-09-20 04:00:00,5,1,4
2014-09-20 05:00:00,8,6,2
2014-09-20 06:00:00,16,8,8
2014-09-20 07:00:00,20,14,6
2014-09-20 08:00:00,29,16,13
2014-09-20 09:00:00,44,26,18
2014-09-20 10:00:00,55,38,17
2014-09-20 11:00:00,77,34,43
2014-09-20 12:00:00,101,49,52
2014-09-20 13:00:00,101,49,52
2014-09-20 14:00:00,100,44,56
2014-09-20 15:00:00,115,56,59
2014-09-20 16:00:00,118,60,58
2014-09-20 17:00:00,89,36,53
2014-09-20 18:00:00,50,25,25
2014-09-20 19:00:00,52,27,25
2014-09-20 20:00:00,20,8,12
2014-09-20 21:00:00,5,2,3
2014-09-20 22:00:00,9,3,6
2014-09-20 23:00:00,8,2,6
2014-09-21 00:00:00,8,3,5
2014-09-21 01:00:00,2,0,2
2014-09-21 02:00:00,1,0,1
2014-09-21 03:00:00,1,0,1
2014-09-21 04:00:00,3,1,2
2014-09-21 05:00:00,1,1,0
2014-09-21 06:00:00,5,2,3
2014-09-21 07:00:00,15,8,7
2014-09-21 08:00:00,22,11,11
2014-09-21 09:00:00,73,35,38
2014-09-21 10:00:00,93,51,42
2014-09-21 11:00:00,138,53,85
2014-09-21 12:00:00,150,98,52
2014-09-21 13:00:00,131,72,59
2014-09-21 14:00:00,142,71,71
2014-09-21 15:00:00,145,51,94
2014-09-21 16:00:00,105,62,43
2014-09-21 17:00:00,152,50,102
2014-09-21 18:00:00,106,48,58
2014-09-21 19:00:00,63,36,27
2014-09-21 20:00:00,28,16,12
2014-09-21 21:00:00,4,1,3
2014-09-21 22:00:00,16,8,8
2014-09-21 23:00:00,6,2,4
2014-09-22 00:00:00,4,1,3
2014-09-22 01:00:00,1,1,0
2014-09-22 02:00:00,2,1,1
2014-09-22 03:00:00,2,0,2
2014-09-22 04:00:00,1,1,0
2014-09-22 05:00:00,16,12,4
2014-09-22 06:00:00,60,37,23
2014-09-22 07:00:00,135,91,44
2014-09-22 08:00:00,170,140,30
2014-09-22 09:00:00,118,88,30
2014-09-22 10:00:00,36,20,16
2014-09-22 11:00:00,44,25,19
2014-09-22 12:00:00,20,12,8
2014-09-22 13:00:00,41,24,17
2014-09-22 14:00:00,47,22,25
2014-09-22 15:00:00,75,29,46
2014-09-22 16:00:00,146,54,92
2014-09-22 17:00:00,292,72,220
2014-09-22 18:00:00,193,65,128
2014-09-22 19:00:00,67,24,43
2014-09-22 20:00:00,22,10,12
2014-09-22 21:00:00,9,0,9
2014-09-22 22:00:00,8,5,3
2014-09-22 23:00:00,3,1,2
2014-09-23 00:00:00,4,0,4
2014-09-23 01:00:00,0,0,0
2014-09-23 02:00:00,2,0,2
2014-09-23 03:00:00,0,0,0
2014-09-23 04:00:00,2,0,2
2014-09-23 05:00:00,19,15,4
2014-09-23 06:00:00,60,39,21
2014-09-23 07:00:00,136,89,47
2014-09-23 08:00:00,182,145,37
2014-09-23 09:00:00,94,71,23
2014-09-23 10:00:00,32,21,11
2014-09-23 11:00:00,25,14,11
2014-09-23 12:00:00,22,16,6
2014-09-23 13:00:00,18,3,15
2014-09-23 14:00:00,15,6,9
2014-09-23 15:00:00,46,20,26
2014-09-23 16:00:00,92,33,59
2014-09-23 17:00:00,224,57,167
2014-09-23 18:00:00,117,19,98
2014-09-23 19:00:00,33,11,22
2014-09-23 20:00:00,8,3,5
2014-09-23 21:00:00,5,0,5
2014-09-23 22:00:00,5,1,4
2014-09-23 23:00:00,2,2,0
2014-09-24 00:00:00,3,2,1
2014-09-24 01:00:00,1,0,1
2014-09-24 02:00:00,1,0,1
2014-09-24 03:00:00,0,0,0
2014-09-24 04:00:00,0,0,0
2014-09-24 05:00:00,17,13,4
2014-09-24 06:00:00,32,15,17
2014-09-24 07:00:00,64,38,26
2014-09-24 08:00:00,103,70,33
2014-09-24 09:00:00,60,42,18
2014-09-24 10:00:00,23,15,8
2014-09-24 11:00:00,16,12,4
2014-09-24 12:00:00,7,5,2
2014-09-24 13:00:00,7,0,7
2014-09-24 14:00:00,20,11,9
2014-09-24 15:00:00,47,21,26
2014-09-24 16:00:00,74,36,38
2014-09-24 17:00:00,147,44,103
2014-09-24 18:00:00,122,52,70
2014-09-24 19:00:00,49,12,37
2014-09-24 20:00:00,13,2,11
2014-09-24 21:00:00,4,1,3
2014-09-24 22:00:00,5,0,5
2014-09-24 23:00:00,2,0,2
2014-09-25 00:00:00,2,1,1
2014-09-25 01:00:00,2,0,2
2014-09-25 02:00:00,2,1,1
2014-09-25 03:00:00,2,0,2
2014-09-25 04:00:00,0,0,0
2014-09-25 05:00:00,18,15,3
2014-09-25 06:00:00,39,23,16
2014-09-25 07:00:00,93,66,27
2014-09-25 08:00:00,142,104,38
2014-09-25 09:00:00,87,65,22
2014-09-25 10:00:00,22,16,6
2014-09-25 11:00:00,13,8,5
2014-09-25 12:00:00,17,10,7
2014-09-25 13:00:00,23,14,9
2014-09-25 14:00:00,60,29,31
2014-09-25 15:00:00,89,42,47
2014-09-25 16:00:00,126,49,77
2014-09-25 17:00:00,207,66,141
2014-09-25 18:00:00,135,32,103
2014-09-25 19:00:00,46,18,28
2014-09-25 20:00:00,23,2,21
2014-09-25 21:00:00,3,0,3
2014-09-25 22:00:00,5,1,4
2014-09-25 23:00:00,5,0,5
2014-09-26 00:00:00,5,1,4
2014-09-26 01:00:00,1,0,1
2014-09-26 02:00:00,1,0,1
2014-09-26 03:00:00,1,0,1
2014-09-26 04:00:00,1,1,0
2014-09-26 05:00:00,24,17,7
2014-09-26 06:00:00,30,20,10
2014-09-26 07:00:00,59,35,24
2014-09-26 08:00:00,94,75,19
2014-09-26 09:00:00,55,38,17
2014-09-26 10:00:00,17,12,5
2014-09-26 11:00:00,14,7,7
2014-09-26 12:00:00,21,11,10
2014-09-26 13:00:00,32,15,17
2014-09-26 14:00:00,48,22,26
2014-09-26 15:00:00,57,18,39
2014-09-26 16:00:00,107,43,64
2014-09-26 17:00:00,155,53,102
2014-09-26 18:00:00,95,30,65
2014-09-26 19:00:00,36,15,21
2014-09-26 20:00:00,12,1,11
2014-09-26 21:00:00,4,4,0
2014-09-26 22:00:00,8,1,7
2014-09-26 23:00:00,8,0,8
2014-09-27 00:00:00,4,1,3
2014-09-27 01:00:00,0,0,0
2014-09-27 02:00:00,0,0,0
2014-09-27 03:00:00,2,0,2
2014-09-27 04:00:00,0,0,0
2014-09-27 05:00:00,6,4,2
2014-09-27 06:00:00,13,10,3
2014-09-27 07:00:00,12,9,3
2014-09-27 08:00:00,45,28,17
2014-09-27 09:00:00,56,38,18
2014-09-27 10:00:00,91,58,33
2014-09-27 11:00:00,98,57,41
2014-09-27 12:00:00,165,101,64
2014-09-27 13:00:00,108,55,53
2014-09-27 14:00:00,112,57,55
2014-09-27 15:00:00,206,76,130
2014-09-27 16:00:00,127,62,65
2014-09-27 17:00:00,125,51,74
2014-09-27 18:00:00,81,31,50
2014-09-27 19:00:00,41,15,26
2014-09-27 20:00:00,12,4,8
2014-09-27 21:00:00,4,3,1
2014-09-27 22:00:00,8,1,7
2014-09-27 23:00:00,9,3,6
2014-09-28 00:00:00,5,0,5
2014-09-28 01:00:00,3,1,2
2014-09-28 02:00:00,1,0,1
2014-09-28 03:00:00,2,1,1
2014-09-28 04:00:00,3,1,2
2014-09-28 05:00:00,3,3,0
2014-09-28 06:00:00,1,1,0
2014-09-28 07:00:00,6,3,3
2014-09-28 08:00:00,27,13,14
2014-09-28 09:00:00,54,28,26
2014-09-28 10:00:00,71,36,35
2014-09-28 11:00:00,84,43,41
2014-09-28 12:00:00,87,56,31
2014-09-28 13:00:00,73,29,44
2014-09-28 14:00:00,74,25,49
2014-09-28 15:00:00,87,38,49
2014-09-28 16:00:00,160,70,90
2014-09-28 17:00:00,94,33,61
2014-09-28 18:00:00,86,46,40
2014-09-28 19:00:00,39,21,18
2014-09-28 20:00:00,11,2,9
2014-09-28 21:00:00,3,2,1
2014-09-28 22:00:00,5,3,2
2014-09-28 23:00:00,5,1,4
2014-09-29 00:00:00,2,1,1
2014-09-29 01:00:00,0,0,0
2014-09-29 02:00:00,2,0,2
2014-09-29 03:00:00,3,3,0
2014-09-29 04:00:00,0,0,0
2014-09-29 05:00:00,14,10,4
2014-09-29 06:00:00,43,27,16
2014-09-29 07:00:00,120,88,32
2014-09-29 08:00:00,140,113,27
2014-09-29 09:00:00,90,72,18
2014-09-29 10:00:00,25,16,9
2014-09-29 11:00:00,21,11,10
2014-09-29 12:00:00,12,5,7
2014-09-29 13:00:00,21,11,10
2014-09-29 14:00:00,25,14,11
2014-09-29 15:00:00,39,22,17
2014-09-29 16:00:00,76,29,47
2014-09-29 17:00:00,194,36,158
2014-09-29 18:00:00,114,17,97
2014-09-29 19:00:00,33,5,28
2014-09-29 20:00:00,12,3,9
2014-09-29 21:00:00,4,2,2
2014-09-29 22:00:00,4,0,4
2014-09-29 23:00:00,3,2,1
2014-09-30 00:00:00,5,1,4
2014-09-30 01:00:00,0,0,0
2014-09-30 02:00:00,1,0,1
2014-09-30 03:00:00,0,0,0
2014-09-30 04:00:00,0,0,0
2014-09-30 05:00:00,23,14,9
2014-09-30 06:00:00,45,25,20
2014-09-30 07:00:00,118,88,30
2014-09-30 08:00:00,168,133,35
2014-09-30 09:00:00,94,71,23
2014-09-30 10:00:00,35,20,15
2014-09-30 11:00:00,26,17,9
2014-09-30 12:00:00,41,23,18
2014-09-30 13:00:00,38,25,13
2014-09-30 14:00:00,61,25,36
2014-09-30 15:00:00,54,27,27
2014-09-30 16:00:00,115,38,77
2014-09-30 17:00:00,212,60,152
2014-09-30 18:00:00,204,51,153
2014-09-30 19:00:00,60,21,39
2014-09-30 20:00:00,16,6,10
2014-09-30 21:00:00,15,8,7
2014-09-30 22:00:00,10,3,7
2014-09-30 23:00:00,9,1,8
2014-10-01 00:00:00,3,1,2
2014-10-01 01:00:00,10,5,5
2014-10-01 02:00:00,2,0,2
2014-10-01 03:00:00,0,0,0
2014-10-01 04:00:00,0,0,0
2014-10-01 05:00:00,17,11,6
2014-10-01 06:00:00,45,32,13
2014-10-01 07:00:00,142,95,47
2014-10-01 08:00:00,199,154,45
2014-10-01 09:00:00,105,79,26
2014-10-01 10:00:00,40,24,16
2014-10-01 11:00:00,35,21,14
2014-10-01 12:00:00,28,16,12
2014-10-01 13:00:00,34,17,17
2014-10-01 14:00:00,53,28,25
2014-10-01 15:00:00,67,23,44
2014-10-01 16:00:00,150,56,94
2014-10-01 17:00:00,261,63,198
2014-10-01 18:00:00,197,49,148
2014-10-01 19:00:00,58,20,38
2014-10-01 20:00:00,20,4,16
2014-10-01 21:00:00,12,1,11
2014-10-01 22:00:00,8,6,2
2014-10-01 23:00:00,1,0,1
2014-10-02 00:00:00,6,1,5
2014-10-02 01:00:00,0,0,0
2014-10-02 02:00:00,1,0,1
2014-10-02 03:00:00,0,0,0
2014-10-02 04:00:00,1,0,1
2014-10-02 05:00:00,20,13,7
2014-10-02 06:00:00,51,30,21
2014-10-02 07:00:00,135,91,44
2014-10-02 08:00:00,178,154,24
2014-10-02 09:00:00,109,84,25
2014-10-02 10:00:00,46,30,16
2014-10-02 11:00:00,34,13,21
2014-10-02 12:00:00,51,20,31
2014-10-02 13:00:00,50,20,30
2014-10-02 14:00:00,54,28,26
2014-10-02 15:00:00,76,34,42
2014-10-02 16:00:00,147,46,101
2014-10-02 17:00:00,232,68,164
2014-10-02 18:00:00,167,48,119
2014-10-02 19:00:00,70,25,45
2014-10-02 20:00:00,20,3,17
2014-10-02 21:00:00,7,0,7
2014-10-02 22:00:00,4,1,3
2014-10-02 23:00:00,5,1,4
2014-10-03 00:00:00,3,0,3
2014-10-03 01:00:00,4,0,4
2014-10-03 02:00:00,4,0,4
2014-10-03 03:00:00,0,0,0
2014-10-03 04:00:00,1,1,0
2014-10-03 05:00:00,19,15,4
2014-10-03 06:00:00,43,26,17
2014-10-03 07:00:00,124,81,43
2014-10-03 08:00:00,170,127,43
2014-10-03 09:00:00,111,86,25
2014-10-03 10:00:00,44,28,16
2014-10-03 11:00:00,42,16,26
2014-10-03 12:00:00,61,29,32
2014-10-03 13:00:00,53,27,26
2014-10-03 14:00:00,69,36,33
2014-10-03 15:00:00,143,67,76
2014-10-03 16:00:00,157,57,100
2014-10-03 17:00:00,239,77,162
2014-10-03 18:00:00,145,46,99
2014-10-03 19:00:00,70,31,39
2014-10-03 20:00:00,30,16,14
2014-10-03 21:00:00,5,0,5
2014-10-03 22:00:00,19,6,13
2014-10-03 23:00:00,8,2,6
2014-10-04 00:00:00,14,4,10
2014-10-04 01:00:00,2,0,2
2014-10-04 02:00:00,3,1,2
2014-10-04 03:00:00,3,2,1
2014-10-04 04:00:00,2,0,2
2014-10-04 05:00:00,6,3,3
2014-10-04 06:00:00,15,11,4
2014-10-04 07:00:00,24,14,10
2014-10-04 08:00:00,32,22,10
2014-10-04 09:00:00,42,24,18
2014-10-04 10:00:00,45,24,21
2014-10-04 11:00:00,79,36,43
2014-10-04 12:00:00,103,52,51
2014-10-04 13:00:00,87,49,38
2014-10-04 14:00:00,84,32,52
2014-10-04 15:00:00,94,44,50
2014-10-04 16:00:00,88,36,52
2014-10-04 17:00:00,99,54,45
2014-10-04 18:00:00,67,39,28
2014-10-04 19:00:00,27,14,13
2014-10-04 20:00:00,28,11,17
2014-10-04 21:00:00,6,1,5
2014-10-04 22:00:00,13,4,9
2014-10-04 23:00:00,11,3,8
2014-10-05 00:00:00,3,1,2
2014-10-05 01:00:00,7,2,5
2014-10-05 02:00:00,2,1,1
2014-10-05 03:00:00,0,0,0
2014-10-05 04:00:00,1,1,0
2014-10-05 05:00:00,6,3,3
2014-10-05 06:00:00,6,6,0
2014-10-05 07:00:00,12,5,7
2014-10-05 08:00:00,19,10,9
2014-10-05 09:00:00,49,27,22
2014-10-05 10:00:00,48,20,28
2014-10-05 11:00:00,117,55,62
2014-10-05 12:00:00,104,47,57
2014-10-05 13:00:00,146,84,62
2014-10-05 14:00:00,143,58,85
2014-10-05 15:00:00,137,61,76
2014-10-05 16:00:00,174,95,79
2014-10-05 17:00:00,95,51,44
2014-10-05 18:00:00,60,33,27
2014-10-05 19:00:00,38,13,25
2014-10-05 20:00:00,23,11,12
2014-10-05 21:00:00,8,1,7
2014-10-05 22:00:00,1,1,0
2014-10-05 23:00:00,11,3,8
2014-10-06 00:00:00,7,2,5
2014-10-06 01:00:00,2,0,2
2014-10-06 02:00:00,3,0,3
2014-10-06 03:00:00,3,3,0
2014-10-06 04:00:00,0,0,0
2014-10-06 05:00:00,16,8,8
2014-10-06 06:00:00,54,35,19
2014-10-06 07:00:00,149,98,51
2014-10-06 08:00:00,175,144,31
2014-10-06 09:00:00,123,92,31
2014-10-06 10:00:00,40,28,12
2014-10-06 11:00:00,39,28,11
2014-10-06 12:00:00,57,29,28
2014-10-06 13:00:00,63,29,34
2014-10-06 14:00:00,65,35,30
2014-10-06 15:00:00,72,39,33
2014-10-06 16:00:00,169,51,118
2014-10-06 17:00:00,292,70,222
2014-10-06 18:00:00,155,42,113
2014-10-06 19:00:00,49,10,39
2014-10-06 20:00:00,21,10,11
2014-10-06 21:00:00,10,2,8
2014-10-06 22:00:00,10,3,7
2014-10-06 23:00:00,11,1,10
2014-10-07 00:00:00,5,1,4
2014-10-07 01:00:00,2,0,2
2014-10-07 02:00:00,5,1,4
2014-10-07 03:00:00,0,0,0
2014-10-07 04:00:00,0,0,0
2014-10-07 05:00:00,20,13,7
2014-10-07 06:00:00,65,43,22
2014-10-07 07:00:00,151,101,50
2014-10-07 08:00:00,203,167,36
2014-10-07 09:00:00,93,73,20
2014-10-07 10:00:00,46,25,21
2014-10-07 11:00:00,46,26,20
2014-10-07 12:00:00,32,13,19
2014-10-07 13:00:00,37,18,19
2014-10-07 14:00:00,41,17,24
2014-10-07 15:00:00,72,35,37
2014-10-07 16:00:00,148,62,86
2014-10-07 17:00:00,263,62,201
2014-10-07 18:00:00,190,55,135
2014-10-07 19:00:00,48,16,32
2014-10-07 20:00:00,16,8,8
2014-10-07 21:00:00,10,3,7
2014-10-07 22:00:00,4,1,3
2014-10-07 23:00:00,2,0,2
2014-10-08 00:00:00,4,0,4
2014-10-08 01:00:00,1,0,1
2014-10-08 02:00:00,5,1,4
2014-10-08 03:00:00,0,0,0
2014-10-08 04:00:00,0,0,0
2014-10-08 05:00:00,31,21,10
2014-10-08 06:00:00,53,32,21
2014-10-08 07:00:00,113,74,39
2014-10-08 08:00:00,180,139,41
2014-10-08 09:00:00,108,88,20
2014-10-08 10:00:00,36,23,13
2014-10-08 11:00:00,30,13,17
2014-10-08 12:00:00,24,12,12
2014-10-08 13:00:00,30,15,15
2014-10-08 14:00:00,61,32,29
2014-10-08 15:00:00,55,29,26
2014-10-08 16:00:00,121,48,73
2014-10-08 17:00:00,257,62,195
2014-10-08 18:00:00,202,64,138
2014-10-08 19:00:00,56,15,41
2014-10-08 20:00:00,13,3,10
2014-10-08 21:00:00,8,3,5
2014-10-08 22:00:00,10,6,4
2014-10-08 23:00:00,4,2,2
2014-10-09 00:00:00,6,1,5
2014-10-09 01:00:00,1,0,1
2014-10-09 02:00:00,1,0,1
2014-10-09 03:00:00,0,0,0
2014-10-09 04:00:00,0,0,0
2014-10-09 05:00:00,21,13,8
2014-10-09 06:00:00,51,31,20
2014-10-09 07:00:00,127,85,42
2014-10-09 08:00:00,176,140,36
2014-10-09 09:00:00,94,66,28
2014-10-09 10:00:00,53,28,25
2014-10-09 11:00:00,42,17,25
2014-10-09 12:00:00,31,17,14
2014-10-09 13:00:00,41,23,18
2014-10-09 14:00:00,51,26,25
2014-10-09 15:00:00,76,40,36
2014-10-09 16:00:00,128,53,75
2014-10-09 17:00:00,257,58,199
2014-10-09 18:00:00,222,55,167
2014-10-09 19:00:00,72,26,46
2014-10-09 20:00:00,26,11,15
2014-10-09 21:00:00,24,18,6
2014-10-09 22:00:00,10,2,8
2014-10-09 23:00:00,3,1,2
2014-10-10 00:00:00,1,0,1
2014-10-10 01:00:00,3,0,3
2014-10-10 02:00:00,1,0,1
2014-10-10 03:00:00,0,0,0
2014-10-10 04:00:00,1,0,1
2014-10-10 05:00:00,15,12,3
2014-10-10 06:00:00,33,21,12
2014-10-10 07:00:00,100,70,30
2014-10-10 08:00:00,146,107,39
2014-10-10 09:00:00,77,61,16
2014-10-10 10:00:00,32,23,9
2014-10-10 11:00:00,25,9,16
2014-10-10 12:00:00,25,12,13
2014-10-10 13:00:00,35,18,17
2014-10-10 14:00:00,54,30,24
2014-10-10 15:00:00,59,26,33
2014-10-10 16:00:00,136,42,94
2014-10-10 17:00:00,166,56,110
2014-10-10 18:00:00,124,53,71
2014-10-10 19:00:00,28,12,16
2014-10-10 20:00:00,16,1,15
2014-10-10 21:00:00,18,1,17
2014-10-10 22:00:00,30,2,28
2014-10-10 23:00:00,16,2,14
2014-10-11 00:00:00,8,3,5
2014-10-11 01:00:00,2,0,2
2014-10-11 02:00:00,3,3,0
2014-10-11 03:00:00,4,0,4
2014-10-11 04:00:00,1,0,1
2014-10-11 05:00:00,4,2,2
2014-10-11 06:00:00,7,4,3
2014-10-11 07:00:00,15,8,7
2014-10-11 08:00:00,33,13,20
2014-10-11 09:00:00,37,16,21
2014-10-11 10:00:00,47,25,22
2014-10-11 11:00:00,40,25,15
2014-10-11 12:00:00,46,28,18
2014-10-11 13:00:00,37,15,22
2014-10-11 14:00:00,28,16,12
2014-10-11 15:00:00,35,18,17
2014-10-11 16:00:00,67,34,33
2014-10-11 17:00:00,61,31,30
2014-10-11 18:00:00,18,4,14
2014-10-11 19:00:00,10,5,5
2014-10-11 20:00:00,4,2,2
2014-10-11 21:00:00,7,2,5
2014-10-11 22:00:00,7,3,4
2014-10-11 23:00:00,3,0,3
2014-10-12 00:00:00,4,1,3
2014-10-12 01:00:00,0,0,0
2014-10-12 02:00:00,2,2,0
2014-10-12 03:00:00,0,0,0
2014-10-12 04:00:00,3,1,2
2014-10-12 05:00:00,1,1,0
2014-10-12 06:00:00,2,2,0
2014-10-12 07:00:00,9,5,4
2014-10-12 08:00:00,23,14,9
2014-10-12 09:00:00,41,15,26
2014-10-12 10:00:00,58,32,26
2014-10-12 11:00:00,78,47,31
2014-10-12 12:00:00,63,38,25
2014-10-12 13:00:00,78,33,45
2014-10-12 14:00:00,78,30,48
2014-10-12 15:00:00,85,45,40
2014-10-12 16:00:00,60,19,41
2014-10-12 17:00:00,53,26,27
2014-10-12 18:00:00,28,9,19
2014-10-12 19:00:00,10,5,5
2014-10-12 20:00:00,1,0,1
2014-10-12 21:00:00,2,0,2
2014-10-12 22:00:00,6,2,4
2014-10-12 23:00:00,1,0,1
2014-10-13 00:00:00,4,1,3
2014-10-13 01:00:00,0,0,0
2014-10-13 02:00:00,0,0,0
2014-10-13 03:00:00,1,0,1
2014-10-13 04:00:00,2,0,2
2014-10-13 05:00:00,15,10,5
2014-10-13 06:00:00,44,27,17
2014-10-13 07:00:00,105,65,40
2014-10-13 08:00:00,144,115,29
2014-10-13 09:00:00,98,72,26
2014-10-13 10:00:00,45,30,15
2014-10-13 11:00:00,42,19,23
2014-10-13 12:00:00,50,25,25
2014-10-13 13:00:00,43,25,18
2014-10-13 14:00:00,49,24,25
2014-10-13 15:00:00,57,28,29
2014-10-13 16:00:00,119,35,84
2014-10-13 17:00:00,208,52,156
2014-10-13 18:00:00,130,40,90
2014-10-13 19:00:00,35,9,26
2014-10-13 20:00:00,11,2,9
2014-10-13 21:00:00,1,0,1
2014-10-13 22:00:00,4,3,1
2014-10-13 23:00:00,2,0,2
2014-10-14 00:00:00,3,1,2
2014-10-14 01:00:00,0,0,0
2014-10-14 02:00:00,1,0,1
2014-10-14 03:00:00,0,0,0
2014-10-14 04:00:00,1,1,0
2014-10-14 05:00:00,18,12,6
2014-10-14 06:00:00,50,28,22
2014-10-14 07:00:00,103,73,30
2014-10-14 08:00:00,146,112,34
2014-10-14 09:00:00,82,57,25
2014-10-14 10:00:00,31,23,8
2014-10-14 11:00:00,22,13,9
2014-10-14 12:00:00,25,12,13
2014-10-14 13:00:00,28,11,17
2014-10-14 14:00:00,37,23,14
2014-10-14 15:00:00,37,18,19
2014-10-14 16:00:00,93,29,64
2014-10-14 17:00:00,190,42,148
2014-10-14 18:00:00,156,38,118
2014-10-14 19:00:00,38,14,24
2014-10-14 20:00:00,17,9,8
2014-10-14 21:00:00,5,2,3
2014-10-14 22:00:00,7,5,2
2014-10-14 23:00:00,3,1,2
2014-10-15 00:00:00,3,2,1
2014-10-15 01:00:00,0,0,0
2014-10-15 02:00:00,2,0,2
2014-10-15 03:00:00,0,0,0
2014-10-15 04:00:00,0,0,0
2014-10-15 05:00:00,18,11,7
2014-10-15 06:00:00,44,28,16
2014-10-15 07:00:00,102,69,33
2014-10-15 08:00:00,111,90,21
2014-10-15 09:00:00,52,39,13
2014-10-15 10:00:00,29,21,8
2014-10-15 11:00:00,9,5,4
2014-10-15 12:00:00,8,4,4
2014-10-15 13:00:00,10,4,6
2014-10-15 14:00:00,24,15,9
2014-10-15 15:00:00,32,14,18
2014-10-15 16:00:00,96,39,57
2014-10-15 17:00:00,148,31,117
2014-10-15 18:00:00,124,38,86
2014-10-15 19:00:00,52,22,30
2014-10-15 20:00:00,14,7,7
2014-10-15 21:00:00,11,5,6
2014-10-15 22:00:00,8,1,7
2014-10-15 23:00:00,5,3,2
2014-10-16 00:00:00,3,1,2
2014-10-16 01:00:00,0,0,0
2014-10-16 02:00:00,3,0,3
2014-10-16 03:00:00,0,0,0
2014-10-16 04:00:00,1,0,1
2014-10-16 05:00:00,25,14,11
2014-10-16 06:00:00,46,29,17
2014-10-16 07:00:00,113,71,42
2014-10-16 08:00:00,174,138,36
2014-10-16 09:00:00,88,65,23
2014-10-16 10:00:00,30,22,8
2014-10-16 11:00:00,37,15,22
2014-10-16 12:00:00,38,24,14
2014-10-16 13:00:00,35,14,21
2014-10-16 14:00:00,50,24,26
2014-10-16 15:00:00,86,48,38
2014-10-16 16:00:00,152,61,91
2014-10-16 17:00:00,239,58,181
2014-10-16 18:00:00,137,36,101
2014-10-16 19:00:00,50,19,31
2014-10-16 20:00:00,20,3,17
2014-10-16 21:00:00,15,5,10
2014-10-16 22:00:00,6,1,5
2014-10-16 23:00:00,2,0,2
2014-10-17 00:00:00,3,2,1
2014-10-17 01:00:00,7,3,4
2014-10-17 02:00:00,3,0,3
2014-10-17 03:00:00,0,0,0
2014-10-17 04:00:00,0,0,0
2014-10-17 05:00:00,16,12,4
2014-10-17 06:00:00,39,19,20
2014-10-17 07:00:00,86,62,24
2014-10-17 08:00:00,105,84,21
2014-10-17 09:00:00,62,46,16
2014-10-17 10:00:00,25,16,9
2014-10-17 11:00:00,9,3,6
2014-10-17 12:00:00,7,5,2
2014-10-17 13:00:00,7,1,6
2014-10-17 14:00:00,27,15,12
2014-10-17 15:00:00,34,14,20
2014-10-17 16:00:00,80,28,52
2014-10-17 17:00:00,120,26,94
2014-10-17 18:00:00,64,7,57
2014-10-17 19:00:00,21,4,17
2014-10-17 20:00:00,9,2,7
2014-10-17 21:00:00,4,2,2
2014-10-17 22:00:00,7,3,4
2014-10-17 23:00:00,4,1,3
2014-10-18 00:00:00,2,1,1
2014-10-18 01:00:00,1,0,1
2014-10-18 02:00:00,1,0,1
2014-10-18 03:00:00,0,0,0
2014-10-18 04:00:00,3,0,3
2014-10-18 05:00:00,1,1,0
2014-10-18 06:00:00,9,7,2
2014-10-18 07:00:00,13,4,9
2014-10-18 08:00:00,24,15,9
2014-10-18 09:00:00,26,15,11
2014-10-18 10:00:00,22,10,12
2014-10-18 11:00:00,36,23,13
2014-10-18 12:00:00,23,9,14
2014-10-18 13:00:00,56,27,29
2014-10-18 14:00:00,50,28,22
2014-10-18 15:00:00,46,25,21
2014-10-18 16:00:00,57,18,39
2014-10-18 17:00:00,63,36,27
2014-10-18 18:00:00,49,20,29
2014-10-18 19:00:00,23,15,8
2014-10-18 20:00:00,18,6,12
2014-10-18 21:00:00,8,2,6
2014-10-18 22:00:00,6,1,5
2014-10-18 23:00:00,3,2,1
2014-10-19 00:00:00,3,0,3
2014-10-19 01:00:00,0,0,0
2014-10-19 02:00:00,6,3,3
2014-10-19 03:00:00,2,1,1
2014-10-19 04:00:00,2,2,0
2014-10-19 05:00:00,1,1,0
2014-10-19 06:00:00,3,0,3
2014-10-19 07:00:00,6,5,1
2014-10-19 08:00:00,33,12,21
2014-10-19 09:00:00,73,39,34
2014-10-19 10:00:00,66,32,34
2014-10-19 11:00:00,88,38,50
2014-10-19 12:00:00,121,46,75
2014-10-19 13:00:00,150,69,81
2014-10-19 14:00:00,202,95,107
2014-10-19 15:00:00,211,96,115
2014-10-19 16:00:00,162,83,79
2014-10-19 17:00:00,126,67,59
2014-10-19 18:00:00,63,38,25
2014-10-19 19:00:00,13,9,4
2014-10-19 20:00:00,10,5,5
2014-10-19 21:00:00,3,1,2
2014-10-19 22:00:00,9,4,5
2014-10-19 23:00:00,7,5,2
2014-10-20 00:00:00,7,2,5
2014-10-20 01:00:00,2,0,2
2014-10-20 02:00:00,0,0,0
2014-10-20 03:00:00,0,0,0
2014-10-20 04:00:00,1,1,0
2014-10-20 05:00:00,15,10,5
2014-10-20 06:00:00,46,27,19
2014-10-20 07:00:00,85,56,29
2014-10-20 08:00:00,135,113,22
2014-10-20 09:00:00,89,68,21
2014-10-20 10:00:00,34,22,12
2014-10-20 11:00:00,23,13,10
2014-10-20 12:00:00,38,23,15
2014-10-20 13:00:00,26,16,10
2014-10-20 14:00:00,29,17,12
2014-10-20 15:00:00,42,24,18
2014-10-20 16:00:00,90,42,48
2014-10-20 17:00:00,192,47,145
2014-10-20 18:00:00,135,40,95
2014-10-20 19:00:00,38,13,25
2014-10-20 20:00:00,14,3,11
2014-10-20 21:00:00,6,2,4
2014-10-20 22:00:00,4,2,2
2014-10-20 23:00:00,9,6,3
2014-10-21 00:00:00,4,3,1
2014-10-21 01:00:00,1,0,1
2014-10-21 02:00:00,0,0,0
2014-10-21 03:00:00,1,1,0
2014-10-21 04:00:00,1,1,0
2014-10-21 05:00:00,13,10,3
2014-10-21 06:00:00,55,35,20
2014-10-21 07:00:00,94,65,29
2014-10-21 08:00:00,150,117,33
2014-10-21 09:00:00,81,70,11
2014-10-21 10:00:00,32,20,12
2014-10-21 11:00:00,26,12,14
2014-10-21 12:00:00,33,16,17
2014-10-21 13:00:00,25,13,12
2014-10-21 14:00:00,29,12,17
2014-10-21 15:00:00,44,22,22
2014-10-21 16:00:00,96,31,65
2014-10-21 17:00:00,206,52,154
2014-10-21 18:00:00,120,36,84
2014-10-21 19:00:00,35,12,23
2014-10-21 20:00:00,15,3,12
2014-10-21 21:00:00,2,0,2
2014-10-21 22:00:00,7,0,7
2014-10-21 23:00:00,2,0,2
2014-10-22 00:00:00,0,0,0
2014-10-22 01:00:00,1,0,1
2014-10-22 02:00:00,0,0,0
2014-10-22 03:00:00,1,1,0
2014-10-22 04:00:00,0,0,0
2014-10-22 05:00:00,14,9,5
2014-10-22 06:00:00,30,14,16
2014-10-22 07:00:00,60,41,19
2014-10-22 08:00:00,125,89,36
2014-10-22 09:00:00,51,40,11
2014-10-22 10:00:00,23,17,6
2014-10-22 11:00:00,13,11,2
2014-10-22 12:00:00,8,6,2
2014-10-22 13:00:00,6,1,5
2014-10-22 14:00:00,21,10,11
2014-10-22 15:00:00,28,18,10
2014-10-22 16:00:00,47,23,24
2014-10-22 17:00:00,124,29,95
2014-10-22 18:00:00,74,16,58
2014-10-22 19:00:00,28,5,23
2014-10-22 20:00:00,5,2,3
2014-10-22 21:00:00,3,1,2
2014-10-22 22:00:00,5,0,5
2014-10-22 23:00:00,1,0,1
2014-10-23 00:00:00,3,1,2
2014-10-23 01:00:00,3,0,3
2014-10-23 02:00:00,1,0,1
2014-10-23 03:00:00,0,0,0
2014-10-23 04:00:00,0,0,0
2014-10-23 05:00:00,16,11,5
2014-10-23 06:00:00,24,17,7
2014-10-23 07:00:00,68,43,25
2014-10-23 08:00:00,110,87,23
2014-10-23 09:00:00,57,47,10
2014-10-23 10:00:00,14,11,3
2014-10-23 11:00:00,8,4,4
2014-10-23 12:00:00,29,11,18
2014-10-23 13:00:00,24,12,12
2014-10-23 14:00:00,22,15,7
2014-10-23 15:00:00,34,16,18
2014-10-23 16:00:00,62,18,44
2014-10-23 17:00:00,144,32,112
2014-10-23 18:00:00,88,26,62
2014-10-23 19:00:00,29,7,22
2014-10-23 20:00:00,11,7,4
2014-10-23 21:00:00,2,1,1
2014-10-23 22:00:00,5,2,3
2014-10-23 23:00:00,2,1,1
2014-10-24 00:00:00,4,3,1
2014-10-24 01:00:00,3,0,3
2014-10-24 02:00:00,2,0,2
2014-10-24 03:00:00,0,0,0
2014-10-24 04:00:00,0,0,0
2014-10-24 05:00:00,18,12,6
2014-10-24 06:00:00,39,26,13
2014-10-24 07:00:00,88,53,35
2014-10-24 08:00:00,133,101,32
2014-10-24 09:00:00,86,67,19
2014-10-24 10:00:00,33,18,15
2014-10-24 11:00:00,28,15,13
2014-10-24 12:00:00,32,12,20
2014-10-24 13:00:00,26,15,11
2014-10-24 14:00:00,35,20,15
2014-10-24 15:00:00,68,33,35
2014-10-24 16:00:00,120,36,84
2014-10-24 17:00:00,164,35,129
2014-10-24 18:00:00,74,14,60
2014-10-24 19:00:00,24,5,19
2014-10-24 20:00:00,11,5,6
2014-10-24 21:00:00,4,1,3
2014-10-24 22:00:00,6,0,6
2014-10-24 23:00:00,3,0,3
2014-10-25 00:00:00,4,3,1
2014-10-25 01:00:00,1,0,1
2014-10-25 02:00:00,1,0,1
2014-10-25 03:00:00,0,0,0
2014-10-25 04:00:00,0,0,0
2014-10-25 05:00:00,0,0,0
2014-10-25 06:00:00,3,2,1
2014-10-25 07:00:00,8,6,2
2014-10-25 08:00:00,16,8,8
2014-10-25 09:00:00,15,11,4
2014-10-25 10:00:00,23,12,11
2014-10-25 11:00:00,48,35,13
2014-10-25 12:00:00,36,21,15
2014-10-25 13:00:00,28,12,16
2014-10-25 14:00:00,28,7,21
2014-10-25 15:00:00,18,7,11
2014-10-25 16:00:00,20,7,13
2014-10-25 17:00:00,13,4,9
2014-10-25 18:00:00,8,1,7
2014-10-25 19:00:00,2,0,2
2014-10-25 20:00:00,4,2,2
2014-10-25 21:00:00,0,0,0
2014-10-25 22:00:00,0,0,0
2014-10-25 23:00:00,2,0,2
2014-10-26 00:00:00,3,0,3
2014-10-26 01:00:00,0,0,0
2014-10-26 02:00:00,1,0,1
2014-10-26 03:00:00,0,0,0
2014-10-26 04:00:00,0,0,0
2014-10-26 05:00:00,3,3,0
2014-10-26 06:00:00,1,0,1
2014-10-26 07:00:00,5,2,3
2014-10-26 08:00:00,15,12,3
2014-10-26 09:00:00,19,10,9
2014-10-26 10:00:00,34,25,9
2014-10-26 11:00:00,26,14,12
2014-10-26 12:00:00,27,6,21
2014-10-26 13:00:00,22,9,13
2014-10-26 14:00:00,19,7,12
2014-10-26 15:00:00,37,17,20
2014-10-26 16:00:00,40,22,18
2014-10-26 17:00:00,63,31,32
2014-10-26 18:00:00,26,12,14
2014-10-26 19:00:00,9,4,5
2014-10-26 20:00:00,8,5,3
2014-10-26 21:00:00,8,3,5
2014-10-26 22:00:00,6,2,4
2014-10-26 23:00:00,2,2,0
2014-10-27 00:00:00,1,0,1
2014-10-27 01:00:00,1,0,1
2014-10-27 02:00:00,1,0,1
2014-10-27 03:00:00,1,1,0
2014-10-27 04:00:00,1,1,0
2014-10-27 05:00:00,15,10,5
2014-10-27 06:00:00,43,24,19
2014-10-27 07:00:00,93,63,30
2014-10-27 08:00:00,169,125,44
2014-10-27 09:00:00,97,78,19
2014-10-27 10:00:00,35,21,14
2014-10-27 11:00:00,27,14,13
2014-10-27 12:00:00,33,18,15
2014-10-27 13:00:00,52,26,26
2014-10-27 14:00:00,48,25,23
2014-10-27 15:00:00,74,39,35
2014-10-27 16:00:00,110,45,65
2014-10-27 17:00:00,229,60,169
2014-10-27 18:00:00,126,24,102
2014-10-27 19:00:00,39,10,29
2014-10-27 20:00:00,15,0,15
2014-10-27 21:00:00,5,0,5
2014-10-27 22:00:00,6,4,2
2014-10-27 23:00:00,5,1,4
2014-10-28 00:00:00,1,0,1
2014-10-28 01:00:00,1,0,1
2014-10-28 02:00:00,0,0,0
2014-10-28 03:00:00,0,0,0
2014-10-28 04:00:00,0,0,0
2014-10-28 05:00:00,16,14,2
2014-10-28 06:00:00,36,27,9
2014-10-28 07:00:00,81,57,24
2014-10-28 08:00:00,114,90,24
2014-10-28 09:00:00,58,47,11
2014-10-28 10:00:00,17,9,8
2014-10-28 11:00:00,7,4,3
2014-10-28 12:00:00,7,6,1
2014-10-28 13:00:00,10,5,5
2014-10-28 14:00:00,20,15,5
2014-10-28 15:00:00,34,16,18
2014-10-28 16:00:00,67,22,45
2014-10-28 17:00:00,146,28,118
2014-10-28 18:00:00,105,19,86
2014-10-28 19:00:00,29,5,24
2014-10-28 20:00:00,6,1,5
2014-10-28 21:00:00,6,3,3
2014-10-28 22:00:00,5,1,4
2014-10-28 23:00:00,2,1,1
2014-10-29 00:00:00,2,0,2
2014-10-29 01:00:00,1,0,1
2014-10-29 02:00:00,1,0,1
2014-10-29 03:00:00,1,1,0
2014-10-29 04:00:00,1,1,0
2014-10-29 05:00:00,16,13,3
2014-10-29 06:00:00,45,31,14
2014-10-29 07:00:00,100,62,38
2014-10-29 08:00:00,136,108,28
2014-10-29 09:00:00,92,76,16
2014-10-29 10:00:00,37,24,13
2014-10-29 11:00:00,35,18,17
2014-10-29 12:00:00,25,15,10
2014-10-29 13:00:00,60,23,37
2014-10-29 14:00:00,61,33,28
2014-10-29 15:00:00,65,32,33
2014-10-29 16:00:00,138,57,81
2014-10-29 17:00:00,216,44,172
2014-10-29 18:00:00,142,45,97
2014-10-29 19:00:00,38,6,32
2014-10-29 20:00:00,18,6,12
2014-10-29 21:00:00,3,1,2
2014-10-29 22:00:00,5,3,2
2014-10-29 23:00:00,0,0,0
2014-10-30 00:00:00,3,1,2
2014-10-30 01:00:00,2,2,0
2014-10-30 02:00:00,2,0,2
2014-10-30 03:00:00,1,1,0
2014-10-30 04:00:00,1,1,0
2014-10-30 05:00:00,13,9,4
2014-10-30 06:00:00,41,25,16
2014-10-30 07:00:00,89,59,30
2014-10-30 08:00:00,134,108,26
2014-10-30 09:00:00,74,62,12
2014-10-30 10:00:00,19,12,7
2014-10-30 11:00:00,20,12,8
2014-10-30 12:00:00,7,7,0
2014-10-30 13:00:00,18,10,8
2014-10-30 14:00:00,13,9,4
2014-10-30 15:00:00,38,16,22
2014-10-30 16:00:00,64,24,40
2014-10-30 17:00:00,124,28,96
2014-10-30 18:00:00,91,17,74
2014-10-30 19:00:00,32,7,25
2014-10-30 20:00:00,8,2,6
2014-10-30 21:00:00,6,0,6
2014-10-30 22:00:00,2,0,2
2014-10-30 23:00:00,1,0,1
2014-10-31 00:00:00,0,0,0
2014-10-31 01:00:00,1,0,1
2014-10-31 02:00:00,0,0,0
2014-10-31 03:00:00,1,1,0
2014-10-31 04:00:00,0,0,0
2014-10-31 05:00:00,13,11,2
2014-10-31 06:00:00,20,10,10
2014-10-31 07:00:00,66,43,23
2014-10-31 08:00:00,86,63,23
2014-10-31 09:00:00,52,43,9
2014-10-31 10:00:00,13,8,5
2014-10-31 11:00:00,5,2,3
2014-10-31 12:00:00,16,11,5
2014-10-31 13:00:00,9,5,4
2014-10-31 14:00:00,34,21,13
2014-10-31 15:00:00,32,11,21
2014-10-31 16:00:00,90,30,60
2014-10-31 17:00:00,109,31,78
2014-10-31 18:00:00,48,11,37
2014-10-31 19:00:00,12,2,10
2014-10-31 20:00:00,2,2,0
2014-10-31 21:00:00,7,0,7
2014-10-31 22:00:00,8,3,5
2014-10-31 23:00:00,3,2,1
2014-11-01 00:00:00,5,3,2
2014-11-01 01:00:00,1,0,1
2014-11-01 02:00:00,0,0,0
2014-11-01 03:00:00,4,0,4
2014-11-01 04:00:00,0,0,0
2014-11-01 05:00:00,6,6,0
2014-11-01 06:00:00,5,4,1
2014-11-01 07:00:00,6,3,3
2014-11-01 08:00:00,14,9,5
2014-11-01 09:00:00,23,14,9
2014-11-01 10:00:00,57,36,21
2014-11-01 11:00:00,41,22,19
2014-11-01 12:00:00,37,13,24
2014-11-01 13:00:00,40,17,23
2014-11-01 14:00:00,63,28,35
2014-11-01 15:00:00,59,24,35
2014-11-01 16:00:00,65,31,34
2014-11-01 17:00:00,50,18,32
2014-11-01 18:00:00,34,20,14
2014-11-01 19:00:00,9,5,4
2014-11-01 20:00:00,12,4,8
2014-11-01 21:00:00,1,1,0
2014-11-01 22:00:00,2,0,2
2014-11-01 23:00:00,3,0,3
2014-11-02 00:00:00,2,1,1
2014-11-02 01:00:00,1,1,0
2014-11-02 02:00:00,0,0,0
2014-11-02 03:00:00,0,0,0
2014-11-02 04:00:00,0,0,0
2014-11-02 05:00:00,2,2,0
2014-11-02 06:00:00,4,2,2
2014-11-02 07:00:00,7,4,3
2014-11-02 08:00:00,22,11,11
2014-11-02 09:00:00,49,22,27
2014-11-02 10:00:00,58,31,27
2014-11-02 11:00:00,76,37,39
2014-11-02 12:00:00,100,59,41
2014-11-02 13:00:00,75,44,31
2014-11-02 14:00:00,19,10,9
2014-11-02 15:00:00,23,10,13
2014-11-02 16:00:00,13,4,9
2014-11-02 17:00:00,12,3,9
2014-11-02 18:00:00,10,1,9
2014-11-02 19:00:00,1,0,1
2014-11-02 20:00:00,2,1,1
2014-11-02 21:00:00,0,0,0
2014-11-02 22:00:00,0,0,0
2014-11-02 23:00:00,0,0,0
2014-11-03 00:00:00,1,0,1
2014-11-03 01:00:00,0,0,0
2014-11-03 02:00:00,1,0,1
2014-11-03 03:00:00,0,0,0
2014-11-03 04:00:00,1,1,0
2014-11-03 05:00:00,15,8,7
2014-11-03 06:00:00,39,23,16
2014-11-03 07:00:00,112,79,33
2014-11-03 08:00:00,119,94,25
2014-11-03 09:00:00,63,47,16
2014-11-03 10:00:00,26,19,7
2014-11-03 11:00:00,21,8,13
2014-11-03 12:00:00,16,6,10
2014-11-03 13:00:00,18,7,11
2014-11-03 14:00:00,18,10,8
2014-11-03 15:00:00,25,9,16
2014-11-03 16:00:00,88,29,59
2014-11-03 17:00:00,155,39,116
2014-11-03 18:00:00,91,14,77
2014-11-03 19:00:00,28,7,21
2014-11-03 20:00:00,7,1,6
2014-11-03 21:00:00,9,4,5
2014-11-03 22:00:00,4,2,2
2014-11-03 23:00:00,0,0,0
2014-11-04 00:00:00,5,1,4
2014-11-04 01:00:00,2,1,1
2014-11-04 02:00:00,0,0,0
2014-11-04 03:00:00,0,0,0
2014-11-04 04:00:00,0,0,0
2014-11-04 05:00:00,16,12,4
2014-11-04 06:00:00,31,18,13
2014-11-04 07:00:00,105,69,36
2014-11-04 08:00:00,138,105,33
2014-11-04 09:00:00,65,49,16
2014-11-04 10:00:00,30,19,11
2014-11-04 11:00:00,17,6,11
2014-11-04 12:00:00,29,14,15
2014-11-04 13:00:00,18,8,10
2014-11-04 14:00:00,31,18,13
2014-11-04 15:00:00,34,17,17
2014-11-04 16:00:00,88,33,55
2014-11-04 17:00:00,169,42,127
2014-11-04 18:00:00,103,21,82
2014-11-04 19:00:00,39,5,34
2014-11-04 20:00:00,6,2,4
2014-11-04 21:00:00,9,1,8
2014-11-04 22:00:00,5,2,3
2014-11-04 23:00:00,3,2,1
2014-11-05 00:00:00,5,1,4
2014-11-05 01:00:00,1,0,1
2014-11-05 02:00:00,1,0,1
2014-11-05 03:00:00,0,0,0
2014-11-05 04:00:00,0,0,0
2014-11-05 05:00:00,19,14,5
2014-11-05 06:00:00,49,27,22
2014-11-05 07:00:00,112,70,42
2014-11-05 08:00:00,144,117,27
2014-11-05 09:00:00,77,50,27
2014-11-05 10:00:00,39,23,16
2014-11-05 11:00:00,50,37,13
2014-11-05 12:00:00,29,12,17
2014-11-05 13:00:00,28,12,16
2014-11-05 14:00:00,23,10,13
2014-11-05 15:00:00,29,11,18
2014-11-05 16:00:00,96,42,54
2014-11-05 17:00:00,148,23,125
2014-11-05 18:00:00,90,9,81
2014-11-05 19:00:00,44,8,36
2014-11-05 20:00:00,5,2,3
2014-11-05 21:00:00,6,1,5
2014-11-05 22:00:00,1,1,0
2014-11-05 23:00:00,1,0,1
2014-11-06 00:00:00,1,1,0
2014-11-06 01:00:00,1,0,1
2014-11-06 02:00:00,2,0,2
2014-11-06 03:00:00,1,0,1
2014-11-06 04:00:00,0,0,0
2014-11-06 05:00:00,18,13,5
2014-11-06 06:00:00,30,19,11
2014-11-06 07:00:00,74,46,28
2014-11-06 08:00:00,99,65,34
2014-11-06 09:00:00,54,44,10
2014-11-06 10:00:00,18,11,7
2014-11-06 11:00:00,11,4,7
2014-11-06 12:00:00,19,11,8
2014-11-06 13:00:00,5,4,1
2014-11-06 14:00:00,29,11,18
2014-11-06 15:00:00,24,11,13
2014-11-06 16:00:00,74,33,41
2014-11-06 17:00:00,116,31,85
2014-11-06 18:00:00,89,13,76
2014-11-06 19:00:00,23,4,19
2014-11-06 20:00:00,7,1,6
2014-11-06 21:00:00,4,0,4
2014-11-06 22:00:00,2,0,2
2014-11-06 23:00:00,7,3,4
2014-11-07 00:00:00,5,1,4
2014-11-07 01:00:00,0,0,0
2014-11-07 02:00:00,2,0,2
2014-11-07 03:00:00,0,0,0
2014-11-07 04:00:00,0,0,0
2014-11-07 05:00:00,14,11,3
2014-11-07 06:00:00,37,22,15
2014-11-07 07:00:00,107,72,35
2014-11-07 08:00:00,156,125,31
2014-11-07 09:00:00,90,68,22
2014-11-07 10:00:00,49,29,20
2014-11-07 11:00:00,33,15,18
2014-11-07 12:00:00,41,17,24
2014-11-07 13:00:00,57,21,36
2014-11-07 14:00:00,49,26,23
2014-11-07 15:00:00,86,45,41
2014-11-07 16:00:00,163,65,98
2014-11-07 17:00:00,177,47,130
2014-11-07 18:00:00,79,18,61
2014-11-07 19:00:00,28,4,24
2014-11-07 20:00:00,13,2,11
2014-11-07 21:00:00,11,6,5
2014-11-07 22:00:00,3,3,0
2014-11-07 23:00:00,3,0,3
2014-11-08 00:00:00,8,1,7
2014-11-08 01:00:00,1,0,1
2014-11-08 02:00:00,1,0,1
2014-11-08 03:00:00,2,0,2
2014-11-08 04:00:00,1,0,1
2014-11-08 05:00:00,3,2,1
2014-11-08 06:00:00,5,3,2
2014-11-08 07:00:00,15,8,7
2014-11-08 08:00:00,25,9,16
2014-11-08 09:00:00,38,27,11
2014-11-08 10:00:00,54,27,27
2014-11-08 11:00:00,97,48,49
2014-11-08 12:00:00,132,73,59
2014-11-08 13:00:00,105,44,61
2014-11-08 14:00:00,111,49,62
2014-11-08 15:00:00,109,61,48
2014-11-08 16:00:00,56,29,27
2014-11-08 17:00:00,42,16,26
2014-11-08 18:00:00,13,7,6
2014-11-08 19:00:00,20,13,7
2014-11-08 20:00:00,2,0,2
2014-11-08 21:00:00,8,2,6
2014-11-08 22:00:00,7,0,7
2014-11-08 23:00:00,8,0,8
2014-11-09 00:00:00,5,2,3
2014-11-09 01:00:00,0,0,0
2014-11-09 02:00:00,3,2,1
2014-11-09 03:00:00,2,1,1
2014-11-09 04:00:00,0,0,0
2014-11-09 05:00:00,3,3,0
2014-11-09 06:00:00,4,3,1
2014-11-09 07:00:00,3,2,1
2014-11-09 08:00:00,3,1,2
2014-11-09 09:00:00,41,19,22
2014-11-09 10:00:00,21,9,12
2014-11-09 11:00:00,27,14,13
2014-11-09 12:00:00,48,25,23
2014-11-09 13:00:00,33,19,14
2014-11-09 14:00:00,35,19,16
2014-11-09 15:00:00,25,14,11
2014-11-09 16:00:00,13,3,10
2014-11-09 17:00:00,18,5,13
2014-11-09 18:00:00,6,1,5
2014-11-09 19:00:00,3,2,1
2014-11-09 20:00:00,6,2,4
2014-11-09 21:00:00,2,0,2
2014-11-09 22:00:00,2,1,1
2014-11-09 23:00:00,1,1,0
2014-11-10 00:00:00,2,1,1
2014-11-10 01:00:00,1,0,1
2014-11-10 02:00:00,1,0,1
2014-11-10 03:00:00,1,1,0
2014-11-10 04:00:00,0,0,0
2014-11-10 05:00:00,16,11,5
2014-11-10 06:00:00,40,26,14
2014-11-10 07:00:00,94,62,32
2014-11-10 08:00:00,160,127,33
2014-11-10 09:00:00,83,67,16
2014-11-10 10:00:00,61,30,31
2014-11-10 11:00:00,33,18,15
2014-11-10 12:00:00,41,24,17
2014-11-10 13:00:00,37,19,18
2014-11-10 14:00:00,63,25,38
2014-11-10 15:00:00,69,37,32
2014-11-10 16:00:00,128,46,82
2014-11-10 17:00:00,199,51,148
2014-11-10 18:00:00,95,24,71
2014-11-10 19:00:00,39,9,30
2014-11-10 20:00:00,14,3,11
2014-11-10 21:00:00,4,0,4
2014-11-10 22:00:00,35,3,32
2014-11-10 23:00:00,7,0,7
2014-11-11 00:00:00,7,2,5
2014-11-11 01:00:00,3,0,3
2014-11-11 02:00:00,3,0,3
2014-11-11 03:00:00,1,0,1
2014-11-11 04:00:00,0,0,0
2014-11-11 05:00:00,9,6,3
2014-11-11 06:00:00,29,18,11
2014-11-11 07:00:00,96,60,36
2014-11-11 08:00:00,127,101,26
2014-11-11 09:00:00,78,60,18
2014-11-11 10:00:00,42,26,16
2014-11-11 11:00:00,36,13,23
2014-11-11 12:00:00,48,25,23
2014-11-11 13:00:00,61,33,28
2014-11-11 14:00:00,32,13,19
2014-11-11 15:00:00,80,30,50
2014-11-11 16:00:00,98,35,63
2014-11-11 17:00:00,158,40,118
2014-11-11 18:00:00,95,16,79
2014-11-11 19:00:00,26,5,21
2014-11-11 20:00:00,10,5,5
2014-11-11 21:00:00,6,1,5
2014-11-11 22:00:00,2,0,2
2014-11-11 23:00:00,1,0,1
2014-11-12 00:00:00,2,0,2
2014-11-12 01:00:00,1,0,1
2014-11-12 02:00:00,1,0,1
2014-11-12 03:00:00,0,0,0
2014-11-12 04:00:00,1,1,0
2014-11-12 05:00:00,16,11,5
2014-11-12 06:00:00,44,28,16
2014-11-12 07:00:00,92,58,34
2014-11-12 08:00:00,137,112,25
2014-11-12 09:00:00,82,60,22
2014-11-12 10:00:00,29,23,6
2014-11-12 11:00:00,26,17,9
2014-11-12 12:00:00,20,10,10
2014-11-12 13:00:00,22,11,11
2014-11-12 14:00:00,38,18,20
2014-11-12 15:00:00,43,19,24
2014-11-12 16:00:00,101,30,71
2014-11-12 17:00:00,153,31,122
2014-11-12 18:00:00,98,19,79
2014-11-12 19:00:00,23,7,16
2014-11-12 20:00:00,12,2,10
2014-11-12 21:00:00,5,1,4
2014-11-12 22:00:00,7,2,5
2014-11-12 23:00:00,2,0,2
2014-11-13 00:00:00,4,1,3
2014-11-13 01:00:00,2,1,1
2014-11-13 02:00:00,1,0,1
2014-11-13 03:00:00,1,0,1
2014-11-13 04:00:00,0,0,0
2014-11-13 05:00:00,17,10,7
2014-11-13 06:00:00,30,23,7
2014-11-13 07:00:00,92,57,35
2014-11-13 08:00:00,129,98,31
2014-11-13 09:00:00,84,67,17
2014-11-13 10:00:00,32,20,12
2014-11-13 11:00:00,16,11,5
2014-11-13 12:00:00,20,8,12
2014-11-13 13:00:00,25,11,14
2014-11-13 14:00:00,46,24,22
2014-11-13 15:00:00,45,25,20
2014-11-13 16:00:00,73,25,48
2014-11-13 17:00:00,148,29,119
2014-11-13 18:00:00,72,11,61
2014-11-13 19:00:00,71,14,57
2014-11-13 20:00:00,9,3,6
2014-11-13 21:00:00,6,2,4
2014-11-13 22:00:00,4,1,3
2014-11-13 23:00:00,4,2,2
2014-11-14 00:00:00,3,2,1
2014-11-14 01:00:00,1,0,1
2014-11-14 02:00:00,4,1,3
2014-11-14 03:00:00,0,0,0
2014-11-14 04:00:00,0,0,0
2014-11-14 05:00:00,14,10,4
2014-11-14 06:00:00,34,21,13
2014-11-14 07:00:00,79,48,31
2014-11-14 08:00:00,117,93,24
2014-11-14 09:00:00,73,53,20
2014-11-14 10:00:00,29,23,6
2014-11-14 11:00:00,12,3,9
2014-11-14 12:00:00,23,8,15
2014-11-14 13:00:00,36,16,20
2014-11-14 14:00:00,29,18,11
2014-11-14 15:00:00,41,16,25
2014-11-14 16:00:00,104,39,65
2014-11-14 17:00:00,118,33,85
2014-11-14 18:00:00,54,8,46
2014-11-14 19:00:00,21,3,18
2014-11-14 20:00:00,8,2,6
2014-11-14 21:00:00,1,1,0
2014-11-14 22:00:00,3,1,2
2014-11-14 23:00:00,3,0,3
2014-11-15 00:00:00,4,1,3
2014-11-15 01:00:00,0,0,0
2014-11-15 02:00:00,0,0,0
2014-11-15 03:00:00,1,0,1
2014-11-15 04:00:00,2,2,0
2014-11-15 05:00:00,2,1,1
2014-11-15 06:00:00,4,2,2
2014-11-15 07:00:00,8,4,4
2014-11-15 08:00:00,17,12,5
2014-11-15 09:00:00,21,7,14
2014-11-15 10:00:00,22,15,7
2014-11-15 11:00:00,42,16,26
2014-11-15 12:00:00,45,17,28
2014-11-15 13:00:00,57,25,32
2014-11-15 14:00:00,70,34,36
2014-11-15 15:00:00,79,43,36
2014-11-15 16:00:00,72,33,39
2014-11-15 17:00:00,17,7,10
2014-11-15 18:00:00,8,2,6
2014-11-15 19:00:00,6,1,5
2014-11-15 20:00:00,2,2,0
2014-11-15 21:00:00,4,2,2
2014-11-15 22:00:00,7,2,5
2014-11-15 23:00:00,3,1,2
2014-11-16 00:00:00,3,0,3
2014-11-16 01:00:00,1,0,1
2014-11-16 02:00:00,1,0,1
2014-11-16 03:00:00,2,0,2
2014-11-16 04:00:00,0,0,0
2014-11-16 05:00:00,0,0,0
2014-11-16 06:00:00,3,2,1
2014-11-16 07:00:00,5,4,1
2014-11-16 08:00:00,7,2,5
2014-11-16 09:00:00,16,8,8
2014-11-16 10:00:00,23,10,13
2014-11-16 11:00:00,28,12,16
2014-11-16 12:00:00,34,13,21
2014-11-16 13:00:00,38,19,19
2014-11-16 14:00:00,89,49,40
2014-11-16 15:00:00,50,23,27
2014-11-16 16:00:00,56,27,29
2014-11-16 17:00:00,26,14,12
2014-11-16 18:00:00,9,2,7
2014-11-16 19:00:00,6,3,3
2014-11-16 20:00:00,3,2,1
2014-11-16 21:00:00,4,0,4
2014-11-16 22:00:00,3,2,1
2014-11-16 23:00:00,4,0,4
2014-11-17 00:00:00,1,0,1
2014-11-17 01:00:00,1,0,1
2014-11-17 02:00:00,1,0,1
2014-11-17 03:00:00,0,0,0
2014-11-17 04:00:00,2,2,0
2014-11-17 05:00:00,19,10,9
2014-11-17 06:00:00,43,25,18
2014-11-17 07:00:00,85,56,29
2014-11-17 08:00:00,142,112,30
2014-11-17 09:00:00,73,55,18
2014-11-17 10:00:00,42,22,20
2014-11-17 11:00:00,22,11,11
2014-11-17 12:00:00,29,17,12
2014-11-17 13:00:00,21,13,8
2014-11-17 14:00:00,39,21,18
2014-11-17 15:00:00,43,25,18
2014-11-17 16:00:00,87,35,52
2014-11-17 17:00:00,173,45,128
2014-11-17 18:00:00,83,12,71
2014-11-17 19:00:00,29,6,23
2014-11-17 20:00:00,4,2,2
2014-11-17 21:00:00,9,3,6
2014-11-17 22:00:00,7,3,4
2014-11-17 23:00:00,3,0,3
2014-11-18 00:00:00,10,7,3
2014-11-18 01:00:00,0,0,0
2014-11-18 02:00:00,2,0,2
2014-11-18 03:00:00,1,0,1
2014-11-18 04:00:00,0,0,0
2014-11-18 05:00:00,16,13,3
2014-11-18 06:00:00,43,27,16
2014-11-18 07:00:00,92,61,31
2014-11-18 08:00:00,165,126,39
2014-11-18 09:00:00,70,57,13
2014-11-18 10:00:00,23,12,11
2014-11-18 11:00:00,28,11,17
2014-11-18 12:00:00,24,14,10
2014-11-18 13:00:00,34,20,14
2014-11-18 14:00:00,33,20,13
2014-11-18 15:00:00,46,20,26
2014-11-18 16:00:00,93,37,56
2014-11-18 17:00:00,155,39,116
2014-11-18 18:00:00,109,18,91
2014-11-18 19:00:00,40,10,30
2014-11-18 20:00:00,9,2,7
2014-11-18 21:00:00,6,1,5
2014-11-18 22:00:00,4,1,3
2014-11-18 23:00:00,3,1,2
2014-11-19 00:00:00,2,1,1
2014-11-19 01:00:00,0,0,0
2014-11-19 02:00:00,1,0,1
2014-11-19 03:00:00,0,0,0
2014-11-19 04:00:00,0,0,0
2014-11-19 05:00:00,14,11,3
2014-11-19 06:00:00,42,26,16
2014-11-19 07:00:00,87,58,29
2014-11-19 08:00:00,122,91,31
2014-11-19 09:00:00,71,54,17
2014-11-19 10:00:00,35,21,14
2014-11-19 11:00:00,26,19,7
2014-11-19 12:00:00,37,16,21
2014-11-19 13:00:00,27,14,13
2014-11-19 14:00:00,31,19,12
2014-11-19 15:00:00,43,19,24
2014-11-19 16:00:00,79,31,48
2014-11-19 17:00:00,144,31,113
2014-11-19 18:00:00,101,21,80
2014-11-19 19:00:00,31,12,19
2014-11-19 20:00:00,11,2,9
2014-11-19 21:00:00,12,2,10
2014-11-19 22:00:00,4,2,2
2014-11-19 23:00:00,0,0,0
2014-11-20 00:00:00,1,0,1
2014-11-20 01:00:00,0,0,0
2014-11-20 02:00:00,0,0,0
2014-11-20 03:00:00,2,0,2
2014-11-20 04:00:00,0,0,0
2014-11-20 05:00:00,9,6,3
2014-11-20 06:00:00,41,25,16
2014-11-20 07:00:00,73,50,23
2014-11-20 08:00:00,138,105,33
2014-11-20 09:00:00,65,54,11
2014-11-20 10:00:00,20,12,8
2014-11-20 11:00:00,23,12,11
2014-11-20 12:00:00,18,12,6
2014-11-20 13:00:00,26,12,14
2014-11-20 14:00:00,37,21,16
2014-11-20 15:00:00,43,26,17
2014-11-20 16:00:00,80,37,43
2014-11-20 17:00:00,122,23,99
2014-11-20 18:00:00,81,11,70
2014-11-20 19:00:00,33,8,25
2014-11-20 20:00:00,8,5,3
2014-11-20 21:00:00,9,2,7
2014-11-20 22:00:00,5,1,4
2014-11-20 23:00:00,5,1,4
2014-11-21 00:00:00,1,0,1
2014-11-21 01:00:00,0,0,0
2014-11-21 02:00:00,3,1,2
2014-11-21 03:00:00,0,0,0
2014-11-21 04:00:00,1,1,0
2014-11-21 05:00:00,14,10,4
2014-11-21 06:00:00,30,18,12
2014-11-21 07:00:00,61,42,19
2014-11-21 08:00:00,103,79,24
2014-11-21 09:00:00,46,37,9
2014-11-21 10:00:00,11,9,2
2014-11-21 11:00:00,13,7,6
2014-11-21 12:00:00,11,3,8
2014-11-21 13:00:00,6,4,2
2014-11-21 14:00:00,20,10,10
2014-11-21 15:00:00,22,8,14
2014-11-21 16:00:00,63,28,35
2014-11-21 17:00:00,111,20,91
2014-11-21 18:00:00,51,9,42
2014-11-21 19:00:00,23,7,16
2014-11-21 20:00:00,7,3,4
2014-11-21 21:00:00,10,4,6
2014-11-21 22:00:00,1,0,1
2014-11-21 23:00:00,4,2,2
2014-11-22 00:00:00,5,1,4
2014-11-22 01:00:00,2,0,2
2014-11-22 02:00:00,0,0,0
2014-11-22 03:00:00,0,0,0
2014-11-22 04:00:00,0,0,0
2014-11-22 05:00:00,2,1,1
2014-11-22 06:00:00,5,5,0
2014-11-22 07:00:00,11,9,2
2014-11-22 08:00:00,13,7,6
2014-11-22 09:00:00,15,8,7
2014-11-22 10:00:00,22,10,12
2014-11-22 11:00:00,23,17,6
2014-11-22 12:00:00,30,20,10
2014-11-22 13:00:00,29,12,17
2014-11-22 14:00:00,49,28,21
2014-11-22 15:00:00,71,38,33
2014-11-22 16:00:00,48,20,28
2014-11-22 17:00:00,22,5,17
2014-11-22 18:00:00,15,7,8
2014-11-22 19:00:00,5,2,3
2014-11-22 20:00:00,6,1,5
2014-11-22 21:00:00,8,5,3
2014-11-22 22:00:00,6,0,6
2014-11-22 23:00:00,2,0,2
2014-11-23 00:00:00,3,0,3
2014-11-23 01:00:00,0,0,0
2014-11-23 02:00:00,0,0,0
2014-11-23 03:00:00,2,1,1
2014-11-23 04:00:00,0,0,0
2014-11-23 05:00:00,0,0,0
2014-11-23 06:00:00,3,3,0
2014-11-23 07:00:00,2,2,0
2014-11-23 08:00:00,3,2,1
2014-11-23 09:00:00,13,3,10
2014-11-23 10:00:00,11,9,2
2014-11-23 11:00:00,16,14,2
2014-11-23 12:00:00,24,11,13
2014-11-23 13:00:00,35,12,23
2014-11-23 14:00:00,67,39,28
2014-11-23 15:00:00,49,18,31
2014-11-23 16:00:00,53,31,22
2014-11-23 17:00:00,20,13,7
2014-11-23 18:00:00,12,4,8
2014-11-23 19:00:00,6,2,4
2014-11-23 20:00:00,5,1,4
2014-11-23 21:00:00,6,4,2
2014-11-23 22:00:00,3,2,1
2014-11-23 23:00:00,4,2,2
2014-11-24 00:00:00,0,0,0
2014-11-24 01:00:00,0,0,0
2014-11-24 02:00:00,1,0,1
2014-11-24 03:00:00,0,0,0
2014-11-24 04:00:00,1,1,0
2014-11-24 05:00:00,12,8,4
2014-11-24 06:00:00,34,18,16
2014-11-24 07:00:00,88,59,29
2014-11-24 08:00:00,125,102,23
2014-11-24 09:00:00,76,57,19
2014-11-24 10:00:00,35,22,13
2014-11-24 11:00:00,19,8,11
2014-11-24 12:00:00,13,8,5
2014-11-24 13:00:00,16,6,10
2014-11-24 14:00:00,23,14,9
2014-11-24 15:00:00,39,20,19
2014-11-24 16:00:00,65,21,44
2014-11-24 17:00:00,124,23,101
2014-11-24 18:00:00,90,14,76
2014-11-24 19:00:00,28,8,20
2014-11-24 20:00:00,6,2,4
2014-11-24 21:00:00,10,4,6
2014-11-24 22:00:00,4,2,2
2014-11-24 23:00:00,1,0,1
2014-11-25 00:00:00,3,1,2
2014-11-25 01:00:00,1,1,0
2014-11-25 02:00:00,1,0,1
2014-11-25 03:00:00,1,0,1
2014-11-25 04:00:00,1,1,0
2014-11-25 05:00:00,9,6,3
2014-11-25 06:00:00,28,16,12
2014-11-25 07:00:00,67,48,19
2014-11-25 08:00:00,100,73,27
2014-11-25 09:00:00,48,34,14
2014-11-25 10:00:00,17,14,3
2014-11-25 11:00:00,17,7,10
2014-11-25 12:00:00,13,7,6
2014-11-25 13:00:00,14,6,8
2014-11-25 14:00:00,17,10,7
2014-11-25 15:00:00,17,8,9
2014-11-25 16:00:00,59,22,37
2014-11-25 17:00:00,96,20,76
2014-11-25 18:00:00,67,11,56
2014-11-25 19:00:00,41,12,29
2014-11-25 20:00:00,8,0,8
2014-11-25 21:00:00,7,3,4
2014-11-25 22:00:00,1,0,1
2014-11-25 23:00:00,5,0,5
2014-11-26 00:00:00,1,1,0
2014-11-26 01:00:00,0,0,0
2014-11-26 02:00:00,2,0,2
2014-11-26 03:00:00,1,0,1
2014-11-26 04:00:00,0,0,0
2014-11-26 05:00:00,10,5,5
2014-11-26 06:00:00,24,15,9
2014-11-26 07:00:00,68,39,29
2014-11-26 08:00:00,80,53,27
2014-11-26 09:00:00,42,34,8
2014-11-26 10:00:00,46,30,16
2014-11-26 11:00:00,36,22,14
2014-11-26 12:00:00,27,10,17
2014-11-26 13:00:00,38,12,26
2014-11-26 14:00:00,65,33,32
2014-11-26 15:00:00,62,27,35
2014-11-26 16:00:00,92,38,54
2014-11-26 17:00:00,83,19,64
2014-11-26 18:00:00,39,10,29
2014-11-26 19:00:00,26,4,22
2014-11-26 20:00:00,8,3,5
2014-11-26 21:00:00,3,1,2
2014-11-26 22:00:00,2,2,0
2014-11-26 23:00:00,1,0,1
2014-11-27 00:00:00,3,1,2
2014-11-27 01:00:00,0,0,0
2014-11-27 02:00:00,1,0,1
2014-11-27 03:00:00,0,0,0
2014-11-27 04:00:00,0,0,0
2014-11-27 05:00:00,1,1,0
2014-11-27 06:00:00,3,2,1
2014-11-27 07:00:00,9,4,5
2014-11-27 08:00:00,11,7,4
2014-11-27 09:00:00,28,13,15
2014-11-27 10:00:00,21,7,14
2014-11-27 11:00:00,39,21,18
2014-11-27 12:00:00,29,10,19
2014-11-27 13:00:00,18,8,10
2014-11-27 14:00:00,16,5,11
2014-11-27 15:00:00,11,1,10
2014-11-27 16:00:00,11,8,3
2014-11-27 17:00:00,6,2,4
2014-11-27 18:00:00,6,2,4
2014-11-27 19:00:00,2,1,1
2014-11-27 20:00:00,2,2,0
2014-11-27 21:00:00,0,0,0
2014-11-27 22:00:00,6,1,5
2014-11-27 23:00:00,1,1,0
2014-11-28 00:00:00,0,0,0
2014-11-28 01:00:00,1,0,1
2014-11-28 02:00:00,0,0,0
2014-11-28 03:00:00,0,0,0
2014-11-28 04:00:00,0,0,0
2014-11-28 05:00:00,3,2,1
2014-11-28 06:00:00,9,5,4
2014-11-28 07:00:00,15,10,5
2014-11-28 08:00:00,5,2,3
2014-11-28 09:00:00,7,5,2
2014-11-28 10:00:00,5,3,2
2014-11-28 11:00:00,1,0,1
2014-11-28 12:00:00,3,2,1
2014-11-28 13:00:00,5,2,3
2014-11-28 14:00:00,8,5,3
2014-11-28 15:00:00,11,4,7
2014-11-28 16:00:00,12,9,3
2014-11-28 17:00:00,10,5,5
2014-11-28 18:00:00,5,1,4
2014-11-28 19:00:00,2,1,1
2014-11-28 20:00:00,0,0,0
2014-11-28 21:00:00,1,1,0
2014-11-28 22:00:00,1,1,0
2014-11-28 23:00:00,5,0,5
2014-11-29 00:00:00,5,2,3
2014-11-29 01:00:00,0,0,0
2014-11-29 02:00:00,0,0,0
2014-11-29 03:00:00,0,0,0
2014-11-29 04:00:00,0,0,0
2014-11-29 05:00:00,0,0,0
2014-11-29 06:00:00,5,2,3
2014-11-29 07:00:00,2,2,0
2014-11-29 08:00:00,5,0,5
2014-11-29 09:00:00,7,6,1
2014-11-29 10:00:00,3,0,3
2014-11-29 11:00:00,0,0,0
2014-11-29 12:00:00,6,1,5
2014-11-29 13:00:00,20,10,10
2014-11-29 14:00:00,7,2,5
2014-11-29 15:00:00,10,7,3
2014-11-29 16:00:00,6,5,1
2014-11-29 17:00:00,3,2,1
2014-11-29 18:00:00,3,1,2
2014-11-29 19:00:00,1,0,1
2014-11-29 20:00:00,0,0,0
2014-11-29 21:00:00,2,2,0
2014-11-29 22:00:00,0,0,0
2014-11-29 23:00:00,3,0,3
2014-11-30 00:00:00,0,0,0
2014-11-30 01:00:00,2,0,2
2014-11-30 02:00:00,0,0,0
2014-11-30 03:00:00,0,0,0
2014-11-30 04:00:00,1,1,0
2014-11-30 05:00:00,1,1,0
2014-11-30 06:00:00,0,0,0
2014-11-30 07:00:00,2,1,1
2014-11-30 08:00:00,4,3,1
2014-11-30 09:00:00,3,2,1
2014-11-30 10:00:00,9,3,6
2014-11-30 11:00:00,21,10,11
2014-11-30 12:00:00,32,14,18
2014-11-30 13:00:00,19,15,4
2014-11-30 14:00:00,21,5,16
2014-11-30 15:00:00,31,20,11
2014-11-30 16:00:00,30,17,13
2014-11-30 17:00:00,11,7,4
2014-11-30 18:00:00,8,3,5
2014-11-30 19:00:00,3,1,2
2014-11-30 20:00:00,3,0,3
2014-11-30 21:00:00,12,2,10
2014-11-30 22:00:00,1,0,1
2014-11-30 23:00:00,0,0,0
2014-12-01 00:00:00,1,0,1
2014-12-01 01:00:00,0,0,0
2014-12-01 02:00:00,0,0,0
2014-12-01 03:00:00,0,0,0
2014-12-01 04:00:00,1,1,0
2014-12-01 05:00:00,13,6,7
2014-12-01 06:00:00,18,11,7
2014-12-01 07:00:00,56,34,22
2014-12-01 08:00:00,79,58,21
2014-12-01 09:00:00,60,49,11
2014-12-01 10:00:00,23,15,8
2014-12-01 11:00:00,22,14,8
2014-12-01 12:00:00,18,8,10
2014-12-01 13:00:00,12,5,7
2014-12-01 14:00:00,23,18,5
2014-12-01 15:00:00,23,9,14
2014-12-01 16:00:00,52,22,30
2014-12-01 17:00:00,98,19,79
2014-12-01 18:00:00,65,12,53
2014-12-01 19:00:00,21,5,16
2014-12-01 20:00:00,9,4,5
2014-12-01 21:00:00,0,0,0
2014-12-01 22:00:00,1,1,0
2014-12-01 23:00:00,4,0,4
2014-12-02 00:00:00,1,0,1
2014-12-02 01:00:00,1,0,1
2014-12-02 02:00:00,0,0,0
2014-12-02 03:00:00,0,0,0
2014-12-02 04:00:00,0,0,0
2014-12-02 05:00:00,16,11,5
2014-12-02 06:00:00,25,12,13
2014-12-02 07:00:00,54,36,18
2014-12-02 08:00:00,98,73,25
2014-12-02 09:00:00,65,51,14
2014-12-02 10:00:00,17,9,8
2014-12-02 11:00:00,26,11,15
2014-12-02 12:00:00,19,11,8
2014-12-02 13:00:00,23,12,11
2014-12-02 14:00:00,25,15,10
2014-12-02 15:00:00,25,13,12
2014-12-02 16:00:00,52,19,33
2014-12-02 17:00:00,107,31,76
2014-12-02 18:00:00,78,6,72
2014-12-02 19:00:00,27,3,24
2014-12-02 20:00:00,10,1,9
2014-12-02 21:00:00,1,0,1
2014-12-02 22:00:00,6,3,3
2014-12-02 23:00:00,1,0,1
2014-12-03 00:00:00,1,0,1
2014-12-03 01:00:00,2,2,0
2014-12-03 02:00:00,4,0,4
2014-12-03 03:00:00,0,0,0
2014-12-03 04:00:00,0,0,0
2014-12-03 05:00:00,12,9,3
2014-12-03 06:00:00,31,18,13
2014-12-03 07:00:00,64,36,28
2014-12-03 08:00:00,125,100,25
2014-12-03 09:00:00,64,51,13
2014-12-03 10:00:00,31,23,8
2014-12-03 11:00:00,24,14,10
2014-12-03 12:00:00,27,15,12
2014-12-03 13:00:00,18,13,5
2014-12-03 14:00:00,34,17,17
2014-12-03 15:00:00,39,19,20
2014-12-03 16:00:00,68,21,47
2014-12-03 17:00:00,114,25,89
2014-12-03 18:00:00,88,10,78
2014-12-03 19:00:00,27,7,20
2014-12-03 20:00:00,12,6,6
2014-12-03 21:00:00,8,2,6
2014-12-03 22:00:00,2,0,2
2014-12-03 23:00:00,0,0,0
2014-12-04 00:00:00,1,1,0
2014-12-04 01:00:00,1,0,1
2014-12-04 02:00:00,1,0,1
2014-12-04 03:00:00,1,0,1
2014-12-04 04:00:00,1,0,1
2014-12-04 05:00:00,10,4,6
2014-12-04 06:00:00,32,21,11
2014-12-04 07:00:00,77,52,25
2014-12-04 08:00:00,104,71,33
2014-12-04 09:00:00,65,50,15
2014-12-04 10:00:00,18,13,5
2014-12-04 11:00:00,17,9,8
2014-12-04 12:00:00,17,3,14
2014-12-04 13:00:00,17,11,6
2014-12-04 14:00:00,13,8,5
2014-12-04 15:00:00,25,9,16
2014-12-04 16:00:00,61,24,37
2014-12-04 17:00:00,108,20,88
2014-12-04 18:00:00,79,18,61
2014-12-04 19:00:00,27,9,18
2014-12-04 20:00:00,6,2,4
2014-12-04 21:00:00,6,2,4
2014-12-04 22:00:00,2,0,2
2014-12-04 23:00:00,1,0,1
2014-12-05 00:00:00,4,1,3
2014-12-05 01:00:00,2,1,1
2014-12-05 02:00:00,1,0,1
2014-12-05 03:00:00,0,0,0
2014-12-05 04:00:00,1,0,1
2014-12-05 05:00:00,12,10,2
2014-12-05 06:00:00,27,17,10
2014-12-05 07:00:00,67,40,27
2014-12-05 08:00:00,83,62,21
2014-12-05 09:00:00,42,34,8
2014-12-05 10:00:00,15,10,5
2014-12-05 11:00:00,7,4,3
2014-12-05 12:00:00,13,7,6
2014-12-05 13:00:00,14,8,6
2014-12-05 14:00:00,22,12,10
2014-12-05 15:00:00,23,8,15
2014-12-05 16:00:00,61,30,31
2014-12-05 17:00:00,96,24,72
2014-12-05 18:00:00,49,9,40
2014-12-05 19:00:00,25,3,22
2014-12-05 20:00:00,6,3,3
2014-12-05 21:00:00,5,0,5
2014-12-05 22:00:00,4,1,3
2014-12-05 23:00:00,2,0,2
2014-12-06 00:00:00,3,1,2
2014-12-06 01:00:00,2,0,2
2014-12-06 02:00:00,0,0,0
2014-12-06 03:00:00,0,0,0
2014-12-06 04:00:00,0,0,0
2014-12-06 05:00:00,1,1,0
2014-12-06 06:00:00,4,4,0
2014-12-06 07:00:00,7,5,2
2014-12-06 08:00:00,8,6,2
2014-12-06 09:00:00,17,10,7
2014-12-06 10:00:00,12,7,5
2014-12-06 11:00:00,20,6,14
2014-12-06 12:00:00,23,12,11
2014-12-06 13:00:00,24,5,19
2014-12-06 14:00:00,40,21,19
2014-12-06 15:00:00,50,21,29
2014-12-06 16:00:00,35,20,15
2014-12-06 17:00:00,16,7,9
2014-12-06 18:00:00,13,5,8
2014-12-06 19:00:00,8,3,5
2014-12-06 20:00:00,1,0,1
2014-12-06 21:00:00,1,0,1
2014-12-06 22:00:00,4,0,4
2014-12-06 23:00:00,5,3,2
2014-12-07 00:00:00,4,1,3
2014-12-07 01:00:00,0,0,0
2014-12-07 02:00:00,0,0,0
2014-12-07 03:00:00,1,0,1
2014-12-07 04:00:00,0,0,0
2014-12-07 05:00:00,1,1,0
2014-12-07 06:00:00,0,0,0
2014-12-07 07:00:00,6,4,2
2014-12-07 08:00:00,6,5,1
2014-12-07 09:00:00,26,7,19
2014-12-07 10:00:00,38,22,16
2014-12-07 11:00:00,56,30,26
2014-12-07 12:00:00,69,35,34
2014-12-07 13:00:00,68,25,43
2014-12-07 14:00:00,69,36,33
2014-12-07 15:00:00,50,30,20
2014-12-07 16:00:00,49,25,24
2014-12-07 17:00:00,17,7,10
2014-12-07 18:00:00,10,3,7
2014-12-07 19:00:00,15,8,7
2014-12-07 20:00:00,7,4,3
2014-12-07 21:00:00,8,5,3
2014-12-07 22:00:00,3,1,2
2014-12-07 23:00:00,6,0,6
2014-12-08 00:00:00,1,1,0
2014-12-08 01:00:00,4,0,4
2014-12-08 02:00:00,1,0,1
2014-12-08 03:00:00,0,0,0
2014-12-08 04:00:00,0,0,0
2014-12-08 05:00:00,11,8,3
2014-12-08 06:00:00,35,20,15
2014-12-08 07:00:00,82,49,33
2014-12-08 08:00:00,134,115,19
2014-12-08 09:00:00,84,72,12
2014-12-08 10:00:00,37,24,13
2014-12-08 11:00:00,35,18,17
2014-12-08 12:00:00,39,23,16
2014-12-08 13:00:00,27,14,13
2014-12-08 14:00:00,30,18,12
2014-12-08 15:00:00,32,16,16
2014-12-08 16:00:00,69,25,44
2014-12-08 17:00:00,133,25,108
2014-12-08 18:00:00,93,9,84
2014-12-08 19:00:00,31,7,24
2014-12-08 20:00:00,6,2,4
2014-12-08 21:00:00,8,1,7
2014-12-08 22:00:00,1,0,1
2014-12-08 23:00:00,3,0,3
2014-12-09 00:00:00,1,0,1
2014-12-09 01:00:00,0,0,0
2014-12-09 02:00:00,1,0,1
2014-12-09 03:00:00,1,0,1
2014-12-09 04:00:00,0,0,0
2014-12-09 05:00:00,9,7,2
2014-12-09 06:00:00,25,14,11
2014-12-09 07:00:00,65,38,27
2014-12-09 08:00:00,104,82,22
2014-12-09 09:00:00,57,40,17
2014-12-09 10:00:00,25,18,7
2014-12-09 11:00:00,9,4,5
2014-12-09 12:00:00,7,3,4
2014-12-09 13:00:00,12,6,6
2014-12-09 14:00:00,31,20,11
2014-12-09 15:00:00,34,16,18
2014-12-09 16:00:00,65,22,43
2014-12-09 17:00:00,123,27,96
2014-12-09 18:00:00,69,10,59
2014-12-09 19:00:00,23,5,18
2014-12-09 20:00:00,7,1,6
2014-12-09 21:00:00,11,3,8
2014-12-09 22:00:00,5,0,5
2014-12-09 23:00:00,1,0,1
2014-12-10 00:00:00,1,0,1
2014-12-10 01:00:00,2,0,2
2014-12-10 02:00:00,2,0,2
2014-12-10 03:00:00,0,0,0
2014-12-10 04:00:00,0,0,0
2014-12-10 05:00:00,14,10,4
2014-12-10 06:00:00,37,24,13
2014-12-10 07:00:00,70,44,26
2014-12-10 08:00:00,99,73,26
2014-12-10 09:00:00,71,51,20
2014-12-10 10:00:00,25,15,10
2014-12-10 11:00:00,9,6,3
2014-12-10 12:00:00,9,4,5
2014-12-10 13:00:00,7,4,3
2014-12-10 14:00:00,15,9,6
2014-12-10 15:00:00,15,8,7
2014-12-10 16:00:00,47,15,32
2014-12-10 17:00:00,104,25,79
2014-12-10 18:00:00,73,10,63
2014-12-10 19:00:00,24,0,24
2014-12-10 20:00:00,9,0,9
2014-12-10 21:00:00,5,1,4
2014-12-10 22:00:00,1,1,0
2014-12-10 23:00:00,1,0,1
2014-12-11 00:00:00,0,0,0
2014-12-11 01:00:00,1,1,0
2014-12-11 02:00:00,1,0,1
2014-12-11 03:00:00,1,0,1
2014-12-11 04:00:00,0,0,0
2014-12-11 05:00:00,13,7,6
2014-12-11 06:00:00,19,13,6
2014-12-11 07:00:00,63,38,25
2014-12-11 08:00:00,113,80,33
2014-12-11 09:00:00,62,44,18
2014-12-11 10:00:00,18,9,9
2014-12-11 11:00:00,10,6,4
2014-12-11 12:00:00,9,3,6
2014-12-11 13:00:00,5,4,1
2014-12-11 14:00:00,16,9,7
2014-12-11 15:00:00,32,15,17
2014-12-11 16:00:00,69,28,41
2014-12-11 17:00:00,79,21,58
2014-12-11 18:00:00,61,10,51
2014-12-11 19:00:00,20,4,16
2014-12-11 20:00:00,12,1,11
2014-12-11 21:00:00,4,1,3
2014-12-11 22:00:00,20,19,1
2014-12-11 23:00:00,3,0,3
2014-12-12 00:00:00,0,0,0
2014-12-12 01:00:00,0,0,0
2014-12-12 02:00:00,1,0,1
2014-12-12 03:00:00,1,0,1
2014-12-12 04:00:00,0,0,0
2014-12-12 05:00:00,15,10,5
2014-12-12 06:00:00,23,9,14
2014-12-12 07:00:00,63,40,23
2014-12-12 08:00:00,105,83,22
2014-12-12 09:00:00,62,44,18
2014-12-12 10:00:00,30,22,8
2014-12-12 11:00:00,21,8,13
2014-12-12 12:00:00,24,15,9
2014-12-12 13:00:00,27,13,14
2014-12-12 14:00:00,26,13,13
2014-12-12 15:00:00,73,32,41
2014-12-12 16:00:00,74,30,44
2014-12-12 17:00:00,120,35,85
2014-12-12 18:00:00,75,11,64
2014-12-12 19:00:00,28,8,20
2014-12-12 20:00:00,6,1,5
2014-12-12 21:00:00,2,1,1
2014-12-12 22:00:00,4,1,3
2014-12-12 23:00:00,8,2,6
2014-12-13 00:00:00,5,3,2
2014-12-13 01:00:00,2,0,2
2014-12-13 02:00:00,1,0,1
2014-12-13 03:00:00,0,0,0
2014-12-13 04:00:00,1,1,0
2014-12-13 05:00:00,2,1,1
2014-12-13 06:00:00,5,4,1
2014-12-13 07:00:00,13,8,5
2014-12-13 08:00:00,14,7,7
2014-12-13 09:00:00,20,16,4
2014-12-13 10:00:00,36,19,17
2014-12-13 11:00:00,51,25,26
2014-12-13 12:00:00,61,30,31
2014-12-13 13:00:00,81,30,51
2014-12-13 14:00:00,84,39,45
2014-12-13 15:00:00,83,34,49
2014-12-13 16:00:00,68,30,38
2014-12-13 17:00:00,14,6,8
2014-12-13 18:00:00,21,12,9
2014-12-13 19:00:00,9,1,8
2014-12-13 20:00:00,3,1,2
2014-12-13 21:00:00,5,1,4
2014-12-13 22:00:00,9,3,6
2014-12-13 23:00:00,3,1,2
2014-12-14 00:00:00,4,1,3
2014-12-14 01:00:00,1,1,0
2014-12-14 02:00:00,0,0,0
2014-12-14 03:00:00,0,0,0
2014-12-14 04:00:00,0,0,0
2014-12-14 05:00:00,1,1,0
2014-12-14 06:00:00,1,0,1
2014-12-14 07:00:00,7,5,2
2014-12-14 08:00:00,4,1,3
2014-12-14 09:00:00,47,25,22
2014-12-14 10:00:00,50,28,22
2014-12-14 11:00:00,67,42,25
2014-12-14 12:00:00,86,48,38
2014-12-14 13:00:00,91,42,49
2014-12-14 14:00:00,113,63,50
2014-12-14 15:00:00,73,36,37
2014-12-14 16:00:00,58,25,33
2014-12-14 17:00:00,31,12,19
2014-12-14 18:00:00,18,3,15
2014-12-14 19:00:00,4,2,2
2014-12-14 20:00:00,8,4,4
2014-12-14 21:00:00,2,2,0
2014-12-14 22:00:00,4,2,2
2014-12-14 23:00:00,0,0,0
2014-12-15 00:00:00,5,2,3
2014-12-15 01:00:00,0,0,0
2014-12-15 02:00:00,2,0,2
2014-12-15 03:00:00,0,0,0
2014-12-15 04:00:00,0,0,0
2014-12-15 05:00:00,13,6,7
2014-12-15 06:00:00,32,22,10
2014-12-15 07:00:00,93,63,30
2014-12-15 08:00:00,125,101,24
2014-12-15 09:00:00,86,71,15
2014-12-15 10:00:00,25,13,12
2014-12-15 11:00:00,21,12,9
2014-12-15 12:00:00,13,11,2
2014-12-15 13:00:00,35,14,21
2014-12-15 14:00:00,41,28,13
2014-12-15 15:00:00,28,13,15
2014-12-15 16:00:00,83,36,47
2014-12-15 17:00:00,147,32,115
2014-12-15 18:00:00,97,15,82
2014-12-15 19:00:00,34,8,26
2014-12-15 20:00:00,7,1,6
2014-12-15 21:00:00,9,3,6
2014-12-15 22:00:00,4,2,2
2014-12-15 23:00:00,3,0,3
2014-12-16 00:00:00,0,0,0
2014-12-16 01:00:00,0,0,0
2014-12-16 02:00:00,1,0,1
2014-12-16 03:00:00,1,0,1
2014-12-16 04:00:00,0,0,0
2014-12-16 05:00:00,13,7,6
2014-12-16 06:00:00,40,26,14
2014-12-16 07:00:00,89,59,30
2014-12-16 08:00:00,149,113,36
2014-12-16 09:00:00,73,57,16
2014-12-16 10:00:00,18,14,4
2014-12-16 11:00:00,36,21,15
2014-12-16 12:00:00,21,13,8
2014-12-16 13:00:00,24,13,11
2014-12-16 14:00:00,22,11,11
2014-12-16 15:00:00,26,12,14
2014-12-16 16:00:00,72,33,39
2014-12-16 17:00:00,144,25,119
2014-12-16 18:00:00,106,20,86
2014-12-16 19:00:00,26,4,22
2014-12-16 20:00:00,8,3,5
2014-12-16 21:00:00,8,1,7
2014-12-16 22:00:00,3,1,2
2014-12-16 23:00:00,3,1,2
2014-12-17 00:00:00,1,1,0
2014-12-17 01:00:00,1,0,1
2014-12-17 02:00:00,2,0,2
2014-12-17 03:00:00,0,0,0
2014-12-17 04:00:00,0,0,0
2014-12-17 05:00:00,12,7,5
2014-12-17 06:00:00,29,17,12
2014-12-17 07:00:00,72,52,20
2014-12-17 08:00:00,119,91,28
2014-12-17 09:00:00,60,45,15
2014-12-17 10:00:00,23,19,4
2014-12-17 11:00:00,17,7,10
2014-12-17 12:00:00,20,11,9
2014-12-17 13:00:00,27,13,14
2014-12-17 14:00:00,39,20,19
2014-12-17 15:00:00,26,16,10
2014-12-17 16:00:00,61,22,39
2014-12-17 17:00:00,123,27,96
2014-12-17 18:00:00,77,18,59
2014-12-17 19:00:00,28,5,23
2014-12-17 20:00:00,10,7,3
2014-12-17 21:00:00,7,2,5
2014-12-17 22:00:00,0,0,0
2014-12-17 23:00:00,2,0,2
2014-12-18 00:00:00,2,1,1
2014-12-18 01:00:00,1,0,1
2014-12-18 02:00:00,1,0,1
2014-12-18 03:00:00,3,1,2
2014-12-18 04:00:00,1,1,0
2014-12-18 05:00:00,11,6,5
2014-12-18 06:00:00,32,16,16
2014-12-18 07:00:00,66,42,24
2014-12-18 08:00:00,110,87,23
2014-12-18 09:00:00,61,49,12
2014-12-18 10:00:00,31,17,14
2014-12-18 11:00:00,17,10,7
2014-12-18 12:00:00,24,11,13
2014-12-18 13:00:00,19,9,10
2014-12-18 14:00:00,25,16,9
2014-12-18 15:00:00,12,6,6
2014-12-18 16:00:00,46,22,24
2014-12-18 17:00:00,127,35,92
2014-12-18 18:00:00,67,9,58
2014-12-18 19:00:00,33,9,24
2014-12-18 20:00:00,7,1,6
2014-12-18 21:00:00,9,3,6
2014-12-18 22:00:00,4,0,4
2014-12-18 23:00:00,3,1,2
2014-12-19 00:00:00,0,0,0
2014-12-19 01:00:00,0,0,0
2014-12-19 02:00:00,1,0,1
2014-12-19 03:00:00,2,0,2
2014-12-19 04:00:00,0,0,0
2014-12-19 05:00:00,14,10,4
2014-12-19 06:00:00,23,11,12
2014-12-19 07:00:00,49,27,22
2014-12-19 08:00:00,85,68,17
2014-12-19 09:00:00,53,39,14
2014-12-19 10:00:00,20,12,8
2014-12-19 11:00:00,18,6,12
2014-12-19 12:00:00,20,9,11
2014-12-19 13:00:00,25,13,12
2014-12-19 14:00:00,37,22,15
2014-12-19 15:00:00,31,14,17
2014-12-19 16:00:00,61,23,38
2014-12-19 17:00:00,90,21,69
2014-12-19 18:00:00,50,10,40
2014-12-19 19:00:00,18,5,13
2014-12-19 20:00:00,8,0,8
2014-12-19 21:00:00,10,8,2
2014-12-19 22:00:00,6,1,5
2014-12-19 23:00:00,2,1,1
2014-12-20 00:00:00,4,2,2
2014-12-20 01:00:00,4,3,1
2014-12-20 02:00:00,0,0,0
2014-12-20 03:00:00,1,0,1
2014-12-20 04:00:00,0,0,0
2014-12-20 05:00:00,0,0,0
2014-12-20 06:00:00,4,3,1
2014-12-20 07:00:00,7,7,0
2014-12-20 08:00:00,5,1,4
2014-12-20 09:00:00,8,6,2
2014-12-20 10:00:00,9,5,4
2014-12-20 11:00:00,3,1,2
2014-12-20 12:00:00,10,1,9
2014-12-20 13:00:00,5,0,5
2014-12-20 14:00:00,5,4,1
2014-12-20 15:00:00,8,2,6
2014-12-20 16:00:00,10,7,3
2014-12-20 17:00:00,2,0,2
2014-12-20 18:00:00,6,3,3
2014-12-20 19:00:00,5,1,4
2014-12-20 20:00:00,0,0,0
2014-12-20 21:00:00,2,2,0
2014-12-20 22:00:00,0,0,0
2014-12-20 23:00:00,5,2,3
2014-12-21 00:00:00,3,0,3
2014-12-21 01:00:00,0,0,0
2014-12-21 02:00:00,4,0,4
2014-12-21 03:00:00,2,0,2
2014-12-21 04:00:00,0,0,0
2014-12-21 05:00:00,3,1,2
2014-12-21 06:00:00,4,3,1
2014-12-21 07:00:00,6,4,2
2014-12-21 08:00:00,8,4,4
2014-12-21 09:00:00,24,10,14
2014-12-21 10:00:00,19,8,11
2014-12-21 11:00:00,36,22,14
2014-12-21 12:00:00,39,20,19
2014-12-21 13:00:00,49,21,28
2014-12-21 14:00:00,45,24,21
2014-12-21 15:00:00,41,21,20
2014-12-21 16:00:00,23,14,9
2014-12-21 17:00:00,16,6,10
2014-12-21 18:00:00,9,4,5
2014-12-21 19:00:00,5,0,5
2014-12-21 20:00:00,1,0,1
2014-12-21 21:00:00,5,4,1
2014-12-21 22:00:00,2,0,2
2014-12-21 23:00:00,1,0,1
2014-12-22 00:00:00,0,0,0
2014-12-22 01:00:00,1,1,0
2014-12-22 02:00:00,1,0,1
2014-12-22 03:00:00,0,0,0
2014-12-22 04:00:00,1,0,1
2014-12-22 05:00:00,14,8,6
2014-12-22 06:00:00,28,15,13
2014-12-22 07:00:00,65,41,24
2014-12-22 08:00:00,97,73,24
2014-12-22 09:00:00,66,52,14
2014-12-22 10:00:00,24,20,4
2014-12-22 11:00:00,28,15,13
2014-12-22 12:00:00,29,13,16
2014-12-22 13:00:00,26,13,13
2014-12-22 14:00:00,49,32,17
2014-12-22 15:00:00,56,24,32
2014-12-22 16:00:00,75,29,46
2014-12-22 17:00:00,101,17,84
2014-12-22 18:00:00,63,13,50
2014-12-22 19:00:00,22,4,18
2014-12-22 20:00:00,2,1,1
2014-12-22 21:00:00,3,0,3
2014-12-22 22:00:00,7,1,6
2014-12-22 23:00:00,4,2,2
2014-12-23 00:00:00,1,1,0
2014-12-23 01:00:00,0,0,0
2014-12-23 02:00:00,2,0,2
2014-12-23 03:00:00,0,0,0
2014-12-23 04:00:00,0,0,0
2014-12-23 05:00:00,14,9,5
2014-12-23 06:00:00,9,5,4
2014-12-23 07:00:00,42,27,15
2014-12-23 08:00:00,82,57,25
2014-12-23 09:00:00,56,47,9
2014-12-23 10:00:00,33,19,14
2014-12-23 11:00:00,13,6,7
2014-12-23 12:00:00,23,11,12
2014-12-23 13:00:00,31,19,12
2014-12-23 14:00:00,27,17,10
2014-12-23 15:00:00,16,8,8
2014-12-23 16:00:00,44,19,25
2014-12-23 17:00:00,63,12,51
2014-12-23 18:00:00,31,6,25
2014-12-23 19:00:00,13,2,11
2014-12-23 20:00:00,7,3,4
2014-12-23 21:00:00,0,0,0
2014-12-23 22:00:00,1,0,1
2014-12-23 23:00:00,2,0,2
2014-12-24 00:00:00,1,0,1
2014-12-24 01:00:00,1,0,1
2014-12-24 02:00:00,2,0,2
2014-12-24 03:00:00,1,0,1
2014-12-24 04:00:00,1,1,0
2014-12-24 05:00:00,5,3,2
2014-12-24 06:00:00,8,6,2
2014-12-24 07:00:00,14,9,5
2014-12-24 08:00:00,27,19,8
2014-12-24 09:00:00,26,16,10
2014-12-24 10:00:00,14,7,7
2014-12-24 11:00:00,21,10,11
2014-12-24 12:00:00,24,9,15
2014-12-24 13:00:00,25,13,12
2014-12-24 14:00:00,42,15,27
2014-12-24 15:00:00,33,4,29
2014-12-24 16:00:00,27,8,19
2014-12-24 17:00:00,6,2,4
2014-12-24 18:00:00,7,3,4
2014-12-24 19:00:00,2,0,2
2014-12-24 20:00:00,0,0,0
2014-12-24 21:00:00,0,0,0
2014-12-24 22:00:00,2,1,1
2014-12-24 23:00:00,0,0,0
2014-12-25 00:00:00,0,0,0
2014-12-25 01:00:00,0,0,0
2014-12-25 02:00:00,1,0,1
2014-12-25 03:00:00,0,0,0
2014-12-25 04:00:00,1,0,1
2014-12-25 05:00:00,1,1,0
2014-12-25 06:00:00,1,1,0
2014-12-25 07:00:00,0,0,0
2014-12-25 08:00:00,3,1,2
2014-12-25 09:00:00,8,2,6
2014-12-25 10:00:00,30,20,10
2014-12-25 11:00:00,16,9,7
2014-12-25 12:00:00,35,10,25
2014-12-25 13:00:00,55,25,30
2014-12-25 14:00:00,55,22,33
2014-12-25 15:00:00,60,29,31
2014-12-25 16:00:00,25,13,12
2014-12-25 17:00:00,11,8,3
2014-12-25 18:00:00,6,3,3
2014-12-25 19:00:00,2,2,0
2014-12-25 20:00:00,2,1,1
2014-12-25 21:00:00,0,0,0
2014-12-25 22:00:00,0,0,0
2014-12-25 23:00:00,0,0,0
2014-12-26 00:00:00,3,3,0
2014-12-26 01:00:00,0,0,0
2014-12-26 02:00:00,7,5,2
2014-12-26 03:00:00,1,1,0
2014-12-26 04:00:00,0,0,0
2014-12-26 05:00:00,3,1,2
2014-12-26 06:00:00,3,2,1
2014-12-26 07:00:00,18,12,6
2014-12-26 08:00:00,26,19,7
2014-12-26 09:00:00,29,19,10
2014-12-26 10:00:00,35,27,8
2014-12-26 11:00:00,32,12,20
2014-12-26 12:00:00,33,13,20
2014-12-26 13:00:00,49,30,19
2014-12-26 14:00:00,80,37,43
2014-12-26 15:00:00,56,21,35
2014-12-26 16:00:00,25,14,11
2014-12-26 17:00:00,19,6,13
2014-12-26 18:00:00,14,4,10
2014-12-26 19:00:00,6,2,4
2014-12-26 20:00:00,0,0,0
2014-12-26 21:00:00,2,1,1
2014-12-26 22:00:00,1,0,1
2014-12-26 23:00:00,2,0,2
2014-12-27 00:00:00,1,0,1
2014-12-27 01:00:00,0,0,0
2014-12-27 02:00:00,0,0,0
2014-12-27 03:00:00,0,0,0
2014-12-27 04:00:00,2,0,2
2014-12-27 05:00:00,2,2,0
2014-12-27 06:00:00,4,4,0
2014-12-27 07:00:00,5,4,1
2014-12-27 08:00:00,3,1,2
2014-12-27 09:00:00,13,8,5
2014-12-27 10:00:00,15,5,10
2014-12-27 11:00:00,30,16,14
2014-12-27 12:00:00,20,9,11
2014-12-27 13:00:00,21,12,9
2014-12-27 14:00:00,26,4,22
2014-12-27 15:00:00,13,6,7
2014-12-27 16:00:00,4,1,3
2014-12-27 17:00:00,9,0,9
2014-12-27 18:00:00,8,5,3
2014-12-27 19:00:00,9,2,7
2014-12-27 20:00:00,1,0,1
2014-12-27 21:00:00,4,0,4
2014-12-27 22:00:00,4,1,3
2014-12-27 23:00:00,1,1,0
2014-12-28 00:00:00,0,0,0
2014-12-28 01:00:00,0,0,0
2014-12-28 02:00:00,0,0,0
2014-12-28 03:00:00,1,0,1
2014-12-28 04:00:00,0,0,0
2014-12-28 05:00:00,1,1,0
2014-12-28 06:00:00,0,0,0
2014-12-28 07:00:00,2,0,2
2014-12-28 08:00:00,5,3,2
2014-12-28 09:00:00,31,16,15
2014-12-28 10:00:00,26,18,8
2014-12-28 11:00:00,61,41,20
2014-12-28 12:00:00,33,17,16
2014-12-28 13:00:00,52,27,25
2014-12-28 14:00:00,34,16,18
2014-12-28 15:00:00,21,10,11
2014-12-28 16:00:00,27,10,17
2014-12-28 17:00:00,15,1,14
2014-12-28 18:00:00,6,2,4
2014-12-28 19:00:00,3,1,2
2014-12-28 20:00:00,4,1,3
2014-12-28 21:00:00,4,3,1
2014-12-28 22:00:00,6,2,4
2014-12-28 23:00:00,1,1,0
2014-12-29 00:00:00,1,0,1
2014-12-29 01:00:00,0,0,0
2014-12-29 02:00:00,1,0,1
2014-12-29 03:00:00,3,0,3
2014-12-29 04:00:00,0,0,0
2014-12-29 05:00:00,10,7,3
2014-12-29 06:00:00,21,13,8
2014-12-29 07:00:00,47,26,21
2014-12-29 08:00:00,76,63,13
2014-12-29 09:00:00,34,30,4
2014-12-29 10:00:00,39,20,19
2014-12-29 11:00:00,25,12,13
2014-12-29 12:00:00,29,16,13
2014-12-29 13:00:00,23,13,10
2014-12-29 14:00:00,50,22,28
2014-12-29 15:00:00,54,25,29
2014-12-29 16:00:00,61,24,37
2014-12-29 17:00:00,86,13,73
2014-12-29 18:00:00,46,8,38
2014-12-29 19:00:00,17,5,12
2014-12-29 20:00:00,9,4,5
2014-12-29 21:00:00,2,1,1
2014-12-29 22:00:00,3,0,3
2014-12-29 23:00:00,3,1,2
2014-12-30 00:00:00,1,0,1
2014-12-30 01:00:00,0,0,0
2014-12-30 02:00:00,1,0,1
2014-12-30 03:00:00,0,0,0
2014-12-30 04:00:00,2,0,2
2014-12-30 05:00:00,6,3,3
2014-12-30 06:00:00,20,12,8
2014-12-30 07:00:00,43,27,16
2014-12-30 08:00:00,73,56,17
2014-12-30 09:00:00,44,33,11
2014-12-30 10:00:00,17,11,6
2014-12-30 11:00:00,17,14,3
2014-12-30 12:00:00,26,12,14
2014-12-30 13:00:00,35,24,11
2014-12-30 14:00:00,33,17,16
2014-12-30 15:00:00,47,22,25
2014-12-30 16:00:00,60,20,40
2014-12-30 17:00:00,80,20,60
2014-12-30 18:00:00,54,11,43
2014-12-30 19:00:00,17,4,13
2014-12-30 20:00:00,2,1,1
2014-12-30 21:00:00,3,1,2
2014-12-30 22:00:00,5,2,3
2014-12-30 23:00:00,1,1,0
2014-12-31 00:00:00,0,0,0
2014-12-31 01:00:00,2,1,1
2014-12-31 02:00:00,1,0,1
2014-12-31 03:00:00,0,0,0
2014-12-31 04:00:00,0,0,0
2014-12-31 05:00:00,10,7,3
2014-12-31 06:00:00,17,8,9
2014-12-31 07:00:00,29,19,10
2014-12-31 08:00:00,49,38,11
2014-12-31 09:00:00,34,24,10
2014-12-31 10:00:00,22,13,9
2014-12-31 11:00:00,21,9,12
2014-12-31 12:00:00,20,7,13
2014-12-31 13:00:00,46,19,27
2014-12-31 14:00:00,63,28,35
2014-12-31 15:00:00,67,15,52
2014-12-31 16:00:00,81,32,49
2014-12-31 17:00:00,40,11,29
2014-12-31 18:00:00,14,4,10
2014-12-31 19:00:00,15,3,12
2014-12-31 20:00:00,3,3,0
2014-12-31 21:00:00,3,2,1
2014-12-31 22:00:00,1,1,0
2014-12-31 23:00:00,4,2,2
2015-01-01 00:00:00,0,0,0
2015-01-01 01:00:00,5,1,4
2015-01-01 02:00:00,1,0,1
2015-01-01 03:00:00,1,0,1
2015-01-01 04:00:00,3,2,1
2015-01-01 05:00:00,0,0,0
2015-01-01 06:00:00,3,1,2
2015-01-01 07:00:00,2,1,1
2015-01-01 08:00:00,11,5,6
2015-01-01 09:00:00,8,5,3
2015-01-01 10:00:00,12,5,7
2015-01-01 11:00:00,28,8,20
2015-01-01 12:00:00,45,16,29
2015-01-01 13:00:00,69,37,32
2015-01-01 14:00:00,81,42,39
2015-01-01 15:00:00,74,37,37
2015-01-01 16:00:00,47,19,28
2015-01-01 17:00:00,17,7,10
2015-01-01 18:00:00,8,6,2
2015-01-01 19:00:00,5,1,4
2015-01-01 20:00:00,2,2,0
2015-01-01 21:00:00,1,0,1
2015-01-01 22:00:00,0,0,0
2015-01-01 23:00:00,0,0,0
2015-01-02 00:00:00,1,0,1
2015-01-02 01:00:00,0,0,0
2015-01-02 02:00:00,1,0,1
2015-01-02 03:00:00,0,0,0
2015-01-02 04:00:00,0,0,0
2015-01-02 05:00:00,8,5,3
2015-01-02 06:00:00,11,6,5
2015-01-02 07:00:00,28,17,11
2015-01-02 08:00:00,50,39,11
2015-01-02 09:00:00,30,25,5
2015-01-02 10:00:00,23,14,9
2015-01-02 11:00:00,22,9,13
2015-01-02 12:00:00,9,5,4
2015-01-02 13:00:00,14,10,4
2015-01-02 14:00:00,28,15,13
2015-01-02 15:00:00,38,14,24
2015-01-02 16:00:00,32,8,24
2015-01-02 17:00:00,37,8,29
2015-01-02 18:00:00,14,1,13
2015-01-02 19:00:00,11,0,11
2015-01-02 20:00:00,0,0,0
2015-01-02 21:00:00,5,1,4
2015-01-02 22:00:00,4,0,4
2015-01-02 23:00:00,0,0,0
2015-01-03 00:00:00,4,1,3
2015-01-03 01:00:00,1,0,1
2015-01-03 02:00:00,2,0,2
2015-01-03 03:00:00,0,0,0
2015-01-03 04:00:00,2,0,2
2015-01-03 05:00:00,1,1,0
2015-01-03 06:00:00,4,3,1
2015-01-03 07:00:00,2,1,1
2015-01-03 08:00:00,10,6,4
2015-01-03 09:00:00,20,11,9
2015-01-03 10:00:00,24,13,11
2015-01-03 11:00:00,27,12,15
2015-01-03 12:00:00,30,16,14
2015-01-03 13:00:00,31,8,23
2015-01-03 14:00:00,33,11,22
2015-01-03 15:00:00,34,21,13
2015-01-03 16:00:00,35,22,13
2015-01-03 17:00:00,17,14,3
2015-01-03 18:00:00,3,2,1
2015-01-03 19:00:00,7,2,5
2015-01-03 20:00:00,2,2,0
2015-01-03 21:00:00,7,2,5
2015-01-03 22:00:00,1,0,1
2015-01-03 23:00:00,1,0,1
2015-01-04 00:00:00,2,1,1
2015-01-04 01:00:00,1,0,1
2015-01-04 02:00:00,2,1,1
2015-01-04 03:00:00,1,0,1
2015-01-04 04:00:00,1,1,0
2015-01-04 05:00:00,1,1,0
2015-01-04 06:00:00,1,1,0
2015-01-04 07:00:00,4,2,2
2015-01-04 08:00:00,1,0,1
2015-01-04 09:00:00,9,6,3
2015-01-04 10:00:00,8,6,2
2015-01-04 11:00:00,9,7,2
2015-01-04 12:00:00,9,1,8
2015-01-04 13:00:00,4,3,1
2015-01-04 14:00:00,12,4,8
2015-01-04 15:00:00,9,5,4
2015-01-04 16:00:00,7,3,4
2015-01-04 17:00:00,10,4,6
2015-01-04 18:00:00,7,2,5
2015-01-04 19:00:00,1,1,0
2015-01-04 20:00:00,1,0,1
2015-01-04 21:00:00,1,0,1
2015-01-04 22:00:00,2,1,1
2015-01-04 23:00:00,0,0,0
2015-01-05 00:00:00,1,1,0
2015-01-05 01:00:00,0,0,0
2015-01-05 02:00:00,0,0,0
2015-01-05 03:00:00,1,1,0
2015-01-05 04:00:00,0,0,0
2015-01-05 05:00:00,15,11,4
2015-01-05 06:00:00,31,16,15
2015-01-05 07:00:00,61,36,25
2015-01-05 08:00:00,109,83,26
2015-01-05 09:00:00,54,44,10
2015-01-05 10:00:00,20,12,8
2015-01-05 11:00:00,6,4,2
2015-01-05 12:00:00,4,2,2
2015-01-05 13:00:00,9,4,5
2015-01-05 14:00:00,18,12,6
2015-01-05 15:00:00,20,6,14
2015-01-05 16:00:00,59,24,35
2015-01-05 17:00:00,112,27,85
2015-01-05 18:00:00,69,14,55
2015-01-05 19:00:00,25,4,21
2015-01-05 20:00:00,5,1,4
2015-01-05 21:00:00,5,1,4
2015-01-05 22:00:00,1,0,1
2015-01-05 23:00:00,1,0,1
2015-01-06 00:00:00,5,2,3
2015-01-06 01:00:00,0,0,0
2015-01-06 02:00:00,2,0,2
2015-01-06 03:00:00,0,0,0
2015-01-06 04:00:00,0,0,0
2015-01-06 05:00:00,15,10,5
2015-01-06 06:00:00,22,9,13
2015-01-06 07:00:00,98,65,33
2015-01-06 08:00:00,157,119,38
2015-01-06 09:00:00,96,78,18
2015-01-06 10:00:00,25,16,9
2015-01-06 11:00:00,21,9,12
2015-01-06 12:00:00,13,7,6
2015-01-06 13:00:00,28,16,12
2015-01-06 14:00:00,37,25,12
2015-01-06 15:00:00,36,18,18
2015-01-06 16:00:00,91,37,54
2015-01-06 17:00:00,182,46,136
2015-01-06 18:00:00,110,23,87
2015-01-06 19:00:00,46,11,35
2015-01-06 20:00:00,6,2,4
2015-01-06 21:00:00,9,1,8
2015-01-06 22:00:00,2,0,2
2015-01-06 23:00:00,1,1,0
2015-01-07 00:00:00,5,2,3
2015-01-07 01:00:00,0,0,0
2015-01-07 02:00:00,1,0,1
2015-01-07 03:00:00,0,0,0
2015-01-07 04:00:00,3,1,2
2015-01-07 05:00:00,14,8,6
2015-01-07 06:00:00,39,22,17
2015-01-07 07:00:00,84,53,31
2015-01-07 08:00:00,150,110,40
2015-01-07 09:00:00,89,65,24
2015-01-07 10:00:00,26,24,2
2015-01-07 11:00:00,25,15,10
2015-01-07 12:00:00,20,10,10
2015-01-07 13:00:00,21,6,15
2015-01-07 14:00:00,42,24,18
2015-01-07 15:00:00,51,24,27
2015-01-07 16:00:00,97,41,56
2015-01-07 17:00:00,183,48,135
2015-01-07 18:00:00,99,18,81
2015-01-07 19:00:00,31,7,24
2015-01-07 20:00:00,15,7,8
2015-01-07 21:00:00,9,1,8
2015-01-07 22:00:00,4,2,2
2015-01-07 23:00:00,3,0,3
2015-01-08 00:00:00,1,0,1
2015-01-08 01:00:00,0,0,0
2015-01-08 02:00:00,2,0,2
2015-01-08 03:00:00,0,0,0
2015-01-08 04:00:00,0,0,0
2015-01-08 05:00:00,15,8,7
2015-01-08 06:00:00,37,20,17
2015-01-08 07:00:00,84,49,35
2015-01-08 08:00:00,151,119,32
2015-01-08 09:00:00,85,66,19
2015-01-08 10:00:00,35,25,10
2015-01-08 11:00:00,19,8,11
2015-01-08 12:00:00,38,20,18
2015-01-08 13:00:00,42,17,25
2015-01-08 14:00:00,61,41,20
2015-01-08 15:00:00,56,25,31
2015-01-08 16:00:00,108,49,59
2015-01-08 17:00:00,149,36,113
2015-01-08 18:00:00,99,22,77
2015-01-08 19:00:00,34,7,27
2015-01-08 20:00:00,11,2,9
2015-01-08 21:00:00,8,3,5
2015-01-08 22:00:00,9,2,7
2015-01-08 23:00:00,6,1,5
2015-01-09 00:00:00,0,0,0
2015-01-09 01:00:00,0,0,0
2015-01-09 02:00:00,1,0,1
2015-01-09 03:00:00,0,0,0
2015-01-09 04:00:00,0,0,0
2015-01-09 05:00:00,15,11,4
2015-01-09 06:00:00,30,15,15
2015-01-09 07:00:00,63,38,25
2015-01-09 08:00:00,110,79,31
2015-01-09 09:00:00,79,59,20
2015-01-09 10:00:00,27,17,10
2015-01-09 11:00:00,22,10,12
2015-01-09 12:00:00,17,6,11
2015-01-09 13:00:00,21,10,11
2015-01-09 14:00:00,41,24,17
2015-01-09 15:00:00,54,20,34
2015-01-09 16:00:00,94,40,54
2015-01-09 17:00:00,142,46,96
2015-01-09 18:00:00,71,9,62
2015-01-09 19:00:00,27,8,19
2015-01-09 20:00:00,7,0,7
2015-01-09 21:00:00,6,1,5
2015-01-09 22:00:00,6,3,3
2015-01-09 23:00:00,3,1,2
2015-01-10 00:00:00,1,0,1
2015-01-10 01:00:00,2,1,1
2015-01-10 02:00:00,2,0,2
2015-01-10 03:00:00,0,0,0
2015-01-10 04:00:00,1,0,1
2015-01-10 05:00:00,2,2,0
2015-01-10 06:00:00,5,2,3
2015-01-10 07:00:00,8,7,1
2015-01-10 08:00:00,11,5,6
2015-01-10 09:00:00,37,23,14
2015-01-10 10:00:00,26,10,16
2015-01-10 11:00:00,30,14,16
2015-01-10 12:00:00,19,6,13
2015-01-10 13:00:00,33,16,17
2015-01-10 14:00:00,22,12,10
2015-01-10 15:00:00,22,12,10
2015-01-10 16:00:00,22,7,15
2015-01-10 17:00:00,17,8,9
2015-01-10 18:00:00,10,2,8
2015-01-10 19:00:00,5,2,3
2015-01-10 20:00:00,11,7,4
2015-01-10 21:00:00,6,2,4
2015-01-10 22:00:00,5,4,1
2015-01-10 23:00:00,4,1,3
2015-01-11 00:00:00,0,0,0
2015-01-11 01:00:00,0,0,0
2015-01-11 02:00:00,0,0,0
2015-01-11 03:00:00,0,0,0
2015-01-11 04:00:00,0,0,0
2015-01-11 05:00:00,2,1,1
2015-01-11 06:00:00,3,2,1
2015-01-11 07:00:00,4,1,3
2015-01-11 08:00:00,10,7,3
2015-01-11 09:00:00,19,7,12
2015-01-11 10:00:00,25,12,13
2015-01-11 11:00:00,34,14,20
2015-01-11 12:00:00,34,17,17
2015-01-11 13:00:00,42,16,26
2015-01-11 14:00:00,60,23,37
2015-01-11 15:00:00,43,17,26
2015-01-11 16:00:00,34,18,16
2015-01-11 17:00:00,6,2,4
2015-01-11 18:00:00,13,3,10
2015-01-11 19:00:00,9,5,4
2015-01-11 20:00:00,1,0,1
2015-01-11 21:00:00,3,2,1
2015-01-11 22:00:00,3,1,2
2015-01-11 23:00:00,1,1,0
2015-01-12 00:00:00,0,0,0
2015-01-12 01:00:00,0,0,0
2015-01-12 02:00:00,1,0,1
2015-01-12 03:00:00,0,0,0
2015-01-12 04:00:00,0,0,0
2015-01-12 05:00:00,13,9,4
2015-01-12 06:00:00,38,25,13
2015-01-12 07:00:00,84,54,30
2015-01-12 08:00:00,118,95,23
2015-01-12 09:00:00,74,60,14
2015-01-12 10:00:00,24,15,9
2015-01-12 11:00:00,29,17,12
2015-01-12 12:00:00,32,18,14
2015-01-12 13:00:00,38,18,20
2015-01-12 14:00:00,45,28,17
2015-01-12 15:00:00,57,32,25
2015-01-12 16:00:00,105,39,66
2015-01-12 17:00:00,176,40,136
2015-01-12 18:00:00,105,18,87
2015-01-12 19:00:00,21,2,19
2015-01-12 20:00:00,9,0,9
2015-01-12 21:00:00,6,1,5
2015-01-12 22:00:00,4,2,2
2015-01-12 23:00:00,1,1,0
2015-01-13 00:00:00,4,3,1
2015-01-13 01:00:00,1,0,1
2015-01-13 02:00:00,1,0,1
2015-01-13 03:00:00,0,0,0
2015-01-13 04:00:00,0,0,0
2015-01-13 05:00:00,15,10,5
2015-01-13 06:00:00,31,18,13
2015-01-13 07:00:00,99,65,34
2015-01-13 08:00:00,147,114,33
2015-01-13 09:00:00,94,67,27
2015-01-13 10:00:00,29,16,13
2015-01-13 11:00:00,36,21,15
2015-01-13 12:00:00,31,17,14
2015-01-13 13:00:00,43,25,18
2015-01-13 14:00:00,48,26,22
2015-01-13 15:00:00,51,25,26
2015-01-13 16:00:00,92,36,56
2015-01-13 17:00:00,195,48,147
2015-01-13 18:00:00,128,27,101
2015-01-13 19:00:00,45,14,31
2015-01-13 20:00:00,5,4,1
2015-01-13 21:00:00,10,1,9
2015-01-13 22:00:00,5,1,4
2015-01-13 23:00:00,2,0,2
2015-01-14 00:00:00,3,2,1
2015-01-14 01:00:00,0,0,0
2015-01-14 02:00:00,1,0,1
2015-01-14 03:00:00,0,0,0
2015-01-14 04:00:00,0,0,0
2015-01-14 05:00:00,15,12,3
2015-01-14 06:00:00,37,24,13
2015-01-14 07:00:00,82,52,30
2015-01-14 08:00:00,144,110,34
2015-01-14 09:00:00,80,64,16
2015-01-14 10:00:00,39,21,18
2015-01-14 11:00:00,20,12,8
2015-01-14 12:00:00,27,14,13
2015-01-14 13:00:00,43,20,23
2015-01-14 14:00:00,52,28,24
2015-01-14 15:00:00,58,24,34
2015-01-14 16:00:00,114,45,69
2015-01-14 17:00:00,183,48,135
2015-01-14 18:00:00,96,20,76
2015-01-14 19:00:00,38,4,34
2015-01-14 20:00:00,8,2,6
2015-01-14 21:00:00,9,0,9
2015-01-14 22:00:00,10,5,5
2015-01-14 23:00:00,1,1,0
2015-01-15 00:00:00,2,1,1
2015-01-15 01:00:00,0,0,0
2015-01-15 02:00:00,1,0,1
2015-01-15 03:00:00,1,0,1
2015-01-15 04:00:00,0,0,0
2015-01-15 05:00:00,13,7,6
2015-01-15 06:00:00,35,20,15
2015-01-15 07:00:00,83,55,28
2015-01-15 08:00:00,110,87,23
2015-01-15 09:00:00,66,54,12
2015-01-15 10:00:00,26,15,11
2015-01-15 11:00:00,13,7,6
2015-01-15 12:00:00,19,8,11
2015-01-15 13:00:00,10,5,5
2015-01-15 14:00:00,18,9,9
2015-01-15 15:00:00,26,16,10
2015-01-15 16:00:00,68,24,44
2015-01-15 17:00:00,114,32,82
2015-01-15 18:00:00,67,8,59
2015-01-15 19:00:00,19,4,15
2015-01-15 20:00:00,2,1,1
2015-01-15 21:00:00,5,1,4
2015-01-15 22:00:00,5,2,3
2015-01-15 23:00:00,2,1,1
2015-01-16 00:00:00,3,1,2
2015-01-16 01:00:00,0,0,0
2015-01-16 02:00:00,1,0,1
2015-01-16 03:00:00,1,0,1
2015-01-16 04:00:00,0,0,0
2015-01-16 05:00:00,13,9,4
2015-01-16 06:00:00,21,11,10
2015-01-16 07:00:00,78,48,30
2015-01-16 08:00:00,114,93,21
2015-01-16 09:00:00,73,59,14
2015-01-16 10:00:00,18,8,10
2015-01-16 11:00:00,21,10,11
2015-01-16 12:00:00,26,15,11
2015-01-16 13:00:00,32,14,18
2015-01-16 14:00:00,45,18,27
2015-01-16 15:00:00,73,32,41
2015-01-16 16:00:00,130,44,86
2015-01-16 17:00:00,148,42,106
2015-01-16 18:00:00,66,18,48
2015-01-16 19:00:00,23,8,15
2015-01-16 20:00:00,6,1,5
2015-01-16 21:00:00,4,1,3
2015-01-16 22:00:00,2,1,1
2015-01-16 23:00:00,7,0,7
2015-01-17 00:00:00,2,0,2
2015-01-17 01:00:00,5,2,3
2015-01-17 02:00:00,1,0,1
2015-01-17 03:00:00,2,0,2
2015-01-17 04:00:00,0,0,0
2015-01-17 05:00:00,3,3,0
2015-01-17 06:00:00,4,2,2
2015-01-17 07:00:00,15,6,9
2015-01-17 08:00:00,15,10,5
2015-01-17 09:00:00,19,12,7
2015-01-17 10:00:00,17,12,5
2015-01-17 11:00:00,16,8,8
2015-01-17 12:00:00,16,9,7
2015-01-17 13:00:00,25,5,20
2015-01-17 14:00:00,20,12,8
2015-01-17 15:00:00,18,11,7
2015-01-17 16:00:00,5,1,4
2015-01-17 17:00:00,5,2,3
2015-01-17 18:00:00,5,1,4
2015-01-17 19:00:00,4,2,2
2015-01-17 20:00:00,5,4,1
2015-01-17 21:00:00,2,0,2
2015-01-17 22:00:00,2,2,0
2015-01-17 23:00:00,2,0,2
2015-01-18 00:00:00,1,0,1
2015-01-18 01:00:00,3,1,2
2015-01-18 02:00:00,0,0,0
2015-01-18 03:00:00,0,0,0
2015-01-18 04:00:00,0,0,0
2015-01-18 05:00:00,1,1,0
2015-01-18 06:00:00,1,1,0
2015-01-18 07:00:00,6,5,1
2015-01-18 08:00:00,9,5,4
2015-01-18 09:00:00,12,8,4
2015-01-18 10:00:00,20,7,13
2015-01-18 11:00:00,19,10,9
2015-01-18 12:00:00,12,7,5
2015-01-18 13:00:00,9,3,6
2015-01-18 14:00:00,15,12,3
2015-01-18 15:00:00,6,3,3
2015-01-18 16:00:00,23,11,12
2015-01-18 17:00:00,13,7,6
2015-01-18 18:00:00,12,6,6
2015-01-18 19:00:00,2,1,1
2015-01-18 20:00:00,6,0,6
2015-01-18 21:00:00,2,0,2
2015-01-18 22:00:00,3,2,1
2015-01-18 23:00:00,0,0,0
2015-01-19 00:00:00,0,0,0
2015-01-19 01:00:00,0,0,0
2015-01-19 02:00:00,1,0,1
2015-01-19 03:00:00,0,0,0
2015-01-19 04:00:00,1,1,0
2015-01-19 05:00:00,3,1,2
2015-01-19 06:00:00,23,15,8
2015-01-19 07:00:00,56,29,27
2015-01-19 08:00:00,84,61,23
2015-01-19 09:00:00,43,31,12
2015-01-19 10:00:00,37,22,15
2015-01-19 11:00:00,42,30,12
2015-01-19 12:00:00,31,13,18
2015-01-19 13:00:00,72,33,39
2015-01-19 14:00:00,76,33,43
2015-01-19 15:00:00,72,38,34
2015-01-19 16:00:00,73,27,46
2015-01-19 17:00:00,110,31,79
2015-01-19 18:00:00,52,17,35
2015-01-19 19:00:00,18,5,13
2015-01-19 20:00:00,7,2,5
2015-01-19 21:00:00,6,0,6
2015-01-19 22:00:00,7,0,7
2015-01-19 23:00:00,3,0,3
2015-01-20 00:00:00,2,2,0
2015-01-20 01:00:00,1,0,1
2015-01-20 02:00:00,1,0,1
2015-01-20 03:00:00,0,0,0
2015-01-20 04:00:00,0,0,0
2015-01-20 05:00:00,18,12,6
2015-01-20 06:00:00,36,26,10
2015-01-20 07:00:00,104,69,35
2015-01-20 08:00:00,149,107,42
2015-01-20 09:00:00,94,69,25
2015-01-20 10:00:00,21,17,4
2015-01-20 11:00:00,26,10,16
2015-01-20 12:00:00,38,15,23
2015-01-20 13:00:00,30,19,11
2015-01-20 14:00:00,68,40,28
2015-01-20 15:00:00,68,27,41
2015-01-20 16:00:00,115,53,62
2015-01-20 17:00:00,192,62,130
2015-01-20 18:00:00,109,18,91
2015-01-20 19:00:00,37,7,30
2015-01-20 20:00:00,15,3,12
2015-01-20 21:00:00,3,1,2
2015-01-20 22:00:00,8,3,5
2015-01-20 23:00:00,5,1,4
2015-01-21 00:00:00,1,1,0
2015-01-21 01:00:00,1,0,1
2015-01-21 02:00:00,3,0,3
2015-01-21 03:00:00,0,0,0
2015-01-21 04:00:00,2,0,2
2015-01-21 05:00:00,12,8,4
2015-01-21 06:00:00,42,27,15
2015-01-21 07:00:00,77,50,27
2015-01-21 08:00:00,148,105,43
2015-01-21 09:00:00,82,63,19
2015-01-21 10:00:00,31,18,13
2015-01-21 11:00:00,19,9,10
2015-01-21 12:00:00,19,7,12
2015-01-21 13:00:00,43,28,15
2015-01-21 14:00:00,38,19,19
2015-01-21 15:00:00,53,19,34
2015-01-21 16:00:00,99,40,59
2015-01-21 17:00:00,138,17,121
2015-01-21 18:00:00,90,19,71
2015-01-21 19:00:00,38,7,31
2015-01-21 20:00:00,10,2,8
2015-01-21 21:00:00,4,1,3
2015-01-21 22:00:00,7,3,4
2015-01-21 23:00:00,0,0,0
2015-01-22 00:00:00,3,2,1
2015-01-22 01:00:00,1,0,1
2015-01-22 02:00:00,3,0,3
2015-01-22 03:00:00,0,0,0
2015-01-22 04:00:00,0,0,0
2015-01-22 05:00:00,11,7,4
2015-01-22 06:00:00,31,18,13
2015-01-22 07:00:00,81,55,26
2015-01-22 08:00:00,121,93,28
2015-01-22 09:00:00,64,51,13
2015-01-22 10:00:00,22,11,11
2015-01-22 11:00:00,24,9,15
2015-01-22 12:00:00,16,9,7
2015-01-22 13:00:00,11,1,10
2015-01-22 14:00:00,34,21,13
2015-01-22 15:00:00,23,11,12
2015-01-22 16:00:00,77,36,41
2015-01-22 17:00:00,142,35,107
2015-01-22 18:00:00,84,20,64
2015-01-22 19:00:00,25,4,21
2015-01-22 20:00:00,8,3,5
2015-01-22 21:00:00,9,3,6
2015-01-22 22:00:00,5,1,4
2015-01-22 23:00:00,2,1,1
2015-01-23 00:00:00,0,0,0
2015-01-23 01:00:00,1,1,0
2015-01-23 02:00:00,1,0,1
2015-01-23 03:00:00,1,0,1
2015-01-23 04:00:00,0,0,0
2015-01-23 05:00:00,14,11,3
2015-01-23 06:00:00,27,17,10
2015-01-23 07:00:00,71,42,29
2015-01-23 08:00:00,88,71,17
2015-01-23 09:00:00,42,35,7
2015-01-23 10:00:00,13,8,5
2015-01-23 11:00:00,10,7,3
2015-01-23 12:00:00,8,3,5
2015-01-23 13:00:00,11,3,8
2015-01-23 14:00:00,14,6,8
2015-01-23 15:00:00,36,12,24
2015-01-23 16:00:00,62,24,38
2015-01-23 17:00:00,90,25,65
2015-01-23 18:00:00,57,12,45
2015-01-23 19:00:00,29,6,23
2015-01-23 20:00:00,2,0,2
2015-01-23 21:00:00,5,0,5
2015-01-23 22:00:00,6,2,4
2015-01-23 23:00:00,11,4,7
2015-01-24 00:00:00,0,0,0
2015-01-24 01:00:00,1,0,1
2015-01-24 02:00:00,3,3,0
2015-01-24 03:00:00,2,0,2
2015-01-24 04:00:00,0,0,0
2015-01-24 05:00:00,1,1,0
2015-01-24 06:00:00,2,2,0
2015-01-24 07:00:00,5,3,2
2015-01-24 08:00:00,10,7,3
2015-01-24 09:00:00,19,9,10
2015-01-24 10:00:00,29,10,19
2015-01-24 11:00:00,41,25,16
2015-01-24 12:00:00,49,31,18
2015-01-24 13:00:00,53,31,22
2015-01-24 14:00:00,58,28,30
2015-01-24 15:00:00,76,32,44
2015-01-24 16:00:00,73,24,49
2015-01-24 17:00:00,65,40,25
2015-01-24 18:00:00,16,7,9
2015-01-24 19:00:00,5,1,4
2015-01-24 20:00:00,2,0,2
2015-01-24 21:00:00,0,0,0
2015-01-24 22:00:00,2,2,0
2015-01-24 23:00:00,5,0,5
2015-01-25 00:00:00,0,0,0
2015-01-25 01:00:00,0,0,0
2015-01-25 02:00:00,1,0,1
2015-01-25 03:00:00,0,0,0
2015-01-25 04:00:00,0,0,0
2015-01-25 05:00:00,2,2,0
2015-01-25 06:00:00,2,2,0
2015-01-25 07:00:00,8,5,3
2015-01-25 08:00:00,15,7,8
2015-01-25 09:00:00,50,24,26
2015-01-25 10:00:00,56,27,29
2015-01-25 11:00:00,78,41,37
2015-01-25 12:00:00,140,71,69
2015-01-25 13:00:00,157,63,94
2015-01-25 14:00:00,218,109,109
2015-01-25 15:00:00,180,76,104
2015-01-25 16:00:00,166,69,97
2015-01-25 17:00:00,69,41,28
2015-01-25 18:00:00,17,7,10
2015-01-25 19:00:00,13,1,12
2015-01-25 20:00:00,10,4,6
2015-01-25 21:00:00,0,0,0
2015-01-25 22:00:00,5,2,3
2015-01-25 23:00:00,2,0,2
2015-01-26 00:00:00,0,0,0
2015-01-26 01:00:00,0,0,0
2015-01-26 02:00:00,1,0,1
2015-01-26 03:00:00,0,0,0
2015-01-26 04:00:00,1,0,1
2015-01-26 05:00:00,15,9,6
2015-01-26 06:00:00,36,24,12
2015-01-26 07:00:00,110,76,34
2015-01-26 08:00:00,171,129,42
2015-01-26 09:00:00,102,81,21
2015-01-26 10:00:00,40,26,14
2015-01-26 11:00:00,28,15,13
2015-01-26 12:00:00,46,24,22
2015-01-26 13:00:00,75,36,39
2015-01-26 14:00:00,60,32,28
2015-01-26 15:00:00,120,49,71
2015-01-26 16:00:00,169,81,88
2015-01-26 17:00:00,240,76,164
2015-01-26 18:00:00,121,24,97
2015-01-26 19:00:00,38,6,32
2015-01-26 20:00:00,6,2,4
2015-01-26 21:00:00,7,3,4
2015-01-26 22:00:00,5,2,3
2015-01-26 23:00:00,1,0,1
2015-01-27 00:00:00,4,0,4
2015-01-27 01:00:00,0,0,0
2015-01-27 02:00:00,5,0,5
2015-01-27 03:00:00,0,0,0
2015-01-27 04:00:00,1,0,1
2015-01-27 05:00:00,20,11,9
2015-01-27 06:00:00,45,27,18
2015-01-27 07:00:00,103,63,40
2015-01-27 08:00:00,149,119,30
2015-01-27 09:00:00,77,59,18
2015-01-27 10:00:00,26,21,5
2015-01-27 11:00:00,17,5,12
2015-01-27 12:00:00,9,4,5
2015-01-27 13:00:00,20,10,10
2015-01-27 14:00:00,29,21,8
2015-01-27 15:00:00,44,21,23
2015-01-27 16:00:00,80,28,52
2015-01-27 17:00:00,177,49,128
2015-01-27 18:00:00,88,12,76
2015-01-27 19:00:00,31,11,20
2015-01-27 20:00:00,5,2,3
2015-01-27 21:00:00,9,5,4
2015-01-27 22:00:00,6,3,3
2015-01-27 23:00:00,3,1,2
2015-01-28 00:00:00,1,0,1
2015-01-28 01:00:00,0,0,0
2015-01-28 02:00:00,2,0,2
2015-01-28 03:00:00,0,0,0
2015-01-28 04:00:00,2,0,2
2015-01-28 05:00:00,16,10,6
2015-01-28 06:00:00,49,29,20
2015-01-28 07:00:00,76,45,31
2015-01-28 08:00:00,141,110,31
2015-01-28 09:00:00,92,61,31
2015-01-28 10:00:00,32,21,11
2015-01-28 11:00:00,18,10,8
2015-01-28 12:00:00,35,17,18
2015-01-28 13:00:00,27,17,10
2015-01-28 14:00:00,41,19,22
2015-01-28 15:00:00,57,34,23
2015-01-28 16:00:00,115,44,71
2015-01-28 17:00:00,168,47,121
2015-01-28 18:00:00,95,24,71
2015-01-28 19:00:00,32,3,29
2015-01-28 20:00:00,17,7,10
2015-01-28 21:00:00,5,2,3
2015-01-28 22:00:00,6,1,5
2015-01-28 23:00:00,4,3,1
2015-01-29 00:00:00,1,1,0
2015-01-29 01:00:00,0,0,0
2015-01-29 02:00:00,1,0,1
2015-01-29 03:00:00,3,0,3
2015-01-29 04:00:00,1,1,0
2015-01-29 05:00:00,15,10,5
2015-01-29 06:00:00,31,14,17
2015-01-29 07:00:00,100,72,28
2015-01-29 08:00:00,146,108,38
2015-01-29 09:00:00,77,59,18
2015-01-29 10:00:00,30,22,8
2015-01-29 11:00:00,50,25,25
2015-01-29 12:00:00,33,16,17
2015-01-29 13:00:00,39,19,20
2015-01-29 14:00:00,73,40,33
2015-01-29 15:00:00,83,41,42
2015-01-29 16:00:00,123,54,69
2015-01-29 17:00:00,203,49,154
2015-01-29 18:00:00,108,27,81
2015-01-29 19:00:00,29,4,25
2015-01-29 20:00:00,10,1,9
2015-01-29 21:00:00,9,2,7
2015-01-29 22:00:00,6,3,3
2015-01-29 23:00:00,4,1,3
2015-01-30 00:00:00,2,1,1
2015-01-30 01:00:00,0,0,0
2015-01-30 02:00:00,3,0,3
2015-01-30 03:00:00,2,0,2
2015-01-30 04:00:00,0,0,0
2015-01-30 05:00:00,14,9,5
2015-01-30 06:00:00,29,17,12
2015-01-30 07:00:00,74,49,25
2015-01-30 08:00:00,144,110,34
2015-01-30 09:00:00,69,60,9
2015-01-30 10:00:00,26,15,11
2015-01-30 11:00:00,33,15,18
2015-01-30 12:00:00,25,19,6
2015-01-30 13:00:00,26,14,12
2015-01-30 14:00:00,54,23,31
2015-01-30 15:00:00,73,34,39
2015-01-30 16:00:00,98,41,57
2015-01-30 17:00:00,136,28,108
2015-01-30 18:00:00,95,16,79
2015-01-30 19:00:00,26,7,19
2015-01-30 20:00:00,9,3,6
2015-01-30 21:00:00,7,1,6
2015-01-30 22:00:00,4,2,2
2015-01-30 23:00:00,5,1,4
2015-01-31 00:00:00,5,0,5
2015-01-31 01:00:00,3,3,0
2015-01-31 02:00:00,4,0,4
2015-01-31 03:00:00,1,0,1
2015-01-31 04:00:00,2,0,2
2015-01-31 05:00:00,3,3,0
2015-01-31 06:00:00,6,4,2
2015-01-31 07:00:00,12,8,4
2015-01-31 08:00:00,17,12,5
2015-01-31 09:00:00,16,10,6
2015-01-31 10:00:00,53,23,30
2015-01-31 11:00:00,33,19,14
2015-01-31 12:00:00,60,27,33
2015-01-31 13:00:00,80,47,33
2015-01-31 14:00:00,79,40,39
2015-01-31 15:00:00,85,44,41
2015-01-31 16:00:00,66,34,32
2015-01-31 17:00:00,51,24,27
2015-01-31 18:00:00,14,4,10
2015-01-31 19:00:00,10,2,8
2015-01-31 20:00:00,3,1,2
2015-01-31 21:00:00,9,3,6
2015-01-31 22:00:00,3,1,2
2015-01-31 23:00:00,8,2,6
2015-02-01 00:00:00,3,0,3
2015-02-01 01:00:00,1,0,1
2015-02-01 02:00:00,0,0,0
2015-02-01 03:00:00,1,1,0
2015-02-01 04:00:00,1,1,0
2015-02-01 05:00:00,2,1,1
2015-02-01 06:00:00,3,3,0
2015-02-01 07:00:00,7,3,4
2015-02-01 08:00:00,9,5,4
2015-02-01 09:00:00,45,23,22
2015-02-01 10:00:00,27,15,12
2015-02-01 11:00:00,39,12,27
2015-02-01 12:00:00,17,11,6
2015-02-01 13:00:00,34,12,22
2015-02-01 14:00:00,26,11,15
2015-02-01 15:00:00,24,15,9
2015-02-01 16:00:00,8,5,3
2015-02-01 17:00:00,8,5,3
2015-02-01 18:00:00,3,2,1
2015-02-01 19:00:00,9,1,8
2015-02-01 20:00:00,11,3,8
2015-02-01 21:00:00,2,1,1
2015-02-01 22:00:00,5,4,1
2015-02-01 23:00:00,3,0,3
2015-02-02 00:00:00,2,1,1
2015-02-02 01:00:00,0,0,0
2015-02-02 02:00:00,0,0,0
2015-02-02 03:00:00,0,0,0
2015-02-02 04:00:00,2,2,0
2015-02-02 05:00:00,15,10,5
2015-02-02 06:00:00,33,17,16
2015-02-02 07:00:00,90,57,33
2015-02-02 08:00:00,105,75,30
2015-02-02 09:00:00,53,44,9
2015-02-02 10:00:00,12,8,4
2015-02-02 11:00:00,14,6,8
2015-02-02 12:00:00,12,7,5
2015-02-02 13:00:00,8,4,4
2015-02-02 14:00:00,22,11,11
2015-02-02 15:00:00,33,16,17
2015-02-02 16:00:00,69,26,43
2015-02-02 17:00:00,130,34,96
2015-02-02 18:00:00,77,14,63
2015-02-02 19:00:00,29,2,27
2015-02-02 20:00:00,9,3,6
2015-02-02 21:00:00,2,1,1
2015-02-02 22:00:00,7,2,5
2015-02-02 23:00:00,0,0,0
2015-02-03 00:00:00,1,0,1
2015-02-03 01:00:00,0,0,0
2015-02-03 02:00:00,1,0,1
2015-02-03 03:00:00,1,0,1
2015-02-03 04:00:00,0,0,0
2015-02-03 05:00:00,18,13,5
2015-02-03 06:00:00,39,22,17
2015-02-03 07:00:00,79,52,27
2015-02-03 08:00:00,141,105,36
2015-02-03 09:00:00,84,70,14
2015-02-03 10:00:00,30,15,15
2015-02-03 11:00:00,13,6,7
2015-02-03 12:00:00,22,11,11
2015-02-03 13:00:00,22,7,15
2015-02-03 14:00:00,20,12,8
2015-02-03 15:00:00,21,10,11
2015-02-03 16:00:00,76,27,49
2015-02-03 17:00:00,143,33,110
2015-02-03 18:00:00,104,17,87
2015-02-03 19:00:00,36,5,31
2015-02-03 20:00:00,9,2,7
2015-02-03 21:00:00,11,7,4
2015-02-03 22:00:00,7,6,1
2015-02-03 23:00:00,2,1,1
2015-02-04 00:00:00,2,1,1
2015-02-04 01:00:00,1,0,1
2015-02-04 02:00:00,0,0,0
2015-02-04 03:00:00,1,0,1
2015-02-04 04:00:00,2,0,2
2015-02-04 05:00:00,15,8,7
2015-02-04 06:00:00,33,23,10
2015-02-04 07:00:00,87,53,34
2015-02-04 08:00:00,122,103,19
2015-02-04 09:00:00,70,54,16
2015-02-04 10:00:00,30,20,10
2015-02-04 11:00:00,12,6,6
2015-02-04 12:00:00,17,3,14
2015-02-04 13:00:00,18,7,11
2015-02-04 14:00:00,28,16,12
2015-02-04 15:00:00,40,20,20
2015-02-04 16:00:00,73,25,48
2015-02-04 17:00:00,144,35,109
2015-02-04 18:00:00,82,11,71
2015-02-04 19:00:00,25,3,22
2015-02-04 20:00:00,7,0,7
2015-02-04 21:00:00,9,2,7
2015-02-04 22:00:00,4,2,2
2015-02-04 23:00:00,0,0,0
2015-02-05 00:00:00,0,0,0
2015-02-05 01:00:00,1,0,1
2015-02-05 02:00:00,2,0,2
2015-02-05 03:00:00,1,0,1
2015-02-05 04:00:00,0,0,0
2015-02-05 05:00:00,11,7,4
2015-02-05 06:00:00,24,13,11
2015-02-05 07:00:00,59,38,21
2015-02-05 08:00:00,96,70,26
2015-02-05 09:00:00,56,47,9
2015-02-05 10:00:00,15,13,2
2015-02-05 11:00:00,12,7,5
2015-02-05 12:00:00,12,8,4
2015-02-05 13:00:00,15,6,9
2015-02-05 14:00:00,22,10,12
2015-02-05 15:00:00,22,12,10
2015-02-05 16:00:00,62,32,30
2015-02-05 17:00:00,94,30,64
2015-02-05 18:00:00,57,7,50
2015-02-05 19:00:00,19,0,19
2015-02-05 20:00:00,15,4,11
2015-02-05 21:00:00,8,1,7
2015-02-05 22:00:00,8,7,1
2015-02-05 23:00:00,1,0,1
2015-02-06 00:00:00,1,0,1
2015-02-06 01:00:00,1,0,1
2015-02-06 02:00:00,1,0,1
2015-02-06 03:00:00,0,0,0
2015-02-06 04:00:00,0,0,0
2015-02-06 05:00:00,16,10,6
2015-02-06 06:00:00,23,17,6
2015-02-06 07:00:00,54,30,24
2015-02-06 08:00:00,86,60,26
2015-02-06 09:00:00,63,53,10
2015-02-06 10:00:00,8,5,3
2015-02-06 11:00:00,6,1,5
2015-02-06 12:00:00,6,4,2
2015-02-06 13:00:00,5,2,3
2015-02-06 14:00:00,13,6,7
2015-02-06 15:00:00,30,15,15
2015-02-06 16:00:00,65,26,39
2015-02-06 17:00:00,99,34,65
2015-02-06 18:00:00,46,10,36
2015-02-06 19:00:00,24,6,18
2015-02-06 20:00:00,4,1,3
2015-02-06 21:00:00,6,1,5
2015-02-06 22:00:00,3,0,3
2015-02-06 23:00:00,3,0,3
2015-02-07 00:00:00,3,1,2
2015-02-07 01:00:00,0,0,0
2015-02-07 02:00:00,1,0,1
2015-02-07 03:00:00,0,0,0
2015-02-07 04:00:00,0,0,0
2015-02-07 05:00:00,1,1,0
2015-02-07 06:00:00,2,1,1
2015-02-07 07:00:00,5,1,4
2015-02-07 08:00:00,11,4,7
2015-02-07 09:00:00,10,8,2
2015-02-07 10:00:00,5,3,2
2015-02-07 11:00:00,9,6,3
2015-02-07 12:00:00,15,5,10
2015-02-07 13:00:00,16,9,7
2015-02-07 14:00:00,31,15,16
2015-02-07 15:00:00,27,15,12
2015-02-07 16:00:00,18,9,9
2015-02-07 17:00:00,6,2,4
2015-02-07 18:00:00,5,2,3
2015-02-07 19:00:00,6,3,3
2015-02-07 20:00:00,2,1,1
2015-02-07 21:00:00,1,0,1
2015-02-07 22:00:00,0,0,0
2015-02-07 23:00:00,1,0,1
2015-02-08 00:00:00,1,1,0
2015-02-08 01:00:00,0,0,0
2015-02-08 02:00:00,0,0,0
2015-02-08 03:00:00,2,0,2
2015-02-08 04:00:00,0,0,0
2015-02-08 05:00:00,2,2,0
2015-02-08 06:00:00,2,2,0
2015-02-08 07:00:00,5,2,3
2015-02-08 08:00:00,10,5,5
2015-02-08 09:00:00,49,22,27
2015-02-08 10:00:00,82,45,37
2015-02-08 11:00:00,82,46,36
2015-02-08 12:00:00,78,35,43
2015-02-08 13:00:00,134,74,60
2015-02-08 14:00:00,143,71,72
2015-02-08 15:00:00,95,40,55
2015-02-08 16:00:00,68,36,32
2015-02-08 17:00:00,38,21,17
2015-02-08 18:00:00,17,14,3
2015-02-08 19:00:00,4,2,2
2015-02-08 20:00:00,4,1,3
2015-02-08 21:00:00,3,2,1
2015-02-08 22:00:00,0,0,0
2015-02-08 23:00:00,3,1,2
2015-02-09 00:00:00,0,0,0
2015-02-09 01:00:00,0,0,0
2015-02-09 02:00:00,1,0,1
2015-02-09 03:00:00,1,0,1
2015-02-09 04:00:00,0,0,0
2015-02-09 05:00:00,20,14,6
2015-02-09 06:00:00,37,25,12
2015-02-09 07:00:00,73,45,28
2015-02-09 08:00:00,134,101,33
2015-02-09 09:00:00,56,46,10
2015-02-09 10:00:00,17,13,4
2015-02-09 11:00:00,12,9,3
2015-02-09 12:00:00,18,12,6
2015-02-09 13:00:00,9,6,3
2015-02-09 14:00:00,17,11,6
2015-02-09 15:00:00,36,14,22
2015-02-09 16:00:00,78,23,55
2015-02-09 17:00:00,138,43,95
2015-02-09 18:00:00,88,14,74
2015-02-09 19:00:00,26,5,21
2015-02-09 20:00:00,9,3,6
2015-02-09 21:00:00,4,2,2
2015-02-09 22:00:00,4,0,4
2015-02-09 23:00:00,2,0,2
2015-02-10 00:00:00,1,0,1
2015-02-10 01:00:00,1,0,1
2015-02-10 02:00:00,2,2,0
2015-02-10 03:00:00,0,0,0
2015-02-10 04:00:00,0,0,0
2015-02-10 05:00:00,16,13,3
2015-02-10 06:00:00,29,15,14
2015-02-10 07:00:00,92,60,32
2015-02-10 08:00:00,135,102,33
2015-02-10 09:00:00,70,52,18
2015-02-10 10:00:00,43,28,15
2015-02-10 11:00:00,37,20,17
2015-02-10 12:00:00,24,15,9
2015-02-10 13:00:00,33,19,14
2015-02-10 14:00:00,49,24,25
2015-02-10 15:00:00,44,20,24
2015-02-10 16:00:00,111,48,63
2015-02-10 17:00:00,164,46,118
2015-02-10 18:00:00,114,25,89
2015-02-10 19:00:00,51,12,39
2015-02-10 20:00:00,11,4,7
2015-02-10 21:00:00,13,4,9
2015-02-10 22:00:00,8,5,3
2015-02-10 23:00:00,4,1,3
2015-02-11 00:00:00,0,0,0
2015-02-11 01:00:00,3,0,3
2015-02-11 02:00:00,1,0,1
2015-02-11 03:00:00,0,0,0
2015-02-11 04:00:00,3,1,2
2015-02-11 05:00:00,15,10,5
2015-02-11 06:00:00,35,18,17
2015-02-11 07:00:00,108,74,34
2015-02-11 08:00:00,159,122,37
2015-02-11 09:00:00,89,75,14
2015-02-11 10:00:00,34,25,9
2015-02-11 11:00:00,19,11,8
2015-02-11 12:00:00,38,16,22
2015-02-11 13:00:00,29,16,13
2015-02-11 14:00:00,34,18,16
2015-02-11 15:00:00,57,23,34
2015-02-11 16:00:00,93,38,55
2015-02-11 17:00:00,180,45,135
2015-02-11 18:00:00,117,21,96
2015-02-11 19:00:00,47,11,36
2015-02-11 20:00:00,10,4,6
2015-02-11 21:00:00,8,2,6
2015-02-11 22:00:00,5,2,3
2015-02-11 23:00:00,1,0,1
2015-02-12 00:00:00,0,0,0
2015-02-12 01:00:00,1,0,1
2015-02-12 02:00:00,2,0,2
2015-02-12 03:00:00,1,0,1
2015-02-12 04:00:00,0,0,0
2015-02-12 05:00:00,12,8,4
2015-02-12 06:00:00,35,24,11
2015-02-12 07:00:00,87,56,31
2015-02-12 08:00:00,155,116,39
2015-02-12 09:00:00,82,63,19
2015-02-12 10:00:00,29,18,11
2015-02-12 11:00:00,28,18,10
2015-02-12 12:00:00,30,12,18
2015-02-12 13:00:00,30,16,14
2015-02-12 14:00:00,59,31,28
2015-02-12 15:00:00,63,34,29
2015-02-12 16:00:00,113,35,78
2015-02-12 17:00:00,180,52,128
2015-02-12 18:00:00,111,27,84
2015-02-12 19:00:00,31,6,25
2015-02-12 20:00:00,15,0,15
2015-02-12 21:00:00,5,0,5
2015-02-12 22:00:00,8,5,3
2015-02-12 23:00:00,3,1,2
2015-02-13 00:00:00,1,0,1
2015-02-13 01:00:00,0,0,0
2015-02-13 02:00:00,2,0,2
2015-02-13 03:00:00,1,0,1
2015-02-13 04:00:00,2,2,0
2015-02-13 05:00:00,15,11,4
2015-02-13 06:00:00,27,12,15
2015-02-13 07:00:00,85,59,26
2015-02-13 08:00:00,148,113,35
2015-02-13 09:00:00,78,59,19
2015-02-13 10:00:00,34,24,10
2015-02-13 11:00:00,34,16,18
2015-02-13 12:00:00,44,22,22
2015-02-13 13:00:00,49,26,23
2015-02-13 14:00:00,61,29,32
2015-02-13 15:00:00,85,38,47
2015-02-13 16:00:00,105,32,73
2015-02-13 17:00:00,161,39,122
2015-02-13 18:00:00,92,21,71
2015-02-13 19:00:00,31,4,27
2015-02-13 20:00:00,14,5,9
2015-02-13 21:00:00,10,2,8
2015-02-13 22:00:00,7,6,1
2015-02-13 23:00:00,7,1,6
2015-02-14 00:00:00,3,0,3
2015-02-14 01:00:00,3,0,3
2015-02-14 02:00:00,2,0,2
2015-02-14 03:00:00,0,0,0
2015-02-14 04:00:00,0,0,0
2015-02-14 05:00:00,1,1,0
2015-02-14 06:00:00,4,3,1
2015-02-14 07:00:00,15,10,5
2015-02-14 08:00:00,21,10,11
2015-02-14 09:00:00,39,27,12
2015-02-14 10:00:00,44,27,17
2015-02-14 11:00:00,52,29,23
2015-02-14 12:00:00,70,38,32
2015-02-14 13:00:00,88,45,43
2015-02-14 14:00:00,97,51,46
2015-02-14 15:00:00,109,51,58
2015-02-14 16:00:00,102,43,59
2015-02-14 17:00:00,103,48,55
2015-02-14 18:00:00,30,19,11
2015-02-14 19:00:00,12,1,11
2015-02-14 20:00:00,2,0,2
2015-02-14 21:00:00,8,4,4
2015-02-14 22:00:00,5,5,0
2015-02-14 23:00:00,6,1,5
2015-02-15 00:00:00,6,2,4
2015-02-15 01:00:00,2,0,2
2015-02-15 02:00:00,0,0,0
2015-02-15 03:00:00,1,0,1
2015-02-15 04:00:00,0,0,0
2015-02-15 05:00:00,1,1,0
2015-02-15 06:00:00,3,3,0
2015-02-15 07:00:00,13,6,7
2015-02-15 08:00:00,17,9,8
2015-02-15 09:00:00,42,28,14
2015-02-15 10:00:00,62,22,40
2015-02-15 11:00:00,126,64,62
2015-02-15 12:00:00,134,69,65
2015-02-15 13:00:00,179,90,89
2015-02-15 14:00:00,171,81,90
2015-02-15 15:00:00,150,70,80
2015-02-15 16:00:00,126,62,64
2015-02-15 17:00:00,86,37,49
2015-02-15 18:00:00,20,10,10
2015-02-15 19:00:00,8,1,7
2015-02-15 20:00:00,2,2,0
2015-02-15 21:00:00,4,2,2
2015-02-15 22:00:00,3,0,3
2015-02-15 23:00:00,2,0,2
2015-02-16 00:00:00,0,0,0
2015-02-16 01:00:00,0,0,0
2015-02-16 02:00:00,1,0,1
2015-02-16 03:00:00,0,0,0
2015-02-16 04:00:00,0,0,0
2015-02-16 05:00:00,7,4,3
2015-02-16 06:00:00,13,9,4
2015-02-16 07:00:00,41,26,15
2015-02-16 08:00:00,71,53,18
2015-02-16 09:00:00,53,34,19
2015-02-16 10:00:00,50,31,19
2015-02-16 11:00:00,70,30,40
2015-02-16 12:00:00,88,48,40
2015-02-16 13:00:00,96,45,51
2015-02-16 14:00:00,102,53,49
2015-02-16 15:00:00,107,60,47
2015-02-16 16:00:00,105,44,61
2015-02-16 17:00:00,113,35,78
2015-02-16 18:00:00,95,29,66
2015-02-16 19:00:00,21,6,15
2015-02-16 20:00:00,3,0,3
2015-02-16 21:00:00,12,3,9
2015-02-16 22:00:00,5,2,3
2015-02-16 23:00:00,4,1,3
2015-02-17 00:00:00,3,0,3
2015-02-17 01:00:00,0,0,0
2015-02-17 02:00:00,1,0,1
2015-02-17 03:00:00,0,0,0
2015-02-17 04:00:00,1,1,0
2015-02-17 05:00:00,11,8,3
2015-02-17 06:00:00,50,33,17
2015-02-17 07:00:00,104,80,24
2015-02-17 08:00:00,169,127,42
2015-02-17 09:00:00,89,64,25
2015-02-17 10:00:00,35,22,13
2015-02-17 11:00:00,33,18,15
2015-02-17 12:00:00,49,22,27
2015-02-17 13:00:00,69,35,34
2015-02-17 14:00:00,81,42,39
2015-02-17 15:00:00,96,48,48
2015-02-17 16:00:00,155,51,104
2015-02-17 17:00:00,251,65,186
2015-02-17 18:00:00,129,36,93
2015-02-17 19:00:00,40,11,29
2015-02-17 20:00:00,17,3,14
2015-02-17 21:00:00,7,0,7
2015-02-17 22:00:00,10,4,6
2015-02-17 23:00:00,4,2,2
2015-02-18 00:00:00,0,0,0
2015-02-18 01:00:00,2,0,2
2015-02-18 02:00:00,0,0,0
2015-02-18 03:00:00,0,0,0
2015-02-18 04:00:00,4,1,3
2015-02-18 05:00:00,16,12,4
2015-02-18 06:00:00,50,28,22
2015-02-18 07:00:00,100,69,31
2015-02-18 08:00:00,156,119,37
2015-02-18 09:00:00,100,83,17
2015-02-18 10:00:00,27,11,16
2015-02-18 11:00:00,24,17,7
2015-02-18 12:00:00,23,10,13
2015-02-18 13:00:00,31,15,16
2015-02-18 14:00:00,35,17,18
2015-02-18 15:00:00,38,20,18
2015-02-18 16:00:00,107,35,72
2015-02-18 17:00:00,200,44,156
2015-02-18 18:00:00,92,28,64
2015-02-18 19:00:00,35,4,31
2015-02-18 20:00:00,11,3,8
2015-02-18 21:00:00,12,2,10
2015-02-18 22:00:00,6,4,2
2015-02-18 23:00:00,3,1,2
2015-02-19 00:00:00,2,1,1
2015-02-19 01:00:00,0,0,0
2015-02-19 02:00:00,2,0,2
2015-02-19 03:00:00,0,0,0
2015-02-19 04:00:00,0,0,0
2015-02-19 05:00:00,6,4,2
2015-02-19 06:00:00,40,27,13
2015-02-19 07:00:00,95,63,32
2015-02-19 08:00:00,165,127,38
2015-02-19 09:00:00,74,55,19
2015-02-19 10:00:00,19,11,8
2015-02-19 11:00:00,13,5,8
2015-02-19 12:00:00,14,7,7
2015-02-19 13:00:00,21,10,11
2015-02-19 14:00:00,18,10,8
2015-02-19 15:00:00,25,12,13
2015-02-19 16:00:00,77,25,52
2015-02-19 17:00:00,138,39,99
2015-02-19 18:00:00,92,11,81
2015-02-19 19:00:00,30,3,27
2015-02-19 20:00:00,14,1,13
2015-02-19 21:00:00,5,2,3
2015-02-19 22:00:00,5,4,1
2015-02-19 23:00:00,7,1,6
2015-02-20 00:00:00,5,4,1
2015-02-20 01:00:00,0,0,0
2015-02-20 02:00:00,2,0,2
2015-02-20 03:00:00,2,0,2
2015-02-20 04:00:00,1,1,0
2015-02-20 05:00:00,8,5,3
2015-02-20 06:00:00,23,16,7
2015-02-20 07:00:00,78,51,27
2015-02-20 08:00:00,126,101,25
2015-02-20 09:00:00,50,39,11
2015-02-20 10:00:00,27,18,9
2015-02-20 11:00:00,23,17,6
2015-02-20 12:00:00,27,12,15
2015-02-20 13:00:00,41,10,31
2015-02-20 14:00:00,42,19,23
2015-02-20 15:00:00,55,20,35
2015-02-20 16:00:00,73,26,47
2015-02-20 17:00:00,138,32,106
2015-02-20 18:00:00,82,22,60
2015-02-20 19:00:00,24,5,19
2015-02-20 20:00:00,9,1,8
2015-02-20 21:00:00,2,2,0
2015-02-20 22:00:00,6,2,4
2015-02-20 23:00:00,1,0,1
2015-02-21 00:00:00,3,0,3
2015-02-21 01:00:00,1,0,1
2015-02-21 02:00:00,1,1,0
2015-02-21 03:00:00,0,0,0
2015-02-21 04:00:00,2,0,2
2015-02-21 05:00:00,2,1,1
2015-02-21 06:00:00,4,3,1
2015-02-21 07:00:00,19,10,9
2015-02-21 08:00:00,31,21,10
2015-02-21 09:00:00,21,15,6
2015-02-21 10:00:00,50,26,24
2015-02-21 11:00:00,69,29,40
2015-02-21 12:00:00,81,53,28
2015-02-21 13:00:00,89,40,49
2015-02-21 14:00:00,103,62,41
2015-02-21 15:00:00,134,66,68
2015-02-21 16:00:00,124,55,69
2015-02-21 17:00:00,97,47,50
2015-02-21 18:00:00,52,29,23
2015-02-21 19:00:00,10,4,6
2015-02-21 20:00:00,7,2,5
2015-02-21 21:00:00,3,0,3
2015-02-21 22:00:00,1,0,1
2015-02-21 23:00:00,4,0,4
2015-02-22 00:00:00,0,0,0
2015-02-22 01:00:00,1,1,0
2015-02-22 02:00:00,2,0,2
2015-02-22 03:00:00,1,0,1
2015-02-22 04:00:00,0,0,0
2015-02-22 05:00:00,1,1,0
2015-02-22 06:00:00,7,7,0
2015-02-22 07:00:00,82,75,7
2015-02-22 08:00:00,99,85,14
2015-02-22 09:00:00,90,75,15
2015-02-22 10:00:00,74,31,43
2015-02-22 11:00:00,89,49,40
2015-02-22 12:00:00,122,39,83
2015-02-22 13:00:00,209,86,123
2015-02-22 14:00:00,148,41,107
2015-02-22 15:00:00,131,43,88
2015-02-22 16:00:00,145,39,106
2015-02-22 17:00:00,94,28,66
2015-02-22 18:00:00,36,12,24
2015-02-22 19:00:00,12,2,10
2015-02-22 20:00:00,2,1,1
2015-02-22 21:00:00,7,2,5
2015-02-22 22:00:00,2,0,2
2015-02-22 23:00:00,1,0,1
2015-02-23 00:00:00,0,0,0
2015-02-23 01:00:00,2,2,0
2015-02-23 02:00:00,1,0,1
2015-02-23 03:00:00,0,0,0
2015-02-23 04:00:00,0,0,0
2015-02-23 05:00:00,10,6,4
2015-02-23 06:00:00,43,24,19
2015-02-23 07:00:00,93,65,28
2015-02-23 08:00:00,164,129,35
2015-02-23 09:00:00,96,73,23
2015-02-23 10:00:00,28,20,8
2015-02-23 11:00:00,40,18,22
2015-02-23 12:00:00,42,19,23
2015-02-23 13:00:00,50,25,25
2015-02-23 14:00:00,65,39,26
2015-02-23 15:00:00,63,32,31
2015-02-23 16:00:00,148,66,82
2015-02-23 17:00:00,229,62,167
2015-02-23 18:00:00,123,39,84
2015-02-23 19:00:00,40,7,33
2015-02-23 20:00:00,8,3,5
2015-02-23 21:00:00,3,2,1
2015-02-23 22:00:00,3,1,2
2015-02-23 23:00:00,5,1,4
2015-02-24 00:00:00,0,0,0
2015-02-24 01:00:00,0,0,0
2015-02-24 02:00:00,1,0,1
2015-02-24 03:00:00,0,0,0
2015-02-24 04:00:00,1,1,0
2015-02-24 05:00:00,13,9,4
2015-02-24 06:00:00,39,25,14
2015-02-24 07:00:00,118,80,38
2015-02-24 08:00:00,173,132,41
2015-02-24 09:00:00,96,80,16
2015-02-24 10:00:00,33,22,11
2015-02-24 11:00:00,34,20,14
2015-02-24 12:00:00,34,20,14
2015-02-24 13:00:00,30,17,13
2015-02-24 14:00:00,56,23,33
2015-02-24 15:00:00,66,38,28
2015-02-24 16:00:00,117,44,73
2015-02-24 17:00:00,225,58,167
2015-02-24 18:00:00,126,37,89
2015-02-24 19:00:00,43,9,34
2015-02-24 20:00:00,10,2,8
2015-02-24 21:00:00,9,1,8
2015-02-24 22:00:00,9,2,7
2015-02-24 23:00:00,8,3,5
2015-02-25 00:00:00,1,0,1
2015-02-25 01:00:00,5,3,2
2015-02-25 02:00:00,2,0,2
2015-02-25 03:00:00,0,0,0
2015-02-25 04:00:00,2,0,2
2015-02-25 05:00:00,14,7,7
2015-02-25 06:00:00,46,27,19
2015-02-25 07:00:00,97,60,37
2015-02-25 08:00:00,143,108,35
2015-02-25 09:00:00,66,51,15
2015-02-25 10:00:00,25,19,6
2015-02-25 11:00:00,14,6,8
2015-02-25 12:00:00,21,10,11
2015-02-25 13:00:00,10,5,5
2015-02-25 14:00:00,20,10,10
2015-02-25 15:00:00,28,12,16
2015-02-25 16:00:00,77,28,49
2015-02-25 17:00:00,147,32,115
2015-02-25 18:00:00,83,16,67
2015-02-25 19:00:00,38,8,30
2015-02-25 20:00:00,18,2,16
2015-02-25 21:00:00,7,2,5
2015-02-25 22:00:00,9,3,6
2015-02-25 23:00:00,2,1,1
2015-02-26 00:00:00,1,1,0
2015-02-26 01:00:00,0,0,0
2015-02-26 02:00:00,2,0,2
2015-02-26 03:00:00,0,0,0
2015-02-26 04:00:00,0,0,0
2015-02-26 05:00:00,13,10,3
2015-02-26 06:00:00,33,19,14
2015-02-26 07:00:00,77,58,19
2015-02-26 08:00:00,115,90,25
2015-02-26 09:00:00,90,61,29
2015-02-26 10:00:00,15,10,5
2015-02-26 11:00:00,19,9,10
2015-02-26 12:00:00,12,9,3
2015-02-26 13:00:00,21,10,11
2015-02-26 14:00:00,27,14,13
2015-02-26 15:00:00,43,22,21
2015-02-26 16:00:00,70,27,43
2015-02-26 17:00:00,139,32,107
2015-02-26 18:00:00,85,20,65
2015-02-26 19:00:00,33,7,26
2015-02-26 20:00:00,12,5,7
2015-02-26 21:00:00,5,1,4
2015-02-26 22:00:00,10,4,6
2015-02-26 23:00:00,7,1,6
2015-02-27 00:00:00,0,0,0
2015-02-27 01:00:00,0,0,0
2015-02-27 02:00:00,1,0,1
2015-02-27 03:00:00,2,0,2
2015-02-27 04:00:00,0,0,0
2015-02-27 05:00:00,13,11,2
2015-02-27 06:00:00,25,15,10
2015-02-27 07:00:00,76,49,27
2015-02-27 08:00:00,110,82,28
2015-02-27 09:00:00,60,43,17
2015-02-27 10:00:00,16,14,2
2015-02-27 11:00:00,19,9,10
2015-02-27 12:00:00,9,7,2
2015-02-27 13:00:00,16,8,8
2015-02-27 14:00:00,26,13,13
2015-02-27 15:00:00,30,13,17
2015-02-27 16:00:00,64,19,45
2015-02-27 17:00:00,124,30,94
2015-02-27 18:00:00,55,13,42
2015-02-27 19:00:00,25,5,20
2015-02-27 20:00:00,4,1,3
2015-02-27 21:00:00,5,0,5
2015-02-27 22:00:00,5,0,5
2015-02-27 23:00:00,4,2,2
2015-02-28 00:00:00,5,1,4
2015-02-28 01:00:00,6,0,6
2015-02-28 02:00:00,1,0,1
2015-02-28 03:00:00,2,0,2
2015-02-28 04:00:00,1,0,1
2015-02-28 05:00:00,0,0,0
2015-02-28 06:00:00,3,2,1
2015-02-28 07:00:00,13,8,5
2015-02-28 08:00:00,23,17,6
2015-02-28 09:00:00,61,34,27
2015-02-28 10:00:00,60,39,21
2015-02-28 11:00:00,92,50,42
2015-02-28 12:00:00,150,65,85
2015-02-28 13:00:00,112,56,56
2015-02-28 14:00:00,159,83,76
2015-02-28 15:00:00,157,58,99
2015-02-28 16:00:00,124,61,63
2015-02-28 17:00:00,112,63,49
2015-02-28 18:00:00,50,24,26
2015-02-28 19:00:00,9,2,7
2015-02-28 20:00:00,2,1,1
2015-02-28 21:00:00,11,4,7
2015-02-28 22:00:00,12,7,5
2015-02-28 23:00:00,4,0,4
2015-03-01 00:00:00,8,1,7
2015-03-01 01:00:00,0,0,0
2015-03-01 02:00:00,0,0,0
2015-03-01 03:00:00,2,0,2
2015-03-01 04:00:00,0,0,0
2015-03-01 05:00:00,3,1,2
2015-03-01 06:00:00,2,2,0
2015-03-01 07:00:00,4,3,1
2015-03-01 08:00:00,28,18,10
2015-03-01 09:00:00,54,28,26
2015-03-01 10:00:00,93,52,41
2015-03-01 11:00:00,95,61,34
2015-03-01 12:00:00,0,0,0
2015-03-01 13:00:00,0,0,0
2015-03-01 14:00:00,0,0,0
2015-03-01 15:00:00,0,0,0
2015-03-01 16:00:00,0,0,0
2015-03-01 17:00:00,0,0,0
2015-03-01 18:00:00,0,0,0
2015-03-01 19:00:00,0,0,0
2015-03-01 20:00:00,0,0,0
2015-03-01 21:00:00,0,0,0
2015-03-01 22:00:00,0,0,0
2015-03-01 23:00:00,0,0,0
2015-03-02 00:00:00,0,0,0
2015-03-02 01:00:00,0,0,0
2015-03-02 02:00:00,0,0,0
2015-03-02 03:00:00,0,0,0
2015-03-02 04:00:00,0,0,0
2015-03-02 05:00:00,0,0,0
2015-03-02 06:00:00,0,0,0
2015-03-02 07:00:00,0,0,0
2015-03-02 08:00:00,0,0,0
2015-03-02 09:00:00,0,0,0
2015-03-02 10:00:00,0,0,0
2015-03-02 11:00:00,0,0,0
2015-03-02 12:00:00,0,0,0
2015-03-02 13:00:00,0,0,0
2015-03-02 14:00:00,0,0,0
2015-03-02 15:00:00,0,0,0
2015-03-02 16:00:00,0,0,0
2015-03-02 17:00:00,0,0,0
2015-03-02 18:00:00,0,0,0
2015-03-02 19:00:00,0,0,0
2015-03-02 20:00:00,0,0,0
2015-03-02 21:00:00,0,0,0
2015-03-02 22:00:00,0,0,0
2015-03-02 23:00:00,0,0,0
2015-03-03 00:00:00,0,0,0
2015-03-03 01:00:00,0,0,0
2015-03-03 02:00:00,0,0,0
2015-03-03 03:00:00,0,0,0
2015-03-03 04:00:00,0,0,0
2015-03-03 05:00:00,0,0,0
2015-03-03 06:00:00,0,0,0
2015-03-03 07:00:00,0,0,0
2015-03-03 08:00:00,0,0,0
2015-03-03 09:00:00,0,0,0
2015-03-03 10:00:00,0,0,0
2015-03-03 11:00:00,0,0,0
2015-03-03 12:00:00,0,0,0
2015-03-03 13:00:00,0,0,0
2015-03-03 14:00:00,0,0,0
2015-03-03 15:00:00,0,0,0
2015-03-03 16:00:00,0,0,0
2015-03-03 17:00:00,0,0,0
2015-03-03 18:00:00,0,0,0
2015-03-03 19:00:00,0,0,0
2015-03-03 20:00:00,0,0,0
2015-03-03 21:00:00,0,0,0
2015-03-03 22:00:00,0,0,0
2015-03-03 23:00:00,0,0,0
2015-03-04 00:00:00,0,0,0
2015-03-04 01:00:00,0,0,0
2015-03-04 02:00:00,0,0,0
2015-03-04 03:00:00,0,0,0
2015-03-04 04:00:00,0,0,0
2015-03-04 05:00:00,0,0,0
2015-03-04 06:00:00,0,0,0
2015-03-04 07:00:00,0,0,0
2015-03-04 08:00:00,0,0,0
2015-03-04 09:00:00,0,0,0
2015-03-04 10:00:00,0,0,0
2015-03-04 11:00:00,0,0,0
2015-03-04 12:00:00,0,0,0
2015-03-04 13:00:00,0,0,0
2015-03-04 14:00:00,0,0,0
2015-03-04 15:00:00,0,0,0
2015-03-04 16:00:00,0,0,0
2015-03-04 17:00:00,0,0,0
2015-03-04 18:00:00,0,0,0
2015-03-04 19:00:00,0,0,0
2015-03-04 20:00:00,0,0,0
2015-03-04 21:00:00,0,0,0
2015-03-04 22:00:00,0,0,0
2015-03-04 23:00:00,0,0,0
2015-03-05 00:00:00,0,0,0
2015-03-05 01:00:00,0,0,0
2015-03-05 02:00:00,0,0,0
2015-03-05 03:00:00,0,0,0
2015-03-05 04:00:00,0,0,0
2015-03-05 05:00:00,0,0,0
2015-03-05 06:00:00,0,0,0
2015-03-05 07:00:00,0,0,0
2015-03-05 08:00:00,0,0,0
2015-03-05 09:00:00,0,0,0
2015-03-05 10:00:00,0,0,0
2015-03-05 11:00:00,0,0,0
2015-03-05 12:00:00,0,0,0
2015-03-05 13:00:00,0,0,0
2015-03-05 14:00:00,0,0,0
2015-03-05 15:00:00,0,0,0
2015-03-05 16:00:00,0,0,0
2015-03-05 17:00:00,0,0,0
2015-03-05 18:00:00,0,0,0
2015-03-05 19:00:00,0,0,0
2015-03-05 20:00:00,0,0,0
2015-03-05 21:00:00,0,0,0
2015-03-05 22:00:00,0,0,0
2015-03-05 23:00:00,0,0,0
2015-03-06 00:00:00,0,0,0
2015-03-06 01:00:00,0,0,0
2015-03-06 02:00:00,0,0,0
2015-03-06 03:00:00,0,0,0
2015-03-06 04:00:00,0,0,0
2015-03-06 05:00:00,0,0,0
2015-03-06 06:00:00,0,0,0
2015-03-06 07:00:00,0,0,0
2015-03-06 08:00:00,0,0,0
2015-03-06 09:00:00,0,0,0
2015-03-06 10:00:00,0,0,0
2015-03-06 11:00:00,0,0,0
2015-03-06 12:00:00,0,0,0
2015-03-06 13:00:00,0,0,0
2015-03-06 14:00:00,0,0,0
2015-03-06 15:00:00,0,0,0
2015-03-06 16:00:00,0,0,0
2015-03-06 17:00:00,0,0,0
2015-03-06 18:00:00,0,0,0
2015-03-06 19:00:00,0,0,0
2015-03-06 20:00:00,0,0,0
2015-03-06 21:00:00,0,0,0
2015-03-06 22:00:00,0,0,0
2015-03-06 23:00:00,0,0,0
2015-03-07 00:00:00,0,0,0
2015-03-07 01:00:00,0,0,0
2015-03-07 02:00:00,0,0,0
2015-03-07 03:00:00,0,0,0
2015-03-07 04:00:00,0,0,0
2015-03-07 05:00:00,0,0,0
2015-03-07 06:00:00,0,0,0
2015-03-07 07:00:00,0,0,0
2015-03-07 08:00:00,0,0,0
2015-03-07 09:00:00,0,0,0
2015-03-07 10:00:00,0,0,0
2015-03-07 11:00:00,0,0,0
2015-03-07 12:00:00,0,0,0
2015-03-07 13:00:00,0,0,0
2015-03-07 14:00:00,0,0,0
2015-03-07 15:00:00,0,0,0
2015-03-07 16:00:00,0,0,0
2015-03-07 17:00:00,0,0,0
2015-03-07 18:00:00,0,0,0
2015-03-07 19:00:00,0,0,0
2015-03-07 20:00:00,0,0,0
2015-03-07 21:00:00,0,0,0
2015-03-07 22:00:00,0,0,0
2015-03-07 23:00:00,0,0,0
2015-03-08 00:00:00,0,0,0
2015-03-08 01:00:00,0,0,0
2015-03-08 02:00:00,0,0,0
2015-03-08 03:00:00,0,0,0
2015-03-08 04:00:00,0,0,0
2015-03-08 05:00:00,0,0,0
2015-03-08 06:00:00,0,0,0
2015-03-08 07:00:00,0,0,0
2015-03-08 08:00:00,0,0,0
2015-03-08 09:00:00,0,0,0
2015-03-08 10:00:00,0,0,0
2015-03-08 11:00:00,0,0,0
2015-03-08 12:00:00,0,0,0
2015-03-08 13:00:00,0,0,0
2015-03-08 14:00:00,0,0,0
2015-03-08 15:00:00,0,0,0
2015-03-08 16:00:00,0,0,0
2015-03-08 17:00:00,0,0,0
2015-03-08 18:00:00,0,0,0
2015-03-08 19:00:00,0,0,0
2015-03-08 20:00:00,0,0,0
2015-03-08 21:00:00,0,0,0
2015-03-08 22:00:00,0,0,0
2015-03-08 23:00:00,0,0,0
2015-03-09 00:00:00,0,0,0
2015-03-09 01:00:00,0,0,0
2015-03-09 02:00:00,0,0,0
2015-03-09 03:00:00,0,0,0
2015-03-09 04:00:00,0,0,0
2015-03-09 05:00:00,0,0,0
2015-03-09 06:00:00,0,0,0
2015-03-09 07:00:00,0,0,0
2015-03-09 08:00:00,0,0,0
2015-03-09 09:00:00,0,0,0
2015-03-09 10:00:00,0,0,0
2015-03-09 11:00:00,0,0,0
2015-03-09 12:00:00,0,0,0
2015-03-09 13:00:00,0,0,0
2015-03-09 14:00:00,0,0,0
2015-03-09 15:00:00,0,0,0
2015-03-09 16:00:00,0,0,0
2015-03-09 17:00:00,0,0,0
2015-03-09 18:00:00,0,0,0
2015-03-09 19:00:00,0,0,0
2015-03-09 20:00:00,0,0,0
2015-03-09 21:00:00,0,0,0
2015-03-09 22:00:00,0,0,0
2015-03-09 23:00:00,0,0,0
2015-03-10 00:00:00,0,0,0
2015-03-10 01:00:00,0,0,0
2015-03-10 02:00:00,0,0,0
2015-03-10 03:00:00,0,0,0
2015-03-10 04:00:00,0,0,0
2015-03-10 05:00:00,0,0,0
2015-03-10 06:00:00,0,0,0
2015-03-10 07:00:00,0,0,0
2015-03-10 08:00:00,0,0,0
2015-03-10 09:00:00,0,0,0
2015-03-10 10:00:00,0,0,0
2015-03-10 11:00:00,0,0,0
2015-03-10 12:00:00,0,0,0
2015-03-10 13:00:00,0,0,0
2015-03-10 14:00:00,0,0,0
2015-03-10 15:00:00,0,0,0
2015-03-10 16:00:00,0,0,0
2015-03-10 17:00:00,0,0,0
2015-03-10 18:00:00,0,0,0
2015-03-10 19:00:00,0,0,0
2015-03-10 20:00:00,0,0,0
2015-03-10 21:00:00,0,0,0
2015-03-10 22:00:00,0,0,0
2015-03-10 23:00:00,0,0,0
2015-03-11 00:00:00,0,0,0
2015-03-11 01:00:00,0,0,0
2015-03-11 02:00:00,0,0,0
2015-03-11 03:00:00,0,0,0
2015-03-11 04:00:00,0,0,0
2015-03-11 05:00:00,0,0,0
2015-03-11 06:00:00,0,0,0
2015-03-11 07:00:00,0,0,0
2015-03-11 08:00:00,0,0,0
2015-03-11 09:00:00,0,0,0
2015-03-11 10:00:00,0,0,0
2015-03-11 11:00:00,0,0,0
2015-03-11 12:00:00,0,0,0
2015-03-11 13:00:00,0,0,0
2015-03-11 14:00:00,0,0,0
2015-03-11 15:00:00,0,0,0
2015-03-11 16:00:00,0,0,0
2015-03-11 17:00:00,0,0,0
2015-03-11 18:00:00,0,0,0
2015-03-11 19:00:00,0,0,0
2015-03-11 20:00:00,0,0,0
2015-03-11 21:00:00,0,0,0
2015-03-11 22:00:00,0,0,0
2015-03-11 23:00:00,0,0,0
2015-03-12 00:00:00,0,0,0
2015-03-12 01:00:00,0,0,0
2015-03-12 02:00:00,0,0,0
2015-03-12 03:00:00,0,0,0
2015-03-12 04:00:00,0,0,0
2015-03-12 05:00:00,0,0,0
2015-03-12 06:00:00,0,0,0
2015-03-12 07:00:00,0,0,0
2015-03-12 08:00:00,0,0,0
2015-03-12 09:00:00,0,0,0
2015-03-12 10:00:00,0,0,0
2015-03-12 11:00:00,0,0,0
2015-03-12 12:00:00,0,0,0
2015-03-12 13:00:00,0,0,0
2015-03-12 14:00:00,0,0,0
2015-03-12 15:00:00,0,0,0
2015-03-12 16:00:00,0,0,0
2015-03-12 17:00:00,0,0,0
2015-03-12 18:00:00,0,0,0
2015-03-12 19:00:00,0,0,0
2015-03-12 20:00:00,0,0,0
2015-03-12 21:00:00,0,0,0
2015-03-12 22:00:00,0,0,0
2015-03-12 23:00:00,0,0,0
2015-03-13 00:00:00,0,0,0
2015-03-13 01:00:00,0,0,0
2015-03-13 02:00:00,0,0,0
2015-03-13 03:00:00,0,0,0
2015-03-13 04:00:00,0,0,0
2015-03-13 05:00:00,0,0,0
2015-03-13 06:00:00,0,0,0
2015-03-13 07:00:00,0,0,0
2015-03-13 08:00:00,0,0,0
2015-03-13 09:00:00,0,0,0
2015-03-13 10:00:00,0,0,0
2015-03-13 11:00:00,0,0,0
2015-03-13 12:00:00,0,0,0
2015-03-13 13:00:00,0,0,0
2015-03-13 14:00:00,0,0,0
2015-03-13 15:00:00,0,0,0
2015-03-13 16:00:00,0,0,0
2015-03-13 17:00:00,0,0,0
2015-03-13 18:00:00,0,0,0
2015-03-13 19:00:00,0,0,0
2015-03-13 20:00:00,0,0,0
2015-03-13 21:00:00,0,0,0
2015-03-13 22:00:00,0,0,0
2015-03-13 23:00:00,0,0,0
2015-03-14 00:00:00,0,0,0
2015-03-14 01:00:00,0,0,0
2015-03-14 02:00:00,0,0,0
2015-03-14 03:00:00,0,0,0
2015-03-14 04:00:00,0,0,0
2015-03-14 05:00:00,0,0,0
2015-03-14 06:00:00,0,0,0
2015-03-14 07:00:00,0,0,0
2015-03-14 08:00:00,0,0,0
2015-03-14 09:00:00,0,0,0
2015-03-14 10:00:00,0,0,0
2015-03-14 11:00:00,0,0,0
2015-03-14 12:00:00,0,0,0
2015-03-14 13:00:00,0,0,0
2015-03-14 14:00:00,0,0,0
2015-03-14 15:00:00,0,0,0
2015-03-14 16:00:00,0,0,0
2015-03-14 17:00:00,0,0,0
2015-03-14 18:00:00,0,0,0
2015-03-14 19:00:00,0,0,0
2015-03-14 20:00:00,0,0,0
2015-03-14 21:00:00,0,0,0
2015-03-14 22:00:00,0,0,0
2015-03-14 23:00:00,0,0,0
2015-03-15 00:00:00,0,0,0
2015-03-15 01:00:00,0,0,0
2015-03-15 02:00:00,0,0,0
2015-03-15 03:00:00,0,0,0
2015-03-15 04:00:00,0,0,0
2015-03-15 05:00:00,0,0,0
2015-03-15 06:00:00,0,0,0
2015-03-15 07:00:00,0,0,0
2015-03-15 08:00:00,0,0,0
2015-03-15 09:00:00,0,0,0
2015-03-15 10:00:00,0,0,0
2015-03-15 11:00:00,0,0,0
2015-03-15 12:00:00,0,0,0
2015-03-15 13:00:00,0,0,0
2015-03-15 14:00:00,0,0,0
2015-03-15 15:00:00,0,0,0
2015-03-15 16:00:00,0,0,0
2015-03-15 17:00:00,0,0,0
2015-03-15 18:00:00,0,0,0
2015-03-15 19:00:00,0,0,0
2015-03-15 20:00:00,0,0,0
2015-03-15 21:00:00,0,0,0
2015-03-15 22:00:00,0,0,0
2015-03-15 23:00:00,0,0,0
2015-03-16 00:00:00,0,0,0
2015-03-16 01:00:00,0,0,0
2015-03-16 02:00:00,0,0,0
2015-03-16 03:00:00,0,0,0
2015-03-16 04:00:00,0,0,0
2015-03-16 05:00:00,0,0,0
2015-03-16 06:00:00,0,0,0
2015-03-16 07:00:00,0,0,0
2015-03-16 08:00:00,0,0,0
2015-03-16 09:00:00,0,0,0
2015-03-16 10:00:00,0,0,0
2015-03-16 11:00:00,0,0,0
2015-03-16 12:00:00,0,0,0
2015-03-16 13:00:00,0,0,0
2015-03-16 14:00:00,0,0,0
2015-03-16 15:00:00,0,0,0
2015-03-16 16:00:00,0,0,0
2015-03-16 17:00:00,0,0,0
2015-03-16 18:00:00,0,0,0
2015-03-16 19:00:00,0,0,0
2015-03-16 20:00:00,0,0,0
2015-03-16 21:00:00,0,0,0
2015-03-16 22:00:00,0,0,0
2015-03-16 23:00:00,0,0,0
2015-03-17 00:00:00,0,0,0
2015-03-17 01:00:00,0,0,0
2015-03-17 02:00:00,0,0,0
2015-03-17 03:00:00,0,0,0
2015-03-17 04:00:00,0,0,0
2015-03-17 05:00:00,0,0,0
2015-03-17 06:00:00,0,0,0
2015-03-17 07:00:00,0,0,0
2015-03-17 08:00:00,0,0,0
2015-03-17 09:00:00,0,0,0
2015-03-17 10:00:00,0,0,0
2015-03-17 11:00:00,0,0,0
2015-03-17 12:00:00,0,0,0
2015-03-17 13:00:00,0,0,0
2015-03-17 14:00:00,0,0,0
2015-03-17 15:00:00,0,0,0
2015-03-17 16:00:00,0,0,0
2015-03-17 17:00:00,0,0,0
2015-03-17 18:00:00,0,0,0
2015-03-17 19:00:00,0,0,0
2015-03-17 20:00:00,0,0,0
2015-03-17 21:00:00,0,0,0
2015-03-17 22:00:00,0,0,0
2015-03-17 23:00:00,0,0,0
2015-03-18 00:00:00,0,0,0
2015-03-18 01:00:00,0,0,0
2015-03-18 02:00:00,0,0,0
2015-03-18 03:00:00,0,0,0
2015-03-18 04:00:00,0,0,0
2015-03-18 05:00:00,0,0,0
2015-03-18 06:00:00,0,0,0
2015-03-18 07:00:00,0,0,0
2015-03-18 08:00:00,0,0,0
2015-03-18 09:00:00,0,0,0
2015-03-18 10:00:00,0,0,0
2015-03-18 11:00:00,0,0,0
2015-03-18 12:00:00,0,0,0
2015-03-18 13:00:00,0,0,0
2015-03-18 14:00:00,0,0,0
2015-03-18 15:00:00,0,0,0
2015-03-18 16:00:00,0,0,0
2015-03-18 17:00:00,0,0,0
2015-03-18 18:00:00,0,0,0
2015-03-18 19:00:00,0,0,0
2015-03-18 20:00:00,0,0,0
2015-03-18 21:00:00,0,0,0
2015-03-18 22:00:00,0,0,0
2015-03-18 23:00:00,0,0,0
2015-03-19 00:00:00,0,0,0
2015-03-19 01:00:00,0,0,0
2015-03-19 02:00:00,0,0,0
2015-03-19 03:00:00,0,0,0
2015-03-19 04:00:00,0,0,0
2015-03-19 05:00:00,0,0,0
2015-03-19 06:00:00,0,0,0
2015-03-19 07:00:00,0,0,0
2015-03-19 08:00:00,0,0,0
2015-03-19 09:00:00,0,0,0
2015-03-19 10:00:00,0,0,0
2015-03-19 11:00:00,0,0,0
2015-03-19 12:00:00,0,0,0
2015-03-19 13:00:00,0,0,0
2015-03-19 14:00:00,0,0,0
2015-03-19 15:00:00,0,0,0
2015-03-19 16:00:00,0,0,0
2015-03-19 17:00:00,0,0,0
2015-03-19 18:00:00,0,0,0
2015-03-19 19:00:00,0,0,0
2015-03-19 20:00:00,0,0,0
2015-03-19 21:00:00,0,0,0
2015-03-19 22:00:00,0,0,0
2015-03-19 23:00:00,0,0,0
2015-03-20 00:00:00,0,0,0
2015-03-20 01:00:00,0,0,0
2015-03-20 02:00:00,0,0,0
2015-03-20 03:00:00,0,0,0
2015-03-20 04:00:00,0,0,0
2015-03-20 05:00:00,0,0,0
2015-03-20 06:00:00,0,0,0
2015-03-20 07:00:00,0,0,0
2015-03-20 08:00:00,0,0,0
2015-03-20 09:00:00,0,0,0
2015-03-20 10:00:00,0,0,0
2015-03-20 11:00:00,0,0,0
2015-03-20 12:00:00,0,0,0
2015-03-20 13:00:00,0,0,0
2015-03-20 14:00:00,0,0,0
2015-03-20 15:00:00,0,0,0
2015-03-20 16:00:00,0,0,0
2015-03-20 17:00:00,0,0,0
2015-03-20 18:00:00,0,0,0
2015-03-20 19:00:00,0,0,0
2015-03-20 20:00:00,0,0,0
2015-03-20 21:00:00,0,0,0
2015-03-20 22:00:00,0,0,0
2015-03-20 23:00:00,0,0,0
2015-03-21 00:00:00,0,0,0
2015-03-21 01:00:00,0,0,0
2015-03-21 02:00:00,0,0,0
2015-03-21 03:00:00,0,0,0
2015-03-21 04:00:00,0,0,0
2015-03-21 05:00:00,0,0,0
2015-03-21 06:00:00,0,0,0
2015-03-21 07:00:00,0,0,0
2015-03-21 08:00:00,0,0,0
2015-03-21 09:00:00,0,0,0
2015-03-21 10:00:00,0,0,0
2015-03-21 11:00:00,0,0,0
2015-03-21 12:00:00,0,0,0
2015-03-21 13:00:00,0,0,0
2015-03-21 14:00:00,0,0,0
2015-03-21 15:00:00,0,0,0
2015-03-21 16:00:00,0,0,0
2015-03-21 17:00:00,0,0,0
2015-03-21 18:00:00,0,0,0
2015-03-21 19:00:00,0,0,0
2015-03-21 20:00:00,0,0,0
2015-03-21 21:00:00,0,0,0
2015-03-21 22:00:00,0,0,0
2015-03-21 23:00:00,0,0,0
2015-03-22 00:00:00,0,0,0
2015-03-22 01:00:00,0,0,0
2015-03-22 02:00:00,0,0,0
2015-03-22 03:00:00,0,0,0
2015-03-22 04:00:00,0,0,0
2015-03-22 05:00:00,0,0,0
2015-03-22 06:00:00,0,0,0
2015-03-22 07:00:00,0,0,0
2015-03-22 08:00:00,0,0,0
2015-03-22 09:00:00,0,0,0
2015-03-22 10:00:00,0,0,0
2015-03-22 11:00:00,0,0,0
2015-03-22 12:00:00,0,0,0
2015-03-22 13:00:00,0,0,0
2015-03-22 14:00:00,0,0,0
2015-03-22 15:00:00,0,0,0
2015-03-22 16:00:00,0,0,0
2015-03-22 17:00:00,0,0,0
2015-03-22 18:00:00,0,0,0
2015-03-22 19:00:00,0,0,0
2015-03-22 20:00:00,0,0,0
2015-03-22 21:00:00,0,0,0
2015-03-22 22:00:00,0,0,0
2015-03-22 23:00:00,0,0,0
2015-03-23 00:00:00,0,0,0
2015-03-23 01:00:00,0,0,0
2015-03-23 02:00:00,0,0,0
2015-03-23 03:00:00,0,0,0
2015-03-23 04:00:00,0,0,0
2015-03-23 05:00:00,0,0,0
2015-03-23 06:00:00,0,0,0
2015-03-23 07:00:00,0,0,0
2015-03-23 08:00:00,0,0,0
2015-03-23 09:00:00,0,0,0
2015-03-23 10:00:00,0,0,0
2015-03-23 11:00:00,0,0,0
2015-03-23 12:00:00,0,0,0
2015-03-23 13:00:00,0,0,0
2015-03-23 14:00:00,0,0,0
2015-03-23 15:00:00,0,0,0
2015-03-23 16:00:00,0,0,0
2015-03-23 17:00:00,0,0,0
2015-03-23 18:00:00,0,0,0
2015-03-23 19:00:00,0,0,0
2015-03-23 20:00:00,0,0,0
2015-03-23 21:00:00,0,0,0
2015-03-23 22:00:00,0,0,0
2015-03-23 23:00:00,0,0,0
2015-03-24 00:00:00,0,0,0
2015-03-24 01:00:00,0,0,0
2015-03-24 02:00:00,0,0,0
2015-03-24 03:00:00,0,0,0
2015-03-24 04:00:00,0,0,0
2015-03-24 05:00:00,0,0,0
2015-03-24 06:00:00,0,0,0
2015-03-24 07:00:00,0,0,0
2015-03-24 08:00:00,0,0,0
2015-03-24 09:00:00,0,0,0
2015-03-24 10:00:00,0,0,0
2015-03-24 11:00:00,0,0,0
2015-03-24 12:00:00,0,0,0
2015-03-24 13:00:00,0,0,0
2015-03-24 14:00:00,0,0,0
2015-03-24 15:00:00,0,0,0
2015-03-24 16:00:00,0,0,0
2015-03-24 17:00:00,0,0,0
2015-03-24 18:00:00,0,0,0
2015-03-24 19:00:00,0,0,0
2015-03-24 20:00:00,0,0,0
2015-03-24 21:00:00,0,0,0
2015-03-24 22:00:00,0,0,0
2015-03-24 23:00:00,0,0,0
2015-03-25 00:00:00,0,0,0
2015-03-25 01:00:00,0,0,0
2015-03-25 02:00:00,0,0,0
2015-03-25 03:00:00,0,0,0
2015-03-25 04:00:00,0,0,0
2015-03-25 05:00:00,0,0,0
2015-03-25 06:00:00,0,0,0
2015-03-25 07:00:00,0,0,0
2015-03-25 08:00:00,0,0,0
2015-03-25 09:00:00,0,0,0
2015-03-25 10:00:00,0,0,0
2015-03-25 11:00:00,0,0,0
2015-03-25 12:00:00,0,0,0
2015-03-25 13:00:00,0,0,0
2015-03-25 14:00:00,0,0,0
2015-03-25 15:00:00,0,0,0
2015-03-25 16:00:00,0,0,0
2015-03-25 17:00:00,0,0,0
2015-03-25 18:00:00,0,0,0
2015-03-25 19:00:00,0,0,0
2015-03-25 20:00:00,0,0,0
2015-03-25 21:00:00,0,0,0
2015-03-25 22:00:00,0,0,0
2015-03-25 23:00:00,0,0,0
2015-03-26 00:00:00,0,0,0
2015-03-26 01:00:00,0,0,0
2015-03-26 02:00:00,0,0,0
2015-03-26 03:00:00,0,0,0
2015-03-26 04:00:00,0,0,0
2015-03-26 05:00:00,0,0,0
2015-03-26 06:00:00,0,0,0
2015-03-26 07:00:00,0,0,0
2015-03-26 08:00:00,0,0,0
2015-03-26 09:00:00,0,0,0
2015-03-26 10:00:00,0,0,0
2015-03-26 11:00:00,0,0,0
2015-03-26 12:00:00,0,0,0
2015-03-26 13:00:00,0,0,0
2015-03-26 14:00:00,0,0,0
2015-03-26 15:00:00,0,0,0
2015-03-26 16:00:00,0,0,0
2015-03-26 17:00:00,0,0,0
2015-03-26 18:00:00,0,0,0
2015-03-26 19:00:00,0,0,0
2015-03-26 20:00:00,0,0,0
2015-03-26 21:00:00,0,0,0
2015-03-26 22:00:00,0,0,0
2015-03-26 23:00:00,0,0,0
2015-03-27 00:00:00,0,0,0
2015-03-27 01:00:00,0,0,0
2015-03-27 02:00:00,0,0,0
2015-03-27 03:00:00,0,0,0
2015-03-27 04:00:00,0,0,0
2015-03-27 05:00:00,0,0,0
2015-03-27 06:00:00,0,0,0
2015-03-27 07:00:00,0,0,0
2015-03-27 08:00:00,0,0,0
2015-03-27 09:00:00,0,0,0
2015-03-27 10:00:00,0,0,0
2015-03-27 11:00:00,0,0,0
2015-03-27 12:00:00,0,0,0
2015-03-27 13:00:00,0,0,0
2015-03-27 14:00:00,0,0,0
2015-03-27 15:00:00,0,0,0
2015-03-27 16:00:00,0,0,0
2015-03-27 17:00:00,0,0,0
2015-03-27 18:00:00,0,0,0
2015-03-27 19:00:00,0,0,0
2015-03-27 20:00:00,0,0,0
2015-03-27 21:00:00,0,0,0
2015-03-27 22:00:00,0,0,0
2015-03-27 23:00:00,0,0,0
2015-03-28 00:00:00,0,0,0
2015-03-28 01:00:00,0,0,0
2015-03-28 02:00:00,0,0,0
2015-03-28 03:00:00,0,0,0
2015-03-28 04:00:00,0,0,0
2015-03-28 05:00:00,0,0,0
2015-03-28 06:00:00,0,0,0
2015-03-28 07:00:00,0,0,0
2015-03-28 08:00:00,0,0,0
2015-03-28 09:00:00,0,0,0
2015-03-28 10:00:00,0,0,0
2015-03-28 11:00:00,0,0,0
2015-03-28 12:00:00,0,0,0
2015-03-28 13:00:00,0,0,0
2015-03-28 14:00:00,0,0,0
2015-03-28 15:00:00,0,0,0
2015-03-28 16:00:00,0,0,0
2015-03-28 17:00:00,0,0,0
2015-03-28 18:00:00,0,0,0
2015-03-28 19:00:00,0,0,0
2015-03-28 20:00:00,0,0,0
2015-03-28 21:00:00,0,0,0
2015-03-28 22:00:00,0,0,0
2015-03-28 23:00:00,0,0,0
2015-03-29 00:00:00,0,0,0
2015-03-29 01:00:00,0,0,0
2015-03-29 02:00:00,0,0,0
2015-03-29 03:00:00,0,0,0
2015-03-29 04:00:00,0,0,0
2015-03-29 05:00:00,0,0,0
2015-03-29 06:00:00,0,0,0
2015-03-29 07:00:00,0,0,0
2015-03-29 08:00:00,0,0,0
2015-03-29 09:00:00,0,0,0
2015-03-29 10:00:00,0,0,0
2015-03-29 11:00:00,0,0,0
2015-03-29 12:00:00,0,0,0
2015-03-29 13:00:00,0,0,0
2015-03-29 14:00:00,0,0,0
2015-03-29 15:00:00,0,0,0
2015-03-29 16:00:00,0,0,0
2015-03-29 17:00:00,0,0,0
2015-03-29 18:00:00,0,0,0
2015-03-29 19:00:00,0,0,0
2015-03-29 20:00:00,0,0,0
2015-03-29 21:00:00,0,0,0
2015-03-29 22:00:00,0,0,0
2015-03-29 23:00:00,0,0,0
2015-03-30 00:00:00,0,0,0
2015-03-30 01:00:00,0,0,0
2015-03-30 02:00:00,0,0,0
2015-03-30 03:00:00,0,0,0
2015-03-30 04:00:00,0,0,0
2015-03-30 05:00:00,0,0,0
2015-03-30 06:00:00,0,0,0
2015-03-30 07:00:00,0,0,0
2015-03-30 08:00:00,0,0,0
2015-03-30 09:00:00,0,0,0
2015-03-30 10:00:00,0,0,0
2015-03-30 11:00:00,0,0,0
2015-03-30 12:00:00,0,0,0
2015-03-30 13:00:00,0,0,0
2015-03-30 14:00:00,0,0,0
2015-03-30 15:00:00,0,0,0
2015-03-30 16:00:00,0,0,0
2015-03-30 17:00:00,0,0,0
2015-03-30 18:00:00,0,0,0
2015-03-30 19:00:00,0,0,0
2015-03-30 20:00:00,0,0,0
2015-03-30 21:00:00,0,0,0
2015-03-30 22:00:00,0,0,0
2015-03-30 23:00:00,0,0,0
2015-03-31 00:00:00,0,0,0
2015-03-31 01:00:00,0,0,0
2015-03-31 02:00:00,0,0,0
2015-03-31 03:00:00,0,0,0
2015-03-31 04:00:00,0,0,0
2015-03-31 05:00:00,0,0,0
2015-03-31 06:00:00,0,0,0
2015-03-31 07:00:00,0,0,0
2015-03-31 08:00:00,0,0,0
2015-03-31 09:00:00,0,0,0
2015-03-31 10:00:00,0,0,0
2015-03-31 11:00:00,0,0,0
2015-03-31 12:00:00,0,0,0
2015-03-31 13:00:00,0,0,0
2015-03-31 14:00:00,0,0,0
2015-03-31 15:00:00,0,0,0
2015-03-31 16:00:00,0,0,0
2015-03-31 17:00:00,0,0,0
2015-03-31 18:00:00,0,0,0
2015-03-31 19:00:00,0,0,0
2015-03-31 20:00:00,0,0,0
2015-03-31 21:00:00,0,0,0
2015-03-31 22:00:00,0,0,0
2015-03-31 23:00:00,0,0,0
2015-04-01 00:00:00,0,0,0
2015-04-01 01:00:00,0,0,0
2015-04-01 02:00:00,0,0,0
2015-04-01 03:00:00,0,0,0
2015-04-01 04:00:00,0,0,0
2015-04-01 05:00:00,0,0,0
2015-04-01 06:00:00,0,0,0
2015-04-01 07:00:00,0,0,0
2015-04-01 08:00:00,0,0,0
2015-04-01 09:00:00,0,0,0
2015-04-01 10:00:00,0,0,0
2015-04-01 11:00:00,0,0,0
2015-04-01 12:00:00,0,0,0
2015-04-01 13:00:00,0,0,0
2015-04-01 14:00:00,0,0,0
2015-04-01 15:00:00,0,0,0
2015-04-01 16:00:00,0,0,0
2015-04-01 17:00:00,0,0,0
2015-04-01 18:00:00,0,0,0
2015-04-01 19:00:00,0,0,0
2015-04-01 20:00:00,0,0,0
2015-04-01 21:00:00,0,0,0
2015-04-01 22:00:00,0,0,0
2015-04-01 23:00:00,0,0,0
2015-04-02 00:00:00,0,0,0
2015-04-02 01:00:00,0,0,0
2015-04-02 02:00:00,0,0,0
2015-04-02 03:00:00,0,0,0
2015-04-02 04:00:00,0,0,0
2015-04-02 05:00:00,0,0,0
2015-04-02 06:00:00,0,0,0
2015-04-02 07:00:00,0,0,0
2015-04-02 08:00:00,0,0,0
2015-04-02 09:00:00,0,0,0
2015-04-02 10:00:00,0,0,0
2015-04-02 11:00:00,0,0,0
2015-04-02 12:00:00,0,0,0
2015-04-02 13:00:00,23,13,10
2015-04-02 14:00:00,56,25,31
2015-04-02 15:00:00,51,25,26
2015-04-02 16:00:00,123,55,68
2015-04-02 17:00:00,209,67,142
2015-04-02 18:00:00,204,61,143
2015-04-02 19:00:00,128,38,90
2015-04-02 20:00:00,25,11,14
2015-04-02 21:00:00,12,1,11
2015-04-02 22:00:00,9,3,6
2015-04-02 23:00:00,13,12,1
2015-04-03 00:00:00,11,10,1
2015-04-03 01:00:00,3,2,1
2015-04-03 02:00:00,6,4,2
2015-04-03 03:00:00,0,0,0
2015-04-03 04:00:00,0,0,0
2015-04-03 05:00:00,12,8,4
2015-04-03 06:00:00,34,16,18
2015-04-03 07:00:00,84,61,23
2015-04-03 08:00:00,136,114,22
2015-04-03 09:00:00,96,81,15
2015-04-03 10:00:00,21,13,8
2015-04-03 11:00:00,39,25,14
2015-04-03 12:00:00,22,10,12
2015-04-03 13:00:00,21,8,13
2015-04-03 14:00:00,33,8,25
2015-04-03 15:00:00,49,21,28
2015-04-03 16:00:00,83,23,60
2015-04-03 17:00:00,145,39,106
2015-04-03 18:00:00,120,41,79
2015-04-03 19:00:00,44,14,30
2015-04-03 20:00:00,16,5,11
2015-04-03 21:00:00,7,1,6
2015-04-03 22:00:00,7,3,4
2015-04-03 23:00:00,4,1,3
2015-04-04 00:00:00,3,1,2
2015-04-04 01:00:00,2,0,2
2015-04-04 02:00:00,1,0,1
2015-04-04 03:00:00,0,0,0
2015-04-04 04:00:00,0,0,0
2015-04-04 05:00:00,1,1,0
2015-04-04 06:00:00,3,2,1
2015-04-04 07:00:00,28,16,12
2015-04-04 08:00:00,60,32,28
2015-04-04 09:00:00,38,25,13
2015-04-04 10:00:00,84,43,41
2015-04-04 11:00:00,111,56,55
2015-04-04 12:00:00,92,50,42
2015-04-04 13:00:00,125,71,54
2015-04-04 14:00:00,92,32,60
2015-04-04 15:00:00,120,59,61
2015-04-04 16:00:00,121,52,69
2015-04-04 17:00:00,118,55,63
2015-04-04 18:00:00,118,66,52
2015-04-04 19:00:00,71,39,32
2015-04-04 20:00:00,14,8,6
2015-04-04 21:00:00,28,1,27
2015-04-04 22:00:00,16,0,16
2015-04-04 23:00:00,7,1,6
2015-04-05 00:00:00,2,1,1
2015-04-05 01:00:00,1,0,1
2015-04-05 02:00:00,1,0,1
2015-04-05 03:00:00,1,0,1
2015-04-05 04:00:00,0,0,0
2015-04-05 05:00:00,2,1,1
2015-04-05 06:00:00,4,3,1
2015-04-05 07:00:00,8,4,4
2015-04-05 08:00:00,19,9,10
2015-04-05 09:00:00,67,30,37
2015-04-05 10:00:00,71,24,47
2015-04-05 11:00:00,87,39,48
2015-04-05 12:00:00,97,36,61
2015-04-05 13:00:00,139,64,75
2015-04-05 14:00:00,119,58,61
2015-04-05 15:00:00,106,46,60
2015-04-05 16:00:00,123,58,65
2015-04-05 17:00:00,101,54,47
2015-04-05 18:00:00,58,29,29
2015-04-05 19:00:00,46,22,24
2015-04-05 20:00:00,25,12,13
2015-04-05 21:00:00,2,1,1
2015-04-05 22:00:00,3,3,0
2015-04-05 23:00:00,1,0,1
2015-04-06 00:00:00,0,0,0
2015-04-06 01:00:00,1,0,1
2015-04-06 02:00:00,1,0,1
2015-04-06 03:00:00,1,0,1
2015-04-06 04:00:00,0,0,0
2015-04-06 05:00:00,23,18,5
2015-04-06 06:00:00,41,24,17
2015-04-06 07:00:00,109,79,30
2015-04-06 08:00:00,164,127,37
2015-04-06 09:00:00,95,74,21
2015-04-06 10:00:00,22,19,3
2015-04-06 11:00:00,38,23,15
2015-04-06 12:00:00,27,20,7
2015-04-06 13:00:00,59,10,49
2015-04-06 14:00:00,46,27,19
2015-04-06 15:00:00,85,55,30
2015-04-06 16:00:00,160,40,120
2015-04-06 17:00:00,239,49,190
2015-04-06 18:00:00,175,44,131
2015-04-06 19:00:00,79,35,44
2015-04-06 20:00:00,25,8,17
2015-04-06 21:00:00,2,0,2
2015-04-06 22:00:00,5,3,2
2015-04-06 23:00:00,1,0,1
2015-04-07 00:00:00,2,2,0
2015-04-07 01:00:00,2,0,2
2015-04-07 02:00:00,1,0,1
2015-04-07 03:00:00,2,0,2
2015-04-07 04:00:00,1,1,0
2015-04-07 05:00:00,20,14,6
2015-04-07 06:00:00,51,31,20
2015-04-07 07:00:00,132,98,34
2015-04-07 08:00:00,203,159,44
2015-04-07 09:00:00,93,76,17
2015-04-07 10:00:00,19,12,7
2015-04-07 11:00:00,20,9,11
2015-04-07 12:00:00,12,4,8
2015-04-07 13:00:00,23,14,9
2015-04-07 14:00:00,65,22,43
2015-04-07 15:00:00,91,55,36
2015-04-07 16:00:00,91,35,56
2015-04-07 17:00:00,243,74,169
2015-04-07 18:00:00,168,50,118
2015-04-07 19:00:00,83,22,61
2015-04-07 20:00:00,24,9,15
2015-04-07 21:00:00,8,1,7
2015-04-07 22:00:00,13,3,10
2015-04-07 23:00:00,3,0,3
2015-04-08 00:00:00,5,0,5
2015-04-08 01:00:00,3,0,3
2015-04-08 02:00:00,1,1,0
2015-04-08 03:00:00,0,0,0
2015-04-08 04:00:00,0,0,0
2015-04-08 05:00:00,21,18,3
2015-04-08 06:00:00,51,31,20
2015-04-08 07:00:00,114,74,40
2015-04-08 08:00:00,153,123,30
2015-04-08 09:00:00,94,79,15
2015-04-08 10:00:00,36,23,13
2015-04-08 11:00:00,27,18,9
2015-04-08 12:00:00,34,16,18
2015-04-08 13:00:00,57,26,31
2015-04-08 14:00:00,65,32,33
2015-04-08 15:00:00,99,49,50
2015-04-08 16:00:00,160,66,94
2015-04-08 17:00:00,308,112,196
2015-04-08 18:00:00,186,62,124
2015-04-08 19:00:00,91,37,54
2015-04-08 20:00:00,40,21,19
2015-04-08 21:00:00,4,1,3
2015-04-08 22:00:00,19,1,18
2015-04-08 23:00:00,9,2,7
2015-04-09 00:00:00,4,2,2
2015-04-09 01:00:00,0,0,0
2015-04-09 02:00:00,1,0,1
2015-04-09 03:00:00,0,0,0
2015-04-09 04:00:00,0,0,0
2015-04-09 05:00:00,19,14,5
2015-04-09 06:00:00,54,30,24
2015-04-09 07:00:00,145,100,45
2015-04-09 08:00:00,194,158,36
2015-04-09 09:00:00,101,80,21
2015-04-09 10:00:00,39,20,19
2015-04-09 11:00:00,40,21,19
2015-04-09 12:00:00,43,16,27
2015-04-09 13:00:00,62,30,32
2015-04-09 14:00:00,82,46,36
2015-04-09 15:00:00,107,51,56
2015-04-09 16:00:00,166,79,87
2015-04-09 17:00:00,307,88,219
2015-04-09 18:00:00,227,68,159
2015-04-09 19:00:00,128,50,78
2015-04-09 20:00:00,41,20,21
2015-04-09 21:00:00,13,4,9
2015-04-09 22:00:00,7,1,6
2015-04-09 23:00:00,9,0,9
2015-04-10 00:00:00,3,1,2
2015-04-10 01:00:00,1,0,1
2015-04-10 02:00:00,1,0,1
2015-04-10 03:00:00,0,0,0
2015-04-10 04:00:00,1,0,1
2015-04-10 05:00:00,16,13,3
2015-04-10 06:00:00,32,16,16
2015-04-10 07:00:00,111,78,33
2015-04-10 08:00:00,153,123,30
2015-04-10 09:00:00,96,77,19
2015-04-10 10:00:00,38,21,17
2015-04-10 11:00:00,42,15,27
2015-04-10 12:00:00,32,20,12
2015-04-10 13:00:00,42,17,25
2015-04-10 14:00:00,56,24,32
2015-04-10 15:00:00,59,24,35
2015-04-10 16:00:00,91,32,59
2015-04-10 17:00:00,142,30,112
2015-04-10 18:00:00,78,12,66
2015-04-10 19:00:00,18,4,14
2015-04-10 20:00:00,12,3,9
2015-04-10 21:00:00,4,0,4
2015-04-10 22:00:00,3,3,0
2015-04-10 23:00:00,3,1,2
2015-04-11 00:00:00,4,1,3
2015-04-11 01:00:00,2,1,1
2015-04-11 02:00:00,0,0,0
2015-04-11 03:00:00,0,0,0
2015-04-11 04:00:00,0,0,0
2015-04-11 05:00:00,2,2,0
2015-04-11 06:00:00,2,1,1
2015-04-11 07:00:00,20,12,8
2015-04-11 08:00:00,27,11,16
2015-04-11 09:00:00,36,22,14
2015-04-11 10:00:00,51,29,22
2015-04-11 11:00:00,51,28,23
2015-04-11 12:00:00,52,26,26
2015-04-11 13:00:00,73,40,33
2015-04-11 14:00:00,92,55,37
2015-04-11 15:00:00,51,29,22
2015-04-11 16:00:00,31,23,8
2015-04-11 17:00:00,22,9,13
2015-04-11 18:00:00,35,16,19
2015-04-11 19:00:00,28,13,15
2015-04-11 20:00:00,25,8,17
2015-04-11 21:00:00,2,1,1
2015-04-11 22:00:00,2,0,2
2015-04-11 23:00:00,1,0,1
2015-04-12 00:00:00,2,0,2
2015-04-12 01:00:00,0,0,0
2015-04-12 02:00:00,1,1,0
2015-04-12 03:00:00,1,0,1
2015-04-12 04:00:00,0,0,0
2015-04-12 05:00:00,2,1,1
2015-04-12 06:00:00,0,0,0
2015-04-12 07:00:00,13,5,8
2015-04-12 08:00:00,31,17,14
2015-04-12 09:00:00,43,18,25
2015-04-12 10:00:00,48,27,21
2015-04-12 11:00:00,86,39,47
2015-04-12 12:00:00,84,42,42
2015-04-12 13:00:00,110,54,56
2015-04-12 14:00:00,128,56,72
2015-04-12 15:00:00,86,42,44
2015-04-12 16:00:00,81,35,46
2015-04-12 17:00:00,75,36,39
2015-04-12 18:00:00,49,20,29
2015-04-12 19:00:00,19,8,11
2015-04-12 20:00:00,18,10,8
2015-04-12 21:00:00,3,3,0
2015-04-12 22:00:00,7,5,2
2015-04-12 23:00:00,1,1,0
2015-04-13 00:00:00,0,0,0
2015-04-13 01:00:00,0,0,0
2015-04-13 02:00:00,2,1,1
2015-04-13 03:00:00,1,0,1
2015-04-13 04:00:00,1,1,0
2015-04-13 05:00:00,15,11,4
2015-04-13 06:00:00,37,22,15
2015-04-13 07:00:00,106,78,28
2015-04-13 08:00:00,129,98,31
2015-04-13 09:00:00,75,52,23
2015-04-13 10:00:00,31,19,12
2015-04-13 11:00:00,18,6,12
2015-04-13 12:00:00,14,4,10
2015-04-13 13:00:00,12,1,11
2015-04-13 14:00:00,16,9,7
2015-04-13 15:00:00,34,18,16
2015-04-13 16:00:00,66,24,42
2015-04-13 17:00:00,132,30,102
2015-04-13 18:00:00,65,10,55
2015-04-13 19:00:00,32,3,29
2015-04-13 20:00:00,4,1,3
2015-04-13 21:00:00,1,0,1
2015-04-13 22:00:00,2,0,2
2015-04-13 23:00:00,2,0,2
2015-04-14 00:00:00,1,0,1
2015-04-14 01:00:00,1,0,1
2015-04-14 02:00:00,0,0,0
2015-04-14 03:00:00,0,0,0
2015-04-14 04:00:00,1,1,0
2015-04-14 05:00:00,13,8,5
2015-04-14 06:00:00,32,21,11
2015-04-14 07:00:00,86,49,37
2015-04-14 08:00:00,141,99,42
2015-04-14 09:00:00,89,66,23
2015-04-14 10:00:00,22,13,9
2015-04-14 11:00:00,22,13,9
2015-04-14 12:00:00,33,13,20
2015-04-14 13:00:00,24,5,19
2015-04-14 14:00:00,49,30,19
2015-04-14 15:00:00,34,14,20
2015-04-14 16:00:00,68,28,40
2015-04-14 17:00:00,125,33,92
2015-04-14 18:00:00,106,19,87
2015-04-14 19:00:00,44,16,28
2015-04-14 20:00:00,21,6,15
2015-04-14 21:00:00,1,1,0
2015-04-14 22:00:00,6,1,5
2015-04-14 23:00:00,2,1,1
2015-04-15 00:00:00,1,0,1
2015-04-15 01:00:00,0,0,0
2015-04-15 02:00:00,1,0,1
2015-04-15 03:00:00,0,0,0
2015-04-15 04:00:00,1,1,0
2015-04-15 05:00:00,16,11,5
2015-04-15 06:00:00,45,24,21
2015-04-15 07:00:00,117,69,48
2015-04-15 08:00:00,203,158,45
2015-04-15 09:00:00,92,61,31
2015-04-15 10:00:00,35,15,20
2015-04-15 11:00:00,41,19,22
2015-04-15 12:00:00,30,13,17
2015-04-15 13:00:00,38,21,17
2015-04-15 14:00:00,53,32,21
2015-04-15 15:00:00,85,40,45
2015-04-15 16:00:00,141,63,78
2015-04-15 17:00:00,268,78,190
2015-04-15 18:00:00,184,62,122
2015-04-15 19:00:00,130,62,68
2015-04-15 20:00:00,38,19,19
2015-04-15 21:00:00,11,2,9
2015-04-15 22:00:00,12,3,9
2015-04-15 23:00:00,5,3,2
2015-04-16 00:00:00,1,0,1
2015-04-16 01:00:00,1,1,0
2015-04-16 02:00:00,0,0,0
2015-04-16 03:00:00,0,0,0
2015-04-16 04:00:00,1,0,1
2015-04-16 05:00:00,13,10,3
2015-04-16 06:00:00,51,31,20
2015-04-16 07:00:00,124,86,38
2015-04-16 08:00:00,215,170,45
2015-04-16 09:00:00,104,72,32
2015-04-16 10:00:00,56,29,27
2015-04-16 11:00:00,36,19,17
2015-04-16 12:00:00,63,35,28
2015-04-16 13:00:00,53,29,24
2015-04-16 14:00:00,60,35,25
2015-04-16 15:00:00,99,50,49
2015-04-16 16:00:00,161,72,89
2015-04-16 17:00:00,253,78,175
2015-04-16 18:00:00,233,72,161
2015-04-16 19:00:00,131,58,73
2015-04-16 20:00:00,47,24,23
2015-04-16 21:00:00,10,5,5
2015-04-16 22:00:00,6,2,4
2015-04-16 23:00:00,7,2,5
2015-04-17 00:00:00,3,1,2
2015-04-17 01:00:00,1,1,0
2015-04-17 02:00:00,2,0,2
2015-04-17 03:00:00,1,0,1
2015-04-17 04:00:00,0,0,0
2015-04-17 05:00:00,16,12,4
2015-04-17 06:00:00,36,17,19
2015-04-17 07:00:00,144,111,33
2015-04-17 08:00:00,151,119,32
2015-04-17 09:00:00,87,69,18
2015-04-17 10:00:00,46,27,19
2015-04-17 11:00:00,56,25,31
2015-04-17 12:00:00,53,29,24
2015-04-17 13:00:00,76,35,41
2015-04-17 14:00:00,83,44,39
2015-04-17 15:00:00,114,50,64
2015-04-17 16:00:00,161,62,99
2015-04-17 17:00:00,287,101,186
2015-04-17 18:00:00,154,43,111
2015-04-17 19:00:00,75,33,42
2015-04-17 20:00:00,32,18,14
2015-04-17 21:00:00,21,7,14
2015-04-17 22:00:00,9,4,5
2015-04-17 23:00:00,13,1,12
2015-04-18 00:00:00,1,0,1
2015-04-18 01:00:00,3,0,3
2015-04-18 02:00:00,1,0,1
2015-04-18 03:00:00,1,0,1
2015-04-18 04:00:00,0,0,0
2015-04-18 05:00:00,1,1,0
2015-04-18 06:00:00,5,3,2
2015-04-18 07:00:00,23,18,5
2015-04-18 08:00:00,22,12,10
2015-04-18 09:00:00,82,40,42
2015-04-18 10:00:00,83,41,42
2015-04-18 11:00:00,154,73,81
2015-04-18 12:00:00,161,74,87
2015-04-18 13:00:00,154,82,72
2015-04-18 14:00:00,192,68,124
2015-04-18 15:00:00,224,113,111
2015-04-18 16:00:00,160,93,67
2015-04-18 17:00:00,142,71,71
2015-04-18 18:00:00,104,49,55
2015-04-18 19:00:00,86,35,51
2015-04-18 20:00:00,45,21,24
2015-04-18 21:00:00,11,2,9
2015-04-18 22:00:00,24,6,18
2015-04-18 23:00:00,7,2,5
2015-04-19 00:00:00,6,0,6
2015-04-19 01:00:00,3,1,2
2015-04-19 02:00:00,4,0,4
2015-04-19 03:00:00,2,0,2
2015-04-19 04:00:00,1,1,0
2015-04-19 05:00:00,1,1,0
2015-04-19 06:00:00,4,3,1
2015-04-19 07:00:00,16,8,8
2015-04-19 08:00:00,29,17,12
2015-04-19 09:00:00,87,41,46
2015-04-19 10:00:00,113,53,60
2015-04-19 11:00:00,133,62,71
2015-04-19 12:00:00,166,80,86
2015-04-19 13:00:00,180,101,79
2015-04-19 14:00:00,191,102,89
2015-04-19 15:00:00,223,84,139
2015-04-19 16:00:00,172,92,80
2015-04-19 17:00:00,147,63,84
2015-04-19 18:00:00,102,50,52
2015-04-19 19:00:00,58,35,23
2015-04-19 20:00:00,39,23,16
2015-04-19 21:00:00,2,1,1
2015-04-19 22:00:00,5,0,5
2015-04-19 23:00:00,3,1,2
2015-04-20 00:00:00,2,2,0
2015-04-20 01:00:00,4,0,4
2015-04-20 02:00:00,4,0,4
2015-04-20 03:00:00,4,1,3
2015-04-20 04:00:00,1,1,0
2015-04-20 05:00:00,11,8,3
2015-04-20 06:00:00,49,27,22
2015-04-20 07:00:00,142,104,38
2015-04-20 08:00:00,227,186,41
2015-04-20 09:00:00,127,93,34
2015-04-20 10:00:00,66,41,25
2015-04-20 11:00:00,46,26,20
2015-04-20 12:00:00,70,29,41
2015-04-20 13:00:00,70,35,35
2015-04-20 14:00:00,96,45,51
2015-04-20 15:00:00,117,58,59
2015-04-20 16:00:00,217,84,133
2015-04-20 17:00:00,373,113,260
2015-04-20 18:00:00,288,77,211
2015-04-20 19:00:00,171,63,108
2015-04-20 20:00:00,67,40,27
2015-04-20 21:00:00,7,5,2
2015-04-20 22:00:00,22,6,16
2015-04-20 23:00:00,4,0,4
2015-04-21 00:00:00,2,0,2
2015-04-21 01:00:00,1,0,1
2015-04-21 02:00:00,0,0,0
2015-04-21 03:00:00,4,2,2
2015-04-21 04:00:00,1,1,0
2015-04-21 05:00:00,21,13,8
2015-04-21 06:00:00,53,33,20
2015-04-21 07:00:00,130,102,28
2015-04-21 08:00:00,208,161,47
2015-04-21 09:00:00,123,95,28
2015-04-21 10:00:00,42,24,18
2015-04-21 11:00:00,65,21,44
2015-04-21 12:00:00,40,23,17
2015-04-21 13:00:00,35,18,17
2015-04-21 14:00:00,50,31,19
2015-04-21 15:00:00,80,32,48
2015-04-21 16:00:00,129,62,67
2015-04-21 17:00:00,205,34,171
2015-04-21 18:00:00,143,20,123
2015-04-21 19:00:00,46,12,34
2015-04-21 20:00:00,10,2,8
2015-04-21 21:00:00,3,0,3
2015-04-21 22:00:00,8,1,7
2015-04-21 23:00:00,3,1,2
2015-04-22 00:00:00,0,0,0
2015-04-22 01:00:00,2,1,1
2015-04-22 02:00:00,0,0,0
2015-04-22 03:00:00,1,0,1
2015-04-22 04:00:00,1,1,0
2015-04-22 05:00:00,15,9,6
2015-04-22 06:00:00,37,25,12
2015-04-22 07:00:00,108,72,36
2015-04-22 08:00:00,170,128,42
2015-04-22 09:00:00,97,69,28
2015-04-22 10:00:00,35,22,13
2015-04-22 11:00:00,18,10,8
2015-04-22 12:00:00,51,24,27
2015-04-22 13:00:00,34,17,17
2015-04-22 14:00:00,46,21,25
2015-04-22 15:00:00,82,39,43
2015-04-22 16:00:00,132,59,73
2015-04-22 17:00:00,253,82,171
2015-04-22 18:00:00,188,68,120
2015-04-22 19:00:00,86,30,56
2015-04-22 20:00:00,24,11,13
2015-04-22 21:00:00,10,3,7
2015-04-22 22:00:00,14,2,12
2015-04-22 23:00:00,2,0,2
2015-04-23 00:00:00,1,1,0
2015-04-23 01:00:00,1,0,1
2015-04-23 02:00:00,0,0,0
2015-04-23 03:00:00,1,0,1
2015-04-23 04:00:00,0,0,0
2015-04-23 05:00:00,12,9,3
2015-04-23 06:00:00,32,18,14
2015-04-23 07:00:00,102,68,34
2015-04-23 08:00:00,158,119,39
2015-04-23 09:00:00,82,64,18
2015-04-23 10:00:00,26,23,3
2015-04-23 11:00:00,25,13,12
2015-04-23 12:00:00,15,5,10
2015-04-23 13:00:00,9,6,3
2015-04-23 14:00:00,20,11,9
2015-04-23 15:00:00,23,9,14
2015-04-23 16:00:00,71,28,43
2015-04-23 17:00:00,145,29,116
2015-04-23 18:00:00,108,14,94
2015-04-23 19:00:00,47,11,36
2015-04-23 20:00:00,16,3,13
2015-04-23 21:00:00,9,5,4
2015-04-23 22:00:00,9,1,8
2015-04-23 23:00:00,1,0,1
2015-04-24 00:00:00,1,0,1
2015-04-24 01:00:00,1,1,0
2015-04-24 02:00:00,0,0,0
2015-04-24 03:00:00,1,0,1
2015-04-24 04:00:00,0,0,0
2015-04-24 05:00:00,13,10,3
2015-04-24 06:00:00,31,21,10
2015-04-24 07:00:00,72,45,27
2015-04-24 08:00:00,129,98,31
2015-04-24 09:00:00,68,49,19
2015-04-24 10:00:00,21,12,9
2015-04-24 11:00:00,15,11,4
2015-04-24 12:00:00,23,11,12
2015-04-24 13:00:00,24,11,13
2015-04-24 14:00:00,34,13,21
2015-04-24 15:00:00,53,24,29
2015-04-24 16:00:00,84,34,50
2015-04-24 17:00:00,119,26,93
2015-04-24 18:00:00,95,26,69
2015-04-24 19:00:00,43,16,27
2015-04-24 20:00:00,17,8,9
2015-04-24 21:00:00,12,5,7
2015-04-24 22:00:00,4,0,4
2015-04-24 23:00:00,0,0,0
2015-04-25 00:00:00,1,0,1
2015-04-25 01:00:00,1,0,1
2015-04-25 02:00:00,5,0,5
2015-04-25 03:00:00,0,0,0
2015-04-25 04:00:00,0,0,0
2015-04-25 05:00:00,2,1,1
2015-04-25 06:00:00,3,3,0
2015-04-25 07:00:00,22,15,7
2015-04-25 08:00:00,43,26,17
2015-04-25 09:00:00,30,16,14
2015-04-25 10:00:00,73,34,39
2015-04-25 11:00:00,114,57,57
2015-04-25 12:00:00,98,63,35
2015-04-25 13:00:00,96,50,46
2015-04-25 14:00:00,103,51,52
2015-04-25 15:00:00,94,35,59
2015-04-25 16:00:00,81,37,44
2015-04-25 17:00:00,65,32,33
2015-04-25 18:00:00,54,21,33
2015-04-25 19:00:00,40,19,21
2015-04-25 20:00:00,53,29,24
2015-04-25 21:00:00,6,1,5
2015-04-25 22:00:00,11,3,8
2015-04-25 23:00:00,5,2,3
2015-04-26 00:00:00,0,0,0
2015-04-26 01:00:00,6,1,5
2015-04-26 02:00:00,2,2,0
2015-04-26 03:00:00,2,0,2
2015-04-26 04:00:00,0,0,0
2015-04-26 05:00:00,2,2,0
2015-04-26 06:00:00,6,5,1
2015-04-26 07:00:00,16,8,8
2015-04-26 08:00:00,27,11,16
2015-04-26 09:00:00,39,18,21
2015-04-26 10:00:00,56,34,22
2015-04-26 11:00:00,92,53,39
2015-04-26 12:00:00,115,62,53
2015-04-26 13:00:00,136,57,79
2015-04-26 14:00:00,135,47,88
2015-04-26 15:00:00,144,80,64
2015-04-26 16:00:00,113,57,56
2015-04-26 17:00:00,142,68,74
2015-04-26 18:00:00,59,25,34
2015-04-26 19:00:00,17,8,9
2015-04-26 20:00:00,20,4,16
2015-04-26 21:00:00,15,1,14
2015-04-26 22:00:00,8,3,5
2015-04-26 23:00:00,3,1,2
2015-04-27 00:00:00,4,2,2
2015-04-27 01:00:00,0,0,0
2015-04-27 02:00:00,2,0,2
2015-04-27 03:00:00,2,1,1
2015-04-27 04:00:00,1,1,0
2015-04-27 05:00:00,15,11,4
2015-04-27 06:00:00,59,39,20
2015-04-27 07:00:00,117,83,34
2015-04-27 08:00:00,215,182,33
2015-04-27 09:00:00,109,82,27
2015-04-27 10:00:00,43,24,19
2015-04-27 11:00:00,39,20,19
2015-04-27 12:00:00,50,25,25
2015-04-27 13:00:00,79,39,40
2015-04-27 14:00:00,94,45,49
2015-04-27 15:00:00,123,62,61
2015-04-27 16:00:00,195,84,111
2015-04-27 17:00:00,377,118,259
2015-04-27 18:00:00,274,84,190
2015-04-27 19:00:00,173,69,104
2015-04-27 20:00:00,102,50,52
2015-04-27 21:00:00,12,7,5
2015-04-27 22:00:00,12,3,9
2015-04-27 23:00:00,4,1,3
2015-04-28 00:00:00,4,0,4
2015-04-28 01:00:00,0,0,0
2015-04-28 02:00:00,2,0,2
2015-04-28 03:00:00,1,0,1
2015-04-28 04:00:00,0,0,0
2015-04-28 05:00:00,24,15,9
2015-04-28 06:00:00,43,26,17
2015-04-28 07:00:00,115,68,47
2015-04-28 08:00:00,163,127,36
2015-04-28 09:00:00,97,68,29
2015-04-28 10:00:00,37,26,11
2015-04-28 11:00:00,22,11,11
2015-04-28 12:00:00,21,6,15
2015-04-28 13:00:00,13,10,3
2015-04-28 14:00:00,28,12,16
2015-04-28 15:00:00,44,22,22
2015-04-28 16:00:00,85,32,53
2015-04-28 17:00:00,156,37,119
2015-04-28 18:00:00,117,25,92
2015-04-28 19:00:00,45,18,27
2015-04-28 20:00:00,13,8,5
2015-04-28 21:00:00,2,1,1
2015-04-28 22:00:00,4,2,2
2015-04-28 23:00:00,1,0,1
2015-04-29 00:00:00,0,0,0
2015-04-29 01:00:00,0,0,0
2015-04-29 02:00:00,0,0,0
2015-04-29 03:00:00,0,0,0
2015-04-29 04:00:00,1,0,1
2015-04-29 05:00:00,20,13,7
2015-04-29 06:00:00,38,23,15
2015-04-29 07:00:00,125,89,36
2015-04-29 08:00:00,176,134,42
2015-04-29 09:00:00,93,74,19
2015-04-29 10:00:00,34,21,13
2015-04-29 11:00:00,26,17,9
2015-04-29 12:00:00,39,17,22
2015-04-29 13:00:00,41,24,17
2015-04-29 14:00:00,49,19,30
2015-04-29 15:00:00,58,24,34
2015-04-29 16:00:00,125,51,74
2015-04-29 17:00:00,263,74,189
2015-04-29 18:00:00,218,61,157
2015-04-29 19:00:00,118,40,78
2015-04-29 20:00:00,70,31,39
2015-04-29 21:00:00,13,4,9
2015-04-29 22:00:00,6,0,6
2015-04-29 23:00:00,3,3,0
2015-04-30 00:00:00,4,1,3
2015-04-30 01:00:00,0,0,0
2015-04-30 02:00:00,0,0,0
2015-04-30 03:00:00,0,0,0
2015-04-30 04:00:00,0,0,0
2015-04-30 05:00:00,24,17,7
2015-04-30 06:00:00,38,23,15
2015-04-30 07:00:00,144,105,39
2015-04-30 08:00:00,179,147,32
2015-04-30 09:00:00,93,77,16
2015-04-30 10:00:00,50,32,18
2015-04-30 11:00:00,40,19,21
2015-04-30 12:00:00,31,11,20
2015-04-30 13:00:00,45,22,23
2015-04-30 14:00:00,65,35,30
2015-04-30 15:00:00,76,34,42
2015-04-30 16:00:00,122,46,76
2015-04-30 17:00:00,268,69,199
2015-04-30 18:00:00,187,53,134
2015-04-30 19:00:00,87,37,50
2015-04-30 20:00:00,40,15,25
2015-04-30 21:00:00,3,0,3
2015-04-30 22:00:00,12,0,12
2015-04-30 23:00:00,6,3,3
2015-05-01 00:00:00,4,1,3
2015-05-01 01:00:00,2,0,2
2015-05-01 02:00:00,0,0,0
2015-05-01 03:00:00,4,1,3
2015-05-01 04:00:00,0,0,0
2015-05-01 05:00:00,20,14,6
2015-05-01 06:00:00,72,45,27
2015-05-01 07:00:00,156,117,39
2015-05-01 08:00:00,246,197,49
2015-05-01 09:00:00,128,100,28
2015-05-01 10:00:00,49,34,15
2015-05-01 11:00:00,44,14,30
2015-05-01 12:00:00,48,22,26
2015-05-01 13:00:00,55,28,27
2015-05-01 14:00:00,96,40,56
2015-05-01 15:00:00,156,61,95
2015-05-01 16:00:00,248,82,166
2015-05-01 17:00:00,285,58,227
2015-05-01 18:00:00,190,42,148
2015-05-01 19:00:00,87,24,63
2015-05-01 20:00:00,47,22,25
2015-05-01 21:00:00,13,5,8
2015-05-01 22:00:00,24,2,22
2015-05-01 23:00:00,7,6,1
2015-05-02 00:00:00,4,2,2
2015-05-02 01:00:00,8,4,4
2015-05-02 02:00:00,1,0,1
2015-05-02 03:00:00,1,0,1
2015-05-02 04:00:00,0,0,0
2015-05-02 05:00:00,3,1,2
2015-05-02 06:00:00,15,7,8
2015-05-02 07:00:00,17,11,6
2015-05-02 08:00:00,54,27,27
2015-05-02 09:00:00,91,38,53
2015-05-02 10:00:00,96,66,30
2015-05-02 11:00:00,134,86,48
2015-05-02 12:00:00,118,55,63
2015-05-02 13:00:00,162,82,80
2015-05-02 14:00:00,151,71,80
2015-05-02 15:00:00,186,83,103
2015-05-02 16:00:00,149,73,76
2015-05-02 17:00:00,163,84,79
2015-05-02 18:00:00,86,56,30
2015-05-02 19:00:00,43,20,23
2015-05-02 20:00:00,36,21,15
2015-05-02 21:00:00,12,0,12
2015-05-02 22:00:00,12,2,10
2015-05-02 23:00:00,9,2,7
2015-05-03 00:00:00,10,0,10
2015-05-03 01:00:00,0,0,0
2015-05-03 02:00:00,2,0,2
2015-05-03 03:00:00,0,0,0
2015-05-03 04:00:00,0,0,0
2015-05-03 05:00:00,3,2,1
2015-05-03 06:00:00,10,5,5
2015-05-03 07:00:00,15,3,12
2015-05-03 08:00:00,41,18,23
2015-05-03 09:00:00,74,37,37
2015-05-03 10:00:00,126,62,64
2015-05-03 11:00:00,171,103,68
2015-05-03 12:00:00,123,72,51
2015-05-03 13:00:00,196,77,119
2015-05-03 14:00:00,196,93,103
2015-05-03 15:00:00,237,111,126
2015-05-03 16:00:00,195,83,112
2015-05-03 17:00:00,171,90,81
2015-05-03 18:00:00,106,55,51
2015-05-03 19:00:00,105,42,63
2015-05-03 20:00:00,39,21,18
2015-05-03 21:00:00,12,7,5
2015-05-03 22:00:00,10,6,4
2015-05-03 23:00:00,3,2,1
2015-05-04 00:00:00,0,0,0
2015-05-04 01:00:00,4,0,4
2015-05-04 02:00:00,1,1,0
2015-05-04 03:00:00,2,1,1
2015-05-04 04:00:00,0,0,0
2015-05-04 05:00:00,17,12,5
2015-05-04 06:00:00,70,38,32
2015-05-04 07:00:00,178,133,45
2015-05-04 08:00:00,256,212,44
2015-05-04 09:00:00,141,110,31
2015-05-04 10:00:00,61,44,17
2015-05-04 11:00:00,43,23,20
2015-05-04 12:00:00,46,24,22
2015-05-04 13:00:00,60,25,35
2015-05-04 14:00:00,44,28,16
2015-05-04 15:00:00,74,23,51
2015-05-04 16:00:00,178,70,108
2015-05-04 17:00:00,383,101,282
2015-05-04 18:00:00,269,59,210
2015-05-04 19:00:00,101,30,71
2015-05-04 20:00:00,48,21,27
2015-05-04 21:00:00,9,1,8
2015-05-04 22:00:00,7,2,5
2015-05-04 23:00:00,3,1,2
2015-05-05 00:00:00,0,0,0
2015-05-05 01:00:00,0,0,0
2015-05-05 02:00:00,0,0,0
2015-05-05 03:00:00,1,0,1
2015-05-05 04:00:00,2,0,2
2015-05-05 05:00:00,22,16,6
2015-05-05 06:00:00,38,20,18
2015-05-05 07:00:00,97,70,27
2015-05-05 08:00:00,179,144,35
2015-05-05 09:00:00,88,68,20
2015-05-05 10:00:00,30,23,7
2015-05-05 11:00:00,21,10,11
2015-05-05 12:00:00,14,7,7
2015-05-05 13:00:00,20,12,8
2015-05-05 14:00:00,23,8,15
2015-05-05 15:00:00,33,9,24
2015-05-05 16:00:00,83,34,49
2015-05-05 17:00:00,159,31,128
2015-05-05 18:00:00,117,18,99
2015-05-05 19:00:00,41,8,33
2015-05-05 20:00:00,15,4,11
2015-05-05 21:00:00,9,3,6
2015-05-05 22:00:00,5,2,3
2015-05-05 23:00:00,0,0,0
2015-05-06 00:00:00,0,0,0
2015-05-06 01:00:00,1,0,1
2015-05-06 02:00:00,0,0,0
2015-05-06 03:00:00,1,0,1
2015-05-06 04:00:00,1,1,0
2015-05-06 05:00:00,18,12,6
2015-05-06 06:00:00,48,30,18
2015-05-06 07:00:00,144,105,39
2015-05-06 08:00:00,250,210,40
2015-05-06 09:00:00,131,99,32
2015-05-06 10:00:00,36,22,14
2015-05-06 11:00:00,26,11,15
2015-05-06 12:00:00,15,6,9
2015-05-06 13:00:00,45,19,26
2015-05-06 14:00:00,50,24,26
2015-05-06 15:00:00,58,28,30
2015-05-06 16:00:00,154,60,94
2015-05-06 17:00:00,283,65,218
2015-05-06 18:00:00,240,73,167
2015-05-06 19:00:00,94,28,66
2015-05-06 20:00:00,69,26,43
2015-05-06 21:00:00,8,4,4
2015-05-06 22:00:00,10,7,3
2015-05-06 23:00:00,5,2,3
2015-05-07 00:00:00,0,0,0
2015-05-07 01:00:00,2,0,2
2015-05-07 02:00:00,2,0,2
2015-05-07 03:00:00,0,0,0
2015-05-07 04:00:00,3,0,3
2015-05-07 05:00:00,19,13,6
2015-05-07 06:00:00,67,39,28
2015-05-07 07:00:00,171,118,53
2015-05-07 08:00:00,268,221,47
2015-05-07 09:00:00,154,115,39
2015-05-07 10:00:00,75,40,35
2015-05-07 11:00:00,58,33,25
2015-05-07 12:00:00,72,32,40
2015-05-07 13:00:00,72,32,40
2015-05-07 14:00:00,84,39,45
2015-05-07 15:00:00,93,45,48
2015-05-07 16:00:00,181,75,106
2015-05-07 17:00:00,354,106,248
2015-05-07 18:00:00,288,76,212
2015-05-07 19:00:00,159,61,98
2015-05-07 20:00:00,77,34,43
2015-05-07 21:00:00,22,4,18
2015-05-07 22:00:00,16,6,10
2015-05-07 23:00:00,6,2,4
2015-05-08 00:00:00,6,3,3
2015-05-08 01:00:00,13,2,11
2015-05-08 02:00:00,2,0,2
2015-05-08 03:00:00,3,1,2
2015-05-08 04:00:00,0,0,0
2015-05-08 05:00:00,19,15,4
2015-05-08 06:00:00,68,41,27
2015-05-08 07:00:00,168,112,56
2015-05-08 08:00:00,282,226,56
2015-05-08 09:00:00,138,104,34
2015-05-08 10:00:00,50,30,20
2015-05-08 11:00:00,49,24,25
2015-05-08 12:00:00,59,26,33
2015-05-08 13:00:00,73,36,37
2015-05-08 14:00:00,81,36,45
2015-05-08 15:00:00,116,45,71
2015-05-08 16:00:00,246,80,166
2015-05-08 17:00:00,340,82,258
2015-05-08 18:00:00,207,61,146
2015-05-08 19:00:00,120,51,69
2015-05-08 20:00:00,69,34,35
2015-05-08 21:00:00,17,5,12
2015-05-08 22:00:00,15,7,8
2015-05-08 23:00:00,16,1,15
2015-05-09 00:00:00,3,1,2
2015-05-09 01:00:00,10,2,8
2015-05-09 02:00:00,0,0,0
2015-05-09 03:00:00,3,0,3
2015-05-09 04:00:00,0,0,0
2015-05-09 05:00:00,12,8,4
2015-05-09 06:00:00,18,10,8
2015-05-09 07:00:00,37,20,17
2015-05-09 08:00:00,58,35,23
2015-05-09 09:00:00,79,43,36
2015-05-09 10:00:00,137,63,74
2015-05-09 11:00:00,134,67,67
2015-05-09 12:00:00,144,68,76
2015-05-09 13:00:00,193,111,82
2015-05-09 14:00:00,185,85,100
2015-05-09 15:00:00,209,94,115
2015-05-09 16:00:00,166,76,90
2015-05-09 17:00:00,142,62,80
2015-05-09 18:00:00,131,58,73
2015-05-09 19:00:00,83,40,43
2015-05-09 20:00:00,63,41,22
2015-05-09 21:00:00,16,5,11
2015-05-09 22:00:00,13,5,8
2015-05-09 23:00:00,9,2,7
2015-05-10 00:00:00,4,3,1
2015-05-10 01:00:00,6,4,2
2015-05-10 02:00:00,3,1,2
2015-05-10 03:00:00,2,0,2
2015-05-10 04:00:00,0,0,0
2015-05-10 05:00:00,3,3,0
2015-05-10 06:00:00,7,3,4
2015-05-10 07:00:00,9,4,5
2015-05-10 08:00:00,37,15,22
2015-05-10 09:00:00,58,33,25
2015-05-10 10:00:00,88,47,41
2015-05-10 11:00:00,124,76,48
2015-05-10 12:00:00,144,69,75
2015-05-10 13:00:00,173,85,88
2015-05-10 14:00:00,153,87,66
2015-05-10 15:00:00,172,80,92
2015-05-10 16:00:00,166,62,104
2015-05-10 17:00:00,106,40,66
2015-05-10 18:00:00,96,42,54
2015-05-10 19:00:00,35,19,16
2015-05-10 20:00:00,42,26,16
2015-05-10 21:00:00,6,4,2
2015-05-10 22:00:00,2,0,2
2015-05-10 23:00:00,6,1,5
2015-05-11 00:00:00,2,2,0
2015-05-11 01:00:00,0,0,0
2015-05-11 02:00:00,0,0,0
2015-05-11 03:00:00,1,0,1
2015-05-11 04:00:00,1,0,1
2015-05-11 05:00:00,16,13,3
2015-05-11 06:00:00,56,33,23
2015-05-11 07:00:00,152,112,40
2015-05-11 08:00:00,241,200,41
2015-05-11 09:00:00,126,96,30
2015-05-11 10:00:00,41,29,12
2015-05-11 11:00:00,28,16,12
2015-05-11 12:00:00,12,8,4
2015-05-11 13:00:00,27,11,16
2015-05-11 14:00:00,49,21,28
2015-05-11 15:00:00,51,26,25
2015-05-11 16:00:00,103,37,66
2015-05-11 17:00:00,313,48,265
2015-05-11 18:00:00,245,67,178
2015-05-11 19:00:00,96,31,65
2015-05-11 20:00:00,43,20,23
2015-05-11 21:00:00,9,0,9
2015-05-11 22:00:00,6,2,4
2015-05-11 23:00:00,7,1,6
2015-05-12 00:00:00,1,0,1
2015-05-12 01:00:00,2,1,1
2015-05-12 02:00:00,0,0,0
2015-05-12 03:00:00,0,0,0
2015-05-12 04:00:00,2,0,2
2015-05-12 05:00:00,20,14,6
2015-05-12 06:00:00,50,35,15
2015-05-12 07:00:00,167,122,45
2015-05-12 08:00:00,238,200,38
2015-05-12 09:00:00,111,88,23
2015-05-12 10:00:00,36,23,13
2015-05-12 11:00:00,36,20,16
2015-05-12 12:00:00,28,17,11
2015-05-12 13:00:00,59,33,26
2015-05-12 14:00:00,28,20,8
2015-05-12 15:00:00,36,11,25
2015-05-12 16:00:00,93,28,65
2015-05-12 17:00:00,275,50,225
2015-05-12 18:00:00,186,37,149
2015-05-12 19:00:00,87,25,62
2015-05-12 20:00:00,32,10,22
2015-05-12 21:00:00,16,8,8
2015-05-12 22:00:00,11,9,2
2015-05-12 23:00:00,4,0,4
2015-05-13 00:00:00,3,1,2
2015-05-13 01:00:00,0,0,0
2015-05-13 02:00:00,2,0,2
2015-05-13 03:00:00,1,0,1
2015-05-13 04:00:00,0,0,0
2015-05-13 05:00:00,20,14,6
2015-05-13 06:00:00,54,31,23
2015-05-13 07:00:00,110,75,35
2015-05-13 08:00:00,162,126,36
2015-05-13 09:00:00,100,69,31
2015-05-13 10:00:00,21,12,9
2015-05-13 11:00:00,18,12,6
2015-05-13 12:00:00,17,10,7
2015-05-13 13:00:00,16,10,6
2015-05-13 14:00:00,15,9,6
2015-05-13 15:00:00,25,12,13
2015-05-13 16:00:00,57,22,35
2015-05-13 17:00:00,174,38,136
2015-05-13 18:00:00,109,20,89
2015-05-13 19:00:00,37,9,28
2015-05-13 20:00:00,26,5,21
2015-05-13 21:00:00,11,1,10
2015-05-13 22:00:00,4,0,4
2015-05-13 23:00:00,5,0,5
2015-05-14 00:00:00,2,1,1
2015-05-14 01:00:00,0,0,0
2015-05-14 02:00:00,0,0,0
2015-05-14 03:00:00,1,0,1
2015-05-14 04:00:00,1,0,1
2015-05-14 05:00:00,15,11,4
2015-05-14 06:00:00,58,38,20
2015-05-14 07:00:00,121,90,31
2015-05-14 08:00:00,201,156,45
2015-05-14 09:00:00,120,95,25
2015-05-14 10:00:00,36,24,12
2015-05-14 11:00:00,33,18,15
2015-05-14 12:00:00,35,18,17
2015-05-14 13:00:00,30,13,17
2015-05-14 14:00:00,57,27,30
2015-05-14 15:00:00,70,30,40
2015-05-14 16:00:00,150,54,96
2015-05-14 17:00:00,272,70,202
2015-05-14 18:00:00,222,72,150
2015-05-14 19:00:00,149,53,96
2015-05-14 20:00:00,77,38,39
2015-05-14 21:00:00,13,4,9
2015-05-14 22:00:00,12,5,7
2015-05-14 23:00:00,5,2,3
2015-05-15 00:00:00,7,3,4
2015-05-15 01:00:00,2,1,1
2015-05-15 02:00:00,1,0,1
2015-05-15 03:00:00,1,0,1
2015-05-15 04:00:00,0,0,0
2015-05-15 05:00:00,17,15,2
2015-05-15 06:00:00,77,51,26
2015-05-15 07:00:00,192,147,45
2015-05-15 08:00:00,307,242,65
2015-05-15 09:00:00,156,95,61
2015-05-15 10:00:00,59,29,30
2015-05-15 11:00:00,54,20,34
2015-05-15 12:00:00,50,28,22
2015-05-15 13:00:00,88,37,51
2015-05-15 14:00:00,86,43,43
2015-05-15 15:00:00,148,50,98
2015-05-15 16:00:00,246,76,170
2015-05-15 17:00:00,327,82,245
2015-05-15 18:00:00,230,73,157
2015-05-15 19:00:00,94,28,66
2015-05-15 20:00:00,65,24,41
2015-05-15 21:00:00,14,5,9
2015-05-15 22:00:00,24,8,16
2015-05-15 23:00:00,7,2,5
2015-05-16 00:00:00,4,3,1
2015-05-16 01:00:00,3,0,3
2015-05-16 02:00:00,2,0,2
2015-05-16 03:00:00,2,0,2
2015-05-16 04:00:00,0,0,0
2015-05-16 05:00:00,1,1,0
2015-05-16 06:00:00,9,7,2
2015-05-16 07:00:00,29,15,14
2015-05-16 08:00:00,59,36,23
2015-05-16 09:00:00,49,22,27
2015-05-16 10:00:00,76,39,37
2015-05-16 11:00:00,74,38,36
2015-05-16 12:00:00,102,68,34
2015-05-16 13:00:00,88,30,58
2015-05-16 14:00:00,80,26,54
2015-05-16 15:00:00,95,48,47
2015-05-16 16:00:00,107,45,62
2015-05-16 17:00:00,105,39,66
2015-05-16 18:00:00,76,41,35
2015-05-16 19:00:00,46,14,32
2015-05-16 20:00:00,40,26,14
2015-05-16 21:00:00,19,2,17
2015-05-16 22:00:00,11,2,9
2015-05-16 23:00:00,5,3,2
2015-05-17 00:00:00,5,3,2
2015-05-17 01:00:00,0,0,0
2015-05-17 02:00:00,0,0,0
2015-05-17 03:00:00,1,0,1
2015-05-17 04:00:00,2,1,1
2015-05-17 05:00:00,2,2,0
2015-05-17 06:00:00,7,3,4
2015-05-17 07:00:00,11,6,5
2015-05-17 08:00:00,41,24,17
2015-05-17 09:00:00,63,23,40
2015-05-17 10:00:00,69,43,26
2015-05-17 11:00:00,80,36,44
2015-05-17 12:00:00,106,60,46
2015-05-17 13:00:00,128,69,59
2015-05-17 14:00:00,120,53,67
2015-05-17 15:00:00,131,62,69
2015-05-17 16:00:00,117,49,68
2015-05-17 17:00:00,151,63,88
2015-05-17 18:00:00,109,45,64
2015-05-17 19:00:00,77,42,35
2015-05-17 20:00:00,59,40,19
2015-05-17 21:00:00,26,16,10
2015-05-17 22:00:00,4,3,1
2015-05-17 23:00:00,4,1,3
2015-05-18 00:00:00,9,7,2
2015-05-18 01:00:00,1,0,1
2015-05-18 02:00:00,3,1,2
2015-05-18 03:00:00,2,0,2
2015-05-18 04:00:00,0,0,0
2015-05-18 05:00:00,15,11,4
2015-05-18 06:00:00,65,45,20
2015-05-18 07:00:00,178,134,44
2015-05-18 08:00:00,259,214,45
2015-05-18 09:00:00,149,101,48
2015-05-18 10:00:00,60,40,20
2015-05-18 11:00:00,55,27,28
2015-05-18 12:00:00,57,27,30
2015-05-18 13:00:00,78,50,28
2015-05-18 14:00:00,62,25,37
2015-05-18 15:00:00,114,49,65
2015-05-18 16:00:00,206,69,137
2015-05-18 17:00:00,380,102,278
2015-05-18 18:00:00,305,81,224
2015-05-18 19:00:00,130,52,78
2015-05-18 20:00:00,70,29,41
2015-05-18 21:00:00,18,3,15
2015-05-18 22:00:00,10,3,7
2015-05-18 23:00:00,3,0,3
2015-05-19 00:00:00,4,2,2
2015-05-19 01:00:00,0,0,0
2015-05-19 02:00:00,4,0,4
2015-05-19 03:00:00,1,0,1
2015-05-19 04:00:00,0,0,0
2015-05-19 05:00:00,20,15,5
2015-05-19 06:00:00,67,48,19
2015-05-19 07:00:00,195,143,52
2015-05-19 08:00:00,287,237,50
2015-05-19 09:00:00,151,113,38
2015-05-19 10:00:00,60,36,24
2015-05-19 11:00:00,46,28,18
2015-05-19 12:00:00,39,19,20
2015-05-19 13:00:00,56,21,35
2015-05-19 14:00:00,76,33,43
2015-05-19 15:00:00,104,40,64
2015-05-19 16:00:00,219,72,147
2015-05-19 17:00:00,347,88,259
2015-05-19 18:00:00,271,69,202
2015-05-19 19:00:00,156,62,94
2015-05-19 20:00:00,78,33,45
2015-05-19 21:00:00,28,15,13
2015-05-19 22:00:00,23,9,14
2015-05-19 23:00:00,3,1,2
2015-05-20 00:00:00,0,0,0
2015-05-20 01:00:00,0,0,0
2015-05-20 02:00:00,2,0,2
2015-05-20 03:00:00,0,0,0
2015-05-20 04:00:00,0,0,0
2015-05-20 05:00:00,15,9,6
2015-05-20 06:00:00,63,48,15
2015-05-20 07:00:00,179,127,52
2015-05-20 08:00:00,243,191,52
2015-05-20 09:00:00,143,120,23
2015-05-20 10:00:00,48,25,23
2015-05-20 11:00:00,32,22,10
2015-05-20 12:00:00,59,27,32
2015-05-20 13:00:00,44,20,24
2015-05-20 14:00:00,74,41,33
2015-05-20 15:00:00,101,47,54
2015-05-20 16:00:00,203,70,133
2015-05-20 17:00:00,361,98,263
2015-05-20 18:00:00,327,96,231
2015-05-20 19:00:00,142,65,77
2015-05-20 20:00:00,105,34,71
2015-05-20 21:00:00,31,12,19
2015-05-20 22:00:00,18,14,4
2015-05-20 23:00:00,5,2,3
2015-05-21 00:00:00,4,1,3
2015-05-21 01:00:00,3,2,1
2015-05-21 02:00:00,2,0,2
2015-05-21 03:00:00,2,1,1
2015-05-21 04:00:00,1,1,0
2015-05-21 05:00:00,16,13,3
2015-05-21 06:00:00,70,44,26
2015-05-21 07:00:00,190,138,52
2015-05-21 08:00:00,265,203,62
2015-05-21 09:00:00,139,111,28
2015-05-21 10:00:00,60,38,22
2015-05-21 11:00:00,51,27,24
2015-05-21 12:00:00,65,30,35
2015-05-21 13:00:00,60,28,32
2015-05-21 14:00:00,93,42,51
2015-05-21 15:00:00,110,48,62
2015-05-21 16:00:00,180,69,111
2015-05-21 17:00:00,376,110,266
2015-05-21 18:00:00,246,69,177
2015-05-21 19:00:00,183,39,144
2015-05-21 20:00:00,82,30,52
2015-05-21 21:00:00,18,7,11
2015-05-21 22:00:00,25,17,8
2015-05-21 23:00:00,8,1,7
2015-05-22 00:00:00,4,3,1
2015-05-22 01:00:00,0,0,0
2015-05-22 02:00:00,0,0,0
2015-05-22 03:00:00,3,0,3
2015-05-22 04:00:00,1,1,0
2015-05-22 05:00:00,12,10,2
2015-05-22 06:00:00,54,29,25
2015-05-22 07:00:00,131,93,38
2015-05-22 08:00:00,213,168,45
2015-05-22 09:00:00,119,87,32
2015-05-22 10:00:00,48,21,27
2015-05-22 11:00:00,50,31,19
2015-05-22 12:00:00,47,21,26
2015-05-22 13:00:00,60,25,35
2015-05-22 14:00:00,84,42,42
2015-05-22 15:00:00,84,36,48
2015-05-22 16:00:00,167,62,105
2015-05-22 17:00:00,240,65,175
2015-05-22 18:00:00,142,39,103
2015-05-22 19:00:00,66,24,42
2015-05-22 20:00:00,51,20,31
2015-05-22 21:00:00,10,7,3
2015-05-22 22:00:00,9,1,8
2015-05-22 23:00:00,7,1,6
2015-05-23 00:00:00,6,4,2
2015-05-23 01:00:00,0,0,0
2015-05-23 02:00:00,2,0,2
2015-05-23 03:00:00,1,0,1
2015-05-23 04:00:00,1,1,0
2015-05-23 05:00:00,5,3,2
2015-05-23 06:00:00,10,5,5
2015-05-23 07:00:00,24,17,7
2015-05-23 08:00:00,34,15,19
2015-05-23 09:00:00,41,19,22
2015-05-23 10:00:00,55,21,34
2015-05-23 11:00:00,57,29,28
2015-05-23 12:00:00,60,20,40
2015-05-23 13:00:00,72,25,47
2015-05-23 14:00:00,77,42,35
2015-05-23 15:00:00,82,25,57
2015-05-23 16:00:00,85,47,38
2015-05-23 17:00:00,69,34,35
2015-05-23 18:00:00,56,35,21
2015-05-23 19:00:00,48,19,29
2015-05-23 20:00:00,61,35,26
2015-05-23 21:00:00,52,20,32
2015-05-23 22:00:00,10,4,6
2015-05-23 23:00:00,8,3,5
2015-05-24 00:00:00,6,1,5
2015-05-24 01:00:00,3,0,3
2015-05-24 02:00:00,2,0,2
2015-05-24 03:00:00,1,1,0
2015-05-24 04:00:00,3,2,1
2015-05-24 05:00:00,4,4,0
2015-05-24 06:00:00,11,7,4
2015-05-24 07:00:00,13,11,2
2015-05-24 08:00:00,27,14,13
2015-05-24 09:00:00,61,32,29
2015-05-24 10:00:00,78,42,36
2015-05-24 11:00:00,80,45,35
2015-05-24 12:00:00,92,41,51
2015-05-24 13:00:00,105,39,66
2015-05-24 14:00:00,110,40,70
2015-05-24 15:00:00,115,60,55
2015-05-24 16:00:00,107,37,70
2015-05-24 17:00:00,92,45,47
2015-05-24 18:00:00,62,19,43
2015-05-24 19:00:00,38,21,17
2015-05-24 20:00:00,33,13,20
2015-05-24 21:00:00,12,6,6
2015-05-24 22:00:00,18,10,8
2015-05-24 23:00:00,6,4,2
2015-05-25 00:00:00,2,1,1
2015-05-25 01:00:00,1,1,0
2015-05-25 02:00:00,4,2,2
2015-05-25 03:00:00,1,0,1
2015-05-25 04:00:00,0,0,0
2015-05-25 05:00:00,2,2,0
2015-05-25 06:00:00,7,5,2
2015-05-25 07:00:00,24,12,12
2015-05-25 08:00:00,50,31,19
2015-05-25 09:00:00,51,31,20
2015-05-25 10:00:00,93,39,54
2015-05-25 11:00:00,116,58,58
2015-05-25 12:00:00,104,52,52
2015-05-25 13:00:00,101,52,49
2015-05-25 14:00:00,156,68,88
2015-05-25 15:00:00,122,59,63
2015-05-25 16:00:00,109,59,50
2015-05-25 17:00:00,84,37,47
2015-05-25 18:00:00,68,41,27
2015-05-25 19:00:00,50,24,26
2015-05-25 20:00:00,24,10,14
2015-05-25 21:00:00,23,11,12
2015-05-25 22:00:00,4,0,4
2015-05-25 23:00:00,6,4,2
2015-05-26 00:00:00,7,0,7
2015-05-26 01:00:00,0,0,0
2015-05-26 02:00:00,0,0,0
2015-05-26 03:00:00,0,0,0
2015-05-26 04:00:00,8,2,6
2015-05-26 05:00:00,15,12,3
2015-05-26 06:00:00,56,40,16
2015-05-26 07:00:00,171,128,43
2015-05-26 08:00:00,257,213,44
2015-05-26 09:00:00,140,107,33
2015-05-26 10:00:00,46,28,18
2015-05-26 11:00:00,44,19,25
2015-05-26 12:00:00,44,20,24
2015-05-26 13:00:00,51,32,19
2015-05-26 14:00:00,76,28,48
2015-05-26 15:00:00,91,38,53
2015-05-26 16:00:00,185,73,112
2015-05-26 17:00:00,344,67,277
2015-05-26 18:00:00,287,79,208
2015-05-26 19:00:00,105,42,63
2015-05-26 20:00:00,51,14,37
2015-05-26 21:00:00,21,7,14
2015-05-26 22:00:00,7,6,1
2015-05-26 23:00:00,2,0,2
2015-05-27 00:00:00,1,0,1
2015-05-27 01:00:00,1,0,1
2015-05-27 02:00:00,0,0,0
2015-05-27 03:00:00,1,0,1
2015-05-27 04:00:00,0,0,0
2015-05-27 05:00:00,19,15,4
2015-05-27 06:00:00,78,58,20
2015-05-27 07:00:00,214,156,58
2015-05-27 08:00:00,276,214,62
2015-05-27 09:00:00,141,106,35
2015-05-27 10:00:00,53,33,20
2015-05-27 11:00:00,34,17,17
2015-05-27 12:00:00,45,21,24
2015-05-27 13:00:00,56,29,27
2015-05-27 14:00:00,60,26,34
2015-05-27 15:00:00,101,39,62
2015-05-27 16:00:00,201,73,128
2015-05-27 17:00:00,337,99,238
2015-05-27 18:00:00,301,86,215
2015-05-27 19:00:00,148,58,90
2015-05-27 20:00:00,102,37,65
2015-05-27 21:00:00,88,17,71
2015-05-27 22:00:00,22,3,19
2015-05-27 23:00:00,6,2,4
2015-05-28 00:00:00,5,0,5
2015-05-28 01:00:00,3,1,2
2015-05-28 02:00:00,0,0,0
2015-05-28 03:00:00,1,0,1
2015-05-28 04:00:00,2,1,1
2015-05-28 05:00:00,16,11,5
2015-05-28 06:00:00,77,48,29
2015-05-28 07:00:00,185,138,47
2015-05-28 08:00:00,273,203,70
2015-05-28 09:00:00,198,145,53
2015-05-28 10:00:00,62,40,22
2015-05-28 11:00:00,62,32,30
2015-05-28 12:00:00,51,22,29
2015-05-28 13:00:00,71,36,35
2015-05-28 14:00:00,95,48,47
2015-05-28 15:00:00,105,45,60
2015-05-28 16:00:00,186,69,117
2015-05-28 17:00:00,360,86,274
2015-05-28 18:00:00,345,98,247
2015-05-28 19:00:00,176,89,87
2015-05-28 20:00:00,121,52,69
2015-05-28 21:00:00,27,9,18
2015-05-28 22:00:00,34,9,25
2015-05-28 23:00:00,14,4,10
2015-05-29 00:00:00,8,0,8
2015-05-29 01:00:00,1,0,1
2015-05-29 02:00:00,0,0,0
2015-05-29 03:00:00,0,0,0
2015-05-29 04:00:00,1,0,1
2015-05-29 05:00:00,18,14,4
2015-05-29 06:00:00,62,37,25
2015-05-29 07:00:00,160,110,50
2015-05-29 08:00:00,268,209,59
2015-05-29 09:00:00,159,115,44
2015-05-29 10:00:00,73,33,40
2015-05-29 11:00:00,44,22,22
2015-05-29 12:00:00,71,34,37
2015-05-29 13:00:00,87,55,32
2015-05-29 14:00:00,96,56,40
2015-05-29 15:00:00,129,53,76
2015-05-29 16:00:00,229,79,150
2015-05-29 17:00:00,358,82,276
2015-05-29 18:00:00,262,60,202
2015-05-29 19:00:00,105,39,66
2015-05-29 20:00:00,82,43,39
2015-05-29 21:00:00,37,20,17
2015-05-29 22:00:00,28,9,19
2015-05-29 23:00:00,13,8,5
2015-05-30 00:00:00,9,0,9
2015-05-30 01:00:00,1,0,1
2015-05-30 02:00:00,10,2,8
2015-05-30 03:00:00,1,0,1
2015-05-30 04:00:00,0,0,0
2015-05-30 05:00:00,1,1,0
2015-05-30 06:00:00,19,11,8
2015-05-30 07:00:00,38,23,15
2015-05-30 08:00:00,60,26,34
2015-05-30 09:00:00,67,35,32
2015-05-30 10:00:00,106,69,37
2015-05-30 11:00:00,112,59,53
2015-05-30 12:00:00,129,70,59
2015-05-30 13:00:00,141,73,68
2015-05-30 14:00:00,170,82,88
2015-05-30 15:00:00,168,74,94
2015-05-30 16:00:00,153,72,81
2015-05-30 17:00:00,174,72,102
2015-05-30 18:00:00,134,65,69
2015-05-30 19:00:00,102,40,62
2015-05-30 20:00:00,70,32,38
2015-05-30 21:00:00,51,34,17
2015-05-30 22:00:00,32,8,24
2015-05-30 23:00:00,20,9,11
2015-05-31 00:00:00,10,5,5
2015-05-31 01:00:00,2,0,2
2015-05-31 02:00:00,0,0,0
2015-05-31 03:00:00,3,0,3
2015-05-31 04:00:00,0,0,0
2015-05-31 05:00:00,2,2,0
2015-05-31 06:00:00,8,4,4
2015-05-31 07:00:00,23,14,9
2015-05-31 08:00:00,38,18,20
2015-05-31 09:00:00,65,43,22
2015-05-31 10:00:00,109,56,53
2015-05-31 11:00:00,126,76,50
2015-05-31 12:00:00,167,99,68
2015-05-31 13:00:00,205,126,79
2015-05-31 14:00:00,132,66,66
2015-05-31 15:00:00,158,74,84
2015-05-31 16:00:00,266,85,181
2015-05-31 17:00:00,159,51,108
2015-05-31 18:00:00,116,40,76
2015-05-31 19:00:00,59,24,35
2015-05-31 20:00:00,70,33,37
2015-05-31 21:00:00,17,10,7
2015-05-31 22:00:00,10,4,6
2015-05-31 23:00:00,6,4,2
2015-06-01 00:00:00,4,4,0
2015-06-01 01:00:00,2,0,2
2015-06-01 02:00:00,2,0,2
2015-06-01 03:00:00,0,0,0
2015-06-01 04:00:00,2,1,1
2015-06-01 05:00:00,15,11,4
2015-06-01 06:00:00,47,28,19
2015-06-01 07:00:00,131,92,39
2015-06-01 08:00:00,217,167,50
2015-06-01 09:00:00,92,75,17
2015-06-01 10:00:00,23,14,9
2015-06-01 11:00:00,7,3,4
2015-06-01 12:00:00,10,7,3
2015-06-01 13:00:00,16,10,6
2015-06-01 14:00:00,36,18,18
2015-06-01 15:00:00,36,19,17
2015-06-01 16:00:00,95,32,63
2015-06-01 17:00:00,226,46,180
2015-06-01 18:00:00,177,35,142
2015-06-01 19:00:00,63,23,40
2015-06-01 20:00:00,33,13,20
2015-06-01 21:00:00,9,2,7
2015-06-01 22:00:00,25,3,22
2015-06-01 23:00:00,5,2,3
2015-06-02 00:00:00,2,0,2
2015-06-02 01:00:00,1,0,1
2015-06-02 02:00:00,0,0,0
2015-06-02 03:00:00,0,0,0
2015-06-02 04:00:00,0,0,0
2015-06-02 05:00:00,16,11,5
2015-06-02 06:00:00,44,27,17
2015-06-02 07:00:00,129,88,41
2015-06-02 08:00:00,194,158,36
2015-06-02 09:00:00,88,68,20
2015-06-02 10:00:00,47,35,12
2015-06-02 11:00:00,35,17,18
2015-06-02 12:00:00,28,13,15
2015-06-02 13:00:00,25,14,11
2015-06-02 14:00:00,35,15,20
2015-06-02 15:00:00,37,14,23
2015-06-02 16:00:00,88,28,60
2015-06-02 17:00:00,195,57,138
2015-06-02 18:00:00,191,43,148
2015-06-02 19:00:00,50,16,34
2015-06-02 20:00:00,36,14,22
2015-06-02 21:00:00,14,3,11
2015-06-02 22:00:00,7,1,6
2015-06-02 23:00:00,10,0,10
2015-06-03 00:00:00,1,1,0
2015-06-03 01:00:00,3,0,3
2015-06-03 02:00:00,1,0,1
2015-06-03 03:00:00,1,1,0
2015-06-03 04:00:00,1,1,0
2015-06-03 05:00:00,12,7,5
2015-06-03 06:00:00,48,33,15
2015-06-03 07:00:00,140,96,44
2015-06-03 08:00:00,190,151,39
2015-06-03 09:00:00,104,81,23
2015-06-03 10:00:00,35,20,15
2015-06-03 11:00:00,20,10,10
2015-06-03 12:00:00,25,16,9
2015-06-03 13:00:00,46,17,29
2015-06-03 14:00:00,57,32,25
2015-06-03 15:00:00,67,26,41
2015-06-03 16:00:00,155,59,96
2015-06-03 17:00:00,278,77,201
2015-06-03 18:00:00,211,66,145
2015-06-03 19:00:00,102,30,72
2015-06-03 20:00:00,51,17,34
2015-06-03 21:00:00,25,13,12
2015-06-03 22:00:00,16,4,12
2015-06-03 23:00:00,10,3,7
2015-06-04 00:00:00,1,0,1
2015-06-04 01:00:00,1,1,0
2015-06-04 02:00:00,4,0,4
2015-06-04 03:00:00,3,2,1
2015-06-04 04:00:00,1,0,1
2015-06-04 05:00:00,21,13,8
2015-06-04 06:00:00,67,45,22
2015-06-04 07:00:00,156,111,45
2015-06-04 08:00:00,259,206,53
2015-06-04 09:00:00,145,108,37
2015-06-04 10:00:00,63,43,20
2015-06-04 11:00:00,41,22,19
2015-06-04 12:00:00,57,30,27
2015-06-04 13:00:00,70,35,35
2015-06-04 14:00:00,58,27,31
2015-06-04 15:00:00,86,41,45
2015-06-04 16:00:00,186,72,114
2015-06-04 17:00:00,319,81,238
2015-06-04 18:00:00,275,100,175
2015-06-04 19:00:00,169,74,95
2015-06-04 20:00:00,84,40,44
2015-06-04 21:00:00,22,6,16
2015-06-04 22:00:00,17,3,14
2015-06-04 23:00:00,6,0,6
2015-06-05 00:00:00,3,1,2
2015-06-05 01:00:00,2,0,2
2015-06-05 02:00:00,0,0,0
2015-06-05 03:00:00,1,0,1
2015-06-05 04:00:00,1,0,1
2015-06-05 05:00:00,18,15,3
2015-06-05 06:00:00,56,32,24
2015-06-05 07:00:00,160,113,47
2015-06-05 08:00:00,253,188,65
2015-06-05 09:00:00,163,115,48
2015-06-05 10:00:00,64,35,29
2015-06-05 11:00:00,71,35,36
2015-06-05 12:00:00,46,21,25
2015-06-05 13:00:00,74,33,41
2015-06-05 14:00:00,84,43,41
2015-06-05 15:00:00,151,77,74
2015-06-05 16:00:00,196,57,139
2015-06-05 17:00:00,343,97,246
2015-06-05 18:00:00,219,69,150
2015-06-05 19:00:00,112,46,66
2015-06-05 20:00:00,66,24,42
2015-06-05 21:00:00,26,14,12
2015-06-05 22:00:00,22,9,13
2015-06-05 23:00:00,12,5,7
2015-06-06 00:00:00,9,2,7
2015-06-06 01:00:00,5,2,3
2015-06-06 02:00:00,3,0,3
2015-06-06 03:00:00,4,2,2
2015-06-06 04:00:00,3,0,3
2015-06-06 05:00:00,5,5,0
2015-06-06 06:00:00,13,6,7
2015-06-06 07:00:00,43,31,12
2015-06-06 08:00:00,62,28,34
2015-06-06 09:00:00,80,39,41
2015-06-06 10:00:00,115,55,60
2015-06-06 11:00:00,130,66,64
2015-06-06 12:00:00,140,55,85
2015-06-06 13:00:00,170,87,83
2015-06-06 14:00:00,166,75,91
2015-06-06 15:00:00,144,66,78
2015-06-06 16:00:00,136,67,69
2015-06-06 17:00:00,144,62,82
2015-06-06 18:00:00,107,52,55
2015-06-06 19:00:00,85,43,42
2015-06-06 20:00:00,90,49,41
2015-06-06 21:00:00,22,14,8
2015-06-06 22:00:00,38,15,23
2015-06-06 23:00:00,9,2,7
2015-06-07 00:00:00,4,2,2
2015-06-07 01:00:00,5,2,3
2015-06-07 02:00:00,3,2,1
2015-06-07 03:00:00,5,1,4
2015-06-07 04:00:00,4,2,2
2015-06-07 05:00:00,0,0,0
2015-06-07 06:00:00,21,12,9
2015-06-07 07:00:00,22,10,12
2015-06-07 08:00:00,52,21,31
2015-06-07 09:00:00,100,56,44
2015-06-07 10:00:00,152,65,87
2015-06-07 11:00:00,159,90,69
2015-06-07 12:00:00,166,94,72
2015-06-07 13:00:00,144,71,73
2015-06-07 14:00:00,179,78,101
2015-06-07 15:00:00,171,85,86
2015-06-07 16:00:00,179,83,96
2015-06-07 17:00:00,131,45,86
2015-06-07 18:00:00,74,32,42
2015-06-07 19:00:00,91,46,45
2015-06-07 20:00:00,48,16,32
2015-06-07 21:00:00,46,29,17
2015-06-07 22:00:00,14,5,9
2015-06-07 23:00:00,13,5,8
2015-06-08 00:00:00,8,1,7
2015-06-08 01:00:00,0,0,0
2015-06-08 02:00:00,0,0,0
2015-06-08 03:00:00,0,0,0
2015-06-08 04:00:00,2,1,1
2015-06-08 05:00:00,23,20,3
2015-06-08 06:00:00,67,48,19
2015-06-08 07:00:00,161,116,45
2015-06-08 08:00:00,269,192,77
2015-06-08 09:00:00,156,111,45
2015-06-08 10:00:00,67,35,32
2015-06-08 11:00:00,54,25,29
2015-06-08 12:00:00,58,34,24
2015-06-08 13:00:00,59,31,28
2015-06-08 14:00:00,76,39,37
2015-06-08 15:00:00,94,43,51
2015-06-08 16:00:00,185,61,124
2015-06-08 17:00:00,372,89,283
2015-06-08 18:00:00,275,65,210
2015-06-08 19:00:00,130,55,75
2015-06-08 20:00:00,106,48,58
2015-06-08 21:00:00,44,25,19
2015-06-08 22:00:00,8,3,5
2015-06-08 23:00:00,4,1,3
2015-06-09 00:00:00,3,1,2
2015-06-09 01:00:00,2,0,2
2015-06-09 02:00:00,0,0,0
2015-06-09 03:00:00,2,0,2
2015-06-09 04:00:00,0,0,0
2015-06-09 05:00:00,22,19,3
2015-06-09 06:00:00,79,54,25
2015-06-09 07:00:00,192,143,49
2015-06-09 08:00:00,295,214,81
2015-06-09 09:00:00,176,127,49
2015-06-09 10:00:00,62,37,25
2015-06-09 11:00:00,63,33,30
2015-06-09 12:00:00,79,31,48
2015-06-09 13:00:00,74,38,36
2015-06-09 14:00:00,57,23,34
2015-06-09 15:00:00,74,37,37
2015-06-09 16:00:00,174,68,106
2015-06-09 17:00:00,382,89,293
2015-06-09 18:00:00,293,71,222
2015-06-09 19:00:00,164,49,115
2015-06-09 20:00:00,100,46,54
2015-06-09 21:00:00,54,30,24
2015-06-09 22:00:00,15,7,8
2015-06-09 23:00:00,5,2,3
2015-06-10 00:00:00,3,1,2
2015-06-10 01:00:00,0,0,0
2015-06-10 02:00:00,2,0,2
2015-06-10 03:00:00,0,0,0
2015-06-10 04:00:00,2,0,2
2015-06-10 05:00:00,24,14,10
2015-06-10 06:00:00,65,43,22
2015-06-10 07:00:00,199,134,65
2015-06-10 08:00:00,270,215,55
2015-06-10 09:00:00,146,111,35
2015-06-10 10:00:00,62,36,26
2015-06-10 11:00:00,105,81,24
2015-06-10 12:00:00,61,30,31
2015-06-10 13:00:00,65,40,25
2015-06-10 14:00:00,107,31,76
2015-06-10 15:00:00,100,38,62
2015-06-10 16:00:00,169,62,107
2015-06-10 17:00:00,402,91,311
2015-06-10 18:00:00,288,66,222
2015-06-10 19:00:00,155,57,98
2015-06-10 20:00:00,109,44,65
2015-06-10 21:00:00,42,16,26
2015-06-10 22:00:00,15,2,13
2015-06-10 23:00:00,4,0,4
2015-06-11 00:00:00,5,2,3
2015-06-11 01:00:00,3,3,0
2015-06-11 02:00:00,0,0,0
2015-06-11 03:00:00,2,0,2
2015-06-11 04:00:00,2,1,1
2015-06-11 05:00:00,16,13,3
2015-06-11 06:00:00,73,41,32
2015-06-11 07:00:00,167,128,39
2015-06-11 08:00:00,269,207,62
2015-06-11 09:00:00,142,106,36
2015-06-11 10:00:00,125,96,29
2015-06-11 11:00:00,47,25,22
2015-06-11 12:00:00,48,29,19
2015-06-11 13:00:00,65,31,34
2015-06-11 14:00:00,153,38,115
2015-06-11 15:00:00,102,49,53
2015-06-11 16:00:00,173,65,108
2015-06-11 17:00:00,373,88,285
2015-06-11 18:00:00,285,81,204
2015-06-11 19:00:00,106,34,72
2015-06-11 20:00:00,72,27,45
2015-06-11 21:00:00,25,11,14
2015-06-11 22:00:00,24,10,14
2015-06-11 23:00:00,12,1,11
2015-06-12 00:00:00,3,1,2
2015-06-12 01:00:00,3,3,0
2015-06-12 02:00:00,2,0,2
2015-06-12 03:00:00,1,0,1
2015-06-12 04:00:00,1,0,1
2015-06-12 05:00:00,15,13,2
2015-06-12 06:00:00,55,31,24
2015-06-12 07:00:00,124,78,46
2015-06-12 08:00:00,206,167,39
2015-06-12 09:00:00,135,93,42
2015-06-12 10:00:00,42,26,16
2015-06-12 11:00:00,42,16,26
2015-06-12 12:00:00,34,17,17
2015-06-12 13:00:00,38,24,14
2015-06-12 14:00:00,56,26,30
2015-06-12 15:00:00,77,35,42
2015-06-12 16:00:00,151,51,100
2015-06-12 17:00:00,263,60,203
2015-06-12 18:00:00,166,49,117
2015-06-12 19:00:00,96,32,64
2015-06-12 20:00:00,57,26,31
2015-06-12 21:00:00,19,7,12
2015-06-12 22:00:00,11,5,6
2015-06-12 23:00:00,3,1,2
2015-06-13 00:00:00,4,1,3
2015-06-13 01:00:00,4,0,4
2015-06-13 02:00:00,1,0,1
2015-06-13 03:00:00,1,0,1
2015-06-13 04:00:00,0,0,0
2015-06-13 05:00:00,4,3,1
2015-06-13 06:00:00,16,9,7
2015-06-13 07:00:00,40,30,10
2015-06-13 08:00:00,68,23,45
2015-06-13 09:00:00,87,48,39
2015-06-13 10:00:00,103,57,46
2015-06-13 11:00:00,97,48,49
2015-06-13 12:00:00,135,65,70
2015-06-13 13:00:00,120,67,53
2015-06-13 14:00:00,178,91,87
2015-06-13 15:00:00,145,68,77
2015-06-13 16:00:00,165,83,82
2015-06-13 17:00:00,171,91,80
2015-06-13 18:00:00,163,82,81
2015-06-13 19:00:00,114,65,49
2015-06-13 20:00:00,67,19,48
2015-06-13 21:00:00,101,34,67
2015-06-13 22:00:00,51,28,23
2015-06-13 23:00:00,14,8,6
2015-06-14 00:00:00,10,4,6
2015-06-14 01:00:00,4,2,2
2015-06-14 02:00:00,4,0,4
2015-06-14 03:00:00,1,1,0
2015-06-14 04:00:00,1,0,1
2015-06-14 05:00:00,2,2,0
2015-06-14 06:00:00,9,4,5
2015-06-14 07:00:00,18,12,6
2015-06-14 08:00:00,36,18,18
2015-06-14 09:00:00,103,49,54
2015-06-14 10:00:00,98,59,39
2015-06-14 11:00:00,138,82,56
2015-06-14 12:00:00,140,72,68
2015-06-14 13:00:00,157,61,96
2015-06-14 14:00:00,166,73,93
2015-06-14 15:00:00,158,80,78
2015-06-14 16:00:00,168,80,88
2015-06-14 17:00:00,102,34,68
2015-06-14 18:00:00,104,60,44
2015-06-14 19:00:00,75,29,46
2015-06-14 20:00:00,51,26,25
2015-06-14 21:00:00,27,17,10
2015-06-14 22:00:00,17,9,8
2015-06-14 23:00:00,1,0,1
2015-06-15 00:00:00,0,0,0
2015-06-15 01:00:00,0,0,0
2015-06-15 02:00:00,1,0,1
2015-06-15 03:00:00,0,0,0
2015-06-15 04:00:00,1,1,0
2015-06-15 05:00:00,14,7,7
2015-06-15 06:00:00,66,41,25
2015-06-15 07:00:00,176,125,51
2015-06-15 08:00:00,250,186,64
2015-06-15 09:00:00,172,119,53
2015-06-15 10:00:00,59,38,21
2015-06-15 11:00:00,55,30,25
2015-06-15 12:00:00,44,22,22
2015-06-15 13:00:00,67,37,30
2015-06-15 14:00:00,70,29,41
2015-06-15 15:00:00,81,40,41
2015-06-15 16:00:00,176,66,110
2015-06-15 17:00:00,341,81,260
2015-06-15 18:00:00,266,84,182
2015-06-15 19:00:00,116,49,67
2015-06-15 20:00:00,81,31,50
2015-06-15 21:00:00,37,19,18
2015-06-15 22:00:00,14,6,8
2015-06-15 23:00:00,3,1,2
2015-06-16 00:00:00,1,0,1
2015-06-16 01:00:00,3,1,2
2015-06-16 02:00:00,1,0,1
2015-06-16 03:00:00,0,0,0
2015-06-16 04:00:00,1,0,1
2015-06-16 05:00:00,20,16,4
2015-06-16 06:00:00,67,43,24
2015-06-16 07:00:00,170,120,50
2015-06-16 08:00:00,219,176,43
2015-06-16 09:00:00,139,103,36
2015-06-16 10:00:00,41,27,14
2015-06-16 11:00:00,54,28,26
2015-06-16 12:00:00,67,36,31
2015-06-16 13:00:00,38,17,21
2015-06-16 14:00:00,70,39,31
2015-06-16 15:00:00,75,29,46
2015-06-16 16:00:00,173,63,110
2015-06-16 17:00:00,375,102,273
2015-06-16 18:00:00,250,68,182
2015-06-16 19:00:00,113,35,78
2015-06-16 20:00:00,89,42,47
2015-06-16 21:00:00,18,6,12
2015-06-16 22:00:00,11,3,8
2015-06-16 23:00:00,10,2,8
2015-06-17 00:00:00,2,0,2
2015-06-17 01:00:00,2,2,0
2015-06-17 02:00:00,4,0,4
2015-06-17 03:00:00,0,0,0
2015-06-17 04:00:00,0,0,0
2015-06-17 05:00:00,17,13,4
2015-06-17 06:00:00,63,37,26
2015-06-17 07:00:00,172,128,44
2015-06-17 08:00:00,251,199,52
2015-06-17 09:00:00,152,116,36
2015-06-17 10:00:00,61,44,17
2015-06-17 11:00:00,58,28,30
2015-06-17 12:00:00,59,33,26
2015-06-17 13:00:00,75,35,40
2015-06-17 14:00:00,67,28,39
2015-06-17 15:00:00,72,33,39
2015-06-17 16:00:00,150,48,102
2015-06-17 17:00:00,331,94,237
2015-06-17 18:00:00,258,79,179
2015-06-17 19:00:00,131,41,90
2015-06-17 20:00:00,91,34,57
2015-06-17 21:00:00,26,17,9
2015-06-17 22:00:00,21,6,15
2015-06-17 23:00:00,7,2,5
2015-06-18 00:00:00,11,3,8
2015-06-18 01:00:00,2,1,1
2015-06-18 02:00:00,4,1,3
2015-06-18 03:00:00,4,0,4
2015-06-18 04:00:00,2,0,2
2015-06-18 05:00:00,16,10,6
2015-06-18 06:00:00,60,38,22
2015-06-18 07:00:00,139,96,43
2015-06-18 08:00:00,245,190,55
2015-06-18 09:00:00,139,101,38
2015-06-18 10:00:00,65,34,31
2015-06-18 11:00:00,40,24,16
2015-06-18 12:00:00,61,23,38
2015-06-18 13:00:00,62,40,22
2015-06-18 14:00:00,62,30,32
2015-06-18 15:00:00,57,28,29
2015-06-18 16:00:00,154,59,95
2015-06-18 17:00:00,280,73,207
2015-06-18 18:00:00,240,57,183
2015-06-18 19:00:00,125,50,75
2015-06-18 20:00:00,49,21,28
2015-06-18 21:00:00,25,13,12
2015-06-18 22:00:00,20,6,14
2015-06-18 23:00:00,7,1,6
2015-06-19 00:00:00,3,2,1
2015-06-19 01:00:00,2,2,0
2015-06-19 02:00:00,1,0,1
2015-06-19 03:00:00,0,0,0
2015-06-19 04:00:00,1,0,1
2015-06-19 05:00:00,13,8,5
2015-06-19 06:00:00,36,20,16
2015-06-19 07:00:00,96,66,30
2015-06-19 08:00:00,174,132,42
2015-06-19 09:00:00,112,79,33
2015-06-19 10:00:00,50,30,20
2015-06-19 11:00:00,45,19,26
2015-06-19 12:00:00,53,30,23
2015-06-19 13:00:00,56,33,23
2015-06-19 14:00:00,71,34,37
2015-06-19 15:00:00,105,52,53
2015-06-19 16:00:00,181,69,112
2015-06-19 17:00:00,244,75,169
2015-06-19 18:00:00,163,43,120
2015-06-19 19:00:00,104,31,73
2015-06-19 20:00:00,62,34,28
2015-06-19 21:00:00,10,6,4
2015-06-19 22:00:00,17,13,4
2015-06-19 23:00:00,17,1,16
2015-06-20 00:00:00,1,0,1
2015-06-20 01:00:00,1,0,1
2015-06-20 02:00:00,7,0,7
2015-06-20 03:00:00,2,0,2
2015-06-20 04:00:00,4,0,4
2015-06-20 05:00:00,4,3,1
2015-06-20 06:00:00,20,14,6
2015-06-20 07:00:00,38,22,16
2015-06-20 08:00:00,48,19,29
2015-06-20 09:00:00,104,62,42
2015-06-20 10:00:00,90,47,43
2015-06-20 11:00:00,160,79,81
2015-06-20 12:00:00,161,98,63
2015-06-20 13:00:00,127,62,65
2015-06-20 14:00:00,122,44,78
2015-06-20 15:00:00,206,72,134
2015-06-20 16:00:00,160,73,87
2015-06-20 17:00:00,123,54,69
2015-06-20 18:00:00,90,46,44
2015-06-20 19:00:00,77,41,36
2015-06-20 20:00:00,47,20,27
2015-06-20 21:00:00,35,18,17
2015-06-20 22:00:00,15,6,9
2015-06-20 23:00:00,12,5,7
2015-06-21 00:00:00,4,1,3
2015-06-21 01:00:00,3,2,1
2015-06-21 02:00:00,1,0,1
2015-06-21 03:00:00,1,0,1
2015-06-21 04:00:00,0,0,0
2015-06-21 05:00:00,3,2,1
2015-06-21 06:00:00,15,7,8
2015-06-21 07:00:00,13,4,9
2015-06-21 08:00:00,44,28,16
2015-06-21 09:00:00,110,58,52
2015-06-21 10:00:00,90,40,50
2015-06-21 11:00:00,97,54,43
2015-06-21 12:00:00,161,104,57
2015-06-21 13:00:00,169,73,96
2015-06-21 14:00:00,169,69,100
2015-06-21 15:00:00,192,80,112
2015-06-21 16:00:00,175,71,104
2015-06-21 17:00:00,172,90,82
2015-06-21 18:00:00,76,37,39
2015-06-21 19:00:00,71,28,43
2015-06-21 20:00:00,67,36,31
2015-06-21 21:00:00,30,16,14
2015-06-21 22:00:00,24,10,14
2015-06-21 23:00:00,5,2,3
2015-06-22 00:00:00,3,2,1
2015-06-22 01:00:00,4,1,3
2015-06-22 02:00:00,5,3,2
2015-06-22 03:00:00,0,0,0
2015-06-22 04:00:00,2,1,1
2015-06-22 05:00:00,22,13,9
2015-06-22 06:00:00,56,35,21
2015-06-22 07:00:00,139,95,44
2015-06-22 08:00:00,235,194,41
2015-06-22 09:00:00,147,109,38
2015-06-22 10:00:00,59,40,19
2015-06-22 11:00:00,63,30,33
2015-06-22 12:00:00,44,24,20
2015-06-22 13:00:00,61,35,26
2015-06-22 14:00:00,62,32,30
2015-06-22 15:00:00,84,32,52
2015-06-22 16:00:00,144,58,86
2015-06-22 17:00:00,327,89,238
2015-06-22 18:00:00,240,83,157
2015-06-22 19:00:00,129,51,78
2015-06-22 20:00:00,70,28,42
2015-06-22 21:00:00,37,17,20
2015-06-22 22:00:00,21,7,14
2015-06-22 23:00:00,13,3,10
2015-06-23 00:00:00,12,1,11
2015-06-23 01:00:00,2,0,2
2015-06-23 02:00:00,3,2,1
2015-06-23 03:00:00,1,0,1
2015-06-23 04:00:00,1,1,0
2015-06-23 05:00:00,24,16,8
2015-06-23 06:00:00,66,37,29
2015-06-23 07:00:00,178,129,49
2015-06-23 08:00:00,280,223,57
2015-06-23 09:00:00,161,117,44
2015-06-23 10:00:00,66,46,20
2015-06-23 11:00:00,44,22,22
2015-06-23 12:00:00,71,40,31
2015-06-23 13:00:00,56,33,23
2015-06-23 14:00:00,66,33,33
2015-06-23 15:00:00,80,41,39
2015-06-23 16:00:00,194,89,105
2015-06-23 17:00:00,367,101,266
2015-06-23 18:00:00,307,94,213
2015-06-23 19:00:00,153,49,104
2015-06-23 20:00:00,115,56,59
2015-06-23 21:00:00,31,17,14
2015-06-23 22:00:00,23,8,15
2015-06-23 23:00:00,14,3,11
2015-06-24 00:00:00,7,2,5
2015-06-24 01:00:00,1,0,1
2015-06-24 02:00:00,2,0,2
2015-06-24 03:00:00,0,0,0
2015-06-24 04:00:00,3,2,1
2015-06-24 05:00:00,26,13,13
2015-06-24 06:00:00,75,46,29
2015-06-24 07:00:00,169,118,51
2015-06-24 08:00:00,266,189,77
2015-06-24 09:00:00,145,99,46
2015-06-24 10:00:00,54,30,24
2015-06-24 11:00:00,62,24,38
2015-06-24 12:00:00,47,23,24
2015-06-24 13:00:00,60,38,22
2015-06-24 14:00:00,51,26,25
2015-06-24 15:00:00,65,24,41
2015-06-24 16:00:00,127,48,79
2015-06-24 17:00:00,302,75,227
2015-06-24 18:00:00,256,66,190
2015-06-24 19:00:00,147,57,90
2015-06-24 20:00:00,63,34,29
2015-06-24 21:00:00,29,14,15
2015-06-24 22:00:00,33,13,20
2015-06-24 23:00:00,8,4,4
2015-06-25 00:00:00,7,2,5
2015-06-25 01:00:00,1,0,1
2015-06-25 02:00:00,2,0,2
2015-06-25 03:00:00,1,0,1
2015-06-25 04:00:00,4,1,3
2015-06-25 05:00:00,19,14,5
2015-06-25 06:00:00,60,37,23
2015-06-25 07:00:00,176,122,54
2015-06-25 08:00:00,266,157,109
2015-06-25 09:00:00,149,79,70
2015-06-25 10:00:00,74,37,37
2015-06-25 11:00:00,74,36,38
2015-06-25 12:00:00,63,39,24
2015-06-25 13:00:00,81,47,34
2015-06-25 14:00:00,67,30,37
2015-06-25 15:00:00,72,37,35
2015-06-25 16:00:00,164,51,113
2015-06-25 17:00:00,321,94,227
2015-06-25 18:00:00,235,58,177
2015-06-25 19:00:00,160,58,102
2015-06-25 20:00:00,94,30,64
2015-06-25 21:00:00,41,19,22
2015-06-25 22:00:00,27,15,12
2015-06-25 23:00:00,6,1,5
2015-06-26 00:00:00,8,4,4
2015-06-26 01:00:00,2,2,0
2015-06-26 02:00:00,9,2,7
2015-06-26 03:00:00,2,1,1
2015-06-26 04:00:00,2,0,2
2015-06-26 05:00:00,17,14,3
2015-06-26 06:00:00,55,28,27
2015-06-26 07:00:00,128,84,44
2015-06-26 08:00:00,209,110,99
2015-06-26 09:00:00,150,80,70
2015-06-26 10:00:00,75,41,34
2015-06-26 11:00:00,72,24,48
2015-06-26 12:00:00,74,44,30
2015-06-26 13:00:00,71,26,45
2015-06-26 14:00:00,68,39,29
2015-06-26 15:00:00,110,41,69
2015-06-26 16:00:00,163,49,114
2015-06-26 17:00:00,253,75,178
2015-06-26 18:00:00,142,51,91
2015-06-26 19:00:00,91,33,58
2015-06-26 20:00:00,63,25,38
2015-06-26 21:00:00,37,16,21
2015-06-26 22:00:00,28,14,14
2015-06-26 23:00:00,6,3,3
2015-06-27 00:00:00,7,1,6
2015-06-27 01:00:00,3,1,2
2015-06-27 02:00:00,5,2,3
2015-06-27 03:00:00,3,0,3
2015-06-27 04:00:00,1,1,0
2015-06-27 05:00:00,4,3,1
2015-06-27 06:00:00,23,12,11
2015-06-27 07:00:00,41,24,17
2015-06-27 08:00:00,85,41,44
2015-06-27 09:00:00,107,61,46
2015-06-27 10:00:00,105,54,51
2015-06-27 11:00:00,95,55,40
2015-06-27 12:00:00,85,39,46
2015-06-27 13:00:00,108,46,62
2015-06-27 14:00:00,95,47,48
2015-06-27 15:00:00,99,39,60
2015-06-27 16:00:00,103,36,67
2015-06-27 17:00:00,100,46,54
2015-06-27 18:00:00,56,29,27
2015-06-27 19:00:00,39,17,22
2015-06-27 20:00:00,78,25,53
2015-06-27 21:00:00,56,44,12
2015-06-27 22:00:00,16,10,6
2015-06-27 23:00:00,26,9,17
2015-06-28 00:00:00,8,5,3
2015-06-28 01:00:00,2,0,2
2015-06-28 02:00:00,5,3,2
2015-06-28 03:00:00,0,0,0
2015-06-28 04:00:00,2,0,2
2015-06-28 05:00:00,4,2,2
2015-06-28 06:00:00,15,8,7
2015-06-28 07:00:00,29,15,14
2015-06-28 08:00:00,56,24,32
2015-06-28 09:00:00,85,36,49
2015-06-28 10:00:00,105,54,51
2015-06-28 11:00:00,64,34,30
2015-06-28 12:00:00,95,36,59
2015-06-28 13:00:00,81,51,30
2015-06-28 14:00:00,105,30,75
2015-06-28 15:00:00,95,33,62
2015-06-28 16:00:00,112,54,58
2015-06-28 17:00:00,78,36,42
2015-06-28 18:00:00,69,35,34
2015-06-28 19:00:00,41,21,20
2015-06-28 20:00:00,32,13,19
2015-06-28 21:00:00,16,10,6
2015-06-28 22:00:00,10,1,9
2015-06-28 23:00:00,6,0,6
2015-06-29 00:00:00,1,0,1
2015-06-29 01:00:00,3,0,3
2015-06-29 02:00:00,0,0,0
2015-06-29 03:00:00,0,0,0
2015-06-29 04:00:00,2,1,1
2015-06-29 05:00:00,14,8,6
2015-06-29 06:00:00,59,32,27
2015-06-29 07:00:00,149,99,50
2015-06-29 08:00:00,237,133,104
2015-06-29 09:00:00,141,80,61
2015-06-29 10:00:00,61,40,21
2015-06-29 11:00:00,38,19,19
2015-06-29 12:00:00,54,29,25
2015-06-29 13:00:00,70,45,25
2015-06-29 14:00:00,49,26,23
2015-06-29 15:00:00,68,24,44
2015-06-29 16:00:00,153,53,100
2015-06-29 17:00:00,280,50,230
2015-06-29 18:00:00,255,68,187
2015-06-29 19:00:00,166,59,107
2015-06-29 20:00:00,98,34,64
2015-06-29 21:00:00,29,20,9
2015-06-29 22:00:00,16,9,7
2015-06-29 23:00:00,5,3,2
2015-06-30 00:00:00,4,0,4
2015-06-30 01:00:00,2,0,2
2015-06-30 02:00:00,0,0,0
2015-06-30 03:00:00,0,0,0
2015-06-30 04:00:00,1,1,0
2015-06-30 05:00:00,27,17,10
2015-06-30 06:00:00,70,45,25
2015-06-30 07:00:00,170,117,53
2015-06-30 08:00:00,255,206,49
2015-06-30 09:00:00,148,113,35
2015-06-30 10:00:00,66,36,30
2015-06-30 11:00:00,57,21,36
2015-06-30 12:00:00,50,25,25
2015-06-30 13:00:00,66,29,37
2015-06-30 14:00:00,68,31,37
2015-06-30 15:00:00,89,39,50
2015-06-30 16:00:00,178,67,111
2015-06-30 17:00:00,318,78,240
2015-06-30 18:00:00,255,54,201
2015-06-30 19:00:00,160,55,105
2015-06-30 20:00:00,96,35,61
2015-06-30 21:00:00,33,16,17
2015-06-30 22:00:00,44,19,25
2015-06-30 23:00:00,5,2,3
2015-07-01 00:00:00,5,3,2
2015-07-01 01:00:00,1,1,0
2015-07-01 02:00:00,1,0,1
2015-07-01 03:00:00,0,0,0
2015-07-01 04:00:00,0,0,0
2015-07-01 05:00:00,20,13,7
2015-07-01 06:00:00,71,46,25
2015-07-01 07:00:00,173,120,53
2015-07-01 08:00:00,247,150,97
2015-07-01 09:00:00,164,89,75
2015-07-01 10:00:00,51,30,21
2015-07-01 11:00:00,51,30,21
2015-07-01 12:00:00,67,28,39
2015-07-01 13:00:00,56,31,25
2015-07-01 14:00:00,59,26,33
2015-07-01 15:00:00,93,40,53
2015-07-01 16:00:00,153,55,98
2015-07-01 17:00:00,304,72,232
2015-07-01 18:00:00,259,64,195
2015-07-01 19:00:00,119,44,75
2015-07-01 20:00:00,94,39,55
2015-07-01 21:00:00,59,29,30
2015-07-01 22:00:00,41,10,31
2015-07-01 23:00:00,18,7,11
2015-07-02 00:00:00,4,3,1
2015-07-02 01:00:00,3,1,2
2015-07-02 02:00:00,1,0,1
2015-07-02 03:00:00,0,0,0
2015-07-02 04:00:00,1,0,1
2015-07-02 05:00:00,19,11,8
2015-07-02 06:00:00,61,37,24
2015-07-02 07:00:00,142,98,44
2015-07-02 08:00:00,216,134,82
2015-07-02 09:00:00,146,79,67
2015-07-02 10:00:00,70,40,30
2015-07-02 11:00:00,55,32,23
2015-07-02 12:00:00,58,33,25
2015-07-02 13:00:00,53,30,23
2015-07-02 14:00:00,83,31,52
2015-07-02 15:00:00,92,33,59
2015-07-02 16:00:00,161,70,91
2015-07-02 17:00:00,241,57,184
2015-07-02 18:00:00,167,47,120
2015-07-02 19:00:00,102,37,65
2015-07-02 20:00:00,66,24,42
2015-07-02 21:00:00,28,7,21
2015-07-02 22:00:00,23,10,13
2015-07-02 23:00:00,10,3,7
2015-07-03 00:00:00,14,6,8
2015-07-03 01:00:00,4,0,4
2015-07-03 02:00:00,8,1,7
2015-07-03 03:00:00,2,0,2
2015-07-03 04:00:00,4,2,2
2015-07-03 05:00:00,6,3,3
2015-07-03 06:00:00,26,20,6
2015-07-03 07:00:00,40,25,15
2015-07-03 08:00:00,89,36,53
2015-07-03 09:00:00,90,31,59
2015-07-03 10:00:00,127,66,61
2015-07-03 11:00:00,103,60,43
2015-07-03 12:00:00,120,58,62
2015-07-03 13:00:00,100,43,57
2015-07-03 14:00:00,99,54,45
2015-07-03 15:00:00,147,65,82
2015-07-03 16:00:00,126,64,62
2015-07-03 17:00:00,102,45,57
2015-07-03 18:00:00,92,53,39
2015-07-03 19:00:00,94,52,42
2015-07-03 20:00:00,45,19,26
2015-07-03 21:00:00,29,13,16
2015-07-03 22:00:00,60,14,46
2015-07-03 23:00:00,26,3,23
2015-07-04 00:00:00,24,13,11
2015-07-04 01:00:00,2,0,2
2015-07-04 02:00:00,2,0,2
2015-07-04 03:00:00,1,1,0
2015-07-04 04:00:00,1,0,1
2015-07-04 05:00:00,2,1,1
2015-07-04 06:00:00,15,9,6
2015-07-04 07:00:00,24,11,13
2015-07-04 08:00:00,64,26,38
2015-07-04 09:00:00,93,37,56
2015-07-04 10:00:00,107,58,49
2015-07-04 11:00:00,139,75,64
2015-07-04 12:00:00,125,63,62
2015-07-04 13:00:00,115,59,56
2015-07-04 14:00:00,121,53,68
2015-07-04 15:00:00,102,52,50
2015-07-04 16:00:00,119,66,53
2015-07-04 17:00:00,79,36,43
2015-07-04 18:00:00,71,28,43
2015-07-04 19:00:00,29,12,17
2015-07-04 20:00:00,47,14,33
2015-07-04 21:00:00,31,11,20
2015-07-04 22:00:00,14,4,10
2015-07-04 23:00:00,12,9,3
2015-07-05 00:00:00,9,5,4
2015-07-05 01:00:00,7,1,6
2015-07-05 02:00:00,0,0,0
2015-07-05 03:00:00,5,0,5
2015-07-05 04:00:00,1,0,1
2015-07-05 05:00:00,1,0,1
2015-07-05 06:00:00,14,7,7
2015-07-05 07:00:00,31,19,12
2015-07-05 08:00:00,55,26,29
2015-07-05 09:00:00,80,32,48
2015-07-05 10:00:00,114,70,44
2015-07-05 11:00:00,137,59,78
2015-07-05 12:00:00,112,61,51
2015-07-05 13:00:00,127,71,56
2015-07-05 14:00:00,101,37,64
2015-07-05 15:00:00,90,42,48
2015-07-05 16:00:00,97,37,60
2015-07-05 17:00:00,84,35,49
2015-07-05 18:00:00,71,35,36
2015-07-05 19:00:00,50,24,26
2015-07-05 20:00:00,63,31,32
2015-07-05 21:00:00,26,16,10
2015-07-05 22:00:00,13,5,8
2015-07-05 23:00:00,11,2,9
2015-07-06 00:00:00,7,2,5
2015-07-06 01:00:00,0,0,0
2015-07-06 02:00:00,0,0,0
2015-07-06 03:00:00,2,1,1
2015-07-06 04:00:00,2,2,0
2015-07-06 05:00:00,16,7,9
2015-07-06 06:00:00,60,34,26
2015-07-06 07:00:00,135,94,41
2015-07-06 08:00:00,242,186,56
2015-07-06 09:00:00,166,93,73
2015-07-06 10:00:00,57,36,21
2015-07-06 11:00:00,54,26,28
2015-07-06 12:00:00,37,16,21
2015-07-06 13:00:00,65,36,29
2015-07-06 14:00:00,40,27,13
2015-07-06 15:00:00,62,24,38
2015-07-06 16:00:00,125,50,75
2015-07-06 17:00:00,300,71,229
2015-07-06 18:00:00,250,64,186
2015-07-06 19:00:00,115,38,77
2015-07-06 20:00:00,83,27,56
2015-07-06 21:00:00,42,27,15
2015-07-06 22:00:00,14,4,10
2015-07-06 23:00:00,13,2,11
2015-07-07 00:00:00,2,0,2
2015-07-07 01:00:00,0,0,0
2015-07-07 02:00:00,0,0,0
2015-07-07 03:00:00,2,1,1
2015-07-07 04:00:00,1,1,0
2015-07-07 05:00:00,24,11,13
2015-07-07 06:00:00,61,38,23
2015-07-07 07:00:00,165,111,54
2015-07-07 08:00:00,267,212,55
2015-07-07 09:00:00,161,127,34
2015-07-07 10:00:00,63,44,19
2015-07-07 11:00:00,45,23,22
2015-07-07 12:00:00,53,34,19
2015-07-07 13:00:00,47,22,25
2015-07-07 14:00:00,63,37,26
2015-07-07 15:00:00,80,37,43
2015-07-07 16:00:00,155,62,93
2015-07-07 17:00:00,325,81,244
2015-07-07 18:00:00,259,61,198
2015-07-07 19:00:00,143,48,95
2015-07-07 20:00:00,85,31,54
2015-07-07 21:00:00,28,14,14
2015-07-07 22:00:00,16,4,12
2015-07-07 23:00:00,23,7,16
2015-07-08 00:00:00,5,2,3
2015-07-08 01:00:00,0,0,0
2015-07-08 02:00:00,1,0,1
2015-07-08 03:00:00,1,0,1
2015-07-08 04:00:00,3,2,1
2015-07-08 05:00:00,19,12,7
2015-07-08 06:00:00,76,49,27
2015-07-08 07:00:00,171,118,53
2015-07-08 08:00:00,243,185,58
2015-07-08 09:00:00,162,125,37
2015-07-08 10:00:00,76,43,33
2015-07-08 11:00:00,59,41,18
2015-07-08 12:00:00,73,38,35
2015-07-08 13:00:00,62,32,30
2015-07-08 14:00:00,55,26,29
2015-07-08 15:00:00,80,28,52
2015-07-08 16:00:00,155,70,85
2015-07-08 17:00:00,309,70,239
2015-07-08 18:00:00,268,58,210
2015-07-08 19:00:00,123,31,92
2015-07-08 20:00:00,90,38,52
2015-07-08 21:00:00,42,25,17
2015-07-08 22:00:00,21,5,16
2015-07-08 23:00:00,7,2,5
2015-07-09 00:00:00,4,3,1
2015-07-09 01:00:00,0,0,0
2015-07-09 02:00:00,1,0,1
2015-07-09 03:00:00,1,0,1
2015-07-09 04:00:00,2,2,0
2015-07-09 05:00:00,19,13,6
2015-07-09 06:00:00,69,38,31
2015-07-09 07:00:00,149,102,47
2015-07-09 08:00:00,248,184,64
2015-07-09 09:00:00,168,117,51
2015-07-09 10:00:00,55,34,21
2015-07-09 11:00:00,44,33,11
2015-07-09 12:00:00,74,31,43
2015-07-09 13:00:00,49,23,26
2015-07-09 14:00:00,65,34,31
2015-07-09 15:00:00,72,26,46
2015-07-09 16:00:00,164,70,94
2015-07-09 17:00:00,286,75,211
2015-07-09 18:00:00,306,106,200
2015-07-09 19:00:00,157,64,93
2015-07-09 20:00:00,122,45,77
2015-07-09 21:00:00,39,23,16
2015-07-09 22:00:00,28,11,17
2015-07-09 23:00:00,19,4,15
2015-07-10 00:00:00,3,1,2
2015-07-10 01:00:00,2,1,1
2015-07-10 02:00:00,1,0,1
2015-07-10 03:00:00,0,0,0
2015-07-10 04:00:00,2,0,2
2015-07-10 05:00:00,14,10,4
2015-07-10 06:00:00,55,30,25
2015-07-10 07:00:00,123,85,38
2015-07-10 08:00:00,178,145,33
2015-07-10 09:00:00,152,110,42
2015-07-10 10:00:00,60,46,14
2015-07-10 11:00:00,52,30,22
2015-07-10 12:00:00,57,25,32
2015-07-10 13:00:00,88,43,45
2015-07-10 14:00:00,67,34,33
2015-07-10 15:00:00,107,37,70
2015-07-10 16:00:00,145,59,86
2015-07-10 17:00:00,253,63,190
2015-07-10 18:00:00,180,56,124
2015-07-10 19:00:00,60,14,46
2015-07-10 20:00:00,44,23,21
2015-07-10 21:00:00,11,4,7
2015-07-10 22:00:00,27,7,20
2015-07-10 23:00:00,20,3,17
2015-07-11 00:00:00,5,3,2
2015-07-11 01:00:00,4,1,3
2015-07-11 02:00:00,1,0,1
2015-07-11 03:00:00,5,1,4
2015-07-11 04:00:00,1,1,0
2015-07-11 05:00:00,3,2,1
2015-07-11 06:00:00,11,8,3
2015-07-11 07:00:00,18,12,6
2015-07-11 08:00:00,37,18,19
2015-07-11 09:00:00,65,40,25
2015-07-11 10:00:00,71,30,41
2015-07-11 11:00:00,81,33,48
2015-07-11 12:00:00,79,36,43
2015-07-11 13:00:00,96,40,56
2015-07-11 14:00:00,79,30,49
2015-07-11 15:00:00,99,57,42
2015-07-11 16:00:00,106,48,58
2015-07-11 17:00:00,79,36,43
2015-07-11 18:00:00,101,64,37
2015-07-11 19:00:00,52,24,28
2015-07-11 20:00:00,27,11,16
2015-07-11 21:00:00,24,9,15
2015-07-11 22:00:00,14,6,8
2015-07-11 23:00:00,13,0,13
2015-07-12 00:00:00,6,2,4
2015-07-12 01:00:00,4,0,4
2015-07-12 02:00:00,2,1,1
2015-07-12 03:00:00,0,0,0
2015-07-12 04:00:00,0,0,0
2015-07-12 05:00:00,3,0,3
2015-07-12 06:00:00,8,6,2
2015-07-12 07:00:00,12,4,8
2015-07-12 08:00:00,44,26,18
2015-07-12 09:00:00,53,25,28
2015-07-12 10:00:00,81,30,51
2015-07-12 11:00:00,80,39,41
2015-07-12 12:00:00,115,69,46
2015-07-12 13:00:00,163,90,73
2015-07-12 14:00:00,125,67,58
2015-07-12 15:00:00,143,58,85
2015-07-12 16:00:00,176,62,114
2015-07-12 17:00:00,137,52,85
2015-07-12 18:00:00,105,50,55
2015-07-12 19:00:00,74,27,47
2015-07-12 20:00:00,57,31,26
2015-07-12 21:00:00,17,13,4
2015-07-12 22:00:00,19,9,10
2015-07-12 23:00:00,3,1,2
2015-07-13 00:00:00,3,1,2
2015-07-13 01:00:00,3,0,3
2015-07-13 02:00:00,0,0,0
2015-07-13 03:00:00,4,0,4
2015-07-13 04:00:00,2,0,2
2015-07-13 05:00:00,13,7,6
2015-07-13 06:00:00,48,33,15
2015-07-13 07:00:00,130,97,33
2015-07-13 08:00:00,228,183,45
2015-07-13 09:00:00,108,85,23
2015-07-13 10:00:00,47,35,12
2015-07-13 11:00:00,56,27,29
2015-07-13 12:00:00,48,24,24
2015-07-13 13:00:00,44,30,14
2015-07-13 14:00:00,60,25,35
2015-07-13 15:00:00,81,32,49
2015-07-13 16:00:00,161,71,90
2015-07-13 17:00:00,281,67,214
2015-07-13 18:00:00,217,59,158
2015-07-13 19:00:00,91,29,62
2015-07-13 20:00:00,70,32,38
2015-07-13 21:00:00,31,15,16
2015-07-13 22:00:00,16,3,13
2015-07-13 23:00:00,7,2,5
2015-07-14 00:00:00,5,2,3
2015-07-14 01:00:00,1,0,1
2015-07-14 02:00:00,2,0,2
2015-07-14 03:00:00,3,1,2
2015-07-14 04:00:00,0,0,0
2015-07-14 05:00:00,24,16,8
2015-07-14 06:00:00,60,37,23
2015-07-14 07:00:00,166,121,45
2015-07-14 08:00:00,269,197,72
2015-07-14 09:00:00,140,79,61
2015-07-14 10:00:00,61,39,22
2015-07-14 11:00:00,46,20,26
2015-07-14 12:00:00,46,23,23
2015-07-14 13:00:00,67,34,33
2015-07-14 14:00:00,66,34,32
2015-07-14 15:00:00,90,38,52
2015-07-14 16:00:00,161,59,102
2015-07-14 17:00:00,385,103,282
2015-07-14 18:00:00,286,69,217
2015-07-14 19:00:00,156,52,104
2015-07-14 20:00:00,86,37,49
2015-07-14 21:00:00,34,13,21
2015-07-14 22:00:00,21,11,10
2015-07-14 23:00:00,20,3,17
2015-07-15 00:00:00,4,1,3
2015-07-15 01:00:00,1,1,0
2015-07-15 02:00:00,3,1,2
2015-07-15 03:00:00,0,0,0
2015-07-15 04:00:00,1,0,1
2015-07-15 05:00:00,20,12,8
2015-07-15 06:00:00,63,36,27
2015-07-15 07:00:00,167,105,62
2015-07-15 08:00:00,267,189,78
2015-07-15 09:00:00,148,104,44
2015-07-15 10:00:00,77,50,27
2015-07-15 11:00:00,62,33,29
2015-07-15 12:00:00,64,36,28
2015-07-15 13:00:00,56,26,30
2015-07-15 14:00:00,58,23,35
2015-07-15 15:00:00,71,32,39
2015-07-15 16:00:00,166,53,113
2015-07-15 17:00:00,350,96,254
2015-07-15 18:00:00,256,61,195
2015-07-15 19:00:00,127,46,81
2015-07-15 20:00:00,91,50,41
2015-07-15 21:00:00,28,15,13
2015-07-15 22:00:00,4,2,2
2015-07-15 23:00:00,12,4,8
2015-07-16 00:00:00,8,2,6
2015-07-16 01:00:00,3,1,2
2015-07-16 02:00:00,3,1,2
2015-07-16 03:00:00,1,0,1
2015-07-16 04:00:00,1,0,1
2015-07-16 05:00:00,17,9,8
2015-07-16 06:00:00,55,33,22
2015-07-16 07:00:00,139,94,45
2015-07-16 08:00:00,241,178,63
2015-07-16 09:00:00,143,113,30
2015-07-16 10:00:00,76,45,31
2015-07-16 11:00:00,56,38,18
2015-07-16 12:00:00,76,32,44
2015-07-16 13:00:00,68,39,29
2015-07-16 14:00:00,90,48,42
2015-07-16 15:00:00,80,33,47
2015-07-16 16:00:00,184,74,110
2015-07-16 17:00:00,305,83,222
2015-07-16 18:00:00,204,62,142
2015-07-16 19:00:00,180,51,129
2015-07-16 20:00:00,70,19,51
2015-07-16 21:00:00,38,21,17
2015-07-16 22:00:00,25,10,15
2015-07-16 23:00:00,17,8,9
2015-07-17 00:00:00,7,1,6
2015-07-17 01:00:00,0,0,0
2015-07-17 02:00:00,0,0,0
2015-07-17 03:00:00,6,1,5
2015-07-17 04:00:00,0,0,0
2015-07-17 05:00:00,17,11,6
2015-07-17 06:00:00,61,29,32
2015-07-17 07:00:00,137,95,42
2015-07-17 08:00:00,232,185,47
2015-07-17 09:00:00,134,92,42
2015-07-17 10:00:00,50,32,18
2015-07-17 11:00:00,64,32,32
2015-07-17 12:00:00,70,39,31
2015-07-17 13:00:00,68,30,38
2015-07-17 14:00:00,104,43,61
2015-07-17 15:00:00,131,67,64
2015-07-17 16:00:00,179,59,120
2015-07-17 17:00:00,231,75,156
2015-07-17 18:00:00,176,53,123
2015-07-17 19:00:00,106,42,64
2015-07-17 20:00:00,74,32,42
2015-07-17 21:00:00,34,18,16
2015-07-17 22:00:00,35,12,23
2015-07-17 23:00:00,20,10,10
2015-07-18 00:00:00,6,1,5
2015-07-18 01:00:00,7,1,6
2015-07-18 02:00:00,3,1,2
2015-07-18 03:00:00,2,0,2
2015-07-18 04:00:00,2,0,2
2015-07-18 05:00:00,4,2,2
2015-07-18 06:00:00,17,11,6
2015-07-18 07:00:00,30,14,16
2015-07-18 08:00:00,53,23,30
2015-07-18 09:00:00,88,43,45
2015-07-18 10:00:00,125,73,52
2015-07-18 11:00:00,114,49,65
2015-07-18 12:00:00,109,60,49
2015-07-18 13:00:00,134,66,68
2015-07-18 14:00:00,109,51,58
2015-07-18 15:00:00,117,49,68
2015-07-18 16:00:00,150,67,83
2015-07-18 17:00:00,122,64,58
2015-07-18 18:00:00,129,74,55
2015-07-18 19:00:00,79,33,46
2015-07-18 20:00:00,77,38,39
2015-07-18 21:00:00,78,22,56
2015-07-18 22:00:00,35,21,14
2015-07-18 23:00:00,29,5,24
2015-07-19 00:00:00,7,1,6
2015-07-19 01:00:00,6,1,5
2015-07-19 02:00:00,4,0,4
2015-07-19 03:00:00,2,2,0
2015-07-19 04:00:00,4,1,3
2015-07-19 05:00:00,1,1,0
2015-07-19 06:00:00,6,3,3
2015-07-19 07:00:00,18,9,9
2015-07-19 08:00:00,49,21,28
2015-07-19 09:00:00,93,44,49
2015-07-19 10:00:00,104,60,44
2015-07-19 11:00:00,146,64,82
2015-07-19 12:00:00,152,84,68
2015-07-19 13:00:00,117,43,74
2015-07-19 14:00:00,110,37,73
2015-07-19 15:00:00,86,37,49
2015-07-19 16:00:00,78,41,37
2015-07-19 17:00:00,67,36,31
2015-07-19 18:00:00,54,22,32
2015-07-19 19:00:00,62,22,40
2015-07-19 20:00:00,41,20,21
2015-07-19 21:00:00,37,21,16
2015-07-19 22:00:00,9,3,6
2015-07-19 23:00:00,4,2,2
2015-07-20 00:00:00,3,2,1
2015-07-20 01:00:00,0,0,0
2015-07-20 02:00:00,0,0,0
2015-07-20 03:00:00,3,2,1
2015-07-20 04:00:00,1,0,1
2015-07-20 05:00:00,17,9,8
2015-07-20 06:00:00,45,25,20
2015-07-20 07:00:00,101,65,36
2015-07-20 08:00:00,217,179,38
2015-07-20 09:00:00,153,115,38
2015-07-20 10:00:00,69,50,19
2015-07-20 11:00:00,42,21,21
2015-07-20 12:00:00,60,30,30
2015-07-20 13:00:00,39,23,16
2015-07-20 14:00:00,37,19,18
2015-07-20 15:00:00,67,21,46
2015-07-20 16:00:00,140,43,97
2015-07-20 17:00:00,272,63,209
2015-07-20 18:00:00,232,51,181
2015-07-20 19:00:00,125,41,84
2015-07-20 20:00:00,84,27,57
2015-07-20 21:00:00,22,14,8
2015-07-20 22:00:00,9,3,6
2015-07-20 23:00:00,3,0,3
2015-07-21 00:00:00,4,0,4
2015-07-21 01:00:00,1,0,1
2015-07-21 02:00:00,0,0,0
2015-07-21 03:00:00,2,1,1
2015-07-21 04:00:00,3,2,1
2015-07-21 05:00:00,18,14,4
2015-07-21 06:00:00,77,48,29
2015-07-21 07:00:00,141,105,36
2015-07-21 08:00:00,263,206,57
2015-07-21 09:00:00,146,120,26
2015-07-21 10:00:00,40,27,13
2015-07-21 11:00:00,31,17,14
2015-07-21 12:00:00,41,16,25
2015-07-21 13:00:00,46,24,22
2015-07-21 14:00:00,64,31,33
2015-07-21 15:00:00,76,31,45
2015-07-21 16:00:00,141,50,91
2015-07-21 17:00:00,279,67,212
2015-07-21 18:00:00,239,49,190
2015-07-21 19:00:00,113,37,76
2015-07-21 20:00:00,56,22,34
2015-07-21 21:00:00,37,14,23
2015-07-21 22:00:00,16,7,9
2015-07-21 23:00:00,7,1,6
2015-07-22 00:00:00,3,0,3
2015-07-22 01:00:00,1,0,1
2015-07-22 02:00:00,1,0,1
2015-07-22 03:00:00,1,1,0
2015-07-22 04:00:00,1,1,0
2015-07-22 05:00:00,15,10,5
2015-07-22 06:00:00,61,34,27
2015-07-22 07:00:00,153,113,40
2015-07-22 08:00:00,266,202,64
2015-07-22 09:00:00,153,117,36
2015-07-22 10:00:00,69,44,25
2015-07-22 11:00:00,74,47,27
2015-07-22 12:00:00,53,26,27
2015-07-22 13:00:00,73,29,44
2015-07-22 14:00:00,55,19,36
2015-07-22 15:00:00,93,39,54
2015-07-22 16:00:00,178,71,107
2015-07-22 17:00:00,327,101,226
2015-07-22 18:00:00,272,63,209
2015-07-22 19:00:00,144,59,85
2015-07-22 20:00:00,73,28,45
2015-07-22 21:00:00,19,10,9
2015-07-22 22:00:00,14,7,7
2015-07-22 23:00:00,15,8,7
2015-07-23 00:00:00,7,0,7
2015-07-23 01:00:00,0,0,0
2015-07-23 02:00:00,1,0,1
2015-07-23 03:00:00,2,0,2
2015-07-23 04:00:00,1,1,0
2015-07-23 05:00:00,11,8,3
2015-07-23 06:00:00,56,29,27
2015-07-23 07:00:00,132,87,45
2015-07-23 08:00:00,245,197,48
2015-07-23 09:00:00,141,111,30
2015-07-23 10:00:00,75,39,36
2015-07-23 11:00:00,69,42,27
2015-07-23 12:00:00,73,44,29
2015-07-23 13:00:00,69,38,31
2015-07-23 14:00:00,66,31,35
2015-07-23 15:00:00,111,43,68
2015-07-23 16:00:00,178,78,100
2015-07-23 17:00:00,293,81,212
2015-07-23 18:00:00,261,68,193
2015-07-23 19:00:00,126,39,87
2015-07-23 20:00:00,75,21,54
2015-07-23 21:00:00,37,15,22
2015-07-23 22:00:00,24,6,18
2015-07-23 23:00:00,11,3,8
2015-07-24 00:00:00,12,4,8
2015-07-24 01:00:00,0,0,0
2015-07-24 02:00:00,6,3,3
2015-07-24 03:00:00,1,0,1
2015-07-24 04:00:00,2,1,1
2015-07-24 05:00:00,16,13,3
2015-07-24 06:00:00,41,17,24
2015-07-24 07:00:00,108,70,38
2015-07-24 08:00:00,206,158,48
2015-07-24 09:00:00,115,84,31
2015-07-24 10:00:00,66,32,34
2015-07-24 11:00:00,47,21,26
2015-07-24 12:00:00,46,23,23
2015-07-24 13:00:00,32,13,19
2015-07-24 14:00:00,46,23,23
2015-07-24 15:00:00,71,30,41
2015-07-24 16:00:00,113,31,82
2015-07-24 17:00:00,185,55,130
2015-07-24 18:00:00,154,39,115
2015-07-24 19:00:00,73,27,46
2015-07-24 20:00:00,44,15,29
2015-07-24 21:00:00,15,8,7
2015-07-24 22:00:00,15,5,10
2015-07-24 23:00:00,13,5,8
2015-07-25 00:00:00,6,1,5
2015-07-25 01:00:00,6,3,3
2015-07-25 02:00:00,0,0,0
2015-07-25 03:00:00,0,0,0
2015-07-25 04:00:00,0,0,0
2015-07-25 05:00:00,2,1,1
2015-07-25 06:00:00,10,6,4
2015-07-25 07:00:00,23,11,12
2015-07-25 08:00:00,27,18,9
2015-07-25 09:00:00,31,20,11
2015-07-25 10:00:00,38,22,16
2015-07-25 11:00:00,73,41,32
2015-07-25 12:00:00,70,32,38
2015-07-25 13:00:00,81,45,36
2015-07-25 14:00:00,79,40,39
2015-07-25 15:00:00,88,41,47
2015-07-25 16:00:00,62,24,38
2015-07-25 17:00:00,65,25,40
2015-07-25 18:00:00,69,36,33
2015-07-25 19:00:00,39,20,19
2015-07-25 20:00:00,37,13,24
2015-07-25 21:00:00,10,4,6
2015-07-25 22:00:00,13,2,11
2015-07-25 23:00:00,10,4,6
2015-07-26 00:00:00,2,1,1
2015-07-26 01:00:00,2,0,2
2015-07-26 02:00:00,4,1,3
2015-07-26 03:00:00,3,0,3
2015-07-26 04:00:00,0,0,0
2015-07-26 05:00:00,1,0,1
2015-07-26 06:00:00,3,3,0
2015-07-26 07:00:00,9,7,2
2015-07-26 08:00:00,45,22,23
2015-07-26 09:00:00,55,31,24
2015-07-26 10:00:00,81,31,50
2015-07-26 11:00:00,88,36,52
2015-07-26 12:00:00,86,48,38
2015-07-26 13:00:00,123,65,58
2015-07-26 14:00:00,93,49,44
2015-07-26 15:00:00,95,49,46
2015-07-26 16:00:00,47,21,26
2015-07-26 17:00:00,21,6,15
2015-07-26 18:00:00,12,7,5
2015-07-26 19:00:00,22,5,17
2015-07-26 20:00:00,35,15,20
2015-07-26 21:00:00,14,9,5
2015-07-26 22:00:00,6,1,5
2015-07-26 23:00:00,8,2,6
2015-07-27 00:00:00,6,0,6
2015-07-27 01:00:00,0,0,0
2015-07-27 02:00:00,0,0,0
2015-07-27 03:00:00,4,2,2
2015-07-27 04:00:00,0,0,0
2015-07-27 05:00:00,9,4,5
2015-07-27 06:00:00,62,39,23
2015-07-27 07:00:00,124,92,32
2015-07-27 08:00:00,226,178,48
2015-07-27 09:00:00,130,103,27
2015-07-27 10:00:00,64,34,30
2015-07-27 11:00:00,65,25,40
2015-07-27 12:00:00,60,34,26
2015-07-27 13:00:00,68,37,31
2015-07-27 14:00:00,82,40,42
2015-07-27 15:00:00,93,37,56
2015-07-27 16:00:00,161,75,86
2015-07-27 17:00:00,283,75,208
2015-07-27 18:00:00,228,73,155
2015-07-27 19:00:00,119,42,77
2015-07-27 20:00:00,71,28,43
2015-07-27 21:00:00,31,12,19
2015-07-27 22:00:00,11,4,7
2015-07-27 23:00:00,13,3,10
2015-07-28 00:00:00,1,0,1
2015-07-28 01:00:00,1,0,1
2015-07-28 02:00:00,0,0,0
2015-07-28 03:00:00,0,0,0
2015-07-28 04:00:00,2,0,2
2015-07-28 05:00:00,12,6,6
2015-07-28 06:00:00,58,36,22
2015-07-28 07:00:00,160,121,39
2015-07-28 08:00:00,257,199,58
2015-07-28 09:00:00,162,116,46
2015-07-28 10:00:00,79,49,30
2015-07-28 11:00:00,47,27,20
2015-07-28 12:00:00,65,33,32
2015-07-28 13:00:00,67,30,37
2015-07-28 14:00:00,68,38,30
2015-07-28 15:00:00,84,30,54
2015-07-28 16:00:00,171,66,105
2015-07-28 17:00:00,324,91,233
2015-07-28 18:00:00,288,68,220
2015-07-28 19:00:00,165,59,106
2015-07-28 20:00:00,118,63,55
2015-07-28 21:00:00,56,34,22
2015-07-28 22:00:00,39,17,22
2015-07-28 23:00:00,7,2,5
2015-07-29 00:00:00,6,3,3
2015-07-29 01:00:00,2,0,2
2015-07-29 02:00:00,1,0,1
2015-07-29 03:00:00,0,0,0
2015-07-29 04:00:00,1,0,1
2015-07-29 05:00:00,20,13,7
2015-07-29 06:00:00,81,50,31
2015-07-29 07:00:00,155,104,51
2015-07-29 08:00:00,238,176,62
2015-07-29 09:00:00,158,95,63
2015-07-29 10:00:00,65,39,26
2015-07-29 11:00:00,50,26,24
2015-07-29 12:00:00,83,55,28
2015-07-29 13:00:00,91,49,42
2015-07-29 14:00:00,71,27,44
2015-07-29 15:00:00,107,42,65
2015-07-29 16:00:00,158,43,115
2015-07-29 17:00:00,311,80,231
2015-07-29 18:00:00,281,76,205
2015-07-29 19:00:00,137,55,82
2015-07-29 20:00:00,98,32,66
2015-07-29 21:00:00,41,23,18
2015-07-29 22:00:00,20,8,12
2015-07-29 23:00:00,7,2,5
2015-07-30 00:00:00,8,3,5
2015-07-30 01:00:00,2,0,2
2015-07-30 02:00:00,4,0,4
2015-07-30 03:00:00,3,2,1
2015-07-30 04:00:00,5,3,2
2015-07-30 05:00:00,18,11,7
2015-07-30 06:00:00,63,38,25
2015-07-30 07:00:00,130,83,47
2015-07-30 08:00:00,267,211,56
2015-07-30 09:00:00,158,105,53
2015-07-30 10:00:00,96,50,46
2015-07-30 11:00:00,65,40,25
2015-07-30 12:00:00,92,50,42
2015-07-30 13:00:00,48,27,21
2015-07-30 14:00:00,75,34,41
2015-07-30 15:00:00,79,34,45
2015-07-30 16:00:00,138,54,84
2015-07-30 17:00:00,293,83,210
2015-07-30 18:00:00,241,76,165
2015-07-30 19:00:00,116,51,65
2015-07-30 20:00:00,86,41,45
2015-07-30 21:00:00,38,17,21
2015-07-30 22:00:00,34,13,21
2015-07-30 23:00:00,6,0,6
2015-07-31 00:00:00,16,3,13
2015-07-31 01:00:00,13,6,7
2015-07-31 02:00:00,4,0,4
2015-07-31 03:00:00,1,0,1
2015-07-31 04:00:00,2,2,0
2015-07-31 05:00:00,19,12,7
2015-07-31 06:00:00,60,35,25
2015-07-31 07:00:00,94,59,35
2015-07-31 08:00:00,243,173,70
2015-07-31 09:00:00,175,106,69
2015-07-31 10:00:00,81,47,34
2015-07-31 11:00:00,73,37,36
2015-07-31 12:00:00,66,32,34
2015-07-31 13:00:00,78,40,38
2015-07-31 14:00:00,83,39,44
2015-07-31 15:00:00,116,49,67
2015-07-31 16:00:00,166,73,93
2015-07-31 17:00:00,265,64,201
2015-07-31 18:00:00,152,43,109
2015-07-31 19:00:00,118,50,68
2015-07-31 20:00:00,69,32,37
2015-07-31 21:00:00,41,15,26
2015-07-31 22:00:00,20,10,10
2015-07-31 23:00:00,15,5,10
2015-08-01 00:00:00,12,7,5
2015-08-01 01:00:00,2,0,2
2015-08-01 02:00:00,3,1,2
2015-08-01 03:00:00,3,1,2
2015-08-01 04:00:00,1,0,1
2015-08-01 05:00:00,5,5,0
2015-08-01 06:00:00,7,5,2
2015-08-01 07:00:00,27,15,12
2015-08-01 08:00:00,58,28,30
2015-08-01 09:00:00,62,31,31
2015-08-01 10:00:00,118,69,49
2015-08-01 11:00:00,129,71,58
2015-08-01 12:00:00,127,67,60
2015-08-01 13:00:00,116,55,61
2015-08-01 14:00:00,131,67,64
2015-08-01 15:00:00,158,67,91
2015-08-01 16:00:00,112,61,51
2015-08-01 17:00:00,88,52,36
2015-08-01 18:00:00,107,70,37
2015-08-01 19:00:00,69,35,34
2015-08-01 20:00:00,68,25,43
2015-08-01 21:00:00,62,9,53
2015-08-01 22:00:00,20,7,13
2015-08-01 23:00:00,18,8,10
2015-08-02 00:00:00,5,1,4
2015-08-02 01:00:00,3,0,3
2015-08-02 02:00:00,2,1,1
2015-08-02 03:00:00,2,0,2
2015-08-02 04:00:00,2,1,1
2015-08-02 05:00:00,1,1,0
2015-08-02 06:00:00,8,5,3
2015-08-02 07:00:00,21,9,12
2015-08-02 08:00:00,64,29,35
2015-08-02 09:00:00,81,41,40
2015-08-02 10:00:00,130,72,58
2015-08-02 11:00:00,94,54,40
2015-08-02 12:00:00,116,63,53
2015-08-02 13:00:00,124,65,59
2015-08-02 14:00:00,135,64,71
2015-08-02 15:00:00,158,65,93
2015-08-02 16:00:00,141,61,80
2015-08-02 17:00:00,101,38,63
2015-08-02 18:00:00,100,45,55
2015-08-02 19:00:00,87,32,55
2015-08-02 20:00:00,93,52,41
2015-08-02 21:00:00,33,22,11
2015-08-02 22:00:00,19,12,7
2015-08-02 23:00:00,4,1,3
2015-08-03 00:00:00,4,1,3
2015-08-03 01:00:00,0,0,0
2015-08-03 02:00:00,4,0,4
2015-08-03 03:00:00,2,0,2
2015-08-03 04:00:00,0,0,0
2015-08-03 05:00:00,14,10,4
2015-08-03 06:00:00,57,33,24
2015-08-03 07:00:00,120,84,36
2015-08-03 08:00:00,253,200,53
2015-08-03 09:00:00,136,105,31
2015-08-03 10:00:00,73,39,34
2015-08-03 11:00:00,49,38,11
2015-08-03 12:00:00,71,29,42
2015-08-03 13:00:00,69,37,32
2015-08-03 14:00:00,70,38,32
2015-08-03 15:00:00,82,34,48
2015-08-03 16:00:00,160,49,111
2015-08-03 17:00:00,285,63,222
2015-08-03 18:00:00,235,56,179
2015-08-03 19:00:00,116,48,68
2015-08-03 20:00:00,85,33,52
2015-08-03 21:00:00,31,13,18
2015-08-03 22:00:00,22,11,11
2015-08-03 23:00:00,13,7,6
2015-08-04 00:00:00,14,2,12
2015-08-04 01:00:00,3,0,3
2015-08-04 02:00:00,1,0,1
2015-08-04 03:00:00,2,0,2
2015-08-04 04:00:00,1,0,1
2015-08-04 05:00:00,15,8,7
2015-08-04 06:00:00,63,41,22
2015-08-04 07:00:00,150,107,43
2015-08-04 08:00:00,232,185,47
2015-08-04 09:00:00,153,112,41
2015-08-04 10:00:00,55,35,20
2015-08-04 11:00:00,51,30,21
2015-08-04 12:00:00,74,36,38
2015-08-04 13:00:00,78,35,43
2015-08-04 14:00:00,95,40,55
2015-08-04 15:00:00,84,35,49
2015-08-04 16:00:00,175,70,105
2015-08-04 17:00:00,302,85,217
2015-08-04 18:00:00,255,71,184
2015-08-04 19:00:00,108,39,69
2015-08-04 20:00:00,69,27,42
2015-08-04 21:00:00,26,11,15
2015-08-04 22:00:00,7,3,4
2015-08-04 23:00:00,7,4,3
2015-08-05 00:00:00,4,1,3
2015-08-05 01:00:00,1,0,1
2015-08-05 02:00:00,1,0,1
2015-08-05 03:00:00,0,0,0
2015-08-05 04:00:00,1,0,1
2015-08-05 05:00:00,11,6,5
2015-08-05 06:00:00,71,42,29
2015-08-05 07:00:00,136,84,52
2015-08-05 08:00:00,220,168,52
2015-08-05 09:00:00,145,108,37
2015-08-05 10:00:00,64,29,35
2015-08-05 11:00:00,51,35,16
2015-08-05 12:00:00,41,23,18
2015-08-05 13:00:00,58,24,34
2015-08-05 14:00:00,60,30,30
2015-08-05 15:00:00,66,28,38
2015-08-05 16:00:00,135,56,79
2015-08-05 17:00:00,227,72,155
2015-08-05 18:00:00,223,55,168
2015-08-05 19:00:00,104,32,72
2015-08-05 20:00:00,38,12,26
2015-08-05 21:00:00,16,8,8
2015-08-05 22:00:00,11,2,9
2015-08-05 23:00:00,6,2,4
2015-08-06 00:00:00,3,0,3
2015-08-06 01:00:00,1,0,1
2015-08-06 02:00:00,0,0,0
2015-08-06 03:00:00,1,0,1
2015-08-06 04:00:00,2,0,2
2015-08-06 05:00:00,18,8,10
2015-08-06 06:00:00,65,39,26
2015-08-06 07:00:00,113,74,39
2015-08-06 08:00:00,217,159,58
2015-08-06 09:00:00,169,121,48
2015-08-06 10:00:00,73,38,35
2015-08-06 11:00:00,73,42,31
2015-08-06 12:00:00,69,41,28
2015-08-06 13:00:00,72,39,33
2015-08-06 14:00:00,84,45,39
2015-08-06 15:00:00,72,31,41
2015-08-06 16:00:00,156,65,91
2015-08-06 17:00:00,254,67,187
2015-08-06 18:00:00,271,74,197
2015-08-06 19:00:00,115,37,78
2015-08-06 20:00:00,82,25,57
2015-08-06 21:00:00,41,26,15
2015-08-06 22:00:00,17,4,13
2015-08-06 23:00:00,7,3,4
2015-08-07 00:00:00,5,2,3
2015-08-07 01:00:00,6,2,4
2015-08-07 02:00:00,5,1,4
2015-08-07 03:00:00,4,0,4
2015-08-07 04:00:00,1,1,0
2015-08-07 05:00:00,17,9,8
2015-08-07 06:00:00,50,35,15
2015-08-07 07:00:00,125,82,43
2015-08-07 08:00:00,213,156,57
2015-08-07 09:00:00,129,80,49
2015-08-07 10:00:00,58,33,25
2015-08-07 11:00:00,64,25,39
2015-08-07 12:00:00,79,43,36
2015-08-07 13:00:00,78,47,31
2015-08-07 14:00:00,91,47,44
2015-08-07 15:00:00,133,63,70
2015-08-07 16:00:00,161,57,104
2015-08-07 17:00:00,242,80,162
2015-08-07 18:00:00,186,54,132
2015-08-07 19:00:00,85,29,56
2015-08-07 20:00:00,70,31,39
2015-08-07 21:00:00,25,11,14
2015-08-07 22:00:00,23,4,19
2015-08-07 23:00:00,27,2,25
2015-08-08 00:00:00,18,1,17
2015-08-08 01:00:00,28,0,28
2015-08-08 02:00:00,14,1,13
2015-08-08 03:00:00,2,0,2
2015-08-08 04:00:00,4,1,3
2015-08-08 05:00:00,7,2,5
2015-08-08 06:00:00,10,7,3
2015-08-08 07:00:00,34,21,13
2015-08-08 08:00:00,37,15,22
2015-08-08 09:00:00,59,34,25
2015-08-08 10:00:00,87,49,38
2015-08-08 11:00:00,69,30,39
2015-08-08 12:00:00,107,68,39
2015-08-08 13:00:00,117,58,59
2015-08-08 14:00:00,105,43,62
2015-08-08 15:00:00,140,51,89
2015-08-08 16:00:00,104,40,64
2015-08-08 17:00:00,100,38,62
2015-08-08 18:00:00,83,38,45
2015-08-08 19:00:00,70,22,48
2015-08-08 20:00:00,34,11,23
2015-08-08 21:00:00,20,12,8
2015-08-08 22:00:00,7,4,3
2015-08-08 23:00:00,9,3,6
2015-08-09 00:00:00,9,1,8
2015-08-09 01:00:00,1,0,1
2015-08-09 02:00:00,4,0,4
2015-08-09 03:00:00,4,0,4
2015-08-09 04:00:00,1,0,1
2015-08-09 05:00:00,3,1,2
2015-08-09 06:00:00,7,6,1
2015-08-09 07:00:00,18,12,6
2015-08-09 08:00:00,39,20,19
2015-08-09 09:00:00,79,46,33
2015-08-09 10:00:00,90,54,36
2015-08-09 11:00:00,126,67,59
2015-08-09 12:00:00,119,59,60
2015-08-09 13:00:00,128,68,60
2015-08-09 14:00:00,173,77,96
2015-08-09 15:00:00,168,93,75
2015-08-09 16:00:00,163,67,96
2015-08-09 17:00:00,136,64,72
2015-08-09 18:00:00,92,32,60
2015-08-09 19:00:00,90,36,54
2015-08-09 20:00:00,65,29,36
2015-08-09 21:00:00,35,27,8
2015-08-09 22:00:00,15,3,12
2015-08-09 23:00:00,7,1,6
2015-08-10 00:00:00,0,0,0
2015-08-10 01:00:00,1,0,1
2015-08-10 02:00:00,9,4,5
2015-08-10 03:00:00,2,0,2
2015-08-10 04:00:00,1,0,1
2015-08-10 05:00:00,12,4,8
2015-08-10 06:00:00,53,35,18
2015-08-10 07:00:00,133,92,41
2015-08-10 08:00:00,211,156,55
2015-08-10 09:00:00,135,94,41
2015-08-10 10:00:00,54,25,29
2015-08-10 11:00:00,47,26,21
2015-08-10 12:00:00,32,22,10
2015-08-10 13:00:00,50,26,24
2015-08-10 14:00:00,70,33,37
2015-08-10 15:00:00,78,35,43
2015-08-10 16:00:00,128,65,63
2015-08-10 17:00:00,269,77,192
2015-08-10 18:00:00,217,45,172
2015-08-10 19:00:00,133,60,73
2015-08-10 20:00:00,69,37,32
2015-08-10 21:00:00,23,9,14
2015-08-10 22:00:00,25,6,19
2015-08-10 23:00:00,7,4,3
2015-08-11 00:00:00,3,0,3
2015-08-11 01:00:00,3,0,3
2015-08-11 02:00:00,5,1,4
2015-08-11 03:00:00,2,2,0
2015-08-11 04:00:00,1,0,1
2015-08-11 05:00:00,12,6,6
2015-08-11 06:00:00,53,35,18
2015-08-11 07:00:00,161,108,53
2015-08-11 08:00:00,212,162,50
2015-08-11 09:00:00,144,94,50
2015-08-11 10:00:00,66,49,17
2015-08-11 11:00:00,80,46,34
2015-08-11 12:00:00,71,41,30
2015-08-11 13:00:00,49,21,28
2015-08-11 14:00:00,59,27,32
2015-08-11 15:00:00,78,37,41
2015-08-11 16:00:00,144,60,84
2015-08-11 17:00:00,311,83,228
2015-08-11 18:00:00,236,69,167
2015-08-11 19:00:00,131,46,85
2015-08-11 20:00:00,78,35,43
2015-08-11 21:00:00,22,9,13
2015-08-11 22:00:00,12,2,10
2015-08-11 23:00:00,16,5,11
2015-08-12 00:00:00,7,1,6
2015-08-12 01:00:00,3,0,3
2015-08-12 02:00:00,2,0,2
2015-08-12 03:00:00,0,0,0
2015-08-12 04:00:00,0,0,0
2015-08-12 05:00:00,11,7,4
2015-08-12 06:00:00,65,39,26
2015-08-12 07:00:00,107,72,35
2015-08-12 08:00:00,238,170,68
2015-08-12 09:00:00,141,104,37
2015-08-12 10:00:00,60,38,22
2015-08-12 11:00:00,41,27,14
2015-08-12 12:00:00,45,34,11
2015-08-12 13:00:00,39,21,18
2015-08-12 14:00:00,49,26,23
2015-08-12 15:00:00,73,36,37
2015-08-12 16:00:00,169,57,112
2015-08-12 17:00:00,265,73,192
2015-08-12 18:00:00,222,64,158
2015-08-12 19:00:00,113,38,75
2015-08-12 20:00:00,59,21,38
2015-08-12 21:00:00,21,14,7
2015-08-12 22:00:00,20,13,7
2015-08-12 23:00:00,6,2,4
2015-08-13 00:00:00,4,1,3
2015-08-13 01:00:00,1,1,0
2015-08-13 02:00:00,2,0,2
2015-08-13 03:00:00,3,0,3
2015-08-13 04:00:00,0,0,0
2015-08-13 05:00:00,4,3,1
2015-08-13 06:00:00,57,39,18
2015-08-13 07:00:00,113,75,38
2015-08-13 08:00:00,227,169,58
2015-08-13 09:00:00,136,104,32
2015-08-13 10:00:00,71,48,23
2015-08-13 11:00:00,55,35,20
2015-08-13 12:00:00,81,44,37
2015-08-13 13:00:00,76,40,36
2015-08-13 14:00:00,64,37,27
2015-08-13 15:00:00,87,45,42
2015-08-13 16:00:00,127,61,66
2015-08-13 17:00:00,232,59,173
2015-08-13 18:00:00,207,69,138
2015-08-13 19:00:00,113,37,76
2015-08-13 20:00:00,103,45,58
2015-08-13 21:00:00,24,13,11
2015-08-13 22:00:00,24,15,9
2015-08-13 23:00:00,2,1,1
2015-08-14 00:00:00,4,1,3
2015-08-14 01:00:00,3,1,2
2015-08-14 02:00:00,10,5,5
2015-08-14 03:00:00,1,0,1
2015-08-14 04:00:00,3,2,1
2015-08-14 05:00:00,7,2,5
2015-08-14 06:00:00,29,16,13
2015-08-14 07:00:00,55,23,32
2015-08-14 08:00:00,93,60,33
2015-08-14 09:00:00,73,48,25
2015-08-14 10:00:00,47,31,16
2015-08-14 11:00:00,28,14,14
2015-08-14 12:00:00,30,13,17
2015-08-14 13:00:00,28,11,17
2015-08-14 14:00:00,17,8,9
2015-08-14 15:00:00,19,11,8
2015-08-14 16:00:00,30,14,16
2015-08-14 17:00:00,39,12,27
2015-08-14 18:00:00,41,16,25
2015-08-14 19:00:00,24,16,8
2015-08-14 20:00:00,42,27,15
2015-08-14 21:00:00,13,10,3
2015-08-14 22:00:00,1,1,0
2015-08-14 23:00:00,7,2,5
2015-08-15 00:00:00,10,3,7
2015-08-15 01:00:00,3,2,1
2015-08-15 02:00:00,1,0,1
2015-08-15 03:00:00,11,10,1
2015-08-15 04:00:00,1,0,1
2015-08-15 05:00:00,1,1,0
2015-08-15 06:00:00,6,6,0
2015-08-15 07:00:00,10,4,6
2015-08-15 08:00:00,26,15,11
2015-08-15 09:00:00,28,15,13
2015-08-15 10:00:00,27,11,16
2015-08-15 11:00:00,46,15,31
2015-08-15 12:00:00,32,18,14
2015-08-15 13:00:00,43,28,15
2015-08-15 14:00:00,44,23,21
2015-08-15 15:00:00,24,10,14
2015-08-15 16:00:00,27,18,9
2015-08-15 17:00:00,34,11,23
2015-08-15 18:00:00,24,6,18
2015-08-15 19:00:00,26,15,11
2015-08-15 20:00:00,36,22,14
2015-08-15 21:00:00,22,17,5
2015-08-15 22:00:00,16,14,2
2015-08-15 23:00:00,0,0,0
2015-08-16 00:00:00,6,1,5
2015-08-16 01:00:00,6,3,3
2015-08-16 02:00:00,1,1,0
2015-08-16 03:00:00,0,0,0
2015-08-16 04:00:00,13,13,0
2015-08-16 05:00:00,2,1,1
2015-08-16 06:00:00,3,2,1
2015-08-16 07:00:00,9,7,2
2015-08-16 08:00:00,35,25,10
2015-08-16 09:00:00,25,14,11
2015-08-16 10:00:00,45,18,27
2015-08-16 11:00:00,81,39,42
2015-08-16 12:00:00,72,31,41
2015-08-16 13:00:00,67,31,36
2015-08-16 14:00:00,56,26,30
2015-08-16 15:00:00,39,21,18
2015-08-16 16:00:00,40,18,22
2015-08-16 17:00:00,29,16,13
2015-08-16 18:00:00,37,21,16
2015-08-16 19:00:00,37,15,22
2015-08-16 20:00:00,45,35,10
2015-08-16 21:00:00,10,6,4
2015-08-16 22:00:00,37,37,0
2015-08-16 23:00:00,23,21,2
2015-08-17 00:00:00,14,12,2
2015-08-17 01:00:00,2,1,1
2015-08-17 02:00:00,4,3,1
2015-08-17 03:00:00,9,3,6
2015-08-17 04:00:00,20,10,10
2015-08-17 05:00:00,14,8,6
2015-08-17 06:00:00,55,28,27
2015-08-17 07:00:00,121,86,35
2015-08-17 08:00:00,211,163,48
2015-08-17 09:00:00,138,104,34
2015-08-17 10:00:00,56,34,22
2015-08-17 11:00:00,43,19,24
2015-08-17 12:00:00,44,21,23
2015-08-17 13:00:00,51,30,21
2015-08-17 14:00:00,60,26,34
2015-08-17 15:00:00,80,39,41
2015-08-17 16:00:00,173,82,91
2015-08-17 17:00:00,261,75,186
2015-08-17 18:00:00,236,66,170
2015-08-17 19:00:00,136,53,83
2015-08-17 20:00:00,64,33,31
2015-08-17 21:00:00,22,12,10
2015-08-17 22:00:00,10,4,6
2015-08-17 23:00:00,6,2,4
2015-08-18 00:00:00,5,3,2
2015-08-18 01:00:00,1,0,1
2015-08-18 02:00:00,3,1,2
2015-08-18 03:00:00,0,0,0
2015-08-18 04:00:00,0,0,0
2015-08-18 05:00:00,13,6,7
2015-08-18 06:00:00,63,39,24
2015-08-18 07:00:00,138,100,38
2015-08-18 08:00:00,254,197,57
2015-08-18 09:00:00,149,103,46
2015-08-18 10:00:00,58,39,19
2015-08-18 11:00:00,73,42,31
2015-08-18 12:00:00,58,32,26
2015-08-18 13:00:00,47,22,25
2015-08-18 14:00:00,58,29,29
2015-08-18 15:00:00,100,52,48
2015-08-18 16:00:00,127,55,72
2015-08-18 17:00:00,305,68,237
2015-08-18 18:00:00,280,64,216
2015-08-18 19:00:00,129,48,81
2015-08-18 20:00:00,82,36,46
2015-08-18 21:00:00,17,11,6
2015-08-18 22:00:00,17,7,10
2015-08-18 23:00:00,13,6,7
2015-08-19 00:00:00,9,6,3
2015-08-19 01:00:00,0,0,0
2015-08-19 02:00:00,2,1,1
2015-08-19 03:00:00,1,0,1
2015-08-19 04:00:00,1,0,1
2015-08-19 05:00:00,14,8,6
2015-08-19 06:00:00,54,31,23
2015-08-19 07:00:00,132,94,38
2015-08-19 08:00:00,255,202,53
2015-08-19 09:00:00,145,108,37
2015-08-19 10:00:00,41,24,17
2015-08-19 11:00:00,61,32,29
2015-08-19 12:00:00,70,35,35
2015-08-19 13:00:00,49,25,24
2015-08-19 14:00:00,72,41,31
2015-08-19 15:00:00,85,45,40
2015-08-19 16:00:00,155,75,80
2015-08-19 17:00:00,284,62,222
2015-08-19 18:00:00,240,78,162
2015-08-19 19:00:00,144,57,87
2015-08-19 20:00:00,91,44,47
2015-08-19 21:00:00,65,15,50
2015-08-19 22:00:00,19,3,16
2015-08-19 23:00:00,14,3,11
2015-08-20 00:00:00,7,1,6
2015-08-20 01:00:00,0,0,0
2015-08-20 02:00:00,1,0,1
2015-08-20 03:00:00,2,0,2
2015-08-20 04:00:00,5,4,1
2015-08-20 05:00:00,14,7,7
2015-08-20 06:00:00,56,35,21
2015-08-20 07:00:00,139,102,37
2015-08-20 08:00:00,194,155,39
2015-08-20 09:00:00,145,108,37
2015-08-20 10:00:00,59,43,16
2015-08-20 11:00:00,54,25,29
2015-08-20 12:00:00,47,17,30
2015-08-20 13:00:00,31,12,19
2015-08-20 14:00:00,54,33,21
2015-08-20 15:00:00,90,55,35
2015-08-20 16:00:00,151,53,98
2015-08-20 17:00:00,232,64,168
2015-08-20 18:00:00,224,46,178
2015-08-20 19:00:00,123,45,78
2015-08-20 20:00:00,94,35,59
2015-08-20 21:00:00,17,4,13
2015-08-20 22:00:00,14,7,7
2015-08-20 23:00:00,6,2,4
2015-08-21 00:00:00,6,3,3
2015-08-21 01:00:00,1,1,0
2015-08-21 02:00:00,1,1,0
2015-08-21 03:00:00,3,0,3
2015-08-21 04:00:00,1,1,0
2015-08-21 05:00:00,12,8,4
2015-08-21 06:00:00,50,31,19
2015-08-21 07:00:00,101,76,25
2015-08-21 08:00:00,175,131,44
2015-08-21 09:00:00,119,91,28
2015-08-21 10:00:00,59,40,19
2015-08-21 11:00:00,41,27,14
2015-08-21 12:00:00,57,22,35
2015-08-21 13:00:00,56,28,28
2015-08-21 14:00:00,60,27,33
2015-08-21 15:00:00,97,36,61
2015-08-21 16:00:00,153,59,94
2015-08-21 17:00:00,210,67,143
2015-08-21 18:00:00,143,51,92
2015-08-21 19:00:00,91,31,60
2015-08-21 20:00:00,58,27,31
2015-08-21 21:00:00,19,10,9
2015-08-21 22:00:00,16,8,8
2015-08-21 23:00:00,10,0,10
2015-08-22 00:00:00,18,4,14
2015-08-22 01:00:00,1,0,1
2015-08-22 02:00:00,0,0,0
2015-08-22 03:00:00,4,1,3
2015-08-22 04:00:00,1,0,1
2015-08-22 05:00:00,4,3,1
2015-08-22 06:00:00,14,8,6
2015-08-22 07:00:00,20,10,10
2015-08-22 08:00:00,52,17,35
2015-08-22 09:00:00,64,40,24
2015-08-22 10:00:00,78,39,39
2015-08-22 11:00:00,95,53,42
2015-08-22 12:00:00,129,68,61
2015-08-22 13:00:00,82,31,51
2015-08-22 14:00:00,126,59,67
2015-08-22 15:00:00,152,74,78
2015-08-22 16:00:00,120,57,63
2015-08-22 17:00:00,128,60,68
2015-08-22 18:00:00,97,55,42
2015-08-22 19:00:00,66,33,33
2015-08-22 20:00:00,43,18,25
2015-08-22 21:00:00,10,5,5
2015-08-22 22:00:00,18,1,17
2015-08-22 23:00:00,20,6,14
2015-08-23 00:00:00,1,0,1
2015-08-23 01:00:00,10,9,1
2015-08-23 02:00:00,2,1,1
2015-08-23 03:00:00,6,2,4
2015-08-23 04:00:00,1,0,1
2015-08-23 05:00:00,1,1,0
2015-08-23 06:00:00,7,5,2
2015-08-23 07:00:00,17,11,6
2015-08-23 08:00:00,52,20,32
2015-08-23 09:00:00,73,43,30
2015-08-23 10:00:00,97,52,45
2015-08-23 11:00:00,134,60,74
2015-08-23 12:00:00,162,97,65
2015-08-23 13:00:00,139,69,70
2015-08-23 14:00:00,112,42,70
2015-08-23 15:00:00,136,66,70
2015-08-23 16:00:00,151,52,99
2015-08-23 17:00:00,96,42,54
2015-08-23 18:00:00,94,46,48
2015-08-23 19:00:00,76,38,38
2015-08-23 20:00:00,45,8,37
2015-08-23 21:00:00,20,9,11
2015-08-23 22:00:00,8,0,8
2015-08-23 23:00:00,5,1,4
2015-08-24 00:00:00,2,0,2
2015-08-24 01:00:00,2,0,2
2015-08-24 02:00:00,1,0,1
2015-08-24 03:00:00,2,0,2
2015-08-24 04:00:00,1,0,1
2015-08-24 05:00:00,14,6,8
2015-08-24 06:00:00,47,34,13
2015-08-24 07:00:00,137,94,43
2015-08-24 08:00:00,210,164,46
2015-08-24 09:00:00,161,117,44
2015-08-24 10:00:00,58,38,20
2015-08-24 11:00:00,49,27,22
2015-08-24 12:00:00,54,24,30
2015-08-24 13:00:00,41,19,22
2015-08-24 14:00:00,61,36,25
2015-08-24 15:00:00,87,41,46
2015-08-24 16:00:00,137,50,87
2015-08-24 17:00:00,289,80,209
2015-08-24 18:00:00,214,50,164
2015-08-24 19:00:00,105,32,73
2015-08-24 20:00:00,67,38,29
2015-08-24 21:00:00,9,2,7
2015-08-24 22:00:00,18,5,13
2015-08-24 23:00:00,14,2,12
2015-08-25 00:00:00,3,0,3
2015-08-25 01:00:00,4,1,3
2015-08-25 02:00:00,1,1,0
2015-08-25 03:00:00,2,0,2
2015-08-25 04:00:00,1,0,1
2015-08-25 05:00:00,9,6,3
2015-08-25 06:00:00,66,42,24
2015-08-25 07:00:00,159,115,44
2015-08-25 08:00:00,234,187,47
2015-08-25 09:00:00,156,114,42
2015-08-25 10:00:00,63,38,25
2015-08-25 11:00:00,45,31,14
2015-08-25 12:00:00,86,45,41
2015-08-25 13:00:00,60,36,24
2015-08-25 14:00:00,76,35,41
2015-08-25 15:00:00,79,35,44
2015-08-25 16:00:00,174,60,114
2015-08-25 17:00:00,275,68,207
2015-08-25 18:00:00,234,63,171
2015-08-25 19:00:00,125,37,88
2015-08-25 20:00:00,75,34,41
2015-08-25 21:00:00,16,11,5
2015-08-25 22:00:00,13,2,11
2015-08-25 23:00:00,8,2,6
2015-08-26 00:00:00,5,0,5
2015-08-26 01:00:00,2,0,2
2015-08-26 02:00:00,0,0,0
2015-08-26 03:00:00,1,0,1
2015-08-26 04:00:00,0,0,0
2015-08-26 05:00:00,11,6,5
2015-08-26 06:00:00,56,35,21
2015-08-26 07:00:00,129,90,39
2015-08-26 08:00:00,236,176,60
2015-08-26 09:00:00,140,105,35
2015-08-26 10:00:00,66,37,29
2015-08-26 11:00:00,35,23,12
2015-08-26 12:00:00,100,50,50
2015-08-26 13:00:00,53,21,32
2015-08-26 14:00:00,59,34,25
2015-08-26 15:00:00,66,30,36
2015-08-26 16:00:00,179,80,99
2015-08-26 17:00:00,280,67,213
2015-08-26 18:00:00,274,89,185
2015-08-26 19:00:00,132,48,84
2015-08-26 20:00:00,78,35,43
2015-08-26 21:00:00,40,20,20
2015-08-26 22:00:00,13,8,5
2015-08-26 23:00:00,8,5,3
2015-08-27 00:00:00,1,0,1
2015-08-27 01:00:00,6,3,3
2015-08-27 02:00:00,0,0,0
2015-08-27 03:00:00,1,0,1
2015-08-27 04:00:00,2,1,1
2015-08-27 05:00:00,14,7,7
2015-08-27 06:00:00,54,33,21
2015-08-27 07:00:00,142,100,42
2015-08-27 08:00:00,264,201,63
2015-08-27 09:00:00,133,101,32
2015-08-27 10:00:00,73,44,29
2015-08-27 11:00:00,63,33,30
2015-08-27 12:00:00,64,31,33
2015-08-27 13:00:00,79,39,40
2015-08-27 14:00:00,72,27,45
2015-08-27 15:00:00,108,48,60
2015-08-27 16:00:00,182,72,110
2015-08-27 17:00:00,283,77,206
2015-08-27 18:00:00,312,100,212
2015-08-27 19:00:00,158,68,90
2015-08-27 20:00:00,107,36,71
2015-08-27 21:00:00,36,24,12
2015-08-27 22:00:00,19,16,3
2015-08-27 23:00:00,8,3,5
2015-08-28 00:00:00,7,4,3
2015-08-28 01:00:00,2,0,2
2015-08-28 02:00:00,2,0,2
2015-08-28 03:00:00,3,1,2
2015-08-28 04:00:00,0,0,0
2015-08-28 05:00:00,11,8,3
2015-08-28 06:00:00,37,20,17
2015-08-28 07:00:00,77,46,31
2015-08-28 08:00:00,151,122,29
2015-08-28 09:00:00,103,72,31
2015-08-28 10:00:00,47,29,18
2015-08-28 11:00:00,44,24,20
2015-08-28 12:00:00,58,27,31
2015-08-28 13:00:00,34,17,17
2015-08-28 14:00:00,57,22,35
2015-08-28 15:00:00,71,29,42
2015-08-28 16:00:00,129,48,81
2015-08-28 17:00:00,161,47,114
2015-08-28 18:00:00,119,32,87
2015-08-28 19:00:00,37,13,24
2015-08-28 20:00:00,38,14,24
2015-08-28 21:00:00,10,3,7
2015-08-28 22:00:00,7,3,4
2015-08-28 23:00:00,8,2,6
2015-08-29 00:00:00,2,1,1
2015-08-29 01:00:00,2,0,2
2015-08-29 02:00:00,1,0,1
2015-08-29 03:00:00,1,0,1
2015-08-29 04:00:00,0,0,0
2015-08-29 05:00:00,0,0,0
2015-08-29 06:00:00,5,2,3
2015-08-29 07:00:00,3,1,2
2015-08-29 08:00:00,12,6,6
2015-08-29 09:00:00,19,8,11
2015-08-29 10:00:00,26,14,12
2015-08-29 11:00:00,18,14,4
2015-08-29 12:00:00,19,9,10
2015-08-29 13:00:00,11,3,8
2015-08-29 14:00:00,26,13,13
2015-08-29 15:00:00,32,15,17
2015-08-29 16:00:00,31,16,15
2015-08-29 17:00:00,39,20,19
2015-08-29 18:00:00,24,7,17
2015-08-29 19:00:00,7,3,4
2015-08-29 20:00:00,3,1,2
2015-08-29 21:00:00,5,5,0
2015-08-29 22:00:00,1,0,1
2015-08-29 23:00:00,5,5,0
2015-08-30 00:00:00,2,0,2
2015-08-30 01:00:00,2,2,0
2015-08-30 02:00:00,1,1,0
2015-08-30 03:00:00,1,0,1
2015-08-30 04:00:00,3,1,2
2015-08-30 05:00:00,0,0,0
2015-08-30 06:00:00,2,1,1
2015-08-30 07:00:00,2,2,0
2015-08-30 08:00:00,9,2,7
2015-08-30 09:00:00,11,7,4
2015-08-30 10:00:00,32,14,18
2015-08-30 11:00:00,47,26,21
2015-08-30 12:00:00,49,28,21
2015-08-30 13:00:00,75,55,20
2015-08-30 14:00:00,74,46,28
2015-08-30 15:00:00,63,24,39
2015-08-30 16:00:00,115,34,81
2015-08-30 17:00:00,66,24,42
2015-08-30 18:00:00,38,17,21
2015-08-30 19:00:00,33,16,17
2015-08-30 20:00:00,28,9,19
2015-08-30 21:00:00,4,3,1
2015-08-30 22:00:00,9,3,6
2015-08-30 23:00:00,2,1,1
2015-08-31 00:00:00,2,2,0
2015-08-31 01:00:00,1,0,1
2015-08-31 02:00:00,1,0,1
2015-08-31 03:00:00,0,0,0
2015-08-31 04:00:00,0,0,0
2015-08-31 05:00:00,10,4,6
2015-08-31 06:00:00,28,15,13
2015-08-31 07:00:00,97,60,37
2015-08-31 08:00:00,158,128,30
2015-08-31 09:00:00,116,91,25
2015-08-31 10:00:00,34,25,9
2015-08-31 11:00:00,17,3,14
2015-08-31 12:00:00,9,7,2
2015-08-31 13:00:00,16,5,11
2015-08-31 14:00:00,26,17,9
2015-08-31 15:00:00,26,10,16
2015-08-31 16:00:00,80,35,45
2015-08-31 17:00:00,187,42,145
2015-08-31 18:00:00,135,22,113
2015-08-31 19:00:00,62,16,46
2015-08-31 20:00:00,29,10,19
2015-08-31 21:00:00,4,1,3
2015-08-31 22:00:00,7,3,4
2015-08-31 23:00:00,2,1,1
2015-09-01 00:00:00,4,2,2
2015-09-01 01:00:00,0,0,0
2015-09-01 02:00:00,0,0,0
2015-09-01 03:00:00,3,1,2
2015-09-01 04:00:00,0,0,0
2015-09-01 05:00:00,13,6,7
2015-09-01 06:00:00,39,27,12
2015-09-01 07:00:00,102,66,36
2015-09-01 08:00:00,188,160,28
2015-09-01 09:00:00,89,62,27
2015-09-01 10:00:00,25,17,8
2015-09-01 11:00:00,12,7,5
2015-09-01 12:00:00,29,14,15
2015-09-01 13:00:00,26,12,14
2015-09-01 14:00:00,27,11,16
2015-09-01 15:00:00,34,18,16
2015-09-01 16:00:00,82,40,42
2015-09-01 17:00:00,171,50,121
2015-09-01 18:00:00,151,31,120
2015-09-01 19:00:00,74,21,53
2015-09-01 20:00:00,21,5,16
2015-09-01 21:00:00,5,3,2
2015-09-01 22:00:00,2,2,0
2015-09-01 23:00:00,7,1,6
2015-09-02 00:00:00,1,0,1
2015-09-02 01:00:00,0,0,0
2015-09-02 02:00:00,0,0,0
2015-09-02 03:00:00,4,0,4
2015-09-02 04:00:00,2,1,1
2015-09-02 05:00:00,9,6,3
2015-09-02 06:00:00,42,25,17
2015-09-02 07:00:00,118,83,35
2015-09-02 08:00:00,190,152,38
2015-09-02 09:00:00,112,89,23
2015-09-02 10:00:00,61,40,21
2015-09-02 11:00:00,36,17,19
2015-09-02 12:00:00,51,23,28
2015-09-02 13:00:00,40,24,16
2015-09-02 14:00:00,52,24,28
2015-09-02 15:00:00,57,22,35
2015-09-02 16:00:00,117,45,72
2015-09-02 17:00:00,235,60,175
2015-09-02 18:00:00,190,55,135
2015-09-02 19:00:00,85,24,61
2015-09-02 20:00:00,24,7,17
2015-09-02 21:00:00,9,3,6
2015-09-02 22:00:00,8,7,1
2015-09-02 23:00:00,9,1,8
2015-09-03 00:00:00,0,0,0
2015-09-03 01:00:00,0,0,0
2015-09-03 02:00:00,1,0,1
2015-09-03 03:00:00,2,0,2
2015-09-03 04:00:00,1,1,0
2015-09-03 05:00:00,10,6,4
2015-09-03 06:00:00,35,23,12
2015-09-03 07:00:00,102,62,40
2015-09-03 08:00:00,157,116,41
2015-09-03 09:00:00,114,95,19
2015-09-03 10:00:00,52,30,22
2015-09-03 11:00:00,41,21,20
2015-09-03 12:00:00,46,19,27
2015-09-03 13:00:00,44,24,20
2015-09-03 14:00:00,44,18,26
2015-09-03 15:00:00,72,39,33
2015-09-03 16:00:00,113,46,67
2015-09-03 17:00:00,205,67,138
2015-09-03 18:00:00,162,45,117
2015-09-03 19:00:00,80,30,50
2015-09-03 20:00:00,30,7,23
2015-09-03 21:00:00,7,4,3
2015-09-03 22:00:00,13,1,12
2015-09-03 23:00:00,9,0,9
2015-09-04 00:00:00,2,0,2
2015-09-04 01:00:00,4,1,3
2015-09-04 02:00:00,1,0,1
2015-09-04 03:00:00,4,1,3
2015-09-04 04:00:00,1,1,0
2015-09-04 05:00:00,11,7,4
2015-09-04 06:00:00,40,21,19
2015-09-04 07:00:00,97,68,29
2015-09-04 08:00:00,140,107,33
2015-09-04 09:00:00,106,79,27
2015-09-04 10:00:00,56,31,25
2015-09-04 11:00:00,32,16,16
2015-09-04 12:00:00,52,32,20
2015-09-04 13:00:00,63,22,41
2015-09-04 14:00:00,47,21,26
2015-09-04 15:00:00,91,32,59
2015-09-04 16:00:00,125,53,72
2015-09-04 17:00:00,177,50,127
2015-09-04 18:00:00,121,33,88
2015-09-04 19:00:00,61,21,40
2015-09-04 20:00:00,17,12,5
2015-09-04 21:00:00,2,1,1
2015-09-04 22:00:00,2,0,2
2015-09-04 23:00:00,1,0,1
2015-09-05 00:00:00,17,3,14
2015-09-05 01:00:00,2,0,2
2015-09-05 02:00:00,3,1,2
2015-09-05 03:00:00,0,0,0
2015-09-05 04:00:00,0,0,0
2015-09-05 05:00:00,0,0,0
2015-09-05 06:00:00,11,9,2
2015-09-05 07:00:00,24,22,2
2015-09-05 08:00:00,32,18,14
2015-09-05 09:00:00,52,29,23
2015-09-05 10:00:00,83,35,48
2015-09-05 11:00:00,96,46,50
2015-09-05 12:00:00,97,59,38
2015-09-05 13:00:00,139,74,65
2015-09-05 14:00:00,126,62,64
2015-09-05 15:00:00,139,64,75
2015-09-05 16:00:00,82,32,50
2015-09-05 17:00:00,60,16,44
2015-09-05 18:00:00,24,11,13
2015-09-05 19:00:00,34,17,17
2015-09-05 20:00:00,21,5,16
2015-09-05 21:00:00,8,1,7
2015-09-05 22:00:00,3,1,2
2015-09-05 23:00:00,11,1,10
2015-09-06 00:00:00,5,2,3
2015-09-06 01:00:00,0,0,0
2015-09-06 02:00:00,2,0,2
2015-09-06 03:00:00,0,0,0
2015-09-06 04:00:00,1,1,0
2015-09-06 05:00:00,0,0,0
2015-09-06 06:00:00,1,1,0
2015-09-06 07:00:00,4,1,3
2015-09-06 08:00:00,8,2,6
2015-09-06 09:00:00,14,7,7
2015-09-06 10:00:00,17,9,8
2015-09-06 11:00:00,60,25,35
2015-09-06 12:00:00,40,17,23
2015-09-06 13:00:00,53,31,22
2015-09-06 14:00:00,49,15,34
2015-09-06 15:00:00,39,21,18
2015-09-06 16:00:00,45,26,19
2015-09-06 17:00:00,41,19,22
2015-09-06 18:00:00,41,21,20
2015-09-06 19:00:00,30,17,13
2015-09-06 20:00:00,6,2,4
2015-09-06 21:00:00,3,1,2
2015-09-06 22:00:00,0,0,0
2015-09-06 23:00:00,8,2,6
2015-09-07 00:00:00,3,3,0
2015-09-07 01:00:00,0,0,0
2015-09-07 02:00:00,0,0,0
2015-09-07 03:00:00,0,0,0
2015-09-07 04:00:00,0,0,0
2015-09-07 05:00:00,0,0,0
2015-09-07 06:00:00,2,2,0
2015-09-07 07:00:00,8,5,3
2015-09-07 08:00:00,28,14,14
2015-09-07 09:00:00,93,72,21
2015-09-07 10:00:00,80,43,37
2015-09-07 11:00:00,110,62,48
2015-09-07 12:00:00,128,63,65
2015-09-07 13:00:00,129,66,63
2015-09-07 14:00:00,156,66,90
2015-09-07 15:00:00,204,106,98
2015-09-07 16:00:00,168,84,84
2015-09-07 17:00:00,150,61,89
2015-09-07 18:00:00,119,51,68
2015-09-07 19:00:00,68,31,37
2015-09-07 20:00:00,39,19,20
2015-09-07 21:00:00,7,4,3
2015-09-07 22:00:00,6,1,5
2015-09-07 23:00:00,4,2,2
2015-09-08 00:00:00,0,0,0
2015-09-08 01:00:00,2,0,2
2015-09-08 02:00:00,0,0,0
2015-09-08 03:00:00,0,0,0
2015-09-08 04:00:00,0,0,0
2015-09-08 05:00:00,6,1,5
2015-09-08 06:00:00,39,21,18
2015-09-08 07:00:00,124,84,40
2015-09-08 08:00:00,204,151,53
2015-09-08 09:00:00,143,106,37
2015-09-08 10:00:00,42,25,17
2015-09-08 11:00:00,35,22,13
2015-09-08 12:00:00,44,25,19
2015-09-08 13:00:00,37,15,22
2015-09-08 14:00:00,47,24,23
2015-09-08 15:00:00,63,25,38
2015-09-08 16:00:00,111,40,71
2015-09-08 17:00:00,242,64,178
2015-09-08 18:00:00,219,59,160
2015-09-08 19:00:00,88,26,62
2015-09-08 20:00:00,46,26,20
2015-09-08 21:00:00,8,3,5
2015-09-08 22:00:00,6,1,5
2015-09-08 23:00:00,9,3,6
2015-09-09 00:00:00,3,0,3
2015-09-09 01:00:00,3,2,1
2015-09-09 02:00:00,4,3,1
2015-09-09 03:00:00,2,0,2
2015-09-09 04:00:00,1,1,0
2015-09-09 05:00:00,17,7,10
2015-09-09 06:00:00,47,27,20
2015-09-09 07:00:00,133,89,44
2015-09-09 08:00:00,237,189,48
2015-09-09 09:00:00,160,119,41
2015-09-09 10:00:00,56,36,20
2015-09-09 11:00:00,38,19,19
2015-09-09 12:00:00,39,21,18
2015-09-09 13:00:00,67,42,25
2015-09-09 14:00:00,68,33,35
2015-09-09 15:00:00,85,41,44
2015-09-09 16:00:00,146,54,92
2015-09-09 17:00:00,317,77,240
2015-09-09 18:00:00,260,72,188
2015-09-09 19:00:00,133,48,85
2015-09-09 20:00:00,61,26,35
2015-09-09 21:00:00,20,11,9
2015-09-09 22:00:00,19,4,15
2015-09-09 23:00:00,6,0,6
2015-09-10 00:00:00,5,4,1
2015-09-10 01:00:00,5,2,3
2015-09-10 02:00:00,2,0,2
2015-09-10 03:00:00,0,0,0
2015-09-10 04:00:00,1,1,0
2015-09-10 05:00:00,17,11,6
2015-09-10 06:00:00,39,25,14
2015-09-10 07:00:00,129,90,39
2015-09-10 08:00:00,235,180,55
2015-09-10 09:00:00,140,110,30
2015-09-10 10:00:00,60,30,30
2015-09-10 11:00:00,42,22,20
2015-09-10 12:00:00,75,43,32
2015-09-10 13:00:00,55,35,20
2015-09-10 14:00:00,67,29,38
2015-09-10 15:00:00,72,30,42
2015-09-10 16:00:00,139,60,79
2015-09-10 17:00:00,250,51,199
2015-09-10 18:00:00,229,67,162
2015-09-10 19:00:00,124,35,89
2015-09-10 20:00:00,49,23,26
2015-09-10 21:00:00,28,12,16
2015-09-10 22:00:00,15,9,6
2015-09-10 23:00:00,8,1,7
2015-09-11 00:00:00,2,0,2
2015-09-11 01:00:00,2,0,2
2015-09-11 02:00:00,1,0,1
2015-09-11 03:00:00,2,1,1
2015-09-11 04:00:00,2,0,2
2015-09-11 05:00:00,16,11,5
2015-09-11 06:00:00,38,15,23
2015-09-11 07:00:00,99,69,30
2015-09-11 08:00:00,215,167,48
2015-09-11 09:00:00,137,98,39
2015-09-11 10:00:00,54,34,20
2015-09-11 11:00:00,66,26,40
2015-09-11 12:00:00,44,19,25
2015-09-11 13:00:00,64,26,38
2015-09-11 14:00:00,66,25,41
2015-09-11 15:00:00,107,56,51
2015-09-11 16:00:00,152,58,94
2015-09-11 17:00:00,232,58,174
2015-09-11 18:00:00,181,61,120
2015-09-11 19:00:00,93,37,56
2015-09-11 20:00:00,47,22,25
2015-09-11 21:00:00,19,6,13
2015-09-11 22:00:00,16,7,9
2015-09-11 23:00:00,11,1,10
2015-09-12 00:00:00,3,0,3
2015-09-12 01:00:00,7,3,4
2015-09-12 02:00:00,1,0,1
2015-09-12 03:00:00,2,0,2
2015-09-12 04:00:00,2,0,2
2015-09-12 05:00:00,0,0,0
2015-09-12 06:00:00,4,2,2
2015-09-12 07:00:00,15,11,4
2015-09-12 08:00:00,45,19,26
2015-09-12 09:00:00,56,28,28
2015-09-12 10:00:00,67,32,35
2015-09-12 11:00:00,117,50,67
2015-09-12 12:00:00,110,55,55
2015-09-12 13:00:00,143,73,70
2015-09-12 14:00:00,144,73,71
2015-09-12 15:00:00,131,64,67
2015-09-12 16:00:00,140,69,71
2015-09-12 17:00:00,131,57,74
2015-09-12 18:00:00,97,44,53
2015-09-12 19:00:00,83,36,47
2015-09-12 20:00:00,41,22,19
2015-09-12 21:00:00,6,1,5
2015-09-12 22:00:00,13,3,10
2015-09-12 23:00:00,4,0,4
2015-09-13 00:00:00,4,1,3
2015-09-13 01:00:00,3,0,3
2015-09-13 02:00:00,1,1,0
2015-09-13 03:00:00,2,0,2
2015-09-13 04:00:00,0,0,0
2015-09-13 05:00:00,0,0,0
2015-09-13 06:00:00,5,1,4
2015-09-13 07:00:00,19,12,7
2015-09-13 08:00:00,62,27,35
2015-09-13 09:00:00,136,31,105
2015-09-13 10:00:00,57,29,28
2015-09-13 11:00:00,30,7,23
2015-09-13 12:00:00,47,27,20
2015-09-13 13:00:00,50,32,18
2015-09-13 14:00:00,68,48,20
2015-09-13 15:00:00,62,30,32
2015-09-13 16:00:00,81,43,38
2015-09-13 17:00:00,63,33,30
2015-09-13 18:00:00,29,10,19
2015-09-13 19:00:00,33,15,18
2015-09-13 20:00:00,14,8,6
2015-09-13 21:00:00,3,2,1
2015-09-13 22:00:00,2,0,2
2015-09-13 23:00:00,3,0,3
2015-09-14 00:00:00,3,2,1
2015-09-14 01:00:00,0,0,0
2015-09-14 02:00:00,1,0,1
2015-09-14 03:00:00,0,0,0
2015-09-14 04:00:00,0,0,0
2015-09-14 05:00:00,10,7,3
2015-09-14 06:00:00,33,20,13
2015-09-14 07:00:00,95,70,25
2015-09-14 08:00:00,187,145,42
2015-09-14 09:00:00,147,115,32
2015-09-14 10:00:00,50,33,17
2015-09-14 11:00:00,49,30,19
2015-09-14 12:00:00,40,26,14
2015-09-14 13:00:00,43,16,27
2015-09-14 14:00:00,25,15,10
2015-09-14 15:00:00,40,24,16
2015-09-14 16:00:00,106,39,67
2015-09-14 17:00:00,236,57,179
2015-09-14 18:00:00,184,35,149
2015-09-14 19:00:00,76,28,48
2015-09-14 20:00:00,29,5,24
2015-09-14 21:00:00,5,1,4
2015-09-14 22:00:00,5,1,4
2015-09-14 23:00:00,4,1,3
2015-09-15 00:00:00,3,0,3
2015-09-15 01:00:00,0,0,0
2015-09-15 02:00:00,2,0,2
2015-09-15 03:00:00,0,0,0
2015-09-15 04:00:00,0,0,0
2015-09-15 05:00:00,12,4,8
2015-09-15 06:00:00,48,27,21
2015-09-15 07:00:00,97,64,33
2015-09-15 08:00:00,213,162,51
2015-09-15 09:00:00,127,89,38
2015-09-15 10:00:00,57,37,20
2015-09-15 11:00:00,29,14,15
2015-09-15 12:00:00,32,14,18
2015-09-15 13:00:00,44,23,21
2015-09-15 14:00:00,37,17,20
2015-09-15 15:00:00,56,22,34
2015-09-15 16:00:00,105,49,56
2015-09-15 17:00:00,231,59,172
2015-09-15 18:00:00,190,42,148
2015-09-15 19:00:00,74,32,42
2015-09-15 20:00:00,30,7,23
2015-09-15 21:00:00,12,6,6
2015-09-15 22:00:00,11,0,11
2015-09-15 23:00:00,7,1,6
2015-09-16 00:00:00,1,0,1
2015-09-16 01:00:00,1,0,1
2015-09-16 02:00:00,0,0,0
2015-09-16 03:00:00,1,0,1
2015-09-16 04:00:00,0,0,0
2015-09-16 05:00:00,8,6,2
2015-09-16 06:00:00,38,17,21
2015-09-16 07:00:00,110,72,38
2015-09-16 08:00:00,185,149,36
2015-09-16 09:00:00,146,110,36
2015-09-16 10:00:00,49,31,18
2015-09-16 11:00:00,40,14,26
2015-09-16 12:00:00,70,35,35
2015-09-16 13:00:00,55,28,27
2015-09-16 14:00:00,50,33,17
2015-09-16 15:00:00,63,25,38
2015-09-16 16:00:00,152,49,103
2015-09-16 17:00:00,217,67,150
2015-09-16 18:00:00,180,37,143
2015-09-16 19:00:00,82,32,50
2015-09-16 20:00:00,36,18,18
2015-09-16 21:00:00,10,2,8
2015-09-16 22:00:00,5,1,4
2015-09-16 23:00:00,4,0,4
2015-09-17 00:00:00,2,0,2
2015-09-17 01:00:00,1,0,1
2015-09-17 02:00:00,0,0,0
2015-09-17 03:00:00,0,0,0
2015-09-17 04:00:00,1,0,1
2015-09-17 05:00:00,10,3,7
2015-09-17 06:00:00,39,25,14
2015-09-17 07:00:00,64,44,20
2015-09-17 08:00:00,145,108,37
2015-09-17 09:00:00,94,67,27
2015-09-17 10:00:00,42,27,15
2015-09-17 11:00:00,25,14,11
2015-09-17 12:00:00,10,5,5
2015-09-17 13:00:00,13,7,6
2015-09-17 14:00:00,22,13,9
2015-09-17 15:00:00,24,8,16
2015-09-17 16:00:00,48,15,33
2015-09-17 17:00:00,121,21,100
2015-09-17 18:00:00,97,17,80
2015-09-17 19:00:00,42,10,32
2015-09-17 20:00:00,18,5,13
2015-09-17 21:00:00,11,1,10
2015-09-17 22:00:00,7,1,6
2015-09-17 23:00:00,6,1,5
2015-09-18 00:00:00,12,1,11
2015-09-18 01:00:00,3,0,3
2015-09-18 02:00:00,0,0,0
2015-09-18 03:00:00,1,0,1
2015-09-18 04:00:00,0,0,0
2015-09-18 05:00:00,12,7,5
2015-09-18 06:00:00,34,20,14
2015-09-18 07:00:00,68,46,22
2015-09-18 08:00:00,165,131,34
2015-09-18 09:00:00,93,72,21
2015-09-18 10:00:00,42,32,10
2015-09-18 11:00:00,39,21,18
2015-09-18 12:00:00,40,20,20
2015-09-18 13:00:00,62,25,37
2015-09-18 14:00:00,46,25,21
2015-09-18 15:00:00,75,28,47
2015-09-18 16:00:00,112,38,74
2015-09-18 17:00:00,179,49,130
2015-09-18 18:00:00,125,32,93
2015-09-18 19:00:00,59,15,44
2015-09-18 20:00:00,20,9,11
2015-09-18 21:00:00,7,2,5
2015-09-18 22:00:00,7,1,6
2015-09-18 23:00:00,7,2,5
2015-09-19 00:00:00,9,1,8
2015-09-19 01:00:00,0,0,0
2015-09-19 02:00:00,3,0,3
2015-09-19 03:00:00,8,4,4
2015-09-19 04:00:00,1,0,1
2015-09-19 05:00:00,0,0,0
2015-09-19 06:00:00,12,10,2
2015-09-19 07:00:00,11,7,4
2015-09-19 08:00:00,40,20,20
2015-09-19 09:00:00,52,20,32
2015-09-19 10:00:00,70,39,31
2015-09-19 11:00:00,72,35,37
2015-09-19 12:00:00,72,44,28
2015-09-19 13:00:00,71,25,46
2015-09-19 14:00:00,73,33,40
2015-09-19 15:00:00,96,43,53
2015-09-19 16:00:00,93,51,42
2015-09-19 17:00:00,99,51,48
2015-09-19 18:00:00,61,33,28
2015-09-19 19:00:00,45,25,20
2015-09-19 20:00:00,25,11,14
2015-09-19 21:00:00,9,5,4
2015-09-19 22:00:00,4,0,4
2015-09-19 23:00:00,4,4,0
2015-09-20 00:00:00,7,6,1
2015-09-20 01:00:00,2,2,0
2015-09-20 02:00:00,2,2,0
2015-09-20 03:00:00,1,0,1
2015-09-20 04:00:00,0,0,0
2015-09-20 05:00:00,0,0,0
2015-09-20 06:00:00,3,2,1
2015-09-20 07:00:00,6,5,1
2015-09-20 08:00:00,24,9,15
2015-09-20 09:00:00,55,22,33
2015-09-20 10:00:00,50,25,25
2015-09-20 11:00:00,52,20,32
2015-09-20 12:00:00,68,26,42
2015-09-20 13:00:00,66,35,31
2015-09-20 14:00:00,69,43,26
2015-09-20 15:00:00,100,53,47
2015-09-20 16:00:00,66,37,29
2015-09-20 17:00:00,45,24,21
2015-09-20 18:00:00,31,12,19
2015-09-20 19:00:00,33,16,17
2015-09-20 20:00:00,14,4,10
2015-09-20 21:00:00,3,0,3
2015-09-20 22:00:00,2,0,2
2015-09-20 23:00:00,1,1,0
2015-09-21 00:00:00,1,0,1
2015-09-21 01:00:00,0,0,0
2015-09-21 02:00:00,0,0,0
2015-09-21 03:00:00,1,0,1
2015-09-21 04:00:00,0,0,0
2015-09-21 05:00:00,10,5,5
2015-09-21 06:00:00,37,21,16
2015-09-21 07:00:00,98,66,32
2015-09-21 08:00:00,258,204,54
2015-09-21 09:00:00,146,106,40
2015-09-21 10:00:00,57,38,19
2015-09-21 11:00:00,49,27,22
2015-09-21 12:00:00,61,30,31
2015-09-21 13:00:00,34,17,17
2015-09-21 14:00:00,52,28,24
2015-09-21 15:00:00,69,35,34
2015-09-21 16:00:00,148,49,99
2015-09-21 17:00:00,267,75,192
2015-09-21 18:00:00,217,49,168
2015-09-21 19:00:00,125,45,80
2015-09-21 20:00:00,36,11,25
2015-09-21 21:00:00,6,2,4
2015-09-21 22:00:00,7,1,6
2015-09-21 23:00:00,2,1,1
2015-09-22 00:00:00,3,0,3
2015-09-22 01:00:00,3,1,2
2015-09-22 02:00:00,0,0,0
2015-09-22 03:00:00,2,0,2
2015-09-22 04:00:00,1,1,0
2015-09-22 05:00:00,9,3,6
2015-09-22 06:00:00,52,28,24
2015-09-22 07:00:00,148,109,39
2015-09-22 08:00:00,292,237,55
2015-09-22 09:00:00,186,145,41
2015-09-22 10:00:00,59,42,17
2015-09-22 11:00:00,45,25,20
2015-09-22 12:00:00,39,27,12
2015-09-22 13:00:00,50,25,25
2015-09-22 14:00:00,53,27,26
2015-09-22 15:00:00,87,35,52
2015-09-22 16:00:00,168,60,108
2015-09-22 17:00:00,326,85,241
2015-09-22 18:00:00,294,67,227
2015-09-22 19:00:00,143,53,90
2015-09-22 20:00:00,33,5,28
2015-09-22 21:00:00,16,10,6
2015-09-22 22:00:00,10,2,8
2015-09-22 23:00:00,8,3,5
2015-09-23 00:00:00,0,0,0
2015-09-23 01:00:00,2,0,2
2015-09-23 02:00:00,0,0,0
2015-09-23 03:00:00,1,0,1
2015-09-23 04:00:00,0,0,0
2015-09-23 05:00:00,9,4,5
2015-09-23 06:00:00,46,22,24
2015-09-23 07:00:00,124,85,39
2015-09-23 08:00:00,258,198,60
2015-09-23 09:00:00,182,138,44
2015-09-23 10:00:00,68,37,31
2015-09-23 11:00:00,51,32,19
2015-09-23 12:00:00,77,35,42
2015-09-23 13:00:00,53,30,23
2015-09-23 14:00:00,73,38,35
2015-09-23 15:00:00,70,35,35
2015-09-23 16:00:00,174,75,99
2015-09-23 17:00:00,305,100,205
2015-09-23 18:00:00,267,83,184
2015-09-23 19:00:00,108,47,61
2015-09-23 20:00:00,37,11,26
2015-09-23 21:00:00,61,2,59
2015-09-23 22:00:00,18,0,18
2015-09-23 23:00:00,11,0,11
2015-09-24 00:00:00,1,0,1
2015-09-24 01:00:00,2,1,1
2015-09-24 02:00:00,0,0,0
2015-09-24 03:00:00,1,0,1
2015-09-24 04:00:00,2,0,2
2015-09-24 05:00:00,9,4,5
2015-09-24 06:00:00,46,28,18
2015-09-24 07:00:00,129,88,41
2015-09-24 08:00:00,209,166,43
2015-09-24 09:00:00,155,114,41
2015-09-24 10:00:00,71,45,26
2015-09-24 11:00:00,39,23,16
2015-09-24 12:00:00,43,22,21
2015-09-24 13:00:00,61,28,33
2015-09-24 14:00:00,63,28,35
2015-09-24 15:00:00,69,30,39
2015-09-24 16:00:00,174,72,102
2015-09-24 17:00:00,278,64,214
2015-09-24 18:00:00,194,44,150
2015-09-24 19:00:00,89,29,60
2015-09-24 20:00:00,23,10,13
2015-09-24 21:00:00,11,2,9
2015-09-24 22:00:00,5,2,3
2015-09-24 23:00:00,2,1,1
2015-09-25 00:00:00,2,0,2
2015-09-25 01:00:00,1,0,1
2015-09-25 02:00:00,4,1,3
2015-09-25 03:00:00,1,0,1
2015-09-25 04:00:00,2,1,1
2015-09-25 05:00:00,8,4,4
2015-09-25 06:00:00,25,16,9
2015-09-25 07:00:00,74,50,24
2015-09-25 08:00:00,126,102,24
2015-09-25 09:00:00,88,70,18
2015-09-25 10:00:00,35,25,10
2015-09-25 11:00:00,25,17,8
2015-09-25 12:00:00,28,13,15
2015-09-25 13:00:00,24,8,16
2015-09-25 14:00:00,30,10,20
2015-09-25 15:00:00,63,27,36
2015-09-25 16:00:00,75,27,48
2015-09-25 17:00:00,179,32,147
2015-09-25 18:00:00,106,18,88
2015-09-25 19:00:00,90,20,70
2015-09-25 20:00:00,16,6,10
2015-09-25 21:00:00,6,1,5
2015-09-25 22:00:00,3,2,1
2015-09-25 23:00:00,4,0,4
2015-09-26 00:00:00,4,1,3
2015-09-26 01:00:00,1,0,1
2015-09-26 02:00:00,1,1,0
2015-09-26 03:00:00,3,0,3
2015-09-26 04:00:00,1,0,1
2015-09-26 05:00:00,1,1,0
2015-09-26 06:00:00,8,4,4
2015-09-26 07:00:00,14,4,10
2015-09-26 08:00:00,32,18,14
2015-09-26 09:00:00,35,19,16
2015-09-26 10:00:00,65,32,33
2015-09-26 11:00:00,70,49,21
2015-09-26 12:00:00,88,38,50
2015-09-26 13:00:00,62,34,28
2015-09-26 14:00:00,64,33,31
2015-09-26 15:00:00,74,33,41
2015-09-26 16:00:00,88,46,42
2015-09-26 17:00:00,87,44,43
2015-09-26 18:00:00,51,22,29
2015-09-26 19:00:00,44,25,19
2015-09-26 20:00:00,16,7,9
2015-09-26 21:00:00,6,6,0
2015-09-26 22:00:00,4,1,3
2015-09-26 23:00:00,7,0,7
2015-09-27 00:00:00,4,3,1
2015-09-27 01:00:00,0,0,0
2015-09-27 02:00:00,2,0,2
2015-09-27 03:00:00,1,0,1
2015-09-27 04:00:00,1,0,1
2015-09-27 05:00:00,0,0,0
2015-09-27 06:00:00,9,5,4
2015-09-27 07:00:00,11,9,2
2015-09-27 08:00:00,23,8,15
2015-09-27 09:00:00,33,21,12
2015-09-27 10:00:00,52,32,20
2015-09-27 11:00:00,81,50,31
2015-09-27 12:00:00,114,58,56
2015-09-27 13:00:00,92,34,58
2015-09-27 14:00:00,109,57,52
2015-09-27 15:00:00,114,54,60
2015-09-27 16:00:00,95,33,62
2015-09-27 17:00:00,79,36,43
2015-09-27 18:00:00,58,28,30
2015-09-27 19:00:00,36,13,23
2015-09-27 20:00:00,17,11,6
2015-09-27 21:00:00,3,1,2
2015-09-27 22:00:00,5,2,3
2015-09-27 23:00:00,3,2,1
2015-09-28 00:00:00,1,0,1
2015-09-28 01:00:00,0,0,0
2015-09-28 02:00:00,0,0,0
2015-09-28 03:00:00,0,0,0
2015-09-28 04:00:00,1,1,0
2015-09-28 05:00:00,10,5,5
2015-09-28 06:00:00,29,14,15
2015-09-28 07:00:00,112,68,44
2015-09-28 08:00:00,233,187,46
2015-09-28 09:00:00,133,103,30
2015-09-28 10:00:00,56,34,22
2015-09-28 11:00:00,50,30,20
2015-09-28 12:00:00,30,15,15
2015-09-28 13:00:00,60,34,26
2015-09-28 14:00:00,58,22,36
2015-09-28 15:00:00,66,32,34
2015-09-28 16:00:00,139,53,86
2015-09-28 17:00:00,276,64,212
2015-09-28 18:00:00,218,46,172
2015-09-28 19:00:00,98,38,60
2015-09-28 20:00:00,32,9,23
2015-09-28 21:00:00,9,4,5
2015-09-28 22:00:00,10,5,5
2015-09-28 23:00:00,4,1,3
2015-09-29 00:00:00,2,0,2
2015-09-29 01:00:00,1,0,1
2015-09-29 02:00:00,0,0,0
2015-09-29 03:00:00,1,0,1
2015-09-29 04:00:00,0,0,0
2015-09-29 05:00:00,11,5,6
2015-09-29 06:00:00,43,25,18
2015-09-29 07:00:00,111,76,35
2015-09-29 08:00:00,237,197,40
2015-09-29 09:00:00,151,115,36
2015-09-29 10:00:00,40,31,9
2015-09-29 11:00:00,38,24,14
2015-09-29 12:00:00,47,27,20
2015-09-29 13:00:00,41,21,20
2015-09-29 14:00:00,83,41,42
2015-09-29 15:00:00,68,27,41
2015-09-29 16:00:00,172,65,107
2015-09-29 17:00:00,258,66,192
2015-09-29 18:00:00,244,56,188
2015-09-29 19:00:00,97,32,65
2015-09-29 20:00:00,33,11,22
2015-09-29 21:00:00,8,1,7
2015-09-29 22:00:00,18,8,10
2015-09-29 23:00:00,8,2,6
2015-09-30 00:00:00,2,0,2
2015-09-30 01:00:00,0,0,0
2015-09-30 02:00:00,0,0,0
2015-09-30 03:00:00,1,0,1
2015-09-30 04:00:00,0,0,0
2015-09-30 05:00:00,10,6,4
2015-09-30 06:00:00,50,27,23
2015-09-30 07:00:00,106,71,35
2015-09-30 08:00:00,208,165,43
2015-09-30 09:00:00,147,115,32
2015-09-30 10:00:00,39,29,10
2015-09-30 11:00:00,37,21,16
2015-09-30 12:00:00,35,18,17
2015-09-30 13:00:00,34,16,18
2015-09-30 14:00:00,37,16,21
2015-09-30 15:00:00,73,27,46
2015-09-30 16:00:00,130,55,75
2015-09-30 17:00:00,257,82,175
2015-09-30 18:00:00,227,49,178
2015-09-30 19:00:00,116,43,73
2015-09-30 20:00:00,36,13,23
2015-09-30 21:00:00,9,1,8
2015-09-30 22:00:00,10,4,6
2015-09-30 23:00:00,12,2,10
2015-10-01 00:00:00,2,0,2
2015-10-01 01:00:00,2,2,0
2015-10-01 02:00:00,0,0,0
2015-10-01 03:00:00,3,1,2
2015-10-01 04:00:00,0,0,0
2015-10-01 05:00:00,6,2,4
2015-10-01 06:00:00,42,24,18
2015-10-01 07:00:00,101,75,26
2015-10-01 08:00:00,195,167,28
2015-10-01 09:00:00,112,84,28
2015-10-01 10:00:00,61,40,21
2015-10-01 11:00:00,47,28,19
2015-10-01 12:00:00,44,22,22
2015-10-01 13:00:00,43,15,28
2015-10-01 14:00:00,42,19,23
2015-10-01 15:00:00,77,30,47
2015-10-01 16:00:00,125,50,75
2015-10-01 17:00:00,230,57,173
2015-10-01 18:00:00,189,43,146
2015-10-01 19:00:00,83,28,55
2015-10-01 20:00:00,33,6,27
2015-10-01 21:00:00,10,4,6
2015-10-01 22:00:00,12,10,2
2015-10-01 23:00:00,10,4,6
2015-10-02 00:00:00,4,2,2
2015-10-02 01:00:00,0,0,0
2015-10-02 02:00:00,1,0,1
2015-10-02 03:00:00,0,0,0
2015-10-02 04:00:00,0,0,0
2015-10-02 05:00:00,12,6,6
2015-10-02 06:00:00,32,18,14
2015-10-02 07:00:00,82,55,27
2015-10-02 08:00:00,165,137,28
2015-10-02 09:00:00,87,66,21
2015-10-02 10:00:00,31,25,6
2015-10-02 11:00:00,43,13,30
2015-10-02 12:00:00,25,8,17
2015-10-02 13:00:00,27,10,17
2015-10-02 14:00:00,36,12,24
2015-10-02 15:00:00,41,21,20
2015-10-02 16:00:00,108,44,64
2015-10-02 17:00:00,168,44,124
2015-10-02 18:00:00,129,28,101
2015-10-02 19:00:00,55,25,30
2015-10-02 20:00:00,17,6,11
2015-10-02 21:00:00,6,3,3
2015-10-02 22:00:00,10,1,9
2015-10-02 23:00:00,14,0,14
2015-10-03 00:00:00,6,2,4
2015-10-03 01:00:00,1,0,1
2015-10-03 02:00:00,0,0,0
2015-10-03 03:00:00,2,0,2
2015-10-03 04:00:00,0,0,0
2015-10-03 05:00:00,3,2,1
2015-10-03 06:00:00,10,8,2
2015-10-03 07:00:00,6,4,2
2015-10-03 08:00:00,33,15,18
2015-10-03 09:00:00,35,21,14
2015-10-03 10:00:00,63,30,33
2015-10-03 11:00:00,65,30,35
2015-10-03 12:00:00,84,53,31
2015-10-03 13:00:00,102,67,35
2015-10-03 14:00:00,94,32,62
2015-10-03 15:00:00,119,66,53
2015-10-03 16:00:00,130,65,65
2015-10-03 17:00:00,114,52,62
2015-10-03 18:00:00,73,35,38
2015-10-03 19:00:00,49,24,25
2015-10-03 20:00:00,16,5,11
2015-10-03 21:00:00,6,3,3
2015-10-03 22:00:00,8,2,6
2015-10-03 23:00:00,16,0,16
2015-10-04 00:00:00,4,0,4
2015-10-04 01:00:00,2,0,2
2015-10-04 02:00:00,1,0,1
2015-10-04 03:00:00,2,0,2
2015-10-04 04:00:00,0,0,0
2015-10-04 05:00:00,0,0,0
2015-10-04 06:00:00,4,4,0
2015-10-04 07:00:00,10,10,0
2015-10-04 08:00:00,28,11,17
2015-10-04 09:00:00,50,20,30
2015-10-04 10:00:00,58,35,23
2015-10-04 11:00:00,111,65,46
2015-10-04 12:00:00,119,59,60
2015-10-04 13:00:00,151,70,81
2015-10-04 14:00:00,143,59,84
2015-10-04 15:00:00,164,75,89
2015-10-04 16:00:00,138,67,71
2015-10-04 17:00:00,150,89,61
2015-10-04 18:00:00,110,64,46
2015-10-04 19:00:00,44,22,22
2015-10-04 20:00:00,23,7,16
2015-10-04 21:00:00,44,1,43
2015-10-04 22:00:00,14,1,13
2015-10-04 23:00:00,8,0,8
2015-10-05 00:00:00,5,3,2
2015-10-05 01:00:00,2,1,1
2015-10-05 02:00:00,1,0,1
2015-10-05 03:00:00,1,0,1
2015-10-05 04:00:00,1,1,0
2015-10-05 05:00:00,12,6,6
2015-10-05 06:00:00,39,21,18
2015-10-05 07:00:00,123,89,34
2015-10-05 08:00:00,243,187,56
2015-10-05 09:00:00,152,118,34
2015-10-05 10:00:00,51,34,17
2015-10-05 11:00:00,55,26,29
2015-10-05 12:00:00,24,12,12
2015-10-05 13:00:00,41,20,21
2015-10-05 14:00:00,61,31,30
2015-10-05 15:00:00,105,55,50
2015-10-05 16:00:00,204,73,131
2015-10-05 17:00:00,304,80,224
2015-10-05 18:00:00,159,45,114
2015-10-05 19:00:00,94,35,59
2015-10-05 20:00:00,15,1,14
2015-10-05 21:00:00,19,2,17
2015-10-05 22:00:00,9,2,7
2015-10-05 23:00:00,5,1,4
2015-10-06 00:00:00,3,0,3
2015-10-06 01:00:00,0,0,0
2015-10-06 02:00:00,1,1,0
2015-10-06 03:00:00,3,1,2
2015-10-06 04:00:00,0,0,0
2015-10-06 05:00:00,9,7,2
2015-10-06 06:00:00,50,32,18
2015-10-06 07:00:00,117,82,35
2015-10-06 08:00:00,210,164,46
2015-10-06 09:00:00,129,102,27
2015-10-06 10:00:00,44,33,11
2015-10-06 11:00:00,32,18,14
2015-10-06 12:00:00,29,14,15
2015-10-06 13:00:00,34,14,20
2015-10-06 14:00:00,26,14,12
2015-10-06 15:00:00,60,25,35
2015-10-06 16:00:00,121,44,77
2015-10-06 17:00:00,234,53,181
2015-10-06 18:00:00,192,39,153
2015-10-06 19:00:00,66,15,51
2015-10-06 20:00:00,20,5,15
2015-10-06 21:00:00,8,3,5
2015-10-06 22:00:00,12,5,7
2015-10-06 23:00:00,3,2,1
2015-10-07 00:00:00,5,1,4
2015-10-07 01:00:00,2,0,2
2015-10-07 02:00:00,0,0,0
2015-10-07 03:00:00,1,0,1
2015-10-07 04:00:00,0,0,0
2015-10-07 05:00:00,8,5,3
2015-10-07 06:00:00,36,22,14
2015-10-07 07:00:00,70,48,22
2015-10-07 08:00:00,134,104,30
2015-10-07 09:00:00,73,55,18
2015-10-07 10:00:00,12,8,4
2015-10-07 11:00:00,8,7,1
2015-10-07 12:00:00,6,2,4
2015-10-07 13:00:00,12,5,7
2015-10-07 14:00:00,13,6,7
2015-10-07 15:00:00,26,13,13
2015-10-07 16:00:00,52,15,37
2015-10-07 17:00:00,119,28,91
2015-10-07 18:00:00,106,19,87
2015-10-07 19:00:00,51,14,37
2015-10-07 20:00:00,7,1,6
2015-10-07 21:00:00,8,0,8
2015-10-07 22:00:00,7,3,4
2015-10-07 23:00:00,4,0,4
2015-10-08 00:00:00,2,1,1
2015-10-08 01:00:00,0,0,0
2015-10-08 02:00:00,0,0,0
2015-10-08 03:00:00,1,0,1
2015-10-08 04:00:00,1,1,0
2015-10-08 05:00:00,11,6,5
2015-10-08 06:00:00,38,25,13
2015-10-08 07:00:00,95,65,30
2015-10-08 08:00:00,185,141,44
2015-10-08 09:00:00,111,83,28
2015-10-08 10:00:00,36,25,11
2015-10-08 11:00:00,20,11,9
2015-10-08 12:00:00,16,8,8
2015-10-08 13:00:00,30,18,12
2015-10-08 14:00:00,29,11,18
2015-10-08 15:00:00,58,22,36
2015-10-08 16:00:00,113,42,71
2015-10-08 17:00:00,220,56,164
2015-10-08 18:00:00,187,43,144
2015-10-08 19:00:00,69,17,52
2015-10-08 20:00:00,17,6,11
2015-10-08 21:00:00,10,2,8
2015-10-08 22:00:00,6,0,6
2015-10-08 23:00:00,2,1,1
2015-10-09 00:00:00,6,1,5
2015-10-09 01:00:00,4,1,3
2015-10-09 02:00:00,1,0,1
2015-10-09 03:00:00,3,0,3
2015-10-09 04:00:00,1,0,1
2015-10-09 05:00:00,10,7,3
2015-10-09 06:00:00,30,17,13
2015-10-09 07:00:00,90,61,29
2015-10-09 08:00:00,162,129,33
2015-10-09 09:00:00,124,100,24
2015-10-09 10:00:00,48,34,14
2015-10-09 11:00:00,27,17,10
2015-10-09 12:00:00,28,15,13
2015-10-09 13:00:00,37,13,24
2015-10-09 14:00:00,38,15,23
2015-10-09 15:00:00,48,21,27
2015-10-09 16:00:00,114,28,86
2015-10-09 17:00:00,185,42,143
2015-10-09 18:00:00,113,28,85
2015-10-09 19:00:00,57,21,36
2015-10-09 20:00:00,15,4,11
2015-10-09 21:00:00,15,6,9
2015-10-09 22:00:00,8,4,4
2015-10-09 23:00:00,4,2,2
2015-10-10 00:00:00,5,1,4
2015-10-10 01:00:00,5,1,4
2015-10-10 02:00:00,2,1,1
2015-10-10 03:00:00,1,0,1
2015-10-10 04:00:00,1,0,1
2015-10-10 05:00:00,1,0,1
2015-10-10 06:00:00,7,4,3
2015-10-10 07:00:00,6,3,3
2015-10-10 08:00:00,16,8,8
2015-10-10 09:00:00,18,9,9
2015-10-10 10:00:00,4,2,2
2015-10-10 11:00:00,7,1,6
2015-10-10 12:00:00,8,4,4
2015-10-10 13:00:00,14,8,6
2015-10-10 14:00:00,2,1,1
2015-10-10 15:00:00,9,3,6
2015-10-10 16:00:00,8,1,7
2015-10-10 17:00:00,12,8,4
2015-10-10 18:00:00,8,4,4
2015-10-10 19:00:00,4,2,2
2015-10-10 20:00:00,4,0,4
2015-10-10 21:00:00,4,3,1
2015-10-10 22:00:00,5,2,3
2015-10-10 23:00:00,4,1,3
2015-10-11 00:00:00,5,2,3
2015-10-11 01:00:00,2,0,2
2015-10-11 02:00:00,0,0,0
2015-10-11 03:00:00,2,2,0
2015-10-11 04:00:00,0,0,0
2015-10-11 05:00:00,1,1,0
2015-10-11 06:00:00,4,4,0
2015-10-11 07:00:00,4,1,3
2015-10-11 08:00:00,25,16,9
2015-10-11 09:00:00,43,16,27
2015-10-11 10:00:00,69,25,44
2015-10-11 11:00:00,58,20,38
2015-10-11 12:00:00,68,32,36
2015-10-11 13:00:00,88,46,42
2015-10-11 14:00:00,98,52,46
2015-10-11 15:00:00,145,81,64
2015-10-11 16:00:00,113,47,66
2015-10-11 17:00:00,73,34,39
2015-10-11 18:00:00,40,24,16
2015-10-11 19:00:00,27,11,16
2015-10-11 20:00:00,10,3,7
2015-10-11 21:00:00,3,0,3
2015-10-11 22:00:00,4,1,3
2015-10-11 23:00:00,6,3,3
2015-10-12 00:00:00,2,1,1
2015-10-12 01:00:00,0,0,0
2015-10-12 02:00:00,1,1,0
2015-10-12 03:00:00,1,1,0
2015-10-12 04:00:00,0,0,0
2015-10-12 05:00:00,6,2,4
2015-10-12 06:00:00,33,14,19
2015-10-12 07:00:00,78,55,23
2015-10-12 08:00:00,200,162,38
2015-10-12 09:00:00,124,94,30
2015-10-12 10:00:00,60,36,24
2015-10-12 11:00:00,38,24,14
2015-10-12 12:00:00,31,15,16
2015-10-12 13:00:00,30,21,9
2015-10-12 14:00:00,29,11,18
2015-10-12 15:00:00,45,21,24
2015-10-12 16:00:00,86,32,54
2015-10-12 17:00:00,192,46,146
2015-10-12 18:00:00,160,24,136
2015-10-12 19:00:00,57,21,36
2015-10-12 20:00:00,14,2,12
2015-10-12 21:00:00,1,1,0
2015-10-12 22:00:00,3,0,3
2015-10-12 23:00:00,1,0,1
2015-10-13 00:00:00,1,0,1
2015-10-13 01:00:00,2,0,2
2015-10-13 02:00:00,0,0,0
2015-10-13 03:00:00,1,0,1
2015-10-13 04:00:00,0,0,0
2015-10-13 05:00:00,12,8,4
2015-10-13 06:00:00,37,23,14
2015-10-13 07:00:00,101,66,35
2015-10-13 08:00:00,201,164,37
2015-10-13 09:00:00,126,92,34
2015-10-13 10:00:00,43,32,11
2015-10-13 11:00:00,27,10,17
2015-10-13 12:00:00,27,14,13
2015-10-13 13:00:00,23,13,10
2015-10-13 14:00:00,32,14,18
2015-10-13 15:00:00,42,24,18
2015-10-13 16:00:00,97,37,60
2015-10-13 17:00:00,247,64,183
2015-10-13 18:00:00,199,43,156
2015-10-13 19:00:00,68,26,42
2015-10-13 20:00:00,16,5,11
2015-10-13 21:00:00,2,1,1
2015-10-13 22:00:00,4,1,3
2015-10-13 23:00:00,9,4,5
2015-10-14 00:00:00,2,0,2
2015-10-14 01:00:00,0,0,0
2015-10-14 02:00:00,0,0,0
2015-10-14 03:00:00,1,0,1
2015-10-14 04:00:00,0,0,0
2015-10-14 05:00:00,16,9,7
2015-10-14 06:00:00,39,24,15
2015-10-14 07:00:00,125,88,37
2015-10-14 08:00:00,198,158,40
2015-10-14 09:00:00,137,104,33
2015-10-14 10:00:00,57,35,22
2015-10-14 11:00:00,25,14,11
2015-10-14 12:00:00,34,15,19
2015-10-14 13:00:00,34,20,14
2015-10-14 14:00:00,31,14,17
2015-10-14 15:00:00,52,15,37
2015-10-14 16:00:00,131,48,83
2015-10-14 17:00:00,256,81,175
2015-10-14 18:00:00,187,44,143
2015-10-14 19:00:00,61,14,47
2015-10-14 20:00:00,28,9,19
2015-10-14 21:00:00,11,0,11
2015-10-14 22:00:00,12,5,7
2015-10-14 23:00:00,5,4,1
2015-10-15 00:00:00,5,3,2
2015-10-15 01:00:00,0,0,0
2015-10-15 02:00:00,0,0,0
2015-10-15 03:00:00,3,0,3
2015-10-15 04:00:00,0,0,0
2015-10-15 05:00:00,17,11,6
2015-10-15 06:00:00,44,21,23
2015-10-15 07:00:00,98,61,37
2015-10-15 08:00:00,178,151,27
2015-10-15 09:00:00,125,95,30
2015-10-15 10:00:00,40,20,20
2015-10-15 11:00:00,30,20,10
2015-10-15 12:00:00,43,20,23
2015-10-15 13:00:00,53,28,25
2015-10-15 14:00:00,68,26,42
2015-10-15 15:00:00,62,37,25
2015-10-15 16:00:00,119,46,73
2015-10-15 17:00:00,254,79,175
2015-10-15 18:00:00,159,29,130
2015-10-15 19:00:00,55,16,39
2015-10-15 20:00:00,31,9,22
2015-10-15 21:00:00,0,0,0
2015-10-15 22:00:00,9,5,4
2015-10-15 23:00:00,2,0,2
2015-10-16 00:00:00,2,0,2
2015-10-16 01:00:00,4,1,3
2015-10-16 02:00:00,1,0,1
2015-10-16 03:00:00,1,0,1
2015-10-16 04:00:00,0,0,0
2015-10-16 05:00:00,12,9,3
2015-10-16 06:00:00,50,27,23
2015-10-16 07:00:00,108,74,34
2015-10-16 08:00:00,181,140,41
2015-10-16 09:00:00,125,96,29
2015-10-16 10:00:00,54,36,18
2015-10-16 11:00:00,52,27,25
2015-10-16 12:00:00,52,26,26
2015-10-16 13:00:00,44,24,20
2015-10-16 14:00:00,63,27,36
2015-10-16 15:00:00,114,36,78
2015-10-16 16:00:00,139,55,84
2015-10-16 17:00:00,263,80,183
2015-10-16 18:00:00,162,46,116
2015-10-16 19:00:00,46,13,33
2015-10-16 20:00:00,19,7,12
2015-10-16 21:00:00,11,4,7
2015-10-16 22:00:00,9,3,6
2015-10-16 23:00:00,7,5,2
2015-10-17 00:00:00,5,2,3
2015-10-17 01:00:00,5,3,2
2015-10-17 02:00:00,0,0,0
2015-10-17 03:00:00,0,0,0
2015-10-17 04:00:00,0,0,0
2015-10-17 05:00:00,0,0,0
2015-10-17 06:00:00,6,5,1
2015-10-17 07:00:00,6,6,0
2015-10-17 08:00:00,33,22,11
2015-10-17 09:00:00,49,21,28
2015-10-17 10:00:00,60,31,29
2015-10-17 11:00:00,66,33,33
2015-10-17 12:00:00,77,44,33
2015-10-17 13:00:00,86,44,42
2015-10-17 14:00:00,73,27,46
2015-10-17 15:00:00,78,41,37
2015-10-17 16:00:00,78,47,31
2015-10-17 17:00:00,37,14,23
2015-10-17 18:00:00,33,17,16
2015-10-17 19:00:00,24,16,8
2015-10-17 20:00:00,4,0,4
2015-10-17 21:00:00,7,4,3
2015-10-17 22:00:00,20,1,19
2015-10-17 23:00:00,3,1,2
2015-10-18 00:00:00,0,0,0
2015-10-18 01:00:00,1,0,1
2015-10-18 02:00:00,1,1,0
2015-10-18 03:00:00,0,0,0
2015-10-18 04:00:00,0,0,0
2015-10-18 05:00:00,0,0,0
2015-10-18 06:00:00,4,4,0
2015-10-18 07:00:00,9,6,3
2015-10-18 08:00:00,8,5,3
2015-10-18 09:00:00,23,8,15
2015-10-18 10:00:00,56,30,26
2015-10-18 11:00:00,44,23,21
2015-10-18 12:00:00,24,16,8
2015-10-18 13:00:00,33,16,17
2015-10-18 14:00:00,23,12,11
2015-10-18 15:00:00,23,10,13
2015-10-18 16:00:00,43,18,25
2015-10-18 17:00:00,29,11,18
2015-10-18 18:00:00,16,3,13
2015-10-18 19:00:00,3,0,3
2015-10-18 20:00:00,5,1,4
2015-10-18 21:00:00,2,1,1
2015-10-18 22:00:00,3,0,3
2015-10-18 23:00:00,3,1,2
2015-10-19 00:00:00,2,0,2
2015-10-19 01:00:00,0,0,0
2015-10-19 02:00:00,1,0,1
2015-10-19 03:00:00,0,0,0
2015-10-19 04:00:00,0,0,0
2015-10-19 05:00:00,12,8,4
2015-10-19 06:00:00,30,16,14
2015-10-19 07:00:00,81,56,25
2015-10-19 08:00:00,173,141,32
2015-10-19 09:00:00,96,73,23
2015-10-19 10:00:00,37,25,12
2015-10-19 11:00:00,36,19,17
2015-10-19 12:00:00,31,18,13
2015-10-19 13:00:00,33,21,12
2015-10-19 14:00:00,78,27,51
2015-10-19 15:00:00,51,31,20
2015-10-19 16:00:00,109,53,56
2015-10-19 17:00:00,187,46,141
2015-10-19 18:00:00,158,35,123
2015-10-19 19:00:00,47,14,33
2015-10-19 20:00:00,12,2,10
2015-10-19 21:00:00,9,4,5
2015-10-19 22:00:00,5,2,3
2015-10-19 23:00:00,6,4,2
2015-10-20 00:00:00,2,0,2
2015-10-20 01:00:00,0,0,0
2015-10-20 02:00:00,0,0,0
2015-10-20 03:00:00,1,0,1
2015-10-20 04:00:00,1,0,1
2015-10-20 05:00:00,15,11,4
2015-10-20 06:00:00,43,26,17
2015-10-20 07:00:00,108,81,27
2015-10-20 08:00:00,210,175,35
2015-10-20 09:00:00,140,101,39
2015-10-20 10:00:00,47,28,19
2015-10-20 11:00:00,33,14,19
2015-10-20 12:00:00,39,15,24
2015-10-20 13:00:00,57,25,32
2015-10-20 14:00:00,57,30,27
2015-10-20 15:00:00,70,35,35
2015-10-20 16:00:00,158,72,86
2015-10-20 17:00:00,322,100,222
2015-10-20 18:00:00,210,72,138
2015-10-20 19:00:00,69,26,43
2015-10-20 20:00:00,20,4,16
2015-10-20 21:00:00,11,4,7
2015-10-20 22:00:00,13,7,6
2015-10-20 23:00:00,1,0,1
2015-10-21 00:00:00,2,0,2
2015-10-21 01:00:00,4,1,3
2015-10-21 02:00:00,0,0,0
2015-10-21 03:00:00,0,0,0
2015-10-21 04:00:00,1,0,1
2015-10-21 05:00:00,14,9,5
2015-10-21 06:00:00,38,21,17
2015-10-21 07:00:00,106,75,31
2015-10-21 08:00:00,187,150,37
2015-10-21 09:00:00,116,90,26
2015-10-21 10:00:00,42,28,14
2015-10-21 11:00:00,27,13,14
2015-10-21 12:00:00,35,20,15
2015-10-21 13:00:00,29,18,11
2015-10-21 14:00:00,43,25,18
2015-10-21 15:00:00,60,19,41
2015-10-21 16:00:00,104,42,62
2015-10-21 17:00:00,227,61,166
2015-10-21 18:00:00,190,52,138
2015-10-21 19:00:00,66,23,43
2015-10-21 20:00:00,18,6,12
2015-10-21 21:00:00,12,1,11
2015-10-21 22:00:00,14,5,9
2015-10-21 23:00:00,5,1,4
2015-10-22 00:00:00,4,0,4
2015-10-22 01:00:00,1,0,1
2015-10-22 02:00:00,0,0,0
2015-10-22 03:00:00,1,0,1
2015-10-22 04:00:00,1,0,1
2015-10-22 05:00:00,10,7,3
2015-10-22 06:00:00,40,26,14
2015-10-22 07:00:00,89,60,29
2015-10-22 08:00:00,183,150,33
2015-10-22 09:00:00,154,123,31
2015-10-22 10:00:00,40,24,16
2015-10-22 11:00:00,30,17,13
2015-10-22 12:00:00,38,18,20
2015-10-22 13:00:00,27,15,12
2015-10-22 14:00:00,58,30,28
2015-10-22 15:00:00,66,23,43
2015-10-22 16:00:00,116,46,70
2015-10-22 17:00:00,226,63,163
2015-10-22 18:00:00,155,40,115
2015-10-22 19:00:00,39,13,26
2015-10-22 20:00:00,22,6,16
2015-10-22 21:00:00,4,1,3
2015-10-22 22:00:00,18,9,9
2015-10-22 23:00:00,6,2,4
2015-10-23 00:00:00,9,8,1
2015-10-23 01:00:00,6,5,1
2015-10-23 02:00:00,6,6,0
2015-10-23 03:00:00,3,0,3
2015-10-23 04:00:00,0,0,0
2015-10-23 05:00:00,10,7,3
2015-10-23 06:00:00,28,16,12
2015-10-23 07:00:00,90,55,35
2015-10-23 08:00:00,165,131,34
2015-10-23 09:00:00,125,99,26
2015-10-23 10:00:00,34,23,11
2015-10-23 11:00:00,27,13,14
2015-10-23 12:00:00,31,16,15
2015-10-23 13:00:00,20,10,10
2015-10-23 14:00:00,36,14,22
2015-10-23 15:00:00,49,23,26
2015-10-23 16:00:00,110,41,69
2015-10-23 17:00:00,205,56,149
2015-10-23 18:00:00,130,28,102
2015-10-23 19:00:00,34,10,24
2015-10-23 20:00:00,13,4,9
2015-10-23 21:00:00,8,4,4
2015-10-23 22:00:00,21,10,11
2015-10-23 23:00:00,9,3,6
2015-10-24 00:00:00,4,2,2
2015-10-24 01:00:00,5,1,4
2015-10-24 02:00:00,0,0,0
2015-10-24 03:00:00,0,0,0
2015-10-24 04:00:00,0,0,0
2015-10-24 05:00:00,0,0,0
2015-10-24 06:00:00,3,2,1
2015-10-24 07:00:00,4,4,0
2015-10-24 08:00:00,15,10,5
2015-10-24 09:00:00,36,23,13
2015-10-24 10:00:00,36,22,14
2015-10-24 11:00:00,54,35,19
2015-10-24 12:00:00,30,14,16
2015-10-24 13:00:00,57,20,37
2015-10-24 14:00:00,40,12,28
2015-10-24 15:00:00,62,27,35
2015-10-24 16:00:00,44,21,23
2015-10-24 17:00:00,57,28,29
2015-10-24 18:00:00,44,26,18
2015-10-24 19:00:00,15,7,8
2015-10-24 20:00:00,6,1,5
2015-10-24 21:00:00,4,1,3
2015-10-24 22:00:00,6,3,3
2015-10-24 23:00:00,1,1,0
2015-10-25 00:00:00,2,0,2
2015-10-25 01:00:00,0,0,0
2015-10-25 02:00:00,2,1,1
2015-10-25 03:00:00,1,0,1
2015-10-25 04:00:00,0,0,0
2015-10-25 05:00:00,0,0,0
2015-10-25 06:00:00,1,1,0
2015-10-25 07:00:00,7,6,1
2015-10-25 08:00:00,15,3,12
2015-10-25 09:00:00,36,22,14
2015-10-25 10:00:00,44,23,21
2015-10-25 11:00:00,48,17,31
2015-10-25 12:00:00,78,42,36
2015-10-25 13:00:00,69,36,33
2015-10-25 14:00:00,66,40,26
2015-10-25 15:00:00,65,36,29
2015-10-25 16:00:00,44,19,25
2015-10-25 17:00:00,20,12,8
2015-10-25 18:00:00,14,4,10
2015-10-25 19:00:00,19,1,18
2015-10-25 20:00:00,2,0,2
2015-10-25 21:00:00,1,0,1
2015-10-25 22:00:00,0,0,0
2015-10-25 23:00:00,0,0,0
2015-10-26 00:00:00,4,2,2
2015-10-26 01:00:00,0,0,0
2015-10-26 02:00:00,0,0,0
2015-10-26 03:00:00,0,0,0
2015-10-26 04:00:00,0,0,0
2015-10-26 05:00:00,9,4,5
2015-10-26 06:00:00,25,14,11
2015-10-26 07:00:00,62,36,26
2015-10-26 08:00:00,134,103,31
2015-10-26 09:00:00,88,74,14
2015-10-26 10:00:00,24,15,9
2015-10-26 11:00:00,12,7,5
2015-10-26 12:00:00,12,5,7
2015-10-26 13:00:00,14,9,5
2015-10-26 14:00:00,10,8,2
2015-10-26 15:00:00,24,11,13
2015-10-26 16:00:00,55,22,33
2015-10-26 17:00:00,157,45,112
2015-10-26 18:00:00,113,18,95
2015-10-26 19:00:00,42,9,33
2015-10-26 20:00:00,29,7,22
2015-10-26 21:00:00,4,2,2
2015-10-26 22:00:00,4,3,1
2015-10-26 23:00:00,2,1,1
2015-10-27 00:00:00,1,0,1
2015-10-27 01:00:00,0,0,0
2015-10-27 02:00:00,2,0,2
2015-10-27 03:00:00,2,1,1
2015-10-27 04:00:00,0,0,0
2015-10-27 05:00:00,12,9,3
2015-10-27 06:00:00,42,24,18
2015-10-27 07:00:00,82,56,26
2015-10-27 08:00:00,201,165,36
2015-10-27 09:00:00,156,123,33
2015-10-27 10:00:00,39,23,16
2015-10-27 11:00:00,40,18,22
2015-10-27 12:00:00,29,10,19
2015-10-27 13:00:00,37,21,16
2015-10-27 14:00:00,43,16,27
2015-10-27 15:00:00,65,31,34
2015-10-27 16:00:00,129,53,76
2015-10-27 17:00:00,258,61,197
2015-10-27 18:00:00,199,52,147
2015-10-27 19:00:00,66,24,42
2015-10-27 20:00:00,31,9,22
2015-10-27 21:00:00,5,1,4
2015-10-27 22:00:00,19,13,6
2015-10-27 23:00:00,3,2,1
2015-10-28 00:00:00,6,2,4
2015-10-28 01:00:00,11,3,8
2015-10-28 02:00:00,1,1,0
2015-10-28 03:00:00,1,0,1
2015-10-28 04:00:00,0,0,0
2015-10-28 05:00:00,10,6,4
2015-10-28 06:00:00,31,15,16
2015-10-28 07:00:00,71,48,23
2015-10-28 08:00:00,138,112,26
2015-10-28 09:00:00,110,79,31
2015-10-28 10:00:00,30,18,12
2015-10-28 11:00:00,16,10,6
2015-10-28 12:00:00,17,10,7
2015-10-28 13:00:00,14,5,9
2015-10-28 14:00:00,22,10,12
2015-10-28 15:00:00,33,14,19
2015-10-28 16:00:00,68,24,44
2015-10-28 17:00:00,161,40,121
2015-10-28 18:00:00,147,46,101
2015-10-28 19:00:00,36,13,23
2015-10-28 20:00:00,10,1,9
2015-10-28 21:00:00,7,1,6
2015-10-28 22:00:00,26,3,23
2015-10-28 23:00:00,10,2,8
2015-10-29 00:00:00,1,0,1
2015-10-29 01:00:00,1,0,1
2015-10-29 02:00:00,0,0,0
2015-10-29 03:00:00,1,0,1
2015-10-29 04:00:00,0,0,0
2015-10-29 05:00:00,9,5,4
2015-10-29 06:00:00,35,18,17
2015-10-29 07:00:00,71,44,27
2015-10-29 08:00:00,137,114,23
2015-10-29 09:00:00,127,98,29
2015-10-29 10:00:00,41,30,11
2015-10-29 11:00:00,27,15,12
2015-10-29 12:00:00,28,12,16
2015-10-29 13:00:00,22,9,13
2015-10-29 14:00:00,28,16,12
2015-10-29 15:00:00,37,15,22
2015-10-29 16:00:00,79,27,52
2015-10-29 17:00:00,170,51,119
2015-10-29 18:00:00,158,34,124
2015-10-29 19:00:00,43,10,33
2015-10-29 20:00:00,13,3,10
2015-10-29 21:00:00,5,1,4
2015-10-29 22:00:00,13,4,9
2015-10-29 23:00:00,8,1,7
2015-10-30 00:00:00,3,3,0
2015-10-30 01:00:00,0,0,0
2015-10-30 02:00:00,1,0,1
2015-10-30 03:00:00,1,0,1
2015-10-30 04:00:00,1,0,1
2015-10-30 05:00:00,7,4,3
2015-10-30 06:00:00,19,9,10
2015-10-30 07:00:00,46,31,15
2015-10-30 08:00:00,79,63,16
2015-10-30 09:00:00,78,56,22
2015-10-30 10:00:00,24,17,7
2015-10-30 11:00:00,14,7,7
2015-10-30 12:00:00,13,6,7
2015-10-30 13:00:00,23,11,12
2015-10-30 14:00:00,32,19,13
2015-10-30 15:00:00,44,21,23
2015-10-30 16:00:00,75,29,46
2015-10-30 17:00:00,118,28,90
2015-10-30 18:00:00,71,14,57
2015-10-30 19:00:00,16,4,12
2015-10-30 20:00:00,94,10,84
2015-10-30 21:00:00,4,3,1
2015-10-30 22:00:00,0,0,0
2015-10-30 23:00:00,0,0,0
2015-10-31 00:00:00,1,0,1
2015-10-31 01:00:00,1,0,1
2015-10-31 02:00:00,0,0,0
2015-10-31 03:00:00,0,0,0
2015-10-31 04:00:00,1,0,1
2015-10-31 05:00:00,1,1,0
2015-10-31 06:00:00,3,3,0
2015-10-31 07:00:00,6,6,0
2015-10-31 08:00:00,9,6,3
2015-10-31 09:00:00,5,2,3
2015-10-31 10:00:00,7,5,2
2015-10-31 11:00:00,6,1,5
2015-10-31 12:00:00,14,4,10
2015-10-31 13:00:00,14,3,11
2015-10-31 14:00:00,16,11,5
2015-10-31 15:00:00,18,8,10
2015-10-31 16:00:00,9,6,3
2015-10-31 17:00:00,15,3,12
2015-10-31 18:00:00,5,1,4
2015-10-31 19:00:00,4,2,2
2015-10-31 20:00:00,5,3,2
2015-10-31 21:00:00,1,1,0
2015-10-31 22:00:00,2,2,0
2015-10-31 23:00:00,0,0,0
2015-11-01 00:00:00,12,10,2
2015-11-01 01:00:00,3,2,1
2015-11-01 02:00:00,0,0,0
2015-11-01 03:00:00,0,0,0
2015-11-01 04:00:00,1,0,1
2015-11-01 05:00:00,0,0,0
2015-11-01 06:00:00,4,3,1
2015-11-01 07:00:00,3,2,1
2015-11-01 08:00:00,19,5,14
2015-11-01 09:00:00,39,16,23
2015-11-01 10:00:00,41,20,21
2015-11-01 11:00:00,17,7,10
2015-11-01 12:00:00,12,3,9
2015-11-01 13:00:00,4,3,1
2015-11-01 14:00:00,12,3,9
2015-11-01 15:00:00,7,3,4
2015-11-01 16:00:00,10,5,5
2015-11-01 17:00:00,13,8,5
2015-11-01 18:00:00,13,9,4
2015-11-01 19:00:00,2,1,1
2015-11-01 20:00:00,2,2,0
2015-11-01 21:00:00,17,3,14
2015-11-01 22:00:00,4,2,2
2015-11-01 23:00:00,4,1,3
2015-11-02 00:00:00,0,0,0
2015-11-02 01:00:00,0,0,0
2015-11-02 02:00:00,1,0,1
2015-11-02 03:00:00,0,0,0
2015-11-02 04:00:00,0,0,0
2015-11-02 05:00:00,10,6,4
2015-11-02 06:00:00,31,19,12
2015-11-02 07:00:00,84,55,29
2015-11-02 08:00:00,173,143,30
2015-11-02 09:00:00,109,85,24
2015-11-02 10:00:00,25,15,10
2015-11-02 11:00:00,14,7,7
2015-11-02 12:00:00,17,9,8
2015-11-02 13:00:00,20,10,10
2015-11-02 14:00:00,30,17,13
2015-11-02 15:00:00,31,11,20
2015-11-02 16:00:00,84,31,53
2015-11-02 17:00:00,184,35,149
2015-11-02 18:00:00,140,28,112
2015-11-02 19:00:00,35,9,26
2015-11-02 20:00:00,10,2,8
2015-11-02 21:00:00,6,5,1
2015-11-02 22:00:00,2,0,2
2015-11-02 23:00:00,0,0,0
2015-11-03 00:00:00,2,0,2
2015-11-03 01:00:00,1,0,1
2015-11-03 02:00:00,4,0,4
2015-11-03 03:00:00,0,0,0
2015-11-03 04:00:00,0,0,0
2015-11-03 05:00:00,10,7,3
2015-11-03 06:00:00,40,23,17
2015-11-03 07:00:00,91,64,27
2015-11-03 08:00:00,166,137,29
2015-11-03 09:00:00,110,71,39
2015-11-03 10:00:00,46,35,11
2015-11-03 11:00:00,13,6,7
2015-11-03 12:00:00,19,10,9
2015-11-03 13:00:00,20,11,9
2015-11-03 14:00:00,45,23,22
2015-11-03 15:00:00,45,18,27
2015-11-03 16:00:00,103,41,62
2015-11-03 17:00:00,206,68,138
2015-11-03 18:00:00,150,26,124
2015-11-03 19:00:00,34,4,30
2015-11-03 20:00:00,10,1,9
2015-11-03 21:00:00,13,3,10
2015-11-03 22:00:00,4,1,3
2015-11-03 23:00:00,5,1,4
2015-11-04 00:00:00,4,0,4
2015-11-04 01:00:00,1,0,1
2015-11-04 02:00:00,0,0,0
2015-11-04 03:00:00,1,0,1
2015-11-04 04:00:00,1,1,0
2015-11-04 05:00:00,10,7,3
2015-11-04 06:00:00,28,17,11
2015-11-04 07:00:00,95,64,31
2015-11-04 08:00:00,192,152,40
2015-11-04 09:00:00,119,97,22
2015-11-04 10:00:00,58,38,20
2015-11-04 11:00:00,21,9,12
2015-11-04 12:00:00,52,21,31
2015-11-04 13:00:00,31,16,15
2015-11-04 14:00:00,43,24,19
2015-11-04 15:00:00,48,24,24
2015-11-04 16:00:00,95,38,57
2015-11-04 17:00:00,210,50,160
2015-11-04 18:00:00,148,26,122
2015-11-04 19:00:00,67,13,54
2015-11-04 20:00:00,14,2,12
2015-11-04 21:00:00,13,5,8
2015-11-04 22:00:00,7,2,5
2015-11-04 23:00:00,4,1,3
2015-11-05 00:00:00,4,1,3
2015-11-05 01:00:00,2,0,2
2015-11-05 02:00:00,0,0,0
2015-11-05 03:00:00,0,0,0
2015-11-05 04:00:00,1,0,1
2015-11-05 05:00:00,8,3,5
2015-11-05 06:00:00,32,17,15
2015-11-05 07:00:00,78,47,31
2015-11-05 08:00:00,160,131,29
2015-11-05 09:00:00,115,81,34
2015-11-05 10:00:00,48,24,24
2015-11-05 11:00:00,23,11,12
2015-11-05 12:00:00,27,15,12
2015-11-05 13:00:00,19,7,12
2015-11-05 14:00:00,26,13,13
2015-11-05 15:00:00,41,13,28
2015-11-05 16:00:00,80,39,41
2015-11-05 17:00:00,174,43,131
2015-11-05 18:00:00,107,15,92
2015-11-05 19:00:00,40,9,31
2015-11-05 20:00:00,12,1,11
2015-11-05 21:00:00,9,2,7
2015-11-05 22:00:00,8,4,4
2015-11-05 23:00:00,2,1,1
2015-11-06 00:00:00,0,0,0
2015-11-06 01:00:00,0,0,0
2015-11-06 02:00:00,0,0,0
2015-11-06 03:00:00,1,0,1
2015-11-06 04:00:00,4,0,4
2015-11-06 05:00:00,8,5,3
2015-11-06 06:00:00,27,17,10
2015-11-06 07:00:00,72,47,25
2015-11-06 08:00:00,128,105,23
2015-11-06 09:00:00,82,57,25
2015-11-06 10:00:00,33,22,11
2015-11-06 11:00:00,14,7,7
2015-11-06 12:00:00,21,10,11
2015-11-06 13:00:00,18,8,10
2015-11-06 14:00:00,33,19,14
2015-11-06 15:00:00,63,27,36
2015-11-06 16:00:00,88,25,63
2015-11-06 17:00:00,152,42,110
2015-11-06 18:00:00,75,10,65
2015-11-06 19:00:00,26,3,23
2015-11-06 20:00:00,9,1,8
2015-11-06 21:00:00,8,4,4
2015-11-06 22:00:00,5,4,1
2015-11-06 23:00:00,6,2,4
2015-11-07 00:00:00,5,1,4
2015-11-07 01:00:00,3,2,1
2015-11-07 02:00:00,1,0,1
2015-11-07 03:00:00,2,0,2
2015-11-07 04:00:00,0,0,0
2015-11-07 05:00:00,0,0,0
2015-11-07 06:00:00,3,2,1
2015-11-07 07:00:00,7,3,4
2015-11-07 08:00:00,16,5,11
2015-11-07 09:00:00,16,9,7
2015-11-07 10:00:00,9,7,2
2015-11-07 11:00:00,12,8,4
2015-11-07 12:00:00,16,8,8
2015-11-07 13:00:00,10,4,6
2015-11-07 14:00:00,9,5,4
2015-11-07 15:00:00,10,3,7
2015-11-07 16:00:00,12,1,11
2015-11-07 17:00:00,6,4,2
2015-11-07 18:00:00,7,4,3
2015-11-07 19:00:00,2,1,1
2015-11-07 20:00:00,0,0,0
2015-11-07 21:00:00,3,2,1
2015-11-07 22:00:00,0,0,0
2015-11-07 23:00:00,2,1,1
2015-11-08 00:00:00,1,0,1
2015-11-08 01:00:00,2,0,2
2015-11-08 02:00:00,0,0,0
2015-11-08 03:00:00,2,0,2
2015-11-08 04:00:00,0,0,0
2015-11-08 05:00:00,0,0,0
2015-11-08 06:00:00,2,2,0
2015-11-08 07:00:00,4,4,0
2015-11-08 08:00:00,15,5,10
2015-11-08 09:00:00,28,14,14
2015-11-08 10:00:00,32,20,12
2015-11-08 11:00:00,17,4,13
2015-11-08 12:00:00,6,4,2
2015-11-08 13:00:00,21,9,12
2015-11-08 14:00:00,34,17,17
2015-11-08 15:00:00,47,18,29
2015-11-08 16:00:00,63,33,30
2015-11-08 17:00:00,35,24,11
2015-11-08 18:00:00,17,10,7
2015-11-08 19:00:00,4,3,1
2015-11-08 20:00:00,2,1,1
2015-11-08 21:00:00,0,0,0
2015-11-08 22:00:00,2,0,2
2015-11-08 23:00:00,1,0,1
2015-11-09 00:00:00,3,1,2
2015-11-09 01:00:00,1,0,1
2015-11-09 02:00:00,0,0,0
2015-11-09 03:00:00,1,0,1
2015-11-09 04:00:00,0,0,0
2015-11-09 05:00:00,9,5,4
2015-11-09 06:00:00,32,22,10
2015-11-09 07:00:00,77,54,23
2015-11-09 08:00:00,125,100,25
2015-11-09 09:00:00,103,80,23
2015-11-09 10:00:00,18,10,8
2015-11-09 11:00:00,15,10,5
2015-11-09 12:00:00,17,7,10
2015-11-09 13:00:00,11,6,5
2015-11-09 14:00:00,20,11,9
2015-11-09 15:00:00,25,11,14
2015-11-09 16:00:00,77,35,42
2015-11-09 17:00:00,150,39,111
2015-11-09 18:00:00,117,16,101
2015-11-09 19:00:00,51,9,42
2015-11-09 20:00:00,7,2,5
2015-11-09 21:00:00,8,1,7
2015-11-09 22:00:00,5,1,4
2015-11-09 23:00:00,3,2,1
2015-11-10 00:00:00,2,0,2
2015-11-10 01:00:00,0,0,0
2015-11-10 02:00:00,0,0,0
2015-11-10 03:00:00,0,0,0
2015-11-10 04:00:00,1,0,1
2015-11-10 05:00:00,5,3,2
2015-11-10 06:00:00,41,27,14
2015-11-10 07:00:00,84,57,27
2015-11-10 08:00:00,171,140,31
2015-11-10 09:00:00,136,104,32
2015-11-10 10:00:00,42,28,14
2015-11-10 11:00:00,21,12,9
2015-11-10 12:00:00,27,6,21
2015-11-10 13:00:00,39,17,22
2015-11-10 14:00:00,44,24,20
2015-11-10 15:00:00,37,17,20
2015-11-10 16:00:00,95,39,56
2015-11-10 17:00:00,179,37,142
2015-11-10 18:00:00,136,16,120
2015-11-10 19:00:00,50,14,36
2015-11-10 20:00:00,3,0,3
2015-11-10 21:00:00,10,3,7
2015-11-10 22:00:00,7,3,4
2015-11-10 23:00:00,0,0,0
2015-11-11 00:00:00,1,0,1
2015-11-11 01:00:00,1,0,1
2015-11-11 02:00:00,0,0,0
2015-11-11 03:00:00,1,0,1
2015-11-11 04:00:00,0,0,0
2015-11-11 05:00:00,8,2,6
2015-11-11 06:00:00,27,14,13
2015-11-11 07:00:00,63,48,15
2015-11-11 08:00:00,119,89,30
2015-11-11 09:00:00,98,75,23
2015-11-11 10:00:00,47,32,15
2015-11-11 11:00:00,47,26,21
2015-11-11 12:00:00,47,24,23
2015-11-11 13:00:00,49,24,25
2015-11-11 14:00:00,53,32,21
2015-11-11 15:00:00,54,18,36
2015-11-11 16:00:00,86,32,54
2015-11-11 17:00:00,124,38,86
2015-11-11 18:00:00,127,25,102
2015-11-11 19:00:00,37,9,28
2015-11-11 20:00:00,7,0,7
2015-11-11 21:00:00,11,1,10
2015-11-11 22:00:00,3,2,1
2015-11-11 23:00:00,6,1,5
2015-11-12 00:00:00,1,0,1
2015-11-12 01:00:00,1,0,1
2015-11-12 02:00:00,0,0,0
2015-11-12 03:00:00,1,0,1
2015-11-12 04:00:00,2,0,2
2015-11-12 05:00:00,8,4,4
2015-11-12 06:00:00,32,22,10
2015-11-12 07:00:00,74,53,21
2015-11-12 08:00:00,144,117,27
2015-11-12 09:00:00,75,48,27
2015-11-12 10:00:00,38,27,11
2015-11-12 11:00:00,20,13,7
2015-11-12 12:00:00,26,13,13
2015-11-12 13:00:00,17,9,8
2015-11-12 14:00:00,16,7,9
2015-11-12 15:00:00,22,10,12
2015-11-12 16:00:00,59,20,39
2015-11-12 17:00:00,129,24,105
2015-11-12 18:00:00,87,4,83
2015-11-12 19:00:00,38,7,31
2015-11-12 20:00:00,8,1,7
2015-11-12 21:00:00,9,2,7
2015-11-12 22:00:00,4,3,1
2015-11-12 23:00:00,5,3,2
2015-11-13 00:00:00,3,3,0
2015-11-13 01:00:00,0,0,0
2015-11-13 02:00:00,2,0,2
2015-11-13 03:00:00,0,0,0
2015-11-13 04:00:00,0,0,0
2015-11-13 05:00:00,5,1,4
2015-11-13 06:00:00,13,6,7
2015-11-13 07:00:00,40,27,13
2015-11-13 08:00:00,84,62,22
2015-11-13 09:00:00,52,36,16
2015-11-13 10:00:00,20,14,6
2015-11-13 11:00:00,11,8,3
2015-11-13 12:00:00,12,8,4
2015-11-13 13:00:00,7,3,4
2015-11-13 14:00:00,12,6,6
2015-11-13 15:00:00,33,14,19
2015-11-13 16:00:00,38,13,25
2015-11-13 17:00:00,83,21,62
2015-11-13 18:00:00,70,6,64
2015-11-13 19:00:00,19,8,11
2015-11-13 20:00:00,6,0,6
2015-11-13 21:00:00,0,0,0
2015-11-13 22:00:00,2,1,1
2015-11-13 23:00:00,7,3,4
2015-11-14 00:00:00,0,0,0
2015-11-14 01:00:00,3,0,3
2015-11-14 02:00:00,3,2,1
2015-11-14 03:00:00,1,0,1
2015-11-14 04:00:00,0,0,0
2015-11-14 05:00:00,0,0,0
2015-11-14 06:00:00,3,3,0
2015-11-14 07:00:00,4,3,1
2015-11-14 08:00:00,8,1,7
2015-11-14 09:00:00,2,1,1
2015-11-14 10:00:00,13,7,6
2015-11-14 11:00:00,12,7,5
2015-11-14 12:00:00,11,8,3
2015-11-14 13:00:00,6,2,4
2015-11-14 14:00:00,13,7,6
2015-11-14 15:00:00,5,3,2
2015-11-14 16:00:00,17,8,9
2015-11-14 17:00:00,3,3,0
2015-11-14 18:00:00,4,1,3
2015-11-14 19:00:00,2,0,2
2015-11-14 20:00:00,1,1,0
2015-11-14 21:00:00,4,1,3
2015-11-14 22:00:00,0,0,0
2015-11-14 23:00:00,0,0,0
2015-11-15 00:00:00,2,0,2
2015-11-15 01:00:00,0,0,0
2015-11-15 02:00:00,0,0,0
2015-11-15 03:00:00,1,0,1
2015-11-15 04:00:00,0,0,0
2015-11-15 05:00:00,0,0,0
2015-11-15 06:00:00,1,1,0
2015-11-15 07:00:00,6,2,4
2015-11-15 08:00:00,8,2,6
2015-11-15 09:00:00,11,6,5
2015-11-15 10:00:00,13,8,5
2015-11-15 11:00:00,20,6,14
2015-11-15 12:00:00,34,20,14
2015-11-15 13:00:00,43,26,17
2015-11-15 14:00:00,81,36,45
2015-11-15 15:00:00,59,25,34
2015-11-15 16:00:00,72,35,37
2015-11-15 17:00:00,34,24,10
2015-11-15 18:00:00,4,1,3
2015-11-15 19:00:00,5,4,1
2015-11-15 20:00:00,3,1,2
2015-11-15 21:00:00,6,2,4
2015-11-15 22:00:00,10,0,10
2015-11-15 23:00:00,5,0,5
2015-11-16 00:00:00,3,3,0
2015-11-16 01:00:00,0,0,0
2015-11-16 02:00:00,0,0,0
2015-11-16 03:00:00,0,0,0
2015-11-16 04:00:00,0,0,0
2015-11-16 05:00:00,10,4,6
2015-11-16 06:00:00,30,18,12
2015-11-16 07:00:00,67,43,24
2015-11-16 08:00:00,156,124,32
2015-11-16 09:00:00,103,77,26
2015-11-16 10:00:00,40,25,15
2015-11-16 11:00:00,12,5,7
2015-11-16 12:00:00,14,8,6
2015-11-16 13:00:00,10,6,4
2015-11-16 14:00:00,20,7,13
2015-11-16 15:00:00,24,11,13
2015-11-16 16:00:00,71,26,45
2015-11-16 17:00:00,124,24,100
2015-11-16 18:00:00,122,14,108
2015-11-16 19:00:00,40,8,32
2015-11-16 20:00:00,9,1,8
2015-11-16 21:00:00,5,3,2
2015-11-16 22:00:00,6,0,6
2015-11-16 23:00:00,5,3,2
2015-11-17 00:00:00,1,0,1
2015-11-17 01:00:00,0,0,0
2015-11-17 02:00:00,1,0,1
2015-11-17 03:00:00,1,0,1
2015-11-17 04:00:00,0,0,0
2015-11-17 05:00:00,6,3,3
2015-11-17 06:00:00,23,12,11
2015-11-17 07:00:00,46,33,13
2015-11-17 08:00:00,87,70,17
2015-11-17 09:00:00,69,49,20
2015-11-17 10:00:00,21,14,7
2015-11-17 11:00:00,4,3,1
2015-11-17 12:00:00,6,2,4
2015-11-17 13:00:00,4,2,2
2015-11-17 14:00:00,8,4,4
2015-11-17 15:00:00,17,9,8
2015-11-17 16:00:00,43,13,30
2015-11-17 17:00:00,102,27,75
2015-11-17 18:00:00,70,8,62
2015-11-17 19:00:00,27,5,22
2015-11-17 20:00:00,4,2,2
2015-11-17 21:00:00,3,0,3
2015-11-17 22:00:00,2,0,2
2015-11-17 23:00:00,1,1,0
2015-11-18 00:00:00,2,0,2
2015-11-18 01:00:00,1,0,1
2015-11-18 02:00:00,0,0,0
2015-11-18 03:00:00,1,0,1
2015-11-18 04:00:00,2,0,2
2015-11-18 05:00:00,8,4,4
2015-11-18 06:00:00,28,15,13
2015-11-18 07:00:00,70,47,23
2015-11-18 08:00:00,153,121,32
2015-11-18 09:00:00,108,85,23
2015-11-18 10:00:00,42,31,11
2015-11-18 11:00:00,20,11,9
2015-11-18 12:00:00,35,18,17
2015-11-18 13:00:00,29,13,16
2015-11-18 14:00:00,37,16,21
2015-11-18 15:00:00,27,12,15
2015-11-18 16:00:00,88,35,53
2015-11-18 17:00:00,163,43,120
2015-11-18 18:00:00,117,11,106
2015-11-18 19:00:00,48,10,38
2015-11-18 20:00:00,15,4,11
2015-11-18 21:00:00,11,4,7
2015-11-18 22:00:00,4,2,2
2015-11-18 23:00:00,3,1,2
2015-11-19 00:00:00,0,0,0
2015-11-19 01:00:00,1,1,0
2015-11-19 02:00:00,1,0,1
2015-11-19 03:00:00,1,0,1
2015-11-19 04:00:00,1,0,1
2015-11-19 05:00:00,12,7,5
2015-11-19 06:00:00,24,15,9
2015-11-19 07:00:00,55,36,19
2015-11-19 08:00:00,155,132,23
2015-11-19 09:00:00,109,81,28
2015-11-19 10:00:00,39,23,16
2015-11-19 11:00:00,12,6,6
2015-11-19 12:00:00,40,27,13
2015-11-19 13:00:00,27,15,12
2015-11-19 14:00:00,30,20,10
2015-11-19 15:00:00,51,22,29
2015-11-19 16:00:00,85,31,54
2015-11-19 17:00:00,151,51,100
2015-11-19 18:00:00,120,18,102
2015-11-19 19:00:00,41,7,34
2015-11-19 20:00:00,15,4,11
2015-11-19 21:00:00,7,1,6
2015-11-19 22:00:00,15,5,10
2015-11-19 23:00:00,9,1,8
2015-11-20 00:00:00,1,1,0
2015-11-20 01:00:00,0,0,0
2015-11-20 02:00:00,1,0,1
2015-11-20 03:00:00,0,0,0
2015-11-20 04:00:00,0,0,0
2015-11-20 05:00:00,15,7,8
2015-11-20 06:00:00,29,18,11
2015-11-20 07:00:00,73,53,20
2015-11-20 08:00:00,123,102,21
2015-11-20 09:00:00,96,73,23
2015-11-20 10:00:00,34,25,9
2015-11-20 11:00:00,25,10,15
2015-11-20 12:00:00,31,18,13
2015-11-20 13:00:00,30,18,12
2015-11-20 14:00:00,50,24,26
2015-11-20 15:00:00,51,21,30
2015-11-20 16:00:00,82,38,44
2015-11-20 17:00:00,145,29,116
2015-11-20 18:00:00,104,11,93
2015-11-20 19:00:00,28,9,19
2015-11-20 20:00:00,6,1,5
2015-11-20 21:00:00,11,6,5
2015-11-20 22:00:00,11,3,8
2015-11-20 23:00:00,6,3,3
2015-11-21 00:00:00,3,2,1
2015-11-21 01:00:00,1,0,1
2015-11-21 02:00:00,0,0,0
2015-11-21 03:00:00,2,0,2
2015-11-21 04:00:00,0,0,0
2015-11-21 05:00:00,0,0,0
2015-11-21 06:00:00,5,3,2
2015-11-21 07:00:00,3,1,2
2015-11-21 08:00:00,20,17,3
2015-11-21 09:00:00,19,10,9
2015-11-21 10:00:00,34,14,20
2015-11-21 11:00:00,60,37,23
2015-11-21 12:00:00,60,32,28
2015-11-21 13:00:00,65,44,21
2015-11-21 14:00:00,64,27,37
2015-11-21 15:00:00,98,40,58
2015-11-21 16:00:00,79,28,51
2015-11-21 17:00:00,19,11,8
2015-11-21 18:00:00,11,2,9
2015-11-21 19:00:00,8,2,6
2015-11-21 20:00:00,3,0,3
2015-11-21 21:00:00,4,1,3
2015-11-21 22:00:00,1,0,1
2015-11-21 23:00:00,3,2,1
2015-11-22 00:00:00,1,0,1
2015-11-22 01:00:00,2,1,1
2015-11-22 02:00:00,2,1,1
2015-11-22 03:00:00,1,0,1
2015-11-22 04:00:00,0,0,0
2015-11-22 05:00:00,0,0,0
2015-11-22 06:00:00,3,2,1
2015-11-22 07:00:00,4,2,2
2015-11-22 08:00:00,3,0,3
2015-11-22 09:00:00,23,10,13
2015-11-22 10:00:00,40,24,16
2015-11-22 11:00:00,50,28,22
2015-11-22 12:00:00,83,35,48
2015-11-22 13:00:00,72,37,35
2015-11-22 14:00:00,70,39,31
2015-11-22 15:00:00,53,25,28
2015-11-22 16:00:00,74,31,43
2015-11-22 17:00:00,27,14,13
2015-11-22 18:00:00,7,4,3
2015-11-22 19:00:00,7,3,4
2015-11-22 20:00:00,1,0,1
2015-11-22 21:00:00,1,0,1
2015-11-22 22:00:00,2,1,1
2015-11-22 23:00:00,1,1,0
2015-11-23 00:00:00,0,0,0
2015-11-23 01:00:00,0,0,0
2015-11-23 02:00:00,0,0,0
2015-11-23 03:00:00,1,0,1
2015-11-23 04:00:00,0,0,0
2015-11-23 05:00:00,10,5,5
2015-11-23 06:00:00,31,22,9
2015-11-23 07:00:00,66,43,23
2015-11-23 08:00:00,153,116,37
2015-11-23 09:00:00,91,66,25
2015-11-23 10:00:00,29,20,9
2015-11-23 11:00:00,25,13,12
2015-11-23 12:00:00,24,12,12
2015-11-23 13:00:00,21,15,6
2015-11-23 14:00:00,31,12,19
2015-11-23 15:00:00,35,13,22
2015-11-23 16:00:00,61,23,38
2015-11-23 17:00:00,123,28,95
2015-11-23 18:00:00,101,10,91
2015-11-23 19:00:00,35,9,26
2015-11-23 20:00:00,9,1,8
2015-11-23 21:00:00,1,0,1
2015-11-23 22:00:00,4,2,2
2015-11-23 23:00:00,0,0,0
2015-11-24 00:00:00,0,0,0
2015-11-24 01:00:00,0,0,0
2015-11-24 02:00:00,0,0,0
2015-11-24 03:00:00,2,0,2
2015-11-24 04:00:00,0,0,0
2015-11-24 05:00:00,5,2,3
2015-11-24 06:00:00,32,21,11
2015-11-24 07:00:00,43,23,20
2015-11-24 08:00:00,110,88,22
2015-11-24 09:00:00,76,52,24
2015-11-24 10:00:00,24,14,10
2015-11-24 11:00:00,10,6,4
2015-11-24 12:00:00,16,8,8
2015-11-24 13:00:00,12,6,6
2015-11-24 14:00:00,28,12,16
2015-11-24 15:00:00,31,15,16
2015-11-24 16:00:00,59,25,34
2015-11-24 17:00:00,117,27,90
2015-11-24 18:00:00,84,10,74
2015-11-24 19:00:00,26,5,21
2015-11-24 20:00:00,14,4,10
2015-11-24 21:00:00,3,2,1
2015-11-24 22:00:00,4,1,3
2015-11-24 23:00:00,0,0,0
2015-11-25 00:00:00,1,0,1
2015-11-25 01:00:00,0,0,0
2015-11-25 02:00:00,1,0,1
2015-11-25 03:00:00,0,0,0
2015-11-25 04:00:00,1,0,1
2015-11-25 05:00:00,6,4,2
2015-11-25 06:00:00,25,15,10
2015-11-25 07:00:00,41,34,7
2015-11-25 08:00:00,98,70,28
2015-11-25 09:00:00,52,38,14
2015-11-25 10:00:00,33,26,7
2015-11-25 11:00:00,31,20,11
2015-11-25 12:00:00,24,15,9
2015-11-25 13:00:00,36,13,23
2015-11-25 14:00:00,38,14,24
2015-11-25 15:00:00,75,26,49
2015-11-25 16:00:00,95,38,57
2015-11-25 17:00:00,78,25,53
2015-11-25 18:00:00,40,7,33
2015-11-25 19:00:00,18,2,16
2015-11-25 20:00:00,8,1,7
2015-11-25 21:00:00,8,4,4
2015-11-25 22:00:00,3,1,2
2015-11-25 23:00:00,3,2,1
2015-11-26 00:00:00,2,2,0
2015-11-26 01:00:00,2,0,2
2015-11-26 02:00:00,2,1,1
2015-11-26 03:00:00,1,0,1
2015-11-26 04:00:00,0,0,0
2015-11-26 05:00:00,1,0,1
2015-11-26 06:00:00,1,1,0
2015-11-26 07:00:00,3,3,0
2015-11-26 08:00:00,9,4,5
2015-11-26 09:00:00,30,17,13
2015-11-26 10:00:00,17,5,12
2015-11-26 11:00:00,42,17,25
2015-11-26 12:00:00,29,14,15
2015-11-26 13:00:00,79,39,40
2015-11-26 14:00:00,40,20,20
2015-11-26 15:00:00,32,20,12
2015-11-26 16:00:00,24,11,13
2015-11-26 17:00:00,7,4,3
2015-11-26 18:00:00,6,3,3
2015-11-26 19:00:00,0,0,0
2015-11-26 20:00:00,2,0,2
2015-11-26 21:00:00,2,2,0
2015-11-26 22:00:00,1,0,1
2015-11-26 23:00:00,0,0,0
2015-11-27 00:00:00,0,0,0
2015-11-27 01:00:00,0,0,0
2015-11-27 02:00:00,0,0,0
2015-11-27 03:00:00,0,0,0
2015-11-27 04:00:00,0,0,0
2015-11-27 05:00:00,1,0,1
2015-11-27 06:00:00,5,4,1
2015-11-27 07:00:00,5,4,1
2015-11-27 08:00:00,11,9,2
2015-11-27 09:00:00,11,8,3
2015-11-27 10:00:00,27,15,12
2015-11-27 11:00:00,33,22,11
2015-11-27 12:00:00,56,34,22
2015-11-27 13:00:00,50,23,27
2015-11-27 14:00:00,52,18,34
2015-11-27 15:00:00,55,20,35
2015-11-27 16:00:00,55,26,29
2015-11-27 17:00:00,15,8,7
2015-11-27 18:00:00,11,6,5
2015-11-27 19:00:00,7,1,6
2015-11-27 20:00:00,1,0,1
2015-11-27 21:00:00,3,3,0
2015-11-27 22:00:00,4,2,2
2015-11-27 23:00:00,1,0,1
2015-11-28 00:00:00,1,0,1
2015-11-28 01:00:00,2,0,2
2015-11-28 02:00:00,0,0,0
2015-11-28 03:00:00,2,1,1
2015-11-28 04:00:00,1,1,0
2015-11-28 05:00:00,0,0,0
2015-11-28 06:00:00,7,7,0
2015-11-28 07:00:00,1,1,0
2015-11-28 08:00:00,3,1,2
2015-11-28 09:00:00,9,3,6
2015-11-28 10:00:00,16,12,4
2015-11-28 11:00:00,27,15,12
2015-11-28 12:00:00,35,19,16
2015-11-28 13:00:00,53,32,21
2015-11-28 14:00:00,72,36,36
2015-11-28 15:00:00,62,24,38
2015-11-28 16:00:00,68,28,40
2015-11-28 17:00:00,21,12,9
2015-11-28 18:00:00,17,14,3
2015-11-28 19:00:00,7,3,4
2015-11-28 20:00:00,6,0,6
2015-11-28 21:00:00,5,4,1
2015-11-28 22:00:00,3,1,2
2015-11-28 23:00:00,8,1,7
2015-11-29 00:00:00,0,0,0
2015-11-29 01:00:00,0,0,0
2015-11-29 02:00:00,0,0,0
2015-11-29 03:00:00,1,0,1
2015-11-29 04:00:00,0,0,0
2015-11-29 05:00:00,0,0,0
2015-11-29 06:00:00,3,3,0
2015-11-29 07:00:00,2,1,1
2015-11-29 08:00:00,7,4,3
2015-11-29 09:00:00,12,5,7
2015-11-29 10:00:00,24,15,9
2015-11-29 11:00:00,42,18,24
2015-11-29 12:00:00,33,20,13
2015-11-29 13:00:00,60,31,29
2015-11-29 14:00:00,33,12,21
2015-11-29 15:00:00,43,19,24
2015-11-29 16:00:00,16,10,6
2015-11-29 17:00:00,14,6,8
2015-11-29 18:00:00,10,3,7
2015-11-29 19:00:00,7,1,6
2015-11-29 20:00:00,1,0,1
2015-11-29 21:00:00,3,1,2
2015-11-29 22:00:00,2,0,2
2015-11-29 23:00:00,3,1,2
2015-11-30 00:00:00,0,0,0
2015-11-30 01:00:00,1,0,1
2015-11-30 02:00:00,1,0,1
2015-11-30 03:00:00,0,0,0
2015-11-30 04:00:00,0,0,0
2015-11-30 05:00:00,5,2,3
2015-11-30 06:00:00,29,22,7
2015-11-30 07:00:00,59,40,19
2015-11-30 08:00:00,120,93,27
2015-11-30 09:00:00,79,60,19
2015-11-30 10:00:00,35,27,8
2015-11-30 11:00:00,13,4,9
2015-11-30 12:00:00,20,11,9
2015-11-30 13:00:00,26,14,12
2015-11-30 14:00:00,48,23,25
2015-11-30 15:00:00,29,17,12
2015-11-30 16:00:00,60,25,35
2015-11-30 17:00:00,125,25,100
2015-11-30 18:00:00,84,10,74
2015-11-30 19:00:00,34,5,29
2015-11-30 20:00:00,10,1,9
2015-11-30 21:00:00,13,4,9
2015-11-30 22:00:00,1,0,1
2015-11-30 23:00:00,3,2,1
2015-12-01 00:00:00,1,0,1
2015-12-01 01:00:00,0,0,0
2015-12-01 02:00:00,1,0,1
2015-12-01 03:00:00,1,0,1
2015-12-01 04:00:00,0,0,0
2015-12-01 05:00:00,7,3,4
2015-12-01 06:00:00,42,31,11
2015-12-01 07:00:00,54,40,14
2015-12-01 08:00:00,139,115,24
2015-12-01 09:00:00,99,70,29
2015-12-01 10:00:00,45,29,16
2015-12-01 11:00:00,22,12,10
2015-12-01 12:00:00,35,18,17
2015-12-01 13:00:00,27,12,15
2015-12-01 14:00:00,36,14,22
2015-12-01 15:00:00,38,14,24
2015-12-01 16:00:00,61,26,35
2015-12-01 17:00:00,145,27,118
2015-12-01 18:00:00,114,12,102
2015-12-01 19:00:00,28,4,24
2015-12-01 20:00:00,5,2,3
2015-12-01 21:00:00,3,1,2
2015-12-01 22:00:00,2,0,2
2015-12-01 23:00:00,1,0,1
2015-12-02 00:00:00,0,0,0
2015-12-02 01:00:00,1,0,1
2015-12-02 02:00:00,0,0,0
2015-12-02 03:00:00,0,0,0
2015-12-02 04:00:00,1,0,1
2015-12-02 05:00:00,7,4,3
2015-12-02 06:00:00,33,25,8
2015-12-02 07:00:00,53,34,19
2015-12-02 08:00:00,143,113,30
2015-12-02 09:00:00,79,66,13
2015-12-02 10:00:00,44,27,17
2015-12-02 11:00:00,11,8,3
2015-12-02 12:00:00,20,11,9
2015-12-02 13:00:00,24,12,12
2015-12-02 14:00:00,29,17,12
2015-12-02 15:00:00,31,10,21
2015-12-02 16:00:00,70,27,43
2015-12-02 17:00:00,136,30,106
2015-12-02 18:00:00,113,11,102
2015-12-02 19:00:00,35,6,29
2015-12-02 20:00:00,6,1,5
2015-12-02 21:00:00,13,7,6
2015-12-02 22:00:00,5,3,2
2015-12-02 23:00:00,5,1,4
2015-12-03 00:00:00,1,0,1
2015-12-03 01:00:00,3,2,1
2015-12-03 02:00:00,0,0,0
2015-12-03 03:00:00,2,0,2
2015-12-03 04:00:00,0,0,0
2015-12-03 05:00:00,8,2,6
2015-12-03 06:00:00,20,13,7
2015-12-03 07:00:00,44,30,14
2015-12-03 08:00:00,95,70,25
2015-12-03 09:00:00,59,43,16
2015-12-03 10:00:00,20,13,7
2015-12-03 11:00:00,15,12,3
2015-12-03 12:00:00,10,7,3
2015-12-03 13:00:00,10,5,5
2015-12-03 14:00:00,11,4,7
2015-12-03 15:00:00,19,12,7
2015-12-03 16:00:00,40,20,20
2015-12-03 17:00:00,98,23,75
2015-12-03 18:00:00,67,9,58
2015-12-03 19:00:00,29,4,25
2015-12-03 20:00:00,9,1,8
2015-12-03 21:00:00,10,3,7
2015-12-03 22:00:00,2,1,1
2015-12-03 23:00:00,2,0,2
2015-12-04 00:00:00,0,0,0
2015-12-04 01:00:00,0,0,0
2015-12-04 02:00:00,2,0,2
2015-12-04 03:00:00,1,0,1
2015-12-04 04:00:00,0,0,0
2015-12-04 05:00:00,11,5,6
2015-12-04 06:00:00,24,19,5
2015-12-04 07:00:00,43,31,12
2015-12-04 08:00:00,120,98,22
2015-12-04 09:00:00,78,59,19
2015-12-04 10:00:00,32,23,9
2015-12-04 11:00:00,31,18,13
2015-12-04 12:00:00,24,17,7
2015-12-04 13:00:00,18,10,8
2015-12-04 14:00:00,36,17,19
2015-12-04 15:00:00,38,16,22
2015-12-04 16:00:00,73,29,44
2015-12-04 17:00:00,134,25,109
2015-12-04 18:00:00,89,10,79
2015-12-04 19:00:00,26,2,24
2015-12-04 20:00:00,8,2,6
2015-12-04 21:00:00,4,4,0
2015-12-04 22:00:00,7,3,4
2015-12-04 23:00:00,9,2,7
2015-12-05 00:00:00,2,1,1
2015-12-05 01:00:00,5,0,5
2015-12-05 02:00:00,0,0,0
2015-12-05 03:00:00,9,0,9
2015-12-05 04:00:00,0,0,0
2015-12-05 05:00:00,1,0,1
2015-12-05 06:00:00,5,4,1
2015-12-05 07:00:00,6,5,1
2015-12-05 08:00:00,9,6,3
2015-12-05 09:00:00,13,9,4
2015-12-05 10:00:00,6,4,2
2015-12-05 11:00:00,9,2,7
2015-12-05 12:00:00,4,1,3
2015-12-05 13:00:00,8,4,4
2015-12-05 14:00:00,8,4,4
2015-12-05 15:00:00,6,3,3
2015-12-05 16:00:00,8,4,4
2015-12-05 17:00:00,3,1,2
2015-12-05 18:00:00,1,1,0
2015-12-05 19:00:00,3,0,3
2015-12-05 20:00:00,1,0,1
2015-12-05 21:00:00,2,2,0
2015-12-05 22:00:00,0,0,0
2015-12-05 23:00:00,0,0,0
2015-12-06 00:00:00,0,0,0
2015-12-06 01:00:00,0,0,0
2015-12-06 02:00:00,0,0,0
2015-12-06 03:00:00,1,0,1
2015-12-06 04:00:00,0,0,0
2015-12-06 05:00:00,0,0,0
2015-12-06 06:00:00,1,1,0
2015-12-06 07:00:00,2,1,1
2015-12-06 08:00:00,2,1,1
2015-12-06 09:00:00,9,3,6
2015-12-06 10:00:00,11,4,7
2015-12-06 11:00:00,19,9,10
2015-12-06 12:00:00,30,11,19
2015-12-06 13:00:00,25,11,14
2015-12-06 14:00:00,35,16,19
2015-12-06 15:00:00,41,19,22
2015-12-06 16:00:00,24,14,10
2015-12-06 17:00:00,9,4,5
2015-12-06 18:00:00,0,0,0
2015-12-06 19:00:00,1,0,1
2015-12-06 20:00:00,1,0,1
2015-12-06 21:00:00,3,2,1
2015-12-06 22:00:00,1,1,0
2015-12-06 23:00:00,1,1,0
2015-12-07 00:00:00,1,0,1
2015-12-07 01:00:00,1,0,1
2015-12-07 02:00:00,1,1,0
2015-12-07 03:00:00,1,0,1
2015-12-07 04:00:00,0,0,0
2015-12-07 05:00:00,6,1,5
2015-12-07 06:00:00,28,20,8
2015-12-07 07:00:00,54,37,17
2015-12-07 08:00:00,122,98,24
2015-12-07 09:00:00,81,59,22
2015-12-07 10:00:00,20,15,5
2015-12-07 11:00:00,10,7,3
2015-12-07 12:00:00,9,6,3
2015-12-07 13:00:00,8,2,6
2015-12-07 14:00:00,6,3,3
2015-12-07 15:00:00,16,7,9
2015-12-07 16:00:00,50,21,29
2015-12-07 17:00:00,113,25,88
2015-12-07 18:00:00,99,11,88
2015-12-07 19:00:00,28,5,23
2015-12-07 20:00:00,10,0,10
2015-12-07 21:00:00,6,2,4
2015-12-07 22:00:00,3,0,3
2015-12-07 23:00:00,1,0,1
2015-12-08 00:00:00,2,1,1
2015-12-08 01:00:00,0,0,0
2015-12-08 02:00:00,0,0,0
2015-12-08 03:00:00,2,1,1
2015-12-08 04:00:00,0,0,0
2015-12-08 05:00:00,9,5,4
2015-12-08 06:00:00,25,17,8
2015-12-08 07:00:00,42,29,13
2015-12-08 08:00:00,91,74,17
2015-12-08 09:00:00,75,53,22
2015-12-08 10:00:00,17,10,7
2015-12-08 11:00:00,18,11,7
2015-12-08 12:00:00,5,2,3
2015-12-08 13:00:00,5,4,1
2015-12-08 14:00:00,8,1,7
2015-12-08 15:00:00,17,10,7
2015-12-08 16:00:00,43,20,23
2015-12-08 17:00:00,86,26,60
2015-12-08 18:00:00,72,4,68
2015-12-08 19:00:00,29,7,22
2015-12-08 20:00:00,4,0,4
2015-12-08 21:00:00,4,3,1
2015-12-08 22:00:00,1,0,1
2015-12-08 23:00:00,0,0,0
2015-12-09 00:00:00,0,0,0
2015-12-09 01:00:00,2,0,2
2015-12-09 02:00:00,0,0,0
2015-12-09 03:00:00,1,0,1
2015-12-09 04:00:00,0,0,0
2015-12-09 05:00:00,9,4,5
2015-12-09 06:00:00,22,14,8
2015-12-09 07:00:00,44,25,19
2015-12-09 08:00:00,87,63,24
2015-12-09 09:00:00,77,59,18
2015-12-09 10:00:00,30,22,8
2015-12-09 11:00:00,13,9,4
2015-12-09 12:00:00,21,9,12
2015-12-09 13:00:00,18,12,6
2015-12-09 14:00:00,26,10,16
2015-12-09 15:00:00,33,18,15
2015-12-09 16:00:00,64,21,43
2015-12-09 17:00:00,112,26,86
2015-12-09 18:00:00,94,18,76
2015-12-09 19:00:00,49,13,36
2015-12-09 20:00:00,5,2,3
2015-12-09 21:00:00,9,1,8
2015-12-09 22:00:00,2,0,2
2015-12-09 23:00:00,7,3,4
2015-12-10 00:00:00,2,1,1
2015-12-10 01:00:00,0,0,0
2015-12-10 02:00:00,0,0,0
2015-12-10 03:00:00,0,0,0
2015-12-10 04:00:00,2,0,2
2015-12-10 05:00:00,8,1,7
2015-12-10 06:00:00,28,21,7
2015-12-10 07:00:00,53,35,18
2015-12-10 08:00:00,104,81,23
2015-12-10 09:00:00,70,56,14
2015-12-10 10:00:00,15,11,4
2015-12-10 11:00:00,7,4,3
2015-12-10 12:00:00,3,1,2
2015-12-10 13:00:00,5,3,2
2015-12-10 14:00:00,13,3,10
2015-12-10 15:00:00,24,13,11
2015-12-10 16:00:00,36,14,22
2015-12-10 17:00:00,85,21,64
2015-12-10 18:00:00,72,8,64
2015-12-10 19:00:00,28,2,26
2015-12-10 20:00:00,5,0,5
2015-12-10 21:00:00,4,1,3
2015-12-10 22:00:00,7,5,2
2015-12-10 23:00:00,4,0,4
2015-12-11 00:00:00,1,0,1
2015-12-11 01:00:00,0,0,0
2015-12-11 02:00:00,0,0,0
2015-12-11 03:00:00,2,0,2
2015-12-11 04:00:00,0,0,0
2015-12-11 05:00:00,12,6,6
2015-12-11 06:00:00,23,18,5
2015-12-11 07:00:00,49,33,16
2015-12-11 08:00:00,102,83,19
2015-12-11 09:00:00,79,53,26
2015-12-11 10:00:00,33,26,7
2015-12-11 11:00:00,24,16,8
2015-12-11 12:00:00,21,13,8
2015-12-11 13:00:00,30,16,14
2015-12-11 14:00:00,31,17,14
2015-12-11 15:00:00,43,21,22
2015-12-11 16:00:00,80,36,44
2015-12-11 17:00:00,110,27,83
2015-12-11 18:00:00,76,12,64
2015-12-11 19:00:00,29,6,23
2015-12-11 20:00:00,5,2,3
2015-12-11 21:00:00,12,4,8
2015-12-11 22:00:00,4,4,0
2015-12-11 23:00:00,6,4,2
2015-12-12 00:00:00,2,0,2
2015-12-12 01:00:00,1,0,1
2015-12-12 02:00:00,8,3,5
2015-12-12 03:00:00,1,0,1
2015-12-12 04:00:00,0,0,0
2015-12-12 05:00:00,2,1,1
2015-12-12 06:00:00,4,3,1
2015-12-12 07:00:00,6,4,2
2015-12-12 08:00:00,6,3,3
2015-12-12 09:00:00,9,3,6
2015-12-12 10:00:00,14,10,4
2015-12-12 11:00:00,8,3,5
2015-12-12 12:00:00,14,6,8
2015-12-12 13:00:00,5,1,4
2015-12-12 14:00:00,2,2,0
2015-12-12 15:00:00,9,2,7
2015-12-12 16:00:00,7,3,4
2015-12-12 17:00:00,6,5,1
2015-12-12 18:00:00,4,2,2
2015-12-12 19:00:00,4,0,4
2015-12-12 20:00:00,1,0,1
2015-12-12 21:00:00,3,0,3
2015-12-12 22:00:00,0,0,0
2015-12-12 23:00:00,1,0,1
2015-12-13 00:00:00,4,2,2
2015-12-13 01:00:00,0,0,0
2015-12-13 02:00:00,2,2,0
2015-12-13 03:00:00,1,0,1
2015-12-13 04:00:00,0,0,0
2015-12-13 05:00:00,0,0,0
2015-12-13 06:00:00,1,1,0
2015-12-13 07:00:00,5,2,3
2015-12-13 08:00:00,5,1,4
2015-12-13 09:00:00,5,2,3
2015-12-13 10:00:00,24,10,14
2015-12-13 11:00:00,12,6,6
2015-12-13 12:00:00,16,8,8
2015-12-13 13:00:00,17,9,8
2015-12-13 14:00:00,24,16,8
2015-12-13 15:00:00,26,11,15
2015-12-13 16:00:00,14,9,5
2015-12-13 17:00:00,3,3,0
2015-12-13 18:00:00,6,2,4
2015-12-13 19:00:00,1,0,1
2015-12-13 20:00:00,1,0,1
2015-12-13 21:00:00,2,1,1
2015-12-13 22:00:00,0,0,0
2015-12-13 23:00:00,1,0,1
2015-12-14 00:00:00,1,0,1
2015-12-14 01:00:00,0,0,0
2015-12-14 02:00:00,0,0,0
2015-12-14 03:00:00,2,0,2
2015-12-14 04:00:00,0,0,0
2015-12-14 05:00:00,7,4,3
2015-12-14 06:00:00,24,16,8
2015-12-14 07:00:00,77,53,24
2015-12-14 08:00:00,135,108,27
2015-12-14 09:00:00,110,90,20
2015-12-14 10:00:00,30,25,5
2015-12-14 11:00:00,20,10,10
2015-12-14 12:00:00,36,15,21
2015-12-14 13:00:00,36,23,13
2015-12-14 14:00:00,34,15,19
2015-12-14 15:00:00,44,15,29
2015-12-14 16:00:00,69,32,37
2015-12-14 17:00:00,149,32,117
2015-12-14 18:00:00,114,12,102
2015-12-14 19:00:00,41,6,35
2015-12-14 20:00:00,17,6,11
2015-12-14 21:00:00,7,1,6
2015-12-14 22:00:00,7,2,5
2015-12-14 23:00:00,7,3,4
2015-12-15 00:00:00,1,0,1
2015-12-15 01:00:00,0,0,0
2015-12-15 02:00:00,0,0,0
2015-12-15 03:00:00,1,0,1
2015-12-15 04:00:00,0,0,0
2015-12-15 05:00:00,7,4,3
2015-12-15 06:00:00,26,16,10
2015-12-15 07:00:00,55,35,20
2015-12-15 08:00:00,137,106,31
2015-12-15 09:00:00,114,83,31
2015-12-15 10:00:00,28,21,7
2015-12-15 11:00:00,14,6,8
2015-12-15 12:00:00,19,9,10
2015-12-15 13:00:00,14,10,4
2015-12-15 14:00:00,32,13,19
2015-12-15 15:00:00,38,17,21
2015-12-15 16:00:00,52,19,33
2015-12-15 17:00:00,133,35,98
2015-12-15 18:00:00,106,10,96
2015-12-15 19:00:00,45,9,36
2015-12-15 20:00:00,12,0,12
2015-12-15 21:00:00,7,2,5
2015-12-15 22:00:00,10,5,5
2015-12-15 23:00:00,0,0,0
2015-12-16 00:00:00,0,0,0
2015-12-16 01:00:00,0,0,0
2015-12-16 02:00:00,0,0,0
2015-12-16 03:00:00,0,0,0
2015-12-16 04:00:00,1,0,1
2015-12-16 05:00:00,8,5,3
2015-12-16 06:00:00,27,14,13
2015-12-16 07:00:00,65,35,30
2015-12-16 08:00:00,119,97,22
2015-12-16 09:00:00,97,74,23
2015-12-16 10:00:00,39,28,11
2015-12-16 11:00:00,30,12,18
2015-12-16 12:00:00,19,13,6
2015-12-16 13:00:00,21,8,13
2015-12-16 14:00:00,23,11,12
2015-12-16 15:00:00,41,18,23
2015-12-16 16:00:00,63,26,37
2015-12-16 17:00:00,145,46,99
2015-12-16 18:00:00,121,23,98
2015-12-16 19:00:00,42,4,38
2015-12-16 20:00:00,5,2,3
2015-12-16 21:00:00,17,9,8
2015-12-16 22:00:00,5,0,5
2015-12-16 23:00:00,0,0,0
2015-12-17 00:00:00,0,0,0
2015-12-17 01:00:00,0,0,0
2015-12-17 02:00:00,0,0,0
2015-12-17 03:00:00,0,0,0
2015-12-17 04:00:00,1,0,1
2015-12-17 05:00:00,7,5,2
2015-12-17 06:00:00,23,16,7
2015-12-17 07:00:00,49,33,16
2015-12-17 08:00:00,111,79,32
2015-12-17 09:00:00,58,36,22
2015-12-17 10:00:00,23,15,8
2015-12-17 11:00:00,5,4,1
2015-12-17 12:00:00,3,1,2
2015-12-17 13:00:00,11,5,6
2015-12-17 14:00:00,12,3,9
2015-12-17 15:00:00,16,8,8
2015-12-17 16:00:00,43,22,21
2015-12-17 17:00:00,81,18,63
2015-12-17 18:00:00,57,7,50
2015-12-17 19:00:00,28,2,26
2015-12-17 20:00:00,8,2,6
2015-12-17 21:00:00,4,1,3
2015-12-17 22:00:00,2,0,2
2015-12-17 23:00:00,0,0,0
2015-12-18 00:00:00,0,0,0
2015-12-18 01:00:00,0,0,0
2015-12-18 02:00:00,0,0,0
2015-12-18 03:00:00,0,0,0
2015-12-18 04:00:00,0,0,0
2015-12-18 05:00:00,5,1,4
2015-12-18 06:00:00,22,16,6
2015-12-18 07:00:00,36,27,9
2015-12-18 08:00:00,81,63,18
2015-12-18 09:00:00,74,54,20
2015-12-18 10:00:00,33,18,15
2015-12-18 11:00:00,11,8,3
2015-12-18 12:00:00,28,14,14
2015-12-18 13:00:00,13,5,8
2015-12-18 14:00:00,20,10,10
2015-12-18 15:00:00,31,14,17
2015-12-18 16:00:00,53,18,35
2015-12-18 17:00:00,102,20,82
2015-12-18 18:00:00,61,6,55
2015-12-18 19:00:00,21,2,19
2015-12-18 20:00:00,2,0,2
2015-12-18 21:00:00,4,2,2
2015-12-18 22:00:00,6,1,5
2015-12-18 23:00:00,2,1,1
2015-12-19 00:00:00,2,2,0
2015-12-19 01:00:00,1,0,1
2015-12-19 02:00:00,2,0,2
2015-12-19 03:00:00,0,0,0
2015-12-19 04:00:00,1,0,1
2015-12-19 05:00:00,1,0,1
2015-12-19 06:00:00,3,3,0
2015-12-19 07:00:00,2,2,0
2015-12-19 08:00:00,5,2,3
2015-12-19 09:00:00,10,6,4
2015-12-19 10:00:00,23,12,11
2015-12-19 11:00:00,32,18,14
2015-12-19 12:00:00,33,18,15
2015-12-19 13:00:00,36,22,14
2015-12-19 14:00:00,43,20,23
2015-12-19 15:00:00,38,19,19
2015-12-19 16:00:00,27,11,16
2015-12-19 17:00:00,6,2,4
2015-12-19 18:00:00,7,1,6
2015-12-19 19:00:00,3,0,3
2015-12-19 20:00:00,2,0,2
2015-12-19 21:00:00,1,1,0
2015-12-19 22:00:00,2,1,1
2015-12-19 23:00:00,2,1,1
2015-12-20 00:00:00,3,2,1
2015-12-20 01:00:00,0,0,0
2015-12-20 02:00:00,0,0,0
2015-12-20 03:00:00,1,0,1
2015-12-20 04:00:00,0,0,0
2015-12-20 05:00:00,2,2,0
2015-12-20 06:00:00,1,1,0
2015-12-20 07:00:00,3,2,1
2015-12-20 08:00:00,6,2,4
2015-12-20 09:00:00,3,1,2
2015-12-20 10:00:00,20,15,5
2015-12-20 11:00:00,16,9,7
2015-12-20 12:00:00,31,14,17
2015-12-20 13:00:00,19,11,8
2015-12-20 14:00:00,24,10,14
2015-12-20 15:00:00,18,9,9
2015-12-20 16:00:00,15,7,8
2015-12-20 17:00:00,8,4,4
2015-12-20 18:00:00,2,1,1
2015-12-20 19:00:00,1,0,1
2015-12-20 20:00:00,0,0,0
2015-12-20 21:00:00,4,2,2
2015-12-20 22:00:00,4,2,2
2015-12-20 23:00:00,0,0,0
2015-12-21 00:00:00,1,0,1
2015-12-21 01:00:00,0,0,0
2015-12-21 02:00:00,1,0,1
2015-12-21 03:00:00,0,0,0
2015-12-21 04:00:00,1,0,1
2015-12-21 05:00:00,7,3,4
2015-12-21 06:00:00,21,10,11
2015-12-21 07:00:00,34,17,17
2015-12-21 08:00:00,87,42,45
2015-12-21 09:00:00,53,26,27
2015-12-21 10:00:00,14,7,7
2015-12-21 11:00:00,6,2,4
2015-12-21 12:00:00,7,2,5
2015-12-21 13:00:00,7,3,4
2015-12-21 14:00:00,10,5,5
2015-12-21 15:00:00,12,6,6
2015-12-21 16:00:00,39,19,20
2015-12-21 17:00:00,72,33,39
2015-12-21 18:00:00,76,36,40
2015-12-21 19:00:00,18,8,10
2015-12-21 20:00:00,8,4,4
2015-12-21 21:00:00,1,0,1
2015-12-21 22:00:00,2,1,1
2015-12-21 23:00:00,1,0,1
2015-12-22 00:00:00,1,0,1
2015-12-22 01:00:00,0,0,0
2015-12-22 02:00:00,0,0,0
2015-12-22 03:00:00,1,0,1
2015-12-22 04:00:00,0,0,0
2015-12-22 05:00:00,7,3,4
2015-12-22 06:00:00,20,13,7
2015-12-22 07:00:00,28,21,7
2015-12-22 08:00:00,89,75,14
2015-12-22 09:00:00,75,56,19
2015-12-22 10:00:00,28,21,7
2015-12-22 11:00:00,20,9,11
2015-12-22 12:00:00,16,13,3
2015-12-22 13:00:00,17,6,11
2015-12-22 14:00:00,28,13,15
2015-12-22 15:00:00,31,15,16
2015-12-22 16:00:00,51,20,31
2015-12-22 17:00:00,91,23,68
2015-12-22 18:00:00,52,5,47
2015-12-22 19:00:00,16,1,15
2015-12-22 20:00:00,10,0,10
2015-12-22 21:00:00,1,0,1
2015-12-22 22:00:00,5,3,2
2015-12-22 23:00:00,5,0,5
2015-12-23 00:00:00,0,0,0
2015-12-23 01:00:00,0,0,0
2015-12-23 02:00:00,0,0,0
2015-12-23 03:00:00,1,0,1
2015-12-23 04:00:00,1,0,1
2015-12-23 05:00:00,9,3,6
2015-12-23 06:00:00,17,10,7
2015-12-23 07:00:00,25,18,7
2015-12-23 08:00:00,61,48,13
2015-12-23 09:00:00,33,27,6
2015-12-23 10:00:00,13,6,7
2015-12-23 11:00:00,22,13,9
2015-12-23 12:00:00,12,3,9
2015-12-23 13:00:00,25,10,15
2015-12-23 14:00:00,8,4,4
2015-12-23 15:00:00,24,10,14
2015-12-23 16:00:00,35,10,25
2015-12-23 17:00:00,52,9,43
2015-12-23 18:00:00,36,5,31
2015-12-23 19:00:00,13,2,11
2015-12-23 20:00:00,4,0,4
2015-12-23 21:00:00,4,0,4
2015-12-23 22:00:00,0,0,0
2015-12-23 23:00:00,2,2,0
2015-12-24 00:00:00,0,0,0
2015-12-24 01:00:00,0,0,0
2015-12-24 02:00:00,1,0,1
2015-12-24 03:00:00,0,0,0
2015-12-24 04:00:00,0,0,0
2015-12-24 05:00:00,3,1,2
2015-12-24 06:00:00,7,4,3
2015-12-24 07:00:00,13,12,1
2015-12-24 08:00:00,17,15,2
2015-12-24 09:00:00,18,12,6
2015-12-24 10:00:00,15,10,5
2015-12-24 11:00:00,23,8,15
2015-12-24 12:00:00,27,9,18
2015-12-24 13:00:00,29,9,20
2015-12-24 14:00:00,24,7,17
2015-12-24 15:00:00,16,5,11
2015-12-24 16:00:00,15,4,11
2015-12-24 17:00:00,0,0,0
2015-12-24 18:00:00,2,1,1
2015-12-24 19:00:00,1,1,0
2015-12-24 20:00:00,1,1,0
2015-12-24 21:00:00,0,0,0
2015-12-24 22:00:00,1,0,1
2015-12-24 23:00:00,0,0,0
2015-12-25 00:00:00,1,0,1
2015-12-25 01:00:00,1,0,1
2015-12-25 02:00:00,0,0,0
2015-12-25 03:00:00,0,0,0
2015-12-25 04:00:00,0,0,0
2015-12-25 05:00:00,0,0,0
2015-12-25 06:00:00,1,1,0
2015-12-25 07:00:00,1,0,1
2015-12-25 08:00:00,1,0,1
2015-12-25 09:00:00,1,0,1
2015-12-25 10:00:00,5,3,2
2015-12-25 11:00:00,5,2,3
2015-12-25 12:00:00,33,19,14
2015-12-25 13:00:00,23,9,14
2015-12-25 14:00:00,24,3,21
2015-12-25 15:00:00,45,15,30
2015-12-25 16:00:00,20,9,11
2015-12-25 17:00:00,10,7,3
2015-12-25 18:00:00,4,1,3
2015-12-25 19:00:00,0,0,0
2015-12-25 20:00:00,0,0,0
2015-12-25 21:00:00,0,0,0
2015-12-25 22:00:00,4,1,3
2015-12-25 23:00:00,0,0,0
2015-12-26 00:00:00,0,0,0
2015-12-26 01:00:00,0,0,0
2015-12-26 02:00:00,0,0,0
2015-12-26 03:00:00,0,0,0
2015-12-26 04:00:00,0,0,0
2015-12-26 05:00:00,0,0,0
2015-12-26 06:00:00,6,6,0
2015-12-26 07:00:00,5,4,1
2015-12-26 08:00:00,4,1,3
2015-12-26 09:00:00,6,5,1
2015-12-26 10:00:00,17,12,5
2015-12-26 11:00:00,30,15,15
2015-12-26 12:00:00,27,12,15
2015-12-26 13:00:00,39,23,16
2015-12-26 14:00:00,35,19,16
2015-12-26 15:00:00,37,12,25
2015-12-26 16:00:00,19,7,12
2015-12-26 17:00:00,14,11,3
2015-12-26 18:00:00,7,5,2
2015-12-26 19:00:00,3,2,1
2015-12-26 20:00:00,4,1,3
2015-12-26 21:00:00,2,1,1
2015-12-26 22:00:00,1,1,0
2015-12-26 23:00:00,3,2,1
2015-12-27 00:00:00,0,0,0
2015-12-27 01:00:00,0,0,0
2015-12-27 02:00:00,0,0,0
2015-12-27 03:00:00,0,0,0
2015-12-27 04:00:00,0,0,0
2015-12-27 05:00:00,0,0,0
2015-12-27 06:00:00,2,2,0
2015-12-27 07:00:00,5,4,1
2015-12-27 08:00:00,7,3,4
2015-12-27 09:00:00,13,6,7
2015-12-27 10:00:00,8,4,4
2015-12-27 11:00:00,16,12,4
2015-12-27 12:00:00,5,4,1
2015-12-27 13:00:00,4,2,2
2015-12-27 14:00:00,3,2,1
2015-12-27 15:00:00,7,4,3
2015-12-27 16:00:00,3,0,3
2015-12-27 17:00:00,5,2,3
2015-12-27 18:00:00,9,1,8
2015-12-27 19:00:00,0,0,0
2015-12-27 20:00:00,3,0,3
2015-12-27 21:00:00,1,1,0
2015-12-27 22:00:00,0,0,0
2015-12-27 23:00:00,1,0,1
2015-12-28 00:00:00,0,0,0
2015-12-28 01:00:00,0,0,0
2015-12-28 02:00:00,0,0,0
2015-12-28 03:00:00,0,0,0
2015-12-28 04:00:00,0,0,0
2015-12-28 05:00:00,5,2,3
2015-12-28 06:00:00,12,7,5
2015-12-28 07:00:00,37,24,13
2015-12-28 08:00:00,81,61,20
2015-12-28 09:00:00,52,43,9
2015-12-28 10:00:00,18,13,5
2015-12-28 11:00:00,19,9,10
2015-12-28 12:00:00,20,11,9
2015-12-28 13:00:00,19,11,8
2015-12-28 14:00:00,27,15,12
2015-12-28 15:00:00,32,16,16
2015-12-28 16:00:00,48,18,30
2015-12-28 17:00:00,75,13,62
2015-12-28 18:00:00,47,8,39
2015-12-28 19:00:00,10,1,9
2015-12-28 20:00:00,2,0,2
2015-12-28 21:00:00,3,2,1
2015-12-28 22:00:00,2,1,1
2015-12-28 23:00:00,0,0,0
2015-12-29 00:00:00,2,0,2
2015-12-29 01:00:00,0,0,0
2015-12-29 02:00:00,0,0,0
2015-12-29 03:00:00,0,0,0
2015-12-29 04:00:00,0,0,0
2015-12-29 05:00:00,6,2,4
2015-12-29 06:00:00,17,10,7
2015-12-29 07:00:00,39,23,16
2015-12-29 08:00:00,70,56,14
2015-12-29 09:00:00,69,48,21
2015-12-29 10:00:00,27,21,6
2015-12-29 11:00:00,28,17,11
2015-12-29 12:00:00,20,10,10
2015-12-29 13:00:00,14,1,13
2015-12-29 14:00:00,25,13,12
2015-12-29 15:00:00,41,21,20
2015-12-29 16:00:00,90,42,48
2015-12-29 17:00:00,89,25,64
2015-12-29 18:00:00,70,7,63
2015-12-29 19:00:00,18,2,16
2015-12-29 20:00:00,5,3,2
2015-12-29 21:00:00,7,7,0
2015-12-29 22:00:00,9,6,3
2015-12-29 23:00:00,1,1,0
2015-12-30 00:00:00,3,1,2
2015-12-30 01:00:00,1,1,0
2015-12-30 02:00:00,0,0,0
2015-12-30 03:00:00,1,0,1
2015-12-30 04:00:00,0,0,0
2015-12-30 05:00:00,6,2,4
2015-12-30 06:00:00,18,10,8
2015-12-30 07:00:00,32,24,8
2015-12-30 08:00:00,67,49,18
2015-12-30 09:00:00,46,34,12
2015-12-30 10:00:00,26,17,9
2015-12-30 11:00:00,28,14,14
2015-12-30 12:00:00,32,12,20
2015-12-30 13:00:00,23,10,13
2015-12-30 14:00:00,48,23,25
2015-12-30 15:00:00,59,25,34
2015-12-30 16:00:00,75,32,43
2015-12-30 17:00:00,91,31,60
2015-12-30 18:00:00,54,8,46
2015-12-30 19:00:00,17,4,13
2015-12-30 20:00:00,4,0,4
2015-12-30 21:00:00,8,6,2
2015-12-30 22:00:00,3,0,3
2015-12-30 23:00:00,4,1,3
2015-12-31 00:00:00,0,0,0
2015-12-31 01:00:00,1,1,0
2015-12-31 02:00:00,1,0,1
2015-12-31 03:00:00,0,0,0
2015-12-31 04:00:00,0,0,0
2015-12-31 05:00:00,5,2,3
2015-12-31 06:00:00,14,9,5
2015-12-31 07:00:00,15,12,3
2015-12-31 08:00:00,48,33,15
2015-12-31 09:00:00,39,28,11
2015-12-31 10:00:00,17,6,11
2015-12-31 11:00:00,23,11,12
2015-12-31 12:00:00,33,15,18
2015-12-31 13:00:00,63,29,34
2015-12-31 14:00:00,69,29,40
2015-12-31 15:00:00,91,44,47
2015-12-31 16:00:00,72,39,33
2015-12-31 17:00:00,38,13,25
2015-12-31 18:00:00,17,4,13
2015-12-31 19:00:00,2,0,2
2015-12-31 20:00:00,27,0,27
2015-12-31 21:00:00,4,0,4
2015-12-31 22:00:00,4,3,1
2015-12-31 23:00:00,3,1,2
2016-01-01 00:00:00,2,1,1
2016-01-01 01:00:00,2,1,1
2016-01-01 02:00:00,2,0,2
2016-01-01 03:00:00,1,0,1
2016-01-01 04:00:00,2,2,0
2016-01-01 05:00:00,2,2,0
2016-01-01 06:00:00,2,2,0
2016-01-01 07:00:00,2,2,0
2016-01-01 08:00:00,6,1,5
2016-01-01 09:00:00,3,2,1
2016-01-01 10:00:00,10,6,4
2016-01-01 11:00:00,29,12,17
2016-01-01 12:00:00,44,25,19
2016-01-01 13:00:00,74,30,44
2016-01-01 14:00:00,54,33,21
2016-01-01 15:00:00,73,30,43
2016-01-01 16:00:00,62,19,43
2016-01-01 17:00:00,21,13,8
2016-01-01 18:00:00,7,2,5
2016-01-01 19:00:00,2,1,1
2016-01-01 20:00:00,0,0,0
2016-01-01 21:00:00,0,0,0
2016-01-01 22:00:00,0,0,0
2016-01-01 23:00:00,2,1,1
2016-01-02 00:00:00,3,2,1
2016-01-02 01:00:00,0,0,0
2016-01-02 02:00:00,0,0,0
2016-01-02 03:00:00,0,0,0
2016-01-02 04:00:00,0,0,0
2016-01-02 05:00:00,1,1,0
2016-01-02 06:00:00,2,1,1
2016-01-02 07:00:00,2,1,1
2016-01-02 08:00:00,4,0,4
2016-01-02 09:00:00,11,8,3
2016-01-02 10:00:00,24,14,10
2016-01-02 11:00:00,16,9,7
2016-01-02 12:00:00,46,23,23
2016-01-02 13:00:00,59,33,26
2016-01-02 14:00:00,50,31,19
2016-01-02 15:00:00,58,31,27
2016-01-02 16:00:00,58,32,26
2016-01-02 17:00:00,34,15,19
2016-01-02 18:00:00,7,3,4
2016-01-02 19:00:00,5,1,4
2016-01-02 20:00:00,3,2,1
2016-01-02 21:00:00,6,3,3
2016-01-02 22:00:00,1,1,0
2016-01-02 23:00:00,0,0,0
2016-01-03 00:00:00,3,1,2
2016-01-03 01:00:00,1,1,0
2016-01-03 02:00:00,0,0,0
2016-01-03 03:00:00,1,0,1
2016-01-03 04:00:00,0,0,0
2016-01-03 05:00:00,1,1,0
2016-01-03 06:00:00,1,1,0
2016-01-03 07:00:00,3,3,0
2016-01-03 08:00:00,5,4,1
2016-01-03 09:00:00,12,5,7
2016-01-03 10:00:00,26,11,15
2016-01-03 11:00:00,24,13,11
2016-01-03 12:00:00,35,21,14
2016-01-03 13:00:00,25,15,10
2016-01-03 14:00:00,22,10,12
2016-01-03 15:00:00,29,13,16
2016-01-03 16:00:00,4,1,3
2016-01-03 17:00:00,4,1,3
2016-01-03 18:00:00,6,2,4
2016-01-03 19:00:00,1,0,1
2016-01-03 20:00:00,1,0,1
2016-01-03 21:00:00,4,1,3
2016-01-03 22:00:00,2,1,1
2016-01-03 23:00:00,3,1,2
2016-01-04 00:00:00,0,0,0
2016-01-04 01:00:00,0,0,0
2016-01-04 02:00:00,0,0,0
2016-01-04 03:00:00,1,0,1
2016-01-04 04:00:00,0,0,0
2016-01-04 05:00:00,8,4,4
2016-01-04 06:00:00,26,14,12
2016-01-04 07:00:00,42,28,14
2016-01-04 08:00:00,115,89,26
2016-01-04 09:00:00,72,52,20
2016-01-04 10:00:00,12,9,3
2016-01-04 11:00:00,8,7,1
2016-01-04 12:00:00,11,5,6
2016-01-04 13:00:00,8,4,4
2016-01-04 14:00:00,12,5,7
2016-01-04 15:00:00,17,7,10
2016-01-04 16:00:00,57,27,30
2016-01-04 17:00:00,111,36,75
2016-01-04 18:00:00,90,5,85
2016-01-04 19:00:00,24,4,20
2016-01-04 20:00:00,0,0,0
2016-01-04 21:00:00,1,0,1
2016-01-04 22:00:00,2,2,0
2016-01-04 23:00:00,1,0,1
2016-01-05 00:00:00,1,0,1
2016-01-05 01:00:00,0,0,0
2016-01-05 02:00:00,1,0,1
2016-01-05 03:00:00,0,0,0
2016-01-05 04:00:00,0,0,0
2016-01-05 05:00:00,8,3,5
2016-01-05 06:00:00,23,19,4
2016-01-05 07:00:00,54,36,18
2016-01-05 08:00:00,116,93,23
2016-01-05 09:00:00,71,48,23
2016-01-05 10:00:00,20,13,7
2016-01-05 11:00:00,6,5,1
2016-01-05 12:00:00,9,4,5
2016-01-05 13:00:00,8,4,4
2016-01-05 14:00:00,9,3,6
2016-01-05 15:00:00,18,8,10
2016-01-05 16:00:00,50,22,28
2016-01-05 17:00:00,99,27,72
2016-01-05 18:00:00,98,9,89
2016-01-05 19:00:00,32,5,27
2016-01-05 20:00:00,1,0,1
2016-01-05 21:00:00,6,1,5
2016-01-05 22:00:00,2,2,0
2016-01-05 23:00:00,2,0,2
2016-01-06 00:00:00,2,0,2
2016-01-06 01:00:00,0,0,0
2016-01-06 02:00:00,2,0,2
2016-01-06 03:00:00,1,0,1
2016-01-06 04:00:00,0,0,0
2016-01-06 05:00:00,6,3,3
2016-01-06 06:00:00,35,24,11
2016-01-06 07:00:00,57,40,17
2016-01-06 08:00:00,150,120,30
2016-01-06 09:00:00,97,72,25
2016-01-06 10:00:00,42,31,11
2016-01-06 11:00:00,25,18,7
2016-01-06 12:00:00,27,11,16
2016-01-06 13:00:00,32,14,18
2016-01-06 14:00:00,44,23,21
2016-01-06 15:00:00,52,25,27
2016-01-06 16:00:00,93,36,57
2016-01-06 17:00:00,142,45,97
2016-01-06 18:00:00,120,21,99
2016-01-06 19:00:00,52,3,49
2016-01-06 20:00:00,6,2,4
2016-01-06 21:00:00,4,2,2
2016-01-06 22:00:00,4,0,4
2016-01-06 23:00:00,4,1,3
2016-01-07 00:00:00,0,0,0
2016-01-07 01:00:00,0,0,0
2016-01-07 02:00:00,0,0,0
2016-01-07 03:00:00,1,0,1
2016-01-07 04:00:00,0,0,0
2016-01-07 05:00:00,3,1,2
2016-01-07 06:00:00,32,21,11
2016-01-07 07:00:00,61,39,22
2016-01-07 08:00:00,120,98,22
2016-01-07 09:00:00,111,84,27
2016-01-07 10:00:00,29,14,15
2016-01-07 11:00:00,18,10,8
2016-01-07 12:00:00,20,4,16
2016-01-07 13:00:00,17,10,7
2016-01-07 14:00:00,29,14,15
2016-01-07 15:00:00,29,16,13
2016-01-07 16:00:00,72,28,44
2016-01-07 17:00:00,143,40,103
2016-01-07 18:00:00,113,11,102
2016-01-07 19:00:00,40,7,33
2016-01-07 20:00:00,14,3,11
2016-01-07 21:00:00,6,1,5
2016-01-07 22:00:00,4,1,3
2016-01-07 23:00:00,6,5,1
2016-01-08 00:00:00,1,1,0
2016-01-08 01:00:00,2,2,0
2016-01-08 02:00:00,1,0,1
2016-01-08 03:00:00,0,0,0
2016-01-08 04:00:00,0,0,0
2016-01-08 05:00:00,6,2,4
2016-01-08 06:00:00,18,11,7
2016-01-08 07:00:00,68,47,21
2016-01-08 08:00:00,123,97,26
2016-01-08 09:00:00,80,58,22
2016-01-08 10:00:00,32,20,12
2016-01-08 11:00:00,33,21,12
2016-01-08 12:00:00,28,12,16
2016-01-08 13:00:00,38,22,16
2016-01-08 14:00:00,45,18,27
2016-01-08 15:00:00,61,25,36
2016-01-08 16:00:00,97,43,54
2016-01-08 17:00:00,140,41,99
2016-01-08 18:00:00,85,21,64
2016-01-08 19:00:00,37,10,27
2016-01-08 20:00:00,12,1,11
2016-01-08 21:00:00,4,2,2
2016-01-08 22:00:00,3,1,2
2016-01-08 23:00:00,4,1,3
2016-01-09 00:00:00,2,0,2
2016-01-09 01:00:00,1,0,1
2016-01-09 02:00:00,1,0,1
2016-01-09 03:00:00,3,0,3
2016-01-09 04:00:00,0,0,0
2016-01-09 05:00:00,2,2,0
2016-01-09 06:00:00,4,2,2
2016-01-09 07:00:00,1,1,0
2016-01-09 08:00:00,14,4,10
2016-01-09 09:00:00,14,8,6
2016-01-09 10:00:00,28,16,12
2016-01-09 11:00:00,30,20,10
2016-01-09 12:00:00,44,25,19
2016-01-09 13:00:00,73,36,37
2016-01-09 14:00:00,59,24,35
2016-01-09 15:00:00,81,41,40
2016-01-09 16:00:00,78,36,42
2016-01-09 17:00:00,37,20,17
2016-01-09 18:00:00,17,15,2
2016-01-09 19:00:00,7,2,5
2016-01-09 20:00:00,0,0,0
2016-01-09 21:00:00,4,2,2
2016-01-09 22:00:00,2,1,1
2016-01-09 23:00:00,10,0,10
2016-01-10 00:00:00,0,0,0
2016-01-10 01:00:00,1,1,0
2016-01-10 02:00:00,0,0,0
2016-01-10 03:00:00,3,0,3
2016-01-10 04:00:00,1,1,0
2016-01-10 05:00:00,1,1,0
2016-01-10 06:00:00,0,0,0
2016-01-10 07:00:00,3,2,1
2016-01-10 08:00:00,5,4,1
2016-01-10 09:00:00,24,6,18
2016-01-10 10:00:00,24,14,10
2016-01-10 11:00:00,53,30,23
2016-01-10 12:00:00,45,20,25
2016-01-10 13:00:00,61,24,37
2016-01-10 14:00:00,93,43,50
2016-01-10 15:00:00,114,68,46
2016-01-10 16:00:00,82,42,40
2016-01-10 17:00:00,43,28,15
2016-01-10 18:00:00,14,8,6
2016-01-10 19:00:00,4,2,2
2016-01-10 20:00:00,4,1,3
2016-01-10 21:00:00,1,1,0
2016-01-10 22:00:00,1,1,0
2016-01-10 23:00:00,0,0,0
2016-01-11 00:00:00,0,0,0
2016-01-11 01:00:00,2,2,0
2016-01-11 02:00:00,0,0,0
2016-01-11 03:00:00,1,0,1
2016-01-11 04:00:00,0,0,0
2016-01-11 05:00:00,9,4,5
2016-01-11 06:00:00,31,23,8
2016-01-11 07:00:00,45,31,14
2016-01-11 08:00:00,132,101,31
2016-01-11 09:00:00,89,69,20
2016-01-11 10:00:00,26,13,13
2016-01-11 11:00:00,17,13,4
2016-01-11 12:00:00,13,6,7
2016-01-11 13:00:00,10,3,7
2016-01-11 14:00:00,11,4,7
2016-01-11 15:00:00,23,10,13
2016-01-11 16:00:00,56,27,29
2016-01-11 17:00:00,119,26,93
2016-01-11 18:00:00,105,12,93
2016-01-11 19:00:00,37,3,34
2016-01-11 20:00:00,6,0,6
2016-01-11 21:00:00,4,1,3
2016-01-11 22:00:00,1,0,1
2016-01-11 23:00:00,1,1,0
2016-01-12 00:00:00,2,0,2
2016-01-12 01:00:00,0,0,0
2016-01-12 02:00:00,0,0,0
2016-01-12 03:00:00,1,0,1
2016-01-12 04:00:00,0,0,0
2016-01-12 05:00:00,8,4,4
2016-01-12 06:00:00,27,18,9
2016-01-12 07:00:00,56,36,20
2016-01-12 08:00:00,90,69,21
2016-01-12 09:00:00,71,50,21
2016-01-12 10:00:00,19,13,6
2016-01-12 11:00:00,18,15,3
2016-01-12 12:00:00,10,5,5
2016-01-12 13:00:00,10,4,6
2016-01-12 14:00:00,9,4,5
2016-01-12 15:00:00,13,9,4
2016-01-12 16:00:00,41,23,18
2016-01-12 17:00:00,85,19,66
2016-01-12 18:00:00,90,10,80
2016-01-12 19:00:00,21,1,20
2016-01-12 20:00:00,7,2,5
2016-01-12 21:00:00,6,0,6
2016-01-12 22:00:00,5,1,4
2016-01-12 23:00:00,0,0,0
2016-01-13 00:00:00,0,0,0
2016-01-13 01:00:00,1,1,0
2016-01-13 02:00:00,1,1,0
2016-01-13 03:00:00,0,0,0
2016-01-13 04:00:00,0,0,0
2016-01-13 05:00:00,6,4,2
2016-01-13 06:00:00,28,20,8
2016-01-13 07:00:00,48,34,14
2016-01-13 08:00:00,78,61,17
2016-01-13 09:00:00,59,46,13
2016-01-13 10:00:00,20,13,7
2016-01-13 11:00:00,16,12,4
2016-01-13 12:00:00,10,8,2
2016-01-13 13:00:00,7,2,5
2016-01-13 14:00:00,13,7,6
2016-01-13 15:00:00,19,9,10
2016-01-13 16:00:00,52,23,29
2016-01-13 17:00:00,99,29,70
2016-01-13 18:00:00,90,13,77
2016-01-13 19:00:00,29,4,25
2016-01-13 20:00:00,4,0,4
2016-01-13 21:00:00,3,2,1
2016-01-13 22:00:00,3,1,2
2016-01-13 23:00:00,0,0,0
2016-01-14 00:00:00,1,0,1
2016-01-14 01:00:00,2,2,0
2016-01-14 02:00:00,0,0,0
2016-01-14 03:00:00,0,0,0
2016-01-14 04:00:00,1,0,1
2016-01-14 05:00:00,5,0,5
2016-01-14 06:00:00,24,18,6
2016-01-14 07:00:00,47,26,21
2016-01-14 08:00:00,117,101,16
2016-01-14 09:00:00,87,65,22
2016-01-14 10:00:00,37,25,12
2016-01-14 11:00:00,40,17,23
2016-01-14 12:00:00,44,20,24
2016-01-14 13:00:00,51,34,17
2016-01-14 14:00:00,33,20,13
2016-01-14 15:00:00,49,23,26
2016-01-14 16:00:00,73,36,37
2016-01-14 17:00:00,142,43,99
2016-01-14 18:00:00,125,26,99
2016-01-14 19:00:00,35,6,29
2016-01-14 20:00:00,11,4,7
2016-01-14 21:00:00,6,2,4
2016-01-14 22:00:00,6,1,5
2016-01-14 23:00:00,3,1,2
2016-01-15 00:00:00,4,0,4
2016-01-15 01:00:00,0,0,0
2016-01-15 02:00:00,0,0,0
2016-01-15 03:00:00,2,0,2
2016-01-15 04:00:00,1,1,0
2016-01-15 05:00:00,8,5,3
2016-01-15 06:00:00,31,24,7
2016-01-15 07:00:00,48,33,15
2016-01-15 08:00:00,99,75,24
2016-01-15 09:00:00,84,61,23
2016-01-15 10:00:00,27,18,9
2016-01-15 11:00:00,15,6,9
2016-01-15 12:00:00,13,9,4
2016-01-15 13:00:00,13,5,8
2016-01-15 14:00:00,21,10,11
2016-01-15 15:00:00,23,8,15
2016-01-15 16:00:00,59,26,33
2016-01-15 17:00:00,107,18,89
2016-01-15 18:00:00,79,13,66
2016-01-15 19:00:00,25,6,19
2016-01-15 20:00:00,10,1,9
2016-01-15 21:00:00,11,4,7
2016-01-15 22:00:00,6,4,2
2016-01-15 23:00:00,2,0,2
2016-01-16 00:00:00,0,0,0
2016-01-16 01:00:00,1,0,1
2016-01-16 02:00:00,0,0,0
2016-01-16 03:00:00,0,0,0
2016-01-16 04:00:00,0,0,0
2016-01-16 05:00:00,3,2,1
2016-01-16 06:00:00,1,1,0
2016-01-16 07:00:00,1,1,0
2016-01-16 08:00:00,4,1,3
2016-01-16 09:00:00,1,1,0
2016-01-16 10:00:00,9,6,3
2016-01-16 11:00:00,20,12,8
2016-01-16 12:00:00,20,9,11
2016-01-16 13:00:00,37,20,17
2016-01-16 14:00:00,37,14,23
2016-01-16 15:00:00,17,7,10
2016-01-16 16:00:00,17,10,7
2016-01-16 17:00:00,5,4,1
2016-01-16 18:00:00,2,0,2
2016-01-16 19:00:00,4,2,2
2016-01-16 20:00:00,2,0,2
2016-01-16 21:00:00,4,4,0
2016-01-16 22:00:00,6,2,4
2016-01-16 23:00:00,5,0,5
2016-01-17 00:00:00,4,3,1
2016-01-17 01:00:00,0,0,0
2016-01-17 02:00:00,0,0,0
2016-01-17 03:00:00,0,0,0
2016-01-17 04:00:00,0,0,0
2016-01-17 05:00:00,1,1,0
2016-01-17 06:00:00,1,1,0
2016-01-17 07:00:00,6,4,2
2016-01-17 08:00:00,2,2,0
2016-01-17 09:00:00,12,5,7
2016-01-17 10:00:00,9,7,2
2016-01-17 11:00:00,6,5,1
2016-01-17 12:00:00,14,5,9
2016-01-17 13:00:00,12,9,3
2016-01-17 14:00:00,16,2,14
2016-01-17 15:00:00,13,7,6
2016-01-17 16:00:00,12,6,6
2016-01-17 17:00:00,7,1,6
2016-01-17 18:00:00,7,2,5
2016-01-17 19:00:00,3,0,3
2016-01-17 20:00:00,3,3,0
2016-01-17 21:00:00,2,0,2
2016-01-17 22:00:00,1,1,0
2016-01-17 23:00:00,0,0,0
2016-01-18 00:00:00,0,0,0
2016-01-18 01:00:00,0,0,0
2016-01-18 02:00:00,0,0,0
2016-01-18 03:00:00,0,0,0
2016-01-18 04:00:00,0,0,0
2016-01-18 05:00:00,6,2,4
2016-01-18 06:00:00,9,5,4
2016-01-18 07:00:00,32,13,19
2016-01-18 08:00:00,65,44,21
2016-01-18 09:00:00,57,44,13
2016-01-18 10:00:00,40,26,14
2016-01-18 11:00:00,30,19,11
2016-01-18 12:00:00,38,20,18
2016-01-18 13:00:00,55,27,28
2016-01-18 14:00:00,76,38,38
2016-01-18 15:00:00,44,23,21
2016-01-18 16:00:00,68,35,33
2016-01-18 17:00:00,87,25,62
2016-01-18 18:00:00,58,12,46
2016-01-18 19:00:00,26,11,15
2016-01-18 20:00:00,7,0,7
2016-01-18 21:00:00,6,2,4
2016-01-18 22:00:00,2,2,0
2016-01-18 23:00:00,0,0,0
2016-01-19 00:00:00,1,0,1
2016-01-19 01:00:00,0,0,0
2016-01-19 02:00:00,0,0,0
2016-01-19 03:00:00,0,0,0
2016-01-19 04:00:00,1,1,0
2016-01-19 05:00:00,6,2,4
2016-01-19 06:00:00,34,25,9
2016-01-19 07:00:00,48,28,20
2016-01-19 08:00:00,159,126,33
2016-01-19 09:00:00,92,59,33
2016-01-19 10:00:00,36,26,10
2016-01-19 11:00:00,15,7,8
2016-01-19 12:00:00,19,11,8
2016-01-19 13:00:00,12,4,8
2016-01-19 14:00:00,15,11,4
2016-01-19 15:00:00,16,5,11
2016-01-19 16:00:00,46,21,25
2016-01-19 17:00:00,125,26,99
2016-01-19 18:00:00,100,11,89
2016-01-19 19:00:00,31,8,23
2016-01-19 20:00:00,11,3,8
2016-01-19 21:00:00,9,2,7
2016-01-19 22:00:00,0,0,0
2016-01-19 23:00:00,0,0,0
2016-01-20 00:00:00,0,0,0
2016-01-20 01:00:00,0,0,0
2016-01-20 02:00:00,0,0,0
2016-01-20 03:00:00,1,0,1
2016-01-20 04:00:00,0,0,0
2016-01-20 05:00:00,7,4,3
2016-01-20 06:00:00,32,22,10
2016-01-20 07:00:00,58,29,29
2016-01-20 08:00:00,118,93,25
2016-01-20 09:00:00,93,66,27
2016-01-20 10:00:00,34,22,12
2016-01-20 11:00:00,25,10,15
2016-01-20 12:00:00,19,6,13
2016-01-20 13:00:00,21,9,12
2016-01-20 14:00:00,33,14,19
2016-01-20 15:00:00,33,20,13
2016-01-20 16:00:00,68,26,42
2016-01-20 17:00:00,145,37,108
2016-01-20 18:00:00,121,25,96
2016-01-20 19:00:00,39,6,33
2016-01-20 20:00:00,18,2,16
2016-01-20 21:00:00,9,5,4
2016-01-20 22:00:00,6,2,4
2016-01-20 23:00:00,2,0,2
2016-01-21 00:00:00,0,0,0
2016-01-21 01:00:00,2,2,0
2016-01-21 02:00:00,1,0,1
2016-01-21 03:00:00,1,0,1
2016-01-21 04:00:00,0,0,0
2016-01-21 05:00:00,5,2,3
2016-01-21 06:00:00,21,10,11
2016-01-21 07:00:00,39,24,15
2016-01-21 08:00:00,84,62,22
2016-01-21 09:00:00,46,31,15
2016-01-21 10:00:00,17,12,5
2016-01-21 11:00:00,8,7,1
2016-01-21 12:00:00,5,1,4
2016-01-21 13:00:00,4,3,1
2016-01-21 14:00:00,9,4,5
2016-01-21 15:00:00,15,9,6
2016-01-21 16:00:00,30,21,9
2016-01-21 17:00:00,82,20,62
2016-01-21 18:00:00,80,10,70
2016-01-21 19:00:00,20,2,18
2016-01-21 20:00:00,6,0,6
2016-01-21 21:00:00,3,0,3
2016-01-21 22:00:00,1,1,0
2016-01-21 23:00:00,2,1,1
2016-01-22 00:00:00,0,0,0
2016-01-22 01:00:00,1,0,1
2016-01-22 02:00:00,1,0,1
2016-01-22 03:00:00,2,1,1
2016-01-22 04:00:00,0,0,0
2016-01-22 05:00:00,10,5,5
2016-01-22 06:00:00,22,11,11
2016-01-22 07:00:00,30,18,12
2016-01-22 08:00:00,103,84,19
2016-01-22 09:00:00,72,57,15
2016-01-22 10:00:00,30,22,8
2016-01-22 11:00:00,24,13,11
2016-01-22 12:00:00,26,15,11
2016-01-22 13:00:00,23,12,11
2016-01-22 14:00:00,37,14,23
2016-01-22 15:00:00,52,29,23
2016-01-22 16:00:00,68,28,40
2016-01-22 17:00:00,127,35,92
2016-01-22 18:00:00,99,17,82
2016-01-22 19:00:00,31,4,27
2016-01-22 20:00:00,15,5,10
2016-01-22 21:00:00,9,3,6
2016-01-22 22:00:00,10,3,7
2016-01-22 23:00:00,9,3,6
2016-01-23 00:00:00,4,1,3
2016-01-23 01:00:00,1,1,0
2016-01-23 02:00:00,3,1,2
2016-01-23 03:00:00,1,0,1
2016-01-23 04:00:00,0,0,0
2016-01-23 05:00:00,3,2,1
2016-01-23 06:00:00,3,3,0
2016-01-23 07:00:00,1,1,0
2016-01-23 08:00:00,4,1,3
2016-01-23 09:00:00,11,7,4
2016-01-23 10:00:00,3,2,1
2016-01-23 11:00:00,9,5,4
2016-01-23 12:00:00,6,3,3
2016-01-23 13:00:00,13,2,11
2016-01-23 14:00:00,18,11,7
2016-01-23 15:00:00,11,4,7
2016-01-23 16:00:00,11,5,6
2016-01-23 17:00:00,3,1,2
2016-01-23 18:00:00,18,9,9
2016-01-23 19:00:00,14,8,6
2016-01-23 20:00:00,1,0,1
2016-01-23 21:00:00,6,2,4
2016-01-23 22:00:00,0,0,0
2016-01-23 23:00:00,1,1,0
2016-01-24 00:00:00,1,0,1
2016-01-24 01:00:00,0,0,0
2016-01-24 02:00:00,0,0,0
2016-01-24 03:00:00,0,0,0
2016-01-24 04:00:00,0,0,0
2016-01-24 05:00:00,1,1,0
2016-01-24 06:00:00,1,1,0
2016-01-24 07:00:00,3,3,0
2016-01-24 08:00:00,16,7,9
2016-01-24 09:00:00,30,14,16
2016-01-24 10:00:00,49,21,28
2016-01-24 11:00:00,97,48,49
2016-01-24 12:00:00,73,36,37
2016-01-24 13:00:00,82,50,32
2016-01-24 14:00:00,112,50,62
2016-01-24 15:00:00,116,49,67
2016-01-24 16:00:00,63,28,35
2016-01-24 17:00:00,32,16,16
2016-01-24 18:00:00,16,6,10
2016-01-24 19:00:00,3,2,1
2016-01-24 20:00:00,1,0,1
2016-01-24 21:00:00,4,1,3
2016-01-24 22:00:00,4,4,0
2016-01-24 23:00:00,2,0,2
2016-01-25 00:00:00,5,2,3
2016-01-25 01:00:00,1,0,1
2016-01-25 02:00:00,0,0,0
2016-01-25 03:00:00,1,0,1
2016-01-25 04:00:00,1,0,1
2016-01-25 05:00:00,11,4,7
2016-01-25 06:00:00,26,18,8
2016-01-25 07:00:00,64,45,19
2016-01-25 08:00:00,162,129,33
2016-01-25 09:00:00,110,84,26
2016-01-25 10:00:00,38,23,15
2016-01-25 11:00:00,24,16,8
2016-01-25 12:00:00,29,16,13
2016-01-25 13:00:00,39,23,16
2016-01-25 14:00:00,47,26,21
2016-01-25 15:00:00,44,26,18
2016-01-25 16:00:00,82,37,45
2016-01-25 17:00:00,194,46,148
2016-01-25 18:00:00,127,13,114
2016-01-25 19:00:00,37,7,30
2016-01-25 20:00:00,11,2,9
2016-01-25 21:00:00,8,2,6
2016-01-25 22:00:00,4,3,1
2016-01-25 23:00:00,2,1,1
2016-01-26 00:00:00,1,0,1
2016-01-26 01:00:00,3,1,2
2016-01-26 02:00:00,1,0,1
2016-01-26 03:00:00,2,0,2
2016-01-26 04:00:00,2,2,0
2016-01-26 05:00:00,8,4,4
2016-01-26 06:00:00,30,18,12
2016-01-26 07:00:00,56,40,16
2016-01-26 08:00:00,101,86,15
2016-01-26 09:00:00,76,52,24
2016-01-26 10:00:00,18,11,7
2016-01-26 11:00:00,11,8,3
2016-01-26 12:00:00,10,3,7
2016-01-26 13:00:00,10,4,6
2016-01-26 14:00:00,21,12,9
2016-01-26 15:00:00,29,16,13
2016-01-26 16:00:00,46,18,28
2016-01-26 17:00:00,125,29,96
2016-01-26 18:00:00,96,11,85
2016-01-26 19:00:00,42,5,37
2016-01-26 20:00:00,9,0,9
2016-01-26 21:00:00,6,1,5
2016-01-26 22:00:00,6,1,5
2016-01-26 23:00:00,0,0,0
2016-01-27 00:00:00,1,1,0
2016-01-27 01:00:00,1,0,1
2016-01-27 02:00:00,1,0,1
2016-01-27 03:00:00,1,0,1
2016-01-27 04:00:00,0,0,0
2016-01-27 05:00:00,12,6,6
2016-01-27 06:00:00,24,14,10
2016-01-27 07:00:00,43,34,9
2016-01-27 08:00:00,114,87,27
2016-01-27 09:00:00,87,66,21
2016-01-27 10:00:00,37,25,12
2016-01-27 11:00:00,23,11,12
2016-01-27 12:00:00,18,6,12
2016-01-27 13:00:00,31,14,17
2016-01-27 14:00:00,23,11,12
2016-01-27 15:00:00,31,14,17
2016-01-27 16:00:00,53,16,37
2016-01-27 17:00:00,120,29,91
2016-01-27 18:00:00,82,9,73
2016-01-27 19:00:00,32,5,27
2016-01-27 20:00:00,8,1,7
2016-01-27 21:00:00,8,3,5
2016-01-27 22:00:00,2,0,2
2016-01-27 23:00:00,0,0,0
2016-01-28 00:00:00,3,1,2
2016-01-28 01:00:00,0,0,0
2016-01-28 02:00:00,0,0,0
2016-01-28 03:00:00,1,0,1
2016-01-28 04:00:00,0,0,0
2016-01-28 05:00:00,2,0,2
2016-01-28 06:00:00,17,9,8
2016-01-28 07:00:00,22,10,12
2016-01-28 08:00:00,88,67,21
2016-01-28 09:00:00,59,46,13
2016-01-28 10:00:00,22,13,9
2016-01-28 11:00:00,20,13,7
2016-01-28 12:00:00,12,5,7
2016-01-28 13:00:00,18,12,6
2016-01-28 14:00:00,31,15,16
2016-01-28 15:00:00,28,17,11
2016-01-28 16:00:00,60,19,41
2016-01-28 17:00:00,125,42,83
2016-01-28 18:00:00,97,24,73
2016-01-28 19:00:00,37,7,30
2016-01-28 20:00:00,13,1,12
2016-01-28 21:00:00,18,9,9
2016-01-28 22:00:00,4,2,2
2016-01-28 23:00:00,5,2,3
2016-01-29 00:00:00,4,4,0
2016-01-29 01:00:00,1,0,1
2016-01-29 02:00:00,3,2,1
2016-01-29 03:00:00,1,0,1
2016-01-29 04:00:00,1,0,1
2016-01-29 05:00:00,10,6,4
2016-01-29 06:00:00,18,14,4
2016-01-29 07:00:00,35,21,14
2016-01-29 08:00:00,99,77,22
2016-01-29 09:00:00,60,42,18
2016-01-29 10:00:00,18,15,3
2016-01-29 11:00:00,15,10,5
2016-01-29 12:00:00,11,5,6
2016-01-29 13:00:00,10,5,5
2016-01-29 14:00:00,36,18,18
2016-01-29 15:00:00,41,18,23
2016-01-29 16:00:00,72,26,46
2016-01-29 17:00:00,127,42,85
2016-01-29 18:00:00,76,11,65
2016-01-29 19:00:00,29,2,27
2016-01-29 20:00:00,8,1,7
2016-01-29 21:00:00,4,2,2
2016-01-29 22:00:00,7,4,3
2016-01-29 23:00:00,1,0,1
2016-01-30 00:00:00,0,0,0
2016-01-30 01:00:00,3,1,2
2016-01-30 02:00:00,0,0,0
2016-01-30 03:00:00,3,0,3
2016-01-30 04:00:00,2,2,0
2016-01-30 05:00:00,1,1,0
2016-01-30 06:00:00,5,4,1
2016-01-30 07:00:00,2,2,0
2016-01-30 08:00:00,7,3,4
2016-01-30 09:00:00,12,7,5
2016-01-30 10:00:00,21,12,9
2016-01-30 11:00:00,24,13,11
2016-01-30 12:00:00,43,16,27
2016-01-30 13:00:00,54,24,30
2016-01-30 14:00:00,56,23,33
2016-01-30 15:00:00,42,18,24
2016-01-30 16:00:00,50,27,23
2016-01-30 17:00:00,31,12,19
2016-01-30 18:00:00,15,7,8
2016-01-30 19:00:00,6,3,3
2016-01-30 20:00:00,6,2,4
2016-01-30 21:00:00,2,1,1
2016-01-30 22:00:00,1,1,0
2016-01-30 23:00:00,10,2,8
2016-01-31 00:00:00,4,3,1
2016-01-31 01:00:00,2,1,1
2016-01-31 02:00:00,3,0,3
2016-01-31 03:00:00,2,1,1
2016-01-31 04:00:00,1,0,1
2016-01-31 05:00:00,2,2,0
2016-01-31 06:00:00,1,1,0
2016-01-31 07:00:00,5,2,3
2016-01-31 08:00:00,12,10,2
2016-01-31 09:00:00,21,7,14
2016-01-31 10:00:00,41,26,15
2016-01-31 11:00:00,25,10,15
2016-01-31 12:00:00,39,23,16
2016-01-31 13:00:00,38,20,18
2016-01-31 14:00:00,34,18,16
2016-01-31 15:00:00,35,13,22
2016-01-31 16:00:00,21,10,11
2016-01-31 17:00:00,26,13,13
2016-01-31 18:00:00,15,6,9
2016-01-31 19:00:00,3,2,1
2016-01-31 20:00:00,2,2,0
2016-01-31 21:00:00,4,1,3
2016-01-31 22:00:00,0,0,0
2016-01-31 23:00:00,0,0,0
2016-02-01 00:00:00,0,0,0
2016-02-01 01:00:00,0,0,0
2016-02-01 02:00:00,1,0,1
2016-02-01 03:00:00,1,0,1
2016-02-01 04:00:00,0,0,0
2016-02-01 05:00:00,9,4,5
2016-02-01 06:00:00,35,25,10
2016-02-01 07:00:00,59,38,21
2016-02-01 08:00:00,139,111,28
2016-02-01 09:00:00,108,79,29
2016-02-01 10:00:00,34,23,11
2016-02-01 11:00:00,26,17,9
2016-02-01 12:00:00,21,11,10
2016-02-01 13:00:00,20,11,9
2016-02-01 14:00:00,35,19,16
2016-02-01 15:00:00,28,18,10
2016-02-01 16:00:00,78,27,51
2016-02-01 17:00:00,155,43,112
2016-02-01 18:00:00,154,20,134
2016-02-01 19:00:00,35,6,29
2016-02-01 20:00:00,8,2,6
2016-02-01 21:00:00,10,3,7
2016-02-01 22:00:00,2,1,1
2016-02-01 23:00:00,1,0,1
2016-02-02 00:00:00,1,0,1
2016-02-02 01:00:00,0,0,0
2016-02-02 02:00:00,0,0,0
2016-02-02 03:00:00,2,0,2
2016-02-02 04:00:00,0,0,0
2016-02-02 05:00:00,7,3,4
2016-02-02 06:00:00,30,20,10
2016-02-02 07:00:00,71,47,24
2016-02-02 08:00:00,169,141,28
2016-02-02 09:00:00,104,71,33
2016-02-02 10:00:00,39,33,6
2016-02-02 11:00:00,39,16,23
2016-02-02 12:00:00,37,16,21
2016-02-02 13:00:00,45,25,20
2016-02-02 14:00:00,43,22,21
2016-02-02 15:00:00,54,30,24
2016-02-02 16:00:00,126,62,64
2016-02-02 17:00:00,195,68,127
2016-02-02 18:00:00,144,23,121
2016-02-02 19:00:00,44,7,37
2016-02-02 20:00:00,17,4,13
2016-02-02 21:00:00,13,0,13
2016-02-02 22:00:00,8,5,3
2016-02-02 23:00:00,2,2,0
2016-02-03 00:00:00,4,1,3
2016-02-03 01:00:00,2,1,1
2016-02-03 02:00:00,0,0,0
2016-02-03 03:00:00,1,0,1
2016-02-03 04:00:00,0,0,0
2016-02-03 05:00:00,8,6,2
2016-02-03 06:00:00,31,19,12
2016-02-03 07:00:00,49,31,18
2016-02-03 08:00:00,125,96,29
2016-02-03 09:00:00,83,56,27
2016-02-03 10:00:00,34,23,11
2016-02-03 11:00:00,22,15,7
2016-02-03 12:00:00,10,8,2
2016-02-03 13:00:00,9,2,7
2016-02-03 14:00:00,13,6,7
2016-02-03 15:00:00,17,9,8
2016-02-03 16:00:00,45,21,24
2016-02-03 17:00:00,105,28,77
2016-02-03 18:00:00,94,13,81
2016-02-03 19:00:00,32,3,29
2016-02-03 20:00:00,2,0,2
2016-02-03 21:00:00,6,0,6
2016-02-03 22:00:00,4,1,3
2016-02-03 23:00:00,3,1,2
2016-02-04 00:00:00,0,0,0
2016-02-04 01:00:00,1,0,1
2016-02-04 02:00:00,1,0,1
2016-02-04 03:00:00,2,0,2
2016-02-04 04:00:00,1,1,0
2016-02-04 05:00:00,4,1,3
2016-02-04 06:00:00,29,18,11
2016-02-04 07:00:00,40,26,14
2016-02-04 08:00:00,116,95,21
2016-02-04 09:00:00,87,60,27
2016-02-04 10:00:00,37,30,7
2016-02-04 11:00:00,11,7,4
2016-02-04 12:00:00,18,8,10
2016-02-04 13:00:00,16,9,7
2016-02-04 14:00:00,21,12,9
2016-02-04 15:00:00,23,9,14
2016-02-04 16:00:00,58,19,39
2016-02-04 17:00:00,141,40,101
2016-02-04 18:00:00,105,21,84
2016-02-04 19:00:00,35,5,30
2016-02-04 20:00:00,5,2,3
2016-02-04 21:00:00,11,2,9
2016-02-04 22:00:00,13,4,9
2016-02-04 23:00:00,2,0,2
2016-02-05 00:00:00,0,0,0
2016-02-05 01:00:00,1,0,1
2016-02-05 02:00:00,2,0,2
2016-02-05 03:00:00,1,0,1
2016-02-05 04:00:00,0,0,0
2016-02-05 05:00:00,10,7,3
2016-02-05 06:00:00,18,10,8
2016-02-05 07:00:00,36,26,10
2016-02-05 08:00:00,122,96,26
2016-02-05 09:00:00,73,46,27
2016-02-05 10:00:00,37,19,18
2016-02-05 11:00:00,32,17,15
2016-02-05 12:00:00,25,13,12
2016-02-05 13:00:00,25,16,9
2016-02-05 14:00:00,22,9,13
2016-02-05 15:00:00,39,15,24
2016-02-05 16:00:00,69,27,42
2016-02-05 17:00:00,104,31,73
2016-02-05 18:00:00,60,4,56
2016-02-05 19:00:00,26,2,24
2016-02-05 20:00:00,6,2,4
2016-02-05 21:00:00,4,3,1
2016-02-05 22:00:00,5,3,2
2016-02-05 23:00:00,5,1,4
2016-02-06 00:00:00,1,0,1
2016-02-06 01:00:00,2,0,2
2016-02-06 02:00:00,1,0,1
2016-02-06 03:00:00,0,0,0
2016-02-06 04:00:00,0,0,0
2016-02-06 05:00:00,2,1,1
2016-02-06 06:00:00,2,2,0
2016-02-06 07:00:00,1,1,0
2016-02-06 08:00:00,17,8,9
2016-02-06 09:00:00,21,11,10
2016-02-06 10:00:00,29,9,20
2016-02-06 11:00:00,35,17,18
2016-02-06 12:00:00,46,25,21
2016-02-06 13:00:00,67,39,28
2016-02-06 14:00:00,43,17,26
2016-02-06 15:00:00,50,25,25
2016-02-06 16:00:00,50,15,35
2016-02-06 17:00:00,47,22,25
2016-02-06 18:00:00,45,26,19
2016-02-06 19:00:00,11,4,7
2016-02-06 20:00:00,6,2,4
2016-02-06 21:00:00,4,1,3
2016-02-06 22:00:00,3,3,0
2016-02-06 23:00:00,1,0,1
2016-02-07 00:00:00,2,2,0
2016-02-07 01:00:00,2,0,2
2016-02-07 02:00:00,0,0,0
2016-02-07 03:00:00,1,0,1
2016-02-07 04:00:00,1,0,1
2016-02-07 05:00:00,1,1,0
2016-02-07 06:00:00,0,0,0
2016-02-07 07:00:00,4,4,0
2016-02-07 08:00:00,16,9,7
2016-02-07 09:00:00,33,19,14
2016-02-07 10:00:00,41,18,23
2016-02-07 11:00:00,97,51,46
2016-02-07 12:00:00,74,41,33
2016-02-07 13:00:00,57,25,32
2016-02-07 14:00:00,77,43,34
2016-02-07 15:00:00,56,26,30
2016-02-07 16:00:00,47,19,28
2016-02-07 17:00:00,14,5,9
2016-02-07 18:00:00,10,2,8
2016-02-07 19:00:00,5,1,4
2016-02-07 20:00:00,5,1,4
2016-02-07 21:00:00,3,0,3
2016-02-07 22:00:00,4,1,3
2016-02-07 23:00:00,4,2,2
2016-02-08 00:00:00,0,0,0
2016-02-08 01:00:00,0,0,0
2016-02-08 02:00:00,0,0,0
2016-02-08 03:00:00,0,0,0
2016-02-08 04:00:00,1,0,1
2016-02-08 05:00:00,6,3,3
2016-02-08 06:00:00,22,16,6
2016-02-08 07:00:00,86,52,34
2016-02-08 08:00:00,175,144,31
2016-02-08 09:00:00,116,82,34
2016-02-08 10:00:00,37,26,11
2016-02-08 11:00:00,28,15,13
2016-02-08 12:00:00,43,23,20
2016-02-08 13:00:00,50,28,22
2016-02-08 14:00:00,59,32,27
2016-02-08 15:00:00,89,48,41
2016-02-08 16:00:00,125,57,68
2016-02-08 17:00:00,236,80,156
2016-02-08 18:00:00,178,45,133
2016-02-08 19:00:00,40,11,29
2016-02-08 20:00:00,9,1,8
2016-02-08 21:00:00,15,4,11
2016-02-08 22:00:00,5,3,2
2016-02-08 23:00:00,0,0,0
2016-02-09 00:00:00,2,0,2
2016-02-09 01:00:00,0,0,0
2016-02-09 02:00:00,0,0,0
2016-02-09 03:00:00,2,0,2
2016-02-09 04:00:00,0,0,0
2016-02-09 05:00:00,3,2,1
2016-02-09 06:00:00,30,20,10
2016-02-09 07:00:00,81,62,19
2016-02-09 08:00:00,174,147,27
2016-02-09 09:00:00,113,81,32
2016-02-09 10:00:00,31,18,13
2016-02-09 11:00:00,21,10,11
2016-02-09 12:00:00,29,13,16
2016-02-09 13:00:00,43,26,17
2016-02-09 14:00:00,65,33,32
2016-02-09 15:00:00,80,31,49
2016-02-09 16:00:00,140,49,91
2016-02-09 17:00:00,202,60,142
2016-02-09 18:00:00,168,32,136
2016-02-09 19:00:00,66,17,49
2016-02-09 20:00:00,19,6,13
2016-02-09 21:00:00,12,3,9
2016-02-09 22:00:00,10,3,7
2016-02-09 23:00:00,4,0,4
2016-02-10 00:00:00,1,1,0
2016-02-10 01:00:00,1,0,1
2016-02-10 02:00:00,2,0,2
2016-02-10 03:00:00,2,0,2
2016-02-10 04:00:00,1,1,0
2016-02-10 05:00:00,8,4,4
2016-02-10 06:00:00,34,19,15
2016-02-10 07:00:00,78,54,24
2016-02-10 08:00:00,161,128,33
2016-02-10 09:00:00,90,65,25
2016-02-10 10:00:00,40,27,13
2016-02-10 11:00:00,10,6,4
2016-02-10 12:00:00,15,7,8
2016-02-10 13:00:00,14,7,7
2016-02-10 14:00:00,16,6,10
2016-02-10 15:00:00,33,12,21
2016-02-10 16:00:00,65,31,34
2016-02-10 17:00:00,137,36,101
2016-02-10 18:00:00,135,21,114
2016-02-10 19:00:00,40,11,29
2016-02-10 20:00:00,10,1,9
2016-02-10 21:00:00,13,5,8
2016-02-10 22:00:00,4,2,2
2016-02-10 23:00:00,1,0,1
2016-02-11 00:00:00,1,0,1
2016-02-11 01:00:00,0,0,0
2016-02-11 02:00:00,1,0,1
2016-02-11 03:00:00,1,0,1
2016-02-11 04:00:00,0,0,0
2016-02-11 05:00:00,4,2,2
2016-02-11 06:00:00,21,10,11
2016-02-11 07:00:00,53,31,22
2016-02-11 08:00:00,104,84,20
2016-02-11 09:00:00,90,61,29
2016-02-11 10:00:00,32,24,8
2016-02-11 11:00:00,20,13,7
2016-02-11 12:00:00,11,3,8
2016-02-11 13:00:00,17,11,6
2016-02-11 14:00:00,14,6,8
2016-02-11 15:00:00,20,14,6
2016-02-11 16:00:00,31,14,17
2016-02-11 17:00:00,91,24,67
2016-02-11 18:00:00,98,19,79
2016-02-11 19:00:00,35,2,33
2016-02-11 20:00:00,8,1,7
2016-02-11 21:00:00,11,3,8
2016-02-11 22:00:00,3,1,2
2016-02-11 23:00:00,1,0,1
2016-02-12 00:00:00,1,1,0
2016-02-12 01:00:00,3,0,3
2016-02-12 02:00:00,1,0,1
2016-02-12 03:00:00,1,0,1
2016-02-12 04:00:00,2,0,2
2016-02-12 05:00:00,7,4,3
2016-02-12 06:00:00,17,7,10
2016-02-12 07:00:00,32,20,12
2016-02-12 08:00:00,110,82,28
2016-02-12 09:00:00,64,47,17
2016-02-12 10:00:00,17,12,5
2016-02-12 11:00:00,11,8,3
2016-02-12 12:00:00,13,6,7
2016-02-12 13:00:00,24,8,16
2016-02-12 14:00:00,32,13,19
2016-02-12 15:00:00,72,30,42
2016-02-12 16:00:00,80,39,41
2016-02-12 17:00:00,134,35,99
2016-02-12 18:00:00,91,25,66
2016-02-12 19:00:00,39,4,35
2016-02-12 20:00:00,7,0,7
2016-02-12 21:00:00,6,2,4
2016-02-12 22:00:00,3,2,1
2016-02-12 23:00:00,3,2,1
2016-02-13 00:00:00,0,0,0
2016-02-13 01:00:00,3,0,3
2016-02-13 02:00:00,0,0,0
2016-02-13 03:00:00,1,0,1
2016-02-13 04:00:00,0,0,0
2016-02-13 05:00:00,0,0,0
2016-02-13 06:00:00,5,5,0
2016-02-13 07:00:00,4,4,0
2016-02-13 08:00:00,18,11,7
2016-02-13 09:00:00,37,16,21
2016-02-13 10:00:00,54,30,24
2016-02-13 11:00:00,59,26,33
2016-02-13 12:00:00,41,17,24
2016-02-13 13:00:00,28,17,11
2016-02-13 14:00:00,6,2,4
2016-02-13 15:00:00,13,4,9
2016-02-13 16:00:00,8,1,7
2016-02-13 17:00:00,11,5,6
2016-02-13 18:00:00,2,1,1
2016-02-13 19:00:00,5,2,3
2016-02-13 20:00:00,5,3,2
2016-02-13 21:00:00,3,1,2
2016-02-13 22:00:00,4,2,2
2016-02-13 23:00:00,3,1,2
2016-02-14 00:00:00,4,0,4
2016-02-14 01:00:00,0,0,0
2016-02-14 02:00:00,2,2,0
2016-02-14 03:00:00,1,0,1
2016-02-14 04:00:00,0,0,0
2016-02-14 05:00:00,1,1,0
2016-02-14 06:00:00,2,1,1
2016-02-14 07:00:00,0,0,0
2016-02-14 08:00:00,4,1,3
2016-02-14 09:00:00,7,1,6
2016-02-14 10:00:00,23,11,12
2016-02-14 11:00:00,18,13,5
2016-02-14 12:00:00,26,11,15
2016-02-14 13:00:00,29,17,12
2016-02-14 14:00:00,24,13,11
2016-02-14 15:00:00,39,18,21
2016-02-14 16:00:00,35,20,15
2016-02-14 17:00:00,24,11,13
2016-02-14 18:00:00,8,6,2
2016-02-14 19:00:00,12,4,8
2016-02-14 20:00:00,2,0,2
2016-02-14 21:00:00,1,0,1
2016-02-14 22:00:00,1,1,0
2016-02-14 23:00:00,3,3,0
2016-02-15 00:00:00,1,0,1
2016-02-15 01:00:00,0,0,0
2016-02-15 02:00:00,0,0,0
2016-02-15 03:00:00,1,0,1
2016-02-15 04:00:00,1,0,1
2016-02-15 05:00:00,3,0,3
2016-02-15 06:00:00,7,4,3
2016-02-15 07:00:00,12,8,4
2016-02-15 08:00:00,44,38,6
2016-02-15 09:00:00,46,26,20
2016-02-15 10:00:00,25,15,10
2016-02-15 11:00:00,20,9,11
2016-02-15 12:00:00,16,7,9
2016-02-15 13:00:00,10,3,7
2016-02-15 14:00:00,9,4,5
2016-02-15 15:00:00,14,10,4
2016-02-15 16:00:00,28,12,16
2016-02-15 17:00:00,33,10,23
2016-02-15 18:00:00,36,4,32
2016-02-15 19:00:00,14,2,12
2016-02-15 20:00:00,4,0,4
2016-02-15 21:00:00,3,1,2
2016-02-15 22:00:00,3,1,2
2016-02-15 23:00:00,1,1,0
2016-02-16 00:00:00,2,0,2
2016-02-16 01:00:00,0,0,0
2016-02-16 02:00:00,1,0,1
2016-02-16 03:00:00,1,0,1
2016-02-16 04:00:00,0,0,0
2016-02-16 05:00:00,6,2,4
2016-02-16 06:00:00,26,17,9
2016-02-16 07:00:00,42,27,15
2016-02-16 08:00:00,114,94,20
2016-02-16 09:00:00,82,63,19
2016-02-16 10:00:00,29,23,6
2016-02-16 11:00:00,23,12,11
2016-02-16 12:00:00,17,5,12
2016-02-16 13:00:00,35,16,19
2016-02-16 14:00:00,47,21,26
2016-02-16 15:00:00,56,28,28
2016-02-16 16:00:00,76,32,44
2016-02-16 17:00:00,133,36,97
2016-02-16 18:00:00,118,24,94
2016-02-16 19:00:00,26,8,18
2016-02-16 20:00:00,13,3,10
2016-02-16 21:00:00,8,1,7
2016-02-16 22:00:00,8,3,5
2016-02-16 23:00:00,1,1,0
2016-02-17 00:00:00,6,1,5
2016-02-17 01:00:00,1,1,0
2016-02-17 02:00:00,0,0,0
2016-02-17 03:00:00,3,0,3
2016-02-17 04:00:00,0,0,0
2016-02-17 05:00:00,8,3,5
2016-02-17 06:00:00,25,15,10
2016-02-17 07:00:00,60,38,22
2016-02-17 08:00:00,132,104,28
2016-02-17 09:00:00,108,81,27
2016-02-17 10:00:00,43,29,14
2016-02-17 11:00:00,28,15,13
2016-02-17 12:00:00,25,10,15
2016-02-17 13:00:00,31,17,14
2016-02-17 14:00:00,36,17,19
2016-02-17 15:00:00,22,13,9
2016-02-17 16:00:00,49,16,33
2016-02-17 17:00:00,122,29,93
2016-02-17 18:00:00,133,31,102
2016-02-17 19:00:00,38,6,32
2016-02-17 20:00:00,8,2,6
2016-02-17 21:00:00,4,0,4
2016-02-17 22:00:00,2,0,2
2016-02-17 23:00:00,4,0,4
2016-02-18 00:00:00,4,1,3
2016-02-18 01:00:00,0,0,0
2016-02-18 02:00:00,1,0,1
2016-02-18 03:00:00,1,0,1
2016-02-18 04:00:00,0,0,0
2016-02-18 05:00:00,5,1,4
2016-02-18 06:00:00,23,13,10
2016-02-18 07:00:00,45,30,15
2016-02-18 08:00:00,123,103,20
2016-02-18 09:00:00,79,57,22
2016-02-18 10:00:00,30,16,14
2016-02-18 11:00:00,33,19,14
2016-02-18 12:00:00,22,11,11
2016-02-18 13:00:00,27,14,13
2016-02-18 14:00:00,34,14,20
2016-02-18 15:00:00,49,27,22
2016-02-18 16:00:00,63,24,39
2016-02-18 17:00:00,131,36,95
2016-02-18 18:00:00,112,18,94
2016-02-18 19:00:00,49,9,40
2016-02-18 20:00:00,5,1,4
2016-02-18 21:00:00,4,1,3
2016-02-18 22:00:00,6,2,4
2016-02-18 23:00:00,4,1,3
2016-02-19 00:00:00,3,0,3
2016-02-19 01:00:00,1,0,1
2016-02-19 02:00:00,0,0,0
2016-02-19 03:00:00,1,0,1
2016-02-19 04:00:00,0,0,0
2016-02-19 05:00:00,8,4,4
2016-02-19 06:00:00,16,9,7
2016-02-19 07:00:00,28,20,8
2016-02-19 08:00:00,75,60,15
2016-02-19 09:00:00,55,38,17
2016-02-19 10:00:00,22,17,5
2016-02-19 11:00:00,7,3,4
2016-02-19 12:00:00,7,3,4
2016-02-19 13:00:00,10,9,1
2016-02-19 14:00:00,11,3,8
2016-02-19 15:00:00,18,7,11
2016-02-19 16:00:00,36,14,22
2016-02-19 17:00:00,76,22,54
2016-02-19 18:00:00,56,8,48
2016-02-19 19:00:00,18,3,15
2016-02-19 20:00:00,0,0,0
2016-02-19 21:00:00,4,0,4
2016-02-19 22:00:00,3,0,3
2016-02-19 23:00:00,3,1,2
2016-02-20 00:00:00,0,0,0
2016-02-20 01:00:00,2,0,2
2016-02-20 02:00:00,3,1,2
2016-02-20 03:00:00,1,1,0
2016-02-20 04:00:00,0,0,0
2016-02-20 05:00:00,1,1,0
2016-02-20 06:00:00,3,3,0
2016-02-20 07:00:00,6,3,3
2016-02-20 08:00:00,12,9,3
2016-02-20 09:00:00,29,21,8
2016-02-20 10:00:00,43,24,19
2016-02-20 11:00:00,89,41,48
2016-02-20 12:00:00,92,51,41
2016-02-20 13:00:00,114,57,57
2016-02-20 14:00:00,166,82,84
2016-02-20 15:00:00,131,67,64
2016-02-20 16:00:00,118,65,53
2016-02-20 17:00:00,116,52,64
2016-02-20 18:00:00,39,25,14
2016-02-20 19:00:00,11,7,4
2016-02-20 20:00:00,2,0,2
2016-02-20 21:00:00,6,0,6
2016-02-20 22:00:00,16,2,14
2016-02-20 23:00:00,3,2,1
2016-02-21 00:00:00,5,2,3
2016-02-21 01:00:00,1,0,1
2016-02-21 02:00:00,1,0,1
2016-02-21 03:00:00,1,0,1
2016-02-21 04:00:00,0,0,0
2016-02-21 05:00:00,0,0,0
2016-02-21 06:00:00,4,3,1
2016-02-21 07:00:00,6,2,4
2016-02-21 08:00:00,10,5,5
2016-02-21 09:00:00,17,6,11
2016-02-21 10:00:00,36,20,16
2016-02-21 11:00:00,42,27,15
2016-02-21 12:00:00,26,11,15
2016-02-21 13:00:00,9,3,6
2016-02-21 14:00:00,22,5,17
2016-02-21 15:00:00,28,11,17
2016-02-21 16:00:00,32,15,17
2016-02-21 17:00:00,53,25,28
2016-02-21 18:00:00,34,15,19
2016-02-21 19:00:00,5,1,4
2016-02-21 20:00:00,3,1,2
2016-02-21 21:00:00,4,2,2
2016-02-21 22:00:00,0,0,0
2016-02-21 23:00:00,3,1,2
2016-02-22 00:00:00,1,0,1
2016-02-22 01:00:00,1,1,0
2016-02-22 02:00:00,0,0,0
2016-02-22 03:00:00,0,0,0
2016-02-22 04:00:00,0,0,0
2016-02-22 05:00:00,5,2,3
2016-02-22 06:00:00,31,19,12
2016-02-22 07:00:00,63,45,18
2016-02-22 08:00:00,153,123,30
2016-02-22 09:00:00,113,82,31
2016-02-22 10:00:00,32,21,11
2016-02-22 11:00:00,22,9,13
2016-02-22 12:00:00,23,10,13
2016-02-22 13:00:00,20,13,7
2016-02-22 14:00:00,27,11,16
2016-02-22 15:00:00,51,27,24
2016-02-22 16:00:00,83,30,53
2016-02-22 17:00:00,189,63,126
2016-02-22 18:00:00,153,33,120
2016-02-22 19:00:00,40,8,32
2016-02-22 20:00:00,10,2,8
2016-02-22 21:00:00,9,5,4
2016-02-22 22:00:00,8,2,6
2016-02-22 23:00:00,4,2,2
2016-02-23 00:00:00,1,0,1
2016-02-23 01:00:00,1,1,0
2016-02-23 02:00:00,1,0,1
2016-02-23 03:00:00,2,1,1
2016-02-23 04:00:00,0,0,0
2016-02-23 05:00:00,3,1,2
2016-02-23 06:00:00,38,21,17
2016-02-23 07:00:00,81,58,23
2016-02-23 08:00:00,179,145,34
2016-02-23 09:00:00,125,88,37
2016-02-23 10:00:00,49,30,19
2016-02-23 11:00:00,32,18,14
2016-02-23 12:00:00,58,32,26
2016-02-23 13:00:00,54,29,25
2016-02-23 14:00:00,61,30,31
2016-02-23 15:00:00,62,33,29
2016-02-23 16:00:00,111,43,68
2016-02-23 17:00:00,207,53,154
2016-02-23 18:00:00,178,52,126
2016-02-23 19:00:00,52,12,40
2016-02-23 20:00:00,15,1,14
2016-02-23 21:00:00,34,8,26
2016-02-23 22:00:00,13,4,9
2016-02-23 23:00:00,11,5,6
2016-02-24 00:00:00,3,2,1
2016-02-24 01:00:00,1,0,1
2016-02-24 02:00:00,1,0,1
2016-02-24 03:00:00,1,0,1
2016-02-24 04:00:00,0,0,0
2016-02-24 05:00:00,4,1,3
2016-02-24 06:00:00,35,21,14
2016-02-24 07:00:00,73,55,18
2016-02-24 08:00:00,163,125,38
2016-02-24 09:00:00,119,89,30
2016-02-24 10:00:00,46,29,17
2016-02-24 11:00:00,26,13,13
2016-02-24 12:00:00,44,21,23
2016-02-24 13:00:00,35,14,21
2016-02-24 14:00:00,30,14,16
2016-02-24 15:00:00,50,26,24
2016-02-24 16:00:00,86,26,60
2016-02-24 17:00:00,168,39,129
2016-02-24 18:00:00,121,35,86
2016-02-24 19:00:00,48,12,36
2016-02-24 20:00:00,10,1,9
2016-02-24 21:00:00,3,1,2
2016-02-24 22:00:00,2,1,1
2016-02-24 23:00:00,2,0,2
2016-02-25 00:00:00,3,1,2
2016-02-25 01:00:00,2,0,2
2016-02-25 02:00:00,1,0,1
2016-02-25 03:00:00,1,0,1
2016-02-25 04:00:00,0,0,0
2016-02-25 05:00:00,9,4,5
2016-02-25 06:00:00,35,22,13
2016-02-25 07:00:00,79,61,18
2016-02-25 08:00:00,167,140,27
2016-02-25 09:00:00,115,85,30
2016-02-25 10:00:00,57,31,26
2016-02-25 11:00:00,47,27,20
2016-02-25 12:00:00,41,28,13
2016-02-25 13:00:00,43,20,23
2016-02-25 14:00:00,51,25,26
2016-02-25 15:00:00,76,36,40
2016-02-25 16:00:00,123,44,79
2016-02-25 17:00:00,247,63,184
2016-02-25 18:00:00,190,49,141
2016-02-25 19:00:00,50,12,38
2016-02-25 20:00:00,66,5,61
2016-02-25 21:00:00,12,3,9
2016-02-25 22:00:00,7,2,5
2016-02-25 23:00:00,5,4,1
2016-02-26 00:00:00,11,8,3
2016-02-26 01:00:00,4,3,1
2016-02-26 02:00:00,4,3,1
2016-02-26 03:00:00,2,0,2
2016-02-26 04:00:00,0,0,0
2016-02-26 05:00:00,8,4,4
2016-02-26 06:00:00,22,14,8
2016-02-26 07:00:00,56,41,15
2016-02-26 08:00:00,134,108,26
2016-02-26 09:00:00,113,84,29
2016-02-26 10:00:00,43,27,16
2016-02-26 11:00:00,41,22,19
2016-02-26 12:00:00,33,16,17
2016-02-26 13:00:00,42,17,25
2016-02-26 14:00:00,38,16,22
2016-02-26 15:00:00,56,20,36
2016-02-26 16:00:00,75,21,54
2016-02-26 17:00:00,111,26,85
2016-02-26 18:00:00,72,6,66
2016-02-26 19:00:00,44,2,42
2016-02-26 20:00:00,6,1,5
2016-02-26 21:00:00,1,0,1
2016-02-26 22:00:00,4,2,2
2016-02-26 23:00:00,4,2,2
2016-02-27 00:00:00,1,0,1
2016-02-27 01:00:00,2,1,1
2016-02-27 02:00:00,0,0,0
2016-02-27 03:00:00,0,0,0
2016-02-27 04:00:00,1,0,1
2016-02-27 05:00:00,1,1,0
2016-02-27 06:00:00,6,5,1
2016-02-27 07:00:00,10,4,6
2016-02-27 08:00:00,14,11,3
2016-02-27 09:00:00,22,16,6
2016-02-27 10:00:00,28,18,10
2016-02-27 11:00:00,55,21,34
2016-02-27 12:00:00,55,32,23
2016-02-27 13:00:00,70,39,31
2016-02-27 14:00:00,94,37,57
2016-02-27 15:00:00,89,38,51
2016-02-27 16:00:00,75,39,36
2016-02-27 17:00:00,74,42,32
2016-02-27 18:00:00,40,18,22
2016-02-27 19:00:00,7,2,5
2016-02-27 20:00:00,7,3,4
2016-02-27 21:00:00,4,1,3
2016-02-27 22:00:00,5,4,1
2016-02-27 23:00:00,7,4,3
2016-02-28 00:00:00,3,1,2
2016-02-28 01:00:00,0,0,0
2016-02-28 02:00:00,0,0,0
2016-02-28 03:00:00,4,1,3
2016-02-28 04:00:00,0,0,0
2016-02-28 05:00:00,0,0,0
2016-02-28 06:00:00,7,7,0
2016-02-28 07:00:00,50,46,4
2016-02-28 08:00:00,54,48,6
2016-02-28 09:00:00,38,30,8
2016-02-28 10:00:00,33,21,12
2016-02-28 11:00:00,19,9,10
2016-02-28 12:00:00,33,14,19
2016-02-28 13:00:00,54,3,51
2016-02-28 14:00:00,60,3,57
2016-02-28 15:00:00,51,3,48
2016-02-28 16:00:00,41,6,35
2016-02-28 17:00:00,26,18,8
2016-02-28 18:00:00,13,5,8
2016-02-28 19:00:00,13,8,5
2016-02-28 20:00:00,0,0,0
2016-02-28 21:00:00,2,1,1
2016-02-28 22:00:00,1,1,0
2016-02-28 23:00:00,0,0,0
2016-02-29 00:00:00,0,0,0
2016-02-29 01:00:00,0,0,0
2016-02-29 02:00:00,0,0,0
2016-02-29 03:00:00,0,0,0
2016-02-29 04:00:00,0,0,0
2016-02-29 05:00:00,6,3,3
2016-02-29 06:00:00,29,19,10
2016-02-29 07:00:00,59,37,22
2016-02-29 08:00:00,124,96,28
2016-02-29 09:00:00,94,76,18
2016-02-29 10:00:00,24,16,8
2016-02-29 11:00:00,39,19,20
2016-02-29 12:00:00,31,11,20
2016-02-29 13:00:00,44,17,27
2016-02-29 14:00:00,33,19,14
2016-02-29 15:00:00,41,20,21
2016-02-29 16:00:00,60,24,36
2016-02-29 17:00:00,156,42,114
2016-02-29 18:00:00,142,32,110
2016-02-29 19:00:00,36,8,28
2016-02-29 20:00:00,12,4,8
2016-02-29 21:00:00,10,2,8
2016-02-29 22:00:00,4,1,3
2016-02-29 23:00:00,3,1,2
2016-03-01 00:00:00,1,0,1
2016-03-01 01:00:00,0,0,0
2016-03-01 02:00:00,0,0,0
2016-03-01 03:00:00,2,0,2
2016-03-01 04:00:00,0,0,0
2016-03-01 05:00:00,5,2,3
2016-03-01 06:00:00,20,12,8
2016-03-01 07:00:00,41,24,17
2016-03-01 08:00:00,95,81,14
2016-03-01 09:00:00,82,64,18
2016-03-01 10:00:00,20,13,7
2016-03-01 11:00:00,18,5,13
2016-03-01 12:00:00,17,8,9
2016-03-01 13:00:00,7,4,3
2016-03-01 14:00:00,8,6,2
2016-03-01 15:00:00,17,10,7
2016-03-01 16:00:00,27,14,13
2016-03-01 17:00:00,96,21,75
2016-03-01 18:00:00,91,15,76
2016-03-01 19:00:00,26,4,22
2016-03-01 20:00:00,5,0,5
2016-03-01 21:00:00,4,2,2
2016-03-01 22:00:00,6,1,5
2016-03-01 23:00:00,0,0,0
2016-03-02 00:00:00,0,0,0
2016-03-02 01:00:00,0,0,0
2016-03-02 02:00:00,0,0,0
2016-03-02 03:00:00,2,0,2
2016-03-02 04:00:00,0,0,0
2016-03-02 05:00:00,4,1,3
2016-03-02 06:00:00,24,13,11
2016-03-02 07:00:00,66,36,30
2016-03-02 08:00:00,142,112,30
2016-03-02 09:00:00,102,81,21
2016-03-02 10:00:00,35,22,13
2016-03-02 11:00:00,29,15,14
2016-03-02 12:00:00,24,11,13
2016-03-02 13:00:00,29,18,11
2016-03-02 14:00:00,29,12,17
2016-03-02 15:00:00,31,16,15
2016-03-02 16:00:00,59,24,35
2016-03-02 17:00:00,118,29,89
2016-03-02 18:00:00,121,18,103
2016-03-02 19:00:00,37,3,34
2016-03-02 20:00:00,13,2,11
2016-03-02 21:00:00,5,1,4
2016-03-02 22:00:00,16,12,4
2016-03-02 23:00:00,2,1,1
2016-03-03 00:00:00,3,0,3
2016-03-03 01:00:00,0,0,0
2016-03-03 02:00:00,0,0,0
2016-03-03 03:00:00,1,0,1
2016-03-03 04:00:00,2,0,2
2016-03-03 05:00:00,8,0,8
2016-03-03 06:00:00,28,20,8
2016-03-03 07:00:00,51,31,20
2016-03-03 08:00:00,109,95,14
2016-03-03 09:00:00,95,72,23
2016-03-03 10:00:00,36,23,13
2016-03-03 11:00:00,26,13,13
2016-03-03 12:00:00,16,6,10
2016-03-03 13:00:00,20,11,9
2016-03-03 14:00:00,13,3,10
2016-03-03 15:00:00,28,15,13
2016-03-03 16:00:00,60,21,39
2016-03-03 17:00:00,131,35,96
2016-03-03 18:00:00,124,30,94
2016-03-03 19:00:00,39,2,37
2016-03-03 20:00:00,10,4,6
2016-03-03 21:00:00,10,5,5
2016-03-03 22:00:00,6,3,3
2016-03-03 23:00:00,3,0,3
2016-03-04 00:00:00,1,0,1
2016-03-04 01:00:00,0,0,0
2016-03-04 02:00:00,1,0,1
2016-03-04 03:00:00,0,0,0
2016-03-04 04:00:00,1,0,1
2016-03-04 05:00:00,10,5,5
2016-03-04 06:00:00,22,12,10
2016-03-04 07:00:00,56,39,17
2016-03-04 08:00:00,131,109,22
2016-03-04 09:00:00,78,59,19
2016-03-04 10:00:00,34,23,11
2016-03-04 11:00:00,19,7,12
2016-03-04 12:00:00,23,10,13
2016-03-04 13:00:00,27,11,16
2016-03-04 14:00:00,28,10,18
2016-03-04 15:00:00,28,10,18
2016-03-04 16:00:00,56,21,35
2016-03-04 17:00:00,121,27,94
2016-03-04 18:00:00,72,8,64
2016-03-04 19:00:00,25,5,20
2016-03-04 20:00:00,4,0,4
2016-03-04 21:00:00,4,1,3
2016-03-04 22:00:00,9,7,2
2016-03-04 23:00:00,0,0,0
2016-03-05 00:00:00,2,1,1
2016-03-05 01:00:00,1,0,1
2016-03-05 02:00:00,0,0,0
2016-03-05 03:00:00,1,0,1
2016-03-05 04:00:00,0,0,0
2016-03-05 05:00:00,1,0,1
2016-03-05 06:00:00,5,5,0
2016-03-05 07:00:00,7,3,4
2016-03-05 08:00:00,27,13,14
2016-03-05 09:00:00,42,20,22
2016-03-05 10:00:00,70,44,26
2016-03-05 11:00:00,81,31,50
2016-03-05 12:00:00,110,59,51
2016-03-05 13:00:00,143,77,66
2016-03-05 14:00:00,160,72,88
2016-03-05 15:00:00,157,80,77
2016-03-05 16:00:00,119,57,62
2016-03-05 17:00:00,68,24,44
2016-03-05 18:00:00,34,13,21
2016-03-05 19:00:00,20,11,9
2016-03-05 20:00:00,3,3,0
2016-03-05 21:00:00,13,4,9
2016-03-05 22:00:00,4,1,3
2016-03-05 23:00:00,1,0,1
2016-03-06 00:00:00,4,1,3
2016-03-06 01:00:00,3,2,1
2016-03-06 02:00:00,1,1,0
2016-03-06 03:00:00,1,0,1
2016-03-06 04:00:00,0,0,0
2016-03-06 05:00:00,0,0,0
2016-03-06 06:00:00,3,3,0
2016-03-06 07:00:00,9,3,6
2016-03-06 08:00:00,12,7,5
2016-03-06 09:00:00,19,9,10
2016-03-06 10:00:00,22,13,9
2016-03-06 11:00:00,17,13,4
2016-03-06 12:00:00,34,18,16
2016-03-06 13:00:00,19,8,11
2016-03-06 14:00:00,27,9,18
2016-03-06 15:00:00,32,15,17
2016-03-06 16:00:00,45,16,29
2016-03-06 17:00:00,34,16,18
2016-03-06 18:00:00,12,6,6
2016-03-06 19:00:00,9,3,6
2016-03-06 20:00:00,2,1,1
2016-03-06 21:00:00,3,1,2
2016-03-06 22:00:00,1,1,0
2016-03-06 23:00:00,1,1,0
2016-03-07 00:00:00,2,0,2
2016-03-07 01:00:00,0,0,0
2016-03-07 02:00:00,0,0,0
2016-03-07 03:00:00,0,0,0
2016-03-07 04:00:00,0,0,0
2016-03-07 05:00:00,6,2,4
2016-03-07 06:00:00,21,15,6
2016-03-07 07:00:00,51,32,19
2016-03-07 08:00:00,108,91,17
2016-03-07 09:00:00,60,47,13
2016-03-07 10:00:00,16,11,5
2016-03-07 11:00:00,17,8,9
2016-03-07 12:00:00,17,8,9
2016-03-07 13:00:00,13,7,6
2016-03-07 14:00:00,11,4,7
2016-03-07 15:00:00,31,12,19
2016-03-07 16:00:00,52,19,33
2016-03-07 17:00:00,135,35,100
2016-03-07 18:00:00,121,29,92
2016-03-07 19:00:00,36,7,29
2016-03-07 20:00:00,11,2,9
2016-03-07 21:00:00,11,2,9
2016-03-07 22:00:00,7,3,4
2016-03-07 23:00:00,2,0,2
2016-03-08 00:00:00,1,0,1
2016-03-08 01:00:00,2,2,0
2016-03-08 02:00:00,1,0,1
2016-03-08 03:00:00,0,0,0
2016-03-08 04:00:00,1,0,1
2016-03-08 05:00:00,5,2,3
2016-03-08 06:00:00,29,17,12
2016-03-08 07:00:00,68,45,23
2016-03-08 08:00:00,159,128,31
2016-03-08 09:00:00,95,76,19
2016-03-08 10:00:00,28,14,14
2016-03-08 11:00:00,25,12,13
2016-03-08 12:00:00,24,8,16
2016-03-08 13:00:00,19,14,5
2016-03-08 14:00:00,38,18,20
2016-03-08 15:00:00,29,13,16
2016-03-08 16:00:00,86,37,49
2016-03-08 17:00:00,156,44,112
2016-03-08 18:00:00,138,25,113
2016-03-08 19:00:00,35,3,32
2016-03-08 20:00:00,9,6,3
2016-03-08 21:00:00,17,3,14
2016-03-08 22:00:00,4,2,2
2016-03-08 23:00:00,4,2,2
2016-03-09 00:00:00,0,0,0
2016-03-09 01:00:00,0,0,0
2016-03-09 02:00:00,0,0,0
2016-03-09 03:00:00,0,0,0
2016-03-09 04:00:00,1,0,1
2016-03-09 05:00:00,8,6,2
2016-03-09 06:00:00,20,12,8
2016-03-09 07:00:00,76,54,22
2016-03-09 08:00:00,119,91,28
2016-03-09 09:00:00,82,64,18
2016-03-09 10:00:00,30,18,12
2016-03-09 11:00:00,19,13,6
2016-03-09 12:00:00,19,7,12
2016-03-09 13:00:00,15,10,5
2016-03-09 14:00:00,7,1,6
2016-03-09 15:00:00,19,12,7
2016-03-09 16:00:00,33,15,18
2016-03-09 17:00:00,92,21,71
2016-03-09 18:00:00,87,14,73
2016-03-09 19:00:00,26,1,25
2016-03-09 20:00:00,6,0,6
2016-03-09 21:00:00,1,0,1
2016-03-09 22:00:00,3,1,2
2016-03-09 23:00:00,1,0,1
2016-03-10 00:00:00,3,0,3
2016-03-10 01:00:00,1,0,1
2016-03-10 02:00:00,1,0,1
2016-03-10 03:00:00,1,0,1
2016-03-10 04:00:00,0,0,0
2016-03-10 05:00:00,2,0,2
2016-03-10 06:00:00,13,9,4
2016-03-10 07:00:00,33,23,10
2016-03-10 08:00:00,82,61,21
2016-03-10 09:00:00,71,53,18
2016-03-10 10:00:00,29,17,12
2016-03-10 11:00:00,13,9,4
2016-03-10 12:00:00,16,6,10
2016-03-10 13:00:00,14,8,6
2016-03-10 14:00:00,9,6,3
2016-03-10 15:00:00,20,10,10
2016-03-10 16:00:00,34,11,23
2016-03-10 17:00:00,109,28,81
2016-03-10 18:00:00,112,32,80
2016-03-10 19:00:00,33,4,29
2016-03-10 20:00:00,5,0,5
2016-03-10 21:00:00,6,4,2
2016-03-10 22:00:00,5,1,4
2016-03-10 23:00:00,2,0,2
2016-03-11 00:00:00,2,1,1
2016-03-11 01:00:00,0,0,0
2016-03-11 02:00:00,2,0,2
2016-03-11 03:00:00,3,1,2
2016-03-11 04:00:00,0,0,0
2016-03-11 05:00:00,9,5,4
2016-03-11 06:00:00,17,9,8
2016-03-11 07:00:00,61,43,18
2016-03-11 08:00:00,114,92,22
2016-03-11 09:00:00,86,64,22
2016-03-11 10:00:00,43,24,19
2016-03-11 11:00:00,46,17,29
2016-03-11 12:00:00,51,21,30
2016-03-11 13:00:00,32,16,16
2016-03-11 14:00:00,27,10,17
2016-03-11 15:00:00,25,6,19
2016-03-11 16:00:00,53,14,39
2016-03-11 17:00:00,119,22,97
2016-03-11 18:00:00,86,11,75
2016-03-11 19:00:00,29,1,28
2016-03-11 20:00:00,7,0,7
2016-03-11 21:00:00,5,2,3
2016-03-11 22:00:00,5,4,1
2016-03-11 23:00:00,3,1,2
2016-03-12 00:00:00,1,1,0
2016-03-12 01:00:00,1,0,1
2016-03-12 02:00:00,0,0,0
2016-03-12 03:00:00,0,0,0
2016-03-12 04:00:00,1,0,1
2016-03-12 05:00:00,1,1,0
2016-03-12 06:00:00,2,2,0
2016-03-12 07:00:00,5,3,2
2016-03-12 08:00:00,4,0,4
2016-03-12 09:00:00,16,11,5
2016-03-12 10:00:00,11,6,5
2016-03-12 11:00:00,26,17,9
2016-03-12 12:00:00,35,17,18
2016-03-12 13:00:00,54,30,24
2016-03-12 14:00:00,32,15,17
2016-03-12 15:00:00,28,10,18
2016-03-12 16:00:00,17,7,10
2016-03-12 17:00:00,21,9,12
2016-03-12 18:00:00,8,3,5
2016-03-12 19:00:00,4,0,4
2016-03-12 20:00:00,7,2,5
2016-03-12 21:00:00,2,1,1
2016-03-12 22:00:00,2,2,0
2016-03-12 23:00:00,3,2,1
2016-03-13 00:00:00,2,0,2
2016-03-13 01:00:00,0,0,0
2016-03-13 02:00:00,0,0,0
2016-03-13 03:00:00,0,0,0
2016-03-13 04:00:00,1,0,1
2016-03-13 05:00:00,1,1,0
2016-03-13 06:00:00,3,3,0
2016-03-13 07:00:00,1,0,1
2016-03-13 08:00:00,5,2,3
2016-03-13 09:00:00,8,4,4
2016-03-13 10:00:00,8,1,7
2016-03-13 11:00:00,11,8,3
2016-03-13 12:00:00,5,3,2
2016-03-13 13:00:00,17,12,5
2016-03-13 14:00:00,12,5,7
2016-03-13 15:00:00,9,5,4
2016-03-13 16:00:00,6,2,4
2016-03-13 17:00:00,6,2,4
2016-03-13 18:00:00,6,3,3
2016-03-13 19:00:00,5,2,3
2016-03-13 20:00:00,3,1,2
2016-03-13 21:00:00,1,1,0
2016-03-13 22:00:00,0,0,0
2016-03-13 23:00:00,0,0,0
2016-03-14 00:00:00,1,1,0
2016-03-14 01:00:00,0,0,0
2016-03-14 02:00:00,0,0,0
2016-03-14 03:00:00,0,0,0
2016-03-14 04:00:00,0,0,0
2016-03-14 05:00:00,6,3,3
2016-03-14 06:00:00,14,6,8
2016-03-14 07:00:00,37,19,18
2016-03-14 08:00:00,118,96,22
2016-03-14 09:00:00,86,68,18
2016-03-14 10:00:00,21,16,5
2016-03-14 11:00:00,23,13,10
2016-03-14 12:00:00,16,5,11
2016-03-14 13:00:00,18,8,10
2016-03-14 14:00:00,24,16,8
2016-03-14 15:00:00,25,9,16
2016-03-14 16:00:00,38,20,18
2016-03-14 17:00:00,110,30,80
2016-03-14 18:00:00,113,25,88
2016-03-14 19:00:00,52,11,41
2016-03-14 20:00:00,14,1,13
2016-03-14 21:00:00,6,1,5
2016-03-14 22:00:00,1,1,0
2016-03-14 23:00:00,5,1,4
2016-03-15 00:00:00,2,1,1
2016-03-15 01:00:00,0,0,0
2016-03-15 02:00:00,1,0,1
2016-03-15 03:00:00,1,0,1
2016-03-15 04:00:00,1,1,0
2016-03-15 05:00:00,8,3,5
2016-03-15 06:00:00,27,19,8
2016-03-15 07:00:00,48,25,23
2016-03-15 08:00:00,143,120,23
2016-03-15 09:00:00,91,66,25
2016-03-15 10:00:00,35,21,14
2016-03-15 11:00:00,25,14,11
2016-03-15 12:00:00,22,9,13
2016-03-15 13:00:00,21,9,12
2016-03-15 14:00:00,22,12,10
2016-03-15 15:00:00,26,8,18
2016-03-15 16:00:00,65,34,31
2016-03-15 17:00:00,142,46,96
2016-03-15 18:00:00,155,27,128
2016-03-15 19:00:00,54,16,38
2016-03-15 20:00:00,27,4,23
2016-03-15 21:00:00,1,0,1
2016-03-15 22:00:00,10,2,8
2016-03-15 23:00:00,7,4,3
2016-03-16 00:00:00,4,1,3
2016-03-16 01:00:00,0,0,0
2016-03-16 02:00:00,0,0,0
2016-03-16 03:00:00,1,0,1
2016-03-16 04:00:00,0,0,0
2016-03-16 05:00:00,9,3,6
2016-03-16 06:00:00,30,17,13
2016-03-16 07:00:00,53,33,20
2016-03-16 08:00:00,154,117,37
2016-03-16 09:00:00,125,93,32
2016-03-16 10:00:00,37,28,9
2016-03-16 11:00:00,36,21,15
2016-03-16 12:00:00,36,17,19
2016-03-16 13:00:00,27,13,14
2016-03-16 14:00:00,31,15,16
2016-03-16 15:00:00,35,16,19
2016-03-16 16:00:00,70,33,37
2016-03-16 17:00:00,197,56,141
2016-03-16 18:00:00,185,44,141
2016-03-16 19:00:00,76,30,46
2016-03-16 20:00:00,40,12,28
2016-03-16 21:00:00,7,1,6
2016-03-16 22:00:00,4,2,2
2016-03-16 23:00:00,1,0,1
2016-03-17 00:00:00,6,2,4
2016-03-17 01:00:00,1,0,1
2016-03-17 02:00:00,0,0,0
2016-03-17 03:00:00,3,0,3
2016-03-17 04:00:00,0,0,0
2016-03-17 05:00:00,6,2,4
2016-03-17 06:00:00,27,15,12
2016-03-17 07:00:00,65,46,19
2016-03-17 08:00:00,157,129,28
2016-03-17 09:00:00,99,68,31
2016-03-17 10:00:00,43,28,15
2016-03-17 11:00:00,44,18,26
2016-03-17 12:00:00,42,26,16
2016-03-17 13:00:00,38,19,19
2016-03-17 14:00:00,40,18,22
2016-03-17 15:00:00,56,24,32
2016-03-17 16:00:00,109,50,59
2016-03-17 17:00:00,208,50,158
2016-03-17 18:00:00,184,44,140
2016-03-17 19:00:00,110,53,57
2016-03-17 20:00:00,54,17,37
2016-03-17 21:00:00,7,2,5
2016-03-17 22:00:00,19,8,11
2016-03-17 23:00:00,2,1,1
2016-03-18 00:00:00,3,0,3
2016-03-18 01:00:00,1,1,0
2016-03-18 02:00:00,1,0,1
2016-03-18 03:00:00,3,0,3
2016-03-18 04:00:00,3,1,2
2016-03-18 05:00:00,10,4,6
2016-03-18 06:00:00,29,15,14
2016-03-18 07:00:00,51,37,14
2016-03-18 08:00:00,119,93,26
2016-03-18 09:00:00,96,70,26
2016-03-18 10:00:00,53,30,23
2016-03-18 11:00:00,34,23,11
2016-03-18 12:00:00,56,23,33
2016-03-18 13:00:00,74,33,41
2016-03-18 14:00:00,65,26,39
2016-03-18 15:00:00,81,29,52
2016-03-18 16:00:00,138,64,74
2016-03-18 17:00:00,167,54,113
2016-03-18 18:00:00,149,41,108
2016-03-18 19:00:00,90,40,50
2016-03-18 20:00:00,30,16,14
2016-03-18 21:00:00,5,2,3
2016-03-18 22:00:00,8,6,2
2016-03-18 23:00:00,10,4,6
2016-03-19 00:00:00,4,1,3
2016-03-19 01:00:00,4,1,3
2016-03-19 02:00:00,2,0,2
2016-03-19 03:00:00,1,0,1
2016-03-19 04:00:00,0,0,0
2016-03-19 05:00:00,0,0,0
2016-03-19 06:00:00,5,5,0
2016-03-19 07:00:00,10,6,4
2016-03-19 08:00:00,27,16,11
2016-03-19 09:00:00,35,19,16
2016-03-19 10:00:00,40,19,21
2016-03-19 11:00:00,72,45,27
2016-03-19 12:00:00,87,46,41
2016-03-19 13:00:00,87,47,40
2016-03-19 14:00:00,88,36,52
2016-03-19 15:00:00,83,46,37
2016-03-19 16:00:00,79,32,47
2016-03-19 17:00:00,81,43,38
2016-03-19 18:00:00,38,24,14
2016-03-19 19:00:00,58,26,32
2016-03-19 20:00:00,7,1,6
2016-03-19 21:00:00,7,4,3
2016-03-19 22:00:00,11,2,9
2016-03-19 23:00:00,19,2,17
2016-03-20 00:00:00,3,0,3
2016-03-20 01:00:00,1,0,1
2016-03-20 02:00:00,1,0,1
2016-03-20 03:00:00,1,0,1
2016-03-20 04:00:00,2,0,2
2016-03-20 05:00:00,0,0,0
2016-03-20 06:00:00,3,3,0
2016-03-20 07:00:00,3,1,2
2016-03-20 08:00:00,11,3,8
2016-03-20 09:00:00,30,13,17
2016-03-20 10:00:00,25,15,10
2016-03-20 11:00:00,31,15,16
2016-03-20 12:00:00,17,12,5
2016-03-20 13:00:00,25,4,21
2016-03-20 14:00:00,16,4,12
2016-03-20 15:00:00,12,6,6
2016-03-20 16:00:00,19,9,10
2016-03-20 17:00:00,6,0,6
2016-03-20 18:00:00,10,6,4
2016-03-20 19:00:00,9,3,6
2016-03-20 20:00:00,3,1,2
2016-03-20 21:00:00,2,1,1
2016-03-20 22:00:00,0,0,0
2016-03-20 23:00:00,3,3,0
2016-03-21 00:00:00,1,1,0
2016-03-21 01:00:00,0,0,0
2016-03-21 02:00:00,1,1,0
2016-03-21 03:00:00,1,0,1
2016-03-21 04:00:00,0,0,0
2016-03-21 05:00:00,4,2,2
2016-03-21 06:00:00,23,14,9
2016-03-21 07:00:00,47,27,20
2016-03-21 08:00:00,115,97,18
2016-03-21 09:00:00,74,52,22
2016-03-21 10:00:00,27,18,9
2016-03-21 11:00:00,13,9,4
2016-03-21 12:00:00,24,16,8
2016-03-21 13:00:00,17,3,14
2016-03-21 14:00:00,11,5,6
2016-03-21 15:00:00,22,12,10
2016-03-21 16:00:00,42,25,17
2016-03-21 17:00:00,134,33,101
2016-03-21 18:00:00,107,21,86
2016-03-21 19:00:00,41,5,36
2016-03-21 20:00:00,9,0,9
2016-03-21 21:00:00,6,3,3
2016-03-21 22:00:00,3,1,2
2016-03-21 23:00:00,6,2,4
2016-03-22 00:00:00,1,1,0
2016-03-22 01:00:00,0,0,0
2016-03-22 02:00:00,1,0,1
2016-03-22 03:00:00,2,1,1
2016-03-22 04:00:00,1,0,1
2016-03-22 05:00:00,6,3,3
2016-03-22 06:00:00,27,13,14
2016-03-22 07:00:00,62,41,21
2016-03-22 08:00:00,134,113,21
2016-03-22 09:00:00,92,70,22
2016-03-22 10:00:00,32,18,14
2016-03-22 11:00:00,22,13,9
2016-03-22 12:00:00,23,11,12
2016-03-22 13:00:00,40,19,21
2016-03-22 14:00:00,47,23,24
2016-03-22 15:00:00,50,23,27
2016-03-22 16:00:00,67,27,40
2016-03-22 17:00:00,150,37,113
2016-03-22 18:00:00,136,28,108
2016-03-22 19:00:00,57,12,45
2016-03-22 20:00:00,14,4,10
2016-03-22 21:00:00,5,1,4
2016-03-22 22:00:00,7,2,5
2016-03-22 23:00:00,2,2,0
2016-03-23 00:00:00,1,1,0
2016-03-23 01:00:00,1,0,1
2016-03-23 02:00:00,0,0,0
2016-03-23 03:00:00,1,0,1
2016-03-23 04:00:00,0,0,0
2016-03-23 05:00:00,8,3,5
2016-03-23 06:00:00,28,13,15
2016-03-23 07:00:00,60,39,21
2016-03-23 08:00:00,105,92,13
2016-03-23 09:00:00,91,71,20
2016-03-23 10:00:00,38,28,10
2016-03-23 11:00:00,20,13,7
2016-03-23 12:00:00,14,6,8
2016-03-23 13:00:00,24,14,10
2016-03-23 14:00:00,19,7,12
2016-03-23 15:00:00,29,14,15
2016-03-23 16:00:00,55,19,36
2016-03-23 17:00:00,127,40,87
2016-03-23 18:00:00,121,12,109
2016-03-23 19:00:00,41,13,28
2016-03-23 20:00:00,9,1,8
2016-03-23 21:00:00,2,0,2
2016-03-23 22:00:00,3,0,3
2016-03-23 23:00:00,3,0,3
2016-03-24 00:00:00,1,0,1
2016-03-24 01:00:00,0,0,0
2016-03-24 02:00:00,2,0,2
2016-03-24 03:00:00,2,0,2
2016-03-24 04:00:00,0,0,0
2016-03-24 05:00:00,8,0,8
2016-03-24 06:00:00,18,12,6
2016-03-24 07:00:00,58,43,15
2016-03-24 08:00:00,129,117,12
2016-03-24 09:00:00,111,84,27
2016-03-24 10:00:00,50,32,18
2016-03-24 11:00:00,26,11,15
2016-03-24 12:00:00,22,13,9
2016-03-24 13:00:00,26,14,12
2016-03-24 14:00:00,33,12,21
2016-03-24 15:00:00,28,11,17
2016-03-24 16:00:00,63,24,39
2016-03-24 17:00:00,139,36,103
2016-03-24 18:00:00,169,36,133
2016-03-24 19:00:00,54,13,41
2016-03-24 20:00:00,16,7,9
2016-03-24 21:00:00,3,1,2
2016-03-24 22:00:00,6,3,3
2016-03-24 23:00:00,4,0,4
2016-03-25 00:00:00,2,0,2
2016-03-25 01:00:00,0,0,0
2016-03-25 02:00:00,0,0,0
2016-03-25 03:00:00,0,0,0
2016-03-25 04:00:00,1,0,1
2016-03-25 05:00:00,6,4,2
2016-03-25 06:00:00,20,10,10
2016-03-25 07:00:00,63,40,23
2016-03-25 08:00:00,125,107,18
2016-03-25 09:00:00,119,96,23
2016-03-25 10:00:00,42,27,15
2016-03-25 11:00:00,37,21,16
2016-03-25 12:00:00,33,16,17
2016-03-25 13:00:00,42,22,20
2016-03-25 14:00:00,83,42,41
2016-03-25 15:00:00,82,38,44
2016-03-25 16:00:00,127,47,80
2016-03-25 17:00:00,200,66,134
2016-03-25 18:00:00,165,52,113
2016-03-25 19:00:00,77,29,48
2016-03-25 20:00:00,42,16,26
2016-03-25 21:00:00,26,3,23
2016-03-25 22:00:00,14,6,8
2016-03-25 23:00:00,3,2,1
2016-03-26 00:00:00,5,2,3
2016-03-26 01:00:00,9,0,9
2016-03-26 02:00:00,2,2,0
2016-03-26 03:00:00,1,0,1
2016-03-26 04:00:00,2,1,1
2016-03-26 05:00:00,0,0,0
2016-03-26 06:00:00,6,4,2
2016-03-26 07:00:00,10,8,2
2016-03-26 08:00:00,23,12,11
2016-03-26 09:00:00,41,19,22
2016-03-26 10:00:00,41,24,17
2016-03-26 11:00:00,69,33,36
2016-03-26 12:00:00,78,38,40
2016-03-26 13:00:00,139,81,58
2016-03-26 14:00:00,120,60,60
2016-03-26 15:00:00,138,67,71
2016-03-26 16:00:00,112,54,58
2016-03-26 17:00:00,82,39,43
2016-03-26 18:00:00,66,28,38
2016-03-26 19:00:00,30,11,19
2016-03-26 20:00:00,9,7,2
2016-03-26 21:00:00,2,2,0
2016-03-26 22:00:00,4,1,3
2016-03-26 23:00:00,2,1,1
2016-03-27 00:00:00,1,1,0
2016-03-27 01:00:00,1,0,1
2016-03-27 02:00:00,1,0,1
2016-03-27 03:00:00,1,0,1
2016-03-27 04:00:00,0,0,0
2016-03-27 05:00:00,1,1,0
2016-03-27 06:00:00,4,2,2
2016-03-27 07:00:00,3,0,3
2016-03-27 08:00:00,13,7,6
2016-03-27 09:00:00,18,6,12
2016-03-27 10:00:00,12,7,5
2016-03-27 11:00:00,19,8,11
2016-03-27 12:00:00,8,6,2
2016-03-27 13:00:00,21,9,12
2016-03-27 14:00:00,22,10,12
2016-03-27 15:00:00,21,9,12
2016-03-27 16:00:00,14,8,6
2016-03-27 17:00:00,10,2,8
2016-03-27 18:00:00,3,1,2
2016-03-27 19:00:00,3,2,1
2016-03-27 20:00:00,6,3,3
2016-03-27 21:00:00,2,2,0
2016-03-27 22:00:00,3,2,1
2016-03-27 23:00:00,1,0,1
2016-03-28 00:00:00,0,0,0
2016-03-28 01:00:00,1,0,1
2016-03-28 02:00:00,0,0,0
2016-03-28 03:00:00,1,0,1
2016-03-28 04:00:00,0,0,0
2016-03-28 05:00:00,10,4,6
2016-03-28 06:00:00,33,23,10
2016-03-28 07:00:00,60,38,22
2016-03-28 08:00:00,174,150,24
2016-03-28 09:00:00,121,92,29
2016-03-28 10:00:00,39,20,19
2016-03-28 11:00:00,16,9,7
2016-03-28 12:00:00,27,13,14
2016-03-28 13:00:00,21,8,13
2016-03-28 14:00:00,28,9,19
2016-03-28 15:00:00,46,20,26
2016-03-28 16:00:00,95,37,58
2016-03-28 17:00:00,202,57,145
2016-03-28 18:00:00,199,47,152
2016-03-28 19:00:00,97,32,65
2016-03-28 20:00:00,35,15,20
2016-03-28 21:00:00,10,5,5
2016-03-28 22:00:00,4,2,2
2016-03-28 23:00:00,0,0,0
2016-03-29 00:00:00,6,3,3
2016-03-29 01:00:00,0,0,0
2016-03-29 02:00:00,1,0,1
2016-03-29 03:00:00,1,0,1
2016-03-29 04:00:00,0,0,0
2016-03-29 05:00:00,6,2,4
2016-03-29 06:00:00,32,22,10
2016-03-29 07:00:00,103,74,29
2016-03-29 08:00:00,218,185,33
2016-03-29 09:00:00,150,109,41
2016-03-29 10:00:00,58,35,23
2016-03-29 11:00:00,45,24,21
2016-03-29 12:00:00,34,15,19
2016-03-29 13:00:00,48,25,23
2016-03-29 14:00:00,71,23,48
2016-03-29 15:00:00,80,35,45
2016-03-29 16:00:00,142,53,89
2016-03-29 17:00:00,247,61,186
2016-03-29 18:00:00,255,61,194
2016-03-29 19:00:00,118,50,68
2016-03-29 20:00:00,58,35,23
2016-03-29 21:00:00,14,3,11
2016-03-29 22:00:00,5,4,1
2016-03-29 23:00:00,4,1,3
2016-03-30 00:00:00,4,0,4
2016-03-30 01:00:00,1,1,0
2016-03-30 02:00:00,0,0,0
2016-03-30 03:00:00,2,0,2
2016-03-30 04:00:00,1,0,1
2016-03-30 05:00:00,8,4,4
2016-03-30 06:00:00,38,22,16
2016-03-30 07:00:00,94,59,35
2016-03-30 08:00:00,214,181,33
2016-03-30 09:00:00,141,105,36
2016-03-30 10:00:00,55,38,17
2016-03-30 11:00:00,42,22,20
2016-03-30 12:00:00,51,25,26
2016-03-30 13:00:00,67,29,38
2016-03-30 14:00:00,73,35,38
2016-03-30 15:00:00,67,33,34
2016-03-30 16:00:00,193,89,104
2016-03-30 17:00:00,274,86,188
2016-03-30 18:00:00,275,74,201
2016-03-30 19:00:00,182,76,106
2016-03-30 20:00:00,66,32,34
2016-03-30 21:00:00,8,3,5
2016-03-30 22:00:00,6,1,5
2016-03-30 23:00:00,6,1,5
2016-03-31 00:00:00,2,0,2
2016-03-31 01:00:00,0,0,0
2016-03-31 02:00:00,2,0,2
2016-03-31 03:00:00,3,1,2
2016-03-31 04:00:00,0,0,0
2016-03-31 05:00:00,9,1,8
2016-03-31 06:00:00,38,23,15
2016-03-31 07:00:00,102,74,28
2016-03-31 08:00:00,208,180,28
2016-03-31 09:00:00,157,115,42
2016-03-31 10:00:00,66,44,22
2016-03-31 11:00:00,48,30,18
2016-03-31 12:00:00,50,24,26
2016-03-31 13:00:00,59,29,30
2016-03-31 14:00:00,62,37,25
2016-03-31 15:00:00,76,39,37
2016-03-31 16:00:00,157,62,95
2016-03-31 17:00:00,268,84,184
2016-03-31 18:00:00,248,61,187
2016-03-31 19:00:00,168,49,119
2016-03-31 20:00:00,63,29,34
2016-03-31 21:00:00,14,6,8
2016-03-31 22:00:00,15,5,10
2016-03-31 23:00:00,7,2,5
2016-04-01 00:00:00,7,3,4
2016-04-01 01:00:00,0,0,0
2016-04-01 02:00:00,2,2,0
2016-04-01 03:00:00,2,0,2
2016-04-01 04:00:00,1,1,0
2016-04-01 05:00:00,8,4,4
2016-04-01 06:00:00,35,19,16
2016-04-01 07:00:00,79,57,22
2016-04-01 08:00:00,185,155,30
2016-04-01 09:00:00,136,103,33
2016-04-01 10:00:00,83,54,29
2016-04-01 11:00:00,64,37,27
2016-04-01 12:00:00,48,21,27
2016-04-01 13:00:00,91,48,43
2016-04-01 14:00:00,95,46,49
2016-04-01 15:00:00,108,35,73
2016-04-01 16:00:00,194,70,124
2016-04-01 17:00:00,293,72,221
2016-04-01 18:00:00,242,86,156
2016-04-01 19:00:00,146,57,89
2016-04-01 20:00:00,57,27,30
2016-04-01 21:00:00,19,9,10
2016-04-01 22:00:00,12,5,7
2016-04-01 23:00:00,8,4,4
2016-04-02 00:00:00,2,0,2
2016-04-02 01:00:00,3,2,1
2016-04-02 02:00:00,1,0,1
2016-04-02 03:00:00,0,0,0
2016-04-02 04:00:00,1,0,1
2016-04-02 05:00:00,1,1,0
2016-04-02 06:00:00,7,3,4
2016-04-02 07:00:00,5,3,2
2016-04-02 08:00:00,21,10,11
2016-04-02 09:00:00,52,29,23
2016-04-02 10:00:00,62,37,25
2016-04-02 11:00:00,104,35,69
2016-04-02 12:00:00,77,44,33
2016-04-02 13:00:00,100,46,54
2016-04-02 14:00:00,107,54,53
2016-04-02 15:00:00,151,87,64
2016-04-02 16:00:00,125,55,70
2016-04-02 17:00:00,128,75,53
2016-04-02 18:00:00,109,60,49
2016-04-02 19:00:00,66,41,25
2016-04-02 20:00:00,50,20,30
2016-04-02 21:00:00,13,1,12
2016-04-02 22:00:00,17,1,16
2016-04-02 23:00:00,9,0,9
2016-04-03 00:00:00,23,2,21
2016-04-03 01:00:00,2,0,2
2016-04-03 02:00:00,0,0,0
2016-04-03 03:00:00,4,0,4
2016-04-03 04:00:00,0,0,0
2016-04-03 05:00:00,2,1,1
2016-04-03 06:00:00,7,2,5
2016-04-03 07:00:00,5,3,2
2016-04-03 08:00:00,23,14,9
2016-04-03 09:00:00,45,22,23
2016-04-03 10:00:00,78,34,44
2016-04-03 11:00:00,150,74,76
2016-04-03 12:00:00,127,56,71
2016-04-03 13:00:00,139,60,79
2016-04-03 14:00:00,155,73,82
2016-04-03 15:00:00,145,73,72
2016-04-03 16:00:00,170,78,92
2016-04-03 17:00:00,130,70,60
2016-04-03 18:00:00,85,48,37
2016-04-03 19:00:00,50,28,22
2016-04-03 20:00:00,14,10,4
2016-04-03 21:00:00,3,1,2
2016-04-03 22:00:00,2,2,0
2016-04-03 23:00:00,3,1,2
2016-04-04 00:00:00,1,1,0
2016-04-04 01:00:00,0,0,0
2016-04-04 02:00:00,0,0,0
2016-04-04 03:00:00,1,0,1
2016-04-04 04:00:00,0,0,0
2016-04-04 05:00:00,5,2,3
2016-04-04 06:00:00,28,13,15
2016-04-04 07:00:00,59,41,18
2016-04-04 08:00:00,137,115,22
2016-04-04 09:00:00,99,83,16
2016-04-04 10:00:00,28,20,8
2016-04-04 11:00:00,31,18,13
2016-04-04 12:00:00,32,10,22
2016-04-04 13:00:00,30,15,15
2016-04-04 14:00:00,27,15,12
2016-04-04 15:00:00,28,13,15
2016-04-04 16:00:00,62,26,36
2016-04-04 17:00:00,176,56,120
2016-04-04 18:00:00,148,26,122
2016-04-04 19:00:00,59,25,34
2016-04-04 20:00:00,23,6,17
2016-04-04 21:00:00,15,9,6
2016-04-04 22:00:00,1,0,1
2016-04-04 23:00:00,3,1,2
2016-04-05 00:00:00,2,1,1
2016-04-05 01:00:00,0,0,0
2016-04-05 02:00:00,0,0,0
2016-04-05 03:00:00,3,1,2
2016-04-05 04:00:00,0,0,0
2016-04-05 05:00:00,7,2,5
2016-04-05 06:00:00,33,21,12
2016-04-05 07:00:00,68,49,19
2016-04-05 08:00:00,199,170,29
2016-04-05 09:00:00,121,97,24
2016-04-05 10:00:00,55,36,19
2016-04-05 11:00:00,27,13,14
2016-04-05 12:00:00,29,13,16
2016-04-05 13:00:00,34,15,19
2016-04-05 14:00:00,17,8,9
2016-04-05 15:00:00,31,15,16
2016-04-05 16:00:00,92,41,51
2016-04-05 17:00:00,179,47,132
2016-04-05 18:00:00,201,43,158
2016-04-05 19:00:00,66,18,48
2016-04-05 20:00:00,48,12,36
2016-04-05 21:00:00,12,3,9
2016-04-05 22:00:00,4,1,3
2016-04-05 23:00:00,3,3,0
2016-04-06 00:00:00,3,0,3
2016-04-06 01:00:00,3,1,2
2016-04-06 02:00:00,3,0,3
2016-04-06 03:00:00,0,0,0
2016-04-06 04:00:00,3,1,2
2016-04-06 05:00:00,8,1,7
2016-04-06 06:00:00,31,19,12
2016-04-06 07:00:00,95,60,35
2016-04-06 08:00:00,219,180,39
2016-04-06 09:00:00,156,119,37
2016-04-06 10:00:00,54,28,26
2016-04-06 11:00:00,54,31,23
2016-04-06 12:00:00,48,27,21
2016-04-06 13:00:00,61,33,28
2016-04-06 14:00:00,62,29,33
2016-04-06 15:00:00,73,26,47
2016-04-06 16:00:00,162,66,96
2016-04-06 17:00:00,251,64,187
2016-04-06 18:00:00,257,73,184
2016-04-06 19:00:00,138,42,96
2016-04-06 20:00:00,57,22,35
2016-04-06 21:00:00,11,2,9
2016-04-06 22:00:00,3,1,2
2016-04-06 23:00:00,8,0,8
2016-04-07 00:00:00,1,1,0
2016-04-07 01:00:00,1,0,1
2016-04-07 02:00:00,1,0,1
2016-04-07 03:00:00,2,0,2
2016-04-07 04:00:00,0,0,0
2016-04-07 05:00:00,10,2,8
2016-04-07 06:00:00,38,26,12
2016-04-07 07:00:00,99,68,31
2016-04-07 08:00:00,241,210,31
2016-04-07 09:00:00,143,111,32
2016-04-07 10:00:00,53,35,18
2016-04-07 11:00:00,58,25,33
2016-04-07 12:00:00,83,46,37
2016-04-07 13:00:00,61,33,28
2016-04-07 14:00:00,102,42,60
2016-04-07 15:00:00,98,42,56
2016-04-07 16:00:00,207,78,129
2016-04-07 17:00:00,305,86,219
2016-04-07 18:00:00,261,79,182
2016-04-07 19:00:00,170,59,111
2016-04-07 20:00:00,147,55,92
2016-04-07 21:00:00,26,10,16
2016-04-07 22:00:00,18,14,4
2016-04-07 23:00:00,17,11,6
2016-04-08 00:00:00,11,9,2
2016-04-08 01:00:00,5,2,3
2016-04-08 02:00:00,3,2,1
2016-04-08 03:00:00,1,0,1
2016-04-08 04:00:00,2,1,1
2016-04-08 05:00:00,7,4,3
2016-04-08 06:00:00,33,20,13
2016-04-08 07:00:00,102,78,24
2016-04-08 08:00:00,214,188,26
2016-04-08 09:00:00,133,104,29
2016-04-08 10:00:00,56,41,15
2016-04-08 11:00:00,53,29,24
2016-04-08 12:00:00,43,22,21
2016-04-08 13:00:00,66,31,35
2016-04-08 14:00:00,80,34,46
2016-04-08 15:00:00,111,48,63
2016-04-08 16:00:00,202,77,125
2016-04-08 17:00:00,265,98,167
2016-04-08 18:00:00,196,61,135
2016-04-08 19:00:00,99,26,73
2016-04-08 20:00:00,52,25,27
2016-04-08 21:00:00,14,5,9
2016-04-08 22:00:00,14,4,10
2016-04-08 23:00:00,30,2,28
2016-04-09 00:00:00,8,1,7
2016-04-09 01:00:00,6,0,6
2016-04-09 02:00:00,2,1,1
2016-04-09 03:00:00,1,0,1
2016-04-09 04:00:00,1,0,1
2016-04-09 05:00:00,1,0,1
2016-04-09 06:00:00,7,3,4
2016-04-09 07:00:00,7,5,2
2016-04-09 08:00:00,37,18,19
2016-04-09 09:00:00,39,23,16
2016-04-09 10:00:00,97,34,63
2016-04-09 11:00:00,114,66,48
2016-04-09 12:00:00,163,94,69
2016-04-09 13:00:00,130,68,62
2016-04-09 14:00:00,158,91,67
2016-04-09 15:00:00,209,102,107
2016-04-09 16:00:00,178,83,95
2016-04-09 17:00:00,175,62,113
2016-04-09 18:00:00,105,56,49
2016-04-09 19:00:00,71,35,36
2016-04-09 20:00:00,65,32,33
2016-04-09 21:00:00,21,8,13
2016-04-09 22:00:00,18,5,13
2016-04-09 23:00:00,5,1,4
2016-04-10 00:00:00,4,2,2
2016-04-10 01:00:00,4,1,3
2016-04-10 02:00:00,3,0,3
2016-04-10 03:00:00,1,0,1
2016-04-10 04:00:00,0,0,0
2016-04-10 05:00:00,1,0,1
2016-04-10 06:00:00,2,1,1
2016-04-10 07:00:00,7,4,3
2016-04-10 08:00:00,16,9,7
2016-04-10 09:00:00,38,24,14
2016-04-10 10:00:00,42,18,24
2016-04-10 11:00:00,87,46,41
2016-04-10 12:00:00,90,41,49
2016-04-10 13:00:00,106,54,52
2016-04-10 14:00:00,100,41,59
2016-04-10 15:00:00,81,34,47
2016-04-10 16:00:00,116,56,60
2016-04-10 17:00:00,113,45,68
2016-04-10 18:00:00,75,25,50
2016-04-10 19:00:00,58,31,27
2016-04-10 20:00:00,32,20,12
2016-04-10 21:00:00,2,0,2
2016-04-10 22:00:00,5,4,1
2016-04-10 23:00:00,1,0,1
2016-04-11 00:00:00,1,0,1
2016-04-11 01:00:00,0,0,0
2016-04-11 02:00:00,3,1,2
2016-04-11 03:00:00,2,0,2
2016-04-11 04:00:00,1,1,0
2016-04-11 05:00:00,11,4,7
2016-04-11 06:00:00,32,19,13
2016-04-11 07:00:00,65,43,22
2016-04-11 08:00:00,195,161,34
2016-04-11 09:00:00,144,106,38
2016-04-11 10:00:00,37,27,10
2016-04-11 11:00:00,36,16,20
2016-04-11 12:00:00,48,27,21
2016-04-11 13:00:00,27,14,13
2016-04-11 14:00:00,34,13,21
2016-04-11 15:00:00,38,17,21
2016-04-11 16:00:00,81,34,47
2016-04-11 17:00:00,190,60,130
2016-04-11 18:00:00,187,37,150
2016-04-11 19:00:00,82,27,55
2016-04-11 20:00:00,37,15,22
2016-04-11 21:00:00,5,3,2
2016-04-11 22:00:00,13,1,12
2016-04-11 23:00:00,8,3,5
2016-04-12 00:00:00,0,0,0
2016-04-12 01:00:00,1,0,1
2016-04-12 02:00:00,4,0,4
2016-04-12 03:00:00,1,0,1
2016-04-12 04:00:00,2,1,1
2016-04-12 05:00:00,7,3,4
2016-04-12 06:00:00,26,14,12
2016-04-12 07:00:00,65,41,24
2016-04-12 08:00:00,152,129,23
2016-04-12 09:00:00,105,84,21
2016-04-12 10:00:00,27,16,11
2016-04-12 11:00:00,35,21,14
2016-04-12 12:00:00,28,16,12
2016-04-12 13:00:00,22,12,10
2016-04-12 14:00:00,26,10,16
2016-04-12 15:00:00,25,10,15
2016-04-12 16:00:00,48,17,31
2016-04-12 17:00:00,111,33,78
2016-04-12 18:00:00,103,9,94
2016-04-12 19:00:00,38,5,33
2016-04-12 20:00:00,14,3,11
2016-04-12 21:00:00,4,1,3
2016-04-12 22:00:00,6,1,5
2016-04-12 23:00:00,0,0,0
2016-04-13 00:00:00,0,0,0
2016-04-13 01:00:00,0,0,0
2016-04-13 02:00:00,0,0,0
2016-04-13 03:00:00,0,0,0
2016-04-13 04:00:00,1,0,1
2016-04-13 05:00:00,9,2,7
2016-04-13 06:00:00,31,18,13
2016-04-13 07:00:00,58,41,17
2016-04-13 08:00:00,142,111,31
2016-04-13 09:00:00,102,76,26
2016-04-13 10:00:00,42,29,13
2016-04-13 11:00:00,33,22,11
2016-04-13 12:00:00,39,23,16
2016-04-13 13:00:00,38,22,16
2016-04-13 14:00:00,45,22,23
2016-04-13 15:00:00,54,27,27
2016-04-13 16:00:00,75,29,46
2016-04-13 17:00:00,184,63,121
2016-04-13 18:00:00,159,36,123
2016-04-13 19:00:00,83,34,49
2016-04-13 20:00:00,35,11,24
2016-04-13 21:00:00,11,3,8
2016-04-13 22:00:00,4,3,1
2016-04-13 23:00:00,2,1,1
2016-04-14 00:00:00,0,0,0
2016-04-14 01:00:00,0,0,0
2016-04-14 02:00:00,1,0,1
2016-04-14 03:00:00,1,0,1
2016-04-14 04:00:00,0,0,0
2016-04-14 05:00:00,8,0,8
2016-04-14 06:00:00,24,17,7
2016-04-14 07:00:00,74,55,19
2016-04-14 08:00:00,151,124,27
2016-04-14 09:00:00,121,84,37
2016-04-14 10:00:00,51,31,20
2016-04-14 11:00:00,36,25,11
2016-04-14 12:00:00,38,20,18
2016-04-14 13:00:00,42,22,20
2016-04-14 14:00:00,54,22,32
2016-04-14 15:00:00,39,19,20
2016-04-14 16:00:00,110,48,62
2016-04-14 17:00:00,183,54,129
2016-04-14 18:00:00,203,45,158
2016-04-14 19:00:00,97,28,69
2016-04-14 20:00:00,49,16,33
2016-04-14 21:00:00,14,10,4
2016-04-14 22:00:00,13,3,10
2016-04-14 23:00:00,7,5,2
2016-04-15 00:00:00,4,2,2
2016-04-15 01:00:00,3,3,0
2016-04-15 02:00:00,0,0,0
2016-04-15 03:00:00,2,1,1
2016-04-15 04:00:00,0,0,0
2016-04-15 05:00:00,12,5,7
2016-04-15 06:00:00,30,17,13
2016-04-15 07:00:00,87,66,21
2016-04-15 08:00:00,139,111,28
2016-04-15 09:00:00,114,85,29
2016-04-15 10:00:00,53,29,24
2016-04-15 11:00:00,53,24,29
2016-04-15 12:00:00,40,24,16
2016-04-15 13:00:00,37,11,26
2016-04-15 14:00:00,55,23,32
2016-04-15 15:00:00,68,18,50
2016-04-15 16:00:00,91,42,49
2016-04-15 17:00:00,177,46,131
2016-04-15 18:00:00,125,31,94
2016-04-15 19:00:00,57,16,41
2016-04-15 20:00:00,33,10,23
2016-04-15 21:00:00,4,2,2
2016-04-15 22:00:00,5,3,2
2016-04-15 23:00:00,2,0,2
2016-04-16 00:00:00,3,1,2
2016-04-16 01:00:00,1,0,1
2016-04-16 02:00:00,2,0,2
2016-04-16 03:00:00,2,0,2
2016-04-16 04:00:00,0,0,0
2016-04-16 05:00:00,3,3,0
2016-04-16 06:00:00,7,5,2
2016-04-16 07:00:00,16,14,2
2016-04-16 08:00:00,31,16,15
2016-04-16 09:00:00,58,31,27
2016-04-16 10:00:00,52,32,20
2016-04-16 11:00:00,106,59,47
2016-04-16 12:00:00,123,56,67
2016-04-16 13:00:00,134,67,67
2016-04-16 14:00:00,123,62,61
2016-04-16 15:00:00,159,77,82
2016-04-16 16:00:00,100,43,57
2016-04-16 17:00:00,150,83,67
2016-04-16 18:00:00,156,87,69
2016-04-16 19:00:00,71,46,25
2016-04-16 20:00:00,47,19,28
2016-04-16 21:00:00,32,2,30
2016-04-16 22:00:00,23,10,13
2016-04-16 23:00:00,26,5,21
2016-04-17 00:00:00,6,2,4
2016-04-17 01:00:00,4,0,4
2016-04-17 02:00:00,1,0,1
2016-04-17 03:00:00,3,0,3
2016-04-17 04:00:00,0,0,0
2016-04-17 05:00:00,2,2,0
2016-04-17 06:00:00,3,2,1
2016-04-17 07:00:00,11,8,3
2016-04-17 08:00:00,31,14,17
2016-04-17 09:00:00,68,36,32
2016-04-17 10:00:00,119,63,56
2016-04-17 11:00:00,150,70,80
2016-04-17 12:00:00,180,102,78
2016-04-17 13:00:00,179,65,114
2016-04-17 14:00:00,183,72,111
2016-04-17 15:00:00,182,99,83
2016-04-17 16:00:00,159,79,80
2016-04-17 17:00:00,179,86,93
2016-04-17 18:00:00,85,45,40
2016-04-17 19:00:00,90,46,44
2016-04-17 20:00:00,42,24,18
2016-04-17 21:00:00,3,1,2
2016-04-17 22:00:00,6,4,2
2016-04-17 23:00:00,4,4,0
2016-04-18 00:00:00,8,6,2
2016-04-18 01:00:00,0,0,0
2016-04-18 02:00:00,1,0,1
2016-04-18 03:00:00,4,0,4
2016-04-18 04:00:00,2,1,1
2016-04-18 05:00:00,6,2,4
2016-04-18 06:00:00,50,28,22
2016-04-18 07:00:00,131,95,36
2016-04-18 08:00:00,241,191,50
2016-04-18 09:00:00,171,128,43
2016-04-18 10:00:00,73,42,31
2016-04-18 11:00:00,54,31,23
2016-04-18 12:00:00,73,48,25
2016-04-18 13:00:00,75,38,37
2016-04-18 14:00:00,62,23,39
2016-04-18 15:00:00,84,40,44
2016-04-18 16:00:00,175,69,106
2016-04-18 17:00:00,353,86,267
2016-04-18 18:00:00,286,67,219
2016-04-18 19:00:00,173,56,117
2016-04-18 20:00:00,82,34,48
2016-04-18 21:00:00,28,19,9
2016-04-18 22:00:00,11,3,8
2016-04-18 23:00:00,4,3,1
2016-04-19 00:00:00,2,0,2
2016-04-19 01:00:00,0,0,0
2016-04-19 02:00:00,2,0,2
2016-04-19 03:00:00,2,0,2
2016-04-19 04:00:00,0,0,0
2016-04-19 05:00:00,13,3,10
2016-04-19 06:00:00,53,33,20
2016-04-19 07:00:00,157,106,51
2016-04-19 08:00:00,289,233,56
2016-04-19 09:00:00,173,134,39
2016-04-19 10:00:00,65,37,28
2016-04-19 11:00:00,53,23,30
2016-04-19 12:00:00,49,26,23
2016-04-19 13:00:00,58,33,25
2016-04-19 14:00:00,93,45,48
2016-04-19 15:00:00,105,48,57
2016-04-19 16:00:00,216,73,143
2016-04-19 17:00:00,331,87,244
2016-04-19 18:00:00,308,66,242
2016-04-19 19:00:00,176,50,126
2016-04-19 20:00:00,98,53,45
2016-04-19 21:00:00,21,9,12
2016-04-19 22:00:00,26,15,11
2016-04-19 23:00:00,6,3,3
2016-04-20 00:00:00,3,1,2
2016-04-20 01:00:00,5,2,3
2016-04-20 02:00:00,1,0,1
2016-04-20 03:00:00,1,0,1
2016-04-20 04:00:00,1,0,1
2016-04-20 05:00:00,9,5,4
2016-04-20 06:00:00,42,25,17
2016-04-20 07:00:00,145,106,39
2016-04-20 08:00:00,255,203,52
2016-04-20 09:00:00,148,108,40
2016-04-20 10:00:00,72,43,29
2016-04-20 11:00:00,52,32,20
2016-04-20 12:00:00,66,27,39
2016-04-20 13:00:00,66,31,35
2016-04-20 14:00:00,55,28,27
2016-04-20 15:00:00,80,39,41
2016-04-20 16:00:00,150,59,91
2016-04-20 17:00:00,299,95,204
2016-04-20 18:00:00,291,91,200
2016-04-20 19:00:00,144,52,92
2016-04-20 20:00:00,90,39,51
2016-04-20 21:00:00,28,15,13
2016-04-20 22:00:00,12,2,10
2016-04-20 23:00:00,10,8,2
2016-04-21 00:00:00,3,1,2
2016-04-21 01:00:00,3,1,2
2016-04-21 02:00:00,0,0,0
2016-04-21 03:00:00,1,0,1
2016-04-21 04:00:00,1,0,1
2016-04-21 05:00:00,12,4,8
2016-04-21 06:00:00,53,29,24
2016-04-21 07:00:00,94,59,35
2016-04-21 08:00:00,235,190,45
2016-04-21 09:00:00,153,111,42
2016-04-21 10:00:00,50,30,20
2016-04-21 11:00:00,65,33,32
2016-04-21 12:00:00,42,17,25
2016-04-21 13:00:00,50,24,26
2016-04-21 14:00:00,57,32,25
2016-04-21 15:00:00,107,46,61
2016-04-21 16:00:00,140,61,79
2016-04-21 17:00:00,276,84,192
2016-04-21 18:00:00,238,56,182
2016-04-21 19:00:00,142,50,92
2016-04-21 20:00:00,78,28,50
2016-04-21 21:00:00,12,7,5
2016-04-21 22:00:00,10,5,5
2016-04-21 23:00:00,13,4,9
2016-04-22 00:00:00,1,0,1
2016-04-22 01:00:00,0,0,0
2016-04-22 02:00:00,1,0,1
2016-04-22 03:00:00,3,0,3
2016-04-22 04:00:00,0,0,0
2016-04-22 05:00:00,13,7,6
2016-04-22 06:00:00,34,20,14
2016-04-22 07:00:00,67,48,19
2016-04-22 08:00:00,165,133,32
2016-04-22 09:00:00,109,84,25
2016-04-22 10:00:00,48,30,18
2016-04-22 11:00:00,53,28,25
2016-04-22 12:00:00,31,16,15
2016-04-22 13:00:00,25,10,15
2016-04-22 14:00:00,38,16,22
2016-04-22 15:00:00,44,17,27
2016-04-22 16:00:00,81,27,54
2016-04-22 17:00:00,162,38,124
2016-04-22 18:00:00,139,27,112
2016-04-22 19:00:00,55,15,40
2016-04-22 20:00:00,21,5,16
2016-04-22 21:00:00,6,3,3
2016-04-22 22:00:00,5,3,2
2016-04-22 23:00:00,4,3,1
2016-04-23 00:00:00,1,1,0
2016-04-23 01:00:00,2,1,1
2016-04-23 02:00:00,0,0,0
2016-04-23 03:00:00,2,0,2
2016-04-23 04:00:00,1,0,1
2016-04-23 05:00:00,0,0,0
2016-04-23 06:00:00,11,7,4
2016-04-23 07:00:00,10,8,2
2016-04-23 08:00:00,23,15,8
2016-04-23 09:00:00,36,20,16
2016-04-23 10:00:00,62,38,24
2016-04-23 11:00:00,79,41,38
2016-04-23 12:00:00,97,42,55
2016-04-23 13:00:00,75,30,45
2016-04-23 14:00:00,116,52,64
2016-04-23 15:00:00,108,53,55
2016-04-23 16:00:00,113,46,67
2016-04-23 17:00:00,71,38,33
2016-04-23 18:00:00,45,15,30
2016-04-23 19:00:00,20,8,12
2016-04-23 20:00:00,25,8,17
2016-04-23 21:00:00,8,3,5
2016-04-23 22:00:00,4,2,2
2016-04-23 23:00:00,3,3,0
2016-04-24 00:00:00,2,0,2
2016-04-24 01:00:00,1,0,1
2016-04-24 02:00:00,2,2,0
2016-04-24 03:00:00,2,0,2
2016-04-24 04:00:00,0,0,0
2016-04-24 05:00:00,0,0,0
2016-04-24 06:00:00,4,3,1
2016-04-24 07:00:00,9,4,5
2016-04-24 08:00:00,14,8,6
2016-04-24 09:00:00,6,2,4
2016-04-24 10:00:00,10,8,2
2016-04-24 11:00:00,5,3,2
2016-04-24 12:00:00,14,5,9
2016-04-24 13:00:00,11,2,9
2016-04-24 14:00:00,9,2,7
2016-04-24 15:00:00,13,7,6
2016-04-24 16:00:00,25,16,9
2016-04-24 17:00:00,30,13,17
2016-04-24 18:00:00,18,12,6
2016-04-24 19:00:00,3,1,2
2016-04-24 20:00:00,6,3,3
2016-04-24 21:00:00,0,0,0
2016-04-24 22:00:00,7,4,3
2016-04-24 23:00:00,0,0,0
2016-04-25 00:00:00,0,0,0
2016-04-25 01:00:00,1,0,1
2016-04-25 02:00:00,1,0,1
2016-04-25 03:00:00,2,0,2
2016-04-25 04:00:00,0,0,0
2016-04-25 05:00:00,7,3,4
2016-04-25 06:00:00,35,23,12
2016-04-25 07:00:00,71,45,26
2016-04-25 08:00:00,145,109,36
2016-04-25 09:00:00,97,73,24
2016-04-25 10:00:00,30,23,7
2016-04-25 11:00:00,34,15,19
2016-04-25 12:00:00,36,14,22
2016-04-25 13:00:00,32,17,15
2016-04-25 14:00:00,55,23,32
2016-04-25 15:00:00,57,20,37
2016-04-25 16:00:00,95,46,49
2016-04-25 17:00:00,192,62,130
2016-04-25 18:00:00,216,69,147
2016-04-25 19:00:00,81,20,61
2016-04-25 20:00:00,39,17,22
2016-04-25 21:00:00,15,11,4
2016-04-25 22:00:00,25,12,13
2016-04-25 23:00:00,2,1,1
2016-04-26 00:00:00,6,4,2
2016-04-26 01:00:00,0,0,0
2016-04-26 02:00:00,2,0,2
2016-04-26 03:00:00,0,0,0
2016-04-26 04:00:00,0,0,0
2016-04-26 05:00:00,6,2,4
2016-04-26 06:00:00,44,27,17
2016-04-26 07:00:00,104,67,37
2016-04-26 08:00:00,232,185,47
2016-04-26 09:00:00,165,129,36
2016-04-26 10:00:00,59,33,26
2016-04-26 11:00:00,41,21,20
2016-04-26 12:00:00,43,21,22
2016-04-26 13:00:00,30,14,16
2016-04-26 14:00:00,59,24,35
2016-04-26 15:00:00,83,44,39
2016-04-26 16:00:00,140,63,77
2016-04-26 17:00:00,281,79,202
2016-04-26 18:00:00,208,55,153
2016-04-26 19:00:00,112,42,70
2016-04-26 20:00:00,42,9,33
2016-04-26 21:00:00,9,5,4
2016-04-26 22:00:00,13,5,8
2016-04-26 23:00:00,19,2,17
2016-04-27 00:00:00,0,0,0
2016-04-27 01:00:00,1,0,1
2016-04-27 02:00:00,0,0,0
2016-04-27 03:00:00,2,0,2
2016-04-27 04:00:00,0,0,0
2016-04-27 05:00:00,6,2,4
2016-04-27 06:00:00,43,25,18
2016-04-27 07:00:00,96,65,31
2016-04-27 08:00:00,200,152,48
2016-04-27 09:00:00,139,105,34
2016-04-27 10:00:00,62,39,23
2016-04-27 11:00:00,59,37,22
2016-04-27 12:00:00,34,21,13
2016-04-27 13:00:00,37,15,22
2016-04-27 14:00:00,48,25,23
2016-04-27 15:00:00,47,21,26
2016-04-27 16:00:00,115,40,75
2016-04-27 17:00:00,272,80,192
2016-04-27 18:00:00,236,61,175
2016-04-27 19:00:00,121,41,80
2016-04-27 20:00:00,50,15,35
2016-04-27 21:00:00,17,8,9
2016-04-27 22:00:00,13,2,11
2016-04-27 23:00:00,13,0,13
2016-04-28 00:00:00,1,0,1
2016-04-28 01:00:00,2,1,1
2016-04-28 02:00:00,2,0,2
2016-04-28 03:00:00,1,0,1
2016-04-28 04:00:00,1,0,1
2016-04-28 05:00:00,8,3,5
2016-04-28 06:00:00,45,26,19
2016-04-28 07:00:00,136,93,43
2016-04-28 08:00:00,205,164,41
2016-04-28 09:00:00,128,102,26
2016-04-28 10:00:00,62,31,31
2016-04-28 11:00:00,48,24,24
2016-04-28 12:00:00,40,25,15
2016-04-28 13:00:00,39,18,21
2016-04-28 14:00:00,49,20,29
2016-04-28 15:00:00,69,39,30
2016-04-28 16:00:00,121,48,73
2016-04-28 17:00:00,231,74,157
2016-04-28 18:00:00,220,60,160
2016-04-28 19:00:00,103,21,82
2016-04-28 20:00:00,42,18,24
2016-04-28 21:00:00,10,3,7
2016-04-28 22:00:00,8,5,3
2016-04-28 23:00:00,12,4,8
2016-04-29 00:00:00,5,1,4
2016-04-29 01:00:00,0,0,0
2016-04-29 02:00:00,0,0,0
2016-04-29 03:00:00,2,0,2
2016-04-29 04:00:00,3,1,2
2016-04-29 05:00:00,12,7,5
2016-04-29 06:00:00,53,30,23
2016-04-29 07:00:00,132,87,45
2016-04-29 08:00:00,215,167,48
2016-04-29 09:00:00,123,91,32
2016-04-29 10:00:00,42,23,19
2016-04-29 11:00:00,28,15,13
2016-04-29 12:00:00,16,3,13
2016-04-29 13:00:00,26,11,15
2016-04-29 14:00:00,34,11,23
2016-04-29 15:00:00,73,32,41
2016-04-29 16:00:00,125,53,72
2016-04-29 17:00:00,284,86,198
2016-04-29 18:00:00,173,59,114
2016-04-29 19:00:00,102,43,59
2016-04-29 20:00:00,59,26,33
2016-04-29 21:00:00,13,5,8
2016-04-29 22:00:00,18,7,11
2016-04-29 23:00:00,15,3,12
2016-04-30 00:00:00,1,0,1
2016-04-30 01:00:00,2,1,1
2016-04-30 02:00:00,1,0,1
2016-04-30 03:00:00,4,0,4
2016-04-30 04:00:00,0,0,0
2016-04-30 05:00:00,4,2,2
2016-04-30 06:00:00,13,9,4
2016-04-30 07:00:00,20,16,4
2016-04-30 08:00:00,27,18,9
2016-04-30 09:00:00,61,34,27
2016-04-30 10:00:00,85,42,43
2016-04-30 11:00:00,157,96,61
2016-04-30 12:00:00,181,116,65
2016-04-30 13:00:00,222,123,99
2016-04-30 14:00:00,164,66,98
2016-04-30 15:00:00,225,85,140
2016-04-30 16:00:00,225,82,143
2016-04-30 17:00:00,211,97,114
2016-04-30 18:00:00,117,59,58
2016-04-30 19:00:00,113,76,37
2016-04-30 20:00:00,69,33,36
2016-04-30 21:00:00,27,12,15
2016-04-30 22:00:00,21,6,15
2016-04-30 23:00:00,12,2,10
2016-05-01 00:00:00,14,3,11
2016-05-01 01:00:00,6,0,6
2016-05-01 02:00:00,4,1,3
2016-05-01 03:00:00,7,0,7
2016-05-01 04:00:00,1,0,1
2016-05-01 05:00:00,4,4,0
2016-05-01 06:00:00,5,2,3
2016-05-01 07:00:00,7,3,4
2016-05-01 08:00:00,38,24,14
2016-05-01 09:00:00,73,41,32
2016-05-01 10:00:00,149,64,85
2016-05-01 11:00:00,171,95,76
2016-05-01 12:00:00,155,68,87
2016-05-01 13:00:00,234,111,123
2016-05-01 14:00:00,198,93,105
2016-05-01 15:00:00,203,99,104
2016-05-01 16:00:00,178,75,103
2016-05-01 17:00:00,186,78,108
2016-05-01 18:00:00,122,59,63
2016-05-01 19:00:00,90,52,38
2016-05-01 20:00:00,51,30,21
2016-05-01 21:00:00,13,9,4
2016-05-01 22:00:00,7,2,5
2016-05-01 23:00:00,3,0,3
2016-05-02 00:00:00,2,1,1
2016-05-02 01:00:00,1,0,1
2016-05-02 02:00:00,1,0,1
2016-05-02 03:00:00,3,0,3
2016-05-02 04:00:00,2,1,1
2016-05-02 05:00:00,12,3,9
2016-05-02 06:00:00,77,45,32
2016-05-02 07:00:00,225,151,74
2016-05-02 08:00:00,355,271,84
2016-05-02 09:00:00,225,166,59
2016-05-02 10:00:00,76,45,31
2016-05-02 11:00:00,67,33,34
2016-05-02 12:00:00,74,35,39
2016-05-02 13:00:00,95,51,44
2016-05-02 14:00:00,100,51,49
2016-05-02 15:00:00,138,72,66
2016-05-02 16:00:00,223,88,135
2016-05-02 17:00:00,431,110,321
2016-05-02 18:00:00,433,111,322
2016-05-02 19:00:00,218,76,142
2016-05-02 20:00:00,100,43,57
2016-05-02 21:00:00,50,26,24
2016-05-02 22:00:00,16,7,9
2016-05-02 23:00:00,17,12,5
2016-05-03 00:00:00,16,9,7
2016-05-03 01:00:00,7,5,2
2016-05-03 02:00:00,3,0,3
2016-05-03 03:00:00,1,0,1
2016-05-03 04:00:00,0,0,0
2016-05-03 05:00:00,15,3,12
2016-05-03 06:00:00,84,47,37
2016-05-03 07:00:00,206,136,70
2016-05-03 08:00:00,339,265,74
2016-05-03 09:00:00,196,147,49
2016-05-03 10:00:00,85,51,34
2016-05-03 11:00:00,54,29,25
2016-05-03 12:00:00,43,22,21
2016-05-03 13:00:00,43,20,23
2016-05-03 14:00:00,33,19,14
2016-05-03 15:00:00,98,45,53
2016-05-03 16:00:00,191,69,122
2016-05-03 17:00:00,402,113,289
2016-05-03 18:00:00,359,80,279
2016-05-03 19:00:00,161,59,102
2016-05-03 20:00:00,54,19,35
2016-05-03 21:00:00,21,8,13
2016-05-03 22:00:00,13,8,5
2016-05-03 23:00:00,9,2,7
2016-05-04 00:00:00,2,0,2
2016-05-04 01:00:00,0,0,0
2016-05-04 02:00:00,2,0,2
2016-05-04 03:00:00,3,0,3
2016-05-04 04:00:00,0,0,0
2016-05-04 05:00:00,15,7,8
2016-05-04 06:00:00,78,43,35
2016-05-04 07:00:00,179,108,71
2016-05-04 08:00:00,264,203,61
2016-05-04 09:00:00,187,137,50
2016-05-04 10:00:00,55,35,20
2016-05-04 11:00:00,42,18,24
2016-05-04 12:00:00,25,13,12
2016-05-04 13:00:00,34,19,15
2016-05-04 14:00:00,30,17,13
2016-05-04 15:00:00,62,29,33
2016-05-04 16:00:00,120,59,61
2016-05-04 17:00:00,278,91,187
2016-05-04 18:00:00,253,60,193
2016-05-04 19:00:00,126,29,97
2016-05-04 20:00:00,59,19,40
2016-05-04 21:00:00,8,4,4
2016-05-04 22:00:00,7,3,4
2016-05-04 23:00:00,7,3,4
2016-05-05 00:00:00,2,0,2
2016-05-05 01:00:00,1,1,0
2016-05-05 02:00:00,0,0,0
2016-05-05 03:00:00,0,0,0
2016-05-05 04:00:00,1,0,1
2016-05-05 05:00:00,15,2,13
2016-05-05 06:00:00,61,30,31
2016-05-05 07:00:00,166,105,61
2016-05-05 08:00:00,328,253,75
2016-05-05 09:00:00,194,143,51
2016-05-05 10:00:00,72,45,27
2016-05-05 11:00:00,37,20,17
2016-05-05 12:00:00,60,31,29
2016-05-05 13:00:00,57,25,32
2016-05-05 14:00:00,48,28,20
2016-05-05 15:00:00,76,41,35
2016-05-05 16:00:00,165,72,93
2016-05-05 17:00:00,335,86,249
2016-05-05 18:00:00,309,74,235
2016-05-05 19:00:00,163,43,120
2016-05-05 20:00:00,100,41,59
2016-05-05 21:00:00,24,9,15
2016-05-05 22:00:00,41,7,34
2016-05-05 23:00:00,13,4,9
2016-05-06 00:00:00,7,5,2
2016-05-06 01:00:00,6,4,2
2016-05-06 02:00:00,2,1,1
2016-05-06 03:00:00,2,0,2
2016-05-06 04:00:00,1,0,1
2016-05-06 05:00:00,14,5,9
2016-05-06 06:00:00,55,29,26
2016-05-06 07:00:00,154,103,51
2016-05-06 08:00:00,277,212,65
2016-05-06 09:00:00,206,143,63
2016-05-06 10:00:00,70,42,28
2016-05-06 11:00:00,58,32,26
2016-05-06 12:00:00,69,36,33
2016-05-06 13:00:00,64,28,36
2016-05-06 14:00:00,75,40,35
2016-05-06 15:00:00,135,67,68
2016-05-06 16:00:00,215,85,130
2016-05-06 17:00:00,340,103,237
2016-05-06 18:00:00,274,77,197
2016-05-06 19:00:00,127,39,88
2016-05-06 20:00:00,85,35,50
2016-05-06 21:00:00,68,14,54
2016-05-06 22:00:00,33,21,12
2016-05-06 23:00:00,21,16,5
2016-05-07 00:00:00,7,3,4
2016-05-07 01:00:00,7,1,6
2016-05-07 02:00:00,1,1,0
2016-05-07 03:00:00,5,2,3
2016-05-07 04:00:00,2,2,0
2016-05-07 05:00:00,4,2,2
2016-05-07 06:00:00,13,7,6
2016-05-07 07:00:00,30,20,10
2016-05-07 08:00:00,55,27,28
2016-05-07 09:00:00,100,48,52
2016-05-07 10:00:00,114,54,60
2016-05-07 11:00:00,147,76,71
2016-05-07 12:00:00,194,84,110
2016-05-07 13:00:00,176,98,78
2016-05-07 14:00:00,184,101,83
2016-05-07 15:00:00,201,96,105
2016-05-07 16:00:00,210,95,115
2016-05-07 17:00:00,165,86,79
2016-05-07 18:00:00,150,77,73
2016-05-07 19:00:00,121,59,62
2016-05-07 20:00:00,66,36,30
2016-05-07 21:00:00,71,15,56
2016-05-07 22:00:00,27,6,21
2016-05-07 23:00:00,11,2,9
2016-05-08 00:00:00,5,3,2
2016-05-08 01:00:00,3,1,2
2016-05-08 02:00:00,0,0,0
2016-05-08 03:00:00,2,0,2
2016-05-08 04:00:00,0,0,0
2016-05-08 05:00:00,4,3,1
2016-05-08 06:00:00,6,5,1
2016-05-08 07:00:00,6,5,1
2016-05-08 08:00:00,8,2,6
2016-05-08 09:00:00,25,15,10
2016-05-08 10:00:00,21,8,13
2016-05-08 11:00:00,44,31,13
2016-05-08 12:00:00,47,26,21
2016-05-08 13:00:00,58,30,28
2016-05-08 14:00:00,112,45,67
2016-05-08 15:00:00,60,30,30
2016-05-08 16:00:00,77,30,47
2016-05-08 17:00:00,85,33,52
2016-05-08 18:00:00,36,14,22
2016-05-08 19:00:00,36,18,18
2016-05-08 20:00:00,11,7,4
2016-05-08 21:00:00,9,4,5
2016-05-08 22:00:00,6,2,4
2016-05-08 23:00:00,0,0,0
2016-05-09 00:00:00,0,0,0
2016-05-09 01:00:00,1,0,1
2016-05-09 02:00:00,0,0,0
2016-05-09 03:00:00,1,0,1
2016-05-09 04:00:00,2,1,1
2016-05-09 05:00:00,14,6,8
2016-05-09 06:00:00,57,34,23
2016-05-09 07:00:00,143,95,48
2016-05-09 08:00:00,238,187,51
2016-05-09 09:00:00,191,137,54
2016-05-09 10:00:00,68,45,23
2016-05-09 11:00:00,48,22,26
2016-05-09 12:00:00,50,24,26
2016-05-09 13:00:00,41,21,20
2016-05-09 14:00:00,54,23,31
2016-05-09 15:00:00,84,42,42
2016-05-09 16:00:00,135,49,86
2016-05-09 17:00:00,313,83,230
2016-05-09 18:00:00,326,87,239
2016-05-09 19:00:00,134,42,92
2016-05-09 20:00:00,85,37,48
2016-05-09 21:00:00,18,4,14
2016-05-09 22:00:00,16,3,13
2016-05-09 23:00:00,15,2,13
2016-05-10 00:00:00,1,1,0
2016-05-10 01:00:00,0,0,0
2016-05-10 02:00:00,0,0,0
2016-05-10 03:00:00,2,0,2
2016-05-10 04:00:00,0,0,0
2016-05-10 05:00:00,14,4,10
2016-05-10 06:00:00,64,42,22
2016-05-10 07:00:00,175,123,52
2016-05-10 08:00:00,332,265,67
2016-05-10 09:00:00,205,153,52
2016-05-10 10:00:00,74,44,30
2016-05-10 11:00:00,59,34,25
2016-05-10 12:00:00,42,25,17
2016-05-10 13:00:00,62,32,30
2016-05-10 14:00:00,52,29,23
2016-05-10 15:00:00,72,37,35
2016-05-10 16:00:00,183,71,112
2016-05-10 17:00:00,408,110,298
2016-05-10 18:00:00,373,100,273
2016-05-10 19:00:00,176,67,109
2016-05-10 20:00:00,97,31,66
2016-05-10 21:00:00,25,9,16
2016-05-10 22:00:00,19,6,13
2016-05-10 23:00:00,12,1,11
2016-05-11 00:00:00,0,0,0
2016-05-11 01:00:00,0,0,0
2016-05-11 02:00:00,0,0,0
2016-05-11 03:00:00,1,0,1
2016-05-11 04:00:00,1,0,1
2016-05-11 05:00:00,14,5,9
2016-05-11 06:00:00,68,42,26
2016-05-11 07:00:00,160,113,47
2016-05-11 08:00:00,323,259,64
2016-05-11 09:00:00,197,147,50
2016-05-11 10:00:00,83,56,27
2016-05-11 11:00:00,56,29,27
2016-05-11 12:00:00,97,49,48
2016-05-11 13:00:00,54,28,26
2016-05-11 14:00:00,67,35,32
2016-05-11 15:00:00,69,30,39
2016-05-11 16:00:00,145,43,102
2016-05-11 17:00:00,354,78,276
2016-05-11 18:00:00,365,83,282
2016-05-11 19:00:00,163,47,116
2016-05-11 20:00:00,97,42,55
2016-05-11 21:00:00,26,17,9
2016-05-11 22:00:00,10,3,7
2016-05-11 23:00:00,13,5,8
2016-05-12 00:00:00,5,2,3
2016-05-12 01:00:00,1,0,1
2016-05-12 02:00:00,0,0,0
2016-05-12 03:00:00,1,0,1
2016-05-12 04:00:00,2,0,2
2016-05-12 05:00:00,10,2,8
2016-05-12 06:00:00,57,34,23
2016-05-12 07:00:00,148,102,46
2016-05-12 08:00:00,286,220,66
2016-05-12 09:00:00,187,137,50
2016-05-12 10:00:00,82,50,32
2016-05-12 11:00:00,52,27,25
2016-05-12 12:00:00,69,42,27
2016-05-12 13:00:00,53,33,20
2016-05-12 14:00:00,75,31,44
2016-05-12 15:00:00,86,36,50
2016-05-12 16:00:00,156,72,84
2016-05-12 17:00:00,321,89,232
2016-05-12 18:00:00,334,93,241
2016-05-12 19:00:00,164,62,102
2016-05-12 20:00:00,77,45,32
2016-05-12 21:00:00,25,10,15
2016-05-12 22:00:00,19,2,17
2016-05-12 23:00:00,9,6,3
2016-05-13 00:00:00,3,0,3
2016-05-13 01:00:00,1,0,1
2016-05-13 02:00:00,1,0,1
2016-05-13 03:00:00,1,0,1
2016-05-13 04:00:00,1,0,1
2016-05-13 05:00:00,10,6,4
2016-05-13 06:00:00,43,24,19
2016-05-13 07:00:00,145,100,45
2016-05-13 08:00:00,242,190,52
2016-05-13 09:00:00,185,136,49
2016-05-13 10:00:00,87,61,26
2016-05-13 11:00:00,74,41,33
2016-05-13 12:00:00,73,36,37
2016-05-13 13:00:00,79,37,42
2016-05-13 14:00:00,81,36,45
2016-05-13 15:00:00,103,39,64
2016-05-13 16:00:00,185,66,119
2016-05-13 17:00:00,321,81,240
2016-05-13 18:00:00,268,73,195
2016-05-13 19:00:00,115,38,77
2016-05-13 20:00:00,79,29,50
2016-05-13 21:00:00,28,15,13
2016-05-13 22:00:00,23,7,16
2016-05-13 23:00:00,12,2,10
2016-05-14 00:00:00,7,1,6
2016-05-14 01:00:00,5,3,2
2016-05-14 02:00:00,1,0,1
2016-05-14 03:00:00,1,0,1
2016-05-14 04:00:00,1,0,1
2016-05-14 05:00:00,2,2,0
2016-05-14 06:00:00,10,7,3
2016-05-14 07:00:00,21,14,7
2016-05-14 08:00:00,49,26,23
2016-05-14 09:00:00,50,27,23
2016-05-14 10:00:00,84,47,37
2016-05-14 11:00:00,87,56,31
2016-05-14 12:00:00,144,45,99
2016-05-14 13:00:00,148,24,124
2016-05-14 14:00:00,55,16,39
2016-05-14 15:00:00,38,13,25
2016-05-14 16:00:00,55,31,24
2016-05-14 17:00:00,44,21,23
2016-05-14 18:00:00,37,18,19
2016-05-14 19:00:00,36,21,15
2016-05-14 20:00:00,27,11,16
2016-05-14 21:00:00,10,5,5
2016-05-14 22:00:00,8,1,7
2016-05-14 23:00:00,3,1,2
2016-05-15 00:00:00,14,2,12
2016-05-15 01:00:00,6,2,4
2016-05-15 02:00:00,0,0,0
2016-05-15 03:00:00,1,0,1
2016-05-15 04:00:00,0,0,0
2016-05-15 05:00:00,0,0,0
2016-05-15 06:00:00,7,5,2
2016-05-15 07:00:00,8,4,4
2016-05-15 08:00:00,23,10,13
2016-05-15 09:00:00,42,21,21
2016-05-15 10:00:00,45,28,17
2016-05-15 11:00:00,56,31,25
2016-05-15 12:00:00,53,23,30
2016-05-15 13:00:00,69,45,24
2016-05-15 14:00:00,57,29,28
2016-05-15 15:00:00,59,17,42
2016-05-15 16:00:00,49,20,29
2016-05-15 17:00:00,50,19,31
2016-05-15 18:00:00,31,16,15
2016-05-15 19:00:00,14,5,9
2016-05-15 20:00:00,6,3,3
2016-05-15 21:00:00,3,3,0
2016-05-15 22:00:00,3,1,2
2016-05-15 23:00:00,0,0,0
2016-05-16 00:00:00,0,0,0
2016-05-16 01:00:00,1,0,1
2016-05-16 02:00:00,0,0,0
2016-05-16 03:00:00,1,0,1
2016-05-16 04:00:00,0,0,0
2016-05-16 05:00:00,8,4,4
2016-05-16 06:00:00,35,23,12
2016-05-16 07:00:00,113,69,44
2016-05-16 08:00:00,212,175,37
2016-05-16 09:00:00,142,115,27
2016-05-16 10:00:00,53,35,18
2016-05-16 11:00:00,31,18,13
2016-05-16 12:00:00,27,15,12
2016-05-16 13:00:00,46,25,21
2016-05-16 14:00:00,25,15,10
2016-05-16 15:00:00,42,18,24
2016-05-16 16:00:00,101,45,56
2016-05-16 17:00:00,210,64,146
2016-05-16 18:00:00,233,46,187
2016-05-16 19:00:00,92,26,66
2016-05-16 20:00:00,44,20,24
2016-05-16 21:00:00,24,11,13
2016-05-16 22:00:00,8,5,3
2016-05-16 23:00:00,2,1,1
2016-05-17 00:00:00,3,0,3
2016-05-17 01:00:00,0,0,0
2016-05-17 02:00:00,0,0,0
2016-05-17 03:00:00,2,0,2
2016-05-17 04:00:00,1,0,1
2016-05-17 05:00:00,11,5,6
2016-05-17 06:00:00,68,42,26
2016-05-17 07:00:00,150,104,46
2016-05-17 08:00:00,303,249,54
2016-05-17 09:00:00,206,148,58
2016-05-17 10:00:00,75,40,35
2016-05-17 11:00:00,56,30,26
2016-05-17 12:00:00,54,28,26
2016-05-17 13:00:00,56,35,21
2016-05-17 14:00:00,62,28,34
2016-05-17 15:00:00,66,28,38
2016-05-17 16:00:00,147,56,91
2016-05-17 17:00:00,336,93,243
2016-05-17 18:00:00,304,65,239
2016-05-17 19:00:00,143,34,109
2016-05-17 20:00:00,89,52,37
2016-05-17 21:00:00,34,16,18
2016-05-17 22:00:00,21,9,12
2016-05-17 23:00:00,4,2,2
2016-05-18 00:00:00,3,1,2
2016-05-18 01:00:00,2,0,2
2016-05-18 02:00:00,0,0,0
2016-05-18 03:00:00,1,0,1
2016-05-18 04:00:00,3,1,2
2016-05-18 05:00:00,11,6,5
2016-05-18 06:00:00,55,34,21
2016-05-18 07:00:00,151,103,48
2016-05-18 08:00:00,260,213,47
2016-05-18 09:00:00,170,119,51
2016-05-18 10:00:00,70,46,24
2016-05-18 11:00:00,54,34,20
2016-05-18 12:00:00,40,19,21
2016-05-18 13:00:00,54,28,26
2016-05-18 14:00:00,48,21,27
2016-05-18 15:00:00,60,25,35
2016-05-18 16:00:00,127,53,74
2016-05-18 17:00:00,269,65,204
2016-05-18 18:00:00,222,56,166
2016-05-18 19:00:00,108,30,78
2016-05-18 20:00:00,50,15,35
2016-05-18 21:00:00,13,4,9
2016-05-18 22:00:00,6,2,4
2016-05-18 23:00:00,5,2,3
2016-05-19 00:00:00,9,2,7
2016-05-19 01:00:00,1,0,1
2016-05-19 02:00:00,0,0,0
2016-05-19 03:00:00,1,0,1
2016-05-19 04:00:00,1,0,1
2016-05-19 05:00:00,5,1,4
2016-05-19 06:00:00,31,18,13
2016-05-19 07:00:00,72,45,27
2016-05-19 08:00:00,200,153,47
2016-05-19 09:00:00,107,76,31
2016-05-19 10:00:00,42,26,16
2016-05-19 11:00:00,21,13,8
2016-05-19 12:00:00,36,21,15
2016-05-19 13:00:00,17,8,9
2016-05-19 14:00:00,28,15,13
2016-05-19 15:00:00,43,22,21
2016-05-19 16:00:00,91,37,54
2016-05-19 17:00:00,177,49,128
2016-05-19 18:00:00,195,52,143
2016-05-19 19:00:00,65,14,51
2016-05-19 20:00:00,21,10,11
2016-05-19 21:00:00,8,4,4
2016-05-19 22:00:00,9,2,7
2016-05-19 23:00:00,5,2,3
2016-05-20 00:00:00,0,0,0
2016-05-20 01:00:00,0,0,0
2016-05-20 02:00:00,0,0,0
2016-05-20 03:00:00,0,0,0
2016-05-20 04:00:00,1,0,1
2016-05-20 05:00:00,14,10,4
2016-05-20 06:00:00,37,25,12
2016-05-20 07:00:00,103,64,39
2016-05-20 08:00:00,250,195,55
2016-05-20 09:00:00,151,98,53
2016-05-20 10:00:00,72,46,26
2016-05-20 11:00:00,46,23,23
2016-05-20 12:00:00,51,25,26
2016-05-20 13:00:00,87,50,37
2016-05-20 14:00:00,93,40,53
2016-05-20 15:00:00,84,35,49
2016-05-20 16:00:00,190,77,113
2016-05-20 17:00:00,244,83,161
2016-05-20 18:00:00,223,55,168
2016-05-20 19:00:00,82,24,58
2016-05-20 20:00:00,54,24,30
2016-05-20 21:00:00,25,9,16
2016-05-20 22:00:00,14,7,7
2016-05-20 23:00:00,5,5,0
2016-05-21 00:00:00,4,1,3
2016-05-21 01:00:00,7,3,4
2016-05-21 02:00:00,1,0,1
2016-05-21 03:00:00,1,0,1
2016-05-21 04:00:00,1,0,1
2016-05-21 05:00:00,2,2,0
2016-05-21 06:00:00,1,1,0
2016-05-21 07:00:00,3,3,0
2016-05-21 08:00:00,25,17,8
2016-05-21 09:00:00,21,15,6
2016-05-21 10:00:00,8,4,4
2016-05-21 11:00:00,6,1,5
2016-05-21 12:00:00,10,7,3
2016-05-21 13:00:00,20,9,11
2016-05-21 14:00:00,31,7,24
2016-05-21 15:00:00,47,18,29
2016-05-21 16:00:00,40,24,16
2016-05-21 17:00:00,46,26,20
2016-05-21 18:00:00,28,17,11
2016-05-21 19:00:00,31,17,14
2016-05-21 20:00:00,20,11,9
2016-05-21 21:00:00,10,0,10
2016-05-21 22:00:00,9,2,7
2016-05-21 23:00:00,5,0,5
2016-05-22 00:00:00,0,0,0
2016-05-22 01:00:00,6,3,3
2016-05-22 02:00:00,0,0,0
2016-05-22 03:00:00,2,0,2
2016-05-22 04:00:00,0,0,0
2016-05-22 05:00:00,1,1,0
2016-05-22 06:00:00,8,6,2
2016-05-22 07:00:00,8,3,5
2016-05-22 08:00:00,31,14,17
2016-05-22 09:00:00,32,16,16
2016-05-22 10:00:00,58,38,20
2016-05-22 11:00:00,94,50,44
2016-05-22 12:00:00,103,50,53
2016-05-22 13:00:00,101,44,57
2016-05-22 14:00:00,120,64,56
2016-05-22 15:00:00,151,68,83
2016-05-22 16:00:00,126,59,67
2016-05-22 17:00:00,123,64,59
2016-05-22 18:00:00,66,34,32
2016-05-22 19:00:00,51,32,19
2016-05-22 20:00:00,41,25,16
2016-05-22 21:00:00,16,7,9
2016-05-22 22:00:00,4,3,1
2016-05-22 23:00:00,0,0,0
2016-05-23 00:00:00,4,3,1
2016-05-23 01:00:00,3,1,2
2016-05-23 02:00:00,3,0,3
2016-05-23 03:00:00,4,1,3
2016-05-23 04:00:00,1,1,0
2016-05-23 05:00:00,8,3,5
2016-05-23 06:00:00,47,31,16
2016-05-23 07:00:00,106,71,35
2016-05-23 08:00:00,220,178,42
2016-05-23 09:00:00,175,133,42
2016-05-23 10:00:00,55,36,19
2016-05-23 11:00:00,47,25,22
2016-05-23 12:00:00,28,15,13
2016-05-23 13:00:00,46,25,21
2016-05-23 14:00:00,46,25,21
2016-05-23 15:00:00,56,24,32
2016-05-23 16:00:00,121,50,71
2016-05-23 17:00:00,257,76,181
2016-05-23 18:00:00,261,58,203
2016-05-23 19:00:00,105,28,77
2016-05-23 20:00:00,57,20,37
2016-05-23 21:00:00,10,3,7
2016-05-23 22:00:00,10,4,6
2016-05-23 23:00:00,6,1,5
2016-05-24 00:00:00,1,0,1
2016-05-24 01:00:00,0,0,0
2016-05-24 02:00:00,0,0,0
2016-05-24 03:00:00,2,0,2
2016-05-24 04:00:00,1,0,1
2016-05-24 05:00:00,10,2,8
2016-05-24 06:00:00,51,29,22
2016-05-24 07:00:00,119,86,33
2016-05-24 08:00:00,261,215,46
2016-05-24 09:00:00,180,138,42
2016-05-24 10:00:00,67,42,25
2016-05-24 11:00:00,39,19,20
2016-05-24 12:00:00,58,23,35
2016-05-24 13:00:00,44,17,27
2016-05-24 14:00:00,50,28,22
2016-05-24 15:00:00,69,29,40
2016-05-24 16:00:00,145,55,90
2016-05-24 17:00:00,306,102,204
2016-05-24 18:00:00,302,72,230
2016-05-24 19:00:00,121,36,85
2016-05-24 20:00:00,62,23,39
2016-05-24 21:00:00,18,10,8
2016-05-24 22:00:00,13,5,8
2016-05-24 23:00:00,13,2,11
2016-05-25 00:00:00,2,1,1
2016-05-25 01:00:00,0,0,0
2016-05-25 02:00:00,0,0,0
2016-05-25 03:00:00,0,0,0
2016-05-25 04:00:00,0,0,0
2016-05-25 05:00:00,13,6,7
2016-05-25 06:00:00,49,21,28
2016-05-25 07:00:00,145,101,44
2016-05-25 08:00:00,238,180,58
2016-05-25 09:00:00,170,129,41
2016-05-25 10:00:00,61,43,18
2016-05-25 11:00:00,45,22,23
2016-05-25 12:00:00,68,24,44
2016-05-25 13:00:00,86,39,47
2016-05-25 14:00:00,54,26,28
2016-05-25 15:00:00,47,23,24
2016-05-25 16:00:00,119,50,69
2016-05-25 17:00:00,263,67,196
2016-05-25 18:00:00,236,56,180
2016-05-25 19:00:00,105,37,68
2016-05-25 20:00:00,51,13,38
2016-05-25 21:00:00,15,10,5
2016-05-25 22:00:00,16,4,12
2016-05-25 23:00:00,7,1,6
2016-05-26 00:00:00,0,0,0
2016-05-26 01:00:00,1,1,0
2016-05-26 02:00:00,1,1,0
2016-05-26 03:00:00,0,0,0
2016-05-26 04:00:00,2,0,2
2016-05-26 05:00:00,10,5,5
2016-05-26 06:00:00,40,26,14
2016-05-26 07:00:00,123,80,43
2016-05-26 08:00:00,191,147,44
2016-05-26 09:00:00,173,133,40
2016-05-26 10:00:00,59,37,22
2016-05-26 11:00:00,37,21,16
2016-05-26 12:00:00,38,20,18
2016-05-26 13:00:00,55,28,27
2016-05-26 14:00:00,34,13,21
2016-05-26 15:00:00,52,22,30
2016-05-26 16:00:00,107,45,62
2016-05-26 17:00:00,233,59,174
2016-05-26 18:00:00,223,47,176
2016-05-26 19:00:00,80,17,63
2016-05-26 20:00:00,51,16,35
2016-05-26 21:00:00,19,11,8
2016-05-26 22:00:00,15,5,10
2016-05-26 23:00:00,9,1,8
2016-05-27 00:00:00,6,1,5
2016-05-27 01:00:00,1,0,1
2016-05-27 02:00:00,0,0,0
2016-05-27 03:00:00,0,0,0
2016-05-27 04:00:00,1,0,1
2016-05-27 05:00:00,8,5,3
2016-05-27 06:00:00,27,18,9
2016-05-27 07:00:00,44,23,21
2016-05-27 08:00:00,147,116,31
2016-05-27 09:00:00,151,114,37
2016-05-27 10:00:00,60,40,20
2016-05-27 11:00:00,44,28,16
2016-05-27 12:00:00,53,26,27
2016-05-27 13:00:00,49,25,24
2016-05-27 14:00:00,55,24,31
2016-05-27 15:00:00,89,34,55
2016-05-27 16:00:00,110,44,66
2016-05-27 17:00:00,162,46,116
2016-05-27 18:00:00,135,30,105
2016-05-27 19:00:00,51,13,38
2016-05-27 20:00:00,29,8,21
2016-05-27 21:00:00,11,7,4
2016-05-27 22:00:00,6,2,4
2016-05-27 23:00:00,9,1,8
2016-05-28 00:00:00,1,0,1
2016-05-28 01:00:00,2,0,2
2016-05-28 02:00:00,6,2,4
2016-05-28 03:00:00,0,0,0
2016-05-28 04:00:00,1,0,1
2016-05-28 05:00:00,1,1,0
2016-05-28 06:00:00,10,5,5
2016-05-28 07:00:00,7,4,3
2016-05-28 08:00:00,22,9,13
2016-05-28 09:00:00,49,30,19
2016-05-28 10:00:00,37,23,14
2016-05-28 11:00:00,50,32,18
2016-05-28 12:00:00,54,21,33
2016-05-28 13:00:00,33,13,20
2016-05-28 14:00:00,59,27,32
2016-05-28 15:00:00,76,35,41
2016-05-28 16:00:00,61,33,28
2016-05-28 17:00:00,35,17,18
2016-05-28 18:00:00,25,12,13
2016-05-28 19:00:00,49,35,14
2016-05-28 20:00:00,19,7,12
2016-05-28 21:00:00,10,6,4
2016-05-28 22:00:00,8,7,1
2016-05-28 23:00:00,19,3,16
2016-05-29 00:00:00,4,1,3
2016-05-29 01:00:00,7,5,2
2016-05-29 02:00:00,2,1,1
2016-05-29 03:00:00,1,0,1
2016-05-29 04:00:00,0,0,0
2016-05-29 05:00:00,0,0,0
2016-05-29 06:00:00,5,3,2
2016-05-29 07:00:00,7,2,5
2016-05-29 08:00:00,10,8,2
2016-05-29 09:00:00,17,8,9
2016-05-29 10:00:00,19,12,7
2016-05-29 11:00:00,31,17,14
2016-05-29 12:00:00,19,11,8
2016-05-29 13:00:00,31,14,17
2016-05-29 14:00:00,71,37,34
2016-05-29 15:00:00,35,9,26
2016-05-29 16:00:00,60,24,36
2016-05-29 17:00:00,51,29,22
2016-05-29 18:00:00,63,27,36
2016-05-29 19:00:00,61,31,30
2016-05-29 20:00:00,45,23,22
2016-05-29 21:00:00,16,12,4
2016-05-29 22:00:00,7,1,6
2016-05-29 23:00:00,2,0,2
2016-05-30 00:00:00,6,4,2
2016-05-30 01:00:00,0,0,0
2016-05-30 02:00:00,0,0,0
2016-05-30 03:00:00,1,0,1
2016-05-30 04:00:00,1,0,1
2016-05-30 05:00:00,3,3,0
2016-05-30 06:00:00,14,10,4
2016-05-30 07:00:00,19,13,6
2016-05-30 08:00:00,33,17,16
2016-05-30 09:00:00,60,32,28
2016-05-30 10:00:00,123,64,59
2016-05-30 11:00:00,179,95,84
2016-05-30 12:00:00,210,109,101
2016-05-30 13:00:00,195,96,99
2016-05-30 14:00:00,291,124,167
2016-05-30 15:00:00,259,132,127
2016-05-30 16:00:00,221,98,123
2016-05-30 17:00:00,211,96,115
2016-05-30 18:00:00,131,49,82
2016-05-30 19:00:00,85,46,39
2016-05-30 20:00:00,64,27,37
2016-05-30 21:00:00,22,8,14
2016-05-30 22:00:00,11,5,6
2016-05-30 23:00:00,8,5,3
2016-05-31 00:00:00,3,1,2
2016-05-31 01:00:00,4,1,3
2016-05-31 02:00:00,3,0,3
2016-05-31 03:00:00,0,0,0
2016-05-31 04:00:00,0,0,0
2016-05-31 05:00:00,10,4,6
2016-05-31 06:00:00,44,24,20
2016-05-31 07:00:00,142,100,42
2016-05-31 08:00:00,291,224,67
2016-05-31 09:00:00,192,139,53
2016-05-31 10:00:00,82,46,36
2016-05-31 11:00:00,59,25,34
2016-05-31 12:00:00,78,39,39
2016-05-31 13:00:00,71,36,35
2016-05-31 14:00:00,83,46,37
2016-05-31 15:00:00,80,40,40
2016-05-31 16:00:00,178,81,97
2016-05-31 17:00:00,309,101,208
2016-05-31 18:00:00,313,68,245
2016-05-31 19:00:00,125,30,95
2016-05-31 20:00:00,99,42,57
2016-05-31 21:00:00,29,9,20
2016-05-31 22:00:00,8,4,4
2016-05-31 23:00:00,2,1,1
2016-06-01 00:00:00,4,1,3
2016-06-01 01:00:00,0,0,0
2016-06-01 02:00:00,2,0,2
2016-06-01 03:00:00,1,0,1
2016-06-01 04:00:00,2,0,2
2016-06-01 05:00:00,14,8,6
2016-06-01 06:00:00,49,27,22
2016-06-01 07:00:00,166,116,50
2016-06-01 08:00:00,271,203,68
2016-06-01 09:00:00,184,133,51
2016-06-01 10:00:00,83,62,21
2016-06-01 11:00:00,64,35,29
2016-06-01 12:00:00,64,36,28
2016-06-01 13:00:00,61,22,39
2016-06-01 14:00:00,51,17,34
2016-06-01 15:00:00,67,25,42
2016-06-01 16:00:00,148,64,84
2016-06-01 17:00:00,273,69,204
2016-06-01 18:00:00,284,79,205
2016-06-01 19:00:00,96,27,69
2016-06-01 20:00:00,72,30,42
2016-06-01 21:00:00,21,8,13
2016-06-01 22:00:00,12,2,10
2016-06-01 23:00:00,4,1,3
2016-06-02 00:00:00,1,1,0
2016-06-02 01:00:00,2,1,1
2016-06-02 02:00:00,2,1,1
2016-06-02 03:00:00,0,0,0
2016-06-02 04:00:00,2,0,2
2016-06-02 05:00:00,7,1,6
2016-06-02 06:00:00,55,32,23
2016-06-02 07:00:00,113,76,37
2016-06-02 08:00:00,210,171,39
2016-06-02 09:00:00,145,115,30
2016-06-02 10:00:00,50,37,13
2016-06-02 11:00:00,42,25,17
2016-06-02 12:00:00,41,18,23
2016-06-02 13:00:00,33,18,15
2016-06-02 14:00:00,36,12,24
2016-06-02 15:00:00,48,22,26
2016-06-02 16:00:00,116,51,65
2016-06-02 17:00:00,260,89,171
2016-06-02 18:00:00,221,52,169
2016-06-02 19:00:00,88,25,63
2016-06-02 20:00:00,118,31,87
2016-06-02 21:00:00,23,12,11
2016-06-02 22:00:00,16,7,9
2016-06-02 23:00:00,14,7,7
2016-06-03 00:00:00,1,0,1
2016-06-03 01:00:00,0,0,0
2016-06-03 02:00:00,3,1,2
2016-06-03 03:00:00,1,0,1
2016-06-03 04:00:00,1,1,0
2016-06-03 05:00:00,12,6,6
2016-06-03 06:00:00,43,24,19
2016-06-03 07:00:00,112,80,32
2016-06-03 08:00:00,233,158,75
2016-06-03 09:00:00,181,90,91
2016-06-03 10:00:00,86,60,26
2016-06-03 11:00:00,54,26,28
2016-06-03 12:00:00,60,31,29
2016-06-03 13:00:00,98,56,42
2016-06-03 14:00:00,91,38,53
2016-06-03 15:00:00,104,36,68
2016-06-03 16:00:00,174,63,111
2016-06-03 17:00:00,249,67,182
2016-06-03 18:00:00,263,70,193
2016-06-03 19:00:00,100,33,67
2016-06-03 20:00:00,70,29,41
2016-06-03 21:00:00,18,11,7
2016-06-03 22:00:00,19,11,8
2016-06-03 23:00:00,15,11,4
2016-06-04 00:00:00,9,5,4
2016-06-04 01:00:00,3,0,3
2016-06-04 02:00:00,0,0,0
2016-06-04 03:00:00,0,0,0
2016-06-04 04:00:00,0,0,0
2016-06-04 05:00:00,2,1,1
2016-06-04 06:00:00,12,7,5
2016-06-04 07:00:00,21,11,10
2016-06-04 08:00:00,43,15,28
2016-06-04 09:00:00,81,43,38
2016-06-04 10:00:00,123,61,62
2016-06-04 11:00:00,135,57,78
2016-06-04 12:00:00,171,62,109
2016-06-04 13:00:00,161,85,76
2016-06-04 14:00:00,146,64,82
2016-06-04 15:00:00,155,86,69
2016-06-04 16:00:00,120,65,55
2016-06-04 17:00:00,136,80,56
2016-06-04 18:00:00,112,54,58
2016-06-04 19:00:00,102,37,65
2016-06-04 20:00:00,57,19,38
2016-06-04 21:00:00,47,24,23
2016-06-04 22:00:00,28,16,12
2016-06-04 23:00:00,11,6,5
2016-06-05 00:00:00,10,5,5
2016-06-05 01:00:00,5,1,4
2016-06-05 02:00:00,2,0,2
2016-06-05 03:00:00,4,2,2
2016-06-05 04:00:00,3,2,1
2016-06-05 05:00:00,0,0,0
2016-06-05 06:00:00,16,10,6
2016-06-05 07:00:00,20,14,6
2016-06-05 08:00:00,45,18,27
2016-06-05 09:00:00,95,46,49
2016-06-05 10:00:00,106,47,59
2016-06-05 11:00:00,151,87,64
2016-06-05 12:00:00,167,98,69
2016-06-05 13:00:00,147,58,89
2016-06-05 14:00:00,160,63,97
2016-06-05 15:00:00,159,60,99
2016-06-05 16:00:00,102,46,56
2016-06-05 17:00:00,97,55,42
2016-06-05 18:00:00,78,34,44
2016-06-05 19:00:00,51,20,31
2016-06-05 20:00:00,60,27,33
2016-06-05 21:00:00,35,26,9
2016-06-05 22:00:00,12,7,5
2016-06-05 23:00:00,4,0,4
2016-06-06 00:00:00,2,1,1
2016-06-06 01:00:00,5,1,4
2016-06-06 02:00:00,1,0,1
2016-06-06 03:00:00,1,0,1
2016-06-06 04:00:00,1,0,1
2016-06-06 05:00:00,13,4,9
2016-06-06 06:00:00,48,34,14
2016-06-06 07:00:00,142,93,49
2016-06-06 08:00:00,263,169,94
2016-06-06 09:00:00,183,106,77
2016-06-06 10:00:00,76,50,26
2016-06-06 11:00:00,44,25,19
2016-06-06 12:00:00,71,39,32
2016-06-06 13:00:00,67,39,28
2016-06-06 14:00:00,53,26,27
2016-06-06 15:00:00,64,24,40
2016-06-06 16:00:00,165,67,98
2016-06-06 17:00:00,282,72,210
2016-06-06 18:00:00,288,69,219
2016-06-06 19:00:00,151,48,103
2016-06-06 20:00:00,81,30,51
2016-06-06 21:00:00,53,35,18
2016-06-06 22:00:00,29,16,13
2016-06-06 23:00:00,8,3,5
2016-06-07 00:00:00,5,1,4
2016-06-07 01:00:00,0,0,0
2016-06-07 02:00:00,0,0,0
2016-06-07 03:00:00,2,0,2
2016-06-07 04:00:00,1,0,1
2016-06-07 05:00:00,11,5,6
2016-06-07 06:00:00,63,36,27
2016-06-07 07:00:00,153,113,40
2016-06-07 08:00:00,268,189,79
2016-06-07 09:00:00,185,123,62
2016-06-07 10:00:00,74,45,29
2016-06-07 11:00:00,46,25,21
2016-06-07 12:00:00,58,36,22
2016-06-07 13:00:00,64,33,31
2016-06-07 14:00:00,47,27,20
2016-06-07 15:00:00,87,35,52
2016-06-07 16:00:00,155,58,97
2016-06-07 17:00:00,303,94,209
2016-06-07 18:00:00,283,55,228
2016-06-07 19:00:00,149,38,111
2016-06-07 20:00:00,81,36,45
2016-06-07 21:00:00,34,19,15
2016-06-07 22:00:00,26,8,18
2016-06-07 23:00:00,9,1,8
2016-06-08 00:00:00,5,4,1
2016-06-08 01:00:00,0,0,0
2016-06-08 02:00:00,3,2,1
2016-06-08 03:00:00,1,0,1
2016-06-08 04:00:00,1,0,1
2016-06-08 05:00:00,10,7,3
2016-06-08 06:00:00,64,31,33
2016-06-08 07:00:00,123,90,33
2016-06-08 08:00:00,220,170,50
2016-06-08 09:00:00,194,129,65
2016-06-08 10:00:00,65,50,15
2016-06-08 11:00:00,63,32,31
2016-06-08 12:00:00,68,27,41
2016-06-08 13:00:00,58,30,28
2016-06-08 14:00:00,51,34,17
2016-06-08 15:00:00,54,17,37
2016-06-08 16:00:00,130,47,83
2016-06-08 17:00:00,244,67,177
2016-06-08 18:00:00,239,46,193
2016-06-08 19:00:00,103,31,72
2016-06-08 20:00:00,75,32,43
2016-06-08 21:00:00,25,11,14
2016-06-08 22:00:00,11,1,10
2016-06-08 23:00:00,6,2,4
2016-06-09 00:00:00,1,1,0
2016-06-09 01:00:00,1,0,1
2016-06-09 02:00:00,1,1,0
2016-06-09 03:00:00,0,0,0
2016-06-09 04:00:00,1,0,1
2016-06-09 05:00:00,8,1,7
2016-06-09 06:00:00,40,25,15
2016-06-09 07:00:00,95,66,29
2016-06-09 08:00:00,199,158,41
2016-06-09 09:00:00,152,100,52
2016-06-09 10:00:00,63,46,17
2016-06-09 11:00:00,48,28,20
2016-06-09 12:00:00,28,10,18
2016-06-09 13:00:00,40,26,14
2016-06-09 14:00:00,58,17,41
2016-06-09 15:00:00,59,26,33
2016-06-09 16:00:00,93,40,53
2016-06-09 17:00:00,217,53,164
2016-06-09 18:00:00,230,44,186
2016-06-09 19:00:00,95,32,63
2016-06-09 20:00:00,60,25,35
2016-06-09 21:00:00,24,10,14
2016-06-09 22:00:00,7,2,5
2016-06-09 23:00:00,6,1,5
2016-06-10 00:00:00,5,0,5
2016-06-10 01:00:00,0,0,0
2016-06-10 02:00:00,0,0,0
2016-06-10 03:00:00,1,0,1
2016-06-10 04:00:00,0,0,0
2016-06-10 05:00:00,8,5,3
2016-06-10 06:00:00,29,17,12
2016-06-10 07:00:00,80,49,31
2016-06-10 08:00:00,149,109,40
2016-06-10 09:00:00,132,96,36
2016-06-10 10:00:00,68,48,20
2016-06-10 11:00:00,54,29,25
2016-06-10 12:00:00,39,17,22
2016-06-10 13:00:00,62,30,32
2016-06-10 14:00:00,57,27,30
2016-06-10 15:00:00,66,35,31
2016-06-10 16:00:00,102,36,66
2016-06-10 17:00:00,196,55,141
2016-06-10 18:00:00,118,29,89
2016-06-10 19:00:00,46,5,41
2016-06-10 20:00:00,24,8,16
2016-06-10 21:00:00,10,2,8
2016-06-10 22:00:00,9,6,3
2016-06-10 23:00:00,6,2,4
2016-06-11 00:00:00,4,1,3
2016-06-11 01:00:00,3,1,2
2016-06-11 02:00:00,0,0,0
2016-06-11 03:00:00,0,0,0
2016-06-11 04:00:00,1,0,1
2016-06-11 05:00:00,5,3,2
2016-06-11 06:00:00,7,4,3
2016-06-11 07:00:00,14,6,8
2016-06-11 08:00:00,34,15,19
2016-06-11 09:00:00,52,29,23
2016-06-11 10:00:00,62,31,31
2016-06-11 11:00:00,98,47,51
2016-06-11 12:00:00,108,45,63
2016-06-11 13:00:00,116,58,58
2016-06-11 14:00:00,118,66,52
2016-06-11 15:00:00,91,45,46
2016-06-11 16:00:00,91,48,43
2016-06-11 17:00:00,65,24,41
2016-06-11 18:00:00,55,23,32
2016-06-11 19:00:00,67,39,28
2016-06-11 20:00:00,43,23,20
2016-06-11 21:00:00,23,13,10
2016-06-11 22:00:00,24,20,4
2016-06-11 23:00:00,17,12,5
2016-06-12 00:00:00,5,5,0
2016-06-12 01:00:00,2,2,0
2016-06-12 02:00:00,1,0,1
2016-06-12 03:00:00,0,0,0
2016-06-12 04:00:00,0,0,0
2016-06-12 05:00:00,1,1,0
2016-06-12 06:00:00,5,4,1
2016-06-12 07:00:00,9,4,5
2016-06-12 08:00:00,16,8,8
2016-06-12 09:00:00,67,30,37
2016-06-12 10:00:00,98,49,49
2016-06-12 11:00:00,133,66,67
2016-06-12 12:00:00,138,79,59
2016-06-12 13:00:00,142,84,58
2016-06-12 14:00:00,137,59,78
2016-06-12 15:00:00,171,84,87
2016-06-12 16:00:00,200,70,130
2016-06-12 17:00:00,163,60,103
2016-06-12 18:00:00,100,50,50
2016-06-12 19:00:00,78,42,36
2016-06-12 20:00:00,54,27,27
2016-06-12 21:00:00,14,10,4
2016-06-12 22:00:00,7,3,4
2016-06-12 23:00:00,1,0,1
2016-06-13 00:00:00,3,1,2
2016-06-13 01:00:00,1,1,0
2016-06-13 02:00:00,1,0,1
2016-06-13 03:00:00,1,0,1
2016-06-13 04:00:00,1,1,0
2016-06-13 05:00:00,9,4,5
2016-06-13 06:00:00,39,23,16
2016-06-13 07:00:00,97,69,28
2016-06-13 08:00:00,207,169,38
2016-06-13 09:00:00,148,112,36
2016-06-13 10:00:00,50,30,20
2016-06-13 11:00:00,52,30,22
2016-06-13 12:00:00,27,11,16
2016-06-13 13:00:00,31,20,11
2016-06-13 14:00:00,58,27,31
2016-06-13 15:00:00,40,20,20
2016-06-13 16:00:00,102,38,64
2016-06-13 17:00:00,245,65,180
2016-06-13 18:00:00,214,45,169
2016-06-13 19:00:00,86,26,60
2016-06-13 20:00:00,32,12,20
2016-06-13 21:00:00,18,4,14
2016-06-13 22:00:00,7,2,5
2016-06-13 23:00:00,2,1,1
2016-06-14 00:00:00,0,0,0
2016-06-14 01:00:00,1,0,1
2016-06-14 02:00:00,1,1,0
2016-06-14 03:00:00,2,0,2
2016-06-14 04:00:00,0,0,0
2016-06-14 05:00:00,6,2,4
2016-06-14 06:00:00,40,25,15
2016-06-14 07:00:00,97,60,37
2016-06-14 08:00:00,154,122,32
2016-06-14 09:00:00,123,87,36
2016-06-14 10:00:00,40,22,18
2016-06-14 11:00:00,24,16,8
2016-06-14 12:00:00,29,17,12
2016-06-14 13:00:00,34,18,16
2016-06-14 14:00:00,31,13,18
2016-06-14 15:00:00,25,11,14
2016-06-14 16:00:00,73,33,40
2016-06-14 17:00:00,183,58,125
2016-06-14 18:00:00,182,44,138
2016-06-14 19:00:00,85,25,60
2016-06-14 20:00:00,31,8,23
2016-06-14 21:00:00,14,2,12
2016-06-14 22:00:00,30,9,21
2016-06-14 23:00:00,2,0,2
2016-06-15 00:00:00,2,1,1
2016-06-15 01:00:00,5,4,1
2016-06-15 02:00:00,1,1,0
2016-06-15 03:00:00,0,0,0
2016-06-15 04:00:00,0,0,0
2016-06-15 05:00:00,11,5,6
2016-06-15 06:00:00,45,29,16
2016-06-15 07:00:00,109,80,29
2016-06-15 08:00:00,226,174,52
2016-06-15 09:00:00,162,116,46
2016-06-15 10:00:00,53,37,16
2016-06-15 11:00:00,59,25,34
2016-06-15 12:00:00,40,17,23
2016-06-15 13:00:00,55,26,29
2016-06-15 14:00:00,67,36,31
2016-06-15 15:00:00,83,42,41
2016-06-15 16:00:00,150,61,89
2016-06-15 17:00:00,273,84,189
2016-06-15 18:00:00,274,64,210
2016-06-15 19:00:00,134,46,88
2016-06-15 20:00:00,67,26,41
2016-06-15 21:00:00,20,8,12
2016-06-15 22:00:00,18,11,7
2016-06-15 23:00:00,7,1,6
2016-06-16 00:00:00,2,2,0
2016-06-16 01:00:00,3,3,0
2016-06-16 02:00:00,1,1,0
2016-06-16 03:00:00,0,0,0
2016-06-16 04:00:00,0,0,0
2016-06-16 05:00:00,9,3,6
2016-06-16 06:00:00,49,31,18
2016-06-16 07:00:00,108,77,31
2016-06-16 08:00:00,227,167,60
2016-06-16 09:00:00,186,134,52
2016-06-16 10:00:00,95,52,43
2016-06-16 11:00:00,60,33,27
2016-06-16 12:00:00,73,43,30
2016-06-16 13:00:00,68,43,25
2016-06-16 14:00:00,66,36,30
2016-06-16 15:00:00,72,34,38
2016-06-16 16:00:00,157,76,81
2016-06-16 17:00:00,270,96,174
2016-06-16 18:00:00,216,62,154
2016-06-16 19:00:00,104,32,72
2016-06-16 20:00:00,66,27,39
2016-06-16 21:00:00,58,15,43
2016-06-16 22:00:00,29,7,22
2016-06-16 23:00:00,6,1,5
2016-06-17 00:00:00,7,1,6
2016-06-17 01:00:00,7,2,5
2016-06-17 02:00:00,1,0,1
2016-06-17 03:00:00,1,0,1
2016-06-17 04:00:00,0,0,0
2016-06-17 05:00:00,14,7,7
2016-06-17 06:00:00,46,28,18
2016-06-17 07:00:00,84,65,19
2016-06-17 08:00:00,194,133,61
2016-06-17 09:00:00,147,105,42
2016-06-17 10:00:00,72,46,26
2016-06-17 11:00:00,43,23,20
2016-06-17 12:00:00,83,40,43
2016-06-17 13:00:00,63,27,36
2016-06-17 14:00:00,54,26,28
2016-06-17 15:00:00,97,44,53
2016-06-17 16:00:00,121,40,81
2016-06-17 17:00:00,171,48,123
2016-06-17 18:00:00,126,24,102
2016-06-17 19:00:00,62,15,47
2016-06-17 20:00:00,30,7,23
2016-06-17 21:00:00,24,13,11
2016-06-17 22:00:00,12,9,3
2016-06-17 23:00:00,7,1,6
2016-06-18 00:00:00,3,2,1
2016-06-18 01:00:00,2,0,2
2016-06-18 02:00:00,0,0,0
2016-06-18 03:00:00,0,0,0
2016-06-18 04:00:00,0,0,0
2016-06-18 05:00:00,1,1,0
2016-06-18 06:00:00,8,3,5
2016-06-18 07:00:00,19,11,8
2016-06-18 08:00:00,22,10,12
2016-06-18 09:00:00,27,11,16
2016-06-18 10:00:00,42,19,23
2016-06-18 11:00:00,34,17,17
2016-06-18 12:00:00,46,24,22
2016-06-18 13:00:00,48,19,29
2016-06-18 14:00:00,47,20,27
2016-06-18 15:00:00,55,31,24
2016-06-18 16:00:00,40,17,23
2016-06-18 17:00:00,50,17,33
2016-06-18 18:00:00,39,18,21
2016-06-18 19:00:00,32,10,22
2016-06-18 20:00:00,11,4,7
2016-06-18 21:00:00,13,6,7
2016-06-18 22:00:00,12,6,6
2016-06-18 23:00:00,5,0,5
2016-06-19 00:00:00,3,2,1
2016-06-19 01:00:00,1,1,0
2016-06-19 02:00:00,1,1,0
2016-06-19 03:00:00,2,1,1
2016-06-19 04:00:00,1,0,1
2016-06-19 05:00:00,0,0,0
2016-06-19 06:00:00,9,8,1
2016-06-19 07:00:00,19,12,7
2016-06-19 08:00:00,45,15,30
2016-06-19 09:00:00,57,23,34
2016-06-19 10:00:00,99,56,43
2016-06-19 11:00:00,162,85,77
2016-06-19 12:00:00,192,109,83
2016-06-19 13:00:00,182,91,91
2016-06-19 14:00:00,242,104,138
2016-06-19 15:00:00,173,89,84
2016-06-19 16:00:00,219,103,116
2016-06-19 17:00:00,125,60,65
2016-06-19 18:00:00,83,37,46
2016-06-19 19:00:00,73,37,36
2016-06-19 20:00:00,33,15,18
2016-06-19 21:00:00,16,4,12
2016-06-19 22:00:00,9,6,3
2016-06-19 23:00:00,7,0,7
2016-06-20 00:00:00,1,0,1
2016-06-20 01:00:00,0,0,0
2016-06-20 02:00:00,1,0,1
2016-06-20 03:00:00,1,0,1
2016-06-20 04:00:00,2,2,0
2016-06-20 05:00:00,7,5,2
2016-06-20 06:00:00,48,33,15
2016-06-20 07:00:00,102,65,37
2016-06-20 08:00:00,213,156,57
2016-06-20 09:00:00,164,119,45
2016-06-20 10:00:00,71,44,27
2016-06-20 11:00:00,63,39,24
2016-06-20 12:00:00,42,19,23
2016-06-20 13:00:00,54,25,29
2016-06-20 14:00:00,55,23,32
2016-06-20 15:00:00,69,26,43
2016-06-20 16:00:00,113,45,68
2016-06-20 17:00:00,281,83,198
2016-06-20 18:00:00,294,84,210
2016-06-20 19:00:00,116,35,81
2016-06-20 20:00:00,76,30,46
2016-06-20 21:00:00,41,23,18
2016-06-20 22:00:00,20,10,10
2016-06-20 23:00:00,4,2,2
2016-06-21 00:00:00,1,0,1
2016-06-21 01:00:00,0,0,0
2016-06-21 02:00:00,1,0,1
2016-06-21 03:00:00,0,0,0
2016-06-21 04:00:00,1,1,0
2016-06-21 05:00:00,4,2,2
2016-06-21 06:00:00,44,25,19
2016-06-21 07:00:00,119,80,39
2016-06-21 08:00:00,205,166,39
2016-06-21 09:00:00,160,115,45
2016-06-21 10:00:00,49,28,21
2016-06-21 11:00:00,33,18,15
2016-06-21 12:00:00,28,18,10
2016-06-21 13:00:00,38,16,22
2016-06-21 14:00:00,67,27,40
2016-06-21 15:00:00,67,28,39
2016-06-21 16:00:00,151,70,81
2016-06-21 17:00:00,259,88,171
2016-06-21 18:00:00,241,62,179
2016-06-21 19:00:00,129,56,73
2016-06-21 20:00:00,117,42,75
2016-06-21 21:00:00,39,23,16
2016-06-21 22:00:00,19,12,7
2016-06-21 23:00:00,11,1,10
2016-06-22 00:00:00,3,0,3
2016-06-22 01:00:00,1,0,1
2016-06-22 02:00:00,0,0,0
2016-06-22 03:00:00,0,0,0
2016-06-22 04:00:00,1,1,0
2016-06-22 05:00:00,11,6,5
2016-06-22 06:00:00,55,30,25
2016-06-22 07:00:00,118,83,35
2016-06-22 08:00:00,218,173,45
2016-06-22 09:00:00,187,131,56
2016-06-22 10:00:00,94,55,39
2016-06-22 11:00:00,55,33,22
2016-06-22 12:00:00,82,55,27
2016-06-22 13:00:00,78,29,49
2016-06-22 14:00:00,55,23,32
2016-06-22 15:00:00,74,29,45
2016-06-22 16:00:00,163,59,104
2016-06-22 17:00:00,282,80,202
2016-06-22 18:00:00,276,70,206
2016-06-22 19:00:00,129,47,82
2016-06-22 20:00:00,56,27,29
2016-06-22 21:00:00,27,7,20
2016-06-22 22:00:00,21,13,8
2016-06-22 23:00:00,7,3,4
2016-06-23 00:00:00,4,0,4
2016-06-23 01:00:00,4,1,3
2016-06-23 02:00:00,0,0,0
2016-06-23 03:00:00,2,0,2
2016-06-23 04:00:00,2,1,1
2016-06-23 05:00:00,6,1,5
2016-06-23 06:00:00,25,14,11
2016-06-23 07:00:00,56,30,26
2016-06-23 08:00:00,112,89,23
2016-06-23 09:00:00,124,94,30
2016-06-23 10:00:00,51,39,12
2016-06-23 11:00:00,17,9,8
2016-06-23 12:00:00,30,19,11
2016-06-23 13:00:00,45,24,21
2016-06-23 14:00:00,18,9,9
2016-06-23 15:00:00,34,14,20
2016-06-23 16:00:00,67,22,45
2016-06-23 17:00:00,111,24,87
2016-06-23 18:00:00,128,28,100
2016-06-23 19:00:00,53,11,42
2016-06-23 20:00:00,22,4,18
2016-06-23 21:00:00,7,2,5
2016-06-23 22:00:00,13,5,8
2016-06-23 23:00:00,7,2,5
2016-06-24 00:00:00,0,0,0
2016-06-24 01:00:00,2,2,0
2016-06-24 02:00:00,0,0,0
2016-06-24 03:00:00,0,0,0
2016-06-24 04:00:00,0,0,0
2016-06-24 05:00:00,5,3,2
2016-06-24 06:00:00,25,13,12
2016-06-24 07:00:00,59,33,26
2016-06-24 08:00:00,137,103,34
2016-06-24 09:00:00,112,83,29
2016-06-24 10:00:00,36,30,6
2016-06-24 11:00:00,45,23,22
2016-06-24 12:00:00,49,30,19
2016-06-24 13:00:00,38,15,23
2016-06-24 14:00:00,54,22,32
2016-06-24 15:00:00,76,37,39
2016-06-24 16:00:00,139,72,67
2016-06-24 17:00:00,173,59,114
2016-06-24 18:00:00,118,33,85
2016-06-24 19:00:00,55,18,37
2016-06-24 20:00:00,31,12,19
2016-06-24 21:00:00,13,5,8
2016-06-24 22:00:00,13,6,7
2016-06-24 23:00:00,11,1,10
2016-06-25 00:00:00,6,5,1
2016-06-25 01:00:00,6,2,4
2016-06-25 02:00:00,1,0,1
2016-06-25 03:00:00,0,0,0
2016-06-25 04:00:00,1,0,1
2016-06-25 05:00:00,3,1,2
2016-06-25 06:00:00,10,4,6
2016-06-25 07:00:00,18,10,8
2016-06-25 08:00:00,28,18,10
2016-06-25 09:00:00,50,28,22
2016-06-25 10:00:00,40,18,22
2016-06-25 11:00:00,83,44,39
2016-06-25 12:00:00,108,62,46
2016-06-25 13:00:00,154,101,53
2016-06-25 14:00:00,155,94,61
2016-06-25 15:00:00,141,63,78
2016-06-25 16:00:00,161,61,100
2016-06-25 17:00:00,169,58,111
2016-06-25 18:00:00,117,47,70
2016-06-25 19:00:00,86,46,40
2016-06-25 20:00:00,69,31,38
2016-06-25 21:00:00,29,15,14
2016-06-25 22:00:00,24,5,19
2016-06-25 23:00:00,16,1,15
2016-06-26 00:00:00,4,1,3
2016-06-26 01:00:00,5,1,4
2016-06-26 02:00:00,2,2,0
2016-06-26 03:00:00,2,0,2
2016-06-26 04:00:00,0,0,0
2016-06-26 05:00:00,1,0,1
2016-06-26 06:00:00,7,4,3
2016-06-26 07:00:00,10,6,4
2016-06-26 08:00:00,48,27,21
2016-06-26 09:00:00,77,42,35
2016-06-26 10:00:00,110,56,54
2016-06-26 11:00:00,110,72,38
2016-06-26 12:00:00,136,73,63
2016-06-26 13:00:00,211,118,93
2016-06-26 14:00:00,171,67,104
2016-06-26 15:00:00,156,60,96
2016-06-26 16:00:00,176,76,100
2016-06-26 17:00:00,136,57,79
2016-06-26 18:00:00,104,47,57
2016-06-26 19:00:00,70,32,38
2016-06-26 20:00:00,68,27,41
2016-06-26 21:00:00,22,14,8
2016-06-26 22:00:00,15,7,8
2016-06-26 23:00:00,10,3,7
2016-06-27 00:00:00,6,4,2
2016-06-27 01:00:00,1,0,1
2016-06-27 02:00:00,1,0,1
2016-06-27 03:00:00,3,0,3
2016-06-27 04:00:00,0,0,0
2016-06-27 05:00:00,8,2,6
2016-06-27 06:00:00,48,30,18
2016-06-27 07:00:00,116,84,32
2016-06-27 08:00:00,228,180,48
2016-06-27 09:00:00,163,105,58
2016-06-27 10:00:00,73,42,31
2016-06-27 11:00:00,48,29,19
2016-06-27 12:00:00,55,31,24
2016-06-27 13:00:00,57,45,12
2016-06-27 14:00:00,50,25,25
2016-06-27 15:00:00,74,38,36
2016-06-27 16:00:00,156,66,90
2016-06-27 17:00:00,256,76,180
2016-06-27 18:00:00,318,65,253
2016-06-27 19:00:00,116,43,73
2016-06-27 20:00:00,93,40,53
2016-06-27 21:00:00,43,23,20
2016-06-27 22:00:00,16,6,10
2016-06-27 23:00:00,3,2,1
2016-06-28 00:00:00,1,0,1
2016-06-28 01:00:00,0,0,0
2016-06-28 02:00:00,3,1,2
2016-06-28 03:00:00,1,0,1
2016-06-28 04:00:00,0,0,0
2016-06-28 05:00:00,13,5,8
2016-06-28 06:00:00,44,32,12
2016-06-28 07:00:00,138,96,42
2016-06-28 08:00:00,249,189,60
2016-06-28 09:00:00,168,124,44
2016-06-28 10:00:00,74,49,25
2016-06-28 11:00:00,54,24,30
2016-06-28 12:00:00,37,18,19
2016-06-28 13:00:00,48,22,26
2016-06-28 14:00:00,52,28,24
2016-06-28 15:00:00,73,35,38
2016-06-28 16:00:00,176,69,107
2016-06-28 17:00:00,296,79,217
2016-06-28 18:00:00,297,83,214
2016-06-28 19:00:00,140,47,93
2016-06-28 20:00:00,85,36,49
2016-06-28 21:00:00,49,29,20
2016-06-28 22:00:00,37,18,19
2016-06-28 23:00:00,24,3,21
2016-06-29 00:00:00,6,4,2
2016-06-29 01:00:00,2,2,0
2016-06-29 02:00:00,0,0,0
2016-06-29 03:00:00,3,0,3
2016-06-29 04:00:00,1,0,1
2016-06-29 05:00:00,7,4,3
2016-06-29 06:00:00,51,28,23
2016-06-29 07:00:00,102,70,32
2016-06-29 08:00:00,234,177,57
2016-06-29 09:00:00,159,110,49
2016-06-29 10:00:00,76,51,25
2016-06-29 11:00:00,46,25,21
2016-06-29 12:00:00,51,15,36
2016-06-29 13:00:00,49,31,18
2016-06-29 14:00:00,49,27,22
2016-06-29 15:00:00,68,28,40
2016-06-29 16:00:00,152,63,89
2016-06-29 17:00:00,278,77,201
2016-06-29 18:00:00,287,70,217
2016-06-29 19:00:00,151,51,100
2016-06-29 20:00:00,113,45,68
2016-06-29 21:00:00,49,24,25
2016-06-29 22:00:00,32,15,17
2016-06-29 23:00:00,14,6,8
2016-06-30 00:00:00,4,1,3
2016-06-30 01:00:00,3,2,1
2016-06-30 02:00:00,1,0,1
2016-06-30 03:00:00,1,0,1
2016-06-30 04:00:00,1,0,1
2016-06-30 05:00:00,8,3,5
2016-06-30 06:00:00,45,23,22
2016-06-30 07:00:00,103,71,32
2016-06-30 08:00:00,197,156,41
2016-06-30 09:00:00,138,109,29
2016-06-30 10:00:00,84,49,35
2016-06-30 11:00:00,47,26,21
2016-06-30 12:00:00,57,34,23
2016-06-30 13:00:00,56,29,27
2016-06-30 14:00:00,76,43,33
2016-06-30 15:00:00,61,32,29
2016-06-30 16:00:00,169,66,103
2016-06-30 17:00:00,247,70,177
2016-06-30 18:00:00,280,78,202
2016-06-30 19:00:00,129,45,84
2016-06-30 20:00:00,98,43,55
2016-06-30 21:00:00,42,19,23
2016-06-30 22:00:00,27,8,19
2016-06-30 23:00:00,4,1,3
2016-07-01 00:00:00,10,5,5
2016-07-01 01:00:00,3,1,2
2016-07-01 02:00:00,0,0,0
2016-07-01 03:00:00,1,0,1
2016-07-01 04:00:00,0,0,0
2016-07-01 05:00:00,8,4,4
2016-07-01 06:00:00,46,25,21
2016-07-01 07:00:00,71,42,29
2016-07-01 08:00:00,181,138,43
2016-07-01 09:00:00,145,106,39
2016-07-01 10:00:00,60,39,21
2016-07-01 11:00:00,46,23,23
2016-07-01 12:00:00,65,40,25
2016-07-01 13:00:00,49,20,29
2016-07-01 14:00:00,86,30,56
2016-07-01 15:00:00,116,54,62
2016-07-01 16:00:00,175,63,112
2016-07-01 17:00:00,201,62,139
2016-07-01 18:00:00,142,44,98
2016-07-01 19:00:00,73,22,51
2016-07-01 20:00:00,66,22,44
2016-07-01 21:00:00,22,16,6
2016-07-01 22:00:00,21,9,12
2016-07-01 23:00:00,24,5,19
2016-07-02 00:00:00,6,2,4
2016-07-02 01:00:00,3,1,2
2016-07-02 02:00:00,2,1,1
2016-07-02 03:00:00,3,0,3
2016-07-02 04:00:00,1,0,1
2016-07-02 05:00:00,2,2,0
2016-07-02 06:00:00,9,4,5
2016-07-02 07:00:00,15,10,5
2016-07-02 08:00:00,29,17,12
2016-07-02 09:00:00,45,24,21
2016-07-02 10:00:00,86,43,43
2016-07-02 11:00:00,94,45,49
2016-07-02 12:00:00,129,72,57
2016-07-02 13:00:00,124,61,63
2016-07-02 14:00:00,125,53,72
2016-07-02 15:00:00,99,49,50
2016-07-02 16:00:00,170,87,83
2016-07-02 17:00:00,129,59,70
2016-07-02 18:00:00,104,47,57
2016-07-02 19:00:00,85,32,53
2016-07-02 20:00:00,70,35,35
2016-07-02 21:00:00,31,17,14
2016-07-02 22:00:00,20,13,7
2016-07-02 23:00:00,8,2,6
2016-07-03 00:00:00,3,1,2
2016-07-03 01:00:00,1,0,1
2016-07-03 02:00:00,1,1,0
2016-07-03 03:00:00,2,0,2
2016-07-03 04:00:00,1,0,1
2016-07-03 05:00:00,1,0,1
2016-07-03 06:00:00,9,4,5
2016-07-03 07:00:00,5,2,3
2016-07-03 08:00:00,26,14,12
2016-07-03 09:00:00,36,20,16
2016-07-03 10:00:00,46,27,19
2016-07-03 11:00:00,87,31,56
2016-07-03 12:00:00,78,44,34
2016-07-03 13:00:00,90,46,44
2016-07-03 14:00:00,113,43,70
2016-07-03 15:00:00,164,87,77
2016-07-03 16:00:00,114,65,49
2016-07-03 17:00:00,166,66,100
2016-07-03 18:00:00,94,40,54
2016-07-03 19:00:00,57,31,26
2016-07-03 20:00:00,40,23,17
2016-07-03 21:00:00,26,15,11
2016-07-03 22:00:00,22,13,9
2016-07-03 23:00:00,4,3,1
2016-07-04 00:00:00,3,1,2
2016-07-04 01:00:00,3,0,3
2016-07-04 02:00:00,1,1,0
2016-07-04 03:00:00,2,0,2
2016-07-04 04:00:00,1,1,0
2016-07-04 05:00:00,1,1,0
2016-07-04 06:00:00,5,3,2
2016-07-04 07:00:00,4,2,2
2016-07-04 08:00:00,18,11,7
2016-07-04 09:00:00,30,14,16
2016-07-04 10:00:00,82,48,34
2016-07-04 11:00:00,78,40,38
2016-07-04 12:00:00,135,69,66
2016-07-04 13:00:00,149,69,80
2016-07-04 14:00:00,105,50,55
2016-07-04 15:00:00,134,62,72
2016-07-04 16:00:00,105,37,68
2016-07-04 17:00:00,77,36,41
2016-07-04 18:00:00,53,26,27
2016-07-04 19:00:00,30,9,21
2016-07-04 20:00:00,28,11,17
2016-07-04 21:00:00,8,4,4
2016-07-04 22:00:00,4,2,2
2016-07-04 23:00:00,10,3,7
2016-07-05 00:00:00,7,5,2
2016-07-05 01:00:00,3,2,1
2016-07-05 02:00:00,0,0,0
2016-07-05 03:00:00,0,0,0
2016-07-05 04:00:00,2,1,1
2016-07-05 05:00:00,2,0,2
2016-07-05 06:00:00,37,25,12
2016-07-05 07:00:00,60,42,18
2016-07-05 08:00:00,145,113,32
2016-07-05 09:00:00,132,98,34
2016-07-05 10:00:00,54,30,24
2016-07-05 11:00:00,27,15,12
2016-07-05 12:00:00,33,19,14
2016-07-05 13:00:00,33,17,16
2016-07-05 14:00:00,38,16,22
2016-07-05 15:00:00,52,23,29
2016-07-05 16:00:00,85,34,51
2016-07-05 17:00:00,163,51,112
2016-07-05 18:00:00,183,40,143
2016-07-05 19:00:00,109,44,65
2016-07-05 20:00:00,32,14,18
2016-07-05 21:00:00,20,9,11
2016-07-05 22:00:00,33,8,25
2016-07-05 23:00:00,9,3,6
2016-07-06 00:00:00,5,4,1
2016-07-06 01:00:00,2,1,1
2016-07-06 02:00:00,1,0,1
2016-07-06 03:00:00,4,0,4
2016-07-06 04:00:00,0,0,0
2016-07-06 05:00:00,8,3,5
2016-07-06 06:00:00,51,33,18
2016-07-06 07:00:00,109,76,33
2016-07-06 08:00:00,260,204,56
2016-07-06 09:00:00,185,131,54
2016-07-06 10:00:00,68,41,27
2016-07-06 11:00:00,55,30,25
2016-07-06 12:00:00,54,25,29
2016-07-06 13:00:00,76,46,30
2016-07-06 14:00:00,66,32,34
2016-07-06 15:00:00,89,37,52
2016-07-06 16:00:00,130,54,76
2016-07-06 17:00:00,350,111,239
2016-07-06 18:00:00,299,74,225
2016-07-06 19:00:00,186,64,122
2016-07-06 20:00:00,124,49,75
2016-07-06 21:00:00,34,22,12
2016-07-06 22:00:00,22,11,11
2016-07-06 23:00:00,10,4,6
2016-07-07 00:00:00,3,2,1
2016-07-07 01:00:00,1,0,1
2016-07-07 02:00:00,0,0,0
2016-07-07 03:00:00,0,0,0
2016-07-07 04:00:00,1,0,1
2016-07-07 05:00:00,5,1,4
2016-07-07 06:00:00,39,27,12
2016-07-07 07:00:00,86,53,33
2016-07-07 08:00:00,151,118,33
2016-07-07 09:00:00,142,96,46
2016-07-07 10:00:00,64,35,29
2016-07-07 11:00:00,36,19,17
2016-07-07 12:00:00,34,17,17
2016-07-07 13:00:00,35,17,18
2016-07-07 14:00:00,30,13,17
2016-07-07 15:00:00,55,25,30
2016-07-07 16:00:00,85,36,49
2016-07-07 17:00:00,177,58,119
2016-07-07 18:00:00,183,50,133
2016-07-07 19:00:00,50,13,37
2016-07-07 20:00:00,34,6,28
2016-07-07 21:00:00,15,8,7
2016-07-07 22:00:00,15,2,13
2016-07-07 23:00:00,5,0,5
2016-07-08 00:00:00,2,1,1
2016-07-08 01:00:00,6,6,0
2016-07-08 02:00:00,0,0,0
2016-07-08 03:00:00,0,0,0
2016-07-08 04:00:00,1,0,1
2016-07-08 05:00:00,6,3,3
2016-07-08 06:00:00,25,15,10
2016-07-08 07:00:00,56,35,21
2016-07-08 08:00:00,139,106,33
2016-07-08 09:00:00,101,73,28
2016-07-08 10:00:00,46,24,22
2016-07-08 11:00:00,31,12,19
2016-07-08 12:00:00,50,19,31
2016-07-08 13:00:00,47,29,18
2016-07-08 14:00:00,53,20,33
2016-07-08 15:00:00,62,31,31
2016-07-08 16:00:00,118,56,62
2016-07-08 17:00:00,177,51,126
2016-07-08 18:00:00,173,52,121
2016-07-08 19:00:00,114,40,74
2016-07-08 20:00:00,48,20,28
2016-07-08 21:00:00,24,12,12
2016-07-08 22:00:00,18,9,9
2016-07-08 23:00:00,13,6,7
2016-07-09 00:00:00,1,1,0
2016-07-09 01:00:00,2,1,1
2016-07-09 02:00:00,0,0,0
2016-07-09 03:00:00,1,0,1
2016-07-09 04:00:00,0,0,0
2016-07-09 05:00:00,0,0,0
2016-07-09 06:00:00,10,6,4
2016-07-09 07:00:00,13,7,6
2016-07-09 08:00:00,41,21,20
2016-07-09 09:00:00,51,31,20
2016-07-09 10:00:00,93,46,47
2016-07-09 11:00:00,129,101,28
2016-07-09 12:00:00,126,73,53
2016-07-09 13:00:00,103,49,54
2016-07-09 14:00:00,93,37,56
2016-07-09 15:00:00,157,39,118
2016-07-09 16:00:00,115,46,69
2016-07-09 17:00:00,76,33,43
2016-07-09 18:00:00,55,27,28
2016-07-09 19:00:00,19,10,9
2016-07-09 20:00:00,27,8,19
2016-07-09 21:00:00,10,4,6
2016-07-09 22:00:00,15,7,8
2016-07-09 23:00:00,6,1,5
2016-07-10 00:00:00,9,1,8
2016-07-10 01:00:00,1,1,0
2016-07-10 02:00:00,3,1,2
2016-07-10 03:00:00,1,0,1
2016-07-10 04:00:00,1,0,1
2016-07-10 05:00:00,0,0,0
2016-07-10 06:00:00,12,8,4
2016-07-10 07:00:00,11,5,6
2016-07-10 08:00:00,42,26,16
2016-07-10 09:00:00,45,23,22
2016-07-10 10:00:00,88,44,44
2016-07-10 11:00:00,96,54,42
2016-07-10 12:00:00,97,52,45
2016-07-10 13:00:00,118,45,73
2016-07-10 14:00:00,112,51,61
2016-07-10 15:00:00,179,80,99
2016-07-10 16:00:00,159,74,85
2016-07-10 17:00:00,155,76,79
2016-07-10 18:00:00,74,28,46
2016-07-10 19:00:00,50,28,22
2016-07-10 20:00:00,61,27,34
2016-07-10 21:00:00,30,17,13
2016-07-10 22:00:00,11,5,6
2016-07-10 23:00:00,9,2,7
2016-07-11 00:00:00,5,3,2
2016-07-11 01:00:00,0,0,0
2016-07-11 02:00:00,0,0,0
2016-07-11 03:00:00,2,1,1
2016-07-11 04:00:00,2,0,2
2016-07-11 05:00:00,5,2,3
2016-07-11 06:00:00,41,22,19
2016-07-11 07:00:00,98,73,25
2016-07-11 08:00:00,187,143,44
2016-07-11 09:00:00,135,102,33
2016-07-11 10:00:00,63,39,24
2016-07-11 11:00:00,40,20,20
2016-07-11 12:00:00,33,17,16
2016-07-11 13:00:00,52,25,27
2016-07-11 14:00:00,52,21,31
2016-07-11 15:00:00,80,38,42
2016-07-11 16:00:00,131,59,72
2016-07-11 17:00:00,267,88,179
2016-07-11 18:00:00,279,67,212
2016-07-11 19:00:00,151,59,92
2016-07-11 20:00:00,81,34,47
2016-07-11 21:00:00,43,22,21
2016-07-11 22:00:00,27,13,14
2016-07-11 23:00:00,9,5,4
2016-07-12 00:00:00,4,0,4
2016-07-12 01:00:00,0,0,0
2016-07-12 02:00:00,3,0,3
2016-07-12 03:00:00,3,0,3
2016-07-12 04:00:00,1,1,0
2016-07-12 05:00:00,7,1,6
2016-07-12 06:00:00,47,32,15
2016-07-12 07:00:00,88,61,27
2016-07-12 08:00:00,218,166,52
2016-07-12 09:00:00,155,116,39
2016-07-12 10:00:00,82,55,27
2016-07-12 11:00:00,62,33,29
2016-07-12 12:00:00,53,28,25
2016-07-12 13:00:00,56,29,27
2016-07-12 14:00:00,58,28,30
2016-07-12 15:00:00,82,49,33
2016-07-12 16:00:00,126,43,83
2016-07-12 17:00:00,270,84,186
2016-07-12 18:00:00,269,92,177
2016-07-12 19:00:00,136,48,88
2016-07-12 20:00:00,102,46,56
2016-07-12 21:00:00,48,28,20
2016-07-12 22:00:00,24,14,10
2016-07-12 23:00:00,10,2,8
2016-07-13 00:00:00,8,3,5
2016-07-13 01:00:00,1,0,1
2016-07-13 02:00:00,2,0,2
2016-07-13 03:00:00,1,0,1
2016-07-13 04:00:00,0,0,0
2016-07-13 05:00:00,7,2,5
2016-07-13 06:00:00,49,31,18
2016-07-13 07:00:00,111,75,36
2016-07-13 08:00:00,225,184,41
2016-07-13 09:00:00,172,134,38
2016-07-13 10:00:00,70,36,34
2016-07-13 11:00:00,47,22,25
2016-07-13 12:00:00,59,33,26
2016-07-13 13:00:00,59,30,29
2016-07-13 14:00:00,67,36,31
2016-07-13 15:00:00,74,39,35
2016-07-13 16:00:00,134,55,79
2016-07-13 17:00:00,277,100,177
2016-07-13 18:00:00,280,76,204
2016-07-13 19:00:00,184,75,109
2016-07-13 20:00:00,91,43,48
2016-07-13 21:00:00,40,19,21
2016-07-13 22:00:00,48,8,40
2016-07-13 23:00:00,19,4,15
2016-07-14 00:00:00,5,1,4
2016-07-14 01:00:00,1,0,1
2016-07-14 02:00:00,0,0,0
2016-07-14 03:00:00,1,0,1
2016-07-14 04:00:00,1,0,1
2016-07-14 05:00:00,8,0,8
2016-07-14 06:00:00,38,24,14
2016-07-14 07:00:00,105,77,28
2016-07-14 08:00:00,207,155,52
2016-07-14 09:00:00,168,103,65
2016-07-14 10:00:00,85,60,25
2016-07-14 11:00:00,51,30,21
2016-07-14 12:00:00,69,39,30
2016-07-14 13:00:00,75,39,36
2016-07-14 14:00:00,78,39,39
2016-07-14 15:00:00,87,47,40
2016-07-14 16:00:00,151,75,76
2016-07-14 17:00:00,287,99,188
2016-07-14 18:00:00,297,75,222
2016-07-14 19:00:00,149,62,87
2016-07-14 20:00:00,94,34,60
2016-07-14 21:00:00,36,15,21
2016-07-14 22:00:00,16,6,10
2016-07-14 23:00:00,9,3,6
2016-07-15 00:00:00,6,1,5
2016-07-15 01:00:00,1,1,0
2016-07-15 02:00:00,3,2,1
2016-07-15 03:00:00,2,1,1
2016-07-15 04:00:00,1,0,1
2016-07-15 05:00:00,5,2,3
2016-07-15 06:00:00,40,23,17
2016-07-15 07:00:00,86,52,34
2016-07-15 08:00:00,189,155,34
2016-07-15 09:00:00,124,97,27
2016-07-15 10:00:00,62,34,28
2016-07-15 11:00:00,68,37,31
2016-07-15 12:00:00,79,43,36
2016-07-15 13:00:00,76,33,43
2016-07-15 14:00:00,65,31,34
2016-07-15 15:00:00,103,47,56
2016-07-15 16:00:00,149,61,88
2016-07-15 17:00:00,257,80,177
2016-07-15 18:00:00,202,54,148
2016-07-15 19:00:00,101,34,67
2016-07-15 20:00:00,65,30,35
2016-07-15 21:00:00,41,22,19
2016-07-15 22:00:00,36,20,16
2016-07-15 23:00:00,19,7,12
2016-07-16 00:00:00,11,1,10
2016-07-16 01:00:00,4,0,4
2016-07-16 02:00:00,1,0,1
2016-07-16 03:00:00,1,1,0
2016-07-16 04:00:00,1,0,1
2016-07-16 05:00:00,2,2,0
2016-07-16 06:00:00,17,12,5
2016-07-16 07:00:00,22,9,13
2016-07-16 08:00:00,45,18,27
2016-07-16 09:00:00,50,29,21
2016-07-16 10:00:00,63,26,37
2016-07-16 11:00:00,90,35,55
2016-07-16 12:00:00,116,58,58
2016-07-16 13:00:00,128,69,59
2016-07-16 14:00:00,84,39,45
2016-07-16 15:00:00,117,60,57
2016-07-16 16:00:00,122,60,62
2016-07-16 17:00:00,102,48,54
2016-07-16 18:00:00,106,52,54
2016-07-16 19:00:00,82,37,45
2016-07-16 20:00:00,47,17,30
2016-07-16 21:00:00,30,14,16
2016-07-16 22:00:00,19,8,11
2016-07-16 23:00:00,13,3,10
2016-07-17 00:00:00,5,3,2
2016-07-17 01:00:00,5,3,2
2016-07-17 02:00:00,0,0,0
2016-07-17 03:00:00,3,0,3
2016-07-17 04:00:00,1,1,0
2016-07-17 05:00:00,0,0,0
2016-07-17 06:00:00,4,2,2
2016-07-17 07:00:00,8,4,4
2016-07-17 08:00:00,31,14,17
2016-07-17 09:00:00,62,29,33
2016-07-17 10:00:00,75,30,45
2016-07-17 11:00:00,97,41,56
2016-07-17 12:00:00,179,93,86
2016-07-17 13:00:00,153,62,91
2016-07-17 14:00:00,172,83,89
2016-07-17 15:00:00,157,61,96
2016-07-17 16:00:00,154,82,72
2016-07-17 17:00:00,119,48,71
2016-07-17 18:00:00,119,57,62
2016-07-17 19:00:00,95,51,44
2016-07-17 20:00:00,60,26,34
2016-07-17 21:00:00,37,27,10
2016-07-17 22:00:00,14,8,6
2016-07-17 23:00:00,10,4,6
2016-07-18 00:00:00,1,0,1
2016-07-18 01:00:00,1,1,0
2016-07-18 02:00:00,1,0,1
2016-07-18 03:00:00,5,0,5
2016-07-18 04:00:00,0,0,0
2016-07-18 05:00:00,7,2,5
2016-07-18 06:00:00,39,22,17
2016-07-18 07:00:00,87,56,31
2016-07-18 08:00:00,224,174,50
2016-07-18 09:00:00,152,114,38
2016-07-18 10:00:00,77,53,24
2016-07-18 11:00:00,63,34,29
2016-07-18 12:00:00,49,35,14
2016-07-18 13:00:00,34,18,16
2016-07-18 14:00:00,58,34,24
2016-07-18 15:00:00,52,19,33
2016-07-18 16:00:00,92,45,47
2016-07-18 17:00:00,228,63,165
2016-07-18 18:00:00,242,41,201
2016-07-18 19:00:00,100,29,71
2016-07-18 20:00:00,74,34,40
2016-07-18 21:00:00,11,8,3
2016-07-18 22:00:00,7,3,4
2016-07-18 23:00:00,5,1,4
2016-07-19 00:00:00,0,0,0
2016-07-19 01:00:00,2,0,2
2016-07-19 02:00:00,2,0,2
2016-07-19 03:00:00,1,0,1
2016-07-19 04:00:00,3,1,2
2016-07-19 05:00:00,44,31,13
2016-07-19 06:00:00,103,65,38
2016-07-19 07:00:00,200,167,33
2016-07-19 08:00:00,181,120,61
2016-07-19 09:00:00,76,49,27
2016-07-19 10:00:00,75,36,39
2016-07-19 11:00:00,50,29,21
2016-07-19 12:00:00,60,32,28
2016-07-19 13:00:00,48,24,24
2016-07-19 14:00:00,67,32,35
2016-07-19 15:00:00,131,45,86
2016-07-19 16:00:00,279,89,190
2016-07-19 17:00:00,319,85,234
2016-07-19 18:00:00,154,52,102
2016-07-19 19:00:00,102,53,49
2016-07-19 20:00:00,0,0,0
2016-07-19 21:00:00,63,32,31
2016-07-19 22:00:00,24,11,13
2016-07-19 23:00:00,10,1,9
2016-07-20 00:00:00,2,1,1
2016-07-20 01:00:00,2,0,2
2016-07-20 02:00:00,1,0,1
2016-07-20 03:00:00,2,1,1
2016-07-20 04:00:00,1,0,1
2016-07-20 05:00:00,9,4,5
2016-07-20 06:00:00,62,37,25
2016-07-20 07:00:00,114,82,32
2016-07-20 08:00:00,242,199,43
2016-07-20 09:00:00,161,117,44
2016-07-20 10:00:00,62,42,20
2016-07-20 11:00:00,65,34,31
2016-07-20 12:00:00,83,53,30
2016-07-20 13:00:00,60,33,27
2016-07-20 14:00:00,84,37,47
2016-07-20 15:00:00,101,43,58
2016-07-20 16:00:00,159,61,98
2016-07-20 17:00:00,313,86,227
2016-07-20 18:00:00,299,72,227
2016-07-20 19:00:00,150,53,97
2016-07-20 20:00:00,107,43,64
2016-07-20 21:00:00,50,29,21
2016-07-20 22:00:00,38,14,24
2016-07-20 23:00:00,8,7,1
2016-07-21 00:00:00,9,6,3
2016-07-21 01:00:00,2,0,2
2016-07-21 02:00:00,2,0,2
2016-07-21 03:00:00,4,0,4
2016-07-21 04:00:00,0,0,0
2016-07-21 05:00:00,9,4,5
2016-07-21 06:00:00,49,25,24
2016-07-21 07:00:00,129,88,41
2016-07-21 08:00:00,219,167,52
2016-07-21 09:00:00,170,74,96
2016-07-21 10:00:00,87,52,35
2016-07-21 11:00:00,78,41,37
2016-07-21 12:00:00,62,30,32
2016-07-21 13:00:00,86,46,40
2016-07-21 14:00:00,79,41,38
2016-07-21 15:00:00,89,48,41
2016-07-21 16:00:00,111,45,66
2016-07-21 17:00:00,295,100,195
2016-07-21 18:00:00,257,71,186
2016-07-21 19:00:00,147,45,102
2016-07-21 20:00:00,97,49,48
2016-07-21 21:00:00,23,8,15
2016-07-21 22:00:00,6,4,2
2016-07-21 23:00:00,6,0,6
2016-07-22 00:00:00,2,0,2
2016-07-22 01:00:00,3,2,1
2016-07-22 02:00:00,3,1,2
2016-07-22 03:00:00,0,0,0
2016-07-22 04:00:00,10,6,4
2016-07-22 05:00:00,29,17,12
2016-07-22 06:00:00,34,20,14
2016-07-22 07:00:00,73,52,21
2016-07-22 08:00:00,69,54,15
2016-07-22 09:00:00,24,17,7
2016-07-22 10:00:00,33,17,16
2016-07-22 11:00:00,27,14,13
2016-07-22 12:00:00,34,12,22
2016-07-22 13:00:00,46,22,24
2016-07-22 14:00:00,54,31,23
2016-07-22 15:00:00,105,51,54
2016-07-22 16:00:00,116,50,66
2016-07-22 17:00:00,115,31,84
2016-07-22 18:00:00,49,18,31
2016-07-22 19:00:00,16,12,4
2016-07-22 20:00:00,7,2,5
2016-07-22 21:00:00,13,4,9
2016-07-22 22:00:00,7,0,7
2016-07-22 23:00:00,1,0,1
2016-07-23 00:00:00,2,0,2
2016-07-23 01:00:00,6,1,5
2016-07-23 02:00:00,0,0,0
2016-07-23 03:00:00,1,0,1
2016-07-23 04:00:00,0,0,0
2016-07-23 05:00:00,9,4,5
2016-07-23 06:00:00,15,7,8
2016-07-23 07:00:00,33,15,18
2016-07-23 08:00:00,51,30,21
2016-07-23 09:00:00,69,31,38
2016-07-23 10:00:00,93,55,38
2016-07-23 11:00:00,82,36,46
2016-07-23 12:00:00,109,59,50
2016-07-23 13:00:00,99,48,51
2016-07-23 14:00:00,128,73,55
2016-07-23 15:00:00,119,61,58
2016-07-23 16:00:00,116,57,59
2016-07-23 17:00:00,138,64,74
2016-07-23 18:00:00,73,27,46
2016-07-23 19:00:00,61,34,27
2016-07-23 20:00:00,0,0,0
2016-07-23 21:00:00,40,22,18
2016-07-23 22:00:00,21,6,15
2016-07-23 23:00:00,12,2,10
2016-07-24 00:00:00,12,2,10
2016-07-24 01:00:00,13,0,13
2016-07-24 02:00:00,0,0,0
2016-07-24 03:00:00,3,0,3
2016-07-24 04:00:00,2,2,0
2016-07-24 05:00:00,4,2,2
2016-07-24 06:00:00,9,3,6
2016-07-24 07:00:00,15,10,5
2016-07-24 08:00:00,30,12,18
2016-07-24 09:00:00,73,43,30
2016-07-24 10:00:00,89,49,40
2016-07-24 11:00:00,144,83,61
2016-07-24 12:00:00,147,90,57
2016-07-24 13:00:00,158,80,78
2016-07-24 14:00:00,162,64,98
2016-07-24 15:00:00,213,119,94
2016-07-24 16:00:00,158,83,75
2016-07-24 17:00:00,134,51,83
2016-07-24 18:00:00,115,55,60
2016-07-24 19:00:00,95,50,45
2016-07-24 20:00:00,78,39,39
2016-07-24 21:00:00,25,10,15
2016-07-24 22:00:00,4,3,1
2016-07-24 23:00:00,3,0,3
2016-07-25 00:00:00,2,2,0
2016-07-25 01:00:00,1,1,0
2016-07-25 02:00:00,7,0,7
2016-07-25 03:00:00,0,0,0
2016-07-25 04:00:00,10,5,5
2016-07-25 05:00:00,44,32,12
2016-07-25 06:00:00,116,75,41
2016-07-25 07:00:00,238,177,61
2016-07-25 08:00:00,185,113,72
2016-07-25 09:00:00,73,37,36
2016-07-25 10:00:00,60,32,28
2016-07-25 11:00:00,50,28,22
2016-07-25 12:00:00,57,22,35
2016-07-25 13:00:00,58,32,26
2016-07-25 14:00:00,104,61,43
2016-07-25 15:00:00,138,72,66
2016-07-25 16:00:00,269,78,191
2016-07-25 17:00:00,305,80,225
2016-07-25 18:00:00,170,51,119
2016-07-25 19:00:00,99,42,57
2016-07-25 20:00:00,43,22,21
2016-07-25 21:00:00,24,15,9
2016-07-25 22:00:00,9,5,4
2016-07-25 23:00:00,6,3,3
2016-07-26 00:00:00,2,1,1
2016-07-26 01:00:00,3,0,3
2016-07-26 02:00:00,3,0,3
2016-07-26 03:00:00,1,1,0
2016-07-26 04:00:00,8,4,4
2016-07-26 05:00:00,53,33,20
2016-07-26 06:00:00,111,79,32
2016-07-26 07:00:00,238,180,58
2016-07-26 08:00:00,176,122,54
2016-07-26 09:00:00,93,58,35
2016-07-26 10:00:00,36,14,22
2016-07-26 11:00:00,37,15,22
2016-07-26 12:00:00,48,14,34
2016-07-26 13:00:00,51,29,22
2016-07-26 14:00:00,80,38,42
2016-07-26 15:00:00,138,58,80
2016-07-26 16:00:00,281,85,196
2016-07-26 17:00:00,310,78,232
2016-07-26 18:00:00,164,53,111
2016-07-26 19:00:00,106,40,66
2016-07-26 20:00:00,35,18,17
2016-07-26 21:00:00,43,32,11
2016-07-26 22:00:00,8,3,5
2016-07-26 23:00:00,3,2,1
2016-07-27 00:00:00,2,0,2
2016-07-27 01:00:00,0,0,0
2016-07-27 02:00:00,0,0,0
2016-07-27 03:00:00,1,0,1
2016-07-27 04:00:00,5,1,4
2016-07-27 05:00:00,54,32,22
2016-07-27 06:00:00,132,92,40
2016-07-27 07:00:00,224,173,51
2016-07-27 08:00:00,176,89,87
2016-07-27 09:00:00,86,44,42
2016-07-27 10:00:00,73,39,34
2016-07-27 11:00:00,70,38,32
2016-07-27 12:00:00,60,30,30
2016-07-27 13:00:00,55,28,27
2016-07-27 14:00:00,93,45,48
2016-07-27 15:00:00,141,57,84
2016-07-27 16:00:00,281,70,211
2016-07-27 17:00:00,292,74,218
2016-07-27 18:00:00,162,53,109
2016-07-27 19:00:00,88,34,54
2016-07-27 20:00:00,38,23,15
2016-07-27 21:00:00,28,14,14
2016-07-27 22:00:00,5,2,3
2016-07-27 23:00:00,2,2,0
2016-07-28 00:00:00,2,1,1
2016-07-28 01:00:00,0,0,0
2016-07-28 02:00:00,0,0,0
2016-07-28 03:00:00,0,0,0
2016-07-28 04:00:00,6,3,3
2016-07-28 05:00:00,41,25,16
2016-07-28 06:00:00,107,65,42
2016-07-28 07:00:00,218,169,49
2016-07-28 08:00:00,164,94,70
2016-07-28 09:00:00,80,49,31
2016-07-28 10:00:00,61,32,29
2016-07-28 11:00:00,60,31,29
2016-07-28 12:00:00,76,37,39
2016-07-28 13:00:00,76,43,33
2016-07-28 14:00:00,96,44,52
2016-07-28 15:00:00,145,57,88
2016-07-28 16:00:00,231,68,163
2016-07-28 17:00:00,261,71,190
2016-07-28 18:00:00,142,50,92
2016-07-28 19:00:00,102,34,68
2016-07-28 20:00:00,52,35,17
2016-07-28 21:00:00,25,13,12
2016-07-28 22:00:00,4,1,3
2016-07-28 23:00:00,6,5,1
2016-07-29 00:00:00,1,0,1
2016-07-29 01:00:00,1,1,0
2016-07-29 02:00:00,1,0,1
2016-07-29 03:00:00,0,0,0
2016-07-29 04:00:00,6,3,3
2016-07-29 05:00:00,28,18,10
2016-07-29 06:00:00,105,66,39
2016-07-29 07:00:00,206,158,48
2016-07-29 08:00:00,145,75,70
2016-07-29 09:00:00,59,29,30
2016-07-29 10:00:00,73,41,32
2016-07-29 11:00:00,71,35,36
2016-07-29 12:00:00,68,38,30
2016-07-29 13:00:00,82,38,44
2016-07-29 14:00:00,86,39,47
2016-07-29 15:00:00,170,70,100
2016-07-29 16:00:00,220,66,154
2016-07-29 17:00:00,230,65,165
2016-07-29 18:00:00,107,41,66
2016-07-29 19:00:00,70,31,39
2016-07-29 20:00:00,9,4,5
2016-07-29 21:00:00,22,11,11
2016-07-29 22:00:00,8,3,5
2016-07-29 23:00:00,8,5,3
2016-07-30 00:00:00,2,0,2
2016-07-30 01:00:00,3,1,2
2016-07-30 02:00:00,1,1,0
2016-07-30 03:00:00,0,0,0
2016-07-30 04:00:00,4,4,0
2016-07-30 05:00:00,8,3,5
2016-07-30 06:00:00,15,8,7
2016-07-30 07:00:00,35,19,16
2016-07-30 08:00:00,58,36,22
2016-07-30 09:00:00,70,44,26
2016-07-30 10:00:00,84,43,41
2016-07-30 11:00:00,118,61,57
2016-07-30 12:00:00,122,65,57
2016-07-30 13:00:00,117,49,68
2016-07-30 14:00:00,159,65,94
2016-07-30 15:00:00,143,65,78
2016-07-30 16:00:00,105,51,54
2016-07-30 17:00:00,95,48,47
2016-07-30 18:00:00,77,32,45
2016-07-30 19:00:00,52,23,29
2016-07-30 20:00:00,22,12,10
2016-07-30 21:00:00,18,4,14
2016-07-30 22:00:00,26,15,11
2016-07-30 23:00:00,5,3,2
2016-07-31 00:00:00,4,0,4
2016-07-31 01:00:00,0,0,0
2016-07-31 02:00:00,2,0,2
2016-07-31 03:00:00,1,0,1
2016-07-31 04:00:00,1,1,0
2016-07-31 05:00:00,6,4,2
2016-07-31 06:00:00,8,2,6
2016-07-31 07:00:00,23,16,7
2016-07-31 08:00:00,86,40,46
2016-07-31 09:00:00,65,43,22
2016-07-31 10:00:00,85,48,37
2016-07-31 11:00:00,153,99,54
2016-07-31 12:00:00,135,67,68
2016-07-31 13:00:00,127,75,52
2016-07-31 14:00:00,174,69,105
2016-07-31 15:00:00,184,83,101
2016-07-31 16:00:00,101,30,71
2016-07-31 17:00:00,90,40,50
2016-07-31 18:00:00,102,42,60
2016-07-31 19:00:00,55,29,26
2016-07-31 20:00:00,24,16,8
2016-07-31 21:00:00,9,3,6
2016-07-31 22:00:00,6,4,2
2016-07-31 23:00:00,2,1,1
2016-08-01 00:00:00,0,0,0
2016-08-01 01:00:00,2,1,1
2016-08-01 02:00:00,2,0,2
2016-08-01 03:00:00,0,0,0
2016-08-01 04:00:00,11,5,6
2016-08-01 05:00:00,38,22,16
2016-08-01 06:00:00,103,68,35
2016-08-01 07:00:00,176,146,30
2016-08-01 08:00:00,156,129,27
2016-08-01 09:00:00,62,31,31
2016-08-01 10:00:00,45,25,20
2016-08-01 11:00:00,67,35,32
2016-08-01 12:00:00,33,15,18
2016-08-01 13:00:00,72,33,39
2016-08-01 14:00:00,75,41,34
2016-08-01 15:00:00,122,61,61
2016-08-01 16:00:00,239,67,172
2016-08-01 17:00:00,299,60,239
2016-08-01 18:00:00,134,44,90
2016-08-01 19:00:00,87,37,50
2016-08-01 20:00:00,29,11,18
2016-08-01 21:00:00,19,9,10
2016-08-01 22:00:00,6,2,4
2016-08-01 23:00:00,3,0,3
2016-08-02 00:00:00,4,2,2
2016-08-02 01:00:00,2,0,2
2016-08-02 02:00:00,4,0,4
2016-08-02 03:00:00,0,0,0
2016-08-02 04:00:00,6,2,4
2016-08-02 05:00:00,44,24,20
2016-08-02 06:00:00,84,60,24
2016-08-02 07:00:00,167,126,41
2016-08-02 08:00:00,132,101,31
2016-08-02 09:00:00,56,43,13
2016-08-02 10:00:00,53,22,31
2016-08-02 11:00:00,29,12,17
2016-08-02 12:00:00,44,33,11
2016-08-02 13:00:00,46,19,27
2016-08-02 14:00:00,66,34,32
2016-08-02 15:00:00,121,54,67
2016-08-02 16:00:00,193,54,139
2016-08-02 17:00:00,224,65,159
2016-08-02 18:00:00,86,32,54
2016-08-02 19:00:00,54,20,34
2016-08-02 20:00:00,0,0,0
2016-08-02 21:00:00,0,0,0
2016-08-02 22:00:00,0,0,0
2016-08-02 23:00:00,0,0,0
2016-08-03 00:00:00,0,0,0
2016-08-03 01:00:00,0,0,0
2016-08-03 02:00:00,0,0,0
2016-08-03 03:00:00,0,0,0
2016-08-03 04:00:00,0,0,0
2016-08-03 05:00:00,0,0,0
2016-08-03 06:00:00,0,0,0
2016-08-03 07:00:00,0,0,0
2016-08-03 08:00:00,0,0,0
2016-08-03 09:00:00,0,0,0
2016-08-03 10:00:00,0,0,0
2016-08-03 11:00:00,0,0,0
2016-08-03 12:00:00,0,0,0
2016-08-03 13:00:00,0,0,0
2016-08-03 14:00:00,0,0,0
2016-08-03 15:00:00,0,0,0
2016-08-03 16:00:00,0,0,0
2016-08-03 17:00:00,0,0,0
2016-08-03 18:00:00,0,0,0
2016-08-03 19:00:00,0,0,0
2016-08-03 20:00:00,0,0,0
2016-08-03 21:00:00,0,0,0
2016-08-03 22:00:00,0,0,0
2016-08-03 23:00:00,0,0,0
2016-08-04 00:00:00,0,0,0
2016-08-04 01:00:00,0,0,0
2016-08-04 02:00:00,0,0,0
2016-08-04 03:00:00,0,0,0
2016-08-04 04:00:00,0,0,0
2016-08-04 05:00:00,0,0,0
2016-08-04 06:00:00,0,0,0
2016-08-04 07:00:00,0,0,0
2016-08-04 08:00:00,0,0,0
2016-08-04 09:00:00,0,0,0
2016-08-04 10:00:00,0,0,0
2016-08-04 11:00:00,0,0,0
2016-08-04 12:00:00,0,0,0
2016-08-04 13:00:00,0,0,0
2016-08-04 14:00:00,0,0,0
2016-08-04 15:00:00,0,0,0
2016-08-04 16:00:00,0,0,0
2016-08-04 17:00:00,0,0,0
2016-08-04 18:00:00,0,0,0
2016-08-04 19:00:00,0,0,0
2016-08-04 20:00:00,0,0,0
2016-08-04 21:00:00,0,0,0
2016-08-04 22:00:00,0,0,0
2016-08-04 23:00:00,0,0,0
2016-08-05 00:00:00,0,0,0
2016-08-05 01:00:00,0,0,0
2016-08-05 02:00:00,0,0,0
2016-08-05 03:00:00,0,0,0
2016-08-05 04:00:00,0,0,0
2016-08-05 05:00:00,0,0,0
2016-08-05 06:00:00,0,0,0
2016-08-05 07:00:00,0,0,0
2016-08-05 08:00:00,0,0,0
2016-08-05 09:00:00,0,0,0
2016-08-05 10:00:00,14,4,10
2016-08-05 11:00:00,78,47,31
2016-08-05 12:00:00,89,41,48
2016-08-05 13:00:00,86,36,50
2016-08-05 14:00:00,109,40,69
2016-08-05 15:00:00,171,80,91
2016-08-05 16:00:00,268,87,181
2016-08-05 17:00:00,196,43,153
2016-08-05 18:00:00,121,44,77
2016-08-05 19:00:00,58,28,30
2016-08-05 20:00:00,36,18,18
2016-08-05 21:00:00,20,7,13
2016-08-05 22:00:00,19,7,12
2016-08-05 23:00:00,4,1,3
2016-08-06 00:00:00,6,2,4
2016-08-06 01:00:00,0,0,0
2016-08-06 02:00:00,2,0,2
2016-08-06 03:00:00,3,1,2
2016-08-06 04:00:00,2,1,1
2016-08-06 05:00:00,7,6,1
2016-08-06 06:00:00,9,3,6
2016-08-06 07:00:00,39,22,17
2016-08-06 08:00:00,59,36,23
2016-08-06 09:00:00,63,30,33
2016-08-06 10:00:00,71,41,30
2016-08-06 11:00:00,109,60,49
2016-08-06 12:00:00,100,45,55
2016-08-06 13:00:00,128,64,64
2016-08-06 14:00:00,92,31,61
2016-08-06 15:00:00,93,49,44
2016-08-06 16:00:00,132,70,62
2016-08-06 17:00:00,80,42,38
2016-08-06 18:00:00,118,58,60
2016-08-06 19:00:00,51,27,24
2016-08-06 20:00:00,18,10,8
2016-08-06 21:00:00,23,6,17
2016-08-06 22:00:00,19,8,11
2016-08-06 23:00:00,31,3,28
2016-08-07 00:00:00,14,1,13
2016-08-07 01:00:00,0,0,0
2016-08-07 02:00:00,1,0,1
2016-08-07 03:00:00,1,0,1
2016-08-07 04:00:00,3,2,1
2016-08-07 05:00:00,1,1,0
2016-08-07 06:00:00,13,7,6
2016-08-07 07:00:00,27,17,10
2016-08-07 08:00:00,41,21,20
2016-08-07 09:00:00,82,47,35
2016-08-07 10:00:00,92,49,43
2016-08-07 11:00:00,86,46,40
2016-08-07 12:00:00,75,36,39
2016-08-07 13:00:00,99,50,49
2016-08-07 14:00:00,107,51,56
2016-08-07 15:00:00,105,43,62
2016-08-07 16:00:00,82,32,50
2016-08-07 17:00:00,94,46,48
2016-08-07 18:00:00,71,34,37
2016-08-07 19:00:00,39,22,17
2016-08-07 20:00:00,0,0,0
2016-08-07 21:00:00,16,8,8
2016-08-07 22:00:00,7,4,3
2016-08-07 23:00:00,0,0,0
2016-08-08 00:00:00,2,0,2
2016-08-08 01:00:00,0,0,0
2016-08-08 02:00:00,2,0,2
2016-08-08 03:00:00,0,0,0
2016-08-08 04:00:00,4,0,4
2016-08-08 05:00:00,46,29,17
2016-08-08 06:00:00,75,48,27
2016-08-08 07:00:00,183,143,40
2016-08-08 08:00:00,149,110,39
2016-08-08 09:00:00,57,36,21
2016-08-08 10:00:00,26,14,12
2016-08-08 11:00:00,52,27,25
2016-08-08 12:00:00,24,13,11
2016-08-08 13:00:00,35,21,14
2016-08-08 14:00:00,42,22,20
2016-08-08 15:00:00,115,53,62
2016-08-08 16:00:00,254,87,167
2016-08-08 17:00:00,228,74,154
2016-08-08 18:00:00,113,41,72
2016-08-08 19:00:00,89,43,46
2016-08-08 20:00:00,18,11,7
2016-08-08 21:00:00,21,4,17
2016-08-08 22:00:00,4,0,4
2016-08-08 23:00:00,4,0,4
2016-08-09 00:00:00,0,0,0
2016-08-09 01:00:00,1,0,1
2016-08-09 02:00:00,4,0,4
2016-08-09 03:00:00,0,0,0
2016-08-09 04:00:00,6,3,3
2016-08-09 05:00:00,49,30,19
2016-08-09 06:00:00,95,64,31
2016-08-09 07:00:00,213,171,42
2016-08-09 08:00:00,154,115,39
2016-08-09 09:00:00,51,35,16
2016-08-09 10:00:00,51,29,22
2016-08-09 11:00:00,50,32,18
2016-08-09 12:00:00,47,20,27
2016-08-09 13:00:00,63,24,39
2016-08-09 14:00:00,67,30,37
2016-08-09 15:00:00,133,63,70
2016-08-09 16:00:00,242,76,166
2016-08-09 17:00:00,244,66,178
2016-08-09 18:00:00,114,43,71
2016-08-09 19:00:00,47,15,32
2016-08-09 20:00:00,21,13,8
2016-08-09 21:00:00,7,4,3
2016-08-09 22:00:00,7,2,5
2016-08-09 23:00:00,4,0,4
2016-08-10 00:00:00,3,0,3
2016-08-10 01:00:00,3,0,3
2016-08-10 02:00:00,2,0,2
2016-08-10 03:00:00,1,0,1
2016-08-10 04:00:00,6,3,3
2016-08-10 05:00:00,37,24,13
2016-08-10 06:00:00,102,70,32
2016-08-10 07:00:00,218,177,41
2016-08-10 08:00:00,157,110,47
2016-08-10 09:00:00,77,51,26
2016-08-10 10:00:00,49,33,16
2016-08-10 11:00:00,64,28,36
2016-08-10 12:00:00,56,31,25
2016-08-10 13:00:00,93,36,57
2016-08-10 14:00:00,100,54,46
2016-08-10 15:00:00,118,50,68
2016-08-10 16:00:00,279,78,201
2016-08-10 17:00:00,275,78,197
2016-08-10 18:00:00,154,63,91
2016-08-10 19:00:00,77,34,43
2016-08-10 20:00:00,25,9,16
2016-08-10 21:00:00,23,15,8
2016-08-10 22:00:00,22,5,17
2016-08-10 23:00:00,4,0,4
2016-08-11 00:00:00,0,0,0
2016-08-11 01:00:00,0,0,0
2016-08-11 02:00:00,2,0,2
2016-08-11 03:00:00,1,0,1
2016-08-11 04:00:00,8,3,5
2016-08-11 05:00:00,42,27,15
2016-08-11 06:00:00,107,67,40
2016-08-11 07:00:00,206,159,47
2016-08-11 08:00:00,180,124,56
2016-08-11 09:00:00,88,52,36
2016-08-11 10:00:00,62,42,20
2016-08-11 11:00:00,55,28,27
2016-08-11 12:00:00,71,37,34
2016-08-11 13:00:00,64,26,38
2016-08-11 14:00:00,102,49,53
2016-08-11 15:00:00,128,52,76
2016-08-11 16:00:00,248,77,171
2016-08-11 17:00:00,312,125,187
2016-08-11 18:00:00,162,56,106
2016-08-11 19:00:00,151,36,115
2016-08-11 20:00:00,52,21,31
2016-08-11 21:00:00,21,12,9
2016-08-11 22:00:00,19,8,11
2016-08-11 23:00:00,13,9,4
2016-08-12 00:00:00,4,1,3
2016-08-12 01:00:00,6,5,1
2016-08-12 02:00:00,1,0,1
2016-08-12 03:00:00,0,0,0
2016-08-12 04:00:00,5,3,2
2016-08-12 05:00:00,42,27,15
2016-08-12 06:00:00,98,62,36
2016-08-12 07:00:00,179,138,41
2016-08-12 08:00:00,145,94,51
2016-08-12 09:00:00,72,45,27
2016-08-12 10:00:00,62,36,26
2016-08-12 11:00:00,49,28,21
2016-08-12 12:00:00,77,42,35
2016-08-12 13:00:00,89,38,51
2016-08-12 14:00:00,107,43,64
2016-08-12 15:00:00,154,58,96
2016-08-12 16:00:00,221,71,150
2016-08-12 17:00:00,210,57,153
2016-08-12 18:00:00,87,26,61
2016-08-12 19:00:00,75,40,35
2016-08-12 20:00:00,26,15,11
2016-08-12 21:00:00,16,7,9
2016-08-12 22:00:00,8,5,3
2016-08-12 23:00:00,13,9,4
2016-08-13 00:00:00,6,2,4
2016-08-13 01:00:00,17,4,13
2016-08-13 02:00:00,2,1,1
2016-08-13 03:00:00,1,0,1
2016-08-13 04:00:00,3,2,1
2016-08-13 05:00:00,6,3,3
2016-08-13 06:00:00,27,20,7
2016-08-13 07:00:00,33,17,16
2016-08-13 08:00:00,64,36,28
2016-08-13 09:00:00,99,47,52
2016-08-13 10:00:00,137,64,73
2016-08-13 11:00:00,149,92,57
2016-08-13 12:00:00,160,85,75
2016-08-13 13:00:00,101,43,58
2016-08-13 14:00:00,142,75,67
2016-08-13 15:00:00,110,60,50
2016-08-13 16:00:00,79,26,53
2016-08-13 17:00:00,81,35,46
2016-08-13 18:00:00,69,24,45
2016-08-13 19:00:00,51,25,26
2016-08-13 20:00:00,31,10,21
2016-08-13 21:00:00,16,4,12
2016-08-13 22:00:00,3,1,2
2016-08-13 23:00:00,3,1,2
2016-08-14 00:00:00,2,0,2
2016-08-14 01:00:00,2,0,2
2016-08-14 02:00:00,4,1,3
2016-08-14 03:00:00,0,0,0
2016-08-14 04:00:00,1,1,0
2016-08-14 05:00:00,4,4,0
2016-08-14 06:00:00,17,7,10
2016-08-14 07:00:00,41,20,21
2016-08-14 08:00:00,84,42,42
2016-08-14 09:00:00,74,29,45
2016-08-14 10:00:00,136,67,69
2016-08-14 11:00:00,122,66,56
2016-08-14 12:00:00,135,63,72
2016-08-14 13:00:00,170,86,84
2016-08-14 14:00:00,165,81,84
2016-08-14 15:00:00,142,79,63
2016-08-14 16:00:00,116,64,52
2016-08-14 17:00:00,109,48,61
2016-08-14 18:00:00,129,35,94
2016-08-14 19:00:00,72,26,46
2016-08-14 20:00:00,17,9,8
2016-08-14 21:00:00,16,4,12
2016-08-14 22:00:00,8,7,1
2016-08-14 23:00:00,2,1,1
2016-08-15 00:00:00,2,0,2
2016-08-15 01:00:00,1,0,1
2016-08-15 02:00:00,7,0,7
2016-08-15 03:00:00,1,0,1
2016-08-15 04:00:00,9,4,5
2016-08-15 05:00:00,44,27,17
2016-08-15 06:00:00,104,68,36
2016-08-15 07:00:00,218,170,48
2016-08-15 08:00:00,166,128,38
2016-08-15 09:00:00,75,32,43
2016-08-15 10:00:00,55,25,30
2016-08-15 11:00:00,38,20,18
2016-08-15 12:00:00,49,29,20
2016-08-15 13:00:00,72,32,40
2016-08-15 14:00:00,83,45,38
2016-08-15 15:00:00,136,52,84
2016-08-15 16:00:00,264,74,190
2016-08-15 17:00:00,265,61,204
2016-08-15 18:00:00,137,43,94
2016-08-15 19:00:00,68,36,32
2016-08-15 20:00:00,33,17,16
2016-08-15 21:00:00,14,6,8
2016-08-15 22:00:00,6,1,5
2016-08-15 23:00:00,3,1,2
2016-08-16 00:00:00,5,4,1
2016-08-16 01:00:00,2,0,2
2016-08-16 02:00:00,8,2,6
2016-08-16 03:00:00,1,0,1
2016-08-16 04:00:00,7,4,3
2016-08-16 05:00:00,50,28,22
2016-08-16 06:00:00,108,75,33
2016-08-16 07:00:00,217,177,40
2016-08-16 08:00:00,172,123,49
2016-08-16 09:00:00,68,49,19
2016-08-16 10:00:00,64,38,26
2016-08-16 11:00:00,41,24,17
2016-08-16 12:00:00,59,22,37
2016-08-16 13:00:00,59,30,29
2016-08-16 14:00:00,96,51,45
2016-08-16 15:00:00,138,62,76
2016-08-16 16:00:00,233,70,163
2016-08-16 17:00:00,268,78,190
2016-08-16 18:00:00,147,51,96
2016-08-16 19:00:00,75,42,33
2016-08-16 20:00:00,29,16,13
2016-08-16 21:00:00,35,18,17
2016-08-16 22:00:00,4,0,4
2016-08-16 23:00:00,8,4,4
2016-08-17 00:00:00,7,5,2
2016-08-17 01:00:00,0,0,0
2016-08-17 02:00:00,1,0,1
2016-08-17 03:00:00,1,1,0
2016-08-17 04:00:00,6,4,2
2016-08-17 05:00:00,45,27,18
2016-08-17 06:00:00,106,68,38
2016-08-17 07:00:00,203,162,41
2016-08-17 08:00:00,153,109,44
2016-08-17 09:00:00,76,47,29
2016-08-17 10:00:00,76,36,40
2016-08-17 11:00:00,62,41,21
2016-08-17 12:00:00,60,34,26
2016-08-17 13:00:00,64,33,31
2016-08-17 14:00:00,78,36,42
2016-08-17 15:00:00,116,52,64
2016-08-17 16:00:00,224,85,139
2016-08-17 17:00:00,242,66,176
2016-08-17 18:00:00,148,41,107
2016-08-17 19:00:00,107,33,74
2016-08-17 20:00:00,31,20,11
2016-08-17 21:00:00,20,12,8
2016-08-17 22:00:00,8,4,4
2016-08-17 23:00:00,5,1,4
2016-08-18 00:00:00,2,0,2
2016-08-18 01:00:00,0,0,0
2016-08-18 02:00:00,1,0,1
2016-08-18 03:00:00,1,0,1
2016-08-18 04:00:00,7,3,4
2016-08-18 05:00:00,35,22,13
2016-08-18 06:00:00,90,55,35
2016-08-18 07:00:00,168,136,32
2016-08-18 08:00:00,134,91,43
2016-08-18 09:00:00,67,46,21
2016-08-18 10:00:00,64,44,20
2016-08-18 11:00:00,48,25,23
2016-08-18 12:00:00,67,43,24
2016-08-18 13:00:00,77,38,39
2016-08-18 14:00:00,53,24,29
2016-08-18 15:00:00,94,39,55
2016-08-18 16:00:00,204,63,141
2016-08-18 17:00:00,195,51,144
2016-08-18 18:00:00,130,56,74
2016-08-18 19:00:00,82,42,40
2016-08-18 20:00:00,49,28,21
2016-08-18 21:00:00,26,12,14
2016-08-18 22:00:00,22,7,15
2016-08-18 23:00:00,12,7,5
2016-08-19 00:00:00,5,3,2
2016-08-19 01:00:00,3,0,3
2016-08-19 02:00:00,6,3,3
2016-08-19 03:00:00,1,0,1
2016-08-19 04:00:00,10,7,3
2016-08-19 05:00:00,30,20,10
2016-08-19 06:00:00,65,48,17
2016-08-19 07:00:00,138,101,37
2016-08-19 08:00:00,139,82,57
2016-08-19 09:00:00,63,45,18
2016-08-19 10:00:00,41,18,23
2016-08-19 11:00:00,51,17,34
2016-08-19 12:00:00,52,19,33
2016-08-19 13:00:00,50,23,27
2016-08-19 14:00:00,44,24,20
2016-08-19 15:00:00,32,16,16
2016-08-19 16:00:00,39,23,16
2016-08-19 17:00:00,68,36,32
2016-08-19 18:00:00,32,10,22
2016-08-19 19:00:00,31,25,6
2016-08-19 20:00:00,15,14,1
2016-08-19 21:00:00,17,10,7
2016-08-19 22:00:00,8,6,2
2016-08-19 23:00:00,3,1,2
2016-08-20 00:00:00,12,7,5
2016-08-20 01:00:00,0,0,0
2016-08-20 02:00:00,12,11,1
2016-08-20 03:00:00,0,0,0
2016-08-20 04:00:00,2,2,0
2016-08-20 05:00:00,2,2,0
2016-08-20 06:00:00,26,13,13
2016-08-20 07:00:00,45,22,23
2016-08-20 08:00:00,77,44,33
2016-08-20 09:00:00,45,18,27
2016-08-20 10:00:00,73,41,32
2016-08-20 11:00:00,33,12,21
2016-08-20 12:00:00,47,25,22
2016-08-20 13:00:00,41,17,24
2016-08-20 14:00:00,44,21,23
2016-08-20 15:00:00,22,8,14
2016-08-20 16:00:00,35,17,18
2016-08-20 17:00:00,42,25,17
2016-08-20 18:00:00,26,16,10
2016-08-20 19:00:00,40,32,8
2016-08-20 20:00:00,12,8,4
2016-08-20 21:00:00,14,6,8
2016-08-20 22:00:00,5,5,0
2016-08-20 23:00:00,3,0,3
2016-08-21 00:00:00,7,3,4
2016-08-21 01:00:00,12,3,9
2016-08-21 02:00:00,10,10,0
2016-08-21 03:00:00,2,0,2
2016-08-21 04:00:00,4,3,1
2016-08-21 05:00:00,7,5,2
2016-08-21 06:00:00,4,2,2
2016-08-21 07:00:00,24,17,7
2016-08-21 08:00:00,30,23,7
2016-08-21 09:00:00,34,14,20
2016-08-21 10:00:00,60,24,36
2016-08-21 11:00:00,40,15,25
2016-08-21 12:00:00,46,21,25
2016-08-21 13:00:00,34,13,21
2016-08-21 14:00:00,41,16,25
2016-08-21 15:00:00,45,25,20
2016-08-21 16:00:00,36,14,22
2016-08-21 17:00:00,50,27,23
2016-08-21 18:00:00,52,29,23
2016-08-21 19:00:00,43,32,11
2016-08-21 20:00:00,20,10,10
2016-08-21 21:00:00,63,55,8
2016-08-21 22:00:00,45,33,12
2016-08-21 23:00:00,13,12,1
2016-08-22 00:00:00,9,4,5
2016-08-22 01:00:00,2,0,2
2016-08-22 02:00:00,7,7,0
2016-08-22 03:00:00,8,7,1
2016-08-22 04:00:00,13,7,6
2016-08-22 05:00:00,41,31,10
2016-08-22 06:00:00,85,48,37
2016-08-22 07:00:00,193,147,46
2016-08-22 08:00:00,172,128,44
2016-08-22 09:00:00,51,30,21
2016-08-22 10:00:00,47,29,18
2016-08-22 11:00:00,44,27,17
2016-08-22 12:00:00,38,20,18
2016-08-22 13:00:00,38,19,19
2016-08-22 14:00:00,80,40,40
2016-08-22 15:00:00,112,42,70
2016-08-22 16:00:00,215,69,146
2016-08-22 17:00:00,252,74,178
2016-08-22 18:00:00,126,43,83
2016-08-22 19:00:00,78,32,46
2016-08-22 20:00:00,29,21,8
2016-08-22 21:00:00,12,7,5
2016-08-22 22:00:00,10,0,10
2016-08-22 23:00:00,5,4,1
2016-08-23 00:00:00,2,0,2
2016-08-23 01:00:00,5,3,2
2016-08-23 02:00:00,1,0,1
2016-08-23 03:00:00,0,0,0
2016-08-23 04:00:00,8,3,5
2016-08-23 05:00:00,37,22,15
2016-08-23 06:00:00,105,64,41
2016-08-23 07:00:00,261,197,64
2016-08-23 08:00:00,156,115,41
2016-08-23 09:00:00,82,44,38
2016-08-23 10:00:00,48,35,13
2016-08-23 11:00:00,46,25,21
2016-08-23 12:00:00,54,34,20
2016-08-23 13:00:00,59,35,24
2016-08-23 14:00:00,92,45,47
2016-08-23 15:00:00,109,48,61
2016-08-23 16:00:00,273,93,180
2016-08-23 17:00:00,268,64,204
2016-08-23 18:00:00,138,52,86
2016-08-23 19:00:00,87,47,40
2016-08-23 20:00:00,16,6,10
2016-08-23 21:00:00,13,4,9
2016-08-23 22:00:00,9,3,6
2016-08-23 23:00:00,6,1,5
2016-08-24 00:00:00,6,2,4
2016-08-24 01:00:00,1,0,1
2016-08-24 02:00:00,1,1,0
2016-08-24 03:00:00,1,0,1
2016-08-24 04:00:00,11,6,5
2016-08-24 05:00:00,44,24,20
2016-08-24 06:00:00,106,75,31
2016-08-24 07:00:00,232,187,45
2016-08-24 08:00:00,170,121,49
2016-08-24 09:00:00,77,42,35
2016-08-24 10:00:00,54,30,24
2016-08-24 11:00:00,65,38,27
2016-08-24 12:00:00,59,38,21
2016-08-24 13:00:00,66,29,37
2016-08-24 14:00:00,73,30,43
2016-08-24 15:00:00,145,55,90
2016-08-24 16:00:00,275,73,202
2016-08-24 17:00:00,235,54,181
2016-08-24 18:00:00,141,47,94
2016-08-24 19:00:00,82,38,44
2016-08-24 20:00:00,35,13,22
2016-08-24 21:00:00,15,7,8
2016-08-24 22:00:00,4,4,0
2016-08-24 23:00:00,4,2,2
2016-08-25 00:00:00,1,0,1
2016-08-25 01:00:00,0,0,0
2016-08-25 02:00:00,1,0,1
2016-08-25 03:00:00,2,2,0
2016-08-25 04:00:00,10,4,6
2016-08-25 05:00:00,38,26,12
2016-08-25 06:00:00,103,66,37
2016-08-25 07:00:00,210,154,56
2016-08-25 08:00:00,166,118,48
2016-08-25 09:00:00,87,54,33
2016-08-25 10:00:00,59,30,29
2016-08-25 11:00:00,63,34,29
2016-08-25 12:00:00,84,54,30
2016-08-25 13:00:00,71,39,32
2016-08-25 14:00:00,79,39,40
2016-08-25 15:00:00,136,52,84
2016-08-25 16:00:00,256,91,165
2016-08-25 17:00:00,283,74,209
2016-08-25 18:00:00,118,30,88
2016-08-25 19:00:00,69,30,39
2016-08-25 20:00:00,27,15,12
2016-08-25 21:00:00,25,4,21
2016-08-25 22:00:00,16,4,12
2016-08-25 23:00:00,4,1,3
2016-08-26 00:00:00,2,2,0
2016-08-26 01:00:00,3,0,3
2016-08-26 02:00:00,0,0,0
2016-08-26 03:00:00,0,0,0
2016-08-26 04:00:00,7,4,3
2016-08-26 05:00:00,32,19,13
2016-08-26 06:00:00,82,52,30
2016-08-26 07:00:00,168,122,46
2016-08-26 08:00:00,135,98,37
2016-08-26 09:00:00,77,45,32
2016-08-26 10:00:00,55,24,31
2016-08-26 11:00:00,79,43,36
2016-08-26 12:00:00,70,37,33
2016-08-26 13:00:00,65,36,29
2016-08-26 14:00:00,113,48,65
2016-08-26 15:00:00,130,52,78
2016-08-26 16:00:00,204,66,138
2016-08-26 17:00:00,165,39,126
2016-08-26 18:00:00,105,34,71
2016-08-26 19:00:00,51,22,29
2016-08-26 20:00:00,11,4,7
2016-08-26 21:00:00,9,3,6
2016-08-26 22:00:00,13,7,6
2016-08-26 23:00:00,10,4,6
2016-08-27 00:00:00,1,0,1
2016-08-27 01:00:00,1,0,1
2016-08-27 02:00:00,0,0,0
2016-08-27 03:00:00,0,0,0
2016-08-27 04:00:00,3,3,0
2016-08-27 05:00:00,8,2,6
2016-08-27 06:00:00,23,12,11
2016-08-27 07:00:00,42,26,16
2016-08-27 08:00:00,89,50,39
2016-08-27 09:00:00,67,35,32
2016-08-27 10:00:00,59,30,29
2016-08-27 11:00:00,98,63,35
2016-08-27 12:00:00,82,47,35
2016-08-27 13:00:00,111,37,74
2016-08-27 14:00:00,70,25,45
2016-08-27 15:00:00,79,38,41
2016-08-27 16:00:00,94,48,46
2016-08-27 17:00:00,72,28,44
2016-08-27 18:00:00,35,14,21
2016-08-27 19:00:00,37,22,15
2016-08-27 20:00:00,14,10,4
2016-08-27 21:00:00,13,3,10
2016-08-27 22:00:00,13,7,6
2016-08-27 23:00:00,1,1,0
2016-08-28 00:00:00,0,0,0
2016-08-28 01:00:00,1,0,1
2016-08-28 02:00:00,3,0,3
2016-08-28 03:00:00,1,0,1
2016-08-28 04:00:00,2,2,0
2016-08-28 05:00:00,0,0,0
2016-08-28 06:00:00,14,8,6
2016-08-28 07:00:00,35,21,14
2016-08-28 08:00:00,55,25,30
2016-08-28 09:00:00,74,29,45
2016-08-28 10:00:00,92,42,50
2016-08-28 11:00:00,91,55,36
2016-08-28 12:00:00,98,40,58
2016-08-28 13:00:00,114,59,55
2016-08-28 14:00:00,96,39,57
2016-08-28 15:00:00,67,37,30
2016-08-28 16:00:00,80,36,44
2016-08-28 17:00:00,62,35,27
2016-08-28 18:00:00,32,19,13
2016-08-28 19:00:00,25,6,19
2016-08-28 20:00:00,7,2,5
2016-08-28 21:00:00,14,8,6
2016-08-28 22:00:00,6,1,5
2016-08-28 23:00:00,2,1,1
2016-08-29 00:00:00,0,0,0
2016-08-29 01:00:00,0,0,0
2016-08-29 02:00:00,2,0,2
2016-08-29 03:00:00,1,1,0
2016-08-29 04:00:00,8,3,5
2016-08-29 05:00:00,33,22,11
2016-08-29 06:00:00,94,60,34
2016-08-29 07:00:00,178,144,34
2016-08-29 08:00:00,171,123,48
2016-08-29 09:00:00,52,26,26
2016-08-29 10:00:00,42,21,21
2016-08-29 11:00:00,43,17,26
2016-08-29 12:00:00,56,31,25
2016-08-29 13:00:00,69,34,35
2016-08-29 14:00:00,68,38,30
2016-08-29 15:00:00,133,46,87
2016-08-29 16:00:00,252,89,163
2016-08-29 17:00:00,280,62,218
2016-08-29 18:00:00,124,37,87
2016-08-29 19:00:00,94,40,54
2016-08-29 20:00:00,23,9,14
2016-08-29 21:00:00,10,4,6
2016-08-29 22:00:00,5,1,4
2016-08-29 23:00:00,2,0,2
2016-08-30 00:00:00,3,0,3
2016-08-30 01:00:00,3,3,0
2016-08-30 02:00:00,1,0,1
2016-08-30 03:00:00,1,0,1
2016-08-30 04:00:00,8,3,5
2016-08-30 05:00:00,35,19,16
2016-08-30 06:00:00,92,66,26
2016-08-30 07:00:00,221,176,45
2016-08-30 08:00:00,187,129,58
2016-08-30 09:00:00,66,45,21
2016-08-30 10:00:00,43,19,24
2016-08-30 11:00:00,44,22,22
2016-08-30 12:00:00,38,23,15
2016-08-30 13:00:00,50,26,24
2016-08-30 14:00:00,87,41,46
2016-08-30 15:00:00,113,36,77
2016-08-30 16:00:00,252,87,165
2016-08-30 17:00:00,265,55,210
2016-08-30 18:00:00,136,47,89
2016-08-30 19:00:00,55,24,31
2016-08-30 20:00:00,10,5,5
2016-08-30 21:00:00,22,11,11
2016-08-30 22:00:00,8,2,6
2016-08-30 23:00:00,1,0,1
2016-08-31 00:00:00,1,1,0
2016-08-31 01:00:00,1,0,1
2016-08-31 02:00:00,2,0,2
2016-08-31 03:00:00,4,1,3
2016-08-31 04:00:00,6,2,4
2016-08-31 05:00:00,35,22,13
2016-08-31 06:00:00,83,61,22
2016-08-31 07:00:00,200,163,37
2016-08-31 08:00:00,156,117,39
2016-08-31 09:00:00,66,33,33
2016-08-31 10:00:00,33,23,10
2016-08-31 11:00:00,22,11,11
2016-08-31 12:00:00,33,18,15
2016-08-31 13:00:00,19,10,9
2016-08-31 14:00:00,24,11,13
2016-08-31 15:00:00,71,34,37
2016-08-31 16:00:00,156,47,109
2016-08-31 17:00:00,195,46,149
2016-08-31 18:00:00,90,17,73
2016-08-31 19:00:00,48,15,33
2016-08-31 20:00:00,16,7,9
2016-08-31 21:00:00,19,8,11
2016-08-31 22:00:00,7,2,5
2016-08-31 23:00:00,1,1,0
2016-09-01 00:00:00,0,0,0
2016-09-01 01:00:00,0,0,0
2016-09-01 02:00:00,1,0,1
2016-09-01 03:00:00,1,1,0
2016-09-01 04:00:00,7,1,6
2016-09-01 05:00:00,31,22,9
2016-09-01 06:00:00,70,43,27
2016-09-01 07:00:00,167,128,39
2016-09-01 08:00:00,135,85,50
2016-09-01 09:00:00,58,33,25
2016-09-01 10:00:00,42,21,21
2016-09-01 11:00:00,26,11,15
2016-09-01 12:00:00,48,29,19
2016-09-01 13:00:00,38,21,17
2016-09-01 14:00:00,44,25,19
2016-09-01 15:00:00,75,31,44
2016-09-01 16:00:00,172,59,113
2016-09-01 17:00:00,162,36,126
2016-09-01 18:00:00,59,12,47
2016-09-01 19:00:00,37,15,22
2016-09-01 20:00:00,10,6,4
2016-09-01 21:00:00,13,3,10
2016-09-01 22:00:00,4,1,3
2016-09-01 23:00:00,0,0,0
2016-09-02 00:00:00,4,0,4
2016-09-02 01:00:00,1,0,1
2016-09-02 02:00:00,1,0,1
2016-09-02 03:00:00,1,1,0
2016-09-02 04:00:00,6,1,5
2016-09-02 05:00:00,19,8,11
2016-09-02 06:00:00,49,26,23
2016-09-02 07:00:00,103,71,32
2016-09-02 08:00:00,88,70,18
2016-09-02 09:00:00,26,17,9
2016-09-02 10:00:00,7,4,3
2016-09-02 11:00:00,11,8,3
2016-09-02 12:00:00,30,8,22
2016-09-02 13:00:00,30,15,15
2016-09-02 14:00:00,68,28,40
2016-09-02 15:00:00,89,38,51
2016-09-02 16:00:00,119,43,76
2016-09-02 17:00:00,82,24,58
2016-09-02 18:00:00,25,11,14
2016-09-02 19:00:00,31,13,18
2016-09-02 20:00:00,10,6,4
2016-09-02 21:00:00,8,4,4
2016-09-02 22:00:00,8,2,6
2016-09-02 23:00:00,7,4,3
2016-09-03 00:00:00,2,1,1
2016-09-03 01:00:00,2,1,1
2016-09-03 02:00:00,0,0,0
2016-09-03 03:00:00,0,0,0
2016-09-03 04:00:00,2,1,1
2016-09-03 05:00:00,2,1,1
2016-09-03 06:00:00,8,7,1
2016-09-03 07:00:00,15,6,9
2016-09-03 08:00:00,23,16,7
2016-09-03 09:00:00,22,12,10
2016-09-03 10:00:00,56,33,23
2016-09-03 11:00:00,35,15,20
2016-09-03 12:00:00,56,27,29
2016-09-03 13:00:00,63,30,33
2016-09-03 14:00:00,61,31,30
2016-09-03 15:00:00,88,34,54
2016-09-03 16:00:00,90,40,50
2016-09-03 17:00:00,91,40,51
2016-09-03 18:00:00,58,26,32
2016-09-03 19:00:00,47,33,14
2016-09-03 20:00:00,5,3,2
2016-09-03 21:00:00,10,4,6
2016-09-03 22:00:00,14,1,13
2016-09-03 23:00:00,2,2,0
2016-09-04 00:00:00,1,0,1
2016-09-04 01:00:00,3,2,1
2016-09-04 02:00:00,3,2,1
2016-09-04 03:00:00,0,0,0
2016-09-04 04:00:00,1,1,0
2016-09-04 05:00:00,4,4,0
2016-09-04 06:00:00,7,5,2
2016-09-04 07:00:00,23,9,14
2016-09-04 08:00:00,41,26,15
2016-09-04 09:00:00,66,32,34
2016-09-04 10:00:00,66,41,25
2016-09-04 11:00:00,104,56,48
2016-09-04 12:00:00,148,90,58
2016-09-04 13:00:00,129,68,61
2016-09-04 14:00:00,166,91,75
2016-09-04 15:00:00,143,62,81
2016-09-04 16:00:00,143,57,86
2016-09-04 17:00:00,99,36,63
2016-09-04 18:00:00,90,35,55
2016-09-04 19:00:00,48,30,18
2016-09-04 20:00:00,15,10,5
2016-09-04 21:00:00,2,0,2
2016-09-04 22:00:00,7,3,4
2016-09-04 23:00:00,0,0,0
2016-09-05 00:00:00,2,0,2
2016-09-05 01:00:00,1,0,1
2016-09-05 02:00:00,1,0,1
2016-09-05 03:00:00,1,1,0
2016-09-05 04:00:00,0,0,0
2016-09-05 05:00:00,5,3,2
2016-09-05 06:00:00,3,1,2
2016-09-05 07:00:00,20,9,11
2016-09-05 08:00:00,39,23,16
2016-09-05 09:00:00,81,37,44
2016-09-05 10:00:00,80,47,33
2016-09-05 11:00:00,106,65,41
2016-09-05 12:00:00,88,47,41
2016-09-05 13:00:00,88,36,52
2016-09-05 14:00:00,111,44,67
2016-09-05 15:00:00,115,56,59
2016-09-05 16:00:00,91,31,60
2016-09-05 17:00:00,66,29,37
2016-09-05 18:00:00,33,17,16
2016-09-05 19:00:00,26,9,17
2016-09-05 20:00:00,8,6,2
2016-09-05 21:00:00,4,1,3
2016-09-05 22:00:00,0,0,0
2016-09-05 23:00:00,4,0,4
2016-09-06 00:00:00,3,0,3
2016-09-06 01:00:00,1,0,1
2016-09-06 02:00:00,0,0,0
2016-09-06 03:00:00,0,0,0
2016-09-06 04:00:00,4,0,4
2016-09-06 05:00:00,21,10,11
2016-09-06 06:00:00,50,29,21
2016-09-06 07:00:00,122,98,24
2016-09-06 08:00:00,127,93,34
2016-09-06 09:00:00,47,30,17
2016-09-06 10:00:00,29,17,12
2016-09-06 11:00:00,24,15,9
2016-09-06 12:00:00,16,2,14
2016-09-06 13:00:00,31,18,13
2016-09-06 14:00:00,42,22,20
2016-09-06 15:00:00,53,26,27
2016-09-06 16:00:00,161,64,97
2016-09-06 17:00:00,178,49,129
2016-09-06 18:00:00,92,29,63
2016-09-06 19:00:00,28,10,18
2016-09-06 20:00:00,7,4,3
2016-09-06 21:00:00,6,2,4
2016-09-06 22:00:00,4,3,1
2016-09-06 23:00:00,1,0,1
2016-09-07 00:00:00,0,0,0
2016-09-07 01:00:00,1,0,1
2016-09-07 02:00:00,1,0,1
2016-09-07 03:00:00,1,1,0
2016-09-07 04:00:00,6,3,3
2016-09-07 05:00:00,41,21,20
2016-09-07 06:00:00,75,44,31
2016-09-07 07:00:00,171,134,37
2016-09-07 08:00:00,159,119,40
2016-09-07 09:00:00,54,33,21
2016-09-07 10:00:00,44,27,17
2016-09-07 11:00:00,34,10,24
2016-09-07 12:00:00,30,12,18
2016-09-07 13:00:00,43,18,25
2016-09-07 14:00:00,57,31,26
2016-09-07 15:00:00,75,32,43
2016-09-07 16:00:00,148,45,103
2016-09-07 17:00:00,182,35,147
2016-09-07 18:00:00,76,19,57
2016-09-07 19:00:00,28,8,20
2016-09-07 20:00:00,14,4,10
2016-09-07 21:00:00,5,4,1
2016-09-07 22:00:00,5,2,3
2016-09-07 23:00:00,2,2,0
2016-09-08 00:00:00,0,0,0
2016-09-08 01:00:00,2,1,1
2016-09-08 02:00:00,0,0,0
2016-09-08 03:00:00,1,1,0
2016-09-08 04:00:00,6,4,2
2016-09-08 05:00:00,44,29,15
2016-09-08 06:00:00,92,61,31
2016-09-08 07:00:00,161,128,33
2016-09-08 08:00:00,153,117,36
2016-09-08 09:00:00,54,35,19
2016-09-08 10:00:00,33,20,13
2016-09-08 11:00:00,51,30,21
2016-09-08 12:00:00,39,23,16
2016-09-08 13:00:00,48,24,24
2016-09-08 14:00:00,59,30,29
2016-09-08 15:00:00,85,31,54
2016-09-08 16:00:00,231,84,147
2016-09-08 17:00:00,250,62,188
2016-09-08 18:00:00,114,34,80
2016-09-08 19:00:00,73,34,39
2016-09-08 20:00:00,5,4,1
2016-09-08 21:00:00,8,3,5
2016-09-08 22:00:00,8,1,7
2016-09-08 23:00:00,1,0,1
2016-09-09 00:00:00,0,0,0
2016-09-09 01:00:00,2,0,2
2016-09-09 02:00:00,2,1,1
2016-09-09 03:00:00,0,0,0
2016-09-09 04:00:00,9,3,6
2016-09-09 05:00:00,34,20,14
2016-09-09 06:00:00,85,45,40
2016-09-09 07:00:00,169,129,40
2016-09-09 08:00:00,171,125,46
2016-09-09 09:00:00,51,33,18
2016-09-09 10:00:00,64,33,31
2016-09-09 11:00:00,107,45,62
2016-09-09 12:00:00,78,37,41
2016-09-09 13:00:00,68,24,44
2016-09-09 14:00:00,91,47,44
2016-09-09 15:00:00,139,55,84
2016-09-09 16:00:00,241,80,161
2016-09-09 17:00:00,178,46,132
2016-09-09 18:00:00,112,37,75
2016-09-09 19:00:00,51,30,21
2016-09-09 20:00:00,10,5,5
2016-09-09 21:00:00,6,5,1
2016-09-09 22:00:00,11,3,8
2016-09-09 23:00:00,2,0,2
2016-09-10 00:00:00,2,1,1
2016-09-10 01:00:00,2,0,2
2016-09-10 02:00:00,0,0,0
2016-09-10 03:00:00,2,0,2
2016-09-10 04:00:00,5,2,3
2016-09-10 05:00:00,1,0,1
2016-09-10 06:00:00,8,4,4
2016-09-10 07:00:00,44,26,18
2016-09-10 08:00:00,36,24,12
2016-09-10 09:00:00,72,34,38
2016-09-10 10:00:00,67,30,37
2016-09-10 11:00:00,92,51,41
2016-09-10 12:00:00,141,70,71
2016-09-10 13:00:00,134,71,63
2016-09-10 14:00:00,128,68,60
2016-09-10 15:00:00,159,60,99
2016-09-10 16:00:00,155,66,89
2016-09-10 17:00:00,98,50,48
2016-09-10 18:00:00,67,33,34
2016-09-10 19:00:00,36,19,17
2016-09-10 20:00:00,4,2,2
2016-09-10 21:00:00,9,4,5
2016-09-10 22:00:00,3,0,3
2016-09-10 23:00:00,0,0,0
2016-09-11 00:00:00,1,0,1
2016-09-11 01:00:00,1,0,1
2016-09-11 02:00:00,0,0,0
2016-09-11 03:00:00,4,1,3
2016-09-11 04:00:00,1,1,0
2016-09-11 05:00:00,4,3,1
2016-09-11 06:00:00,13,8,5
2016-09-11 07:00:00,24,11,13
2016-09-11 08:00:00,43,15,28
2016-09-11 09:00:00,86,42,44
2016-09-11 10:00:00,94,57,37
2016-09-11 11:00:00,97,63,34
2016-09-11 12:00:00,78,42,36
2016-09-11 13:00:00,87,34,53
2016-09-11 14:00:00,93,44,49
2016-09-11 15:00:00,76,39,37
2016-09-11 16:00:00,120,46,74
2016-09-11 17:00:00,85,44,41
2016-09-11 18:00:00,62,24,38
2016-09-11 19:00:00,36,15,21
2016-09-11 20:00:00,10,6,4
2016-09-11 21:00:00,1,0,1
2016-09-11 22:00:00,3,0,3
2016-09-11 23:00:00,2,0,2
2016-09-12 00:00:00,0,0,0
2016-09-12 01:00:00,1,0,1
2016-09-12 02:00:00,1,0,1
2016-09-12 03:00:00,2,1,1
2016-09-12 04:00:00,10,4,6
2016-09-12 05:00:00,38,21,17
2016-09-12 06:00:00,85,47,38
2016-09-12 07:00:00,201,161,40
2016-09-12 08:00:00,181,138,43
2016-09-12 09:00:00,61,43,18
2016-09-12 10:00:00,34,23,11
2016-09-12 11:00:00,42,19,23
2016-09-12 12:00:00,47,22,25
2016-09-12 13:00:00,43,28,15
2016-09-12 14:00:00,64,26,38
2016-09-12 15:00:00,118,46,72
2016-09-12 16:00:00,248,65,183
2016-09-12 17:00:00,282,84,198
2016-09-12 18:00:00,134,58,76
2016-09-12 19:00:00,44,23,21
2016-09-12 20:00:00,14,8,6
2016-09-12 21:00:00,20,11,9
2016-09-12 22:00:00,4,1,3
2016-09-12 23:00:00,0,0,0
2016-09-13 00:00:00,1,0,1
2016-09-13 01:00:00,2,0,2
2016-09-13 02:00:00,1,0,1
2016-09-13 03:00:00,2,2,0
2016-09-13 04:00:00,7,2,5
2016-09-13 05:00:00,44,27,17
2016-09-13 06:00:00,110,70,40
2016-09-13 07:00:00,235,181,54
2016-09-13 08:00:00,181,137,44
2016-09-13 09:00:00,68,38,30
2016-09-13 10:00:00,44,25,19
2016-09-13 11:00:00,44,24,20
2016-09-13 12:00:00,49,23,26
2016-09-13 13:00:00,72,40,32
2016-09-13 14:00:00,69,36,33
2016-09-13 15:00:00,104,42,62
2016-09-13 16:00:00,266,82,184
2016-09-13 17:00:00,253,66,187
2016-09-13 18:00:00,144,42,102
2016-09-13 19:00:00,53,20,33
2016-09-13 20:00:00,6,2,4
2016-09-13 21:00:00,21,10,11
2016-09-13 22:00:00,11,3,8
2016-09-13 23:00:00,1,1,0
2016-09-14 00:00:00,1,0,1
2016-09-14 01:00:00,1,0,1
2016-09-14 02:00:00,2,0,2
2016-09-14 03:00:00,1,1,0
2016-09-14 04:00:00,6,2,4
2016-09-14 05:00:00,34,16,18
2016-09-14 06:00:00,94,62,32
2016-09-14 07:00:00,225,176,49
2016-09-14 08:00:00,186,143,43
2016-09-14 09:00:00,78,51,27
2016-09-14 10:00:00,47,27,20
2016-09-14 11:00:00,47,24,23
2016-09-14 12:00:00,64,40,24
2016-09-14 13:00:00,57,23,34
2016-09-14 14:00:00,75,36,39
2016-09-14 15:00:00,119,60,59
2016-09-14 16:00:00,276,71,205
2016-09-14 17:00:00,303,79,224
2016-09-14 18:00:00,138,53,85
2016-09-14 19:00:00,74,31,43
2016-09-14 20:00:00,13,3,10
2016-09-14 21:00:00,9,3,6
2016-09-14 22:00:00,10,2,8
2016-09-14 23:00:00,2,0,2
2016-09-15 00:00:00,4,2,2
2016-09-15 01:00:00,1,1,0
2016-09-15 02:00:00,2,0,2
2016-09-15 03:00:00,1,1,0
2016-09-15 04:00:00,7,2,5
2016-09-15 05:00:00,36,23,13
2016-09-15 06:00:00,83,58,25
2016-09-15 07:00:00,185,144,41
2016-09-15 08:00:00,170,130,40
2016-09-15 09:00:00,54,34,20
2016-09-15 10:00:00,42,27,15
2016-09-15 11:00:00,32,21,11
2016-09-15 12:00:00,49,23,26
2016-09-15 13:00:00,51,23,28
2016-09-15 14:00:00,67,36,31
2016-09-15 15:00:00,107,46,61
2016-09-15 16:00:00,208,64,144
2016-09-15 17:00:00,242,59,183
2016-09-15 18:00:00,140,51,89
2016-09-15 19:00:00,49,19,30
2016-09-15 20:00:00,18,8,10
2016-09-15 21:00:00,8,3,5
2016-09-15 22:00:00,6,0,6
2016-09-15 23:00:00,1,1,0
2016-09-16 00:00:00,1,0,1
2016-09-16 01:00:00,1,0,1
2016-09-16 02:00:00,2,0,2
2016-09-16 03:00:00,6,3,3
2016-09-16 04:00:00,2,2,0
2016-09-16 05:00:00,31,17,14
2016-09-16 06:00:00,90,55,35
2016-09-16 07:00:00,172,132,40
2016-09-16 08:00:00,158,108,50
2016-09-16 09:00:00,82,49,33
2016-09-16 10:00:00,30,13,17
2016-09-16 11:00:00,48,26,22
2016-09-16 12:00:00,73,44,29
2016-09-16 13:00:00,63,35,28
2016-09-16 14:00:00,67,37,30
2016-09-16 15:00:00,172,83,89
2016-09-16 16:00:00,221,71,150
2016-09-16 17:00:00,181,52,129
2016-09-16 18:00:00,75,32,43
2016-09-16 19:00:00,28,11,17
2016-09-16 20:00:00,16,5,11
2016-09-16 21:00:00,11,4,7
2016-09-16 22:00:00,10,0,10
2016-09-16 23:00:00,0,0,0
2016-09-17 00:00:00,2,1,1
2016-09-17 01:00:00,2,1,1
2016-09-17 02:00:00,3,1,2
2016-09-17 03:00:00,0,0,0
2016-09-17 04:00:00,1,1,0
2016-09-17 05:00:00,2,0,2
2016-09-17 06:00:00,5,2,3
2016-09-17 07:00:00,9,4,5
2016-09-17 08:00:00,7,4,3
2016-09-17 09:00:00,15,4,11
2016-09-17 10:00:00,22,11,11
2016-09-17 11:00:00,23,17,6
2016-09-17 12:00:00,31,16,15
2016-09-17 13:00:00,24,9,15
2016-09-17 14:00:00,54,25,29
2016-09-17 15:00:00,38,9,29
2016-09-17 16:00:00,45,17,28
2016-09-17 17:00:00,55,17,38
2016-09-17 18:00:00,27,12,15
2016-09-17 19:00:00,10,5,5
2016-09-17 20:00:00,9,5,4
2016-09-17 21:00:00,4,2,2
2016-09-17 22:00:00,12,6,6
2016-09-17 23:00:00,4,4,0
2016-09-18 00:00:00,1,0,1
2016-09-18 01:00:00,0,0,0
2016-09-18 02:00:00,1,0,1
2016-09-18 03:00:00,1,1,0
2016-09-18 04:00:00,1,1,0
2016-09-18 05:00:00,3,2,1
2016-09-18 06:00:00,11,5,6
2016-09-18 07:00:00,20,13,7
2016-09-18 08:00:00,37,14,23
2016-09-18 09:00:00,67,39,28
2016-09-18 10:00:00,53,24,29
2016-09-18 11:00:00,100,57,43
2016-09-18 12:00:00,89,46,43
2016-09-18 13:00:00,85,34,51
2016-09-18 14:00:00,113,49,64
2016-09-18 15:00:00,103,40,63
2016-09-18 16:00:00,76,41,35
2016-09-18 17:00:00,76,37,39
2016-09-18 18:00:00,68,34,34
2016-09-18 19:00:00,21,14,7
2016-09-18 20:00:00,3,0,3
2016-09-18 21:00:00,8,1,7
2016-09-18 22:00:00,1,0,1
2016-09-18 23:00:00,3,3,0
2016-09-19 00:00:00,1,0,1
2016-09-19 01:00:00,0,0,0
2016-09-19 02:00:00,3,0,3
2016-09-19 03:00:00,1,1,0
2016-09-19 04:00:00,6,2,4
2016-09-19 05:00:00,26,14,12
2016-09-19 06:00:00,52,27,25
2016-09-19 07:00:00,134,93,41
2016-09-19 08:00:00,138,113,25
2016-09-19 09:00:00,39,23,16
2016-09-19 10:00:00,27,16,11
2016-09-19 11:00:00,30,15,15
2016-09-19 12:00:00,34,13,21
2016-09-19 13:00:00,40,19,21
2016-09-19 14:00:00,38,23,15
2016-09-19 15:00:00,63,35,28
2016-09-19 16:00:00,175,52,123
2016-09-19 17:00:00,193,51,142
2016-09-19 18:00:00,76,27,49
2016-09-19 19:00:00,37,19,18
2016-09-19 20:00:00,2,2,0
2016-09-19 21:00:00,10,8,2
2016-09-19 22:00:00,4,0,4
2016-09-19 23:00:00,2,0,2
2016-09-20 00:00:00,6,2,4
2016-09-20 01:00:00,0,0,0
2016-09-20 02:00:00,2,0,2
2016-09-20 03:00:00,2,2,0
2016-09-20 04:00:00,7,1,6
2016-09-20 05:00:00,43,27,16
2016-09-20 06:00:00,76,48,28
2016-09-20 07:00:00,219,179,40
2016-09-20 08:00:00,177,134,43
2016-09-20 09:00:00,60,43,17
2016-09-20 10:00:00,33,13,20
2016-09-20 11:00:00,33,23,10
2016-09-20 12:00:00,43,21,22
2016-09-20 13:00:00,65,26,39
2016-09-20 14:00:00,72,36,36
2016-09-20 15:00:00,128,49,79
2016-09-20 16:00:00,232,79,153
2016-09-20 17:00:00,248,70,178
2016-09-20 18:00:00,119,47,72
2016-09-20 19:00:00,41,19,22
2016-09-20 20:00:00,9,6,3
2016-09-20 21:00:00,13,3,10
2016-09-20 22:00:00,18,1,17
2016-09-20 23:00:00,7,1,6
2016-09-21 00:00:00,2,0,2
2016-09-21 01:00:00,0,0,0
2016-09-21 02:00:00,2,0,2
2016-09-21 03:00:00,1,1,0
2016-09-21 04:00:00,8,4,4
2016-09-21 05:00:00,39,24,15
2016-09-21 06:00:00,77,49,28
2016-09-21 07:00:00,196,150,46
2016-09-21 08:00:00,158,126,32
2016-09-21 09:00:00,47,29,18
2016-09-21 10:00:00,40,25,15
2016-09-21 11:00:00,46,26,20
2016-09-21 12:00:00,38,20,18
2016-09-21 13:00:00,48,27,21
2016-09-21 14:00:00,68,31,37
2016-09-21 15:00:00,111,47,64
2016-09-21 16:00:00,224,73,151
2016-09-21 17:00:00,269,51,218
2016-09-21 18:00:00,99,31,68
2016-09-21 19:00:00,41,15,26
2016-09-21 20:00:00,8,5,3
2016-09-21 21:00:00,13,5,8
2016-09-21 22:00:00,8,2,6
2016-09-21 23:00:00,2,1,1
2016-09-22 00:00:00,1,0,1
2016-09-22 01:00:00,0,0,0
2016-09-22 02:00:00,1,0,1
2016-09-22 03:00:00,2,2,0
2016-09-22 04:00:00,7,3,4
2016-09-22 05:00:00,40,24,16
2016-09-22 06:00:00,82,54,28
2016-09-22 07:00:00,184,144,40
2016-09-22 08:00:00,160,116,44
2016-09-22 09:00:00,79,48,31
2016-09-22 10:00:00,44,21,23
2016-09-22 11:00:00,43,21,22
2016-09-22 12:00:00,43,14,29
2016-09-22 13:00:00,49,25,24
2016-09-22 14:00:00,59,25,34
2016-09-22 15:00:00,102,43,59
2016-09-22 16:00:00,221,67,154
2016-09-22 17:00:00,261,68,193
2016-09-22 18:00:00,96,36,60
2016-09-22 19:00:00,79,18,61
2016-09-22 20:00:00,12,6,6
2016-09-22 21:00:00,8,3,5
2016-09-22 22:00:00,6,2,4
2016-09-22 23:00:00,2,0,2
2016-09-23 00:00:00,1,0,1
2016-09-23 01:00:00,2,0,2
2016-09-23 02:00:00,2,0,2
2016-09-23 03:00:00,1,1,0
2016-09-23 04:00:00,6,2,4
2016-09-23 05:00:00,23,12,11
2016-09-23 06:00:00,56,31,25
2016-09-23 07:00:00,121,86,35
2016-09-23 08:00:00,121,90,31
2016-09-23 09:00:00,28,20,8
2016-09-23 10:00:00,24,13,11
2016-09-23 11:00:00,26,8,18
2016-09-23 12:00:00,31,17,14
2016-09-23 13:00:00,22,10,12
2016-09-23 14:00:00,42,17,25
2016-09-23 15:00:00,62,25,37
2016-09-23 16:00:00,164,45,119
2016-09-23 17:00:00,105,20,85
2016-09-23 18:00:00,68,28,40
2016-09-23 19:00:00,21,6,15
2016-09-23 20:00:00,7,1,6
2016-09-23 21:00:00,7,5,2
2016-09-23 22:00:00,6,5,1
2016-09-23 23:00:00,4,1,3
2016-09-24 00:00:00,6,4,2
2016-09-24 01:00:00,2,0,2
2016-09-24 02:00:00,1,1,0
2016-09-24 03:00:00,1,0,1
2016-09-24 04:00:00,1,1,0
2016-09-24 05:00:00,2,0,2
2016-09-24 06:00:00,6,2,4
2016-09-24 07:00:00,25,12,13
2016-09-24 08:00:00,35,25,10
2016-09-24 09:00:00,62,26,36
2016-09-24 10:00:00,94,43,51
2016-09-24 11:00:00,74,32,42
2016-09-24 12:00:00,125,70,55
2016-09-24 13:00:00,85,33,52
2016-09-24 14:00:00,114,56,58
2016-09-24 15:00:00,85,36,49
2016-09-24 16:00:00,83,35,48
2016-09-24 17:00:00,45,24,21
2016-09-24 18:00:00,20,11,9
2016-09-24 19:00:00,24,10,14
2016-09-24 20:00:00,9,4,5
2016-09-24 21:00:00,7,3,4
2016-09-24 22:00:00,5,3,2
2016-09-24 23:00:00,2,2,0
2016-09-25 00:00:00,1,1,0
2016-09-25 01:00:00,0,0,0
2016-09-25 02:00:00,2,1,1
2016-09-25 03:00:00,5,1,4
2016-09-25 04:00:00,1,1,0
2016-09-25 05:00:00,2,2,0
2016-09-25 06:00:00,5,2,3
2016-09-25 07:00:00,16,7,9
2016-09-25 08:00:00,40,28,12
2016-09-25 09:00:00,60,35,25
2016-09-25 10:00:00,63,43,20
2016-09-25 11:00:00,116,49,67
2016-09-25 12:00:00,109,57,52
2016-09-25 13:00:00,87,35,52
2016-09-25 14:00:00,120,62,58
2016-09-25 15:00:00,126,49,77
2016-09-25 16:00:00,111,50,61
2016-09-25 17:00:00,76,37,39
2016-09-25 18:00:00,57,27,30
2016-09-25 19:00:00,14,9,5
2016-09-25 20:00:00,4,2,2
2016-09-25 21:00:00,6,2,4
2016-09-25 22:00:00,1,0,1
2016-09-25 23:00:00,1,0,1
2016-09-26 00:00:00,0,0,0
2016-09-26 01:00:00,0,0,0
2016-09-26 02:00:00,4,0,4
2016-09-26 03:00:00,1,1,0
2016-09-26 04:00:00,2,0,2
2016-09-26 05:00:00,33,17,16
2016-09-26 06:00:00,88,57,31
2016-09-26 07:00:00,202,152,50
2016-09-26 08:00:00,196,149,47
2016-09-26 09:00:00,66,39,27
2016-09-26 10:00:00,38,17,21
2016-09-26 11:00:00,56,28,28
2016-09-26 12:00:00,50,22,28
2016-09-26 13:00:00,64,37,27
2016-09-26 14:00:00,81,43,38
2016-09-26 15:00:00,137,49,88
2016-09-26 16:00:00,294,87,207
2016-09-26 17:00:00,207,45,162
2016-09-26 18:00:00,104,44,60
2016-09-26 19:00:00,44,22,22
2016-09-26 20:00:00,7,2,5
2016-09-26 21:00:00,11,6,5
2016-09-26 22:00:00,7,4,3
2016-09-26 23:00:00,0,0,0
2016-09-27 00:00:00,1,0,1
2016-09-27 01:00:00,1,0,1
2016-09-27 02:00:00,2,0,2
2016-09-27 03:00:00,2,2,0
2016-09-27 04:00:00,5,1,4
2016-09-27 05:00:00,37,24,13
2016-09-27 06:00:00,75,55,20
2016-09-27 07:00:00,183,144,39
2016-09-27 08:00:00,166,124,42
2016-09-27 09:00:00,61,44,17
2016-09-27 10:00:00,35,22,13
2016-09-27 11:00:00,33,19,14
2016-09-27 12:00:00,48,25,23
2016-09-27 13:00:00,45,23,22
2016-09-27 14:00:00,54,28,26
2016-09-27 15:00:00,138,52,86
2016-09-27 16:00:00,231,74,157
2016-09-27 17:00:00,263,68,195
2016-09-27 18:00:00,111,40,71
2016-09-27 19:00:00,23,8,15
2016-09-27 20:00:00,10,3,7
2016-09-27 21:00:00,10,5,5
2016-09-27 22:00:00,5,0,5
2016-09-27 23:00:00,2,0,2
2016-09-28 00:00:00,0,0,0
2016-09-28 01:00:00,3,1,2
2016-09-28 02:00:00,2,0,2
2016-09-28 03:00:00,1,1,0
2016-09-28 04:00:00,7,2,5
2016-09-28 05:00:00,40,25,15
2016-09-28 06:00:00,85,55,30
2016-09-28 07:00:00,177,143,34
2016-09-28 08:00:00,199,149,50
2016-09-28 09:00:00,50,36,14
2016-09-28 10:00:00,42,24,18
2016-09-28 11:00:00,48,23,25
2016-09-28 12:00:00,40,14,26
2016-09-28 13:00:00,47,15,32
2016-09-28 14:00:00,64,30,34
2016-09-28 15:00:00,123,59,64
2016-09-28 16:00:00,230,73,157
2016-09-28 17:00:00,285,80,205
2016-09-28 18:00:00,133,53,80
2016-09-28 19:00:00,36,12,24
2016-09-28 20:00:00,10,5,5
2016-09-28 21:00:00,48,6,42
2016-09-28 22:00:00,8,1,7
2016-09-28 23:00:00,2,1,1
2016-09-29 00:00:00,0,0,0
2016-09-29 01:00:00,2,2,0
2016-09-29 02:00:00,1,0,1
2016-09-29 03:00:00,3,3,0
2016-09-29 04:00:00,5,0,5
2016-09-29 05:00:00,39,24,15
2016-09-29 06:00:00,84,54,30
2016-09-29 07:00:00,159,120,39
2016-09-29 08:00:00,178,127,51
2016-09-29 09:00:00,85,43,42
2016-09-29 10:00:00,49,32,17
2016-09-29 11:00:00,57,29,28
2016-09-29 12:00:00,55,24,31
2016-09-29 13:00:00,37,15,22
2016-09-29 14:00:00,78,32,46
2016-09-29 15:00:00,136,63,73
2016-09-29 16:00:00,216,71,145
2016-09-29 17:00:00,219,57,162
2016-09-29 18:00:00,79,32,47
2016-09-29 19:00:00,31,10,21
2016-09-29 20:00:00,4,2,2
2016-09-29 21:00:00,19,7,12
2016-09-29 22:00:00,5,0,5
2016-09-29 23:00:00,3,3,0
2016-09-30 00:00:00,2,0,2
2016-09-30 01:00:00,3,0,3
2016-09-30 02:00:00,3,0,3
2016-09-30 03:00:00,0,0,0
2016-09-30 04:00:00,7,2,5
2016-09-30 05:00:00,22,12,10
2016-09-30 06:00:00,62,33,29
2016-09-30 07:00:00,159,126,33
2016-09-30 08:00:00,158,120,38
2016-09-30 09:00:00,68,38,30
2016-09-30 10:00:00,49,31,18
2016-09-30 11:00:00,31,17,14
2016-09-30 12:00:00,63,27,36
2016-09-30 13:00:00,54,25,29
2016-09-30 14:00:00,89,30,59
2016-09-30 15:00:00,112,36,76
2016-09-30 16:00:00,188,58,130
2016-09-30 17:00:00,203,55,148
2016-09-30 18:00:00,79,21,58
2016-09-30 19:00:00,18,8,10
2016-09-30 20:00:00,8,4,4
2016-09-30 21:00:00,24,5,19
2016-09-30 22:00:00,7,0,7
2016-09-30 23:00:00,1,0,1
2016-10-01 00:00:00,2,0,2
2016-10-01 01:00:00,4,2,2
2016-10-01 02:00:00,0,0,0
2016-10-01 03:00:00,1,0,1
2016-10-01 04:00:00,1,1,0
2016-10-01 05:00:00,5,2,3
2016-10-01 06:00:00,7,3,4
2016-10-01 07:00:00,28,13,15
2016-10-01 08:00:00,24,15,9
2016-10-01 09:00:00,25,13,12
2016-10-01 10:00:00,37,21,16
2016-10-01 11:00:00,37,22,15
2016-10-01 12:00:00,23,9,14
2016-10-01 13:00:00,18,10,8
2016-10-01 14:00:00,36,16,20
2016-10-01 15:00:00,31,14,17
2016-10-01 16:00:00,56,27,29
2016-10-01 17:00:00,14,10,4
2016-10-01 18:00:00,8,5,3
2016-10-01 19:00:00,3,1,2
2016-10-01 20:00:00,7,5,2
2016-10-01 21:00:00,8,6,2
2016-10-01 22:00:00,5,1,4
2016-10-01 23:00:00,1,0,1
2016-10-02 00:00:00,1,1,0
2016-10-02 01:00:00,0,0,0
2016-10-02 02:00:00,1,0,1
2016-10-02 03:00:00,2,1,1
2016-10-02 04:00:00,1,1,0
2016-10-02 05:00:00,1,1,0
2016-10-02 06:00:00,4,3,1
2016-10-02 07:00:00,11,8,3
2016-10-02 08:00:00,24,11,13
2016-10-02 09:00:00,46,21,25
2016-10-02 10:00:00,69,42,27
2016-10-02 11:00:00,101,56,45
2016-10-02 12:00:00,66,19,47
2016-10-02 13:00:00,105,44,61
2016-10-02 14:00:00,128,60,68
2016-10-02 15:00:00,91,29,62
2016-10-02 16:00:00,94,37,57
2016-10-02 17:00:00,80,49,31
2016-10-02 18:00:00,32,20,12
2016-10-02 19:00:00,8,5,3
2016-10-02 20:00:00,7,1,6
2016-10-02 21:00:00,2,1,1
2016-10-02 22:00:00,0,0,0
2016-10-02 23:00:00,2,0,2
2016-10-03 00:00:00,1,0,1
2016-10-03 01:00:00,0,0,0
2016-10-03 02:00:00,1,0,1
2016-10-03 03:00:00,2,1,1
2016-10-03 04:00:00,2,0,2
2016-10-03 05:00:00,29,15,14
2016-10-03 06:00:00,67,44,23
2016-10-03 07:00:00,202,158,44
2016-10-03 08:00:00,155,120,35
2016-10-03 09:00:00,59,36,23
2016-10-03 10:00:00,31,12,19
2016-10-03 11:00:00,30,18,12
2016-10-03 12:00:00,29,17,12
2016-10-03 13:00:00,67,15,52
2016-10-03 14:00:00,47,17,30
2016-10-03 15:00:00,135,79,56
2016-10-03 16:00:00,192,51,141
2016-10-03 17:00:00,232,56,176
2016-10-03 18:00:00,82,18,64
2016-10-03 19:00:00,21,11,10
2016-10-03 20:00:00,7,6,1
2016-10-03 21:00:00,7,4,3
2016-10-03 22:00:00,3,0,3
2016-10-03 23:00:00,1,0,1
2016-10-04 00:00:00,1,0,1
2016-10-04 01:00:00,5,1,4
2016-10-04 02:00:00,2,1,1
2016-10-04 03:00:00,2,2,0
2016-10-04 04:00:00,6,2,4
2016-10-04 05:00:00,27,15,12
2016-10-04 06:00:00,51,33,18
2016-10-04 07:00:00,150,117,33
2016-10-04 08:00:00,132,106,26
2016-10-04 09:00:00,30,23,7
2016-10-04 10:00:00,22,13,9
2016-10-04 11:00:00,27,10,17
2016-10-04 12:00:00,33,17,16
2016-10-04 13:00:00,22,9,13
2016-10-04 14:00:00,73,17,56
2016-10-04 15:00:00,90,54,36
2016-10-04 16:00:00,155,54,101
2016-10-04 17:00:00,161,26,135
2016-10-04 18:00:00,54,11,43
2016-10-04 19:00:00,9,2,7
2016-10-04 20:00:00,7,2,5
2016-10-04 21:00:00,5,5,0
2016-10-04 22:00:00,2,1,1
2016-10-04 23:00:00,4,2,2
2016-10-05 00:00:00,1,0,1
2016-10-05 01:00:00,2,0,2
2016-10-05 02:00:00,0,0,0
2016-10-05 03:00:00,4,2,2
2016-10-05 04:00:00,5,1,4
2016-10-05 05:00:00,27,17,10
2016-10-05 06:00:00,44,30,14
2016-10-05 07:00:00,150,120,30
2016-10-05 08:00:00,121,95,26
2016-10-05 09:00:00,44,33,11
2016-10-05 10:00:00,19,11,8
2016-10-05 11:00:00,25,12,13
2016-10-05 12:00:00,30,15,15
2016-10-05 13:00:00,45,14,31
2016-10-05 14:00:00,45,27,18
2016-10-05 15:00:00,98,47,51
2016-10-05 16:00:00,173,58,115
2016-10-05 17:00:00,191,47,144
2016-10-05 18:00:00,94,35,59
2016-10-05 19:00:00,23,8,15
2016-10-05 20:00:00,5,4,1
2016-10-05 21:00:00,6,3,3
2016-10-05 22:00:00,5,2,3
2016-10-05 23:00:00,3,2,1
2016-10-06 00:00:00,0,0,0
2016-10-06 01:00:00,2,0,2
2016-10-06 02:00:00,2,2,0
2016-10-06 03:00:00,1,1,0
2016-10-06 04:00:00,7,0,7
2016-10-06 05:00:00,36,22,14
2016-10-06 06:00:00,49,34,15
2016-10-06 07:00:00,137,100,37
2016-10-06 08:00:00,146,108,38
2016-10-06 09:00:00,57,37,20
2016-10-06 10:00:00,41,31,10
2016-10-06 11:00:00,34,20,14
2016-10-06 12:00:00,38,16,22
2016-10-06 13:00:00,23,9,14
2016-10-06 14:00:00,51,24,27
2016-10-06 15:00:00,60,23,37
2016-10-06 16:00:00,159,49,110
2016-10-06 17:00:00,159,26,133
2016-10-06 18:00:00,51,13,38
2016-10-06 19:00:00,24,6,18
2016-10-06 20:00:00,7,1,6
2016-10-06 21:00:00,6,3,3
2016-10-06 22:00:00,4,1,3
2016-10-06 23:00:00,1,0,1
2016-10-07 00:00:00,0,0,0
2016-10-07 01:00:00,2,0,2
2016-10-07 02:00:00,0,0,0
2016-10-07 03:00:00,0,0,0
2016-10-07 04:00:00,0,0,0
2016-10-07 05:00:00,25,14,11
2016-10-07 06:00:00,36,23,13
2016-10-07 07:00:00,103,71,32
2016-10-07 08:00:00,94,65,29
2016-10-07 09:00:00,29,15,14
2016-10-07 10:00:00,20,9,11
2016-10-07 11:00:00,16,6,10
2016-10-07 12:00:00,40,18,22
2016-10-07 13:00:00,36,14,22
2016-10-07 14:00:00,51,21,30
2016-10-07 15:00:00,76,29,47
2016-10-07 16:00:00,131,53,78
2016-10-07 17:00:00,96,18,78
2016-10-07 18:00:00,36,13,23
2016-10-07 19:00:00,19,11,8
2016-10-07 20:00:00,2,1,1
2016-10-07 21:00:00,3,3,0
2016-10-07 22:00:00,3,3,0
2016-10-07 23:00:00,1,0,1
2016-10-08 00:00:00,4,1,3
2016-10-08 01:00:00,0,0,0
2016-10-08 02:00:00,1,0,1
2016-10-08 03:00:00,1,0,1
2016-10-08 04:00:00,0,0,0
2016-10-08 05:00:00,4,3,1
2016-10-08 06:00:00,1,1,0
2016-10-08 07:00:00,7,1,6
2016-10-08 08:00:00,23,15,8
2016-10-08 09:00:00,19,13,6
2016-10-08 10:00:00,30,13,17
2016-10-08 11:00:00,25,11,14
2016-10-08 12:00:00,30,16,14
2016-10-08 13:00:00,16,8,8
2016-10-08 14:00:00,10,6,4
2016-10-08 15:00:00,12,4,8
2016-10-08 16:00:00,6,4,2
2016-10-08 17:00:00,5,3,2
2016-10-08 18:00:00,1,1,0
2016-10-08 19:00:00,3,0,3
2016-10-08 20:00:00,1,1,0
2016-10-08 21:00:00,3,1,2
2016-10-08 22:00:00,1,1,0
2016-10-08 23:00:00,0,0,0
2016-10-09 00:00:00,0,0,0
2016-10-09 01:00:00,1,1,0
2016-10-09 02:00:00,0,0,0
2016-10-09 03:00:00,0,0,0
2016-10-09 04:00:00,1,1,0
2016-10-09 05:00:00,3,2,1
2016-10-09 06:00:00,3,0,3
2016-10-09 07:00:00,11,4,7
2016-10-09 08:00:00,17,7,10
2016-10-09 09:00:00,40,16,24
2016-10-09 10:00:00,42,18,24
2016-10-09 11:00:00,50,20,30
2016-10-09 12:00:00,43,21,22
2016-10-09 13:00:00,61,27,34
2016-10-09 14:00:00,67,39,28
2016-10-09 15:00:00,70,23,47
2016-10-09 16:00:00,35,19,16
2016-10-09 17:00:00,16,9,7
2016-10-09 18:00:00,1,0,1
2016-10-09 19:00:00,10,0,10
2016-10-09 20:00:00,2,1,1
2016-10-09 21:00:00,1,0,1
2016-10-09 22:00:00,0,0,0
2016-10-09 23:00:00,1,0,1
2016-10-10 00:00:00,0,0,0
2016-10-10 01:00:00,0,0,0
2016-10-10 02:00:00,1,0,1
2016-10-10 03:00:00,1,1,0
2016-10-10 04:00:00,6,0,6
2016-10-10 05:00:00,30,15,15
2016-10-10 06:00:00,47,28,19
2016-10-10 07:00:00,160,125,35
2016-10-10 08:00:00,146,113,33
2016-10-10 09:00:00,44,36,8
2016-10-10 10:00:00,38,25,13
2016-10-10 11:00:00,38,19,19
2016-10-10 12:00:00,41,21,20
2016-10-10 13:00:00,39,21,18
2016-10-10 14:00:00,58,23,35
2016-10-10 15:00:00,102,46,56
2016-10-10 16:00:00,165,60,105
2016-10-10 17:00:00,207,43,164
2016-10-10 18:00:00,83,30,53
2016-10-10 19:00:00,16,4,12
2016-10-10 20:00:00,7,3,4
2016-10-10 21:00:00,6,5,1
2016-10-10 22:00:00,10,4,6
2016-10-10 23:00:00,2,0,2
2016-10-11 00:00:00,2,0,2
2016-10-11 01:00:00,0,0,0
2016-10-11 02:00:00,0,0,0
2016-10-11 03:00:00,1,1,0
2016-10-11 04:00:00,6,1,5
2016-10-11 05:00:00,47,34,13
2016-10-11 06:00:00,76,47,29
2016-10-11 07:00:00,164,123,41
2016-10-11 08:00:00,162,128,34
2016-10-11 09:00:00,49,34,15
2016-10-11 10:00:00,27,12,15
2016-10-11 11:00:00,52,22,30
2016-10-11 12:00:00,47,19,28
2016-10-11 13:00:00,29,10,19
2016-10-11 14:00:00,68,41,27
2016-10-11 15:00:00,98,47,51
2016-10-11 16:00:00,225,75,150
2016-10-11 17:00:00,231,69,162
2016-10-11 18:00:00,100,36,64
2016-10-11 19:00:00,21,6,15
2016-10-11 20:00:00,5,3,2
2016-10-11 21:00:00,7,3,4
2016-10-11 22:00:00,2,0,2
2016-10-11 23:00:00,0,0,0
2016-10-12 00:00:00,0,0,0
2016-10-12 01:00:00,1,0,1
2016-10-12 02:00:00,1,0,1
2016-10-12 03:00:00,1,1,0
2016-10-12 04:00:00,5,1,4
2016-10-12 05:00:00,28,14,14
2016-10-12 06:00:00,70,45,25
2016-10-12 07:00:00,170,132,38
2016-10-12 08:00:00,152,117,35
2016-10-12 09:00:00,47,23,24
2016-10-12 10:00:00,46,29,17
2016-10-12 11:00:00,38,22,16
2016-10-12 12:00:00,41,17,24
2016-10-12 13:00:00,52,29,23
2016-10-12 14:00:00,54,26,28
2016-10-12 15:00:00,107,53,54
2016-10-12 16:00:00,208,64,144
2016-10-12 17:00:00,230,57,173
2016-10-12 18:00:00,74,31,43
2016-10-12 19:00:00,17,4,13
2016-10-12 20:00:00,9,2,7
2016-10-12 21:00:00,25,2,23
2016-10-12 22:00:00,8,1,7
2016-10-12 23:00:00,2,2,0
2016-10-13 00:00:00,0,0,0
2016-10-13 01:00:00,1,0,1
2016-10-13 02:00:00,1,0,1
2016-10-13 03:00:00,1,1,0
2016-10-13 04:00:00,0,0,0
2016-10-13 05:00:00,20,15,5
2016-10-13 06:00:00,27,14,13
2016-10-13 07:00:00,68,52,16
2016-10-13 08:00:00,57,44,13
2016-10-13 09:00:00,22,13,9
2016-10-13 10:00:00,6,5,1
2016-10-13 11:00:00,8,4,4
2016-10-13 12:00:00,7,3,4
2016-10-13 13:00:00,12,6,6
2016-10-13 14:00:00,21,9,12
2016-10-13 15:00:00,31,9,22
2016-10-13 16:00:00,59,19,40
2016-10-13 17:00:00,77,11,66
2016-10-13 18:00:00,16,7,9
2016-10-13 19:00:00,8,0,8
2016-10-13 20:00:00,2,1,1
2016-10-13 21:00:00,2,1,1
2016-10-13 22:00:00,1,0,1
2016-10-13 23:00:00,0,0,0
2016-10-14 00:00:00,1,0,1
2016-10-14 01:00:00,3,0,3
2016-10-14 02:00:00,0,0,0
2016-10-14 03:00:00,0,0,0
2016-10-14 04:00:00,1,0,1
2016-10-14 05:00:00,13,10,3
2016-10-14 06:00:00,16,7,9
2016-10-14 07:00:00,38,23,15
2016-10-14 08:00:00,38,30,8
2016-10-14 09:00:00,14,7,7
2016-10-14 10:00:00,8,2,6
2016-10-14 11:00:00,9,5,4
2016-10-14 12:00:00,4,1,3
2016-10-14 13:00:00,16,9,7
2016-10-14 14:00:00,15,3,12
2016-10-14 15:00:00,25,4,21
2016-10-14 16:00:00,44,16,28
2016-10-14 17:00:00,35,6,29
2016-10-14 18:00:00,22,5,17
2016-10-14 19:00:00,1,0,1
2016-10-14 20:00:00,1,1,0
2016-10-14 21:00:00,4,0,4
2016-10-14 22:00:00,3,1,2
2016-10-14 23:00:00,0,0,0
2016-10-15 00:00:00,1,0,1
2016-10-15 01:00:00,2,0,2
2016-10-15 02:00:00,0,0,0
2016-10-15 03:00:00,1,1,0
2016-10-15 04:00:00,1,1,0
2016-10-15 05:00:00,1,1,0
2016-10-15 06:00:00,5,3,2
2016-10-15 07:00:00,2,0,2
2016-10-15 08:00:00,6,5,1
2016-10-15 09:00:00,10,3,7
2016-10-15 10:00:00,20,6,14
2016-10-15 11:00:00,2,1,1
2016-10-15 12:00:00,4,2,2
2016-10-15 13:00:00,6,1,5
2016-10-15 14:00:00,6,2,4
2016-10-15 15:00:00,6,3,3
2016-10-15 16:00:00,9,4,5
2016-10-15 17:00:00,25,4,21
2016-10-15 18:00:00,2,1,1
2016-10-15 19:00:00,3,1,2
2016-10-15 20:00:00,7,0,7
2016-10-15 21:00:00,5,3,2
2016-10-15 22:00:00,0,0,0
2016-10-15 23:00:00,2,1,1
2016-10-16 00:00:00,1,1,0
2016-10-16 01:00:00,0,0,0
2016-10-16 02:00:00,2,0,2
2016-10-16 03:00:00,0,0,0
2016-10-16 04:00:00,1,1,0
2016-10-16 05:00:00,1,1,0
2016-10-16 06:00:00,3,1,2
2016-10-16 07:00:00,2,0,2
2016-10-16 08:00:00,8,4,4
2016-10-16 09:00:00,16,6,10
2016-10-16 10:00:00,15,12,3
2016-10-16 11:00:00,12,6,6
2016-10-16 12:00:00,16,8,8
2016-10-16 13:00:00,11,2,9
2016-10-16 14:00:00,17,8,9
2016-10-16 15:00:00,27,15,12
2016-10-16 16:00:00,25,10,15
2016-10-16 17:00:00,16,9,7
2016-10-16 18:00:00,5,1,4
2016-10-16 19:00:00,4,1,3
2016-10-16 20:00:00,7,4,3
2016-10-16 21:00:00,2,1,1
2016-10-16 22:00:00,1,0,1
2016-10-16 23:00:00,1,1,0
2016-10-17 00:00:00,0,0,0
2016-10-17 01:00:00,0,0,0
2016-10-17 02:00:00,1,0,1
2016-10-17 03:00:00,1,1,0
2016-10-17 04:00:00,5,0,5
2016-10-17 05:00:00,19,14,5
2016-10-17 06:00:00,53,29,24
2016-10-17 07:00:00,113,92,21
2016-10-17 08:00:00,122,88,34
2016-10-17 09:00:00,40,32,8
2016-10-17 10:00:00,28,19,9
2016-10-17 11:00:00,19,9,10
2016-10-17 12:00:00,13,7,6
2016-10-17 13:00:00,15,10,5
2016-10-17 14:00:00,37,19,18
2016-10-17 15:00:00,56,25,31
2016-10-17 16:00:00,142,47,95
2016-10-17 17:00:00,162,45,117
2016-10-17 18:00:00,51,14,37
2016-10-17 19:00:00,13,4,9
2016-10-17 20:00:00,10,1,9
2016-10-17 21:00:00,6,4,2
2016-10-17 22:00:00,0,0,0
2016-10-17 23:00:00,1,0,1
2016-10-18 00:00:00,3,1,2
2016-10-18 01:00:00,1,0,1
2016-10-18 02:00:00,1,0,1
2016-10-18 03:00:00,0,0,0
2016-10-18 04:00:00,2,1,1
2016-10-18 05:00:00,28,13,15
2016-10-18 06:00:00,49,33,16
2016-10-18 07:00:00,127,101,26
2016-10-18 08:00:00,136,99,37
2016-10-18 09:00:00,45,23,22
2016-10-18 10:00:00,23,17,6
2016-10-18 11:00:00,21,9,12
2016-10-18 12:00:00,27,10,17
2016-10-18 13:00:00,27,14,13
2016-10-18 14:00:00,27,14,13
2016-10-18 15:00:00,70,30,40
2016-10-18 16:00:00,147,41,106
2016-10-18 17:00:00,189,52,137
2016-10-18 18:00:00,54,18,36
2016-10-18 19:00:00,21,5,16
2016-10-18 20:00:00,2,0,2
2016-10-18 21:00:00,4,1,3
2016-10-18 22:00:00,3,2,1
2016-10-18 23:00:00,2,0,2
2016-10-19 00:00:00,0,0,0
2016-10-19 01:00:00,2,0,2
2016-10-19 02:00:00,3,1,2
2016-10-19 03:00:00,1,1,0
2016-10-19 04:00:00,5,3,2
2016-10-19 05:00:00,27,15,12
2016-10-19 06:00:00,61,33,28
2016-10-19 07:00:00,177,138,39
2016-10-19 08:00:00,146,105,41
2016-10-19 09:00:00,51,36,15
2016-10-19 10:00:00,35,21,14
2016-10-19 11:00:00,34,10,24
2016-10-19 12:00:00,38,22,16
2016-10-19 13:00:00,47,29,18
2016-10-19 14:00:00,49,25,24
2016-10-19 15:00:00,74,28,46
2016-10-19 16:00:00,155,54,101
2016-10-19 17:00:00,176,26,150
2016-10-19 18:00:00,42,16,26
2016-10-19 19:00:00,20,9,11
2016-10-19 20:00:00,5,2,3
2016-10-19 21:00:00,2,1,1
2016-10-19 22:00:00,2,0,2
2016-10-19 23:00:00,1,1,0
2016-10-20 00:00:00,1,0,1
2016-10-20 01:00:00,2,0,2
2016-10-20 02:00:00,0,0,0
2016-10-20 03:00:00,1,1,0
2016-10-20 04:00:00,3,2,1
2016-10-20 05:00:00,25,8,17
2016-10-20 06:00:00,31,17,14
2016-10-20 07:00:00,88,59,29
2016-10-20 08:00:00,92,61,31
2016-10-20 09:00:00,29,14,15
2016-10-20 10:00:00,8,4,4
2016-10-20 11:00:00,7,3,4
2016-10-20 12:00:00,14,6,8
2016-10-20 13:00:00,20,5,15
2016-10-20 14:00:00,43,15,28
2016-10-20 15:00:00,34,10,24
2016-10-20 16:00:00,114,39,75
2016-10-20 17:00:00,143,39,104
2016-10-20 18:00:00,56,18,38
2016-10-20 19:00:00,14,3,11
2016-10-20 20:00:00,4,1,3
2016-10-20 21:00:00,3,1,2
2016-10-20 22:00:00,1,0,1
2016-10-20 23:00:00,2,1,1
2016-10-21 00:00:00,0,0,0
2016-10-21 01:00:00,1,0,1
2016-10-21 02:00:00,2,1,1
2016-10-21 03:00:00,0,0,0
2016-10-21 04:00:00,5,3,2
2016-10-21 05:00:00,23,16,7
2016-10-21 06:00:00,44,27,17
2016-10-21 07:00:00,110,83,27
2016-10-21 08:00:00,111,89,22
2016-10-21 09:00:00,37,28,9
2016-10-21 10:00:00,26,12,14
2016-10-21 11:00:00,36,21,15
2016-10-21 12:00:00,32,11,21
2016-10-21 13:00:00,46,22,24
2016-10-21 14:00:00,46,21,25
2016-10-21 15:00:00,63,24,39
2016-10-21 16:00:00,137,47,90
2016-10-21 17:00:00,108,16,92
2016-10-21 18:00:00,36,9,27
2016-10-21 19:00:00,11,4,7
2016-10-21 20:00:00,11,3,8
2016-10-21 21:00:00,5,2,3
2016-10-21 22:00:00,5,1,4
2016-10-21 23:00:00,5,1,4
2016-10-22 00:00:00,0,0,0
2016-10-22 01:00:00,2,0,2
2016-10-22 02:00:00,1,0,1
2016-10-22 03:00:00,1,0,1
2016-10-22 04:00:00,1,1,0
2016-10-22 05:00:00,3,2,1
2016-10-22 06:00:00,5,4,1
2016-10-22 07:00:00,15,9,6
2016-10-22 08:00:00,33,18,15
2016-10-22 09:00:00,28,16,12
2016-10-22 10:00:00,57,34,23
2016-10-22 11:00:00,93,43,50
2016-10-22 12:00:00,93,52,41
2016-10-22 13:00:00,105,58,47
2016-10-22 14:00:00,130,65,65
2016-10-22 15:00:00,131,43,88
2016-10-22 16:00:00,78,37,41
2016-10-22 17:00:00,60,23,37
2016-10-22 18:00:00,24,11,13
2016-10-22 19:00:00,10,2,8
2016-10-22 20:00:00,7,2,5
2016-10-22 21:00:00,10,5,5
2016-10-22 22:00:00,3,3,0
2016-10-22 23:00:00,0,0,0
2016-10-23 00:00:00,0,0,0
2016-10-23 01:00:00,1,0,1
2016-10-23 02:00:00,0,0,0
2016-10-23 03:00:00,0,0,0
2016-10-23 04:00:00,1,1,0
2016-10-23 05:00:00,2,2,0
2016-10-23 06:00:00,0,0,0
2016-10-23 07:00:00,7,4,3
2016-10-23 08:00:00,13,6,7
2016-10-23 09:00:00,22,11,11
2016-10-23 10:00:00,35,22,13
2016-10-23 11:00:00,83,39,44
2016-10-23 12:00:00,81,45,36
2016-10-23 13:00:00,80,45,35
2016-10-23 14:00:00,94,48,46
2016-10-23 15:00:00,105,39,66
2016-10-23 16:00:00,50,22,28
2016-10-23 17:00:00,24,14,10
2016-10-23 18:00:00,9,1,8
2016-10-23 19:00:00,7,2,5
2016-10-23 20:00:00,4,1,3
2016-10-23 21:00:00,7,2,5
2016-10-23 22:00:00,3,1,2
2016-10-23 23:00:00,2,1,1
2016-10-24 00:00:00,1,0,1
2016-10-24 01:00:00,1,1,0
2016-10-24 02:00:00,2,1,1
2016-10-24 03:00:00,1,1,0
2016-10-24 04:00:00,4,1,3
2016-10-24 05:00:00,36,25,11
2016-10-24 06:00:00,53,33,20
2016-10-24 07:00:00,144,113,31
2016-10-24 08:00:00,128,104,24
2016-10-24 09:00:00,48,34,14
2016-10-24 10:00:00,20,13,7
2016-10-24 11:00:00,19,9,10
2016-10-24 12:00:00,28,18,10
2016-10-24 13:00:00,34,11,23
2016-10-24 14:00:00,37,20,17
2016-10-24 15:00:00,72,26,46
2016-10-24 16:00:00,130,32,98
2016-10-24 17:00:00,146,24,122
2016-10-24 18:00:00,38,4,34
2016-10-24 19:00:00,14,0,14
2016-10-24 20:00:00,7,2,5
2016-10-24 21:00:00,3,2,1
2016-10-24 22:00:00,3,1,2
2016-10-24 23:00:00,1,0,1
2016-10-25 00:00:00,1,0,1
2016-10-25 01:00:00,2,0,2
2016-10-25 02:00:00,1,0,1
2016-10-25 03:00:00,1,1,0
2016-10-25 04:00:00,5,0,5
2016-10-25 05:00:00,30,17,13
2016-10-25 06:00:00,48,33,15
2016-10-25 07:00:00,163,129,34
2016-10-25 08:00:00,122,96,26
2016-10-25 09:00:00,41,31,10
2016-10-25 10:00:00,30,21,9
2016-10-25 11:00:00,28,14,14
2016-10-25 12:00:00,29,16,13
2016-10-25 13:00:00,42,12,30
2016-10-25 14:00:00,34,20,14
2016-10-25 15:00:00,66,22,44
2016-10-25 16:00:00,188,60,128
2016-10-25 17:00:00,182,39,143
2016-10-25 18:00:00,63,11,52
2016-10-25 19:00:00,23,8,15
2016-10-25 20:00:00,5,1,4
2016-10-25 21:00:00,7,3,4
2016-10-25 22:00:00,7,3,4
2016-10-25 23:00:00,1,1,0
2016-10-26 00:00:00,1,0,1
2016-10-26 01:00:00,1,0,1
2016-10-26 02:00:00,1,0,1
2016-10-26 03:00:00,1,1,0
2016-10-26 04:00:00,5,1,4
2016-10-26 05:00:00,23,16,7
2016-10-26 06:00:00,45,31,14
2016-10-26 07:00:00,98,69,29
2016-10-26 08:00:00,81,65,16
2016-10-26 09:00:00,19,11,8
2016-10-26 10:00:00,6,3,3
2016-10-26 11:00:00,7,4,3
2016-10-26 12:00:00,7,3,4
2016-10-26 13:00:00,7,2,5
2016-10-26 14:00:00,19,14,5
2016-10-26 15:00:00,31,12,19
2016-10-26 16:00:00,81,26,55
2016-10-26 17:00:00,87,9,78
2016-10-26 18:00:00,39,7,32
2016-10-26 19:00:00,7,4,3
2016-10-26 20:00:00,2,0,2
2016-10-26 21:00:00,2,1,1
2016-10-26 22:00:00,3,0,3
2016-10-26 23:00:00,0,0,0
2016-10-27 00:00:00,1,0,1
2016-10-27 01:00:00,1,0,1
2016-10-27 02:00:00,1,0,1
2016-10-27 03:00:00,2,2,0
2016-10-27 04:00:00,2,1,1
2016-10-27 05:00:00,31,19,12
2016-10-27 06:00:00,46,25,21
2016-10-27 07:00:00,125,90,35
2016-10-27 08:00:00,116,86,30
2016-10-27 09:00:00,36,29,7
2016-10-27 10:00:00,29,13,16
2016-10-27 11:00:00,20,7,13
2016-10-27 12:00:00,23,11,12
2016-10-27 13:00:00,25,12,13
2016-10-27 14:00:00,44,25,19
2016-10-27 15:00:00,59,24,35
2016-10-27 16:00:00,127,46,81
2016-10-27 17:00:00,127,23,104
2016-10-27 18:00:00,39,6,33
2016-10-27 19:00:00,43,3,40
2016-10-27 20:00:00,5,2,3
2016-10-27 21:00:00,15,6,9
2016-10-27 22:00:00,1,0,1
2016-10-27 23:00:00,3,1,2
2016-10-28 00:00:00,1,1,0
2016-10-28 01:00:00,4,1,3
2016-10-28 02:00:00,4,2,2
2016-10-28 03:00:00,0,0,0
2016-10-28 04:00:00,4,4,0
2016-10-28 05:00:00,29,18,11
2016-10-28 06:00:00,45,28,17
2016-10-28 07:00:00,117,85,32
2016-10-28 08:00:00,115,89,26
2016-10-28 09:00:00,48,23,25
2016-10-28 10:00:00,35,24,11
2016-10-28 11:00:00,37,12,25
2016-10-28 12:00:00,32,17,15
2016-10-28 13:00:00,48,20,28
2016-10-28 14:00:00,83,41,42
2016-10-28 15:00:00,120,51,69
2016-10-28 16:00:00,189,67,122
2016-10-28 17:00:00,153,45,108
2016-10-28 18:00:00,55,14,41
2016-10-28 19:00:00,21,9,12
2016-10-28 20:00:00,14,2,12
2016-10-28 21:00:00,7,5,2
2016-10-28 22:00:00,3,1,2
2016-10-28 23:00:00,1,0,1
2016-10-29 00:00:00,1,0,1
2016-10-29 01:00:00,2,0,2
2016-10-29 02:00:00,2,1,1
2016-10-29 03:00:00,1,0,1
2016-10-29 04:00:00,1,1,0
2016-10-29 05:00:00,6,3,3
2016-10-29 06:00:00,7,4,3
2016-10-29 07:00:00,11,6,5
2016-10-29 08:00:00,9,8,1
2016-10-29 09:00:00,5,3,2
2016-10-29 10:00:00,12,4,8
2016-10-29 11:00:00,13,7,6
2016-10-29 12:00:00,10,5,5
2016-10-29 13:00:00,2,1,1
2016-10-29 14:00:00,30,7,23
2016-10-29 15:00:00,57,27,30
2016-10-29 16:00:00,55,27,28
2016-10-29 17:00:00,54,32,22
2016-10-29 18:00:00,14,7,7
2016-10-29 19:00:00,11,3,8
2016-10-29 20:00:00,3,2,1
2016-10-29 21:00:00,4,2,2
2016-10-29 22:00:00,3,0,3
2016-10-29 23:00:00,13,0,13
2016-10-30 00:00:00,3,1,2
2016-10-30 01:00:00,1,0,1
2016-10-30 02:00:00,1,0,1
2016-10-30 03:00:00,1,1,0
2016-10-30 04:00:00,1,1,0
2016-10-30 05:00:00,7,5,2
2016-10-30 06:00:00,3,1,2
2016-10-30 07:00:00,13,8,5
2016-10-30 08:00:00,40,14,26
2016-10-30 09:00:00,60,25,35
2016-10-30 10:00:00,55,28,27
2016-10-30 11:00:00,40,18,22
2016-10-30 12:00:00,81,62,19
2016-10-30 13:00:00,36,17,19
2016-10-30 14:00:00,25,12,13
2016-10-30 15:00:00,12,3,9
2016-10-30 16:00:00,13,9,4
2016-10-30 17:00:00,13,7,6
2016-10-30 18:00:00,6,1,5
2016-10-30 19:00:00,11,2,9
2016-10-30 20:00:00,9,0,9
2016-10-30 21:00:00,2,0,2
2016-10-30 22:00:00,1,1,0
2016-10-30 23:00:00,0,0,0
2016-10-31 00:00:00,0,0,0
2016-10-31 01:00:00,0,0,0
2016-10-31 02:00:00,0,0,0
2016-10-31 03:00:00,1,1,0
2016-10-31 04:00:00,6,0,6
2016-10-31 05:00:00,21,14,7
2016-10-31 06:00:00,47,29,18
2016-10-31 07:00:00,120,96,24
2016-10-31 08:00:00,80,59,21
2016-10-31 09:00:00,15,10,5
2016-10-31 10:00:00,12,10,2
2016-10-31 11:00:00,14,4,10
2016-10-31 12:00:00,8,4,4
2016-10-31 13:00:00,21,11,10
2016-10-31 14:00:00,29,15,14
2016-10-31 15:00:00,61,24,37
2016-10-31 16:00:00,135,39,96
2016-10-31 17:00:00,90,18,72
2016-10-31 18:00:00,22,5,17
2016-10-31 19:00:00,3,1,2
2016-10-31 20:00:00,2,0,2
2016-10-31 21:00:00,3,1,2
2016-10-31 22:00:00,2,1,1
2016-10-31 23:00:00,0,0,0
2016-11-01 00:00:00,4,0,4
2016-11-01 01:00:00,2,0,2
2016-11-01 02:00:00,0,0,0
2016-11-01 03:00:00,1,1,0
2016-11-01 04:00:00,5,3,2
2016-11-01 05:00:00,27,15,12
2016-11-01 06:00:00,41,27,14
2016-11-01 07:00:00,117,90,27
2016-11-01 08:00:00,107,79,28
2016-11-01 09:00:00,30,18,12
2016-11-01 10:00:00,11,7,4
2016-11-01 11:00:00,13,8,5
2016-11-01 12:00:00,10,5,5
2016-11-01 13:00:00,22,10,12
2016-11-01 14:00:00,32,18,14
2016-11-01 15:00:00,42,17,25
2016-11-01 16:00:00,133,35,98
2016-11-01 17:00:00,123,19,104
2016-11-01 18:00:00,37,6,31
2016-11-01 19:00:00,12,3,9
2016-11-01 20:00:00,5,2,3
2016-11-01 21:00:00,4,3,1
2016-11-01 22:00:00,2,1,1
2016-11-01 23:00:00,1,1,0
2016-11-02 00:00:00,2,0,2
2016-11-02 01:00:00,1,0,1
2016-11-02 02:00:00,1,0,1
2016-11-02 03:00:00,1,1,0
2016-11-02 04:00:00,4,1,3
2016-11-02 05:00:00,19,11,8
2016-11-02 06:00:00,47,36,11
2016-11-02 07:00:00,117,82,35
2016-11-02 08:00:00,106,86,20
2016-11-02 09:00:00,22,15,7
2016-11-02 10:00:00,6,5,1
2016-11-02 11:00:00,10,4,6
2016-11-02 12:00:00,12,3,9
2016-11-02 13:00:00,21,10,11
2016-11-02 14:00:00,17,12,5
2016-11-02 15:00:00,52,24,28
2016-11-02 16:00:00,110,31,79
2016-11-02 17:00:00,139,28,111
2016-11-02 18:00:00,25,2,23
2016-11-02 19:00:00,11,5,6
2016-11-02 20:00:00,3,3,0
2016-11-02 21:00:00,5,3,2
2016-11-02 22:00:00,2,2,0
2016-11-02 23:00:00,0,0,0
2016-11-03 00:00:00,2,0,2
2016-11-03 01:00:00,1,0,1
2016-11-03 02:00:00,0,0,0
2016-11-03 03:00:00,2,1,1
2016-11-03 04:00:00,8,2,6
2016-11-03 05:00:00,32,24,8
2016-11-03 06:00:00,53,32,21
2016-11-03 07:00:00,131,93,38
2016-11-03 08:00:00,167,123,44
2016-11-03 09:00:00,50,33,17
2016-11-03 10:00:00,39,23,16
2016-11-03 11:00:00,35,19,16
2016-11-03 12:00:00,54,28,26
2016-11-03 13:00:00,50,27,23
2016-11-03 14:00:00,68,34,34
2016-11-03 15:00:00,111,43,68
2016-11-03 16:00:00,214,96,118
2016-11-03 17:00:00,229,79,150
2016-11-03 18:00:00,69,20,49
2016-11-03 19:00:00,22,4,18
2016-11-03 20:00:00,16,9,7
2016-11-03 21:00:00,2,0,2
2016-11-03 22:00:00,13,3,10
2016-11-03 23:00:00,4,0,4
2016-11-04 00:00:00,5,0,5
2016-11-04 01:00:00,4,0,4
2016-11-04 02:00:00,1,0,1
2016-11-04 03:00:00,0,0,0
2016-11-04 04:00:00,4,3,1
2016-11-04 05:00:00,30,17,13
2016-11-04 06:00:00,46,33,13
2016-11-04 07:00:00,127,100,27
2016-11-04 08:00:00,140,112,28
2016-11-04 09:00:00,57,32,25
2016-11-04 10:00:00,61,37,24
2016-11-04 11:00:00,53,25,28
2016-11-04 12:00:00,72,38,34
2016-11-04 13:00:00,58,37,21
2016-11-04 14:00:00,63,29,34
2016-11-04 15:00:00,121,48,73
2016-11-04 16:00:00,198,66,132
2016-11-04 17:00:00,176,34,142
2016-11-04 18:00:00,37,11,26
2016-11-04 19:00:00,10,2,8
2016-11-04 20:00:00,8,5,3
2016-11-04 21:00:00,7,3,4
2016-11-04 22:00:00,5,3,2
2016-11-04 23:00:00,12,6,6
2016-11-05 00:00:00,2,0,2
2016-11-05 01:00:00,3,0,3
2016-11-05 02:00:00,3,1,2
2016-11-05 03:00:00,0,0,0
2016-11-05 04:00:00,1,1,0
2016-11-05 05:00:00,3,0,3
2016-11-05 06:00:00,4,4,0
2016-11-05 07:00:00,14,8,6
2016-11-05 08:00:00,3,2,1
2016-11-05 09:00:00,10,4,6
2016-11-05 10:00:00,6,2,4
2016-11-05 11:00:00,11,3,8
2016-11-05 12:00:00,8,4,4
2016-11-05 13:00:00,14,8,6
2016-11-05 14:00:00,16,12,4
2016-11-05 15:00:00,12,4,8
2016-11-05 16:00:00,13,5,8
2016-11-05 17:00:00,10,5,5
2016-11-05 18:00:00,9,4,5
2016-11-05 19:00:00,4,2,2
2016-11-05 20:00:00,0,0,0
2016-11-05 21:00:00,1,1,0
2016-11-05 22:00:00,1,0,1
2016-11-05 23:00:00,1,0,1
2016-11-06 00:00:00,1,1,0
2016-11-06 01:00:00,3,0,3
2016-11-06 02:00:00,0,0,0
2016-11-06 03:00:00,1,0,1
2016-11-06 04:00:00,1,1,0
2016-11-06 05:00:00,1,1,0
2016-11-06 06:00:00,3,0,3
2016-11-06 07:00:00,11,5,6
2016-11-06 08:00:00,32,20,12
2016-11-06 09:00:00,50,22,28
2016-11-06 10:00:00,88,37,51
2016-11-06 11:00:00,84,30,54
2016-11-06 12:00:00,112,38,74
2016-11-06 13:00:00,101,44,57
2016-11-06 14:00:00,100,44,56
2016-11-06 15:00:00,95,47,48
2016-11-06 16:00:00,49,29,20
2016-11-06 17:00:00,13,3,10
2016-11-06 18:00:00,9,8,1
2016-11-06 19:00:00,2,0,2
2016-11-06 20:00:00,4,0,4
2016-11-06 21:00:00,7,2,5
2016-11-06 22:00:00,8,3,5
2016-11-06 23:00:00,2,1,1
2016-11-07 00:00:00,1,0,1
2016-11-07 01:00:00,0,0,0
2016-11-07 02:00:00,0,0,0
2016-11-07 03:00:00,0,0,0
2016-11-07 04:00:00,4,1,3
2016-11-07 05:00:00,24,14,10
2016-11-07 06:00:00,63,36,27
2016-11-07 07:00:00,182,147,35
2016-11-07 08:00:00,127,92,35
2016-11-07 09:00:00,45,28,17
2016-11-07 10:00:00,17,12,5
2016-11-07 11:00:00,33,20,13
2016-11-07 12:00:00,23,10,13
2016-11-07 13:00:00,36,15,21
2016-11-07 14:00:00,51,28,23
2016-11-07 15:00:00,93,35,58
2016-11-07 16:00:00,180,50,130
2016-11-07 17:00:00,149,22,127
2016-11-07 18:00:00,39,8,31
2016-11-07 19:00:00,10,2,8
2016-11-07 20:00:00,14,2,12
2016-11-07 21:00:00,13,3,10
2016-11-07 22:00:00,3,1,2
2016-11-07 23:00:00,2,1,1
2016-11-08 00:00:00,1,0,1
2016-11-08 01:00:00,1,0,1
2016-11-08 02:00:00,1,0,1
2016-11-08 03:00:00,2,1,1
2016-11-08 04:00:00,5,3,2
2016-11-08 05:00:00,36,23,13
2016-11-08 06:00:00,92,61,31
2016-11-08 07:00:00,179,149,30
2016-11-08 08:00:00,157,120,37
2016-11-08 09:00:00,57,35,22
2016-11-08 10:00:00,44,25,19
2016-11-08 11:00:00,32,16,16
2016-11-08 12:00:00,73,31,42
2016-11-08 13:00:00,59,30,29
2016-11-08 14:00:00,95,35,60
2016-11-08 15:00:00,151,70,81
2016-11-08 16:00:00,218,68,150
2016-11-08 17:00:00,184,32,152
2016-11-08 18:00:00,46,6,40
2016-11-08 19:00:00,12,1,11
2016-11-08 20:00:00,12,7,5
2016-11-08 21:00:00,1,0,1
2016-11-08 22:00:00,7,3,4
2016-11-08 23:00:00,5,2,3
2016-11-09 00:00:00,0,0,0
2016-11-09 01:00:00,3,0,3
2016-11-09 02:00:00,1,0,1
2016-11-09 03:00:00,2,1,1
2016-11-09 04:00:00,5,3,2
2016-11-09 05:00:00,24,16,8
2016-11-09 06:00:00,47,32,15
2016-11-09 07:00:00,113,85,28
2016-11-09 08:00:00,114,92,22
2016-11-09 09:00:00,31,22,9
2016-11-09 10:00:00,9,4,5
2016-11-09 11:00:00,21,11,10
2016-11-09 12:00:00,18,7,11
2016-11-09 13:00:00,30,10,20
2016-11-09 14:00:00,53,34,19
2016-11-09 15:00:00,98,40,58
2016-11-09 16:00:00,135,46,89
2016-11-09 17:00:00,140,25,115
2016-11-09 18:00:00,55,17,38
2016-11-09 19:00:00,13,1,12
2016-11-09 20:00:00,9,1,8
2016-11-09 21:00:00,4,1,3
2016-11-09 22:00:00,2,2,0
2016-11-09 23:00:00,1,0,1
2016-11-10 00:00:00,1,1,0
2016-11-10 01:00:00,1,0,1
2016-11-10 02:00:00,1,0,1
2016-11-10 03:00:00,2,1,1
2016-11-10 04:00:00,5,4,1
2016-11-10 05:00:00,32,21,11
2016-11-10 06:00:00,46,32,14
2016-11-10 07:00:00,168,132,36
2016-11-10 08:00:00,129,95,34
2016-11-10 09:00:00,45,28,17
2016-11-10 10:00:00,37,24,13
2016-11-10 11:00:00,31,14,17
2016-11-10 12:00:00,36,21,15
2016-11-10 13:00:00,55,20,35
2016-11-10 14:00:00,60,29,31
2016-11-10 15:00:00,98,45,53
2016-11-10 16:00:00,148,54,94
2016-11-10 17:00:00,149,26,123
2016-11-10 18:00:00,53,5,48
2016-11-10 19:00:00,20,4,16
2016-11-10 20:00:00,7,2,5
2016-11-10 21:00:00,4,1,3
2016-11-10 22:00:00,4,0,4
2016-11-10 23:00:00,2,0,2
2016-11-11 00:00:00,2,0,2
2016-11-11 01:00:00,1,0,1
2016-11-11 02:00:00,1,0,1
2016-11-11 03:00:00,1,1,0
2016-11-11 04:00:00,5,3,2
2016-11-11 05:00:00,21,12,9
2016-11-11 06:00:00,39,26,13
2016-11-11 07:00:00,122,96,26
2016-11-11 08:00:00,91,69,22
2016-11-11 09:00:00,53,30,23
2016-11-11 10:00:00,65,43,22
2016-11-11 11:00:00,39,21,18
2016-11-11 12:00:00,35,19,16
2016-11-11 13:00:00,61,19,42
2016-11-11 14:00:00,77,36,41
2016-11-11 15:00:00,105,38,67
2016-11-11 16:00:00,122,38,84
2016-11-11 17:00:00,90,16,74
2016-11-11 18:00:00,34,7,27
2016-11-11 19:00:00,6,1,5
2016-11-11 20:00:00,7,4,3
2016-11-11 21:00:00,11,7,4
2016-11-11 22:00:00,10,5,5
2016-11-11 23:00:00,8,2,6
2016-11-12 00:00:00,9,0,9
2016-11-12 01:00:00,1,0,1
2016-11-12 02:00:00,0,0,0
2016-11-12 03:00:00,0,0,0
2016-11-12 04:00:00,1,1,0
2016-11-12 05:00:00,1,0,1
2016-11-12 06:00:00,5,3,2
2016-11-12 07:00:00,11,4,7
2016-11-12 08:00:00,15,10,5
2016-11-12 09:00:00,14,4,10
2016-11-12 10:00:00,22,4,18
2016-11-12 11:00:00,19,13,6
2016-11-12 12:00:00,19,10,9
2016-11-12 13:00:00,36,14,22
2016-11-12 14:00:00,30,16,14
2016-11-12 15:00:00,80,30,50
2016-11-12 16:00:00,29,7,22
2016-11-12 17:00:00,11,7,4
2016-11-12 18:00:00,6,1,5
2016-11-12 19:00:00,5,3,2
2016-11-12 20:00:00,6,3,3
2016-11-12 21:00:00,4,0,4
2016-11-12 22:00:00,3,1,2
2016-11-12 23:00:00,13,1,12
2016-11-13 00:00:00,0,0,0
2016-11-13 01:00:00,2,1,1
2016-11-13 02:00:00,0,0,0
2016-11-13 03:00:00,1,1,0
2016-11-13 04:00:00,1,1,0
2016-11-13 05:00:00,2,1,1
2016-11-13 06:00:00,4,1,3
2016-11-13 07:00:00,7,1,6
2016-11-13 08:00:00,8,5,3
2016-11-13 09:00:00,10,4,6
2016-11-13 10:00:00,18,9,9
2016-11-13 11:00:00,20,10,10
2016-11-13 12:00:00,20,8,12
2016-11-13 13:00:00,23,11,12
2016-11-13 14:00:00,16,8,8
2016-11-13 15:00:00,22,12,10
2016-11-13 16:00:00,15,12,3
2016-11-13 17:00:00,6,3,3
2016-11-13 18:00:00,4,1,3
2016-11-13 19:00:00,2,0,2
2016-11-13 20:00:00,1,0,1
2016-11-13 21:00:00,2,0,2
2016-11-13 22:00:00,1,0,1
2016-11-13 23:00:00,0,0,0
2016-11-14 00:00:00,0,0,0
2016-11-14 01:00:00,1,0,1
2016-11-14 02:00:00,0,0,0
2016-11-14 03:00:00,1,1,0
2016-11-14 04:00:00,4,1,3
2016-11-14 05:00:00,26,16,10
2016-11-14 06:00:00,50,31,19
2016-11-14 07:00:00,149,114,35
2016-11-14 08:00:00,139,110,29
2016-11-14 09:00:00,36,25,11
2016-11-14 10:00:00,17,13,4
2016-11-14 11:00:00,32,15,17
2016-11-14 12:00:00,21,15,6
2016-11-14 13:00:00,34,11,23
2016-11-14 14:00:00,51,26,25
2016-11-14 15:00:00,82,36,46
2016-11-14 16:00:00,157,46,111
2016-11-14 17:00:00,140,24,116
2016-11-14 18:00:00,75,10,65
2016-11-14 19:00:00,10,3,7
2016-11-14 20:00:00,6,3,3
2016-11-14 21:00:00,1,1,0
2016-11-14 22:00:00,1,0,1
2016-11-14 23:00:00,4,2,2
2016-11-15 00:00:00,2,1,1
2016-11-15 01:00:00,0,0,0
2016-11-15 02:00:00,1,1,0
2016-11-15 03:00:00,0,0,0
2016-11-15 04:00:00,8,4,4
2016-11-15 05:00:00,19,12,7
2016-11-15 06:00:00,38,24,14
2016-11-15 07:00:00,107,81,26
2016-11-15 08:00:00,120,96,24
2016-11-15 09:00:00,40,22,18
2016-11-15 10:00:00,21,11,10
2016-11-15 11:00:00,15,10,5
2016-11-15 12:00:00,18,8,10
2016-11-15 13:00:00,29,11,18
2016-11-15 14:00:00,32,17,15
2016-11-15 15:00:00,52,19,33
2016-11-15 16:00:00,116,40,76
2016-11-15 17:00:00,128,17,111
2016-11-15 18:00:00,30,2,28
2016-11-15 19:00:00,11,2,9
2016-11-15 20:00:00,5,0,5
2016-11-15 21:00:00,2,1,1
2016-11-15 22:00:00,2,2,0
2016-11-15 23:00:00,0,0,0
2016-11-16 00:00:00,0,0,0
2016-11-16 01:00:00,2,0,2
2016-11-16 02:00:00,0,0,0
2016-11-16 03:00:00,1,1,0
2016-11-16 04:00:00,2,2,0
2016-11-16 05:00:00,20,12,8
2016-11-16 06:00:00,46,30,16
2016-11-16 07:00:00,144,115,29
2016-11-16 08:00:00,140,110,30
2016-11-16 09:00:00,35,24,11
2016-11-16 10:00:00,16,10,6
2016-11-16 11:00:00,21,10,11
2016-11-16 12:00:00,40,19,21
2016-11-16 13:00:00,8,3,5
2016-11-16 14:00:00,30,13,17
2016-11-16 15:00:00,78,30,48
2016-11-16 16:00:00,127,41,86
2016-11-16 17:00:00,159,27,132
2016-11-16 18:00:00,32,5,27
2016-11-16 19:00:00,10,4,6
2016-11-16 20:00:00,10,0,10
2016-11-16 21:00:00,3,2,1
2016-11-16 22:00:00,0,0,0
2016-11-16 23:00:00,3,0,3
2016-11-17 00:00:00,1,0,1
2016-11-17 01:00:00,0,0,0
2016-11-17 02:00:00,1,0,1
2016-11-17 03:00:00,1,1,0
2016-11-17 04:00:00,1,1,0
2016-11-17 05:00:00,31,18,13
2016-11-17 06:00:00,50,34,16
2016-11-17 07:00:00,142,113,29
2016-11-17 08:00:00,134,102,32
2016-11-17 09:00:00,45,21,24
2016-11-17 10:00:00,28,18,10
2016-11-17 11:00:00,34,16,18
2016-11-17 12:00:00,31,15,16
2016-11-17 13:00:00,27,10,17
2016-11-17 14:00:00,52,27,25
2016-11-17 15:00:00,70,24,46
2016-11-17 16:00:00,140,40,100
2016-11-17 17:00:00,162,25,137
2016-11-17 18:00:00,38,5,33
2016-11-17 19:00:00,47,7,40
2016-11-17 20:00:00,8,3,5
2016-11-17 21:00:00,7,3,4
2016-11-17 22:00:00,3,1,2
2016-11-17 23:00:00,2,1,1
2016-11-18 00:00:00,0,0,0
2016-11-18 01:00:00,1,1,0
2016-11-18 02:00:00,0,0,0
2016-11-18 03:00:00,0,0,0
2016-11-18 04:00:00,4,2,2
2016-11-18 05:00:00,27,15,12
2016-11-18 06:00:00,42,28,14
2016-11-18 07:00:00,119,94,25
2016-11-18 08:00:00,113,93,20
2016-11-18 09:00:00,42,25,17
2016-11-18 10:00:00,25,15,10
2016-11-18 11:00:00,33,20,13
2016-11-18 12:00:00,21,10,11
2016-11-18 13:00:00,40,19,21
2016-11-18 14:00:00,47,27,20
2016-11-18 15:00:00,72,28,44
2016-11-18 16:00:00,136,38,98
2016-11-18 17:00:00,121,21,100
2016-11-18 18:00:00,41,4,37
2016-11-18 19:00:00,9,2,7
2016-11-18 20:00:00,4,1,3
2016-11-18 21:00:00,6,3,3
2016-11-18 22:00:00,5,0,5
2016-11-18 23:00:00,2,2,0
2016-11-19 00:00:00,1,0,1
2016-11-19 01:00:00,1,0,1
2016-11-19 02:00:00,2,0,2
2016-11-19 03:00:00,0,0,0
2016-11-19 04:00:00,1,1,0
2016-11-19 05:00:00,1,0,1
2016-11-19 06:00:00,2,1,1
2016-11-19 07:00:00,9,1,8
2016-11-19 08:00:00,11,5,6
2016-11-19 09:00:00,20,9,11
2016-11-19 10:00:00,14,9,5
2016-11-19 11:00:00,36,17,19
2016-11-19 12:00:00,13,4,9
2016-11-19 13:00:00,18,5,13
2016-11-19 14:00:00,24,13,11
2016-11-19 15:00:00,34,18,16
2016-11-19 16:00:00,19,11,8
2016-11-19 17:00:00,13,6,7
2016-11-19 18:00:00,6,0,6
2016-11-19 19:00:00,6,1,5
2016-11-19 20:00:00,3,1,2
2016-11-19 21:00:00,7,2,5
2016-11-19 22:00:00,2,1,1
2016-11-19 23:00:00,19,15,4
2016-11-20 00:00:00,1,1,0
2016-11-20 01:00:00,1,0,1
2016-11-20 02:00:00,0,0,0
2016-11-20 03:00:00,1,1,0
2016-11-20 04:00:00,1,1,0
2016-11-20 05:00:00,2,1,1
2016-11-20 06:00:00,3,0,3
2016-11-20 07:00:00,1,0,1
2016-11-20 08:00:00,14,8,6
2016-11-20 09:00:00,9,6,3
2016-11-20 10:00:00,13,6,7
2016-11-20 11:00:00,14,11,3
2016-11-20 12:00:00,25,16,9
2016-11-20 13:00:00,14,6,8
2016-11-20 14:00:00,12,5,7
2016-11-20 15:00:00,12,5,7
2016-11-20 16:00:00,8,3,5
2016-11-20 17:00:00,4,1,3
2016-11-20 18:00:00,3,1,2
2016-11-20 19:00:00,2,1,1
2016-11-20 20:00:00,1,1,0
2016-11-20 21:00:00,5,3,2
2016-11-20 22:00:00,0,0,0
2016-11-20 23:00:00,0,0,0
2016-11-21 00:00:00,2,0,2
2016-11-21 01:00:00,1,1,0
2016-11-21 02:00:00,0,0,0
2016-11-21 03:00:00,2,2,0
2016-11-21 04:00:00,4,0,4
2016-11-21 05:00:00,25,15,10
2016-11-21 06:00:00,46,27,19
2016-11-21 07:00:00,135,105,30
2016-11-21 08:00:00,140,107,33
2016-11-21 09:00:00,37,21,16
2016-11-21 10:00:00,27,13,14
2016-11-21 11:00:00,18,8,10
2016-11-21 12:00:00,27,14,13
2016-11-21 13:00:00,44,19,25
2016-11-21 14:00:00,46,22,24
2016-11-21 15:00:00,75,30,45
2016-11-21 16:00:00,158,50,108
2016-11-21 17:00:00,151,40,111
2016-11-21 18:00:00,47,14,33
2016-11-21 19:00:00,10,1,9
2016-11-21 20:00:00,7,2,5
2016-11-21 21:00:00,4,3,1
2016-11-21 22:00:00,4,0,4
2016-11-21 23:00:00,1,1,0
2016-11-22 00:00:00,3,3,0
2016-11-22 01:00:00,1,0,1
2016-11-22 02:00:00,0,0,0
2016-11-22 03:00:00,2,2,0
2016-11-22 04:00:00,6,1,5
2016-11-22 05:00:00,22,15,7
2016-11-22 06:00:00,33,20,13
2016-11-22 07:00:00,129,95,34
2016-11-22 08:00:00,100,74,26
2016-11-22 09:00:00,30,20,10
2016-11-22 10:00:00,19,11,8
2016-11-22 11:00:00,20,10,10
2016-11-22 12:00:00,18,10,8
2016-11-22 13:00:00,16,9,7
2016-11-22 14:00:00,28,14,14
2016-11-22 15:00:00,49,17,32
2016-11-22 16:00:00,89,28,61
2016-11-22 17:00:00,96,19,77
2016-11-22 18:00:00,35,4,31
2016-11-22 19:00:00,11,5,6
2016-11-22 20:00:00,1,0,1
2016-11-22 21:00:00,8,2,6
2016-11-22 22:00:00,4,1,3
2016-11-22 23:00:00,3,0,3
2016-11-23 00:00:00,0,0,0
2016-11-23 01:00:00,0,0,0
2016-11-23 02:00:00,1,0,1
2016-11-23 03:00:00,2,2,0
2016-11-23 04:00:00,5,2,3
2016-11-23 05:00:00,19,16,3
2016-11-23 06:00:00,27,17,10
2016-11-23 07:00:00,83,57,26
2016-11-23 08:00:00,82,67,15
2016-11-23 09:00:00,29,16,13
2016-11-23 10:00:00,17,12,5
2016-11-23 11:00:00,46,25,21
2016-11-23 12:00:00,21,8,13
2016-11-23 13:00:00,32,11,21
2016-11-23 14:00:00,62,19,43
2016-11-23 15:00:00,61,14,47
2016-11-23 16:00:00,68,16,52
2016-11-23 17:00:00,37,3,34
2016-11-23 18:00:00,14,2,12
2016-11-23 19:00:00,4,2,2
2016-11-23 20:00:00,3,0,3
2016-11-23 21:00:00,1,1,0
2016-11-23 22:00:00,2,0,2
2016-11-23 23:00:00,0,0,0
2016-11-24 00:00:00,1,1,0
2016-11-24 01:00:00,1,1,0
2016-11-24 02:00:00,0,0,0
2016-11-24 03:00:00,0,0,0
2016-11-24 04:00:00,0,0,0
2016-11-24 05:00:00,2,2,0
2016-11-24 06:00:00,1,1,0
2016-11-24 07:00:00,0,0,0
2016-11-24 08:00:00,6,0,6
2016-11-24 09:00:00,2,1,1
2016-11-24 10:00:00,3,2,1
2016-11-24 11:00:00,12,6,6
2016-11-24 12:00:00,0,0,0
2016-11-24 13:00:00,9,5,4
2016-11-24 14:00:00,3,2,1
2016-11-24 15:00:00,3,1,2
2016-11-24 16:00:00,2,2,0
2016-11-24 17:00:00,0,0,0
2016-11-24 18:00:00,4,1,3
2016-11-24 19:00:00,2,0,2
2016-11-24 20:00:00,0,0,0
2016-11-24 21:00:00,1,0,1
2016-11-24 22:00:00,0,0,0
2016-11-24 23:00:00,0,0,0
2016-11-25 00:00:00,0,0,0
2016-11-25 01:00:00,0,0,0
2016-11-25 02:00:00,0,0,0
2016-11-25 03:00:00,0,0,0
2016-11-25 04:00:00,0,0,0
2016-11-25 05:00:00,6,6,0
2016-11-25 06:00:00,3,1,2
2016-11-25 07:00:00,14,10,4
2016-11-25 08:00:00,21,14,7
2016-11-25 09:00:00,28,14,14
2016-11-25 10:00:00,38,18,20
2016-11-25 11:00:00,63,30,33
2016-11-25 12:00:00,59,34,25
2016-11-25 13:00:00,62,30,32
2016-11-25 14:00:00,64,25,39
2016-11-25 15:00:00,36,17,19
2016-11-25 16:00:00,22,9,13
2016-11-25 17:00:00,7,3,4
2016-11-25 18:00:00,31,4,27
2016-11-25 19:00:00,3,1,2
2016-11-25 20:00:00,5,4,1
2016-11-25 21:00:00,2,1,1
2016-11-25 22:00:00,0,0,0
2016-11-25 23:00:00,3,1,2
2016-11-26 00:00:00,0,0,0
2016-11-26 01:00:00,0,0,0
2016-11-26 02:00:00,0,0,0
2016-11-26 03:00:00,0,0,0
2016-11-26 04:00:00,0,0,0
2016-11-26 05:00:00,0,0,0
2016-11-26 06:00:00,0,0,0
2016-11-26 07:00:00,2,0,2
2016-11-26 08:00:00,1,1,0
2016-11-26 09:00:00,1,1,0
2016-11-26 10:00:00,5,3,2
2016-11-26 11:00:00,11,2,9
2016-11-26 12:00:00,15,8,7
2016-11-26 13:00:00,14,5,9
2016-11-26 14:00:00,23,16,7
2016-11-26 15:00:00,14,8,6
2016-11-26 16:00:00,13,7,6
2016-11-26 17:00:00,3,1,2
2016-11-26 18:00:00,13,11,2
2016-11-26 19:00:00,14,1,13
2016-11-26 20:00:00,1,1,0
2016-11-26 21:00:00,2,2,0
2016-11-26 22:00:00,1,0,1
2016-11-26 23:00:00,0,0,0
2016-11-27 00:00:00,0,0,0
2016-11-27 01:00:00,0,0,0
2016-11-27 02:00:00,0,0,0
2016-11-27 03:00:00,2,1,1
2016-11-27 04:00:00,0,0,0
2016-11-27 05:00:00,1,0,1
2016-11-27 06:00:00,1,1,0
2016-11-27 07:00:00,15,5,10
2016-11-27 08:00:00,16,11,5
2016-11-27 09:00:00,30,14,16
2016-11-27 10:00:00,23,11,12
2016-11-27 11:00:00,37,9,28
2016-11-27 12:00:00,15,7,8
2016-11-27 13:00:00,10,3,7
2016-11-27 14:00:00,9,5,4
2016-11-27 15:00:00,8,4,4
2016-11-27 16:00:00,3,2,1
2016-11-27 17:00:00,0,0,0
2016-11-27 18:00:00,4,2,2
2016-11-27 19:00:00,1,0,1
2016-11-27 20:00:00,3,1,2
2016-11-27 21:00:00,0,0,0
2016-11-27 22:00:00,1,1,0
2016-11-27 23:00:00,1,0,1
2016-11-28 00:00:00,0,0,0
2016-11-28 01:00:00,0,0,0
2016-11-28 02:00:00,0,0,0
2016-11-28 03:00:00,1,1,0
2016-11-28 04:00:00,4,1,3
2016-11-28 05:00:00,24,15,9
2016-11-28 06:00:00,44,27,17
2016-11-28 07:00:00,126,94,32
2016-11-28 08:00:00,123,95,28
2016-11-28 09:00:00,35,23,12
2016-11-28 10:00:00,14,5,9
2016-11-28 11:00:00,24,15,9
2016-11-28 12:00:00,14,6,8
2016-11-28 13:00:00,26,14,12
2016-11-28 14:00:00,46,24,22
2016-11-28 15:00:00,72,24,48
2016-11-28 16:00:00,123,38,85
2016-11-28 17:00:00,144,21,123
2016-11-28 18:00:00,47,5,42
2016-11-28 19:00:00,11,4,7
2016-11-28 20:00:00,3,1,2
2016-11-28 21:00:00,6,2,4
2016-11-28 22:00:00,3,1,2
2016-11-28 23:00:00,4,2,2
2016-11-29 00:00:00,1,0,1
2016-11-29 01:00:00,0,0,0
2016-11-29 02:00:00,2,1,1
2016-11-29 03:00:00,2,2,0
2016-11-29 04:00:00,3,1,2
2016-11-29 05:00:00,30,18,12
2016-11-29 06:00:00,56,35,21
2016-11-29 07:00:00,139,104,35
2016-11-29 08:00:00,129,96,33
2016-11-29 09:00:00,45,21,24
2016-11-29 10:00:00,36,29,7
2016-11-29 11:00:00,25,13,12
2016-11-29 12:00:00,29,10,19
2016-11-29 13:00:00,26,12,14
2016-11-29 14:00:00,47,31,16
2016-11-29 15:00:00,74,34,40
2016-11-29 16:00:00,136,27,109
2016-11-29 17:00:00,183,28,155
2016-11-29 18:00:00,54,18,36
2016-11-29 19:00:00,18,3,15
2016-11-29 20:00:00,4,2,2
2016-11-29 21:00:00,5,4,1
2016-11-29 22:00:00,2,1,1
2016-11-29 23:00:00,4,1,3
2016-11-30 00:00:00,0,0,0
2016-11-30 01:00:00,0,0,0
2016-11-30 02:00:00,1,0,1
2016-11-30 03:00:00,1,1,0
2016-11-30 04:00:00,6,3,3
2016-11-30 05:00:00,21,13,8
2016-11-30 06:00:00,49,31,18
2016-11-30 07:00:00,110,81,29
2016-11-30 08:00:00,117,92,25
2016-11-30 09:00:00,27,19,8
2016-11-30 10:00:00,15,7,8
2016-11-30 11:00:00,11,3,8
2016-11-30 12:00:00,12,6,6
2016-11-30 13:00:00,17,5,12
2016-11-30 14:00:00,24,12,12
2016-11-30 15:00:00,49,20,29
2016-11-30 16:00:00,123,32,91
2016-11-30 17:00:00,115,20,95
2016-11-30 18:00:00,42,6,36
2016-11-30 19:00:00,14,2,12
2016-11-30 20:00:00,8,1,7
2016-11-30 21:00:00,3,1,2
2016-11-30 22:00:00,2,2,0
2016-11-30 23:00:00,5,1,4
2016-12-01 00:00:00,0,0,0
2016-12-01 01:00:00,1,0,1
2016-12-01 02:00:00,1,1,0
2016-12-01 03:00:00,2,2,0
2016-12-01 04:00:00,5,2,3
2016-12-01 05:00:00,24,14,10
2016-12-01 06:00:00,56,35,21
2016-12-01 07:00:00,119,92,27
2016-12-01 08:00:00,134,92,42
2016-12-01 09:00:00,59,42,17
2016-12-01 10:00:00,26,12,14
2016-12-01 11:00:00,26,13,13
2016-12-01 12:00:00,29,18,11
2016-12-01 13:00:00,20,6,14
2016-12-01 14:00:00,34,14,20
2016-12-01 15:00:00,57,28,29
2016-12-01 16:00:00,125,42,83
2016-12-01 17:00:00,118,21,97
2016-12-01 18:00:00,44,7,37
2016-12-01 19:00:00,20,2,18
2016-12-01 20:00:00,7,6,1
2016-12-01 21:00:00,5,3,2
2016-12-01 22:00:00,1,0,1
2016-12-01 23:00:00,1,0,1
2016-12-02 00:00:00,0,0,0
2016-12-02 01:00:00,0,0,0
2016-12-02 02:00:00,1,0,1
2016-12-02 03:00:00,0,0,0
2016-12-02 04:00:00,3,1,2
2016-12-02 05:00:00,16,10,6
2016-12-02 06:00:00,29,16,13
2016-12-02 07:00:00,80,63,17
2016-12-02 08:00:00,79,53,26
2016-12-02 09:00:00,24,13,11
2016-12-02 10:00:00,13,9,4
2016-12-02 11:00:00,10,6,4
2016-12-02 12:00:00,9,2,7
2016-12-02 13:00:00,16,10,6
2016-12-02 14:00:00,23,9,14
2016-12-02 15:00:00,45,25,20
2016-12-02 16:00:00,70,18,52
2016-12-02 17:00:00,64,14,50
2016-12-02 18:00:00,26,7,19
2016-12-02 19:00:00,7,2,5
2016-12-02 20:00:00,7,2,5
2016-12-02 21:00:00,7,3,4
2016-12-02 22:00:00,1,0,1
2016-12-02 23:00:00,0,0,0
2016-12-03 00:00:00,2,0,2
2016-12-03 01:00:00,0,0,0
2016-12-03 02:00:00,1,0,1
2016-12-03 03:00:00,0,0,0
2016-12-03 04:00:00,0,0,0
2016-12-03 05:00:00,3,1,2
2016-12-03 06:00:00,5,3,2
2016-12-03 07:00:00,17,10,7
2016-12-03 08:00:00,12,9,3
2016-12-03 09:00:00,26,18,8
2016-12-03 10:00:00,34,16,18
2016-12-03 11:00:00,42,18,24
2016-12-03 12:00:00,32,14,18
2016-12-03 13:00:00,31,20,11
2016-12-03 14:00:00,36,19,17
2016-12-03 15:00:00,31,12,19
2016-12-03 16:00:00,12,7,5
2016-12-03 17:00:00,8,2,6
2016-12-03 18:00:00,3,0,3
2016-12-03 19:00:00,4,2,2
2016-12-03 20:00:00,4,1,3
2016-12-03 21:00:00,2,2,0
2016-12-03 22:00:00,2,1,1
2016-12-03 23:00:00,0,0,0
2016-12-04 00:00:00,0,0,0
2016-12-04 01:00:00,0,0,0
2016-12-04 02:00:00,0,0,0
2016-12-04 03:00:00,0,0,0
2016-12-04 04:00:00,0,0,0
2016-12-04 05:00:00,2,2,0
2016-12-04 06:00:00,0,0,0
2016-12-04 07:00:00,4,0,4
2016-12-04 08:00:00,8,4,4
2016-12-04 09:00:00,14,8,6
2016-12-04 10:00:00,37,18,19
2016-12-04 11:00:00,48,25,23
2016-12-04 12:00:00,62,29,33
2016-12-04 13:00:00,57,27,30
2016-12-04 14:00:00,79,40,39
2016-12-04 15:00:00,53,25,28
2016-12-04 16:00:00,36,23,13
2016-12-04 17:00:00,4,0,4
2016-12-04 18:00:00,1,0,1
2016-12-04 19:00:00,12,8,4
2016-12-04 20:00:00,5,1,4
2016-12-04 21:00:00,5,0,5
2016-12-04 22:00:00,2,0,2
2016-12-04 23:00:00,2,1,1
2016-12-05 00:00:00,0,0,0
2016-12-05 01:00:00,0,0,0
2016-12-05 02:00:00,1,0,1
2016-12-05 03:00:00,3,3,0
2016-12-05 04:00:00,4,2,2
2016-12-05 05:00:00,18,12,6
2016-12-05 06:00:00,29,16,13
2016-12-05 07:00:00,75,56,19
2016-12-05 08:00:00,72,61,11
2016-12-05 09:00:00,21,12,9
2016-12-05 10:00:00,11,5,6
2016-12-05 11:00:00,4,2,2
2016-12-05 12:00:00,5,0,5
2016-12-05 13:00:00,11,4,7
2016-12-05 14:00:00,21,11,10
2016-12-05 15:00:00,33,10,23
2016-12-05 16:00:00,87,22,65
2016-12-05 17:00:00,67,7,60
2016-12-05 18:00:00,31,3,28
2016-12-05 19:00:00,3,0,3
2016-12-05 20:00:00,3,2,1
2016-12-05 21:00:00,1,1,0
2016-12-05 22:00:00,1,0,1
2016-12-05 23:00:00,1,1,0
2016-12-06 00:00:00,0,0,0
2016-12-06 01:00:00,0,0,0
2016-12-06 02:00:00,2,0,2
2016-12-06 03:00:00,1,1,0
2016-12-06 04:00:00,2,1,1
2016-12-06 05:00:00,24,17,7
2016-12-06 06:00:00,19,9,10
2016-12-06 07:00:00,73,55,18
2016-12-06 08:00:00,93,74,19
2016-12-06 09:00:00,40,28,12
2016-12-06 10:00:00,6,4,2
2016-12-06 11:00:00,13,6,7
2016-12-06 12:00:00,29,14,15
2016-12-06 13:00:00,26,16,10
2016-12-06 14:00:00,34,22,12
2016-12-06 15:00:00,51,20,31
2016-12-06 16:00:00,76,25,51
2016-12-06 17:00:00,92,9,83
2016-12-06 18:00:00,34,5,29
2016-12-06 19:00:00,4,1,3
2016-12-06 20:00:00,5,3,2
2016-12-06 21:00:00,5,5,0
2016-12-06 22:00:00,4,1,3
2016-12-06 23:00:00,0,0,0
2016-12-07 00:00:00,2,0,2
2016-12-07 01:00:00,0,0,0
2016-12-07 02:00:00,0,0,0
2016-12-07 03:00:00,3,2,1
2016-12-07 04:00:00,3,2,1
2016-12-07 05:00:00,25,16,9
2016-12-07 06:00:00,29,19,10
2016-12-07 07:00:00,79,64,15
2016-12-07 08:00:00,83,66,17
2016-12-07 09:00:00,40,29,11
2016-12-07 10:00:00,19,9,10
2016-12-07 11:00:00,17,10,7
2016-12-07 12:00:00,25,10,15
2016-12-07 13:00:00,27,16,11
2016-12-07 14:00:00,24,13,11
2016-12-07 15:00:00,49,19,30
2016-12-07 16:00:00,95,29,66
2016-12-07 17:00:00,80,9,71
2016-12-07 18:00:00,43,6,37
2016-12-07 19:00:00,8,1,7
2016-12-07 20:00:00,4,0,4
2016-12-07 21:00:00,4,2,2
2016-12-07 22:00:00,4,1,3
2016-12-07 23:00:00,0,0,0
2016-12-08 00:00:00,0,0,0
2016-12-08 01:00:00,0,0,0
2016-12-08 02:00:00,0,0,0
2016-12-08 03:00:00,2,1,1
2016-12-08 04:00:00,4,3,1
2016-12-08 05:00:00,17,12,5
2016-12-08 06:00:00,27,16,11
2016-12-08 07:00:00,58,46,12
2016-12-08 08:00:00,68,52,16
2016-12-08 09:00:00,34,22,12
2016-12-08 10:00:00,13,7,6
2016-12-08 11:00:00,13,7,6
2016-12-08 12:00:00,10,2,8
2016-12-08 13:00:00,24,15,9
2016-12-08 14:00:00,20,9,11
2016-12-08 15:00:00,44,18,26
2016-12-08 16:00:00,76,19,57
2016-12-08 17:00:00,68,6,62
2016-12-08 18:00:00,25,3,22
2016-12-08 19:00:00,4,0,4
2016-12-08 20:00:00,1,1,0
2016-12-08 21:00:00,1,0,1
2016-12-08 22:00:00,1,0,1
2016-12-08 23:00:00,2,1,1
2016-12-09 00:00:00,0,0,0
2016-12-09 01:00:00,0,0,0
2016-12-09 02:00:00,0,0,0
2016-12-09 03:00:00,2,1,1
2016-12-09 04:00:00,1,1,0
2016-12-09 05:00:00,2,1,1
2016-12-09 06:00:00,3,0,3
2016-12-09 07:00:00,15,11,4
2016-12-09 08:00:00,17,15,2
2016-12-09 09:00:00,11,9,2
2016-12-09 10:00:00,6,5,1
2016-12-09 11:00:00,3,0,3
2016-12-09 12:00:00,4,2,2
2016-12-09 13:00:00,9,6,3
2016-12-09 14:00:00,7,2,5
2016-12-09 15:00:00,13,7,6
2016-12-09 16:00:00,22,12,10
2016-12-09 17:00:00,26,3,23
2016-12-09 18:00:00,6,1,5
2016-12-09 19:00:00,3,0,3
2016-12-09 20:00:00,2,2,0
2016-12-09 21:00:00,1,0,1
2016-12-09 22:00:00,1,1,0
2016-12-09 23:00:00,0,0,0
2016-12-10 00:00:00,1,0,1
2016-12-10 01:00:00,0,0,0
2016-12-10 02:00:00,1,0,1
2016-12-10 03:00:00,0,0,0
2016-12-10 04:00:00,0,0,0
2016-12-10 05:00:00,3,2,1
2016-12-10 06:00:00,0,0,0
2016-12-10 07:00:00,5,1,4
2016-12-10 08:00:00,17,9,8
2016-12-10 09:00:00,10,3,7
2016-12-10 10:00:00,27,10,17
2016-12-10 11:00:00,16,14,2
2016-12-10 12:00:00,6,4,2
2016-12-10 13:00:00,3,2,1
2016-12-10 14:00:00,14,5,9
2016-12-10 15:00:00,5,3,2
2016-12-10 16:00:00,6,4,2
2016-12-10 17:00:00,2,1,1
2016-12-10 18:00:00,14,12,2
2016-12-10 19:00:00,5,3,2
2016-12-10 20:00:00,1,1,0
2016-12-10 21:00:00,14,2,12
2016-12-10 22:00:00,0,0,0
2016-12-10 23:00:00,1,0,1
2016-12-11 00:00:00,1,0,1
2016-12-11 01:00:00,0,0,0
2016-12-11 02:00:00,1,0,1
2016-12-11 03:00:00,1,0,1
2016-12-11 04:00:00,0,0,0
2016-12-11 05:00:00,0,0,0
2016-12-11 06:00:00,1,0,1
2016-12-11 07:00:00,2,0,2
2016-12-11 08:00:00,9,7,2
2016-12-11 09:00:00,6,3,3
2016-12-11 10:00:00,20,5,15
2016-12-11 11:00:00,13,5,8
2016-12-11 12:00:00,20,5,15
2016-12-11 13:00:00,7,4,3
2016-12-11 14:00:00,14,6,8
2016-12-11 15:00:00,9,2,7
2016-12-11 16:00:00,6,3,3
2016-12-11 17:00:00,6,3,3
2016-12-11 18:00:00,5,4,1
2016-12-11 19:00:00,5,3,2
2016-12-11 20:00:00,0,0,0
2016-12-11 21:00:00,0,0,0
2016-12-11 22:00:00,0,0,0
2016-12-11 23:00:00,2,2,0
2016-12-12 00:00:00,0,0,0
2016-12-12 01:00:00,0,0,0
2016-12-12 02:00:00,1,0,1
2016-12-12 03:00:00,2,1,1
2016-12-12 04:00:00,6,3,3
2016-12-12 05:00:00,21,14,7
2016-12-12 06:00:00,27,13,14
2016-12-12 07:00:00,107,80,27
2016-12-12 08:00:00,95,79,16
2016-12-12 09:00:00,29,23,6
2016-12-12 10:00:00,13,5,8
2016-12-12 11:00:00,7,1,6
2016-12-12 12:00:00,10,7,3
2016-12-12 13:00:00,13,10,3
2016-12-12 14:00:00,22,11,11
2016-12-12 15:00:00,42,19,23
2016-12-12 16:00:00,98,28,70
2016-12-12 17:00:00,111,14,97
2016-12-12 18:00:00,41,7,34
2016-12-12 19:00:00,10,3,7
2016-12-12 20:00:00,7,4,3
2016-12-12 21:00:00,2,2,0
2016-12-12 22:00:00,1,0,1
2016-12-12 23:00:00,1,0,1
2016-12-13 00:00:00,1,0,1
2016-12-13 01:00:00,0,0,0
2016-12-13 02:00:00,3,0,3
2016-12-13 03:00:00,1,1,0
2016-12-13 04:00:00,2,2,0
2016-12-13 05:00:00,18,10,8
2016-12-13 06:00:00,36,27,9
2016-12-13 07:00:00,134,102,32
2016-12-13 08:00:00,107,83,24
2016-12-13 09:00:00,30,24,6
2016-12-13 10:00:00,19,11,8
2016-12-13 11:00:00,12,6,6
2016-12-13 12:00:00,19,10,9
2016-12-13 13:00:00,22,12,10
2016-12-13 14:00:00,29,15,14
2016-12-13 15:00:00,69,30,39
2016-12-13 16:00:00,111,38,73
2016-12-13 17:00:00,114,12,102
2016-12-13 18:00:00,52,4,48
2016-12-13 19:00:00,9,2,7
2016-12-13 20:00:00,4,0,4
2016-12-13 21:00:00,3,3,0
2016-12-13 22:00:00,6,1,5
2016-12-13 23:00:00,0,0,0
2016-12-14 00:00:00,0,0,0
2016-12-14 01:00:00,0,0,0
2016-12-14 02:00:00,2,0,2
2016-12-14 03:00:00,1,1,0
2016-12-14 04:00:00,5,2,3
2016-12-14 05:00:00,11,5,6
2016-12-14 06:00:00,39,29,10
2016-12-14 07:00:00,104,77,27
2016-12-14 08:00:00,81,66,15
2016-12-14 09:00:00,37,26,11
2016-12-14 10:00:00,16,7,9
2016-12-14 11:00:00,11,5,6
2016-12-14 12:00:00,14,8,6
2016-12-14 13:00:00,17,10,7
2016-12-14 14:00:00,23,9,14
2016-12-14 15:00:00,42,21,21
2016-12-14 16:00:00,79,28,51
2016-12-14 17:00:00,110,20,90
2016-12-14 18:00:00,32,4,28
2016-12-14 19:00:00,7,1,6
2016-12-14 20:00:00,6,2,4
2016-12-14 21:00:00,4,0,4
2016-12-14 22:00:00,4,2,2
2016-12-14 23:00:00,3,1,2
2016-12-15 00:00:00,2,1,1
2016-12-15 01:00:00,0,0,0
2016-12-15 02:00:00,1,0,1
2016-12-15 03:00:00,1,1,0
2016-12-15 04:00:00,5,3,2
2016-12-15 05:00:00,26,16,10
2016-12-15 06:00:00,26,15,11
2016-12-15 07:00:00,85,62,23
2016-12-15 08:00:00,94,77,17
2016-12-15 09:00:00,32,24,8
2016-12-15 10:00:00,15,6,9
2016-12-15 11:00:00,23,13,10
2016-12-15 12:00:00,23,13,10
2016-12-15 13:00:00,24,10,14
2016-12-15 14:00:00,28,15,13
2016-12-15 15:00:00,37,17,20
2016-12-15 16:00:00,112,28,84
2016-12-15 17:00:00,78,12,66
2016-12-15 18:00:00,28,6,22
2016-12-15 19:00:00,6,3,3
2016-12-15 20:00:00,13,4,9
2016-12-15 21:00:00,4,0,4
2016-12-15 22:00:00,3,0,3
2016-12-15 23:00:00,1,0,1
2016-12-16 00:00:00,1,0,1
2016-12-16 01:00:00,0,0,0
2016-12-16 02:00:00,1,0,1
2016-12-16 03:00:00,1,1,0
2016-12-16 04:00:00,3,3,0
2016-12-16 05:00:00,20,14,6
2016-12-16 06:00:00,19,13,6
2016-12-16 07:00:00,57,38,19
2016-12-16 08:00:00,73,60,13
2016-12-16 09:00:00,18,14,4
2016-12-16 10:00:00,10,6,4
2016-12-16 11:00:00,12,2,10
2016-12-16 12:00:00,16,8,8
2016-12-16 13:00:00,19,11,8
2016-12-16 14:00:00,30,14,16
2016-12-16 15:00:00,43,14,29
2016-12-16 16:00:00,67,18,49
2016-12-16 17:00:00,55,4,51
2016-12-16 18:00:00,18,5,13
2016-12-16 19:00:00,7,1,6
2016-12-16 20:00:00,3,1,2
2016-12-16 21:00:00,3,3,0
2016-12-16 22:00:00,2,2,0
2016-12-16 23:00:00,0,0,0
2016-12-17 00:00:00,1,0,1
2016-12-17 01:00:00,0,0,0
2016-12-17 02:00:00,1,0,1
2016-12-17 03:00:00,0,0,0
2016-12-17 04:00:00,0,0,0
2016-12-17 05:00:00,2,2,0
2016-12-17 06:00:00,2,0,2
2016-12-17 07:00:00,5,1,4
2016-12-17 08:00:00,6,3,3
2016-12-17 09:00:00,12,7,5
2016-12-17 10:00:00,20,13,7
2016-12-17 11:00:00,20,7,13
2016-12-17 12:00:00,12,4,8
2016-12-17 13:00:00,14,7,7
2016-12-17 14:00:00,20,8,12
2016-12-17 15:00:00,31,13,18
2016-12-17 16:00:00,14,4,10
2016-12-17 17:00:00,5,3,2
2016-12-17 18:00:00,2,0,2
2016-12-17 19:00:00,7,1,6
2016-12-17 20:00:00,3,1,2
2016-12-17 21:00:00,3,3,0
2016-12-17 22:00:00,8,2,6
2016-12-17 23:00:00,7,7,0
2016-12-18 00:00:00,10,10,0
2016-12-18 01:00:00,4,3,1
2016-12-18 02:00:00,0,0,0
2016-12-18 03:00:00,0,0,0
2016-12-18 04:00:00,1,1,0
2016-12-18 05:00:00,1,1,0
2016-12-18 06:00:00,0,0,0
2016-12-18 07:00:00,3,1,2
2016-12-18 08:00:00,8,1,7
2016-12-18 09:00:00,6,4,2
2016-12-18 10:00:00,16,8,8
2016-12-18 11:00:00,24,8,16
2016-12-18 12:00:00,26,16,10
2016-12-18 13:00:00,15,7,8
2016-12-18 14:00:00,31,18,13
2016-12-18 15:00:00,26,14,12
2016-12-18 16:00:00,14,9,5
2016-12-18 17:00:00,6,3,3
2016-12-18 18:00:00,5,4,1
2016-12-18 19:00:00,4,1,3
2016-12-18 20:00:00,5,1,4
2016-12-18 21:00:00,0,0,0
2016-12-18 22:00:00,0,0,0
2016-12-18 23:00:00,0,0,0
2016-12-19 00:00:00,0,0,0
2016-12-19 01:00:00,0,0,0
2016-12-19 02:00:00,0,0,0
2016-12-19 03:00:00,0,0,0
2016-12-19 04:00:00,1,1,0
2016-12-19 05:00:00,10,6,4
2016-12-19 06:00:00,19,13,6
2016-12-19 07:00:00,72,57,15
2016-12-19 08:00:00,63,52,11
2016-12-19 09:00:00,18,10,8
2016-12-19 10:00:00,9,5,4
2016-12-19 11:00:00,11,5,6
2016-12-19 12:00:00,10,6,4
2016-12-19 13:00:00,6,2,4
2016-12-19 14:00:00,20,11,9
2016-12-19 15:00:00,20,9,11
2016-12-19 16:00:00,64,18,46
2016-12-19 17:00:00,79,10,69
2016-12-19 18:00:00,31,4,27
2016-12-19 19:00:00,5,1,4
2016-12-19 20:00:00,0,0,0
2016-12-19 21:00:00,4,3,1
2016-12-19 22:00:00,1,1,0
2016-12-19 23:00:00,0,0,0
2016-12-20 00:00:00,1,0,1
2016-12-20 01:00:00,1,1,0
2016-12-20 02:00:00,4,0,4
2016-12-20 03:00:00,0,0,0
2016-12-20 04:00:00,2,2,0
2016-12-20 05:00:00,10,5,5
2016-12-20 06:00:00,26,20,6
2016-12-20 07:00:00,66,50,16
2016-12-20 08:00:00,79,60,19
2016-12-20 09:00:00,31,27,4
2016-12-20 10:00:00,21,12,9
2016-12-20 11:00:00,25,12,13
2016-12-20 12:00:00,23,12,11
2016-12-20 13:00:00,27,15,12
2016-12-20 14:00:00,50,26,24
2016-12-20 15:00:00,54,25,29
2016-12-20 16:00:00,94,23,71
2016-12-20 17:00:00,87,12,75
2016-12-20 18:00:00,31,5,26
2016-12-20 19:00:00,7,2,5
2016-12-20 20:00:00,5,4,1
2016-12-20 21:00:00,5,2,3
2016-12-20 22:00:00,6,0,6
2016-12-20 23:00:00,2,1,1
2016-12-21 00:00:00,1,1,0
2016-12-21 01:00:00,0,0,0
2016-12-21 02:00:00,1,0,1
2016-12-21 03:00:00,1,0,1
2016-12-21 04:00:00,3,3,0
2016-12-21 05:00:00,22,17,5
2016-12-21 06:00:00,37,21,16
2016-12-21 07:00:00,84,68,16
2016-12-21 08:00:00,91,68,23
2016-12-21 09:00:00,51,38,13
2016-12-21 10:00:00,34,20,14
2016-12-21 11:00:00,29,15,14
2016-12-21 12:00:00,32,13,19
2016-12-21 13:00:00,28,18,10
2016-12-21 14:00:00,33,14,19
2016-12-21 15:00:00,51,21,30
2016-12-21 16:00:00,103,25,78
2016-12-21 17:00:00,92,11,81
2016-12-21 18:00:00,34,4,30
2016-12-21 19:00:00,6,2,4
2016-12-21 20:00:00,10,4,6
2016-12-21 21:00:00,1,0,1
2016-12-21 22:00:00,0,0,0
2016-12-21 23:00:00,2,1,1
2016-12-22 00:00:00,1,1,0
2016-12-22 01:00:00,0,0,0
2016-12-22 02:00:00,2,0,2
2016-12-22 03:00:00,1,1,0
2016-12-22 04:00:00,2,1,1
2016-12-22 05:00:00,19,11,8
2016-12-22 06:00:00,29,17,12
2016-12-22 07:00:00,60,46,14
2016-12-22 08:00:00,61,47,14
2016-12-22 09:00:00,42,33,9
2016-12-22 10:00:00,15,6,9
2016-12-22 11:00:00,9,3,6
2016-12-22 12:00:00,18,6,12
2016-12-22 13:00:00,18,7,11
2016-12-22 14:00:00,27,10,17
2016-12-22 15:00:00,39,22,17
2016-12-22 16:00:00,63,18,45
2016-12-22 17:00:00,61,10,51
2016-12-22 18:00:00,15,2,13
2016-12-22 19:00:00,34,1,33
2016-12-22 20:00:00,4,0,4
2016-12-22 21:00:00,4,4,0
2016-12-22 22:00:00,1,0,1
2016-12-22 23:00:00,2,2,0
2016-12-23 00:00:00,2,2,0
2016-12-23 01:00:00,1,0,1
2016-12-23 02:00:00,0,0,0
2016-12-23 03:00:00,0,0,0
2016-12-23 04:00:00,0,0,0
2016-12-23 05:00:00,7,4,3
2016-12-23 06:00:00,8,5,3
2016-12-23 07:00:00,21,16,5
2016-12-23 08:00:00,26,16,10
2016-12-23 09:00:00,15,11,4
2016-12-23 10:00:00,5,3,2
2016-12-23 11:00:00,4,0,4
2016-12-23 12:00:00,8,4,4
2016-12-23 13:00:00,11,3,8
2016-12-23 14:00:00,11,4,7
2016-12-23 15:00:00,31,9,22
2016-12-23 16:00:00,16,4,12
2016-12-23 17:00:00,12,0,12
2016-12-23 18:00:00,1,0,1
2016-12-23 19:00:00,1,1,0
2016-12-23 20:00:00,1,1,0
2016-12-23 21:00:00,0,0,0
2016-12-23 22:00:00,0,0,0
2016-12-23 23:00:00,0,0,0
2016-12-24 00:00:00,2,0,2
2016-12-24 01:00:00,1,0,1
2016-12-24 02:00:00,0,0,0
2016-12-24 03:00:00,1,0,1
2016-12-24 04:00:00,0,0,0
2016-12-24 05:00:00,1,1,0
2016-12-24 06:00:00,2,2,0
2016-12-24 07:00:00,3,0,3
2016-12-24 08:00:00,18,10,8
2016-12-24 09:00:00,12,5,7
2016-12-24 10:00:00,12,2,10
2016-12-24 11:00:00,16,12,4
2016-12-24 12:00:00,22,11,11
2016-12-24 13:00:00,18,8,10
2016-12-24 14:00:00,18,9,9
2016-12-24 15:00:00,18,10,8
2016-12-24 16:00:00,16,3,13
2016-12-24 17:00:00,3,1,2
2016-12-24 18:00:00,3,2,1
2016-12-24 19:00:00,1,1,0
2016-12-24 20:00:00,0,0,0
2016-12-24 21:00:00,0,0,0
2016-12-24 22:00:00,0,0,0
2016-12-24 23:00:00,1,1,0
2016-12-25 00:00:00,0,0,0
2016-12-25 01:00:00,0,0,0
2016-12-25 02:00:00,0,0,0
2016-12-25 03:00:00,0,0,0
2016-12-25 04:00:00,0,0,0
2016-12-25 05:00:00,0,0,0
2016-12-25 06:00:00,0,0,0
2016-12-25 07:00:00,1,0,1
2016-12-25 08:00:00,3,1,2
2016-12-25 09:00:00,10,2,8
2016-12-25 10:00:00,12,8,4
2016-12-25 11:00:00,28,15,13
2016-12-25 12:00:00,19,11,8
2016-12-25 13:00:00,32,7,25
2016-12-25 14:00:00,26,14,12
2016-12-25 15:00:00,31,13,18
2016-12-25 16:00:00,13,6,7
2016-12-25 17:00:00,2,0,2
2016-12-25 18:00:00,1,1,0
2016-12-25 19:00:00,1,0,1
2016-12-25 20:00:00,2,1,1
2016-12-25 21:00:00,0,0,0
2016-12-25 22:00:00,0,0,0
2016-12-25 23:00:00,1,0,1
2016-12-26 00:00:00,0,0,0
2016-12-26 01:00:00,0,0,0
2016-12-26 02:00:00,0,0,0
2016-12-26 03:00:00,0,0,0
2016-12-26 04:00:00,0,0,0
2016-12-26 05:00:00,5,4,1
2016-12-26 06:00:00,3,2,1
2016-12-26 07:00:00,5,3,2
2016-12-26 08:00:00,11,5,6
2016-12-26 09:00:00,11,6,5
2016-12-26 10:00:00,25,15,10
2016-12-26 11:00:00,16,12,4
2016-12-26 12:00:00,23,15,8
2016-12-26 13:00:00,39,17,22
2016-12-26 14:00:00,10,1,9
2016-12-26 15:00:00,12,7,5
2016-12-26 16:00:00,8,5,3
2016-12-26 17:00:00,2,0,2
2016-12-26 18:00:00,0,0,0
2016-12-26 19:00:00,0,0,0
2016-12-26 20:00:00,2,0,2
2016-12-26 21:00:00,1,1,0
2016-12-26 22:00:00,1,0,1
2016-12-26 23:00:00,3,0,3
2016-12-27 00:00:00,2,1,1
2016-12-27 01:00:00,0,0,0
2016-12-27 02:00:00,1,0,1
2016-12-27 03:00:00,1,1,0
2016-12-27 04:00:00,3,0,3
2016-12-27 05:00:00,7,3,4
2016-12-27 06:00:00,22,13,9
2016-12-27 07:00:00,31,23,8
2016-12-27 08:00:00,58,39,19
2016-12-27 09:00:00,34,21,13
2016-12-27 10:00:00,19,9,10
2016-12-27 11:00:00,18,9,9
2016-12-27 12:00:00,12,4,8
2016-12-27 13:00:00,16,6,10
2016-12-27 14:00:00,17,9,8
2016-12-27 15:00:00,44,16,28
2016-12-27 16:00:00,59,18,41
2016-12-27 17:00:00,37,8,29
2016-12-27 18:00:00,10,2,8
2016-12-27 19:00:00,0,0,0
2016-12-27 20:00:00,1,1,0
2016-12-27 21:00:00,0,0,0
2016-12-27 22:00:00,2,1,1
2016-12-27 23:00:00,0,0,0
2016-12-28 00:00:00,0,0,0
2016-12-28 01:00:00,0,0,0
2016-12-28 02:00:00,1,0,1
2016-12-28 03:00:00,3,2,1
2016-12-28 04:00:00,2,0,2
2016-12-28 05:00:00,9,7,2
2016-12-28 06:00:00,23,18,5
2016-12-28 07:00:00,53,42,11
2016-12-28 08:00:00,58,46,12
2016-12-28 09:00:00,26,16,10
2016-12-28 10:00:00,16,7,9
2016-12-28 11:00:00,26,15,11
2016-12-28 12:00:00,31,17,14
2016-12-28 13:00:00,71,35,36
2016-12-28 14:00:00,36,16,20
2016-12-28 15:00:00,67,28,39
2016-12-28 16:00:00,69,25,44
2016-12-28 17:00:00,56,7,49
2016-12-28 18:00:00,23,6,17
2016-12-28 19:00:00,3,2,1
2016-12-28 20:00:00,2,0,2
2016-12-28 21:00:00,1,0,1
2016-12-28 22:00:00,3,1,2
2016-12-28 23:00:00,1,0,1
2016-12-29 00:00:00,0,0,0
2016-12-29 01:00:00,0,0,0
2016-12-29 02:00:00,1,0,1
2016-12-29 03:00:00,1,1,0
2016-12-29 04:00:00,2,2,0
2016-12-29 05:00:00,8,5,3
2016-12-29 06:00:00,22,14,8
2016-12-29 07:00:00,38,27,11
2016-12-29 08:00:00,56,35,21
2016-12-29 09:00:00,27,23,4
2016-12-29 10:00:00,10,2,8
2016-12-29 11:00:00,15,8,7
2016-12-29 12:00:00,13,6,7
2016-12-29 13:00:00,20,9,11
2016-12-29 14:00:00,11,3,8
2016-12-29 15:00:00,26,12,14
2016-12-29 16:00:00,52,14,38
2016-12-29 17:00:00,30,5,25
2016-12-29 18:00:00,9,1,8
2016-12-29 19:00:00,1,1,0
2016-12-29 20:00:00,0,0,0
2016-12-29 21:00:00,1,1,0
2016-12-29 22:00:00,1,0,1
2016-12-29 23:00:00,2,0,2
2016-12-30 00:00:00,0,0,0
2016-12-30 01:00:00,1,0,1
2016-12-30 02:00:00,0,0,0
2016-12-30 03:00:00,0,0,0
2016-12-30 04:00:00,1,1,0
2016-12-30 05:00:00,6,4,2
2016-12-30 06:00:00,15,12,3
2016-12-30 07:00:00,30,20,10
2016-12-30 08:00:00,42,25,17
2016-12-30 09:00:00,12,7,5
2016-12-30 10:00:00,23,11,12
2016-12-30 11:00:00,25,14,11
2016-12-30 12:00:00,42,24,18
2016-12-30 13:00:00,57,27,30
2016-12-30 14:00:00,40,18,22
2016-12-30 15:00:00,53,26,27
2016-12-30 16:00:00,47,12,35
2016-12-30 17:00:00,27,2,25
2016-12-30 18:00:00,19,4,15
2016-12-30 19:00:00,3,2,1
2016-12-30 20:00:00,1,1,0
2016-12-30 21:00:00,0,0,0
2016-12-30 22:00:00,4,3,1
2016-12-30 23:00:00,0,0,0
2016-12-31 00:00:00,0,0,0
2016-12-31 01:00:00,1,0,1
2016-12-31 02:00:00,0,0,0
2016-12-31 03:00:00,1,0,1
2016-12-31 04:00:00,0,0,0
2016-12-31 05:00:00,2,2,0
2016-12-31 06:00:00,2,2,0
2016-12-31 07:00:00,6,2,4
2016-12-31 08:00:00,7,5,2
2016-12-31 09:00:00,8,4,4
2016-12-31 10:00:00,12,5,7
2016-12-31 11:00:00,13,4,9
2016-12-31 12:00:00,11,5,6
2016-12-31 13:00:00,14,7,7
2016-12-31 14:00:00,25,9,16
2016-12-31 15:00:00,13,10,3
2016-12-31 16:00:00,11,4,7
2016-12-31 17:00:00,3,0,3
2016-12-31 18:00:00,2,0,2
2016-12-31 19:00:00,0,0,0
2016-12-31 20:00:00,0,0,0
2016-12-31 21:00:00,1,1,0
2016-12-31 22:00:00,0,0,0
2016-12-31 23:00:00,5,2,3
2017-01-01 00:00:00,0,0,0
2017-01-01 01:00:00,0,0,0
2017-01-01 02:00:00,2,1,1
2017-01-01 03:00:00,1,0,1
2017-01-01 04:00:00,1,1,0
2017-01-01 05:00:00,0,0,0
2017-01-01 06:00:00,3,3,0
2017-01-01 07:00:00,1,0,1
2017-01-01 08:00:00,5,1,4
2017-01-01 09:00:00,18,12,6
2017-01-01 10:00:00,5,4,1
2017-01-01 11:00:00,12,5,7
2017-01-01 12:00:00,20,10,10
2017-01-01 13:00:00,18,7,11
2017-01-01 14:00:00,44,24,20
2017-01-01 15:00:00,16,8,8
2017-01-01 16:00:00,19,10,9
2017-01-01 17:00:00,0,0,0
2017-01-01 18:00:00,1,0,1
2017-01-01 19:00:00,2,1,1
2017-01-01 20:00:00,1,1,0
2017-01-01 21:00:00,1,1,0
2017-01-01 22:00:00,0,0,0
2017-01-01 23:00:00,0,0,0
2017-01-02 00:00:00,0,0,0
2017-01-02 01:00:00,0,0,0
2017-01-02 02:00:00,0,0,0
2017-01-02 03:00:00,0,0,0
2017-01-02 04:00:00,0,0,0
2017-01-02 05:00:00,4,2,2
2017-01-02 06:00:00,1,1,0
2017-01-02 07:00:00,8,2,6
2017-01-02 08:00:00,11,6,5
2017-01-02 09:00:00,8,1,7
2017-01-02 10:00:00,12,6,6
2017-01-02 11:00:00,35,19,16
2017-01-02 12:00:00,36,23,13
2017-01-02 13:00:00,45,19,26
2017-01-02 14:00:00,53,24,29
2017-01-02 15:00:00,46,20,26
2017-01-02 16:00:00,30,16,14
2017-01-02 17:00:00,16,5,11
2017-01-02 18:00:00,3,1,2
2017-01-02 19:00:00,3,1,2
2017-01-02 20:00:00,1,0,1
2017-01-02 21:00:00,3,2,1
2017-01-02 22:00:00,0,0,0
2017-01-02 23:00:00,0,0,0
2017-01-03 00:00:00,1,0,1
2017-01-03 01:00:00,0,0,0
2017-01-03 02:00:00,2,0,2
2017-01-03 03:00:00,1,1,0
2017-01-03 04:00:00,1,0,1
2017-01-03 05:00:00,17,11,6
2017-01-03 06:00:00,34,21,13
2017-01-03 07:00:00,81,62,19
2017-01-03 08:00:00,76,57,19
2017-01-03 09:00:00,24,16,8
2017-01-03 10:00:00,13,9,4
2017-01-03 11:00:00,12,9,3
2017-01-03 12:00:00,25,10,15
2017-01-03 13:00:00,17,7,10
2017-01-03 14:00:00,20,16,4
2017-01-03 15:00:00,47,26,21
2017-01-03 16:00:00,79,27,52
2017-01-03 17:00:00,95,9,86
2017-01-03 18:00:00,31,1,30
2017-01-03 19:00:00,6,2,4
2017-01-03 20:00:00,2,1,1
2017-01-03 21:00:00,2,1,1
2017-01-03 22:00:00,0,0,0
2017-01-03 23:00:00,1,0,1
2017-01-04 00:00:00,0,0,0
2017-01-04 01:00:00,0,0,0
2017-01-04 02:00:00,2,0,2
2017-01-04 03:00:00,1,1,0
2017-01-04 04:00:00,2,2,0
2017-01-04 05:00:00,19,7,12
2017-01-04 06:00:00,26,21,5
2017-01-04 07:00:00,81,59,22
2017-01-04 08:00:00,73,56,17
2017-01-04 09:00:00,23,18,5
2017-01-04 10:00:00,10,6,4
2017-01-04 11:00:00,12,5,7
2017-01-04 12:00:00,18,12,6
2017-01-04 13:00:00,17,7,10
2017-01-04 14:00:00,27,13,14
2017-01-04 15:00:00,54,32,22
2017-01-04 16:00:00,94,31,63
2017-01-04 17:00:00,90,15,75
2017-01-04 18:00:00,33,3,30
2017-01-04 19:00:00,4,1,3
2017-01-04 20:00:00,1,0,1
2017-01-04 21:00:00,3,0,3
2017-01-04 22:00:00,1,0,1
2017-01-04 23:00:00,0,0,0
2017-01-05 00:00:00,0,0,0
2017-01-05 01:00:00,0,0,0
2017-01-05 02:00:00,1,0,1
2017-01-05 03:00:00,1,1,0
2017-01-05 04:00:00,2,1,1
2017-01-05 05:00:00,17,9,8
2017-01-05 06:00:00,31,22,9
2017-01-05 07:00:00,64,46,18
2017-01-05 08:00:00,86,59,27
2017-01-05 09:00:00,44,29,15
2017-01-05 10:00:00,12,8,4
2017-01-05 11:00:00,10,4,6
2017-01-05 12:00:00,24,10,14
2017-01-05 13:00:00,24,10,14
2017-01-05 14:00:00,24,10,14
2017-01-05 15:00:00,59,25,34
2017-01-05 16:00:00,85,26,59
2017-01-05 17:00:00,86,14,72
2017-01-05 18:00:00,39,2,37
2017-01-05 19:00:00,3,1,2
2017-01-05 20:00:00,4,0,4
2017-01-05 21:00:00,2,2,0
2017-01-05 22:00:00,1,1,0
2017-01-05 23:00:00,0,0,0
2017-01-06 00:00:00,1,0,1
2017-01-06 01:00:00,0,0,0
2017-01-06 02:00:00,0,0,0
2017-01-06 03:00:00,0,0,0
2017-01-06 04:00:00,2,2,0
2017-01-06 05:00:00,18,8,10
2017-01-06 06:00:00,21,11,10
2017-01-06 07:00:00,70,51,19
2017-01-06 08:00:00,74,57,17
2017-01-06 09:00:00,23,11,12
2017-01-06 10:00:00,26,20,6
2017-01-06 11:00:00,8,3,5
2017-01-06 12:00:00,24,7,17
2017-01-06 13:00:00,33,14,19
2017-01-06 14:00:00,29,17,12
2017-01-06 15:00:00,39,18,21
2017-01-06 16:00:00,89,28,61
2017-01-06 17:00:00,87,15,72
2017-01-06 18:00:00,30,6,24
2017-01-06 19:00:00,6,0,6
2017-01-06 20:00:00,2,1,1
2017-01-06 21:00:00,5,3,2
2017-01-06 22:00:00,1,0,1
2017-01-06 23:00:00,2,0,2
2017-01-07 00:00:00,1,0,1
2017-01-07 01:00:00,0,0,0
2017-01-07 02:00:00,0,0,0
2017-01-07 03:00:00,0,0,0
2017-01-07 04:00:00,0,0,0
2017-01-07 05:00:00,2,2,0
2017-01-07 06:00:00,3,2,1
2017-01-07 07:00:00,10,5,5
2017-01-07 08:00:00,16,11,5
2017-01-07 09:00:00,19,3,16
2017-01-07 10:00:00,27,13,14
2017-01-07 11:00:00,29,12,17
2017-01-07 12:00:00,31,13,18
2017-01-07 13:00:00,41,21,20
2017-01-07 14:00:00,29,14,15
2017-01-07 15:00:00,36,15,21
2017-01-07 16:00:00,15,9,6
2017-01-07 17:00:00,7,3,4
2017-01-07 18:00:00,5,1,4
2017-01-07 19:00:00,4,2,2
2017-01-07 20:00:00,4,0,4
2017-01-07 21:00:00,4,3,1
2017-01-07 22:00:00,7,0,7
2017-01-07 23:00:00,2,1,1
2017-01-08 00:00:00,0,0,0
2017-01-08 01:00:00,1,0,1
2017-01-08 02:00:00,0,0,0
2017-01-08 03:00:00,1,0,1
2017-01-08 04:00:00,3,0,3
2017-01-08 05:00:00,2,1,1
2017-01-08 06:00:00,1,0,1
2017-01-08 07:00:00,2,0,2
2017-01-08 08:00:00,12,6,6
2017-01-08 09:00:00,6,4,2
2017-01-08 10:00:00,6,2,4
2017-01-08 11:00:00,7,2,5
2017-01-08 12:00:00,5,4,1
2017-01-08 13:00:00,7,4,3
2017-01-08 14:00:00,3,2,1
2017-01-08 15:00:00,4,3,1
2017-01-08 16:00:00,2,1,1
2017-01-08 17:00:00,3,2,1
2017-01-08 18:00:00,2,1,1
2017-01-08 19:00:00,0,0,0
2017-01-08 20:00:00,2,1,1
2017-01-08 21:00:00,0,0,0
2017-01-08 22:00:00,0,0,0
2017-01-08 23:00:00,1,0,1
2017-01-09 00:00:00,2,2,0
2017-01-09 01:00:00,0,0,0
2017-01-09 02:00:00,0,0,0
2017-01-09 03:00:00,0,0,0
2017-01-09 04:00:00,1,1,0
2017-01-09 05:00:00,5,2,3
2017-01-09 06:00:00,20,13,7
2017-01-09 07:00:00,38,24,14
2017-01-09 08:00:00,101,74,27
2017-01-09 09:00:00,110,86,24
2017-01-09 10:00:00,31,19,12
2017-01-09 11:00:00,21,14,7
2017-01-09 12:00:00,12,7,5
2017-01-09 13:00:00,10,5,5
2017-01-09 14:00:00,13,7,6
2017-01-09 15:00:00,21,10,11
2017-01-09 16:00:00,45,22,23
2017-01-09 17:00:00,105,28,77
2017-01-09 18:00:00,97,10,87
2017-01-09 19:00:00,50,3,47
2017-01-09 20:00:00,4,1,3
2017-01-09 21:00:00,4,0,4
2017-01-09 22:00:00,3,2,1
2017-01-09 23:00:00,3,1,2
2017-01-10 00:00:00,2,0,2
2017-01-10 01:00:00,3,2,1
2017-01-10 02:00:00,2,1,1
2017-01-10 03:00:00,0,0,0
2017-01-10 04:00:00,1,1,0
2017-01-10 05:00:00,3,1,2
2017-01-10 06:00:00,19,12,7
2017-01-10 07:00:00,26,18,8
2017-01-10 08:00:00,68,54,14
2017-01-10 09:00:00,71,56,15
2017-01-10 10:00:00,22,18,4
2017-01-10 11:00:00,18,10,8
2017-01-10 12:00:00,10,6,4
2017-01-10 13:00:00,8,3,5
2017-01-10 14:00:00,12,6,6
2017-01-10 15:00:00,20,12,8
2017-01-10 16:00:00,42,19,23
2017-01-10 17:00:00,75,26,49
2017-01-10 18:00:00,85,9,76
2017-01-10 19:00:00,6,0,6
2017-01-10 20:00:00,6,2,4
2017-01-10 21:00:00,5,2,3
2017-01-10 22:00:00,2,1,1
2017-01-10 23:00:00,1,0,1
2017-01-11 00:00:00,0,0,0
2017-01-11 01:00:00,0,0,0
2017-01-11 02:00:00,0,0,0
2017-01-11 03:00:00,2,1,1
2017-01-11 04:00:00,4,2,2
2017-01-11 05:00:00,22,12,10
2017-01-11 06:00:00,26,18,8
2017-01-11 07:00:00,79,61,18
2017-01-11 08:00:00,85,63,22
2017-01-11 09:00:00,25,18,7
2017-01-11 10:00:00,28,12,16
2017-01-11 11:00:00,17,8,9
2017-01-11 12:00:00,23,12,11
2017-01-11 13:00:00,19,9,10
2017-01-11 14:00:00,24,13,11
2017-01-11 15:00:00,29,13,16
2017-01-11 16:00:00,73,31,42
2017-01-11 17:00:00,101,13,88
2017-01-11 18:00:00,37,6,31
2017-01-11 19:00:00,7,0,7
2017-01-11 20:00:00,1,0,1
2017-01-11 21:00:00,1,0,1
2017-01-11 22:00:00,4,2,2
2017-01-11 23:00:00,1,0,1
2017-01-12 00:00:00,0,0,0
2017-01-12 01:00:00,0,0,0
2017-01-12 02:00:00,1,0,1
2017-01-12 03:00:00,1,1,0
2017-01-12 04:00:00,1,1,0
2017-01-12 05:00:00,16,8,8
2017-01-12 06:00:00,33,18,15
2017-01-12 07:00:00,80,65,15
2017-01-12 08:00:00,86,67,19
2017-01-12 09:00:00,33,24,9
2017-01-12 10:00:00,15,9,6
2017-01-12 11:00:00,12,5,7
2017-01-12 12:00:00,23,11,12
2017-01-12 13:00:00,34,15,19
2017-01-12 14:00:00,27,16,11
2017-01-12 15:00:00,44,30,14
2017-01-12 16:00:00,82,22,60
2017-01-12 17:00:00,100,19,81
2017-01-12 18:00:00,41,1,40
2017-01-12 19:00:00,10,3,7
2017-01-12 20:00:00,7,5,2
2017-01-12 21:00:00,1,0,1
2017-01-12 22:00:00,2,0,2
2017-01-12 23:00:00,3,1,2
2017-01-13 00:00:00,3,2,1
2017-01-13 01:00:00,4,3,1
2017-01-13 02:00:00,2,2,0
2017-01-13 03:00:00,0,0,0
2017-01-13 04:00:00,4,4,0
2017-01-13 05:00:00,14,9,5
2017-01-13 06:00:00,32,20,12
2017-01-13 07:00:00,75,53,22
2017-01-13 08:00:00,72,55,17
2017-01-13 09:00:00,33,26,7
2017-01-13 10:00:00,11,6,5
2017-01-13 11:00:00,6,3,3
2017-01-13 12:00:00,24,8,16
2017-01-13 13:00:00,29,14,15
2017-01-13 14:00:00,23,10,13
2017-01-13 15:00:00,45,17,28
2017-01-13 16:00:00,86,32,54
2017-01-13 17:00:00,76,10,66
2017-01-13 18:00:00,32,2,30
2017-01-13 19:00:00,7,1,6
2017-01-13 20:00:00,2,1,1
2017-01-13 21:00:00,1,1,0
2017-01-13 22:00:00,4,3,1
2017-01-13 23:00:00,1,0,1
2017-01-14 00:00:00,1,0,1
2017-01-14 01:00:00,1,1,0
2017-01-14 02:00:00,1,0,1
2017-01-14 03:00:00,0,0,0
2017-01-14 04:00:00,0,0,0
2017-01-14 05:00:00,4,3,1
2017-01-14 06:00:00,5,5,0
2017-01-14 07:00:00,7,2,5
2017-01-14 08:00:00,11,5,6
2017-01-14 09:00:00,7,3,4
2017-01-14 10:00:00,40,18,22
2017-01-14 11:00:00,33,15,18
2017-01-14 12:00:00,44,21,23
2017-01-14 13:00:00,47,22,25
2017-01-14 14:00:00,42,22,20
2017-01-14 15:00:00,47,23,24
2017-01-14 16:00:00,28,15,13
2017-01-14 17:00:00,16,7,9
2017-01-14 18:00:00,1,1,0
2017-01-14 19:00:00,2,1,1
2017-01-14 20:00:00,4,3,1
2017-01-14 21:00:00,2,1,1
2017-01-14 22:00:00,1,0,1
2017-01-14 23:00:00,1,1,0
2017-01-15 00:00:00,1,0,1
2017-01-15 01:00:00,0,0,0
2017-01-15 02:00:00,0,0,0
2017-01-15 03:00:00,1,0,1
2017-01-15 04:00:00,0,0,0
2017-01-15 05:00:00,2,1,1
2017-01-15 06:00:00,2,1,1
2017-01-15 07:00:00,4,2,2
2017-01-15 08:00:00,7,4,3
2017-01-15 09:00:00,8,5,3
2017-01-15 10:00:00,28,11,17
2017-01-15 11:00:00,55,28,27
2017-01-15 12:00:00,85,45,40
2017-01-15 13:00:00,75,29,46
2017-01-15 14:00:00,74,41,33
2017-01-15 15:00:00,53,31,22
2017-01-15 16:00:00,15,12,3
2017-01-15 17:00:00,10,2,8
2017-01-15 18:00:00,3,1,2
2017-01-15 19:00:00,3,0,3
2017-01-15 20:00:00,6,5,1
2017-01-15 21:00:00,6,5,1
2017-01-15 22:00:00,2,2,0
2017-01-15 23:00:00,0,0,0
2017-01-16 00:00:00,1,1,0
2017-01-16 01:00:00,1,0,1
2017-01-16 02:00:00,0,0,0
2017-01-16 03:00:00,0,0,0
2017-01-16 04:00:00,3,0,3
2017-01-16 05:00:00,10,4,6
2017-01-16 06:00:00,21,14,7
2017-01-16 07:00:00,63,41,22
2017-01-16 08:00:00,73,50,23
2017-01-16 09:00:00,24,15,9
2017-01-16 10:00:00,17,9,8
2017-01-16 11:00:00,25,11,14
2017-01-16 12:00:00,29,14,15
2017-01-16 13:00:00,38,25,13
2017-01-16 14:00:00,42,14,28
2017-01-16 15:00:00,43,23,20
2017-01-16 16:00:00,56,22,34
2017-01-16 17:00:00,63,11,52
2017-01-16 18:00:00,19,1,18
2017-01-16 19:00:00,7,4,3
2017-01-16 20:00:00,5,3,2
2017-01-16 21:00:00,4,2,2
2017-01-16 22:00:00,2,2,0
2017-01-16 23:00:00,0,0,0
2017-01-17 00:00:00,0,0,0
2017-01-17 01:00:00,2,0,2
2017-01-17 02:00:00,1,1,0
2017-01-17 03:00:00,1,1,0
2017-01-17 04:00:00,2,2,0
2017-01-17 05:00:00,25,14,11
2017-01-17 06:00:00,28,17,11
2017-01-17 07:00:00,90,68,22
2017-01-17 08:00:00,102,72,30
2017-01-17 09:00:00,29,19,10
2017-01-17 10:00:00,16,6,10
2017-01-17 11:00:00,22,15,7
2017-01-17 12:00:00,3,1,2
2017-01-17 13:00:00,14,9,5
2017-01-17 14:00:00,16,13,3
2017-01-17 15:00:00,40,19,21
2017-01-17 16:00:00,73,27,46
2017-01-17 17:00:00,88,12,76
2017-01-17 18:00:00,41,6,35
2017-01-17 19:00:00,13,4,9
2017-01-17 20:00:00,10,6,4
2017-01-17 21:00:00,3,0,3
2017-01-17 22:00:00,5,3,2
2017-01-17 23:00:00,0,0,0
2017-01-18 00:00:00,1,0,1
2017-01-18 01:00:00,1,0,1
2017-01-18 02:00:00,0,0,0
2017-01-18 03:00:00,1,1,0
2017-01-18 04:00:00,4,4,0
2017-01-18 05:00:00,17,7,10
2017-01-18 06:00:00,23,15,8
2017-01-18 07:00:00,67,50,17
2017-01-18 08:00:00,55,37,18
2017-01-18 09:00:00,25,18,7
2017-01-18 10:00:00,8,4,4
2017-01-18 11:00:00,10,4,6
2017-01-18 12:00:00,11,4,7
2017-01-18 13:00:00,19,6,13
2017-01-18 14:00:00,21,7,14
2017-01-18 15:00:00,39,22,17
2017-01-18 16:00:00,67,26,41
2017-01-18 17:00:00,83,8,75
2017-01-18 18:00:00,19,0,19
2017-01-18 19:00:00,2,1,1
2017-01-18 20:00:00,5,1,4
2017-01-18 21:00:00,0,0,0
2017-01-18 22:00:00,1,1,0
2017-01-18 23:00:00,2,1,1
2017-01-19 00:00:00,0,0,0
2017-01-19 01:00:00,1,0,1
2017-01-19 02:00:00,0,0,0
2017-01-19 03:00:00,1,1,0
2017-01-19 04:00:00,1,1,0
2017-01-19 05:00:00,17,8,9
2017-01-19 06:00:00,32,19,13
2017-01-19 07:00:00,82,64,18
2017-01-19 08:00:00,101,81,20
2017-01-19 09:00:00,32,14,18
2017-01-19 10:00:00,25,17,8
2017-01-19 11:00:00,5,3,2
2017-01-19 12:00:00,19,7,12
2017-01-19 13:00:00,9,4,5
2017-01-19 14:00:00,15,10,5
2017-01-19 15:00:00,41,20,21
2017-01-19 16:00:00,89,21,68
2017-01-19 17:00:00,90,15,75
2017-01-19 18:00:00,41,5,36
2017-01-19 19:00:00,5,1,4
2017-01-19 20:00:00,7,2,5
2017-01-19 21:00:00,4,1,3
2017-01-19 22:00:00,2,1,1
2017-01-19 23:00:00,0,0,0
2017-01-20 00:00:00,0,0,0
2017-01-20 01:00:00,0,0,0
2017-01-20 02:00:00,1,0,1
2017-01-20 03:00:00,0,0,0
2017-01-20 04:00:00,2,1,1
2017-01-20 05:00:00,28,17,11
2017-01-20 06:00:00,39,21,18
2017-01-20 07:00:00,110,87,23
2017-01-20 08:00:00,94,66,28
2017-01-20 09:00:00,38,30,8
2017-01-20 10:00:00,19,9,10
2017-01-20 11:00:00,21,11,10
2017-01-20 12:00:00,34,14,20
2017-01-20 13:00:00,34,11,23
2017-01-20 14:00:00,42,24,18
2017-01-20 15:00:00,74,27,47
2017-01-20 16:00:00,111,36,75
2017-01-20 17:00:00,81,6,75
2017-01-20 18:00:00,26,6,20
2017-01-20 19:00:00,9,1,8
2017-01-20 20:00:00,8,3,5
2017-01-20 21:00:00,7,2,5
2017-01-20 22:00:00,2,0,2
2017-01-20 23:00:00,1,0,1
2017-01-21 00:00:00,2,0,2
2017-01-21 01:00:00,1,1,0
2017-01-21 02:00:00,2,0,2
2017-01-21 03:00:00,1,0,1
2017-01-21 04:00:00,0,0,0
2017-01-21 05:00:00,7,3,4
2017-01-21 06:00:00,1,1,0
2017-01-21 07:00:00,7,2,5
2017-01-21 08:00:00,18,12,6
2017-01-21 09:00:00,27,21,6
2017-01-21 10:00:00,30,25,5
2017-01-21 11:00:00,45,24,21
2017-01-21 12:00:00,51,23,28
2017-01-21 13:00:00,72,41,31
2017-01-21 14:00:00,78,37,41
2017-01-21 15:00:00,60,24,36
2017-01-21 16:00:00,21,7,14
2017-01-21 17:00:00,23,14,9
2017-01-21 18:00:00,6,2,4
2017-01-21 19:00:00,4,2,2
2017-01-21 20:00:00,3,3,0
2017-01-21 21:00:00,3,2,1
2017-01-21 22:00:00,12,2,10
2017-01-21 23:00:00,6,4,2
2017-01-22 00:00:00,2,1,1
2017-01-22 01:00:00,1,0,1
2017-01-22 02:00:00,0,0,0
2017-01-22 03:00:00,1,1,0
2017-01-22 04:00:00,0,0,0
2017-01-22 05:00:00,2,1,1
2017-01-22 06:00:00,2,1,1
2017-01-22 07:00:00,6,2,4
2017-01-22 08:00:00,7,7,0
2017-01-22 09:00:00,9,7,2
2017-01-22 10:00:00,4,2,2
2017-01-22 11:00:00,7,0,7
2017-01-22 12:00:00,10,5,5
2017-01-22 13:00:00,11,6,5
2017-01-22 14:00:00,22,11,11
2017-01-22 15:00:00,22,13,9
2017-01-22 16:00:00,24,15,9
2017-01-22 17:00:00,5,4,1
2017-01-22 18:00:00,2,0,2
2017-01-22 19:00:00,2,1,1
2017-01-22 20:00:00,1,1,0
2017-01-22 21:00:00,1,0,1
2017-01-22 22:00:00,1,1,0
2017-01-22 23:00:00,1,1,0
2017-01-23 00:00:00,0,0,0
2017-01-23 01:00:00,4,0,4
2017-01-23 02:00:00,1,0,1
2017-01-23 03:00:00,1,0,1
2017-01-23 04:00:00,6,1,5
2017-01-23 05:00:00,21,13,8
2017-01-23 06:00:00,41,23,18
2017-01-23 07:00:00,114,85,29
2017-01-23 08:00:00,129,92,37
2017-01-23 09:00:00,46,31,15
2017-01-23 10:00:00,17,9,8
2017-01-23 11:00:00,27,14,13
2017-01-23 12:00:00,15,10,5
2017-01-23 13:00:00,32,15,17
2017-01-23 14:00:00,34,17,17
2017-01-23 15:00:00,58,29,29
2017-01-23 16:00:00,146,44,102
2017-01-23 17:00:00,132,23,109
2017-01-23 18:00:00,49,5,44
2017-01-23 19:00:00,5,2,3
2017-01-23 20:00:00,4,1,3
2017-01-23 21:00:00,4,2,2
2017-01-23 22:00:00,4,1,3
2017-01-23 23:00:00,1,0,1
2017-01-24 00:00:00,0,0,0
2017-01-24 01:00:00,1,0,1
2017-01-24 02:00:00,1,0,1
2017-01-24 03:00:00,1,1,0
2017-01-24 04:00:00,2,2,0
2017-01-24 05:00:00,31,11,20
2017-01-24 06:00:00,43,26,17
2017-01-24 07:00:00,109,83,26
2017-01-24 08:00:00,133,103,30
2017-01-24 09:00:00,35,21,14
2017-01-24 10:00:00,25,11,14
2017-01-24 11:00:00,22,13,9
2017-01-24 12:00:00,15,11,4
2017-01-24 13:00:00,24,12,12
2017-01-24 14:00:00,48,26,22
2017-01-24 15:00:00,59,25,34
2017-01-24 16:00:00,123,32,91
2017-01-24 17:00:00,123,19,104
2017-01-24 18:00:00,51,6,45
2017-01-24 19:00:00,7,1,6
2017-01-24 20:00:00,8,1,7
2017-01-24 21:00:00,5,1,4
2017-01-24 22:00:00,2,1,1
2017-01-24 23:00:00,0,0,0
2017-01-25 00:00:00,0,0,0
2017-01-25 01:00:00,0,0,0
2017-01-25 02:00:00,1,0,1
2017-01-25 03:00:00,1,1,0
2017-01-25 04:00:00,6,3,3
2017-01-25 05:00:00,23,12,11
2017-01-25 06:00:00,45,31,14
2017-01-25 07:00:00,121,101,20
2017-01-25 08:00:00,100,74,26
2017-01-25 09:00:00,26,21,5
2017-01-25 10:00:00,17,10,7
2017-01-25 11:00:00,21,12,9
2017-01-25 12:00:00,17,6,11
2017-01-25 13:00:00,16,6,10
2017-01-25 14:00:00,27,10,17
2017-01-25 15:00:00,43,21,22
2017-01-25 16:00:00,103,33,70
2017-01-25 17:00:00,116,8,108
2017-01-25 18:00:00,41,3,38
2017-01-25 19:00:00,4,0,4
2017-01-25 20:00:00,6,2,4
2017-01-25 21:00:00,4,1,3
2017-01-25 22:00:00,7,3,4
2017-01-25 23:00:00,0,0,0
2017-01-26 00:00:00,3,0,3
2017-01-26 01:00:00,0,0,0
2017-01-26 02:00:00,0,0,0
2017-01-26 03:00:00,2,1,1
2017-01-26 04:00:00,3,3,0
2017-01-26 05:00:00,27,13,14
2017-01-26 06:00:00,49,34,15
2017-01-26 07:00:00,100,78,22
2017-01-26 08:00:00,112,78,34
2017-01-26 09:00:00,42,29,13
2017-01-26 10:00:00,17,8,9
2017-01-26 11:00:00,19,9,10
2017-01-26 12:00:00,25,11,14
2017-01-26 13:00:00,28,15,13
2017-01-26 14:00:00,30,14,16
2017-01-26 15:00:00,60,27,33
2017-01-26 16:00:00,122,35,87
2017-01-26 17:00:00,125,31,94
2017-01-26 18:00:00,40,5,35
2017-01-26 19:00:00,11,3,8
2017-01-26 20:00:00,7,1,6
2017-01-26 21:00:00,8,3,5
2017-01-26 22:00:00,6,4,2
2017-01-26 23:00:00,0,0,0
2017-01-27 00:00:00,1,0,1
2017-01-27 01:00:00,1,1,0
2017-01-27 02:00:00,1,0,1
2017-01-27 03:00:00,0,0,0
2017-01-27 04:00:00,1,1,0
2017-01-27 05:00:00,28,12,16
2017-01-27 06:00:00,33,20,13
2017-01-27 07:00:00,89,72,17
2017-01-27 08:00:00,105,79,26
2017-01-27 09:00:00,47,35,12
2017-01-27 10:00:00,27,12,15
2017-01-27 11:00:00,22,11,11
2017-01-27 12:00:00,34,14,20
2017-01-27 13:00:00,40,20,20
2017-01-27 14:00:00,52,26,26
2017-01-27 15:00:00,92,36,56
2017-01-27 16:00:00,142,50,92
2017-01-27 17:00:00,104,25,79
2017-01-27 18:00:00,28,7,21
2017-01-27 19:00:00,11,4,7
2017-01-27 20:00:00,17,3,14
2017-01-27 21:00:00,8,4,4
2017-01-27 22:00:00,2,1,1
2017-01-27 23:00:00,1,0,1
2017-01-28 00:00:00,0,0,0
2017-01-28 01:00:00,3,0,3
2017-01-28 02:00:00,0,0,0
2017-01-28 03:00:00,0,0,0
2017-01-28 04:00:00,0,0,0
2017-01-28 05:00:00,6,5,1
2017-01-28 06:00:00,7,5,2
2017-01-28 07:00:00,15,9,6
2017-01-28 08:00:00,29,19,10
2017-01-28 09:00:00,56,37,19
2017-01-28 10:00:00,49,32,17
2017-01-28 11:00:00,78,38,40
2017-01-28 12:00:00,71,31,40
2017-01-28 13:00:00,77,35,42
2017-01-28 14:00:00,69,27,42
2017-01-28 15:00:00,56,29,27
2017-01-28 16:00:00,72,38,34
2017-01-28 17:00:00,19,3,16
2017-01-28 18:00:00,11,2,9
2017-01-28 19:00:00,3,1,2
2017-01-28 20:00:00,5,0,5
2017-01-28 21:00:00,2,1,1
2017-01-28 22:00:00,1,0,1
2017-01-28 23:00:00,1,0,1
2017-01-29 00:00:00,0,0,0
2017-01-29 01:00:00,0,0,0
2017-01-29 02:00:00,0,0,0
2017-01-29 03:00:00,0,0,0
2017-01-29 04:00:00,0,0,0
2017-01-29 05:00:00,2,2,0
2017-01-29 06:00:00,4,2,2
2017-01-29 07:00:00,16,5,11
2017-01-29 08:00:00,24,15,9
2017-01-29 09:00:00,26,9,17
2017-01-29 10:00:00,54,19,35
2017-01-29 11:00:00,44,18,26
2017-01-29 12:00:00,65,40,25
2017-01-29 13:00:00,30,13,17
2017-01-29 14:00:00,30,12,18
2017-01-29 15:00:00,30,7,23
2017-01-29 16:00:00,28,15,13
2017-01-29 17:00:00,13,9,4
2017-01-29 18:00:00,3,1,2
2017-01-29 19:00:00,7,1,6
2017-01-29 20:00:00,1,0,1
2017-01-29 21:00:00,0,0,0
2017-01-29 22:00:00,1,1,0
2017-01-29 23:00:00,0,0,0
2017-01-30 00:00:00,2,2,0
2017-01-30 01:00:00,0,0,0
2017-01-30 02:00:00,1,0,1
2017-01-30 03:00:00,1,1,0
2017-01-30 04:00:00,4,2,2
2017-01-30 05:00:00,30,16,14
2017-01-30 06:00:00,51,33,18
2017-01-30 07:00:00,140,113,27
2017-01-30 08:00:00,121,94,27
2017-01-30 09:00:00,43,33,10
2017-01-30 10:00:00,24,13,11
2017-01-30 11:00:00,21,12,9
2017-01-30 12:00:00,22,11,11
2017-01-30 13:00:00,14,5,9
2017-01-30 14:00:00,38,19,19
2017-01-30 15:00:00,62,29,33
2017-01-30 16:00:00,116,41,75
2017-01-30 17:00:00,166,18,148
2017-01-30 18:00:00,55,7,48
2017-01-30 19:00:00,13,2,11
2017-01-30 20:00:00,8,1,7
2017-01-30 21:00:00,3,2,1
2017-01-30 22:00:00,1,0,1
2017-01-30 23:00:00,4,2,2
2017-01-31 00:00:00,1,0,1
2017-01-31 01:00:00,1,0,1
2017-01-31 02:00:00,0,0,0
2017-01-31 03:00:00,1,1,0
2017-01-31 04:00:00,2,2,0
2017-01-31 05:00:00,27,13,14
2017-01-31 06:00:00,56,37,19
2017-01-31 07:00:00,133,105,28
2017-01-31 08:00:00,123,95,28
2017-01-31 09:00:00,39,30,9
2017-01-31 10:00:00,21,9,12
2017-01-31 11:00:00,19,11,8
2017-01-31 12:00:00,16,9,7
2017-01-31 13:00:00,26,22,4
2017-01-31 14:00:00,42,20,22
2017-01-31 15:00:00,66,31,35
2017-01-31 16:00:00,138,43,95
2017-01-31 17:00:00,153,25,128
2017-01-31 18:00:00,57,9,48
2017-01-31 19:00:00,7,1,6
2017-01-31 20:00:00,9,3,6
2017-01-31 21:00:00,4,3,1
2017-01-31 22:00:00,2,0,2
2017-01-31 23:00:00,0,0,0
2017-02-01 00:00:00,0,0,0
2017-02-01 01:00:00,0,0,0
2017-02-01 02:00:00,0,0,0
2017-02-01 03:00:00,1,1,0
2017-02-01 04:00:00,3,3,0
2017-02-01 05:00:00,31,13,18
2017-02-01 06:00:00,31,24,7
2017-02-01 07:00:00,112,80,32
2017-02-01 08:00:00,113,92,21
2017-02-01 09:00:00,41,30,11
2017-02-01 10:00:00,20,13,7
2017-02-01 11:00:00,25,10,15
2017-02-01 12:00:00,43,19,24
2017-02-01 13:00:00,31,13,18
2017-02-01 14:00:00,48,29,19
2017-02-01 15:00:00,69,27,42
2017-02-01 16:00:00,127,48,79
2017-02-01 17:00:00,117,26,91
2017-02-01 18:00:00,45,3,42
2017-02-01 19:00:00,11,1,10
2017-02-01 20:00:00,11,4,7
2017-02-01 21:00:00,8,3,5
2017-02-01 22:00:00,5,3,2
2017-02-01 23:00:00,2,0,2
2017-02-02 00:00:00,1,0,1
2017-02-02 01:00:00,1,0,1
2017-02-02 02:00:00,1,0,1
2017-02-02 03:00:00,4,4,0
2017-02-02 04:00:00,1,1,0
2017-02-02 05:00:00,28,15,13
2017-02-02 06:00:00,36,25,11
2017-02-02 07:00:00,101,80,21
2017-02-02 08:00:00,125,96,29
2017-02-02 09:00:00,41,29,12
2017-02-02 10:00:00,15,5,10
2017-02-02 11:00:00,23,12,11
2017-02-02 12:00:00,29,16,13
2017-02-02 13:00:00,33,19,14
2017-02-02 14:00:00,43,23,20
2017-02-02 15:00:00,63,26,37
2017-02-02 16:00:00,131,43,88
2017-02-02 17:00:00,117,18,99
2017-02-02 18:00:00,44,3,41
2017-02-02 19:00:00,10,5,5
2017-02-02 20:00:00,9,1,8
2017-02-02 21:00:00,11,7,4
2017-02-02 22:00:00,2,0,2
2017-02-02 23:00:00,1,0,1
2017-02-03 00:00:00,1,1,0
2017-02-03 01:00:00,0,0,0
2017-02-03 02:00:00,1,0,1
2017-02-03 03:00:00,0,0,0
2017-02-03 04:00:00,1,1,0
2017-02-03 05:00:00,13,7,6
2017-02-03 06:00:00,22,13,9
2017-02-03 07:00:00,48,34,14
2017-02-03 08:00:00,46,37,9
2017-02-03 09:00:00,21,17,4
2017-02-03 10:00:00,10,4,6
2017-02-03 11:00:00,9,3,6
2017-02-03 12:00:00,4,3,1
2017-02-03 13:00:00,5,2,3
2017-02-03 14:00:00,15,9,6
2017-02-03 15:00:00,20,7,13
2017-02-03 16:00:00,39,13,26
2017-02-03 17:00:00,60,8,52
2017-02-03 18:00:00,19,3,16
2017-02-03 19:00:00,7,1,6
2017-02-03 20:00:00,1,1,0
2017-02-03 21:00:00,4,4,0
2017-02-03 22:00:00,3,1,2
2017-02-03 23:00:00,2,1,1
2017-02-04 00:00:00,2,0,2
2017-02-04 01:00:00,0,0,0
2017-02-04 02:00:00,0,0,0
2017-02-04 03:00:00,0,0,0
2017-02-04 04:00:00,1,1,0
2017-02-04 05:00:00,0,0,0
2017-02-04 06:00:00,1,1,0
2017-02-04 07:00:00,12,8,4
2017-02-04 08:00:00,4,2,2
2017-02-04 09:00:00,11,6,5
2017-02-04 10:00:00,21,9,12
2017-02-04 11:00:00,12,5,7
2017-02-04 12:00:00,5,2,3
2017-02-04 13:00:00,11,3,8
2017-02-04 14:00:00,12,5,7
2017-02-04 15:00:00,9,2,7
2017-02-04 16:00:00,8,4,4
2017-02-04 17:00:00,13,6,7
2017-02-04 18:00:00,4,2,2
2017-02-04 19:00:00,3,0,3
2017-02-04 20:00:00,2,2,0
2017-02-04 21:00:00,1,1,0
2017-02-04 22:00:00,2,2,0
2017-02-04 23:00:00,0,0,0
2017-02-05 00:00:00,0,0,0
2017-02-05 01:00:00,0,0,0
2017-02-05 02:00:00,0,0,0
2017-02-05 03:00:00,0,0,0
2017-02-05 04:00:00,0,0,0
2017-02-05 05:00:00,1,1,0
2017-02-05 06:00:00,2,0,2
2017-02-05 07:00:00,9,2,7
2017-02-05 08:00:00,13,7,6
2017-02-05 09:00:00,9,2,7
2017-02-05 10:00:00,8,5,3
2017-02-05 11:00:00,13,9,4
2017-02-05 12:00:00,11,5,6
2017-02-05 13:00:00,14,11,3
2017-02-05 14:00:00,4,1,3
2017-02-05 15:00:00,4,1,3
2017-02-05 16:00:00,4,1,3
2017-02-05 17:00:00,3,0,3
2017-02-05 18:00:00,0,0,0
2017-02-05 19:00:00,1,1,0
2017-02-05 20:00:00,1,0,1
2017-02-05 21:00:00,1,1,0
2017-02-05 22:00:00,0,0,0
2017-02-05 23:00:00,1,1,0
2017-02-06 00:00:00,0,0,0
2017-02-06 01:00:00,0,0,0
2017-02-06 02:00:00,0,0,0
2017-02-06 03:00:00,1,1,0
2017-02-06 04:00:00,0,0,0
2017-02-06 05:00:00,1,0,1
2017-02-06 06:00:00,7,5,2
2017-02-06 07:00:00,15,8,7
2017-02-06 08:00:00,10,7,3
2017-02-06 09:00:00,10,5,5
2017-02-06 10:00:00,8,6,2
2017-02-06 11:00:00,8,4,4
2017-02-06 12:00:00,2,0,2
2017-02-06 13:00:00,4,3,1
2017-02-06 14:00:00,6,1,5
2017-02-06 15:00:00,15,5,10
2017-02-06 16:00:00,13,5,8
2017-02-06 17:00:00,19,4,15
2017-02-06 18:00:00,6,1,5
2017-02-06 19:00:00,0,0,0
2017-02-06 20:00:00,1,1,0
2017-02-06 21:00:00,2,1,1
2017-02-06 22:00:00,0,0,0
2017-02-06 23:00:00,0,0,0
2017-02-07 00:00:00,0,0,0
2017-02-07 01:00:00,0,0,0
2017-02-07 02:00:00,0,0,0
2017-02-07 03:00:00,1,1,0
2017-02-07 04:00:00,1,1,0
2017-02-07 05:00:00,15,7,8
2017-02-07 06:00:00,17,12,5
2017-02-07 07:00:00,66,54,12
2017-02-07 08:00:00,54,51,3
2017-02-07 09:00:00,28,16,12
2017-02-07 10:00:00,7,6,1
2017-02-07 11:00:00,8,6,2
2017-02-07 12:00:00,20,10,10
2017-02-07 13:00:00,27,12,15
2017-02-07 14:00:00,11,6,5
2017-02-07 15:00:00,20,8,12
2017-02-07 16:00:00,40,13,27
2017-02-07 17:00:00,70,16,54
2017-02-07 18:00:00,44,4,40
2017-02-07 19:00:00,11,2,9
2017-02-07 20:00:00,4,0,4
2017-02-07 21:00:00,4,2,2
2017-02-07 22:00:00,1,0,1
2017-02-07 23:00:00,2,2,0
2017-02-08 00:00:00,0,0,0
2017-02-08 01:00:00,2,0,2
2017-02-08 02:00:00,0,0,0
2017-02-08 03:00:00,1,1,0
2017-02-08 04:00:00,1,1,0
2017-02-08 05:00:00,12,8,4
2017-02-08 06:00:00,21,12,9
2017-02-08 07:00:00,59,44,15
2017-02-08 08:00:00,76,60,16
2017-02-08 09:00:00,37,28,9
2017-02-08 10:00:00,10,8,2
2017-02-08 11:00:00,4,3,1
2017-02-08 12:00:00,9,2,7
2017-02-08 13:00:00,8,2,6
2017-02-08 14:00:00,18,12,6
2017-02-08 15:00:00,13,6,7
2017-02-08 16:00:00,44,16,28
2017-02-08 17:00:00,85,19,66
2017-02-08 18:00:00,30,5,25
2017-02-08 19:00:00,18,3,15
2017-02-08 20:00:00,3,1,2
2017-02-08 21:00:00,8,3,5
2017-02-08 22:00:00,3,0,3
2017-02-08 23:00:00,0,0,0
2017-02-09 00:00:00,0,0,0
2017-02-09 01:00:00,0,0,0
2017-02-09 02:00:00,1,0,1
2017-02-09 03:00:00,1,0,1
2017-02-09 04:00:00,1,1,0
2017-02-09 05:00:00,10,3,7
2017-02-09 06:00:00,23,6,17
2017-02-09 07:00:00,52,20,32
2017-02-09 08:00:00,51,24,27
2017-02-09 09:00:00,32,17,15
2017-02-09 10:00:00,12,6,6
2017-02-09 11:00:00,7,3,4
2017-02-09 12:00:00,6,1,5
2017-02-09 13:00:00,7,4,3
2017-02-09 14:00:00,14,8,6
2017-02-09 15:00:00,26,15,11
2017-02-09 16:00:00,46,19,27
2017-02-09 17:00:00,63,16,47
2017-02-09 18:00:00,39,7,32
2017-02-09 19:00:00,30,9,21
2017-02-09 20:00:00,4,1,3
2017-02-09 21:00:00,7,2,5
2017-02-09 22:00:00,3,0,3
2017-02-09 23:00:00,4,1,3
2017-02-10 00:00:00,3,0,3
2017-02-10 01:00:00,0,0,0
2017-02-10 02:00:00,1,0,1
2017-02-10 03:00:00,0,0,0
2017-02-10 04:00:00,1,1,0
2017-02-10 05:00:00,12,6,6
2017-02-10 06:00:00,15,7,8
2017-02-10 07:00:00,61,36,25
2017-02-10 08:00:00,88,66,22
2017-02-10 09:00:00,51,33,18
2017-02-10 10:00:00,18,10,8
2017-02-10 11:00:00,10,6,4
2017-02-10 12:00:00,5,1,4
2017-02-10 13:00:00,11,1,10
2017-02-10 14:00:00,24,10,14
2017-02-10 15:00:00,24,11,13
2017-02-10 16:00:00,63,26,37
2017-02-10 17:00:00,112,29,83
2017-02-10 18:00:00,36,6,30
2017-02-10 19:00:00,19,3,16
2017-02-10 20:00:00,6,2,4
2017-02-10 21:00:00,3,2,1
2017-02-10 22:00:00,0,0,0
2017-02-10 23:00:00,2,0,2
2017-02-11 00:00:00,3,0,3
2017-02-11 01:00:00,0,0,0
2017-02-11 02:00:00,0,0,0
2017-02-11 03:00:00,0,0,0
2017-02-11 04:00:00,1,0,1
2017-02-11 05:00:00,2,1,1
2017-02-11 06:00:00,3,2,1
2017-02-11 07:00:00,8,3,5
2017-02-11 08:00:00,26,13,13
2017-02-11 09:00:00,24,12,12
2017-02-11 10:00:00,35,20,15
2017-02-11 11:00:00,60,27,33
2017-02-11 12:00:00,66,36,30
2017-02-11 13:00:00,61,27,34
2017-02-11 14:00:00,49,26,23
2017-02-11 15:00:00,75,33,42
2017-02-11 16:00:00,58,28,30
2017-02-11 17:00:00,35,18,17
2017-02-11 18:00:00,13,3,10
2017-02-11 19:00:00,7,3,4
2017-02-11 20:00:00,1,1,0
2017-02-11 21:00:00,5,1,4
2017-02-11 22:00:00,3,0,3
2017-02-11 23:00:00,2,2,0
2017-02-12 00:00:00,0,0,0
2017-02-12 01:00:00,0,0,0
2017-02-12 02:00:00,0,0,0
2017-02-12 03:00:00,1,1,0
2017-02-12 04:00:00,0,0,0
2017-02-12 05:00:00,0,0,0
2017-02-12 06:00:00,2,1,1
2017-02-12 07:00:00,8,2,6
2017-02-12 08:00:00,13,9,4
2017-02-12 09:00:00,38,19,19
2017-02-12 10:00:00,19,5,14
2017-02-12 11:00:00,71,39,32
2017-02-12 12:00:00,71,26,45
2017-02-12 13:00:00,103,49,54
2017-02-12 14:00:00,111,50,61
2017-02-12 15:00:00,113,57,56
2017-02-12 16:00:00,87,45,42
2017-02-12 17:00:00,51,20,31
2017-02-12 18:00:00,15,4,11
2017-02-12 19:00:00,2,0,2
2017-02-12 20:00:00,7,4,3
2017-02-12 21:00:00,0,0,0
2017-02-12 22:00:00,1,0,1
2017-02-12 23:00:00,1,1,0
2017-02-13 00:00:00,3,2,1
2017-02-13 01:00:00,0,0,0
2017-02-13 02:00:00,0,0,0
2017-02-13 03:00:00,1,1,0
2017-02-13 04:00:00,0,0,0
2017-02-13 05:00:00,12,9,3
2017-02-13 06:00:00,44,23,21
2017-02-13 07:00:00,103,73,30
2017-02-13 08:00:00,169,144,25
2017-02-13 09:00:00,70,52,18
2017-02-13 10:00:00,33,24,9
2017-02-13 11:00:00,45,23,22
2017-02-13 12:00:00,28,13,15
2017-02-13 13:00:00,37,18,19
2017-02-13 14:00:00,44,22,22
2017-02-13 15:00:00,88,43,45
2017-02-13 16:00:00,149,53,96
2017-02-13 17:00:00,209,62,147
2017-02-13 18:00:00,93,22,71
2017-02-13 19:00:00,27,10,17
2017-02-13 20:00:00,14,0,14
2017-02-13 21:00:00,7,4,3
2017-02-13 22:00:00,4,0,4
2017-02-13 23:00:00,2,1,1
2017-02-14 00:00:00,0,0,0
2017-02-14 01:00:00,0,0,0
2017-02-14 02:00:00,0,0,0
2017-02-14 03:00:00,2,1,1
2017-02-14 04:00:00,0,0,0
2017-02-14 05:00:00,21,14,7
2017-02-14 06:00:00,40,29,11
2017-02-14 07:00:00,100,68,32
2017-02-14 08:00:00,162,134,28
2017-02-14 09:00:00,59,45,14
2017-02-14 10:00:00,27,20,7
2017-02-14 11:00:00,28,18,10
2017-02-14 12:00:00,33,15,18
2017-02-14 13:00:00,28,9,19
2017-02-14 14:00:00,27,14,13
2017-02-14 15:00:00,53,21,32
2017-02-14 16:00:00,107,33,74
2017-02-14 17:00:00,200,41,159
2017-02-14 18:00:00,72,7,65
2017-02-14 19:00:00,19,2,17
2017-02-14 20:00:00,13,2,11
2017-02-14 21:00:00,3,1,2
2017-02-14 22:00:00,4,1,3
2017-02-14 23:00:00,0,0,0
2017-02-15 00:00:00,0,0,0
2017-02-15 01:00:00,2,0,2
2017-02-15 02:00:00,1,0,1
2017-02-15 03:00:00,1,1,0
2017-02-15 04:00:00,1,1,0
2017-02-15 05:00:00,9,6,3
2017-02-15 06:00:00,33,18,15
2017-02-15 07:00:00,63,39,24
2017-02-15 08:00:00,76,51,25
2017-02-15 09:00:00,37,31,6
2017-02-15 10:00:00,6,6,0
2017-02-15 11:00:00,6,4,2
2017-02-15 12:00:00,4,0,4
2017-02-15 13:00:00,9,2,7
2017-02-15 14:00:00,7,4,3
2017-02-15 15:00:00,18,9,9
2017-02-15 16:00:00,39,10,29
2017-02-15 17:00:00,103,28,75
2017-02-15 18:00:00,37,3,34
2017-02-15 19:00:00,13,2,11
2017-02-15 20:00:00,4,0,4
2017-02-15 21:00:00,6,1,5
2017-02-15 22:00:00,3,2,1
2017-02-15 23:00:00,2,0,2
2017-02-16 00:00:00,0,0,0
2017-02-16 01:00:00,1,1,0
2017-02-16 02:00:00,0,0,0
2017-02-16 03:00:00,1,0,1
2017-02-16 04:00:00,0,0,0
2017-02-16 05:00:00,11,8,3
2017-02-16 06:00:00,33,22,11
2017-02-16 07:00:00,69,40,29
2017-02-16 08:00:00,121,97,24
2017-02-16 09:00:00,39,27,12
2017-02-16 10:00:00,28,20,8
2017-02-16 11:00:00,23,14,9
2017-02-16 12:00:00,26,17,9
2017-02-16 13:00:00,27,9,18
2017-02-16 14:00:00,20,14,6
2017-02-16 15:00:00,56,26,30
2017-02-16 16:00:00,84,29,55
2017-02-16 17:00:00,130,28,102
2017-02-16 18:00:00,53,9,44
2017-02-16 19:00:00,25,8,17
2017-02-16 20:00:00,8,0,8
2017-02-16 21:00:00,7,5,2
2017-02-16 22:00:00,6,3,3
2017-02-16 23:00:00,0,0,0
2017-02-17 00:00:00,1,0,1
2017-02-17 01:00:00,0,0,0
2017-02-17 02:00:00,1,0,1
2017-02-17 03:00:00,0,0,0
2017-02-17 04:00:00,1,1,0
2017-02-17 05:00:00,15,9,6
2017-02-17 06:00:00,29,17,12
2017-02-17 07:00:00,85,59,26
2017-02-17 08:00:00,144,108,36
2017-02-17 09:00:00,52,35,17
2017-02-17 10:00:00,31,16,15
2017-02-17 11:00:00,30,17,13
2017-02-17 12:00:00,41,16,25
2017-02-17 13:00:00,43,22,21
2017-02-17 14:00:00,62,28,34
2017-02-17 15:00:00,80,35,45
2017-02-17 16:00:00,139,48,91
2017-02-17 17:00:00,153,48,105
2017-02-17 18:00:00,74,18,56
2017-02-17 19:00:00,18,5,13
2017-02-17 20:00:00,12,1,11
2017-02-17 21:00:00,5,2,3
2017-02-17 22:00:00,4,3,1
2017-02-17 23:00:00,5,1,4
2017-02-18 00:00:00,0,0,0
2017-02-18 01:00:00,1,0,1
2017-02-18 02:00:00,1,0,1
2017-02-18 03:00:00,0,0,0
2017-02-18 04:00:00,0,0,0
2017-02-18 05:00:00,3,3,0
2017-02-18 06:00:00,2,2,0
2017-02-18 07:00:00,8,5,3
2017-02-18 08:00:00,13,6,7
2017-02-18 09:00:00,12,9,3
2017-02-18 10:00:00,12,7,5
2017-02-18 11:00:00,26,14,12
2017-02-18 12:00:00,15,6,9
2017-02-18 13:00:00,16,7,9
2017-02-18 14:00:00,16,8,8
2017-02-18 15:00:00,18,5,13
2017-02-18 16:00:00,13,4,9
2017-02-18 17:00:00,15,8,7
2017-02-18 18:00:00,12,9,3
2017-02-18 19:00:00,6,2,4
2017-02-18 20:00:00,2,1,1
2017-02-18 21:00:00,2,1,1
2017-02-18 22:00:00,3,1,2
2017-02-18 23:00:00,1,1,0
2017-02-19 00:00:00,1,1,0
2017-02-19 01:00:00,0,0,0
2017-02-19 02:00:00,0,0,0
2017-02-19 03:00:00,0,0,0
2017-02-19 04:00:00,0,0,0
2017-02-19 05:00:00,1,1,0
2017-02-19 06:00:00,1,1,0
2017-02-19 07:00:00,3,1,2
2017-02-19 08:00:00,6,3,3
2017-02-19 09:00:00,16,11,5
2017-02-19 10:00:00,24,9,15
2017-02-19 11:00:00,17,6,11
2017-02-19 12:00:00,37,17,20
2017-02-19 13:00:00,18,8,10
2017-02-19 14:00:00,10,6,4
2017-02-19 15:00:00,11,9,2
2017-02-19 16:00:00,13,6,7
2017-02-19 17:00:00,9,2,7
2017-02-19 18:00:00,7,0,7
2017-02-19 19:00:00,0,0,0
2017-02-19 20:00:00,2,2,0
2017-02-19 21:00:00,4,1,3
2017-02-19 22:00:00,2,1,1
2017-02-19 23:00:00,0,0,0
2017-02-20 00:00:00,4,4,0
2017-02-20 01:00:00,0,0,0
2017-02-20 02:00:00,0,0,0
2017-02-20 03:00:00,0,0,0
2017-02-20 04:00:00,0,0,0
2017-02-20 05:00:00,10,1,9
2017-02-20 06:00:00,9,5,4
2017-02-20 07:00:00,25,20,5
2017-02-20 08:00:00,42,28,14
2017-02-20 09:00:00,29,18,11
2017-02-20 10:00:00,16,11,5
2017-02-20 11:00:00,11,6,5
2017-02-20 12:00:00,17,7,10
2017-02-20 13:00:00,14,3,11
2017-02-20 14:00:00,10,6,4
2017-02-20 15:00:00,15,4,11
2017-02-20 16:00:00,28,13,15
2017-02-20 17:00:00,41,9,32
2017-02-20 18:00:00,33,4,29
2017-02-20 19:00:00,9,4,5
2017-02-20 20:00:00,6,4,2
2017-02-20 21:00:00,2,2,0
2017-02-20 22:00:00,1,0,1
2017-02-20 23:00:00,0,0,0
2017-02-21 00:00:00,0,0,0
2017-02-21 01:00:00,0,0,0
2017-02-21 02:00:00,0,0,0
2017-02-21 03:00:00,1,0,1
2017-02-21 04:00:00,0,0,0
2017-02-21 05:00:00,14,11,3
2017-02-21 06:00:00,29,12,17
2017-02-21 07:00:00,68,47,21
2017-02-21 08:00:00,109,87,22
2017-02-21 09:00:00,44,30,14
2017-02-21 10:00:00,20,13,7
2017-02-21 11:00:00,10,6,4
2017-02-21 12:00:00,14,7,7
2017-02-21 13:00:00,12,6,6
2017-02-21 14:00:00,19,12,7
2017-02-21 15:00:00,41,15,26
2017-02-21 16:00:00,51,20,31
2017-02-21 17:00:00,115,31,84
2017-02-21 18:00:00,69,14,55
2017-02-21 19:00:00,21,3,18
2017-02-21 20:00:00,8,1,7
2017-02-21 21:00:00,4,0,4
2017-02-21 22:00:00,4,0,4
2017-02-21 23:00:00,1,1,0
2017-02-22 00:00:00,0,0,0
2017-02-22 01:00:00,0,0,0
2017-02-22 02:00:00,0,0,0
2017-02-22 03:00:00,0,0,0
2017-02-22 04:00:00,1,1,0
2017-02-22 05:00:00,13,7,6
2017-02-22 06:00:00,30,19,11
2017-02-22 07:00:00,78,55,23
2017-02-22 08:00:00,119,97,22
2017-02-22 09:00:00,45,36,9
2017-02-22 10:00:00,16,8,8
2017-02-22 11:00:00,16,8,8
2017-02-22 12:00:00,20,9,11
2017-02-22 13:00:00,14,10,4
2017-02-22 14:00:00,36,23,13
2017-02-22 15:00:00,50,18,32
2017-02-22 16:00:00,72,27,45
2017-02-22 17:00:00,140,37,103
2017-02-22 18:00:00,69,14,55
2017-02-22 19:00:00,28,7,21
2017-02-22 20:00:00,13,1,12
2017-02-22 21:00:00,4,1,3
2017-02-22 22:00:00,4,2,2
2017-02-22 23:00:00,2,0,2
2017-02-23 00:00:00,0,0,0
2017-02-23 01:00:00,1,0,1
2017-02-23 02:00:00,0,0,0
2017-02-23 03:00:00,1,0,1
2017-02-23 04:00:00,0,0,0
2017-02-23 05:00:00,13,8,5
2017-02-23 06:00:00,27,11,16
2017-02-23 07:00:00,78,56,22
2017-02-23 08:00:00,121,96,25
2017-02-23 09:00:00,48,34,14
2017-02-23 10:00:00,21,12,9
2017-02-23 11:00:00,19,11,8
2017-02-23 12:00:00,26,10,16
2017-02-23 13:00:00,17,11,6
2017-02-23 14:00:00,23,14,9
2017-02-23 15:00:00,45,20,25
2017-02-23 16:00:00,66,23,43
2017-02-23 17:00:00,125,29,96
2017-02-23 18:00:00,91,22,69
2017-02-23 19:00:00,24,1,23
2017-02-23 20:00:00,7,3,4
2017-02-23 21:00:00,4,3,1
2017-02-23 22:00:00,6,2,4
2017-02-23 23:00:00,4,2,2
2017-02-24 00:00:00,4,1,3
2017-02-24 01:00:00,1,1,0
2017-02-24 02:00:00,2,0,2
2017-02-24 03:00:00,0,0,0
2017-02-24 04:00:00,0,0,0
2017-02-24 05:00:00,18,12,6
2017-02-24 06:00:00,20,12,8
2017-02-24 07:00:00,50,29,21
2017-02-24 08:00:00,91,73,18
2017-02-24 09:00:00,40,30,10
2017-02-24 10:00:00,20,12,8
2017-02-24 11:00:00,13,6,7
2017-02-24 12:00:00,12,7,5
2017-02-24 13:00:00,19,11,8
2017-02-24 14:00:00,28,14,14
2017-02-24 15:00:00,49,15,34
2017-02-24 16:00:00,72,33,39
2017-02-24 17:00:00,128,47,81
2017-02-24 18:00:00,45,14,31
2017-02-24 19:00:00,26,5,21
2017-02-24 20:00:00,13,3,10
2017-02-24 21:00:00,13,9,4
2017-02-24 22:00:00,3,0,3
2017-02-24 23:00:00,2,1,1
2017-02-25 00:00:00,1,0,1
2017-02-25 01:00:00,0,0,0
2017-02-25 02:00:00,0,0,0
2017-02-25 03:00:00,1,0,1
2017-02-25 04:00:00,2,1,1
2017-02-25 05:00:00,0,0,0
2017-02-25 06:00:00,4,3,1
2017-02-25 07:00:00,8,4,4
2017-02-25 08:00:00,16,6,10
2017-02-25 09:00:00,29,16,13
2017-02-25 10:00:00,39,23,16
2017-02-25 11:00:00,89,36,53
2017-02-25 12:00:00,59,30,29
2017-02-25 13:00:00,64,30,34
2017-02-25 14:00:00,61,18,43
2017-02-25 15:00:00,33,20,13
2017-02-25 16:00:00,60,22,38
2017-02-25 17:00:00,30,11,19
2017-02-25 18:00:00,8,6,2
2017-02-25 19:00:00,3,1,2
2017-02-25 20:00:00,1,1,0
2017-02-25 21:00:00,1,1,0
2017-02-25 22:00:00,2,1,1
2017-02-25 23:00:00,2,0,2
2017-02-26 00:00:00,0,0,0
2017-02-26 01:00:00,0,0,0
2017-02-26 02:00:00,1,0,1
2017-02-26 03:00:00,0,0,0
2017-02-26 04:00:00,0,0,0
2017-02-26 05:00:00,1,1,0
2017-02-26 06:00:00,6,6,0
2017-02-26 07:00:00,38,36,2
2017-02-26 08:00:00,40,37,3
2017-02-26 09:00:00,34,28,6
2017-02-26 10:00:00,12,9,3
2017-02-26 11:00:00,8,4,4
2017-02-26 12:00:00,24,2,22
2017-02-26 13:00:00,34,6,28
2017-02-26 14:00:00,45,2,43
2017-02-26 15:00:00,34,7,27
2017-02-26 16:00:00,33,11,22
2017-02-26 17:00:00,18,7,11
2017-02-26 18:00:00,7,4,3
2017-02-26 19:00:00,5,0,5
2017-02-26 20:00:00,1,1,0
2017-02-26 21:00:00,2,1,1
2017-02-26 22:00:00,3,1,2
2017-02-26 23:00:00,1,1,0
2017-02-27 00:00:00,0,0,0
2017-02-27 01:00:00,0,0,0
2017-02-27 02:00:00,1,0,1
2017-02-27 03:00:00,1,1,0
2017-02-27 04:00:00,0,0,0
2017-02-27 05:00:00,14,10,4
2017-02-27 06:00:00,21,12,9
2017-02-27 07:00:00,46,24,22
2017-02-27 08:00:00,56,40,16
2017-02-27 09:00:00,30,20,10
2017-02-27 10:00:00,11,7,4
2017-02-27 11:00:00,3,0,3
2017-02-27 12:00:00,7,3,4
2017-02-27 13:00:00,4,0,4
2017-02-27 14:00:00,17,11,6
2017-02-27 15:00:00,21,6,15
2017-02-27 16:00:00,46,22,24
2017-02-27 17:00:00,62,12,50
2017-02-27 18:00:00,36,7,29
2017-02-27 19:00:00,6,1,5
2017-02-27 20:00:00,3,1,2
2017-02-27 21:00:00,3,2,1
2017-02-27 22:00:00,0,0,0
2017-02-27 23:00:00,0,0,0
2017-02-28 00:00:00,0,0,0
2017-02-28 01:00:00,1,0,1
2017-02-28 02:00:00,0,0,0
2017-02-28 03:00:00,1,1,0
2017-02-28 04:00:00,0,0,0
2017-02-28 05:00:00,9,6,3
2017-02-28 06:00:00,20,10,10
2017-02-28 07:00:00,63,42,21
2017-02-28 08:00:00,104,80,24
2017-02-28 09:00:00,53,36,17
2017-02-28 10:00:00,28,20,8
2017-02-28 11:00:00,14,8,6
2017-02-28 12:00:00,25,7,18
2017-02-28 13:00:00,18,6,12
2017-02-28 14:00:00,42,28,14
2017-02-28 15:00:00,35,16,19
2017-02-28 16:00:00,69,20,49
2017-02-28 17:00:00,115,33,82
2017-02-28 18:00:00,67,8,59
2017-02-28 19:00:00,16,1,15
2017-02-28 20:00:00,7,0,7
2017-02-28 21:00:00,3,1,2
2017-02-28 22:00:00,2,1,1
2017-02-28 23:00:00,1,0,1
2017-03-01 00:00:00,0,0,0
2017-03-01 01:00:00,0,0,0
2017-03-01 02:00:00,1,0,1
2017-03-01 03:00:00,1,1,0
2017-03-01 04:00:00,1,1,0
2017-03-01 05:00:00,16,5,11
2017-03-01 06:00:00,42,24,18
2017-03-01 07:00:00,75,56,19
2017-03-01 08:00:00,128,93,35
2017-03-01 09:00:00,49,34,15
2017-03-01 10:00:00,23,12,11
2017-03-01 11:00:00,15,8,7
2017-03-01 12:00:00,11,6,5
2017-03-01 13:00:00,23,10,13
2017-03-01 14:00:00,24,17,7
2017-03-01 15:00:00,38,14,24
2017-03-01 16:00:00,72,24,48
2017-03-01 17:00:00,157,44,113
2017-03-01 18:00:00,78,18,60
2017-03-01 19:00:00,15,3,12
2017-03-01 20:00:00,27,9,18
2017-03-01 21:00:00,4,3,1
2017-03-01 22:00:00,4,2,2
2017-03-01 23:00:00,0,0,0
2017-03-02 00:00:00,0,0,0
2017-03-02 01:00:00,0,0,0
2017-03-02 02:00:00,0,0,0
2017-03-02 03:00:00,2,1,1
2017-03-02 04:00:00,0,0,0
2017-03-02 05:00:00,25,12,13
2017-03-02 06:00:00,26,19,7
2017-03-02 07:00:00,80,49,31
2017-03-02 08:00:00,116,88,28
2017-03-02 09:00:00,36,26,10
2017-03-02 10:00:00,14,11,3
2017-03-02 11:00:00,10,6,4
2017-03-02 12:00:00,17,8,9
2017-03-02 13:00:00,16,6,10
2017-03-02 14:00:00,17,9,8
2017-03-02 15:00:00,25,12,13
2017-03-02 16:00:00,70,27,43
2017-03-02 17:00:00,113,30,83
2017-03-02 18:00:00,67,10,57
2017-03-02 19:00:00,23,2,21
2017-03-02 20:00:00,7,2,5
2017-03-02 21:00:00,5,2,3
2017-03-02 22:00:00,2,1,1
2017-03-02 23:00:00,0,0,0
2017-03-03 00:00:00,0,0,0
2017-03-03 01:00:00,0,0,0
2017-03-03 02:00:00,0,0,0
2017-03-03 03:00:00,0,0,0
2017-03-03 04:00:00,1,1,0
2017-03-03 05:00:00,12,5,7
2017-03-03 06:00:00,18,8,10
2017-03-03 07:00:00,58,39,19
2017-03-03 08:00:00,84,64,20
2017-03-03 09:00:00,36,27,9
2017-03-03 10:00:00,13,9,4
2017-03-03 11:00:00,10,6,4
2017-03-03 12:00:00,17,8,9
2017-03-03 13:00:00,16,3,13
2017-03-03 14:00:00,14,8,6
2017-03-03 15:00:00,26,13,13
2017-03-03 16:00:00,48,11,37
2017-03-03 17:00:00,73,16,57
2017-03-03 18:00:00,35,5,30
2017-03-03 19:00:00,8,2,6
2017-03-03 20:00:00,4,0,4
2017-03-03 21:00:00,3,1,2
2017-03-03 22:00:00,1,1,0
2017-03-03 23:00:00,3,3,0
2017-03-04 00:00:00,4,1,3
2017-03-04 01:00:00,2,0,2
2017-03-04 02:00:00,0,0,0
2017-03-04 03:00:00,0,0,0
2017-03-04 04:00:00,3,3,0
2017-03-04 05:00:00,0,0,0
2017-03-04 06:00:00,1,1,0
2017-03-04 07:00:00,14,7,7
2017-03-04 08:00:00,24,10,14
2017-03-04 09:00:00,37,24,13
2017-03-04 10:00:00,45,20,25
2017-03-04 11:00:00,61,33,28
2017-03-04 12:00:00,40,21,19
2017-03-04 13:00:00,67,41,26
2017-03-04 14:00:00,58,31,27
2017-03-04 15:00:00,43,16,27
2017-03-04 16:00:00,41,18,23
2017-03-04 17:00:00,27,9,18
2017-03-04 18:00:00,9,5,4
2017-03-04 19:00:00,12,4,8
2017-03-04 20:00:00,6,6,0
2017-03-04 21:00:00,3,0,3
2017-03-04 22:00:00,2,2,0
2017-03-04 23:00:00,9,2,7
2017-03-05 00:00:00,0,0,0
2017-03-05 01:00:00,2,1,1
2017-03-05 02:00:00,0,0,0
2017-03-05 03:00:00,0,0,0
2017-03-05 04:00:00,1,1,0
2017-03-05 05:00:00,0,0,0
2017-03-05 06:00:00,2,1,1
2017-03-05 07:00:00,9,3,6
2017-03-05 08:00:00,8,5,3
2017-03-05 09:00:00,24,10,14
2017-03-05 10:00:00,23,9,14
2017-03-05 11:00:00,18,11,7
2017-03-05 12:00:00,8,6,2
2017-03-05 13:00:00,18,8,10
2017-03-05 14:00:00,14,5,9
2017-03-05 15:00:00,22,12,10
2017-03-05 16:00:00,30,11,19
2017-03-05 17:00:00,9,5,4
2017-03-05 18:00:00,5,2,3
2017-03-05 19:00:00,4,3,1
2017-03-05 20:00:00,6,1,5
2017-03-05 21:00:00,0,0,0
2017-03-05 22:00:00,1,0,1
2017-03-05 23:00:00,1,1,0
2017-03-06 00:00:00,2,2,0
2017-03-06 01:00:00,0,0,0
2017-03-06 02:00:00,0,0,0
2017-03-06 03:00:00,1,1,0
2017-03-06 04:00:00,0,0,0
2017-03-06 05:00:00,13,7,6
2017-03-06 06:00:00,37,21,16
2017-03-06 07:00:00,78,49,29
2017-03-06 08:00:00,130,106,24
2017-03-06 09:00:00,56,45,11
2017-03-06 10:00:00,19,12,7
2017-03-06 11:00:00,11,7,4
2017-03-06 12:00:00,8,3,5
2017-03-06 13:00:00,12,2,10
2017-03-06 14:00:00,25,11,14
2017-03-06 15:00:00,48,20,28
2017-03-06 16:00:00,69,31,38
2017-03-06 17:00:00,150,31,119
2017-03-06 18:00:00,95,23,72
2017-03-06 19:00:00,20,5,15
2017-03-06 20:00:00,8,1,7
2017-03-06 21:00:00,7,3,4
2017-03-06 22:00:00,1,0,1
2017-03-06 23:00:00,1,0,1
2017-03-07 00:00:00,0,0,0
2017-03-07 01:00:00,0,0,0
2017-03-07 02:00:00,0,0,0
2017-03-07 03:00:00,1,1,0
2017-03-07 04:00:00,1,1,0
2017-03-07 05:00:00,16,10,6
2017-03-07 06:00:00,26,17,9
2017-03-07 07:00:00,76,45,31
2017-03-07 08:00:00,86,71,15
2017-03-07 09:00:00,46,32,14
2017-03-07 10:00:00,27,14,13
2017-03-07 11:00:00,10,4,6
2017-03-07 12:00:00,11,2,9
2017-03-07 13:00:00,6,3,3
2017-03-07 14:00:00,11,7,4
2017-03-07 15:00:00,25,10,15
2017-03-07 16:00:00,43,15,28
2017-03-07 17:00:00,119,27,92
2017-03-07 18:00:00,59,13,46
2017-03-07 19:00:00,19,3,16
2017-03-07 20:00:00,5,3,2
2017-03-07 21:00:00,3,2,1
2017-03-07 22:00:00,1,0,1
2017-03-07 23:00:00,0,0,0
2017-03-08 00:00:00,0,0,0
2017-03-08 01:00:00,1,0,1
2017-03-08 02:00:00,0,0,0
2017-03-08 03:00:00,1,1,0
2017-03-08 04:00:00,0,0,0
2017-03-08 05:00:00,8,6,2
2017-03-08 06:00:00,34,20,14
2017-03-08 07:00:00,80,50,30
2017-03-08 08:00:00,124,106,18
2017-03-08 09:00:00,60,42,18
2017-03-08 10:00:00,18,12,6
2017-03-08 11:00:00,13,6,7
2017-03-08 12:00:00,17,9,8
2017-03-08 13:00:00,22,12,10
2017-03-08 14:00:00,20,12,8
2017-03-08 15:00:00,29,11,18
2017-03-08 16:00:00,64,20,44
2017-03-08 17:00:00,117,20,97
2017-03-08 18:00:00,56,11,45
2017-03-08 19:00:00,17,3,14
2017-03-08 20:00:00,10,2,8
2017-03-08 21:00:00,4,1,3
2017-03-08 22:00:00,2,1,1
2017-03-08 23:00:00,0,0,0
2017-03-09 00:00:00,0,0,0
2017-03-09 01:00:00,0,0,0
2017-03-09 02:00:00,0,0,0
2017-03-09 03:00:00,1,1,0
2017-03-09 04:00:00,0,0,0
2017-03-09 05:00:00,12,8,4
2017-03-09 06:00:00,28,16,12
2017-03-09 07:00:00,71,49,22
2017-03-09 08:00:00,97,71,26
2017-03-09 09:00:00,43,30,13
2017-03-09 10:00:00,9,4,5
2017-03-09 11:00:00,10,3,7
2017-03-09 12:00:00,6,0,6
2017-03-09 13:00:00,9,2,7
2017-03-09 14:00:00,12,7,5
2017-03-09 15:00:00,22,11,11
2017-03-09 16:00:00,50,15,35
2017-03-09 17:00:00,103,20,83
2017-03-09 18:00:00,53,8,45
2017-03-09 19:00:00,18,3,15
2017-03-09 20:00:00,3,0,3
2017-03-09 21:00:00,6,2,4
2017-03-09 22:00:00,1,0,1
2017-03-09 23:00:00,1,0,1
2017-03-10 00:00:00,0,0,0
2017-03-10 01:00:00,0,0,0
2017-03-10 02:00:00,0,0,0
2017-03-10 03:00:00,3,2,1
2017-03-10 04:00:00,1,1,0
2017-03-10 05:00:00,12,6,6
2017-03-10 06:00:00,21,10,11
2017-03-10 07:00:00,60,34,26
2017-03-10 08:00:00,73,55,18
2017-03-10 09:00:00,47,39,8
2017-03-10 10:00:00,13,9,4
2017-03-10 11:00:00,10,6,4
2017-03-10 12:00:00,19,5,14
2017-03-10 13:00:00,18,7,11
2017-03-10 14:00:00,32,14,18
2017-03-10 15:00:00,63,24,39
2017-03-10 16:00:00,91,32,59
2017-03-10 17:00:00,134,45,89
2017-03-10 18:00:00,70,19,51
2017-03-10 19:00:00,16,4,12
2017-03-10 20:00:00,9,2,7
2017-03-10 21:00:00,5,4,1
2017-03-10 22:00:00,6,2,4
2017-03-10 23:00:00,0,0,0
2017-03-11 00:00:00,7,3,4
2017-03-11 01:00:00,3,2,1
2017-03-11 02:00:00,0,0,0
2017-03-11 03:00:00,1,0,1
2017-03-11 04:00:00,0,0,0
2017-03-11 05:00:00,1,1,0
2017-03-11 06:00:00,4,3,1
2017-03-11 07:00:00,10,5,5
2017-03-11 08:00:00,21,11,10
2017-03-11 09:00:00,18,13,5
2017-03-11 10:00:00,13,3,10
2017-03-11 11:00:00,7,2,5
2017-03-11 12:00:00,5,3,2
2017-03-11 13:00:00,11,5,6
2017-03-11 14:00:00,14,3,11
2017-03-11 15:00:00,20,12,8
2017-03-11 16:00:00,19,3,16
2017-03-11 17:00:00,13,8,5
2017-03-11 18:00:00,7,4,3
2017-03-11 19:00:00,3,0,3
2017-03-11 20:00:00,2,1,1
2017-03-11 21:00:00,4,2,2
2017-03-11 22:00:00,2,0,2
2017-03-11 23:00:00,1,1,0
2017-03-12 00:00:00,1,0,1
2017-03-12 01:00:00,0,0,0
2017-03-12 02:00:00,0,0,0
2017-03-12 03:00:00,0,0,0
2017-03-12 04:00:00,0,0,0
2017-03-12 05:00:00,0,0,0
2017-03-12 06:00:00,2,2,0
2017-03-12 07:00:00,9,1,8
2017-03-12 08:00:00,11,7,4
2017-03-12 09:00:00,24,11,13
2017-03-12 10:00:00,28,12,16
2017-03-12 11:00:00,51,26,25
2017-03-12 12:00:00,25,12,13
2017-03-12 13:00:00,25,12,13
2017-03-12 14:00:00,26,10,16
2017-03-12 15:00:00,29,11,18
2017-03-12 16:00:00,27,10,17
2017-03-12 17:00:00,23,12,11
2017-03-12 18:00:00,19,10,9
2017-03-12 19:00:00,15,9,6
2017-03-12 20:00:00,6,3,3
2017-03-12 21:00:00,5,1,4
2017-03-12 22:00:00,1,0,1
2017-03-12 23:00:00,2,1,1
2017-03-13 00:00:00,5,2,3
2017-03-13 01:00:00,0,0,0
2017-03-13 02:00:00,0,0,0
2017-03-13 03:00:00,2,1,1
2017-03-13 04:00:00,0,0,0
2017-03-13 05:00:00,13,4,9
2017-03-13 06:00:00,17,8,9
2017-03-13 07:00:00,77,46,31
2017-03-13 08:00:00,108,84,24
2017-03-13 09:00:00,51,40,11
2017-03-13 10:00:00,11,5,6
2017-03-13 11:00:00,6,2,4
2017-03-13 12:00:00,13,4,9
2017-03-13 13:00:00,12,2,10
2017-03-13 14:00:00,13,8,5
2017-03-13 15:00:00,18,12,6
2017-03-13 16:00:00,48,19,29
2017-03-13 17:00:00,111,30,81
2017-03-13 18:00:00,84,14,70
2017-03-13 19:00:00,20,1,19
2017-03-13 20:00:00,5,2,3
2017-03-13 21:00:00,1,1,0
2017-03-13 22:00:00,2,1,1
2017-03-13 23:00:00,2,0,2
2017-03-14 00:00:00,2,0,2
2017-03-14 01:00:00,1,0,1
2017-03-14 02:00:00,2,1,1
2017-03-14 03:00:00,2,2,0
2017-03-14 04:00:00,0,0,0
2017-03-14 05:00:00,15,9,6
2017-03-14 06:00:00,14,7,7
2017-03-14 07:00:00,67,43,24
2017-03-14 08:00:00,105,82,23
2017-03-14 09:00:00,42,36,6
2017-03-14 10:00:00,16,8,8
2017-03-14 11:00:00,9,4,5
2017-03-14 12:00:00,14,4,10
2017-03-14 13:00:00,7,0,7
2017-03-14 14:00:00,10,7,3
2017-03-14 15:00:00,25,13,12
2017-03-14 16:00:00,47,14,33
2017-03-14 17:00:00,111,25,86
2017-03-14 18:00:00,78,17,61
2017-03-14 19:00:00,28,6,22
2017-03-14 20:00:00,7,2,5
2017-03-14 21:00:00,6,3,3
2017-03-14 22:00:00,5,3,2
2017-03-14 23:00:00,0,0,0
2017-03-15 00:00:00,1,0,1
2017-03-15 01:00:00,0,0,0
2017-03-15 02:00:00,0,0,0
2017-03-15 03:00:00,1,1,0
2017-03-15 04:00:00,3,1,2
2017-03-15 05:00:00,14,8,6
2017-03-15 06:00:00,22,13,9
2017-03-15 07:00:00,55,39,16
2017-03-15 08:00:00,87,71,16
2017-03-15 09:00:00,34,27,7
2017-03-15 10:00:00,9,5,4
2017-03-15 11:00:00,9,4,5
2017-03-15 12:00:00,8,1,7
2017-03-15 13:00:00,4,1,3
2017-03-15 14:00:00,20,10,10
2017-03-15 15:00:00,25,13,12
2017-03-15 16:00:00,37,14,23
2017-03-15 17:00:00,97,22,75
2017-03-15 18:00:00,69,14,55
2017-03-15 19:00:00,23,7,16
2017-03-15 20:00:00,4,1,3
2017-03-15 21:00:00,4,2,2
2017-03-15 22:00:00,3,1,2
2017-03-15 23:00:00,1,0,1
2017-03-16 00:00:00,0,0,0
2017-03-16 01:00:00,0,0,0
2017-03-16 02:00:00,1,0,1
2017-03-16 03:00:00,1,1,0
2017-03-16 04:00:00,4,2,2
2017-03-16 05:00:00,12,7,5
2017-03-16 06:00:00,25,15,10
2017-03-16 07:00:00,90,68,22
2017-03-16 08:00:00,135,106,29
2017-03-16 09:00:00,73,53,20
2017-03-16 10:00:00,22,15,7
2017-03-16 11:00:00,32,14,18
2017-03-16 12:00:00,32,15,17
2017-03-16 13:00:00,50,27,23
2017-03-16 14:00:00,38,19,19
2017-03-16 15:00:00,43,14,29
2017-03-16 16:00:00,87,35,52
2017-03-16 17:00:00,170,52,118
2017-03-16 18:00:00,137,44,93
2017-03-16 19:00:00,54,28,26
2017-03-16 20:00:00,13,6,7
2017-03-16 21:00:00,10,6,4
2017-03-16 22:00:00,7,3,4
2017-03-16 23:00:00,6,3,3
2017-03-17 00:00:00,13,9,4
2017-03-17 01:00:00,10,9,1
2017-03-17 02:00:00,3,1,2
2017-03-17 03:00:00,1,0,1
2017-03-17 04:00:00,2,1,1
2017-03-17 05:00:00,15,7,8
2017-03-17 06:00:00,19,11,8
2017-03-17 07:00:00,74,48,26
2017-03-17 08:00:00,109,84,25
2017-03-17 09:00:00,53,41,12
2017-03-17 10:00:00,31,17,14
2017-03-17 11:00:00,23,12,11
2017-03-17 12:00:00,14,5,9
2017-03-17 13:00:00,10,2,8
2017-03-17 14:00:00,24,9,15
2017-03-17 15:00:00,29,16,13
2017-03-17 16:00:00,63,20,43
2017-03-17 17:00:00,89,16,73
2017-03-17 18:00:00,48,7,41
2017-03-17 19:00:00,10,2,8
2017-03-17 20:00:00,4,0,4
2017-03-17 21:00:00,3,3,0
2017-03-17 22:00:00,4,1,3
2017-03-17 23:00:00,0,0,0
2017-03-18 00:00:00,2,1,1
2017-03-18 01:00:00,0,0,0
2017-03-18 02:00:00,0,0,0
2017-03-18 03:00:00,0,0,0
2017-03-18 04:00:00,1,1,0
2017-03-18 05:00:00,2,1,1
2017-03-18 06:00:00,1,1,0
2017-03-18 07:00:00,8,4,4
2017-03-18 08:00:00,6,5,1
2017-03-18 09:00:00,6,2,4
2017-03-18 10:00:00,9,5,4
2017-03-18 11:00:00,3,1,2
2017-03-18 12:00:00,17,7,10
2017-03-18 13:00:00,10,5,5
2017-03-18 14:00:00,30,8,22
2017-03-18 15:00:00,33,20,13
2017-03-18 16:00:00,47,25,22
2017-03-18 17:00:00,34,22,12
2017-03-18 18:00:00,23,7,16
2017-03-18 19:00:00,11,8,3
2017-03-18 20:00:00,1,1,0
2017-03-18 21:00:00,1,1,0
2017-03-18 22:00:00,2,1,1
2017-03-18 23:00:00,13,2,11
2017-03-19 00:00:00,1,1,0
2017-03-19 01:00:00,0,0,0
2017-03-19 02:00:00,0,0,0
2017-03-19 03:00:00,0,0,0
2017-03-19 04:00:00,1,1,0
2017-03-19 05:00:00,0,0,0
2017-03-19 06:00:00,1,1,0
2017-03-19 07:00:00,11,7,4
2017-03-19 08:00:00,29,11,18
2017-03-19 09:00:00,54,23,31
2017-03-19 10:00:00,61,30,31
2017-03-19 11:00:00,112,49,63
2017-03-19 12:00:00,133,71,62
2017-03-19 13:00:00,144,77,67
2017-03-19 14:00:00,183,88,95
2017-03-19 15:00:00,145,77,68
2017-03-19 16:00:00,111,62,49
2017-03-19 17:00:00,77,42,35
2017-03-19 18:00:00,72,21,51
2017-03-19 19:00:00,41,19,22
2017-03-19 20:00:00,11,3,8
2017-03-19 21:00:00,3,1,2
2017-03-19 22:00:00,2,1,1
2017-03-19 23:00:00,6,1,5
2017-03-20 00:00:00,3,3,0
2017-03-20 01:00:00,0,0,0
2017-03-20 02:00:00,0,0,0
2017-03-20 03:00:00,1,1,0
2017-03-20 04:00:00,0,0,0
2017-03-20 05:00:00,11,7,4
2017-03-20 06:00:00,38,20,18
2017-03-20 07:00:00,89,63,26
2017-03-20 08:00:00,148,117,31
2017-03-20 09:00:00,77,54,23
2017-03-20 10:00:00,28,18,10
2017-03-20 11:00:00,22,11,11
2017-03-20 12:00:00,31,13,18
2017-03-20 13:00:00,24,10,14
2017-03-20 14:00:00,33,13,20
2017-03-20 15:00:00,57,28,29
2017-03-20 16:00:00,85,32,53
2017-03-20 17:00:00,180,45,135
2017-03-20 18:00:00,81,17,64
2017-03-20 19:00:00,39,11,28
2017-03-20 20:00:00,7,0,7
2017-03-20 21:00:00,5,1,4
2017-03-20 22:00:00,2,1,1
2017-03-20 23:00:00,3,1,2
2017-03-21 00:00:00,0,0,0
2017-03-21 01:00:00,0,0,0
2017-03-21 02:00:00,0,0,0
2017-03-21 03:00:00,2,2,0
2017-03-21 04:00:00,0,0,0
2017-03-21 05:00:00,10,7,3
2017-03-21 06:00:00,19,13,6
2017-03-21 07:00:00,67,53,14
2017-03-21 08:00:00,114,93,21
2017-03-21 09:00:00,45,31,14
2017-03-21 10:00:00,18,8,10
2017-03-21 11:00:00,17,6,11
2017-03-21 12:00:00,14,9,5
2017-03-21 13:00:00,13,4,9
2017-03-21 14:00:00,23,10,13
2017-03-21 15:00:00,35,17,18
2017-03-21 16:00:00,65,27,38
2017-03-21 17:00:00,143,37,106
2017-03-21 18:00:00,94,32,62
2017-03-21 19:00:00,24,6,18
2017-03-21 20:00:00,6,4,2
2017-03-21 21:00:00,5,1,4
2017-03-21 22:00:00,3,3,0
2017-03-21 23:00:00,0,0,0
2017-03-22 00:00:00,0,0,0
2017-03-22 01:00:00,1,0,1
2017-03-22 02:00:00,1,0,1
2017-03-22 03:00:00,1,1,0
2017-03-22 04:00:00,2,2,0
2017-03-22 05:00:00,14,6,8
2017-03-22 06:00:00,23,13,10
2017-03-22 07:00:00,80,58,22
2017-03-22 08:00:00,131,110,21
2017-03-22 09:00:00,59,46,13
2017-03-22 10:00:00,24,11,13
2017-03-22 11:00:00,23,12,11
2017-03-22 12:00:00,14,5,9
2017-03-22 13:00:00,22,13,9
2017-03-22 14:00:00,27,14,13
2017-03-22 15:00:00,45,14,31
2017-03-22 16:00:00,79,25,54
2017-03-22 17:00:00,134,23,111
2017-03-22 18:00:00,87,22,65
2017-03-22 19:00:00,39,9,30
2017-03-22 20:00:00,6,2,4
2017-03-22 21:00:00,1,1,0
2017-03-22 22:00:00,10,5,5
2017-03-22 23:00:00,1,0,1
2017-03-23 00:00:00,2,0,2
2017-03-23 01:00:00,0,0,0
2017-03-23 02:00:00,1,0,1
2017-03-23 03:00:00,1,1,0
2017-03-23 04:00:00,2,2,0
2017-03-23 05:00:00,14,8,6
2017-03-23 06:00:00,27,18,9
2017-03-23 07:00:00,100,73,27
2017-03-23 08:00:00,143,116,27
2017-03-23 09:00:00,79,52,27
2017-03-23 10:00:00,28,19,9
2017-03-23 11:00:00,26,14,12
2017-03-23 12:00:00,26,10,16
2017-03-23 13:00:00,40,18,22
2017-03-23 14:00:00,38,19,19
2017-03-23 15:00:00,60,31,29
2017-03-23 16:00:00,112,42,70
2017-03-23 17:00:00,195,55,140
2017-03-23 18:00:00,121,21,100
2017-03-23 19:00:00,35,11,24
2017-03-23 20:00:00,9,4,5
2017-03-23 21:00:00,4,3,1
2017-03-23 22:00:00,3,0,3
2017-03-23 23:00:00,0,0,0
2017-03-24 00:00:00,2,1,1
2017-03-24 01:00:00,1,0,1
2017-03-24 02:00:00,0,0,0
2017-03-24 03:00:00,2,0,2
2017-03-24 04:00:00,2,1,1
2017-03-24 05:00:00,11,8,3
2017-03-24 06:00:00,19,10,9
2017-03-24 07:00:00,60,37,23
2017-03-24 08:00:00,80,61,19
2017-03-24 09:00:00,36,25,11
2017-03-24 10:00:00,15,11,4
2017-03-24 11:00:00,10,4,6
2017-03-24 12:00:00,22,5,17
2017-03-24 13:00:00,19,10,9
2017-03-24 14:00:00,14,11,3
2017-03-24 15:00:00,33,14,19
2017-03-24 16:00:00,56,16,40
2017-03-24 17:00:00,84,20,64
2017-03-24 18:00:00,39,4,35
2017-03-24 19:00:00,13,5,8
2017-03-24 20:00:00,12,5,7
2017-03-24 21:00:00,2,0,2
2017-03-24 22:00:00,9,2,7
2017-03-24 23:00:00,2,0,2
2017-03-25 00:00:00,0,0,0
2017-03-25 01:00:00,0,0,0
2017-03-25 02:00:00,0,0,0
2017-03-25 03:00:00,0,0,0
2017-03-25 04:00:00,0,0,0
2017-03-25 05:00:00,1,1,0
2017-03-25 06:00:00,3,1,2
2017-03-25 07:00:00,13,5,8
2017-03-25 08:00:00,8,5,3
2017-03-25 09:00:00,29,17,12
2017-03-25 10:00:00,56,33,23
2017-03-25 11:00:00,82,43,39
2017-03-25 12:00:00,74,34,40
2017-03-25 13:00:00,80,35,45
2017-03-25 14:00:00,99,41,58
2017-03-25 15:00:00,83,36,47
2017-03-25 16:00:00,81,39,42
2017-03-25 17:00:00,65,33,32
2017-03-25 18:00:00,48,23,25
2017-03-25 19:00:00,22,15,7
2017-03-25 20:00:00,7,3,4
2017-03-25 21:00:00,8,1,7
2017-03-25 22:00:00,0,0,0
2017-03-25 23:00:00,7,4,3
2017-03-26 00:00:00,1,0,1
2017-03-26 01:00:00,0,0,0
2017-03-26 02:00:00,0,0,0
2017-03-26 03:00:00,0,0,0
2017-03-26 04:00:00,1,1,0
2017-03-26 05:00:00,0,0,0
2017-03-26 06:00:00,2,2,0
2017-03-26 07:00:00,9,3,6
2017-03-26 08:00:00,17,10,7
2017-03-26 09:00:00,18,11,7
2017-03-26 10:00:00,12,6,6
2017-03-26 11:00:00,16,7,9
2017-03-26 12:00:00,17,7,10
2017-03-26 13:00:00,16,11,5
2017-03-26 14:00:00,17,8,9
2017-03-26 15:00:00,10,4,6
2017-03-26 16:00:00,1,0,1
2017-03-26 17:00:00,17,7,10
2017-03-26 18:00:00,8,3,5
2017-03-26 19:00:00,2,1,1
2017-03-26 20:00:00,3,2,1
2017-03-26 21:00:00,3,2,1
2017-03-26 22:00:00,1,0,1
2017-03-26 23:00:00,1,1,0
2017-03-27 00:00:00,0,0,0
2017-03-27 01:00:00,0,0,0
2017-03-27 02:00:00,0,0,0
2017-03-27 03:00:00,1,1,0
2017-03-27 04:00:00,1,1,0
2017-03-27 05:00:00,8,5,3
2017-03-27 06:00:00,31,14,17
2017-03-27 07:00:00,75,53,22
2017-03-27 08:00:00,143,113,30
2017-03-27 09:00:00,66,45,21
2017-03-27 10:00:00,26,14,12
2017-03-27 11:00:00,19,10,9
2017-03-27 12:00:00,22,10,12
2017-03-27 13:00:00,25,16,9
2017-03-27 14:00:00,25,12,13
2017-03-27 15:00:00,38,18,20
2017-03-27 16:00:00,76,26,50
2017-03-27 17:00:00,149,34,115
2017-03-27 18:00:00,116,23,93
2017-03-27 19:00:00,27,13,14
2017-03-27 20:00:00,7,0,7
2017-03-27 21:00:00,7,2,5
2017-03-27 22:00:00,1,0,1
2017-03-27 23:00:00,2,1,1
2017-03-28 00:00:00,2,0,2
2017-03-28 01:00:00,0,0,0
2017-03-28 02:00:00,2,0,2
2017-03-28 03:00:00,1,1,0
2017-03-28 04:00:00,4,3,1
2017-03-28 05:00:00,17,11,6
2017-03-28 06:00:00,22,10,12
2017-03-28 07:00:00,85,69,16
2017-03-28 08:00:00,124,99,25
2017-03-28 09:00:00,53,41,12
2017-03-28 10:00:00,24,11,13
2017-03-28 11:00:00,15,7,8
2017-03-28 12:00:00,16,7,9
2017-03-28 13:00:00,11,5,6
2017-03-28 14:00:00,12,8,4
2017-03-28 15:00:00,33,9,24
2017-03-28 16:00:00,61,22,39
2017-03-28 17:00:00,142,34,108
2017-03-28 18:00:00,79,15,64
2017-03-28 19:00:00,19,3,16
2017-03-28 20:00:00,3,0,3
2017-03-28 21:00:00,3,1,2
2017-03-28 22:00:00,8,1,7
2017-03-28 23:00:00,2,0,2
2017-03-29 00:00:00,3,2,1
2017-03-29 01:00:00,0,0,0
2017-03-29 02:00:00,2,0,2
2017-03-29 03:00:00,2,1,1
2017-03-29 04:00:00,1,1,0
2017-03-29 05:00:00,8,5,3
2017-03-29 06:00:00,21,15,6
2017-03-29 07:00:00,58,39,19
2017-03-29 08:00:00,99,80,19
2017-03-29 09:00:00,37,30,7
2017-03-29 10:00:00,14,9,5
2017-03-29 11:00:00,6,3,3
2017-03-29 12:00:00,10,2,8
2017-03-29 13:00:00,10,4,6
2017-03-29 14:00:00,17,8,9
2017-03-29 15:00:00,21,11,10
2017-03-29 16:00:00,55,20,35
2017-03-29 17:00:00,120,34,86
2017-03-29 18:00:00,105,23,82
2017-03-29 19:00:00,30,12,18
2017-03-29 20:00:00,15,9,6
2017-03-29 21:00:00,3,2,1
2017-03-29 22:00:00,2,1,1
2017-03-29 23:00:00,0,0,0
2017-03-30 00:00:00,0,0,0
2017-03-30 01:00:00,0,0,0
2017-03-30 02:00:00,1,0,1
2017-03-30 03:00:00,1,1,0
2017-03-30 04:00:00,1,1,0
2017-03-30 05:00:00,15,8,7
2017-03-30 06:00:00,25,16,9
2017-03-30 07:00:00,94,73,21
2017-03-30 08:00:00,152,121,31
2017-03-30 09:00:00,74,52,22
2017-03-30 10:00:00,26,21,5
2017-03-30 11:00:00,31,14,17
2017-03-30 12:00:00,28,11,17
2017-03-30 13:00:00,19,10,9
2017-03-30 14:00:00,34,14,20
2017-03-30 15:00:00,40,13,27
2017-03-30 16:00:00,84,29,55
2017-03-30 17:00:00,183,37,146
2017-03-30 18:00:00,114,30,84
2017-03-30 19:00:00,43,11,32
2017-03-30 20:00:00,18,6,12
2017-03-30 21:00:00,12,5,7
2017-03-30 22:00:00,4,2,2
2017-03-30 23:00:00,1,0,1
2017-03-31 00:00:00,1,0,1
2017-03-31 01:00:00,0,0,0
2017-03-31 02:00:00,1,0,1
2017-03-31 03:00:00,0,0,0
2017-03-31 04:00:00,2,2,0
2017-03-31 05:00:00,14,7,7
2017-03-31 06:00:00,25,15,10
2017-03-31 07:00:00,102,69,33
2017-03-31 08:00:00,170,126,44
2017-03-31 09:00:00,76,54,22
2017-03-31 10:00:00,37,22,15
2017-03-31 11:00:00,38,15,23
2017-03-31 12:00:00,42,19,23
2017-03-31 13:00:00,53,26,27
2017-03-31 14:00:00,31,12,19
2017-03-31 15:00:00,89,39,50
2017-03-31 16:00:00,154,47,107
2017-03-31 17:00:00,211,78,133
2017-03-31 18:00:00,150,54,96
2017-03-31 19:00:00,47,27,20
2017-03-31 20:00:00,17,7,10
2017-03-31 21:00:00,23,4,19
2017-03-31 22:00:00,11,5,6
2017-03-31 23:00:00,10,0,10
2017-04-01 00:00:00,5,1,4
2017-04-01 01:00:00,2,1,1
2017-04-01 02:00:00,1,0,1
2017-04-01 03:00:00,4,0,4
2017-04-01 04:00:00,1,0,1
2017-04-01 05:00:00,1,1,0
2017-04-01 06:00:00,3,2,1
2017-04-01 07:00:00,6,2,4
2017-04-01 08:00:00,11,5,6
2017-04-01 09:00:00,12,5,7
2017-04-01 10:00:00,23,10,13
2017-04-01 11:00:00,40,25,15
2017-04-01 12:00:00,48,27,21
2017-04-01 13:00:00,55,24,31
2017-04-01 14:00:00,67,36,31
2017-04-01 15:00:00,61,24,37
2017-04-01 16:00:00,46,21,25
2017-04-01 17:00:00,65,35,30
2017-04-01 18:00:00,40,29,11
2017-04-01 19:00:00,12,4,8
2017-04-01 20:00:00,20,7,13
2017-04-01 21:00:00,3,3,0
2017-04-01 22:00:00,11,0,11
2017-04-01 23:00:00,2,1,1
2017-04-02 00:00:00,3,3,0
2017-04-02 01:00:00,0,0,0
2017-04-02 02:00:00,0,0,0
2017-04-02 03:00:00,1,0,1
2017-04-02 04:00:00,1,1,0
2017-04-02 05:00:00,0,0,0
2017-04-02 06:00:00,3,1,2
2017-04-02 07:00:00,13,6,7
2017-04-02 08:00:00,20,8,12
2017-04-02 09:00:00,51,22,29
2017-04-02 10:00:00,43,21,22
2017-04-02 11:00:00,83,52,31
2017-04-02 12:00:00,88,40,48
2017-04-02 13:00:00,102,60,42
2017-04-02 14:00:00,87,36,51
2017-04-02 15:00:00,78,31,47
2017-04-02 16:00:00,52,26,26
2017-04-02 17:00:00,31,17,14
2017-04-02 18:00:00,17,8,9
2017-04-02 19:00:00,19,10,9
2017-04-02 20:00:00,4,2,2
2017-04-02 21:00:00,5,1,4
2017-04-02 22:00:00,2,0,2
2017-04-02 23:00:00,4,3,1
2017-04-03 00:00:00,0,0,0
2017-04-03 01:00:00,0,0,0
2017-04-03 02:00:00,1,0,1
2017-04-03 03:00:00,1,1,0
2017-04-03 04:00:00,6,4,2
2017-04-03 05:00:00,17,11,6
2017-04-03 06:00:00,37,23,14
2017-04-03 07:00:00,121,90,31
2017-04-03 08:00:00,178,145,33
2017-04-03 09:00:00,84,62,22
2017-04-03 10:00:00,32,22,10
2017-04-03 11:00:00,22,10,12
2017-04-03 12:00:00,70,26,44
2017-04-03 13:00:00,50,31,19
2017-04-03 14:00:00,65,41,24
2017-04-03 15:00:00,64,30,34
2017-04-03 16:00:00,154,49,105
2017-04-03 17:00:00,246,65,181
2017-04-03 18:00:00,151,47,104
2017-04-03 19:00:00,41,18,23
2017-04-03 20:00:00,26,9,17
2017-04-03 21:00:00,5,3,2
2017-04-03 22:00:00,11,6,5
2017-04-03 23:00:00,1,0,1
2017-04-04 00:00:00,1,0,1
2017-04-04 01:00:00,1,0,1
2017-04-04 02:00:00,2,0,2
2017-04-04 03:00:00,2,2,0
2017-04-04 04:00:00,2,2,0
2017-04-04 05:00:00,18,11,7
2017-04-04 06:00:00,40,27,13
2017-04-04 07:00:00,133,90,43
2017-04-04 08:00:00,162,127,35
2017-04-04 09:00:00,82,61,21
2017-04-04 10:00:00,28,20,8
2017-04-04 11:00:00,29,19,10
2017-04-04 12:00:00,44,15,29
2017-04-04 13:00:00,38,13,25
2017-04-04 14:00:00,67,27,40
2017-04-04 15:00:00,89,57,32
2017-04-04 16:00:00,129,55,74
2017-04-04 17:00:00,205,48,157
2017-04-04 18:00:00,127,30,97
2017-04-04 19:00:00,39,16,23
2017-04-04 20:00:00,16,7,9
2017-04-04 21:00:00,5,0,5
2017-04-04 22:00:00,4,3,1
2017-04-04 23:00:00,0,0,0
2017-04-05 00:00:00,1,1,0
2017-04-05 01:00:00,0,0,0
2017-04-05 02:00:00,1,0,1
2017-04-05 03:00:00,3,1,2
2017-04-05 04:00:00,4,2,2
2017-04-05 05:00:00,13,8,5
2017-04-05 06:00:00,19,13,6
2017-04-05 07:00:00,67,47,20
2017-04-05 08:00:00,93,75,18
2017-04-05 09:00:00,39,29,10
2017-04-05 10:00:00,24,12,12
2017-04-05 11:00:00,10,5,5
2017-04-05 12:00:00,17,5,12
2017-04-05 13:00:00,5,3,2
2017-04-05 14:00:00,9,7,2
2017-04-05 15:00:00,18,8,10
2017-04-05 16:00:00,60,21,39
2017-04-05 17:00:00,102,25,77
2017-04-05 18:00:00,72,16,56
2017-04-05 19:00:00,22,6,16
2017-04-05 20:00:00,15,5,10
2017-04-05 21:00:00,5,2,3
2017-04-05 22:00:00,3,1,2
2017-04-05 23:00:00,0,0,0
2017-04-06 00:00:00,1,0,1
2017-04-06 01:00:00,0,0,0
2017-04-06 02:00:00,1,0,1
2017-04-06 03:00:00,2,2,0
2017-04-06 04:00:00,0,0,0
2017-04-06 05:00:00,10,9,1
2017-04-06 06:00:00,24,16,8
2017-04-06 07:00:00,55,42,13
2017-04-06 08:00:00,88,69,19
2017-04-06 09:00:00,40,28,12
2017-04-06 10:00:00,18,15,3
2017-04-06 11:00:00,9,3,6
2017-04-06 12:00:00,10,3,7
2017-04-06 13:00:00,19,11,8
2017-04-06 14:00:00,21,15,6
2017-04-06 15:00:00,39,17,22
2017-04-06 16:00:00,79,33,46
2017-04-06 17:00:00,134,40,94
2017-04-06 18:00:00,125,42,83
2017-04-06 19:00:00,68,30,38
2017-04-06 20:00:00,16,6,10
2017-04-06 21:00:00,6,1,5
2017-04-06 22:00:00,7,0,7
2017-04-06 23:00:00,4,0,4
2017-04-07 00:00:00,1,0,1
2017-04-07 01:00:00,0,0,0
2017-04-07 02:00:00,0,0,0
2017-04-07 03:00:00,1,0,1
2017-04-07 04:00:00,7,4,3
2017-04-07 05:00:00,8,7,1
2017-04-07 06:00:00,21,15,6
2017-04-07 07:00:00,68,51,17
2017-04-07 08:00:00,93,69,24
2017-04-07 09:00:00,42,29,13
2017-04-07 10:00:00,14,12,2
2017-04-07 11:00:00,8,1,7
2017-04-07 12:00:00,23,7,16
2017-04-07 13:00:00,14,3,11
2017-04-07 14:00:00,16,7,9
2017-04-07 15:00:00,25,5,20
2017-04-07 16:00:00,53,12,41
2017-04-07 17:00:00,102,24,78
2017-04-07 18:00:00,38,7,31
2017-04-07 19:00:00,7,1,6
2017-04-07 20:00:00,5,2,3
2017-04-07 21:00:00,7,6,1
2017-04-07 22:00:00,2,1,1
2017-04-07 23:00:00,0,0,0
2017-04-08 00:00:00,2,0,2
2017-04-08 01:00:00,0,0,0
2017-04-08 02:00:00,0,0,0
2017-04-08 03:00:00,0,0,0
2017-04-08 04:00:00,2,1,1
2017-04-08 05:00:00,1,1,0
2017-04-08 06:00:00,6,4,2
2017-04-08 07:00:00,14,6,8
2017-04-08 08:00:00,21,13,8
2017-04-08 09:00:00,28,19,9
2017-04-08 10:00:00,47,22,25
2017-04-08 11:00:00,35,20,15
2017-04-08 12:00:00,38,20,18
2017-04-08 13:00:00,37,12,25
2017-04-08 14:00:00,23,10,13
2017-04-08 15:00:00,40,24,16
2017-04-08 16:00:00,43,14,29
2017-04-08 17:00:00,29,18,11
2017-04-08 18:00:00,34,15,19
2017-04-08 19:00:00,15,5,10
2017-04-08 20:00:00,7,6,1
2017-04-08 21:00:00,4,2,2
2017-04-08 22:00:00,1,0,1
2017-04-08 23:00:00,2,0,2
2017-04-09 00:00:00,0,0,0
2017-04-09 01:00:00,1,0,1
2017-04-09 02:00:00,0,0,0
2017-04-09 03:00:00,1,0,1
2017-04-09 04:00:00,0,0,0
2017-04-09 05:00:00,0,0,0
2017-04-09 06:00:00,5,5,0
2017-04-09 07:00:00,10,4,6
2017-04-09 08:00:00,30,19,11
2017-04-09 09:00:00,35,19,16
2017-04-09 10:00:00,77,28,49
2017-04-09 11:00:00,89,46,43
2017-04-09 12:00:00,112,50,62
2017-04-09 13:00:00,104,51,53
2017-04-09 14:00:00,94,52,42
2017-04-09 15:00:00,115,51,64
2017-04-09 16:00:00,111,56,55
2017-04-09 17:00:00,81,47,34
2017-04-09 18:00:00,39,24,15
2017-04-09 19:00:00,24,11,13
2017-04-09 20:00:00,8,4,4
2017-04-09 21:00:00,6,4,2
2017-04-09 22:00:00,1,0,1
2017-04-09 23:00:00,1,1,0
2017-04-10 00:00:00,0,0,0
2017-04-10 01:00:00,1,1,0
2017-04-10 02:00:00,0,0,0
2017-04-10 03:00:00,0,0,0
2017-04-10 04:00:00,0,0,0
2017-04-10 05:00:00,5,3,2
2017-04-10 06:00:00,26,16,10
2017-04-10 07:00:00,84,60,24
2017-04-10 08:00:00,139,109,30
2017-04-10 09:00:00,62,42,20
2017-04-10 10:00:00,27,18,9
2017-04-10 11:00:00,11,4,7
2017-04-10 12:00:00,15,7,8
2017-04-10 13:00:00,16,8,8
2017-04-10 14:00:00,11,4,7
2017-04-10 15:00:00,22,9,13
2017-04-10 16:00:00,77,20,57
2017-04-10 17:00:00,130,16,114
2017-04-10 18:00:00,71,15,56
2017-04-10 19:00:00,22,5,17
2017-04-10 20:00:00,9,1,8
2017-04-10 21:00:00,4,4,0
2017-04-10 22:00:00,1,0,1
2017-04-10 23:00:00,1,0,1
2017-04-11 00:00:00,0,0,0
2017-04-11 01:00:00,0,0,0
2017-04-11 02:00:00,3,1,2
2017-04-11 03:00:00,0,0,0
2017-04-11 04:00:00,7,3,4
2017-04-11 05:00:00,14,10,4
2017-04-11 06:00:00,50,28,22
2017-04-11 07:00:00,111,83,28
2017-04-11 08:00:00,179,139,40
2017-04-11 09:00:00,67,45,22
2017-04-11 10:00:00,62,41,21
2017-04-11 11:00:00,64,33,31
2017-04-11 12:00:00,56,20,36
2017-04-11 13:00:00,51,23,28
2017-04-11 14:00:00,44,18,26
2017-04-11 15:00:00,70,34,36
2017-04-11 16:00:00,103,41,62
2017-04-11 17:00:00,215,49,166
2017-04-11 18:00:00,145,39,106
2017-04-11 19:00:00,57,18,39
2017-04-11 20:00:00,20,8,12
2017-04-11 21:00:00,8,2,6
2017-04-11 22:00:00,6,1,5
2017-04-11 23:00:00,4,0,4
2017-04-12 00:00:00,3,1,2
2017-04-12 01:00:00,0,0,0
2017-04-12 02:00:00,0,0,0
2017-04-12 03:00:00,3,1,2
2017-04-12 04:00:00,3,2,1
2017-04-12 05:00:00,10,5,5
2017-04-12 06:00:00,21,12,9
2017-04-12 07:00:00,63,36,27
2017-04-12 08:00:00,89,67,22
2017-04-12 09:00:00,34,26,8
2017-04-12 10:00:00,14,9,5
2017-04-12 11:00:00,17,5,12
2017-04-12 12:00:00,14,9,5
2017-04-12 13:00:00,18,4,14
2017-04-12 14:00:00,32,18,14
2017-04-12 15:00:00,29,11,18
2017-04-12 16:00:00,59,24,35
2017-04-12 17:00:00,115,31,84
2017-04-12 18:00:00,85,27,58
2017-04-12 19:00:00,26,6,20
2017-04-12 20:00:00,11,7,4
2017-04-12 21:00:00,3,2,1
2017-04-12 22:00:00,2,0,2
2017-04-12 23:00:00,7,1,6
2017-04-13 00:00:00,0,0,0
2017-04-13 01:00:00,0,0,0
2017-04-13 02:00:00,0,0,0
2017-04-13 03:00:00,3,2,1
2017-04-13 04:00:00,7,2,5
2017-04-13 05:00:00,13,9,4
2017-04-13 06:00:00,26,18,8
2017-04-13 07:00:00,88,60,28
2017-04-13 08:00:00,108,78,30
2017-04-13 09:00:00,64,47,17
2017-04-13 10:00:00,18,13,5
2017-04-13 11:00:00,12,7,5
2017-04-13 12:00:00,30,15,15
2017-04-13 13:00:00,18,9,9
2017-04-13 14:00:00,24,11,13
2017-04-13 15:00:00,38,20,18
2017-04-13 16:00:00,63,19,44
2017-04-13 17:00:00,145,37,108
2017-04-13 18:00:00,65,22,43
2017-04-13 19:00:00,41,6,35
2017-04-13 20:00:00,14,3,11
2017-04-13 21:00:00,9,2,7
2017-04-13 22:00:00,9,2,7
2017-04-13 23:00:00,4,1,3
2017-04-14 00:00:00,1,1,0
2017-04-14 01:00:00,0,0,0
2017-04-14 02:00:00,0,0,0
2017-04-14 03:00:00,2,1,1
2017-04-14 04:00:00,1,1,0
2017-04-14 05:00:00,11,5,6
2017-04-14 06:00:00,21,14,7
2017-04-14 07:00:00,70,52,18
2017-04-14 08:00:00,129,93,36
2017-04-14 09:00:00,38,25,13
2017-04-14 10:00:00,26,12,14
2017-04-14 11:00:00,27,12,15
2017-04-14 12:00:00,30,14,16
2017-04-14 13:00:00,26,9,17
2017-04-14 14:00:00,34,17,17
2017-04-14 15:00:00,40,17,23
2017-04-14 16:00:00,93,36,57
2017-04-14 17:00:00,116,29,87
2017-04-14 18:00:00,80,24,56
2017-04-14 19:00:00,44,18,26
2017-04-14 20:00:00,23,10,13
2017-04-14 21:00:00,9,4,5
2017-04-14 22:00:00,7,5,2
2017-04-14 23:00:00,3,0,3
2017-04-15 00:00:00,4,1,3
2017-04-15 01:00:00,2,1,1
2017-04-15 02:00:00,0,0,0
2017-04-15 03:00:00,0,0,0
2017-04-15 04:00:00,0,0,0
2017-04-15 05:00:00,1,1,0
2017-04-15 06:00:00,5,3,2
2017-04-15 07:00:00,23,13,10
2017-04-15 08:00:00,42,15,27
2017-04-15 09:00:00,39,26,13
2017-04-15 10:00:00,68,38,30
2017-04-15 11:00:00,61,33,28
2017-04-15 12:00:00,102,48,54
2017-04-15 13:00:00,88,50,38
2017-04-15 14:00:00,124,58,66
2017-04-15 15:00:00,109,57,52
2017-04-15 16:00:00,101,44,57
2017-04-15 17:00:00,96,39,57
2017-04-15 18:00:00,76,33,43
2017-04-15 19:00:00,29,11,18
2017-04-15 20:00:00,24,15,9
2017-04-15 21:00:00,20,6,14
2017-04-15 22:00:00,14,2,12
2017-04-15 23:00:00,0,0,0
2017-04-16 00:00:00,5,1,4
2017-04-16 01:00:00,0,0,0
2017-04-16 02:00:00,0,0,0
2017-04-16 03:00:00,1,0,1
2017-04-16 04:00:00,1,1,0
2017-04-16 05:00:00,1,0,1
2017-04-16 06:00:00,6,3,3
2017-04-16 07:00:00,10,4,6
2017-04-16 08:00:00,19,13,6
2017-04-16 09:00:00,50,25,25
2017-04-16 10:00:00,93,44,49
2017-04-16 11:00:00,78,42,36
2017-04-16 12:00:00,85,38,47
2017-04-16 13:00:00,89,42,47
2017-04-16 14:00:00,95,49,46
2017-04-16 15:00:00,108,55,53
2017-04-16 16:00:00,91,47,44
2017-04-16 17:00:00,50,23,27
2017-04-16 18:00:00,45,22,23
2017-04-16 19:00:00,47,21,26
2017-04-16 20:00:00,14,2,12
2017-04-16 21:00:00,11,5,6
2017-04-16 22:00:00,3,1,2
2017-04-16 23:00:00,2,1,1
2017-04-17 00:00:00,2,0,2
2017-04-17 01:00:00,0,0,0
2017-04-17 02:00:00,0,0,0
2017-04-17 03:00:00,1,1,0
2017-04-17 04:00:00,5,2,3
2017-04-17 05:00:00,7,1,6
2017-04-17 06:00:00,40,25,15
2017-04-17 07:00:00,103,74,29
2017-04-17 08:00:00,149,117,32
2017-04-17 09:00:00,80,62,18
2017-04-17 10:00:00,26,20,6
2017-04-17 11:00:00,22,10,12
2017-04-17 12:00:00,18,7,11
2017-04-17 13:00:00,26,13,13
2017-04-17 14:00:00,27,16,11
2017-04-17 15:00:00,34,17,17
2017-04-17 16:00:00,72,25,47
2017-04-17 17:00:00,159,27,132
2017-04-17 18:00:00,96,14,82
2017-04-17 19:00:00,23,3,20
2017-04-17 20:00:00,13,5,8
2017-04-17 21:00:00,8,4,4
2017-04-17 22:00:00,5,2,3
2017-04-17 23:00:00,0,0,0
2017-04-18 00:00:00,3,0,3
2017-04-18 01:00:00,0,0,0
2017-04-18 02:00:00,1,0,1
2017-04-18 03:00:00,1,1,0
2017-04-18 04:00:00,1,1,0
2017-04-18 05:00:00,12,7,5
2017-04-18 06:00:00,38,25,13
2017-04-18 07:00:00,106,76,30
2017-04-18 08:00:00,133,103,30
2017-04-18 09:00:00,53,42,11
2017-04-18 10:00:00,31,19,12
2017-04-18 11:00:00,20,6,14
2017-04-18 12:00:00,19,10,9
2017-04-18 13:00:00,15,10,5
2017-04-18 14:00:00,31,14,17
2017-04-18 15:00:00,58,22,36
2017-04-18 16:00:00,83,24,59
2017-04-18 17:00:00,177,43,134
2017-04-18 18:00:00,103,28,75
2017-04-18 19:00:00,42,18,24
2017-04-18 20:00:00,19,7,12
2017-04-18 21:00:00,9,7,2
2017-04-18 22:00:00,8,3,5
2017-04-18 23:00:00,2,0,2
2017-04-19 00:00:00,2,1,1
2017-04-19 01:00:00,1,0,1
2017-04-19 02:00:00,1,0,1
2017-04-19 03:00:00,2,2,0
2017-04-19 04:00:00,1,0,1
2017-04-19 05:00:00,17,8,9
2017-04-19 06:00:00,39,27,12
2017-04-19 07:00:00,112,79,33
2017-04-19 08:00:00,147,119,28
2017-04-19 09:00:00,60,43,17
2017-04-19 10:00:00,18,15,3
2017-04-19 11:00:00,5,2,3
2017-04-19 12:00:00,8,1,7
2017-04-19 13:00:00,10,4,6
2017-04-19 14:00:00,18,8,10
2017-04-19 15:00:00,34,13,21
2017-04-19 16:00:00,72,23,49
2017-04-19 17:00:00,37,37,0
2017-04-19 18:00:00,104,26,78
2017-04-19 19:00:00,46,22,24
2017-04-19 20:00:00,22,10,12
2017-04-19 21:00:00,4,1,3
2017-04-19 22:00:00,2,1,1
2017-04-19 23:00:00,1,1,0
2017-04-20 00:00:00,2,0,2
2017-04-20 01:00:00,0,0,0
2017-04-20 02:00:00,0,0,0
2017-04-20 03:00:00,3,2,1
2017-04-20 04:00:00,1,1,0
2017-04-20 05:00:00,13,5,8
2017-04-20 06:00:00,38,17,21
2017-04-20 07:00:00,92,61,31
2017-04-20 08:00:00,139,108,31
2017-04-20 09:00:00,74,55,19
2017-04-20 10:00:00,26,20,6
2017-04-20 11:00:00,14,7,7
2017-04-20 12:00:00,37,21,16
2017-04-20 13:00:00,29,14,15
2017-04-20 14:00:00,42,16,26
2017-04-20 15:00:00,57,34,23
2017-04-20 16:00:00,88,33,55
2017-04-20 17:00:00,203,70,133
2017-04-20 18:00:00,141,33,108
2017-04-20 19:00:00,77,35,42
2017-04-20 20:00:00,23,9,14
2017-04-20 21:00:00,14,6,8
2017-04-20 22:00:00,1,0,1
2017-04-20 23:00:00,3,0,3
2017-04-21 00:00:00,1,1,0
2017-04-21 01:00:00,2,0,2
2017-04-21 02:00:00,3,1,2
2017-04-21 03:00:00,0,0,0
2017-04-21 04:00:00,2,2,0
2017-04-21 05:00:00,15,7,8
2017-04-21 06:00:00,54,37,17
2017-04-21 07:00:00,126,87,39
2017-04-21 08:00:00,178,142,36
2017-04-21 09:00:00,79,50,29
2017-04-21 10:00:00,41,23,18
2017-04-21 11:00:00,43,27,16
2017-04-21 12:00:00,71,22,49
2017-04-21 13:00:00,91,43,48
2017-04-21 14:00:00,118,53,65
2017-04-21 15:00:00,140,68,72
2017-04-21 16:00:00,248,83,165
2017-04-21 17:00:00,274,92,182
2017-04-21 18:00:00,176,40,136
2017-04-21 19:00:00,60,23,37
2017-04-21 20:00:00,21,10,11
2017-04-21 21:00:00,15,8,7
2017-04-21 22:00:00,3,2,1
2017-04-21 23:00:00,3,1,2
2017-04-22 00:00:00,5,3,2
2017-04-22 01:00:00,0,0,0
2017-04-22 02:00:00,0,0,0
2017-04-22 03:00:00,1,0,1
2017-04-22 04:00:00,0,0,0
2017-04-22 05:00:00,2,2,0
2017-04-22 06:00:00,5,2,3
2017-04-22 07:00:00,30,15,15
2017-04-22 08:00:00,28,11,17
2017-04-22 09:00:00,47,31,16
2017-04-22 10:00:00,40,20,20
2017-04-22 11:00:00,31,13,18
2017-04-22 12:00:00,24,9,15
2017-04-22 13:00:00,29,16,13
2017-04-22 14:00:00,26,10,16
2017-04-22 15:00:00,25,10,15
2017-04-22 16:00:00,34,21,13
2017-04-22 17:00:00,29,12,17
2017-04-22 18:00:00,27,10,17
2017-04-22 19:00:00,36,17,19
2017-04-22 20:00:00,11,7,4
2017-04-22 21:00:00,10,7,3
2017-04-22 22:00:00,2,0,2
2017-04-22 23:00:00,1,1,0
2017-04-23 00:00:00,1,0,1
2017-04-23 01:00:00,1,1,0
2017-04-23 02:00:00,0,0,0
2017-04-23 03:00:00,1,0,1
2017-04-23 04:00:00,0,0,0
2017-04-23 05:00:00,0,0,0
2017-04-23 06:00:00,9,7,2
2017-04-23 07:00:00,14,6,8
2017-04-23 08:00:00,35,8,27
2017-04-23 09:00:00,32,16,16
2017-04-23 10:00:00,55,32,23
2017-04-23 11:00:00,39,20,19
2017-04-23 12:00:00,23,12,11
2017-04-23 13:00:00,15,6,9
2017-04-23 14:00:00,25,8,17
2017-04-23 15:00:00,21,11,10
2017-04-23 16:00:00,13,2,11
2017-04-23 17:00:00,6,5,1
2017-04-23 18:00:00,8,6,2
2017-04-23 19:00:00,7,3,4
2017-04-23 20:00:00,1,0,1
2017-04-23 21:00:00,1,1,0
2017-04-23 22:00:00,3,2,1
2017-04-23 23:00:00,2,1,1
2017-04-24 00:00:00,0,0,0
2017-04-24 01:00:00,0,0,0
2017-04-24 02:00:00,0,0,0
2017-04-24 03:00:00,1,1,0
2017-04-24 04:00:00,2,2,0
2017-04-24 05:00:00,10,3,7
2017-04-24 06:00:00,46,31,15
2017-04-24 07:00:00,100,70,30
2017-04-24 08:00:00,171,133,38
2017-04-24 09:00:00,62,47,15
2017-04-24 10:00:00,26,15,11
2017-04-24 11:00:00,23,11,12
2017-04-24 12:00:00,21,6,15
2017-04-24 13:00:00,22,13,9
2017-04-24 14:00:00,23,10,13
2017-04-24 15:00:00,39,16,23
2017-04-24 16:00:00,103,38,65
2017-04-24 17:00:00,217,57,160
2017-04-24 18:00:00,134,32,102
2017-04-24 19:00:00,68,32,36
2017-04-24 20:00:00,35,17,18
2017-04-24 21:00:00,5,1,4
2017-04-24 22:00:00,2,0,2
2017-04-24 23:00:00,5,1,4
2017-04-25 00:00:00,2,0,2
2017-04-25 01:00:00,2,1,1
2017-04-25 02:00:00,1,0,1
2017-04-25 03:00:00,2,2,0
2017-04-25 04:00:00,8,4,4
2017-04-25 05:00:00,16,9,7
2017-04-25 06:00:00,44,26,18
2017-04-25 07:00:00,120,90,30
2017-04-25 08:00:00,155,117,38
2017-04-25 09:00:00,78,54,24
2017-04-25 10:00:00,34,22,12
2017-04-25 11:00:00,25,15,10
2017-04-25 12:00:00,34,16,18
2017-04-25 13:00:00,37,13,24
2017-04-25 14:00:00,24,10,14
2017-04-25 15:00:00,47,19,28
2017-04-25 16:00:00,98,32,66
2017-04-25 17:00:00,204,56,148
2017-04-25 18:00:00,110,20,90
2017-04-25 19:00:00,35,5,30
2017-04-25 20:00:00,11,4,7
2017-04-25 21:00:00,7,4,3
2017-04-25 22:00:00,2,0,2
2017-04-25 23:00:00,3,0,3
2017-04-26 00:00:00,3,1,2
2017-04-26 01:00:00,2,0,2
2017-04-26 02:00:00,2,0,2
2017-04-26 03:00:00,3,1,2
2017-04-26 04:00:00,10,6,4
2017-04-26 05:00:00,14,9,5
2017-04-26 06:00:00,37,22,15
2017-04-26 07:00:00,105,77,28
2017-04-26 08:00:00,139,106,33
2017-04-26 09:00:00,67,45,22
2017-04-26 10:00:00,31,26,5
2017-04-26 11:00:00,23,13,10
2017-04-26 12:00:00,28,16,12
2017-04-26 13:00:00,18,9,9
2017-04-26 14:00:00,20,11,9
2017-04-26 15:00:00,25,10,15
2017-04-26 16:00:00,85,32,53
2017-04-26 17:00:00,157,32,125
2017-04-26 18:00:00,77,17,60
2017-04-26 19:00:00,43,15,28
2017-04-26 20:00:00,16,4,12
2017-04-26 21:00:00,11,7,4
2017-04-26 22:00:00,7,2,5
2017-04-26 23:00:00,1,1,0
2017-04-27 00:00:00,0,0,0
2017-04-27 01:00:00,0,0,0
2017-04-27 02:00:00,1,0,1
2017-04-27 03:00:00,1,1,0
2017-04-27 04:00:00,1,1,0
2017-04-27 05:00:00,11,6,5
2017-04-27 06:00:00,48,30,18
2017-04-27 07:00:00,106,73,33
2017-04-27 08:00:00,139,110,29
2017-04-27 09:00:00,77,54,23
2017-04-27 10:00:00,28,18,10
2017-04-27 11:00:00,35,17,18
2017-04-27 12:00:00,39,19,20
2017-04-27 13:00:00,37,19,18
2017-04-27 14:00:00,51,34,17
2017-04-27 15:00:00,57,20,37
2017-04-27 16:00:00,116,38,78
2017-04-27 17:00:00,171,45,126
2017-04-27 18:00:00,118,34,84
2017-04-27 19:00:00,54,18,36
2017-04-27 20:00:00,12,1,11
2017-04-27 21:00:00,11,3,8
2017-04-27 22:00:00,3,1,2
2017-04-27 23:00:00,0,0,0
2017-04-28 00:00:00,0,0,0
2017-04-28 01:00:00,0,0,0
2017-04-28 02:00:00,1,0,1
2017-04-28 03:00:00,0,0,0
2017-04-28 04:00:00,5,3,2
2017-04-28 05:00:00,17,8,9
2017-04-28 06:00:00,37,23,14
2017-04-28 07:00:00,103,69,34
2017-04-28 08:00:00,171,133,38
2017-04-28 09:00:00,63,49,14
2017-04-28 10:00:00,37,20,17
2017-04-28 11:00:00,28,11,17
2017-04-28 12:00:00,36,19,17
2017-04-28 13:00:00,55,20,35
2017-04-28 14:00:00,80,32,48
2017-04-28 15:00:00,92,40,52
2017-04-28 16:00:00,150,54,96
2017-04-28 17:00:00,211,70,141
2017-04-28 18:00:00,102,33,69
2017-04-28 19:00:00,61,22,39
2017-04-28 20:00:00,18,7,11
2017-04-28 21:00:00,11,5,6
2017-04-28 22:00:00,7,3,4
2017-04-28 23:00:00,1,1,0
2017-04-29 00:00:00,3,1,2
2017-04-29 01:00:00,1,0,1
2017-04-29 02:00:00,1,1,0
2017-04-29 03:00:00,1,0,1
2017-04-29 04:00:00,0,0,0
2017-04-29 05:00:00,3,2,1
2017-04-29 06:00:00,6,6,0
2017-04-29 07:00:00,22,9,13
2017-04-29 08:00:00,38,25,13
2017-04-29 09:00:00,62,43,19
2017-04-29 10:00:00,49,28,21
2017-04-29 11:00:00,99,47,52
2017-04-29 12:00:00,106,44,62
2017-04-29 13:00:00,86,41,45
2017-04-29 14:00:00,77,44,33
2017-04-29 15:00:00,70,24,46
2017-04-29 16:00:00,42,20,22
2017-04-29 17:00:00,36,16,20
2017-04-29 18:00:00,48,29,19
2017-04-29 19:00:00,12,9,3
2017-04-29 20:00:00,4,3,1
2017-04-29 21:00:00,11,0,11
2017-04-29 22:00:00,5,0,5
2017-04-29 23:00:00,4,2,2
2017-04-30 00:00:00,1,1,0
2017-04-30 01:00:00,0,0,0
2017-04-30 02:00:00,0,0,0
2017-04-30 03:00:00,0,0,0
2017-04-30 04:00:00,0,0,0
2017-04-30 05:00:00,4,1,3
2017-04-30 06:00:00,6,5,1
2017-04-30 07:00:00,24,14,10
2017-04-30 08:00:00,21,9,12
2017-04-30 09:00:00,27,15,12
2017-04-30 10:00:00,40,20,20
2017-04-30 11:00:00,49,19,30
2017-04-30 12:00:00,92,46,46
2017-04-30 13:00:00,102,44,58
2017-04-30 14:00:00,109,46,63
2017-04-30 15:00:00,78,36,42
2017-04-30 16:00:00,68,34,34
2017-04-30 17:00:00,61,31,30
2017-04-30 18:00:00,44,21,23
2017-04-30 19:00:00,28,14,14
2017-04-30 20:00:00,10,4,6
2017-04-30 21:00:00,6,2,4
2017-04-30 22:00:00,3,1,2
2017-04-30 23:00:00,4,1,3
2017-05-01 00:00:00,0,0,0
2017-05-01 01:00:00,1,0,1
2017-05-01 02:00:00,0,0,0
2017-05-01 03:00:00,1,1,0
2017-05-01 04:00:00,1,1,0
2017-05-01 05:00:00,19,11,8
2017-05-01 06:00:00,65,37,28
2017-05-01 07:00:00,148,108,40
2017-05-01 08:00:00,203,164,39
2017-05-01 09:00:00,68,51,17
2017-05-01 10:00:00,30,17,13
2017-05-01 11:00:00,10,7,3
2017-05-01 12:00:00,15,5,10
2017-05-01 13:00:00,17,6,11
2017-05-01 14:00:00,37,20,17
2017-05-01 15:00:00,71,24,47
2017-05-01 16:00:00,140,47,93
2017-05-01 17:00:00,227,50,177
2017-05-01 18:00:00,107,19,88
2017-05-01 19:00:00,32,11,21
2017-05-01 20:00:00,16,7,9
2017-05-01 21:00:00,5,1,4
2017-05-01 22:00:00,6,1,5
2017-05-01 23:00:00,1,1,0
2017-05-02 00:00:00,0,0,0
2017-05-02 01:00:00,2,0,2
2017-05-02 02:00:00,1,0,1
2017-05-02 03:00:00,1,1,0
2017-05-02 04:00:00,3,2,1
2017-05-02 05:00:00,20,14,6
2017-05-02 06:00:00,61,43,18
2017-05-02 07:00:00,166,134,32
2017-05-02 08:00:00,186,148,38
2017-05-02 09:00:00,82,58,24
2017-05-02 10:00:00,40,24,16
2017-05-02 11:00:00,42,19,23
2017-05-02 12:00:00,41,20,21
2017-05-02 13:00:00,34,19,15
2017-05-02 14:00:00,30,17,13
2017-05-02 15:00:00,67,34,33
2017-05-02 16:00:00,122,32,90
2017-05-02 17:00:00,244,58,186
2017-05-02 18:00:00,146,33,113
2017-05-02 19:00:00,38,7,31
2017-05-02 20:00:00,15,7,8
2017-05-02 21:00:00,12,2,10
2017-05-02 22:00:00,11,0,11
2017-05-02 23:00:00,3,1,2
2017-05-03 00:00:00,1,0,1
2017-05-03 01:00:00,1,0,1
2017-05-03 02:00:00,1,0,1
2017-05-03 03:00:00,1,1,0
2017-05-03 04:00:00,3,3,0
2017-05-03 05:00:00,14,6,8
2017-05-03 06:00:00,51,26,25
2017-05-03 07:00:00,157,127,30
2017-05-03 08:00:00,222,179,43
2017-05-03 09:00:00,83,60,23
2017-05-03 10:00:00,30,23,7
2017-05-03 11:00:00,26,9,17
2017-05-03 12:00:00,44,20,24
2017-05-03 13:00:00,48,20,28
2017-05-03 14:00:00,78,33,45
2017-05-03 15:00:00,99,48,51
2017-05-03 16:00:00,215,79,136
2017-05-03 17:00:00,358,103,255
2017-05-03 18:00:00,247,76,171
2017-05-03 19:00:00,156,67,89
2017-05-03 20:00:00,81,37,44
2017-05-03 21:00:00,17,7,10
2017-05-03 22:00:00,22,8,14
2017-05-03 23:00:00,0,0,0
2017-05-04 00:00:00,1,0,1
2017-05-04 01:00:00,2,1,1
2017-05-04 02:00:00,3,0,3
2017-05-04 03:00:00,4,3,1
2017-05-04 04:00:00,1,1,0
2017-05-04 05:00:00,19,13,6
2017-05-04 06:00:00,77,49,28
2017-05-04 07:00:00,169,128,41
2017-05-04 08:00:00,188,152,36
2017-05-04 09:00:00,86,61,25
2017-05-04 10:00:00,57,33,24
2017-05-04 11:00:00,59,32,27
2017-05-04 12:00:00,48,20,28
2017-05-04 13:00:00,82,38,44
2017-05-04 14:00:00,79,33,46
2017-05-04 15:00:00,125,56,69
2017-05-04 16:00:00,120,36,84
2017-05-04 17:00:00,157,40,117
2017-05-04 18:00:00,73,9,64
2017-05-04 19:00:00,69,8,61
2017-05-04 20:00:00,28,10,18
2017-05-04 21:00:00,14,11,3
2017-05-04 22:00:00,7,0,7
2017-05-04 23:00:00,4,3,1
2017-05-05 00:00:00,2,1,1
2017-05-05 01:00:00,3,2,1
2017-05-05 02:00:00,1,1,0
2017-05-05 03:00:00,1,0,1
2017-05-05 04:00:00,1,1,0
2017-05-05 05:00:00,13,7,6
2017-05-05 06:00:00,35,23,12
2017-05-05 07:00:00,113,79,34
2017-05-05 08:00:00,150,115,35
2017-05-05 09:00:00,50,36,14
2017-05-05 10:00:00,20,10,10
2017-05-05 11:00:00,44,10,34
2017-05-05 12:00:00,15,8,7
2017-05-05 13:00:00,31,19,12
2017-05-05 14:00:00,49,20,29
2017-05-05 15:00:00,48,23,25
2017-05-05 16:00:00,127,34,93
2017-05-05 17:00:00,184,54,130
2017-05-05 18:00:00,111,29,82
2017-05-05 19:00:00,34,5,29
2017-05-05 20:00:00,25,11,14
2017-05-05 21:00:00,9,6,3
2017-05-05 22:00:00,5,3,2
2017-05-05 23:00:00,0,0,0
2017-05-06 00:00:00,6,0,6
2017-05-06 01:00:00,1,0,1
2017-05-06 02:00:00,0,0,0
2017-05-06 03:00:00,0,0,0
2017-05-06 04:00:00,0,0,0
2017-05-06 05:00:00,4,2,2
2017-05-06 06:00:00,9,7,2
2017-05-06 07:00:00,22,9,13
2017-05-06 08:00:00,36,24,12
2017-05-06 09:00:00,64,34,30
2017-05-06 10:00:00,74,38,36
2017-05-06 11:00:00,120,80,40
2017-05-06 12:00:00,81,34,47
2017-05-06 13:00:00,93,59,34
2017-05-06 14:00:00,239,92,147
2017-05-06 15:00:00,157,67,90
2017-05-06 16:00:00,120,55,65
2017-05-06 17:00:00,91,45,46
2017-05-06 18:00:00,64,37,27
2017-05-06 19:00:00,54,27,27
2017-05-06 20:00:00,18,9,9
2017-05-06 21:00:00,15,9,6
2017-05-06 22:00:00,5,1,4
2017-05-06 23:00:00,4,1,3
2017-05-07 00:00:00,3,3,0
2017-05-07 01:00:00,4,2,2
2017-05-07 02:00:00,0,0,0
2017-05-07 03:00:00,1,0,1
2017-05-07 04:00:00,2,1,1
2017-05-07 05:00:00,0,0,0
2017-05-07 06:00:00,14,7,7
2017-05-07 07:00:00,23,16,7
2017-05-07 08:00:00,33,21,12
2017-05-07 09:00:00,49,24,25
2017-05-07 10:00:00,79,41,38
2017-05-07 11:00:00,104,49,55
2017-05-07 12:00:00,90,44,46
2017-05-07 13:00:00,115,66,49
2017-05-07 14:00:00,155,65,90
2017-05-07 15:00:00,140,65,75
2017-05-07 16:00:00,119,51,68
2017-05-07 17:00:00,119,50,69
2017-05-07 18:00:00,60,32,28
2017-05-07 19:00:00,42,22,20
2017-05-07 20:00:00,31,14,17
2017-05-07 21:00:00,8,3,5
2017-05-07 22:00:00,1,1,0
2017-05-07 23:00:00,1,1,0
2017-05-08 00:00:00,0,0,0
2017-05-08 01:00:00,1,0,1
2017-05-08 02:00:00,1,0,1
2017-05-08 03:00:00,2,1,1
2017-05-08 04:00:00,7,3,4
2017-05-08 05:00:00,23,13,10
2017-05-08 06:00:00,72,47,25
2017-05-08 07:00:00,164,131,33
2017-05-08 08:00:00,234,187,47
2017-05-08 09:00:00,95,72,23
2017-05-08 10:00:00,29,19,10
2017-05-08 11:00:00,20,13,7
2017-05-08 12:00:00,23,11,12
2017-05-08 13:00:00,40,21,19
2017-05-08 14:00:00,51,19,32
2017-05-08 15:00:00,74,31,43
2017-05-08 16:00:00,181,53,128
2017-05-08 17:00:00,298,71,227
2017-05-08 18:00:00,212,64,148
2017-05-08 19:00:00,99,40,59
2017-05-08 20:00:00,42,18,24
2017-05-08 21:00:00,4,3,1
2017-05-08 22:00:00,8,5,3
2017-05-08 23:00:00,2,0,2
2017-05-09 00:00:00,5,1,4
2017-05-09 01:00:00,0,0,0
2017-05-09 02:00:00,2,0,2
2017-05-09 03:00:00,1,1,0
2017-05-09 04:00:00,1,1,0
2017-05-09 05:00:00,21,14,7
2017-05-09 06:00:00,92,65,27
2017-05-09 07:00:00,196,156,40
2017-05-09 08:00:00,253,196,57
2017-05-09 09:00:00,95,65,30
2017-05-09 10:00:00,43,31,12
2017-05-09 11:00:00,56,34,22
2017-05-09 12:00:00,78,30,48
2017-05-09 13:00:00,76,33,43
2017-05-09 14:00:00,73,39,34
2017-05-09 15:00:00,115,55,60
2017-05-09 16:00:00,213,68,145
2017-05-09 17:00:00,372,99,273
2017-05-09 18:00:00,240,65,175
2017-05-09 19:00:00,116,43,73
2017-05-09 20:00:00,73,31,42
2017-05-09 21:00:00,17,5,12
2017-05-09 22:00:00,16,7,9
2017-05-09 23:00:00,4,2,2
2017-05-10 00:00:00,13,7,6
2017-05-10 01:00:00,2,1,1
2017-05-10 02:00:00,0,0,0
2017-05-10 03:00:00,2,1,1
2017-05-10 04:00:00,9,4,5
2017-05-10 05:00:00,30,15,15
2017-05-10 06:00:00,67,42,25
2017-05-10 07:00:00,193,145,48
2017-05-10 08:00:00,238,189,49
2017-05-10 09:00:00,113,84,29
2017-05-10 10:00:00,56,39,17
2017-05-10 11:00:00,46,26,20
2017-05-10 12:00:00,70,30,40
2017-05-10 13:00:00,46,28,18
2017-05-10 14:00:00,52,23,29
2017-05-10 15:00:00,115,49,66
2017-05-10 16:00:00,205,52,153
2017-05-10 17:00:00,352,82,270
2017-05-10 18:00:00,217,63,154
2017-05-10 19:00:00,119,40,79
2017-05-10 20:00:00,76,46,30
2017-05-10 21:00:00,19,7,12
2017-05-10 22:00:00,6,2,4
2017-05-10 23:00:00,5,2,3
2017-05-11 00:00:00,0,0,0
2017-05-11 01:00:00,1,0,1
2017-05-11 02:00:00,0,0,0
2017-05-11 03:00:00,1,1,0
2017-05-11 04:00:00,1,1,0
2017-05-11 05:00:00,16,10,6
2017-05-11 06:00:00,41,25,16
2017-05-11 07:00:00,139,107,32
2017-05-11 08:00:00,162,125,37
2017-05-11 09:00:00,60,44,16
2017-05-11 10:00:00,22,16,6
2017-05-11 11:00:00,12,5,7
2017-05-11 12:00:00,15,5,10
2017-05-11 13:00:00,8,2,6
2017-05-11 14:00:00,17,6,11
2017-05-11 15:00:00,34,20,14
2017-05-11 16:00:00,96,26,70
2017-05-11 17:00:00,169,44,125
2017-05-11 18:00:00,91,17,74
2017-05-11 19:00:00,35,4,31
2017-05-11 20:00:00,21,10,11
2017-05-11 21:00:00,6,2,4
2017-05-11 22:00:00,3,0,3
2017-05-11 23:00:00,0,0,0
2017-05-12 00:00:00,1,1,0
2017-05-12 01:00:00,1,0,1
2017-05-12 02:00:00,2,0,2
2017-05-12 03:00:00,0,0,0
2017-05-12 04:00:00,6,3,3
2017-05-12 05:00:00,15,11,4
2017-05-12 06:00:00,54,34,20
2017-05-12 07:00:00,134,92,42
2017-05-12 08:00:00,186,140,46
2017-05-12 09:00:00,83,65,18
2017-05-12 10:00:00,44,18,26
2017-05-12 11:00:00,29,17,12
2017-05-12 12:00:00,27,12,15
2017-05-12 13:00:00,18,7,11
2017-05-12 14:00:00,23,12,11
2017-05-12 15:00:00,60,25,35
2017-05-12 16:00:00,122,30,92
2017-05-12 17:00:00,181,38,143
2017-05-12 18:00:00,106,26,80
2017-05-12 19:00:00,35,8,27
2017-05-12 20:00:00,10,6,4
2017-05-12 21:00:00,2,1,1
2017-05-12 22:00:00,3,0,3
2017-05-12 23:00:00,4,0,4
2017-05-13 00:00:00,3,0,3
2017-05-13 01:00:00,1,0,1
2017-05-13 02:00:00,0,0,0
2017-05-13 03:00:00,0,0,0
2017-05-13 04:00:00,1,0,1
2017-05-13 05:00:00,7,3,4
2017-05-13 06:00:00,11,5,6
2017-05-13 07:00:00,18,9,9
2017-05-13 08:00:00,25,19,6
2017-05-13 09:00:00,23,10,13
2017-05-13 10:00:00,56,35,21
2017-05-13 11:00:00,81,49,32
2017-05-13 12:00:00,47,21,26
2017-05-13 13:00:00,55,24,31
2017-05-13 14:00:00,87,46,41
2017-05-13 15:00:00,81,38,43
2017-05-13 16:00:00,86,29,57
2017-05-13 17:00:00,70,32,38
2017-05-13 18:00:00,37,10,27
2017-05-13 19:00:00,8,3,5
2017-05-13 20:00:00,15,10,5
2017-05-13 21:00:00,13,2,11
2017-05-13 22:00:00,12,2,10
2017-05-13 23:00:00,4,1,3
2017-05-14 00:00:00,1,0,1
2017-05-14 01:00:00,2,2,0
2017-05-14 02:00:00,1,0,1
2017-05-14 03:00:00,0,0,0
2017-05-14 04:00:00,1,1,0
2017-05-14 05:00:00,2,0,2
2017-05-14 06:00:00,1,1,0
2017-05-14 07:00:00,5,4,1
2017-05-14 08:00:00,20,12,8
2017-05-14 09:00:00,19,10,9
2017-05-14 10:00:00,36,25,11
2017-05-14 11:00:00,50,32,18
2017-05-14 12:00:00,37,15,22
2017-05-14 13:00:00,37,11,26
2017-05-14 14:00:00,54,26,28
2017-05-14 15:00:00,71,29,42
2017-05-14 16:00:00,55,28,27
2017-05-14 17:00:00,48,23,25
2017-05-14 18:00:00,37,19,18
2017-05-14 19:00:00,17,9,8
2017-05-14 20:00:00,16,7,9
2017-05-14 21:00:00,9,5,4
2017-05-14 22:00:00,3,0,3
2017-05-14 23:00:00,6,0,6
2017-05-15 00:00:00,1,0,1
2017-05-15 01:00:00,0,0,0
2017-05-15 02:00:00,0,0,0
2017-05-15 03:00:00,1,1,0
2017-05-15 04:00:00,1,0,1
2017-05-15 05:00:00,19,7,12
2017-05-15 06:00:00,47,32,15
2017-05-15 07:00:00,126,90,36
2017-05-15 08:00:00,193,152,41
2017-05-15 09:00:00,75,52,23
2017-05-15 10:00:00,20,15,5
2017-05-15 11:00:00,27,12,15
2017-05-15 12:00:00,37,19,18
2017-05-15 13:00:00,18,6,12
2017-05-15 14:00:00,11,7,4
2017-05-15 15:00:00,30,13,17
2017-05-15 16:00:00,76,27,49
2017-05-15 17:00:00,175,31,144
2017-05-15 18:00:00,103,17,86
2017-05-15 19:00:00,31,5,26
2017-05-15 20:00:00,13,2,11
2017-05-15 21:00:00,7,4,3
2017-05-15 22:00:00,1,0,1
2017-05-15 23:00:00,0,0,0
2017-05-16 00:00:00,2,0,2
2017-05-16 01:00:00,1,0,1
2017-05-16 02:00:00,0,0,0
2017-05-16 03:00:00,1,1,0
2017-05-16 04:00:00,3,2,1
2017-05-16 05:00:00,11,6,5
2017-05-16 06:00:00,28,19,9
2017-05-16 07:00:00,81,61,20
2017-05-16 08:00:00,121,95,26
2017-05-16 09:00:00,53,39,14
2017-05-16 10:00:00,12,7,5
2017-05-16 11:00:00,9,5,4
2017-05-16 12:00:00,17,5,12
2017-05-16 13:00:00,13,4,9
2017-05-16 14:00:00,30,23,7
2017-05-16 15:00:00,61,27,34
2017-05-16 16:00:00,87,31,56
2017-05-16 17:00:00,173,39,134
2017-05-16 18:00:00,109,32,77
2017-05-16 19:00:00,51,19,32
2017-05-16 20:00:00,21,6,15
2017-05-16 21:00:00,16,7,9
2017-05-16 22:00:00,3,0,3
2017-05-16 23:00:00,2,0,2
2017-05-17 00:00:00,3,0,3
2017-05-17 01:00:00,0,0,0
2017-05-17 02:00:00,1,0,1
2017-05-17 03:00:00,2,1,1
2017-05-17 04:00:00,13,8,5
2017-05-17 05:00:00,19,13,6
2017-05-17 06:00:00,69,42,27
2017-05-17 07:00:00,173,124,49
2017-05-17 08:00:00,216,169,47
2017-05-17 09:00:00,91,71,20
2017-05-17 10:00:00,36,25,11
2017-05-17 11:00:00,36,20,16
2017-05-17 12:00:00,21,9,12
2017-05-17 13:00:00,31,16,15
2017-05-17 14:00:00,46,20,26
2017-05-17 15:00:00,89,36,53
2017-05-17 16:00:00,185,58,127
2017-05-17 17:00:00,298,81,217
2017-05-17 18:00:00,157,36,121
2017-05-17 19:00:00,53,21,32
2017-05-17 20:00:00,35,15,20
2017-05-17 21:00:00,20,3,17
2017-05-17 22:00:00,7,2,5
2017-05-17 23:00:00,7,1,6
2017-05-18 00:00:00,2,1,1
2017-05-18 01:00:00,2,0,2
2017-05-18 02:00:00,0,0,0
2017-05-18 03:00:00,1,1,0
2017-05-18 04:00:00,3,2,1
2017-05-18 05:00:00,21,12,9
2017-05-18 06:00:00,65,37,28
2017-05-18 07:00:00,146,113,33
2017-05-18 08:00:00,201,154,47
2017-05-18 09:00:00,88,62,26
2017-05-18 10:00:00,60,32,28
2017-05-18 11:00:00,47,18,29
2017-05-18 12:00:00,44,23,21
2017-05-18 13:00:00,67,38,29
2017-05-18 14:00:00,58,31,27
2017-05-18 15:00:00,76,25,51
2017-05-18 16:00:00,173,59,114
2017-05-18 17:00:00,306,80,226
2017-05-18 18:00:00,186,60,126
2017-05-18 19:00:00,105,43,62
2017-05-18 20:00:00,38,17,21
2017-05-18 21:00:00,27,14,13
2017-05-18 22:00:00,11,4,7
2017-05-18 23:00:00,5,1,4
2017-05-19 00:00:00,0,0,0
2017-05-19 01:00:00,0,0,0
2017-05-19 02:00:00,1,0,1
2017-05-19 03:00:00,0,0,0
2017-05-19 04:00:00,10,5,5
2017-05-19 05:00:00,27,20,7
2017-05-19 06:00:00,89,54,35
2017-05-19 07:00:00,229,160,69
2017-05-19 08:00:00,244,185,59
2017-05-19 09:00:00,108,67,41
2017-05-19 10:00:00,61,40,21
2017-05-19 11:00:00,66,33,33
2017-05-19 12:00:00,70,36,34
2017-05-19 13:00:00,81,30,51
2017-05-19 14:00:00,103,53,50
2017-05-19 15:00:00,150,55,95
2017-05-19 16:00:00,277,75,202
2017-05-19 17:00:00,328,83,245
2017-05-19 18:00:00,143,46,97
2017-05-19 19:00:00,76,28,48
2017-05-19 20:00:00,31,15,16
2017-05-19 21:00:00,23,13,10
2017-05-19 22:00:00,25,5,20
2017-05-19 23:00:00,7,3,4
2017-05-20 00:00:00,3,2,1
2017-05-20 01:00:00,3,2,1
2017-05-20 02:00:00,0,0,0
2017-05-20 03:00:00,1,0,1
2017-05-20 04:00:00,1,1,0
2017-05-20 05:00:00,5,2,3
2017-05-20 06:00:00,11,8,3
2017-05-20 07:00:00,36,21,15
2017-05-20 08:00:00,43,22,21
2017-05-20 09:00:00,62,31,31
2017-05-20 10:00:00,86,44,42
2017-05-20 11:00:00,135,71,64
2017-05-20 12:00:00,127,61,66
2017-05-20 13:00:00,156,100,56
2017-05-20 14:00:00,137,52,85
2017-05-20 15:00:00,170,86,84
2017-05-20 16:00:00,195,77,118
2017-05-20 17:00:00,131,66,65
2017-05-20 18:00:00,81,34,47
2017-05-20 19:00:00,73,42,31
2017-05-20 20:00:00,38,17,21
2017-05-20 21:00:00,16,6,10
2017-05-20 22:00:00,16,3,13
2017-05-20 23:00:00,4,2,2
2017-05-21 00:00:00,3,2,1
2017-05-21 01:00:00,0,0,0
2017-05-21 02:00:00,0,0,0
2017-05-21 03:00:00,2,0,2
2017-05-21 04:00:00,3,1,2
2017-05-21 05:00:00,2,2,0
2017-05-21 06:00:00,10,4,6
2017-05-21 07:00:00,26,12,14
2017-05-21 08:00:00,48,29,19
2017-05-21 09:00:00,77,34,43
2017-05-21 10:00:00,129,71,58
2017-05-21 11:00:00,160,79,81
2017-05-21 12:00:00,156,87,69
2017-05-21 13:00:00,188,90,98
2017-05-21 14:00:00,204,103,101
2017-05-21 15:00:00,173,84,89
2017-05-21 16:00:00,175,79,96
2017-05-21 17:00:00,128,57,71
2017-05-21 18:00:00,67,36,31
2017-05-21 19:00:00,76,48,28
2017-05-21 20:00:00,48,22,26
2017-05-21 21:00:00,18,8,10
2017-05-21 22:00:00,6,2,4
2017-05-21 23:00:00,5,3,2
2017-05-22 00:00:00,4,2,2
2017-05-22 01:00:00,1,0,1
2017-05-22 02:00:00,0,0,0
2017-05-22 03:00:00,3,2,1
2017-05-22 04:00:00,1,1,0
2017-05-22 05:00:00,19,11,8
2017-05-22 06:00:00,84,53,31
2017-05-22 07:00:00,201,145,56
2017-05-22 08:00:00,263,198,65
2017-05-22 09:00:00,130,95,35
2017-05-22 10:00:00,78,51,27
2017-05-22 11:00:00,46,23,23
2017-05-22 12:00:00,58,30,28
2017-05-22 13:00:00,36,17,19
2017-05-22 14:00:00,67,26,41
2017-05-22 15:00:00,127,51,76
2017-05-22 16:00:00,237,77,160
2017-05-22 17:00:00,384,93,291
2017-05-22 18:00:00,210,58,152
2017-05-22 19:00:00,131,42,89
2017-05-22 20:00:00,84,36,48
2017-05-22 21:00:00,30,19,11
2017-05-22 22:00:00,6,1,5
2017-05-22 23:00:00,2,0,2
2017-05-23 00:00:00,2,1,1
2017-05-23 01:00:00,0,0,0
2017-05-23 02:00:00,4,2,2
2017-05-23 03:00:00,6,5,1
2017-05-23 04:00:00,6,2,4
2017-05-23 05:00:00,27,16,11
2017-05-23 06:00:00,98,66,32
2017-05-23 07:00:00,208,159,49
2017-05-23 08:00:00,284,198,86
2017-05-23 09:00:00,128,77,51
2017-05-23 10:00:00,60,29,31
2017-05-23 11:00:00,49,28,21
2017-05-23 12:00:00,74,39,35
2017-05-23 13:00:00,64,27,37
2017-05-23 14:00:00,65,38,27
2017-05-23 15:00:00,93,34,59
2017-05-23 16:00:00,229,74,155
2017-05-23 17:00:00,388,97,291
2017-05-23 18:00:00,229,58,171
2017-05-23 19:00:00,88,38,50
2017-05-23 20:00:00,28,12,16
2017-05-23 21:00:00,18,11,7
2017-05-23 22:00:00,11,5,6
2017-05-23 23:00:00,4,2,2
2017-05-24 00:00:00,2,1,1
2017-05-24 01:00:00,1,0,1
2017-05-24 02:00:00,0,0,0
2017-05-24 03:00:00,2,2,0
2017-05-24 04:00:00,5,2,3
2017-05-24 05:00:00,32,15,17
2017-05-24 06:00:00,69,47,22
2017-05-24 07:00:00,170,125,45
2017-05-24 08:00:00,259,197,62
2017-05-24 09:00:00,107,81,26
2017-05-24 10:00:00,36,23,13
2017-05-24 11:00:00,44,31,13
2017-05-24 12:00:00,46,19,27
2017-05-24 13:00:00,40,24,16
2017-05-24 14:00:00,50,21,29
2017-05-24 15:00:00,84,34,50
2017-05-24 16:00:00,144,42,102
2017-05-24 17:00:00,277,65,212
2017-05-24 18:00:00,181,43,138
2017-05-24 19:00:00,92,35,57
2017-05-24 20:00:00,71,31,40
2017-05-24 21:00:00,29,14,15
2017-05-24 22:00:00,27,15,12
2017-05-24 23:00:00,2,0,2
2017-05-25 00:00:00,0,0,0
2017-05-25 01:00:00,2,0,2
2017-05-25 02:00:00,4,2,2
2017-05-25 03:00:00,1,1,0
2017-05-25 04:00:00,8,4,4
2017-05-25 05:00:00,21,16,5
2017-05-25 06:00:00,71,40,31
2017-05-25 07:00:00,172,132,40
2017-05-25 08:00:00,236,179,57
2017-05-25 09:00:00,99,64,35
2017-05-25 10:00:00,58,31,27
2017-05-25 11:00:00,40,24,16
2017-05-25 12:00:00,55,22,33
2017-05-25 13:00:00,74,39,35
2017-05-25 14:00:00,78,31,47
2017-05-25 15:00:00,109,55,54
2017-05-25 16:00:00,169,52,117
2017-05-25 17:00:00,349,88,261
2017-05-25 18:00:00,204,65,139
2017-05-25 19:00:00,124,48,76
2017-05-25 20:00:00,67,35,32
2017-05-25 21:00:00,38,19,19
2017-05-25 22:00:00,10,6,4
2017-05-25 23:00:00,10,8,2
2017-05-26 00:00:00,9,7,2
2017-05-26 01:00:00,1,0,1
2017-05-26 02:00:00,1,0,1
2017-05-26 03:00:00,1,1,0
2017-05-26 04:00:00,5,3,2
2017-05-26 05:00:00,16,11,5
2017-05-26 06:00:00,62,38,24
2017-05-26 07:00:00,152,112,40
2017-05-26 08:00:00,210,153,57
2017-05-26 09:00:00,115,73,42
2017-05-26 10:00:00,59,35,24
2017-05-26 11:00:00,77,47,30
2017-05-26 12:00:00,83,32,51
2017-05-26 13:00:00,104,48,56
2017-05-26 14:00:00,120,45,75
2017-05-26 15:00:00,151,55,96
2017-05-26 16:00:00,224,81,143
2017-05-26 17:00:00,235,71,164
2017-05-26 18:00:00,128,40,88
2017-05-26 19:00:00,66,27,39
2017-05-26 20:00:00,49,21,28
2017-05-26 21:00:00,32,11,21
2017-05-26 22:00:00,15,11,4
2017-05-26 23:00:00,10,4,6
2017-05-27 00:00:00,10,7,3
2017-05-27 01:00:00,1,1,0
2017-05-27 02:00:00,1,0,1
2017-05-27 03:00:00,1,1,0
2017-05-27 04:00:00,1,1,0
2017-05-27 05:00:00,4,1,3
2017-05-27 06:00:00,18,16,2
2017-05-27 07:00:00,25,9,16
2017-05-27 08:00:00,62,39,23
2017-05-27 09:00:00,60,34,26
2017-05-27 10:00:00,125,63,62
2017-05-27 11:00:00,172,105,67
2017-05-27 12:00:00,135,83,52
2017-05-27 13:00:00,126,64,62
2017-05-27 14:00:00,190,57,133
2017-05-27 15:00:00,140,53,87
2017-05-27 16:00:00,116,45,71
2017-05-27 17:00:00,73,36,37
2017-05-27 18:00:00,96,51,45
2017-05-27 19:00:00,66,39,27
2017-05-27 20:00:00,57,26,31
2017-05-27 21:00:00,31,17,14
2017-05-27 22:00:00,19,8,11
2017-05-27 23:00:00,7,1,6
2017-05-28 00:00:00,2,1,1
2017-05-28 01:00:00,6,3,3
2017-05-28 02:00:00,4,1,3
2017-05-28 03:00:00,0,0,0
2017-05-28 04:00:00,1,0,1
2017-05-28 05:00:00,32,28,4
2017-05-28 06:00:00,146,138,8
2017-05-28 07:00:00,78,44,34
2017-05-28 08:00:00,94,36,58
2017-05-28 09:00:00,173,45,128
2017-05-28 10:00:00,239,79,160
2017-05-28 11:00:00,232,95,137
2017-05-28 12:00:00,152,46,106
2017-05-28 13:00:00,143,54,89
2017-05-28 14:00:00,135,65,70
2017-05-28 15:00:00,155,76,79
2017-05-28 16:00:00,106,57,49
2017-05-28 17:00:00,94,48,46
2017-05-28 18:00:00,87,43,44
2017-05-28 19:00:00,57,31,26
2017-05-28 20:00:00,40,17,23
2017-05-28 21:00:00,35,17,18
2017-05-28 22:00:00,12,3,9
2017-05-28 23:00:00,5,1,4
2017-05-29 00:00:00,4,1,3
2017-05-29 01:00:00,0,0,0
2017-05-29 02:00:00,1,0,1
2017-05-29 03:00:00,1,1,0
2017-05-29 04:00:00,0,0,0
2017-05-29 05:00:00,2,2,0
2017-05-29 06:00:00,10,6,4
2017-05-29 07:00:00,25,15,10
2017-05-29 08:00:00,45,20,25
2017-05-29 09:00:00,71,37,34
2017-05-29 10:00:00,87,50,37
2017-05-29 11:00:00,102,58,44
2017-05-29 12:00:00,126,58,68
2017-05-29 13:00:00,200,88,112
2017-05-29 14:00:00,159,60,99
2017-05-29 15:00:00,126,61,65
2017-05-29 16:00:00,165,66,99
2017-05-29 17:00:00,106,43,63
2017-05-29 18:00:00,96,58,38
2017-05-29 19:00:00,56,25,31
2017-05-29 20:00:00,39,25,14
2017-05-29 21:00:00,15,6,9
2017-05-29 22:00:00,11,4,7
2017-05-29 23:00:00,4,0,4
2017-05-30 00:00:00,3,2,1
2017-05-30 01:00:00,0,0,0
2017-05-30 02:00:00,2,0,2
2017-05-30 03:00:00,3,3,0
2017-05-30 04:00:00,3,2,1
2017-05-30 05:00:00,25,15,10
2017-05-30 06:00:00,57,36,21
2017-05-30 07:00:00,138,95,43
2017-05-30 08:00:00,176,142,34
2017-05-30 09:00:00,91,65,26
2017-05-30 10:00:00,24,16,8
2017-05-30 11:00:00,27,16,11
2017-05-30 12:00:00,28,16,12
2017-05-30 13:00:00,36,18,18
2017-05-30 14:00:00,24,10,14
2017-05-30 15:00:00,52,23,29
2017-05-30 16:00:00,95,33,62
2017-05-30 17:00:00,233,56,177
2017-05-30 18:00:00,113,32,81
2017-05-30 19:00:00,47,13,34
2017-05-30 20:00:00,25,12,13
2017-05-30 21:00:00,8,4,4
2017-05-30 22:00:00,5,0,5
2017-05-30 23:00:00,3,3,0
2017-05-31 00:00:00,0,0,0
2017-05-31 01:00:00,1,0,1
2017-05-31 02:00:00,1,1,0
2017-05-31 03:00:00,2,2,0
2017-05-31 04:00:00,3,1,2
2017-05-31 05:00:00,17,9,8
2017-05-31 06:00:00,76,46,30
2017-05-31 07:00:00,156,115,41
2017-05-31 08:00:00,229,182,47
2017-05-31 09:00:00,91,72,19
2017-05-31 10:00:00,43,31,12
2017-05-31 11:00:00,51,29,22
2017-05-31 12:00:00,53,28,25
2017-05-31 13:00:00,49,19,30
2017-05-31 14:00:00,61,31,30
2017-05-31 15:00:00,90,33,57
2017-05-31 16:00:00,143,60,83
2017-05-31 17:00:00,300,57,243
2017-05-31 18:00:00,174,58,116
2017-05-31 19:00:00,77,27,50
2017-05-31 20:00:00,46,13,33
2017-05-31 21:00:00,16,6,10
2017-05-31 22:00:00,15,4,11
2017-05-31 23:00:00,2,1,1
2017-06-01 00:00:00,2,0,2
2017-06-01 01:00:00,0,0,0
2017-06-01 02:00:00,1,1,0
2017-06-01 03:00:00,3,3,0
2017-06-01 04:00:00,2,2,0
2017-06-01 05:00:00,24,13,11
2017-06-01 06:00:00,57,40,17
2017-06-01 07:00:00,134,95,39
2017-06-01 08:00:00,169,130,39
2017-06-01 09:00:00,62,47,15
2017-06-01 10:00:00,42,30,12
2017-06-01 11:00:00,22,14,8
2017-06-01 12:00:00,29,15,14
2017-06-01 13:00:00,48,23,25
2017-06-01 14:00:00,58,29,29
2017-06-01 15:00:00,75,36,39
2017-06-01 16:00:00,142,45,97
2017-06-01 17:00:00,237,49,188
2017-06-01 18:00:00,173,57,116
2017-06-01 19:00:00,79,28,51
2017-06-01 20:00:00,30,9,21
2017-06-01 21:00:00,25,10,15
2017-06-01 22:00:00,9,1,8
2017-06-01 23:00:00,7,1,6
2017-06-02 00:00:00,2,1,1
2017-06-02 01:00:00,1,0,1
2017-06-02 02:00:00,3,1,2
2017-06-02 03:00:00,2,0,2
2017-06-02 04:00:00,2,2,0
2017-06-02 05:00:00,22,13,9
2017-06-02 06:00:00,70,43,27
2017-06-02 07:00:00,144,105,39
2017-06-02 08:00:00,200,157,43
2017-06-02 09:00:00,78,60,18
2017-06-02 10:00:00,31,19,12
2017-06-02 11:00:00,58,28,30
2017-06-02 12:00:00,51,26,25
2017-06-02 13:00:00,36,11,25
2017-06-02 14:00:00,80,39,41
2017-06-02 15:00:00,115,50,65
2017-06-02 16:00:00,198,64,134
2017-06-02 17:00:00,297,65,232
2017-06-02 18:00:00,152,46,106
2017-06-02 19:00:00,86,34,52
2017-06-02 20:00:00,43,20,23
2017-06-02 21:00:00,30,24,6
2017-06-02 22:00:00,7,4,3
2017-06-02 23:00:00,7,0,7
2017-06-03 00:00:00,2,0,2
2017-06-03 01:00:00,3,1,2
2017-06-03 02:00:00,2,0,2
2017-06-03 03:00:00,1,1,0
2017-06-03 04:00:00,0,0,0
2017-06-03 05:00:00,9,7,2
2017-06-03 06:00:00,10,2,8
2017-06-03 07:00:00,30,17,13
2017-06-03 08:00:00,38,25,13
2017-06-03 09:00:00,36,18,18
2017-06-03 10:00:00,85,42,43
2017-06-03 11:00:00,104,52,52
2017-06-03 12:00:00,99,46,53
2017-06-03 13:00:00,106,55,51
2017-06-03 14:00:00,76,30,46
2017-06-03 15:00:00,115,45,70
2017-06-03 16:00:00,86,36,50
2017-06-03 17:00:00,63,31,32
2017-06-03 18:00:00,62,24,38
2017-06-03 19:00:00,69,40,29
2017-06-03 20:00:00,18,12,6
2017-06-03 21:00:00,15,7,8
2017-06-03 22:00:00,11,2,9
2017-06-03 23:00:00,3,1,2
2017-06-04 00:00:00,3,0,3
2017-06-04 01:00:00,1,1,0
2017-06-04 02:00:00,3,0,3
2017-06-04 03:00:00,0,0,0
2017-06-04 04:00:00,0,0,0
2017-06-04 05:00:00,2,1,1
2017-06-04 06:00:00,6,5,1
2017-06-04 07:00:00,16,5,11
2017-06-04 08:00:00,43,15,28
2017-06-04 09:00:00,78,44,34
2017-06-04 10:00:00,86,42,44
2017-06-04 11:00:00,94,42,52
2017-06-04 12:00:00,89,40,49
2017-06-04 13:00:00,122,52,70
2017-06-04 14:00:00,124,63,61
2017-06-04 15:00:00,151,75,76
2017-06-04 16:00:00,147,82,65
2017-06-04 17:00:00,102,59,43
2017-06-04 18:00:00,59,25,34
2017-06-04 19:00:00,37,18,19
2017-06-04 20:00:00,38,17,21
2017-06-04 21:00:00,46,10,36
2017-06-04 22:00:00,8,2,6
2017-06-04 23:00:00,7,1,6
2017-06-05 00:00:00,3,3,0
2017-06-05 01:00:00,1,0,1
2017-06-05 02:00:00,0,0,0
2017-06-05 03:00:00,1,1,0
2017-06-05 04:00:00,2,1,1
2017-06-05 05:00:00,25,16,9
2017-06-05 06:00:00,73,47,26
2017-06-05 07:00:00,182,127,55
2017-06-05 08:00:00,244,199,45
2017-06-05 09:00:00,115,86,29
2017-06-05 10:00:00,53,31,22
2017-06-05 11:00:00,40,18,22
2017-06-05 12:00:00,52,24,28
2017-06-05 13:00:00,55,27,28
2017-06-05 14:00:00,58,22,36
2017-06-05 15:00:00,112,52,60
2017-06-05 16:00:00,198,67,131
2017-06-05 17:00:00,335,92,243
2017-06-05 18:00:00,201,48,153
2017-06-05 19:00:00,110,45,65
2017-06-05 20:00:00,64,32,32
2017-06-05 21:00:00,29,14,15
2017-06-05 22:00:00,16,8,8
2017-06-05 23:00:00,4,0,4
2017-06-06 00:00:00,4,1,3
2017-06-06 01:00:00,4,3,1
2017-06-06 02:00:00,2,1,1
2017-06-06 03:00:00,2,2,0
2017-06-06 04:00:00,9,4,5
2017-06-06 05:00:00,37,23,14
2017-06-06 06:00:00,93,53,40
2017-06-06 07:00:00,205,137,68
2017-06-06 08:00:00,242,183,59
2017-06-06 09:00:00,97,65,32
2017-06-06 10:00:00,66,39,27
2017-06-06 11:00:00,46,28,18
2017-06-06 12:00:00,53,25,28
2017-06-06 13:00:00,47,28,19
2017-06-06 14:00:00,85,43,42
2017-06-06 15:00:00,102,46,56
2017-06-06 16:00:00,178,58,120
2017-06-06 17:00:00,378,102,276
2017-06-06 18:00:00,234,76,158
2017-06-06 19:00:00,102,38,64
2017-06-06 20:00:00,64,27,37
2017-06-06 21:00:00,34,15,19
2017-06-06 22:00:00,16,2,14
2017-06-06 23:00:00,11,3,8
2017-06-07 00:00:00,1,0,1
2017-06-07 01:00:00,0,0,0
2017-06-07 02:00:00,2,1,1
2017-06-07 03:00:00,6,2,4
2017-06-07 04:00:00,5,3,2
2017-06-07 05:00:00,34,21,13
2017-06-07 06:00:00,92,59,33
2017-06-07 07:00:00,198,147,51
2017-06-07 08:00:00,258,194,64
2017-06-07 09:00:00,133,94,39
2017-06-07 10:00:00,41,22,19
2017-06-07 11:00:00,44,26,18
2017-06-07 12:00:00,81,39,42
2017-06-07 13:00:00,74,45,29
2017-06-07 14:00:00,62,24,38
2017-06-07 15:00:00,107,46,61
2017-06-07 16:00:00,198,68,130
2017-06-07 17:00:00,321,78,243
2017-06-07 18:00:00,199,52,147
2017-06-07 19:00:00,132,41,91
2017-06-07 20:00:00,34,14,20
2017-06-07 21:00:00,20,10,10
2017-06-07 22:00:00,17,5,12
2017-06-07 23:00:00,5,1,4
2017-06-08 00:00:00,1,1,0
2017-06-08 01:00:00,2,0,2
2017-06-08 02:00:00,1,0,1
2017-06-08 03:00:00,3,3,0
2017-06-08 04:00:00,2,1,1
2017-06-08 05:00:00,17,11,6
2017-06-08 06:00:00,32,18,14
2017-06-08 07:00:00,92,67,25
2017-06-08 08:00:00,96,66,30
2017-06-08 09:00:00,58,39,19
2017-06-08 10:00:00,22,18,4
2017-06-08 11:00:00,14,9,5
2017-06-08 12:00:00,13,4,9
2017-06-08 13:00:00,27,10,17
2017-06-08 14:00:00,29,16,13
2017-06-08 15:00:00,49,22,27
2017-06-08 16:00:00,87,27,60
2017-06-08 17:00:00,155,41,114
2017-06-08 18:00:00,92,29,63
2017-06-08 19:00:00,47,11,36
2017-06-08 20:00:00,44,23,21
2017-06-08 21:00:00,17,6,11
2017-06-08 22:00:00,16,3,13
2017-06-08 23:00:00,0,0,0
2017-06-09 00:00:00,5,1,4
2017-06-09 01:00:00,1,0,1
2017-06-09 02:00:00,2,1,1
2017-06-09 03:00:00,0,0,0
2017-06-09 04:00:00,10,5,5
2017-06-09 05:00:00,23,15,8
2017-06-09 06:00:00,59,35,24
2017-06-09 07:00:00,122,86,36
2017-06-09 08:00:00,153,114,39
2017-06-09 09:00:00,84,65,19
2017-06-09 10:00:00,47,29,18
2017-06-09 11:00:00,32,16,16
2017-06-09 12:00:00,48,23,25
2017-06-09 13:00:00,64,35,29
2017-06-09 14:00:00,44,18,26
2017-06-09 15:00:00,82,30,52
2017-06-09 16:00:00,156,56,100
2017-06-09 17:00:00,212,63,149
2017-06-09 18:00:00,94,28,66
2017-06-09 19:00:00,31,9,22
2017-06-09 20:00:00,30,15,15
2017-06-09 21:00:00,17,7,10
2017-06-09 22:00:00,10,4,6
2017-06-09 23:00:00,9,1,8
2017-06-10 00:00:00,2,0,2
2017-06-10 01:00:00,1,0,1
2017-06-10 02:00:00,0,0,0
2017-06-10 03:00:00,2,2,0
2017-06-10 04:00:00,2,1,1
2017-06-10 05:00:00,0,0,0
2017-06-10 06:00:00,11,6,5
2017-06-10 07:00:00,29,17,12
2017-06-10 08:00:00,56,22,34
2017-06-10 09:00:00,55,30,25
2017-06-10 10:00:00,93,48,45
2017-06-10 11:00:00,136,68,68
2017-06-10 12:00:00,121,57,64
2017-06-10 13:00:00,121,62,59
2017-06-10 14:00:00,132,57,75
2017-06-10 15:00:00,154,73,81
2017-06-10 16:00:00,99,58,41
2017-06-10 17:00:00,104,54,50
2017-06-10 18:00:00,79,47,32
2017-06-10 19:00:00,70,30,40
2017-06-10 20:00:00,32,13,19
2017-06-10 21:00:00,17,8,9
2017-06-10 22:00:00,15,7,8
2017-06-10 23:00:00,24,5,19
2017-06-11 00:00:00,1,1,0
2017-06-11 01:00:00,17,8,9
2017-06-11 02:00:00,4,3,1
2017-06-11 03:00:00,0,0,0
2017-06-11 04:00:00,4,4,0
2017-06-11 05:00:00,11,6,5
2017-06-11 06:00:00,8,4,4
2017-06-11 07:00:00,16,7,9
2017-06-11 08:00:00,57,24,33
2017-06-11 09:00:00,55,30,25
2017-06-11 10:00:00,93,48,45
2017-06-11 11:00:00,89,49,40
2017-06-11 12:00:00,114,65,49
2017-06-11 13:00:00,122,58,64
2017-06-11 14:00:00,143,60,83
2017-06-11 15:00:00,136,54,82
2017-06-11 16:00:00,128,59,69
2017-06-11 17:00:00,113,58,55
2017-06-11 18:00:00,70,37,33
2017-06-11 19:00:00,43,16,27
2017-06-11 20:00:00,32,11,21
2017-06-11 21:00:00,13,9,4
2017-06-11 22:00:00,4,3,1
2017-06-11 23:00:00,0,0,0
2017-06-12 00:00:00,0,0,0
2017-06-12 01:00:00,1,0,1
2017-06-12 02:00:00,1,0,1
2017-06-12 03:00:00,2,2,0
2017-06-12 04:00:00,4,3,1
2017-06-12 05:00:00,22,13,9
2017-06-12 06:00:00,66,43,23
2017-06-12 07:00:00,159,118,41
2017-06-12 08:00:00,219,181,38
2017-06-12 09:00:00,112,78,34
2017-06-12 10:00:00,32,18,14
2017-06-12 11:00:00,35,20,15
2017-06-12 12:00:00,41,20,21
2017-06-12 13:00:00,38,16,22
2017-06-12 14:00:00,41,18,23
2017-06-12 15:00:00,87,39,48
2017-06-12 16:00:00,135,40,95
2017-06-12 17:00:00,265,55,210
2017-06-12 18:00:00,183,35,148
2017-06-12 19:00:00,56,21,35
2017-06-12 20:00:00,25,9,16
2017-06-12 21:00:00,14,7,7
2017-06-12 22:00:00,11,7,4
2017-06-12 23:00:00,5,0,5
2017-06-13 00:00:00,0,0,0
2017-06-13 01:00:00,1,0,1
2017-06-13 02:00:00,1,1,0
2017-06-13 03:00:00,1,1,0
2017-06-13 04:00:00,7,3,4
2017-06-13 05:00:00,23,11,12
2017-06-13 06:00:00,53,33,20
2017-06-13 07:00:00,129,95,34
2017-06-13 08:00:00,169,134,35
2017-06-13 09:00:00,86,61,25
2017-06-13 10:00:00,37,23,14
2017-06-13 11:00:00,39,23,16
2017-06-13 12:00:00,31,17,14
2017-06-13 13:00:00,26,12,14
2017-06-13 14:00:00,41,19,22
2017-06-13 15:00:00,62,33,29
2017-06-13 16:00:00,109,40,69
2017-06-13 17:00:00,238,52,186
2017-06-13 18:00:00,158,40,118
2017-06-13 19:00:00,61,19,42
2017-06-13 20:00:00,41,21,20
2017-06-13 21:00:00,14,3,11
2017-06-13 22:00:00,12,2,10
2017-06-13 23:00:00,1,0,1
2017-06-14 00:00:00,0,0,0
2017-06-14 01:00:00,0,0,0
2017-06-14 02:00:00,2,1,1
2017-06-14 03:00:00,3,3,0
2017-06-14 04:00:00,4,3,1
2017-06-14 05:00:00,31,17,14
2017-06-14 06:00:00,81,43,38
2017-06-14 07:00:00,181,129,52
2017-06-14 08:00:00,209,166,43
2017-06-14 09:00:00,109,81,28
2017-06-14 10:00:00,42,23,19
2017-06-14 11:00:00,34,19,15
2017-06-14 12:00:00,62,27,35
2017-06-14 13:00:00,63,24,39
2017-06-14 14:00:00,52,32,20
2017-06-14 15:00:00,76,32,44
2017-06-14 16:00:00,167,56,111
2017-06-14 17:00:00,299,48,251
2017-06-14 18:00:00,183,46,137
2017-06-14 19:00:00,80,35,45
2017-06-14 20:00:00,60,19,41
2017-06-14 21:00:00,16,10,6
2017-06-14 22:00:00,19,5,14
2017-06-14 23:00:00,5,2,3
2017-06-15 00:00:00,2,2,0
2017-06-15 01:00:00,1,0,1
2017-06-15 02:00:00,2,1,1
2017-06-15 03:00:00,1,1,0
2017-06-15 04:00:00,3,1,2
2017-06-15 05:00:00,26,15,11
2017-06-15 06:00:00,32,20,12
2017-06-15 07:00:00,102,71,31
2017-06-15 08:00:00,124,95,29
2017-06-15 09:00:00,52,41,11
2017-06-15 10:00:00,20,14,6
2017-06-15 11:00:00,12,6,6
2017-06-15 12:00:00,6,4,2
2017-06-15 13:00:00,17,3,14
2017-06-15 14:00:00,23,13,10
2017-06-15 15:00:00,28,17,11
2017-06-15 16:00:00,89,32,57
2017-06-15 17:00:00,106,18,88
2017-06-15 18:00:00,82,19,63
2017-06-15 19:00:00,27,5,22
2017-06-15 20:00:00,8,5,3
2017-06-15 21:00:00,8,4,4
2017-06-15 22:00:00,6,0,6
2017-06-15 23:00:00,4,0,4
2017-06-16 00:00:00,0,0,0
2017-06-16 01:00:00,1,0,1
2017-06-16 02:00:00,2,1,1
2017-06-16 03:00:00,0,0,0
2017-06-16 04:00:00,4,1,3
2017-06-16 05:00:00,20,12,8
2017-06-16 06:00:00,54,34,20
2017-06-16 07:00:00,122,96,26
2017-06-16 08:00:00,172,129,43
2017-06-16 09:00:00,71,54,17
2017-06-16 10:00:00,43,28,15
2017-06-16 11:00:00,40,23,17
2017-06-16 12:00:00,28,14,14
2017-06-16 13:00:00,56,25,31
2017-06-16 14:00:00,57,23,34
2017-06-16 15:00:00,115,42,73
2017-06-16 16:00:00,165,61,104
2017-06-16 17:00:00,188,42,146
2017-06-16 18:00:00,128,40,88
2017-06-16 19:00:00,80,28,52
2017-06-16 20:00:00,43,19,24
2017-06-16 21:00:00,37,17,20
2017-06-16 22:00:00,13,6,7
2017-06-16 23:00:00,4,2,2
2017-06-17 00:00:00,9,0,9
2017-06-17 01:00:00,3,0,3
2017-06-17 02:00:00,0,0,0
2017-06-17 03:00:00,0,0,0
2017-06-17 04:00:00,0,0,0
2017-06-17 05:00:00,7,2,5
2017-06-17 06:00:00,11,6,5
2017-06-17 07:00:00,29,21,8
2017-06-17 08:00:00,51,31,20
2017-06-17 09:00:00,73,43,30
2017-06-17 10:00:00,55,23,32
2017-06-17 11:00:00,109,37,72
2017-06-17 12:00:00,103,39,64
2017-06-17 13:00:00,95,42,53
2017-06-17 14:00:00,86,38,48
2017-06-17 15:00:00,91,52,39
2017-06-17 16:00:00,88,51,37
2017-06-17 17:00:00,52,22,30
2017-06-17 18:00:00,31,14,17
2017-06-17 19:00:00,17,7,10
2017-06-17 20:00:00,14,7,7
2017-06-17 21:00:00,6,3,3
2017-06-17 22:00:00,9,6,3
2017-06-17 23:00:00,3,0,3
2017-06-18 00:00:00,2,2,0
2017-06-18 01:00:00,1,0,1
2017-06-18 02:00:00,2,1,1
2017-06-18 03:00:00,1,1,0
2017-06-18 04:00:00,0,0,0
2017-06-18 05:00:00,3,1,2
2017-06-18 06:00:00,10,4,6
2017-06-18 07:00:00,30,14,16
2017-06-18 08:00:00,27,13,14
2017-06-18 09:00:00,51,25,26
2017-06-18 10:00:00,72,44,28
2017-06-18 11:00:00,107,53,54
2017-06-18 12:00:00,114,58,56
2017-06-18 13:00:00,101,53,48
2017-06-18 14:00:00,86,35,51
2017-06-18 15:00:00,117,53,64
2017-06-18 16:00:00,93,45,48
2017-06-18 17:00:00,73,27,46
2017-06-18 18:00:00,71,34,37
2017-06-18 19:00:00,42,27,15
2017-06-18 20:00:00,31,16,15
2017-06-18 21:00:00,19,9,10
2017-06-18 22:00:00,9,3,6
2017-06-18 23:00:00,2,1,1
2017-06-19 00:00:00,0,0,0
2017-06-19 01:00:00,0,0,0
2017-06-19 02:00:00,0,0,0
2017-06-19 03:00:00,1,1,0
2017-06-19 04:00:00,2,1,1
2017-06-19 05:00:00,17,12,5
2017-06-19 06:00:00,63,41,22
2017-06-19 07:00:00,163,114,49
2017-06-19 08:00:00,213,166,47
2017-06-19 09:00:00,111,87,24
2017-06-19 10:00:00,42,26,16
2017-06-19 11:00:00,26,15,11
2017-06-19 12:00:00,60,22,38
2017-06-19 13:00:00,38,17,21
2017-06-19 14:00:00,54,26,28
2017-06-19 15:00:00,82,34,48
2017-06-19 16:00:00,167,68,99
2017-06-19 17:00:00,273,55,218
2017-06-19 18:00:00,182,52,130
2017-06-19 19:00:00,79,28,51
2017-06-19 20:00:00,45,22,23
2017-06-19 21:00:00,21,9,12
2017-06-19 22:00:00,20,4,16
2017-06-19 23:00:00,5,2,3
2017-06-20 00:00:00,2,0,2
2017-06-20 01:00:00,4,2,2
2017-06-20 02:00:00,3,1,2
2017-06-20 03:00:00,2,2,0
2017-06-20 04:00:00,1,0,1
2017-06-20 05:00:00,24,14,10
2017-06-20 06:00:00,58,39,19
2017-06-20 07:00:00,131,95,36
2017-06-20 08:00:00,152,124,28
2017-06-20 09:00:00,92,55,37
2017-06-20 10:00:00,35,20,15
2017-06-20 11:00:00,27,12,15
2017-06-20 12:00:00,60,29,31
2017-06-20 13:00:00,34,18,16
2017-06-20 14:00:00,35,22,13
2017-06-20 15:00:00,65,25,40
2017-06-20 16:00:00,132,44,88
2017-06-20 17:00:00,222,58,164
2017-06-20 18:00:00,153,40,113
2017-06-20 19:00:00,61,24,37
2017-06-20 20:00:00,28,12,16
2017-06-20 21:00:00,18,8,10
2017-06-20 22:00:00,13,2,11
2017-06-20 23:00:00,4,1,3
2017-06-21 00:00:00,0,0,0
2017-06-21 01:00:00,2,0,2
2017-06-21 02:00:00,1,1,0
2017-06-21 03:00:00,3,1,2
2017-06-21 04:00:00,2,1,1
2017-06-21 05:00:00,25,19,6
2017-06-21 06:00:00,73,45,28
2017-06-21 07:00:00,168,124,44
2017-06-21 08:00:00,227,174,53
2017-06-21 09:00:00,119,83,36
2017-06-21 10:00:00,53,31,22
2017-06-21 11:00:00,42,26,16
2017-06-21 12:00:00,53,29,24
2017-06-21 13:00:00,36,19,17
2017-06-21 14:00:00,56,27,29
2017-06-21 15:00:00,89,38,51
2017-06-21 16:00:00,196,63,133
2017-06-21 17:00:00,328,93,235
2017-06-21 18:00:00,231,69,162
2017-06-21 19:00:00,120,65,55
2017-06-21 20:00:00,87,41,46
2017-06-21 21:00:00,54,18,36
2017-06-21 22:00:00,47,11,36
2017-06-21 23:00:00,14,2,12
2017-06-22 00:00:00,2,0,2
2017-06-22 01:00:00,1,1,0
2017-06-22 02:00:00,2,1,1
2017-06-22 03:00:00,2,2,0
2017-06-22 04:00:00,1,1,0
2017-06-22 05:00:00,21,8,13
2017-06-22 06:00:00,72,43,29
2017-06-22 07:00:00,194,137,57
2017-06-22 08:00:00,235,136,99
2017-06-22 09:00:00,112,71,41
2017-06-22 10:00:00,74,46,28
2017-06-22 11:00:00,79,46,33
2017-06-22 12:00:00,39,20,19
2017-06-22 13:00:00,61,29,32
2017-06-22 14:00:00,78,34,44
2017-06-22 15:00:00,106,42,64
2017-06-22 16:00:00,183,56,127
2017-06-22 17:00:00,311,100,211
2017-06-22 18:00:00,231,73,158
2017-06-22 19:00:00,131,60,71
2017-06-22 20:00:00,75,33,42
2017-06-22 21:00:00,48,26,22
2017-06-22 22:00:00,16,5,11
2017-06-22 23:00:00,6,2,4
2017-06-23 00:00:00,5,2,3
2017-06-23 01:00:00,2,0,2
2017-06-23 02:00:00,1,1,0
2017-06-23 03:00:00,1,1,0
2017-06-23 04:00:00,3,3,0
2017-06-23 05:00:00,17,11,6
2017-06-23 06:00:00,50,32,18
2017-06-23 07:00:00,145,98,47
2017-06-23 08:00:00,200,141,59
2017-06-23 09:00:00,126,78,48
2017-06-23 10:00:00,71,47,24
2017-06-23 11:00:00,69,37,32
2017-06-23 12:00:00,63,39,24
2017-06-23 13:00:00,53,25,28
2017-06-23 14:00:00,89,35,54
2017-06-23 15:00:00,129,42,87
2017-06-23 16:00:00,219,69,150
2017-06-23 17:00:00,296,91,205
2017-06-23 18:00:00,134,45,89
2017-06-23 19:00:00,78,34,44
2017-06-23 20:00:00,54,19,35
2017-06-23 21:00:00,30,15,15
2017-06-23 22:00:00,17,8,9
2017-06-23 23:00:00,3,2,1
2017-06-24 00:00:00,1,0,1
2017-06-24 01:00:00,3,0,3
2017-06-24 02:00:00,4,1,3
2017-06-24 03:00:00,3,2,1
2017-06-24 04:00:00,0,0,0
2017-06-24 05:00:00,6,5,1
2017-06-24 06:00:00,9,4,5
2017-06-24 07:00:00,52,31,21
2017-06-24 08:00:00,68,32,36
2017-06-24 09:00:00,77,34,43
2017-06-24 10:00:00,151,72,79
2017-06-24 11:00:00,155,90,65
2017-06-24 12:00:00,110,58,52
2017-06-24 13:00:00,138,62,76
2017-06-24 14:00:00,122,51,71
2017-06-24 15:00:00,116,52,64
2017-06-24 16:00:00,111,56,55
2017-06-24 17:00:00,94,44,50
2017-06-24 18:00:00,115,57,58
2017-06-24 19:00:00,74,32,42
2017-06-24 20:00:00,51,24,27
2017-06-24 21:00:00,46,16,30
2017-06-24 22:00:00,19,4,15
2017-06-24 23:00:00,18,4,14
2017-06-25 00:00:00,27,5,22
2017-06-25 01:00:00,4,1,3
2017-06-25 02:00:00,0,0,0
2017-06-25 03:00:00,1,0,1
2017-06-25 04:00:00,2,1,1
2017-06-25 05:00:00,3,3,0
2017-06-25 06:00:00,22,14,8
2017-06-25 07:00:00,41,23,18
2017-06-25 08:00:00,67,33,34
2017-06-25 09:00:00,128,69,59
2017-06-25 10:00:00,115,71,44
2017-06-25 11:00:00,122,66,56
2017-06-25 12:00:00,122,63,59
2017-06-25 13:00:00,122,50,72
2017-06-25 14:00:00,80,26,54
2017-06-25 15:00:00,103,40,63
2017-06-25 16:00:00,111,45,66
2017-06-25 17:00:00,81,40,41
2017-06-25 18:00:00,63,29,34
2017-06-25 19:00:00,53,22,31
2017-06-25 20:00:00,54,24,30
2017-06-25 21:00:00,37,23,14
2017-06-25 22:00:00,16,5,11
2017-06-25 23:00:00,3,0,3
2017-06-26 00:00:00,2,2,0
2017-06-26 01:00:00,1,0,1
2017-06-26 02:00:00,0,0,0
2017-06-26 03:00:00,2,2,0
2017-06-26 04:00:00,1,1,0
2017-06-26 05:00:00,17,10,7
2017-06-26 06:00:00,75,50,25
2017-06-26 07:00:00,165,120,45
2017-06-26 08:00:00,209,170,39
2017-06-26 09:00:00,111,79,32
2017-06-26 10:00:00,44,29,15
2017-06-26 11:00:00,35,20,15
2017-06-26 12:00:00,56,27,29
2017-06-26 13:00:00,44,25,19
2017-06-26 14:00:00,45,21,24
2017-06-26 15:00:00,87,31,56
2017-06-26 16:00:00,185,64,121
2017-06-26 17:00:00,303,62,241
2017-06-26 18:00:00,168,41,127
2017-06-26 19:00:00,90,31,59
2017-06-26 20:00:00,56,25,31
2017-06-26 21:00:00,17,6,11
2017-06-26 22:00:00,12,6,6
2017-06-26 23:00:00,3,1,2
2017-06-27 00:00:00,4,2,2
2017-06-27 01:00:00,2,1,1
2017-06-27 02:00:00,0,0,0
2017-06-27 03:00:00,5,3,2
2017-06-27 04:00:00,3,1,2
2017-06-27 05:00:00,29,19,10
2017-06-27 06:00:00,67,43,24
2017-06-27 07:00:00,158,120,38
2017-06-27 08:00:00,212,168,44
2017-06-27 09:00:00,99,61,38
2017-06-27 10:00:00,43,34,9
2017-06-27 11:00:00,30,10,20
2017-06-27 12:00:00,47,22,25
2017-06-27 13:00:00,33,16,17
2017-06-27 14:00:00,47,25,22
2017-06-27 15:00:00,78,35,43
2017-06-27 16:00:00,176,45,131
2017-06-27 17:00:00,291,82,209
2017-06-27 18:00:00,190,60,130
2017-06-27 19:00:00,96,37,59
2017-06-27 20:00:00,75,36,39
2017-06-27 21:00:00,29,18,11
2017-06-27 22:00:00,23,9,14
2017-06-27 23:00:00,8,2,6
2017-06-28 00:00:00,1,1,0
2017-06-28 01:00:00,1,1,0
2017-06-28 02:00:00,3,1,2
2017-06-28 03:00:00,2,2,0
2017-06-28 04:00:00,1,1,0
2017-06-28 05:00:00,18,13,5
2017-06-28 06:00:00,75,48,27
2017-06-28 07:00:00,163,118,45
2017-06-28 08:00:00,215,174,41
2017-06-28 09:00:00,106,75,31
2017-06-28 10:00:00,42,26,16
2017-06-28 11:00:00,42,26,16
2017-06-28 12:00:00,51,28,23
2017-06-28 13:00:00,55,28,27
2017-06-28 14:00:00,47,15,32
2017-06-28 15:00:00,76,43,33
2017-06-28 16:00:00,173,64,109
2017-06-28 17:00:00,282,85,197
2017-06-28 18:00:00,201,57,144
2017-06-28 19:00:00,106,37,69
2017-06-28 20:00:00,59,27,32
2017-06-28 21:00:00,36,19,17
2017-06-28 22:00:00,14,5,9
2017-06-28 23:00:00,5,2,3
2017-06-29 00:00:00,2,1,1
2017-06-29 01:00:00,1,0,1
2017-06-29 02:00:00,1,1,0
2017-06-29 03:00:00,2,2,0
2017-06-29 04:00:00,2,2,0
2017-06-29 05:00:00,26,16,10
2017-06-29 06:00:00,68,43,25
2017-06-29 07:00:00,158,118,40
2017-06-29 08:00:00,228,148,80
2017-06-29 09:00:00,103,71,32
2017-06-29 10:00:00,63,43,20
2017-06-29 11:00:00,46,24,22
2017-06-29 12:00:00,40,21,19
2017-06-29 13:00:00,62,33,29
2017-06-29 14:00:00,85,47,38
2017-06-29 15:00:00,106,47,59
2017-06-29 16:00:00,180,59,121
2017-06-29 17:00:00,277,83,194
2017-06-29 18:00:00,201,58,143
2017-06-29 19:00:00,115,41,74
2017-06-29 20:00:00,73,33,40
2017-06-29 21:00:00,32,12,20
2017-06-29 22:00:00,19,9,10
2017-06-29 23:00:00,5,1,4
2017-06-30 00:00:00,3,0,3
2017-06-30 01:00:00,0,0,0
2017-06-30 02:00:00,1,1,0
2017-06-30 03:00:00,1,1,0
2017-06-30 04:00:00,4,3,1
2017-06-30 05:00:00,25,18,7
2017-06-30 06:00:00,56,37,19
2017-06-30 07:00:00,156,122,34
2017-06-30 08:00:00,194,137,57
2017-06-30 09:00:00,100,68,32
2017-06-30 10:00:00,67,39,28
2017-06-30 11:00:00,79,56,23
2017-06-30 12:00:00,56,26,30
2017-06-30 13:00:00,101,55,46
2017-06-30 14:00:00,88,34,54
2017-06-30 15:00:00,141,50,91
2017-06-30 16:00:00,203,67,136
2017-06-30 17:00:00,222,54,168
2017-06-30 18:00:00,165,50,115
2017-06-30 19:00:00,104,39,65
2017-06-30 20:00:00,48,26,22
2017-06-30 21:00:00,29,16,13
2017-06-30 22:00:00,25,14,11
2017-06-30 23:00:00,4,1,3
2017-07-01 00:00:00,3,1,2
2017-07-01 01:00:00,10,1,9
2017-07-01 02:00:00,1,1,0
2017-07-01 03:00:00,1,1,0
2017-07-01 04:00:00,2,0,2
2017-07-01 05:00:00,7,4,3
2017-07-01 06:00:00,18,8,10
2017-07-01 07:00:00,35,22,13
2017-07-01 08:00:00,52,40,12
2017-07-01 09:00:00,85,45,40
2017-07-01 10:00:00,73,37,36
2017-07-01 11:00:00,103,42,61
2017-07-01 12:00:00,107,61,46
2017-07-01 13:00:00,76,34,42
2017-07-01 14:00:00,164,65,99
2017-07-01 15:00:00,139,73,66
2017-07-01 16:00:00,136,58,78
2017-07-01 17:00:00,95,51,44
2017-07-01 18:00:00,82,44,38
2017-07-01 19:00:00,51,23,28
2017-07-01 20:00:00,59,22,37
2017-07-01 21:00:00,37,17,20
2017-07-01 22:00:00,13,7,6
2017-07-01 23:00:00,10,7,3
2017-07-02 00:00:00,5,3,2
2017-07-02 01:00:00,1,1,0
2017-07-02 02:00:00,1,0,1
2017-07-02 03:00:00,0,0,0
2017-07-02 04:00:00,3,0,3
2017-07-02 05:00:00,6,6,0
2017-07-02 06:00:00,11,6,5
2017-07-02 07:00:00,28,13,15
2017-07-02 08:00:00,56,44,12
2017-07-02 09:00:00,207,182,25
2017-07-02 10:00:00,106,75,31
2017-07-02 11:00:00,96,44,52
2017-07-02 12:00:00,192,89,103
2017-07-02 13:00:00,133,62,71
2017-07-02 14:00:00,158,70,88
2017-07-02 15:00:00,185,85,100
2017-07-02 16:00:00,122,67,55
2017-07-02 17:00:00,127,64,63
2017-07-02 18:00:00,62,31,31
2017-07-02 19:00:00,68,19,49
2017-07-02 20:00:00,52,23,29
2017-07-02 21:00:00,18,13,5
2017-07-02 22:00:00,6,1,5
2017-07-02 23:00:00,2,1,1
2017-07-03 00:00:00,2,2,0
2017-07-03 01:00:00,1,0,1
2017-07-03 02:00:00,1,0,1
2017-07-03 03:00:00,3,2,1
2017-07-03 04:00:00,12,5,7
2017-07-03 05:00:00,13,6,7
2017-07-03 06:00:00,35,25,10
2017-07-03 07:00:00,64,50,14
2017-07-03 08:00:00,129,97,32
2017-07-03 09:00:00,47,30,17
2017-07-03 10:00:00,65,29,36
2017-07-03 11:00:00,42,22,20
2017-07-03 12:00:00,79,42,37
2017-07-03 13:00:00,86,36,50
2017-07-03 14:00:00,73,31,42
2017-07-03 15:00:00,135,55,80
2017-07-03 16:00:00,140,59,81
2017-07-03 17:00:00,167,55,112
2017-07-03 18:00:00,93,41,52
2017-07-03 19:00:00,59,30,29
2017-07-03 20:00:00,61,25,36
2017-07-03 21:00:00,30,12,18
2017-07-03 22:00:00,17,2,15
2017-07-03 23:00:00,4,0,4
2017-07-04 00:00:00,4,2,2
2017-07-04 01:00:00,3,3,0
2017-07-04 02:00:00,1,0,1
2017-07-04 03:00:00,2,2,0
2017-07-04 04:00:00,2,1,1
2017-07-04 05:00:00,7,3,4
2017-07-04 06:00:00,16,10,6
2017-07-04 07:00:00,30,16,14
2017-07-04 08:00:00,43,25,18
2017-07-04 09:00:00,98,49,49
2017-07-04 10:00:00,138,75,63
2017-07-04 11:00:00,178,87,91
2017-07-04 12:00:00,165,94,71
2017-07-04 13:00:00,176,79,97
2017-07-04 14:00:00,199,97,102
2017-07-04 15:00:00,142,64,78
2017-07-04 16:00:00,130,42,88
2017-07-04 17:00:00,87,37,50
2017-07-04 18:00:00,92,36,56
2017-07-04 19:00:00,70,17,53
2017-07-04 20:00:00,44,19,25
2017-07-04 21:00:00,23,13,10
2017-07-04 22:00:00,21,6,15
2017-07-04 23:00:00,20,17,3
2017-07-05 00:00:00,3,1,2
2017-07-05 01:00:00,2,2,0
2017-07-05 02:00:00,1,0,1
2017-07-05 03:00:00,3,3,0
2017-07-05 04:00:00,7,4,3
2017-07-05 05:00:00,20,15,5
2017-07-05 06:00:00,52,34,18
2017-07-05 07:00:00,139,109,30
2017-07-05 08:00:00,235,164,71
2017-07-05 09:00:00,108,59,49
2017-07-05 10:00:00,70,42,28
2017-07-05 11:00:00,35,18,17
2017-07-05 12:00:00,57,24,33
2017-07-05 13:00:00,51,27,24
2017-07-05 14:00:00,45,19,26
2017-07-05 15:00:00,98,55,43
2017-07-05 16:00:00,197,57,140
2017-07-05 17:00:00,286,81,205
2017-07-05 18:00:00,187,57,130
2017-07-05 19:00:00,113,52,61
2017-07-05 20:00:00,65,34,31
2017-07-05 21:00:00,41,14,27
2017-07-05 22:00:00,14,10,4
2017-07-05 23:00:00,16,6,10
2017-07-06 00:00:00,1,0,1
2017-07-06 01:00:00,2,1,1
2017-07-06 02:00:00,0,0,0
2017-07-06 03:00:00,4,4,0
2017-07-06 04:00:00,3,2,1
2017-07-06 05:00:00,26,18,8
2017-07-06 06:00:00,77,47,30
2017-07-06 07:00:00,164,120,44
2017-07-06 08:00:00,224,164,60
2017-07-06 09:00:00,99,58,41
2017-07-06 10:00:00,62,39,23
2017-07-06 11:00:00,32,23,9
2017-07-06 12:00:00,58,32,26
2017-07-06 13:00:00,58,35,23
2017-07-06 14:00:00,63,27,36
2017-07-06 15:00:00,100,41,59
2017-07-06 16:00:00,197,71,126
2017-07-06 17:00:00,317,72,245
2017-07-06 18:00:00,222,71,151
2017-07-06 19:00:00,153,61,92
2017-07-06 20:00:00,66,30,36
2017-07-06 21:00:00,33,13,20
2017-07-06 22:00:00,19,4,15
2017-07-06 23:00:00,10,1,9
2017-07-07 00:00:00,4,3,1
2017-07-07 01:00:00,2,0,2
2017-07-07 02:00:00,1,1,0
2017-07-07 03:00:00,0,0,0
2017-07-07 04:00:00,10,4,6
2017-07-07 05:00:00,12,5,7
2017-07-07 06:00:00,54,39,15
2017-07-07 07:00:00,166,117,49
2017-07-07 08:00:00,200,160,40
2017-07-07 09:00:00,106,73,33
2017-07-07 10:00:00,61,41,20
2017-07-07 11:00:00,71,35,36
2017-07-07 12:00:00,60,34,26
2017-07-07 13:00:00,96,58,38
2017-07-07 14:00:00,107,46,61
2017-07-07 15:00:00,133,51,82
2017-07-07 16:00:00,195,77,118
2017-07-07 17:00:00,226,63,163
2017-07-07 18:00:00,145,37,108
2017-07-07 19:00:00,115,39,76
2017-07-07 20:00:00,70,28,42
2017-07-07 21:00:00,61,38,23
2017-07-07 22:00:00,16,4,12
2017-07-07 23:00:00,10,7,3
2017-07-08 00:00:00,4,2,2
2017-07-08 01:00:00,2,0,2
2017-07-08 02:00:00,0,0,0
2017-07-08 03:00:00,1,1,0
2017-07-08 04:00:00,0,0,0
2017-07-08 05:00:00,3,3,0
2017-07-08 06:00:00,22,8,14
2017-07-08 07:00:00,31,17,14
2017-07-08 08:00:00,42,20,22
2017-07-08 09:00:00,110,65,45
2017-07-08 10:00:00,115,63,52
2017-07-08 11:00:00,158,96,62
2017-07-08 12:00:00,166,84,82
2017-07-08 13:00:00,149,80,69
2017-07-08 14:00:00,165,58,107
2017-07-08 15:00:00,168,86,82
2017-07-08 16:00:00,140,72,68
2017-07-08 17:00:00,94,41,53
2017-07-08 18:00:00,111,57,54
2017-07-08 19:00:00,83,43,40
2017-07-08 20:00:00,59,37,22
2017-07-08 21:00:00,34,18,16
2017-07-08 22:00:00,22,4,18
2017-07-08 23:00:00,10,0,10
2017-07-09 00:00:00,18,1,17
2017-07-09 01:00:00,5,1,4
2017-07-09 02:00:00,0,0,0
2017-07-09 03:00:00,0,0,0
2017-07-09 04:00:00,1,1,0
2017-07-09 05:00:00,5,2,3
2017-07-09 06:00:00,12,7,5
2017-07-09 07:00:00,22,8,14
2017-07-09 08:00:00,43,24,19
2017-07-09 09:00:00,71,31,40
2017-07-09 10:00:00,107,50,57
2017-07-09 11:00:00,155,81,74
2017-07-09 12:00:00,161,89,72
2017-07-09 13:00:00,131,72,59
2017-07-09 14:00:00,119,49,70
2017-07-09 15:00:00,141,78,63
2017-07-09 16:00:00,120,37,83
2017-07-09 17:00:00,111,51,60
2017-07-09 18:00:00,67,29,38
2017-07-09 19:00:00,51,22,29
2017-07-09 20:00:00,44,14,30
2017-07-09 21:00:00,31,14,17
2017-07-09 22:00:00,3,2,1
2017-07-09 23:00:00,12,7,5
2017-07-10 00:00:00,7,7,0
2017-07-10 01:00:00,1,0,1
2017-07-10 02:00:00,2,2,0
2017-07-10 03:00:00,2,2,0
2017-07-10 04:00:00,5,3,2
2017-07-10 05:00:00,21,14,7
2017-07-10 06:00:00,56,39,17
2017-07-10 07:00:00,145,113,32
2017-07-10 08:00:00,235,183,52
2017-07-10 09:00:00,104,78,26
2017-07-10 10:00:00,52,29,23
2017-07-10 11:00:00,29,16,13
2017-07-10 12:00:00,47,22,25
2017-07-10 13:00:00,50,28,22
2017-07-10 14:00:00,59,20,39
2017-07-10 15:00:00,94,37,57
2017-07-10 16:00:00,165,46,119
2017-07-10 17:00:00,312,79,233
2017-07-10 18:00:00,194,57,137
2017-07-10 19:00:00,72,27,45
2017-07-10 20:00:00,48,21,27
2017-07-10 21:00:00,21,14,7
2017-07-10 22:00:00,12,5,7
2017-07-10 23:00:00,5,2,3
2017-07-11 00:00:00,1,0,1
2017-07-11 01:00:00,2,1,1
2017-07-11 02:00:00,1,1,0
2017-07-11 03:00:00,2,2,0
2017-07-11 04:00:00,6,1,5
2017-07-11 05:00:00,33,22,11
2017-07-11 06:00:00,73,44,29
2017-07-11 07:00:00,178,133,45
2017-07-11 08:00:00,214,179,35
2017-07-11 09:00:00,114,84,30
2017-07-11 10:00:00,51,36,15
2017-07-11 11:00:00,45,24,21
2017-07-11 12:00:00,56,27,29
2017-07-11 13:00:00,61,29,32
2017-07-11 14:00:00,72,30,42
2017-07-11 15:00:00,107,40,67
2017-07-11 16:00:00,184,62,122
2017-07-11 17:00:00,320,92,228
2017-07-11 18:00:00,228,61,167
2017-07-11 19:00:00,160,67,93
2017-07-11 20:00:00,79,35,44
2017-07-11 21:00:00,34,19,15
2017-07-11 22:00:00,16,9,7
2017-07-11 23:00:00,5,0,5
2017-07-12 00:00:00,2,1,1
2017-07-12 01:00:00,1,1,0
2017-07-12 02:00:00,1,0,1
2017-07-12 03:00:00,2,2,0
2017-07-12 04:00:00,7,3,4
2017-07-12 05:00:00,30,20,10
2017-07-12 06:00:00,83,52,31
2017-07-12 07:00:00,219,157,62
2017-07-12 08:00:00,265,208,57
2017-07-12 09:00:00,121,84,37
2017-07-12 10:00:00,59,36,23
2017-07-12 11:00:00,51,23,28
2017-07-12 12:00:00,60,32,28
2017-07-12 13:00:00,65,37,28
2017-07-12 14:00:00,67,33,34
2017-07-12 15:00:00,98,43,55
2017-07-12 16:00:00,170,59,111
2017-07-12 17:00:00,307,85,222
2017-07-12 18:00:00,225,77,148
2017-07-12 19:00:00,141,56,85
2017-07-12 20:00:00,83,40,43
2017-07-12 21:00:00,37,16,21
2017-07-12 22:00:00,15,1,14
2017-07-12 23:00:00,11,5,6
2017-07-13 00:00:00,4,1,3
2017-07-13 01:00:00,3,2,1
2017-07-13 02:00:00,1,1,0
2017-07-13 03:00:00,2,2,0
2017-07-13 04:00:00,4,1,3
2017-07-13 05:00:00,25,18,7
2017-07-13 06:00:00,66,41,25
2017-07-13 07:00:00,160,108,52
2017-07-13 08:00:00,193,151,42
2017-07-13 09:00:00,104,83,21
2017-07-13 10:00:00,35,21,14
2017-07-13 11:00:00,39,24,15
2017-07-13 12:00:00,47,21,26
2017-07-13 13:00:00,41,21,20
2017-07-13 14:00:00,80,34,46
2017-07-13 15:00:00,102,46,56
2017-07-13 16:00:00,175,58,117
2017-07-13 17:00:00,264,66,198
2017-07-13 18:00:00,203,62,141
2017-07-13 19:00:00,102,51,51
2017-07-13 20:00:00,82,28,54
2017-07-13 21:00:00,50,18,32
2017-07-13 22:00:00,21,7,14
2017-07-13 23:00:00,6,3,3
2017-07-14 00:00:00,4,1,3
2017-07-14 01:00:00,3,1,2
2017-07-14 02:00:00,3,1,2
2017-07-14 03:00:00,0,0,0
2017-07-14 04:00:00,10,2,8
2017-07-14 05:00:00,24,20,4
2017-07-14 06:00:00,48,28,20
2017-07-14 07:00:00,147,115,32
2017-07-14 08:00:00,214,144,70
2017-07-14 09:00:00,95,66,29
2017-07-14 10:00:00,68,39,29
2017-07-14 11:00:00,48,27,21
2017-07-14 12:00:00,83,39,44
2017-07-14 13:00:00,67,31,36
2017-07-14 14:00:00,82,32,50
2017-07-14 15:00:00,136,59,77
2017-07-14 16:00:00,186,62,124
2017-07-14 17:00:00,272,78,194
2017-07-14 18:00:00,169,60,109
2017-07-14 19:00:00,95,39,56
2017-07-14 20:00:00,55,29,26
2017-07-14 21:00:00,28,19,9
2017-07-14 22:00:00,16,7,9
2017-07-14 23:00:00,4,1,3
2017-07-15 00:00:00,5,1,4
2017-07-15 01:00:00,6,2,4
2017-07-15 02:00:00,1,0,1
2017-07-15 03:00:00,0,0,0
2017-07-15 04:00:00,0,0,0
2017-07-15 05:00:00,7,5,2
2017-07-15 06:00:00,14,8,6
2017-07-15 07:00:00,31,24,7
2017-07-15 08:00:00,64,36,28
2017-07-15 09:00:00,53,36,17
2017-07-15 10:00:00,105,46,59
2017-07-15 11:00:00,113,62,51
2017-07-15 12:00:00,128,76,52
2017-07-15 13:00:00,136,64,72
2017-07-15 14:00:00,114,42,72
2017-07-15 15:00:00,135,69,66
2017-07-15 16:00:00,110,49,61
2017-07-15 17:00:00,79,34,45
2017-07-15 18:00:00,77,44,33
2017-07-15 19:00:00,59,30,29
2017-07-15 20:00:00,46,23,23
2017-07-15 21:00:00,23,14,9
2017-07-15 22:00:00,8,4,4
2017-07-15 23:00:00,5,1,4
2017-07-16 00:00:00,2,1,1
2017-07-16 01:00:00,1,1,0
2017-07-16 02:00:00,1,0,1
2017-07-16 03:00:00,0,0,0
2017-07-16 04:00:00,1,0,1
2017-07-16 05:00:00,4,3,1
2017-07-16 06:00:00,8,4,4
2017-07-16 07:00:00,27,15,12
2017-07-16 08:00:00,39,14,25
2017-07-16 09:00:00,63,36,27
2017-07-16 10:00:00,101,36,65
2017-07-16 11:00:00,134,87,47
2017-07-16 12:00:00,108,54,54
2017-07-16 13:00:00,173,87,86
2017-07-16 14:00:00,158,63,95
2017-07-16 15:00:00,115,58,57
2017-07-16 16:00:00,132,63,69
2017-07-16 17:00:00,111,47,64
2017-07-16 18:00:00,68,31,37
2017-07-16 19:00:00,45,15,30
2017-07-16 20:00:00,51,26,25
2017-07-16 21:00:00,21,14,7
2017-07-16 22:00:00,5,1,4
2017-07-16 23:00:00,2,2,0
2017-07-17 00:00:00,0,0,0
2017-07-17 01:00:00,0,0,0
2017-07-17 02:00:00,0,0,0
2017-07-17 03:00:00,2,2,0
2017-07-17 04:00:00,3,1,2
2017-07-17 05:00:00,22,17,5
2017-07-17 06:00:00,50,28,22
2017-07-17 07:00:00,164,120,44
2017-07-17 08:00:00,220,169,51
2017-07-17 09:00:00,107,74,33
2017-07-17 10:00:00,46,30,16
2017-07-17 11:00:00,41,23,18
2017-07-17 12:00:00,51,15,36
2017-07-17 13:00:00,47,20,27
2017-07-17 14:00:00,54,23,31
2017-07-17 15:00:00,94,47,47
2017-07-17 16:00:00,206,64,142
2017-07-17 17:00:00,291,79,212
2017-07-17 18:00:00,169,39,130
2017-07-17 19:00:00,102,37,65
2017-07-17 20:00:00,63,31,32
2017-07-17 21:00:00,40,20,20
2017-07-17 22:00:00,11,3,8
2017-07-17 23:00:00,7,3,4
2017-07-18 00:00:00,1,1,0
2017-07-18 01:00:00,2,0,2
2017-07-18 02:00:00,0,0,0
2017-07-18 03:00:00,3,3,0
2017-07-18 04:00:00,3,2,1
2017-07-18 05:00:00,24,17,7
2017-07-18 06:00:00,67,43,24
2017-07-18 07:00:00,199,153,46
2017-07-18 08:00:00,219,160,59
2017-07-18 09:00:00,122,77,45
2017-07-18 10:00:00,58,31,27
2017-07-18 11:00:00,66,44,22
2017-07-18 12:00:00,71,35,36
2017-07-18 13:00:00,64,32,32
2017-07-18 14:00:00,62,24,38
2017-07-18 15:00:00,111,40,71
2017-07-18 16:00:00,204,48,156
2017-07-18 17:00:00,316,76,240
2017-07-18 18:00:00,189,37,152
2017-07-18 19:00:00,123,45,78
2017-07-18 20:00:00,63,35,28
2017-07-18 21:00:00,38,18,20
2017-07-18 22:00:00,19,6,13
2017-07-18 23:00:00,13,3,10
2017-07-19 00:00:00,3,3,0
2017-07-19 01:00:00,0,0,0
2017-07-19 02:00:00,1,0,1
2017-07-19 03:00:00,3,2,1
2017-07-19 04:00:00,9,3,6
2017-07-19 05:00:00,26,16,10
2017-07-19 06:00:00,84,56,28
2017-07-19 07:00:00,174,125,49
2017-07-19 08:00:00,245,186,59
2017-07-19 09:00:00,115,74,41
2017-07-19 10:00:00,57,38,19
2017-07-19 11:00:00,39,25,14
2017-07-19 12:00:00,60,34,26
2017-07-19 13:00:00,53,29,24
2017-07-19 14:00:00,68,33,35
2017-07-19 15:00:00,79,30,49
2017-07-19 16:00:00,157,50,107
2017-07-19 17:00:00,323,99,224
2017-07-19 18:00:00,202,53,149
2017-07-19 19:00:00,109,49,60
2017-07-19 20:00:00,70,25,45
2017-07-19 21:00:00,51,14,37
2017-07-19 22:00:00,44,8,36
2017-07-19 23:00:00,9,3,6
2017-07-20 00:00:00,3,0,3
2017-07-20 01:00:00,1,0,1
2017-07-20 02:00:00,0,0,0
2017-07-20 03:00:00,6,1,5
2017-07-20 04:00:00,2,1,1
2017-07-20 05:00:00,20,16,4
2017-07-20 06:00:00,53,33,20
2017-07-20 07:00:00,157,109,48
2017-07-20 08:00:00,201,152,49
2017-07-20 09:00:00,108,71,37
2017-07-20 10:00:00,44,30,14
2017-07-20 11:00:00,39,24,15
2017-07-20 12:00:00,58,28,30
2017-07-20 13:00:00,60,28,32
2017-07-20 14:00:00,64,33,31
2017-07-20 15:00:00,98,41,57
2017-07-20 16:00:00,162,45,117
2017-07-20 17:00:00,277,84,193
2017-07-20 18:00:00,187,58,129
2017-07-20 19:00:00,112,48,64
2017-07-20 20:00:00,54,16,38
2017-07-20 21:00:00,27,18,9
2017-07-20 22:00:00,22,3,19
2017-07-20 23:00:00,13,1,12
2017-07-21 00:00:00,1,1,0
2017-07-21 01:00:00,0,0,0
2017-07-21 02:00:00,1,0,1
2017-07-21 03:00:00,1,1,0
2017-07-21 04:00:00,6,1,5
2017-07-21 05:00:00,26,19,7
2017-07-21 06:00:00,48,33,15
2017-07-21 07:00:00,144,106,38
2017-07-21 08:00:00,221,166,55
2017-07-21 09:00:00,108,72,36
2017-07-21 10:00:00,70,48,22
2017-07-21 11:00:00,61,34,27
2017-07-21 12:00:00,70,35,35
2017-07-21 13:00:00,93,45,48
2017-07-21 14:00:00,133,49,84
2017-07-21 15:00:00,128,43,85
2017-07-21 16:00:00,214,76,138
2017-07-21 17:00:00,209,67,142
2017-07-21 18:00:00,170,50,120
2017-07-21 19:00:00,80,30,50
2017-07-21 20:00:00,34,13,21
2017-07-21 21:00:00,19,8,11
2017-07-21 22:00:00,13,4,9
2017-07-21 23:00:00,6,0,6
2017-07-22 00:00:00,9,4,5
2017-07-22 01:00:00,3,0,3
2017-07-22 02:00:00,1,0,1
2017-07-22 03:00:00,1,0,1
2017-07-22 04:00:00,0,0,0
2017-07-22 05:00:00,5,3,2
2017-07-22 06:00:00,15,8,7
2017-07-22 07:00:00,29,12,17
2017-07-22 08:00:00,45,33,12
2017-07-22 09:00:00,56,30,26
2017-07-22 10:00:00,80,32,48
2017-07-22 11:00:00,84,37,47
2017-07-22 12:00:00,133,71,62
2017-07-22 13:00:00,119,56,63
2017-07-22 14:00:00,118,50,68
2017-07-22 15:00:00,134,66,68
2017-07-22 16:00:00,104,50,54
2017-07-22 17:00:00,49,20,29
2017-07-22 18:00:00,63,30,33
2017-07-22 19:00:00,55,26,29
2017-07-22 20:00:00,44,19,25
2017-07-22 21:00:00,40,15,25
2017-07-22 22:00:00,22,5,17
2017-07-22 23:00:00,14,10,4
2017-07-23 00:00:00,22,2,20
2017-07-23 01:00:00,0,0,0
2017-07-23 02:00:00,4,0,4
2017-07-23 03:00:00,5,2,3
2017-07-23 04:00:00,3,1,2
2017-07-23 05:00:00,3,2,1
2017-07-23 06:00:00,8,5,3
2017-07-23 07:00:00,29,16,13
2017-07-23 08:00:00,40,21,19
2017-07-23 09:00:00,81,24,57
2017-07-23 10:00:00,87,45,42
2017-07-23 11:00:00,103,56,47
2017-07-23 12:00:00,159,92,67
2017-07-23 13:00:00,138,70,68
2017-07-23 14:00:00,102,41,61
2017-07-23 15:00:00,100,45,55
2017-07-23 16:00:00,87,34,53
2017-07-23 17:00:00,101,47,54
2017-07-23 18:00:00,98,49,49
2017-07-23 19:00:00,76,39,37
2017-07-23 20:00:00,67,32,35
2017-07-23 21:00:00,31,9,22
2017-07-23 22:00:00,37,8,29
2017-07-23 23:00:00,1,1,0
2017-07-24 00:00:00,0,0,0
2017-07-24 01:00:00,4,0,4
2017-07-24 02:00:00,0,0,0
2017-07-24 03:00:00,2,1,1
2017-07-24 04:00:00,1,1,0
2017-07-24 05:00:00,19,8,11
2017-07-24 06:00:00,60,37,23
2017-07-24 07:00:00,165,121,44
2017-07-24 08:00:00,257,179,78
2017-07-24 09:00:00,137,96,41
2017-07-24 10:00:00,70,31,39
2017-07-24 11:00:00,59,32,27
2017-07-24 12:00:00,79,42,37
2017-07-24 13:00:00,54,27,27
2017-07-24 14:00:00,79,43,36
2017-07-24 15:00:00,118,46,72
2017-07-24 16:00:00,167,57,110
2017-07-24 17:00:00,313,81,232
2017-07-24 18:00:00,203,56,147
2017-07-24 19:00:00,122,57,65
2017-07-24 20:00:00,77,36,41
2017-07-24 21:00:00,36,19,17
2017-07-24 22:00:00,25,7,18
2017-07-24 23:00:00,9,2,7
2017-07-25 00:00:00,6,3,3
2017-07-25 01:00:00,1,0,1
2017-07-25 02:00:00,3,2,1
2017-07-25 03:00:00,3,3,0
2017-07-25 04:00:00,5,2,3
2017-07-25 05:00:00,23,15,8
2017-07-25 06:00:00,90,58,32
2017-07-25 07:00:00,201,138,63
2017-07-25 08:00:00,243,170,73
2017-07-25 09:00:00,127,70,57
2017-07-25 10:00:00,48,29,19
2017-07-25 11:00:00,55,34,21
2017-07-25 12:00:00,64,30,34
2017-07-25 13:00:00,71,32,39
2017-07-25 14:00:00,64,37,27
2017-07-25 15:00:00,109,54,55
2017-07-25 16:00:00,198,65,133
2017-07-25 17:00:00,329,76,253
2017-07-25 18:00:00,226,68,158
2017-07-25 19:00:00,118,42,76
2017-07-25 20:00:00,112,62,50
2017-07-25 21:00:00,41,24,17
2017-07-25 22:00:00,29,15,14
2017-07-25 23:00:00,13,1,12
2017-07-26 00:00:00,7,2,5
2017-07-26 01:00:00,1,0,1
2017-07-26 02:00:00,1,0,1
2017-07-26 03:00:00,7,1,6
2017-07-26 04:00:00,3,3,0
2017-07-26 05:00:00,19,11,8
2017-07-26 06:00:00,82,49,33
2017-07-26 07:00:00,192,139,53
2017-07-26 08:00:00,219,169,50
2017-07-26 09:00:00,132,92,40
2017-07-26 10:00:00,77,43,34
2017-07-26 11:00:00,52,26,26
2017-07-26 12:00:00,63,36,27
2017-07-26 13:00:00,63,27,36
2017-07-26 14:00:00,84,39,45
2017-07-26 15:00:00,123,56,67
2017-07-26 16:00:00,190,56,134
2017-07-26 17:00:00,331,89,242
2017-07-26 18:00:00,228,61,167
2017-07-26 19:00:00,119,47,72
2017-07-26 20:00:00,94,48,46
2017-07-26 21:00:00,44,26,18
2017-07-26 22:00:00,14,3,11
2017-07-26 23:00:00,11,8,3
2017-07-27 00:00:00,2,1,1
2017-07-27 01:00:00,2,0,2
2017-07-27 02:00:00,2,0,2
2017-07-27 03:00:00,4,3,1
2017-07-27 04:00:00,5,1,4
2017-07-27 05:00:00,27,17,10
2017-07-27 06:00:00,65,46,19
2017-07-27 07:00:00,127,90,37
2017-07-27 08:00:00,182,143,39
2017-07-27 09:00:00,90,59,31
2017-07-27 10:00:00,62,32,30
2017-07-27 11:00:00,47,22,25
2017-07-27 12:00:00,48,22,26
2017-07-27 13:00:00,44,23,21
2017-07-27 14:00:00,43,23,20
2017-07-27 15:00:00,84,40,44
2017-07-27 16:00:00,170,61,109
2017-07-27 17:00:00,284,76,208
2017-07-27 18:00:00,214,76,138
2017-07-27 19:00:00,111,39,72
2017-07-27 20:00:00,86,40,46
2017-07-27 21:00:00,43,22,21
2017-07-27 22:00:00,16,5,11
2017-07-27 23:00:00,11,3,8
2017-07-28 00:00:00,7,3,4
2017-07-28 01:00:00,3,2,1
2017-07-28 02:00:00,3,2,1
2017-07-28 03:00:00,3,1,2
2017-07-28 04:00:00,5,3,2
2017-07-28 05:00:00,21,11,10
2017-07-28 06:00:00,53,36,17
2017-07-28 07:00:00,137,103,34
2017-07-28 08:00:00,197,150,47
2017-07-28 09:00:00,113,68,45
2017-07-28 10:00:00,67,48,19
2017-07-28 11:00:00,65,24,41
2017-07-28 12:00:00,80,44,36
2017-07-28 13:00:00,78,45,33
2017-07-28 14:00:00,94,51,43
2017-07-28 15:00:00,140,47,93
2017-07-28 16:00:00,197,73,124
2017-07-28 17:00:00,278,77,201
2017-07-28 18:00:00,159,59,100
2017-07-28 19:00:00,130,55,75
2017-07-28 20:00:00,68,22,46
2017-07-28 21:00:00,47,28,19
2017-07-28 22:00:00,16,5,11
2017-07-28 23:00:00,18,3,15
2017-07-29 00:00:00,8,1,7
2017-07-29 01:00:00,1,0,1
2017-07-29 02:00:00,3,2,1
2017-07-29 03:00:00,2,0,2
2017-07-29 04:00:00,1,0,1
2017-07-29 05:00:00,5,4,1
2017-07-29 06:00:00,15,8,7
2017-07-29 07:00:00,27,10,17
2017-07-29 08:00:00,69,35,34
2017-07-29 09:00:00,88,49,39
2017-07-29 10:00:00,113,64,49
2017-07-29 11:00:00,108,62,46
2017-07-29 12:00:00,174,86,88
2017-07-29 13:00:00,162,104,58
2017-07-29 14:00:00,143,62,81
2017-07-29 15:00:00,163,65,98
2017-07-29 16:00:00,137,51,86
2017-07-29 17:00:00,166,69,97
2017-07-29 18:00:00,119,47,72
2017-07-29 19:00:00,76,37,39
2017-07-29 20:00:00,84,27,57
2017-07-29 21:00:00,45,32,13
2017-07-29 22:00:00,32,15,17
2017-07-29 23:00:00,12,7,5
2017-07-30 00:00:00,17,7,10
2017-07-30 01:00:00,1,0,1
2017-07-30 02:00:00,1,0,1
2017-07-30 03:00:00,2,0,2
2017-07-30 04:00:00,1,1,0
2017-07-30 05:00:00,6,3,3
2017-07-30 06:00:00,9,4,5
2017-07-30 07:00:00,29,15,14
2017-07-30 08:00:00,30,16,14
2017-07-30 09:00:00,62,36,26
2017-07-30 10:00:00,111,59,52
2017-07-30 11:00:00,93,52,41
2017-07-30 12:00:00,169,87,82
2017-07-30 13:00:00,176,81,95
2017-07-30 14:00:00,164,78,86
2017-07-30 15:00:00,187,93,94
2017-07-30 16:00:00,188,78,110
2017-07-30 17:00:00,139,64,75
2017-07-30 18:00:00,89,32,57
2017-07-30 19:00:00,92,47,45
2017-07-30 20:00:00,120,59,61
2017-07-30 21:00:00,41,34,7
2017-07-30 22:00:00,24,9,15
2017-07-30 23:00:00,2,0,2
2017-07-31 00:00:00,4,0,4
2017-07-31 01:00:00,4,4,0
2017-07-31 02:00:00,2,0,2
2017-07-31 03:00:00,2,2,0
2017-07-31 04:00:00,7,2,5
2017-07-31 05:00:00,30,19,11
2017-07-31 06:00:00,62,44,18
2017-07-31 07:00:00,168,118,50
2017-07-31 08:00:00,253,177,76
2017-07-31 09:00:00,118,75,43
2017-07-31 10:00:00,74,49,25
2017-07-31 11:00:00,52,25,27
2017-07-31 12:00:00,80,39,41
2017-07-31 13:00:00,58,25,33
2017-07-31 14:00:00,75,36,39
2017-07-31 15:00:00,110,50,60
2017-07-31 16:00:00,187,69,118
2017-07-31 17:00:00,338,86,252
2017-07-31 18:00:00,222,61,161
2017-07-31 19:00:00,137,60,77
2017-07-31 20:00:00,63,30,33
2017-07-31 21:00:00,44,22,22
2017-07-31 22:00:00,10,5,5
2017-07-31 23:00:00,10,0,10
2017-08-01 00:00:00,6,2,4
2017-08-01 01:00:00,0,0,0
2017-08-01 02:00:00,0,0,0
2017-08-01 03:00:00,1,1,0
2017-08-01 04:00:00,1,1,0
2017-08-01 05:00:00,25,19,6
2017-08-01 06:00:00,76,41,35
2017-08-01 07:00:00,198,140,58
2017-08-01 08:00:00,260,199,61
2017-08-01 09:00:00,126,88,38
2017-08-01 10:00:00,59,37,22
2017-08-01 11:00:00,61,25,36
2017-08-01 12:00:00,66,33,33
2017-08-01 13:00:00,69,41,28
2017-08-01 14:00:00,76,36,40
2017-08-01 15:00:00,91,36,55
2017-08-01 16:00:00,209,83,126
2017-08-01 17:00:00,366,95,271
2017-08-01 18:00:00,203,52,151
2017-08-01 19:00:00,126,41,85
2017-08-01 20:00:00,96,46,50
2017-08-01 21:00:00,51,24,27
2017-08-01 22:00:00,27,7,20
2017-08-01 23:00:00,5,2,3
2017-08-02 00:00:00,3,1,2
2017-08-02 01:00:00,4,1,3
2017-08-02 02:00:00,5,3,2
2017-08-02 03:00:00,2,2,0
2017-08-02 04:00:00,1,1,0
2017-08-02 05:00:00,33,22,11
2017-08-02 06:00:00,84,53,31
2017-08-02 07:00:00,179,119,60
2017-08-02 08:00:00,234,177,57
2017-08-02 09:00:00,124,66,58
2017-08-02 10:00:00,75,52,23
2017-08-02 11:00:00,51,29,22
2017-08-02 12:00:00,57,22,35
2017-08-02 13:00:00,75,35,40
2017-08-02 14:00:00,67,27,40
2017-08-02 15:00:00,113,49,64
2017-08-02 16:00:00,141,52,89
2017-08-02 17:00:00,283,69,214
2017-08-02 18:00:00,176,55,121
2017-08-02 19:00:00,96,42,54
2017-08-02 20:00:00,89,43,46
2017-08-02 21:00:00,53,27,26
2017-08-02 22:00:00,19,3,16
2017-08-02 23:00:00,9,1,8
2017-08-03 00:00:00,6,2,4
2017-08-03 01:00:00,1,0,1
2017-08-03 02:00:00,1,0,1
2017-08-03 03:00:00,3,3,0
2017-08-03 04:00:00,2,1,1
2017-08-03 05:00:00,19,12,7
2017-08-03 06:00:00,57,33,24
2017-08-03 07:00:00,157,101,56
2017-08-03 08:00:00,189,147,42
2017-08-03 09:00:00,104,62,42
2017-08-03 10:00:00,62,38,24
2017-08-03 11:00:00,61,40,21
2017-08-03 12:00:00,64,37,27
2017-08-03 13:00:00,78,46,32
2017-08-03 14:00:00,58,26,32
2017-08-03 15:00:00,104,43,61
2017-08-03 16:00:00,147,53,94
2017-08-03 17:00:00,271,72,199
2017-08-03 18:00:00,174,53,121
2017-08-03 19:00:00,84,21,63
2017-08-03 20:00:00,74,36,38
2017-08-03 21:00:00,39,17,22
2017-08-03 22:00:00,19,11,8
2017-08-03 23:00:00,4,1,3
2017-08-04 00:00:00,7,4,3
2017-08-04 01:00:00,9,0,9
2017-08-04 02:00:00,3,2,1
2017-08-04 03:00:00,1,1,0
2017-08-04 04:00:00,2,2,0
2017-08-04 05:00:00,16,12,4
2017-08-04 06:00:00,52,31,21
2017-08-04 07:00:00,155,102,53
2017-08-04 08:00:00,181,138,43
2017-08-04 09:00:00,102,58,44
2017-08-04 10:00:00,50,29,21
2017-08-04 11:00:00,70,36,34
2017-08-04 12:00:00,66,30,36
2017-08-04 13:00:00,63,29,34
2017-08-04 14:00:00,94,53,41
2017-08-04 15:00:00,121,41,80
2017-08-04 16:00:00,144,57,87
2017-08-04 17:00:00,205,69,136
2017-08-04 18:00:00,132,40,92
2017-08-04 19:00:00,91,41,50
2017-08-04 20:00:00,35,17,18
2017-08-04 21:00:00,45,21,24
2017-08-04 22:00:00,19,6,13
2017-08-04 23:00:00,9,5,4
2017-08-05 00:00:00,3,1,2
2017-08-05 01:00:00,2,1,1
2017-08-05 02:00:00,0,0,0
2017-08-05 03:00:00,3,3,0
2017-08-05 04:00:00,0,0,0
2017-08-05 05:00:00,3,1,2
2017-08-05 06:00:00,13,6,7
2017-08-05 07:00:00,40,20,20
2017-08-05 08:00:00,61,43,18
2017-08-05 09:00:00,60,26,34
2017-08-05 10:00:00,120,61,59
2017-08-05 11:00:00,104,50,54
2017-08-05 12:00:00,96,47,49
2017-08-05 13:00:00,88,52,36
2017-08-05 14:00:00,110,45,65
2017-08-05 15:00:00,130,57,73
2017-08-05 16:00:00,106,51,55
2017-08-05 17:00:00,131,66,65
2017-08-05 18:00:00,91,46,45
2017-08-05 19:00:00,67,37,30
2017-08-05 20:00:00,91,37,54
2017-08-05 21:00:00,31,13,18
2017-08-05 22:00:00,13,2,11
2017-08-05 23:00:00,17,1,16
2017-08-06 00:00:00,14,4,10
2017-08-06 01:00:00,17,1,16
2017-08-06 02:00:00,6,3,3
2017-08-06 03:00:00,2,0,2
2017-08-06 04:00:00,3,1,2
2017-08-06 05:00:00,4,2,2
2017-08-06 06:00:00,12,3,9
2017-08-06 07:00:00,43,21,22
2017-08-06 08:00:00,78,58,20
2017-08-06 09:00:00,80,30,50
2017-08-06 10:00:00,123,60,63
2017-08-06 11:00:00,114,61,53
2017-08-06 12:00:00,118,66,52
2017-08-06 13:00:00,125,61,64
2017-08-06 14:00:00,162,74,88
2017-08-06 15:00:00,163,69,94
2017-08-06 16:00:00,133,62,71
2017-08-06 17:00:00,114,49,65
2017-08-06 18:00:00,95,33,62
2017-08-06 19:00:00,47,25,22
2017-08-06 20:00:00,62,20,42
2017-08-06 21:00:00,19,12,7
2017-08-06 22:00:00,7,0,7
2017-08-06 23:00:00,4,1,3
2017-08-07 00:00:00,2,2,0
2017-08-07 01:00:00,3,0,3
2017-08-07 02:00:00,1,0,1
2017-08-07 03:00:00,3,1,2
2017-08-07 04:00:00,6,2,4
2017-08-07 05:00:00,21,13,8
2017-08-07 06:00:00,55,37,18
2017-08-07 07:00:00,169,109,60
2017-08-07 08:00:00,230,170,60
2017-08-07 09:00:00,90,66,24
2017-08-07 10:00:00,47,25,22
2017-08-07 11:00:00,49,26,23
2017-08-07 12:00:00,77,41,36
2017-08-07 13:00:00,60,31,29
2017-08-07 14:00:00,62,28,34
2017-08-07 15:00:00,96,35,61
2017-08-07 16:00:00,147,59,88
2017-08-07 17:00:00,311,92,219
2017-08-07 18:00:00,183,53,130
2017-08-07 19:00:00,104,30,74
2017-08-07 20:00:00,70,30,40
2017-08-07 21:00:00,33,20,13
2017-08-07 22:00:00,14,3,11
2017-08-07 23:00:00,5,2,3
2017-08-08 00:00:00,1,0,1
2017-08-08 01:00:00,2,0,2
2017-08-08 02:00:00,1,0,1
2017-08-08 03:00:00,3,1,2
2017-08-08 04:00:00,4,4,0
2017-08-08 05:00:00,21,14,7
2017-08-08 06:00:00,67,44,23
2017-08-08 07:00:00,180,138,42
2017-08-08 08:00:00,238,181,57
2017-08-08 09:00:00,126,88,38
2017-08-08 10:00:00,59,29,30
2017-08-08 11:00:00,51,24,27
2017-08-08 12:00:00,74,46,28
2017-08-08 13:00:00,61,38,23
2017-08-08 14:00:00,75,33,42
2017-08-08 15:00:00,99,36,63
2017-08-08 16:00:00,188,65,123
2017-08-08 17:00:00,322,84,238
2017-08-08 18:00:00,191,49,142
2017-08-08 19:00:00,113,38,75
2017-08-08 20:00:00,93,45,48
2017-08-08 21:00:00,33,19,14
2017-08-08 22:00:00,22,13,9
2017-08-08 23:00:00,5,1,4
2017-08-09 00:00:00,6,4,2
2017-08-09 01:00:00,1,0,1
2017-08-09 02:00:00,5,1,4
2017-08-09 03:00:00,4,3,1
2017-08-09 04:00:00,4,2,2
2017-08-09 05:00:00,24,15,9
2017-08-09 06:00:00,68,43,25
2017-08-09 07:00:00,169,116,53
2017-08-09 08:00:00,196,153,43
2017-08-09 09:00:00,135,95,40
2017-08-09 10:00:00,68,39,29
2017-08-09 11:00:00,80,39,41
2017-08-09 12:00:00,69,42,27
2017-08-09 13:00:00,62,25,37
2017-08-09 14:00:00,71,32,39
2017-08-09 15:00:00,95,41,54
2017-08-09 16:00:00,167,78,89
2017-08-09 17:00:00,320,85,235
2017-08-09 18:00:00,189,45,144
2017-08-09 19:00:00,104,44,60
2017-08-09 20:00:00,96,40,56
2017-08-09 21:00:00,31,13,18
2017-08-09 22:00:00,13,8,5
2017-08-09 23:00:00,8,0,8
2017-08-10 00:00:00,3,0,3
2017-08-10 01:00:00,6,0,6
2017-08-10 02:00:00,14,4,10
2017-08-10 03:00:00,6,5,1
2017-08-10 04:00:00,7,4,3
2017-08-10 05:00:00,23,16,7
2017-08-10 06:00:00,59,40,19
2017-08-10 07:00:00,160,108,52
2017-08-10 08:00:00,201,153,48
2017-08-10 09:00:00,101,62,39
2017-08-10 10:00:00,55,32,23
2017-08-10 11:00:00,59,32,27
2017-08-10 12:00:00,53,22,31
2017-08-10 13:00:00,65,31,34
2017-08-10 14:00:00,69,35,34
2017-08-10 15:00:00,110,45,65
2017-08-10 16:00:00,162,57,105
2017-08-10 17:00:00,265,85,180
2017-08-10 18:00:00,193,57,136
2017-08-10 19:00:00,124,49,75
2017-08-10 20:00:00,82,40,42
2017-08-10 21:00:00,23,12,11
2017-08-10 22:00:00,17,4,13
2017-08-10 23:00:00,17,3,14
2017-08-11 00:00:00,0,0,0
2017-08-11 01:00:00,0,0,0
2017-08-11 02:00:00,1,0,1
2017-08-11 03:00:00,1,1,0
2017-08-11 04:00:00,3,2,1
2017-08-11 05:00:00,15,11,4
2017-08-11 06:00:00,33,21,12
2017-08-11 07:00:00,158,106,52
2017-08-11 08:00:00,180,131,49
2017-08-11 09:00:00,108,70,38
2017-08-11 10:00:00,57,39,18
2017-08-11 11:00:00,80,40,40
2017-08-11 12:00:00,66,40,26
2017-08-11 13:00:00,71,25,46
2017-08-11 14:00:00,85,35,50
2017-08-11 15:00:00,134,61,73
2017-08-11 16:00:00,169,55,114
2017-08-11 17:00:00,262,85,177
2017-08-11 18:00:00,154,50,104
2017-08-11 19:00:00,89,38,51
2017-08-11 20:00:00,64,32,32
2017-08-11 21:00:00,19,12,7
2017-08-11 22:00:00,23,2,21
2017-08-11 23:00:00,19,3,16
2017-08-12 00:00:00,6,3,3
2017-08-12 01:00:00,0,0,0
2017-08-12 02:00:00,3,0,3
2017-08-12 03:00:00,5,4,1
2017-08-12 04:00:00,0,0,0
2017-08-12 05:00:00,4,2,2
2017-08-12 06:00:00,8,4,4
2017-08-12 07:00:00,32,18,14
2017-08-12 08:00:00,88,47,41
2017-08-12 09:00:00,53,34,19
2017-08-12 10:00:00,57,25,32
2017-08-12 11:00:00,127,64,63
2017-08-12 12:00:00,176,126,50
2017-08-12 13:00:00,158,84,74
2017-08-12 14:00:00,119,63,56
2017-08-12 15:00:00,226,88,138
2017-08-12 16:00:00,140,54,86
2017-08-12 17:00:00,122,60,62
2017-08-12 18:00:00,100,45,55
2017-08-12 19:00:00,60,26,34
2017-08-12 20:00:00,59,31,28
2017-08-12 21:00:00,52,14,38
2017-08-12 22:00:00,16,1,15
2017-08-12 23:00:00,12,4,8
2017-08-13 00:00:00,1,0,1
2017-08-13 01:00:00,1,0,1
2017-08-13 02:00:00,0,0,0
2017-08-13 03:00:00,0,0,0
2017-08-13 04:00:00,0,0,0
2017-08-13 05:00:00,6,4,2
2017-08-13 06:00:00,6,4,2
2017-08-13 07:00:00,16,8,8
2017-08-13 08:00:00,21,15,6
2017-08-13 09:00:00,40,25,15
2017-08-13 10:00:00,48,25,23
2017-08-13 11:00:00,78,32,46
2017-08-13 12:00:00,101,41,60
2017-08-13 13:00:00,94,53,41
2017-08-13 14:00:00,82,34,48
2017-08-13 15:00:00,84,42,42
2017-08-13 16:00:00,126,56,70
2017-08-13 17:00:00,99,40,59
2017-08-13 18:00:00,104,54,50
2017-08-13 19:00:00,74,38,36
2017-08-13 20:00:00,45,22,23
2017-08-13 21:00:00,22,11,11
2017-08-13 22:00:00,12,6,6
2017-08-13 23:00:00,11,5,6
2017-08-14 00:00:00,0,0,0
2017-08-14 01:00:00,2,0,2
2017-08-14 02:00:00,1,0,1
2017-08-14 03:00:00,2,1,1
2017-08-14 04:00:00,6,3,3
2017-08-14 05:00:00,17,10,7
2017-08-14 06:00:00,61,40,21
2017-08-14 07:00:00,159,108,51
2017-08-14 08:00:00,247,195,52
2017-08-14 09:00:00,116,79,37
2017-08-14 10:00:00,79,37,42
2017-08-14 11:00:00,58,36,22
2017-08-14 12:00:00,73,50,23
2017-08-14 13:00:00,54,25,29
2017-08-14 14:00:00,80,37,43
2017-08-14 15:00:00,103,48,55
2017-08-14 16:00:00,191,66,125
2017-08-14 17:00:00,300,81,219
2017-08-14 18:00:00,227,56,171
2017-08-14 19:00:00,105,38,67
2017-08-14 20:00:00,74,40,34
2017-08-14 21:00:00,36,14,22
2017-08-14 22:00:00,17,8,9
2017-08-14 23:00:00,11,5,6
2017-08-15 00:00:00,5,3,2
2017-08-15 01:00:00,1,0,1
2017-08-15 02:00:00,0,0,0
2017-08-15 03:00:00,2,0,2
2017-08-15 04:00:00,5,3,2
2017-08-15 05:00:00,23,15,8
2017-08-15 06:00:00,60,35,25
2017-08-15 07:00:00,195,141,54
2017-08-15 08:00:00,243,196,47
2017-08-15 09:00:00,123,80,43
2017-08-15 10:00:00,64,37,27
2017-08-15 11:00:00,59,32,27
2017-08-15 12:00:00,77,29,48
2017-08-15 13:00:00,71,37,34
2017-08-15 14:00:00,75,36,39
2017-08-15 15:00:00,100,50,50
2017-08-15 16:00:00,181,53,128
2017-08-15 17:00:00,316,82,234
2017-08-15 18:00:00,224,73,151
2017-08-15 19:00:00,106,48,58
2017-08-15 20:00:00,76,34,42
2017-08-15 21:00:00,41,17,24
2017-08-15 22:00:00,15,2,13
2017-08-15 23:00:00,3,2,1
2017-08-16 00:00:00,4,0,4
2017-08-16 01:00:00,6,2,4
2017-08-16 02:00:00,2,0,2
2017-08-16 03:00:00,1,0,1
2017-08-16 04:00:00,4,3,1
2017-08-16 05:00:00,19,14,5
2017-08-16 06:00:00,67,37,30
2017-08-16 07:00:00,159,109,50
2017-08-16 08:00:00,243,181,62
2017-08-16 09:00:00,115,91,24
2017-08-16 10:00:00,62,44,18
2017-08-16 11:00:00,70,47,23
2017-08-16 12:00:00,55,32,23
2017-08-16 13:00:00,67,41,26
2017-08-16 14:00:00,68,35,33
2017-08-16 15:00:00,106,63,43
2017-08-16 16:00:00,186,57,129
2017-08-16 17:00:00,294,85,209
2017-08-16 18:00:00,212,57,155
2017-08-16 19:00:00,116,33,83
2017-08-16 20:00:00,98,45,53
2017-08-16 21:00:00,31,17,14
2017-08-16 22:00:00,23,7,16
2017-08-16 23:00:00,5,1,4
2017-08-17 00:00:00,4,3,1
2017-08-17 01:00:00,3,0,3
2017-08-17 02:00:00,2,0,2
2017-08-17 03:00:00,2,1,1
2017-08-17 04:00:00,2,2,0
2017-08-17 05:00:00,20,13,7
2017-08-17 06:00:00,43,29,14
2017-08-17 07:00:00,143,108,35
2017-08-17 08:00:00,200,150,50
2017-08-17 09:00:00,111,75,36
2017-08-17 10:00:00,46,25,21
2017-08-17 11:00:00,54,31,23
2017-08-17 12:00:00,65,40,25
2017-08-17 13:00:00,63,36,27
2017-08-17 14:00:00,78,39,39
2017-08-17 15:00:00,113,49,64
2017-08-17 16:00:00,180,60,120
2017-08-17 17:00:00,237,73,164
2017-08-17 18:00:00,164,48,116
2017-08-17 19:00:00,113,55,58
2017-08-17 20:00:00,78,29,49
2017-08-17 21:00:00,75,34,41
2017-08-17 22:00:00,20,8,12
2017-08-17 23:00:00,10,3,7
2017-08-18 00:00:00,6,3,3
2017-08-18 01:00:00,7,2,5
2017-08-18 02:00:00,4,2,2
2017-08-18 03:00:00,3,1,2
2017-08-18 04:00:00,2,1,1
2017-08-18 05:00:00,18,12,6
2017-08-18 06:00:00,48,19,29
2017-08-18 07:00:00,108,71,37
2017-08-18 08:00:00,149,107,42
2017-08-18 09:00:00,83,63,20
2017-08-18 10:00:00,39,29,10
2017-08-18 11:00:00,29,18,11
2017-08-18 12:00:00,57,26,31
2017-08-18 13:00:00,51,21,30
2017-08-18 14:00:00,40,19,21
2017-08-18 15:00:00,46,22,24
2017-08-18 16:00:00,60,27,33
2017-08-18 17:00:00,74,36,38
2017-08-18 18:00:00,67,30,37
2017-08-18 19:00:00,37,14,23
2017-08-18 20:00:00,47,44,3
2017-08-18 21:00:00,23,12,11
2017-08-18 22:00:00,36,18,18
2017-08-18 23:00:00,18,4,14
2017-08-19 00:00:00,3,3,0
2017-08-19 01:00:00,7,2,5
2017-08-19 02:00:00,8,2,6
2017-08-19 03:00:00,1,0,1
2017-08-19 04:00:00,2,0,2
2017-08-19 05:00:00,3,3,0
2017-08-19 06:00:00,7,4,3
2017-08-19 07:00:00,23,15,8
2017-08-19 08:00:00,34,19,15
2017-08-19 09:00:00,35,23,12
2017-08-19 10:00:00,43,20,23
2017-08-19 11:00:00,80,35,45
2017-08-19 12:00:00,52,25,27
2017-08-19 13:00:00,62,20,42
2017-08-19 14:00:00,50,15,35
2017-08-19 15:00:00,43,26,17
2017-08-19 16:00:00,31,12,19
2017-08-19 17:00:00,38,25,13
2017-08-19 18:00:00,39,20,19
2017-08-19 19:00:00,45,27,18
2017-08-19 20:00:00,34,29,5
2017-08-19 21:00:00,23,10,13
2017-08-19 22:00:00,16,5,11
2017-08-19 23:00:00,13,4,9
2017-08-20 00:00:00,3,1,2
2017-08-20 01:00:00,9,5,4
2017-08-20 02:00:00,4,2,2
2017-08-20 03:00:00,4,3,1
2017-08-20 04:00:00,5,3,2
2017-08-20 05:00:00,0,0,0
2017-08-20 06:00:00,11,4,7
2017-08-20 07:00:00,21,15,6
2017-08-20 08:00:00,43,31,12
2017-08-20 09:00:00,20,11,9
2017-08-20 10:00:00,41,23,18
2017-08-20 11:00:00,26,14,12
2017-08-20 12:00:00,33,14,19
2017-08-20 13:00:00,45,16,29
2017-08-20 14:00:00,30,12,18
2017-08-20 15:00:00,21,7,14
2017-08-20 16:00:00,25,11,14
2017-08-20 17:00:00,23,14,9
2017-08-20 18:00:00,34,17,17
2017-08-20 19:00:00,34,22,12
2017-08-20 20:00:00,36,35,1
2017-08-20 21:00:00,43,25,18
2017-08-20 22:00:00,43,36,7
2017-08-20 23:00:00,31,22,9
2017-08-21 00:00:00,21,16,5
2017-08-21 01:00:00,12,10,2
2017-08-21 02:00:00,7,3,4
2017-08-21 03:00:00,8,6,2
2017-08-21 04:00:00,10,8,2
2017-08-21 05:00:00,15,11,4
2017-08-21 06:00:00,43,28,15
2017-08-21 07:00:00,126,89,37
2017-08-21 08:00:00,166,128,38
2017-08-21 09:00:00,87,58,29
2017-08-21 10:00:00,42,28,14
2017-08-21 11:00:00,52,27,25
2017-08-21 12:00:00,66,38,28
2017-08-21 13:00:00,53,24,29
2017-08-21 14:00:00,64,31,33
2017-08-21 15:00:00,84,40,44
2017-08-21 16:00:00,146,52,94
2017-08-21 17:00:00,242,87,155
2017-08-21 18:00:00,145,43,102
2017-08-21 19:00:00,103,36,67
2017-08-21 20:00:00,65,33,32
2017-08-21 21:00:00,17,6,11
2017-08-21 22:00:00,10,3,7
2017-08-21 23:00:00,1,1,0
2017-08-22 00:00:00,1,1,0
2017-08-22 01:00:00,3,1,2
2017-08-22 02:00:00,10,5,5
2017-08-22 03:00:00,3,1,2
2017-08-22 04:00:00,3,2,1
2017-08-22 05:00:00,23,15,8
2017-08-22 06:00:00,63,33,30
2017-08-22 07:00:00,189,131,58
2017-08-22 08:00:00,217,165,52
2017-08-22 09:00:00,119,82,37
2017-08-22 10:00:00,55,26,29
2017-08-22 11:00:00,78,45,33
2017-08-22 12:00:00,64,32,32
2017-08-22 13:00:00,83,47,36
2017-08-22 14:00:00,51,29,22
2017-08-22 15:00:00,89,44,45
2017-08-22 16:00:00,215,80,135
2017-08-22 17:00:00,297,57,240
2017-08-22 18:00:00,183,49,134
2017-08-22 19:00:00,90,38,52
2017-08-22 20:00:00,76,38,38
2017-08-22 21:00:00,29,13,16
2017-08-22 22:00:00,12,6,6
2017-08-22 23:00:00,3,2,1
2017-08-23 00:00:00,0,0,0
2017-08-23 01:00:00,7,4,3
2017-08-23 02:00:00,2,0,2
2017-08-23 03:00:00,3,2,1
2017-08-23 04:00:00,2,2,0
2017-08-23 05:00:00,17,10,7
2017-08-23 06:00:00,68,41,27
2017-08-23 07:00:00,168,113,55
2017-08-23 08:00:00,242,193,49
2017-08-23 09:00:00,123,89,34
2017-08-23 10:00:00,56,40,16
2017-08-23 11:00:00,46,30,16
2017-08-23 12:00:00,54,40,14
2017-08-23 13:00:00,71,28,43
2017-08-23 14:00:00,79,39,40
2017-08-23 15:00:00,120,57,63
2017-08-23 16:00:00,201,56,145
2017-08-23 17:00:00,324,87,237
2017-08-23 18:00:00,232,67,165
2017-08-23 19:00:00,114,42,72
2017-08-23 20:00:00,69,38,31
2017-08-23 21:00:00,28,9,19
2017-08-23 22:00:00,9,4,5
2017-08-23 23:00:00,4,1,3
2017-08-24 00:00:00,6,2,4
2017-08-24 01:00:00,2,1,1
2017-08-24 02:00:00,1,0,1
2017-08-24 03:00:00,6,4,2
2017-08-24 04:00:00,4,2,2
2017-08-24 05:00:00,16,12,4
2017-08-24 06:00:00,60,43,17
2017-08-24 07:00:00,165,112,53
2017-08-24 08:00:00,192,144,48
2017-08-24 09:00:00,117,69,48
2017-08-24 10:00:00,57,38,19
2017-08-24 11:00:00,46,18,28
2017-08-24 12:00:00,45,26,19
2017-08-24 13:00:00,57,28,29
2017-08-24 14:00:00,56,32,24
2017-08-24 15:00:00,108,45,63
2017-08-24 16:00:00,151,57,94
2017-08-24 17:00:00,275,76,199
2017-08-24 18:00:00,230,60,170
2017-08-24 19:00:00,127,63,64
2017-08-24 20:00:00,71,30,41
2017-08-24 21:00:00,17,10,7
2017-08-24 22:00:00,7,5,2
2017-08-24 23:00:00,18,6,12
2017-08-25 00:00:00,3,0,3
2017-08-25 01:00:00,7,2,5
2017-08-25 02:00:00,5,3,2
2017-08-25 03:00:00,2,2,0
2017-08-25 04:00:00,3,3,0
2017-08-25 05:00:00,18,11,7
2017-08-25 06:00:00,56,40,16
2017-08-25 07:00:00,139,97,42
2017-08-25 08:00:00,202,149,53
2017-08-25 09:00:00,125,97,28
2017-08-25 10:00:00,46,33,13
2017-08-25 11:00:00,66,34,32
2017-08-25 12:00:00,60,27,33
2017-08-25 13:00:00,74,35,39
2017-08-25 14:00:00,97,47,50
2017-08-25 15:00:00,135,68,67
2017-08-25 16:00:00,206,80,126
2017-08-25 17:00:00,227,60,167
2017-08-25 18:00:00,165,54,111
2017-08-25 19:00:00,85,35,50
2017-08-25 20:00:00,59,21,38
2017-08-25 21:00:00,28,12,16
2017-08-25 22:00:00,22,8,14
2017-08-25 23:00:00,7,2,5
2017-08-26 00:00:00,5,0,5
2017-08-26 01:00:00,5,4,1
2017-08-26 02:00:00,0,0,0
2017-08-26 03:00:00,4,1,3
2017-08-26 04:00:00,2,2,0
2017-08-26 05:00:00,5,3,2
2017-08-26 06:00:00,11,4,7
2017-08-26 07:00:00,28,13,15
2017-08-26 08:00:00,39,23,16
2017-08-26 09:00:00,69,41,28
2017-08-26 10:00:00,93,52,41
2017-08-26 11:00:00,115,57,58
2017-08-26 12:00:00,123,71,52
2017-08-26 13:00:00,146,67,79
2017-08-26 14:00:00,127,68,59
2017-08-26 15:00:00,137,54,83
2017-08-26 16:00:00,151,70,81
2017-08-26 17:00:00,124,66,58
2017-08-26 18:00:00,108,52,56
2017-08-26 19:00:00,91,42,49
2017-08-26 20:00:00,71,36,35
2017-08-26 21:00:00,10,4,6
2017-08-26 22:00:00,13,5,8
2017-08-26 23:00:00,2,0,2
2017-08-27 00:00:00,3,1,2
2017-08-27 01:00:00,1,0,1
2017-08-27 02:00:00,4,2,2
2017-08-27 03:00:00,0,0,0
2017-08-27 04:00:00,1,1,0
2017-08-27 05:00:00,4,2,2
2017-08-27 06:00:00,10,4,6
2017-08-27 07:00:00,16,6,10
2017-08-27 08:00:00,45,20,25
2017-08-27 09:00:00,78,48,30
2017-08-27 10:00:00,103,49,54
2017-08-27 11:00:00,129,70,59
2017-08-27 12:00:00,151,86,65
2017-08-27 13:00:00,176,76,100
2017-08-27 14:00:00,188,96,92
2017-08-27 15:00:00,182,81,101
2017-08-27 16:00:00,165,82,83
2017-08-27 17:00:00,116,77,39
2017-08-27 18:00:00,103,66,37
2017-08-27 19:00:00,81,33,48
2017-08-27 20:00:00,72,26,46
2017-08-27 21:00:00,77,9,68
2017-08-27 22:00:00,12,1,11
2017-08-27 23:00:00,4,3,1
2017-08-28 00:00:00,2,1,1
2017-08-28 01:00:00,2,0,2
2017-08-28 02:00:00,1,0,1
2017-08-28 03:00:00,1,1,0
2017-08-28 04:00:00,7,4,3
2017-08-28 05:00:00,19,8,11
2017-08-28 06:00:00,58,37,21
2017-08-28 07:00:00,164,117,47
2017-08-28 08:00:00,242,196,46
2017-08-28 09:00:00,119,74,45
2017-08-28 10:00:00,74,49,25
2017-08-28 11:00:00,66,40,26
2017-08-28 12:00:00,85,36,49
2017-08-28 13:00:00,58,35,23
2017-08-28 14:00:00,68,36,32
2017-08-28 15:00:00,102,46,56
2017-08-28 16:00:00,159,73,86
2017-08-28 17:00:00,292,74,218
2017-08-28 18:00:00,174,42,132
2017-08-28 19:00:00,106,39,67
2017-08-28 20:00:00,39,21,18
2017-08-28 21:00:00,12,5,7
2017-08-28 22:00:00,9,6,3
2017-08-28 23:00:00,3,0,3
2017-08-29 00:00:00,1,0,1
2017-08-29 01:00:00,4,1,3
2017-08-29 02:00:00,1,0,1
2017-08-29 03:00:00,1,1,0
2017-08-29 04:00:00,3,2,1
2017-08-29 05:00:00,26,14,12
2017-08-29 06:00:00,69,41,28
2017-08-29 07:00:00,197,132,65
2017-08-29 08:00:00,247,194,53
2017-08-29 09:00:00,133,93,40
2017-08-29 10:00:00,64,35,29
2017-08-29 11:00:00,59,32,27
2017-08-29 12:00:00,66,32,34
2017-08-29 13:00:00,76,30,46
2017-08-29 14:00:00,68,34,34
2017-08-29 15:00:00,89,37,52
2017-08-29 16:00:00,177,58,119
2017-08-29 17:00:00,318,78,240
2017-08-29 18:00:00,227,62,165
2017-08-29 19:00:00,127,50,77
2017-08-29 20:00:00,49,22,27
2017-08-29 21:00:00,18,11,7
2017-08-29 22:00:00,14,4,10
2017-08-29 23:00:00,6,5,1
2017-08-30 00:00:00,0,0,0
2017-08-30 01:00:00,8,1,7
2017-08-30 02:00:00,0,0,0
2017-08-30 03:00:00,1,1,0
2017-08-30 04:00:00,7,4,3
2017-08-30 05:00:00,19,10,9
2017-08-30 06:00:00,67,46,21
2017-08-30 07:00:00,169,101,68
2017-08-30 08:00:00,221,185,36
2017-08-30 09:00:00,121,86,35
2017-08-30 10:00:00,47,25,22
2017-08-30 11:00:00,45,19,26
2017-08-30 12:00:00,76,34,42
2017-08-30 13:00:00,64,33,31
2017-08-30 14:00:00,60,30,30
2017-08-30 15:00:00,86,33,53
2017-08-30 16:00:00,178,73,105
2017-08-30 17:00:00,291,83,208
2017-08-30 18:00:00,215,63,152
2017-08-30 19:00:00,118,43,75
2017-08-30 20:00:00,72,38,34
2017-08-30 21:00:00,9,3,6
2017-08-30 22:00:00,11,8,3
2017-08-30 23:00:00,6,2,4
2017-08-31 00:00:00,4,1,3
2017-08-31 01:00:00,0,0,0
2017-08-31 02:00:00,4,1,3
2017-08-31 03:00:00,3,2,1
2017-08-31 04:00:00,2,2,0
2017-08-31 05:00:00,17,11,6
2017-08-31 06:00:00,50,30,20
2017-08-31 07:00:00,158,100,58
2017-08-31 08:00:00,200,157,43
2017-08-31 09:00:00,87,66,21
2017-08-31 10:00:00,45,32,13
2017-08-31 11:00:00,29,19,10
2017-08-31 12:00:00,30,12,18
2017-08-31 13:00:00,45,18,27
2017-08-31 14:00:00,48,21,27
2017-08-31 15:00:00,100,41,59
2017-08-31 16:00:00,164,72,92
2017-08-31 17:00:00,289,94,195
2017-08-31 18:00:00,209,64,145
2017-08-31 19:00:00,155,41,114
2017-08-31 20:00:00,72,26,46
2017-08-31 21:00:00,23,8,15
2017-08-31 22:00:00,13,4,9
2017-08-31 23:00:00,1,0,1
2017-09-01 00:00:00,7,3,4
2017-09-01 01:00:00,3,1,2
2017-09-01 02:00:00,0,0,0
2017-09-01 03:00:00,1,0,1
2017-09-01 04:00:00,3,3,0
2017-09-01 05:00:00,17,8,9
2017-09-01 06:00:00,39,24,15
2017-09-01 07:00:00,142,99,43
2017-09-01 08:00:00,183,143,40
2017-09-01 09:00:00,99,63,36
2017-09-01 10:00:00,69,38,31
2017-09-01 11:00:00,62,29,33
2017-09-01 12:00:00,93,52,41
2017-09-01 13:00:00,89,42,47
2017-09-01 14:00:00,115,52,63
2017-09-01 15:00:00,135,61,74
2017-09-01 16:00:00,199,71,128
2017-09-01 17:00:00,172,52,120
2017-09-01 18:00:00,134,57,77
2017-09-01 19:00:00,65,26,39
2017-09-01 20:00:00,40,10,30
2017-09-01 21:00:00,18,11,7
2017-09-01 22:00:00,27,3,24
2017-09-01 23:00:00,15,7,8
2017-09-02 00:00:00,12,10,2
2017-09-02 01:00:00,10,4,6
2017-09-02 02:00:00,8,3,5
2017-09-02 03:00:00,3,2,1
2017-09-02 04:00:00,0,0,0
2017-09-02 05:00:00,1,0,1
2017-09-02 06:00:00,7,5,2
2017-09-02 07:00:00,47,27,20
2017-09-02 08:00:00,47,26,21
2017-09-02 09:00:00,73,44,29
2017-09-02 10:00:00,91,42,49
2017-09-02 11:00:00,167,93,74
2017-09-02 12:00:00,131,74,57
2017-09-02 13:00:00,148,67,81
2017-09-02 14:00:00,121,49,72
2017-09-02 15:00:00,148,60,88
2017-09-02 16:00:00,116,45,71
2017-09-02 17:00:00,111,60,51
2017-09-02 18:00:00,97,57,40
2017-09-02 19:00:00,73,32,41
2017-09-02 20:00:00,38,18,20
2017-09-02 21:00:00,22,13,9
2017-09-02 22:00:00,10,4,6
2017-09-02 23:00:00,10,4,6
2017-09-03 00:00:00,11,4,7
2017-09-03 01:00:00,4,2,2
2017-09-03 02:00:00,1,0,1
2017-09-03 03:00:00,2,2,0
2017-09-03 04:00:00,3,0,3
2017-09-03 05:00:00,3,2,1
2017-09-03 06:00:00,8,4,4
2017-09-03 07:00:00,27,14,13
2017-09-03 08:00:00,37,21,16
2017-09-03 09:00:00,72,34,38
2017-09-03 10:00:00,105,53,52
2017-09-03 11:00:00,161,77,84
2017-09-03 12:00:00,155,92,63
2017-09-03 13:00:00,120,57,63
2017-09-03 14:00:00,113,60,53
2017-09-03 15:00:00,122,54,68
2017-09-03 16:00:00,139,55,84
2017-09-03 17:00:00,96,34,62
2017-09-03 18:00:00,99,46,53
2017-09-03 19:00:00,74,32,42
2017-09-03 20:00:00,59,38,21
2017-09-03 21:00:00,13,5,8
2017-09-03 22:00:00,18,5,13
2017-09-03 23:00:00,14,2,12
2017-09-04 00:00:00,4,1,3
2017-09-04 01:00:00,6,3,3
2017-09-04 02:00:00,1,0,1
2017-09-04 03:00:00,1,1,0
2017-09-04 04:00:00,1,1,0
2017-09-04 05:00:00,2,1,1
2017-09-04 06:00:00,6,3,3
2017-09-04 07:00:00,22,9,13
2017-09-04 08:00:00,94,58,36
2017-09-04 09:00:00,108,62,46
2017-09-04 10:00:00,109,48,61
2017-09-04 11:00:00,130,76,54
2017-09-04 12:00:00,120,59,61
2017-09-04 13:00:00,159,82,77
2017-09-04 14:00:00,136,83,53
2017-09-04 15:00:00,132,61,71
2017-09-04 16:00:00,120,46,74
2017-09-04 17:00:00,81,41,40
2017-09-04 18:00:00,85,33,52
2017-09-04 19:00:00,73,34,39
2017-09-04 20:00:00,24,11,13
2017-09-04 21:00:00,29,13,16
2017-09-04 22:00:00,24,9,15
2017-09-04 23:00:00,9,0,9
2017-09-05 00:00:00,2,1,1
2017-09-05 01:00:00,1,1,0
2017-09-05 02:00:00,3,1,2
2017-09-05 03:00:00,3,1,2
2017-09-05 04:00:00,6,4,2
2017-09-05 05:00:00,22,13,9
2017-09-05 06:00:00,67,37,30
2017-09-05 07:00:00,173,115,58
2017-09-05 08:00:00,200,149,51
2017-09-05 09:00:00,101,70,31
2017-09-05 10:00:00,49,29,20
2017-09-05 11:00:00,32,16,16
2017-09-05 12:00:00,47,13,34
2017-09-05 13:00:00,28,12,16
2017-09-05 14:00:00,41,14,27
2017-09-05 15:00:00,71,38,33
2017-09-05 16:00:00,159,66,93
2017-09-05 17:00:00,231,57,174
2017-09-05 18:00:00,119,26,93
2017-09-05 19:00:00,44,17,27
2017-09-05 20:00:00,27,9,18
2017-09-05 21:00:00,13,5,8
2017-09-05 22:00:00,13,3,10
2017-09-05 23:00:00,6,0,6
2017-09-06 00:00:00,3,3,0
2017-09-06 01:00:00,8,2,6
2017-09-06 02:00:00,1,1,0
2017-09-06 03:00:00,1,1,0
2017-09-06 04:00:00,5,2,3
2017-09-06 05:00:00,20,11,9
2017-09-06 06:00:00,67,37,30
2017-09-06 07:00:00,141,94,47
2017-09-06 08:00:00,178,142,36
2017-09-06 09:00:00,96,65,31
2017-09-06 10:00:00,39,29,10
2017-09-06 11:00:00,40,20,20
2017-09-06 12:00:00,31,13,18
2017-09-06 13:00:00,41,20,21
2017-09-06 14:00:00,62,32,30
2017-09-06 15:00:00,74,37,37
2017-09-06 16:00:00,134,42,92
2017-09-06 17:00:00,223,71,152
2017-09-06 18:00:00,167,50,117
2017-09-06 19:00:00,71,21,50
2017-09-06 20:00:00,21,6,15
2017-09-06 21:00:00,17,12,5
2017-09-06 22:00:00,9,3,6
2017-09-06 23:00:00,7,2,5
2017-09-07 00:00:00,3,1,2
2017-09-07 01:00:00,3,1,2
2017-09-07 02:00:00,1,0,1
2017-09-07 03:00:00,4,2,2
2017-09-07 04:00:00,7,3,4
2017-09-07 05:00:00,18,8,10
2017-09-07 06:00:00,56,27,29
2017-09-07 07:00:00,155,99,56
2017-09-07 08:00:00,191,150,41
2017-09-07 09:00:00,94,66,28
2017-09-07 10:00:00,39,25,14
2017-09-07 11:00:00,31,14,17
2017-09-07 12:00:00,26,11,15
2017-09-07 13:00:00,53,31,22
2017-09-07 14:00:00,65,26,39
2017-09-07 15:00:00,88,45,43
2017-09-07 16:00:00,146,57,89
2017-09-07 17:00:00,261,79,182
2017-09-07 18:00:00,146,33,113
2017-09-07 19:00:00,50,15,35
2017-09-07 20:00:00,23,8,15
2017-09-07 21:00:00,14,4,10
2017-09-07 22:00:00,13,4,9
2017-09-07 23:00:00,10,5,5
2017-09-08 00:00:00,5,2,3
2017-09-08 01:00:00,1,0,1
2017-09-08 02:00:00,3,1,2
2017-09-08 03:00:00,1,1,0
2017-09-08 04:00:00,3,2,1
2017-09-08 05:00:00,14,8,6
2017-09-08 06:00:00,57,31,26
2017-09-08 07:00:00,136,96,40
2017-09-08 08:00:00,156,120,36
2017-09-08 09:00:00,80,58,22
2017-09-08 10:00:00,47,25,22
2017-09-08 11:00:00,46,29,17
2017-09-08 12:00:00,50,24,26
2017-09-08 13:00:00,44,23,21
2017-09-08 14:00:00,81,43,38
2017-09-08 15:00:00,95,37,58
2017-09-08 16:00:00,169,65,104
2017-09-08 17:00:00,207,57,150
2017-09-08 18:00:00,109,25,84
2017-09-08 19:00:00,45,17,28
2017-09-08 20:00:00,23,13,10
2017-09-08 21:00:00,13,1,12
2017-09-08 22:00:00,23,9,14
2017-09-08 23:00:00,5,1,4
2017-09-09 00:00:00,5,1,4
2017-09-09 01:00:00,2,0,2
2017-09-09 02:00:00,2,0,2
2017-09-09 03:00:00,1,0,1
2017-09-09 04:00:00,0,0,0
2017-09-09 05:00:00,1,0,1
2017-09-09 06:00:00,4,2,2
2017-09-09 07:00:00,23,16,7
2017-09-09 08:00:00,34,19,15
2017-09-09 09:00:00,42,25,17
2017-09-09 10:00:00,64,33,31
2017-09-09 11:00:00,51,29,22
2017-09-09 12:00:00,78,38,40
2017-09-09 13:00:00,66,31,35
2017-09-09 14:00:00,70,31,39
2017-09-09 15:00:00,67,32,35
2017-09-09 16:00:00,62,33,29
2017-09-09 17:00:00,58,30,28
2017-09-09 18:00:00,55,24,31
2017-09-09 19:00:00,46,30,16
2017-09-09 20:00:00,18,10,8
2017-09-09 21:00:00,13,5,8
2017-09-09 22:00:00,6,0,6
2017-09-09 23:00:00,12,5,7
2017-09-10 00:00:00,5,1,4
2017-09-10 01:00:00,1,1,0
2017-09-10 02:00:00,3,0,3
2017-09-10 03:00:00,0,0,0
2017-09-10 04:00:00,0,0,0
2017-09-10 05:00:00,3,2,1
2017-09-10 06:00:00,6,2,4
2017-09-10 07:00:00,13,7,6
2017-09-10 08:00:00,41,22,19
2017-09-10 09:00:00,58,33,25
2017-09-10 10:00:00,90,47,43
2017-09-10 11:00:00,100,56,44
2017-09-10 12:00:00,115,63,52
2017-09-10 13:00:00,98,63,35
2017-09-10 14:00:00,108,48,60
2017-09-10 15:00:00,124,62,62
2017-09-10 16:00:00,132,59,73
2017-09-10 17:00:00,123,71,52
2017-09-10 18:00:00,107,48,59
2017-09-10 19:00:00,69,44,25
2017-09-10 20:00:00,77,15,62
2017-09-10 21:00:00,24,11,13
2017-09-10 22:00:00,6,3,3
2017-09-10 23:00:00,7,1,6
2017-09-11 00:00:00,6,4,2
2017-09-11 01:00:00,1,0,1
2017-09-11 02:00:00,1,0,1
2017-09-11 03:00:00,0,0,0
2017-09-11 04:00:00,5,2,3
2017-09-11 05:00:00,24,12,12
2017-09-11 06:00:00,63,34,29
2017-09-11 07:00:00,148,102,46
2017-09-11 08:00:00,235,197,38
2017-09-11 09:00:00,109,77,32
2017-09-11 10:00:00,54,30,24
2017-09-11 11:00:00,44,25,19
2017-09-11 12:00:00,61,28,33
2017-09-11 13:00:00,62,35,27
2017-09-11 14:00:00,72,24,48
2017-09-11 15:00:00,88,45,43
2017-09-11 16:00:00,183,69,114
2017-09-11 17:00:00,310,85,225
2017-09-11 18:00:00,222,57,165
2017-09-11 19:00:00,100,44,56
2017-09-11 20:00:00,39,22,17
2017-09-11 21:00:00,10,3,7
2017-09-11 22:00:00,13,7,6
2017-09-11 23:00:00,6,3,3
2017-09-12 00:00:00,3,0,3
2017-09-12 01:00:00,4,3,1
2017-09-12 02:00:00,2,1,1
2017-09-12 03:00:00,1,1,0
2017-09-12 04:00:00,6,2,4
2017-09-12 05:00:00,23,13,10
2017-09-12 06:00:00,74,42,32
2017-09-12 07:00:00,182,131,51
2017-09-12 08:00:00,250,184,66
2017-09-12 09:00:00,99,74,25
2017-09-12 10:00:00,49,29,20
2017-09-12 11:00:00,51,29,22
2017-09-12 12:00:00,69,37,32
2017-09-12 13:00:00,89,39,50
2017-09-12 14:00:00,65,31,34
2017-09-12 15:00:00,75,25,50
2017-09-12 16:00:00,222,86,136
2017-09-12 17:00:00,307,94,213
2017-09-12 18:00:00,188,62,126
2017-09-12 19:00:00,76,34,42
2017-09-12 20:00:00,32,9,23
2017-09-12 21:00:00,10,8,2
2017-09-12 22:00:00,15,6,9
2017-09-12 23:00:00,3,0,3
2017-09-13 00:00:00,4,3,1
2017-09-13 01:00:00,6,3,3
2017-09-13 02:00:00,1,0,1
2017-09-13 03:00:00,2,1,1
2017-09-13 04:00:00,10,4,6
2017-09-13 05:00:00,17,10,7
2017-09-13 06:00:00,74,47,27
2017-09-13 07:00:00,168,117,51
2017-09-13 08:00:00,218,166,52
2017-09-13 09:00:00,109,78,31
2017-09-13 10:00:00,50,36,14
2017-09-13 11:00:00,32,18,14
2017-09-13 12:00:00,44,21,23
2017-09-13 13:00:00,46,24,22
2017-09-13 14:00:00,68,30,38
2017-09-13 15:00:00,109,44,65
2017-09-13 16:00:00,183,67,116
2017-09-13 17:00:00,307,87,220
2017-09-13 18:00:00,197,48,149
2017-09-13 19:00:00,101,43,58
2017-09-13 20:00:00,28,15,13
2017-09-13 21:00:00,11,4,7
2017-09-13 22:00:00,4,0,4
2017-09-13 23:00:00,5,1,4
2017-09-14 00:00:00,6,3,3
2017-09-14 01:00:00,2,1,1
2017-09-14 02:00:00,1,0,1
2017-09-14 03:00:00,4,3,1
2017-09-14 04:00:00,6,3,3
2017-09-14 05:00:00,22,8,14
2017-09-14 06:00:00,63,37,26
2017-09-14 07:00:00,162,111,51
2017-09-14 08:00:00,219,167,52
2017-09-14 09:00:00,108,79,29
2017-09-14 10:00:00,51,30,21
2017-09-14 11:00:00,41,24,17
2017-09-14 12:00:00,39,16,23
2017-09-14 13:00:00,67,34,33
2017-09-14 14:00:00,58,26,32
2017-09-14 15:00:00,88,37,51
2017-09-14 16:00:00,161,66,95
2017-09-14 17:00:00,285,94,191
2017-09-14 18:00:00,152,46,106
2017-09-14 19:00:00,68,23,45
2017-09-14 20:00:00,35,15,20
2017-09-14 21:00:00,14,6,8
2017-09-14 22:00:00,9,2,7
2017-09-14 23:00:00,4,1,3
2017-09-15 00:00:00,1,0,1
2017-09-15 01:00:00,1,0,1
2017-09-15 02:00:00,1,0,1
2017-09-15 03:00:00,3,2,1
2017-09-15 04:00:00,8,4,4
2017-09-15 05:00:00,18,14,4
2017-09-15 06:00:00,47,33,14
2017-09-15 07:00:00,136,92,44
2017-09-15 08:00:00,182,145,37
2017-09-15 09:00:00,115,75,40
2017-09-15 10:00:00,58,48,10
2017-09-15 11:00:00,51,22,29
2017-09-15 12:00:00,72,39,33
2017-09-15 13:00:00,64,32,32
2017-09-15 14:00:00,79,34,45
2017-09-15 15:00:00,109,33,76
2017-09-15 16:00:00,212,75,137
2017-09-15 17:00:00,228,59,169
2017-09-15 18:00:00,141,43,98
2017-09-15 19:00:00,76,33,43
2017-09-15 20:00:00,17,7,10
2017-09-15 21:00:00,16,9,7
2017-09-15 22:00:00,25,9,16
2017-09-15 23:00:00,7,0,7
2017-09-16 00:00:00,13,4,9
2017-09-16 01:00:00,2,0,2
2017-09-16 02:00:00,5,3,2
2017-09-16 03:00:00,4,1,3
2017-09-16 04:00:00,0,0,0
2017-09-16 05:00:00,4,2,2
2017-09-16 06:00:00,10,7,3
2017-09-16 07:00:00,24,9,15
2017-09-16 08:00:00,41,22,19
2017-09-16 09:00:00,64,41,23
2017-09-16 10:00:00,63,26,37
2017-09-16 11:00:00,75,39,36
2017-09-16 12:00:00,85,38,47
2017-09-16 13:00:00,95,44,51
2017-09-16 14:00:00,111,50,61
2017-09-16 15:00:00,150,67,83
2017-09-16 16:00:00,101,48,53
2017-09-16 17:00:00,77,28,49
2017-09-16 18:00:00,61,35,26
2017-09-16 19:00:00,39,28,11
2017-09-16 20:00:00,17,7,10
2017-09-16 21:00:00,13,4,9
2017-09-16 22:00:00,9,4,5
2017-09-16 23:00:00,24,5,19
2017-09-17 00:00:00,4,4,0
2017-09-17 01:00:00,2,2,0
2017-09-17 02:00:00,3,1,2
2017-09-17 03:00:00,0,0,0
2017-09-17 04:00:00,1,1,0
2017-09-17 05:00:00,2,0,2
2017-09-17 06:00:00,7,5,2
2017-09-17 07:00:00,19,7,12
2017-09-17 08:00:00,46,21,25
2017-09-17 09:00:00,67,33,34
2017-09-17 10:00:00,73,46,27
2017-09-17 11:00:00,66,35,31
2017-09-17 12:00:00,89,46,43
2017-09-17 13:00:00,71,37,34
2017-09-17 14:00:00,37,10,27
2017-09-17 15:00:00,21,5,16
2017-09-17 16:00:00,26,11,15
2017-09-17 17:00:00,9,4,5
2017-09-17 18:00:00,12,6,6
2017-09-17 19:00:00,15,6,9
2017-09-17 20:00:00,9,4,5
2017-09-17 21:00:00,1,0,1
2017-09-17 22:00:00,4,0,4
2017-09-17 23:00:00,2,0,2
2017-09-18 00:00:00,5,2,3
2017-09-18 01:00:00,0,0,0
2017-09-18 02:00:00,1,0,1
2017-09-18 03:00:00,2,1,1
2017-09-18 04:00:00,8,3,5
2017-09-18 05:00:00,16,8,8
2017-09-18 06:00:00,40,23,17
2017-09-18 07:00:00,105,69,36
2017-09-18 08:00:00,155,120,35
2017-09-18 09:00:00,87,64,23
2017-09-18 10:00:00,37,19,18
2017-09-18 11:00:00,33,15,18
2017-09-18 12:00:00,49,24,25
2017-09-18 13:00:00,35,17,18
2017-09-18 14:00:00,39,18,21
2017-09-18 15:00:00,70,34,36
2017-09-18 16:00:00,89,31,58
2017-09-18 17:00:00,197,51,146
2017-09-18 18:00:00,98,17,81
2017-09-18 19:00:00,18,3,15
2017-09-18 20:00:00,8,3,5
2017-09-18 21:00:00,4,1,3
2017-09-18 22:00:00,3,2,1
2017-09-18 23:00:00,1,0,1
2017-09-19 00:00:00,1,0,1
2017-09-19 01:00:00,2,0,2
2017-09-19 02:00:00,0,0,0
2017-09-19 03:00:00,1,1,0
2017-09-19 04:00:00,5,3,2
2017-09-19 05:00:00,13,7,6
2017-09-19 06:00:00,44,27,17
2017-09-19 07:00:00,116,73,43
2017-09-19 08:00:00,139,114,25
2017-09-19 09:00:00,72,51,21
2017-09-19 10:00:00,28,16,12
2017-09-19 11:00:00,16,7,9
2017-09-19 12:00:00,26,12,14
2017-09-19 13:00:00,16,7,9
2017-09-19 14:00:00,19,12,7
2017-09-19 15:00:00,35,17,18
2017-09-19 16:00:00,85,32,53
2017-09-19 17:00:00,172,44,128
2017-09-19 18:00:00,87,14,73
2017-09-19 19:00:00,12,6,6
2017-09-19 20:00:00,11,0,11
2017-09-19 21:00:00,7,2,5
2017-09-19 22:00:00,3,0,3
2017-09-19 23:00:00,1,1,0
2017-09-20 00:00:00,4,3,1
2017-09-20 01:00:00,2,0,2
2017-09-20 02:00:00,0,0,0
2017-09-20 03:00:00,4,3,1
2017-09-20 04:00:00,2,1,1
2017-09-20 05:00:00,12,8,4
2017-09-20 06:00:00,42,22,20
2017-09-20 07:00:00,122,88,34
2017-09-20 08:00:00,175,144,31
2017-09-20 09:00:00,86,62,24
2017-09-20 10:00:00,35,29,6
2017-09-20 11:00:00,24,9,15
2017-09-20 12:00:00,30,15,15
2017-09-20 13:00:00,26,12,14
2017-09-20 14:00:00,44,21,23
2017-09-20 15:00:00,81,36,45
2017-09-20 16:00:00,114,44,70
2017-09-20 17:00:00,204,48,156
2017-09-20 18:00:00,143,42,101
2017-09-20 19:00:00,38,10,28
2017-09-20 20:00:00,12,5,7
2017-09-20 21:00:00,9,3,6
2017-09-20 22:00:00,3,1,2
2017-09-20 23:00:00,2,1,1
2017-09-21 00:00:00,3,1,2
2017-09-21 01:00:00,0,0,0
2017-09-21 02:00:00,2,1,1
2017-09-21 03:00:00,6,3,3
2017-09-21 04:00:00,2,2,0
2017-09-21 05:00:00,14,9,5
2017-09-21 06:00:00,63,38,25
2017-09-21 07:00:00,109,73,36
2017-09-21 08:00:00,152,119,33
2017-09-21 09:00:00,81,58,23
2017-09-21 10:00:00,28,13,15
2017-09-21 11:00:00,30,16,14
2017-09-21 12:00:00,20,10,10
2017-09-21 13:00:00,45,24,21
2017-09-21 14:00:00,46,23,23
2017-09-21 15:00:00,74,39,35
2017-09-21 16:00:00,126,53,73
2017-09-21 17:00:00,223,75,148
2017-09-21 18:00:00,137,44,93
2017-09-21 19:00:00,56,28,28
2017-09-21 20:00:00,18,1,17
2017-09-21 21:00:00,19,5,14
2017-09-21 22:00:00,12,4,8
2017-09-21 23:00:00,10,1,9
2017-09-22 00:00:00,4,1,3
2017-09-22 01:00:00,0,0,0
2017-09-22 02:00:00,1,0,1
2017-09-22 03:00:00,2,1,1
2017-09-22 04:00:00,3,2,1
2017-09-22 05:00:00,8,3,5
2017-09-22 06:00:00,52,33,19
2017-09-22 07:00:00,138,88,50
2017-09-22 08:00:00,174,135,39
2017-09-22 09:00:00,94,64,30
2017-09-22 10:00:00,48,35,13
2017-09-22 11:00:00,52,22,30
2017-09-22 12:00:00,74,39,35
2017-09-22 13:00:00,64,23,41
2017-09-22 14:00:00,96,42,54
2017-09-22 15:00:00,131,57,74
2017-09-22 16:00:00,209,70,139
2017-09-22 17:00:00,231,65,166
2017-09-22 18:00:00,127,44,83
2017-09-22 19:00:00,55,28,27
2017-09-22 20:00:00,18,6,12
2017-09-22 21:00:00,8,3,5
2017-09-22 22:00:00,8,1,7
2017-09-22 23:00:00,12,5,7
2017-09-23 00:00:00,4,0,4
2017-09-23 01:00:00,3,1,2
2017-09-23 02:00:00,1,0,1
2017-09-23 03:00:00,2,0,2
2017-09-23 04:00:00,0,0,0
2017-09-23 05:00:00,2,1,1
2017-09-23 06:00:00,5,2,3
2017-09-23 07:00:00,18,7,11
2017-09-23 08:00:00,36,20,16
2017-09-23 09:00:00,42,19,23
2017-09-23 10:00:00,90,52,38
2017-09-23 11:00:00,81,43,38
2017-09-23 12:00:00,108,58,50
2017-09-23 13:00:00,144,75,69
2017-09-23 14:00:00,138,70,68
2017-09-23 15:00:00,123,65,58
2017-09-23 16:00:00,103,41,62
2017-09-23 17:00:00,115,53,62
2017-09-23 18:00:00,82,42,40
2017-09-23 19:00:00,39,19,20
2017-09-23 20:00:00,19,12,7
2017-09-23 21:00:00,14,6,8
2017-09-23 22:00:00,4,2,2
2017-09-23 23:00:00,13,0,13
2017-09-24 00:00:00,5,2,3
2017-09-24 01:00:00,4,3,1
2017-09-24 02:00:00,1,1,0
2017-09-24 03:00:00,1,1,0
2017-09-24 04:00:00,1,0,1
2017-09-24 05:00:00,2,1,1
2017-09-24 06:00:00,8,4,4
2017-09-24 07:00:00,16,9,7
2017-09-24 08:00:00,23,8,15
2017-09-24 09:00:00,68,36,32
2017-09-24 10:00:00,60,29,31
2017-09-24 11:00:00,98,47,51
2017-09-24 12:00:00,114,66,48
2017-09-24 13:00:00,101,49,52
2017-09-24 14:00:00,117,68,49
2017-09-24 15:00:00,123,57,66
2017-09-24 16:00:00,127,55,72
2017-09-24 17:00:00,126,47,79
2017-09-24 18:00:00,102,58,44
2017-09-24 19:00:00,41,19,22
2017-09-24 20:00:00,11,3,8
2017-09-24 21:00:00,11,9,2
2017-09-24 22:00:00,5,3,2
2017-09-24 23:00:00,2,1,1
2017-09-25 00:00:00,1,1,0
2017-09-25 01:00:00,1,0,1
2017-09-25 02:00:00,0,0,0
2017-09-25 03:00:00,1,1,0
2017-09-25 04:00:00,2,0,2
2017-09-25 05:00:00,17,13,4
2017-09-25 06:00:00,42,25,17
2017-09-25 07:00:00,112,77,35
2017-09-25 08:00:00,181,140,41
2017-09-25 09:00:00,92,69,23
2017-09-25 10:00:00,30,21,9
2017-09-25 11:00:00,29,16,13
2017-09-25 12:00:00,34,12,22
2017-09-25 13:00:00,22,12,10
2017-09-25 14:00:00,35,11,24
2017-09-25 15:00:00,52,20,32
2017-09-25 16:00:00,124,52,72
2017-09-25 17:00:00,221,65,156
2017-09-25 18:00:00,129,34,95
2017-09-25 19:00:00,44,19,25
2017-09-25 20:00:00,15,4,11
2017-09-25 21:00:00,9,7,2
2017-09-25 22:00:00,6,2,4
2017-09-25 23:00:00,4,2,2
2017-09-26 00:00:00,2,1,1
2017-09-26 01:00:00,4,1,3
2017-09-26 02:00:00,2,0,2
2017-09-26 03:00:00,2,1,1
2017-09-26 04:00:00,3,2,1
2017-09-26 05:00:00,16,10,6
2017-09-26 06:00:00,57,33,24
2017-09-26 07:00:00,162,118,44
2017-09-26 08:00:00,240,192,48
2017-09-26 09:00:00,108,79,29
2017-09-26 10:00:00,38,22,16
2017-09-26 11:00:00,42,18,24
2017-09-26 12:00:00,55,33,22
2017-09-26 13:00:00,49,25,24
2017-09-26 14:00:00,63,24,39
2017-09-26 15:00:00,115,44,71
2017-09-26 16:00:00,180,55,125
2017-09-26 17:00:00,324,112,212
2017-09-26 18:00:00,203,63,140
2017-09-26 19:00:00,59,26,33
2017-09-26 20:00:00,26,9,17
2017-09-26 21:00:00,13,6,7
2017-09-26 22:00:00,12,3,9
2017-09-26 23:00:00,5,2,3
2017-09-27 00:00:00,2,1,1
2017-09-27 01:00:00,2,0,2
2017-09-27 02:00:00,0,0,0
2017-09-27 03:00:00,1,1,0
2017-09-27 04:00:00,3,1,2
2017-09-27 05:00:00,16,12,4
2017-09-27 06:00:00,60,33,27
2017-09-27 07:00:00,141,87,54
2017-09-27 08:00:00,229,183,46
2017-09-27 09:00:00,102,71,31
2017-09-27 10:00:00,69,49,20
2017-09-27 11:00:00,63,33,30
2017-09-27 12:00:00,59,30,29
2017-09-27 13:00:00,74,35,39
2017-09-27 14:00:00,63,34,29
2017-09-27 15:00:00,120,70,50
2017-09-27 16:00:00,197,77,120
2017-09-27 17:00:00,305,89,216
2017-09-27 18:00:00,211,80,131
2017-09-27 19:00:00,80,40,40
2017-09-27 20:00:00,20,6,14
2017-09-27 21:00:00,43,7,36
2017-09-27 22:00:00,32,3,29
2017-09-27 23:00:00,13,2,11
2017-09-28 00:00:00,4,2,2
2017-09-28 01:00:00,2,1,1
2017-09-28 02:00:00,2,0,2
2017-09-28 03:00:00,1,0,1
2017-09-28 04:00:00,2,1,1
2017-09-28 05:00:00,15,12,3
2017-09-28 06:00:00,64,33,31
2017-09-28 07:00:00,174,121,53
2017-09-28 08:00:00,211,160,51
2017-09-28 09:00:00,90,59,31
2017-09-28 10:00:00,67,39,28
2017-09-28 11:00:00,64,29,35
2017-09-28 12:00:00,83,44,39
2017-09-28 13:00:00,90,43,47
2017-09-28 14:00:00,113,46,67
2017-09-28 15:00:00,139,66,73
2017-09-28 16:00:00,228,80,148
2017-09-28 17:00:00,300,89,211
2017-09-28 18:00:00,208,68,140
2017-09-28 19:00:00,148,51,97
2017-09-28 20:00:00,26,11,15
2017-09-28 21:00:00,26,8,18
2017-09-28 22:00:00,6,3,3
2017-09-28 23:00:00,6,5,1
2017-09-29 00:00:00,11,9,2
2017-09-29 01:00:00,5,4,1
2017-09-29 02:00:00,1,0,1
2017-09-29 03:00:00,1,1,0
2017-09-29 04:00:00,3,2,1
2017-09-29 05:00:00,17,11,6
2017-09-29 06:00:00,35,21,14
2017-09-29 07:00:00,90,58,32
2017-09-29 08:00:00,129,100,29
2017-09-29 09:00:00,45,30,15
2017-09-29 10:00:00,21,16,5
2017-09-29 11:00:00,19,9,10
2017-09-29 12:00:00,29,14,15
2017-09-29 13:00:00,17,8,9
2017-09-29 14:00:00,35,16,19
2017-09-29 15:00:00,64,25,39
2017-09-29 16:00:00,150,69,81
2017-09-29 17:00:00,182,61,121
2017-09-29 18:00:00,90,33,57
2017-09-29 19:00:00,44,18,26
2017-09-29 20:00:00,11,5,6
2017-09-29 21:00:00,8,6,2
2017-09-29 22:00:00,4,0,4
2017-09-29 23:00:00,4,1,3
2017-09-30 00:00:00,8,2,6
2017-09-30 01:00:00,2,0,2
2017-09-30 02:00:00,2,0,2
2017-09-30 03:00:00,0,0,0
2017-09-30 04:00:00,0,0,0
2017-09-30 05:00:00,0,0,0
2017-09-30 06:00:00,5,3,2
2017-09-30 07:00:00,17,6,11
2017-09-30 08:00:00,19,13,6
2017-09-30 09:00:00,35,17,18
2017-09-30 10:00:00,44,22,22
2017-09-30 11:00:00,80,37,43
2017-09-30 12:00:00,72,38,34
2017-09-30 13:00:00,89,47,42
2017-09-30 14:00:00,90,37,53
2017-09-30 15:00:00,67,33,34
2017-09-30 16:00:00,45,19,26
2017-09-30 17:00:00,41,16,25
2017-09-30 18:00:00,32,18,14
2017-09-30 19:00:00,19,10,9
2017-09-30 20:00:00,7,3,4
2017-09-30 21:00:00,6,4,2
2017-09-30 22:00:00,10,7,3
2017-09-30 23:00:00,10,4,6
2017-10-01 00:00:00,13,0,13
2017-10-01 01:00:00,3,0,3
2017-10-01 02:00:00,0,0,0
2017-10-01 03:00:00,1,1,0
2017-10-01 04:00:00,3,0,3
2017-10-01 05:00:00,1,1,0
2017-10-01 06:00:00,5,3,2
2017-10-01 07:00:00,6,3,3
2017-10-01 08:00:00,21,6,15
2017-10-01 09:00:00,24,12,12
2017-10-01 10:00:00,51,26,25
2017-10-01 11:00:00,78,50,28
2017-10-01 12:00:00,67,36,31
2017-10-01 13:00:00,99,43,56
2017-10-01 14:00:00,91,37,54
2017-10-01 15:00:00,85,46,39
2017-10-01 16:00:00,62,33,29
2017-10-01 17:00:00,66,37,29
2017-10-01 18:00:00,38,24,14
2017-10-01 19:00:00,36,8,28
2017-10-01 20:00:00,13,5,8
2017-10-01 21:00:00,16,1,15
2017-10-01 22:00:00,8,1,7
2017-10-01 23:00:00,3,1,2
2017-10-02 00:00:00,0,0,0
2017-10-02 01:00:00,1,0,1
2017-10-02 02:00:00,1,0,1
2017-10-02 03:00:00,2,1,1
2017-10-02 04:00:00,6,2,4
2017-10-02 05:00:00,17,11,6
2017-10-02 06:00:00,47,29,18
2017-10-02 07:00:00,137,94,43
2017-10-02 08:00:00,209,177,32
2017-10-02 09:00:00,92,64,28
2017-10-02 10:00:00,50,28,22
2017-10-02 11:00:00,28,17,11
2017-10-02 12:00:00,47,25,22
2017-10-02 13:00:00,33,15,18
2017-10-02 14:00:00,48,28,20
2017-10-02 15:00:00,66,27,39
2017-10-02 16:00:00,141,57,84
2017-10-02 17:00:00,316,91,225
2017-10-02 18:00:00,142,33,109
2017-10-02 19:00:00,50,17,33
2017-10-02 20:00:00,14,4,10
2017-10-02 21:00:00,14,6,8
2017-10-02 22:00:00,13,4,9
2017-10-02 23:00:00,11,6,5
2017-10-03 00:00:00,5,2,3
2017-10-03 01:00:00,3,1,2
2017-10-03 02:00:00,1,0,1
2017-10-03 03:00:00,3,2,1
2017-10-03 04:00:00,2,1,1
2017-10-03 05:00:00,17,14,3
2017-10-03 06:00:00,64,30,34
2017-10-03 07:00:00,163,106,57
2017-10-03 08:00:00,202,151,51
2017-10-03 09:00:00,93,63,30
2017-10-03 10:00:00,30,18,12
2017-10-03 11:00:00,40,20,20
2017-10-03 12:00:00,53,33,20
2017-10-03 13:00:00,45,19,26
2017-10-03 14:00:00,79,45,34
2017-10-03 15:00:00,101,48,53
2017-10-03 16:00:00,187,69,118
2017-10-03 17:00:00,287,97,190
2017-10-03 18:00:00,166,39,127
2017-10-03 19:00:00,45,17,28
2017-10-03 20:00:00,12,3,9
2017-10-03 21:00:00,14,6,8
2017-10-03 22:00:00,8,2,6
2017-10-03 23:00:00,5,3,2
2017-10-04 00:00:00,3,1,2
2017-10-04 01:00:00,4,2,2
2017-10-04 02:00:00,2,0,2
2017-10-04 03:00:00,1,1,0
2017-10-04 04:00:00,2,2,0
2017-10-04 05:00:00,22,15,7
2017-10-04 06:00:00,51,22,29
2017-10-04 07:00:00,180,118,62
2017-10-04 08:00:00,219,168,51
2017-10-04 09:00:00,109,72,37
2017-10-04 10:00:00,49,32,17
2017-10-04 11:00:00,35,14,21
2017-10-04 12:00:00,32,14,18
2017-10-04 13:00:00,50,20,30
2017-10-04 14:00:00,81,32,49
2017-10-04 15:00:00,93,40,53
2017-10-04 16:00:00,184,76,108
2017-10-04 17:00:00,288,91,197
2017-10-04 18:00:00,168,58,110
2017-10-04 19:00:00,44,18,26
2017-10-04 20:00:00,16,7,9
2017-10-04 21:00:00,15,6,9
2017-10-04 22:00:00,5,2,3
2017-10-04 23:00:00,11,4,7
2017-10-05 00:00:00,11,5,6
2017-10-05 01:00:00,0,0,0
2017-10-05 02:00:00,0,0,0
2017-10-05 03:00:00,3,2,1
2017-10-05 04:00:00,2,1,1
2017-10-05 05:00:00,15,12,3
2017-10-05 06:00:00,59,29,30
2017-10-05 07:00:00,141,89,52
2017-10-05 08:00:00,212,164,48
2017-10-05 09:00:00,94,76,18
2017-10-05 10:00:00,50,30,20
2017-10-05 11:00:00,29,16,13
2017-10-05 12:00:00,43,22,21
2017-10-05 13:00:00,40,22,18
2017-10-05 14:00:00,66,27,39
2017-10-05 15:00:00,91,43,48
2017-10-05 16:00:00,175,56,119
2017-10-05 17:00:00,276,81,195
2017-10-05 18:00:00,145,40,105
2017-10-05 19:00:00,45,19,26
2017-10-05 20:00:00,16,6,10
2017-10-05 21:00:00,33,23,10
2017-10-05 22:00:00,13,3,10
2017-10-05 23:00:00,10,2,8
2017-10-06 00:00:00,3,3,0
2017-10-06 01:00:00,1,0,1
2017-10-06 02:00:00,2,0,2
2017-10-06 03:00:00,1,1,0
2017-10-06 04:00:00,0,0,0
2017-10-06 05:00:00,18,13,5
2017-10-06 06:00:00,25,7,18
2017-10-06 07:00:00,120,83,37
2017-10-06 08:00:00,164,115,49
2017-10-06 09:00:00,92,64,28
2017-10-06 10:00:00,46,27,19
2017-10-06 11:00:00,40,22,18
2017-10-06 12:00:00,53,26,27
2017-10-06 13:00:00,56,28,28
2017-10-06 14:00:00,68,29,39
2017-10-06 15:00:00,83,43,40
2017-10-06 16:00:00,138,43,95
2017-10-06 17:00:00,176,52,124
2017-10-06 18:00:00,75,18,57
2017-10-06 19:00:00,22,14,8
2017-10-06 20:00:00,6,3,3
2017-10-06 21:00:00,8,6,2
2017-10-06 22:00:00,0,0,0
2017-10-06 23:00:00,8,1,7
2017-10-07 00:00:00,7,1,6
2017-10-07 01:00:00,1,0,1
2017-10-07 02:00:00,0,0,0
2017-10-07 03:00:00,3,1,2
2017-10-07 04:00:00,0,0,0
2017-10-07 05:00:00,0,0,0
2017-10-07 06:00:00,1,1,0
2017-10-07 07:00:00,5,3,2
2017-10-07 08:00:00,23,15,8
2017-10-07 09:00:00,38,19,19
2017-10-07 10:00:00,41,23,18
2017-10-07 11:00:00,71,36,35
2017-10-07 12:00:00,70,35,35
2017-10-07 13:00:00,60,33,27
2017-10-07 14:00:00,53,23,30
2017-10-07 15:00:00,38,20,18
2017-10-07 16:00:00,37,17,20
2017-10-07 17:00:00,32,11,21
2017-10-07 18:00:00,23,8,15
2017-10-07 19:00:00,9,2,7
2017-10-07 20:00:00,7,4,3
2017-10-07 21:00:00,4,4,0
2017-10-07 22:00:00,7,1,6
2017-10-07 23:00:00,8,2,6
2017-10-08 00:00:00,3,0,3
2017-10-08 01:00:00,2,0,2
2017-10-08 02:00:00,0,0,0
2017-10-08 03:00:00,1,0,1
2017-10-08 04:00:00,0,0,0
2017-10-08 05:00:00,0,0,0
2017-10-08 06:00:00,4,1,3
2017-10-08 07:00:00,9,4,5
2017-10-08 08:00:00,21,11,10
2017-10-08 09:00:00,37,23,14
2017-10-08 10:00:00,47,26,21
2017-10-08 11:00:00,84,45,39
2017-10-08 12:00:00,59,32,27
2017-10-08 13:00:00,65,28,37
2017-10-08 14:00:00,98,50,48
2017-10-08 15:00:00,87,40,47
2017-10-08 16:00:00,111,58,53
2017-10-08 17:00:00,87,42,45
2017-10-08 18:00:00,68,33,35
2017-10-08 19:00:00,43,19,24
2017-10-08 20:00:00,10,6,4
2017-10-08 21:00:00,17,10,7
2017-10-08 22:00:00,2,1,1
2017-10-08 23:00:00,5,3,2
2017-10-09 00:00:00,2,0,2
2017-10-09 01:00:00,1,0,1
2017-10-09 02:00:00,1,0,1
2017-10-09 03:00:00,0,0,0
2017-10-09 04:00:00,0,0,0
2017-10-09 05:00:00,12,5,7
2017-10-09 06:00:00,40,22,18
2017-10-09 07:00:00,121,82,39
2017-10-09 08:00:00,179,151,28
2017-10-09 09:00:00,93,64,29
2017-10-09 10:00:00,44,21,23
2017-10-09 11:00:00,48,26,22
2017-10-09 12:00:00,43,21,22
2017-10-09 13:00:00,49,29,20
2017-10-09 14:00:00,64,31,33
2017-10-09 15:00:00,82,36,46
2017-10-09 16:00:00,151,56,95
2017-10-09 17:00:00,264,77,187
2017-10-09 18:00:00,153,48,105
2017-10-09 19:00:00,53,23,30
2017-10-09 20:00:00,14,3,11
2017-10-09 21:00:00,11,4,7
2017-10-09 22:00:00,5,2,3
2017-10-09 23:00:00,11,2,9
2017-10-10 00:00:00,6,5,1
2017-10-10 01:00:00,3,0,3
2017-10-10 02:00:00,1,0,1
2017-10-10 03:00:00,1,1,0
2017-10-10 04:00:00,0,0,0
2017-10-10 05:00:00,9,5,4
2017-10-10 06:00:00,64,40,24
2017-10-10 07:00:00,127,79,48
2017-10-10 08:00:00,174,128,46
2017-10-10 09:00:00,81,51,30
2017-10-10 10:00:00,37,23,14
2017-10-10 11:00:00,23,13,10
2017-10-10 12:00:00,27,14,13
2017-10-10 13:00:00,17,10,7
2017-10-10 14:00:00,30,13,17
2017-10-10 15:00:00,49,25,24
2017-10-10 16:00:00,113,49,64
2017-10-10 17:00:00,219,57,162
2017-10-10 18:00:00,105,27,78
2017-10-10 19:00:00,40,8,32
2017-10-10 20:00:00,15,9,6
2017-10-10 21:00:00,14,6,8
2017-10-10 22:00:00,4,2,2
2017-10-10 23:00:00,6,0,6
2017-10-11 00:00:00,4,4,0
2017-10-11 01:00:00,3,1,2
2017-10-11 02:00:00,1,0,1
2017-10-11 03:00:00,1,1,0
2017-10-11 04:00:00,0,0,0
2017-10-11 05:00:00,18,11,7
2017-10-11 06:00:00,56,31,25
2017-10-11 07:00:00,122,76,46
2017-10-11 08:00:00,173,144,29
2017-10-11 09:00:00,81,60,21
2017-10-11 10:00:00,33,17,16
2017-10-11 11:00:00,31,12,19
2017-10-11 12:00:00,31,20,11
2017-10-11 13:00:00,47,23,24
2017-10-11 14:00:00,38,21,17
2017-10-11 15:00:00,62,31,31
2017-10-11 16:00:00,111,40,71
2017-10-11 17:00:00,200,46,154
2017-10-11 18:00:00,100,31,69
2017-10-11 19:00:00,36,8,28
2017-10-11 20:00:00,15,6,9
2017-10-11 21:00:00,15,5,10
2017-10-11 22:00:00,5,1,4
2017-10-11 23:00:00,1,0,1
2017-10-12 00:00:00,0,0,0
2017-10-12 01:00:00,1,0,1
2017-10-12 02:00:00,2,0,2
2017-10-12 03:00:00,2,2,0
2017-10-12 04:00:00,1,1,0
2017-10-12 05:00:00,18,11,7
2017-10-12 06:00:00,33,19,14
2017-10-12 07:00:00,112,74,38
2017-10-12 08:00:00,147,115,32
2017-10-12 09:00:00,65,44,21
2017-10-12 10:00:00,25,17,8
2017-10-12 11:00:00,18,10,8
2017-10-12 12:00:00,16,4,12
2017-10-12 13:00:00,10,1,9
2017-10-12 14:00:00,21,11,10
2017-10-12 15:00:00,30,19,11
2017-10-12 16:00:00,95,34,61
2017-10-12 17:00:00,167,43,124
2017-10-12 18:00:00,64,14,50
2017-10-12 19:00:00,27,6,21
2017-10-12 20:00:00,11,6,5
2017-10-12 21:00:00,15,3,12
2017-10-12 22:00:00,3,1,2
2017-10-12 23:00:00,1,0,1
2017-10-13 00:00:00,1,0,1
2017-10-13 01:00:00,2,0,2
2017-10-13 02:00:00,1,0,1
2017-10-13 03:00:00,2,2,0
2017-10-13 04:00:00,1,1,0
2017-10-13 05:00:00,18,13,5
2017-10-13 06:00:00,38,18,20
2017-10-13 07:00:00,95,64,31
2017-10-13 08:00:00,138,105,33
2017-10-13 09:00:00,63,46,17
2017-10-13 10:00:00,21,11,10
2017-10-13 11:00:00,31,14,17
2017-10-13 12:00:00,41,20,21
2017-10-13 13:00:00,27,12,15
2017-10-13 14:00:00,49,18,31
2017-10-13 15:00:00,74,35,39
2017-10-13 16:00:00,134,52,82
2017-10-13 17:00:00,183,68,115
2017-10-13 18:00:00,104,30,74
2017-10-13 19:00:00,25,10,15
2017-10-13 20:00:00,7,0,7
2017-10-13 21:00:00,11,6,5
2017-10-13 22:00:00,8,1,7
2017-10-13 23:00:00,6,3,3
2017-10-14 00:00:00,12,4,8
2017-10-14 01:00:00,0,0,0
2017-10-14 02:00:00,2,0,2
2017-10-14 03:00:00,1,0,1
2017-10-14 04:00:00,0,0,0
2017-10-14 05:00:00,0,0,0
2017-10-14 06:00:00,3,3,0
2017-10-14 07:00:00,7,2,5
2017-10-14 08:00:00,18,11,7
2017-10-14 09:00:00,21,10,11
2017-10-14 10:00:00,46,25,21
2017-10-14 11:00:00,62,34,28
2017-10-14 12:00:00,63,30,33
2017-10-14 13:00:00,62,23,39
2017-10-14 14:00:00,91,42,49
2017-10-14 15:00:00,78,37,41
2017-10-14 16:00:00,73,27,46
2017-10-14 17:00:00,79,45,34
2017-10-14 18:00:00,75,36,39
2017-10-14 19:00:00,18,12,6
2017-10-14 20:00:00,11,2,9
2017-10-14 21:00:00,9,7,2
2017-10-14 22:00:00,8,6,2
2017-10-14 23:00:00,22,2,20
2017-10-15 00:00:00,5,4,1
2017-10-15 01:00:00,0,0,0
2017-10-15 02:00:00,1,0,1
2017-10-15 03:00:00,3,0,3
2017-10-15 04:00:00,1,0,1
2017-10-15 05:00:00,0,0,0
2017-10-15 06:00:00,3,2,1
2017-10-15 07:00:00,8,5,3
2017-10-15 08:00:00,11,6,5
2017-10-15 09:00:00,41,21,20
2017-10-15 10:00:00,69,27,42
2017-10-15 11:00:00,86,45,41
2017-10-15 12:00:00,137,75,62
2017-10-15 13:00:00,127,65,62
2017-10-15 14:00:00,153,83,70
2017-10-15 15:00:00,189,92,97
2017-10-15 16:00:00,158,79,79
2017-10-15 17:00:00,103,60,43
2017-10-15 18:00:00,83,33,50
2017-10-15 19:00:00,31,10,21
2017-10-15 20:00:00,9,1,8
2017-10-15 21:00:00,2,0,2
2017-10-15 22:00:00,5,4,1
2017-10-15 23:00:00,3,0,3
2017-10-16 00:00:00,5,1,4
2017-10-16 01:00:00,0,0,0
2017-10-16 02:00:00,1,1,0
2017-10-16 03:00:00,2,2,0
2017-10-16 04:00:00,1,1,0
2017-10-16 05:00:00,18,14,4
2017-10-16 06:00:00,58,33,25
2017-10-16 07:00:00,131,85,46
2017-10-16 08:00:00,210,173,37
2017-10-16 09:00:00,110,88,22
2017-10-16 10:00:00,32,23,9
2017-10-16 11:00:00,32,14,18
2017-10-16 12:00:00,35,15,20
2017-10-16 13:00:00,48,28,20
2017-10-16 14:00:00,74,34,40
2017-10-16 15:00:00,71,32,39
2017-10-16 16:00:00,167,62,105
2017-10-16 17:00:00,291,82,209
2017-10-16 18:00:00,147,32,115
2017-10-16 19:00:00,42,12,30
2017-10-16 20:00:00,6,1,5
2017-10-16 21:00:00,6,3,3
2017-10-16 22:00:00,6,2,4
2017-10-16 23:00:00,1,0,1
2017-10-17 00:00:00,2,1,1
2017-10-17 01:00:00,1,0,1
2017-10-17 02:00:00,1,0,1
2017-10-17 03:00:00,0,0,0
2017-10-17 04:00:00,0,0,0
2017-10-17 05:00:00,15,9,6
2017-10-17 06:00:00,49,25,24
2017-10-17 07:00:00,100,71,29
2017-10-17 08:00:00,124,92,32
2017-10-17 09:00:00,53,48,5
2017-10-17 10:00:00,17,14,3
2017-10-17 11:00:00,12,3,9
2017-10-17 12:00:00,14,8,6
2017-10-17 13:00:00,20,7,13
2017-10-17 14:00:00,19,9,10
2017-10-17 15:00:00,47,26,21
2017-10-17 16:00:00,97,36,61
2017-10-17 17:00:00,167,42,125
2017-10-17 18:00:00,80,23,57
2017-10-17 19:00:00,26,10,16
2017-10-17 20:00:00,9,2,7
2017-10-17 21:00:00,20,10,10
2017-10-17 22:00:00,6,2,4
2017-10-17 23:00:00,5,1,4
2017-10-18 00:00:00,2,0,2
2017-10-18 01:00:00,5,2,3
2017-10-18 02:00:00,2,2,0
2017-10-18 03:00:00,1,1,0
2017-10-18 04:00:00,0,0,0
2017-10-18 05:00:00,14,12,2
2017-10-18 06:00:00,42,24,18
2017-10-18 07:00:00,106,66,40
2017-10-18 08:00:00,153,119,34
2017-10-18 09:00:00,56,41,15
2017-10-18 10:00:00,18,13,5
2017-10-18 11:00:00,7,3,4
2017-10-18 12:00:00,4,0,4
2017-10-18 13:00:00,8,3,5
2017-10-18 14:00:00,27,8,19
2017-10-18 15:00:00,40,14,26
2017-10-18 16:00:00,87,35,52
2017-10-18 17:00:00,127,32,95
2017-10-18 18:00:00,53,11,42
2017-10-18 19:00:00,12,2,10
2017-10-18 20:00:00,7,1,6
2017-10-18 21:00:00,1,0,1
2017-10-18 22:00:00,1,1,0
2017-10-18 23:00:00,0,0,0
2017-10-19 00:00:00,0,0,0
2017-10-19 01:00:00,0,0,0
2017-10-19 02:00:00,1,0,1
2017-10-19 03:00:00,1,1,0
2017-10-19 04:00:00,1,0,1
2017-10-19 05:00:00,12,5,7
2017-10-19 06:00:00,33,20,13
2017-10-19 07:00:00,69,44,25
2017-10-19 08:00:00,118,94,24
2017-10-19 09:00:00,56,39,17
2017-10-19 10:00:00,10,7,3
2017-10-19 11:00:00,13,7,6
2017-10-19 12:00:00,26,10,16
2017-10-19 13:00:00,19,7,12
2017-10-19 14:00:00,26,9,17
2017-10-19 15:00:00,31,18,13
2017-10-19 16:00:00,57,24,33
2017-10-19 17:00:00,117,29,88
2017-10-19 18:00:00,56,13,43
2017-10-19 19:00:00,20,2,18
2017-10-19 20:00:00,5,1,4
2017-10-19 21:00:00,6,1,5
2017-10-19 22:00:00,2,0,2
2017-10-19 23:00:00,3,0,3
2017-10-20 00:00:00,0,0,0
2017-10-20 01:00:00,0,0,0
2017-10-20 02:00:00,1,0,1
2017-10-20 03:00:00,1,1,0
2017-10-20 04:00:00,1,0,1
2017-10-20 05:00:00,17,11,6
2017-10-20 06:00:00,28,16,12
2017-10-20 07:00:00,77,50,27
2017-10-20 08:00:00,117,90,27
2017-10-20 09:00:00,44,29,15
2017-10-20 10:00:00,15,7,8
2017-10-20 11:00:00,11,6,5
2017-10-20 12:00:00,7,2,5
2017-10-20 13:00:00,18,10,8
2017-10-20 14:00:00,30,11,19
2017-10-20 15:00:00,59,26,33
2017-10-20 16:00:00,85,33,52
2017-10-20 17:00:00,127,32,95
2017-10-20 18:00:00,67,18,49
2017-10-20 19:00:00,14,6,8
2017-10-20 20:00:00,5,1,4
2017-10-20 21:00:00,11,5,6
2017-10-20 22:00:00,4,2,2
2017-10-20 23:00:00,7,3,4
2017-10-21 00:00:00,15,6,9
2017-10-21 01:00:00,2,1,1
2017-10-21 02:00:00,2,2,0
2017-10-21 03:00:00,0,0,0
2017-10-21 04:00:00,1,1,0
2017-10-21 05:00:00,1,0,1
2017-10-21 06:00:00,3,3,0
2017-10-21 07:00:00,5,1,4
2017-10-21 08:00:00,6,2,4
2017-10-21 09:00:00,9,7,2
2017-10-21 10:00:00,10,7,3
2017-10-21 11:00:00,8,6,2
2017-10-21 12:00:00,13,8,5
2017-10-21 13:00:00,14,3,11
2017-10-21 14:00:00,8,4,4
2017-10-21 15:00:00,9,4,5
2017-10-21 16:00:00,9,3,6
2017-10-21 17:00:00,10,4,6
2017-10-21 18:00:00,6,3,3
2017-10-21 19:00:00,1,0,1
2017-10-21 20:00:00,2,1,1
2017-10-21 21:00:00,3,2,1
2017-10-21 22:00:00,0,0,0
2017-10-21 23:00:00,4,1,3
2017-10-22 00:00:00,1,1,0
2017-10-22 01:00:00,1,0,1
2017-10-22 02:00:00,0,0,0
2017-10-22 03:00:00,2,1,1
2017-10-22 04:00:00,0,0,0
2017-10-22 05:00:00,0,0,0
2017-10-22 06:00:00,3,1,2
2017-10-22 07:00:00,4,1,3
2017-10-22 08:00:00,8,4,4
2017-10-22 09:00:00,30,15,15
2017-10-22 10:00:00,44,30,14
2017-10-22 11:00:00,73,37,36
2017-10-22 12:00:00,119,72,47
2017-10-22 13:00:00,71,37,34
2017-10-22 14:00:00,47,28,19
2017-10-22 15:00:00,92,30,62
2017-10-22 16:00:00,99,44,55
2017-10-22 17:00:00,63,22,41
2017-10-22 18:00:00,29,12,17
2017-10-22 19:00:00,10,3,7
2017-10-22 20:00:00,12,3,9
2017-10-22 21:00:00,4,1,3
2017-10-22 22:00:00,6,3,3
2017-10-22 23:00:00,4,0,4
2017-10-23 00:00:00,4,1,3
2017-10-23 01:00:00,1,0,1
2017-10-23 02:00:00,2,1,1
2017-10-23 03:00:00,1,0,1
2017-10-23 04:00:00,0,0,0
2017-10-23 05:00:00,12,3,9
2017-10-23 06:00:00,66,40,26
2017-10-23 07:00:00,130,84,46
2017-10-23 08:00:00,219,178,41
2017-10-23 09:00:00,104,74,30
2017-10-23 10:00:00,50,23,27
2017-10-23 11:00:00,30,20,10
2017-10-23 12:00:00,58,23,35
2017-10-23 13:00:00,48,31,17
2017-10-23 14:00:00,62,37,25
2017-10-23 15:00:00,115,60,55
2017-10-23 16:00:00,165,60,105
2017-10-23 17:00:00,252,57,195
2017-10-23 18:00:00,139,42,97
2017-10-23 19:00:00,30,9,21
2017-10-23 20:00:00,18,5,13
2017-10-23 21:00:00,10,5,5
2017-10-23 22:00:00,8,4,4
2017-10-23 23:00:00,7,2,5
2017-10-24 00:00:00,2,1,1
2017-10-24 01:00:00,1,0,1
2017-10-24 02:00:00,0,0,0
2017-10-24 03:00:00,0,0,0
2017-10-24 04:00:00,0,0,0
2017-10-24 05:00:00,16,13,3
2017-10-24 06:00:00,60,29,31
2017-10-24 07:00:00,128,87,41
2017-10-24 08:00:00,212,170,42
2017-10-24 09:00:00,104,69,35
2017-10-24 10:00:00,52,28,24
2017-10-24 11:00:00,53,23,30
2017-10-24 12:00:00,58,27,31
2017-10-24 13:00:00,62,37,25
2017-10-24 14:00:00,64,32,32
2017-10-24 15:00:00,104,51,53
2017-10-24 16:00:00,198,78,120
2017-10-24 17:00:00,294,88,206
2017-10-24 18:00:00,157,49,108
2017-10-24 19:00:00,27,11,16
2017-10-24 20:00:00,17,2,15
2017-10-24 21:00:00,14,4,10
2017-10-24 22:00:00,5,1,4
2017-10-24 23:00:00,6,3,3
2017-10-25 00:00:00,3,2,1
2017-10-25 01:00:00,6,3,3
2017-10-25 02:00:00,0,0,0
2017-10-25 03:00:00,0,0,0
2017-10-25 04:00:00,3,0,3
2017-10-25 05:00:00,18,15,3
2017-10-25 06:00:00,51,31,20
2017-10-25 07:00:00,121,80,41
2017-10-25 08:00:00,176,140,36
2017-10-25 09:00:00,85,64,21
2017-10-25 10:00:00,25,14,11
2017-10-25 11:00:00,19,8,11
2017-10-25 12:00:00,20,9,11
2017-10-25 13:00:00,23,15,8
2017-10-25 14:00:00,44,23,21
2017-10-25 15:00:00,56,26,30
2017-10-25 16:00:00,117,41,76
2017-10-25 17:00:00,211,43,168
2017-10-25 18:00:00,100,25,75
2017-10-25 19:00:00,18,3,15
2017-10-25 20:00:00,15,3,12
2017-10-25 21:00:00,11,4,7
2017-10-25 22:00:00,9,4,5
2017-10-25 23:00:00,4,1,3
2017-10-26 00:00:00,1,0,1
2017-10-26 01:00:00,1,0,1
2017-10-26 02:00:00,2,0,2
2017-10-26 03:00:00,0,0,0
2017-10-26 04:00:00,3,1,2
2017-10-26 05:00:00,10,7,3
2017-10-26 06:00:00,53,36,17
2017-10-26 07:00:00,119,76,43
2017-10-26 08:00:00,161,131,30
2017-10-26 09:00:00,88,70,18
2017-10-26 10:00:00,31,20,11
2017-10-26 11:00:00,23,13,10
2017-10-26 12:00:00,41,20,21
2017-10-26 13:00:00,39,15,24
2017-10-26 14:00:00,48,19,29
2017-10-26 15:00:00,66,27,39
2017-10-26 16:00:00,148,59,89
2017-10-26 17:00:00,255,87,168
2017-10-26 18:00:00,118,39,79
2017-10-26 19:00:00,36,10,26
2017-10-26 20:00:00,16,3,13
2017-10-26 21:00:00,9,3,6
2017-10-26 22:00:00,8,0,8
2017-10-26 23:00:00,4,1,3
2017-10-27 00:00:00,2,0,2
2017-10-27 01:00:00,0,0,0
2017-10-27 02:00:00,0,0,0
2017-10-27 03:00:00,1,1,0
2017-10-27 04:00:00,0,0,0
2017-10-27 05:00:00,21,15,6
2017-10-27 06:00:00,38,20,18
2017-10-27 07:00:00,125,82,43
2017-10-27 08:00:00,154,107,47
2017-10-27 09:00:00,80,51,29
2017-10-27 10:00:00,35,25,10
2017-10-27 11:00:00,27,15,12
2017-10-27 12:00:00,55,26,29
2017-10-27 13:00:00,53,14,39
2017-10-27 14:00:00,72,23,49
2017-10-27 15:00:00,109,52,57
2017-10-27 16:00:00,207,87,120
2017-10-27 17:00:00,246,93,153
2017-10-27 18:00:00,103,42,61
2017-10-27 19:00:00,19,6,13
2017-10-27 20:00:00,10,1,9
2017-10-27 21:00:00,9,4,5
2017-10-27 22:00:00,6,4,2
2017-10-27 23:00:00,2,0,2
2017-10-28 00:00:00,3,0,3
2017-10-28 01:00:00,10,6,4
2017-10-28 02:00:00,3,1,2
2017-10-28 03:00:00,0,0,0
2017-10-28 04:00:00,2,1,1
2017-10-28 05:00:00,0,0,0
2017-10-28 06:00:00,9,4,5
2017-10-28 07:00:00,14,5,9
2017-10-28 08:00:00,29,21,8
2017-10-28 09:00:00,37,28,9
2017-10-28 10:00:00,51,23,28
2017-10-28 11:00:00,77,34,43
2017-10-28 12:00:00,97,54,43
2017-10-28 13:00:00,109,61,48
2017-10-28 14:00:00,86,44,42
2017-10-28 15:00:00,131,63,68
2017-10-28 16:00:00,135,54,81
2017-10-28 17:00:00,93,48,45
2017-10-28 18:00:00,57,38,19
2017-10-28 19:00:00,13,6,7
2017-10-28 20:00:00,9,5,4
2017-10-28 21:00:00,2,1,1
2017-10-28 22:00:00,11,2,9
2017-10-28 23:00:00,0,0,0
2017-10-29 00:00:00,13,2,11
2017-10-29 01:00:00,3,0,3
2017-10-29 02:00:00,1,1,0
2017-10-29 03:00:00,0,0,0
2017-10-29 04:00:00,0,0,0
2017-10-29 05:00:00,1,1,0
2017-10-29 06:00:00,5,3,2
2017-10-29 07:00:00,14,3,11
2017-10-29 08:00:00,15,11,4
2017-10-29 09:00:00,43,20,23
2017-10-29 10:00:00,53,30,23
2017-10-29 11:00:00,54,27,27
2017-10-29 12:00:00,70,46,24
2017-10-29 13:00:00,51,18,33
2017-10-29 14:00:00,82,35,47
2017-10-29 15:00:00,72,32,40
2017-10-29 16:00:00,67,33,34
2017-10-29 17:00:00,90,40,50
2017-10-29 18:00:00,50,28,22
2017-10-29 19:00:00,16,3,13
2017-10-29 20:00:00,7,2,5
2017-10-29 21:00:00,10,9,1
2017-10-29 22:00:00,3,0,3
2017-10-29 23:00:00,2,1,1
2017-10-30 00:00:00,3,1,2
2017-10-30 01:00:00,0,0,0
2017-10-30 02:00:00,0,0,0
2017-10-30 03:00:00,3,1,2
2017-10-30 04:00:00,4,1,3
2017-10-30 05:00:00,12,4,8
2017-10-30 06:00:00,55,35,20
2017-10-30 07:00:00,150,93,57
2017-10-30 08:00:00,209,174,35
2017-10-30 09:00:00,76,45,31
2017-10-30 10:00:00,39,25,14
2017-10-30 11:00:00,31,18,13
2017-10-30 12:00:00,37,16,21
2017-10-30 13:00:00,45,20,25
2017-10-30 14:00:00,65,37,28
2017-10-30 15:00:00,91,43,48
2017-10-30 16:00:00,182,67,115
2017-10-30 17:00:00,267,69,198
2017-10-30 18:00:00,130,35,95
2017-10-30 19:00:00,31,7,24
2017-10-30 20:00:00,14,3,11
2017-10-30 21:00:00,7,4,3
2017-10-30 22:00:00,5,2,3
2017-10-30 23:00:00,3,2,1
2017-10-31 00:00:00,5,1,4
2017-10-31 01:00:00,2,1,1
2017-10-31 02:00:00,1,0,1
2017-10-31 03:00:00,1,1,0
2017-10-31 04:00:00,1,1,0
2017-10-31 05:00:00,21,13,8
2017-10-31 06:00:00,56,31,25
2017-10-31 07:00:00,130,82,48
2017-10-31 08:00:00,196,147,49
2017-10-31 09:00:00,93,64,29
2017-10-31 10:00:00,53,38,15
2017-10-31 11:00:00,40,27,13
2017-10-31 12:00:00,47,17,30
2017-10-31 13:00:00,71,29,42
2017-10-31 14:00:00,58,31,27
2017-10-31 15:00:00,105,33,72
2017-10-31 16:00:00,191,65,126
2017-10-31 17:00:00,254,65,189
2017-10-31 18:00:00,85,20,65
2017-10-31 19:00:00,19,3,16
2017-10-31 20:00:00,6,2,4
2017-10-31 21:00:00,8,3,5
2017-10-31 22:00:00,7,0,7
2017-10-31 23:00:00,6,3,3
2017-11-01 00:00:00,4,1,3
2017-11-01 01:00:00,1,0,1
2017-11-01 02:00:00,0,0,0
2017-11-01 03:00:00,4,1,3
2017-11-01 04:00:00,1,0,1
2017-11-01 05:00:00,12,8,4
2017-11-01 06:00:00,48,27,21
2017-11-01 07:00:00,125,80,45
2017-11-01 08:00:00,171,134,37
2017-11-01 09:00:00,70,47,23
2017-11-01 10:00:00,21,15,6
2017-11-01 11:00:00,17,8,9
2017-11-01 12:00:00,21,15,6
2017-11-01 13:00:00,30,16,14
2017-11-01 14:00:00,33,12,21
2017-11-01 15:00:00,60,31,29
2017-11-01 16:00:00,103,36,67
2017-11-01 17:00:00,201,55,146
2017-11-01 18:00:00,107,35,72
2017-11-01 19:00:00,41,11,30
2017-11-01 20:00:00,14,3,11
2017-11-01 21:00:00,13,3,10
2017-11-01 22:00:00,6,2,4
2017-11-01 23:00:00,1,1,0
2017-11-02 00:00:00,1,0,1
2017-11-02 01:00:00,1,0,1
2017-11-02 02:00:00,0,0,0
2017-11-02 03:00:00,0,0,0
2017-11-02 04:00:00,0,0,0
2017-11-02 05:00:00,0,0,0
2017-11-02 06:00:00,0,0,0
2017-11-02 07:00:00,0,0,0
2017-11-02 08:00:00,0,0,0
2017-11-02 09:00:00,0,0,0
2017-11-02 10:00:00,0,0,0
2017-11-02 11:00:00,0,0,0
2017-11-02 12:00:00,0,0,0
2017-11-02 13:00:00,0,0,0
2017-11-02 14:00:00,0,0,0
2017-11-02 15:00:00,0,0,0
2017-11-02 16:00:00,0,0,0
2017-11-02 17:00:00,0,0,0
2017-11-02 18:00:00,0,0,0
2017-11-02 19:00:00,0,0,0
2017-11-02 20:00:00,0,0,0
2017-11-02 21:00:00,0,0,0
2017-11-02 22:00:00,0,0,0
2017-11-02 23:00:00,0,0,0
2017-11-03 00:00:00,0,0,0
2017-11-03 01:00:00,0,0,0
2017-11-03 02:00:00,0,0,0
2017-11-03 03:00:00,0,0,0
2017-11-03 04:00:00,0,0,0
2017-11-03 05:00:00,0,0,0
2017-11-03 06:00:00,0,0,0
2017-11-03 07:00:00,0,0,0
2017-11-03 08:00:00,0,0,0
2017-11-03 09:00:00,0,0,0
2017-11-03 10:00:00,0,0,0
2017-11-03 11:00:00,0,0,0
2017-11-03 12:00:00,0,0,0
2017-11-03 13:00:00,0,0,0
2017-11-03 14:00:00,0,0,0
2017-11-03 15:00:00,0,0,0
2017-11-03 16:00:00,0,0,0
2017-11-03 17:00:00,0,0,0
2017-11-03 18:00:00,0,0,0
2017-11-03 19:00:00,0,0,0
2017-11-03 20:00:00,0,0,0
2017-11-03 21:00:00,0,0,0
2017-11-03 22:00:00,0,0,0
2017-11-03 23:00:00,0,0,0
2017-11-04 00:00:00,0,0,0
2017-11-04 01:00:00,0,0,0
2017-11-04 02:00:00,0,0,0
2017-11-04 03:00:00,0,0,0
2017-11-04 04:00:00,0,0,0
2017-11-04 05:00:00,0,0,0
2017-11-04 06:00:00,0,0,0
2017-11-04 07:00:00,0,0,0
2017-11-04 08:00:00,0,0,0
2017-11-04 09:00:00,0,0,0
2017-11-04 10:00:00,0,0,0
2017-11-04 11:00:00,0,0,0
2017-11-04 12:00:00,0,0,0
2017-11-04 13:00:00,0,0,0
2017-11-04 14:00:00,0,0,0
2017-11-04 15:00:00,0,0,0
2017-11-04 16:00:00,0,0,0
2017-11-04 17:00:00,0,0,0
2017-11-04 18:00:00,0,0,0
2017-11-04 19:00:00,0,0,0
2017-11-04 20:00:00,0,0,0
2017-11-04 21:00:00,0,0,0
2017-11-04 22:00:00,0,0,0
2017-11-04 23:00:00,0,0,0
2017-11-05 00:00:00,0,0,0
2017-11-05 01:00:00,0,0,0
2017-11-05 02:00:00,0,0,0
2017-11-05 03:00:00,0,0,0
2017-11-05 04:00:00,0,0,0
2017-11-05 05:00:00,0,0,0
2017-11-05 06:00:00,0,0,0
2017-11-05 07:00:00,0,0,0
2017-11-05 08:00:00,0,0,0
2017-11-05 09:00:00,0,0,0
2017-11-05 10:00:00,0,0,0
2017-11-05 11:00:00,0,0,0
2017-11-05 12:00:00,0,0,0
2017-11-05 13:00:00,0,0,0
2017-11-05 14:00:00,0,0,0
2017-11-05 15:00:00,0,0,0
2017-11-05 16:00:00,0,0,0
2017-11-05 17:00:00,0,0,0
2017-11-05 18:00:00,0,0,0
2017-11-05 19:00:00,0,0,0
2017-11-05 20:00:00,0,0,0
2017-11-05 21:00:00,0,0,0
2017-11-05 22:00:00,0,0,0
2017-11-05 23:00:00,0,0,0
2017-11-06 00:00:00,0,0,0
2017-11-06 01:00:00,0,0,0
2017-11-06 02:00:00,0,0,0
2017-11-06 03:00:00,0,0,0
2017-11-06 04:00:00,0,0,0
2017-11-06 05:00:00,0,0,0
2017-11-06 06:00:00,0,0,0
2017-11-06 07:00:00,0,0,0
2017-11-06 08:00:00,0,0,0
2017-11-06 09:00:00,0,0,0
2017-11-06 10:00:00,0,0,0
2017-11-06 11:00:00,0,0,0
2017-11-06 12:00:00,0,0,0
2017-11-06 13:00:00,0,0,0
2017-11-06 14:00:00,0,0,0
2017-11-06 15:00:00,0,0,0
2017-11-06 16:00:00,0,0,0
2017-11-06 17:00:00,0,0,0
2017-11-06 18:00:00,0,0,0
2017-11-06 19:00:00,0,0,0
2017-11-06 20:00:00,0,0,0
2017-11-06 21:00:00,0,0,0
2017-11-06 22:00:00,0,0,0
2017-11-06 23:00:00,0,0,0
2017-11-07 00:00:00,0,0,0
2017-11-07 01:00:00,0,0,0
2017-11-07 02:00:00,0,0,0
2017-11-07 03:00:00,0,0,0
2017-11-07 04:00:00,0,0,0
2017-11-07 05:00:00,0,0,0
2017-11-07 06:00:00,0,0,0
2017-11-07 07:00:00,0,0,0
2017-11-07 08:00:00,0,0,0
2017-11-07 09:00:00,0,0,0
2017-11-07 10:00:00,12,10,2
2017-11-07 11:00:00,23,9,14
2017-11-07 12:00:00,19,10,9
2017-11-07 13:00:00,31,18,13
2017-11-07 14:00:00,30,9,21
2017-11-07 15:00:00,63,29,34
2017-11-07 16:00:00,133,56,77
2017-11-07 17:00:00,183,44,139
2017-11-07 18:00:00,94,12,82
2017-11-07 19:00:00,21,7,14
2017-11-07 20:00:00,12,4,8
2017-11-07 21:00:00,7,0,7
2017-11-07 22:00:00,9,3,6
2017-11-07 23:00:00,1,1,0
2017-11-08 00:00:00,2,0,2
2017-11-08 01:00:00,2,1,1
2017-11-08 02:00:00,0,0,0
2017-11-08 03:00:00,1,1,0
2017-11-08 04:00:00,1,1,0
2017-11-08 05:00:00,16,10,6
2017-11-08 06:00:00,60,36,24
2017-11-08 07:00:00,122,82,40
2017-11-08 08:00:00,150,128,22
2017-11-08 09:00:00,75,54,21
2017-11-08 10:00:00,18,7,11
2017-11-08 11:00:00,23,16,7
2017-11-08 12:00:00,29,12,17
2017-11-08 13:00:00,14,6,8
2017-11-08 14:00:00,25,16,9
2017-11-08 15:00:00,53,22,31
2017-11-08 16:00:00,95,34,61
2017-11-08 17:00:00,144,23,121
2017-11-08 18:00:00,63,10,53
2017-11-08 19:00:00,18,5,13
2017-11-08 20:00:00,8,2,6
2017-11-08 21:00:00,4,0,4
2017-11-08 22:00:00,14,2,12
2017-11-08 23:00:00,3,0,3
2017-11-09 00:00:00,1,0,1
2017-11-09 01:00:00,0,0,0
2017-11-09 02:00:00,7,4,3
2017-11-09 03:00:00,1,1,0
2017-11-09 04:00:00,1,0,1
2017-11-09 05:00:00,18,13,5
2017-11-09 06:00:00,32,17,15
2017-11-09 07:00:00,102,55,47
2017-11-09 08:00:00,115,92,23
2017-11-09 09:00:00,46,31,15
2017-11-09 10:00:00,19,5,14
2017-11-09 11:00:00,16,10,6
2017-11-09 12:00:00,15,8,7
2017-11-09 13:00:00,9,4,5
2017-11-09 14:00:00,17,8,9
2017-11-09 15:00:00,42,23,19
2017-11-09 16:00:00,88,36,52
2017-11-09 17:00:00,107,34,73
2017-11-09 18:00:00,61,10,51
2017-11-09 19:00:00,16,3,13
2017-11-09 20:00:00,5,1,4
2017-11-09 21:00:00,8,5,3
2017-11-09 22:00:00,2,0,2
2017-11-09 23:00:00,2,0,2
2017-11-10 00:00:00,0,0,0
2017-11-10 01:00:00,3,0,3
2017-11-10 02:00:00,1,0,1
2017-11-10 03:00:00,0,0,0
2017-11-10 04:00:00,0,0,0
2017-11-10 05:00:00,11,6,5
2017-11-10 06:00:00,19,15,4
2017-11-10 07:00:00,76,48,28
2017-11-10 08:00:00,95,73,22
2017-11-10 09:00:00,52,38,14
2017-11-10 10:00:00,40,25,15
2017-11-10 11:00:00,38,26,12
2017-11-10 12:00:00,47,22,25
2017-11-10 13:00:00,56,25,31
2017-11-10 14:00:00,74,33,41
2017-11-10 15:00:00,125,51,74
2017-11-10 16:00:00,126,54,72
2017-11-10 17:00:00,100,24,76
2017-11-10 18:00:00,48,7,41
2017-11-10 19:00:00,20,4,16
2017-11-10 20:00:00,7,4,3
2017-11-10 21:00:00,10,4,6
2017-11-10 22:00:00,7,6,1
2017-11-10 23:00:00,1,0,1
2017-11-11 00:00:00,2,1,1
2017-11-11 01:00:00,2,0,2
2017-11-11 02:00:00,0,0,0
2017-11-11 03:00:00,6,2,4
2017-11-11 04:00:00,4,4,0
2017-11-11 05:00:00,1,1,0
2017-11-11 06:00:00,1,1,0
2017-11-11 07:00:00,9,5,4
2017-11-11 08:00:00,22,13,9
2017-11-11 09:00:00,20,9,11
2017-11-11 10:00:00,12,3,9
2017-11-11 11:00:00,15,7,8
2017-11-11 12:00:00,26,7,19
2017-11-11 13:00:00,32,15,17
2017-11-11 14:00:00,15,10,5
2017-11-11 15:00:00,30,14,16
2017-11-11 16:00:00,32,14,18
2017-11-11 17:00:00,17,9,8
2017-11-11 18:00:00,4,1,3
2017-11-11 19:00:00,3,1,2
2017-11-11 20:00:00,3,2,1
2017-11-11 21:00:00,7,3,4
2017-11-11 22:00:00,3,2,1
2017-11-11 23:00:00,0,0,0
2017-11-12 00:00:00,2,2,0
2017-11-12 01:00:00,4,0,4
2017-11-12 02:00:00,4,4,0
2017-11-12 03:00:00,0,0,0
2017-11-12 04:00:00,1,1,0
2017-11-12 05:00:00,0,0,0
2017-11-12 06:00:00,1,1,0
2017-11-12 07:00:00,2,1,1
2017-11-12 08:00:00,13,5,8
2017-11-12 09:00:00,11,4,7
2017-11-12 10:00:00,30,16,14
2017-11-12 11:00:00,34,17,17
2017-11-12 12:00:00,39,22,17
2017-11-12 13:00:00,44,17,27
2017-11-12 14:00:00,28,17,11
2017-11-12 15:00:00,8,2,6
2017-11-12 16:00:00,11,8,3
2017-11-12 17:00:00,1,0,1
2017-11-12 18:00:00,2,2,0
2017-11-12 19:00:00,4,3,1
2017-11-12 20:00:00,2,1,1
2017-11-12 21:00:00,3,0,3
2017-11-12 22:00:00,2,2,0
2017-11-12 23:00:00,0,0,0
2017-11-13 00:00:00,1,1,0
2017-11-13 01:00:00,1,0,1
2017-11-13 02:00:00,0,0,0
2017-11-13 03:00:00,1,1,0
2017-11-13 04:00:00,0,0,0
2017-11-13 05:00:00,8,3,5
2017-11-13 06:00:00,23,12,11
2017-11-13 07:00:00,78,54,24
2017-11-13 08:00:00,113,98,15
2017-11-13 09:00:00,50,35,15
2017-11-13 10:00:00,20,16,4
2017-11-13 11:00:00,23,11,12
2017-11-13 12:00:00,11,3,8
2017-11-13 13:00:00,10,7,3
2017-11-13 14:00:00,14,5,9
2017-11-13 15:00:00,27,15,12
2017-11-13 16:00:00,61,17,44
2017-11-13 17:00:00,86,12,74
2017-11-13 18:00:00,35,1,34
2017-11-13 19:00:00,14,1,13
2017-11-13 20:00:00,7,1,6
2017-11-13 21:00:00,3,0,3
2017-11-13 22:00:00,5,2,3
2017-11-13 23:00:00,1,0,1
2017-11-14 00:00:00,1,0,1
2017-11-14 01:00:00,0,0,0
2017-11-14 02:00:00,0,0,0
2017-11-14 03:00:00,1,1,0
2017-11-14 04:00:00,0,0,0
2017-11-14 05:00:00,17,11,6
2017-11-14 06:00:00,23,12,11
2017-11-14 07:00:00,93,69,24
2017-11-14 08:00:00,100,79,21
2017-11-14 09:00:00,56,42,14
2017-11-14 10:00:00,22,11,11
2017-11-14 11:00:00,11,7,4
2017-11-14 12:00:00,14,5,9
2017-11-14 13:00:00,12,4,8
2017-11-14 14:00:00,18,7,11
2017-11-14 15:00:00,40,11,29
2017-11-14 16:00:00,92,29,63
2017-11-14 17:00:00,129,32,97
2017-11-14 18:00:00,67,15,52
2017-11-14 19:00:00,19,5,14
2017-11-14 20:00:00,10,3,7
2017-11-14 21:00:00,9,2,7
2017-11-14 22:00:00,2,0,2
2017-11-14 23:00:00,0,0,0
2017-11-15 00:00:00,3,0,3
2017-11-15 01:00:00,3,2,1
2017-11-15 02:00:00,0,0,0
2017-11-15 03:00:00,2,2,0
2017-11-15 04:00:00,1,1,0
2017-11-15 05:00:00,8,6,2
2017-11-15 06:00:00,30,19,11
2017-11-15 07:00:00,86,53,33
2017-11-15 08:00:00,102,81,21
2017-11-15 09:00:00,46,34,12
2017-11-15 10:00:00,18,10,8
2017-11-15 11:00:00,13,5,8
2017-11-15 12:00:00,10,6,4
2017-11-15 13:00:00,10,2,8
2017-11-15 14:00:00,16,6,10
2017-11-15 15:00:00,39,18,21
2017-11-15 16:00:00,61,24,37
2017-11-15 17:00:00,122,31,91
2017-11-15 18:00:00,81,19,62
2017-11-15 19:00:00,15,3,12
2017-11-15 20:00:00,10,2,8
2017-11-15 21:00:00,10,2,8
2017-11-15 22:00:00,6,2,4
2017-11-15 23:00:00,1,0,1
2017-11-16 00:00:00,1,0,1
2017-11-16 01:00:00,0,0,0
2017-11-16 02:00:00,1,0,1
2017-11-16 03:00:00,1,1,0
2017-11-16 04:00:00,0,0,0
2017-11-16 05:00:00,17,9,8
2017-11-16 06:00:00,37,22,15
2017-11-16 07:00:00,87,50,37
2017-11-16 08:00:00,117,90,27
2017-11-16 09:00:00,51,37,14
2017-11-16 10:00:00,19,12,7
2017-11-16 11:00:00,14,8,6
2017-11-16 12:00:00,15,9,6
2017-11-16 13:00:00,13,3,10
2017-11-16 14:00:00,21,7,14
2017-11-16 15:00:00,38,21,17
2017-11-16 16:00:00,73,27,46
2017-11-16 17:00:00,139,30,109
2017-11-16 18:00:00,80,20,60
2017-11-16 19:00:00,25,6,19
2017-11-16 20:00:00,11,3,8
2017-11-16 21:00:00,5,3,2
2017-11-16 22:00:00,5,1,4
2017-11-16 23:00:00,8,6,2
2017-11-17 00:00:00,3,3,0
2017-11-17 01:00:00,0,0,0
2017-11-17 02:00:00,1,0,1
2017-11-17 03:00:00,1,1,0
2017-11-17 04:00:00,1,0,1
2017-11-17 05:00:00,11,8,3
2017-11-17 06:00:00,32,20,12
2017-11-17 07:00:00,86,53,33
2017-11-17 08:00:00,156,119,37
2017-11-17 09:00:00,58,42,16
2017-11-17 10:00:00,27,19,8
2017-11-17 11:00:00,30,17,13
2017-11-17 12:00:00,29,13,16
2017-11-17 13:00:00,28,14,14
2017-11-17 14:00:00,45,21,24
2017-11-17 15:00:00,60,28,32
2017-11-17 16:00:00,104,43,61
2017-11-17 17:00:00,152,34,118
2017-11-17 18:00:00,68,15,53
2017-11-17 19:00:00,13,4,9
2017-11-17 20:00:00,9,1,8
2017-11-17 21:00:00,4,1,3
2017-11-17 22:00:00,8,5,3
2017-11-17 23:00:00,4,0,4
2017-11-18 00:00:00,5,1,4
2017-11-18 01:00:00,1,0,1
2017-11-18 02:00:00,3,2,1
2017-11-18 03:00:00,0,0,0
2017-11-18 04:00:00,0,0,0
2017-11-18 05:00:00,1,0,1
2017-11-18 06:00:00,5,3,2
2017-11-18 07:00:00,9,2,7
2017-11-18 08:00:00,24,14,10
2017-11-18 09:00:00,31,18,13
2017-11-18 10:00:00,56,32,24
2017-11-18 11:00:00,54,32,22
2017-11-18 12:00:00,90,33,57
2017-11-18 13:00:00,81,44,37
2017-11-18 14:00:00,94,46,48
2017-11-18 15:00:00,115,51,64
2017-11-18 16:00:00,86,35,51
2017-11-18 17:00:00,38,17,21
2017-11-18 18:00:00,19,7,12
2017-11-18 19:00:00,13,3,10
2017-11-18 20:00:00,3,3,0
2017-11-18 21:00:00,10,5,5
2017-11-18 22:00:00,3,1,2
2017-11-18 23:00:00,1,0,1
2017-11-19 00:00:00,4,2,2
2017-11-19 01:00:00,1,1,0
2017-11-19 02:00:00,3,0,3
2017-11-19 03:00:00,3,1,2
2017-11-19 04:00:00,0,0,0
2017-11-19 05:00:00,0,0,0
2017-11-19 06:00:00,4,1,3
2017-11-19 07:00:00,8,4,4
2017-11-19 08:00:00,9,5,4
2017-11-19 09:00:00,36,20,16
2017-11-19 10:00:00,44,18,26
2017-11-19 11:00:00,45,21,24
2017-11-19 12:00:00,55,24,31
2017-11-19 13:00:00,31,15,16
2017-11-19 14:00:00,30,14,16
2017-11-19 15:00:00,19,8,11
2017-11-19 16:00:00,9,7,2
2017-11-19 17:00:00,21,9,12
2017-11-19 18:00:00,2,1,1
2017-11-19 19:00:00,2,1,1
2017-11-19 20:00:00,1,1,0
2017-11-19 21:00:00,1,0,1
2017-11-19 22:00:00,2,0,2
2017-11-19 23:00:00,3,1,2
2017-11-20 00:00:00,0,0,0
2017-11-20 01:00:00,0,0,0
2017-11-20 02:00:00,0,0,0
2017-11-20 03:00:00,2,1,1
2017-11-20 04:00:00,0,0,0
2017-11-20 05:00:00,15,10,5
2017-11-20 06:00:00,43,21,22
2017-11-20 07:00:00,73,46,27
2017-11-20 08:00:00,84,65,19
2017-11-20 09:00:00,62,46,16
2017-11-20 10:00:00,17,10,7
2017-11-20 11:00:00,23,11,12
2017-11-20 12:00:00,21,10,11
2017-11-20 13:00:00,28,15,13
2017-11-20 14:00:00,12,8,4
2017-11-20 15:00:00,43,19,24
2017-11-20 16:00:00,90,35,55
2017-11-20 17:00:00,112,27,85
2017-11-20 18:00:00,36,3,33
2017-11-20 19:00:00,20,3,17
2017-11-20 20:00:00,8,3,5
2017-11-20 21:00:00,6,1,5
2017-11-20 22:00:00,0,0,0
2017-11-20 23:00:00,5,2,3
2017-11-21 00:00:00,0,0,0
2017-11-21 01:00:00,2,1,1
2017-11-21 02:00:00,0,0,0
2017-11-21 03:00:00,1,1,0
2017-11-21 04:00:00,0,0,0
2017-11-21 05:00:00,11,5,6
2017-11-21 06:00:00,21,6,15
2017-11-21 07:00:00,77,49,28
2017-11-21 08:00:00,86,69,17
2017-11-21 09:00:00,34,25,9
2017-11-21 10:00:00,12,6,6
2017-11-21 11:00:00,10,5,5
2017-11-21 12:00:00,13,6,7
2017-11-21 13:00:00,3,0,3
2017-11-21 14:00:00,19,9,10
2017-11-21 15:00:00,20,13,7
2017-11-21 16:00:00,68,27,41
2017-11-21 17:00:00,86,15,71
2017-11-21 18:00:00,58,10,48
2017-11-21 19:00:00,15,2,13
2017-11-21 20:00:00,6,3,3
2017-11-21 21:00:00,2,0,2
2017-11-21 22:00:00,2,1,1
2017-11-21 23:00:00,2,1,1
2017-11-22 00:00:00,0,0,0
2017-11-22 01:00:00,0,0,0
2017-11-22 02:00:00,0,0,0
2017-11-22 03:00:00,1,0,1
2017-11-22 04:00:00,2,1,1
2017-11-22 05:00:00,16,10,6
2017-11-22 06:00:00,32,13,19
2017-11-22 07:00:00,69,41,28
2017-11-22 08:00:00,95,73,22
2017-11-22 09:00:00,41,27,14
2017-11-22 10:00:00,17,6,11
2017-11-22 11:00:00,33,18,15
2017-11-22 12:00:00,23,8,15
2017-11-22 13:00:00,29,9,20
2017-11-22 14:00:00,69,27,42
2017-11-22 15:00:00,81,24,57
2017-11-22 16:00:00,100,36,64
2017-11-22 17:00:00,78,26,52
2017-11-22 18:00:00,10,3,7
2017-11-22 19:00:00,14,4,10
2017-11-22 20:00:00,5,2,3
2017-11-22 21:00:00,5,1,4
2017-11-22 22:00:00,1,0,1
2017-11-22 23:00:00,1,1,0
2017-11-23 00:00:00,0,0,0
2017-11-23 01:00:00,1,1,0
2017-11-23 02:00:00,1,0,1
2017-11-23 03:00:00,1,0,1
2017-11-23 04:00:00,3,1,2
2017-11-23 05:00:00,7,7,0
2017-11-23 06:00:00,1,1,0
2017-11-23 07:00:00,2,0,2
2017-11-23 08:00:00,15,6,9
2017-11-23 09:00:00,29,15,14
2017-11-23 10:00:00,13,2,11
2017-11-23 11:00:00,11,5,6
2017-11-23 12:00:00,14,9,5
2017-11-23 13:00:00,8,3,5
2017-11-23 14:00:00,17,10,7
2017-11-23 15:00:00,34,18,16
2017-11-23 16:00:00,35,23,12
2017-11-23 17:00:00,3,2,1
2017-11-23 18:00:00,7,1,6
2017-11-23 19:00:00,4,1,3
2017-11-23 20:00:00,2,0,2
2017-11-23 21:00:00,5,1,4
2017-11-23 22:00:00,2,0,2
2017-11-23 23:00:00,1,0,1
2017-11-24 00:00:00,0,0,0
2017-11-24 01:00:00,0,0,0
2017-11-24 02:00:00,0,0,0
2017-11-24 03:00:00,2,1,1
2017-11-24 04:00:00,0,0,0
2017-11-24 05:00:00,2,1,1
2017-11-24 06:00:00,3,0,3
2017-11-24 07:00:00,6,5,1
2017-11-24 08:00:00,14,9,5
2017-11-24 09:00:00,22,13,9
2017-11-24 10:00:00,53,24,29
2017-11-24 11:00:00,46,29,17
2017-11-24 12:00:00,47,22,25
2017-11-24 13:00:00,50,25,25
2017-11-24 14:00:00,45,20,25
2017-11-24 15:00:00,39,19,20
2017-11-24 16:00:00,37,15,22
2017-11-24 17:00:00,10,1,9
2017-11-24 18:00:00,9,4,5
2017-11-24 19:00:00,9,1,8
2017-11-24 20:00:00,1,1,0
2017-11-24 21:00:00,2,1,1
2017-11-24 22:00:00,4,2,2
2017-11-24 23:00:00,4,0,4
2017-11-25 00:00:00,0,0,0
2017-11-25 01:00:00,1,1,0
2017-11-25 02:00:00,0,0,0
2017-11-25 03:00:00,0,0,0
2017-11-25 04:00:00,0,0,0
2017-11-25 05:00:00,1,0,1
2017-11-25 06:00:00,3,1,2
2017-11-25 07:00:00,6,2,4
2017-11-25 08:00:00,27,14,13
2017-11-25 09:00:00,47,21,26
2017-11-25 10:00:00,41,22,19
2017-11-25 11:00:00,55,28,27
2017-11-25 12:00:00,59,36,23
2017-11-25 13:00:00,53,20,33
2017-11-25 14:00:00,60,30,30
2017-11-25 15:00:00,38,25,13
2017-11-25 16:00:00,13,4,9
2017-11-25 17:00:00,14,2,12
2017-11-25 18:00:00,11,2,9
2017-11-25 19:00:00,1,0,1
2017-11-25 20:00:00,2,2,0
2017-11-25 21:00:00,9,7,2
2017-11-25 22:00:00,1,0,1
2017-11-25 23:00:00,1,0,1
2017-11-26 00:00:00,3,1,2
2017-11-26 01:00:00,2,1,1
2017-11-26 02:00:00,0,0,0
2017-11-26 03:00:00,0,0,0
2017-11-26 04:00:00,1,1,0
2017-11-26 05:00:00,0,0,0
2017-11-26 06:00:00,0,0,0
2017-11-26 07:00:00,3,2,1
2017-11-26 08:00:00,6,1,5
2017-11-26 09:00:00,20,10,10
2017-11-26 10:00:00,24,12,12
2017-11-26 11:00:00,45,20,25
2017-11-26 12:00:00,17,11,6
2017-11-26 13:00:00,8,4,4
2017-11-26 14:00:00,8,2,6
2017-11-26 15:00:00,9,4,5
2017-11-26 16:00:00,15,1,14
2017-11-26 17:00:00,11,8,3
2017-11-26 18:00:00,3,2,1
2017-11-26 19:00:00,3,1,2
2017-11-26 20:00:00,2,2,0
2017-11-26 21:00:00,2,0,2
2017-11-26 22:00:00,1,0,1
2017-11-26 23:00:00,0,0,0
2017-11-27 00:00:00,0,0,0
2017-11-27 01:00:00,1,0,1
2017-11-27 02:00:00,1,1,0
2017-11-27 03:00:00,1,1,0
2017-11-27 04:00:00,0,0,0
2017-11-27 05:00:00,12,6,6
2017-11-27 06:00:00,46,27,19
2017-11-27 07:00:00,105,74,31
2017-11-27 08:00:00,161,134,27
2017-11-27 09:00:00,81,62,19
2017-11-27 10:00:00,28,15,13
2017-11-27 11:00:00,23,12,11
2017-11-27 12:00:00,28,13,15
2017-11-27 13:00:00,16,8,8
2017-11-27 14:00:00,39,15,24
2017-11-27 15:00:00,66,34,32
2017-11-27 16:00:00,121,49,72
2017-11-27 17:00:00,198,41,157
2017-11-27 18:00:00,80,12,68
2017-11-27 19:00:00,31,5,26
2017-11-27 20:00:00,8,4,4
2017-11-27 21:00:00,6,1,5
2017-11-27 22:00:00,8,5,3
2017-11-27 23:00:00,1,1,0
2017-11-28 00:00:00,0,0,0
2017-11-28 01:00:00,5,1,4
2017-11-28 02:00:00,1,0,1
2017-11-28 03:00:00,1,1,0
2017-11-28 04:00:00,1,1,0
2017-11-28 05:00:00,11,6,5
2017-11-28 06:00:00,36,19,17
2017-11-28 07:00:00,80,53,27
2017-11-28 08:00:00,122,93,29
2017-11-28 09:00:00,54,41,13
2017-11-28 10:00:00,16,9,7
2017-11-28 11:00:00,8,5,3
2017-11-28 12:00:00,5,2,3
2017-11-28 13:00:00,9,4,5
2017-11-28 14:00:00,11,5,6
2017-11-28 15:00:00,22,12,10
2017-11-28 16:00:00,73,31,42
2017-11-28 17:00:00,120,26,94
2017-11-28 18:00:00,84,18,66
2017-11-28 19:00:00,14,3,11
2017-11-28 20:00:00,5,2,3
2017-11-28 21:00:00,8,5,3
2017-11-28 22:00:00,2,0,2
2017-11-28 23:00:00,1,0,1
2017-11-29 00:00:00,0,0,0
2017-11-29 01:00:00,2,1,1
2017-11-29 02:00:00,2,0,2
2017-11-29 03:00:00,2,2,0
2017-11-29 04:00:00,0,0,0
2017-11-29 05:00:00,7,0,7
2017-11-29 06:00:00,48,22,26
2017-11-29 07:00:00,99,65,34
2017-11-29 08:00:00,148,119,29
2017-11-29 09:00:00,68,52,16
2017-11-29 10:00:00,26,12,14
2017-11-29 11:00:00,18,7,11
2017-11-29 12:00:00,21,14,7
2017-11-29 13:00:00,26,13,13
2017-11-29 14:00:00,43,20,23
2017-11-29 15:00:00,61,26,35
2017-11-29 16:00:00,99,35,64
2017-11-29 17:00:00,165,34,131
2017-11-29 18:00:00,86,18,68
2017-11-29 19:00:00,34,6,28
2017-11-29 20:00:00,7,4,3
2017-11-29 21:00:00,8,2,6
2017-11-29 22:00:00,5,1,4
2017-11-29 23:00:00,2,0,2
2017-11-30 00:00:00,1,0,1
2017-11-30 01:00:00,3,1,2
2017-11-30 02:00:00,0,0,0
2017-11-30 03:00:00,2,2,0
2017-11-30 04:00:00,1,1,0
2017-11-30 05:00:00,12,8,4
2017-11-30 06:00:00,33,18,15
2017-11-30 07:00:00,83,47,36
2017-11-30 08:00:00,87,66,21
2017-11-30 09:00:00,45,36,9
2017-11-30 10:00:00,9,8,1
2017-11-30 11:00:00,14,8,6
2017-11-30 12:00:00,14,5,9
2017-11-30 13:00:00,16,7,9
2017-11-30 14:00:00,18,8,10
2017-11-30 15:00:00,30,19,11
2017-11-30 16:00:00,74,27,47
2017-11-30 17:00:00,106,29,77
2017-11-30 18:00:00,57,21,36
2017-11-30 19:00:00,25,10,15
2017-11-30 20:00:00,8,1,7
2017-11-30 21:00:00,12,3,9
2017-11-30 22:00:00,22,3,19
2017-11-30 23:00:00,2,0,2
2017-12-01 00:00:00,6,1,5
2017-12-01 01:00:00,2,0,2
2017-12-01 02:00:00,0,0,0
2017-12-01 03:00:00,1,1,0
2017-12-01 04:00:00,0,0,0
2017-12-01 05:00:00,10,7,3
2017-12-01 06:00:00,34,21,13
2017-12-01 07:00:00,80,56,24
2017-12-01 08:00:00,110,88,22
2017-12-01 09:00:00,50,33,17
2017-12-01 10:00:00,25,18,7
2017-12-01 11:00:00,11,5,6
2017-12-01 12:00:00,19,9,10
2017-12-01 13:00:00,16,10,6
2017-12-01 14:00:00,17,3,14
2017-12-01 15:00:00,25,12,13
2017-12-01 16:00:00,81,26,55
2017-12-01 17:00:00,116,29,87
2017-12-01 18:00:00,34,2,32
2017-12-01 19:00:00,14,6,8
2017-12-01 20:00:00,4,2,2
2017-12-01 21:00:00,5,1,4
2017-12-01 22:00:00,6,3,3
2017-12-01 23:00:00,3,1,2
2017-12-02 00:00:00,2,1,1
2017-12-02 01:00:00,0,0,0
2017-12-02 02:00:00,0,0,0
2017-12-02 03:00:00,0,0,0
2017-12-02 04:00:00,0,0,0
2017-12-02 05:00:00,0,0,0
2017-12-02 06:00:00,6,4,2
2017-12-02 07:00:00,8,1,7
2017-12-02 08:00:00,13,8,5
2017-12-02 09:00:00,5,4,1
2017-12-02 10:00:00,3,0,3
2017-12-02 11:00:00,0,0,0
2017-12-02 12:00:00,7,4,3
2017-12-02 13:00:00,7,2,5
2017-12-02 14:00:00,10,3,7
2017-12-02 15:00:00,24,8,16
2017-12-02 16:00:00,1,1,0
2017-12-02 17:00:00,1,1,0
2017-12-02 18:00:00,3,1,2
2017-12-02 19:00:00,5,3,2
2017-12-02 20:00:00,1,0,1
2017-12-02 21:00:00,0,0,0
2017-12-02 22:00:00,2,2,0
2017-12-02 23:00:00,2,1,1
2017-12-03 00:00:00,0,0,0
2017-12-03 01:00:00,2,1,1
2017-12-03 02:00:00,0,0,0
2017-12-03 03:00:00,0,0,0
2017-12-03 04:00:00,0,0,0
2017-12-03 05:00:00,0,0,0
2017-12-03 06:00:00,2,2,0
2017-12-03 07:00:00,4,2,2
2017-12-03 08:00:00,9,6,3
2017-12-03 09:00:00,18,11,7
2017-12-03 10:00:00,35,12,23
2017-12-03 11:00:00,56,31,25
2017-12-03 12:00:00,35,20,15
2017-12-03 13:00:00,46,18,28
2017-12-03 14:00:00,33,13,20
2017-12-03 15:00:00,37,21,16
2017-12-03 16:00:00,32,17,15
2017-12-03 17:00:00,18,9,9
2017-12-03 18:00:00,5,0,5
2017-12-03 19:00:00,9,3,6
2017-12-03 20:00:00,6,0,6
2017-12-03 21:00:00,8,1,7
2017-12-03 22:00:00,2,1,1
2017-12-03 23:00:00,2,2,0
2017-12-04 00:00:00,0,0,0
2017-12-04 01:00:00,0,0,0
2017-12-04 02:00:00,1,0,1
2017-12-04 03:00:00,1,1,0
2017-12-04 04:00:00,0,0,0
2017-12-04 05:00:00,13,5,8
2017-12-04 06:00:00,37,15,22
2017-12-04 07:00:00,111,74,37
2017-12-04 08:00:00,145,124,21
2017-12-04 09:00:00,65,48,17
2017-12-04 10:00:00,26,16,10
2017-12-04 11:00:00,23,13,10
2017-12-04 12:00:00,19,7,12
2017-12-04 13:00:00,14,6,8
2017-12-04 14:00:00,31,12,19
2017-12-04 15:00:00,57,31,26
2017-12-04 16:00:00,100,47,53
2017-12-04 17:00:00,166,30,136
2017-12-04 18:00:00,78,11,67
2017-12-04 19:00:00,26,3,23
2017-12-04 20:00:00,13,2,11
2017-12-04 21:00:00,7,1,6
2017-12-04 22:00:00,2,1,1
2017-12-04 23:00:00,2,1,1
2017-12-05 00:00:00,0,0,0
2017-12-05 01:00:00,2,1,1
2017-12-05 02:00:00,1,0,1
2017-12-05 03:00:00,2,2,0
2017-12-05 04:00:00,1,1,0
2017-12-05 05:00:00,16,10,6
2017-12-05 06:00:00,44,15,29
2017-12-05 07:00:00,102,70,32
2017-12-05 08:00:00,138,112,26
2017-12-05 09:00:00,62,47,15
2017-12-05 10:00:00,19,14,5
2017-12-05 11:00:00,22,8,14
2017-12-05 12:00:00,30,17,13
2017-12-05 13:00:00,24,12,12
2017-12-05 14:00:00,27,11,16
2017-12-05 15:00:00,73,37,36
2017-12-05 16:00:00,104,38,66
2017-12-05 17:00:00,160,32,128
2017-12-05 18:00:00,79,15,64
2017-12-05 19:00:00,19,3,16
2017-12-05 20:00:00,9,4,5
2017-12-05 21:00:00,5,0,5
2017-12-05 22:00:00,5,3,2
2017-12-05 23:00:00,4,2,2
2017-12-06 00:00:00,0,0,0
2017-12-06 01:00:00,1,0,1
2017-12-06 02:00:00,2,0,2
2017-12-06 03:00:00,2,2,0
2017-12-06 04:00:00,1,1,0
2017-12-06 05:00:00,18,8,10
2017-12-06 06:00:00,50,31,19
2017-12-06 07:00:00,101,65,36
2017-12-06 08:00:00,139,118,21
2017-12-06 09:00:00,68,51,17
2017-12-06 10:00:00,25,15,10
2017-12-06 11:00:00,20,7,13
2017-12-06 12:00:00,31,11,20
2017-12-06 13:00:00,42,21,21
2017-12-06 14:00:00,56,21,35
2017-12-06 15:00:00,72,31,41
2017-12-06 16:00:00,115,58,57
2017-12-06 17:00:00,136,30,106
2017-12-06 18:00:00,73,15,58
2017-12-06 19:00:00,25,10,15
2017-12-06 20:00:00,12,5,7
2017-12-06 21:00:00,11,2,9
2017-12-06 22:00:00,9,1,8
2017-12-06 23:00:00,6,1,5
2017-12-07 00:00:00,0,0,0
2017-12-07 01:00:00,0,0,0
2017-12-07 02:00:00,0,0,0
2017-12-07 03:00:00,4,2,2
2017-12-07 04:00:00,1,1,0
2017-12-07 05:00:00,16,9,7
2017-12-07 06:00:00,39,22,17
2017-12-07 07:00:00,102,71,31
2017-12-07 08:00:00,114,92,22
2017-12-07 09:00:00,57,45,12
2017-12-07 10:00:00,30,15,15
2017-12-07 11:00:00,29,11,18
2017-12-07 12:00:00,31,17,14
2017-12-07 13:00:00,35,11,24
2017-12-07 14:00:00,36,17,19
2017-12-07 15:00:00,70,26,44
2017-12-07 16:00:00,126,50,76
2017-12-07 17:00:00,141,41,100
2017-12-07 18:00:00,61,11,50
2017-12-07 19:00:00,32,9,23
2017-12-07 20:00:00,9,1,8
2017-12-07 21:00:00,11,3,8
2017-12-07 22:00:00,8,1,7
2017-12-07 23:00:00,3,1,2
2017-12-08 00:00:00,1,0,1
2017-12-08 01:00:00,1,1,0
2017-12-08 02:00:00,2,0,2
2017-12-08 03:00:00,3,3,0
2017-12-08 04:00:00,0,0,0
2017-12-08 05:00:00,10,6,4
2017-12-08 06:00:00,32,20,12
2017-12-08 07:00:00,71,39,32
2017-12-08 08:00:00,86,71,15
2017-12-08 09:00:00,59,47,12
2017-12-08 10:00:00,22,14,8
2017-12-08 11:00:00,25,14,11
2017-12-08 12:00:00,25,11,14
2017-12-08 13:00:00,28,13,15
2017-12-08 14:00:00,55,27,28
2017-12-08 15:00:00,71,34,37
2017-12-08 16:00:00,119,50,69
2017-12-08 17:00:00,102,24,78
2017-12-08 18:00:00,44,6,38
2017-12-08 19:00:00,15,2,13
2017-12-08 20:00:00,5,1,4
2017-12-08 21:00:00,3,2,1
2017-12-08 22:00:00,3,1,2
2017-12-08 23:00:00,0,0,0
2017-12-09 00:00:00,1,0,1
2017-12-09 01:00:00,6,0,6
2017-12-09 02:00:00,2,2,0
2017-12-09 03:00:00,0,0,0
2017-12-09 04:00:00,0,0,0
2017-12-09 05:00:00,0,0,0
2017-12-09 06:00:00,2,2,0
2017-12-09 07:00:00,2,0,2
2017-12-09 08:00:00,3,2,1
2017-12-09 09:00:00,10,7,3
2017-12-09 10:00:00,15,8,7
2017-12-09 11:00:00,51,24,27
2017-12-09 12:00:00,51,21,30
2017-12-09 13:00:00,48,24,24
2017-12-09 14:00:00,53,27,26
2017-12-09 15:00:00,54,21,33
2017-12-09 16:00:00,36,16,20
2017-12-09 17:00:00,11,5,6
2017-12-09 18:00:00,22,14,8
2017-12-09 19:00:00,2,1,1
2017-12-09 20:00:00,2,2,0
2017-12-09 21:00:00,3,1,2
2017-12-09 22:00:00,14,3,11
2017-12-09 23:00:00,14,2,12
2017-12-10 00:00:00,3,0,3
2017-12-10 01:00:00,2,1,1
2017-12-10 02:00:00,0,0,0
2017-12-10 03:00:00,1,0,1
2017-12-10 04:00:00,3,2,1
2017-12-10 05:00:00,0,0,0
2017-12-10 06:00:00,1,1,0
2017-12-10 07:00:00,7,4,3
2017-12-10 08:00:00,13,7,6
2017-12-10 09:00:00,29,14,15
2017-12-10 10:00:00,21,14,7
2017-12-10 11:00:00,40,19,21
2017-12-10 12:00:00,60,31,29
2017-12-10 13:00:00,59,30,29
2017-12-10 14:00:00,84,33,51
2017-12-10 15:00:00,85,28,57
2017-12-10 16:00:00,39,23,16
2017-12-10 17:00:00,12,4,8
2017-12-10 18:00:00,9,4,5
2017-12-10 19:00:00,5,1,4
2017-12-10 20:00:00,2,2,0
2017-12-10 21:00:00,1,0,1
2017-12-10 22:00:00,4,1,3
2017-12-10 23:00:00,1,1,0
2017-12-11 00:00:00,2,0,2
2017-12-11 01:00:00,0,0,0
2017-12-11 02:00:00,0,0,0
2017-12-11 03:00:00,1,1,0
2017-12-11 04:00:00,0,0,0
2017-12-11 05:00:00,19,12,7
2017-12-11 06:00:00,37,19,18
2017-12-11 07:00:00,75,43,32
2017-12-11 08:00:00,123,93,30
2017-12-11 09:00:00,71,56,15
2017-12-11 10:00:00,30,17,13
2017-12-11 11:00:00,21,8,13
2017-12-11 12:00:00,29,13,16
2017-12-11 13:00:00,34,18,16
2017-12-11 14:00:00,42,18,24
2017-12-11 15:00:00,61,31,30
2017-12-11 16:00:00,105,53,52
2017-12-11 17:00:00,142,35,107
2017-12-11 18:00:00,76,8,68
2017-12-11 19:00:00,16,2,14
2017-12-11 20:00:00,11,3,8
2017-12-11 21:00:00,4,2,2
2017-12-11 22:00:00,1,0,1
2017-12-11 23:00:00,0,0,0
2017-12-12 00:00:00,0,0,0
2017-12-12 01:00:00,5,0,5
2017-12-12 02:00:00,0,0,0
2017-12-12 03:00:00,2,2,0
2017-12-12 04:00:00,0,0,0
2017-12-12 05:00:00,21,12,9
2017-12-12 06:00:00,37,19,18
2017-12-12 07:00:00,92,59,33
2017-12-12 08:00:00,149,122,27
2017-12-12 09:00:00,70,50,20
2017-12-12 10:00:00,20,12,8
2017-12-12 11:00:00,22,14,8
2017-12-12 12:00:00,29,12,17
2017-12-12 13:00:00,26,12,14
2017-12-12 14:00:00,28,11,17
2017-12-12 15:00:00,55,22,33
2017-12-12 16:00:00,104,38,66
2017-12-12 17:00:00,158,33,125
2017-12-12 18:00:00,81,13,68
2017-12-12 19:00:00,17,4,13
2017-12-12 20:00:00,14,3,11
2017-12-12 21:00:00,13,9,4
2017-12-12 22:00:00,6,2,4
2017-12-12 23:00:00,2,1,1
2017-12-13 00:00:00,3,0,3
2017-12-13 01:00:00,1,0,1
2017-12-13 02:00:00,0,0,0
2017-12-13 03:00:00,1,1,0
2017-12-13 04:00:00,2,2,0
2017-12-13 05:00:00,19,12,7
2017-12-13 06:00:00,36,20,16
2017-12-13 07:00:00,96,49,47
2017-12-13 08:00:00,142,118,24
2017-12-13 09:00:00,65,53,12
2017-12-13 10:00:00,35,22,13
2017-12-13 11:00:00,13,8,5
2017-12-13 12:00:00,20,11,9
2017-12-13 13:00:00,28,11,17
2017-12-13 14:00:00,34,15,19
2017-12-13 15:00:00,73,32,41
2017-12-13 16:00:00,97,34,63
2017-12-13 17:00:00,134,33,101
2017-12-13 18:00:00,70,13,57
2017-12-13 19:00:00,26,4,22
2017-12-13 20:00:00,11,2,9
2017-12-13 21:00:00,9,2,7
2017-12-13 22:00:00,4,1,3
2017-12-13 23:00:00,4,2,2
2017-12-14 00:00:00,1,0,1
2017-12-14 01:00:00,1,0,1
2017-12-14 02:00:00,0,0,0
2017-12-14 03:00:00,1,1,0
2017-12-14 04:00:00,1,1,0
2017-12-14 05:00:00,13,7,6
2017-12-14 06:00:00,34,15,19
2017-12-14 07:00:00,88,60,28
2017-12-14 08:00:00,112,92,20
2017-12-14 09:00:00,62,40,22
2017-12-14 10:00:00,24,17,7
2017-12-14 11:00:00,22,9,13
2017-12-14 12:00:00,21,11,10
2017-12-14 13:00:00,35,16,19
2017-12-14 14:00:00,41,17,24
2017-12-14 15:00:00,49,21,28
2017-12-14 16:00:00,116,50,66
2017-12-14 17:00:00,118,27,91
2017-12-14 18:00:00,74,19,55
2017-12-14 19:00:00,40,9,31
2017-12-14 20:00:00,23,4,19
2017-12-14 21:00:00,7,4,3
2017-12-14 22:00:00,6,1,5
2017-12-14 23:00:00,4,0,4
2017-12-15 00:00:00,1,0,1
2017-12-15 01:00:00,1,1,0
2017-12-15 02:00:00,1,0,1
2017-12-15 03:00:00,1,1,0
2017-12-15 04:00:00,0,0,0
2017-12-15 05:00:00,20,10,10
2017-12-15 06:00:00,20,13,7
2017-12-15 07:00:00,65,38,27
2017-12-15 08:00:00,84,67,17
2017-12-15 09:00:00,46,34,12
2017-12-15 10:00:00,35,23,12
2017-12-15 11:00:00,26,12,14
2017-12-15 12:00:00,28,10,18
2017-12-15 13:00:00,14,5,9
2017-12-15 14:00:00,26,10,16
2017-12-15 15:00:00,54,21,33
2017-12-15 16:00:00,68,21,47
2017-12-15 17:00:00,90,17,73
2017-12-15 18:00:00,46,6,40
2017-12-15 19:00:00,17,6,11
2017-12-15 20:00:00,4,1,3
2017-12-15 21:00:00,1,1,0
2017-12-15 22:00:00,4,2,2
2017-12-15 23:00:00,6,1,5
2017-12-16 00:00:00,5,1,4
2017-12-16 01:00:00,1,1,0
2017-12-16 02:00:00,0,0,0
2017-12-16 03:00:00,0,0,0
2017-12-16 04:00:00,0,0,0
2017-12-16 05:00:00,0,0,0
2017-12-16 06:00:00,6,6,0
2017-12-16 07:00:00,3,0,3
2017-12-16 08:00:00,16,7,9
2017-12-16 09:00:00,14,7,7
2017-12-16 10:00:00,43,21,22
2017-12-16 11:00:00,19,11,8
2017-12-16 12:00:00,41,20,21
2017-12-16 13:00:00,31,22,9
2017-12-16 14:00:00,46,26,20
2017-12-16 15:00:00,33,14,19
2017-12-16 16:00:00,29,14,15
2017-12-16 17:00:00,23,7,16
2017-12-16 18:00:00,4,0,4
2017-12-16 19:00:00,11,4,7
2017-12-16 20:00:00,2,1,1
2017-12-16 21:00:00,6,2,4
2017-12-16 22:00:00,0,0,0
2017-12-16 23:00:00,1,0,1
2017-12-17 00:00:00,0,0,0
2017-12-17 01:00:00,0,0,0
2017-12-17 02:00:00,1,0,1
2017-12-17 03:00:00,0,0,0
2017-12-17 04:00:00,1,1,0
2017-12-17 05:00:00,0,0,0
2017-12-17 06:00:00,1,1,0
2017-12-17 07:00:00,0,0,0
2017-12-17 08:00:00,7,5,2
2017-12-17 09:00:00,8,4,4
2017-12-17 10:00:00,11,7,4
2017-12-17 11:00:00,10,5,5
2017-12-17 12:00:00,10,4,6
2017-12-17 13:00:00,12,5,7
2017-12-17 14:00:00,14,6,8
2017-12-17 15:00:00,21,5,16
2017-12-17 16:00:00,23,6,17
2017-12-17 17:00:00,6,1,5
2017-12-17 18:00:00,4,2,2
2017-12-17 19:00:00,3,0,3
2017-12-17 20:00:00,4,2,2
2017-12-17 21:00:00,1,1,0
2017-12-17 22:00:00,2,1,1
2017-12-17 23:00:00,0,0,0
2017-12-18 00:00:00,0,0,0
2017-12-18 01:00:00,0,0,0
2017-12-18 02:00:00,0,0,0
2017-12-18 03:00:00,1,1,0
2017-12-18 04:00:00,0,0,0
2017-12-18 05:00:00,11,7,4
2017-12-18 06:00:00,29,18,11
2017-12-18 07:00:00,64,34,30
2017-12-18 08:00:00,118,93,25
2017-12-18 09:00:00,40,30,10
2017-12-18 10:00:00,19,10,9
2017-12-18 11:00:00,13,6,7
2017-12-18 12:00:00,12,4,8
2017-12-18 13:00:00,10,1,9
2017-12-18 14:00:00,13,7,6
2017-12-18 15:00:00,26,16,10
2017-12-18 16:00:00,66,25,41
2017-12-18 17:00:00,91,13,78
2017-12-18 18:00:00,57,11,46
2017-12-18 19:00:00,13,4,9
2017-12-18 20:00:00,5,1,4
2017-12-18 21:00:00,1,1,0
2017-12-18 22:00:00,3,1,2
2017-12-18 23:00:00,0,0,0
2017-12-19 00:00:00,0,0,0
2017-12-19 01:00:00,1,0,1
2017-12-19 02:00:00,1,0,1
2017-12-19 03:00:00,1,1,0
2017-12-19 04:00:00,0,0,0
2017-12-19 05:00:00,7,5,2
2017-12-19 06:00:00,22,10,12
2017-12-19 07:00:00,52,31,21
2017-12-19 08:00:00,67,45,22
2017-12-19 09:00:00,40,23,17
2017-12-19 10:00:00,17,6,11
2017-12-19 11:00:00,6,4,2
2017-12-19 12:00:00,3,0,3
2017-12-19 13:00:00,4,2,2
2017-12-19 14:00:00,22,11,11
2017-12-19 15:00:00,23,12,11
2017-12-19 16:00:00,54,21,33
2017-12-19 17:00:00,75,12,63
2017-12-19 18:00:00,33,7,26
2017-12-19 19:00:00,12,4,8
2017-12-19 20:00:00,3,3,0
2017-12-19 21:00:00,3,1,2
2017-12-19 22:00:00,3,0,3
2017-12-19 23:00:00,0,0,0
2017-12-20 00:00:00,0,0,0
2017-12-20 01:00:00,3,0,3
2017-12-20 02:00:00,0,0,0
2017-12-20 03:00:00,1,1,0
2017-12-20 04:00:00,1,1,0
2017-12-20 05:00:00,14,7,7
2017-12-20 06:00:00,32,15,17
2017-12-20 07:00:00,70,40,30
2017-12-20 08:00:00,117,96,21
2017-12-20 09:00:00,51,31,20
2017-12-20 10:00:00,27,16,11
2017-12-20 11:00:00,24,13,11
2017-12-20 12:00:00,25,13,12
2017-12-20 13:00:00,30,14,16
2017-12-20 14:00:00,27,12,15
2017-12-20 15:00:00,66,27,39
2017-12-20 16:00:00,98,40,58
2017-12-20 17:00:00,99,24,75
2017-12-20 18:00:00,43,10,33
2017-12-20 19:00:00,18,2,16
2017-12-20 20:00:00,6,1,5
2017-12-20 21:00:00,13,6,7
2017-12-20 22:00:00,5,2,3
2017-12-20 23:00:00,4,1,3
2017-12-21 00:00:00,0,0,0
2017-12-21 01:00:00,2,1,1
2017-12-21 02:00:00,0,0,0
2017-12-21 03:00:00,0,0,0
2017-12-21 04:00:00,0,0,0
2017-12-21 05:00:00,12,6,6
2017-12-21 06:00:00,24,15,9
2017-12-21 07:00:00,49,35,14
2017-12-21 08:00:00,64,53,11
2017-12-21 09:00:00,38,29,9
2017-12-21 10:00:00,28,17,11
2017-12-21 11:00:00,21,7,14
2017-12-21 12:00:00,23,11,12
2017-12-21 13:00:00,18,9,9
2017-12-21 14:00:00,22,10,12
2017-12-21 15:00:00,45,16,29
2017-12-21 16:00:00,71,35,36
2017-12-21 17:00:00,71,11,60
2017-12-21 18:00:00,44,2,42
2017-12-21 19:00:00,12,4,8
2017-12-21 20:00:00,7,4,3
2017-12-21 21:00:00,1,1,0
2017-12-21 22:00:00,2,0,2
2017-12-21 23:00:00,0,0,0
2017-12-22 00:00:00,0,0,0
2017-12-22 01:00:00,1,0,1
2017-12-22 02:00:00,0,0,0
2017-12-22 03:00:00,0,0,0
2017-12-22 04:00:00,0,0,0
2017-12-22 05:00:00,12,5,7
2017-12-22 06:00:00,20,12,8
2017-12-22 07:00:00,32,21,11
2017-12-22 08:00:00,44,37,7
2017-12-22 09:00:00,30,25,5
2017-12-22 10:00:00,13,8,5
2017-12-22 11:00:00,17,10,7
2017-12-22 12:00:00,20,7,13
2017-12-22 13:00:00,15,5,10
2017-12-22 14:00:00,30,10,20
2017-12-22 15:00:00,50,19,31
2017-12-22 16:00:00,60,23,37
2017-12-22 17:00:00,27,3,24
2017-12-22 18:00:00,18,7,11
2017-12-22 19:00:00,6,4,2
2017-12-22 20:00:00,5,4,1
2017-12-22 21:00:00,1,0,1
2017-12-22 22:00:00,1,1,0
2017-12-22 23:00:00,1,1,0
2017-12-23 00:00:00,9,4,5
2017-12-23 01:00:00,3,0,3
2017-12-23 02:00:00,4,2,2
2017-12-23 03:00:00,0,0,0
2017-12-23 04:00:00,0,0,0
2017-12-23 05:00:00,0,0,0
2017-12-23 06:00:00,4,3,1
2017-12-23 07:00:00,1,0,1
2017-12-23 08:00:00,8,6,2
2017-12-23 09:00:00,12,6,6
2017-12-23 10:00:00,22,9,13
2017-12-23 11:00:00,28,15,13
2017-12-23 12:00:00,29,15,14
2017-12-23 13:00:00,56,31,25
2017-12-23 14:00:00,46,29,17
2017-12-23 15:00:00,52,22,30
2017-12-23 16:00:00,27,19,8
2017-12-23 17:00:00,12,1,11
2017-12-23 18:00:00,3,2,1
2017-12-23 19:00:00,1,1,0
2017-12-23 20:00:00,4,0,4
2017-12-23 21:00:00,2,0,2
2017-12-23 22:00:00,2,2,0
2017-12-23 23:00:00,8,1,7
2017-12-24 00:00:00,2,2,0
2017-12-24 01:00:00,0,0,0
2017-12-24 02:00:00,2,0,2
2017-12-24 03:00:00,0,0,0
2017-12-24 04:00:00,0,0,0
2017-12-24 05:00:00,0,0,0
2017-12-24 06:00:00,4,2,2
2017-12-24 07:00:00,4,3,1
2017-12-24 08:00:00,5,3,2
2017-12-24 09:00:00,9,7,2
2017-12-24 10:00:00,11,2,9
2017-12-24 11:00:00,12,3,9
2017-12-24 12:00:00,20,11,9
2017-12-24 13:00:00,10,5,5
2017-12-24 14:00:00,11,5,6
2017-12-24 15:00:00,5,3,2
2017-12-24 16:00:00,2,1,1
2017-12-24 17:00:00,0,0,0
2017-12-24 18:00:00,4,2,2
2017-12-24 19:00:00,1,0,1
2017-12-24 20:00:00,1,1,0
2017-12-24 21:00:00,1,0,1
2017-12-24 22:00:00,0,0,0
2017-12-24 23:00:00,0,0,0
2017-12-25 00:00:00,0,0,0
2017-12-25 01:00:00,2,1,1
2017-12-25 02:00:00,1,1,0
2017-12-25 03:00:00,0,0,0
2017-12-25 04:00:00,0,0,0
2017-12-25 05:00:00,0,0,0
2017-12-25 06:00:00,0,0,0
2017-12-25 07:00:00,1,0,1
2017-12-25 08:00:00,1,1,0
2017-12-25 09:00:00,4,1,3
2017-12-25 10:00:00,2,2,0
2017-12-25 11:00:00,2,2,0
2017-12-25 12:00:00,3,0,3
2017-12-25 13:00:00,5,1,4
2017-12-25 14:00:00,5,5,0
2017-12-25 15:00:00,3,3,0
2017-12-25 16:00:00,7,5,2
2017-12-25 17:00:00,3,1,2
2017-12-25 18:00:00,1,1,0
2017-12-25 19:00:00,0,0,0
2017-12-25 20:00:00,3,2,1
2017-12-25 21:00:00,0,0,0
2017-12-25 22:00:00,0,0,0
2017-12-25 23:00:00,0,0,0
2017-12-26 00:00:00,0,0,0
2017-12-26 01:00:00,0,0,0
2017-12-26 02:00:00,0,0,0
2017-12-26 03:00:00,0,0,0
2017-12-26 04:00:00,1,1,0
2017-12-26 05:00:00,3,1,2
2017-12-26 06:00:00,6,1,5
2017-12-26 07:00:00,15,6,9
2017-12-26 08:00:00,12,11,1
2017-12-26 09:00:00,18,13,5
2017-12-26 10:00:00,14,7,7
2017-12-26 11:00:00,26,17,9
2017-12-26 12:00:00,17,7,10
2017-12-26 13:00:00,26,15,11
2017-12-26 14:00:00,26,15,11
2017-12-26 15:00:00,27,17,10
2017-12-26 16:00:00,29,11,18
2017-12-26 17:00:00,15,4,11
2017-12-26 18:00:00,7,0,7
2017-12-26 19:00:00,2,1,1
2017-12-26 20:00:00,1,0,1
2017-12-26 21:00:00,2,2,0
2017-12-26 22:00:00,8,1,7
2017-12-26 23:00:00,0,0,0
2017-12-27 00:00:00,1,0,1
2017-12-27 01:00:00,2,1,1
2017-12-27 02:00:00,0,0,0
2017-12-27 03:00:00,0,0,0
2017-12-27 04:00:00,0,0,0
2017-12-27 05:00:00,8,5,3
2017-12-27 06:00:00,15,10,5
2017-12-27 07:00:00,35,21,14
2017-12-27 08:00:00,30,27,3
2017-12-27 09:00:00,21,15,6
2017-12-27 10:00:00,17,9,8
2017-12-27 11:00:00,14,7,7
2017-12-27 12:00:00,24,11,13
2017-12-27 13:00:00,28,17,11
2017-12-27 14:00:00,31,16,15
2017-12-27 15:00:00,45,19,26
2017-12-27 16:00:00,47,17,30
2017-12-27 17:00:00,40,8,32
2017-12-27 18:00:00,21,7,14
2017-12-27 19:00:00,20,4,16
2017-12-27 20:00:00,3,1,2
2017-12-27 21:00:00,8,2,6
2017-12-27 22:00:00,8,1,7
2017-12-27 23:00:00,0,0,0
2017-12-28 00:00:00,2,0,2
2017-12-28 01:00:00,1,1,0
2017-12-28 02:00:00,1,0,1
2017-12-28 03:00:00,0,0,0
2017-12-28 04:00:00,0,0,0
2017-12-28 05:00:00,11,8,3
2017-12-28 06:00:00,19,11,8
2017-12-28 07:00:00,28,13,15
2017-12-28 08:00:00,47,39,8
2017-12-28 09:00:00,28,21,7
2017-12-28 10:00:00,5,3,2
2017-12-28 11:00:00,12,3,9
2017-12-28 12:00:00,16,6,10
2017-12-28 13:00:00,22,13,9
2017-12-28 14:00:00,19,7,12
2017-12-28 15:00:00,30,11,19
2017-12-28 16:00:00,44,15,29
2017-12-28 17:00:00,47,10,37
2017-12-28 18:00:00,21,6,15
2017-12-28 19:00:00,6,1,5
2017-12-28 20:00:00,11,7,4
2017-12-28 21:00:00,1,1,0
2017-12-28 22:00:00,2,0,2
2017-12-28 23:00:00,0,0,0
2017-12-29 00:00:00,1,1,0
2017-12-29 01:00:00,1,0,1
2017-12-29 02:00:00,1,0,1
2017-12-29 03:00:00,0,0,0
2017-12-29 04:00:00,0,0,0
2017-12-29 05:00:00,4,3,1
2017-12-29 06:00:00,7,6,1
2017-12-29 07:00:00,23,12,11
2017-12-29 08:00:00,24,19,5
2017-12-29 09:00:00,13,10,3
2017-12-29 10:00:00,11,9,2
2017-12-29 11:00:00,3,1,2
2017-12-29 12:00:00,9,1,8
2017-12-29 13:00:00,8,2,6
2017-12-29 14:00:00,14,8,6
2017-12-29 15:00:00,18,5,13
2017-12-29 16:00:00,28,13,15
2017-12-29 17:00:00,21,4,17
2017-12-29 18:00:00,8,2,6
2017-12-29 19:00:00,1,1,0
2017-12-29 20:00:00,4,3,1
2017-12-29 21:00:00,0,0,0
2017-12-29 22:00:00,3,2,1
2017-12-29 23:00:00,1,0,1
2017-12-30 00:00:00,0,0,0
2017-12-30 01:00:00,1,0,1
2017-12-30 02:00:00,0,0,0
2017-12-30 03:00:00,1,1,0
2017-12-30 04:00:00,0,0,0
2017-12-30 05:00:00,2,1,1
2017-12-30 06:00:00,1,1,0
2017-12-30 07:00:00,2,0,2
2017-12-30 08:00:00,10,10,0
2017-12-30 09:00:00,24,17,7
2017-12-30 10:00:00,28,18,10
2017-12-30 11:00:00,35,18,17
2017-12-30 12:00:00,33,19,14
2017-12-30 13:00:00,57,21,36
2017-12-30 14:00:00,59,25,34
2017-12-30 15:00:00,55,32,23
2017-12-30 16:00:00,35,16,19
2017-12-30 17:00:00,15,7,8
2017-12-30 18:00:00,3,1,2
2017-12-30 19:00:00,7,4,3
2017-12-30 20:00:00,4,2,2
2017-12-30 21:00:00,1,1,0
2017-12-30 22:00:00,5,1,4
2017-12-30 23:00:00,0,0,0
2017-12-31 00:00:00,3,1,2
2017-12-31 01:00:00,0,0,0
2017-12-31 02:00:00,0,0,0
2017-12-31 03:00:00,0,0,0
2017-12-31 04:00:00,0,0,0
2017-12-31 05:00:00,0,0,0
2017-12-31 06:00:00,5,4,1
2017-12-31 07:00:00,6,1,5
2017-12-31 08:00:00,7,4,3
2017-12-31 09:00:00,22,17,5
2017-12-31 10:00:00,40,34,6
2017-12-31 11:00:00,40,21,19
2017-12-31 12:00:00,35,16,19
2017-12-31 13:00:00,64,29,35
2017-12-31 14:00:00,72,34,38
2017-12-31 15:00:00,58,33,25
2017-12-31 16:00:00,34,15,19
2017-12-31 17:00:00,8,2,6
2017-12-31 18:00:00,3,2,1
2017-12-31 19:00:00,7,2,5
2017-12-31 20:00:00,5,0,5
2017-12-31 21:00:00,5,4,1
2017-12-31 22:00:00,5,2,3
2017-12-31 23:00:00,6,1,5
2018-01-01 00:00:00,9,1,8
2018-01-01 01:00:00,6,4,2
2018-01-01 02:00:00,0,0,0
2018-01-01 03:00:00,2,1,1
2018-01-01 04:00:00,0,0,0
2018-01-01 05:00:00,1,0,1
2018-01-01 06:00:00,3,2,1
2018-01-01 07:00:00,4,3,1
2018-01-01 08:00:00,5,3,2
2018-01-01 09:00:00,20,9,11
2018-01-01 10:00:00,10,2,8
2018-01-01 11:00:00,23,11,12
2018-01-01 12:00:00,50,28,22
2018-01-01 13:00:00,61,27,34
2018-01-01 14:00:00,116,53,63
2018-01-01 15:00:00,97,53,44
2018-01-01 16:00:00,55,26,29
2018-01-01 17:00:00,17,16,1
2018-01-01 18:00:00,2,1,1
2018-01-01 19:00:00,3,1,2
2018-01-01 20:00:00,1,0,1
2018-01-01 21:00:00,0,0,0
2018-01-01 22:00:00,1,0,1
2018-01-01 23:00:00,0,0,0
2018-01-02 00:00:00,2,0,2
2018-01-02 01:00:00,3,1,2
2018-01-02 02:00:00,0,0,0
2018-01-02 03:00:00,3,3,0
2018-01-02 04:00:00,1,1,0
2018-01-02 05:00:00,17,11,6
2018-01-02 06:00:00,36,16,20
2018-01-02 07:00:00,98,61,37
2018-01-02 08:00:00,128,95,33
2018-01-02 09:00:00,56,42,14
2018-01-02 10:00:00,22,11,11
2018-01-02 11:00:00,18,6,12
2018-01-02 12:00:00,16,9,7
2018-01-02 13:00:00,21,13,8
2018-01-02 14:00:00,24,12,12
2018-01-02 15:00:00,42,20,22
2018-01-02 16:00:00,102,44,58
2018-01-02 17:00:00,149,33,116
2018-01-02 18:00:00,61,10,51
2018-01-02 19:00:00,17,7,10
2018-01-02 20:00:00,2,1,1
2018-01-02 21:00:00,4,1,3
2018-01-02 22:00:00,5,2,3
2018-01-02 23:00:00,0,0,0
2018-01-03 00:00:00,1,1,0
2018-01-03 01:00:00,1,0,1
2018-01-03 02:00:00,0,0,0
2018-01-03 03:00:00,0,0,0
2018-01-03 04:00:00,1,1,0
2018-01-03 05:00:00,14,8,6
2018-01-03 06:00:00,52,32,20
2018-01-03 07:00:00,89,48,41
2018-01-03 08:00:00,165,131,34
2018-01-03 09:00:00,75,53,22
2018-01-03 10:00:00,22,16,6
2018-01-03 11:00:00,19,11,8
2018-01-03 12:00:00,35,19,16
2018-01-03 13:00:00,44,22,22
2018-01-03 14:00:00,69,26,43
2018-01-03 15:00:00,86,48,38
2018-01-03 16:00:00,105,35,70
2018-01-03 17:00:00,164,41,123
2018-01-03 18:00:00,85,19,66
2018-01-03 19:00:00,15,3,12
2018-01-03 20:00:00,16,4,12
2018-01-03 21:00:00,6,2,4
2018-01-03 22:00:00,4,3,1
2018-01-03 23:00:00,2,2,0
2018-01-04 00:00:00,0,0,0
2018-01-04 01:00:00,0,0,0
2018-01-04 02:00:00,1,0,1
2018-01-04 03:00:00,0,0,0
2018-01-04 04:00:00,5,4,1
2018-01-04 05:00:00,16,10,6
2018-01-04 06:00:00,38,19,19
2018-01-04 07:00:00,95,62,33
2018-01-04 08:00:00,107,83,24
2018-01-04 09:00:00,67,49,18
2018-01-04 10:00:00,38,28,10
2018-01-04 11:00:00,26,9,17
2018-01-04 12:00:00,17,8,9
2018-01-04 13:00:00,16,7,9
2018-01-04 14:00:00,24,12,12
2018-01-04 15:00:00,51,21,30
2018-01-04 16:00:00,85,36,49
2018-01-04 17:00:00,121,25,96
2018-01-04 18:00:00,72,18,54
2018-01-04 19:00:00,19,5,14
2018-01-04 20:00:00,9,2,7
2018-01-04 21:00:00,8,2,6
2018-01-04 22:00:00,0,0,0
2018-01-04 23:00:00,0,0,0
2018-01-05 00:00:00,0,0,0
2018-01-05 01:00:00,0,0,0
2018-01-05 02:00:00,0,0,0
2018-01-05 03:00:00,0,0,0
2018-01-05 04:00:00,1,0,1
2018-01-05 05:00:00,24,14,10
2018-01-05 06:00:00,30,16,14
2018-01-05 07:00:00,69,41,28
2018-01-05 08:00:00,90,68,22
2018-01-05 09:00:00,46,30,16
2018-01-05 10:00:00,14,9,5
2018-01-05 11:00:00,14,7,7
2018-01-05 12:00:00,13,3,10
2018-01-05 13:00:00,11,3,8
2018-01-05 14:00:00,23,7,16
2018-01-05 15:00:00,22,9,13
2018-01-05 16:00:00,69,33,36
2018-01-05 17:00:00,94,25,69
2018-01-05 18:00:00,47,8,39
2018-01-05 19:00:00,13,4,9
2018-01-05 20:00:00,3,2,1
2018-01-05 21:00:00,2,2,0
2018-01-05 22:00:00,0,0,0
2018-01-05 23:00:00,3,0,3
2018-01-06 00:00:00,1,0,1
2018-01-06 01:00:00,1,0,1
2018-01-06 02:00:00,1,1,0
2018-01-06 03:00:00,0,0,0
2018-01-06 04:00:00,0,0,0
2018-01-06 05:00:00,1,1,0
2018-01-06 06:00:00,6,6,0
2018-01-06 07:00:00,1,0,1
2018-01-06 08:00:00,4,0,4
2018-01-06 09:00:00,11,11,0
2018-01-06 10:00:00,3,2,1
2018-01-06 11:00:00,9,4,5
2018-01-06 12:00:00,13,8,5
2018-01-06 13:00:00,21,12,9
2018-01-06 14:00:00,32,17,15
2018-01-06 15:00:00,37,20,17
2018-01-06 16:00:00,38,21,17
2018-01-06 17:00:00,16,5,11
2018-01-06 18:00:00,10,4,6
2018-01-06 19:00:00,4,2,2
2018-01-06 20:00:00,3,2,1
2018-01-06 21:00:00,4,1,3
2018-01-06 22:00:00,9,5,4
2018-01-06 23:00:00,10,0,10
2018-01-07 00:00:00,1,1,0
2018-01-07 01:00:00,1,0,1
2018-01-07 02:00:00,2,1,1
2018-01-07 03:00:00,0,0,0
2018-01-07 04:00:00,0,0,0
2018-01-07 05:00:00,2,1,1
2018-01-07 06:00:00,4,2,2
2018-01-07 07:00:00,1,0,1
2018-01-07 08:00:00,7,3,4
2018-01-07 09:00:00,5,0,5
2018-01-07 10:00:00,18,8,10
2018-01-07 11:00:00,17,12,5
2018-01-07 12:00:00,21,15,6
2018-01-07 13:00:00,11,4,7
2018-01-07 14:00:00,18,6,12
2018-01-07 15:00:00,19,12,7
2018-01-07 16:00:00,8,1,7
2018-01-07 17:00:00,6,4,2
2018-01-07 18:00:00,1,0,1
2018-01-07 19:00:00,2,1,1
2018-01-07 20:00:00,3,3,0
2018-01-07 21:00:00,0,0,0
2018-01-07 22:00:00,0,0,0
2018-01-07 23:00:00,1,0,1
2018-01-08 00:00:00,0,0,0
2018-01-08 01:00:00,0,0,0
2018-01-08 02:00:00,1,0,1
2018-01-08 03:00:00,0,0,0
2018-01-08 04:00:00,1,0,1
2018-01-08 05:00:00,20,7,13
2018-01-08 06:00:00,37,19,18
2018-01-08 07:00:00,102,70,32
2018-01-08 08:00:00,140,116,24
2018-01-08 09:00:00,65,47,18
2018-01-08 10:00:00,27,15,12
2018-01-08 11:00:00,22,10,12
2018-01-08 12:00:00,31,14,17
2018-01-08 13:00:00,26,10,16
2018-01-08 14:00:00,41,17,24
2018-01-08 15:00:00,58,31,27
2018-01-08 16:00:00,109,48,61
2018-01-08 17:00:00,156,32,124
2018-01-08 18:00:00,69,14,55
2018-01-08 19:00:00,20,2,18
2018-01-08 20:00:00,11,5,6
2018-01-08 21:00:00,8,2,6
2018-01-08 22:00:00,1,0,1
2018-01-08 23:00:00,0,0,0
2018-01-09 00:00:00,0,0,0
2018-01-09 01:00:00,1,0,1
2018-01-09 02:00:00,0,0,0
2018-01-09 03:00:00,0,0,0
2018-01-09 04:00:00,0,0,0
2018-01-09 05:00:00,15,8,7
2018-01-09 06:00:00,38,18,20
2018-01-09 07:00:00,102,71,31
2018-01-09 08:00:00,110,91,19
2018-01-09 09:00:00,53,36,17
2018-01-09 10:00:00,13,11,2
2018-01-09 11:00:00,20,10,10
2018-01-09 12:00:00,18,9,9
2018-01-09 13:00:00,5,0,5
2018-01-09 14:00:00,13,7,6
2018-01-09 15:00:00,36,17,19
2018-01-09 16:00:00,89,39,50
2018-01-09 17:00:00,105,19,86
2018-01-09 18:00:00,54,12,42
2018-01-09 19:00:00,22,3,19
2018-01-09 20:00:00,9,2,7
2018-01-09 21:00:00,2,0,2
2018-01-09 22:00:00,1,0,1
2018-01-09 23:00:00,1,0,1
2018-01-10 00:00:00,0,0,0
2018-01-10 01:00:00,1,0,1
2018-01-10 02:00:00,0,0,0
2018-01-10 03:00:00,0,0,0
2018-01-10 04:00:00,0,0,0
2018-01-10 05:00:00,16,9,7
2018-01-10 06:00:00,41,20,21
2018-01-10 07:00:00,89,56,33
2018-01-10 08:00:00,118,89,29
2018-01-10 09:00:00,62,50,12
2018-01-10 10:00:00,24,17,7
2018-01-10 11:00:00,25,15,10
2018-01-10 12:00:00,15,9,6
2018-01-10 13:00:00,24,8,16
2018-01-10 14:00:00,20,10,10
2018-01-10 15:00:00,57,28,29
2018-01-10 16:00:00,82,32,50
2018-01-10 17:00:00,132,35,97
2018-01-10 18:00:00,58,13,45
2018-01-10 19:00:00,22,3,19
2018-01-10 20:00:00,11,4,7
2018-01-10 21:00:00,1,0,1
2018-01-10 22:00:00,3,1,2
2018-01-10 23:00:00,1,0,1
2018-01-11 00:00:00,0,0,0
2018-01-11 01:00:00,1,0,1
2018-01-11 02:00:00,0,0,0
2018-01-11 03:00:00,0,0,0
2018-01-11 04:00:00,0,0,0
2018-01-11 05:00:00,11,6,5
2018-01-11 06:00:00,27,15,12
2018-01-11 07:00:00,76,40,36
2018-01-11 08:00:00,72,56,16
2018-01-11 09:00:00,24,18,6
2018-01-11 10:00:00,9,6,3
2018-01-11 11:00:00,6,3,3
2018-01-11 12:00:00,2,1,1
2018-01-11 13:00:00,8,1,7
2018-01-11 14:00:00,16,8,8
2018-01-11 15:00:00,33,17,16
2018-01-11 16:00:00,73,37,36
2018-01-11 17:00:00,80,21,59
2018-01-11 18:00:00,49,11,38
2018-01-11 19:00:00,32,8,24
2018-01-11 20:00:00,3,2,1
2018-01-11 21:00:00,5,3,2
2018-01-11 22:00:00,3,1,2
2018-01-11 23:00:00,1,0,1
2018-01-12 00:00:00,0,0,0
2018-01-12 01:00:00,2,1,1
2018-01-12 02:00:00,0,0,0
2018-01-12 03:00:00,0,0,0
2018-01-12 04:00:00,0,0,0
2018-01-12 05:00:00,20,14,6
2018-01-12 06:00:00,24,9,15
2018-01-12 07:00:00,73,46,27
2018-01-12 08:00:00,92,75,17
2018-01-12 09:00:00,54,32,22
2018-01-12 10:00:00,19,11,8
2018-01-12 11:00:00,15,7,8
2018-01-12 12:00:00,15,4,11
2018-01-12 13:00:00,12,3,9
2018-01-12 14:00:00,28,9,19
2018-01-12 15:00:00,42,20,22
2018-01-12 16:00:00,89,29,60
2018-01-12 17:00:00,90,26,64
2018-01-12 18:00:00,30,3,27
2018-01-12 19:00:00,9,2,7
2018-01-12 20:00:00,5,3,2
2018-01-12 21:00:00,2,0,2
2018-01-12 22:00:00,2,2,0
2018-01-12 23:00:00,2,1,1
2018-01-13 00:00:00,7,5,2
2018-01-13 01:00:00,1,0,1
2018-01-13 02:00:00,0,0,0
2018-01-13 03:00:00,0,0,0
2018-01-13 04:00:00,0,0,0
2018-01-13 05:00:00,2,2,0
2018-01-13 06:00:00,2,1,1
2018-01-13 07:00:00,6,2,4
2018-01-13 08:00:00,12,9,3
2018-01-13 09:00:00,22,17,5
2018-01-13 10:00:00,18,5,13
2018-01-13 11:00:00,38,19,19
2018-01-13 12:00:00,55,33,22
2018-01-13 13:00:00,75,26,49
2018-01-13 14:00:00,98,49,49
2018-01-13 15:00:00,145,57,88
2018-01-13 16:00:00,89,46,43
2018-01-13 17:00:00,26,15,11
2018-01-13 18:00:00,13,4,9
2018-01-13 19:00:00,13,10,3
2018-01-13 20:00:00,10,7,3
2018-01-13 21:00:00,6,2,4
2018-01-13 22:00:00,3,0,3
2018-01-13 23:00:00,4,0,4
2018-01-14 00:00:00,6,3,3
2018-01-14 01:00:00,0,0,0
2018-01-14 02:00:00,0,0,0
2018-01-14 03:00:00,0,0,0
2018-01-14 04:00:00,0,0,0
2018-01-14 05:00:00,4,3,1
2018-01-14 06:00:00,3,3,0
2018-01-14 07:00:00,6,4,2
2018-01-14 08:00:00,23,13,10
2018-01-14 09:00:00,53,26,27
2018-01-14 10:00:00,66,28,38
2018-01-14 11:00:00,103,58,45
2018-01-14 12:00:00,104,43,61
2018-01-14 13:00:00,142,61,81
2018-01-14 14:00:00,230,102,128
2018-01-14 15:00:00,190,103,87
2018-01-14 16:00:00,122,58,64
2018-01-14 17:00:00,71,50,21
2018-01-14 18:00:00,25,13,12
2018-01-14 19:00:00,1,0,1
2018-01-14 20:00:00,8,2,6
2018-01-14 21:00:00,2,2,0
2018-01-14 22:00:00,0,0,0
2018-01-14 23:00:00,3,0,3
2018-01-15 00:00:00,0,0,0
2018-01-15 01:00:00,1,0,1
2018-01-15 02:00:00,0,0,0
2018-01-15 03:00:00,0,0,0
2018-01-15 04:00:00,1,0,1
2018-01-15 05:00:00,9,5,4
2018-01-15 06:00:00,29,11,18
2018-01-15 07:00:00,52,23,29
2018-01-15 08:00:00,73,53,20
2018-01-15 09:00:00,56,42,14
2018-01-15 10:00:00,50,34,16
2018-01-15 11:00:00,52,32,20
2018-01-15 12:00:00,95,42,53
2018-01-15 13:00:00,120,62,58
2018-01-15 14:00:00,98,47,51
2018-01-15 15:00:00,165,79,86
2018-01-15 16:00:00,125,55,70
2018-01-15 17:00:00,95,39,56
2018-01-15 18:00:00,44,11,33
2018-01-15 19:00:00,15,6,9
2018-01-15 20:00:00,9,6,3
2018-01-15 21:00:00,3,0,3
2018-01-15 22:00:00,5,1,4
2018-01-15 23:00:00,3,0,3
2018-01-16 00:00:00,0,0,0
2018-01-16 01:00:00,2,1,1
2018-01-16 02:00:00,0,0,0
2018-01-16 03:00:00,0,0,0
2018-01-16 04:00:00,1,1,0
2018-01-16 05:00:00,13,6,7
2018-01-16 06:00:00,35,20,15
2018-01-16 07:00:00,100,61,39
2018-01-16 08:00:00,116,101,15
2018-01-16 09:00:00,58,34,24
2018-01-16 10:00:00,24,15,9
2018-01-16 11:00:00,14,7,7
2018-01-16 12:00:00,35,15,20
2018-01-16 13:00:00,26,11,15
2018-01-16 14:00:00,31,17,14
2018-01-16 15:00:00,50,25,25
2018-01-16 16:00:00,102,43,59
2018-01-16 17:00:00,141,37,104
2018-01-16 18:00:00,85,11,74
2018-01-16 19:00:00,23,8,15
2018-01-16 20:00:00,13,6,7
2018-01-16 21:00:00,1,0,1
2018-01-16 22:00:00,3,2,1
2018-01-16 23:00:00,1,0,1
2018-01-17 00:00:00,2,0,2
2018-01-17 01:00:00,0,0,0
2018-01-17 02:00:00,0,0,0
2018-01-17 03:00:00,0,0,0
2018-01-17 04:00:00,2,0,2
2018-01-17 05:00:00,13,7,6
2018-01-17 06:00:00,37,21,16
2018-01-17 07:00:00,93,60,33
2018-01-17 08:00:00,122,103,19
2018-01-17 09:00:00,45,30,15
2018-01-17 10:00:00,22,16,6
2018-01-17 11:00:00,26,12,14
2018-01-17 12:00:00,18,11,7
2018-01-17 13:00:00,14,5,9
2018-01-17 14:00:00,21,11,10
2018-01-17 15:00:00,36,16,20
2018-01-17 16:00:00,78,31,47
2018-01-17 17:00:00,125,33,92
2018-01-17 18:00:00,53,7,46
2018-01-17 19:00:00,15,1,14
2018-01-17 20:00:00,7,4,3
2018-01-17 21:00:00,2,0,2
2018-01-17 22:00:00,7,3,4
2018-01-17 23:00:00,2,0,2
2018-01-18 00:00:00,1,1,0
2018-01-18 01:00:00,1,0,1
2018-01-18 02:00:00,2,1,1
2018-01-18 03:00:00,1,1,0
2018-01-18 04:00:00,1,1,0
2018-01-18 05:00:00,9,5,4
2018-01-18 06:00:00,29,14,15
2018-01-18 07:00:00,96,64,32
2018-01-18 08:00:00,114,89,25
2018-01-18 09:00:00,56,40,16
2018-01-18 10:00:00,20,9,11
2018-01-18 11:00:00,35,23,12
2018-01-18 12:00:00,30,12,18
2018-01-18 13:00:00,7,2,5
2018-01-18 14:00:00,14,7,7
2018-01-18 15:00:00,27,15,12
2018-01-18 16:00:00,77,26,51
2018-01-18 17:00:00,133,31,102
2018-01-18 18:00:00,55,10,45
2018-01-18 19:00:00,14,1,13
2018-01-18 20:00:00,5,2,3
2018-01-18 21:00:00,6,2,4
2018-01-18 22:00:00,6,2,4
2018-01-18 23:00:00,2,1,1
2018-01-19 00:00:00,0,0,0
2018-01-19 01:00:00,1,0,1
2018-01-19 02:00:00,0,0,0
2018-01-19 03:00:00,0,0,0
2018-01-19 04:00:00,3,2,1
2018-01-19 05:00:00,16,9,7
2018-01-19 06:00:00,27,11,16
2018-01-19 07:00:00,91,57,34
2018-01-19 08:00:00,91,76,15
2018-01-19 09:00:00,47,30,17
2018-01-19 10:00:00,32,22,10
2018-01-19 11:00:00,22,11,11
2018-01-19 12:00:00,27,10,17
2018-01-19 13:00:00,25,10,15
2018-01-19 14:00:00,28,14,14
2018-01-19 15:00:00,47,19,28
2018-01-19 16:00:00,82,34,48
2018-01-19 17:00:00,120,28,92
2018-01-19 18:00:00,44,6,38
2018-01-19 19:00:00,20,6,14
2018-01-19 20:00:00,15,7,8
2018-01-19 21:00:00,4,3,1
2018-01-19 22:00:00,0,0,0
2018-01-19 23:00:00,6,2,4
2018-01-20 00:00:00,3,1,2
2018-01-20 01:00:00,2,0,2
2018-01-20 02:00:00,0,0,0
2018-01-20 03:00:00,0,0,0
2018-01-20 04:00:00,0,0,0
2018-01-20 05:00:00,2,2,0
2018-01-20 06:00:00,2,2,0
2018-01-20 07:00:00,7,5,2
2018-01-20 08:00:00,17,7,10
2018-01-20 09:00:00,15,10,5
2018-01-20 10:00:00,17,10,7
2018-01-20 11:00:00,33,22,11
2018-01-20 12:00:00,20,11,9
2018-01-20 13:00:00,44,19,25
2018-01-20 14:00:00,31,16,15
2018-01-20 15:00:00,30,14,16
2018-01-20 16:00:00,20,12,8
2018-01-20 17:00:00,15,10,5
2018-01-20 18:00:00,8,3,5
2018-01-20 19:00:00,3,1,2
2018-01-20 20:00:00,4,3,1
2018-01-20 21:00:00,5,2,3
2018-01-20 22:00:00,1,1,0
2018-01-20 23:00:00,2,2,0
2018-01-21 00:00:00,3,2,1
2018-01-21 01:00:00,0,0,0
2018-01-21 02:00:00,0,0,0
2018-01-21 03:00:00,0,0,0
2018-01-21 04:00:00,2,1,1
2018-01-21 05:00:00,0,0,0
2018-01-21 06:00:00,2,1,1
2018-01-21 07:00:00,2,0,2
2018-01-21 08:00:00,5,4,1
2018-01-21 09:00:00,1,0,1
2018-01-21 10:00:00,7,3,4
2018-01-21 11:00:00,25,14,11
2018-01-21 12:00:00,18,5,13
2018-01-21 13:00:00,24,9,15
2018-01-21 14:00:00,29,16,13
2018-01-21 15:00:00,11,4,7
2018-01-21 16:00:00,6,4,2
2018-01-21 17:00:00,0,0,0
2018-01-21 18:00:00,2,0,2
2018-01-21 19:00:00,1,0,1
2018-01-21 20:00:00,3,0,3
2018-01-21 21:00:00,3,2,1
2018-01-21 22:00:00,0,0,0
2018-01-21 23:00:00,1,1,0
2018-01-22 00:00:00,2,1,1
2018-01-22 01:00:00,0,0,0
2018-01-22 02:00:00,0,0,0
2018-01-22 03:00:00,0,0,0
2018-01-22 04:00:00,0,0,0
2018-01-22 05:00:00,11,5,6
2018-01-22 06:00:00,33,18,15
2018-01-22 07:00:00,91,59,32
2018-01-22 08:00:00,130,110,20
2018-01-22 09:00:00,64,49,15
2018-01-22 10:00:00,22,15,7
2018-01-22 11:00:00,21,10,11
2018-01-22 12:00:00,28,11,17
2018-01-22 13:00:00,31,14,17
2018-01-22 14:00:00,34,16,18
2018-01-22 15:00:00,46,23,23
2018-01-22 16:00:00,105,40,65
2018-01-22 17:00:00,159,48,111
2018-01-22 18:00:00,77,12,65
2018-01-22 19:00:00,25,6,19
2018-01-22 20:00:00,10,3,7
2018-01-22 21:00:00,7,0,7
2018-01-22 22:00:00,6,3,3
2018-01-22 23:00:00,1,1,0
2018-01-23 00:00:00,0,0,0
2018-01-23 01:00:00,1,0,1
2018-01-23 02:00:00,2,1,1
2018-01-23 03:00:00,1,1,0
2018-01-23 04:00:00,0,0,0
2018-01-23 05:00:00,10,7,3
2018-01-23 06:00:00,42,22,20
2018-01-23 07:00:00,95,63,32
2018-01-23 08:00:00,92,72,20
2018-01-23 09:00:00,40,29,11
2018-01-23 10:00:00,10,5,5
2018-01-23 11:00:00,7,3,4
2018-01-23 12:00:00,7,3,4
2018-01-23 13:00:00,6,4,2
2018-01-23 14:00:00,12,7,5
2018-01-23 15:00:00,21,10,11
2018-01-23 16:00:00,68,26,42
2018-01-23 17:00:00,99,21,78
2018-01-23 18:00:00,44,10,34
2018-01-23 19:00:00,19,3,16
2018-01-23 20:00:00,6,4,2
2018-01-23 21:00:00,5,2,3
2018-01-23 22:00:00,2,0,2
2018-01-23 23:00:00,0,0,0
2018-01-24 00:00:00,0,0,0
2018-01-24 01:00:00,1,0,1
2018-01-24 02:00:00,0,0,0
2018-01-24 03:00:00,0,0,0
2018-01-24 04:00:00,0,0,0
2018-01-24 05:00:00,11,7,4
2018-01-24 06:00:00,43,25,18
2018-01-24 07:00:00,94,55,39
2018-01-24 08:00:00,85,72,13
2018-01-24 09:00:00,48,36,12
2018-01-24 10:00:00,17,11,6
2018-01-24 11:00:00,18,10,8
2018-01-24 12:00:00,17,9,8
2018-01-24 13:00:00,10,4,6
2018-01-24 14:00:00,11,5,6
2018-01-24 15:00:00,39,19,20
2018-01-24 16:00:00,69,24,45
2018-01-24 17:00:00,116,23,93
2018-01-24 18:00:00,60,14,46
2018-01-24 19:00:00,18,2,16
2018-01-24 20:00:00,1,0,1
2018-01-24 21:00:00,4,1,3
2018-01-24 22:00:00,3,1,2
2018-01-24 23:00:00,1,0,1
2018-01-25 00:00:00,1,0,1
2018-01-25 01:00:00,1,0,1
2018-01-25 02:00:00,0,0,0
2018-01-25 03:00:00,0,0,0
2018-01-25 04:00:00,0,0,0
2018-01-25 05:00:00,11,7,4
2018-01-25 06:00:00,35,22,13
2018-01-25 07:00:00,84,50,34
2018-01-25 08:00:00,96,81,15
2018-01-25 09:00:00,44,31,13
2018-01-25 10:00:00,18,10,8
2018-01-25 11:00:00,12,4,8
2018-01-25 12:00:00,8,5,3
2018-01-25 13:00:00,14,4,10
2018-01-25 14:00:00,20,10,10
2018-01-25 15:00:00,38,21,17
2018-01-25 16:00:00,90,34,56
2018-01-25 17:00:00,136,33,103
2018-01-25 18:00:00,69,14,55
2018-01-25 19:00:00,18,7,11
2018-01-25 20:00:00,7,3,4
2018-01-25 21:00:00,6,0,6
2018-01-25 22:00:00,3,1,2
2018-01-25 23:00:00,0,0,0
2018-01-26 00:00:00,0,0,0
2018-01-26 01:00:00,2,0,2
2018-01-26 02:00:00,1,0,1
2018-01-26 03:00:00,0,0,0
2018-01-26 04:00:00,0,0,0
2018-01-26 05:00:00,5,3,2
2018-01-26 06:00:00,36,17,19
2018-01-26 07:00:00,88,52,36
2018-01-26 08:00:00,93,80,13
2018-01-26 09:00:00,41,31,10
2018-01-26 10:00:00,16,10,6
2018-01-26 11:00:00,14,6,8
2018-01-26 12:00:00,17,9,8
2018-01-26 13:00:00,19,6,13
2018-01-26 14:00:00,31,18,13
2018-01-26 15:00:00,42,21,21
2018-01-26 16:00:00,73,24,49
2018-01-26 17:00:00,110,23,87
2018-01-26 18:00:00,38,4,34
2018-01-26 19:00:00,10,4,6
2018-01-26 20:00:00,7,5,2
2018-01-26 21:00:00,5,0,5
2018-01-26 22:00:00,0,0,0
2018-01-26 23:00:00,5,1,4
2018-01-27 00:00:00,1,0,1
2018-01-27 01:00:00,0,0,0
2018-01-27 02:00:00,0,0,0
2018-01-27 03:00:00,0,0,0
2018-01-27 04:00:00,0,0,0
2018-01-27 05:00:00,0,0,0
2018-01-27 06:00:00,5,1,4
2018-01-27 07:00:00,5,3,2
2018-01-27 08:00:00,7,4,3
2018-01-27 09:00:00,3,2,1
2018-01-27 10:00:00,7,2,5
2018-01-27 11:00:00,16,8,8
2018-01-27 12:00:00,14,4,10
2018-01-27 13:00:00,10,6,4
2018-01-27 14:00:00,15,7,8
2018-01-27 15:00:00,32,14,18
2018-01-27 16:00:00,33,19,14
2018-01-27 17:00:00,18,7,11
2018-01-27 18:00:00,12,6,6
2018-01-27 19:00:00,8,1,7
2018-01-27 20:00:00,7,4,3
2018-01-27 21:00:00,5,1,4
2018-01-27 22:00:00,4,3,1
2018-01-27 23:00:00,1,1,0
2018-01-28 00:00:00,2,2,0
2018-01-28 01:00:00,0,0,0
2018-01-28 02:00:00,0,0,0
2018-01-28 03:00:00,0,0,0
2018-01-28 04:00:00,0,0,0
2018-01-28 05:00:00,0,0,0
2018-01-28 06:00:00,2,2,0
2018-01-28 07:00:00,4,2,2
2018-01-28 08:00:00,4,1,3
2018-01-28 09:00:00,17,9,8
2018-01-28 10:00:00,18,13,5
2018-01-28 11:00:00,34,14,20
2018-01-28 12:00:00,18,5,13
2018-01-28 13:00:00,41,17,24
2018-01-28 14:00:00,41,18,23
2018-01-28 15:00:00,55,29,26
2018-01-28 16:00:00,50,23,27
2018-01-28 17:00:00,43,22,21
2018-01-28 18:00:00,24,11,13
2018-01-28 19:00:00,7,2,5
2018-01-28 20:00:00,5,4,1
2018-01-28 21:00:00,2,1,1
2018-01-28 22:00:00,2,1,1
2018-01-28 23:00:00,1,0,1
2018-01-29 00:00:00,1,1,0
2018-01-29 01:00:00,0,0,0
2018-01-29 02:00:00,0,0,0
2018-01-29 03:00:00,0,0,0
2018-01-29 04:00:00,0,0,0
2018-01-29 05:00:00,12,7,5
2018-01-29 06:00:00,41,19,22
2018-01-29 07:00:00,76,52,24
2018-01-29 08:00:00,119,101,18
2018-01-29 09:00:00,37,26,11
2018-01-29 10:00:00,16,8,8
2018-01-29 11:00:00,7,2,5
2018-01-29 12:00:00,8,4,4
2018-01-29 13:00:00,5,2,3
2018-01-29 14:00:00,15,5,10
2018-01-29 15:00:00,27,14,13
2018-01-29 16:00:00,66,25,41
2018-01-29 17:00:00,137,24,113
2018-01-29 18:00:00,60,10,50
2018-01-29 19:00:00,17,3,14
2018-01-29 20:00:00,3,1,2
2018-01-29 21:00:00,5,3,2
2018-01-29 22:00:00,2,0,2
2018-01-29 23:00:00,0,0,0
2018-01-30 00:00:00,0,0,0
2018-01-30 01:00:00,2,0,2
2018-01-30 02:00:00,1,1,0
2018-01-30 03:00:00,0,0,0
2018-01-30 04:00:00,1,1,0
2018-01-30 05:00:00,13,6,7
2018-01-30 06:00:00,44,19,25
2018-01-30 07:00:00,98,68,30
2018-01-30 08:00:00,128,107,21
2018-01-30 09:00:00,64,36,28
2018-01-30 10:00:00,33,19,14
2018-01-30 11:00:00,22,12,10
2018-01-30 12:00:00,31,15,16
2018-01-30 13:00:00,24,12,12
2018-01-30 14:00:00,42,23,19
2018-01-30 15:00:00,53,25,28
2018-01-30 16:00:00,115,42,73
2018-01-30 17:00:00,169,38,131
2018-01-30 18:00:00,76,13,63
2018-01-30 19:00:00,29,8,21
2018-01-30 20:00:00,9,2,7
2018-01-30 21:00:00,3,2,1
2018-01-30 22:00:00,2,1,1
2018-01-30 23:00:00,0,0,0
2018-01-31 00:00:00,2,1,1
2018-01-31 01:00:00,1,0,1
2018-01-31 02:00:00,0,0,0
2018-01-31 03:00:00,0,0,0
2018-01-31 04:00:00,0,0,0
2018-01-31 05:00:00,13,7,6
2018-01-31 06:00:00,43,20,23
2018-01-31 07:00:00,96,63,33
2018-01-31 08:00:00,135,112,23
2018-01-31 09:00:00,70,47,23
2018-01-31 10:00:00,26,20,6
2018-01-31 11:00:00,17,9,8
2018-01-31 12:00:00,9,3,6
2018-01-31 13:00:00,26,8,18
2018-01-31 14:00:00,18,9,9
2018-01-31 15:00:00,40,26,14
2018-01-31 16:00:00,85,28,57
2018-01-31 17:00:00,158,32,126
2018-01-31 18:00:00,79,9,70
2018-01-31 19:00:00,21,5,16
2018-01-31 20:00:00,6,1,5
2018-01-31 21:00:00,7,0,7
2018-01-31 22:00:00,3,2,1
2018-01-31 23:00:00,3,0,3
2018-02-01 00:00:00,3,2,1
2018-02-01 01:00:00,1,0,1
2018-02-01 02:00:00,0,0,0
2018-02-01 03:00:00,0,0,0
2018-02-01 04:00:00,2,1,1
2018-02-01 05:00:00,16,10,6
2018-02-01 06:00:00,38,15,23
2018-02-01 07:00:00,98,65,33
2018-02-01 08:00:00,117,96,21
2018-02-01 09:00:00,48,33,15
2018-02-01 10:00:00,23,17,6
2018-02-01 11:00:00,20,11,9
2018-02-01 12:00:00,15,7,8
2018-02-01 13:00:00,11,6,5
2018-02-01 14:00:00,18,7,11
2018-02-01 15:00:00,37,18,19
2018-02-01 16:00:00,74,29,45
2018-02-01 17:00:00,109,23,86
2018-02-01 18:00:00,56,9,47
2018-02-01 19:00:00,21,5,16
2018-02-01 20:00:00,5,0,5
2018-02-01 21:00:00,1,0,1
2018-02-01 22:00:00,7,2,5
2018-02-01 23:00:00,0,0,0
2018-02-02 00:00:00,0,0,0
2018-02-02 01:00:00,0,0,0
2018-02-02 02:00:00,0,0,0
2018-02-02 03:00:00,0,0,0
2018-02-02 04:00:00,1,0,1
2018-02-02 05:00:00,13,9,4
2018-02-02 06:00:00,29,9,20
2018-02-02 07:00:00,70,39,31
2018-02-02 08:00:00,88,73,15
2018-02-02 09:00:00,45,34,11
2018-02-02 10:00:00,9,4,5
2018-02-02 11:00:00,19,12,7
2018-02-02 12:00:00,18,7,11
2018-02-02 13:00:00,19,11,8
2018-02-02 14:00:00,38,12,26
2018-02-02 15:00:00,63,33,30
2018-02-02 16:00:00,98,41,57
2018-02-02 17:00:00,105,27,78
2018-02-02 18:00:00,47,16,31
2018-02-02 19:00:00,20,8,12
2018-02-02 20:00:00,8,2,6
2018-02-02 21:00:00,10,4,6
2018-02-02 22:00:00,3,1,2
2018-02-02 23:00:00,3,0,3
2018-02-03 00:00:00,3,0,3
2018-02-03 01:00:00,4,2,2
2018-02-03 02:00:00,0,0,0
2018-02-03 03:00:00,0,0,0
2018-02-03 04:00:00,0,0,0
2018-02-03 05:00:00,1,1,0
2018-02-03 06:00:00,3,2,1
2018-02-03 07:00:00,9,2,7
2018-02-03 08:00:00,14,5,9
2018-02-03 09:00:00,22,9,13
2018-02-03 10:00:00,22,12,10
2018-02-03 11:00:00,24,12,12
2018-02-03 12:00:00,27,14,13
2018-02-03 13:00:00,25,13,12
2018-02-03 14:00:00,45,23,22
2018-02-03 15:00:00,21,10,11
2018-02-03 16:00:00,18,8,10
2018-02-03 17:00:00,12,8,4
2018-02-03 18:00:00,5,2,3
2018-02-03 19:00:00,6,5,1
2018-02-03 20:00:00,3,3,0
2018-02-03 21:00:00,7,0,7
2018-02-03 22:00:00,5,0,5
2018-02-03 23:00:00,3,1,2
2018-02-04 00:00:00,1,1,0
2018-02-04 01:00:00,0,0,0
2018-02-04 02:00:00,0,0,0
2018-02-04 03:00:00,0,0,0
2018-02-04 04:00:00,0,0,0
2018-02-04 05:00:00,1,1,0
2018-02-04 06:00:00,0,0,0
2018-02-04 07:00:00,2,0,2
2018-02-04 08:00:00,14,8,6
2018-02-04 09:00:00,14,9,5
2018-02-04 10:00:00,26,16,10
2018-02-04 11:00:00,36,19,17
2018-02-04 12:00:00,36,15,21
2018-02-04 13:00:00,34,15,19
2018-02-04 14:00:00,98,54,44
2018-02-04 15:00:00,65,36,29
2018-02-04 16:00:00,35,15,20
2018-02-04 17:00:00,23,14,9
2018-02-04 18:00:00,4,3,1
2018-02-04 19:00:00,6,1,5
2018-02-04 20:00:00,2,1,1
2018-02-04 21:00:00,5,2,3
2018-02-04 22:00:00,0,0,0
2018-02-04 23:00:00,1,1,0
2018-02-05 00:00:00,0,0,0
2018-02-05 01:00:00,0,0,0
2018-02-05 02:00:00,0,0,0
2018-02-05 03:00:00,0,0,0
2018-02-05 04:00:00,0,0,0
2018-02-05 05:00:00,11,7,4
2018-02-05 06:00:00,44,16,28
2018-02-05 07:00:00,109,79,30
2018-02-05 08:00:00,146,112,34
2018-02-05 09:00:00,68,49,19
2018-02-05 10:00:00,25,17,8
2018-02-05 11:00:00,16,7,9
2018-02-05 12:00:00,15,7,8
2018-02-05 13:00:00,19,10,9
2018-02-05 14:00:00,22,11,11
2018-02-05 15:00:00,45,22,23
2018-02-05 16:00:00,106,38,68
2018-02-05 17:00:00,179,47,132
2018-02-05 18:00:00,76,8,68
2018-02-05 19:00:00,41,6,35
2018-02-05 20:00:00,6,3,3
2018-02-05 21:00:00,5,2,3
2018-02-05 22:00:00,4,1,3
2018-02-05 23:00:00,2,0,2
2018-02-06 00:00:00,2,2,0
2018-02-06 01:00:00,2,0,2
2018-02-06 02:00:00,0,0,0
2018-02-06 03:00:00,0,0,0
2018-02-06 04:00:00,0,0,0
2018-02-06 05:00:00,14,8,6
2018-02-06 06:00:00,42,21,21
2018-02-06 07:00:00,105,81,24
2018-02-06 08:00:00,123,93,30
2018-02-06 09:00:00,63,49,14
2018-02-06 10:00:00,18,7,11
2018-02-06 11:00:00,15,9,6
2018-02-06 12:00:00,15,10,5
2018-02-06 13:00:00,44,22,22
2018-02-06 14:00:00,24,13,11
2018-02-06 15:00:00,58,26,32
2018-02-06 16:00:00,105,43,62
2018-02-06 17:00:00,155,41,114
2018-02-06 18:00:00,89,12,77
2018-02-06 19:00:00,29,2,27
2018-02-06 20:00:00,10,2,8
2018-02-06 21:00:00,5,0,5
2018-02-06 22:00:00,3,3,0
2018-02-06 23:00:00,0,0,0
2018-02-07 00:00:00,2,1,1
2018-02-07 01:00:00,1,0,1
2018-02-07 02:00:00,0,0,0
2018-02-07 03:00:00,1,0,1
2018-02-07 04:00:00,0,0,0
2018-02-07 05:00:00,10,7,3
2018-02-07 06:00:00,44,21,23
2018-02-07 07:00:00,99,57,42
2018-02-07 08:00:00,137,115,22
2018-02-07 09:00:00,63,48,15
2018-02-07 10:00:00,25,10,15
2018-02-07 11:00:00,22,10,12
2018-02-07 12:00:00,22,10,12
2018-02-07 13:00:00,27,13,14
2018-02-07 14:00:00,45,23,22
2018-02-07 15:00:00,54,23,31
2018-02-07 16:00:00,111,52,59
2018-02-07 17:00:00,156,38,118
2018-02-07 18:00:00,95,23,72
2018-02-07 19:00:00,31,5,26
2018-02-07 20:00:00,14,5,9
2018-02-07 21:00:00,15,6,9
2018-02-07 22:00:00,3,1,2
2018-02-07 23:00:00,1,1,0
2018-02-08 00:00:00,2,2,0
2018-02-08 01:00:00,2,1,1
2018-02-08 02:00:00,1,0,1
2018-02-08 03:00:00,0,0,0
2018-02-08 04:00:00,1,1,0
2018-02-08 05:00:00,9,7,2
2018-02-08 06:00:00,41,20,21
2018-02-08 07:00:00,102,66,36
2018-02-08 08:00:00,109,82,27
2018-02-08 09:00:00,73,52,21
2018-02-08 10:00:00,46,27,19
2018-02-08 11:00:00,18,8,10
2018-02-08 12:00:00,26,9,17
2018-02-08 13:00:00,40,16,24
2018-02-08 14:00:00,13,6,7
2018-02-08 15:00:00,58,24,34
2018-02-08 16:00:00,76,26,50
2018-02-08 17:00:00,123,23,100
2018-02-08 18:00:00,63,11,52
2018-02-08 19:00:00,42,6,36
2018-02-08 20:00:00,7,3,4
2018-02-08 21:00:00,8,3,5
2018-02-08 22:00:00,10,4,6
2018-02-08 23:00:00,4,1,3
2018-02-09 00:00:00,1,0,1
2018-02-09 01:00:00,0,0,0
2018-02-09 02:00:00,2,0,2
2018-02-09 03:00:00,0,0,0
2018-02-09 04:00:00,1,1,0
2018-02-09 05:00:00,18,11,7
2018-02-09 06:00:00,33,16,17
2018-02-09 07:00:00,80,50,30
2018-02-09 08:00:00,116,96,20
2018-02-09 09:00:00,56,38,18
2018-02-09 10:00:00,28,15,13
2018-02-09 11:00:00,34,14,20
2018-02-09 12:00:00,32,17,15
2018-02-09 13:00:00,39,20,19
2018-02-09 14:00:00,43,15,28
2018-02-09 15:00:00,70,40,30
2018-02-09 16:00:00,105,32,73
2018-02-09 17:00:00,145,35,110
2018-02-09 18:00:00,57,10,47
2018-02-09 19:00:00,19,4,15
2018-02-09 20:00:00,11,6,5
2018-02-09 21:00:00,4,3,1
2018-02-09 22:00:00,3,1,2
2018-02-09 23:00:00,3,0,3
2018-02-10 00:00:00,2,1,1
2018-02-10 01:00:00,0,0,0
2018-02-10 02:00:00,0,0,0
2018-02-10 03:00:00,0,0,0
2018-02-10 04:00:00,2,0,2
2018-02-10 05:00:00,1,1,0
2018-02-10 06:00:00,9,4,5
2018-02-10 07:00:00,12,6,6
2018-02-10 08:00:00,18,14,4
2018-02-10 09:00:00,40,26,14
2018-02-10 10:00:00,50,27,23
2018-02-10 11:00:00,110,59,51
2018-02-10 12:00:00,102,56,46
2018-02-10 13:00:00,97,56,41
2018-02-10 14:00:00,153,68,85
2018-02-10 15:00:00,134,56,78
2018-02-10 16:00:00,107,51,56
2018-02-10 17:00:00,53,25,28
2018-02-10 18:00:00,20,11,9
2018-02-10 19:00:00,8,5,3
2018-02-10 20:00:00,9,7,2
2018-02-10 21:00:00,4,1,3
2018-02-10 22:00:00,3,2,1
2018-02-10 23:00:00,5,1,4
2018-02-11 00:00:00,1,1,0
2018-02-11 01:00:00,0,0,0
2018-02-11 02:00:00,0,0,0
2018-02-11 03:00:00,0,0,0
2018-02-11 04:00:00,0,0,0
2018-02-11 05:00:00,3,2,1
2018-02-11 06:00:00,3,2,1
2018-02-11 07:00:00,6,2,4
2018-02-11 08:00:00,6,2,4
2018-02-11 09:00:00,23,8,15
2018-02-11 10:00:00,39,19,20
2018-02-11 11:00:00,54,22,32
2018-02-11 12:00:00,79,40,39
2018-02-11 13:00:00,65,32,33
2018-02-11 14:00:00,101,41,60
2018-02-11 15:00:00,101,55,46
2018-02-11 16:00:00,67,41,26
2018-02-11 17:00:00,35,18,17
2018-02-11 18:00:00,12,5,7
2018-02-11 19:00:00,6,3,3
2018-02-11 20:00:00,1,1,0
2018-02-11 21:00:00,1,0,1
2018-02-11 22:00:00,3,0,3
2018-02-11 23:00:00,2,0,2
2018-02-12 00:00:00,0,0,0
2018-02-12 01:00:00,2,0,2
2018-02-12 02:00:00,0,0,0
2018-02-12 03:00:00,0,0,0
2018-02-12 04:00:00,2,1,1
2018-02-12 05:00:00,11,7,4
2018-02-12 06:00:00,49,19,30
2018-02-12 07:00:00,114,79,35
2018-02-12 08:00:00,145,123,22
2018-02-12 09:00:00,76,57,19
2018-02-12 10:00:00,27,13,14
2018-02-12 11:00:00,30,16,14
2018-02-12 12:00:00,38,21,17
2018-02-12 13:00:00,28,13,15
2018-02-12 14:00:00,51,20,31
2018-02-12 15:00:00,71,40,31
2018-02-12 16:00:00,118,51,67
2018-02-12 17:00:00,185,47,138
2018-02-12 18:00:00,91,16,75
2018-02-12 19:00:00,24,2,22
2018-02-12 20:00:00,5,1,4
2018-02-12 21:00:00,10,4,6
2018-02-12 22:00:00,3,1,2
2018-02-12 23:00:00,1,0,1
2018-02-13 00:00:00,2,1,1
2018-02-13 01:00:00,3,0,3
2018-02-13 02:00:00,0,0,0
2018-02-13 03:00:00,0,0,0
2018-02-13 04:00:00,2,2,0
2018-02-13 05:00:00,11,7,4
2018-02-13 06:00:00,42,23,19
2018-02-13 07:00:00,115,78,37
2018-02-13 08:00:00,122,100,22
2018-02-13 09:00:00,67,44,23
2018-02-13 10:00:00,28,15,13
2018-02-13 11:00:00,32,18,14
2018-02-13 12:00:00,38,19,19
2018-02-13 13:00:00,41,27,14
2018-02-13 14:00:00,46,20,26
2018-02-13 15:00:00,49,28,21
2018-02-13 16:00:00,95,32,63
2018-02-13 17:00:00,144,36,108
2018-02-13 18:00:00,79,15,64
2018-02-13 19:00:00,21,1,20
2018-02-13 20:00:00,12,3,9
2018-02-13 21:00:00,2,0,2
2018-02-13 22:00:00,4,1,3
2018-02-13 23:00:00,2,1,1
2018-02-14 00:00:00,1,1,0
2018-02-14 01:00:00,1,0,1
2018-02-14 02:00:00,0,0,0
2018-02-14 03:00:00,1,0,1
2018-02-14 04:00:00,1,1,0
2018-02-14 05:00:00,14,9,5
2018-02-14 06:00:00,36,18,18
2018-02-14 07:00:00,81,54,27
2018-02-14 08:00:00,109,90,19
2018-02-14 09:00:00,51,39,12
2018-02-14 10:00:00,22,11,11
2018-02-14 11:00:00,7,5,2
2018-02-14 12:00:00,7,2,5
2018-02-14 13:00:00,9,5,4
2018-02-14 14:00:00,18,7,11
2018-02-14 15:00:00,39,21,18
2018-02-14 16:00:00,94,35,59
2018-02-14 17:00:00,122,27,95
2018-02-14 18:00:00,66,14,52
2018-02-14 19:00:00,12,6,6
2018-02-14 20:00:00,7,3,4
2018-02-14 21:00:00,9,2,7
2018-02-14 22:00:00,3,1,2
2018-02-14 23:00:00,0,0,0
2018-02-15 00:00:00,0,0,0
2018-02-15 01:00:00,1,0,1
2018-02-15 02:00:00,0,0,0
2018-02-15 03:00:00,0,0,0
2018-02-15 04:00:00,1,1,0
2018-02-15 05:00:00,20,9,11
2018-02-15 06:00:00,50,22,28
2018-02-15 07:00:00,108,70,38
2018-02-15 08:00:00,119,103,16
2018-02-15 09:00:00,73,50,23
2018-02-15 10:00:00,45,22,23
2018-02-15 11:00:00,24,9,15
2018-02-15 12:00:00,26,12,14
2018-02-15 13:00:00,25,15,10
2018-02-15 14:00:00,24,15,9
2018-02-15 15:00:00,49,24,25
2018-02-15 16:00:00,88,37,51
2018-02-15 17:00:00,136,39,97
2018-02-15 18:00:00,76,22,54
2018-02-15 19:00:00,28,4,24
2018-02-15 20:00:00,9,3,6
2018-02-15 21:00:00,9,5,4
2018-02-15 22:00:00,6,3,3
2018-02-15 23:00:00,3,0,3
2018-02-16 00:00:00,2,0,2
2018-02-16 01:00:00,1,0,1
2018-02-16 02:00:00,0,0,0
2018-02-16 03:00:00,0,0,0
2018-02-16 04:00:00,1,1,0
2018-02-16 05:00:00,14,9,5
2018-02-16 06:00:00,33,19,14
2018-02-16 07:00:00,77,45,32
2018-02-16 08:00:00,87,70,17
2018-02-16 09:00:00,45,34,11
2018-02-16 10:00:00,13,10,3
2018-02-16 11:00:00,17,8,9
2018-02-16 12:00:00,16,3,13
2018-02-16 13:00:00,18,9,9
2018-02-16 14:00:00,20,8,12
2018-02-16 15:00:00,56,25,31
2018-02-16 16:00:00,74,28,46
2018-02-16 17:00:00,111,22,89
2018-02-16 18:00:00,42,8,34
2018-02-16 19:00:00,10,2,8
2018-02-16 20:00:00,7,2,5
2018-02-16 21:00:00,7,3,4
2018-02-16 22:00:00,3,0,3
2018-02-16 23:00:00,1,0,1
2018-02-17 00:00:00,4,0,4
2018-02-17 01:00:00,0,0,0
2018-02-17 02:00:00,7,3,4
2018-02-17 03:00:00,1,1,0
2018-02-17 04:00:00,0,0,0
2018-02-17 05:00:00,0,0,0
2018-02-17 06:00:00,2,1,1
2018-02-17 07:00:00,5,2,3
2018-02-17 08:00:00,4,2,2
2018-02-17 09:00:00,5,2,3
2018-02-17 10:00:00,10,6,4
2018-02-17 11:00:00,13,6,7
2018-02-17 12:00:00,24,14,10
2018-02-17 13:00:00,28,12,16
2018-02-17 14:00:00,40,20,20
2018-02-17 15:00:00,60,27,33
2018-02-17 16:00:00,30,14,16
2018-02-17 17:00:00,42,19,23
2018-02-17 18:00:00,4,1,3
2018-02-17 19:00:00,5,4,1
2018-02-17 20:00:00,3,3,0
2018-02-17 21:00:00,1,1,0
2018-02-17 22:00:00,2,0,2
2018-02-17 23:00:00,4,3,1
2018-02-18 00:00:00,1,0,1
2018-02-18 01:00:00,2,0,2
2018-02-18 02:00:00,1,0,1
2018-02-18 03:00:00,0,0,0
2018-02-18 04:00:00,1,1,0
2018-02-18 05:00:00,1,1,0
2018-02-18 06:00:00,2,1,1
2018-02-18 07:00:00,3,1,2
2018-02-18 08:00:00,9,2,7
2018-02-18 09:00:00,12,5,7
2018-02-18 10:00:00,13,10,3
2018-02-18 11:00:00,25,14,11
2018-02-18 12:00:00,13,4,9
2018-02-18 13:00:00,9,7,2
2018-02-18 14:00:00,13,5,8
2018-02-18 15:00:00,21,8,13
2018-02-18 16:00:00,37,18,19
2018-02-18 17:00:00,14,6,8
2018-02-18 18:00:00,2,2,0
2018-02-18 19:00:00,4,2,2
2018-02-18 20:00:00,1,1,0
2018-02-18 21:00:00,1,1,0
2018-02-18 22:00:00,2,1,1
2018-02-18 23:00:00,0,0,0
2018-02-19 00:00:00,3,0,3
2018-02-19 01:00:00,0,0,0
2018-02-19 02:00:00,0,0,0
2018-02-19 03:00:00,0,0,0
2018-02-19 04:00:00,1,1,0
2018-02-19 05:00:00,7,3,4
2018-02-19 06:00:00,9,6,3
2018-02-19 07:00:00,29,22,7
2018-02-19 08:00:00,23,23,0
2018-02-19 09:00:00,23,17,6
2018-02-19 10:00:00,17,7,10
2018-02-19 11:00:00,20,9,11
2018-02-19 12:00:00,30,12,18
2018-02-19 13:00:00,30,17,13
2018-02-19 14:00:00,54,25,29
2018-02-19 15:00:00,38,15,23
2018-02-19 16:00:00,50,22,28
2018-02-19 17:00:00,74,22,52
2018-02-19 18:00:00,17,7,10
2018-02-19 19:00:00,10,1,9
2018-02-19 20:00:00,6,4,2
2018-02-19 21:00:00,1,1,0
2018-02-19 22:00:00,0,0,0
2018-02-19 23:00:00,3,0,3
2018-02-20 00:00:00,3,2,1
2018-02-20 01:00:00,2,1,1
2018-02-20 02:00:00,0,0,0
2018-02-20 03:00:00,0,0,0
2018-02-20 04:00:00,0,0,0
2018-02-20 05:00:00,12,6,6
2018-02-20 06:00:00,26,12,14
2018-02-20 07:00:00,55,39,16
2018-02-20 08:00:00,84,72,12
2018-02-20 09:00:00,45,38,7
2018-02-20 10:00:00,34,17,17
2018-02-20 11:00:00,14,3,11
2018-02-20 12:00:00,8,4,4
2018-02-20 13:00:00,14,9,5
2018-02-20 14:00:00,15,9,6
2018-02-20 15:00:00,21,12,9
2018-02-20 16:00:00,63,28,35
2018-02-20 17:00:00,97,24,73
2018-02-20 18:00:00,53,8,45
2018-02-20 19:00:00,23,4,19
2018-02-20 20:00:00,8,5,3
2018-02-20 21:00:00,4,2,2
2018-02-20 22:00:00,2,0,2
2018-02-20 23:00:00,2,1,1
2018-02-21 00:00:00,0,0,0
2018-02-21 01:00:00,3,1,2
2018-02-21 02:00:00,1,0,1
2018-02-21 03:00:00,0,0,0
2018-02-21 04:00:00,1,1,0
2018-02-21 05:00:00,11,8,3
2018-02-21 06:00:00,37,16,21
2018-02-21 07:00:00,70,48,22
2018-02-21 08:00:00,66,52,14
2018-02-21 09:00:00,46,30,16
2018-02-21 10:00:00,22,15,7
2018-02-21 11:00:00,11,4,7
2018-02-21 12:00:00,31,18,13
2018-02-21 13:00:00,15,8,7
2018-02-21 14:00:00,24,12,12
2018-02-21 15:00:00,23,10,13
2018-02-21 16:00:00,56,24,32
2018-02-21 17:00:00,94,16,78
2018-02-21 18:00:00,38,10,28
2018-02-21 19:00:00,15,5,10
2018-02-21 20:00:00,9,3,6
2018-02-21 21:00:00,2,1,1
2018-02-21 22:00:00,3,0,3
2018-02-21 23:00:00,1,0,1
2018-02-22 00:00:00,0,0,0
2018-02-22 01:00:00,2,0,2
2018-02-22 02:00:00,0,0,0
2018-02-22 03:00:00,0,0,0
2018-02-22 04:00:00,0,0,0
2018-02-22 05:00:00,4,1,3
2018-02-22 06:00:00,9,1,8
2018-02-22 07:00:00,25,14,11
2018-02-22 08:00:00,23,19,4
2018-02-22 09:00:00,30,24,6
2018-02-22 10:00:00,7,4,3
2018-02-22 11:00:00,8,4,4
2018-02-22 12:00:00,15,3,12
2018-02-22 13:00:00,11,4,7
2018-02-22 14:00:00,21,14,7
2018-02-22 15:00:00,23,12,11
2018-02-22 16:00:00,37,22,15
2018-02-22 17:00:00,53,16,37
2018-02-22 18:00:00,28,8,20
2018-02-22 19:00:00,29,5,24
2018-02-22 20:00:00,4,1,3
2018-02-22 21:00:00,6,3,3
2018-02-22 22:00:00,2,1,1
2018-02-22 23:00:00,0,0,0
2018-02-23 00:00:00,1,0,1
2018-02-23 01:00:00,3,2,1
2018-02-23 02:00:00,1,0,1
2018-02-23 03:00:00,0,0,0
2018-02-23 04:00:00,0,0,0
2018-02-23 05:00:00,6,3,3
2018-02-23 06:00:00,15,9,6
2018-02-23 07:00:00,40,28,12
2018-02-23 08:00:00,46,33,13
2018-02-23 09:00:00,30,18,12
2018-02-23 10:00:00,15,9,6
2018-02-23 11:00:00,9,6,3
2018-02-23 12:00:00,15,7,8
2018-02-23 13:00:00,11,5,6
2018-02-23 14:00:00,23,9,14
2018-02-23 15:00:00,20,9,11
2018-02-23 16:00:00,44,19,25
2018-02-23 17:00:00,48,12,36
2018-02-23 18:00:00,21,2,19
2018-02-23 19:00:00,11,0,11
2018-02-23 20:00:00,1,0,1
2018-02-23 21:00:00,3,2,1
2018-02-23 22:00:00,2,2,0
2018-02-23 23:00:00,0,0,0
2018-02-24 00:00:00,1,0,1
2018-02-24 01:00:00,0,0,0
2018-02-24 02:00:00,0,0,0
2018-02-24 03:00:00,0,0,0
2018-02-24 04:00:00,4,2,2
2018-02-24 05:00:00,0,0,0
2018-02-24 06:00:00,2,2,0
2018-02-24 07:00:00,3,0,3
2018-02-24 08:00:00,3,2,1
2018-02-24 09:00:00,9,3,6
2018-02-24 10:00:00,14,8,6
2018-02-24 11:00:00,28,12,16
2018-02-24 12:00:00,53,27,26
2018-02-24 13:00:00,47,30,17
2018-02-24 14:00:00,43,23,20
2018-02-24 15:00:00,62,30,32
2018-02-24 16:00:00,47,18,29
2018-02-24 17:00:00,35,19,16
2018-02-24 18:00:00,16,4,12
2018-02-24 19:00:00,5,2,3
2018-02-24 20:00:00,6,4,2
2018-02-24 21:00:00,7,5,2
2018-02-24 22:00:00,0,0,0
2018-02-24 23:00:00,3,2,1
2018-02-25 00:00:00,2,0,2
2018-02-25 01:00:00,0,0,0
2018-02-25 02:00:00,0,0,0
2018-02-25 03:00:00,0,0,0
2018-02-25 04:00:00,0,0,0
2018-02-25 05:00:00,0,0,0
2018-02-25 06:00:00,10,7,3
2018-02-25 07:00:00,68,62,6
2018-02-25 08:00:00,72,68,4
2018-02-25 09:00:00,24,20,4
2018-02-25 10:00:00,14,10,4
2018-02-25 11:00:00,18,2,16
2018-02-25 12:00:00,38,7,31
2018-02-25 13:00:00,82,20,62
2018-02-25 14:00:00,110,25,85
2018-02-25 15:00:00,80,17,63
2018-02-25 16:00:00,67,17,50
2018-02-25 17:00:00,23,14,9
2018-02-25 18:00:00,7,5,2
2018-02-25 19:00:00,6,3,3
2018-02-25 20:00:00,3,1,2
2018-02-25 21:00:00,1,1,0
2018-02-25 22:00:00,3,0,3
2018-02-25 23:00:00,1,1,0
2018-02-26 00:00:00,0,0,0
2018-02-26 01:00:00,0,0,0
2018-02-26 02:00:00,1,1,0
2018-02-26 03:00:00,0,0,0
2018-02-26 04:00:00,1,1,0
2018-02-26 05:00:00,17,10,7
2018-02-26 06:00:00,40,21,19
2018-02-26 07:00:00,74,44,30
2018-02-26 08:00:00,103,80,23
2018-02-26 09:00:00,58,43,15
2018-02-26 10:00:00,27,12,15
2018-02-26 11:00:00,8,3,5
2018-02-26 12:00:00,16,6,10
2018-02-26 13:00:00,26,13,13
2018-02-26 14:00:00,40,22,18
2018-02-26 15:00:00,49,28,21
2018-02-26 16:00:00,100,44,56
2018-02-26 17:00:00,146,38,108
2018-02-26 18:00:00,86,23,63
2018-02-26 19:00:00,21,9,12
2018-02-26 20:00:00,9,3,6
2018-02-26 21:00:00,2,1,1
2018-02-26 22:00:00,4,2,2
2018-02-26 23:00:00,1,0,1
2018-02-27 00:00:00,3,1,2
2018-02-27 01:00:00,2,0,2
2018-02-27 02:00:00,1,0,1
2018-02-27 03:00:00,1,1,0
2018-02-27 04:00:00,3,2,1
2018-02-27 05:00:00,16,9,7
2018-02-27 06:00:00,53,25,28
2018-02-27 07:00:00,93,69,24
2018-02-27 08:00:00,103,88,15
2018-02-27 09:00:00,56,39,17
2018-02-27 10:00:00,19,11,8
2018-02-27 11:00:00,14,6,8
2018-02-27 12:00:00,15,6,9
2018-02-27 13:00:00,20,13,7
2018-02-27 14:00:00,10,5,5
2018-02-27 15:00:00,39,25,14
2018-02-27 16:00:00,79,22,57
2018-02-27 17:00:00,114,16,98
2018-02-27 18:00:00,64,12,52
2018-02-27 19:00:00,27,7,20
2018-02-27 20:00:00,7,2,5
2018-02-27 21:00:00,5,1,4
2018-02-27 22:00:00,1,0,1
2018-02-27 23:00:00,0,0,0
2018-02-28 00:00:00,0,0,0
2018-02-28 01:00:00,1,0,1
2018-02-28 02:00:00,1,0,1
2018-02-28 03:00:00,0,0,0
2018-02-28 04:00:00,1,1,0
2018-02-28 05:00:00,12,6,6
2018-02-28 06:00:00,46,22,24
2018-02-28 07:00:00,78,56,22
2018-02-28 08:00:00,98,83,15
2018-02-28 09:00:00,48,33,15
2018-02-28 10:00:00,23,14,9
2018-02-28 11:00:00,7,3,4
2018-02-28 12:00:00,6,1,5
2018-02-28 13:00:00,6,3,3
2018-02-28 14:00:00,10,4,6
2018-02-28 15:00:00,31,19,12
2018-02-28 16:00:00,59,22,37
2018-02-28 17:00:00,106,21,85
2018-02-28 18:00:00,56,9,47
2018-02-28 19:00:00,6,1,5
2018-02-28 20:00:00,8,0,8
2018-02-28 21:00:00,5,2,3
2018-02-28 22:00:00,0,0,0
2018-02-28 23:00:00,1,0,1
2018-03-01 00:00:00,2,2,0
2018-03-01 01:00:00,0,0,0
2018-03-01 02:00:00,1,0,1
2018-03-01 03:00:00,0,0,0
2018-03-01 04:00:00,0,0,0
2018-03-01 05:00:00,13,8,5
2018-03-01 06:00:00,37,17,20
2018-03-01 07:00:00,90,57,33
2018-03-01 08:00:00,103,82,21
2018-03-01 09:00:00,58,44,14
2018-03-01 10:00:00,33,15,18
2018-03-01 11:00:00,23,10,13
2018-03-01 12:00:00,29,14,15
2018-03-01 13:00:00,39,19,20
2018-03-01 14:00:00,44,17,27
2018-03-01 15:00:00,81,50,31
2018-03-01 16:00:00,105,45,60
2018-03-01 17:00:00,145,45,100
2018-03-01 18:00:00,99,32,67
2018-03-01 19:00:00,25,8,17
2018-03-01 20:00:00,17,9,8
2018-03-01 21:00:00,14,1,13
2018-03-01 22:00:00,8,2,6
2018-03-01 23:00:00,1,0,1
2018-03-02 00:00:00,3,2,1
2018-03-02 01:00:00,2,0,2
2018-03-02 02:00:00,1,1,0
2018-03-02 03:00:00,0,0,0
2018-03-02 04:00:00,3,2,1
2018-03-02 05:00:00,13,9,4
2018-03-02 06:00:00,29,15,14
2018-03-02 07:00:00,83,50,33
2018-03-02 08:00:00,88,73,15
2018-03-02 09:00:00,49,33,16
2018-03-02 10:00:00,22,14,8
2018-03-02 11:00:00,17,5,12
2018-03-02 12:00:00,28,9,19
2018-03-02 13:00:00,38,26,12
2018-03-02 14:00:00,37,22,15
2018-03-02 15:00:00,50,20,30
2018-03-02 16:00:00,85,32,53
2018-03-02 17:00:00,122,29,93
2018-03-02 18:00:00,57,13,44
2018-03-02 19:00:00,13,3,10
2018-03-02 20:00:00,6,2,4
2018-03-02 21:00:00,9,5,4
2018-03-02 22:00:00,5,2,3
2018-03-02 23:00:00,7,2,5
2018-03-03 00:00:00,1,1,0
2018-03-03 01:00:00,0,0,0
2018-03-03 02:00:00,1,0,1
2018-03-03 03:00:00,0,0,0
2018-03-03 04:00:00,0,0,0
2018-03-03 05:00:00,3,3,0
2018-03-03 06:00:00,3,2,1
2018-03-03 07:00:00,3,2,1
2018-03-03 08:00:00,20,16,4
2018-03-03 09:00:00,36,21,15
2018-03-03 10:00:00,62,34,28
2018-03-03 11:00:00,94,55,39
2018-03-03 12:00:00,118,55,63
2018-03-03 13:00:00,92,47,45
2018-03-03 14:00:00,162,83,79
2018-03-03 15:00:00,146,68,78
2018-03-03 16:00:00,94,45,49
2018-03-03 17:00:00,72,31,41
2018-03-03 18:00:00,53,32,21
2018-03-03 19:00:00,8,2,6
2018-03-03 20:00:00,11,5,6
2018-03-03 21:00:00,8,4,4
2018-03-03 22:00:00,8,6,2
2018-03-03 23:00:00,2,0,2
2018-03-04 00:00:00,2,1,1
2018-03-04 01:00:00,0,0,0
2018-03-04 02:00:00,0,0,0
2018-03-04 03:00:00,2,0,2
2018-03-04 04:00:00,0,0,0
2018-03-04 05:00:00,0,0,0
2018-03-04 06:00:00,4,1,3
2018-03-04 07:00:00,6,3,3
2018-03-04 08:00:00,18,9,9
2018-03-04 09:00:00,30,11,19
2018-03-04 10:00:00,45,20,25
2018-03-04 11:00:00,47,25,22
2018-03-04 12:00:00,66,46,20
2018-03-04 13:00:00,48,36,12
2018-03-04 14:00:00,29,12,17
2018-03-04 15:00:00,21,10,11
2018-03-04 16:00:00,33,2,31
2018-03-04 17:00:00,33,13,20
2018-03-04 18:00:00,15,7,8
2018-03-04 19:00:00,0,0,0
2018-03-04 20:00:00,4,2,2
2018-03-04 21:00:00,1,1,0
2018-03-04 22:00:00,1,0,1
2018-03-04 23:00:00,0,0,0
2018-03-05 00:00:00,0,0,0
2018-03-05 01:00:00,1,0,1
2018-03-05 02:00:00,0,0,0
2018-03-05 03:00:00,0,0,0
2018-03-05 04:00:00,2,1,1
2018-03-05 05:00:00,12,6,6
2018-03-05 06:00:00,43,26,17
2018-03-05 07:00:00,100,68,32
2018-03-05 08:00:00,131,108,23
2018-03-05 09:00:00,64,45,19
2018-03-05 10:00:00,26,13,13
2018-03-05 11:00:00,24,20,4
2018-03-05 12:00:00,16,7,9
2018-03-05 13:00:00,20,10,10
2018-03-05 14:00:00,31,18,13
2018-03-05 15:00:00,46,24,22
2018-03-05 16:00:00,86,34,52
2018-03-05 17:00:00,175,37,138
2018-03-05 18:00:00,77,17,60
2018-03-05 19:00:00,21,6,15
2018-03-05 20:00:00,7,1,6
2018-03-05 21:00:00,8,2,6
2018-03-05 22:00:00,3,0,3
2018-03-05 23:00:00,0,0,0
2018-03-06 00:00:00,4,2,2
2018-03-06 01:00:00,1,0,1
2018-03-06 02:00:00,1,0,1
2018-03-06 03:00:00,1,1,0
2018-03-06 04:00:00,2,2,0
2018-03-06 05:00:00,15,7,8
2018-03-06 06:00:00,53,29,24
2018-03-06 07:00:00,122,85,37
2018-03-06 08:00:00,142,116,26
2018-03-06 09:00:00,74,59,15
2018-03-06 10:00:00,38,16,22
2018-03-06 11:00:00,51,24,27
2018-03-06 12:00:00,58,27,31
2018-03-06 13:00:00,53,20,33
2018-03-06 14:00:00,64,38,26
2018-03-06 15:00:00,82,41,41
2018-03-06 16:00:00,123,52,71
2018-03-06 17:00:00,251,63,188
2018-03-06 18:00:00,119,37,82
2018-03-06 19:00:00,28,9,19
2018-03-06 20:00:00,8,4,4
2018-03-06 21:00:00,5,2,3
2018-03-06 22:00:00,6,1,5
2018-03-06 23:00:00,4,2,2
2018-03-07 00:00:00,2,2,0
2018-03-07 01:00:00,1,0,1
2018-03-07 02:00:00,2,0,2
2018-03-07 03:00:00,0,0,0
2018-03-07 04:00:00,0,0,0
2018-03-07 05:00:00,17,10,7
2018-03-07 06:00:00,54,29,25
2018-03-07 07:00:00,129,96,33
2018-03-07 08:00:00,143,113,30
2018-03-07 09:00:00,75,56,19
2018-03-07 10:00:00,31,17,14
2018-03-07 11:00:00,31,11,20
2018-03-07 12:00:00,22,8,14
2018-03-07 13:00:00,25,14,11
2018-03-07 14:00:00,35,18,17
2018-03-07 15:00:00,56,31,25
2018-03-07 16:00:00,100,37,63
2018-03-07 17:00:00,182,43,139
2018-03-07 18:00:00,102,30,72
2018-03-07 19:00:00,24,5,19
2018-03-07 20:00:00,15,4,11
2018-03-07 21:00:00,24,4,20
2018-03-07 22:00:00,4,3,1
2018-03-07 23:00:00,2,0,2
2018-03-08 00:00:00,1,0,1
2018-03-08 01:00:00,0,0,0
2018-03-08 02:00:00,2,0,2
2018-03-08 03:00:00,0,0,0
2018-03-08 04:00:00,1,1,0
2018-03-08 05:00:00,13,9,4
2018-03-08 06:00:00,30,14,16
2018-03-08 07:00:00,76,50,26
2018-03-08 08:00:00,81,70,11
2018-03-08 09:00:00,36,25,11
2018-03-08 10:00:00,18,10,8
2018-03-08 11:00:00,4,1,3
2018-03-08 12:00:00,12,5,7
2018-03-08 13:00:00,5,3,2
2018-03-08 14:00:00,12,4,8
2018-03-08 15:00:00,21,12,9
2018-03-08 16:00:00,55,21,34
2018-03-08 17:00:00,90,22,68
2018-03-08 18:00:00,52,2,50
2018-03-08 19:00:00,15,4,11
2018-03-08 20:00:00,5,1,4
2018-03-08 21:00:00,3,1,2
2018-03-08 22:00:00,3,1,2
2018-03-08 23:00:00,0,0,0
2018-03-09 00:00:00,1,1,0
2018-03-09 01:00:00,0,0,0
2018-03-09 02:00:00,1,0,1
2018-03-09 03:00:00,0,0,0
2018-03-09 04:00:00,1,1,0
2018-03-09 05:00:00,12,8,4
2018-03-09 06:00:00,42,25,17
2018-03-09 07:00:00,84,63,21
2018-03-09 08:00:00,110,88,22
2018-03-09 09:00:00,57,39,18
2018-03-09 10:00:00,35,15,20
2018-03-09 11:00:00,26,9,17
2018-03-09 12:00:00,32,16,16
2018-03-09 13:00:00,58,25,33
2018-03-09 14:00:00,71,35,36
2018-03-09 15:00:00,93,50,43
2018-03-09 16:00:00,130,49,81
2018-03-09 17:00:00,169,57,112
2018-03-09 18:00:00,70,17,53
2018-03-09 19:00:00,20,10,10
2018-03-09 20:00:00,6,5,1
2018-03-09 21:00:00,13,4,9
2018-03-09 22:00:00,4,2,2
2018-03-09 23:00:00,0,0,0
2018-03-10 00:00:00,5,2,3
2018-03-10 01:00:00,2,0,2
2018-03-10 02:00:00,0,0,0
2018-03-10 03:00:00,0,0,0
2018-03-10 04:00:00,0,0,0
2018-03-10 05:00:00,0,0,0
2018-03-10 06:00:00,4,2,2
2018-03-10 07:00:00,14,6,8
2018-03-10 08:00:00,34,19,15
2018-03-10 09:00:00,42,19,23
2018-03-10 10:00:00,45,27,18
2018-03-10 11:00:00,79,37,42
2018-03-10 12:00:00,105,64,41
2018-03-10 13:00:00,141,61,80
2018-03-10 14:00:00,196,96,100
2018-03-10 15:00:00,150,62,88
2018-03-10 16:00:00,169,87,82
2018-03-10 17:00:00,143,71,72
2018-03-10 18:00:00,65,37,28
2018-03-10 19:00:00,12,4,8
2018-03-10 20:00:00,7,4,3
2018-03-10 21:00:00,12,7,5
2018-03-10 22:00:00,3,2,1
2018-03-10 23:00:00,2,0,2
2018-03-11 00:00:00,0,0,0
2018-03-11 01:00:00,3,0,3
2018-03-11 02:00:00,0,0,0
2018-03-11 03:00:00,1,0,1
2018-03-11 04:00:00,0,0,0
2018-03-11 05:00:00,1,0,1
2018-03-11 06:00:00,1,1,0
2018-03-11 07:00:00,5,2,3
2018-03-11 08:00:00,15,13,2
2018-03-11 09:00:00,25,13,12
2018-03-11 10:00:00,66,34,32
2018-03-11 11:00:00,90,41,49
2018-03-11 12:00:00,169,96,73
2018-03-11 13:00:00,224,113,111
2018-03-11 14:00:00,238,124,114
2018-03-11 15:00:00,261,117,144
2018-03-11 16:00:00,251,114,137
2018-03-11 17:00:00,205,114,91
2018-03-11 18:00:00,166,86,80
2018-03-11 19:00:00,85,49,36
2018-03-11 20:00:00,10,9,1
2018-03-11 21:00:00,3,1,2
2018-03-11 22:00:00,0,0,0
2018-03-11 23:00:00,3,1,2
2018-03-12 00:00:00,0,0,0
2018-03-12 01:00:00,1,0,1
2018-03-12 02:00:00,0,0,0
2018-03-12 03:00:00,0,0,0
2018-03-12 04:00:00,2,2,0
2018-03-12 05:00:00,11,6,5
2018-03-12 06:00:00,30,15,15
2018-03-12 07:00:00,122,92,30
2018-03-12 08:00:00,207,177,30
2018-03-12 09:00:00,110,80,30
2018-03-12 10:00:00,50,35,15
2018-03-12 11:00:00,40,21,19
2018-03-12 12:00:00,73,28,45
2018-03-12 13:00:00,72,42,30
2018-03-12 14:00:00,104,50,54
2018-03-12 15:00:00,159,77,82
2018-03-12 16:00:00,248,95,153
2018-03-12 17:00:00,372,86,286
2018-03-12 18:00:00,243,78,165
2018-03-12 19:00:00,121,60,61
2018-03-12 20:00:00,19,11,8
2018-03-12 21:00:00,8,2,6
2018-03-12 22:00:00,9,3,6
2018-03-12 23:00:00,17,9,8
2018-03-13 00:00:00,3,2,1
2018-03-13 01:00:00,3,0,3
2018-03-13 02:00:00,0,0,0
2018-03-13 03:00:00,0,0,0
2018-03-13 04:00:00,1,1,0
2018-03-13 05:00:00,12,6,6
2018-03-13 06:00:00,27,14,13
2018-03-13 07:00:00,86,62,24
2018-03-13 08:00:00,127,105,22
2018-03-13 09:00:00,64,46,18
2018-03-13 10:00:00,20,15,5
2018-03-13 11:00:00,19,10,9
2018-03-13 12:00:00,42,12,30
2018-03-13 13:00:00,12,5,7
2018-03-13 14:00:00,18,9,9
2018-03-13 15:00:00,28,14,14
2018-03-13 16:00:00,55,18,37
2018-03-13 17:00:00,134,19,115
2018-03-13 18:00:00,63,12,51
2018-03-13 19:00:00,24,8,16
2018-03-13 20:00:00,4,1,3
2018-03-13 21:00:00,4,1,3
2018-03-13 22:00:00,1,0,1
2018-03-13 23:00:00,3,0,3
2018-03-14 00:00:00,1,1,0
2018-03-14 01:00:00,1,0,1
2018-03-14 02:00:00,2,0,2
2018-03-14 03:00:00,0,0,0
2018-03-14 04:00:00,1,1,0
2018-03-14 05:00:00,16,8,8
2018-03-14 06:00:00,30,16,14
2018-03-14 07:00:00,103,73,30
2018-03-14 08:00:00,134,108,26
2018-03-14 09:00:00,90,70,20
2018-03-14 10:00:00,26,19,7
2018-03-14 11:00:00,14,6,8
2018-03-14 12:00:00,31,16,15
2018-03-14 13:00:00,24,11,13
2018-03-14 14:00:00,41,19,22
2018-03-14 15:00:00,59,29,30
2018-03-14 16:00:00,139,56,83
2018-03-14 17:00:00,214,59,155
2018-03-14 18:00:00,142,42,100
2018-03-14 19:00:00,44,13,31
2018-03-14 20:00:00,15,5,10
2018-03-14 21:00:00,11,5,6
2018-03-14 22:00:00,5,1,4
2018-03-14 23:00:00,3,1,2
2018-03-15 00:00:00,2,1,1
2018-03-15 01:00:00,0,0,0
2018-03-15 02:00:00,3,1,2
2018-03-15 03:00:00,0,0,0
2018-03-15 04:00:00,0,0,0
2018-03-15 05:00:00,12,7,5
2018-03-15 06:00:00,32,18,14
2018-03-15 07:00:00,126,77,49
2018-03-15 08:00:00,158,129,29
2018-03-15 09:00:00,97,70,27
2018-03-15 10:00:00,36,19,17
2018-03-15 11:00:00,34,20,14
2018-03-15 12:00:00,54,25,29
2018-03-15 13:00:00,62,30,32
2018-03-15 14:00:00,66,32,34
2018-03-15 15:00:00,89,47,42
2018-03-15 16:00:00,163,60,103
2018-03-15 17:00:00,253,60,193
2018-03-15 18:00:00,156,33,123
2018-03-15 19:00:00,85,26,59
2018-03-15 20:00:00,16,5,11
2018-03-15 21:00:00,15,5,10
2018-03-15 22:00:00,7,4,3
2018-03-15 23:00:00,5,2,3
2018-03-16 00:00:00,4,4,0
2018-03-16 01:00:00,5,2,3
2018-03-16 02:00:00,0,0,0
2018-03-16 03:00:00,2,1,1
2018-03-16 04:00:00,0,0,0
2018-03-16 05:00:00,34,18,16
2018-03-16 06:00:00,32,16,16
2018-03-16 07:00:00,92,59,33
2018-03-16 08:00:00,148,118,30
2018-03-16 09:00:00,82,61,21
2018-03-16 10:00:00,51,17,34
2018-03-16 11:00:00,39,22,17
2018-03-16 12:00:00,50,22,28
2018-03-16 13:00:00,77,37,40
2018-03-16 14:00:00,92,48,44
2018-03-16 15:00:00,119,54,65
2018-03-16 16:00:00,192,71,121
2018-03-16 17:00:00,198,60,138
2018-03-16 18:00:00,140,35,105
2018-03-16 19:00:00,61,24,37
2018-03-16 20:00:00,16,7,9
2018-03-16 21:00:00,9,3,6
2018-03-16 22:00:00,8,4,4
2018-03-16 23:00:00,3,0,3
2018-03-17 00:00:00,3,1,2
2018-03-17 01:00:00,3,0,3
2018-03-17 02:00:00,5,2,3
2018-03-17 03:00:00,1,0,1
2018-03-17 04:00:00,0,0,0
2018-03-17 05:00:00,2,1,1
2018-03-17 06:00:00,1,1,0
2018-03-17 07:00:00,8,2,6
2018-03-17 08:00:00,15,10,5
2018-03-17 09:00:00,40,26,14
2018-03-17 10:00:00,42,16,26
2018-03-17 11:00:00,92,36,56
2018-03-17 12:00:00,88,44,44
2018-03-17 13:00:00,81,38,43
2018-03-17 14:00:00,86,34,52
2018-03-17 15:00:00,65,22,43
2018-03-17 16:00:00,87,33,54
2018-03-17 17:00:00,69,31,38
2018-03-17 18:00:00,50,33,17
2018-03-17 19:00:00,20,12,8
2018-03-17 20:00:00,18,12,6
2018-03-17 21:00:00,5,4,1
2018-03-17 22:00:00,1,1,0
2018-03-17 23:00:00,4,2,2
2018-03-18 00:00:00,3,2,1
2018-03-18 01:00:00,2,0,2
2018-03-18 02:00:00,0,0,0
2018-03-18 03:00:00,0,0,0
2018-03-18 04:00:00,0,0,0
2018-03-18 05:00:00,1,0,1
2018-03-18 06:00:00,1,1,0
2018-03-18 07:00:00,4,2,2
2018-03-18 08:00:00,20,6,14
2018-03-18 09:00:00,37,16,21
2018-03-18 10:00:00,53,33,20
2018-03-18 11:00:00,73,30,43
2018-03-18 12:00:00,86,39,47
2018-03-18 13:00:00,63,35,28
2018-03-18 14:00:00,115,52,63
2018-03-18 15:00:00,131,64,67
2018-03-18 16:00:00,123,65,58
2018-03-18 17:00:00,129,67,62
2018-03-18 18:00:00,85,48,37
2018-03-18 19:00:00,49,21,28
2018-03-18 20:00:00,6,5,1
2018-03-18 21:00:00,6,3,3
2018-03-18 22:00:00,7,4,3
2018-03-18 23:00:00,4,3,1
2018-03-19 00:00:00,0,0,0
2018-03-19 01:00:00,1,0,1
2018-03-19 02:00:00,0,0,0
2018-03-19 03:00:00,2,0,2
2018-03-19 04:00:00,4,4,0
2018-03-19 05:00:00,12,7,5
2018-03-19 06:00:00,38,23,15
2018-03-19 07:00:00,122,85,37
2018-03-19 08:00:00,189,162,27
2018-03-19 09:00:00,73,54,19
2018-03-19 10:00:00,43,24,19
2018-03-19 11:00:00,23,9,14
2018-03-19 12:00:00,39,19,20
2018-03-19 13:00:00,28,14,14
2018-03-19 14:00:00,77,34,43
2018-03-19 15:00:00,94,46,48
2018-03-19 16:00:00,146,56,90
2018-03-19 17:00:00,260,62,198
2018-03-19 18:00:00,181,52,129
2018-03-19 19:00:00,59,32,27
2018-03-19 20:00:00,16,7,9
2018-03-19 21:00:00,5,2,3
2018-03-19 22:00:00,3,1,2
2018-03-19 23:00:00,4,1,3
2018-03-20 00:00:00,12,8,4
2018-03-20 01:00:00,3,0,3
2018-03-20 02:00:00,0,0,0
2018-03-20 03:00:00,0,0,0
2018-03-20 04:00:00,1,1,0
2018-03-20 05:00:00,21,13,8
2018-03-20 06:00:00,33,17,16
2018-03-20 07:00:00,132,88,44
2018-03-20 08:00:00,168,139,29
2018-03-20 09:00:00,78,56,22
2018-03-20 10:00:00,39,25,14
2018-03-20 11:00:00,44,20,24
2018-03-20 12:00:00,44,23,21
2018-03-20 13:00:00,37,15,22
2018-03-20 14:00:00,35,11,24
2018-03-20 15:00:00,82,43,39
2018-03-20 16:00:00,186,67,119
2018-03-20 17:00:00,266,76,190
2018-03-20 18:00:00,196,57,139
2018-03-20 19:00:00,62,23,39
2018-03-20 20:00:00,27,9,18
2018-03-20 21:00:00,0,0,0
2018-03-20 22:00:00,1,0,1
2018-03-20 23:00:00,4,1,3
2018-03-21 00:00:00,3,1,2
2018-03-21 01:00:00,1,0,1
2018-03-21 02:00:00,0,0,0
2018-03-21 03:00:00,0,0,0
2018-03-21 04:00:00,3,2,1
2018-03-21 05:00:00,22,15,7
2018-03-21 06:00:00,41,22,19
2018-03-21 07:00:00,111,66,45
2018-03-21 08:00:00,154,124,30
2018-03-21 09:00:00,67,49,18
2018-03-21 10:00:00,42,33,9
2018-03-21 11:00:00,34,18,16
2018-03-21 12:00:00,55,29,26
2018-03-21 13:00:00,43,24,19
2018-03-21 14:00:00,57,38,19
2018-03-21 15:00:00,79,33,46
2018-03-21 16:00:00,164,65,99
2018-03-21 17:00:00,197,46,151
2018-03-21 18:00:00,94,28,66
2018-03-21 19:00:00,37,8,29
2018-03-21 20:00:00,11,6,5
2018-03-21 21:00:00,3,2,1
2018-03-21 22:00:00,3,2,1
2018-03-21 23:00:00,3,1,2
2018-03-22 00:00:00,0,0,0
2018-03-22 01:00:00,1,0,1
2018-03-22 02:00:00,0,0,0
2018-03-22 03:00:00,0,0,0
2018-03-22 04:00:00,1,1,0
2018-03-22 05:00:00,17,11,6
2018-03-22 06:00:00,27,14,13
2018-03-22 07:00:00,83,55,28
2018-03-22 08:00:00,85,69,16
2018-03-22 09:00:00,34,20,14
2018-03-22 10:00:00,10,8,2
2018-03-22 11:00:00,4,1,3
2018-03-22 12:00:00,13,4,9
2018-03-22 13:00:00,7,5,2
2018-03-22 14:00:00,14,9,5
2018-03-22 15:00:00,37,19,18
2018-03-22 16:00:00,81,32,49
2018-03-22 17:00:00,134,37,97
2018-03-22 18:00:00,66,21,45
2018-03-22 19:00:00,31,14,17
2018-03-22 20:00:00,7,1,6
2018-03-22 21:00:00,6,1,5
2018-03-22 22:00:00,1,0,1
2018-03-22 23:00:00,0,0,0
2018-03-23 00:00:00,3,1,2
2018-03-23 01:00:00,1,0,1
2018-03-23 02:00:00,0,0,0
2018-03-23 03:00:00,0,0,0
2018-03-23 04:00:00,0,0,0
2018-03-23 05:00:00,14,9,5
2018-03-23 06:00:00,23,14,9
2018-03-23 07:00:00,58,34,24
2018-03-23 08:00:00,108,89,19
2018-03-23 09:00:00,36,28,8
2018-03-23 10:00:00,7,4,3
2018-03-23 11:00:00,4,4,0
2018-03-23 12:00:00,11,4,7
2018-03-23 13:00:00,11,4,7
2018-03-23 14:00:00,48,24,24
2018-03-23 15:00:00,47,23,24
2018-03-23 16:00:00,73,16,57
2018-03-23 17:00:00,129,35,94
2018-03-23 18:00:00,46,14,32
2018-03-23 19:00:00,10,3,7
2018-03-23 20:00:00,9,3,6
2018-03-23 21:00:00,2,2,0
2018-03-23 22:00:00,5,1,4
2018-03-23 23:00:00,3,0,3
2018-03-24 00:00:00,2,1,1
2018-03-24 01:00:00,1,0,1
2018-03-24 02:00:00,1,0,1
2018-03-24 03:00:00,0,0,0
2018-03-24 04:00:00,0,0,0
2018-03-24 05:00:00,1,1,0
2018-03-24 06:00:00,1,1,0
2018-03-24 07:00:00,8,1,7
2018-03-24 08:00:00,12,6,6
2018-03-24 09:00:00,20,11,9
2018-03-24 10:00:00,22,11,11
2018-03-24 11:00:00,42,29,13
2018-03-24 12:00:00,60,26,34
2018-03-24 13:00:00,46,27,19
2018-03-24 14:00:00,65,31,34
2018-03-24 15:00:00,92,54,38
2018-03-24 16:00:00,54,24,30
2018-03-24 17:00:00,59,28,31
2018-03-24 18:00:00,29,12,17
2018-03-24 19:00:00,55,31,24
2018-03-24 20:00:00,6,1,5
2018-03-24 21:00:00,3,3,0
2018-03-24 22:00:00,3,1,2
2018-03-24 23:00:00,1,0,1
2018-03-25 00:00:00,1,0,1
2018-03-25 01:00:00,1,0,1
2018-03-25 02:00:00,0,0,0
2018-03-25 03:00:00,7,6,1
2018-03-25 04:00:00,0,0,0
2018-03-25 05:00:00,0,0,0
2018-03-25 06:00:00,2,1,1
2018-03-25 07:00:00,5,2,3
2018-03-25 08:00:00,10,6,4
2018-03-25 09:00:00,35,20,15
2018-03-25 10:00:00,57,18,39
2018-03-25 11:00:00,82,45,37
2018-03-25 12:00:00,85,44,41
2018-03-25 13:00:00,88,44,44
2018-03-25 14:00:00,112,42,70
2018-03-25 15:00:00,127,65,62
2018-03-25 16:00:00,133,72,61
2018-03-25 17:00:00,85,34,51
2018-03-25 18:00:00,76,37,39
2018-03-25 19:00:00,24,13,11
2018-03-25 20:00:00,6,2,4
2018-03-25 21:00:00,0,0,0
2018-03-25 22:00:00,1,0,1
2018-03-25 23:00:00,1,0,1
2018-03-26 00:00:00,4,3,1
2018-03-26 01:00:00,1,1,0
2018-03-26 02:00:00,5,0,5
2018-03-26 03:00:00,0,0,0
2018-03-26 04:00:00,1,1,0
2018-03-26 05:00:00,13,9,4
2018-03-26 06:00:00,26,14,12
2018-03-26 07:00:00,103,69,34
2018-03-26 08:00:00,126,102,24
2018-03-26 09:00:00,59,48,11
2018-03-26 10:00:00,19,9,10
2018-03-26 11:00:00,16,10,6
2018-03-26 12:00:00,20,5,15
2018-03-26 13:00:00,49,10,39
2018-03-26 14:00:00,16,6,10
2018-03-26 15:00:00,73,52,21
2018-03-26 16:00:00,86,31,55
2018-03-26 17:00:00,152,30,122
2018-03-26 18:00:00,80,13,67
2018-03-26 19:00:00,17,5,12
2018-03-26 20:00:00,8,1,7
2018-03-26 21:00:00,6,2,4
2018-03-26 22:00:00,2,0,2
2018-03-26 23:00:00,0,0,0
2018-03-27 00:00:00,1,1,0
2018-03-27 01:00:00,1,0,1
2018-03-27 02:00:00,2,2,0
2018-03-27 03:00:00,2,0,2
2018-03-27 04:00:00,0,0,0
2018-03-27 05:00:00,14,7,7
2018-03-27 06:00:00,33,17,16
2018-03-27 07:00:00,84,52,32
2018-03-27 08:00:00,112,96,16
2018-03-27 09:00:00,53,39,14
2018-03-27 10:00:00,14,10,4
2018-03-27 11:00:00,21,8,13
2018-03-27 12:00:00,6,3,3
2018-03-27 13:00:00,11,5,6
2018-03-27 14:00:00,62,13,49
2018-03-27 15:00:00,51,24,27
2018-03-27 16:00:00,109,66,43
2018-03-27 17:00:00,143,25,118
2018-03-27 18:00:00,97,24,73
2018-03-27 19:00:00,27,7,20
2018-03-27 20:00:00,18,4,14
2018-03-27 21:00:00,6,1,5
2018-03-27 22:00:00,2,0,2
2018-03-27 23:00:00,1,0,1
2018-03-28 00:00:00,3,1,2
2018-03-28 01:00:00,3,2,1
2018-03-28 02:00:00,1,0,1
2018-03-28 03:00:00,0,0,0
2018-03-28 04:00:00,0,0,0
2018-03-28 05:00:00,18,12,6
2018-03-28 06:00:00,36,25,11
2018-03-28 07:00:00,130,84,46
2018-03-28 08:00:00,159,126,33
2018-03-28 09:00:00,66,46,20
2018-03-28 10:00:00,30,16,14
2018-03-28 11:00:00,28,12,16
2018-03-28 12:00:00,35,15,20
2018-03-28 13:00:00,25,12,13
2018-03-28 14:00:00,40,21,19
2018-03-28 15:00:00,65,32,33
2018-03-28 16:00:00,114,51,63
2018-03-28 17:00:00,201,56,145
2018-03-28 18:00:00,130,42,88
2018-03-28 19:00:00,41,16,25
2018-03-28 20:00:00,11,3,8
2018-03-28 21:00:00,10,2,8
2018-03-28 22:00:00,9,0,9
2018-03-28 23:00:00,2,0,2
2018-03-29 00:00:00,1,1,0
2018-03-29 01:00:00,2,0,2
2018-03-29 02:00:00,0,0,0
2018-03-29 03:00:00,1,0,1
2018-03-29 04:00:00,0,0,0
2018-03-29 05:00:00,19,14,5
2018-03-29 06:00:00,42,24,18
2018-03-29 07:00:00,128,78,50
2018-03-29 08:00:00,145,112,33
2018-03-29 09:00:00,58,40,18
2018-03-29 10:00:00,23,18,5
2018-03-29 11:00:00,21,13,8
2018-03-29 12:00:00,48,19,29
2018-03-29 13:00:00,40,16,24
2018-03-29 14:00:00,53,27,26
2018-03-29 15:00:00,83,50,33
2018-03-29 16:00:00,150,57,93
2018-03-29 17:00:00,227,87,140
2018-03-29 18:00:00,106,32,74
2018-03-29 19:00:00,51,17,34
2018-03-29 20:00:00,17,5,12
2018-03-29 21:00:00,18,3,15
2018-03-29 22:00:00,29,0,29
2018-03-29 23:00:00,8,2,6
2018-03-30 00:00:00,5,1,4
2018-03-30 01:00:00,5,0,5
2018-03-30 02:00:00,1,0,1
2018-03-30 03:00:00,0,0,0
2018-03-30 04:00:00,0,0,0
2018-03-30 05:00:00,12,9,3
2018-03-30 06:00:00,29,14,15
2018-03-30 07:00:00,107,72,35
2018-03-30 08:00:00,123,92,31
2018-03-30 09:00:00,69,52,17
2018-03-30 10:00:00,40,26,14
2018-03-30 11:00:00,46,35,11
2018-03-30 12:00:00,60,19,41
2018-03-30 13:00:00,64,28,36
2018-03-30 14:00:00,66,27,39
2018-03-30 15:00:00,96,49,47
2018-03-30 16:00:00,152,48,104
2018-03-30 17:00:00,183,43,140
2018-03-30 18:00:00,92,31,61
2018-03-30 19:00:00,41,20,21
2018-03-30 20:00:00,11,5,6
2018-03-30 21:00:00,7,3,4
2018-03-30 22:00:00,6,3,3
2018-03-30 23:00:00,2,1,1
2018-03-31 00:00:00,5,1,4
2018-03-31 01:00:00,3,0,3
2018-03-31 02:00:00,0,0,0
2018-03-31 03:00:00,3,1,2
2018-03-31 04:00:00,0,0,0
2018-03-31 05:00:00,1,1,0
2018-03-31 06:00:00,13,6,7
2018-03-31 07:00:00,18,11,7
2018-03-31 08:00:00,33,10,23
2018-03-31 09:00:00,54,33,21
2018-03-31 10:00:00,58,33,25
2018-03-31 11:00:00,78,33,45
2018-03-31 12:00:00,109,58,51
2018-03-31 13:00:00,108,51,57
2018-03-31 14:00:00,150,88,62
2018-03-31 15:00:00,151,53,98
2018-03-31 16:00:00,156,88,68
2018-03-31 17:00:00,178,95,83
2018-03-31 18:00:00,120,67,53
2018-03-31 19:00:00,58,30,28
2018-03-31 20:00:00,20,8,12
2018-03-31 21:00:00,31,4,27
2018-03-31 22:00:00,9,6,3
2018-03-31 23:00:00,8,2,6
2018-04-01 00:00:00,2,1,1
2018-04-01 01:00:00,12,2,10
2018-04-01 02:00:00,3,2,1
2018-04-01 03:00:00,1,0,1
2018-04-01 04:00:00,0,0,0
2018-04-01 05:00:00,3,2,1
2018-04-01 06:00:00,1,1,0
2018-04-01 07:00:00,8,2,6
2018-04-01 08:00:00,14,9,5
2018-04-01 09:00:00,10,6,4
2018-04-01 10:00:00,12,4,8
2018-04-01 11:00:00,15,7,8
2018-04-01 12:00:00,15,8,7
2018-04-01 13:00:00,21,9,12
2018-04-01 14:00:00,38,17,21
2018-04-01 15:00:00,28,17,11
2018-04-01 16:00:00,27,5,22
2018-04-01 17:00:00,36,15,21
2018-04-01 18:00:00,31,19,12
2018-04-01 19:00:00,5,3,2
2018-04-01 20:00:00,5,2,3
2018-04-01 21:00:00,2,0,2
2018-04-01 22:00:00,0,0,0
2018-04-01 23:00:00,6,3,3
2018-04-02 00:00:00,0,0,0
2018-04-02 01:00:00,0,0,0
2018-04-02 02:00:00,0,0,0
2018-04-02 03:00:00,0,0,0
2018-04-02 04:00:00,0,0,0
2018-04-02 05:00:00,9,6,3
2018-04-02 06:00:00,41,24,17
2018-04-02 07:00:00,111,77,34
2018-04-02 08:00:00,180,144,36
2018-04-02 09:00:00,73,57,16
2018-04-02 10:00:00,40,15,25
2018-04-02 11:00:00,20,7,13
2018-04-02 12:00:00,41,21,20
2018-04-02 13:00:00,43,23,20
2018-04-02 14:00:00,59,29,30
2018-04-02 15:00:00,69,36,33
2018-04-02 16:00:00,160,62,98
2018-04-02 17:00:00,230,65,165
2018-04-02 18:00:00,111,13,98
2018-04-02 19:00:00,53,23,30
2018-04-02 20:00:00,15,7,8
2018-04-02 21:00:00,7,1,6
2018-04-02 22:00:00,6,4,2
2018-04-02 23:00:00,1,1,0
2018-04-03 00:00:00,2,2,0
2018-04-03 01:00:00,3,0,3
2018-04-03 02:00:00,0,0,0
2018-04-03 03:00:00,1,0,1
2018-04-03 04:00:00,1,0,1
2018-04-03 05:00:00,17,13,4
2018-04-03 06:00:00,39,17,22
2018-04-03 07:00:00,129,89,40
2018-04-03 08:00:00,164,137,27
2018-04-03 09:00:00,93,63,30
2018-04-03 10:00:00,34,22,12
2018-04-03 11:00:00,32,15,17
2018-04-03 12:00:00,37,21,16
2018-04-03 13:00:00,22,11,11
2018-04-03 14:00:00,33,13,20
2018-04-03 15:00:00,75,36,39
2018-04-03 16:00:00,109,51,58
2018-04-03 17:00:00,239,56,183
2018-04-03 18:00:00,126,24,102
2018-04-03 19:00:00,60,15,45
2018-04-03 20:00:00,17,4,13
2018-04-03 21:00:00,9,3,6
2018-04-03 22:00:00,3,2,1
2018-04-03 23:00:00,3,0,3
2018-04-04 00:00:00,3,1,2
2018-04-04 01:00:00,5,2,3
2018-04-04 02:00:00,1,1,0
2018-04-04 03:00:00,0,0,0
2018-04-04 04:00:00,0,0,0
2018-04-04 05:00:00,11,7,4
2018-04-04 06:00:00,39,24,15
2018-04-04 07:00:00,87,58,29
2018-04-04 08:00:00,124,94,30
2018-04-04 09:00:00,42,30,12
2018-04-04 10:00:00,10,7,3
2018-04-04 11:00:00,14,8,6
2018-04-04 12:00:00,11,4,7
2018-04-04 13:00:00,13,3,10
2018-04-04 14:00:00,20,11,9
2018-04-04 15:00:00,31,20,11
2018-04-04 16:00:00,64,28,36
2018-04-04 17:00:00,139,36,103
2018-04-04 18:00:00,77,18,59
2018-04-04 19:00:00,25,8,17
2018-04-04 20:00:00,10,4,6
2018-04-04 21:00:00,7,1,6
2018-04-04 22:00:00,5,0,5
2018-04-04 23:00:00,3,0,3
2018-04-05 00:00:00,2,1,1
2018-04-05 01:00:00,2,2,0
2018-04-05 02:00:00,1,0,1
2018-04-05 03:00:00,0,0,0
2018-04-05 04:00:00,1,1,0
2018-04-05 05:00:00,14,11,3
2018-04-05 06:00:00,26,17,9
2018-04-05 07:00:00,99,57,42
2018-04-05 08:00:00,108,83,25
2018-04-05 09:00:00,47,36,11
2018-04-05 10:00:00,19,12,7
2018-04-05 11:00:00,9,1,8
2018-04-05 12:00:00,17,10,7
2018-04-05 13:00:00,7,3,4
2018-04-05 14:00:00,14,4,10
2018-04-05 15:00:00,30,16,14
2018-04-05 16:00:00,85,40,45
2018-04-05 17:00:00,138,26,112
2018-04-05 18:00:00,50,8,42
2018-04-05 19:00:00,23,6,17
2018-04-05 20:00:00,16,2,14
2018-04-05 21:00:00,5,1,4
2018-04-05 22:00:00,6,2,4
2018-04-05 23:00:00,1,0,1
2018-04-06 00:00:00,5,3,2
2018-04-06 01:00:00,1,1,0
2018-04-06 02:00:00,2,0,2
2018-04-06 03:00:00,0,0,0
2018-04-06 04:00:00,0,0,0
2018-04-06 05:00:00,16,10,6
2018-04-06 06:00:00,28,14,14
2018-04-06 07:00:00,82,59,23
2018-04-06 08:00:00,127,94,33
2018-04-06 09:00:00,58,45,13
2018-04-06 10:00:00,36,19,17
2018-04-06 11:00:00,22,13,9
2018-04-06 12:00:00,34,16,18
2018-04-06 13:00:00,36,16,20
2018-04-06 14:00:00,53,22,31
2018-04-06 15:00:00,92,53,39
2018-04-06 16:00:00,176,61,115
2018-04-06 17:00:00,225,77,148
2018-04-06 18:00:00,167,64,103
2018-04-06 19:00:00,105,48,57
2018-04-06 20:00:00,38,26,12
2018-04-06 21:00:00,10,7,3
2018-04-06 22:00:00,8,4,4
2018-04-06 23:00:00,4,1,3
2018-04-07 00:00:00,6,3,3
2018-04-07 01:00:00,2,0,2
2018-04-07 02:00:00,2,0,2
2018-04-07 03:00:00,1,0,1
2018-04-07 04:00:00,0,0,0
2018-04-07 05:00:00,5,3,2
2018-04-07 06:00:00,1,1,0
2018-04-07 07:00:00,2,1,1
2018-04-07 08:00:00,7,5,2
2018-04-07 09:00:00,7,1,6
2018-04-07 10:00:00,11,6,5
2018-04-07 11:00:00,31,21,10
2018-04-07 12:00:00,36,22,14
2018-04-07 13:00:00,25,7,18
2018-04-07 14:00:00,19,12,7
2018-04-07 15:00:00,19,7,12
2018-04-07 16:00:00,32,16,16
2018-04-07 17:00:00,20,8,12
2018-04-07 18:00:00,17,12,5
2018-04-07 19:00:00,19,8,11
2018-04-07 20:00:00,8,7,1
2018-04-07 21:00:00,4,2,2
2018-04-07 22:00:00,1,0,1
2018-04-07 23:00:00,1,0,1
2018-04-08 00:00:00,0,0,0
2018-04-08 01:00:00,0,0,0
2018-04-08 02:00:00,1,0,1
2018-04-08 03:00:00,0,0,0
2018-04-08 04:00:00,0,0,0
2018-04-08 05:00:00,1,1,0
2018-04-08 06:00:00,33,32,1
2018-04-08 07:00:00,132,123,9
2018-04-08 08:00:00,68,53,15
2018-04-08 09:00:00,96,14,82
2018-04-08 10:00:00,117,9,108
2018-04-08 11:00:00,58,12,46
2018-04-08 12:00:00,32,14,18
2018-04-08 13:00:00,18,7,11
2018-04-08 14:00:00,19,12,7
2018-04-08 15:00:00,30,13,17
2018-04-08 16:00:00,18,6,12
2018-04-08 17:00:00,37,15,22
2018-04-08 18:00:00,22,13,9
2018-04-08 19:00:00,16,9,7
2018-04-08 20:00:00,8,2,6
2018-04-08 21:00:00,1,1,0
2018-04-08 22:00:00,2,1,1
2018-04-08 23:00:00,1,0,1
2018-04-09 00:00:00,1,1,0
2018-04-09 01:00:00,0,0,0
2018-04-09 02:00:00,0,0,0
2018-04-09 03:00:00,2,1,1
2018-04-09 04:00:00,0,0,0
2018-04-09 05:00:00,14,8,6
2018-04-09 06:00:00,35,21,14
2018-04-09 07:00:00,141,98,43
2018-04-09 08:00:00,170,135,35
2018-04-09 09:00:00,82,56,26
2018-04-09 10:00:00,40,24,16
2018-04-09 11:00:00,49,22,27
2018-04-09 12:00:00,70,41,29
2018-04-09 13:00:00,62,33,29
2018-04-09 14:00:00,68,33,35
2018-04-09 15:00:00,126,74,52
2018-04-09 16:00:00,160,60,100
2018-04-09 17:00:00,296,84,212
2018-04-09 18:00:00,219,75,144
2018-04-09 19:00:00,82,36,46
2018-04-09 20:00:00,26,12,14
2018-04-09 21:00:00,10,4,6
2018-04-09 22:00:00,10,3,7
2018-04-09 23:00:00,3,0,3
2018-04-10 00:00:00,5,4,1
2018-04-10 01:00:00,4,0,4
2018-04-10 02:00:00,1,0,1
2018-04-10 03:00:00,0,0,0
2018-04-10 04:00:00,2,2,0
2018-04-10 05:00:00,15,11,4
2018-04-10 06:00:00,38,18,20
2018-04-10 07:00:00,81,51,30
2018-04-10 08:00:00,99,77,22
2018-04-10 09:00:00,22,13,9
2018-04-10 10:00:00,18,11,7
2018-04-10 11:00:00,12,7,5
2018-04-10 12:00:00,16,11,5
2018-04-10 13:00:00,15,4,11
2018-04-10 14:00:00,27,14,13
2018-04-10 15:00:00,75,30,45
2018-04-10 16:00:00,103,44,59
2018-04-10 17:00:00,169,45,124
2018-04-10 18:00:00,131,58,73
2018-04-10 19:00:00,80,37,43
2018-04-10 20:00:00,27,12,15
2018-04-10 21:00:00,12,3,9
2018-04-10 22:00:00,8,3,5
2018-04-10 23:00:00,3,1,2
2018-04-11 00:00:00,1,0,1
2018-04-11 01:00:00,2,0,2
2018-04-11 02:00:00,3,1,2
2018-04-11 03:00:00,0,0,0
2018-04-11 04:00:00,1,1,0
2018-04-11 05:00:00,14,9,5
2018-04-11 06:00:00,29,17,12
2018-04-11 07:00:00,101,66,35
2018-04-11 08:00:00,146,113,33
2018-04-11 09:00:00,51,36,15
2018-04-11 10:00:00,27,16,11
2018-04-11 11:00:00,13,8,5
2018-04-11 12:00:00,12,6,6
2018-04-11 13:00:00,13,8,5
2018-04-11 14:00:00,22,7,15
2018-04-11 15:00:00,33,17,16
2018-04-11 16:00:00,68,26,42
2018-04-11 17:00:00,126,36,90
2018-04-11 18:00:00,81,10,71
2018-04-11 19:00:00,19,5,14
2018-04-11 20:00:00,16,2,14
2018-04-11 21:00:00,9,1,8
2018-04-11 22:00:00,6,2,4
2018-04-11 23:00:00,2,0,2
2018-04-12 00:00:00,0,0,0
2018-04-12 01:00:00,0,0,0
2018-04-12 02:00:00,1,0,1
2018-04-12 03:00:00,1,0,1
2018-04-12 04:00:00,3,2,1
2018-04-12 05:00:00,14,11,3
2018-04-12 06:00:00,29,12,17
2018-04-12 07:00:00,112,71,41
2018-04-12 08:00:00,117,85,32
2018-04-12 09:00:00,54,33,21
2018-04-12 10:00:00,20,14,6
2018-04-12 11:00:00,5,4,1
2018-04-12 12:00:00,13,8,5
2018-04-12 13:00:00,8,2,6
2018-04-12 14:00:00,22,8,14
2018-04-12 15:00:00,54,35,19
2018-04-12 16:00:00,87,38,49
2018-04-12 17:00:00,138,36,102
2018-04-12 18:00:00,89,20,69
2018-04-12 19:00:00,47,14,33
2018-04-12 20:00:00,16,6,10
2018-04-12 21:00:00,9,4,5
2018-04-12 22:00:00,4,1,3
2018-04-12 23:00:00,2,0,2
2018-04-13 00:00:00,0,0,0
2018-04-13 01:00:00,1,0,1
2018-04-13 02:00:00,6,2,4
2018-04-13 03:00:00,0,0,0
2018-04-13 04:00:00,2,2,0
2018-04-13 05:00:00,12,7,5
2018-04-13 06:00:00,24,11,13
2018-04-13 07:00:00,70,44,26
2018-04-13 08:00:00,84,61,23
2018-04-13 09:00:00,46,31,15
2018-04-13 10:00:00,15,10,5
2018-04-13 11:00:00,15,7,8
2018-04-13 12:00:00,22,15,7
2018-04-13 13:00:00,23,10,13
2018-04-13 14:00:00,29,10,19
2018-04-13 15:00:00,34,20,14
2018-04-13 16:00:00,66,29,37
2018-04-13 17:00:00,103,32,71
2018-04-13 18:00:00,54,11,43
2018-04-13 19:00:00,14,7,7
2018-04-13 20:00:00,8,5,3
2018-04-13 21:00:00,3,0,3
2018-04-13 22:00:00,4,0,4
2018-04-13 23:00:00,2,0,2
2018-04-14 00:00:00,1,0,1
2018-04-14 01:00:00,2,0,2
2018-04-14 02:00:00,0,0,0
2018-04-14 03:00:00,0,0,0
2018-04-14 04:00:00,0,0,0
2018-04-14 05:00:00,0,0,0
2018-04-14 06:00:00,6,2,4
2018-04-14 07:00:00,9,5,4
2018-04-14 08:00:00,4,3,1
2018-04-14 09:00:00,14,4,10
2018-04-14 10:00:00,15,7,8
2018-04-14 11:00:00,24,17,7
2018-04-14 12:00:00,32,17,15
2018-04-14 13:00:00,12,1,11
2018-04-14 14:00:00,23,8,15
2018-04-14 15:00:00,11,6,5
2018-04-14 16:00:00,8,6,2
2018-04-14 17:00:00,8,1,7
2018-04-14 18:00:00,4,1,3
2018-04-14 19:00:00,2,1,1
2018-04-14 20:00:00,5,5,0
2018-04-14 21:00:00,1,0,1
2018-04-14 22:00:00,0,0,0
2018-04-14 23:00:00,2,2,0
2018-04-15 00:00:00,0,0,0
2018-04-15 01:00:00,0,0,0
2018-04-15 02:00:00,0,0,0
2018-04-15 03:00:00,0,0,0
2018-04-15 04:00:00,0,0,0
2018-04-15 05:00:00,0,0,0
2018-04-15 06:00:00,1,1,0
2018-04-15 07:00:00,6,1,5
2018-04-15 08:00:00,13,7,6
2018-04-15 09:00:00,32,17,15
2018-04-15 10:00:00,41,24,17
2018-04-15 11:00:00,55,32,23
2018-04-15 12:00:00,98,42,56
2018-04-15 13:00:00,79,39,40
2018-04-15 14:00:00,46,24,22
2018-04-15 15:00:00,46,23,23
2018-04-15 16:00:00,37,19,18
2018-04-15 17:00:00,9,6,3
2018-04-15 18:00:00,16,7,9
2018-04-15 19:00:00,3,1,2
2018-04-15 20:00:00,5,3,2
2018-04-15 21:00:00,5,2,3
2018-04-15 22:00:00,2,0,2
2018-04-15 23:00:00,1,1,0
2018-04-16 00:00:00,1,1,0
2018-04-16 01:00:00,0,0,0
2018-04-16 02:00:00,0,0,0
2018-04-16 03:00:00,3,0,3
2018-04-16 04:00:00,1,0,1
2018-04-16 05:00:00,14,9,5
2018-04-16 06:00:00,32,17,15
2018-04-16 07:00:00,100,63,37
2018-04-16 08:00:00,110,89,21
2018-04-16 09:00:00,48,31,17
2018-04-16 10:00:00,20,8,12
2018-04-16 11:00:00,8,6,2
2018-04-16 12:00:00,10,2,8
2018-04-16 13:00:00,12,6,6
2018-04-16 14:00:00,22,11,11
2018-04-16 15:00:00,34,21,13
2018-04-16 16:00:00,65,26,39
2018-04-16 17:00:00,132,37,95
2018-04-16 18:00:00,91,16,75
2018-04-16 19:00:00,22,5,17
2018-04-16 20:00:00,10,2,8
2018-04-16 21:00:00,5,2,3
2018-04-16 22:00:00,4,0,4
2018-04-16 23:00:00,1,0,1
2018-04-17 00:00:00,0,0,0
2018-04-17 01:00:00,1,0,1
2018-04-17 02:00:00,0,0,0
2018-04-17 03:00:00,0,0,0
2018-04-17 04:00:00,1,1,0
2018-04-17 05:00:00,20,13,7
2018-04-17 06:00:00,39,17,22
2018-04-17 07:00:00,121,95,26
2018-04-17 08:00:00,163,135,28
2018-04-17 09:00:00,68,49,19
2018-04-17 10:00:00,29,19,10
2018-04-17 11:00:00,28,11,17
2018-04-17 12:00:00,39,23,16
2018-04-17 13:00:00,29,9,20
2018-04-17 14:00:00,40,18,22
2018-04-17 15:00:00,53,26,27
2018-04-17 16:00:00,110,50,60
2018-04-17 17:00:00,234,59,175
2018-04-17 18:00:00,133,42,91
2018-04-17 19:00:00,61,24,37
2018-04-17 20:00:00,25,10,15
2018-04-17 21:00:00,8,1,7
2018-04-17 22:00:00,18,2,16
2018-04-17 23:00:00,5,0,5
2018-04-18 00:00:00,2,2,0
2018-04-18 01:00:00,3,2,1
2018-04-18 02:00:00,1,0,1
2018-04-18 03:00:00,1,0,1
2018-04-18 04:00:00,2,1,1
2018-04-18 05:00:00,16,11,5
2018-04-18 06:00:00,44,25,19
2018-04-18 07:00:00,116,83,33
2018-04-18 08:00:00,191,161,30
2018-04-18 09:00:00,82,54,28
2018-04-18 10:00:00,37,21,16
2018-04-18 11:00:00,28,7,21
2018-04-18 12:00:00,33,17,16
2018-04-18 13:00:00,42,19,23
2018-04-18 14:00:00,43,19,24
2018-04-18 15:00:00,107,54,53
2018-04-18 16:00:00,137,42,95
2018-04-18 17:00:00,258,66,192
2018-04-18 18:00:00,159,52,107
2018-04-18 19:00:00,65,18,47
2018-04-18 20:00:00,31,19,12
2018-04-18 21:00:00,8,2,6
2018-04-18 22:00:00,13,5,8
2018-04-18 23:00:00,4,0,4
2018-04-19 00:00:00,1,1,0
2018-04-19 01:00:00,1,0,1
2018-04-19 02:00:00,1,0,1
2018-04-19 03:00:00,1,0,1
2018-04-19 04:00:00,2,0,2
2018-04-19 05:00:00,21,16,5
2018-04-19 06:00:00,44,29,15
2018-04-19 07:00:00,147,104,43
2018-04-19 08:00:00,174,136,38
2018-04-19 09:00:00,88,73,15
2018-04-19 10:00:00,36,21,15
2018-04-19 11:00:00,33,16,17
2018-04-19 12:00:00,65,38,27
2018-04-19 13:00:00,51,21,30
2018-04-19 14:00:00,88,35,53
2018-04-19 15:00:00,149,68,81
2018-04-19 16:00:00,216,70,146
2018-04-19 17:00:00,263,73,190
2018-04-19 18:00:00,248,91,157
2018-04-19 19:00:00,100,57,43
2018-04-19 20:00:00,36,12,24
2018-04-19 21:00:00,21,12,9
2018-04-19 22:00:00,11,3,8
2018-04-19 23:00:00,2,0,2
2018-04-20 00:00:00,3,2,1
2018-04-20 01:00:00,1,0,1
2018-04-20 02:00:00,3,0,3
2018-04-20 03:00:00,1,0,1
2018-04-20 04:00:00,1,0,1
2018-04-20 05:00:00,13,11,2
2018-04-20 06:00:00,32,16,16
2018-04-20 07:00:00,106,76,30
2018-04-20 08:00:00,165,122,43
2018-04-20 09:00:00,91,70,21
2018-04-20 10:00:00,58,29,29
2018-04-20 11:00:00,38,21,17
2018-04-20 12:00:00,52,28,24
2018-04-20 13:00:00,59,23,36
2018-04-20 14:00:00,67,25,42
2018-04-20 15:00:00,91,56,35
2018-04-20 16:00:00,146,47,99
2018-04-20 17:00:00,195,40,155
2018-04-20 18:00:00,119,32,87
2018-04-20 19:00:00,36,11,25
2018-04-20 20:00:00,24,12,12
2018-04-20 21:00:00,12,8,4
2018-04-20 22:00:00,1,0,1
2018-04-20 23:00:00,6,1,5
2018-04-21 00:00:00,1,1,0
2018-04-21 01:00:00,2,1,1
2018-04-21 02:00:00,0,0,0
2018-04-21 03:00:00,0,0,0
2018-04-21 04:00:00,0,0,0
2018-04-21 05:00:00,5,4,1
2018-04-21 06:00:00,5,3,2
2018-04-21 07:00:00,27,16,11
2018-04-21 08:00:00,28,16,12
2018-04-21 09:00:00,48,27,21
2018-04-21 10:00:00,42,26,16
2018-04-21 11:00:00,78,44,34
2018-04-21 12:00:00,133,66,67
2018-04-21 13:00:00,111,56,55
2018-04-21 14:00:00,73,42,31
2018-04-21 15:00:00,46,25,21
2018-04-21 16:00:00,68,28,40
2018-04-21 17:00:00,64,23,41
2018-04-21 18:00:00,51,22,29
2018-04-21 19:00:00,47,29,18
2018-04-21 20:00:00,20,15,5
2018-04-21 21:00:00,10,8,2
2018-04-21 22:00:00,6,3,3
2018-04-21 23:00:00,15,5,10
2018-04-22 00:00:00,2,0,2
2018-04-22 01:00:00,1,0,1
2018-04-22 02:00:00,4,4,0
2018-04-22 03:00:00,0,0,0
2018-04-22 04:00:00,0,0,0
2018-04-22 05:00:00,1,1,0
2018-04-22 06:00:00,7,3,4
2018-04-22 07:00:00,29,20,9
2018-04-22 08:00:00,55,17,38
2018-04-22 09:00:00,62,41,21
2018-04-22 10:00:00,80,49,31
2018-04-22 11:00:00,95,61,34
2018-04-22 12:00:00,151,95,56
2018-04-22 13:00:00,148,61,87
2018-04-22 14:00:00,168,75,93
2018-04-22 15:00:00,220,75,145
2018-04-22 16:00:00,172,72,100
2018-04-22 17:00:00,131,71,60
2018-04-22 18:00:00,94,37,57
2018-04-22 19:00:00,65,39,26
2018-04-22 20:00:00,30,18,12
2018-04-22 21:00:00,10,4,6
2018-04-22 22:00:00,3,2,1
2018-04-22 23:00:00,1,0,1
2018-04-23 00:00:00,1,1,0
2018-04-23 01:00:00,1,0,1
2018-04-23 02:00:00,0,0,0
2018-04-23 03:00:00,0,0,0
2018-04-23 04:00:00,1,1,0
2018-04-23 05:00:00,17,11,6
2018-04-23 06:00:00,47,28,19
2018-04-23 07:00:00,141,101,40
2018-04-23 08:00:00,237,193,44
2018-04-23 09:00:00,101,75,26
2018-04-23 10:00:00,43,25,18
2018-04-23 11:00:00,52,23,29
2018-04-23 12:00:00,66,29,37
2018-04-23 13:00:00,64,32,32
2018-04-23 14:00:00,75,27,48
2018-04-23 15:00:00,118,54,64
2018-04-23 16:00:00,185,76,109
2018-04-23 17:00:00,335,66,269
2018-04-23 18:00:00,222,71,151
2018-04-23 19:00:00,110,48,62
2018-04-23 20:00:00,51,28,23
2018-04-23 21:00:00,15,6,9
2018-04-23 22:00:00,3,1,2
2018-04-23 23:00:00,3,0,3
2018-04-24 00:00:00,2,1,1
2018-04-24 01:00:00,2,1,1
2018-04-24 02:00:00,2,0,2
2018-04-24 03:00:00,1,0,1
2018-04-24 04:00:00,6,4,2
2018-04-24 05:00:00,17,12,5
2018-04-24 06:00:00,61,42,19
2018-04-24 07:00:00,174,131,43
2018-04-24 08:00:00,242,180,62
2018-04-24 09:00:00,139,98,41
2018-04-24 10:00:00,48,27,21
2018-04-24 11:00:00,53,25,28
2018-04-24 12:00:00,70,36,34
2018-04-24 13:00:00,58,31,27
2018-04-24 14:00:00,91,42,49
2018-04-24 15:00:00,98,45,53
2018-04-24 16:00:00,206,64,142
2018-04-24 17:00:00,368,96,272
2018-04-24 18:00:00,265,98,167
2018-04-24 19:00:00,114,51,63
2018-04-24 20:00:00,44,17,27
2018-04-24 21:00:00,19,8,11
2018-04-24 22:00:00,14,7,7
2018-04-24 23:00:00,1,0,1
2018-04-25 00:00:00,7,2,5
2018-04-25 01:00:00,2,2,0
2018-04-25 02:00:00,3,0,3
2018-04-25 03:00:00,0,0,0
2018-04-25 04:00:00,4,4,0
2018-04-25 05:00:00,20,13,7
2018-04-25 06:00:00,69,42,27
2018-04-25 07:00:00,169,121,48
2018-04-25 08:00:00,277,218,59
2018-04-25 09:00:00,113,72,41
2018-04-25 10:00:00,35,19,16
2018-04-25 11:00:00,42,25,17
2018-04-25 12:00:00,65,28,37
2018-04-25 13:00:00,60,22,38
2018-04-25 14:00:00,79,39,40
2018-04-25 15:00:00,137,76,61
2018-04-25 16:00:00,200,78,122
2018-04-25 17:00:00,341,94,247
2018-04-25 18:00:00,226,74,152
2018-04-25 19:00:00,119,67,52
2018-04-25 20:00:00,69,26,43
2018-04-25 21:00:00,18,7,11
2018-04-25 22:00:00,18,14,4
2018-04-25 23:00:00,10,0,10
2018-04-26 00:00:00,2,1,1
2018-04-26 01:00:00,2,0,2
2018-04-26 02:00:00,2,0,2
2018-04-26 03:00:00,2,2,0
2018-04-26 04:00:00,2,1,1
2018-04-26 05:00:00,23,15,8
2018-04-26 06:00:00,58,36,22
2018-04-26 07:00:00,182,135,47
2018-04-26 08:00:00,237,192,45
2018-04-26 09:00:00,101,73,28
2018-04-26 10:00:00,52,27,25
2018-04-26 11:00:00,57,35,22
2018-04-26 12:00:00,92,49,43
2018-04-26 13:00:00,73,39,34
2018-04-26 14:00:00,80,46,34
2018-04-26 15:00:00,130,52,78
2018-04-26 16:00:00,247,69,178
2018-04-26 17:00:00,350,104,246
2018-04-26 18:00:00,258,66,192
2018-04-26 19:00:00,139,76,63
2018-04-26 20:00:00,134,69,65
2018-04-26 21:00:00,21,9,12
2018-04-26 22:00:00,28,11,17
2018-04-26 23:00:00,5,1,4
2018-04-27 00:00:00,5,1,4
2018-04-27 01:00:00,3,2,1
2018-04-27 02:00:00,3,0,3
2018-04-27 03:00:00,4,1,3
2018-04-27 04:00:00,2,2,0
2018-04-27 05:00:00,20,16,4
2018-04-27 06:00:00,32,16,16
2018-04-27 07:00:00,109,81,28
2018-04-27 08:00:00,185,153,32
2018-04-27 09:00:00,87,70,17
2018-04-27 10:00:00,48,23,25
2018-04-27 11:00:00,31,21,10
2018-04-27 12:00:00,44,19,25
2018-04-27 13:00:00,36,16,20
2018-04-27 14:00:00,56,23,33
2018-04-27 15:00:00,64,23,41
2018-04-27 16:00:00,141,42,99
2018-04-27 17:00:00,197,52,145
2018-04-27 18:00:00,107,24,83
2018-04-27 19:00:00,63,26,37
2018-04-27 20:00:00,27,13,14
2018-04-27 21:00:00,9,2,7
2018-04-27 22:00:00,7,5,2
2018-04-27 23:00:00,5,0,5
2018-04-28 00:00:00,5,2,3
2018-04-28 01:00:00,4,2,2
2018-04-28 02:00:00,0,0,0
2018-04-28 03:00:00,0,0,0
2018-04-28 04:00:00,0,0,0
2018-04-28 05:00:00,4,3,1
2018-04-28 06:00:00,2,1,1
2018-04-28 07:00:00,2,1,1
2018-04-28 08:00:00,9,5,4
2018-04-28 09:00:00,8,5,3
2018-04-28 10:00:00,5,4,1
2018-04-28 11:00:00,19,9,10
2018-04-28 12:00:00,31,18,13
2018-04-28 13:00:00,36,12,24
2018-04-28 14:00:00,57,25,32
2018-04-28 15:00:00,56,34,22
2018-04-28 16:00:00,41,23,18
2018-04-28 17:00:00,38,24,14
2018-04-28 18:00:00,18,10,8
2018-04-28 19:00:00,22,11,11
2018-04-28 20:00:00,13,7,6
2018-04-28 21:00:00,3,0,3
2018-04-28 22:00:00,4,3,1
2018-04-28 23:00:00,3,1,2
2018-04-29 00:00:00,0,0,0
2018-04-29 01:00:00,0,0,0
2018-04-29 02:00:00,0,0,0
2018-04-29 03:00:00,0,0,0
2018-04-29 04:00:00,1,1,0
2018-04-29 05:00:00,0,0,0
2018-04-29 06:00:00,2,2,0
2018-04-29 07:00:00,17,5,12
2018-04-29 08:00:00,27,15,12
2018-04-29 09:00:00,60,33,27
2018-04-29 10:00:00,71,34,37
2018-04-29 11:00:00,138,69,69
2018-04-29 12:00:00,126,61,65
2018-04-29 13:00:00,108,38,70
2018-04-29 14:00:00,117,56,61
2018-04-29 15:00:00,96,58,38
2018-04-29 16:00:00,80,36,44
2018-04-29 17:00:00,72,35,37
2018-04-29 18:00:00,43,11,32
2018-04-29 19:00:00,44,28,16
2018-04-29 20:00:00,19,10,9
2018-04-29 21:00:00,6,4,2
2018-04-29 22:00:00,3,2,1
2018-04-29 23:00:00,4,1,3
2018-04-30 00:00:00,1,0,1
2018-04-30 01:00:00,0,0,0
2018-04-30 02:00:00,1,0,1
2018-04-30 03:00:00,1,0,1
2018-04-30 04:00:00,0,0,0
2018-04-30 05:00:00,15,10,5
2018-04-30 06:00:00,43,24,19
2018-04-30 07:00:00,152,107,45
2018-04-30 08:00:00,161,128,33
2018-04-30 09:00:00,97,74,23
2018-04-30 10:00:00,24,13,11
2018-04-30 11:00:00,19,11,8
2018-04-30 12:00:00,23,11,12
2018-04-30 13:00:00,40,21,19
2018-04-30 14:00:00,39,19,20
2018-04-30 15:00:00,65,33,32
2018-04-30 16:00:00,117,45,72
2018-04-30 17:00:00,232,51,181
2018-04-30 18:00:00,124,34,90
2018-04-30 19:00:00,75,25,50
2018-04-30 20:00:00,33,16,17
2018-04-30 21:00:00,21,10,11
2018-04-30 22:00:00,5,1,4
2018-04-30 23:00:00,5,1,4
2018-05-01 00:00:00,3,1,2
2018-05-01 01:00:00,5,3,2
2018-05-01 02:00:00,0,0,0
2018-05-01 03:00:00,0,0,0
2018-05-01 04:00:00,2,1,1
2018-05-01 05:00:00,18,14,4
2018-05-01 06:00:00,60,34,26
2018-05-01 07:00:00,178,139,39
2018-05-01 08:00:00,207,170,37
2018-05-01 09:00:00,110,79,31
2018-05-01 10:00:00,31,17,14
2018-05-01 11:00:00,43,21,22
2018-05-01 12:00:00,31,8,23
2018-05-01 13:00:00,40,15,25
2018-05-01 14:00:00,63,37,26
2018-05-01 15:00:00,100,36,64
2018-05-01 16:00:00,199,69,130
2018-05-01 17:00:00,362,81,281
2018-05-01 18:00:00,230,61,169
2018-05-01 19:00:00,120,52,68
2018-05-01 20:00:00,41,19,22
2018-05-01 21:00:00,17,9,8
2018-05-01 22:00:00,9,3,6
2018-05-01 23:00:00,8,1,7
2018-05-02 00:00:00,4,1,3
2018-05-02 01:00:00,4,1,3
2018-05-02 02:00:00,2,0,2
2018-05-02 03:00:00,1,0,1
2018-05-02 04:00:00,2,2,0
2018-05-02 05:00:00,25,19,6
2018-05-02 06:00:00,75,47,28
2018-05-02 07:00:00,174,128,46
2018-05-02 08:00:00,258,205,53
2018-05-02 09:00:00,120,83,37
2018-05-02 10:00:00,47,26,21
2018-05-02 11:00:00,57,37,20
2018-05-02 12:00:00,70,28,42
2018-05-02 13:00:00,66,32,34
2018-05-02 14:00:00,80,32,48
2018-05-02 15:00:00,152,73,79
2018-05-02 16:00:00,206,69,137
2018-05-02 17:00:00,356,101,255
2018-05-02 18:00:00,267,86,181
2018-05-02 19:00:00,126,48,78
2018-05-02 20:00:00,64,42,22
2018-05-02 21:00:00,19,9,10
2018-05-02 22:00:00,10,4,6
2018-05-02 23:00:00,13,4,9
2018-05-03 00:00:00,5,1,4
2018-05-03 01:00:00,6,4,2
2018-05-03 02:00:00,1,0,1
2018-05-03 03:00:00,1,0,1
2018-05-03 04:00:00,3,2,1
2018-05-03 05:00:00,20,13,7
2018-05-03 06:00:00,67,36,31
2018-05-03 07:00:00,188,151,37
2018-05-03 08:00:00,228,186,42
2018-05-03 09:00:00,110,83,27
2018-05-03 10:00:00,48,22,26
2018-05-03 11:00:00,52,26,26
2018-05-03 12:00:00,55,24,31
2018-05-03 13:00:00,75,41,34
2018-05-03 14:00:00,97,50,47
2018-05-03 15:00:00,96,45,51
2018-05-03 16:00:00,208,88,120
2018-05-03 17:00:00,361,149,212
2018-05-03 18:00:00,192,68,124
2018-05-03 19:00:00,124,48,76
2018-05-03 20:00:00,57,24,33
2018-05-03 21:00:00,17,5,12
2018-05-03 22:00:00,19,12,7
2018-05-03 23:00:00,6,3,3
2018-05-04 00:00:00,11,8,3
2018-05-04 01:00:00,5,4,1
2018-05-04 02:00:00,2,0,2
2018-05-04 03:00:00,5,3,2
2018-05-04 04:00:00,0,0,0
2018-05-04 05:00:00,14,8,6
2018-05-04 06:00:00,51,27,24
2018-05-04 07:00:00,158,109,49
2018-05-04 08:00:00,187,149,38
2018-05-04 09:00:00,90,70,20
2018-05-04 10:00:00,37,23,14
2018-05-04 11:00:00,38,19,19
2018-05-04 12:00:00,53,26,27
2018-05-04 13:00:00,67,21,46
2018-05-04 14:00:00,58,37,21
2018-05-04 15:00:00,120,58,62
2018-05-04 16:00:00,178,55,123
2018-05-04 17:00:00,235,60,175
2018-05-04 18:00:00,167,48,119
2018-05-04 19:00:00,88,30,58
2018-05-04 20:00:00,32,16,16
2018-05-04 21:00:00,16,3,13
2018-05-04 22:00:00,12,6,6
2018-05-04 23:00:00,8,2,6
2018-05-05 00:00:00,9,3,6
2018-05-05 01:00:00,6,3,3
2018-05-05 02:00:00,0,0,0
2018-05-05 03:00:00,0,0,0
2018-05-05 04:00:00,0,0,0
2018-05-05 05:00:00,3,2,1
2018-05-05 06:00:00,17,12,5
2018-05-05 07:00:00,19,8,11
2018-05-05 08:00:00,55,30,25
2018-05-05 09:00:00,50,25,25
2018-05-05 10:00:00,109,51,58
2018-05-05 11:00:00,120,60,60
2018-05-05 12:00:00,171,93,78
2018-05-05 13:00:00,183,95,88
2018-05-05 14:00:00,114,51,63
2018-05-05 15:00:00,209,74,135
2018-05-05 16:00:00,165,72,93
2018-05-05 17:00:00,131,51,80
2018-05-05 18:00:00,74,30,44
2018-05-05 19:00:00,51,20,31
2018-05-05 20:00:00,25,11,14
2018-05-05 21:00:00,14,5,9
2018-05-05 22:00:00,10,3,7
2018-05-05 23:00:00,6,1,5
2018-05-06 00:00:00,8,2,6
2018-05-06 01:00:00,1,1,0
2018-05-06 02:00:00,1,1,0
2018-05-06 03:00:00,1,0,1
2018-05-06 04:00:00,0,0,0
2018-05-06 05:00:00,2,1,1
2018-05-06 06:00:00,9,5,4
2018-05-06 07:00:00,26,13,13
2018-05-06 08:00:00,59,44,15
2018-05-06 09:00:00,94,53,41
2018-05-06 10:00:00,102,46,56
2018-05-06 11:00:00,141,73,68
2018-05-06 12:00:00,183,99,84
2018-05-06 13:00:00,194,100,94
2018-05-06 14:00:00,205,82,123
2018-05-06 15:00:00,204,99,105
2018-05-06 16:00:00,163,71,92
2018-05-06 17:00:00,167,72,95
2018-05-06 18:00:00,90,42,48
2018-05-06 19:00:00,89,35,54
2018-05-06 20:00:00,56,28,28
2018-05-06 21:00:00,9,6,3
2018-05-06 22:00:00,2,1,1
2018-05-06 23:00:00,5,1,4
2018-05-07 00:00:00,2,2,0
2018-05-07 01:00:00,2,0,2
2018-05-07 02:00:00,0,0,0
2018-05-07 03:00:00,0,0,0
2018-05-07 04:00:00,2,1,1
2018-05-07 05:00:00,15,10,5
2018-05-07 06:00:00,56,33,23
2018-05-07 07:00:00,156,108,48
2018-05-07 08:00:00,235,189,46
2018-05-07 09:00:00,110,81,29
2018-05-07 10:00:00,57,23,34
2018-05-07 11:00:00,30,15,15
2018-05-07 12:00:00,48,24,24
2018-05-07 13:00:00,53,25,28
2018-05-07 14:00:00,86,44,42
2018-05-07 15:00:00,111,53,58
2018-05-07 16:00:00,178,74,104
2018-05-07 17:00:00,371,90,281
2018-05-07 18:00:00,209,62,147
2018-05-07 19:00:00,130,52,78
2018-05-07 20:00:00,78,43,35
2018-05-07 21:00:00,37,20,17
2018-05-07 22:00:00,6,1,5
2018-05-07 23:00:00,9,3,6
2018-05-08 00:00:00,5,3,2
2018-05-08 01:00:00,4,1,3
2018-05-08 02:00:00,0,0,0
2018-05-08 03:00:00,0,0,0
2018-05-08 04:00:00,1,1,0
2018-05-08 05:00:00,18,13,5
2018-05-08 06:00:00,211,147,64
2018-05-08 07:00:00,243,190,53
2018-05-08 08:00:00,130,89,41
2018-05-08 09:00:00,56,33,23
2018-05-08 10:00:00,51,28,23
2018-05-08 11:00:00,68,34,34
2018-05-08 12:00:00,80,43,37
2018-05-08 13:00:00,75,29,46
2018-05-08 14:00:00,122,62,60
2018-05-08 15:00:00,207,80,127
2018-05-08 16:00:00,303,58,245
2018-05-08 17:00:00,157,40,117
2018-05-08 18:00:00,57,16,41
2018-05-08 19:00:00,40,16,24
2018-05-08 20:00:00,34,14,20
2018-05-08 21:00:00,6,1,5
2018-05-08 22:00:00,6,0,6
2018-05-08 23:00:00,2,2,0
2018-05-09 00:00:00,1,1,0
2018-05-09 01:00:00,2,0,2
2018-05-09 02:00:00,0,0,0
2018-05-09 03:00:00,2,2,0
2018-05-09 04:00:00,20,14,6
2018-05-09 05:00:00,58,32,26
2018-05-09 06:00:00,159,121,38
2018-05-09 07:00:00,217,184,33
2018-05-09 08:00:00,114,84,30
2018-05-09 09:00:00,28,19,9
2018-05-09 10:00:00,30,17,13
2018-05-09 11:00:00,56,24,32
2018-05-09 12:00:00,52,30,22
2018-05-09 13:00:00,47,22,25
2018-05-09 14:00:00,90,48,42
2018-05-09 15:00:00,172,50,122
2018-05-09 16:00:00,309,94,215
2018-05-09 17:00:00,180,48,132
2018-05-09 18:00:00,118,37,81
2018-05-09 19:00:00,72,31,41
2018-05-09 20:00:00,0,0,0
2018-05-09 21:00:00,27,12,15
2018-05-09 22:00:00,7,3,4
2018-05-09 23:00:00,11,3,8
2018-05-10 00:00:00,2,1,1
2018-05-10 01:00:00,1,1,0
2018-05-10 02:00:00,1,0,1
2018-05-10 03:00:00,0,0,0
2018-05-10 04:00:00,2,2,0
2018-05-10 05:00:00,15,7,8
2018-05-10 06:00:00,58,30,28
2018-05-10 07:00:00,131,92,39
2018-05-10 08:00:00,155,122,33
2018-05-10 09:00:00,71,53,18
2018-05-10 10:00:00,39,19,20
2018-05-10 11:00:00,31,22,9
2018-05-10 12:00:00,27,11,16
2018-05-10 13:00:00,22,10,12
2018-05-10 14:00:00,39,23,16
2018-05-10 15:00:00,51,21,30
2018-05-10 16:00:00,133,51,82
2018-05-10 17:00:00,231,55,176
2018-05-10 18:00:00,113,28,85
2018-05-10 19:00:00,71,19,52
2018-05-10 20:00:00,43,19,24
2018-05-10 21:00:00,19,9,10
2018-05-10 22:00:00,6,1,5
2018-05-10 23:00:00,7,1,6
2018-05-11 00:00:00,5,1,4
2018-05-11 01:00:00,5,2,3
2018-05-11 02:00:00,2,0,2
2018-05-11 03:00:00,2,0,2
2018-05-11 04:00:00,0,0,0
2018-05-11 05:00:00,19,12,7
2018-05-11 06:00:00,61,34,27
2018-05-11 07:00:00,160,119,41
2018-05-11 08:00:00,201,161,40
2018-05-11 09:00:00,90,67,23
2018-05-11 10:00:00,57,33,24
2018-05-11 11:00:00,43,25,18
2018-05-11 12:00:00,62,26,36
2018-05-11 13:00:00,44,19,25
2018-05-11 14:00:00,77,37,40
2018-05-11 15:00:00,123,51,72
2018-05-11 16:00:00,219,79,140
2018-05-11 17:00:00,302,87,215
2018-05-11 18:00:00,140,52,88
2018-05-11 19:00:00,99,39,60
2018-05-11 20:00:00,87,33,54
2018-05-11 21:00:00,38,18,20
2018-05-11 22:00:00,10,5,5
2018-05-11 23:00:00,2,0,2
2018-05-12 00:00:00,4,2,2
2018-05-12 01:00:00,4,1,3
2018-05-12 02:00:00,0,0,0
2018-05-12 03:00:00,5,2,3
2018-05-12 04:00:00,1,0,1
2018-05-12 05:00:00,7,5,2
2018-05-12 06:00:00,13,5,8
2018-05-12 07:00:00,34,22,12
2018-05-12 08:00:00,56,30,26
2018-05-12 09:00:00,77,41,36
2018-05-12 10:00:00,117,71,46
2018-05-12 11:00:00,166,85,81
2018-05-12 12:00:00,121,60,61
2018-05-12 13:00:00,190,89,101
2018-05-12 14:00:00,173,86,87
2018-05-12 15:00:00,199,95,104
2018-05-12 16:00:00,160,73,87
2018-05-12 17:00:00,127,56,71
2018-05-12 18:00:00,128,73,55
2018-05-12 19:00:00,79,40,39
2018-05-12 20:00:00,59,28,31
2018-05-12 21:00:00,47,21,26
2018-05-12 22:00:00,15,3,12
2018-05-12 23:00:00,10,5,5
2018-05-13 00:00:00,9,0,9
2018-05-13 01:00:00,2,0,2
2018-05-13 02:00:00,2,0,2
2018-05-13 03:00:00,1,1,0
2018-05-13 04:00:00,2,1,1
2018-05-13 05:00:00,0,0,0
2018-05-13 06:00:00,9,3,6
2018-05-13 07:00:00,28,15,13
2018-05-13 08:00:00,49,27,22
2018-05-13 09:00:00,87,56,31
2018-05-13 10:00:00,152,67,85
2018-05-13 11:00:00,154,93,61
2018-05-13 12:00:00,162,94,68
2018-05-13 13:00:00,171,83,88
2018-05-13 14:00:00,198,82,116
2018-05-13 15:00:00,199,104,95
2018-05-13 16:00:00,192,77,115
2018-05-13 17:00:00,148,70,78
2018-05-13 18:00:00,100,45,55
2018-05-13 19:00:00,85,43,42
2018-05-13 20:00:00,58,23,35
2018-05-13 21:00:00,26,11,15
2018-05-13 22:00:00,18,8,10
2018-05-13 23:00:00,4,1,3
2018-05-14 00:00:00,3,1,2
2018-05-14 01:00:00,0,0,0
2018-05-14 02:00:00,5,2,3
2018-05-14 03:00:00,1,1,0
2018-05-14 04:00:00,0,0,0
2018-05-14 05:00:00,21,12,9
2018-05-14 06:00:00,86,48,38
2018-05-14 07:00:00,219,166,53
2018-05-14 08:00:00,249,201,48
2018-05-14 09:00:00,123,94,29
2018-05-14 10:00:00,52,29,23
2018-05-14 11:00:00,57,27,30
2018-05-14 12:00:00,85,41,44
2018-05-14 13:00:00,83,41,42
2018-05-14 14:00:00,96,52,44
2018-05-14 15:00:00,131,61,70
2018-05-14 16:00:00,248,90,158
2018-05-14 17:00:00,343,74,269
2018-05-14 18:00:00,251,80,171
2018-05-14 19:00:00,113,46,67
2018-05-14 20:00:00,69,35,34
2018-05-14 21:00:00,43,28,15
2018-05-14 22:00:00,7,2,5
2018-05-14 23:00:00,4,1,3
2018-05-15 00:00:00,3,2,1
2018-05-15 01:00:00,3,2,1
2018-05-15 02:00:00,1,0,1
2018-05-15 03:00:00,0,0,0
2018-05-15 04:00:00,2,1,1
2018-05-15 05:00:00,25,10,15
2018-05-15 06:00:00,92,52,40
2018-05-15 07:00:00,228,158,70
2018-05-15 08:00:00,243,199,44
2018-05-15 09:00:00,99,70,29
2018-05-15 10:00:00,28,17,11
2018-05-15 11:00:00,42,26,16
2018-05-15 12:00:00,57,23,34
2018-05-15 13:00:00,41,18,23
2018-05-15 14:00:00,74,40,34
2018-05-15 15:00:00,105,51,54
2018-05-15 16:00:00,205,72,133
2018-05-15 17:00:00,355,95,260
2018-05-15 18:00:00,235,74,161
2018-05-15 19:00:00,106,40,66
2018-05-15 20:00:00,55,24,31
2018-05-15 21:00:00,52,22,30
2018-05-15 22:00:00,10,7,3
2018-05-15 23:00:00,7,1,6
2018-05-16 00:00:00,4,4,0
2018-05-16 01:00:00,2,1,1
2018-05-16 02:00:00,1,0,1
2018-05-16 03:00:00,1,1,0
2018-05-16 04:00:00,1,1,0
2018-05-16 05:00:00,30,19,11
2018-05-16 06:00:00,83,52,31
2018-05-16 07:00:00,194,143,51
2018-05-16 08:00:00,260,202,58
2018-05-16 09:00:00,92,63,29
2018-05-16 10:00:00,46,31,15
2018-05-16 11:00:00,43,23,20
2018-05-16 12:00:00,64,32,32
2018-05-16 13:00:00,45,19,26
2018-05-16 14:00:00,66,20,46
2018-05-16 15:00:00,112,54,58
2018-05-16 16:00:00,231,76,155
2018-05-16 17:00:00,345,95,250
2018-05-16 18:00:00,243,69,174
2018-05-16 19:00:00,99,44,55
2018-05-16 20:00:00,60,27,33
2018-05-16 21:00:00,22,8,14
2018-05-16 22:00:00,8,2,6
2018-05-16 23:00:00,2,1,1
2018-05-17 00:00:00,4,2,2
2018-05-17 01:00:00,2,1,1
2018-05-17 02:00:00,2,0,2
2018-05-17 03:00:00,2,1,1
2018-05-17 04:00:00,1,0,1
2018-05-17 05:00:00,23,13,10
2018-05-17 06:00:00,76,45,31
2018-05-17 07:00:00,155,116,39
2018-05-17 08:00:00,202,157,45
2018-05-17 09:00:00,93,74,19
2018-05-17 10:00:00,35,20,15
2018-05-17 11:00:00,39,22,17
2018-05-17 12:00:00,57,24,33
2018-05-17 13:00:00,61,36,25
2018-05-17 14:00:00,70,28,42
2018-05-17 15:00:00,117,45,72
2018-05-17 16:00:00,214,74,140
2018-05-17 17:00:00,294,91,203
2018-05-17 18:00:00,169,51,118
2018-05-17 19:00:00,96,35,61
2018-05-17 20:00:00,67,31,36
2018-05-17 21:00:00,27,7,20
2018-05-17 22:00:00,13,1,12
2018-05-17 23:00:00,8,2,6
2018-05-18 00:00:00,10,3,7
2018-05-18 01:00:00,0,0,0
2018-05-18 02:00:00,2,0,2
2018-05-18 03:00:00,2,2,0
2018-05-18 04:00:00,2,2,0
2018-05-18 05:00:00,25,20,5
2018-05-18 06:00:00,82,42,40
2018-05-18 07:00:00,175,125,50
2018-05-18 08:00:00,229,163,66
2018-05-18 09:00:00,92,55,37
2018-05-18 10:00:00,48,27,21
2018-05-18 11:00:00,33,18,15
2018-05-18 12:00:00,59,31,28
2018-05-18 13:00:00,51,25,26
2018-05-18 14:00:00,76,33,43
2018-05-18 15:00:00,93,34,59
2018-05-18 16:00:00,227,64,163
2018-05-18 17:00:00,300,87,213
2018-05-18 18:00:00,139,53,86
2018-05-18 19:00:00,77,23,54
2018-05-18 20:00:00,40,20,20
2018-05-18 21:00:00,26,7,19
2018-05-18 22:00:00,23,10,13
2018-05-18 23:00:00,15,2,13
2018-05-19 00:00:00,8,3,5
2018-05-19 01:00:00,3,1,2
2018-05-19 02:00:00,2,2,0
2018-05-19 03:00:00,0,0,0
2018-05-19 04:00:00,0,0,0
2018-05-19 05:00:00,4,2,2
2018-05-19 06:00:00,15,7,8
2018-05-19 07:00:00,25,17,8
2018-05-19 08:00:00,42,27,15
2018-05-19 09:00:00,70,50,20
2018-05-19 10:00:00,77,42,35
2018-05-19 11:00:00,87,46,41
2018-05-19 12:00:00,137,50,87
2018-05-19 13:00:00,141,67,74
2018-05-19 14:00:00,173,83,90
2018-05-19 15:00:00,145,62,83
2018-05-19 16:00:00,124,60,64
2018-05-19 17:00:00,160,91,69
2018-05-19 18:00:00,93,44,49
2018-05-19 19:00:00,18,10,8
2018-05-19 20:00:00,8,1,7
2018-05-19 21:00:00,22,1,21
2018-05-19 22:00:00,10,2,8
2018-05-19 23:00:00,5,2,3
2018-05-20 00:00:00,3,2,1
2018-05-20 01:00:00,3,1,2
2018-05-20 02:00:00,0,0,0
2018-05-20 03:00:00,0,0,0
2018-05-20 04:00:00,0,0,0
2018-05-20 05:00:00,0,0,0
2018-05-20 06:00:00,11,5,6
2018-05-20 07:00:00,15,5,10
2018-05-20 08:00:00,21,11,10
2018-05-20 09:00:00,70,26,44
2018-05-20 10:00:00,72,33,39
2018-05-20 11:00:00,113,62,51
2018-05-20 12:00:00,132,62,70
2018-05-20 13:00:00,131,73,58
2018-05-20 14:00:00,105,45,60
2018-05-20 15:00:00,114,56,58
2018-05-20 16:00:00,97,44,53
2018-05-20 17:00:00,119,47,72
2018-05-20 18:00:00,76,37,39
2018-05-20 19:00:00,46,24,22
2018-05-20 20:00:00,66,23,43
2018-05-20 21:00:00,14,8,6
2018-05-20 22:00:00,5,1,4
2018-05-20 23:00:00,1,1,0
2018-05-21 00:00:00,1,0,1
2018-05-21 01:00:00,0,0,0
2018-05-21 02:00:00,1,0,1
2018-05-21 03:00:00,0,0,0
2018-05-21 04:00:00,0,0,0
2018-05-21 05:00:00,19,11,8
2018-05-21 06:00:00,70,36,34
2018-05-21 07:00:00,166,130,36
2018-05-21 08:00:00,233,183,50
2018-05-21 09:00:00,100,71,29
2018-05-21 10:00:00,40,20,20
2018-05-21 11:00:00,65,33,32
2018-05-21 12:00:00,44,21,23
2018-05-21 13:00:00,70,36,34
2018-05-21 14:00:00,75,39,36
2018-05-21 15:00:00,124,52,72
2018-05-21 16:00:00,205,64,141
2018-05-21 17:00:00,341,95,246
2018-05-21 18:00:00,176,43,133
2018-05-21 19:00:00,112,45,67
2018-05-21 20:00:00,107,56,51
2018-05-21 21:00:00,33,17,16
2018-05-21 22:00:00,15,1,14
2018-05-21 23:00:00,5,1,4
2018-05-22 00:00:00,1,1,0
2018-05-22 01:00:00,0,0,0
2018-05-22 02:00:00,7,4,3
2018-05-22 03:00:00,0,0,0
2018-05-22 04:00:00,0,0,0
2018-05-22 05:00:00,23,12,11
2018-05-22 06:00:00,112,75,37
2018-05-22 07:00:00,246,159,87
2018-05-22 08:00:00,265,210,55
2018-05-22 09:00:00,122,88,34
2018-05-22 10:00:00,69,39,30
2018-05-22 11:00:00,49,24,25
2018-05-22 12:00:00,107,49,58
2018-05-22 13:00:00,89,43,46
2018-05-22 14:00:00,91,42,49
2018-05-22 15:00:00,146,65,81
2018-05-22 16:00:00,213,70,143
2018-05-22 17:00:00,391,128,263
2018-05-22 18:00:00,240,79,161
2018-05-22 19:00:00,112,44,68
2018-05-22 20:00:00,85,39,46
2018-05-22 21:00:00,40,18,22
2018-05-22 22:00:00,12,4,8
2018-05-22 23:00:00,10,1,9
2018-05-23 00:00:00,8,1,7
2018-05-23 01:00:00,3,2,1
2018-05-23 02:00:00,1,0,1
2018-05-23 03:00:00,3,0,3
2018-05-23 04:00:00,0,0,0
2018-05-23 05:00:00,28,14,14
2018-05-23 06:00:00,96,57,39
2018-05-23 07:00:00,233,175,58
2018-05-23 08:00:00,257,185,72
2018-05-23 09:00:00,111,73,38
2018-05-23 10:00:00,91,53,38
2018-05-23 11:00:00,54,33,21
2018-05-23 12:00:00,76,37,39
2018-05-23 13:00:00,78,41,37
2018-05-23 14:00:00,89,40,49
2018-05-23 15:00:00,131,70,61
2018-05-23 16:00:00,203,62,141
2018-05-23 17:00:00,413,108,305
2018-05-23 18:00:00,223,72,151
2018-05-23 19:00:00,116,48,68
2018-05-23 20:00:00,62,30,32
2018-05-23 21:00:00,39,14,25
2018-05-23 22:00:00,24,14,10
2018-05-23 23:00:00,8,6,2
2018-05-24 00:00:00,5,1,4
2018-05-24 01:00:00,6,1,5
2018-05-24 02:00:00,3,0,3
2018-05-24 03:00:00,1,0,1
2018-05-24 04:00:00,1,1,0
2018-05-24 05:00:00,28,13,15
2018-05-24 06:00:00,69,42,27
2018-05-24 07:00:00,180,128,52
2018-05-24 08:00:00,238,185,53
2018-05-24 09:00:00,91,64,27
2018-05-24 10:00:00,43,29,14
2018-05-24 11:00:00,43,24,19
2018-05-24 12:00:00,67,22,45
2018-05-24 13:00:00,45,20,25
2018-05-24 14:00:00,79,37,42
2018-05-24 15:00:00,114,47,67
2018-05-24 16:00:00,223,76,147
2018-05-24 17:00:00,307,84,223
2018-05-24 18:00:00,193,72,121
2018-05-24 19:00:00,108,40,68
2018-05-24 20:00:00,63,27,36
2018-05-24 21:00:00,38,9,29
2018-05-24 22:00:00,16,7,9
2018-05-24 23:00:00,13,4,9
2018-05-25 00:00:00,5,3,2
2018-05-25 01:00:00,0,0,0
2018-05-25 02:00:00,1,0,1
2018-05-25 03:00:00,1,0,1
2018-05-25 04:00:00,1,1,0
2018-05-25 05:00:00,16,9,7
2018-05-25 06:00:00,62,39,23
2018-05-25 07:00:00,145,98,47
2018-05-25 08:00:00,201,145,56
2018-05-25 09:00:00,80,61,19
2018-05-25 10:00:00,30,15,15
2018-05-25 11:00:00,48,23,25
2018-05-25 12:00:00,57,26,31
2018-05-25 13:00:00,78,39,39
2018-05-25 14:00:00,99,40,59
2018-05-25 15:00:00,117,57,60
2018-05-25 16:00:00,198,56,142
2018-05-25 17:00:00,201,63,138
2018-05-25 18:00:00,113,46,67
2018-05-25 19:00:00,69,29,40
2018-05-25 20:00:00,46,22,24
2018-05-25 21:00:00,31,20,11
2018-05-25 22:00:00,8,2,6
2018-05-25 23:00:00,11,4,7
2018-05-26 00:00:00,0,0,0
2018-05-26 01:00:00,3,1,2
2018-05-26 02:00:00,4,4,0
2018-05-26 03:00:00,2,2,0
2018-05-26 04:00:00,1,0,1
2018-05-26 05:00:00,4,3,1
2018-05-26 06:00:00,6,5,1
2018-05-26 07:00:00,12,5,7
2018-05-26 08:00:00,46,26,20
2018-05-26 09:00:00,77,44,33
2018-05-26 10:00:00,108,60,48
2018-05-26 11:00:00,109,78,31
2018-05-26 12:00:00,139,79,60
2018-05-26 13:00:00,156,93,63
2018-05-26 14:00:00,98,39,59
2018-05-26 15:00:00,156,71,85
2018-05-26 16:00:00,208,59,149
2018-05-26 17:00:00,115,49,66
2018-05-26 18:00:00,83,44,39
2018-05-26 19:00:00,51,32,19
2018-05-26 20:00:00,24,16,8
2018-05-26 21:00:00,21,13,8
2018-05-26 22:00:00,20,1,19
2018-05-26 23:00:00,13,7,6
2018-05-27 00:00:00,2,0,2
2018-05-27 01:00:00,2,0,2
2018-05-27 02:00:00,2,1,1
2018-05-27 03:00:00,2,1,1
2018-05-27 04:00:00,0,0,0
2018-05-27 05:00:00,2,1,1
2018-05-27 06:00:00,13,7,6
2018-05-27 07:00:00,12,3,9
2018-05-27 08:00:00,39,21,18
2018-05-27 09:00:00,59,34,25
2018-05-27 10:00:00,97,50,47
2018-05-27 11:00:00,135,72,63
2018-05-27 12:00:00,176,87,89
2018-05-27 13:00:00,192,100,92
2018-05-27 14:00:00,188,100,88
2018-05-27 15:00:00,186,85,101
2018-05-27 16:00:00,191,67,124
2018-05-27 17:00:00,133,57,76
2018-05-27 18:00:00,147,63,84
2018-05-27 19:00:00,103,43,60
2018-05-27 20:00:00,90,42,48
2018-05-27 21:00:00,44,21,23
2018-05-27 22:00:00,13,7,6
2018-05-27 23:00:00,6,0,6
2018-05-28 00:00:00,0,0,0
2018-05-28 01:00:00,1,0,1
2018-05-28 02:00:00,2,0,2
2018-05-28 03:00:00,2,2,0
2018-05-28 04:00:00,0,0,0
2018-05-28 05:00:00,2,2,0
2018-05-28 06:00:00,15,6,9
2018-05-28 07:00:00,28,17,11
2018-05-28 08:00:00,33,19,14
2018-05-28 09:00:00,69,28,41
2018-05-28 10:00:00,100,55,45
2018-05-28 11:00:00,126,70,56
2018-05-28 12:00:00,146,77,69
2018-05-28 13:00:00,140,67,73
2018-05-28 14:00:00,183,93,90
2018-05-28 15:00:00,190,83,107
2018-05-28 16:00:00,168,80,88
2018-05-28 17:00:00,144,62,82
2018-05-28 18:00:00,102,46,56
2018-05-28 19:00:00,78,44,34
2018-05-28 20:00:00,50,27,23
2018-05-28 21:00:00,25,12,13
2018-05-28 22:00:00,6,3,3
2018-05-28 23:00:00,2,1,1
2018-05-29 00:00:00,9,1,8
2018-05-29 01:00:00,3,3,0
2018-05-29 02:00:00,3,1,2
2018-05-29 03:00:00,1,0,1
2018-05-29 04:00:00,3,2,1
2018-05-29 05:00:00,19,10,9
2018-05-29 06:00:00,72,35,37
2018-05-29 07:00:00,160,113,47
2018-05-29 08:00:00,234,193,41
2018-05-29 09:00:00,102,75,27
2018-05-29 10:00:00,37,25,12
2018-05-29 11:00:00,27,12,15
2018-05-29 12:00:00,63,30,33
2018-05-29 13:00:00,45,27,18
2018-05-29 14:00:00,55,24,31
2018-05-29 15:00:00,93,37,56
2018-05-29 16:00:00,170,75,95
2018-05-29 17:00:00,333,97,236
2018-05-29 18:00:00,133,43,90
2018-05-29 19:00:00,57,29,28
2018-05-29 20:00:00,26,12,14
2018-05-29 21:00:00,14,6,8
2018-05-29 22:00:00,8,2,6
2018-05-29 23:00:00,8,0,8
2018-05-30 00:00:00,5,1,4
2018-05-30 01:00:00,3,2,1
2018-05-30 02:00:00,0,0,0
2018-05-30 03:00:00,0,0,0
2018-05-30 04:00:00,2,2,0
2018-05-30 05:00:00,23,14,9
2018-05-30 06:00:00,105,55,50
2018-05-30 07:00:00,174,124,50
2018-05-30 08:00:00,261,205,56
2018-05-30 09:00:00,87,59,28
2018-05-30 10:00:00,42,25,17
2018-05-30 11:00:00,49,22,27
2018-05-30 12:00:00,57,30,27
2018-05-30 13:00:00,52,31,21
2018-05-30 14:00:00,79,39,40
2018-05-30 15:00:00,117,55,62
2018-05-30 16:00:00,191,83,108
2018-05-30 17:00:00,325,80,245
2018-05-30 18:00:00,225,64,161
2018-05-30 19:00:00,99,32,67
2018-05-30 20:00:00,59,29,30
2018-05-30 21:00:00,42,19,23
2018-05-30 22:00:00,11,1,10
2018-05-30 23:00:00,2,0,2
2018-05-31 00:00:00,6,2,4
2018-05-31 01:00:00,5,1,4
2018-05-31 02:00:00,1,1,0
2018-05-31 03:00:00,0,0,0
2018-05-31 04:00:00,2,2,0
2018-05-31 05:00:00,22,12,10
2018-05-31 06:00:00,93,53,40
2018-05-31 07:00:00,197,134,63
2018-05-31 08:00:00,230,180,50
2018-05-31 09:00:00,97,69,28
2018-05-31 10:00:00,34,25,9
2018-05-31 11:00:00,45,22,23
2018-05-31 12:00:00,61,29,32
2018-05-31 13:00:00,39,15,24
2018-05-31 14:00:00,43,20,23
2018-05-31 15:00:00,96,48,48
2018-05-31 16:00:00,185,69,116
2018-05-31 17:00:00,250,56,194
2018-05-31 18:00:00,122,25,97
2018-05-31 19:00:00,75,25,50
2018-05-31 20:00:00,27,10,17
2018-05-31 21:00:00,22,12,10
2018-05-31 22:00:00,10,1,9
2018-05-31 23:00:00,2,0,2
2018-06-01 00:00:00,4,2,2
2018-06-01 01:00:00,3,1,2
2018-06-01 02:00:00,0,0,0
2018-06-01 03:00:00,0,0,0
2018-06-01 04:00:00,1,1,0
2018-06-01 05:00:00,25,14,11
2018-06-01 06:00:00,64,26,38
2018-06-01 07:00:00,151,102,49
2018-06-01 08:00:00,199,158,41
2018-06-01 09:00:00,94,65,29
2018-06-01 10:00:00,36,25,11
2018-06-01 11:00:00,56,34,22
2018-06-01 12:00:00,54,17,37
2018-06-01 13:00:00,61,30,31
2018-06-01 14:00:00,90,40,50
2018-06-01 15:00:00,113,49,64
2018-06-01 16:00:00,212,73,139
2018-06-01 17:00:00,232,74,158
2018-06-01 18:00:00,146,56,90
2018-06-01 19:00:00,76,36,40
2018-06-01 20:00:00,72,38,34
2018-06-01 21:00:00,39,21,18
2018-06-01 22:00:00,12,5,7
2018-06-01 23:00:00,8,1,7
2018-06-02 00:00:00,6,2,4
2018-06-02 01:00:00,5,2,3
2018-06-02 02:00:00,1,1,0
2018-06-02 03:00:00,2,0,2
2018-06-02 04:00:00,1,1,0
2018-06-02 05:00:00,6,5,1
2018-06-02 06:00:00,19,3,16
2018-06-02 07:00:00,94,18,76
2018-06-02 08:00:00,57,26,31
2018-06-02 09:00:00,98,55,43
2018-06-02 10:00:00,105,59,46
2018-06-02 11:00:00,184,77,107
2018-06-02 12:00:00,180,101,79
2018-06-02 13:00:00,172,82,90
2018-06-02 14:00:00,204,94,110
2018-06-02 15:00:00,188,100,88
2018-06-02 16:00:00,164,78,86
2018-06-02 17:00:00,173,79,94
2018-06-02 18:00:00,119,70,49
2018-06-02 19:00:00,74,31,43
2018-06-02 20:00:00,60,29,31
2018-06-02 21:00:00,36,19,17
2018-06-02 22:00:00,21,3,18
2018-06-02 23:00:00,4,1,3
2018-06-03 00:00:00,11,5,6
2018-06-03 01:00:00,2,0,2
2018-06-03 02:00:00,2,1,1
2018-06-03 03:00:00,0,0,0
2018-06-03 04:00:00,3,1,2
2018-06-03 05:00:00,4,2,2
2018-06-03 06:00:00,8,4,4
2018-06-03 07:00:00,29,12,17
2018-06-03 08:00:00,28,9,19
2018-06-03 09:00:00,71,31,40
2018-06-03 10:00:00,97,59,38
2018-06-03 11:00:00,79,53,26
2018-06-03 12:00:00,98,55,43
2018-06-03 13:00:00,89,53,36
2018-06-03 14:00:00,55,21,34
2018-06-03 15:00:00,35,16,19
2018-06-03 16:00:00,24,13,11
2018-06-03 17:00:00,23,6,17
2018-06-03 18:00:00,25,13,12
2018-06-03 19:00:00,15,5,10
2018-06-03 20:00:00,30,14,16
2018-06-03 21:00:00,6,2,4
2018-06-03 22:00:00,3,1,2
2018-06-03 23:00:00,4,0,4
2018-06-04 00:00:00,4,1,3
2018-06-04 01:00:00,2,0,2
2018-06-04 02:00:00,0,0,0
2018-06-04 03:00:00,0,0,0
2018-06-04 04:00:00,0,0,0
2018-06-04 05:00:00,13,6,7
2018-06-04 06:00:00,63,31,32
2018-06-04 07:00:00,132,90,42
2018-06-04 08:00:00,182,153,29
2018-06-04 09:00:00,69,48,21
2018-06-04 10:00:00,23,13,10
2018-06-04 11:00:00,25,16,9
2018-06-04 12:00:00,31,16,15
2018-06-04 13:00:00,34,14,20
2018-06-04 14:00:00,49,28,21
2018-06-04 15:00:00,121,59,62
2018-06-04 16:00:00,165,68,97
2018-06-04 17:00:00,266,69,197
2018-06-04 18:00:00,166,49,117
2018-06-04 19:00:00,68,37,31
2018-06-04 20:00:00,49,24,25
2018-06-04 21:00:00,20,7,13
2018-06-04 22:00:00,9,3,6
2018-06-04 23:00:00,3,0,3
2018-06-05 00:00:00,4,1,3
2018-06-05 01:00:00,1,0,1
2018-06-05 02:00:00,3,1,2
2018-06-05 03:00:00,1,0,1
2018-06-05 04:00:00,3,2,1
2018-06-05 05:00:00,21,9,12
2018-06-05 06:00:00,91,49,42
2018-06-05 07:00:00,183,132,51
2018-06-05 08:00:00,225,181,44
2018-06-05 09:00:00,135,91,44
2018-06-05 10:00:00,47,29,18
2018-06-05 11:00:00,45,24,21
2018-06-05 12:00:00,61,30,31
2018-06-05 13:00:00,72,28,44
2018-06-05 14:00:00,64,28,36
2018-06-05 15:00:00,100,35,65
2018-06-05 16:00:00,196,63,133
2018-06-05 17:00:00,324,88,236
2018-06-05 18:00:00,177,58,119
2018-06-05 19:00:00,96,37,59
2018-06-05 20:00:00,90,41,49
2018-06-05 21:00:00,27,17,10
2018-06-05 22:00:00,7,3,4
2018-06-05 23:00:00,5,2,3
2018-06-06 00:00:00,8,4,4
2018-06-06 01:00:00,6,2,4
2018-06-06 02:00:00,0,0,0
2018-06-06 03:00:00,1,0,1
2018-06-06 04:00:00,2,2,0
2018-06-06 05:00:00,27,15,12
2018-06-06 06:00:00,94,56,38
2018-06-06 07:00:00,207,150,57
2018-06-06 08:00:00,239,190,49
2018-06-06 09:00:00,123,88,35
2018-06-06 10:00:00,50,33,17
2018-06-06 11:00:00,88,50,38
2018-06-06 12:00:00,71,33,38
2018-06-06 13:00:00,66,28,38
2018-06-06 14:00:00,70,34,36
2018-06-06 15:00:00,118,59,59
2018-06-06 16:00:00,204,82,122
2018-06-06 17:00:00,378,105,273
2018-06-06 18:00:00,243,72,171
2018-06-06 19:00:00,99,45,54
2018-06-06 20:00:00,46,25,21
2018-06-06 21:00:00,37,14,23
2018-06-06 22:00:00,15,3,12
2018-06-06 23:00:00,3,0,3
2018-06-07 00:00:00,5,1,4
2018-06-07 01:00:00,3,1,2
2018-06-07 02:00:00,2,0,2
2018-06-07 03:00:00,0,0,0
2018-06-07 04:00:00,2,2,0
2018-06-07 05:00:00,28,13,15
2018-06-07 06:00:00,78,45,33
2018-06-07 07:00:00,167,116,51
2018-06-07 08:00:00,209,159,50
2018-06-07 09:00:00,86,67,19
2018-06-07 10:00:00,59,26,33
2018-06-07 11:00:00,52,25,27
2018-06-07 12:00:00,51,20,31
2018-06-07 13:00:00,45,24,21
2018-06-07 14:00:00,47,26,21
2018-06-07 15:00:00,120,65,55
2018-06-07 16:00:00,214,77,137
2018-06-07 17:00:00,269,79,190
2018-06-07 18:00:00,179,46,133
2018-06-07 19:00:00,126,52,74
2018-06-07 20:00:00,58,24,34
2018-06-07 21:00:00,21,11,10
2018-06-07 22:00:00,22,8,14
2018-06-07 23:00:00,24,20,4
2018-06-08 00:00:00,12,8,4
2018-06-08 01:00:00,5,1,4
2018-06-08 02:00:00,8,1,7
2018-06-08 03:00:00,0,0,0
2018-06-08 04:00:00,2,2,0
2018-06-08 05:00:00,17,9,8
2018-06-08 06:00:00,46,28,18
2018-06-08 07:00:00,135,80,55
2018-06-08 08:00:00,158,122,36
2018-06-08 09:00:00,73,50,23
2018-06-08 10:00:00,49,18,31
2018-06-08 11:00:00,36,21,15
2018-06-08 12:00:00,35,23,12
2018-06-08 13:00:00,31,14,17
2018-06-08 14:00:00,33,9,24
2018-06-08 15:00:00,57,27,30
2018-06-08 16:00:00,99,28,71
2018-06-08 17:00:00,118,26,92
2018-06-08 18:00:00,57,16,41
2018-06-08 19:00:00,17,7,10
2018-06-08 20:00:00,6,3,3
2018-06-08 21:00:00,11,0,11
2018-06-08 22:00:00,3,0,3
2018-06-08 23:00:00,6,2,4
2018-06-09 00:00:00,3,2,1
2018-06-09 01:00:00,1,1,0
2018-06-09 02:00:00,2,1,1
2018-06-09 03:00:00,1,0,1
2018-06-09 04:00:00,1,0,1
2018-06-09 05:00:00,6,2,4
2018-06-09 06:00:00,9,6,3
2018-06-09 07:00:00,21,13,8
2018-06-09 08:00:00,33,18,15
2018-06-09 09:00:00,66,42,24
2018-06-09 10:00:00,59,37,22
2018-06-09 11:00:00,96,42,54
2018-06-09 12:00:00,107,58,49
2018-06-09 13:00:00,108,59,49
2018-06-09 14:00:00,108,46,62
2018-06-09 15:00:00,84,36,48
2018-06-09 16:00:00,69,39,30
2018-06-09 17:00:00,84,44,40
2018-06-09 18:00:00,61,40,21
2018-06-09 19:00:00,16,9,7
2018-06-09 20:00:00,11,8,3
2018-06-09 21:00:00,28,4,24
2018-06-09 22:00:00,28,5,23
2018-06-09 23:00:00,7,0,7
2018-06-10 00:00:00,4,2,2
2018-06-10 01:00:00,9,2,7
2018-06-10 02:00:00,0,0,0
2018-06-10 03:00:00,0,0,0
2018-06-10 04:00:00,0,0,0
2018-06-10 05:00:00,5,1,4
2018-06-10 06:00:00,9,3,6
2018-06-10 07:00:00,30,8,22
2018-06-10 08:00:00,34,15,19
2018-06-10 09:00:00,52,24,28
2018-06-10 10:00:00,54,26,28
2018-06-10 11:00:00,48,28,20
2018-06-10 12:00:00,78,32,46
2018-06-10 13:00:00,96,50,46
2018-06-10 14:00:00,60,32,28
2018-06-10 15:00:00,63,31,32
2018-06-10 16:00:00,89,41,48
2018-06-10 17:00:00,24,11,13
2018-06-10 18:00:00,10,6,4
2018-06-10 19:00:00,12,6,6
2018-06-10 20:00:00,8,4,4
2018-06-10 21:00:00,8,4,4
2018-06-10 22:00:00,4,3,1
2018-06-10 23:00:00,2,0,2
2018-06-11 00:00:00,1,0,1
2018-06-11 01:00:00,0,0,0
2018-06-11 02:00:00,0,0,0
2018-06-11 03:00:00,1,0,1
2018-06-11 04:00:00,2,1,1
2018-06-11 05:00:00,23,12,11
2018-06-11 06:00:00,73,45,28
2018-06-11 07:00:00,167,112,55
2018-06-11 08:00:00,222,182,40
2018-06-11 09:00:00,116,82,34
2018-06-11 10:00:00,39,27,12
2018-06-11 11:00:00,36,22,14
2018-06-11 12:00:00,47,23,24
2018-06-11 13:00:00,59,33,26
2018-06-11 14:00:00,67,31,36
2018-06-11 15:00:00,145,81,64
2018-06-11 16:00:00,214,71,143
2018-06-11 17:00:00,367,100,267
2018-06-11 18:00:00,222,77,145
2018-06-11 19:00:00,111,47,64
2018-06-11 20:00:00,68,27,41
2018-06-11 21:00:00,38,17,21
2018-06-11 22:00:00,20,5,15
2018-06-11 23:00:00,6,2,4
2018-06-12 00:00:00,4,1,3
2018-06-12 01:00:00,2,0,2
2018-06-12 02:00:00,1,0,1
2018-06-12 03:00:00,1,0,1
2018-06-12 04:00:00,2,1,1
2018-06-12 05:00:00,25,17,8
2018-06-12 06:00:00,84,43,41
2018-06-12 07:00:00,184,125,59
2018-06-12 08:00:00,226,173,53
2018-06-12 09:00:00,127,93,34
2018-06-12 10:00:00,56,30,26
2018-06-12 11:00:00,55,29,26
2018-06-12 12:00:00,63,40,23
2018-06-12 13:00:00,59,24,35
2018-06-12 14:00:00,61,22,39
2018-06-12 15:00:00,78,38,40
2018-06-12 16:00:00,173,58,115
2018-06-12 17:00:00,296,65,231
2018-06-12 18:00:00,196,60,136
2018-06-12 19:00:00,71,29,42
2018-06-12 20:00:00,53,32,21
2018-06-12 21:00:00,27,9,18
2018-06-12 22:00:00,17,1,16
2018-06-12 23:00:00,18,6,12
2018-06-13 00:00:00,6,3,3
2018-06-13 01:00:00,2,1,1
2018-06-13 02:00:00,1,0,1
2018-06-13 03:00:00,1,1,0
2018-06-13 04:00:00,1,0,1
2018-06-13 05:00:00,16,8,8
2018-06-13 06:00:00,49,23,26
2018-06-13 07:00:00,90,64,26
2018-06-13 08:00:00,126,94,32
2018-06-13 09:00:00,82,62,20
2018-06-13 10:00:00,36,24,12
2018-06-13 11:00:00,45,24,21
2018-06-13 12:00:00,50,29,21
2018-06-13 13:00:00,48,26,22
2018-06-13 14:00:00,52,28,24
2018-06-13 15:00:00,56,28,28
2018-06-13 16:00:00,106,39,67
2018-06-13 17:00:00,168,41,127
2018-06-13 18:00:00,101,25,76
2018-06-13 19:00:00,39,20,19
2018-06-13 20:00:00,23,7,16
2018-06-13 21:00:00,18,8,10
2018-06-13 22:00:00,7,5,2
2018-06-13 23:00:00,2,1,1
2018-06-14 00:00:00,4,1,3
2018-06-14 01:00:00,3,1,2
2018-06-14 02:00:00,2,0,2
2018-06-14 03:00:00,0,0,0
2018-06-14 04:00:00,6,3,3
2018-06-14 05:00:00,24,14,10
2018-06-14 06:00:00,70,41,29
2018-06-14 07:00:00,164,118,46
2018-06-14 08:00:00,189,136,53
2018-06-14 09:00:00,89,72,17
2018-06-14 10:00:00,32,22,10
2018-06-14 11:00:00,53,24,29
2018-06-14 12:00:00,48,25,23
2018-06-14 13:00:00,48,26,22
2018-06-14 14:00:00,102,38,64
2018-06-14 15:00:00,95,45,50
2018-06-14 16:00:00,186,66,120
2018-06-14 17:00:00,251,84,167
2018-06-14 18:00:00,177,59,118
2018-06-14 19:00:00,84,29,55
2018-06-14 20:00:00,57,20,37
2018-06-14 21:00:00,24,11,13
2018-06-14 22:00:00,34,4,30
2018-06-14 23:00:00,5,1,4
2018-06-15 00:00:00,7,3,4
2018-06-15 01:00:00,2,1,1
2018-06-15 02:00:00,4,1,3
2018-06-15 03:00:00,0,0,0
2018-06-15 04:00:00,4,3,1
2018-06-15 05:00:00,24,11,13
2018-06-15 06:00:00,67,42,25
2018-06-15 07:00:00,175,112,63
2018-06-15 08:00:00,192,146,46
2018-06-15 09:00:00,111,76,35
2018-06-15 10:00:00,51,29,22
2018-06-15 11:00:00,56,25,31
2018-06-15 12:00:00,84,35,49
2018-06-15 13:00:00,83,41,42
2018-06-15 14:00:00,112,45,67
2018-06-15 15:00:00,125,54,71
2018-06-15 16:00:00,237,90,147
2018-06-15 17:00:00,265,77,188
2018-06-15 18:00:00,164,47,117
2018-06-15 19:00:00,90,52,38
2018-06-15 20:00:00,61,28,33
2018-06-15 21:00:00,29,16,13
2018-06-15 22:00:00,30,9,21
2018-06-15 23:00:00,19,1,18
2018-06-16 00:00:00,7,3,4
2018-06-16 01:00:00,1,0,1
2018-06-16 02:00:00,4,2,2
2018-06-16 03:00:00,6,2,4
2018-06-16 04:00:00,0,0,0
2018-06-16 05:00:00,5,3,2
2018-06-16 06:00:00,15,10,5
2018-06-16 07:00:00,32,23,9
2018-06-16 08:00:00,58,23,35
2018-06-16 09:00:00,65,35,30
2018-06-16 10:00:00,96,35,61
2018-06-16 11:00:00,93,48,45
2018-06-16 12:00:00,154,59,95
2018-06-16 13:00:00,115,52,63
2018-06-16 14:00:00,175,90,85
2018-06-16 15:00:00,166,85,81
2018-06-16 16:00:00,170,95,75
2018-06-16 17:00:00,84,36,48
2018-06-16 18:00:00,96,44,52
2018-06-16 19:00:00,90,48,42
2018-06-16 20:00:00,92,32,60
2018-06-16 21:00:00,68,41,27
2018-06-16 22:00:00,27,16,11
2018-06-16 23:00:00,17,7,10
2018-06-17 00:00:00,6,3,3
2018-06-17 01:00:00,4,2,2
2018-06-17 02:00:00,1,0,1
2018-06-17 03:00:00,0,0,0
2018-06-17 04:00:00,2,1,1
2018-06-17 05:00:00,4,1,3
2018-06-17 06:00:00,10,6,4
2018-06-17 07:00:00,29,13,16
2018-06-17 08:00:00,44,24,20
2018-06-17 09:00:00,100,44,56
2018-06-17 10:00:00,112,61,51
2018-06-17 11:00:00,168,79,89
2018-06-17 12:00:00,202,114,88
2018-06-17 13:00:00,156,87,69
2018-06-17 14:00:00,187,84,103
2018-06-17 15:00:00,215,103,112
2018-06-17 16:00:00,177,74,103
2018-06-17 17:00:00,119,53,66
2018-06-17 18:00:00,97,52,45
2018-06-17 19:00:00,86,41,45
2018-06-17 20:00:00,70,39,31
2018-06-17 21:00:00,53,19,34
2018-06-17 22:00:00,18,10,8
2018-06-17 23:00:00,8,1,7
2018-06-18 00:00:00,3,1,2
2018-06-18 01:00:00,2,0,2
2018-06-18 02:00:00,0,0,0
2018-06-18 03:00:00,1,0,1
2018-06-18 04:00:00,0,0,0
2018-06-18 05:00:00,10,5,5
2018-06-18 06:00:00,91,53,38
2018-06-18 07:00:00,189,142,47
2018-06-18 08:00:00,261,153,108
2018-06-18 09:00:00,140,88,52
2018-06-18 10:00:00,55,32,23
2018-06-18 11:00:00,49,22,27
2018-06-18 12:00:00,69,38,31
2018-06-18 13:00:00,60,30,30
2018-06-18 14:00:00,76,39,37
2018-06-18 15:00:00,130,55,75
2018-06-18 16:00:00,237,85,152
2018-06-18 17:00:00,334,64,270
2018-06-18 18:00:00,222,67,155
2018-06-18 19:00:00,111,38,73
2018-06-18 20:00:00,70,34,36
2018-06-18 21:00:00,49,21,28
2018-06-18 22:00:00,19,9,10
2018-06-18 23:00:00,8,4,4
2018-06-19 00:00:00,7,5,2
2018-06-19 01:00:00,3,3,0
2018-06-19 02:00:00,0,0,0
2018-06-19 03:00:00,0,0,0
2018-06-19 04:00:00,3,1,2
2018-06-19 05:00:00,32,16,16
2018-06-19 06:00:00,101,56,45
2018-06-19 07:00:00,203,146,57
2018-06-19 08:00:00,295,188,107
2018-06-19 09:00:00,137,83,54
2018-06-19 10:00:00,73,36,37
2018-06-19 11:00:00,69,39,30
2018-06-19 12:00:00,89,43,46
2018-06-19 13:00:00,87,35,52
2018-06-19 14:00:00,99,48,51
2018-06-19 15:00:00,130,46,84
2018-06-19 16:00:00,218,70,148
2018-06-19 17:00:00,365,98,267
2018-06-19 18:00:00,208,70,138
2018-06-19 19:00:00,152,59,93
2018-06-19 20:00:00,106,56,50
2018-06-19 21:00:00,57,28,29
2018-06-19 22:00:00,17,6,11
2018-06-19 23:00:00,10,1,9
2018-06-20 00:00:00,6,2,4
2018-06-20 01:00:00,4,1,3
2018-06-20 02:00:00,2,0,2
2018-06-20 03:00:00,2,0,2
2018-06-20 04:00:00,0,0,0
2018-06-20 05:00:00,25,12,13
2018-06-20 06:00:00,87,46,41
2018-06-20 07:00:00,202,144,58
2018-06-20 08:00:00,271,175,96
2018-06-20 09:00:00,144,80,64
2018-06-20 10:00:00,62,36,26
2018-06-20 11:00:00,64,34,30
2018-06-20 12:00:00,62,32,30
2018-06-20 13:00:00,74,36,38
2018-06-20 14:00:00,52,19,33
2018-06-20 15:00:00,104,52,52
2018-06-20 16:00:00,212,72,140
2018-06-20 17:00:00,312,76,236
2018-06-20 18:00:00,209,68,141
2018-06-20 19:00:00,131,60,71
2018-06-20 20:00:00,88,40,48
2018-06-20 21:00:00,59,37,22
2018-06-20 22:00:00,12,4,8
2018-06-20 23:00:00,20,9,11
2018-06-21 00:00:00,8,2,6
2018-06-21 01:00:00,2,1,1
2018-06-21 02:00:00,0,0,0
2018-06-21 03:00:00,2,0,2
2018-06-21 04:00:00,0,0,0
2018-06-21 05:00:00,17,12,5
2018-06-21 06:00:00,79,50,29
2018-06-21 07:00:00,176,124,52
2018-06-21 08:00:00,184,139,45
2018-06-21 09:00:00,108,82,26
2018-06-21 10:00:00,64,41,23
2018-06-21 11:00:00,55,28,27
2018-06-21 12:00:00,69,29,40
2018-06-21 13:00:00,66,25,41
2018-06-21 14:00:00,78,38,40
2018-06-21 15:00:00,97,46,51
2018-06-21 16:00:00,212,66,146
2018-06-21 17:00:00,279,70,209
2018-06-21 18:00:00,181,55,126
2018-06-21 19:00:00,105,49,56
2018-06-21 20:00:00,101,37,64
2018-06-21 21:00:00,54,24,30
2018-06-21 22:00:00,20,10,10
2018-06-21 23:00:00,2,2,0
2018-06-22 00:00:00,5,3,2
2018-06-22 01:00:00,1,1,0
2018-06-22 02:00:00,10,3,7
2018-06-22 03:00:00,0,0,0
2018-06-22 04:00:00,3,0,3
2018-06-22 05:00:00,14,8,6
2018-06-22 06:00:00,66,35,31
2018-06-22 07:00:00,136,92,44
2018-06-22 08:00:00,219,166,53
2018-06-22 09:00:00,84,60,24
2018-06-22 10:00:00,46,24,22
2018-06-22 11:00:00,51,29,22
2018-06-22 12:00:00,78,34,44
2018-06-22 13:00:00,65,30,35
2018-06-22 14:00:00,71,26,45
2018-06-22 15:00:00,110,45,65
2018-06-22 16:00:00,188,63,125
2018-06-22 17:00:00,207,64,143
2018-06-22 18:00:00,121,40,81
2018-06-22 19:00:00,66,18,48
2018-06-22 20:00:00,22,7,15
2018-06-22 21:00:00,27,15,12
2018-06-22 22:00:00,7,3,4
2018-06-22 23:00:00,2,1,1
2018-06-23 00:00:00,5,2,3
2018-06-23 01:00:00,0,0,0
2018-06-23 02:00:00,1,0,1
2018-06-23 03:00:00,0,0,0
2018-06-23 04:00:00,2,1,1
2018-06-23 05:00:00,4,4,0
2018-06-23 06:00:00,11,8,3
2018-06-23 07:00:00,23,12,11
2018-06-23 08:00:00,44,30,14
2018-06-23 09:00:00,44,20,24
2018-06-23 10:00:00,48,28,20
2018-06-23 11:00:00,82,40,42
2018-06-23 12:00:00,107,54,53
2018-06-23 13:00:00,94,44,50
2018-06-23 14:00:00,151,71,80
2018-06-23 15:00:00,161,75,86
2018-06-23 16:00:00,178,93,85
2018-06-23 17:00:00,130,58,72
2018-06-23 18:00:00,147,99,48
2018-06-23 19:00:00,108,57,51
2018-06-23 20:00:00,84,32,52
2018-06-23 21:00:00,103,39,64
2018-06-23 22:00:00,23,10,13
2018-06-23 23:00:00,10,3,7
2018-06-24 00:00:00,4,3,1
2018-06-24 01:00:00,1,0,1
2018-06-24 02:00:00,2,0,2
2018-06-24 03:00:00,0,0,0
2018-06-24 04:00:00,0,0,0
2018-06-24 05:00:00,1,1,0
2018-06-24 06:00:00,8,7,1
2018-06-24 07:00:00,18,10,8
2018-06-24 08:00:00,41,20,21
2018-06-24 09:00:00,70,33,37
2018-06-24 10:00:00,92,64,28
2018-06-24 11:00:00,136,80,56
2018-06-24 12:00:00,146,71,75
2018-06-24 13:00:00,132,64,68
2018-06-24 14:00:00,189,93,96
2018-06-24 15:00:00,173,76,97
2018-06-24 16:00:00,160,71,89
2018-06-24 17:00:00,139,63,76
2018-06-24 18:00:00,102,47,55
2018-06-24 19:00:00,57,24,33
2018-06-24 20:00:00,42,20,22
2018-06-24 21:00:00,34,15,19
2018-06-24 22:00:00,7,3,4
2018-06-24 23:00:00,3,1,2
2018-06-25 00:00:00,0,0,0
2018-06-25 01:00:00,0,0,0
2018-06-25 02:00:00,2,0,2
2018-06-25 03:00:00,0,0,0
2018-06-25 04:00:00,1,1,0
2018-06-25 05:00:00,14,6,8
2018-06-25 06:00:00,54,33,21
2018-06-25 07:00:00,130,72,58
2018-06-25 08:00:00,175,143,32
2018-06-25 09:00:00,78,54,24
2018-06-25 10:00:00,52,29,23
2018-06-25 11:00:00,34,20,14
2018-06-25 12:00:00,49,27,22
2018-06-25 13:00:00,32,13,19
2018-06-25 14:00:00,71,23,48
2018-06-25 15:00:00,126,64,62
2018-06-25 16:00:00,154,57,97
2018-06-25 17:00:00,248,72,176
2018-06-25 18:00:00,151,43,108
2018-06-25 19:00:00,96,41,55
2018-06-25 20:00:00,55,24,31
2018-06-25 21:00:00,27,11,16
2018-06-25 22:00:00,37,14,23
2018-06-25 23:00:00,7,2,5
2018-06-26 00:00:00,1,1,0
2018-06-26 01:00:00,3,1,2
2018-06-26 02:00:00,0,0,0
2018-06-26 03:00:00,3,0,3
2018-06-26 04:00:00,2,1,1
2018-06-26 05:00:00,20,11,9
2018-06-26 06:00:00,70,45,25
2018-06-26 07:00:00,176,126,50
2018-06-26 08:00:00,180,145,35
2018-06-26 09:00:00,102,70,32
2018-06-26 10:00:00,48,28,20
2018-06-26 11:00:00,46,23,23
2018-06-26 12:00:00,55,25,30
2018-06-26 13:00:00,56,31,25
2018-06-26 14:00:00,102,42,60
2018-06-26 15:00:00,84,44,40
2018-06-26 16:00:00,199,91,108
2018-06-26 17:00:00,308,84,224
2018-06-26 18:00:00,217,71,146
2018-06-26 19:00:00,153,58,95
2018-06-26 20:00:00,61,25,36
2018-06-26 21:00:00,42,21,21
2018-06-26 22:00:00,22,14,8
2018-06-26 23:00:00,8,3,5
2018-06-27 00:00:00,6,4,2
2018-06-27 01:00:00,2,1,1
2018-06-27 02:00:00,2,0,2
2018-06-27 03:00:00,0,0,0
2018-06-27 04:00:00,0,0,0
2018-06-27 05:00:00,25,12,13
2018-06-27 06:00:00,87,50,37
2018-06-27 07:00:00,158,112,46
2018-06-27 08:00:00,260,203,57
2018-06-27 09:00:00,119,82,37
2018-06-27 10:00:00,34,18,16
2018-06-27 11:00:00,57,26,31
2018-06-27 12:00:00,70,43,27
2018-06-27 13:00:00,54,30,24
2018-06-27 14:00:00,92,39,53
2018-06-27 15:00:00,116,60,56
2018-06-27 16:00:00,176,64,112
2018-06-27 17:00:00,328,104,224
2018-06-27 18:00:00,160,46,114
2018-06-27 19:00:00,101,37,64
2018-06-27 20:00:00,53,24,29
2018-06-27 21:00:00,27,10,17
2018-06-27 22:00:00,9,6,3
2018-06-27 23:00:00,8,5,3
2018-06-28 00:00:00,1,1,0
2018-06-28 01:00:00,4,1,3
2018-06-28 02:00:00,1,0,1
2018-06-28 03:00:00,1,0,1
2018-06-28 04:00:00,0,0,0
2018-06-28 05:00:00,21,11,10
2018-06-28 06:00:00,89,52,37
2018-06-28 07:00:00,166,113,53
2018-06-28 08:00:00,209,159,50
2018-06-28 09:00:00,78,52,26
2018-06-28 10:00:00,64,36,28
2018-06-28 11:00:00,50,25,25
2018-06-28 12:00:00,47,20,27
2018-06-28 13:00:00,52,24,28
2018-06-28 14:00:00,38,22,16
2018-06-28 15:00:00,115,53,62
2018-06-28 16:00:00,146,60,86
2018-06-28 17:00:00,277,65,212
2018-06-28 18:00:00,144,39,105
2018-06-28 19:00:00,76,21,55
2018-06-28 20:00:00,37,10,27
2018-06-28 21:00:00,46,24,22
2018-06-28 22:00:00,20,9,11
2018-06-28 23:00:00,10,2,8
2018-06-29 00:00:00,2,1,1
2018-06-29 01:00:00,3,1,2
2018-06-29 02:00:00,3,1,2
2018-06-29 03:00:00,4,0,4
2018-06-29 04:00:00,1,1,0
2018-06-29 05:00:00,20,12,8
2018-06-29 06:00:00,55,29,26
2018-06-29 07:00:00,128,80,48
2018-06-29 08:00:00,154,120,34
2018-06-29 09:00:00,101,68,33
2018-06-29 10:00:00,67,36,31
2018-06-29 11:00:00,55,30,25
2018-06-29 12:00:00,71,38,33
2018-06-29 13:00:00,60,27,33
2018-06-29 14:00:00,85,41,44
2018-06-29 15:00:00,101,47,54
2018-06-29 16:00:00,192,83,109
2018-06-29 17:00:00,184,52,132
2018-06-29 18:00:00,94,24,70
2018-06-29 19:00:00,66,16,50
2018-06-29 20:00:00,61,30,31
2018-06-29 21:00:00,69,40,29
2018-06-29 22:00:00,27,13,14
2018-06-29 23:00:00,10,6,4
2018-06-30 00:00:00,10,5,5
2018-06-30 01:00:00,6,1,5
2018-06-30 02:00:00,7,4,3
2018-06-30 03:00:00,1,1,0
2018-06-30 04:00:00,1,0,1
2018-06-30 05:00:00,2,1,1
2018-06-30 06:00:00,21,11,10
2018-06-30 07:00:00,29,16,13
2018-06-30 08:00:00,35,18,17
2018-06-30 09:00:00,56,27,29
2018-06-30 10:00:00,81,44,37
2018-06-30 11:00:00,84,46,38
2018-06-30 12:00:00,105,68,37
2018-06-30 13:00:00,95,54,41
2018-06-30 14:00:00,59,23,36
2018-06-30 15:00:00,66,34,32
2018-06-30 16:00:00,134,33,101
2018-06-30 17:00:00,65,28,37
2018-06-30 18:00:00,47,24,23
2018-06-30 19:00:00,66,23,43
2018-06-30 20:00:00,50,26,24
2018-06-30 21:00:00,23,13,10
2018-06-30 22:00:00,23,2,21
2018-06-30 23:00:00,6,1,5
2018-07-01 00:00:00,18,10,8
2018-07-01 01:00:00,2,1,1
2018-07-01 02:00:00,9,5,4
2018-07-01 03:00:00,1,1,0
2018-07-01 04:00:00,0,0,0
2018-07-01 05:00:00,2,1,1
2018-07-01 06:00:00,9,7,2
2018-07-01 07:00:00,18,8,10
2018-07-01 08:00:00,32,26,6
2018-07-01 09:00:00,38,14,24
2018-07-01 10:00:00,47,26,21
2018-07-01 11:00:00,70,39,31
2018-07-01 12:00:00,82,44,38
2018-07-01 13:00:00,110,43,67
2018-07-01 14:00:00,118,55,63
2018-07-01 15:00:00,144,67,77
2018-07-01 16:00:00,129,62,67
2018-07-01 17:00:00,81,40,41
2018-07-01 18:00:00,100,43,57
2018-07-01 19:00:00,67,32,35
2018-07-01 20:00:00,47,27,20
2018-07-01 21:00:00,16,13,3
2018-07-01 22:00:00,11,5,6
2018-07-01 23:00:00,4,1,3
2018-07-02 00:00:00,0,0,0
2018-07-02 01:00:00,2,2,0
2018-07-02 02:00:00,0,0,0
2018-07-02 03:00:00,1,0,1
2018-07-02 04:00:00,3,1,2
2018-07-02 05:00:00,14,7,7
2018-07-02 06:00:00,69,39,30
2018-07-02 07:00:00,149,95,54
2018-07-02 08:00:00,195,137,58
2018-07-02 09:00:00,145,92,53
2018-07-02 10:00:00,69,48,21
2018-07-02 11:00:00,67,37,30
2018-07-02 12:00:00,78,40,38
2018-07-02 13:00:00,74,32,42
2018-07-02 14:00:00,83,34,49
2018-07-02 15:00:00,124,54,70
2018-07-02 16:00:00,161,60,101
2018-07-02 17:00:00,270,78,192
2018-07-02 18:00:00,188,68,120
2018-07-02 19:00:00,97,34,63
2018-07-02 20:00:00,55,23,32
2018-07-02 21:00:00,36,17,19
2018-07-02 22:00:00,24,5,19
2018-07-02 23:00:00,9,4,5
2018-07-03 00:00:00,4,3,1
2018-07-03 01:00:00,3,1,2
2018-07-03 02:00:00,1,0,1
2018-07-03 03:00:00,0,0,0
2018-07-03 04:00:00,2,2,0
2018-07-03 05:00:00,23,11,12
2018-07-03 06:00:00,89,53,36
2018-07-03 07:00:00,160,112,48
2018-07-03 08:00:00,192,154,38
2018-07-03 09:00:00,114,88,26
2018-07-03 10:00:00,67,41,26
2018-07-03 11:00:00,67,29,38
2018-07-03 12:00:00,58,32,26
2018-07-03 13:00:00,86,41,45
2018-07-03 14:00:00,133,61,72
2018-07-03 15:00:00,188,73,115
2018-07-03 16:00:00,246,78,168
2018-07-03 17:00:00,292,98,194
2018-07-03 18:00:00,193,72,121
2018-07-03 19:00:00,121,59,62
2018-07-03 20:00:00,68,39,29
2018-07-03 21:00:00,41,18,23
2018-07-03 22:00:00,42,17,25
2018-07-03 23:00:00,13,2,11
2018-07-04 00:00:00,9,2,7
2018-07-04 01:00:00,7,0,7
2018-07-04 02:00:00,2,2,0
2018-07-04 03:00:00,0,0,0
2018-07-04 04:00:00,3,0,3
2018-07-04 05:00:00,3,0,3
2018-07-04 06:00:00,9,4,5
2018-07-04 07:00:00,31,21,10
2018-07-04 08:00:00,62,32,30
2018-07-04 09:00:00,109,57,52
2018-07-04 10:00:00,133,87,46
2018-07-04 11:00:00,147,71,76
2018-07-04 12:00:00,191,102,89
2018-07-04 13:00:00,175,85,90
2018-07-04 14:00:00,229,101,128
2018-07-04 15:00:00,167,69,98
2018-07-04 16:00:00,160,63,97
2018-07-04 17:00:00,126,41,85
2018-07-04 18:00:00,106,57,49
2018-07-04 19:00:00,69,29,40
2018-07-04 20:00:00,46,24,22
2018-07-04 21:00:00,45,19,26
2018-07-04 22:00:00,19,10,9
2018-07-04 23:00:00,15,10,5
2018-07-05 00:00:00,3,2,1
2018-07-05 01:00:00,5,2,3
2018-07-05 02:00:00,6,2,4
2018-07-05 03:00:00,0,0,0
2018-07-05 04:00:00,2,2,0
2018-07-05 05:00:00,13,7,6
2018-07-05 06:00:00,60,38,22
2018-07-05 07:00:00,120,85,35
2018-07-05 08:00:00,172,119,53
2018-07-05 09:00:00,104,70,34
2018-07-05 10:00:00,62,39,23
2018-07-05 11:00:00,75,38,37
2018-07-05 12:00:00,80,48,32
2018-07-05 13:00:00,81,39,42
2018-07-05 14:00:00,105,52,53
2018-07-05 15:00:00,141,64,77
2018-07-05 16:00:00,212,66,146
2018-07-05 17:00:00,263,73,190
2018-07-05 18:00:00,197,68,129
2018-07-05 19:00:00,145,63,82
2018-07-05 20:00:00,68,32,36
2018-07-05 21:00:00,48,20,28
2018-07-05 22:00:00,18,3,15
2018-07-05 23:00:00,18,5,13
2018-07-06 00:00:00,5,3,2
2018-07-06 01:00:00,7,1,6
2018-07-06 02:00:00,0,0,0
2018-07-06 03:00:00,0,0,0
2018-07-06 04:00:00,0,0,0
2018-07-06 05:00:00,25,13,12
2018-07-06 06:00:00,75,41,34
2018-07-06 07:00:00,118,80,38
2018-07-06 08:00:00,160,114,46
2018-07-06 09:00:00,104,62,42
2018-07-06 10:00:00,81,42,39
2018-07-06 11:00:00,91,48,43
2018-07-06 12:00:00,95,54,41
2018-07-06 13:00:00,77,47,30
2018-07-06 14:00:00,100,55,45
2018-07-06 15:00:00,137,49,88
2018-07-06 16:00:00,187,59,128
2018-07-06 17:00:00,203,54,149
2018-07-06 18:00:00,137,58,79
2018-07-06 19:00:00,74,35,39
2018-07-06 20:00:00,76,33,43
2018-07-06 21:00:00,29,14,15
2018-07-06 22:00:00,24,8,16
2018-07-06 23:00:00,14,0,14
2018-07-07 00:00:00,3,2,1
2018-07-07 01:00:00,7,3,4
2018-07-07 02:00:00,3,1,2
2018-07-07 03:00:00,0,0,0
2018-07-07 04:00:00,0,0,0
2018-07-07 05:00:00,6,3,3
2018-07-07 06:00:00,10,8,2
2018-07-07 07:00:00,50,26,24
2018-07-07 08:00:00,48,27,21
2018-07-07 09:00:00,69,43,26
2018-07-07 10:00:00,97,63,34
2018-07-07 11:00:00,148,73,75
2018-07-07 12:00:00,171,83,88
2018-07-07 13:00:00,129,70,59
2018-07-07 14:00:00,142,60,82
2018-07-07 15:00:00,187,86,101
2018-07-07 16:00:00,166,79,87
2018-07-07 17:00:00,176,66,110
2018-07-07 18:00:00,150,81,69
2018-07-07 19:00:00,106,52,54
2018-07-07 20:00:00,80,32,48
2018-07-07 21:00:00,80,40,40
2018-07-07 22:00:00,19,3,16
2018-07-07 23:00:00,24,2,22
2018-07-08 00:00:00,7,1,6
2018-07-08 01:00:00,2,1,1
2018-07-08 02:00:00,2,0,2
2018-07-08 03:00:00,5,1,4
2018-07-08 04:00:00,0,0,0
2018-07-08 05:00:00,9,4,5
2018-07-08 06:00:00,18,10,8
2018-07-08 07:00:00,22,12,10
2018-07-08 08:00:00,55,25,30
2018-07-08 09:00:00,75,35,40
2018-07-08 10:00:00,121,65,56
2018-07-08 11:00:00,181,114,67
2018-07-08 12:00:00,214,127,87
2018-07-08 13:00:00,167,88,79
2018-07-08 14:00:00,209,95,114
2018-07-08 15:00:00,200,83,117
2018-07-08 16:00:00,158,60,98
2018-07-08 17:00:00,172,80,92
2018-07-08 18:00:00,130,57,73
2018-07-08 19:00:00,105,55,50
2018-07-08 20:00:00,67,32,35
2018-07-08 21:00:00,38,19,19
2018-07-08 22:00:00,27,8,19
2018-07-08 23:00:00,14,7,7
2018-07-09 00:00:00,11,6,5
2018-07-09 01:00:00,0,0,0
2018-07-09 02:00:00,1,1,0
2018-07-09 03:00:00,1,1,0
2018-07-09 04:00:00,1,1,0
2018-07-09 05:00:00,18,9,9
2018-07-09 06:00:00,80,44,36
2018-07-09 07:00:00,169,122,47
2018-07-09 08:00:00,213,163,50
2018-07-09 09:00:00,117,83,34
2018-07-09 10:00:00,46,29,17
2018-07-09 11:00:00,61,25,36
2018-07-09 12:00:00,78,43,35
2018-07-09 13:00:00,73,39,34
2018-07-09 14:00:00,84,37,47
2018-07-09 15:00:00,128,57,71
2018-07-09 16:00:00,213,73,140
2018-07-09 17:00:00,322,68,254
2018-07-09 18:00:00,195,59,136
2018-07-09 19:00:00,57,23,34
2018-07-09 20:00:00,41,18,23
2018-07-09 21:00:00,27,13,14
2018-07-09 22:00:00,9,2,7
2018-07-09 23:00:00,2,1,1
2018-07-10 00:00:00,5,1,4
2018-07-10 01:00:00,3,1,2
2018-07-10 02:00:00,1,1,0
2018-07-10 03:00:00,0,0,0
2018-07-10 04:00:00,1,0,1
2018-07-10 05:00:00,24,13,11
2018-07-10 06:00:00,80,53,27
2018-07-10 07:00:00,192,142,50
2018-07-10 08:00:00,216,154,62
2018-07-10 09:00:00,101,73,28
2018-07-10 10:00:00,51,26,25
2018-07-10 11:00:00,38,28,10
2018-07-10 12:00:00,40,24,16
2018-07-10 13:00:00,75,32,43
2018-07-10 14:00:00,92,45,47
2018-07-10 15:00:00,128,56,72
2018-07-10 16:00:00,225,85,140
2018-07-10 17:00:00,343,88,255
2018-07-10 18:00:00,235,80,155
2018-07-10 19:00:00,145,69,76
2018-07-10 20:00:00,93,38,55
2018-07-10 21:00:00,60,33,27
2018-07-10 22:00:00,16,10,6
2018-07-10 23:00:00,8,3,5
2018-07-11 00:00:00,8,6,2
2018-07-11 01:00:00,1,1,0
2018-07-11 02:00:00,2,0,2
2018-07-11 03:00:00,1,1,0
2018-07-11 04:00:00,0,0,0
2018-07-11 05:00:00,26,14,12
2018-07-11 06:00:00,91,56,35
2018-07-11 07:00:00,194,128,66
2018-07-11 08:00:00,257,187,70
2018-07-11 09:00:00,105,71,34
2018-07-11 10:00:00,61,33,28
2018-07-11 11:00:00,68,37,31
2018-07-11 12:00:00,63,28,35
2018-07-11 13:00:00,65,29,36
2018-07-11 14:00:00,83,39,44
2018-07-11 15:00:00,114,59,55
2018-07-11 16:00:00,223,80,143
2018-07-11 17:00:00,354,85,269
2018-07-11 18:00:00,245,67,178
2018-07-11 19:00:00,110,42,68
2018-07-11 20:00:00,87,32,55
2018-07-11 21:00:00,50,31,19
2018-07-11 22:00:00,25,11,14
2018-07-11 23:00:00,21,2,19
2018-07-12 00:00:00,6,3,3
2018-07-12 01:00:00,10,8,2
2018-07-12 02:00:00,7,2,5
2018-07-12 03:00:00,4,2,2
2018-07-12 04:00:00,0,0,0
2018-07-12 05:00:00,21,12,9
2018-07-12 06:00:00,88,48,40
2018-07-12 07:00:00,182,134,48
2018-07-12 08:00:00,223,169,54
2018-07-12 09:00:00,112,79,33
2018-07-12 10:00:00,55,38,17
2018-07-12 11:00:00,54,30,24
2018-07-12 12:00:00,72,35,37
2018-07-12 13:00:00,75,38,37
2018-07-12 14:00:00,68,39,29
2018-07-12 15:00:00,113,58,55
2018-07-12 16:00:00,211,71,140
2018-07-12 17:00:00,313,83,230
2018-07-12 18:00:00,228,72,156
2018-07-12 19:00:00,134,61,73
2018-07-12 20:00:00,96,42,54
2018-07-12 21:00:00,67,31,36
2018-07-12 22:00:00,28,11,17
2018-07-12 23:00:00,15,7,8
2018-07-13 00:00:00,5,1,4
2018-07-13 01:00:00,5,1,4
2018-07-13 02:00:00,2,1,1
2018-07-13 03:00:00,2,1,1
2018-07-13 04:00:00,1,1,0
2018-07-13 05:00:00,27,14,13
2018-07-13 06:00:00,81,50,31
2018-07-13 07:00:00,161,110,51
2018-07-13 08:00:00,188,138,50
2018-07-13 09:00:00,93,68,25
2018-07-13 10:00:00,52,23,29
2018-07-13 11:00:00,74,44,30
2018-07-13 12:00:00,101,43,58
2018-07-13 13:00:00,85,39,46
2018-07-13 14:00:00,93,39,54
2018-07-13 15:00:00,129,52,77
2018-07-13 16:00:00,238,88,150
2018-07-13 17:00:00,238,76,162
2018-07-13 18:00:00,139,38,101
2018-07-13 19:00:00,70,25,45
2018-07-13 20:00:00,102,48,54
2018-07-13 21:00:00,54,21,33
2018-07-13 22:00:00,44,17,27
2018-07-13 23:00:00,14,5,9
2018-07-14 00:00:00,6,2,4
2018-07-14 01:00:00,1,1,0
2018-07-14 02:00:00,4,0,4
2018-07-14 03:00:00,2,1,1
2018-07-14 04:00:00,1,1,0
2018-07-14 05:00:00,7,7,0
2018-07-14 06:00:00,18,9,9
2018-07-14 07:00:00,35,22,13
2018-07-14 08:00:00,59,36,23
2018-07-14 09:00:00,72,36,36
2018-07-14 10:00:00,125,71,54
2018-07-14 11:00:00,111,60,51
2018-07-14 12:00:00,151,71,80
2018-07-14 13:00:00,159,72,87
2018-07-14 14:00:00,176,76,100
2018-07-14 15:00:00,144,58,86
2018-07-14 16:00:00,147,63,84
2018-07-14 17:00:00,115,58,57
2018-07-14 18:00:00,97,45,52
2018-07-14 19:00:00,87,42,45
2018-07-14 20:00:00,83,38,45
2018-07-14 21:00:00,64,38,26
2018-07-14 22:00:00,48,32,16
2018-07-14 23:00:00,24,6,18
2018-07-15 00:00:00,20,13,7
2018-07-15 01:00:00,11,6,5
2018-07-15 02:00:00,1,0,1
2018-07-15 03:00:00,1,1,0
2018-07-15 04:00:00,0,0,0
2018-07-15 05:00:00,4,3,1
2018-07-15 06:00:00,17,8,9
2018-07-15 07:00:00,40,22,18
2018-07-15 08:00:00,47,21,26
2018-07-15 09:00:00,71,24,47
2018-07-15 10:00:00,113,54,59
2018-07-15 11:00:00,154,74,80
2018-07-15 12:00:00,136,67,69
2018-07-15 13:00:00,134,61,73
2018-07-15 14:00:00,136,57,79
2018-07-15 15:00:00,123,49,74
2018-07-15 16:00:00,117,53,64
2018-07-15 17:00:00,121,62,59
2018-07-15 18:00:00,95,52,43
2018-07-15 19:00:00,90,41,49
2018-07-15 20:00:00,79,42,37
2018-07-15 21:00:00,59,29,30
2018-07-15 22:00:00,38,19,19
2018-07-15 23:00:00,10,5,5
2018-07-16 00:00:00,7,5,2
2018-07-16 01:00:00,4,1,3
2018-07-16 02:00:00,5,3,2
2018-07-16 03:00:00,3,3,0
2018-07-16 04:00:00,0,0,0
2018-07-16 05:00:00,19,12,7
2018-07-16 06:00:00,83,52,31
2018-07-16 07:00:00,181,126,55
2018-07-16 08:00:00,230,157,73
2018-07-16 09:00:00,156,99,57
2018-07-16 10:00:00,85,56,29
2018-07-16 11:00:00,86,59,27
2018-07-16 12:00:00,52,26,26
2018-07-16 13:00:00,47,25,22
2018-07-16 14:00:00,67,36,31
2018-07-16 15:00:00,102,43,59
2018-07-16 16:00:00,224,78,146
2018-07-16 17:00:00,313,90,223
2018-07-16 18:00:00,193,44,149
2018-07-16 19:00:00,108,39,69
2018-07-16 20:00:00,72,33,39
2018-07-16 21:00:00,50,28,22
2018-07-16 22:00:00,11,2,9
2018-07-16 23:00:00,14,3,11
2018-07-17 00:00:00,12,7,5
2018-07-17 01:00:00,2,1,1
2018-07-17 02:00:00,1,1,0
2018-07-17 03:00:00,1,1,0
2018-07-17 04:00:00,2,1,1
2018-07-17 05:00:00,24,14,10
2018-07-17 06:00:00,104,61,43
2018-07-17 07:00:00,207,155,52
2018-07-17 08:00:00,238,179,59
2018-07-17 09:00:00,133,91,42
2018-07-17 10:00:00,79,45,34
2018-07-17 11:00:00,69,37,32
2018-07-17 12:00:00,59,30,29
2018-07-17 13:00:00,62,30,32
2018-07-17 14:00:00,75,37,38
2018-07-17 15:00:00,115,57,58
2018-07-17 16:00:00,218,70,148
2018-07-17 17:00:00,339,93,246
2018-07-17 18:00:00,215,63,152
2018-07-17 19:00:00,98,34,64
2018-07-17 20:00:00,87,40,47
2018-07-17 21:00:00,51,24,27
2018-07-17 22:00:00,26,10,16
2018-07-17 23:00:00,5,3,2
2018-07-18 00:00:00,4,2,2
2018-07-18 01:00:00,3,2,1
2018-07-18 02:00:00,2,1,1
2018-07-18 03:00:00,1,0,1
2018-07-18 04:00:00,3,2,1
2018-07-18 05:00:00,31,16,15
2018-07-18 06:00:00,102,53,49
2018-07-18 07:00:00,192,135,57
2018-07-18 08:00:00,252,197,55
2018-07-18 09:00:00,121,81,40
2018-07-18 10:00:00,48,30,18
2018-07-18 11:00:00,74,49,25
2018-07-18 12:00:00,44,24,20
2018-07-18 13:00:00,77,37,40
2018-07-18 14:00:00,74,32,42
2018-07-18 15:00:00,109,47,62
2018-07-18 16:00:00,193,72,121
2018-07-18 17:00:00,380,93,287
2018-07-18 18:00:00,198,64,134
2018-07-18 19:00:00,148,59,89
2018-07-18 20:00:00,111,53,58
2018-07-18 21:00:00,42,21,21
2018-07-18 22:00:00,8,2,6
2018-07-18 23:00:00,8,1,7
2018-07-19 00:00:00,2,1,1
2018-07-19 01:00:00,2,1,1
2018-07-19 02:00:00,2,0,2
2018-07-19 03:00:00,0,0,0
2018-07-19 04:00:00,0,0,0
2018-07-19 05:00:00,25,13,12
2018-07-19 06:00:00,79,37,42
2018-07-19 07:00:00,165,114,51
2018-07-19 08:00:00,204,159,45
2018-07-19 09:00:00,112,77,35
2018-07-19 10:00:00,50,35,15
2018-07-19 11:00:00,79,41,38
2018-07-19 12:00:00,46,20,26
2018-07-19 13:00:00,45,30,15
2018-07-19 14:00:00,71,37,34
2018-07-19 15:00:00,90,42,48
2018-07-19 16:00:00,168,52,116
2018-07-19 17:00:00,321,82,239
2018-07-19 18:00:00,184,56,128
2018-07-19 19:00:00,109,44,65
2018-07-19 20:00:00,64,26,38
2018-07-19 21:00:00,45,22,23
2018-07-19 22:00:00,11,2,9
2018-07-19 23:00:00,10,1,9
2018-07-20 00:00:00,1,1,0
2018-07-20 01:00:00,7,4,3
2018-07-20 02:00:00,1,0,1
2018-07-20 03:00:00,0,0,0
2018-07-20 04:00:00,2,2,0
2018-07-20 05:00:00,23,10,13
2018-07-20 06:00:00,62,36,26
2018-07-20 07:00:00,129,93,36
2018-07-20 08:00:00,160,120,40
2018-07-20 09:00:00,98,65,33
2018-07-20 10:00:00,58,37,21
2018-07-20 11:00:00,71,36,35
2018-07-20 12:00:00,94,52,42
2018-07-20 13:00:00,72,30,42
2018-07-20 14:00:00,110,41,69
2018-07-20 15:00:00,156,76,80
2018-07-20 16:00:00,211,66,145
2018-07-20 17:00:00,261,83,178
2018-07-20 18:00:00,191,69,122
2018-07-20 19:00:00,113,55,58
2018-07-20 20:00:00,63,31,32
2018-07-20 21:00:00,26,12,14
2018-07-20 22:00:00,41,13,28
2018-07-20 23:00:00,17,2,15
2018-07-21 00:00:00,11,2,9
2018-07-21 01:00:00,8,5,3
2018-07-21 02:00:00,0,0,0
2018-07-21 03:00:00,2,1,1
2018-07-21 04:00:00,1,0,1
2018-07-21 05:00:00,3,2,1
2018-07-21 06:00:00,18,9,9
2018-07-21 07:00:00,25,17,8
2018-07-21 08:00:00,51,31,20
2018-07-21 09:00:00,80,45,35
2018-07-21 10:00:00,132,74,58
2018-07-21 11:00:00,123,78,45
2018-07-21 12:00:00,200,121,79
2018-07-21 13:00:00,166,81,85
2018-07-21 14:00:00,195,69,126
2018-07-21 15:00:00,217,83,134
2018-07-21 16:00:00,187,95,92
2018-07-21 17:00:00,143,73,70
2018-07-21 18:00:00,89,48,41
2018-07-21 19:00:00,123,51,72
2018-07-21 20:00:00,66,36,30
2018-07-21 21:00:00,36,14,22
2018-07-21 22:00:00,47,17,30
2018-07-21 23:00:00,15,4,11
2018-07-22 00:00:00,13,0,13
2018-07-22 01:00:00,5,2,3
2018-07-22 02:00:00,8,1,7
2018-07-22 03:00:00,1,1,0
2018-07-22 04:00:00,0,0,0
2018-07-22 05:00:00,1,0,1
2018-07-22 06:00:00,12,6,6
2018-07-22 07:00:00,30,16,14
2018-07-22 08:00:00,42,18,24
2018-07-22 09:00:00,71,33,38
2018-07-22 10:00:00,128,75,53
2018-07-22 11:00:00,148,74,74
2018-07-22 12:00:00,162,86,76
2018-07-22 13:00:00,148,86,62
2018-07-22 14:00:00,144,75,69
2018-07-22 15:00:00,148,63,85
2018-07-22 16:00:00,151,63,88
2018-07-22 17:00:00,109,48,61
2018-07-22 18:00:00,78,37,41
2018-07-22 19:00:00,85,38,47
2018-07-22 20:00:00,67,31,36
2018-07-22 21:00:00,46,13,33
2018-07-22 22:00:00,21,13,8
2018-07-22 23:00:00,9,3,6
2018-07-23 00:00:00,3,3,0
2018-07-23 01:00:00,3,3,0
2018-07-23 02:00:00,0,0,0
2018-07-23 03:00:00,0,0,0
2018-07-23 04:00:00,1,1,0
2018-07-23 05:00:00,21,10,11
2018-07-23 06:00:00,81,48,33
2018-07-23 07:00:00,202,143,59
2018-07-23 08:00:00,228,169,59
2018-07-23 09:00:00,135,91,44
2018-07-23 10:00:00,86,57,29
2018-07-23 11:00:00,83,42,41
2018-07-23 12:00:00,91,47,44
2018-07-23 13:00:00,108,57,51
2018-07-23 14:00:00,84,48,36
2018-07-23 15:00:00,124,60,64
2018-07-23 16:00:00,181,60,121
2018-07-23 17:00:00,355,97,258
2018-07-23 18:00:00,197,43,154
2018-07-23 19:00:00,114,28,86
2018-07-23 20:00:00,89,39,50
2018-07-23 21:00:00,51,28,23
2018-07-23 22:00:00,27,10,17
2018-07-23 23:00:00,9,3,6
2018-07-24 00:00:00,6,1,5
2018-07-24 01:00:00,3,1,2
2018-07-24 02:00:00,1,1,0
2018-07-24 03:00:00,1,1,0
2018-07-24 04:00:00,1,0,1
2018-07-24 05:00:00,31,14,17
2018-07-24 06:00:00,90,61,29
2018-07-24 07:00:00,212,150,62
2018-07-24 08:00:00,268,195,73
2018-07-24 09:00:00,143,105,38
2018-07-24 10:00:00,67,42,25
2018-07-24 11:00:00,60,30,30
2018-07-24 12:00:00,75,39,36
2018-07-24 13:00:00,67,30,37
2018-07-24 14:00:00,92,42,50
2018-07-24 15:00:00,144,64,80
2018-07-24 16:00:00,246,97,149
2018-07-24 17:00:00,361,120,241
2018-07-24 18:00:00,226,72,154
2018-07-24 19:00:00,150,64,86
2018-07-24 20:00:00,75,31,44
2018-07-24 21:00:00,67,27,40
2018-07-24 22:00:00,46,11,35
2018-07-24 23:00:00,8,1,7
2018-07-25 00:00:00,5,1,4
2018-07-25 01:00:00,4,1,3
2018-07-25 02:00:00,3,1,2
2018-07-25 03:00:00,5,1,4
2018-07-25 04:00:00,5,4,1
2018-07-25 05:00:00,30,17,13
2018-07-25 06:00:00,111,55,56
2018-07-25 07:00:00,208,140,68
2018-07-25 08:00:00,232,184,48
2018-07-25 09:00:00,139,92,47
2018-07-25 10:00:00,68,38,30
2018-07-25 11:00:00,63,34,29
2018-07-25 12:00:00,92,57,35
2018-07-25 13:00:00,77,45,32
2018-07-25 14:00:00,79,35,44
2018-07-25 15:00:00,116,55,61
2018-07-25 16:00:00,230,66,164
2018-07-25 17:00:00,343,74,269
2018-07-25 18:00:00,196,55,141
2018-07-25 19:00:00,146,62,84
2018-07-25 20:00:00,108,40,68
2018-07-25 21:00:00,36,13,23
2018-07-25 22:00:00,22,10,12
2018-07-25 23:00:00,12,8,4
2018-07-26 00:00:00,7,2,5
2018-07-26 01:00:00,4,1,3
2018-07-26 02:00:00,7,4,3
2018-07-26 03:00:00,2,1,1
2018-07-26 04:00:00,3,0,3
2018-07-26 05:00:00,25,12,13
2018-07-26 06:00:00,96,51,45
2018-07-26 07:00:00,182,130,52
2018-07-26 08:00:00,255,198,57
2018-07-26 09:00:00,120,74,46
2018-07-26 10:00:00,81,44,37
2018-07-26 11:00:00,71,29,42
2018-07-26 12:00:00,73,38,35
2018-07-26 13:00:00,65,33,32
2018-07-26 14:00:00,95,41,54
2018-07-26 15:00:00,107,43,64
2018-07-26 16:00:00,217,68,149
2018-07-26 17:00:00,338,98,240
2018-07-26 18:00:00,201,59,142
2018-07-26 19:00:00,122,48,74
2018-07-26 20:00:00,89,40,49
2018-07-26 21:00:00,55,34,21
2018-07-26 22:00:00,10,4,6
2018-07-26 23:00:00,9,3,6
2018-07-27 00:00:00,4,2,2
2018-07-27 01:00:00,9,6,3
2018-07-27 02:00:00,3,1,2
2018-07-27 03:00:00,4,2,2
2018-07-27 04:00:00,4,2,2
2018-07-27 05:00:00,24,11,13
2018-07-27 06:00:00,81,47,34
2018-07-27 07:00:00,141,92,49
2018-07-27 08:00:00,191,155,36
2018-07-27 09:00:00,123,86,37
2018-07-27 10:00:00,88,50,38
2018-07-27 11:00:00,66,31,35
2018-07-27 12:00:00,97,51,46
2018-07-27 13:00:00,131,68,63
2018-07-27 14:00:00,77,35,42
2018-07-27 15:00:00,151,72,79
2018-07-27 16:00:00,201,70,131
2018-07-27 17:00:00,211,59,152
2018-07-27 18:00:00,159,54,105
2018-07-27 19:00:00,89,37,52
2018-07-27 20:00:00,90,39,51
2018-07-27 21:00:00,66,39,27
2018-07-27 22:00:00,30,15,15
2018-07-27 23:00:00,15,9,6
2018-07-28 00:00:00,4,3,1
2018-07-28 01:00:00,3,1,2
2018-07-28 02:00:00,0,0,0
2018-07-28 03:00:00,1,0,1
2018-07-28 04:00:00,1,0,1
2018-07-28 05:00:00,6,3,3
2018-07-28 06:00:00,15,10,5
2018-07-28 07:00:00,37,23,14
2018-07-28 08:00:00,54,31,23
2018-07-28 09:00:00,102,62,40
2018-07-28 10:00:00,122,70,52
2018-07-28 11:00:00,150,88,62
2018-07-28 12:00:00,116,63,53
2018-07-28 13:00:00,147,62,85
2018-07-28 14:00:00,120,51,69
2018-07-28 15:00:00,188,84,104
2018-07-28 16:00:00,196,100,96
2018-07-28 17:00:00,117,63,54
2018-07-28 18:00:00,144,75,69
2018-07-28 19:00:00,90,37,53
2018-07-28 20:00:00,92,44,48
2018-07-28 21:00:00,45,19,26
2018-07-28 22:00:00,23,11,12
2018-07-28 23:00:00,16,3,13
2018-07-29 00:00:00,22,3,19
2018-07-29 01:00:00,8,3,5
2018-07-29 02:00:00,3,2,1
2018-07-29 03:00:00,0,0,0
2018-07-29 04:00:00,1,0,1
2018-07-29 05:00:00,4,1,3
2018-07-29 06:00:00,11,3,8
2018-07-29 07:00:00,33,16,17
2018-07-29 08:00:00,38,20,18
2018-07-29 09:00:00,98,38,60
2018-07-29 10:00:00,122,64,58
2018-07-29 11:00:00,157,87,70
2018-07-29 12:00:00,162,97,65
2018-07-29 13:00:00,138,93,45
2018-07-29 14:00:00,123,49,74
2018-07-29 15:00:00,133,65,68
2018-07-29 16:00:00,185,57,128
2018-07-29 17:00:00,84,29,55
2018-07-29 18:00:00,86,34,52
2018-07-29 19:00:00,97,56,41
2018-07-29 20:00:00,79,35,44
2018-07-29 21:00:00,35,17,18
2018-07-29 22:00:00,14,6,8
2018-07-29 23:00:00,12,4,8
2018-07-30 00:00:00,4,2,2
2018-07-30 01:00:00,5,0,5
2018-07-30 02:00:00,2,1,1
2018-07-30 03:00:00,2,2,0
2018-07-30 04:00:00,3,1,2
2018-07-30 05:00:00,24,12,12
2018-07-30 06:00:00,73,38,35
2018-07-30 07:00:00,198,141,57
2018-07-30 08:00:00,267,208,59
2018-07-30 09:00:00,139,86,53
2018-07-30 10:00:00,61,39,22
2018-07-30 11:00:00,73,37,36
2018-07-30 12:00:00,93,42,51
2018-07-30 13:00:00,84,43,41
2018-07-30 14:00:00,66,37,29
2018-07-30 15:00:00,125,44,81
2018-07-30 16:00:00,200,71,129
2018-07-30 17:00:00,348,90,258
2018-07-30 18:00:00,203,66,137
2018-07-30 19:00:00,141,61,80
2018-07-30 20:00:00,96,45,51
2018-07-30 21:00:00,37,21,16
2018-07-30 22:00:00,33,6,27
2018-07-30 23:00:00,10,2,8
2018-07-31 00:00:00,11,6,5
2018-07-31 01:00:00,2,2,0
2018-07-31 02:00:00,2,1,1
2018-07-31 03:00:00,1,1,0
2018-07-31 04:00:00,2,2,0
2018-07-31 05:00:00,28,13,15
2018-07-31 06:00:00,90,50,40
2018-07-31 07:00:00,205,142,63
2018-07-31 08:00:00,251,198,53
2018-07-31 09:00:00,130,91,39
2018-07-31 10:00:00,48,32,16
2018-07-31 11:00:00,58,27,31
2018-07-31 12:00:00,70,43,27
2018-07-31 13:00:00,101,44,57
2018-07-31 14:00:00,102,34,68
2018-07-31 15:00:00,126,68,58
2018-07-31 16:00:00,221,69,152
2018-07-31 17:00:00,378,113,265
2018-07-31 18:00:00,209,66,143
2018-07-31 19:00:00,113,44,69
2018-07-31 20:00:00,90,42,48
2018-07-31 21:00:00,56,28,28
2018-07-31 22:00:00,38,14,24
2018-07-31 23:00:00,12,5,7
2018-08-01 00:00:00,5,1,4
2018-08-01 01:00:00,3,1,2
2018-08-01 02:00:00,1,0,1
2018-08-01 03:00:00,4,3,1
2018-08-01 04:00:00,4,2,2
2018-08-01 05:00:00,28,18,10
2018-08-01 06:00:00,90,48,42
2018-08-01 07:00:00,193,134,59
2018-08-01 08:00:00,260,201,59
2018-08-01 09:00:00,114,89,25
2018-08-01 10:00:00,43,27,16
2018-08-01 11:00:00,55,28,27
2018-08-01 12:00:00,65,40,25
2018-08-01 13:00:00,84,47,37
2018-08-01 14:00:00,73,36,37
2018-08-01 15:00:00,116,52,64
2018-08-01 16:00:00,241,77,164
2018-08-01 17:00:00,350,95,255
2018-08-01 18:00:00,244,82,162
2018-08-01 19:00:00,137,50,87
2018-08-01 20:00:00,84,44,40
2018-08-01 21:00:00,54,33,21
2018-08-01 22:00:00,16,2,14
2018-08-01 23:00:00,9,1,8
2018-08-02 00:00:00,6,3,3
2018-08-02 01:00:00,3,2,1
2018-08-02 02:00:00,0,0,0
2018-08-02 03:00:00,0,0,0
2018-08-02 04:00:00,2,2,0
2018-08-02 05:00:00,19,11,8
2018-08-02 06:00:00,80,41,39
2018-08-02 07:00:00,170,120,50
2018-08-02 08:00:00,200,161,39
2018-08-02 09:00:00,107,82,25
2018-08-02 10:00:00,55,29,26
2018-08-02 11:00:00,55,32,23
2018-08-02 12:00:00,42,17,25
2018-08-02 13:00:00,46,24,22
2018-08-02 14:00:00,68,26,42
2018-08-02 15:00:00,95,52,43
2018-08-02 16:00:00,196,66,130
2018-08-02 17:00:00,266,85,181
2018-08-02 18:00:00,177,58,119
2018-08-02 19:00:00,86,31,55
2018-08-02 20:00:00,50,16,34
2018-08-02 21:00:00,33,11,22
2018-08-02 22:00:00,17,3,14
2018-08-02 23:00:00,6,2,4
2018-08-03 00:00:00,4,1,3
2018-08-03 01:00:00,1,1,0
2018-08-03 02:00:00,1,0,1
2018-08-03 03:00:00,2,1,1
2018-08-03 04:00:00,6,4,2
2018-08-03 05:00:00,19,8,11
2018-08-03 06:00:00,50,27,23
2018-08-03 07:00:00,102,64,38
2018-08-03 08:00:00,147,103,44
2018-08-03 09:00:00,87,55,32
2018-08-03 10:00:00,77,41,36
2018-08-03 11:00:00,47,23,24
2018-08-03 12:00:00,82,40,42
2018-08-03 13:00:00,72,29,43
2018-08-03 14:00:00,104,53,51
2018-08-03 15:00:00,146,60,86
2018-08-03 16:00:00,212,89,123
2018-08-03 17:00:00,206,81,125
2018-08-03 18:00:00,140,51,89
2018-08-03 19:00:00,79,43,36
2018-08-03 20:00:00,68,32,36
2018-08-03 21:00:00,27,6,21
2018-08-03 22:00:00,29,7,22
2018-08-03 23:00:00,12,3,9
2018-08-04 00:00:00,11,9,2
2018-08-04 01:00:00,3,0,3
2018-08-04 02:00:00,2,0,2
2018-08-04 03:00:00,1,0,1
2018-08-04 04:00:00,1,1,0
2018-08-04 05:00:00,8,6,2
2018-08-04 06:00:00,15,9,6
2018-08-04 07:00:00,24,17,7
2018-08-04 08:00:00,50,23,27
2018-08-04 09:00:00,78,51,27
2018-08-04 10:00:00,145,88,57
2018-08-04 11:00:00,138,63,75
2018-08-04 12:00:00,230,122,108
2018-08-04 13:00:00,217,144,73
2018-08-04 14:00:00,166,74,92
2018-08-04 15:00:00,177,100,77
2018-08-04 16:00:00,174,101,73
2018-08-04 17:00:00,156,79,77
2018-08-04 18:00:00,128,64,64
2018-08-04 19:00:00,87,43,44
2018-08-04 20:00:00,83,38,45
2018-08-04 21:00:00,47,21,26
2018-08-04 22:00:00,25,6,19
2018-08-04 23:00:00,25,6,19
2018-08-05 00:00:00,19,4,15
2018-08-05 01:00:00,11,2,9
2018-08-05 02:00:00,8,2,6
2018-08-05 03:00:00,3,1,2
2018-08-05 04:00:00,2,2,0
2018-08-05 05:00:00,4,2,2
2018-08-05 06:00:00,13,10,3
2018-08-05 07:00:00,23,6,17
2018-08-05 08:00:00,61,21,40
2018-08-05 09:00:00,96,50,46
2018-08-05 10:00:00,114,64,50
2018-08-05 11:00:00,144,67,77
2018-08-05 12:00:00,133,78,55
2018-08-05 13:00:00,188,102,86
2018-08-05 14:00:00,129,74,55
2018-08-05 15:00:00,142,75,67
2018-08-05 16:00:00,142,48,94
2018-08-05 17:00:00,121,61,60
2018-08-05 18:00:00,108,43,65
2018-08-05 19:00:00,101,36,65
2018-08-05 20:00:00,70,42,28
2018-08-05 21:00:00,30,16,14
2018-08-05 22:00:00,13,3,10
2018-08-05 23:00:00,6,2,4
2018-08-06 00:00:00,4,2,2
2018-08-06 01:00:00,4,2,2
2018-08-06 02:00:00,1,1,0
2018-08-06 03:00:00,2,2,0
2018-08-06 04:00:00,3,2,1
2018-08-06 05:00:00,18,11,7
2018-08-06 06:00:00,74,40,34
2018-08-06 07:00:00,193,131,62
2018-08-06 08:00:00,275,196,79
2018-08-06 09:00:00,139,94,45
2018-08-06 10:00:00,60,36,24
2018-08-06 11:00:00,96,46,50
2018-08-06 12:00:00,91,51,40
2018-08-06 13:00:00,68,31,37
2018-08-06 14:00:00,68,39,29
2018-08-06 15:00:00,121,49,72
2018-08-06 16:00:00,200,76,124
2018-08-06 17:00:00,359,110,249
2018-08-06 18:00:00,166,42,124
2018-08-06 19:00:00,141,63,78
2018-08-06 20:00:00,67,36,31
2018-08-06 21:00:00,36,25,11
2018-08-06 22:00:00,16,7,9
2018-08-06 23:00:00,4,1,3
2018-08-07 00:00:00,2,1,1
2018-08-07 01:00:00,4,3,1
2018-08-07 02:00:00,2,0,2
2018-08-07 03:00:00,2,1,1
2018-08-07 04:00:00,4,4,0
2018-08-07 05:00:00,31,18,13
2018-08-07 06:00:00,92,53,39
2018-08-07 07:00:00,212,144,68
2018-08-07 08:00:00,251,186,65
2018-08-07 09:00:00,112,76,36
2018-08-07 10:00:00,77,45,32
2018-08-07 11:00:00,66,35,31
2018-08-07 12:00:00,114,60,54
2018-08-07 13:00:00,91,52,39
2018-08-07 14:00:00,61,27,34
2018-08-07 15:00:00,118,47,71
2018-08-07 16:00:00,215,85,130
2018-08-07 17:00:00,333,102,231
2018-08-07 18:00:00,190,43,147
2018-08-07 19:00:00,101,33,68
2018-08-07 20:00:00,84,43,41
2018-08-07 21:00:00,44,22,22
2018-08-07 22:00:00,22,7,15
2018-08-07 23:00:00,15,8,7
2018-08-08 00:00:00,2,2,0
2018-08-08 01:00:00,3,1,2
2018-08-08 02:00:00,3,0,3
2018-08-08 03:00:00,2,2,0
2018-08-08 04:00:00,2,2,0
2018-08-08 05:00:00,28,16,12
2018-08-08 06:00:00,85,44,41
2018-08-08 07:00:00,170,126,44
2018-08-08 08:00:00,256,184,72
2018-08-08 09:00:00,128,97,31
2018-08-08 10:00:00,85,50,35
2018-08-08 11:00:00,75,47,28
2018-08-08 12:00:00,94,47,47
2018-08-08 13:00:00,84,43,41
2018-08-08 14:00:00,82,41,41
2018-08-08 15:00:00,108,70,38
2018-08-08 16:00:00,190,74,116
2018-08-08 17:00:00,301,77,224
2018-08-08 18:00:00,191,56,135
2018-08-08 19:00:00,125,50,75
2018-08-08 20:00:00,99,42,57
2018-08-08 21:00:00,31,14,17
2018-08-08 22:00:00,23,2,21
2018-08-08 23:00:00,20,8,12
2018-08-09 00:00:00,23,2,21
2018-08-09 01:00:00,10,2,8
2018-08-09 02:00:00,2,1,1
2018-08-09 03:00:00,0,0,0
2018-08-09 04:00:00,4,2,2
2018-08-09 05:00:00,25,13,12
2018-08-09 06:00:00,84,49,35
2018-08-09 07:00:00,179,124,55
2018-08-09 08:00:00,237,179,58
2018-08-09 09:00:00,110,81,29
2018-08-09 10:00:00,85,39,46
2018-08-09 11:00:00,75,44,31
2018-08-09 12:00:00,67,41,26
2018-08-09 13:00:00,54,16,38
2018-08-09 14:00:00,71,36,35
2018-08-09 15:00:00,122,50,72
2018-08-09 16:00:00,209,84,125
2018-08-09 17:00:00,321,85,236
2018-08-09 18:00:00,168,56,112
2018-08-09 19:00:00,105,37,68
2018-08-09 20:00:00,70,30,40
2018-08-09 21:00:00,45,13,32
2018-08-09 22:00:00,19,4,15
2018-08-09 23:00:00,16,5,11
2018-08-10 00:00:00,8,2,6
2018-08-10 01:00:00,13,5,8
2018-08-10 02:00:00,3,1,2
2018-08-10 03:00:00,2,1,1
2018-08-10 04:00:00,3,1,2
2018-08-10 05:00:00,30,15,15
2018-08-10 06:00:00,66,35,31
2018-08-10 07:00:00,136,86,50
2018-08-10 08:00:00,209,165,44
2018-08-10 09:00:00,87,57,30
2018-08-10 10:00:00,82,47,35
2018-08-10 11:00:00,87,38,49
2018-08-10 12:00:00,68,34,34
2018-08-10 13:00:00,73,27,46
2018-08-10 14:00:00,102,45,57
2018-08-10 15:00:00,111,55,56
2018-08-10 16:00:00,201,76,125
2018-08-10 17:00:00,239,70,169
2018-08-10 18:00:00,168,67,101
2018-08-10 19:00:00,91,40,51
2018-08-10 20:00:00,62,31,31
2018-08-10 21:00:00,23,14,9
2018-08-10 22:00:00,20,6,14
2018-08-10 23:00:00,25,6,19
2018-08-11 00:00:00,33,2,31
2018-08-11 01:00:00,15,3,12
2018-08-11 02:00:00,7,0,7
2018-08-11 03:00:00,1,1,0
2018-08-11 04:00:00,0,0,0
2018-08-11 05:00:00,6,4,2
2018-08-11 06:00:00,9,3,6
2018-08-11 07:00:00,24,15,9
2018-08-11 08:00:00,31,14,17
2018-08-11 09:00:00,58,28,30
2018-08-11 10:00:00,69,45,24
2018-08-11 11:00:00,89,43,46
2018-08-11 12:00:00,65,42,23
2018-08-11 13:00:00,96,54,42
2018-08-11 14:00:00,80,42,38
2018-08-11 15:00:00,102,56,46
2018-08-11 16:00:00,116,62,54
2018-08-11 17:00:00,95,65,30
2018-08-11 18:00:00,78,38,40
2018-08-11 19:00:00,71,33,38
2018-08-11 20:00:00,71,32,39
2018-08-11 21:00:00,48,13,35
2018-08-11 22:00:00,42,2,40
2018-08-11 23:00:00,33,2,31
2018-08-12 00:00:00,16,5,11
2018-08-12 01:00:00,8,2,6
2018-08-12 02:00:00,1,0,1
2018-08-12 03:00:00,3,2,1
2018-08-12 04:00:00,2,0,2
2018-08-12 05:00:00,0,0,0
2018-08-12 06:00:00,5,1,4
2018-08-12 07:00:00,22,13,9
2018-08-12 08:00:00,43,28,15
2018-08-12 09:00:00,69,36,33
2018-08-12 10:00:00,97,44,53
2018-08-12 11:00:00,106,58,48
2018-08-12 12:00:00,147,61,86
2018-08-12 13:00:00,130,47,83
2018-08-12 14:00:00,142,70,72
2018-08-12 15:00:00,151,78,73
2018-08-12 16:00:00,146,71,75
2018-08-12 17:00:00,177,97,80
2018-08-12 18:00:00,136,79,57
2018-08-12 19:00:00,82,42,40
2018-08-12 20:00:00,52,32,20
2018-08-12 21:00:00,48,5,43
2018-08-12 22:00:00,13,4,9
2018-08-12 23:00:00,8,2,6
2018-08-13 00:00:00,4,0,4
2018-08-13 01:00:00,0,0,0
2018-08-13 02:00:00,4,1,3
2018-08-13 03:00:00,2,2,0
2018-08-13 04:00:00,4,4,0
2018-08-13 05:00:00,21,11,10
2018-08-13 06:00:00,67,32,35
2018-08-13 07:00:00,167,122,45
2018-08-13 08:00:00,230,174,56
2018-08-13 09:00:00,131,89,42
2018-08-13 10:00:00,69,35,34
2018-08-13 11:00:00,79,40,39
2018-08-13 12:00:00,85,41,44
2018-08-13 13:00:00,83,52,31
2018-08-13 14:00:00,93,34,59
2018-08-13 15:00:00,115,55,60
2018-08-13 16:00:00,198,75,123
2018-08-13 17:00:00,333,95,238
2018-08-13 18:00:00,182,50,132
2018-08-13 19:00:00,112,37,75
2018-08-13 20:00:00,71,39,32
2018-08-13 21:00:00,34,16,18
2018-08-13 22:00:00,17,10,7
2018-08-13 23:00:00,25,9,16
2018-08-14 00:00:00,4,1,3
2018-08-14 01:00:00,3,1,2
2018-08-14 02:00:00,3,2,1
2018-08-14 03:00:00,1,1,0
2018-08-14 04:00:00,3,2,1
2018-08-14 05:00:00,31,13,18
2018-08-14 06:00:00,77,37,40
2018-08-14 07:00:00,175,124,51
2018-08-14 08:00:00,219,171,48
2018-08-14 09:00:00,118,77,41
2018-08-14 10:00:00,63,26,37
2018-08-14 11:00:00,54,29,25
2018-08-14 12:00:00,76,46,30
2018-08-14 13:00:00,77,40,37
2018-08-14 14:00:00,71,38,33
2018-08-14 15:00:00,132,74,58
2018-08-14 16:00:00,204,80,124
2018-08-14 17:00:00,258,70,188
2018-08-14 18:00:00,142,46,96
2018-08-14 19:00:00,79,33,46
2018-08-14 20:00:00,67,38,29
2018-08-14 21:00:00,20,8,12
2018-08-14 22:00:00,5,2,3
2018-08-14 23:00:00,5,1,4
2018-08-15 00:00:00,7,3,4
2018-08-15 01:00:00,0,0,0
2018-08-15 02:00:00,1,1,0
2018-08-15 03:00:00,1,1,0
2018-08-15 04:00:00,0,0,0
2018-08-15 05:00:00,30,14,16
2018-08-15 06:00:00,66,31,35
2018-08-15 07:00:00,145,102,43
2018-08-15 08:00:00,226,166,60
2018-08-15 09:00:00,90,62,28
2018-08-15 10:00:00,59,40,19
2018-08-15 11:00:00,41,22,19
2018-08-15 12:00:00,88,38,50
2018-08-15 13:00:00,92,48,44
2018-08-15 14:00:00,88,47,41
2018-08-15 15:00:00,85,44,41
2018-08-15 16:00:00,150,62,88
2018-08-15 17:00:00,233,63,170
2018-08-15 18:00:00,155,35,120
2018-08-15 19:00:00,94,36,58
2018-08-15 20:00:00,61,28,33
2018-08-15 21:00:00,30,9,21
2018-08-15 22:00:00,10,4,6
2018-08-15 23:00:00,14,7,7
2018-08-16 00:00:00,8,2,6
2018-08-16 01:00:00,1,0,1
2018-08-16 02:00:00,1,1,0
2018-08-16 03:00:00,8,2,6
2018-08-16 04:00:00,3,2,1
2018-08-16 05:00:00,23,11,12
2018-08-16 06:00:00,68,31,37
2018-08-16 07:00:00,146,96,50
2018-08-16 08:00:00,186,142,44
2018-08-16 09:00:00,105,74,31
2018-08-16 10:00:00,38,25,13
2018-08-16 11:00:00,59,27,32
2018-08-16 12:00:00,48,33,15
2018-08-16 13:00:00,50,21,29
2018-08-16 14:00:00,66,36,30
2018-08-16 15:00:00,84,46,38
2018-08-16 16:00:00,141,52,89
2018-08-16 17:00:00,264,83,181
2018-08-16 18:00:00,171,47,124
2018-08-16 19:00:00,87,33,54
2018-08-16 20:00:00,61,32,29
2018-08-16 21:00:00,29,21,8
2018-08-16 22:00:00,17,6,11
2018-08-16 23:00:00,7,3,4
2018-08-17 00:00:00,2,2,0
2018-08-17 01:00:00,0,0,0
2018-08-17 02:00:00,1,1,0
2018-08-17 03:00:00,1,1,0
2018-08-17 04:00:00,1,1,0
2018-08-17 05:00:00,13,4,9
2018-08-17 06:00:00,30,11,19
2018-08-17 07:00:00,107,62,45
2018-08-17 08:00:00,129,90,39
2018-08-17 09:00:00,92,60,32
2018-08-17 10:00:00,89,41,48
2018-08-17 11:00:00,47,23,24
2018-08-17 12:00:00,69,29,40
2018-08-17 13:00:00,68,28,40
2018-08-17 14:00:00,68,28,40
2018-08-17 15:00:00,41,19,22
2018-08-17 16:00:00,72,26,46
2018-08-17 17:00:00,70,34,36
2018-08-17 18:00:00,69,32,37
2018-08-17 19:00:00,51,28,23
2018-08-17 20:00:00,40,28,12
2018-08-17 21:00:00,19,16,3
2018-08-17 22:00:00,8,6,2
2018-08-17 23:00:00,2,1,1
2018-08-18 00:00:00,9,6,3
2018-08-18 01:00:00,13,3,10
2018-08-18 02:00:00,12,12,0
2018-08-18 03:00:00,0,0,0
2018-08-18 04:00:00,3,3,0
2018-08-18 05:00:00,1,1,0
2018-08-18 06:00:00,3,3,0
2018-08-18 07:00:00,8,6,2
2018-08-18 08:00:00,17,14,3
2018-08-18 09:00:00,40,29,11
2018-08-18 10:00:00,36,12,24
2018-08-18 11:00:00,70,33,37
2018-08-18 12:00:00,72,37,35
2018-08-18 13:00:00,57,24,33
2018-08-18 14:00:00,48,21,27
2018-08-18 15:00:00,44,24,20
2018-08-18 16:00:00,33,15,18
2018-08-18 17:00:00,41,16,25
2018-08-18 18:00:00,44,23,21
2018-08-18 19:00:00,31,16,15
2018-08-18 20:00:00,43,34,9
2018-08-18 21:00:00,12,8,4
2018-08-18 22:00:00,8,5,3
2018-08-18 23:00:00,13,4,9
2018-08-19 00:00:00,4,1,3
2018-08-19 01:00:00,2,2,0
2018-08-19 02:00:00,1,1,0
2018-08-19 03:00:00,10,8,2
2018-08-19 04:00:00,2,0,2
2018-08-19 05:00:00,1,0,1
2018-08-19 06:00:00,1,1,0
2018-08-19 07:00:00,6,2,4
2018-08-19 08:00:00,32,22,10
2018-08-19 09:00:00,31,20,11
2018-08-19 10:00:00,33,14,19
2018-08-19 11:00:00,36,10,26
2018-08-19 12:00:00,49,24,25
2018-08-19 13:00:00,45,17,28
2018-08-19 14:00:00,30,11,19
2018-08-19 15:00:00,48,20,28
2018-08-19 16:00:00,24,9,15
2018-08-19 17:00:00,29,15,14
2018-08-19 18:00:00,36,17,19
2018-08-19 19:00:00,37,21,16
2018-08-19 20:00:00,47,37,10
2018-08-19 21:00:00,31,30,1
2018-08-19 22:00:00,30,23,7
2018-08-19 23:00:00,36,24,12
2018-08-20 00:00:00,20,13,7
2018-08-20 01:00:00,6,3,3
2018-08-20 02:00:00,10,7,3
2018-08-20 03:00:00,5,3,2
2018-08-20 04:00:00,5,5,0
2018-08-20 05:00:00,15,5,10
2018-08-20 06:00:00,33,13,20
2018-08-20 07:00:00,120,76,44
2018-08-20 08:00:00,150,116,34
2018-08-20 09:00:00,76,58,18
2018-08-20 10:00:00,32,17,15
2018-08-20 11:00:00,44,24,20
2018-08-20 12:00:00,43,28,15
2018-08-20 13:00:00,47,25,22
2018-08-20 14:00:00,56,29,27
2018-08-20 15:00:00,70,43,27
2018-08-20 16:00:00,116,50,66
2018-08-20 17:00:00,162,55,107
2018-08-20 18:00:00,99,32,67
2018-08-20 19:00:00,67,32,35
2018-08-20 20:00:00,19,9,10
2018-08-20 21:00:00,9,4,5
2018-08-20 22:00:00,12,2,10
2018-08-20 23:00:00,0,0,0
2018-08-21 00:00:00,4,3,1
2018-08-21 01:00:00,2,0,2
2018-08-21 02:00:00,2,0,2
2018-08-21 03:00:00,2,1,1
2018-08-21 04:00:00,3,2,1
2018-08-21 05:00:00,17,9,8
2018-08-21 06:00:00,41,24,17
2018-08-21 07:00:00,114,61,53
2018-08-21 08:00:00,108,72,36
2018-08-21 09:00:00,61,45,16
2018-08-21 10:00:00,26,18,8
2018-08-21 11:00:00,30,11,19
2018-08-21 12:00:00,25,14,11
2018-08-21 13:00:00,40,25,15
2018-08-21 14:00:00,49,26,23
2018-08-21 15:00:00,68,29,39
2018-08-21 16:00:00,109,53,56
2018-08-21 17:00:00,121,32,89
2018-08-21 18:00:00,89,35,54
2018-08-21 19:00:00,42,12,30
2018-08-21 20:00:00,22,10,12
2018-08-21 21:00:00,17,4,13
2018-08-21 22:00:00,18,1,17
2018-08-21 23:00:00,5,1,4
2018-08-22 00:00:00,4,1,3
2018-08-22 01:00:00,2,1,1
2018-08-22 02:00:00,2,0,2
2018-08-22 03:00:00,3,1,2
2018-08-22 04:00:00,3,3,0
2018-08-22 05:00:00,12,6,6
2018-08-22 06:00:00,46,18,28
2018-08-22 07:00:00,89,59,30
2018-08-22 08:00:00,108,78,30
2018-08-22 09:00:00,59,44,15
2018-08-22 10:00:00,34,24,10
2018-08-22 11:00:00,28,17,11
2018-08-22 12:00:00,45,26,19
2018-08-22 13:00:00,41,18,23
2018-08-22 14:00:00,46,25,21
2018-08-22 15:00:00,59,25,34
2018-08-22 16:00:00,109,44,65
2018-08-22 17:00:00,137,41,96
2018-08-22 18:00:00,85,18,67
2018-08-22 19:00:00,50,18,32
2018-08-22 20:00:00,22,10,12
2018-08-22 21:00:00,14,8,6
2018-08-22 22:00:00,13,1,12
2018-08-22 23:00:00,1,1,0
2018-08-23 00:00:00,3,2,1
2018-08-23 01:00:00,3,0,3
2018-08-23 02:00:00,0,0,0
2018-08-23 03:00:00,3,3,0
2018-08-23 04:00:00,5,3,2
2018-08-23 05:00:00,16,6,10
2018-08-23 06:00:00,44,15,29
2018-08-23 07:00:00,103,59,44
2018-08-23 08:00:00,137,100,37
2018-08-23 09:00:00,75,61,14
2018-08-23 10:00:00,40,24,16
2018-08-23 11:00:00,33,17,16
2018-08-23 12:00:00,41,14,27
2018-08-23 13:00:00,60,26,34
2018-08-23 14:00:00,48,25,23
2018-08-23 15:00:00,93,47,46
2018-08-23 16:00:00,116,46,70
2018-08-23 17:00:00,193,63,130
2018-08-23 18:00:00,139,46,93
2018-08-23 19:00:00,67,29,38
2018-08-23 20:00:00,37,17,20
2018-08-23 21:00:00,19,8,11
2018-08-23 22:00:00,9,0,9
2018-08-23 23:00:00,8,5,3
2018-08-24 00:00:00,6,3,3
2018-08-24 01:00:00,1,0,1
2018-08-24 02:00:00,4,2,2
2018-08-24 03:00:00,1,1,0
2018-08-24 04:00:00,1,1,0
2018-08-24 05:00:00,20,11,9
2018-08-24 06:00:00,44,23,21
2018-08-24 07:00:00,129,88,41
2018-08-24 08:00:00,155,114,41
2018-08-24 09:00:00,91,70,21
2018-08-24 10:00:00,66,35,31
2018-08-24 11:00:00,54,23,31
2018-08-24 12:00:00,65,32,33
2018-08-24 13:00:00,52,26,26
2018-08-24 14:00:00,83,43,40
2018-08-24 15:00:00,97,37,60
2018-08-24 16:00:00,145,50,95
2018-08-24 17:00:00,191,62,129
2018-08-24 18:00:00,131,35,96
2018-08-24 19:00:00,46,15,31
2018-08-24 20:00:00,30,13,17
2018-08-24 21:00:00,14,5,9
2018-08-24 22:00:00,8,5,3
2018-08-24 23:00:00,7,3,4
2018-08-25 00:00:00,4,2,2
2018-08-25 01:00:00,3,1,2
2018-08-25 02:00:00,1,0,1
2018-08-25 03:00:00,1,1,0
2018-08-25 04:00:00,1,1,0
2018-08-25 05:00:00,6,3,3
2018-08-25 06:00:00,9,4,5
2018-08-25 07:00:00,19,8,11
2018-08-25 08:00:00,26,9,17
2018-08-25 09:00:00,34,25,9
2018-08-25 10:00:00,68,51,17
2018-08-25 11:00:00,40,20,20
2018-08-25 12:00:00,89,37,52
2018-08-25 13:00:00,66,23,43
2018-08-25 14:00:00,67,35,32
2018-08-25 15:00:00,78,37,41
2018-08-25 16:00:00,80,30,50
2018-08-25 17:00:00,75,31,44
2018-08-25 18:00:00,49,17,32
2018-08-25 19:00:00,41,21,20
2018-08-25 20:00:00,13,6,7
2018-08-25 21:00:00,8,1,7
2018-08-25 22:00:00,9,2,7
2018-08-25 23:00:00,19,5,14
2018-08-26 00:00:00,12,5,7
2018-08-26 01:00:00,3,0,3
2018-08-26 02:00:00,0,0,0
2018-08-26 03:00:00,0,0,0
2018-08-26 04:00:00,5,3,2
2018-08-26 05:00:00,9,3,6
2018-08-26 06:00:00,2,1,1
2018-08-26 07:00:00,9,5,4
2018-08-26 08:00:00,29,10,19
2018-08-26 09:00:00,34,20,14
2018-08-26 10:00:00,66,30,36
2018-08-26 11:00:00,74,36,38
2018-08-26 12:00:00,97,55,42
2018-08-26 13:00:00,64,25,39
2018-08-26 14:00:00,77,43,34
2018-08-26 15:00:00,76,31,45
2018-08-26 16:00:00,70,28,42
2018-08-26 17:00:00,57,25,32
2018-08-26 18:00:00,38,17,21
2018-08-26 19:00:00,17,7,10
2018-08-26 20:00:00,12,3,9
2018-08-26 21:00:00,2,2,0
2018-08-26 22:00:00,0,0,0
2018-08-26 23:00:00,1,1,0
2018-08-27 00:00:00,0,0,0
2018-08-27 01:00:00,0,0,0
2018-08-27 02:00:00,0,0,0
2018-08-27 03:00:00,3,1,2
2018-08-27 04:00:00,1,1,0
2018-08-27 05:00:00,15,8,7
2018-08-27 06:00:00,60,31,29
2018-08-27 07:00:00,144,96,48
2018-08-27 08:00:00,197,146,51
2018-08-27 09:00:00,90,69,21
2018-08-27 10:00:00,44,28,16
2018-08-27 11:00:00,33,15,18
2018-08-27 12:00:00,70,28,42
2018-08-27 13:00:00,46,23,23
2018-08-27 14:00:00,74,29,45
2018-08-27 15:00:00,106,58,48
2018-08-27 16:00:00,168,75,93
2018-08-27 17:00:00,304,89,215
2018-08-27 18:00:00,176,56,120
2018-08-27 19:00:00,106,38,68
2018-08-27 20:00:00,54,30,24
2018-08-27 21:00:00,12,6,6
2018-08-27 22:00:00,9,2,7
2018-08-27 23:00:00,3,1,2
2018-08-28 00:00:00,3,2,1
2018-08-28 01:00:00,2,1,1
2018-08-28 02:00:00,3,0,3
2018-08-28 03:00:00,0,0,0
2018-08-28 04:00:00,2,1,1
2018-08-28 05:00:00,32,15,17
2018-08-28 06:00:00,67,42,25
2018-08-28 07:00:00,189,127,62
2018-08-28 08:00:00,228,170,58
2018-08-28 09:00:00,105,85,20
2018-08-28 10:00:00,70,36,34
2018-08-28 11:00:00,63,34,29
2018-08-28 12:00:00,58,29,29
2018-08-28 13:00:00,54,24,30
2018-08-28 14:00:00,82,35,47
2018-08-28 15:00:00,119,58,61
2018-08-28 16:00:00,202,74,128
2018-08-28 17:00:00,351,90,261
2018-08-28 18:00:00,220,70,150
2018-08-28 19:00:00,137,58,79
2018-08-28 20:00:00,55,29,26
2018-08-28 21:00:00,20,13,7
2018-08-28 22:00:00,5,1,4
2018-08-28 23:00:00,8,2,6
2018-08-29 00:00:00,2,2,0
2018-08-29 01:00:00,4,1,3
2018-08-29 02:00:00,1,0,1
2018-08-29 03:00:00,1,1,0
2018-08-29 04:00:00,1,0,1
2018-08-29 05:00:00,21,12,9
2018-08-29 06:00:00,78,39,39
2018-08-29 07:00:00,184,139,45
2018-08-29 08:00:00,259,194,65
2018-08-29 09:00:00,90,67,23
2018-08-29 10:00:00,50,33,17
2018-08-29 11:00:00,49,35,14
2018-08-29 12:00:00,64,30,34
2018-08-29 13:00:00,71,35,36
2018-08-29 14:00:00,84,44,40
2018-08-29 15:00:00,103,51,52
2018-08-29 16:00:00,197,67,130
2018-08-29 17:00:00,299,71,228
2018-08-29 18:00:00,163,54,109
2018-08-29 19:00:00,82,32,50
2018-08-29 20:00:00,30,10,20
2018-08-29 21:00:00,20,7,13
2018-08-29 22:00:00,13,5,8
2018-08-29 23:00:00,4,0,4
2018-08-30 00:00:00,3,3,0
2018-08-30 01:00:00,1,1,0
2018-08-30 02:00:00,6,2,4
2018-08-30 03:00:00,2,1,1
2018-08-30 04:00:00,0,0,0
2018-08-30 05:00:00,22,9,13
2018-08-30 06:00:00,54,25,29
2018-08-30 07:00:00,136,96,40
2018-08-30 08:00:00,187,132,55
2018-08-30 09:00:00,90,71,19
2018-08-30 10:00:00,36,23,13
2018-08-30 11:00:00,30,13,17
2018-08-30 12:00:00,41,21,20
2018-08-30 13:00:00,50,18,32
2018-08-30 14:00:00,60,35,25
2018-08-30 15:00:00,80,38,42
2018-08-30 16:00:00,145,53,92
2018-08-30 17:00:00,232,72,160
2018-08-30 18:00:00,151,51,100
2018-08-30 19:00:00,66,29,37
2018-08-30 20:00:00,29,13,16
2018-08-30 21:00:00,12,4,8
2018-08-30 22:00:00,13,4,9
2018-08-30 23:00:00,8,2,6
2018-08-31 00:00:00,12,6,6
2018-08-31 01:00:00,3,1,2
2018-08-31 02:00:00,1,0,1
2018-08-31 03:00:00,1,1,0
2018-08-31 04:00:00,0,0,0
2018-08-31 05:00:00,11,4,7
2018-08-31 06:00:00,46,23,23
2018-08-31 07:00:00,92,55,37
2018-08-31 08:00:00,127,94,33
2018-08-31 09:00:00,84,52,32
2018-08-31 10:00:00,49,33,16
2018-08-31 11:00:00,64,27,37
2018-08-31 12:00:00,65,30,35
2018-08-31 13:00:00,68,36,32
2018-08-31 14:00:00,91,42,49
2018-08-31 15:00:00,120,55,65
2018-08-31 16:00:00,159,67,92
2018-08-31 17:00:00,167,62,105
2018-08-31 18:00:00,100,34,66
2018-08-31 19:00:00,63,21,42
2018-08-31 20:00:00,24,9,15
2018-08-31 21:00:00,25,8,17
2018-08-31 22:00:00,11,7,4
2018-08-31 23:00:00,6,3,3
2018-09-01 00:00:00,7,2,5
2018-09-01 01:00:00,4,2,2
2018-09-01 02:00:00,7,2,5
2018-09-01 03:00:00,6,3,3
2018-09-01 04:00:00,1,1,0
2018-09-01 05:00:00,6,3,3
2018-09-01 06:00:00,7,4,3
2018-09-01 07:00:00,23,17,6
2018-09-01 08:00:00,40,28,12
2018-09-01 09:00:00,46,23,23
2018-09-01 10:00:00,72,46,26
2018-09-01 11:00:00,79,42,37
2018-09-01 12:00:00,134,91,43
2018-09-01 13:00:00,110,49,61
2018-09-01 14:00:00,143,62,81
2018-09-01 15:00:00,208,74,134
2018-09-01 16:00:00,101,52,49
2018-09-01 17:00:00,110,39,71
2018-09-01 18:00:00,72,35,37
2018-09-01 19:00:00,55,32,23
2018-09-01 20:00:00,40,25,15
2018-09-01 21:00:00,19,3,16
2018-09-01 22:00:00,10,5,5
2018-09-01 23:00:00,16,2,14
2018-09-02 00:00:00,8,6,2
2018-09-02 01:00:00,4,0,4
2018-09-02 02:00:00,7,3,4
2018-09-02 03:00:00,7,3,4
2018-09-02 04:00:00,0,0,0
2018-09-02 05:00:00,3,2,1
2018-09-02 06:00:00,3,3,0
2018-09-02 07:00:00,16,8,8
2018-09-02 08:00:00,30,19,11
2018-09-02 09:00:00,57,12,45
2018-09-02 10:00:00,73,35,38
2018-09-02 11:00:00,117,55,62
2018-09-02 12:00:00,185,102,83
2018-09-02 13:00:00,184,83,101
2018-09-02 14:00:00,167,69,98
2018-09-02 15:00:00,151,82,69
2018-09-02 16:00:00,146,46,100
2018-09-02 17:00:00,134,65,69
2018-09-02 18:00:00,81,39,42
2018-09-02 19:00:00,84,38,46
2018-09-02 20:00:00,45,24,21
2018-09-02 21:00:00,11,4,7
2018-09-02 22:00:00,14,4,10
2018-09-02 23:00:00,10,8,2
2018-09-03 00:00:00,2,2,0
2018-09-03 01:00:00,1,1,0
2018-09-03 02:00:00,4,0,4
2018-09-03 03:00:00,3,1,2
2018-09-03 04:00:00,1,1,0
2018-09-03 05:00:00,2,2,0
2018-09-03 06:00:00,8,5,3
2018-09-03 07:00:00,7,2,5
2018-09-03 08:00:00,35,17,18
2018-09-03 09:00:00,73,38,35
2018-09-03 10:00:00,108,65,43
2018-09-03 11:00:00,132,79,53
2018-09-03 12:00:00,120,73,47
2018-09-03 13:00:00,149,78,71
2018-09-03 14:00:00,126,57,69
2018-09-03 15:00:00,189,79,110
2018-09-03 16:00:00,150,70,80
2018-09-03 17:00:00,137,74,63
2018-09-03 18:00:00,89,41,48
2018-09-03 19:00:00,88,47,41
2018-09-03 20:00:00,36,16,20
2018-09-03 21:00:00,20,2,18
2018-09-03 22:00:00,6,3,3
2018-09-03 23:00:00,1,0,1
2018-09-04 00:00:00,1,1,0
2018-09-04 01:00:00,0,0,0
2018-09-04 02:00:00,1,0,1
2018-09-04 03:00:00,1,1,0
2018-09-04 04:00:00,3,1,2
2018-09-04 05:00:00,26,11,15
2018-09-04 06:00:00,57,37,20
2018-09-04 07:00:00,171,120,51
2018-09-04 08:00:00,246,172,74
2018-09-04 09:00:00,98,68,30
2018-09-04 10:00:00,52,31,21
2018-09-04 11:00:00,52,34,18
2018-09-04 12:00:00,42,23,19
2018-09-04 13:00:00,64,29,35
2018-09-04 14:00:00,96,40,56
2018-09-04 15:00:00,107,45,62
2018-09-04 16:00:00,185,68,117
2018-09-04 17:00:00,312,94,218
2018-09-04 18:00:00,215,59,156
2018-09-04 19:00:00,82,39,43
2018-09-04 20:00:00,44,20,24
2018-09-04 21:00:00,12,4,8
2018-09-04 22:00:00,12,3,9
2018-09-04 23:00:00,3,1,2
2018-09-05 00:00:00,5,2,3
2018-09-05 01:00:00,0,0,0
2018-09-05 02:00:00,0,0,0
2018-09-05 03:00:00,3,2,1
2018-09-05 04:00:00,2,1,1
2018-09-05 05:00:00,25,17,8
2018-09-05 06:00:00,79,41,38
2018-09-05 07:00:00,176,123,53
2018-09-05 08:00:00,251,195,56
2018-09-05 09:00:00,115,81,34
2018-09-05 10:00:00,49,36,13
2018-09-05 11:00:00,47,21,26
2018-09-05 12:00:00,42,21,21
2018-09-05 13:00:00,66,31,35
2018-09-05 14:00:00,72,38,34
2018-09-05 15:00:00,107,53,54
2018-09-05 16:00:00,171,59,112
2018-09-05 17:00:00,310,72,238
2018-09-05 18:00:00,213,65,148
2018-09-05 19:00:00,93,39,54
2018-09-05 20:00:00,37,10,27
2018-09-05 21:00:00,13,5,8
2018-09-05 22:00:00,10,3,7
2018-09-05 23:00:00,4,0,4
2018-09-06 00:00:00,1,1,0
2018-09-06 01:00:00,1,0,1
2018-09-06 02:00:00,1,0,1
2018-09-06 03:00:00,1,1,0
2018-09-06 04:00:00,1,0,1
2018-09-06 05:00:00,22,10,12
2018-09-06 06:00:00,65,31,34
2018-09-06 07:00:00,205,139,66
2018-09-06 08:00:00,207,161,46
2018-09-06 09:00:00,103,77,26
2018-09-06 10:00:00,45,28,17
2018-09-06 11:00:00,67,40,27
2018-09-06 12:00:00,82,34,48
2018-09-06 13:00:00,60,33,27
2018-09-06 14:00:00,69,33,36
2018-09-06 15:00:00,109,52,57
2018-09-06 16:00:00,194,67,127
2018-09-06 17:00:00,291,71,220
2018-09-06 18:00:00,183,62,121
2018-09-06 19:00:00,108,44,64
2018-09-06 20:00:00,35,9,26
2018-09-06 21:00:00,11,3,8
2018-09-06 22:00:00,20,9,11
2018-09-06 23:00:00,4,3,1
2018-09-07 00:00:00,3,1,2
2018-09-07 01:00:00,0,0,0
2018-09-07 02:00:00,1,1,0
2018-09-07 03:00:00,1,0,1
2018-09-07 04:00:00,3,2,1
2018-09-07 05:00:00,22,10,12
2018-09-07 06:00:00,63,33,30
2018-09-07 07:00:00,141,93,48
2018-09-07 08:00:00,184,143,41
2018-09-07 09:00:00,90,68,22
2018-09-07 10:00:00,53,33,20
2018-09-07 11:00:00,55,17,38
2018-09-07 12:00:00,48,23,25
2018-09-07 13:00:00,62,31,31
2018-09-07 14:00:00,65,23,42
2018-09-07 15:00:00,110,56,54
2018-09-07 16:00:00,173,55,118
2018-09-07 17:00:00,260,73,187
2018-09-07 18:00:00,119,37,82
2018-09-07 19:00:00,57,21,36
2018-09-07 20:00:00,15,8,7
2018-09-07 21:00:00,8,5,3
2018-09-07 22:00:00,21,8,13
2018-09-07 23:00:00,4,0,4
2018-09-08 00:00:00,2,1,1
2018-09-08 01:00:00,0,0,0
2018-09-08 02:00:00,0,0,0
2018-09-08 03:00:00,0,0,0
2018-09-08 04:00:00,1,1,0
2018-09-08 05:00:00,4,2,2
2018-09-08 06:00:00,9,4,5
2018-09-08 07:00:00,16,13,3
2018-09-08 08:00:00,28,16,12
2018-09-08 09:00:00,24,8,16
2018-09-08 10:00:00,74,37,37
2018-09-08 11:00:00,65,33,32
2018-09-08 12:00:00,72,44,28
2018-09-08 13:00:00,59,26,33
2018-09-08 14:00:00,82,39,43
2018-09-08 15:00:00,84,46,38
2018-09-08 16:00:00,75,39,36
2018-09-08 17:00:00,71,30,41
2018-09-08 18:00:00,63,23,40
2018-09-08 19:00:00,35,14,21
2018-09-08 20:00:00,29,16,13
2018-09-08 21:00:00,18,9,9
2018-09-08 22:00:00,14,2,12
2018-09-08 23:00:00,6,3,3
2018-09-09 00:00:00,7,4,3
2018-09-09 01:00:00,3,0,3
2018-09-09 02:00:00,0,0,0
2018-09-09 03:00:00,2,2,0
2018-09-09 04:00:00,2,0,2
2018-09-09 05:00:00,1,1,0
2018-09-09 06:00:00,7,4,3
2018-09-09 07:00:00,20,9,11
2018-09-09 08:00:00,39,21,18
2018-09-09 09:00:00,50,24,26
2018-09-09 10:00:00,79,32,47
2018-09-09 11:00:00,79,31,48
2018-09-09 12:00:00,121,60,61
2018-09-09 13:00:00,124,69,55
2018-09-09 14:00:00,99,46,53
2018-09-09 15:00:00,105,43,62
2018-09-09 16:00:00,112,52,60
2018-09-09 17:00:00,97,46,51
2018-09-09 18:00:00,63,35,28
2018-09-09 19:00:00,37,17,20
2018-09-09 20:00:00,15,10,5
2018-09-09 21:00:00,3,3,0
2018-09-09 22:00:00,1,0,1
2018-09-09 23:00:00,2,0,2
2018-09-10 00:00:00,0,0,0
2018-09-10 01:00:00,1,1,0
2018-09-10 02:00:00,2,0,2
2018-09-10 03:00:00,0,0,0
2018-09-10 04:00:00,4,2,2
2018-09-10 05:00:00,13,8,5
2018-09-10 06:00:00,55,27,28
2018-09-10 07:00:00,141,90,51
2018-09-10 08:00:00,220,163,57
2018-09-10 09:00:00,92,69,23
2018-09-10 10:00:00,31,23,8
2018-09-10 11:00:00,41,28,13
2018-09-10 12:00:00,47,22,25
2018-09-10 13:00:00,48,23,25
2018-09-10 14:00:00,42,17,25
2018-09-10 15:00:00,53,21,32
2018-09-10 16:00:00,146,58,88
2018-09-10 17:00:00,262,67,195
2018-09-10 18:00:00,139,29,110
2018-09-10 19:00:00,53,27,26
2018-09-10 20:00:00,24,7,17
2018-09-10 21:00:00,7,2,5
2018-09-10 22:00:00,8,4,4
2018-09-10 23:00:00,11,4,7
2018-09-11 00:00:00,5,2,3
2018-09-11 01:00:00,1,1,0
2018-09-11 02:00:00,1,0,1
2018-09-11 03:00:00,2,1,1
2018-09-11 04:00:00,3,2,1
2018-09-11 05:00:00,10,3,7
2018-09-11 06:00:00,58,31,27
2018-09-11 07:00:00,157,111,46
2018-09-11 08:00:00,195,145,50
2018-09-11 09:00:00,99,75,24
2018-09-11 10:00:00,35,25,10
2018-09-11 11:00:00,24,15,9
2018-09-11 12:00:00,51,26,25
2018-09-11 13:00:00,48,19,29
2018-09-11 14:00:00,43,18,25
2018-09-11 15:00:00,96,37,59
2018-09-11 16:00:00,149,52,97
2018-09-11 17:00:00,242,59,183
2018-09-11 18:00:00,138,41,97
2018-09-11 19:00:00,72,35,37
2018-09-11 20:00:00,26,10,16
2018-09-11 21:00:00,12,4,8
2018-09-11 22:00:00,5,1,4
2018-09-11 23:00:00,2,1,1
2018-09-12 00:00:00,4,1,3
2018-09-12 01:00:00,1,0,1
2018-09-12 02:00:00,3,1,2
2018-09-12 03:00:00,1,1,0
2018-09-12 04:00:00,2,1,1
2018-09-12 05:00:00,19,10,9
2018-09-12 06:00:00,54,28,26
2018-09-12 07:00:00,163,116,47
2018-09-12 08:00:00,202,143,59
2018-09-12 09:00:00,103,72,31
2018-09-12 10:00:00,31,21,10
2018-09-12 11:00:00,31,15,16
2018-09-12 12:00:00,27,18,9
2018-09-12 13:00:00,31,13,18
2018-09-12 14:00:00,60,26,34
2018-09-12 15:00:00,81,43,38
2018-09-12 16:00:00,139,38,101
2018-09-12 17:00:00,244,59,185
2018-09-12 18:00:00,141,40,101
2018-09-12 19:00:00,56,23,33
2018-09-12 20:00:00,33,8,25
2018-09-12 21:00:00,12,3,9
2018-09-12 22:00:00,6,3,3
2018-09-12 23:00:00,3,1,2
2018-09-13 00:00:00,2,1,1
2018-09-13 01:00:00,3,1,2
2018-09-13 02:00:00,0,0,0
2018-09-13 03:00:00,2,2,0
2018-09-13 04:00:00,4,2,2
2018-09-13 05:00:00,19,10,9
2018-09-13 06:00:00,59,33,26
2018-09-13 07:00:00,136,96,40
2018-09-13 08:00:00,186,138,48
2018-09-13 09:00:00,78,59,19
2018-09-13 10:00:00,22,14,8
2018-09-13 11:00:00,47,26,21
2018-09-13 12:00:00,46,19,27
2018-09-13 13:00:00,38,12,26
2018-09-13 14:00:00,41,19,22
2018-09-13 15:00:00,74,38,36
2018-09-13 16:00:00,129,40,89
2018-09-13 17:00:00,245,63,182
2018-09-13 18:00:00,132,32,100
2018-09-13 19:00:00,76,23,53
2018-09-13 20:00:00,23,7,16
2018-09-13 21:00:00,16,7,9
2018-09-13 22:00:00,15,7,8
2018-09-13 23:00:00,6,2,4
2018-09-14 00:00:00,1,0,1
2018-09-14 01:00:00,3,3,0
2018-09-14 02:00:00,0,0,0
2018-09-14 03:00:00,1,0,1
2018-09-14 04:00:00,3,2,1
2018-09-14 05:00:00,18,11,7
2018-09-14 06:00:00,31,12,19
2018-09-14 07:00:00,75,43,32
2018-09-14 08:00:00,112,87,25
2018-09-14 09:00:00,46,36,10
2018-09-14 10:00:00,28,18,10
2018-09-14 11:00:00,27,14,13
2018-09-14 12:00:00,22,15,7
2018-09-14 13:00:00,20,13,7
2018-09-14 14:00:00,41,19,22
2018-09-14 15:00:00,65,29,36
2018-09-14 16:00:00,142,47,95
2018-09-14 17:00:00,142,48,94
2018-09-14 18:00:00,96,34,62
2018-09-14 19:00:00,42,19,23
2018-09-14 20:00:00,36,21,15
2018-09-14 21:00:00,4,1,3
2018-09-14 22:00:00,8,3,5
2018-09-14 23:00:00,6,1,5
2018-09-15 00:00:00,4,1,3
2018-09-15 01:00:00,2,0,2
2018-09-15 02:00:00,0,0,0
2018-09-15 03:00:00,0,0,0
2018-09-15 04:00:00,6,1,5
2018-09-15 05:00:00,3,1,2
2018-09-15 06:00:00,4,3,1
2018-09-15 07:00:00,14,6,8
2018-09-15 08:00:00,44,20,24
2018-09-15 09:00:00,33,20,13
2018-09-15 10:00:00,55,24,31
2018-09-15 11:00:00,50,27,23
2018-09-15 12:00:00,74,43,31
2018-09-15 13:00:00,71,30,41
2018-09-15 14:00:00,69,25,44
2018-09-15 15:00:00,65,26,39
2018-09-15 16:00:00,54,30,24
2018-09-15 17:00:00,32,17,15
2018-09-15 18:00:00,13,3,10
2018-09-15 19:00:00,22,14,8
2018-09-15 20:00:00,7,2,5
2018-09-15 21:00:00,2,1,1
2018-09-15 22:00:00,9,4,5
2018-09-15 23:00:00,2,1,1
2018-09-16 00:00:00,1,1,0
2018-09-16 01:00:00,5,1,4
2018-09-16 02:00:00,3,0,3
2018-09-16 03:00:00,1,1,0
2018-09-16 04:00:00,4,1,3
2018-09-16 05:00:00,0,0,0
2018-09-16 06:00:00,4,1,3
2018-09-16 07:00:00,6,5,1
2018-09-16 08:00:00,7,5,2
2018-09-16 09:00:00,20,18,2
2018-09-16 10:00:00,15,8,7
2018-09-16 11:00:00,47,25,22
2018-09-16 12:00:00,56,27,29
2018-09-16 13:00:00,59,22,37
2018-09-16 14:00:00,45,17,28
2018-09-16 15:00:00,76,34,42
2018-09-16 16:00:00,105,59,46
2018-09-16 17:00:00,81,41,40
2018-09-16 18:00:00,44,18,26
2018-09-16 19:00:00,38,22,16
2018-09-16 20:00:00,5,2,3
2018-09-16 21:00:00,14,3,11
2018-09-16 22:00:00,4,1,3
2018-09-16 23:00:00,5,0,5
2018-09-17 00:00:00,2,1,1
2018-09-17 01:00:00,0,0,0
2018-09-17 02:00:00,1,0,1
2018-09-17 03:00:00,1,1,0
2018-09-17 04:00:00,1,0,1
2018-09-17 05:00:00,17,10,7
2018-09-17 06:00:00,57,31,26
2018-09-17 07:00:00,149,109,40
2018-09-17 08:00:00,211,162,49
2018-09-17 09:00:00,75,59,16
2018-09-17 10:00:00,54,24,30
2018-09-17 11:00:00,29,15,14
2018-09-17 12:00:00,49,17,32
2018-09-17 13:00:00,45,22,23
2018-09-17 14:00:00,68,29,39
2018-09-17 15:00:00,107,57,50
2018-09-17 16:00:00,187,65,122
2018-09-17 17:00:00,292,77,215
2018-09-17 18:00:00,164,41,123
2018-09-17 19:00:00,52,19,33
2018-09-17 20:00:00,20,6,14
2018-09-17 21:00:00,15,8,7
2018-09-17 22:00:00,3,1,2
2018-09-17 23:00:00,0,0,0
2018-09-18 00:00:00,3,1,2
2018-09-18 01:00:00,1,1,0
2018-09-18 02:00:00,1,0,1
2018-09-18 03:00:00,1,1,0
2018-09-18 04:00:00,2,2,0
2018-09-18 05:00:00,18,9,9
2018-09-18 06:00:00,57,30,27
2018-09-18 07:00:00,167,114,53
2018-09-18 08:00:00,212,163,49
2018-09-18 09:00:00,93,67,26
2018-09-18 10:00:00,30,17,13
2018-09-18 11:00:00,54,34,20
2018-09-18 12:00:00,65,37,28
2018-09-18 13:00:00,61,34,27
2018-09-18 14:00:00,69,23,46
2018-09-18 15:00:00,93,44,49
2018-09-18 16:00:00,179,74,105
2018-09-18 17:00:00,288,78,210
2018-09-18 18:00:00,196,54,142
2018-09-18 19:00:00,86,32,54
2018-09-18 20:00:00,18,4,14
2018-09-18 21:00:00,10,5,5
2018-09-18 22:00:00,3,0,3
2018-09-18 23:00:00,5,1,4
2018-09-19 00:00:00,7,4,3
2018-09-19 01:00:00,1,1,0
2018-09-19 02:00:00,1,0,1
2018-09-19 03:00:00,0,0,0
2018-09-19 04:00:00,4,3,1
2018-09-19 05:00:00,28,12,16
2018-09-19 06:00:00,47,27,20
2018-09-19 07:00:00,141,95,46
2018-09-19 08:00:00,203,153,50
2018-09-19 09:00:00,85,63,22
2018-09-19 10:00:00,39,24,15
2018-09-19 11:00:00,52,31,21
2018-09-19 12:00:00,46,29,17
2018-09-19 13:00:00,56,31,25
2018-09-19 14:00:00,74,30,44
2018-09-19 15:00:00,116,61,55
2018-09-19 16:00:00,196,59,137
2018-09-19 17:00:00,256,71,185
2018-09-19 18:00:00,161,68,93
2018-09-19 19:00:00,84,42,42
2018-09-19 20:00:00,19,10,9
2018-09-19 21:00:00,12,1,11
2018-09-19 22:00:00,33,1,32
2018-09-19 23:00:00,3,0,3
2018-09-20 00:00:00,5,3,2
2018-09-20 01:00:00,2,2,0
2018-09-20 02:00:00,0,0,0
2018-09-20 03:00:00,3,2,1
2018-09-20 04:00:00,1,1,0
2018-09-20 05:00:00,29,15,14
2018-09-20 06:00:00,56,30,26
2018-09-20 07:00:00,138,98,40
2018-09-20 08:00:00,161,120,41
2018-09-20 09:00:00,76,53,23
2018-09-20 10:00:00,55,38,17
2018-09-20 11:00:00,26,14,12
2018-09-20 12:00:00,33,20,13
2018-09-20 13:00:00,28,6,22
2018-09-20 14:00:00,41,22,19
2018-09-20 15:00:00,79,41,38
2018-09-20 16:00:00,138,49,89
2018-09-20 17:00:00,191,48,143
2018-09-20 18:00:00,129,35,94
2018-09-20 19:00:00,67,25,42
2018-09-20 20:00:00,16,4,12
2018-09-20 21:00:00,10,4,6
2018-09-20 22:00:00,14,8,6
2018-09-20 23:00:00,3,3,0
2018-09-21 00:00:00,3,1,2
2018-09-21 01:00:00,7,6,1
2018-09-21 02:00:00,1,0,1
2018-09-21 03:00:00,2,1,1
2018-09-21 04:00:00,2,1,1
2018-09-21 05:00:00,29,17,12
2018-09-21 06:00:00,37,25,12
2018-09-21 07:00:00,118,82,36
2018-09-21 08:00:00,174,134,40
2018-09-21 09:00:00,86,59,27
2018-09-21 10:00:00,54,28,26
2018-09-21 11:00:00,27,11,16
2018-09-21 12:00:00,45,21,24
2018-09-21 13:00:00,37,22,15
2018-09-21 14:00:00,52,19,33
2018-09-21 15:00:00,91,44,47
2018-09-21 16:00:00,131,41,90
2018-09-21 17:00:00,206,47,159
2018-09-21 18:00:00,95,20,75
2018-09-21 19:00:00,53,21,32
2018-09-21 20:00:00,19,7,12
2018-09-21 21:00:00,8,2,6
2018-09-21 22:00:00,4,3,1
2018-09-21 23:00:00,3,0,3
2018-09-22 00:00:00,2,0,2
2018-09-22 01:00:00,1,0,1
2018-09-22 02:00:00,1,0,1
2018-09-22 03:00:00,2,1,1
2018-09-22 04:00:00,0,0,0
2018-09-22 05:00:00,8,5,3
2018-09-22 06:00:00,6,2,4
2018-09-22 07:00:00,8,7,1
2018-09-22 08:00:00,37,17,20
2018-09-22 09:00:00,24,13,11
2018-09-22 10:00:00,37,12,25
2018-09-22 11:00:00,55,23,32
2018-09-22 12:00:00,72,24,48
2018-09-22 13:00:00,63,37,26
2018-09-22 14:00:00,60,28,32
2018-09-22 15:00:00,67,34,33
2018-09-22 16:00:00,64,24,40
2018-09-22 17:00:00,50,33,17
2018-09-22 18:00:00,30,14,16
2018-09-22 19:00:00,22,9,13
2018-09-22 20:00:00,15,11,4
2018-09-22 21:00:00,9,1,8
2018-09-22 22:00:00,3,1,2
2018-09-22 23:00:00,6,3,3
2018-09-23 00:00:00,1,0,1
2018-09-23 01:00:00,0,0,0
2018-09-23 02:00:00,1,0,1
2018-09-23 03:00:00,3,1,2
2018-09-23 04:00:00,1,1,0
2018-09-23 05:00:00,3,3,0
2018-09-23 06:00:00,2,2,0
2018-09-23 07:00:00,8,4,4
2018-09-23 08:00:00,22,10,12
2018-09-23 09:00:00,28,12,16
2018-09-23 10:00:00,51,28,23
2018-09-23 11:00:00,94,62,32
2018-09-23 12:00:00,85,45,40
2018-09-23 13:00:00,105,49,56
2018-09-23 14:00:00,102,50,52
2018-09-23 15:00:00,123,54,69
2018-09-23 16:00:00,124,62,62
2018-09-23 17:00:00,129,52,77
2018-09-23 18:00:00,52,24,28
2018-09-23 19:00:00,22,14,8
2018-09-23 20:00:00,8,1,7
2018-09-23 21:00:00,5,0,5
2018-09-23 22:00:00,3,1,2
2018-09-23 23:00:00,1,0,1
2018-09-24 00:00:00,1,0,1
2018-09-24 01:00:00,1,0,1
2018-09-24 02:00:00,4,1,3
2018-09-24 03:00:00,2,2,0
2018-09-24 04:00:00,2,2,0
2018-09-24 05:00:00,15,12,3
2018-09-24 06:00:00,56,30,26
2018-09-24 07:00:00,153,115,38
2018-09-24 08:00:00,233,190,43
2018-09-24 09:00:00,106,76,30
2018-09-24 10:00:00,63,42,21
2018-09-24 11:00:00,42,23,19
2018-09-24 12:00:00,42,20,22
2018-09-24 13:00:00,40,24,16
2018-09-24 14:00:00,56,30,26
2018-09-24 15:00:00,85,41,44
2018-09-24 16:00:00,179,64,115
2018-09-24 17:00:00,313,79,234
2018-09-24 18:00:00,203,67,136
2018-09-24 19:00:00,52,28,24
2018-09-24 20:00:00,20,5,15
2018-09-24 21:00:00,12,3,9
2018-09-24 22:00:00,11,2,9
2018-09-24 23:00:00,4,0,4
2018-09-25 00:00:00,3,1,2
2018-09-25 01:00:00,2,1,1
2018-09-25 02:00:00,2,0,2
2018-09-25 03:00:00,2,1,1
2018-09-25 04:00:00,2,1,1
2018-09-25 05:00:00,18,9,9
2018-09-25 06:00:00,60,33,27
2018-09-25 07:00:00,176,125,51
2018-09-25 08:00:00,201,160,41
2018-09-25 09:00:00,102,72,30
2018-09-25 10:00:00,54,35,19
2018-09-25 11:00:00,48,20,28
2018-09-25 12:00:00,49,28,21
2018-09-25 13:00:00,56,30,26
2018-09-25 14:00:00,63,37,26
2018-09-25 15:00:00,78,32,46
2018-09-25 16:00:00,192,63,129
2018-09-25 17:00:00,283,70,213
2018-09-25 18:00:00,198,55,143
2018-09-25 19:00:00,78,35,43
2018-09-25 20:00:00,12,3,9
2018-09-25 21:00:00,13,4,9
2018-09-25 22:00:00,9,2,7
2018-09-25 23:00:00,2,0,2
2018-09-26 00:00:00,3,1,2
2018-09-26 01:00:00,1,1,0
2018-09-26 02:00:00,3,0,3
2018-09-26 03:00:00,1,1,0
2018-09-26 04:00:00,1,1,0
2018-09-26 05:00:00,27,16,11
2018-09-26 06:00:00,76,37,39
2018-09-26 07:00:00,166,108,58
2018-09-26 08:00:00,234,168,66
2018-09-26 09:00:00,122,97,25
2018-09-26 10:00:00,43,37,6
2018-09-26 11:00:00,34,18,16
2018-09-26 12:00:00,39,15,24
2018-09-26 13:00:00,47,25,22
2018-09-26 14:00:00,52,23,29
2018-09-26 15:00:00,86,45,41
2018-09-26 16:00:00,180,72,108
2018-09-26 17:00:00,301,80,221
2018-09-26 18:00:00,195,65,130
2018-09-26 19:00:00,59,22,37
2018-09-26 20:00:00,26,9,17
2018-09-26 21:00:00,12,4,8
2018-09-26 22:00:00,20,5,15
2018-09-26 23:00:00,1,0,1
2018-09-27 00:00:00,2,1,1
2018-09-27 01:00:00,5,0,5
2018-09-27 02:00:00,2,2,0
2018-09-27 03:00:00,0,0,0
2018-09-27 04:00:00,2,1,1
2018-09-27 05:00:00,20,10,10
2018-09-27 06:00:00,61,30,31
2018-09-27 07:00:00,154,114,40
2018-09-27 08:00:00,182,134,48
2018-09-27 09:00:00,91,56,35
2018-09-27 10:00:00,49,27,22
2018-09-27 11:00:00,39,21,18
2018-09-27 12:00:00,51,31,20
2018-09-27 13:00:00,59,31,28
2018-09-27 14:00:00,61,45,16
2018-09-27 15:00:00,76,29,47
2018-09-27 16:00:00,162,50,112
2018-09-27 17:00:00,285,65,220
2018-09-27 18:00:00,173,56,117
2018-09-27 19:00:00,88,31,57
2018-09-27 20:00:00,26,12,14
2018-09-27 21:00:00,23,6,17
2018-09-27 22:00:00,7,1,6
2018-09-27 23:00:00,4,2,2
2018-09-28 00:00:00,4,1,3
2018-09-28 01:00:00,5,2,3
2018-09-28 02:00:00,0,0,0
2018-09-28 03:00:00,0,0,0
2018-09-28 04:00:00,2,1,1
2018-09-28 05:00:00,20,10,10
2018-09-28 06:00:00,50,21,29
2018-09-28 07:00:00,123,94,29
2018-09-28 08:00:00,176,138,38
2018-09-28 09:00:00,88,63,25
2018-09-28 10:00:00,58,33,25
2018-09-28 11:00:00,49,30,19
2018-09-28 12:00:00,45,22,23
2018-09-28 13:00:00,77,38,39
2018-09-28 14:00:00,79,47,32
2018-09-28 15:00:00,123,43,80
2018-09-28 16:00:00,213,83,130
2018-09-28 17:00:00,257,59,198
2018-09-28 18:00:00,135,45,90
2018-09-28 19:00:00,82,54,28
2018-09-28 20:00:00,25,10,15
2018-09-28 21:00:00,4,1,3
2018-09-28 22:00:00,4,2,2
2018-09-28 23:00:00,11,1,10
2018-09-29 00:00:00,9,5,4
2018-09-29 01:00:00,7,3,4
2018-09-29 02:00:00,1,0,1
2018-09-29 03:00:00,0,0,0
2018-09-29 04:00:00,1,0,1
2018-09-29 05:00:00,8,4,4
2018-09-29 06:00:00,7,4,3
2018-09-29 07:00:00,27,16,11
2018-09-29 08:00:00,27,9,18
2018-09-29 09:00:00,45,23,22
2018-09-29 10:00:00,72,35,37
2018-09-29 11:00:00,116,60,56
2018-09-29 12:00:00,111,71,40
2018-09-29 13:00:00,94,49,45
2018-09-29 14:00:00,125,63,62
2018-09-29 15:00:00,164,69,95
2018-09-29 16:00:00,113,49,64
2018-09-29 17:00:00,53,33,20
2018-09-29 18:00:00,70,34,36
2018-09-29 19:00:00,16,8,8
2018-09-29 20:00:00,13,2,11
2018-09-29 21:00:00,2,0,2
2018-09-29 22:00:00,5,4,1
2018-09-29 23:00:00,3,2,1
2018-09-30 00:00:00,0,0,0
2018-09-30 01:00:00,5,2,3
2018-09-30 02:00:00,2,0,2
2018-09-30 03:00:00,3,2,1
2018-09-30 04:00:00,1,0,1
2018-09-30 05:00:00,2,1,1
2018-09-30 06:00:00,1,0,1
2018-09-30 07:00:00,7,5,2
2018-09-30 08:00:00,25,11,14
2018-09-30 09:00:00,41,22,19
2018-09-30 10:00:00,62,15,47
2018-09-30 11:00:00,52,28,24
2018-09-30 12:00:00,94,50,44
2018-09-30 13:00:00,70,31,39
2018-09-30 14:00:00,41,17,24
2018-09-30 15:00:00,57,24,33
2018-09-30 16:00:00,38,18,20
2018-09-30 17:00:00,43,22,21
2018-09-30 18:00:00,41,27,14
2018-09-30 19:00:00,13,6,7
2018-09-30 20:00:00,8,6,2
2018-09-30 21:00:00,5,3,2
2018-09-30 22:00:00,6,0,6
2018-09-30 23:00:00,1,0,1
2018-10-01 00:00:00,0,0,0
2018-10-01 01:00:00,0,0,0
2018-10-01 02:00:00,2,0,2
2018-10-01 03:00:00,1,1,0
2018-10-01 04:00:00,1,1,0
2018-10-01 05:00:00,15,9,6
2018-10-01 06:00:00,44,22,22
2018-10-01 07:00:00,126,83,43
2018-10-01 08:00:00,181,143,38
2018-10-01 09:00:00,73,56,17
2018-10-01 10:00:00,22,15,7
2018-10-01 11:00:00,28,19,9
2018-10-01 12:00:00,14,6,8
2018-10-01 13:00:00,24,13,11
2018-10-01 14:00:00,18,9,9
2018-10-01 15:00:00,37,16,21
2018-10-01 16:00:00,115,37,78
2018-10-01 17:00:00,168,37,131
2018-10-01 18:00:00,95,15,80
2018-10-01 19:00:00,30,10,20
2018-10-01 20:00:00,7,0,7
2018-10-01 21:00:00,5,0,5
2018-10-01 22:00:00,5,3,2
2018-10-01 23:00:00,2,1,1
2018-10-02 00:00:00,2,0,2
2018-10-02 01:00:00,1,1,0
2018-10-02 02:00:00,1,0,1
2018-10-02 03:00:00,1,1,0
2018-10-02 04:00:00,2,0,2
2018-10-02 05:00:00,15,6,9
2018-10-02 06:00:00,40,24,16
2018-10-02 07:00:00,154,99,55
2018-10-02 08:00:00,148,110,38
2018-10-02 09:00:00,84,60,24
2018-10-02 10:00:00,37,23,14
2018-10-02 11:00:00,25,14,11
2018-10-02 12:00:00,37,22,15
2018-10-02 13:00:00,37,24,13
2018-10-02 14:00:00,37,18,19
2018-10-02 15:00:00,68,27,41
2018-10-02 16:00:00,107,37,70
2018-10-02 17:00:00,219,54,165
2018-10-02 18:00:00,99,27,72
2018-10-02 19:00:00,30,11,19
2018-10-02 20:00:00,16,3,13
2018-10-02 21:00:00,11,2,9
2018-10-02 22:00:00,5,1,4
2018-10-02 23:00:00,4,1,3
2018-10-03 00:00:00,2,0,2
2018-10-03 01:00:00,4,1,3
2018-10-03 02:00:00,1,0,1
2018-10-03 03:00:00,3,2,1
2018-10-03 04:00:00,1,1,0
2018-10-03 05:00:00,26,15,11
2018-10-03 06:00:00,60,29,31
2018-10-03 07:00:00,149,107,42
2018-10-03 08:00:00,186,143,43
2018-10-03 09:00:00,76,59,17
2018-10-03 10:00:00,35,20,15
2018-10-03 11:00:00,18,11,7
2018-10-03 12:00:00,39,21,18
2018-10-03 13:00:00,35,23,12
2018-10-03 14:00:00,38,18,20
2018-10-03 15:00:00,61,26,35
2018-10-03 16:00:00,129,47,82
2018-10-03 17:00:00,226,65,161
2018-10-03 18:00:00,131,27,104
2018-10-03 19:00:00,41,16,25
2018-10-03 20:00:00,13,1,12
2018-10-03 21:00:00,10,2,8
2018-10-03 22:00:00,3,1,2
2018-10-03 23:00:00,3,0,3
2018-10-04 00:00:00,3,1,2
2018-10-04 01:00:00,4,2,2
2018-10-04 02:00:00,2,2,0
2018-10-04 03:00:00,2,1,1
2018-10-04 04:00:00,2,2,0
2018-10-04 05:00:00,27,15,12
2018-10-04 06:00:00,62,27,35
2018-10-04 07:00:00,139,98,41
2018-10-04 08:00:00,149,118,31
2018-10-04 09:00:00,79,57,22
2018-10-04 10:00:00,38,27,11
2018-10-04 11:00:00,36,17,19
2018-10-04 12:00:00,51,27,24
2018-10-04 13:00:00,43,20,23
2018-10-04 14:00:00,58,26,32
2018-10-04 15:00:00,74,35,39
2018-10-04 16:00:00,152,51,101
2018-10-04 17:00:00,245,71,174
2018-10-04 18:00:00,146,47,99
2018-10-04 19:00:00,56,23,33
2018-10-04 20:00:00,17,7,10
2018-10-04 21:00:00,8,1,7
2018-10-04 22:00:00,8,3,5
2018-10-04 23:00:00,5,1,4
2018-10-05 00:00:00,8,1,7
2018-10-05 01:00:00,4,0,4
2018-10-05 02:00:00,3,2,1
2018-10-05 03:00:00,2,1,1
2018-10-05 04:00:00,2,0,2
2018-10-05 05:00:00,19,9,10
2018-10-05 06:00:00,36,19,17
2018-10-05 07:00:00,90,50,40
2018-10-05 08:00:00,128,84,44
2018-10-05 09:00:00,60,43,17
2018-10-05 10:00:00,21,15,6
2018-10-05 11:00:00,15,9,6
2018-10-05 12:00:00,19,5,14
2018-10-05 13:00:00,13,5,8
2018-10-05 14:00:00,27,12,15
2018-10-05 15:00:00,42,19,23
2018-10-05 16:00:00,65,30,35
2018-10-05 17:00:00,121,26,95
2018-10-05 18:00:00,47,7,40
2018-10-05 19:00:00,19,5,14
2018-10-05 20:00:00,12,3,9
2018-10-05 21:00:00,7,1,6
2018-10-05 22:00:00,0,0,0
2018-10-05 23:00:00,2,0,2
2018-10-06 00:00:00,3,3,0
2018-10-06 01:00:00,0,0,0
2018-10-06 02:00:00,6,3,3
2018-10-06 03:00:00,0,0,0
2018-10-06 04:00:00,0,0,0
2018-10-06 05:00:00,4,3,1
2018-10-06 06:00:00,4,2,2
2018-10-06 07:00:00,14,9,5
2018-10-06 08:00:00,20,14,6
2018-10-06 09:00:00,37,13,24
2018-10-06 10:00:00,70,29,41
2018-10-06 11:00:00,58,27,31
2018-10-06 12:00:00,58,32,26
2018-10-06 13:00:00,64,24,40
2018-10-06 14:00:00,85,40,45
2018-10-06 15:00:00,128,66,62
2018-10-06 16:00:00,85,43,42
2018-10-06 17:00:00,73,31,42
2018-10-06 18:00:00,44,23,21
2018-10-06 19:00:00,19,12,7
2018-10-06 20:00:00,12,7,5
2018-10-06 21:00:00,4,2,2
2018-10-06 22:00:00,2,0,2
2018-10-06 23:00:00,0,0,0
2018-10-07 00:00:00,0,0,0
2018-10-07 01:00:00,1,0,1
2018-10-07 02:00:00,1,1,0
2018-10-07 03:00:00,1,1,0
2018-10-07 04:00:00,2,0,2
2018-10-07 05:00:00,1,0,1
2018-10-07 06:00:00,5,3,2
2018-10-07 07:00:00,8,4,4
2018-10-07 08:00:00,15,8,7
2018-10-07 09:00:00,27,12,15
2018-10-07 10:00:00,28,12,16
2018-10-07 11:00:00,36,21,15
2018-10-07 12:00:00,31,17,14
2018-10-07 13:00:00,27,22,5
2018-10-07 14:00:00,36,10,26
2018-10-07 15:00:00,27,6,21
2018-10-07 16:00:00,14,2,12
2018-10-07 17:00:00,49,12,37
2018-10-07 18:00:00,24,17,7
2018-10-07 19:00:00,8,4,4
2018-10-07 20:00:00,3,1,2
2018-10-07 21:00:00,0,0,0
2018-10-07 22:00:00,1,0,1
2018-10-07 23:00:00,2,0,2
2018-10-08 00:00:00,1,1,0
2018-10-08 01:00:00,1,1,0
2018-10-08 02:00:00,0,0,0
2018-10-08 03:00:00,3,1,2
2018-10-08 04:00:00,2,2,0
2018-10-08 05:00:00,11,6,5
2018-10-08 06:00:00,49,27,22
2018-10-08 07:00:00,104,71,33
2018-10-08 08:00:00,133,106,27
2018-10-08 09:00:00,62,41,21
2018-10-08 10:00:00,17,12,5
2018-10-08 11:00:00,18,12,6
2018-10-08 12:00:00,14,5,9
2018-10-08 13:00:00,17,10,7
2018-10-08 14:00:00,17,9,8
2018-10-08 15:00:00,40,18,22
2018-10-08 16:00:00,75,26,49
2018-10-08 17:00:00,151,47,104
2018-10-08 18:00:00,80,14,66
2018-10-08 19:00:00,23,6,17
2018-10-08 20:00:00,9,0,9
2018-10-08 21:00:00,9,3,6
2018-10-08 22:00:00,7,0,7
2018-10-08 23:00:00,2,0,2
2018-10-09 00:00:00,1,0,1
2018-10-09 01:00:00,2,1,1
2018-10-09 02:00:00,0,0,0
2018-10-09 03:00:00,2,2,0
2018-10-09 04:00:00,0,0,0
2018-10-09 05:00:00,16,10,6
2018-10-09 06:00:00,47,28,19
2018-10-09 07:00:00,118,80,38
2018-10-09 08:00:00,176,130,46
2018-10-09 09:00:00,71,51,20
2018-10-09 10:00:00,30,21,9
2018-10-09 11:00:00,25,11,14
2018-10-09 12:00:00,24,14,10
2018-10-09 13:00:00,19,12,7
2018-10-09 14:00:00,24,7,17
2018-10-09 15:00:00,55,18,37
2018-10-09 16:00:00,121,43,78
2018-10-09 17:00:00,210,55,155
2018-10-09 18:00:00,130,39,91
2018-10-09 19:00:00,43,15,28
2018-10-09 20:00:00,8,2,6
2018-10-09 21:00:00,6,2,4
2018-10-09 22:00:00,5,0,5
2018-10-09 23:00:00,4,2,2
2018-10-10 00:00:00,6,2,4
2018-10-10 01:00:00,1,1,0
2018-10-10 02:00:00,0,0,0
2018-10-10 03:00:00,1,1,0
2018-10-10 04:00:00,1,0,1
2018-10-10 05:00:00,25,14,11
2018-10-10 06:00:00,45,27,18
2018-10-10 07:00:00,145,93,52
2018-10-10 08:00:00,203,159,44
2018-10-10 09:00:00,84,66,18
2018-10-10 10:00:00,42,23,19
2018-10-10 11:00:00,37,26,11
2018-10-10 12:00:00,33,19,14
2018-10-10 13:00:00,32,12,20
2018-10-10 14:00:00,58,19,39
2018-10-10 15:00:00,96,43,53
2018-10-10 16:00:00,147,50,97
2018-10-10 17:00:00,275,86,189
2018-10-10 18:00:00,158,52,106
2018-10-10 19:00:00,59,20,39
2018-10-10 20:00:00,21,7,14
2018-10-10 21:00:00,11,6,5
2018-10-10 22:00:00,4,0,4
2018-10-10 23:00:00,4,2,2
2018-10-11 00:00:00,4,0,4
2018-10-11 01:00:00,1,1,0
2018-10-11 02:00:00,1,0,1
2018-10-11 03:00:00,3,2,1
2018-10-11 04:00:00,0,0,0
2018-10-11 05:00:00,17,9,8
2018-10-11 06:00:00,55,33,22
2018-10-11 07:00:00,140,99,41
2018-10-11 08:00:00,197,145,52
2018-10-11 09:00:00,91,66,25
2018-10-11 10:00:00,24,14,10
2018-10-11 11:00:00,19,12,7
2018-10-11 12:00:00,35,17,18
2018-10-11 13:00:00,46,19,27
2018-10-11 14:00:00,51,27,24
2018-10-11 15:00:00,84,34,50
2018-10-11 16:00:00,138,41,97
2018-10-11 17:00:00,264,79,185
2018-10-11 18:00:00,151,51,100
2018-10-11 19:00:00,40,19,21
2018-10-11 20:00:00,16,3,13
2018-10-11 21:00:00,7,4,3
2018-10-11 22:00:00,12,1,11
2018-10-11 23:00:00,1,0,1
2018-10-12 00:00:00,2,0,2
2018-10-12 01:00:00,8,5,3
2018-10-12 02:00:00,4,4,0
2018-10-12 03:00:00,0,0,0
2018-10-12 04:00:00,1,0,1
2018-10-12 05:00:00,25,17,8
2018-10-12 06:00:00,44,24,20
2018-10-12 07:00:00,114,71,43
2018-10-12 08:00:00,165,122,43
2018-10-12 09:00:00,66,49,17
2018-10-12 10:00:00,37,20,17
2018-10-12 11:00:00,33,17,16
2018-10-12 12:00:00,48,29,19
2018-10-12 13:00:00,40,20,20
2018-10-12 14:00:00,80,44,36
2018-10-12 15:00:00,91,48,43
2018-10-12 16:00:00,191,65,126
2018-10-12 17:00:00,183,62,121
2018-10-12 18:00:00,95,27,68
2018-10-12 19:00:00,34,15,19
2018-10-12 20:00:00,13,7,6
2018-10-12 21:00:00,10,5,5
2018-10-12 22:00:00,0,0,0
2018-10-12 23:00:00,2,0,2
2018-10-13 00:00:00,4,0,4
2018-10-13 01:00:00,3,1,2
2018-10-13 02:00:00,2,1,1
2018-10-13 03:00:00,0,0,0
2018-10-13 04:00:00,12,7,5
2018-10-13 05:00:00,2,1,1
2018-10-13 06:00:00,6,4,2
2018-10-13 07:00:00,14,8,6
2018-10-13 08:00:00,32,11,21
2018-10-13 09:00:00,38,19,19
2018-10-13 10:00:00,41,21,20
2018-10-13 11:00:00,60,32,28
2018-10-13 12:00:00,72,29,43
2018-10-13 13:00:00,83,43,40
2018-10-13 14:00:00,105,50,55
2018-10-13 15:00:00,103,44,59
2018-10-13 16:00:00,110,35,75
2018-10-13 17:00:00,96,47,49
2018-10-13 18:00:00,74,44,30
2018-10-13 19:00:00,21,11,10
2018-10-13 20:00:00,8,6,2
2018-10-13 21:00:00,5,1,4
2018-10-13 22:00:00,8,2,6
2018-10-13 23:00:00,8,1,7
2018-10-14 00:00:00,1,0,1
2018-10-14 01:00:00,0,0,0
2018-10-14 02:00:00,2,2,0
2018-10-14 03:00:00,0,0,0
2018-10-14 04:00:00,0,0,0
2018-10-14 05:00:00,2,1,1
2018-10-14 06:00:00,4,3,1
2018-10-14 07:00:00,10,6,4
2018-10-14 08:00:00,22,13,9
2018-10-14 09:00:00,45,27,18
2018-10-14 10:00:00,47,24,23
2018-10-14 11:00:00,59,34,25
2018-10-14 12:00:00,71,33,38
2018-10-14 13:00:00,102,49,53
2018-10-14 14:00:00,116,55,61
2018-10-14 15:00:00,139,76,63
2018-10-14 16:00:00,107,56,51
2018-10-14 17:00:00,93,52,41
2018-10-14 18:00:00,55,25,30
2018-10-14 19:00:00,27,14,13
2018-10-14 20:00:00,12,4,8
2018-10-14 21:00:00,2,2,0
2018-10-14 22:00:00,2,1,1
2018-10-14 23:00:00,4,3,1
2018-10-15 00:00:00,1,0,1
2018-10-15 01:00:00,2,0,2
2018-10-15 02:00:00,0,0,0
2018-10-15 03:00:00,1,1,0
2018-10-15 04:00:00,3,3,0
2018-10-15 05:00:00,21,13,8
2018-10-15 06:00:00,48,29,19
2018-10-15 07:00:00,150,104,46
2018-10-15 08:00:00,201,160,41
2018-10-15 09:00:00,95,68,27
2018-10-15 10:00:00,44,22,22
2018-10-15 11:00:00,41,22,19
2018-10-15 12:00:00,50,23,27
2018-10-15 13:00:00,87,24,63
2018-10-15 14:00:00,70,31,39
2018-10-15 15:00:00,122,71,51
2018-10-15 16:00:00,143,55,88
2018-10-15 17:00:00,274,62,212
2018-10-15 18:00:00,154,45,109
2018-10-15 19:00:00,41,15,26
2018-10-15 20:00:00,18,3,15
2018-10-15 21:00:00,11,2,9
2018-10-15 22:00:00,5,0,5
2018-10-15 23:00:00,1,1,0
2018-10-16 00:00:00,4,1,3
2018-10-16 01:00:00,1,1,0
2018-10-16 02:00:00,0,0,0
2018-10-16 03:00:00,0,0,0
2018-10-16 04:00:00,3,1,2
2018-10-16 05:00:00,24,15,9
2018-10-16 06:00:00,62,33,29
2018-10-16 07:00:00,164,114,50
2018-10-16 08:00:00,204,158,46
2018-10-16 09:00:00,82,63,19
2018-10-16 10:00:00,49,23,26
2018-10-16 11:00:00,46,25,21
2018-10-16 12:00:00,50,23,27
2018-10-16 13:00:00,50,24,26
2018-10-16 14:00:00,77,29,48
2018-10-16 15:00:00,132,78,54
2018-10-16 16:00:00,185,61,124
2018-10-16 17:00:00,303,74,229
2018-10-16 18:00:00,167,51,116
2018-10-16 19:00:00,41,16,25
2018-10-16 20:00:00,21,6,15
2018-10-16 21:00:00,10,2,8
2018-10-16 22:00:00,4,1,3
2018-10-16 23:00:00,3,0,3
2018-10-17 00:00:00,3,0,3
2018-10-17 01:00:00,4,3,1
2018-10-17 02:00:00,1,0,1
2018-10-17 03:00:00,1,1,0
2018-10-17 04:00:00,0,0,0
2018-10-17 05:00:00,17,9,8
2018-10-17 06:00:00,70,44,26
2018-10-17 07:00:00,166,111,55
2018-10-17 08:00:00,188,147,41
2018-10-17 09:00:00,86,59,27
2018-10-17 10:00:00,49,35,14
2018-10-17 11:00:00,35,18,17
2018-10-17 12:00:00,44,20,24
2018-10-17 13:00:00,62,29,33
2018-10-17 14:00:00,77,29,48
2018-10-17 15:00:00,89,37,52
2018-10-17 16:00:00,176,52,124
2018-10-17 17:00:00,290,92,198
2018-10-17 18:00:00,163,51,112
2018-10-17 19:00:00,41,14,27
2018-10-17 20:00:00,13,3,10
2018-10-17 21:00:00,9,4,5
2018-10-17 22:00:00,6,1,5
2018-10-17 23:00:00,4,0,4
2018-10-18 00:00:00,6,0,6
2018-10-18 01:00:00,1,1,0
2018-10-18 02:00:00,2,1,1
2018-10-18 03:00:00,1,1,0
2018-10-18 04:00:00,0,0,0
2018-10-18 05:00:00,18,6,12
2018-10-18 06:00:00,53,31,22
2018-10-18 07:00:00,127,88,39
2018-10-18 08:00:00,182,140,42
2018-10-18 09:00:00,84,67,17
2018-10-18 10:00:00,33,23,10
2018-10-18 11:00:00,42,21,21
2018-10-18 12:00:00,55,26,29
2018-10-18 13:00:00,36,23,13
2018-10-18 14:00:00,67,30,37
2018-10-18 15:00:00,76,29,47
2018-10-18 16:00:00,149,56,93
2018-10-18 17:00:00,273,72,201
2018-10-18 18:00:00,126,38,88
2018-10-18 19:00:00,47,17,30
2018-10-18 20:00:00,11,4,7
2018-10-18 21:00:00,19,3,16
2018-10-18 22:00:00,6,2,4
2018-10-18 23:00:00,4,0,4
2018-10-19 00:00:00,3,0,3
2018-10-19 01:00:00,3,1,2
2018-10-19 02:00:00,2,1,1
2018-10-19 03:00:00,0,0,0
2018-10-19 04:00:00,0,0,0
2018-10-19 05:00:00,21,8,13
2018-10-19 06:00:00,46,30,16
2018-10-19 07:00:00,118,80,38
2018-10-19 08:00:00,158,128,30
2018-10-19 09:00:00,87,63,24
2018-10-19 10:00:00,36,18,18
2018-10-19 11:00:00,28,16,12
2018-10-19 12:00:00,44,22,22
2018-10-19 13:00:00,53,24,29
2018-10-19 14:00:00,43,15,28
2018-10-19 15:00:00,71,34,37
2018-10-19 16:00:00,149,51,98
2018-10-19 17:00:00,219,52,167
2018-10-19 18:00:00,89,23,66
2018-10-19 19:00:00,43,18,25
2018-10-19 20:00:00,14,4,10
2018-10-19 21:00:00,5,4,1
2018-10-19 22:00:00,10,7,3
2018-10-19 23:00:00,6,1,5
2018-10-20 00:00:00,7,2,5
2018-10-20 01:00:00,1,0,1
2018-10-20 02:00:00,0,0,0
2018-10-20 03:00:00,0,0,0
2018-10-20 04:00:00,0,0,0
2018-10-20 05:00:00,7,5,2
2018-10-20 06:00:00,8,4,4
2018-10-20 07:00:00,10,8,2
2018-10-20 08:00:00,25,11,14
2018-10-20 09:00:00,47,26,21
2018-10-20 10:00:00,40,16,24
2018-10-20 11:00:00,50,34,16
2018-10-20 12:00:00,64,42,22
2018-10-20 13:00:00,53,19,34
2018-10-20 14:00:00,73,33,40
2018-10-20 15:00:00,76,30,46
2018-10-20 16:00:00,96,48,48
2018-10-20 17:00:00,77,41,36
2018-10-20 18:00:00,37,15,22
2018-10-20 19:00:00,12,3,9
2018-10-20 20:00:00,14,5,9
2018-10-20 21:00:00,6,0,6
2018-10-20 22:00:00,3,0,3
2018-10-20 23:00:00,11,4,7
2018-10-21 00:00:00,1,0,1
2018-10-21 01:00:00,0,0,0
2018-10-21 02:00:00,0,0,0
2018-10-21 03:00:00,2,0,2
2018-10-21 04:00:00,0,0,0
2018-10-21 05:00:00,2,2,0
2018-10-21 06:00:00,2,1,1
2018-10-21 07:00:00,7,5,2
2018-10-21 08:00:00,13,6,7
2018-10-21 09:00:00,41,18,23
2018-10-21 10:00:00,49,21,28
2018-10-21 11:00:00,51,21,30
2018-10-21 12:00:00,55,26,29
2018-10-21 13:00:00,63,41,22
2018-10-21 14:00:00,64,25,39
2018-10-21 15:00:00,104,51,53
2018-10-21 16:00:00,88,35,53
2018-10-21 17:00:00,78,43,35
2018-10-21 18:00:00,37,17,20
2018-10-21 19:00:00,16,6,10
2018-10-21 20:00:00,6,4,2
2018-10-21 21:00:00,6,4,2
2018-10-21 22:00:00,1,0,1
2018-10-21 23:00:00,6,2,4
2018-10-22 00:00:00,1,0,1
2018-10-22 01:00:00,0,0,0
2018-10-22 02:00:00,2,0,2
2018-10-22 03:00:00,1,1,0
2018-10-22 04:00:00,0,0,0
2018-10-22 05:00:00,15,10,5
2018-10-22 06:00:00,67,30,37
2018-10-22 07:00:00,122,87,35
2018-10-22 08:00:00,184,139,45
2018-10-22 09:00:00,104,75,29
2018-10-22 10:00:00,36,24,12
2018-10-22 11:00:00,22,11,11
2018-10-22 12:00:00,23,9,14
2018-10-22 13:00:00,39,23,16
2018-10-22 14:00:00,41,18,23
2018-10-22 15:00:00,57,19,38
2018-10-22 16:00:00,112,49,63
2018-10-22 17:00:00,230,49,181
2018-10-22 18:00:00,119,25,94
2018-10-22 19:00:00,47,10,37
2018-10-22 20:00:00,11,1,10
2018-10-22 21:00:00,4,1,3
2018-10-22 22:00:00,1,0,1
2018-10-22 23:00:00,1,0,1
2018-10-23 00:00:00,0,0,0
2018-10-23 01:00:00,3,2,1
2018-10-23 02:00:00,0,0,0
2018-10-23 03:00:00,3,3,0
2018-10-23 04:00:00,0,0,0
2018-10-23 05:00:00,20,10,10
2018-10-23 06:00:00,56,31,25
2018-10-23 07:00:00,158,104,54
2018-10-23 08:00:00,159,123,36
2018-10-23 09:00:00,81,62,19
2018-10-23 10:00:00,39,20,19
2018-10-23 11:00:00,31,13,18
2018-10-23 12:00:00,25,13,12
2018-10-23 13:00:00,28,10,18
2018-10-23 14:00:00,33,19,14
2018-10-23 15:00:00,57,22,35
2018-10-23 16:00:00,125,49,76
2018-10-23 17:00:00,209,43,166
2018-10-23 18:00:00,89,15,74
2018-10-23 19:00:00,22,2,20
2018-10-23 20:00:00,12,5,7
2018-10-23 21:00:00,5,2,3
2018-10-23 22:00:00,6,3,3
2018-10-23 23:00:00,1,0,1
2018-10-24 00:00:00,3,1,2
2018-10-24 01:00:00,0,0,0
2018-10-24 02:00:00,1,0,1
2018-10-24 03:00:00,2,1,1
2018-10-24 04:00:00,1,1,0
2018-10-24 05:00:00,24,12,12
2018-10-24 06:00:00,56,33,23
2018-10-24 07:00:00,147,95,52
2018-10-24 08:00:00,159,127,32
2018-10-24 09:00:00,78,60,18
2018-10-24 10:00:00,32,19,13
2018-10-24 11:00:00,22,9,13
2018-10-24 12:00:00,33,16,17
2018-10-24 13:00:00,33,11,22
2018-10-24 14:00:00,49,24,25
2018-10-24 15:00:00,76,32,44
2018-10-24 16:00:00,137,51,86
2018-10-24 17:00:00,221,56,165
2018-10-24 18:00:00,93,25,68
2018-10-24 19:00:00,37,12,25
2018-10-24 20:00:00,31,10,21
2018-10-24 21:00:00,6,2,4
2018-10-24 22:00:00,3,2,1
2018-10-24 23:00:00,2,0,2
2018-10-25 00:00:00,2,2,0
2018-10-25 01:00:00,1,0,1
2018-10-25 02:00:00,0,0,0
2018-10-25 03:00:00,1,1,0
2018-10-25 04:00:00,1,1,0
2018-10-25 05:00:00,27,17,10
2018-10-25 06:00:00,42,22,20
2018-10-25 07:00:00,113,76,37
2018-10-25 08:00:00,136,102,34
2018-10-25 09:00:00,49,37,12
2018-10-25 10:00:00,19,10,9
2018-10-25 11:00:00,11,6,5
2018-10-25 12:00:00,11,4,7
2018-10-25 13:00:00,19,12,7
2018-10-25 14:00:00,17,10,7
2018-10-25 15:00:00,45,20,25
2018-10-25 16:00:00,72,26,46
2018-10-25 17:00:00,137,30,107
2018-10-25 18:00:00,64,13,51
2018-10-25 19:00:00,25,7,18
2018-10-25 20:00:00,13,3,10
2018-10-25 21:00:00,9,2,7
2018-10-25 22:00:00,1,0,1
2018-10-25 23:00:00,1,0,1
2018-10-26 00:00:00,0,0,0
2018-10-26 01:00:00,5,3,2
2018-10-26 02:00:00,0,0,0
2018-10-26 03:00:00,0,0,0
2018-10-26 04:00:00,0,0,0
2018-10-26 05:00:00,16,7,9
2018-10-26 06:00:00,33,23,10
2018-10-26 07:00:00,84,58,26
2018-10-26 08:00:00,108,78,30
2018-10-26 09:00:00,54,40,14
2018-10-26 10:00:00,24,19,5
2018-10-26 11:00:00,27,7,20
2018-10-26 12:00:00,41,23,18
2018-10-26 13:00:00,31,12,19
2018-10-26 14:00:00,47,23,24
2018-10-26 15:00:00,63,20,43
2018-10-26 16:00:00,105,42,63
2018-10-26 17:00:00,140,31,109
2018-10-26 18:00:00,75,20,55
2018-10-26 19:00:00,22,4,18
2018-10-26 20:00:00,7,1,6
2018-10-26 21:00:00,5,2,3
2018-10-26 22:00:00,8,1,7
2018-10-26 23:00:00,4,3,1
2018-10-27 00:00:00,3,1,2
2018-10-27 01:00:00,3,3,0
2018-10-27 02:00:00,1,1,0
2018-10-27 03:00:00,0,0,0
2018-10-27 04:00:00,0,0,0
2018-10-27 05:00:00,5,5,0
2018-10-27 06:00:00,8,4,4
2018-10-27 07:00:00,11,4,7
2018-10-27 08:00:00,19,12,7
2018-10-27 09:00:00,27,15,12
2018-10-27 10:00:00,51,26,25
2018-10-27 11:00:00,58,29,29
2018-10-27 12:00:00,40,20,20
2018-10-27 13:00:00,65,28,37
2018-10-27 14:00:00,68,31,37
2018-10-27 15:00:00,35,12,23
2018-10-27 16:00:00,20,7,13
2018-10-27 17:00:00,10,6,4
2018-10-27 18:00:00,18,15,3
2018-10-27 19:00:00,6,0,6
2018-10-27 20:00:00,11,0,11
2018-10-27 21:00:00,9,3,6
2018-10-27 22:00:00,1,0,1
2018-10-27 23:00:00,1,0,1
2018-10-28 00:00:00,0,0,0
2018-10-28 01:00:00,1,1,0
2018-10-28 02:00:00,0,0,0
2018-10-28 03:00:00,1,0,1
2018-10-28 04:00:00,2,0,2
2018-10-28 05:00:00,1,1,0
2018-10-28 06:00:00,0,0,0
2018-10-28 07:00:00,2,1,1
2018-10-28 08:00:00,4,3,1
2018-10-28 09:00:00,15,10,5
2018-10-28 10:00:00,14,5,9
2018-10-28 11:00:00,17,10,7
2018-10-28 12:00:00,18,14,4
2018-10-28 13:00:00,28,13,15
2018-10-28 14:00:00,22,13,9
2018-10-28 15:00:00,32,13,19
2018-10-28 16:00:00,21,6,15
2018-10-28 17:00:00,17,6,11
2018-10-28 18:00:00,5,2,3
2018-10-28 19:00:00,3,3,0
2018-10-28 20:00:00,2,1,1
2018-10-28 21:00:00,0,0,0
2018-10-28 22:00:00,1,0,1
2018-10-28 23:00:00,0,0,0
2018-10-29 00:00:00,2,0,2
2018-10-29 01:00:00,0,0,0
2018-10-29 02:00:00,1,0,1
2018-10-29 03:00:00,1,1,0
2018-10-29 04:00:00,0,0,0
2018-10-29 05:00:00,14,8,6
2018-10-29 06:00:00,35,22,13
2018-10-29 07:00:00,124,76,48
2018-10-29 08:00:00,155,118,37
2018-10-29 09:00:00,78,55,23
2018-10-29 10:00:00,41,28,13
2018-10-29 11:00:00,23,10,13
2018-10-29 12:00:00,27,13,14
2018-10-29 13:00:00,20,7,13
2018-10-29 14:00:00,25,6,19
2018-10-29 15:00:00,47,26,21
2018-10-29 16:00:00,96,39,57
2018-10-29 17:00:00,227,51,176
2018-10-29 18:00:00,99,19,80
2018-10-29 19:00:00,20,6,14
2018-10-29 20:00:00,9,3,6
2018-10-29 21:00:00,8,5,3
2018-10-29 22:00:00,4,1,3
2018-10-29 23:00:00,1,0,1
2018-10-30 00:00:00,4,2,2
2018-10-30 01:00:00,2,2,0
2018-10-30 02:00:00,0,0,0
2018-10-30 03:00:00,0,0,0
2018-10-30 04:00:00,1,0,1
2018-10-30 05:00:00,15,8,7
2018-10-30 06:00:00,43,28,15
2018-10-30 07:00:00,128,82,46
2018-10-30 08:00:00,169,134,35
2018-10-30 09:00:00,75,58,17
2018-10-30 10:00:00,31,17,14
2018-10-30 11:00:00,24,11,13
2018-10-30 12:00:00,25,17,8
2018-10-30 13:00:00,19,6,13
2018-10-30 14:00:00,30,16,14
2018-10-30 15:00:00,85,42,43
2018-10-30 16:00:00,120,37,83
2018-10-30 17:00:00,210,49,161
2018-10-30 18:00:00,98,23,75
2018-10-30 19:00:00,34,7,27
2018-10-30 20:00:00,18,6,12
2018-10-30 21:00:00,13,6,7
2018-10-30 22:00:00,0,0,0
2018-10-30 23:00:00,1,1,0
2018-10-31 00:00:00,2,1,1
2018-10-31 01:00:00,1,1,0
2018-10-31 02:00:00,0,0,0
2018-10-31 03:00:00,2,1,1
2018-10-31 04:00:00,0,0,0
2018-10-31 05:00:00,15,9,6
2018-10-31 06:00:00,45,24,21
2018-10-31 07:00:00,106,62,44
2018-10-31 08:00:00,163,134,29
2018-10-31 09:00:00,71,51,20
2018-10-31 10:00:00,15,13,2
2018-10-31 11:00:00,16,10,6
2018-10-31 12:00:00,32,20,12
2018-10-31 13:00:00,28,14,14
2018-10-31 14:00:00,40,13,27
2018-10-31 15:00:00,81,31,50
2018-10-31 16:00:00,110,26,84
2018-10-31 17:00:00,168,47,121
2018-10-31 18:00:00,53,8,45
2018-10-31 19:00:00,19,2,17
2018-10-31 20:00:00,10,3,7
2018-10-31 21:00:00,6,3,3
2018-10-31 22:00:00,3,1,2
2018-10-31 23:00:00,3,1,2
2018-11-01 00:00:00,4,1,3
2018-11-01 01:00:00,0,0,0
2018-11-01 02:00:00,2,1,1
2018-11-01 03:00:00,1,1,0
2018-11-01 04:00:00,2,1,1
2018-11-01 05:00:00,11,7,4
2018-11-01 06:00:00,49,24,25
2018-11-01 07:00:00,109,72,37
2018-11-01 08:00:00,158,117,41
2018-11-01 09:00:00,75,63,12
2018-11-01 10:00:00,21,14,7
2018-11-01 11:00:00,12,6,6
2018-11-01 12:00:00,16,8,8
2018-11-01 13:00:00,13,3,10
2018-11-01 14:00:00,30,15,15
2018-11-01 15:00:00,51,22,29
2018-11-01 16:00:00,111,38,73
2018-11-01 17:00:00,170,40,130
2018-11-01 18:00:00,122,28,94
2018-11-01 19:00:00,25,9,16
2018-11-01 20:00:00,22,6,16
2018-11-01 21:00:00,5,1,4
2018-11-01 22:00:00,4,0,4
2018-11-01 23:00:00,3,0,3
2018-11-02 00:00:00,3,2,1
2018-11-02 01:00:00,1,0,1
2018-11-02 02:00:00,0,0,0
2018-11-02 03:00:00,0,0,0
2018-11-02 04:00:00,0,0,0
2018-11-02 05:00:00,20,13,7
2018-11-02 06:00:00,35,18,17
2018-11-02 07:00:00,100,69,31
2018-11-02 08:00:00,137,109,28
2018-11-02 09:00:00,68,49,19
2018-11-02 10:00:00,27,17,10
2018-11-02 11:00:00,14,10,4
2018-11-02 12:00:00,18,7,11
2018-11-02 13:00:00,33,14,19
2018-11-02 14:00:00,41,15,26
2018-11-02 15:00:00,70,29,41
2018-11-02 16:00:00,113,40,73
2018-11-02 17:00:00,183,39,144
2018-11-02 18:00:00,76,23,53
2018-11-02 19:00:00,33,7,26
2018-11-02 20:00:00,15,3,12
2018-11-02 21:00:00,18,9,9
2018-11-02 22:00:00,5,1,4
2018-11-02 23:00:00,8,3,5
2018-11-03 00:00:00,4,2,2
2018-11-03 01:00:00,1,0,1
2018-11-03 02:00:00,1,0,1
2018-11-03 03:00:00,0,0,0
2018-11-03 04:00:00,0,0,0
2018-11-03 05:00:00,4,3,1
2018-11-03 06:00:00,6,5,1
2018-11-03 07:00:00,9,6,3
2018-11-03 08:00:00,16,9,7
2018-11-03 09:00:00,19,10,9
2018-11-03 10:00:00,15,10,5
2018-11-03 11:00:00,48,31,17
2018-11-03 12:00:00,19,6,13
2018-11-03 13:00:00,16,5,11
2018-11-03 14:00:00,9,4,5
2018-11-03 15:00:00,14,3,11
2018-11-03 16:00:00,11,2,9
2018-11-03 17:00:00,11,5,6
2018-11-03 18:00:00,12,5,7
2018-11-03 19:00:00,4,1,3
2018-11-03 20:00:00,4,1,3
2018-11-03 21:00:00,1,0,1
2018-11-03 22:00:00,2,1,1
2018-11-03 23:00:00,3,3,0
2018-11-04 00:00:00,1,0,1
2018-11-04 01:00:00,2,1,1
2018-11-04 02:00:00,0,0,0
2018-11-04 03:00:00,3,1,2
2018-11-04 04:00:00,0,0,0
2018-11-04 05:00:00,1,1,0
2018-11-04 06:00:00,1,1,0
2018-11-04 07:00:00,9,5,4
2018-11-04 08:00:00,20,10,10
2018-11-04 09:00:00,35,17,18
2018-11-04 10:00:00,46,31,15
2018-11-04 11:00:00,37,17,20
2018-11-04 12:00:00,66,41,25
2018-11-04 13:00:00,80,32,48
2018-11-04 14:00:00,87,44,43
2018-11-04 15:00:00,77,39,38
2018-11-04 16:00:00,110,41,69
2018-11-04 17:00:00,36,20,16
2018-11-04 18:00:00,15,4,11
2018-11-04 19:00:00,6,5,1
2018-11-04 20:00:00,4,3,1
2018-11-04 21:00:00,2,0,2
2018-11-04 22:00:00,1,0,1
2018-11-04 23:00:00,0,0,0
2018-11-05 00:00:00,3,2,1
2018-11-05 01:00:00,0,0,0
2018-11-05 02:00:00,2,1,1
2018-11-05 03:00:00,2,1,1
2018-11-05 04:00:00,0,0,0
2018-11-05 05:00:00,14,9,5
2018-11-05 06:00:00,51,31,20
2018-11-05 07:00:00,146,97,49
2018-11-05 08:00:00,183,141,42
2018-11-05 09:00:00,70,57,13
2018-11-05 10:00:00,23,14,9
2018-11-05 11:00:00,29,17,12
2018-11-05 12:00:00,35,15,20
2018-11-05 13:00:00,18,10,8
2018-11-05 14:00:00,29,12,17
2018-11-05 15:00:00,49,20,29
2018-11-05 16:00:00,103,33,70
2018-11-05 17:00:00,195,52,143
2018-11-05 18:00:00,78,15,63
2018-11-05 19:00:00,40,9,31
2018-11-05 20:00:00,7,0,7
2018-11-05 21:00:00,10,3,7
2018-11-05 22:00:00,12,10,2
2018-11-05 23:00:00,0,0,0
2018-11-06 00:00:00,3,1,2
2018-11-06 01:00:00,0,0,0
2018-11-06 02:00:00,0,0,0
2018-11-06 03:00:00,2,2,0
2018-11-06 04:00:00,0,0,0
2018-11-06 05:00:00,14,7,7
2018-11-06 06:00:00,56,29,27
2018-11-06 07:00:00,151,106,45
2018-11-06 08:00:00,155,115,40
2018-11-06 09:00:00,78,56,22
2018-11-06 10:00:00,29,23,6
2018-11-06 11:00:00,26,14,12
2018-11-06 12:00:00,34,14,20
2018-11-06 13:00:00,30,15,15
2018-11-06 14:00:00,41,24,17
2018-11-06 15:00:00,82,31,51
2018-11-06 16:00:00,173,62,111
2018-11-06 17:00:00,209,48,161
2018-11-06 18:00:00,86,14,72
2018-11-06 19:00:00,30,10,20
2018-11-06 20:00:00,14,6,8
2018-11-06 21:00:00,4,0,4
2018-11-06 22:00:00,12,4,8
2018-11-06 23:00:00,1,1,0
2018-11-07 00:00:00,3,0,3
2018-11-07 01:00:00,0,0,0
2018-11-07 02:00:00,0,0,0
2018-11-07 03:00:00,1,1,0
2018-11-07 04:00:00,0,0,0
2018-11-07 05:00:00,17,10,7
2018-11-07 06:00:00,51,37,14
2018-11-07 07:00:00,138,88,50
2018-11-07 08:00:00,182,145,37
2018-11-07 09:00:00,84,70,14
2018-11-07 10:00:00,36,22,14
2018-11-07 11:00:00,30,11,19
2018-11-07 12:00:00,33,18,15
2018-11-07 13:00:00,33,14,19
2018-11-07 14:00:00,41,18,23
2018-11-07 15:00:00,69,24,45
2018-11-07 16:00:00,141,47,94
2018-11-07 17:00:00,202,56,146
2018-11-07 18:00:00,95,16,79
2018-11-07 19:00:00,29,7,22
2018-11-07 20:00:00,15,6,9
2018-11-07 21:00:00,6,1,5
2018-11-07 22:00:00,2,0,2
2018-11-07 23:00:00,1,0,1
2018-11-08 00:00:00,2,1,1
2018-11-08 01:00:00,1,1,0
2018-11-08 02:00:00,0,0,0
2018-11-08 03:00:00,1,1,0
2018-11-08 04:00:00,0,0,0
2018-11-08 05:00:00,17,9,8
2018-11-08 06:00:00,58,36,22
2018-11-08 07:00:00,113,83,30
2018-11-08 08:00:00,156,118,38
2018-11-08 09:00:00,69,54,15
2018-11-08 10:00:00,27,16,11
2018-11-08 11:00:00,20,12,8
2018-11-08 12:00:00,41,16,25
2018-11-08 13:00:00,31,16,15
2018-11-08 14:00:00,40,22,18
2018-11-08 15:00:00,64,28,36
2018-11-08 16:00:00,145,45,100
2018-11-08 17:00:00,168,47,121
2018-11-08 18:00:00,73,18,55
2018-11-08 19:00:00,58,11,47
2018-11-08 20:00:00,19,4,15
2018-11-08 21:00:00,9,3,6
2018-11-08 22:00:00,8,2,6
2018-11-08 23:00:00,25,2,23
2018-11-09 00:00:00,1,1,0
2018-11-09 01:00:00,1,1,0
2018-11-09 02:00:00,1,0,1
2018-11-09 03:00:00,1,1,0
2018-11-09 04:00:00,0,0,0
2018-11-09 05:00:00,21,10,11
2018-11-09 06:00:00,35,23,12
2018-11-09 07:00:00,86,59,27
2018-11-09 08:00:00,131,101,30
2018-11-09 09:00:00,50,39,11
2018-11-09 10:00:00,18,14,4
2018-11-09 11:00:00,7,3,4
2018-11-09 12:00:00,21,7,14
2018-11-09 13:00:00,15,4,11
2018-11-09 14:00:00,32,12,20
2018-11-09 15:00:00,44,18,26
2018-11-09 16:00:00,101,43,58
2018-11-09 17:00:00,126,19,107
2018-11-09 18:00:00,55,11,44
2018-11-09 19:00:00,15,5,10
2018-11-09 20:00:00,5,1,4
2018-11-09 21:00:00,5,2,3
2018-11-09 22:00:00,2,2,0
2018-11-09 23:00:00,8,3,5
2018-11-10 00:00:00,1,1,0
2018-11-10 01:00:00,3,0,3
2018-11-10 02:00:00,0,0,0
2018-11-10 03:00:00,1,0,1
2018-11-10 04:00:00,0,0,0
2018-11-10 05:00:00,2,2,0
2018-11-10 06:00:00,6,4,2
2018-11-10 07:00:00,9,4,5
2018-11-10 08:00:00,17,10,7
2018-11-10 09:00:00,30,10,20
2018-11-10 10:00:00,56,28,28
2018-11-10 11:00:00,48,19,29
2018-11-10 12:00:00,64,35,29
2018-11-10 13:00:00,68,26,42
2018-11-10 14:00:00,84,44,40
2018-11-10 15:00:00,104,49,55
2018-11-10 16:00:00,80,39,41
2018-11-10 17:00:00,41,28,13
2018-11-10 18:00:00,26,18,8
2018-11-10 19:00:00,6,2,4
2018-11-10 20:00:00,4,1,3
2018-11-10 21:00:00,8,3,5
2018-11-10 22:00:00,2,0,2
2018-11-10 23:00:00,0,0,0
2018-11-11 00:00:00,2,1,1
2018-11-11 01:00:00,0,0,0
2018-11-11 02:00:00,0,0,0
2018-11-11 03:00:00,1,1,0
2018-11-11 04:00:00,0,0,0
2018-11-11 05:00:00,2,2,0
2018-11-11 06:00:00,1,1,0
2018-11-11 07:00:00,3,1,2
2018-11-11 08:00:00,14,6,8
2018-11-11 09:00:00,29,13,16
2018-11-11 10:00:00,38,23,15
2018-11-11 11:00:00,65,37,28
2018-11-11 12:00:00,72,34,38
2018-11-11 13:00:00,58,28,30
2018-11-11 14:00:00,91,43,48
2018-11-11 15:00:00,54,26,28
2018-11-11 16:00:00,52,26,26
2018-11-11 17:00:00,21,12,9
2018-11-11 18:00:00,8,4,4
2018-11-11 19:00:00,4,2,2
2018-11-11 20:00:00,4,1,3
2018-11-11 21:00:00,4,3,1
2018-11-11 22:00:00,3,3,0
2018-11-11 23:00:00,2,2,0
2018-11-12 00:00:00,9,3,6
2018-11-12 01:00:00,3,0,3
2018-11-12 02:00:00,2,0,2
2018-11-12 03:00:00,0,0,0
2018-11-12 04:00:00,0,0,0
2018-11-12 05:00:00,10,5,5
2018-11-12 06:00:00,33,19,14
2018-11-12 07:00:00,88,60,28
2018-11-12 08:00:00,134,103,31
2018-11-12 09:00:00,75,55,20
2018-11-12 10:00:00,41,24,17
2018-11-12 11:00:00,25,13,12
2018-11-12 12:00:00,41,19,22
2018-11-12 13:00:00,49,26,23
2018-11-12 14:00:00,79,34,45
2018-11-12 15:00:00,67,33,34
2018-11-12 16:00:00,123,50,73
2018-11-12 17:00:00,138,25,113
2018-11-12 18:00:00,84,22,62
2018-11-12 19:00:00,25,4,21
2018-11-12 20:00:00,5,1,4
2018-11-12 21:00:00,11,2,9
2018-11-12 22:00:00,8,2,6
2018-11-12 23:00:00,2,0,2
2018-11-13 00:00:00,7,3,4
2018-11-13 01:00:00,2,1,1
2018-11-13 02:00:00,0,0,0
2018-11-13 03:00:00,1,1,0
2018-11-13 04:00:00,0,0,0
2018-11-13 05:00:00,16,13,3
2018-11-13 06:00:00,57,32,25
2018-11-13 07:00:00,146,107,39
2018-11-13 08:00:00,174,126,48
2018-11-13 09:00:00,85,58,27
2018-11-13 10:00:00,38,21,17
2018-11-13 11:00:00,26,15,11
2018-11-13 12:00:00,46,24,22
2018-11-13 13:00:00,28,16,12
2018-11-13 14:00:00,41,24,17
2018-11-13 15:00:00,75,32,43
2018-11-13 16:00:00,134,57,77
2018-11-13 17:00:00,176,32,144
2018-11-13 18:00:00,89,18,71
2018-11-13 19:00:00,39,8,31
2018-11-13 20:00:00,14,5,9
2018-11-13 21:00:00,13,2,11
2018-11-13 22:00:00,5,0,5
2018-11-13 23:00:00,1,0,1
2018-11-14 00:00:00,3,1,2
2018-11-14 01:00:00,2,1,1
2018-11-14 02:00:00,0,0,0
2018-11-14 03:00:00,2,1,1
2018-11-14 04:00:00,1,1,0
2018-11-14 05:00:00,20,12,8
2018-11-14 06:00:00,45,23,22
2018-11-14 07:00:00,101,71,30
2018-11-14 08:00:00,117,94,23
2018-11-14 09:00:00,45,32,13
2018-11-14 10:00:00,21,13,8
2018-11-14 11:00:00,18,8,10
2018-11-14 12:00:00,26,12,14
2018-11-14 13:00:00,12,10,2
2018-11-14 14:00:00,22,13,9
2018-11-14 15:00:00,44,18,26
2018-11-14 16:00:00,104,39,65
2018-11-14 17:00:00,141,35,106
2018-11-14 18:00:00,77,19,58
2018-11-14 19:00:00,20,3,17
2018-11-14 20:00:00,12,4,8
2018-11-14 21:00:00,10,5,5
2018-11-14 22:00:00,7,4,3
2018-11-14 23:00:00,1,0,1
2018-11-15 00:00:00,2,1,1
2018-11-15 01:00:00,1,1,0
2018-11-15 02:00:00,0,0,0
2018-11-15 03:00:00,6,4,2
2018-11-15 04:00:00,0,0,0
2018-11-15 05:00:00,15,11,4
2018-11-15 06:00:00,44,21,23
2018-11-15 07:00:00,116,81,35
2018-11-15 08:00:00,142,115,27
2018-11-15 09:00:00,82,59,23
2018-11-15 10:00:00,39,22,17
2018-11-15 11:00:00,26,15,11
2018-11-15 12:00:00,48,21,27
2018-11-15 13:00:00,35,22,13
2018-11-15 14:00:00,37,18,19
2018-11-15 15:00:00,77,44,33
2018-11-15 16:00:00,103,40,63
2018-11-15 17:00:00,148,28,120
2018-11-15 18:00:00,83,19,64
2018-11-15 19:00:00,34,7,27
2018-11-15 20:00:00,16,4,12
2018-11-15 21:00:00,38,2,36
2018-11-15 22:00:00,4,0,4
2018-11-15 23:00:00,3,0,3
2018-11-16 00:00:00,2,1,1
2018-11-16 01:00:00,2,2,0
2018-11-16 02:00:00,0,0,0
2018-11-16 03:00:00,1,0,1
2018-11-16 04:00:00,0,0,0
2018-11-16 05:00:00,19,13,6
2018-11-16 06:00:00,34,17,17
2018-11-16 07:00:00,120,89,31
2018-11-16 08:00:00,126,101,25
2018-11-16 09:00:00,70,51,19
2018-11-16 10:00:00,22,10,12
2018-11-16 11:00:00,29,15,14
2018-11-16 12:00:00,27,10,17
2018-11-16 13:00:00,26,11,15
2018-11-16 14:00:00,50,23,27
2018-11-16 15:00:00,66,27,39
2018-11-16 16:00:00,121,36,85
2018-11-16 17:00:00,134,31,103
2018-11-16 18:00:00,52,5,47
2018-11-16 19:00:00,24,9,15
2018-11-16 20:00:00,17,6,11
2018-11-16 21:00:00,4,2,2
2018-11-16 22:00:00,6,2,4
2018-11-16 23:00:00,3,0,3
2018-11-17 00:00:00,3,1,2
2018-11-17 01:00:00,0,0,0
2018-11-17 02:00:00,0,0,0
2018-11-17 03:00:00,0,0,0
2018-11-17 04:00:00,0,0,0
2018-11-17 05:00:00,3,1,2
2018-11-17 06:00:00,5,1,4
2018-11-17 07:00:00,14,10,4
2018-11-17 08:00:00,25,18,7
2018-11-17 09:00:00,28,16,12
2018-11-17 10:00:00,57,32,25
2018-11-17 11:00:00,99,47,52
2018-11-17 12:00:00,75,36,39
2018-11-17 13:00:00,122,74,48
2018-11-17 14:00:00,114,56,58
2018-11-17 15:00:00,105,37,68
2018-11-17 16:00:00,75,29,46
2018-11-17 17:00:00,41,16,25
2018-11-17 18:00:00,6,0,6
2018-11-17 19:00:00,6,0,6
2018-11-17 20:00:00,5,3,2
2018-11-17 21:00:00,4,2,2
2018-11-17 22:00:00,0,0,0
2018-11-17 23:00:00,0,0,0
2018-11-18 00:00:00,1,1,0
2018-11-18 01:00:00,1,0,1
2018-11-18 02:00:00,0,0,0
2018-11-18 03:00:00,2,1,1
2018-11-18 04:00:00,0,0,0
2018-11-18 05:00:00,2,1,1
2018-11-18 06:00:00,2,2,0
2018-11-18 07:00:00,2,2,0
2018-11-18 08:00:00,20,10,10
2018-11-18 09:00:00,44,22,22
2018-11-18 10:00:00,53,31,22
2018-11-18 11:00:00,58,24,34
2018-11-18 12:00:00,104,51,53
2018-11-18 13:00:00,123,60,63
2018-11-18 14:00:00,108,58,50
2018-11-18 15:00:00,93,33,60
2018-11-18 16:00:00,67,35,32
2018-11-18 17:00:00,30,12,18
2018-11-18 18:00:00,9,5,4
2018-11-18 19:00:00,4,2,2
2018-11-18 20:00:00,3,0,3
2018-11-18 21:00:00,7,3,4
2018-11-18 22:00:00,2,0,2
2018-11-18 23:00:00,1,0,1
2018-11-19 00:00:00,0,0,0
2018-11-19 01:00:00,1,0,1
2018-11-19 02:00:00,0,0,0
2018-11-19 03:00:00,1,1,0
2018-11-19 04:00:00,0,0,0
2018-11-19 05:00:00,20,12,8
2018-11-19 06:00:00,39,21,18
2018-11-19 07:00:00,124,81,43
2018-11-19 08:00:00,155,123,32
2018-11-19 09:00:00,81,59,22
2018-11-19 10:00:00,45,33,12
2018-11-19 11:00:00,41,26,15
2018-11-19 12:00:00,27,12,15
2018-11-19 13:00:00,56,25,31
2018-11-19 14:00:00,77,36,41
2018-11-19 15:00:00,113,33,80
2018-11-19 16:00:00,150,56,94
2018-11-19 17:00:00,154,37,117
2018-11-19 18:00:00,76,13,63
2018-11-19 19:00:00,25,4,21
2018-11-19 20:00:00,6,2,4
2018-11-19 21:00:00,8,0,8
2018-11-19 22:00:00,15,1,14
2018-11-19 23:00:00,0,0,0
2018-11-20 00:00:00,2,2,0
2018-11-20 01:00:00,1,1,0
2018-11-20 02:00:00,0,0,0
2018-11-20 03:00:00,1,1,0
2018-11-20 04:00:00,0,0,0
2018-11-20 05:00:00,14,10,4
2018-11-20 06:00:00,40,24,16
2018-11-20 07:00:00,103,73,30
2018-11-20 08:00:00,142,100,42
2018-11-20 09:00:00,77,52,25
2018-11-20 10:00:00,27,19,8
2018-11-20 11:00:00,19,8,11
2018-11-20 12:00:00,34,21,13
2018-11-20 13:00:00,24,8,16
2018-11-20 14:00:00,42,17,25
2018-11-20 15:00:00,77,35,42
2018-11-20 16:00:00,113,45,68
2018-11-20 17:00:00,164,41,123
2018-11-20 18:00:00,61,16,45
2018-11-20 19:00:00,29,8,21
2018-11-20 20:00:00,10,0,10
2018-11-20 21:00:00,5,1,4
2018-11-20 22:00:00,1,1,0
2018-11-20 23:00:00,2,1,1
2018-11-21 00:00:00,3,2,1
2018-11-21 01:00:00,1,1,0
2018-11-21 02:00:00,0,0,0
2018-11-21 03:00:00,1,1,0
2018-11-21 04:00:00,1,0,1
2018-11-21 05:00:00,13,7,6
2018-11-21 06:00:00,25,12,13
2018-11-21 07:00:00,82,61,21
2018-11-21 08:00:00,105,83,22
2018-11-21 09:00:00,25,16,9
2018-11-21 10:00:00,15,9,6
2018-11-21 11:00:00,11,8,3
2018-11-21 12:00:00,11,4,7
2018-11-21 13:00:00,29,8,21
2018-11-21 14:00:00,53,12,41
2018-11-21 15:00:00,64,25,39
2018-11-21 16:00:00,75,19,56
2018-11-21 17:00:00,54,12,42
2018-11-21 18:00:00,20,2,18
2018-11-21 19:00:00,11,3,8
2018-11-21 20:00:00,4,3,1
2018-11-21 21:00:00,3,1,2
2018-11-21 22:00:00,1,1,0
2018-11-21 23:00:00,0,0,0
2018-11-22 00:00:00,2,1,1
2018-11-22 01:00:00,0,0,0
2018-11-22 02:00:00,0,0,0
2018-11-22 03:00:00,0,0,0
2018-11-22 04:00:00,0,0,0
2018-11-22 05:00:00,0,0,0
2018-11-22 06:00:00,3,3,0
2018-11-22 07:00:00,6,4,2
2018-11-22 08:00:00,10,3,7
2018-11-22 09:00:00,26,13,13
2018-11-22 10:00:00,27,12,15
2018-11-22 11:00:00,39,18,21
2018-11-22 12:00:00,29,16,13
2018-11-22 13:00:00,18,9,9
2018-11-22 14:00:00,7,2,5
2018-11-22 15:00:00,2,1,1
2018-11-22 16:00:00,1,1,0
2018-11-22 17:00:00,1,1,0
2018-11-22 18:00:00,2,1,1
2018-11-22 19:00:00,2,2,0
2018-11-22 20:00:00,2,0,2
2018-11-22 21:00:00,4,2,2
2018-11-22 22:00:00,1,1,0
2018-11-22 23:00:00,0,0,0
2018-11-23 00:00:00,1,1,0
2018-11-23 01:00:00,0,0,0
2018-11-23 02:00:00,0,0,0
2018-11-23 03:00:00,0,0,0
2018-11-23 04:00:00,0,0,0
2018-11-23 05:00:00,4,3,1
2018-11-23 06:00:00,6,4,2
2018-11-23 07:00:00,4,3,1
2018-11-23 08:00:00,14,9,5
2018-11-23 09:00:00,13,7,6
2018-11-23 10:00:00,7,1,6
2018-11-23 11:00:00,28,10,18
2018-11-23 12:00:00,12,5,7
2018-11-23 13:00:00,25,10,15
2018-11-23 14:00:00,22,10,12
2018-11-23 15:00:00,16,7,9
2018-11-23 16:00:00,18,4,14
2018-11-23 17:00:00,6,2,4
2018-11-23 18:00:00,9,4,5
2018-11-23 19:00:00,7,2,5
2018-11-23 20:00:00,3,2,1
2018-11-23 21:00:00,3,1,2
2018-11-23 22:00:00,1,1,0
2018-11-23 23:00:00,2,1,1
2018-11-24 00:00:00,0,0,0
2018-11-24 01:00:00,0,0,0
2018-11-24 02:00:00,0,0,0
2018-11-24 03:00:00,1,0,1
2018-11-24 04:00:00,0,0,0
2018-11-24 05:00:00,1,1,0
2018-11-24 06:00:00,5,3,2
2018-11-24 07:00:00,4,4,0
2018-11-24 08:00:00,14,8,6
2018-11-24 09:00:00,26,13,13
2018-11-24 10:00:00,39,15,24
2018-11-24 11:00:00,68,44,24
2018-11-24 12:00:00,49,23,26
2018-11-24 13:00:00,67,30,37
2018-11-24 14:00:00,54,26,28
2018-11-24 15:00:00,94,48,46
2018-11-24 16:00:00,39,20,19
2018-11-24 17:00:00,30,22,8
2018-11-24 18:00:00,11,5,6
2018-11-24 19:00:00,8,4,4
2018-11-24 20:00:00,5,1,4
2018-11-24 21:00:00,16,2,14
2018-11-24 22:00:00,6,3,3
2018-11-24 23:00:00,1,1,0
2018-11-25 00:00:00,0,0,0
2018-11-25 01:00:00,0,0,0
2018-11-25 02:00:00,0,0,0
2018-11-25 03:00:00,3,1,2
2018-11-25 04:00:00,0,0,0
2018-11-25 05:00:00,1,1,0
2018-11-25 06:00:00,1,1,0
2018-11-25 07:00:00,4,1,3
2018-11-25 08:00:00,12,6,6
2018-11-25 09:00:00,25,11,14
2018-11-25 10:00:00,33,15,18
2018-11-25 11:00:00,58,28,30
2018-11-25 12:00:00,72,34,38
2018-11-25 13:00:00,39,23,16
2018-11-25 14:00:00,61,24,37
2018-11-25 15:00:00,84,50,34
2018-11-25 16:00:00,29,15,14
2018-11-25 17:00:00,8,3,5
2018-11-25 18:00:00,8,3,5
2018-11-25 19:00:00,7,1,6
2018-11-25 20:00:00,0,0,0
2018-11-25 21:00:00,6,2,4
2018-11-25 22:00:00,1,0,1
2018-11-25 23:00:00,0,0,0
2018-11-26 00:00:00,0,0,0
2018-11-26 01:00:00,1,0,1
2018-11-26 02:00:00,1,0,1
2018-11-26 03:00:00,1,1,0
2018-11-26 04:00:00,0,0,0
2018-11-26 05:00:00,9,5,4
2018-11-26 06:00:00,30,14,16
2018-11-26 07:00:00,88,59,29
2018-11-26 08:00:00,106,77,29
2018-11-26 09:00:00,49,33,16
2018-11-26 10:00:00,14,12,2
2018-11-26 11:00:00,8,2,6
2018-11-26 12:00:00,5,1,4
2018-11-26 13:00:00,7,2,5
2018-11-26 14:00:00,15,6,9
2018-11-26 15:00:00,28,14,14
2018-11-26 16:00:00,56,12,44
2018-11-26 17:00:00,117,16,101
2018-11-26 18:00:00,53,5,48
2018-11-26 19:00:00,23,4,19
2018-11-26 20:00:00,4,0,4
2018-11-26 21:00:00,3,1,2
2018-11-26 22:00:00,1,0,1
2018-11-26 23:00:00,0,0,0
2018-11-27 00:00:00,1,0,1
2018-11-27 01:00:00,1,0,1
2018-11-27 02:00:00,0,0,0
2018-11-27 03:00:00,1,1,0
2018-11-27 04:00:00,0,0,0
2018-11-27 05:00:00,14,7,7
2018-11-27 06:00:00,23,14,9
2018-11-27 07:00:00,97,66,31
2018-11-27 08:00:00,124,97,27
2018-11-27 09:00:00,77,60,17
2018-11-27 10:00:00,19,13,6
2018-11-27 11:00:00,22,13,9
2018-11-27 12:00:00,28,15,13
2018-11-27 13:00:00,34,9,25
2018-11-27 14:00:00,25,10,15
2018-11-27 15:00:00,35,14,21
2018-11-27 16:00:00,72,25,47
2018-11-27 17:00:00,117,20,97
2018-11-27 18:00:00,77,11,66
2018-11-27 19:00:00,31,8,23
2018-11-27 20:00:00,10,6,4
2018-11-27 21:00:00,6,1,5
2018-11-27 22:00:00,3,0,3
2018-11-27 23:00:00,5,0,5
2018-11-28 00:00:00,2,1,1
2018-11-28 01:00:00,1,1,0
2018-11-28 02:00:00,0,0,0
2018-11-28 03:00:00,2,1,1
2018-11-28 04:00:00,0,0,0
2018-11-28 05:00:00,14,8,6
2018-11-28 06:00:00,39,17,22
2018-11-28 07:00:00,100,63,37
2018-11-28 08:00:00,111,83,28
2018-11-28 09:00:00,57,47,10
2018-11-28 10:00:00,24,12,12
2018-11-28 11:00:00,8,5,3
2018-11-28 12:00:00,10,5,5
2018-11-28 13:00:00,21,9,12
2018-11-28 14:00:00,14,6,8
2018-11-28 15:00:00,34,20,14
2018-11-28 16:00:00,69,17,52
2018-11-28 17:00:00,136,34,102
2018-11-28 18:00:00,65,17,48
2018-11-28 19:00:00,24,4,20
2018-11-28 20:00:00,19,4,15
2018-11-28 21:00:00,13,5,8
2018-11-28 22:00:00,5,0,5
2018-11-28 23:00:00,1,0,1
2018-11-29 00:00:00,13,6,7
2018-11-29 01:00:00,1,1,0
2018-11-29 02:00:00,0,0,0
2018-11-29 03:00:00,0,0,0
2018-11-29 04:00:00,3,2,1
2018-11-29 05:00:00,16,9,7
2018-11-29 06:00:00,56,33,23
2018-11-29 07:00:00,127,85,42
2018-11-29 08:00:00,144,110,34
2018-11-29 09:00:00,79,60,19
2018-11-29 10:00:00,23,16,7
2018-11-29 11:00:00,19,9,10
2018-11-29 12:00:00,28,12,16
2018-11-29 13:00:00,34,22,12
2018-11-29 14:00:00,37,19,18
2018-11-29 15:00:00,42,24,18
2018-11-29 16:00:00,95,34,61
2018-11-29 17:00:00,173,37,136
2018-11-29 18:00:00,87,20,67
2018-11-29 19:00:00,32,3,29
2018-11-29 20:00:00,12,4,8
2018-11-29 21:00:00,15,6,9
2018-11-29 22:00:00,5,2,3
2018-11-29 23:00:00,4,0,4
2018-11-30 00:00:00,2,1,1
2018-11-30 01:00:00,2,1,1
2018-11-30 02:00:00,0,0,0
2018-11-30 03:00:00,0,0,0
2018-11-30 04:00:00,0,0,0
2018-11-30 05:00:00,26,15,11
2018-11-30 06:00:00,29,16,13
2018-11-30 07:00:00,107,76,31
2018-11-30 08:00:00,122,91,31
2018-11-30 09:00:00,57,45,12
2018-11-30 10:00:00,23,14,9
2018-11-30 11:00:00,45,21,24
2018-11-30 12:00:00,21,11,10
2018-11-30 13:00:00,23,10,13
2018-11-30 14:00:00,40,20,20
2018-11-30 15:00:00,45,28,17
2018-11-30 16:00:00,115,27,88
2018-11-30 17:00:00,116,20,96
2018-11-30 18:00:00,48,9,39
2018-11-30 19:00:00,17,4,13
2018-11-30 20:00:00,7,1,6
2018-11-30 21:00:00,2,2,0
2018-11-30 22:00:00,3,2,1
2018-11-30 23:00:00,4,0,4
2018-12-01 00:00:00,3,1,2
2018-12-01 01:00:00,0,0,0
2018-12-01 02:00:00,1,0,1
2018-12-01 03:00:00,0,0,0
2018-12-01 04:00:00,0,0,0
2018-12-01 05:00:00,3,1,2
2018-12-01 06:00:00,5,2,3
2018-12-01 07:00:00,8,7,1
2018-12-01 08:00:00,18,11,7
2018-12-01 09:00:00,35,21,14
2018-12-01 10:00:00,34,13,21
2018-12-01 11:00:00,27,12,15
2018-12-01 12:00:00,25,11,14
2018-12-01 13:00:00,36,16,20
2018-12-01 14:00:00,34,16,18
2018-12-01 15:00:00,53,33,20
2018-12-01 16:00:00,27,6,21
2018-12-01 17:00:00,15,6,9
2018-12-01 18:00:00,9,4,5
2018-12-01 19:00:00,2,1,1
2018-12-01 20:00:00,1,0,1
2018-12-01 21:00:00,8,6,2
2018-12-01 22:00:00,4,2,2
2018-12-01 23:00:00,2,2,0
2018-12-02 00:00:00,0,0,0
2018-12-02 01:00:00,3,3,0
2018-12-02 02:00:00,0,0,0
2018-12-02 03:00:00,2,1,1
2018-12-02 04:00:00,3,1,2
2018-12-02 05:00:00,2,0,2
2018-12-02 06:00:00,1,0,1
2018-12-02 07:00:00,6,2,4
2018-12-02 08:00:00,29,15,14
2018-12-02 09:00:00,25,12,13
2018-12-02 10:00:00,28,13,15
2018-12-02 11:00:00,33,20,13
2018-12-02 12:00:00,48,16,32
2018-12-02 13:00:00,41,15,26
2018-12-02 14:00:00,44,21,23
2018-12-02 15:00:00,30,13,17
2018-12-02 16:00:00,30,7,23
2018-12-02 17:00:00,19,7,12
2018-12-02 18:00:00,9,3,6
2018-12-02 19:00:00,7,4,3
2018-12-02 20:00:00,3,1,2
2018-12-02 21:00:00,2,1,1
2018-12-02 22:00:00,2,0,2
2018-12-02 23:00:00,0,0,0
2018-12-03 00:00:00,1,0,1
2018-12-03 01:00:00,1,1,0
2018-12-03 02:00:00,0,0,0
2018-12-03 03:00:00,3,1,2
2018-12-03 04:00:00,0,0,0
2018-12-03 05:00:00,22,10,12
2018-12-03 06:00:00,29,16,13
2018-12-03 07:00:00,119,85,34
2018-12-03 08:00:00,139,109,30
2018-12-03 09:00:00,80,65,15
2018-12-03 10:00:00,30,18,12
2018-12-03 11:00:00,24,15,9
2018-12-03 12:00:00,45,24,21
2018-12-03 13:00:00,29,17,12
2018-12-03 14:00:00,49,22,27
2018-12-03 15:00:00,53,27,26
2018-12-03 16:00:00,113,42,71
2018-12-03 17:00:00,154,30,124
2018-12-03 18:00:00,90,13,77
2018-12-03 19:00:00,30,3,27
2018-12-03 20:00:00,14,5,9
2018-12-03 21:00:00,5,1,4
2018-12-03 22:00:00,1,0,1
2018-12-03 23:00:00,2,0,2
2018-12-04 00:00:00,2,1,1
2018-12-04 01:00:00,1,1,0
2018-12-04 02:00:00,3,1,2
2018-12-04 03:00:00,0,0,0
2018-12-04 04:00:00,1,0,1
2018-12-04 05:00:00,15,8,7
2018-12-04 06:00:00,33,18,15
2018-12-04 07:00:00,116,83,33
2018-12-04 08:00:00,131,95,36
2018-12-04 09:00:00,82,62,20
2018-12-04 10:00:00,37,21,16
2018-12-04 11:00:00,35,18,17
2018-12-04 12:00:00,31,19,12
2018-12-04 13:00:00,24,12,12
2018-12-04 14:00:00,51,29,22
2018-12-04 15:00:00,63,22,41
2018-12-04 16:00:00,106,35,71
2018-12-04 17:00:00,135,29,106
2018-12-04 18:00:00,85,16,69
2018-12-04 19:00:00,33,8,25
2018-12-04 20:00:00,15,2,13
2018-12-04 21:00:00,10,0,10
2018-12-04 22:00:00,5,1,4
2018-12-04 23:00:00,1,0,1
2018-12-05 00:00:00,0,0,0
2018-12-05 01:00:00,1,1,0
2018-12-05 02:00:00,2,0,2
2018-12-05 03:00:00,1,1,0
2018-12-05 04:00:00,2,1,1
2018-12-05 05:00:00,11,6,5
2018-12-05 06:00:00,47,25,22
2018-12-05 07:00:00,90,57,33
2018-12-05 08:00:00,129,99,30
2018-12-05 09:00:00,63,53,10
2018-12-05 10:00:00,25,18,7
2018-12-05 11:00:00,32,19,13
2018-12-05 12:00:00,26,9,17
2018-12-05 13:00:00,40,15,25
2018-12-05 14:00:00,41,17,24
2018-12-05 15:00:00,48,22,26
2018-12-05 16:00:00,91,31,60
2018-12-05 17:00:00,131,35,96
2018-12-05 18:00:00,67,16,51
2018-12-05 19:00:00,22,3,19
2018-12-05 20:00:00,12,2,10
2018-12-05 21:00:00,7,5,2
2018-12-05 22:00:00,6,2,4
2018-12-05 23:00:00,3,0,3
2018-12-06 00:00:00,0,0,0
2018-12-06 01:00:00,2,1,1
2018-12-06 02:00:00,0,0,0
2018-12-06 03:00:00,1,1,0
2018-12-06 04:00:00,1,0,1
2018-12-06 05:00:00,14,9,5
2018-12-06 06:00:00,39,18,21
2018-12-06 07:00:00,76,50,26
2018-12-06 08:00:00,127,105,22
2018-12-06 09:00:00,71,59,12
2018-12-06 10:00:00,11,6,5
2018-12-06 11:00:00,35,17,18
2018-12-06 12:00:00,20,13,7
2018-12-06 13:00:00,26,11,15
2018-12-06 14:00:00,40,18,22
2018-12-06 15:00:00,53,23,30
2018-12-06 16:00:00,82,27,55
2018-12-06 17:00:00,131,34,97
2018-12-06 18:00:00,65,11,54
2018-12-06 19:00:00,27,7,20
2018-12-06 20:00:00,7,3,4
2018-12-06 21:00:00,7,0,7
2018-12-06 22:00:00,2,1,1
2018-12-06 23:00:00,1,0,1
2018-12-07 00:00:00,3,2,1
2018-12-07 01:00:00,2,1,1
2018-12-07 02:00:00,1,0,1
2018-12-07 03:00:00,1,1,0
2018-12-07 04:00:00,1,0,1
2018-12-07 05:00:00,13,3,10
2018-12-07 06:00:00,38,16,22
2018-12-07 07:00:00,81,61,20
2018-12-07 08:00:00,101,77,24
2018-12-07 09:00:00,55,44,11
2018-12-07 10:00:00,40,30,10
2018-12-07 11:00:00,26,12,14
2018-12-07 12:00:00,27,17,10
2018-12-07 13:00:00,19,8,11
2018-12-07 14:00:00,35,17,18
2018-12-07 15:00:00,46,21,25
2018-12-07 16:00:00,89,31,58
2018-12-07 17:00:00,114,18,96
2018-12-07 18:00:00,57,13,44
2018-12-07 19:00:00,10,4,6
2018-12-07 20:00:00,22,8,14
2018-12-07 21:00:00,2,1,1
2018-12-07 22:00:00,1,1,0
2018-12-07 23:00:00,3,2,1
2018-12-08 00:00:00,3,1,2
2018-12-08 01:00:00,1,0,1
2018-12-08 02:00:00,0,0,0
2018-12-08 03:00:00,0,0,0
2018-12-08 04:00:00,0,0,0
2018-12-08 05:00:00,1,1,0
2018-12-08 06:00:00,4,3,1
2018-12-08 07:00:00,7,2,5
2018-12-08 08:00:00,11,5,6
2018-12-08 09:00:00,17,10,7
2018-12-08 10:00:00,28,20,8
2018-12-08 11:00:00,44,15,29
2018-12-08 12:00:00,49,26,23
2018-12-08 13:00:00,31,7,24
2018-12-08 14:00:00,61,23,38
2018-12-08 15:00:00,55,35,20
2018-12-08 16:00:00,34,16,18
2018-12-08 17:00:00,12,7,5
2018-12-08 18:00:00,19,15,4
2018-12-08 19:00:00,4,2,2
2018-12-08 20:00:00,9,1,8
2018-12-08 21:00:00,5,3,2
2018-12-08 22:00:00,14,1,13
2018-12-08 23:00:00,7,3,4
2018-12-09 00:00:00,0,0,0
2018-12-09 01:00:00,0,0,0
2018-12-09 02:00:00,0,0,0
2018-12-09 03:00:00,1,1,0
2018-12-09 04:00:00,0,0,0
2018-12-09 05:00:00,1,0,1
2018-12-09 06:00:00,2,2,0
2018-12-09 07:00:00,6,4,2
2018-12-09 08:00:00,4,3,1
2018-12-09 09:00:00,8,3,5
2018-12-09 10:00:00,8,4,4
2018-12-09 11:00:00,6,3,3
2018-12-09 12:00:00,2,1,1
2018-12-09 13:00:00,8,3,5
2018-12-09 14:00:00,3,1,2
2018-12-09 15:00:00,3,0,3
2018-12-09 16:00:00,7,3,4
2018-12-09 17:00:00,4,3,1
2018-12-09 18:00:00,3,2,1
2018-12-09 19:00:00,0,0,0
2018-12-09 20:00:00,1,1,0
2018-12-09 21:00:00,0,0,0
2018-12-09 22:00:00,1,0,1
2018-12-09 23:00:00,0,0,0
2018-12-10 00:00:00,0,0,0
2018-12-10 01:00:00,0,0,0
2018-12-10 02:00:00,0,0,0
2018-12-10 03:00:00,2,1,1
2018-12-10 04:00:00,1,0,1
2018-12-10 05:00:00,15,10,5
2018-12-10 06:00:00,36,16,20
2018-12-10 07:00:00,100,69,31
2018-12-10 08:00:00,151,111,40
2018-12-10 09:00:00,70,47,23
2018-12-10 10:00:00,28,16,12
2018-12-10 11:00:00,19,10,9
2018-12-10 12:00:00,27,13,14
2018-12-10 13:00:00,26,10,16
2018-12-10 14:00:00,46,25,21
2018-12-10 15:00:00,65,31,34
2018-12-10 16:00:00,136,51,85
2018-12-10 17:00:00,139,33,106
2018-12-10 18:00:00,64,8,56
2018-12-10 19:00:00,15,1,14
2018-12-10 20:00:00,29,0,29
2018-12-10 21:00:00,18,3,15
2018-12-10 22:00:00,7,2,5
2018-12-10 23:00:00,5,2,3
2018-12-11 00:00:00,1,1,0
2018-12-11 01:00:00,1,1,0
2018-12-11 02:00:00,1,0,1
2018-12-11 03:00:00,1,1,0
2018-12-11 04:00:00,0,0,0
2018-12-11 05:00:00,11,7,4
2018-12-11 06:00:00,34,15,19
2018-12-11 07:00:00,82,54,28
2018-12-11 08:00:00,87,62,25
2018-12-11 09:00:00,53,37,16
2018-12-11 10:00:00,19,12,7
2018-12-11 11:00:00,7,3,4
2018-12-11 12:00:00,7,3,4
2018-12-11 13:00:00,5,1,4
2018-12-11 14:00:00,10,2,8
2018-12-11 15:00:00,24,10,14
2018-12-11 16:00:00,68,26,42
2018-12-11 17:00:00,107,23,84
2018-12-11 18:00:00,65,10,55
2018-12-11 19:00:00,32,8,24
2018-12-11 20:00:00,6,1,5
2018-12-11 21:00:00,3,0,3
2018-12-11 22:00:00,3,0,3
2018-12-11 23:00:00,2,0,2
2018-12-12 00:00:00,3,2,1
2018-12-12 01:00:00,0,0,0
2018-12-12 02:00:00,0,0,0
2018-12-12 03:00:00,1,1,0
2018-12-12 04:00:00,0,0,0
2018-12-12 05:00:00,15,9,6
2018-12-12 06:00:00,42,22,20
2018-12-12 07:00:00,91,59,32
2018-12-12 08:00:00,132,102,30
2018-12-12 09:00:00,60,44,16
2018-12-12 10:00:00,27,20,7
2018-12-12 11:00:00,14,7,7
2018-12-12 12:00:00,16,5,11
2018-12-12 13:00:00,12,8,4
2018-12-12 14:00:00,30,15,15
2018-12-12 15:00:00,57,27,30
2018-12-12 16:00:00,71,25,46
2018-12-12 17:00:00,145,34,111
2018-12-12 18:00:00,66,9,57
2018-12-12 19:00:00,23,6,17
2018-12-12 20:00:00,17,2,15
2018-12-12 21:00:00,4,1,3
2018-12-12 22:00:00,5,3,2
2018-12-12 23:00:00,0,0,0
2018-12-13 00:00:00,0,0,0
2018-12-13 01:00:00,1,1,0
2018-12-13 02:00:00,1,0,1
2018-12-13 03:00:00,1,1,0
2018-12-13 04:00:00,0,0,0
2018-12-13 05:00:00,13,8,5
2018-12-13 06:00:00,45,21,24
2018-12-13 07:00:00,88,53,35
2018-12-13 08:00:00,101,77,24
2018-12-13 09:00:00,53,37,16
2018-12-13 10:00:00,27,20,7
2018-12-13 11:00:00,12,8,4
2018-12-13 12:00:00,17,7,10
2018-12-13 13:00:00,13,5,8
2018-12-13 14:00:00,11,1,10
2018-12-13 15:00:00,38,19,19
2018-12-13 16:00:00,72,37,35
2018-12-13 17:00:00,128,23,105
2018-12-13 18:00:00,62,8,54
2018-12-13 19:00:00,23,3,20
2018-12-13 20:00:00,20,5,15
2018-12-13 21:00:00,11,5,6
2018-12-13 22:00:00,6,0,6
2018-12-13 23:00:00,2,2,0
2018-12-14 00:00:00,3,1,2
2018-12-14 01:00:00,1,1,0
2018-12-14 02:00:00,0,0,0
2018-12-14 03:00:00,0,0,0
2018-12-14 04:00:00,0,0,0
2018-12-14 05:00:00,13,10,3
2018-12-14 06:00:00,33,13,20
2018-12-14 07:00:00,66,52,14
2018-12-14 08:00:00,110,85,25
2018-12-14 09:00:00,52,40,12
2018-12-14 10:00:00,24,10,14
2018-12-14 11:00:00,26,14,12
2018-12-14 12:00:00,33,15,18
2018-12-14 13:00:00,20,9,11
2018-12-14 14:00:00,24,6,18
2018-12-14 15:00:00,63,29,34
2018-12-14 16:00:00,82,21,61
2018-12-14 17:00:00,114,23,91
2018-12-14 18:00:00,38,8,30
2018-12-14 19:00:00,11,4,7
2018-12-14 20:00:00,5,0,5
2018-12-14 21:00:00,1,0,1
2018-12-14 22:00:00,1,1,0
2018-12-14 23:00:00,0,0,0
2018-12-15 00:00:00,2,1,1
2018-12-15 01:00:00,1,0,1
2018-12-15 02:00:00,0,0,0
2018-12-15 03:00:00,0,0,0
2018-12-15 04:00:00,1,1,0
2018-12-15 05:00:00,3,2,1
2018-12-15 06:00:00,0,0,0
2018-12-15 07:00:00,8,4,4
2018-12-15 08:00:00,18,11,7
2018-12-15 09:00:00,31,13,18
2018-12-15 10:00:00,33,19,14
2018-12-15 11:00:00,47,23,24
2018-12-15 12:00:00,65,35,30
2018-12-15 13:00:00,84,48,36
2018-12-15 14:00:00,61,28,33
2018-12-15 15:00:00,70,29,41
2018-12-15 16:00:00,27,13,14
2018-12-15 17:00:00,13,5,8
2018-12-15 18:00:00,9,2,7
2018-12-15 19:00:00,10,3,7
2018-12-15 20:00:00,5,1,4
2018-12-15 21:00:00,6,3,3
2018-12-15 22:00:00,3,3,0
2018-12-15 23:00:00,5,2,3
2018-12-16 00:00:00,2,0,2
2018-12-16 01:00:00,0,0,0
2018-12-16 02:00:00,0,0,0
2018-12-16 03:00:00,0,0,0
2018-12-16 04:00:00,0,0,0
2018-12-16 05:00:00,2,1,1
2018-12-16 06:00:00,5,3,2
2018-12-16 07:00:00,4,2,2
2018-12-16 08:00:00,7,4,3
2018-12-16 09:00:00,13,6,7
2018-12-16 10:00:00,18,13,5
2018-12-16 11:00:00,21,7,14
2018-12-16 12:00:00,15,5,10
2018-12-16 13:00:00,13,6,7
2018-12-16 14:00:00,12,5,7
2018-12-16 15:00:00,7,2,5
2018-12-16 16:00:00,7,3,4
2018-12-16 17:00:00,10,2,8
2018-12-16 18:00:00,7,3,4
2018-12-16 19:00:00,4,1,3
2018-12-16 20:00:00,3,2,1
2018-12-16 21:00:00,0,0,0
2018-12-16 22:00:00,0,0,0
2018-12-16 23:00:00,0,0,0
2018-12-17 00:00:00,0,0,0
2018-12-17 01:00:00,0,0,0
2018-12-17 02:00:00,0,0,0
2018-12-17 03:00:00,3,1,2
2018-12-17 04:00:00,0,0,0
2018-12-17 05:00:00,12,10,2
2018-12-17 06:00:00,34,21,13
2018-12-17 07:00:00,94,59,35
2018-12-17 08:00:00,139,101,38
2018-12-17 09:00:00,64,44,20
2018-12-17 10:00:00,27,17,10
2018-12-17 11:00:00,25,12,13
2018-12-17 12:00:00,24,11,13
2018-12-17 13:00:00,33,17,16
2018-12-17 14:00:00,22,7,15
2018-12-17 15:00:00,45,22,23
2018-12-17 16:00:00,79,25,54
2018-12-17 17:00:00,128,33,95
2018-12-17 18:00:00,60,7,53
2018-12-17 19:00:00,17,3,14
2018-12-17 20:00:00,7,1,6
2018-12-17 21:00:00,2,1,1
2018-12-17 22:00:00,1,0,1
2018-12-17 23:00:00,0,0,0
2018-12-18 00:00:00,5,5,0
2018-12-18 01:00:00,1,1,0
2018-12-18 02:00:00,1,0,1
2018-12-18 03:00:00,0,0,0
2018-12-18 04:00:00,0,0,0
2018-12-18 05:00:00,11,6,5
2018-12-18 06:00:00,31,18,13
2018-12-18 07:00:00,70,46,24
2018-12-18 08:00:00,95,77,18
2018-12-18 09:00:00,53,38,15
2018-12-18 10:00:00,8,5,3
2018-12-18 11:00:00,8,4,4
2018-12-18 12:00:00,18,7,11
2018-12-18 13:00:00,18,9,9
2018-12-18 14:00:00,12,6,6
2018-12-18 15:00:00,31,12,19
2018-12-18 16:00:00,67,12,55
2018-12-18 17:00:00,94,14,80
2018-12-18 18:00:00,61,11,50
2018-12-18 19:00:00,19,2,17
2018-12-18 20:00:00,9,3,6
2018-12-18 21:00:00,12,6,6
2018-12-18 22:00:00,4,0,4
2018-12-18 23:00:00,7,5,2
2018-12-19 00:00:00,0,0,0
2018-12-19 01:00:00,0,0,0
2018-12-19 02:00:00,0,0,0
2018-12-19 03:00:00,1,1,0
2018-12-19 04:00:00,0,0,0
2018-12-19 05:00:00,16,7,9
2018-12-19 06:00:00,54,29,25
2018-12-19 07:00:00,91,60,31
2018-12-19 08:00:00,117,87,30
2018-12-19 09:00:00,66,51,15
2018-12-19 10:00:00,21,10,11
2018-12-19 11:00:00,22,11,11
2018-12-19 12:00:00,21,12,9
2018-12-19 13:00:00,11,6,5
2018-12-19 14:00:00,25,13,12
2018-12-19 15:00:00,36,13,23
2018-12-19 16:00:00,88,30,58
2018-12-19 17:00:00,136,33,103
2018-12-19 18:00:00,63,12,51
2018-12-19 19:00:00,25,5,20
2018-12-19 20:00:00,5,0,5
2018-12-19 21:00:00,7,4,3
2018-12-19 22:00:00,6,2,4
2018-12-19 23:00:00,1,0,1
2018-12-20 00:00:00,5,3,2
2018-12-20 01:00:00,1,1,0
2018-12-20 02:00:00,1,0,1
2018-12-20 03:00:00,1,1,0
2018-12-20 04:00:00,0,0,0
2018-12-20 05:00:00,11,10,1
2018-12-20 06:00:00,27,16,11
2018-12-20 07:00:00,60,32,28
2018-12-20 08:00:00,69,50,19
2018-12-20 09:00:00,50,27,23
2018-12-20 10:00:00,7,4,3
2018-12-20 11:00:00,8,2,6
2018-12-20 12:00:00,8,0,8
2018-12-20 13:00:00,13,6,7
2018-12-20 14:00:00,10,5,5
2018-12-20 15:00:00,30,14,16
2018-12-20 16:00:00,39,17,22
2018-12-20 17:00:00,85,16,69
2018-12-20 18:00:00,40,8,32
2018-12-20 19:00:00,12,1,11
2018-12-20 20:00:00,10,0,10
2018-12-20 21:00:00,4,1,3
2018-12-20 22:00:00,5,1,4
2018-12-20 23:00:00,1,1,0
2018-12-21 00:00:00,1,1,0
2018-12-21 01:00:00,1,1,0
2018-12-21 02:00:00,2,0,2
2018-12-21 03:00:00,0,0,0
2018-12-21 04:00:00,1,1,0
2018-12-21 05:00:00,10,7,3
2018-12-21 06:00:00,31,18,13
2018-12-21 07:00:00,59,40,19
2018-12-21 08:00:00,78,62,16
2018-12-21 09:00:00,46,29,17
2018-12-21 10:00:00,16,7,9
2018-12-21 11:00:00,30,15,15
2018-12-21 12:00:00,31,9,22
2018-12-21 13:00:00,41,24,17
2018-12-21 14:00:00,58,29,29
2018-12-21 15:00:00,80,29,51
2018-12-21 16:00:00,71,16,55
2018-12-21 17:00:00,77,18,59
2018-12-21 18:00:00,33,7,26
2018-12-21 19:00:00,11,4,7
2018-12-21 20:00:00,10,8,2
2018-12-21 21:00:00,5,3,2
2018-12-21 22:00:00,2,1,1
2018-12-21 23:00:00,1,1,0
2018-12-22 00:00:00,4,1,3
2018-12-22 01:00:00,3,2,1
2018-12-22 02:00:00,1,0,1
2018-12-22 03:00:00,1,1,0
2018-12-22 04:00:00,0,0,0
2018-12-22 05:00:00,1,1,0
2018-12-22 06:00:00,1,1,0
2018-12-22 07:00:00,3,3,0
2018-12-22 08:00:00,5,4,1
2018-12-22 09:00:00,23,6,17
2018-12-22 10:00:00,27,16,11
2018-12-22 11:00:00,35,16,19
2018-12-22 12:00:00,27,14,13
2018-12-22 13:00:00,42,30,12
2018-12-22 14:00:00,26,11,15
2018-12-22 15:00:00,19,10,9
2018-12-22 16:00:00,12,2,10
2018-12-22 17:00:00,7,5,2
2018-12-22 18:00:00,11,2,9
2018-12-22 19:00:00,4,1,3
2018-12-22 20:00:00,0,0,0
2018-12-22 21:00:00,1,0,1
2018-12-22 22:00:00,1,0,1
2018-12-22 23:00:00,4,2,2
2018-12-23 00:00:00,1,1,0
2018-12-23 01:00:00,1,0,1
2018-12-23 02:00:00,0,0,0
2018-12-23 03:00:00,0,0,0
2018-12-23 04:00:00,1,0,1
2018-12-23 05:00:00,0,0,0
2018-12-23 06:00:00,1,0,1
2018-12-23 07:00:00,1,0,1
2018-12-23 08:00:00,0,0,0
2018-12-23 09:00:00,7,3,4
2018-12-23 10:00:00,6,2,4
2018-12-23 11:00:00,14,9,5
2018-12-23 12:00:00,7,2,5
2018-12-23 13:00:00,13,8,5
2018-12-23 14:00:00,13,7,6
2018-12-23 15:00:00,27,16,11
2018-12-23 16:00:00,17,12,5
2018-12-23 17:00:00,3,2,1
2018-12-23 18:00:00,2,1,1
2018-12-23 19:00:00,4,4,0
2018-12-23 20:00:00,2,0,2
2018-12-23 21:00:00,12,0,12
2018-12-23 22:00:00,2,0,2
2018-12-23 23:00:00,2,1,1
2018-12-24 00:00:00,1,1,0
2018-12-24 01:00:00,0,0,0
2018-12-24 02:00:00,1,0,1
2018-12-24 03:00:00,2,0,2
2018-12-24 04:00:00,1,0,1
2018-12-24 05:00:00,2,1,1
2018-12-24 06:00:00,8,3,5
2018-12-24 07:00:00,13,8,5
2018-12-24 08:00:00,17,15,2
2018-12-24 09:00:00,25,15,10
2018-12-24 10:00:00,20,7,13
2018-12-24 11:00:00,37,19,18
2018-12-24 12:00:00,61,33,28
2018-12-24 13:00:00,51,26,25
2018-12-24 14:00:00,63,23,40
2018-12-24 15:00:00,58,20,38
2018-12-24 16:00:00,50,18,32
2018-12-24 17:00:00,6,2,4
2018-12-24 18:00:00,2,1,1
2018-12-24 19:00:00,4,1,3
2018-12-24 20:00:00,1,1,0
2018-12-24 21:00:00,3,0,3
2018-12-24 22:00:00,1,0,1
2018-12-24 23:00:00,0,0,0
2018-12-25 00:00:00,0,0,0
2018-12-25 01:00:00,0,0,0
2018-12-25 02:00:00,0,0,0
2018-12-25 03:00:00,0,0,0
2018-12-25 04:00:00,0,0,0
2018-12-25 05:00:00,0,0,0
2018-12-25 06:00:00,0,0,0
2018-12-25 07:00:00,0,0,0
2018-12-25 08:00:00,8,3,5
2018-12-25 09:00:00,3,1,2
2018-12-25 10:00:00,25,21,4
2018-12-25 11:00:00,27,11,16
2018-12-25 12:00:00,27,14,13
2018-12-25 13:00:00,50,15,35
2018-12-25 14:00:00,48,19,29
2018-12-25 15:00:00,22,13,9
2018-12-25 16:00:00,13,8,5
2018-12-25 17:00:00,3,2,1
2018-12-25 18:00:00,2,0,2
2018-12-25 19:00:00,4,3,1
2018-12-25 20:00:00,2,0,2
2018-12-25 21:00:00,0,0,0
2018-12-25 22:00:00,0,0,0
2018-12-25 23:00:00,1,0,1
2018-12-26 00:00:00,0,0,0
2018-12-26 01:00:00,0,0,0
2018-12-26 02:00:00,2,1,1
2018-12-26 03:00:00,0,0,0
2018-12-26 04:00:00,0,0,0
2018-12-26 05:00:00,8,2,6
2018-12-26 06:00:00,14,4,10
2018-12-26 07:00:00,26,17,9
2018-12-26 08:00:00,50,37,13
2018-12-26 09:00:00,19,15,4
2018-12-26 10:00:00,17,10,7
2018-12-26 11:00:00,2,1,1
2018-12-26 12:00:00,13,8,5
2018-12-26 13:00:00,20,17,3
2018-12-26 14:00:00,17,8,9
2018-12-26 15:00:00,20,10,10
2018-12-26 16:00:00,41,8,33
2018-12-26 17:00:00,38,11,27
2018-12-26 18:00:00,17,3,14
2018-12-26 19:00:00,4,0,4
2018-12-26 20:00:00,2,1,1
2018-12-26 21:00:00,1,0,1
2018-12-26 22:00:00,2,1,1
2018-12-26 23:00:00,2,0,2
2018-12-27 00:00:00,2,0,2
2018-12-27 01:00:00,0,0,0
2018-12-27 02:00:00,1,1,0
2018-12-27 03:00:00,1,1,0
2018-12-27 04:00:00,1,1,0
2018-12-27 05:00:00,9,4,5
2018-12-27 06:00:00,16,7,9
2018-12-27 07:00:00,46,32,14
2018-12-27 08:00:00,55,42,13
2018-12-27 09:00:00,41,27,14
2018-12-27 10:00:00,32,15,17
2018-12-27 11:00:00,24,12,12
2018-12-27 12:00:00,26,14,12
2018-12-27 13:00:00,44,19,25
2018-12-27 14:00:00,62,31,31
2018-12-27 15:00:00,70,32,38
2018-12-27 16:00:00,62,16,46
2018-12-27 17:00:00,73,17,56
2018-12-27 18:00:00,22,4,18
2018-12-27 19:00:00,10,5,5
2018-12-27 20:00:00,3,1,2
2018-12-27 21:00:00,3,2,1
2018-12-27 22:00:00,0,0,0
2018-12-27 23:00:00,1,0,1
2018-12-28 00:00:00,1,1,0
2018-12-28 01:00:00,0,0,0
2018-12-28 02:00:00,1,1,0
2018-12-28 03:00:00,0,0,0
2018-12-28 04:00:00,0,0,0
2018-12-28 05:00:00,9,5,4
2018-12-28 06:00:00,14,8,6
2018-12-28 07:00:00,37,23,14
2018-12-28 08:00:00,37,27,10
2018-12-28 09:00:00,19,14,5
2018-12-28 10:00:00,7,5,2
2018-12-28 11:00:00,9,6,3
2018-12-28 12:00:00,3,1,2
2018-12-28 13:00:00,11,3,8
2018-12-28 14:00:00,10,5,5
2018-12-28 15:00:00,24,8,16
2018-12-28 16:00:00,38,14,24
2018-12-28 17:00:00,38,8,30
2018-12-28 18:00:00,9,2,7
2018-12-28 19:00:00,3,0,3
2018-12-28 20:00:00,3,2,1
2018-12-28 21:00:00,1,1,0
2018-12-28 22:00:00,0,0,0
2018-12-28 23:00:00,2,0,2
2018-12-29 00:00:00,1,1,0
2018-12-29 01:00:00,1,0,1
2018-12-29 02:00:00,0,0,0
2018-12-29 03:00:00,1,0,1
2018-12-29 04:00:00,0,0,0
2018-12-29 05:00:00,3,1,2
2018-12-29 06:00:00,6,5,1
2018-12-29 07:00:00,7,1,6
2018-12-29 08:00:00,11,8,3
2018-12-29 09:00:00,20,5,15
2018-12-29 10:00:00,15,8,7
2018-12-29 11:00:00,17,8,9
2018-12-29 12:00:00,6,2,4
2018-12-29 13:00:00,5,2,3
2018-12-29 14:00:00,6,2,4
2018-12-29 15:00:00,5,4,1
2018-12-29 16:00:00,7,4,3
2018-12-29 17:00:00,6,4,2
2018-12-29 18:00:00,5,1,4
2018-12-29 19:00:00,4,0,4
2018-12-29 20:00:00,1,0,1
2018-12-29 21:00:00,5,4,1
2018-12-29 22:00:00,1,1,0
2018-12-29 23:00:00,0,0,0
2018-12-30 00:00:00,5,2,3
2018-12-30 01:00:00,0,0,0
2018-12-30 02:00:00,0,0,0
2018-12-30 03:00:00,0,0,0
2018-12-30 04:00:00,1,0,1
2018-12-30 05:00:00,2,1,1
2018-12-30 06:00:00,3,2,1
2018-12-30 07:00:00,4,0,4
2018-12-30 08:00:00,8,1,7
2018-12-30 09:00:00,31,14,17
2018-12-30 10:00:00,37,25,12
2018-12-30 11:00:00,62,38,24
2018-12-30 12:00:00,65,29,36
2018-12-30 13:00:00,75,48,27
2018-12-30 14:00:00,44,19,25
2018-12-30 15:00:00,66,31,35
2018-12-30 16:00:00,41,12,29
2018-12-30 17:00:00,33,12,21
2018-12-30 18:00:00,11,3,8
2018-12-30 19:00:00,5,1,4
2018-12-30 20:00:00,3,1,2
2018-12-30 21:00:00,3,0,3
2018-12-30 22:00:00,3,2,1
2018-12-30 23:00:00,3,1,2
2018-12-31 00:00:00,0,0,0
2018-12-31 01:00:00,0,0,0
2018-12-31 02:00:00,1,0,1
2018-12-31 03:00:00,2,1,1
2018-12-31 04:00:00,0,0,0
2018-12-31 05:00:00,10,5,5
2018-12-31 06:00:00,15,7,8
2018-12-31 07:00:00,33,22,11
2018-12-31 08:00:00,40,30,10
2018-12-31 09:00:00,30,21,9
2018-12-31 10:00:00,27,9,18
2018-12-31 11:00:00,21,13,8
2018-12-31 12:00:00,40,23,17
2018-12-31 13:00:00,59,23,36
2018-12-31 14:00:00,68,36,32
2018-12-31 15:00:00,114,47,67
2018-12-31 16:00:00,87,42,45
2018-12-31 17:00:00,33,9,24
2018-12-31 18:00:00,8,2,6
2018-12-31 19:00:00,8,4,4
2018-12-31 20:00:00,2,1,1
2018-12-31 21:00:00,9,3,6
2018-12-31 22:00:00,2,1,1
2018-12-31 23:00:00,1,0,1
2019-01-01 00:00:00,1,1,0
2019-01-01 01:00:00,1,1,0
2019-01-01 02:00:00,2,0,2
2019-01-01 03:00:00,0,0,0
2019-01-01 04:00:00,0,0,0
2019-01-01 05:00:00,1,0,1
2019-01-01 06:00:00,3,1,2
2019-01-01 07:00:00,4,1,3
2019-01-01 08:00:00,4,3,1
2019-01-01 09:00:00,7,3,4
2019-01-01 10:00:00,17,7,10
2019-01-01 11:00:00,32,17,15
2019-01-01 12:00:00,59,31,28
2019-01-01 13:00:00,81,41,40
2019-01-01 14:00:00,65,28,37
2019-01-01 15:00:00,49,28,21
2019-01-01 16:00:00,47,29,18
2019-01-01 17:00:00,9,6,3
2019-01-01 18:00:00,5,1,4
2019-01-01 19:00:00,4,2,2
2019-01-01 20:00:00,7,1,6
2019-01-01 21:00:00,7,5,2
2019-01-01 22:00:00,1,0,1
2019-01-01 23:00:00,0,0,0
2019-01-02 00:00:00,0,0,0
2019-01-02 01:00:00,1,1,0
2019-01-02 02:00:00,0,0,0
2019-01-02 03:00:00,0,0,0
2019-01-02 04:00:00,0,0,0
2019-01-02 05:00:00,13,6,7
2019-01-02 06:00:00,34,14,20
2019-01-02 07:00:00,99,68,31
2019-01-02 08:00:00,124,98,26
2019-01-02 09:00:00,54,41,13
2019-01-02 10:00:00,27,17,10
2019-01-02 11:00:00,31,14,17
2019-01-02 12:00:00,20,9,11
2019-01-02 13:00:00,26,13,13
2019-01-02 14:00:00,20,12,8
2019-01-02 15:00:00,50,23,27
2019-01-02 16:00:00,99,31,68
2019-01-02 17:00:00,158,33,125
2019-01-02 18:00:00,43,6,37
2019-01-02 19:00:00,17,3,14
2019-01-02 20:00:00,8,4,4
2019-01-02 21:00:00,2,1,1
2019-01-02 22:00:00,3,1,2
2019-01-02 23:00:00,1,0,1
2019-01-03 00:00:00,0,0,0
2019-01-03 01:00:00,1,1,0
2019-01-03 02:00:00,0,0,0
2019-01-03 03:00:00,0,0,0
2019-01-03 04:00:00,0,0,0
2019-01-03 05:00:00,10,7,3
2019-01-03 06:00:00,30,14,16
2019-01-03 07:00:00,68,46,22
2019-01-03 08:00:00,80,54,26
2019-01-03 09:00:00,44,32,12
2019-01-03 10:00:00,16,10,6
2019-01-03 11:00:00,7,5,2
2019-01-03 12:00:00,9,5,4
2019-01-03 13:00:00,14,8,6
2019-01-03 14:00:00,12,5,7
2019-01-03 15:00:00,30,11,19
2019-01-03 16:00:00,60,17,43
2019-01-03 17:00:00,84,19,65
2019-01-03 18:00:00,52,10,42
2019-01-03 19:00:00,14,3,11
2019-01-03 20:00:00,9,2,7
2019-01-03 21:00:00,5,3,2
2019-01-03 22:00:00,5,3,2
2019-01-03 23:00:00,0,0,0
2019-01-04 00:00:00,1,0,1
2019-01-04 01:00:00,0,0,0
2019-01-04 02:00:00,1,0,1
2019-01-04 03:00:00,0,0,0
2019-01-04 04:00:00,0,0,0
2019-01-04 05:00:00,8,4,4
2019-01-04 06:00:00,33,14,19
2019-01-04 07:00:00,82,53,29
2019-01-04 08:00:00,103,81,22
2019-01-04 09:00:00,54,39,15
2019-01-04 10:00:00,31,20,11
2019-01-04 11:00:00,17,7,10
2019-01-04 12:00:00,17,11,6
2019-01-04 13:00:00,29,9,20
2019-01-04 14:00:00,35,14,21
2019-01-04 15:00:00,56,25,31
2019-01-04 16:00:00,87,28,59
2019-01-04 17:00:00,116,20,96
2019-01-04 18:00:00,52,13,39
2019-01-04 19:00:00,21,7,14
2019-01-04 20:00:00,10,4,6
2019-01-04 21:00:00,6,1,5
2019-01-04 22:00:00,10,4,6
2019-01-04 23:00:00,1,0,1
2019-01-05 00:00:00,2,1,1
2019-01-05 01:00:00,0,0,0
2019-01-05 02:00:00,1,0,1
2019-01-05 03:00:00,0,0,0
2019-01-05 04:00:00,1,0,1
2019-01-05 05:00:00,2,2,0
2019-01-05 06:00:00,6,4,2
2019-01-05 07:00:00,6,1,5
2019-01-05 08:00:00,13,9,4
2019-01-05 09:00:00,27,10,17
2019-01-05 10:00:00,73,26,47
2019-01-05 11:00:00,66,37,29
2019-01-05 12:00:00,61,33,28
2019-01-05 13:00:00,55,18,37
2019-01-05 14:00:00,57,32,25
2019-01-05 15:00:00,30,14,16
2019-01-05 16:00:00,44,12,32
2019-01-05 17:00:00,22,15,7
2019-01-05 18:00:00,6,2,4
2019-01-05 19:00:00,4,2,2
2019-01-05 20:00:00,4,1,3
2019-01-05 21:00:00,2,2,0
2019-01-05 22:00:00,5,0,5
2019-01-05 23:00:00,2,2,0
2019-01-06 00:00:00,0,0,0
2019-01-06 01:00:00,0,0,0
2019-01-06 02:00:00,0,0,0
2019-01-06 03:00:00,1,1,0
2019-01-06 04:00:00,1,0,1
2019-01-06 05:00:00,0,0,0
2019-01-06 06:00:00,2,1,1
2019-01-06 07:00:00,4,3,1
2019-01-06 08:00:00,8,5,3
2019-01-06 09:00:00,17,7,10
2019-01-06 10:00:00,27,15,12
2019-01-06 11:00:00,34,15,19
2019-01-06 12:00:00,56,31,25
2019-01-06 13:00:00,24,15,9
2019-01-06 14:00:00,27,13,14
2019-01-06 15:00:00,23,10,13
2019-01-06 16:00:00,12,6,6
2019-01-06 17:00:00,8,2,6
2019-01-06 18:00:00,0,0,0
2019-01-06 19:00:00,4,2,2
2019-01-06 20:00:00,1,0,1
2019-01-06 21:00:00,1,0,1
2019-01-06 22:00:00,1,0,1
2019-01-06 23:00:00,1,0,1
2019-01-07 00:00:00,0,0,0
2019-01-07 01:00:00,0,0,0
2019-01-07 02:00:00,0,0,0
2019-01-07 03:00:00,1,1,0
2019-01-07 04:00:00,0,0,0
2019-01-07 05:00:00,17,10,7
2019-01-07 06:00:00,46,28,18
2019-01-07 07:00:00,103,72,31
2019-01-07 08:00:00,168,130,38
2019-01-07 09:00:00,69,51,18
2019-01-07 10:00:00,13,7,6
2019-01-07 11:00:00,19,10,9
2019-01-07 12:00:00,29,14,15
2019-01-07 13:00:00,20,10,10
2019-01-07 14:00:00,32,16,16
2019-01-07 15:00:00,55,21,34
2019-01-07 16:00:00,126,54,72
2019-01-07 17:00:00,185,32,153
2019-01-07 18:00:00,79,14,65
2019-01-07 19:00:00,30,5,25
2019-01-07 20:00:00,9,2,7
2019-01-07 21:00:00,5,2,3
2019-01-07 22:00:00,2,1,1
2019-01-07 23:00:00,0,0,0
2019-01-08 00:00:00,2,1,1
2019-01-08 01:00:00,2,1,1
2019-01-08 02:00:00,0,0,0
2019-01-08 03:00:00,1,1,0
2019-01-08 04:00:00,1,1,0
2019-01-08 05:00:00,16,8,8
2019-01-08 06:00:00,43,25,18
2019-01-08 07:00:00,106,71,35
2019-01-08 08:00:00,146,109,37
2019-01-08 09:00:00,41,34,7
2019-01-08 10:00:00,15,6,9
2019-01-08 11:00:00,9,5,4
2019-01-08 12:00:00,14,9,5
2019-01-08 13:00:00,14,10,4
2019-01-08 14:00:00,12,5,7
2019-01-08 15:00:00,41,16,25
2019-01-08 16:00:00,84,26,58
2019-01-08 17:00:00,139,34,105
2019-01-08 18:00:00,86,16,70
2019-01-08 19:00:00,17,2,15
2019-01-08 20:00:00,7,4,3
2019-01-08 21:00:00,9,3,6
2019-01-08 22:00:00,0,0,0
2019-01-08 23:00:00,1,1,0
2019-01-09 00:00:00,2,1,1
2019-01-09 01:00:00,2,2,0
2019-01-09 02:00:00,0,0,0
2019-01-09 03:00:00,1,1,0
2019-01-09 04:00:00,1,0,1
2019-01-09 05:00:00,11,7,4
2019-01-09 06:00:00,34,18,16
2019-01-09 07:00:00,101,64,37
2019-01-09 08:00:00,125,95,30
2019-01-09 09:00:00,52,36,16
2019-01-09 10:00:00,17,11,6
2019-01-09 11:00:00,20,13,7
2019-01-09 12:00:00,19,9,10
2019-01-09 13:00:00,12,6,6
2019-01-09 14:00:00,26,17,9
2019-01-09 15:00:00,45,21,24
2019-01-09 16:00:00,74,23,51
2019-01-09 17:00:00,136,26,110
2019-01-09 18:00:00,79,13,66
2019-01-09 19:00:00,26,3,23
2019-01-09 20:00:00,6,3,3
2019-01-09 21:00:00,6,4,2
2019-01-09 22:00:00,2,1,1
2019-01-09 23:00:00,0,0,0
2019-01-10 00:00:00,1,1,0
2019-01-10 01:00:00,1,1,0
2019-01-10 02:00:00,0,0,0
2019-01-10 03:00:00,1,1,0
2019-01-10 04:00:00,0,0,0
2019-01-10 05:00:00,15,9,6
2019-01-10 06:00:00,39,17,22
2019-01-10 07:00:00,118,79,39
2019-01-10 08:00:00,150,108,42
2019-01-10 09:00:00,73,56,17
2019-01-10 10:00:00,18,10,8
2019-01-10 11:00:00,19,7,12
2019-01-10 12:00:00,24,12,12
2019-01-10 13:00:00,39,19,20
2019-01-10 14:00:00,22,10,12
2019-01-10 15:00:00,41,17,24
2019-01-10 16:00:00,104,40,64
2019-01-10 17:00:00,159,41,118
2019-01-10 18:00:00,78,19,59
2019-01-10 19:00:00,27,5,22
2019-01-10 20:00:00,22,5,17
2019-01-10 21:00:00,15,4,11
2019-01-10 22:00:00,4,3,1
2019-01-10 23:00:00,2,0,2
2019-01-11 00:00:00,3,2,1
2019-01-11 01:00:00,2,2,0
2019-01-11 02:00:00,0,0,0
2019-01-11 03:00:00,0,0,0
2019-01-11 04:00:00,0,0,0
2019-01-11 05:00:00,18,10,8
2019-01-11 06:00:00,34,16,18
2019-01-11 07:00:00,99,78,21
2019-01-11 08:00:00,128,99,29
2019-01-11 09:00:00,67,52,15
2019-01-11 10:00:00,26,14,12
2019-01-11 11:00:00,39,19,20
2019-01-11 12:00:00,28,11,17
2019-01-11 13:00:00,52,32,20
2019-01-11 14:00:00,44,19,25
2019-01-11 15:00:00,62,23,39
2019-01-11 16:00:00,161,60,101
2019-01-11 17:00:00,155,33,122
2019-01-11 18:00:00,70,11,59
2019-01-11 19:00:00,33,8,25
2019-01-11 20:00:00,15,3,12
2019-01-11 21:00:00,7,2,5
2019-01-11 22:00:00,8,4,4
2019-01-11 23:00:00,8,4,4
2019-01-12 00:00:00,4,1,3
2019-01-12 01:00:00,1,0,1
2019-01-12 02:00:00,0,0,0
2019-01-12 03:00:00,0,0,0
2019-01-12 04:00:00,0,0,0
2019-01-12 05:00:00,2,2,0
2019-01-12 06:00:00,4,1,3
2019-01-12 07:00:00,9,9,0
2019-01-12 08:00:00,36,17,19
2019-01-12 09:00:00,40,21,19
2019-01-12 10:00:00,75,42,33
2019-01-12 11:00:00,75,35,40
2019-01-12 12:00:00,129,43,86
2019-01-12 13:00:00,156,59,97
2019-01-12 14:00:00,192,86,106
2019-01-12 15:00:00,141,57,84
2019-01-12 16:00:00,140,63,77
2019-01-12 17:00:00,45,28,17
2019-01-12 18:00:00,27,10,17
2019-01-12 19:00:00,8,4,4
2019-01-12 20:00:00,7,4,3
2019-01-12 21:00:00,6,4,2
2019-01-12 22:00:00,4,1,3
2019-01-12 23:00:00,5,1,4
2019-01-13 00:00:00,0,0,0
2019-01-13 01:00:00,0,0,0
2019-01-13 02:00:00,6,2,4
2019-01-13 03:00:00,1,1,0
2019-01-13 04:00:00,1,0,1
2019-01-13 05:00:00,3,2,1
2019-01-13 06:00:00,5,4,1
2019-01-13 07:00:00,9,1,8
2019-01-13 08:00:00,9,2,7
2019-01-13 09:00:00,45,23,22
2019-01-13 10:00:00,91,42,49
2019-01-13 11:00:00,70,29,41
2019-01-13 12:00:00,161,78,83
2019-01-13 13:00:00,136,74,62
2019-01-13 14:00:00,185,85,100
2019-01-13 15:00:00,169,63,106
2019-01-13 16:00:00,92,52,40
2019-01-13 17:00:00,34,25,9
2019-01-13 18:00:00,13,1,12
2019-01-13 19:00:00,6,1,5
2019-01-13 20:00:00,2,1,1
2019-01-13 21:00:00,2,1,1
2019-01-13 22:00:00,2,1,1
2019-01-13 23:00:00,2,1,1
2019-01-14 00:00:00,0,0,0
2019-01-14 01:00:00,1,0,1
2019-01-14 02:00:00,1,0,1
2019-01-14 03:00:00,1,1,0
2019-01-14 04:00:00,6,5,1
2019-01-14 05:00:00,27,12,15
2019-01-14 06:00:00,69,41,28
2019-01-14 07:00:00,176,122,54
2019-01-14 08:00:00,232,177,55
2019-01-14 09:00:00,90,69,21
2019-01-14 10:00:00,44,21,23
2019-01-14 11:00:00,45,26,19
2019-01-14 12:00:00,46,23,23
2019-01-14 13:00:00,53,33,20
2019-01-14 14:00:00,74,35,39
2019-01-14 15:00:00,109,46,63
2019-01-14 16:00:00,194,63,131
2019-01-14 17:00:00,243,67,176
2019-01-14 18:00:00,111,23,88
2019-01-14 19:00:00,37,6,31
2019-01-14 20:00:00,16,2,14
2019-01-14 21:00:00,7,2,5
2019-01-14 22:00:00,11,5,6
2019-01-14 23:00:00,0,0,0
2019-01-15 00:00:00,3,1,2
2019-01-15 01:00:00,1,1,0
2019-01-15 02:00:00,0,0,0
2019-01-15 03:00:00,2,1,1
2019-01-15 04:00:00,1,0,1
2019-01-15 05:00:00,21,9,12
2019-01-15 06:00:00,68,35,33
2019-01-15 07:00:00,158,106,52
2019-01-15 08:00:00,183,142,41
2019-01-15 09:00:00,80,58,22
2019-01-15 10:00:00,39,22,17
2019-01-15 11:00:00,32,18,14
2019-01-15 12:00:00,41,23,18
2019-01-15 13:00:00,35,17,18
2019-01-15 14:00:00,54,26,28
2019-01-15 15:00:00,69,22,47
2019-01-15 16:00:00,131,46,85
2019-01-15 17:00:00,201,50,151
2019-01-15 18:00:00,96,23,73
2019-01-15 19:00:00,32,11,21
2019-01-15 20:00:00,8,1,7
2019-01-15 21:00:00,7,1,6
2019-01-15 22:00:00,3,1,2
2019-01-15 23:00:00,0,0,0
2019-01-16 00:00:00,2,1,1
2019-01-16 01:00:00,1,1,0
2019-01-16 02:00:00,1,0,1
2019-01-16 03:00:00,1,1,0
2019-01-16 04:00:00,1,0,1
2019-01-16 05:00:00,19,6,13
2019-01-16 06:00:00,63,31,32
2019-01-16 07:00:00,145,91,54
2019-01-16 08:00:00,161,114,47
2019-01-16 09:00:00,91,68,23
2019-01-16 10:00:00,25,20,5
2019-01-16 11:00:00,22,16,6
2019-01-16 12:00:00,29,17,12
2019-01-16 13:00:00,39,19,20
2019-01-16 14:00:00,57,31,26
2019-01-16 15:00:00,73,39,34
2019-01-16 16:00:00,138,50,88
2019-01-16 17:00:00,201,55,146
2019-01-16 18:00:00,75,10,65
2019-01-16 19:00:00,37,9,28
2019-01-16 20:00:00,12,4,8
2019-01-16 21:00:00,7,4,3
2019-01-16 22:00:00,4,2,2
2019-01-16 23:00:00,4,3,1
2019-01-17 00:00:00,2,0,2
2019-01-17 01:00:00,1,1,0
2019-01-17 02:00:00,0,0,0
2019-01-17 03:00:00,0,0,0
2019-01-17 04:00:00,0,0,0
2019-01-17 05:00:00,18,4,14
2019-01-17 06:00:00,50,23,27
2019-01-17 07:00:00,142,99,43
2019-01-17 08:00:00,129,93,36
2019-01-17 09:00:00,62,48,14
2019-01-17 10:00:00,27,12,15
2019-01-17 11:00:00,17,10,7
2019-01-17 12:00:00,23,12,11
2019-01-17 13:00:00,17,8,9
2019-01-17 14:00:00,46,26,20
2019-01-17 15:00:00,56,31,25
2019-01-17 16:00:00,107,31,76
2019-01-17 17:00:00,144,33,111
2019-01-17 18:00:00,79,18,61
2019-01-17 19:00:00,27,6,21
2019-01-17 20:00:00,7,1,6
2019-01-17 21:00:00,9,3,6
2019-01-17 22:00:00,9,3,6
2019-01-17 23:00:00,0,0,0
2019-01-18 00:00:00,0,0,0
2019-01-18 01:00:00,2,1,1
2019-01-18 02:00:00,0,0,0
2019-01-18 03:00:00,0,0,0
2019-01-18 04:00:00,0,0,0
2019-01-18 05:00:00,18,7,11
2019-01-18 06:00:00,34,16,18
2019-01-18 07:00:00,83,58,25
2019-01-18 08:00:00,115,78,37
2019-01-18 09:00:00,67,56,11
2019-01-18 10:00:00,25,14,11
2019-01-18 11:00:00,19,8,11
2019-01-18 12:00:00,23,11,12
2019-01-18 13:00:00,22,13,9
2019-01-18 14:00:00,34,12,22
2019-01-18 15:00:00,49,23,26
2019-01-18 16:00:00,103,31,72
2019-01-18 17:00:00,112,24,88
2019-01-18 18:00:00,45,8,37
2019-01-18 19:00:00,13,4,9
2019-01-18 20:00:00,8,3,5
2019-01-18 21:00:00,8,4,4
2019-01-18 22:00:00,4,0,4
2019-01-18 23:00:00,1,1,0
2019-01-19 00:00:00,2,0,2
2019-01-19 01:00:00,1,0,1
2019-01-19 02:00:00,5,0,5
2019-01-19 03:00:00,4,4,0
2019-01-19 04:00:00,0,0,0
2019-01-19 05:00:00,1,1,0
2019-01-19 06:00:00,3,0,3
2019-01-19 07:00:00,10,4,6
2019-01-19 08:00:00,17,8,9
2019-01-19 09:00:00,20,12,8
2019-01-19 10:00:00,34,21,13
2019-01-19 11:00:00,30,14,16
2019-01-19 12:00:00,47,19,28
2019-01-19 13:00:00,48,24,24
2019-01-19 14:00:00,41,19,22
2019-01-19 15:00:00,50,23,27
2019-01-19 16:00:00,28,15,13
2019-01-19 17:00:00,13,7,6
2019-01-19 18:00:00,26,20,6
2019-01-19 19:00:00,8,3,5
2019-01-19 20:00:00,8,1,7
2019-01-19 21:00:00,9,2,7
2019-01-19 22:00:00,15,5,10
2019-01-19 23:00:00,3,0,3
2019-01-20 00:00:00,1,1,0
2019-01-20 01:00:00,0,0,0
2019-01-20 02:00:00,0,0,0
2019-01-20 03:00:00,0,0,0
2019-01-20 04:00:00,1,0,1
2019-01-20 05:00:00,2,2,0
2019-01-20 06:00:00,0,0,0
2019-01-20 07:00:00,0,0,0
2019-01-20 08:00:00,13,9,4
2019-01-20 09:00:00,42,23,19
2019-01-20 10:00:00,28,13,15
2019-01-20 11:00:00,59,25,34
2019-01-20 12:00:00,39,22,17
2019-01-20 13:00:00,51,19,32
2019-01-20 14:00:00,46,22,24
2019-01-20 15:00:00,66,28,38
2019-01-20 16:00:00,54,30,24
2019-01-20 17:00:00,32,16,16
2019-01-20 18:00:00,6,2,4
2019-01-20 19:00:00,4,1,3
2019-01-20 20:00:00,2,1,1
2019-01-20 21:00:00,2,0,2
2019-01-20 22:00:00,0,0,0
2019-01-20 23:00:00,2,0,2
2019-01-21 00:00:00,1,1,0
2019-01-21 01:00:00,0,0,0
2019-01-21 02:00:00,2,2,0
2019-01-21 03:00:00,2,1,1
2019-01-21 04:00:00,2,1,1
2019-01-21 05:00:00,9,4,5
2019-01-21 06:00:00,27,13,14
2019-01-21 07:00:00,57,30,27
2019-01-21 08:00:00,83,70,13
2019-01-21 09:00:00,44,31,13
2019-01-21 10:00:00,22,11,11
2019-01-21 11:00:00,29,16,13
2019-01-21 12:00:00,54,28,26
2019-01-21 13:00:00,55,26,29
2019-01-21 14:00:00,74,36,38
2019-01-21 15:00:00,94,45,49
2019-01-21 16:00:00,107,52,55
2019-01-21 17:00:00,87,24,63
2019-01-21 18:00:00,49,9,40
2019-01-21 19:00:00,11,4,7
2019-01-21 20:00:00,10,2,8
2019-01-21 21:00:00,4,1,3
2019-01-21 22:00:00,3,2,1
2019-01-21 23:00:00,2,0,2
2019-01-22 00:00:00,5,2,3
2019-01-22 01:00:00,1,1,0
2019-01-22 02:00:00,1,0,1
2019-01-22 03:00:00,2,1,1
2019-01-22 04:00:00,3,3,0
2019-01-22 05:00:00,14,9,5
2019-01-22 06:00:00,42,26,16
2019-01-22 07:00:00,153,92,61
2019-01-22 08:00:00,155,111,44
2019-01-22 09:00:00,62,45,17
2019-01-22 10:00:00,15,8,7
2019-01-22 11:00:00,18,11,7
2019-01-22 12:00:00,18,7,11
2019-01-22 13:00:00,8,5,3
2019-01-22 14:00:00,20,8,12
2019-01-22 15:00:00,49,24,25
2019-01-22 16:00:00,102,33,69
2019-01-22 17:00:00,152,39,113
2019-01-22 18:00:00,80,12,68
2019-01-22 19:00:00,17,4,13
2019-01-22 20:00:00,5,1,4
2019-01-22 21:00:00,4,0,4
2019-01-22 22:00:00,2,1,1
2019-01-22 23:00:00,1,1,0
2019-01-23 00:00:00,1,0,1
2019-01-23 01:00:00,0,0,0
2019-01-23 02:00:00,1,0,1
2019-01-23 03:00:00,1,1,0
2019-01-23 04:00:00,0,0,0
2019-01-23 05:00:00,24,11,13
2019-01-23 06:00:00,52,20,32
2019-01-23 07:00:00,129,86,43
2019-01-23 08:00:00,140,108,32
2019-01-23 09:00:00,61,46,15
2019-01-23 10:00:00,20,14,6
2019-01-23 11:00:00,12,7,5
2019-01-23 12:00:00,8,4,4
2019-01-23 13:00:00,15,7,8
2019-01-23 14:00:00,29,17,12
2019-01-23 15:00:00,69,31,38
2019-01-23 16:00:00,135,47,88
2019-01-23 17:00:00,181,51,130
2019-01-23 18:00:00,90,12,78
2019-01-23 19:00:00,35,8,27
2019-01-23 20:00:00,11,3,8
2019-01-23 21:00:00,9,1,8
2019-01-23 22:00:00,2,1,1
2019-01-23 23:00:00,3,1,2
2019-01-24 00:00:00,7,4,3
2019-01-24 01:00:00,2,0,2
2019-01-24 02:00:00,0,0,0
2019-01-24 03:00:00,1,1,0
2019-01-24 04:00:00,4,2,2
2019-01-24 05:00:00,20,9,11
2019-01-24 06:00:00,71,26,45
2019-01-24 07:00:00,121,80,41
2019-01-24 08:00:00,172,122,50
2019-01-24 09:00:00,74,50,24
2019-01-24 10:00:00,28,14,14
2019-01-24 11:00:00,27,14,13
2019-01-24 12:00:00,29,14,15
2019-01-24 13:00:00,23,12,11
2019-01-24 14:00:00,29,19,10
2019-01-24 15:00:00,67,37,30
2019-01-24 16:00:00,112,39,73
2019-01-24 17:00:00,203,55,148
2019-01-24 18:00:00,92,16,76
2019-01-24 19:00:00,32,14,18
2019-01-24 20:00:00,15,3,12
2019-01-24 21:00:00,8,4,4
2019-01-24 22:00:00,2,2,0
2019-01-24 23:00:00,1,0,1
2019-01-25 00:00:00,2,2,0
2019-01-25 01:00:00,4,2,2
2019-01-25 02:00:00,2,1,1
2019-01-25 03:00:00,0,0,0
2019-01-25 04:00:00,0,0,0
2019-01-25 05:00:00,26,11,15
2019-01-25 06:00:00,52,22,30
2019-01-25 07:00:00,104,77,27
2019-01-25 08:00:00,151,113,38
2019-01-25 09:00:00,64,44,20
2019-01-25 10:00:00,22,14,8
2019-01-25 11:00:00,29,14,15
2019-01-25 12:00:00,37,17,20
2019-01-25 13:00:00,35,11,24
2019-01-25 14:00:00,43,20,23
2019-01-25 15:00:00,87,35,52
2019-01-25 16:00:00,156,47,109
2019-01-25 17:00:00,167,33,134
2019-01-25 18:00:00,63,16,47
2019-01-25 19:00:00,27,3,24
2019-01-25 20:00:00,12,5,7
2019-01-25 21:00:00,8,5,3
2019-01-25 22:00:00,9,4,5
2019-01-25 23:00:00,9,2,7
2019-01-26 00:00:00,3,1,2
2019-01-26 01:00:00,2,2,0
2019-01-26 02:00:00,0,0,0
2019-01-26 03:00:00,0,0,0
2019-01-26 04:00:00,0,0,0
2019-01-26 05:00:00,5,4,1
2019-01-26 06:00:00,5,3,2
2019-01-26 07:00:00,14,5,9
2019-01-26 08:00:00,26,12,14
2019-01-26 09:00:00,28,18,10
2019-01-26 10:00:00,56,26,30
2019-01-26 11:00:00,92,51,41
2019-01-26 12:00:00,81,42,39
2019-01-26 13:00:00,119,47,72
2019-01-26 14:00:00,139,67,72
2019-01-26 15:00:00,118,60,58
2019-01-26 16:00:00,91,40,51
2019-01-26 17:00:00,38,21,17
2019-01-26 18:00:00,7,3,4
2019-01-26 19:00:00,12,3,9
2019-01-26 20:00:00,7,1,6
2019-01-26 21:00:00,7,3,4
2019-01-26 22:00:00,7,6,1
2019-01-26 23:00:00,6,1,5
2019-01-27 00:00:00,2,0,2
2019-01-27 01:00:00,2,2,0
2019-01-27 02:00:00,2,0,2
2019-01-27 03:00:00,0,0,0
2019-01-27 04:00:00,1,1,0
2019-01-27 05:00:00,1,0,1
2019-01-27 06:00:00,2,0,2
2019-01-27 07:00:00,5,1,4
2019-01-27 08:00:00,9,5,4
2019-01-27 09:00:00,35,23,12
2019-01-27 10:00:00,33,23,10
2019-01-27 11:00:00,50,28,22
2019-01-27 12:00:00,87,45,42
2019-01-27 13:00:00,56,26,30
2019-01-27 14:00:00,68,42,26
2019-01-27 15:00:00,51,19,32
2019-01-27 16:00:00,38,15,23
2019-01-27 17:00:00,21,8,13
2019-01-27 18:00:00,8,5,3
2019-01-27 19:00:00,1,1,0
2019-01-27 20:00:00,7,3,4
2019-01-27 21:00:00,2,2,0
2019-01-27 22:00:00,0,0,0
2019-01-27 23:00:00,1,1,0
2019-01-28 00:00:00,1,1,0
2019-01-28 01:00:00,1,0,1
2019-01-28 02:00:00,2,1,1
2019-01-28 03:00:00,2,1,1
2019-01-28 04:00:00,4,1,3
2019-01-28 05:00:00,20,10,10
2019-01-28 06:00:00,54,27,27
2019-01-28 07:00:00,54,27,27
2019-01-28 08:00:00,176,88,88
2019-01-28 09:00:00,76,38,38
2019-01-28 10:00:00,38,19,19
2019-01-28 11:00:00,42,21,21
2019-01-28 12:00:00,56,28,28
2019-01-28 13:00:00,60,30,30
2019-01-28 14:00:00,84,42,42
2019-01-28 15:00:00,114,57,57
2019-01-28 16:00:00,170,85,85
2019-01-28 17:00:00,186,93,93
2019-01-28 18:00:00,90,45,45
2019-01-28 19:00:00,26,13,13
2019-01-28 20:00:00,14,7,7
2019-01-28 21:00:00,6,3,3
2019-01-28 22:00:00,8,4,4
2019-01-28 23:00:00,2,1,1
2019-01-29 00:00:00,4,2,2
2019-01-29 01:00:00,2,1,1
2019-01-29 02:00:00,0,0,0
2019-01-29 03:00:00,2,1,1
2019-01-29 04:00:00,2,1,1
2019-01-29 05:00:00,20,10,10
2019-01-29 06:00:00,62,31,31
2019-01-29 07:00:00,174,87,87
2019-01-29 08:00:00,190,95,95
2019-01-29 09:00:00,80,40,40
2019-01-29 10:00:00,30,16,14
2019-01-29 11:00:00,34,17,17
2019-01-29 12:00:00,42,32,10
2019-01-29 13:00:00,43,23,20
2019-01-29 14:00:00,70,35,35
2019-01-29 15:00:00,86,43,43
2019-01-29 16:00:00,174,65,109
2019-01-29 17:00:00,233,63,170
2019-01-29 18:00:00,93,15,78
2019-01-29 19:00:00,36,11,25
2019-01-29 20:00:00,8,1,7
2019-01-29 21:00:00,7,1,6
2019-01-29 22:00:00,13,6,7
2019-01-29 23:00:00,2,0,2
2019-01-30 00:00:00,1,1,0
2019-01-30 01:00:00,1,1,0
2019-01-30 02:00:00,5,1,4
2019-01-30 03:00:00,1,1,0
2019-01-30 04:00:00,1,1,0
2019-01-30 05:00:00,17,8,9
2019-01-30 06:00:00,49,19,30
2019-01-30 07:00:00,133,84,49
2019-01-30 08:00:00,183,144,39
2019-01-30 09:00:00,92,62,30
2019-01-30 10:00:00,35,20,15
2019-01-30 11:00:00,25,17,8
2019-01-30 12:00:00,38,14,24
2019-01-30 13:00:00,33,17,16
2019-01-30 14:00:00,57,25,32
2019-01-30 15:00:00,69,30,39
2019-01-30 16:00:00,131,49,82
2019-01-30 17:00:00,210,67,143
2019-01-30 18:00:00,109,22,87
2019-01-30 19:00:00,33,6,27
2019-01-30 20:00:00,19,5,14
2019-01-30 21:00:00,7,2,5
2019-01-30 22:00:00,5,2,3
2019-01-30 23:00:00,1,0,1
2019-01-31 00:00:00,3,1,2
2019-01-31 01:00:00,2,1,1
2019-01-31 02:00:00,0,0,0
2019-01-31 03:00:00,1,0,1
2019-01-31 04:00:00,1,1,0
2019-01-31 05:00:00,19,11,8
2019-01-31 06:00:00,43,16,27
2019-01-31 07:00:00,112,74,38
2019-01-31 08:00:00,153,112,41
2019-01-31 09:00:00,73,53,20
2019-01-31 10:00:00,30,18,12
2019-01-31 11:00:00,24,14,10
2019-01-31 12:00:00,35,16,19
2019-01-31 13:00:00,32,15,17
2019-01-31 14:00:00,39,17,22
2019-01-31 15:00:00,78,39,39
2019-01-31 16:00:00,122,50,72
2019-01-31 17:00:00,180,50,130
2019-01-31 18:00:00,79,11,68
2019-01-31 19:00:00,25,5,20
2019-01-31 20:00:00,11,5,6
2019-01-31 21:00:00,10,4,6
2019-01-31 22:00:00,8,1,7
2019-01-31 23:00:00,2,1,1
2019-02-01 00:00:00,2,2,0
2019-02-01 01:00:00,2,1,1
2019-02-01 02:00:00,1,0,1
2019-02-01 03:00:00,0,0,0
2019-02-01 04:00:00,0,0,0
2019-02-01 05:00:00,16,8,8
2019-02-01 06:00:00,40,20,20
2019-02-01 07:00:00,69,43,26
2019-02-01 08:00:00,96,68,28
2019-02-01 09:00:00,52,36,16
2019-02-01 10:00:00,9,6,3
2019-02-01 11:00:00,3,3,0
2019-02-01 12:00:00,14,8,6
2019-02-01 13:00:00,10,3,7
2019-02-01 14:00:00,23,12,11
2019-02-01 15:00:00,44,19,25
2019-02-01 16:00:00,59,17,42
2019-02-01 17:00:00,115,29,86
2019-02-01 18:00:00,54,10,44
2019-02-01 19:00:00,11,2,9
2019-02-01 20:00:00,4,0,4
2019-02-01 21:00:00,6,2,4
2019-02-01 22:00:00,3,2,1
2019-02-01 23:00:00,1,0,1
2019-02-02 00:00:00,4,2,2
2019-02-02 01:00:00,2,0,2
2019-02-02 02:00:00,0,0,0
2019-02-02 03:00:00,1,0,1
2019-02-02 04:00:00,0,0,0
2019-02-02 05:00:00,2,2,0
2019-02-02 06:00:00,9,2,7
2019-02-02 07:00:00,14,4,10
2019-02-02 08:00:00,15,12,3
2019-02-02 09:00:00,14,7,7
2019-02-02 10:00:00,15,4,11
2019-02-02 11:00:00,55,24,31
2019-02-02 12:00:00,57,31,26
2019-02-02 13:00:00,58,27,31
2019-02-02 14:00:00,70,28,42
2019-02-02 15:00:00,69,43,26
2019-02-02 16:00:00,56,31,25
2019-02-02 17:00:00,42,26,16
2019-02-02 18:00:00,33,17,16
2019-02-02 19:00:00,8,1,7
2019-02-02 20:00:00,6,2,4
2019-02-02 21:00:00,9,4,5
2019-02-02 22:00:00,5,0,5
2019-02-02 23:00:00,0,0,0
2019-02-03 00:00:00,1,1,0
2019-02-03 01:00:00,1,1,0
2019-02-03 02:00:00,0,0,0
2019-02-03 03:00:00,1,0,1
2019-02-03 04:00:00,1,1,0
2019-02-03 05:00:00,0,0,0
2019-02-03 06:00:00,8,3,5
2019-02-03 07:00:00,74,6,68
2019-02-03 08:00:00,30,15,15
2019-02-03 09:00:00,44,20,24
2019-02-03 10:00:00,100,41,59
2019-02-03 11:00:00,67,39,28
2019-02-03 12:00:00,43,12,31
2019-02-03 13:00:00,34,14,20
2019-02-03 14:00:00,26,15,11
2019-02-03 15:00:00,14,6,8
2019-02-03 16:00:00,5,1,4
2019-02-03 17:00:00,8,4,4
2019-02-03 18:00:00,5,4,1
2019-02-03 19:00:00,1,0,1
2019-02-03 20:00:00,1,0,1
2019-02-03 21:00:00,1,1,0
2019-02-03 22:00:00,1,1,0
2019-02-03 23:00:00,0,0,0
2019-02-04 00:00:00,1,1,0
2019-02-04 01:00:00,0,0,0
2019-02-04 02:00:00,0,0,0
2019-02-04 03:00:00,1,1,0
2019-02-04 04:00:00,0,0,0
2019-02-04 05:00:00,2,2,0
2019-02-04 06:00:00,2,2,0
2019-02-04 07:00:00,6,3,3
2019-02-04 08:00:00,17,12,5
2019-02-04 09:00:00,6,5,1
2019-02-04 10:00:00,1,0,1
2019-02-04 11:00:00,3,3,0
2019-02-04 12:00:00,1,0,1
2019-02-04 13:00:00,7,3,4
2019-02-04 14:00:00,2,0,2
2019-02-04 15:00:00,12,6,6
2019-02-04 16:00:00,10,3,7
2019-02-04 17:00:00,10,4,6
2019-02-04 18:00:00,3,0,3
2019-02-04 19:00:00,1,0,1
2019-02-04 20:00:00,2,1,1
2019-02-04 21:00:00,0,0,0
2019-02-04 22:00:00,0,0,0
2019-02-04 23:00:00,0,0,0
2019-02-05 00:00:00,0,0,0
2019-02-05 01:00:00,0,0,0
2019-02-05 02:00:00,0,0,0
2019-02-05 03:00:00,0,0,0
2019-02-05 04:00:00,0,0,0
2019-02-05 05:00:00,3,1,2
2019-02-05 06:00:00,2,1,1
2019-02-05 07:00:00,15,2,13
2019-02-05 08:00:00,15,7,8
2019-02-05 09:00:00,21,11,10
2019-02-05 10:00:00,2,1,1
2019-02-05 11:00:00,2,2,0
2019-02-05 12:00:00,5,3,2
2019-02-05 13:00:00,5,2,3
2019-02-05 14:00:00,13,6,7
2019-02-05 15:00:00,13,6,7
2019-02-05 16:00:00,21,10,11
2019-02-05 17:00:00,23,11,12
2019-02-05 18:00:00,8,1,7
2019-02-05 19:00:00,2,0,2
2019-02-05 20:00:00,2,0,2
2019-02-05 21:00:00,2,0,2
2019-02-05 22:00:00,0,0,0
2019-02-05 23:00:00,0,0,0
2019-02-06 00:00:00,1,1,0
2019-02-06 01:00:00,0,0,0
2019-02-06 02:00:00,0,0,0
2019-02-06 03:00:00,1,1,0
2019-02-06 04:00:00,0,0,0
2019-02-06 05:00:00,5,2,3
2019-02-06 06:00:00,14,5,9
2019-02-06 07:00:00,32,18,14
2019-02-06 08:00:00,35,23,12
2019-02-06 09:00:00,20,12,8
2019-02-06 10:00:00,5,5,0
2019-02-06 11:00:00,7,6,1
2019-02-06 12:00:00,9,5,4
2019-02-06 13:00:00,11,5,6
2019-02-06 14:00:00,14,10,4
2019-02-06 15:00:00,18,9,9
2019-02-06 16:00:00,46,21,25
2019-02-06 17:00:00,59,20,39
2019-02-06 18:00:00,20,3,17
2019-02-06 19:00:00,6,1,5
2019-02-06 20:00:00,4,0,4
2019-02-06 21:00:00,2,1,1
2019-02-06 22:00:00,1,0,1
2019-02-06 23:00:00,0,0,0
2019-02-07 00:00:00,2,1,1
2019-02-07 01:00:00,1,1,0
2019-02-07 02:00:00,0,0,0
2019-02-07 03:00:00,1,1,0
2019-02-07 04:00:00,0,0,0
2019-02-07 05:00:00,6,5,1
2019-02-07 06:00:00,21,8,13
2019-02-07 07:00:00,37,20,17
2019-02-07 08:00:00,58,34,24
2019-02-07 09:00:00,28,19,9
2019-02-07 10:00:00,7,3,4
2019-02-07 11:00:00,8,5,3
2019-02-07 12:00:00,11,3,8
2019-02-07 13:00:00,8,4,4
2019-02-07 14:00:00,28,19,9
2019-02-07 15:00:00,15,7,8
2019-02-07 16:00:00,41,19,22
2019-02-07 17:00:00,64,24,40
2019-02-07 18:00:00,26,8,18
2019-02-07 19:00:00,7,0,7
2019-02-07 20:00:00,7,2,5
2019-02-07 21:00:00,1,1,0
2019-02-07 22:00:00,2,1,1
2019-02-07 23:00:00,2,0,2
2019-02-08 00:00:00,1,1,0
2019-02-08 01:00:00,2,1,1
2019-02-08 02:00:00,0,0,0
2019-02-08 03:00:00,1,1,0
2019-02-08 04:00:00,0,0,0
2019-02-08 05:00:00,3,2,1
2019-02-08 06:00:00,11,7,4
2019-02-08 07:00:00,26,15,11
2019-02-08 08:00:00,42,25,17
2019-02-08 09:00:00,17,13,4
2019-02-08 10:00:00,9,6,3
2019-02-08 11:00:00,3,1,2
2019-02-08 12:00:00,20,6,14
2019-02-08 13:00:00,29,7,22
2019-02-08 14:00:00,22,8,14
2019-02-08 15:00:00,11,3,8
2019-02-08 16:00:00,13,2,11
2019-02-08 17:00:00,9,5,4
2019-02-08 18:00:00,1,0,1
2019-02-08 19:00:00,0,0,0
2019-02-08 20:00:00,0,0,0
2019-02-08 21:00:00,3,1,2
2019-02-08 22:00:00,2,1,1
2019-02-08 23:00:00,0,0,0
2019-02-09 00:00:00,1,1,0
2019-02-09 01:00:00,0,0,0
2019-02-09 02:00:00,0,0,0
2019-02-09 03:00:00,0,0,0
2019-02-09 04:00:00,0,0,0
2019-02-09 05:00:00,0,0,0
2019-02-09 06:00:00,0,0,0
2019-02-09 07:00:00,1,1,0
2019-02-09 08:00:00,0,0,0
2019-02-09 09:00:00,0,0,0
2019-02-09 10:00:00,3,1,2
2019-02-09 11:00:00,2,0,2
2019-02-09 12:00:00,2,1,1
2019-02-09 13:00:00,1,0,1
2019-02-09 14:00:00,0,0,0
2019-02-09 15:00:00,1,0,1
2019-02-09 16:00:00,1,0,1
2019-02-09 17:00:00,4,4,0
2019-02-09 18:00:00,0,0,0
2019-02-09 19:00:00,0,0,0
2019-02-09 20:00:00,1,0,1
2019-02-09 21:00:00,0,0,0
2019-02-09 22:00:00,0,0,0
2019-02-09 23:00:00,0,0,0
2019-02-10 00:00:00,0,0,0
2019-02-10 01:00:00,0,0,0
2019-02-10 02:00:00,0,0,0
2019-02-10 03:00:00,0,0,0
2019-02-10 04:00:00,0,0,0
2019-02-10 05:00:00,0,0,0
2019-02-10 06:00:00,0,0,0
2019-02-10 07:00:00,1,1,0
2019-02-10 08:00:00,0,0,0
2019-02-10 09:00:00,0,0,0
2019-02-10 10:00:00,6,2,4
2019-02-10 11:00:00,0,0,0
2019-02-10 12:00:00,0,0,0
2019-02-10 13:00:00,1,1,0
2019-02-10 14:00:00,0,0,0
2019-02-10 15:00:00,1,0,1
2019-02-10 16:00:00,2,1,1
2019-02-10 17:00:00,1,1,0
2019-02-10 18:00:00,1,0,1
2019-02-10 19:00:00,0,0,0
2019-02-10 20:00:00,2,1,1
2019-02-10 21:00:00,0,0,0
2019-02-10 22:00:00,0,0,0
2019-02-10 23:00:00,0,0,0
2019-02-11 00:00:00,0,0,0
2019-02-11 01:00:00,0,0,0
2019-02-11 02:00:00,0,0,0
2019-02-11 03:00:00,0,0,0
2019-02-11 04:00:00,0,0,0
2019-02-11 05:00:00,1,0,1
2019-02-11 06:00:00,0,0,0
2019-02-11 07:00:00,3,2,1
2019-02-11 08:00:00,4,3,1
2019-02-11 09:00:00,1,1,0
2019-02-11 10:00:00,1,1,0
2019-02-11 11:00:00,0,0,0
2019-02-11 12:00:00,0,0,0
2019-02-11 13:00:00,3,0,3
2019-02-11 14:00:00,1,0,1
2019-02-11 15:00:00,2,2,0
2019-02-11 16:00:00,4,1,3
2019-02-11 17:00:00,2,0,2
2019-02-11 18:00:00,2,0,2
2019-02-11 19:00:00,1,0,1
2019-02-11 20:00:00,0,0,0
2019-02-11 21:00:00,0,0,0
2019-02-11 22:00:00,0,0,0
2019-02-11 23:00:00,0,0,0
2019-02-12 00:00:00,0,0,0
2019-02-12 01:00:00,0,0,0
2019-02-12 02:00:00,0,0,0
2019-02-12 03:00:00,0,0,0
2019-02-12 04:00:00,0,0,0
2019-02-12 05:00:00,0,0,0
2019-02-12 06:00:00,1,1,0
2019-02-12 07:00:00,3,1,2
2019-02-12 08:00:00,4,4,0
2019-02-12 09:00:00,1,1,0
2019-02-12 10:00:00,0,0,0
2019-02-12 11:00:00,0,0,0
2019-02-12 12:00:00,3,0,3
2019-02-12 13:00:00,2,1,1
2019-02-12 14:00:00,0,0,0
2019-02-12 15:00:00,1,0,1
2019-02-12 16:00:00,5,0,5
2019-02-12 17:00:00,8,2,6
2019-02-12 18:00:00,3,1,2
2019-02-12 19:00:00,3,0,3
2019-02-12 20:00:00,1,0,1
2019-02-12 21:00:00,0,0,0
2019-02-12 22:00:00,0,0,0
2019-02-12 23:00:00,0,0,0
2019-02-13 00:00:00,0,0,0
2019-02-13 01:00:00,0,0,0
2019-02-13 02:00:00,0,0,0
2019-02-13 03:00:00,1,1,0
2019-02-13 04:00:00,1,1,0
2019-02-13 05:00:00,0,0,0
2019-02-13 06:00:00,4,1,3
2019-02-13 07:00:00,18,9,9
2019-02-13 08:00:00,26,14,12
2019-02-13 09:00:00,13,9,4
2019-02-13 10:00:00,13,7,6
2019-02-13 11:00:00,2,1,1
2019-02-13 12:00:00,4,1,3
2019-02-13 13:00:00,4,2,2
2019-02-13 14:00:00,6,3,3
2019-02-13 15:00:00,8,6,2
2019-02-13 16:00:00,23,11,12
2019-02-13 17:00:00,34,13,21
2019-02-13 18:00:00,13,1,12
2019-02-13 19:00:00,8,1,7
2019-02-13 20:00:00,3,1,2
2019-02-13 21:00:00,2,1,1
2019-02-13 22:00:00,0,0,0
2019-02-13 23:00:00,0,0,0
2019-02-14 00:00:00,1,1,0
2019-02-14 01:00:00,2,2,0
2019-02-14 02:00:00,1,0,1
2019-02-14 03:00:00,1,0,1
2019-02-14 04:00:00,0,0,0
2019-02-14 05:00:00,3,2,1
2019-02-14 06:00:00,13,5,8
2019-02-14 07:00:00,30,18,12
2019-02-14 08:00:00,53,34,19
2019-02-14 09:00:00,17,10,7
2019-02-14 10:00:00,12,7,5
2019-02-14 11:00:00,7,6,1
2019-02-14 12:00:00,7,5,2
2019-02-14 13:00:00,10,5,5
2019-02-14 14:00:00,13,9,4
2019-02-14 15:00:00,13,9,4
2019-02-14 16:00:00,27,13,14
2019-02-14 17:00:00,50,11,39
2019-02-14 18:00:00,22,2,20
2019-02-14 19:00:00,6,1,5
2019-02-14 20:00:00,4,0,4
2019-02-14 21:00:00,4,3,1
2019-02-14 22:00:00,0,0,0
2019-02-14 23:00:00,0,0,0
2019-02-15 00:00:00,1,1,0
2019-02-15 01:00:00,1,1,0
2019-02-15 02:00:00,0,0,0
2019-02-15 03:00:00,0,0,0
2019-02-15 04:00:00,0,0,0
2019-02-15 05:00:00,6,3,3
2019-02-15 06:00:00,19,9,10
2019-02-15 07:00:00,49,29,20
2019-02-15 08:00:00,59,47,12
2019-02-15 09:00:00,24,16,8
2019-02-15 10:00:00,16,8,8
2019-02-15 11:00:00,8,4,4
2019-02-15 12:00:00,12,5,7
2019-02-15 13:00:00,15,4,11
2019-02-15 14:00:00,27,15,12
2019-02-15 15:00:00,34,14,20
2019-02-15 16:00:00,82,41,41
2019-02-15 17:00:00,84,16,68
2019-02-15 18:00:00,32,8,24
2019-02-15 19:00:00,10,1,9
2019-02-15 20:00:00,5,3,2
2019-02-15 21:00:00,5,3,2
2019-02-15 22:00:00,4,1,3
2019-02-15 23:00:00,6,3,3
2019-02-16 00:00:00,2,1,1
2019-02-16 01:00:00,0,0,0
2019-02-16 02:00:00,0,0,0
2019-02-16 03:00:00,0,0,0
2019-02-16 04:00:00,0,0,0
2019-02-16 05:00:00,1,1,0
2019-02-16 06:00:00,0,0,0
2019-02-16 07:00:00,1,1,0
2019-02-16 08:00:00,12,5,7
2019-02-16 09:00:00,10,4,6
2019-02-16 10:00:00,6,2,4
2019-02-16 11:00:00,14,8,6
2019-02-16 12:00:00,19,8,11
2019-02-16 13:00:00,22,11,11
2019-02-16 14:00:00,18,7,11
2019-02-16 15:00:00,17,7,10
2019-02-16 16:00:00,8,2,6
2019-02-16 17:00:00,3,3,0
2019-02-16 18:00:00,6,3,3
2019-02-16 19:00:00,8,6,2
2019-02-16 20:00:00,5,3,2
2019-02-16 21:00:00,1,1,0
2019-02-16 22:00:00,0,0,0
2019-02-16 23:00:00,0,0,0
2019-02-17 00:00:00,2,2,0
2019-02-17 01:00:00,0,0,0
2019-02-17 02:00:00,0,0,0
2019-02-17 03:00:00,1,0,1
2019-02-17 04:00:00,2,1,1
2019-02-17 05:00:00,0,0,0
2019-02-17 06:00:00,0,0,0
2019-02-17 07:00:00,5,4,1
2019-02-17 08:00:00,3,1,2
2019-02-17 09:00:00,16,8,8
2019-02-17 10:00:00,30,12,18
2019-02-17 11:00:00,38,24,14
2019-02-17 12:00:00,31,13,18
2019-02-17 13:00:00,20,11,9
2019-02-17 14:00:00,33,12,21
2019-02-17 15:00:00,46,24,22
2019-02-17 16:00:00,42,14,28
2019-02-17 17:00:00,64,34,30
2019-02-17 18:00:00,18,8,10
2019-02-17 19:00:00,5,2,3
2019-02-17 20:00:00,2,1,1
2019-02-17 21:00:00,0,0,0
2019-02-17 22:00:00,0,0,0
2019-02-17 23:00:00,1,0,1
2019-02-18 00:00:00,0,0,0
2019-02-18 01:00:00,0,0,0
2019-02-18 02:00:00,0,0,0
2019-02-18 03:00:00,1,0,1
2019-02-18 04:00:00,0,0,0
2019-02-18 05:00:00,6,1,5
2019-02-18 06:00:00,12,7,5
2019-02-18 07:00:00,37,23,14
2019-02-18 08:00:00,50,39,11
2019-02-18 09:00:00,37,25,12
2019-02-18 10:00:00,18,8,10
2019-02-18 11:00:00,11,3,8
2019-02-18 12:00:00,23,13,10
2019-02-18 13:00:00,19,8,11
2019-02-18 14:00:00,27,10,17
2019-02-18 15:00:00,50,24,26
2019-02-18 16:00:00,54,23,31
2019-02-18 17:00:00,67,17,50
2019-02-18 18:00:00,27,8,19
2019-02-18 19:00:00,8,2,6
2019-02-18 20:00:00,2,1,1
2019-02-18 21:00:00,1,0,1
2019-02-18 22:00:00,6,2,4
2019-02-18 23:00:00,1,0,1
2019-02-19 00:00:00,1,1,0
2019-02-19 01:00:00,1,1,0
2019-02-19 02:00:00,1,0,1
2019-02-19 03:00:00,0,0,0
2019-02-19 04:00:00,1,1,0
2019-02-19 05:00:00,7,3,4
2019-02-19 06:00:00,32,18,14
2019-02-19 07:00:00,72,46,26
2019-02-19 08:00:00,94,79,15
2019-02-19 09:00:00,51,33,18
2019-02-19 10:00:00,13,4,9
2019-02-19 11:00:00,15,6,9
2019-02-19 12:00:00,22,9,13
2019-02-19 13:00:00,11,5,6
2019-02-19 14:00:00,12,9,3
2019-02-19 15:00:00,29,13,16
2019-02-19 16:00:00,62,25,37
2019-02-19 17:00:00,116,25,91
2019-02-19 18:00:00,61,10,51
2019-02-19 19:00:00,10,3,7
2019-02-19 20:00:00,7,1,6
2019-02-19 21:00:00,1,0,1
2019-02-19 22:00:00,2,1,1
2019-02-19 23:00:00,0,0,0
2019-02-20 00:00:00,1,0,1
2019-02-20 01:00:00,1,1,0
2019-02-20 02:00:00,0,0,0
2019-02-20 03:00:00,0,0,0
2019-02-20 04:00:00,2,2,0
2019-02-20 05:00:00,8,5,3
2019-02-20 06:00:00,29,15,14
2019-02-20 07:00:00,82,51,31
2019-02-20 08:00:00,111,87,24
2019-02-20 09:00:00,50,36,14
2019-02-20 10:00:00,13,4,9
2019-02-20 11:00:00,8,4,4
2019-02-20 12:00:00,13,6,7
2019-02-20 13:00:00,14,5,9
2019-02-20 14:00:00,30,17,13
2019-02-20 15:00:00,35,17,18
2019-02-20 16:00:00,87,38,49
2019-02-20 17:00:00,118,32,86
2019-02-20 18:00:00,66,20,46
2019-02-20 19:00:00,23,6,17
2019-02-20 20:00:00,10,1,9
2019-02-20 21:00:00,11,2,9
2019-02-20 22:00:00,5,2,3
2019-02-20 23:00:00,0,0,0
2019-02-21 00:00:00,2,2,0
2019-02-21 01:00:00,2,1,1
2019-02-21 02:00:00,1,1,0
2019-02-21 03:00:00,0,0,0
2019-02-21 04:00:00,1,1,0
2019-02-21 05:00:00,13,9,4
2019-02-21 06:00:00,41,19,22
2019-02-21 07:00:00,87,57,30
2019-02-21 08:00:00,109,88,21
2019-02-21 09:00:00,63,42,21
2019-02-21 10:00:00,32,19,13
2019-02-21 11:00:00,28,9,19
2019-02-21 12:00:00,49,30,19
2019-02-21 13:00:00,37,20,17
2019-02-21 14:00:00,53,29,24
2019-02-21 15:00:00,57,31,26
2019-02-21 16:00:00,104,40,64
2019-02-21 17:00:00,141,37,104
2019-02-21 18:00:00,69,14,55
2019-02-21 19:00:00,26,9,17
2019-02-21 20:00:00,8,2,6
2019-02-21 21:00:00,9,1,8
2019-02-21 22:00:00,6,3,3
2019-02-21 23:00:00,11,5,6
2019-02-22 00:00:00,1,1,0
2019-02-22 01:00:00,1,1,0
2019-02-22 02:00:00,0,0,0
2019-02-22 03:00:00,0,0,0
2019-02-22 04:00:00,1,1,0
2019-02-22 05:00:00,9,7,2
2019-02-22 06:00:00,30,17,13
2019-02-22 07:00:00,54,36,18
2019-02-22 08:00:00,83,68,15
2019-02-22 09:00:00,26,18,8
2019-02-22 10:00:00,11,8,3
2019-02-22 11:00:00,5,2,3
2019-02-22 12:00:00,4,0,4
2019-02-22 13:00:00,5,1,4
2019-02-22 14:00:00,15,5,10
2019-02-22 15:00:00,36,18,18
2019-02-22 16:00:00,54,15,39
2019-02-22 17:00:00,81,17,64
2019-02-22 18:00:00,44,8,36
2019-02-22 19:00:00,15,6,9
2019-02-22 20:00:00,5,1,4
2019-02-22 21:00:00,3,1,2
2019-02-22 22:00:00,0,0,0
2019-02-22 23:00:00,0,0,0
2019-02-23 00:00:00,2,1,1
2019-02-23 01:00:00,0,0,0
2019-02-23 02:00:00,0,0,0
2019-02-23 03:00:00,0,0,0
2019-02-23 04:00:00,0,0,0
2019-02-23 05:00:00,2,0,2
2019-02-23 06:00:00,2,1,1
2019-02-23 07:00:00,4,2,2
2019-02-23 08:00:00,14,7,7
2019-02-23 09:00:00,17,7,10
2019-02-23 10:00:00,39,23,16
2019-02-23 11:00:00,49,23,26
2019-02-23 12:00:00,38,19,19
2019-02-23 13:00:00,42,20,22
2019-02-23 14:00:00,25,12,13
2019-02-23 15:00:00,31,12,19
2019-02-23 16:00:00,25,12,13
2019-02-23 17:00:00,30,17,13
2019-02-23 18:00:00,11,5,6
2019-02-23 19:00:00,1,0,1
2019-02-23 20:00:00,6,3,3
2019-02-23 21:00:00,3,1,2
2019-02-23 22:00:00,1,1,0
2019-02-23 23:00:00,0,0,0
2019-02-24 00:00:00,0,0,0
2019-02-24 01:00:00,0,0,0
2019-02-24 02:00:00,0,0,0
2019-02-24 03:00:00,1,0,1
2019-02-24 04:00:00,2,0,2
2019-02-24 05:00:00,5,4,1
2019-02-24 06:00:00,11,11,0
2019-02-24 07:00:00,35,34,1
2019-02-24 08:00:00,45,39,6
2019-02-24 09:00:00,19,18,1
2019-02-24 10:00:00,29,18,11
2019-02-24 11:00:00,32,11,21
2019-02-24 12:00:00,75,23,52
2019-02-24 13:00:00,63,23,40
2019-02-24 14:00:00,57,15,42
2019-02-24 15:00:00,51,10,41
2019-02-24 16:00:00,39,7,32
2019-02-24 17:00:00,23,9,14
2019-02-24 18:00:00,15,8,7
2019-02-24 19:00:00,12,6,6
2019-02-24 20:00:00,2,0,2
2019-02-24 21:00:00,2,1,1
2019-02-24 22:00:00,0,0,0
2019-02-24 23:00:00,0,0,0
2019-02-25 00:00:00,0,0,0
2019-02-25 01:00:00,2,2,0
2019-02-25 02:00:00,2,0,2
2019-02-25 03:00:00,0,0,0
2019-02-25 04:00:00,2,2,0
2019-02-25 05:00:00,4,3,1
2019-02-25 06:00:00,47,26,21
2019-02-25 07:00:00,96,66,30
2019-02-25 08:00:00,138,99,39
2019-02-25 09:00:00,71,51,20
2019-02-25 10:00:00,27,13,14
2019-02-25 11:00:00,15,9,6
2019-02-25 12:00:00,26,11,15
2019-02-25 13:00:00,25,16,9
2019-02-25 14:00:00,31,12,19
2019-02-25 15:00:00,40,24,16
2019-02-25 16:00:00,98,37,61
2019-02-25 17:00:00,141,30,111
2019-02-25 18:00:00,72,11,61
2019-02-25 19:00:00,26,7,19
2019-02-25 20:00:00,7,1,6
2019-02-25 21:00:00,5,2,3
2019-02-25 22:00:00,9,2,7
2019-02-25 23:00:00,3,0,3
2019-02-26 00:00:00,1,1,0
2019-02-26 01:00:00,3,1,2
2019-02-26 02:00:00,1,0,1
2019-02-26 03:00:00,0,0,0
2019-02-26 04:00:00,1,1,0
2019-02-26 05:00:00,10,3,7
2019-02-26 06:00:00,43,24,19
2019-02-26 07:00:00,97,62,35
2019-02-26 08:00:00,117,88,29
2019-02-26 09:00:00,78,56,22
2019-02-26 10:00:00,19,9,10
2019-02-26 11:00:00,29,16,13
2019-02-26 12:00:00,22,11,11
2019-02-26 13:00:00,18,9,9
2019-02-26 14:00:00,45,20,25
2019-02-26 15:00:00,55,19,36
2019-02-26 16:00:00,102,41,61
2019-02-26 17:00:00,156,39,117
2019-02-26 18:00:00,67,16,51
2019-02-26 19:00:00,17,3,14
2019-02-26 20:00:00,10,3,7
2019-02-26 21:00:00,2,1,1
2019-02-26 22:00:00,6,4,2
2019-02-26 23:00:00,0,0,0
2019-02-27 00:00:00,0,0,0
2019-02-27 01:00:00,2,1,1
2019-02-27 02:00:00,1,0,1
2019-02-27 03:00:00,1,1,0
2019-02-27 04:00:00,0,0,0
2019-02-27 05:00:00,11,8,3
2019-02-27 06:00:00,31,16,15
2019-02-27 07:00:00,93,67,26
2019-02-27 08:00:00,111,89,22
2019-02-27 09:00:00,58,48,10
2019-02-27 10:00:00,12,9,3
2019-02-27 11:00:00,13,6,7
2019-02-27 12:00:00,16,5,11
2019-02-27 13:00:00,19,8,11
2019-02-27 14:00:00,21,12,9
2019-02-27 15:00:00,26,12,14
2019-02-27 16:00:00,79,26,53
2019-02-27 17:00:00,145,33,112
2019-02-27 18:00:00,67,15,52
2019-02-27 19:00:00,24,5,19
2019-02-27 20:00:00,13,3,10
2019-02-27 21:00:00,4,1,3
2019-02-27 22:00:00,3,0,3
2019-02-27 23:00:00,3,1,2
2019-02-28 00:00:00,1,1,0
2019-02-28 01:00:00,1,1,0
2019-02-28 02:00:00,1,0,1
2019-02-28 03:00:00,1,1,0
2019-02-28 04:00:00,0,0,0
2019-02-28 05:00:00,17,12,5
2019-02-28 06:00:00,40,23,17
2019-02-28 07:00:00,74,44,30
2019-02-28 08:00:00,108,78,30
2019-02-28 09:00:00,63,51,12
2019-02-28 10:00:00,31,20,11
2019-02-28 11:00:00,34,17,17
2019-02-28 12:00:00,36,13,23
2019-02-28 13:00:00,25,15,10
2019-02-28 14:00:00,54,34,20
2019-02-28 15:00:00,50,27,23
2019-02-28 16:00:00,87,30,57
2019-02-28 17:00:00,178,59,119
2019-02-28 18:00:00,68,19,49
2019-02-28 19:00:00,57,16,41
2019-02-28 20:00:00,13,4,9
2019-02-28 21:00:00,13,5,8
2019-02-28 22:00:00,4,3,1
2019-02-28 23:00:00,11,8,3
2019-03-01 00:00:00,4,3,1
2019-03-01 01:00:00,0,0,0
2019-03-01 02:00:00,0,0,0
2019-03-01 03:00:00,1,1,0
2019-03-01 04:00:00,1,1,0
2019-03-01 05:00:00,11,8,3
2019-03-01 06:00:00,38,21,17
2019-03-01 07:00:00,93,58,35
2019-03-01 08:00:00,102,84,18
2019-03-01 09:00:00,70,42,28
2019-03-01 10:00:00,25,12,13
2019-03-01 11:00:00,33,15,18
2019-03-01 12:00:00,28,14,14
2019-03-01 13:00:00,30,14,16
2019-03-01 14:00:00,53,20,33
2019-03-01 15:00:00,72,41,31
2019-03-01 16:00:00,117,46,71
2019-03-01 17:00:00,176,50,126
2019-03-01 18:00:00,73,23,50
2019-03-01 19:00:00,16,4,12
2019-03-01 20:00:00,8,1,7
2019-03-01 21:00:00,6,1,5
2019-03-01 22:00:00,4,2,2
2019-03-01 23:00:00,0,0,0
2019-03-02 00:00:00,4,1,3
2019-03-02 01:00:00,2,2,0
2019-03-02 02:00:00,0,0,0
2019-03-02 03:00:00,3,0,3
2019-03-02 04:00:00,0,0,0
2019-03-02 05:00:00,3,3,0
2019-03-02 06:00:00,3,2,1
2019-03-02 07:00:00,8,5,3
2019-03-02 08:00:00,20,12,8
2019-03-02 09:00:00,37,23,14
2019-03-02 10:00:00,40,22,18
2019-03-02 11:00:00,76,29,47
2019-03-02 12:00:00,82,53,29
2019-03-02 13:00:00,97,48,49
2019-03-02 14:00:00,93,46,47
2019-03-02 15:00:00,155,81,74
2019-03-02 16:00:00,101,44,57
2019-03-02 17:00:00,69,36,33
2019-03-02 18:00:00,54,40,14
2019-03-02 19:00:00,5,1,4
2019-03-02 20:00:00,2,2,0
2019-03-02 21:00:00,20,3,17
2019-03-02 22:00:00,4,1,3
2019-03-02 23:00:00,2,0,2
2019-03-03 00:00:00,0,0,0
2019-03-03 01:00:00,0,0,0
2019-03-03 02:00:00,0,0,0
2019-03-03 03:00:00,0,0,0
2019-03-03 04:00:00,0,0,0
2019-03-03 05:00:00,1,1,0
2019-03-03 06:00:00,2,1,1
2019-03-03 07:00:00,4,3,1
2019-03-03 08:00:00,17,5,12
2019-03-03 09:00:00,38,22,16
2019-03-03 10:00:00,60,27,33
2019-03-03 11:00:00,74,46,28
2019-03-03 12:00:00,64,26,38
2019-03-03 13:00:00,101,50,51
2019-03-03 14:00:00,124,59,65
2019-03-03 15:00:00,113,46,67
2019-03-03 16:00:00,96,48,48
2019-03-03 17:00:00,56,31,25
2019-03-03 18:00:00,23,9,14
2019-03-03 19:00:00,8,2,6
2019-03-03 20:00:00,0,0,0
2019-03-03 21:00:00,0,0,0
2019-03-03 22:00:00,4,2,2
2019-03-03 23:00:00,0,0,0
2019-03-04 00:00:00,0,0,0
2019-03-04 01:00:00,1,1,0
2019-03-04 02:00:00,0,0,0
2019-03-04 03:00:00,1,1,0
2019-03-04 04:00:00,0,0,0
2019-03-04 05:00:00,5,3,2
2019-03-04 06:00:00,53,27,26
2019-03-04 07:00:00,120,82,38
2019-03-04 08:00:00,146,114,32
2019-03-04 09:00:00,73,48,25
2019-03-04 10:00:00,25,13,12
2019-03-04 11:00:00,21,9,12
2019-03-04 12:00:00,24,13,11
2019-03-04 13:00:00,33,17,16
2019-03-04 14:00:00,36,16,20
2019-03-04 15:00:00,40,23,17
2019-03-04 16:00:00,97,34,63
2019-03-04 17:00:00,207,49,158
2019-03-04 18:00:00,79,18,61
2019-03-04 19:00:00,18,5,13
2019-03-04 20:00:00,6,1,5
2019-03-04 21:00:00,14,7,7
2019-03-04 22:00:00,0,0,0
2019-03-04 23:00:00,2,2,0
2019-03-05 00:00:00,2,1,1
2019-03-05 01:00:00,2,1,1
2019-03-05 02:00:00,0,0,0
2019-03-05 03:00:00,2,2,0
2019-03-05 04:00:00,1,1,0
2019-03-05 05:00:00,9,3,6
2019-03-05 06:00:00,47,27,20
2019-03-05 07:00:00,120,82,38
2019-03-05 08:00:00,153,113,40
2019-03-05 09:00:00,56,45,11
2019-03-05 10:00:00,30,15,15
2019-03-05 11:00:00,28,15,13
2019-03-05 12:00:00,20,12,8
2019-03-05 13:00:00,43,24,19
2019-03-05 14:00:00,40,21,19
2019-03-05 15:00:00,58,35,23
2019-03-05 16:00:00,121,47,74
2019-03-05 17:00:00,182,62,120
2019-03-05 18:00:00,117,33,84
2019-03-05 19:00:00,13,2,11
2019-03-05 20:00:00,11,2,9
2019-03-05 21:00:00,6,1,5
2019-03-05 22:00:00,4,1,3
2019-03-05 23:00:00,1,1,0
2019-03-06 00:00:00,1,1,0
2019-03-06 01:00:00,0,0,0
2019-03-06 02:00:00,2,0,2
2019-03-06 03:00:00,1,1,0
2019-03-06 04:00:00,1,1,0
2019-03-06 05:00:00,14,6,8
2019-03-06 06:00:00,40,25,15
2019-03-06 07:00:00,95,65,30
2019-03-06 08:00:00,107,79,28
2019-03-06 09:00:00,48,41,7
2019-03-06 10:00:00,15,9,6
2019-03-06 11:00:00,10,4,6
2019-03-06 12:00:00,13,7,6
2019-03-06 13:00:00,7,4,3
2019-03-06 14:00:00,13,5,8
2019-03-06 15:00:00,30,14,16
2019-03-06 16:00:00,71,24,47
2019-03-06 17:00:00,98,21,77
2019-03-06 18:00:00,44,11,33
2019-03-06 19:00:00,18,4,14
2019-03-06 20:00:00,1,1,0
2019-03-06 21:00:00,8,2,6
2019-03-06 22:00:00,2,0,2
2019-03-06 23:00:00,0,0,0
2019-03-07 00:00:00,1,1,0
2019-03-07 01:00:00,7,2,5
2019-03-07 02:00:00,3,3,0
2019-03-07 03:00:00,2,1,1
2019-03-07 04:00:00,2,1,1
2019-03-07 05:00:00,8,5,3
2019-03-07 06:00:00,20,9,11
2019-03-07 07:00:00,46,34,12
2019-03-07 08:00:00,46,33,13
2019-03-07 09:00:00,28,17,11
2019-03-07 10:00:00,11,8,3
2019-03-07 11:00:00,10,4,6
2019-03-07 12:00:00,15,7,8
2019-03-07 13:00:00,11,5,6
2019-03-07 14:00:00,31,15,16
2019-03-07 15:00:00,36,22,14
2019-03-07 16:00:00,55,25,30
2019-03-07 17:00:00,83,34,49
2019-03-07 18:00:00,47,8,39
2019-03-07 19:00:00,28,8,20
2019-03-07 20:00:00,12,4,8
2019-03-07 21:00:00,8,4,4
2019-03-07 22:00:00,7,2,5
2019-03-07 23:00:00,0,0,0
2019-03-08 00:00:00,2,2,0
2019-03-08 01:00:00,2,1,1
2019-03-08 02:00:00,1,0,1
2019-03-08 03:00:00,0,0,0
2019-03-08 04:00:00,3,2,1
2019-03-08 05:00:00,14,7,7
2019-03-08 06:00:00,37,21,16
2019-03-08 07:00:00,77,50,27
2019-03-08 08:00:00,82,67,15
2019-03-08 09:00:00,34,21,13
2019-03-08 10:00:00,7,3,4
2019-03-08 11:00:00,3,2,1
2019-03-08 12:00:00,7,3,4
2019-03-08 13:00:00,15,7,8
2019-03-08 14:00:00,30,11,19
2019-03-08 15:00:00,33,18,15
2019-03-08 16:00:00,95,39,56
2019-03-08 17:00:00,119,32,87
2019-03-08 18:00:00,50,11,39
2019-03-08 19:00:00,10,3,7
2019-03-08 20:00:00,10,3,7
2019-03-08 21:00:00,4,1,3
2019-03-08 22:00:00,2,0,2
2019-03-08 23:00:00,0,0,0
2019-03-09 00:00:00,1,1,0
2019-03-09 01:00:00,1,0,1
2019-03-09 02:00:00,1,0,1
2019-03-09 03:00:00,0,0,0
2019-03-09 04:00:00,0,0,0
2019-03-09 05:00:00,2,2,0
2019-03-09 06:00:00,7,4,3
2019-03-09 07:00:00,11,7,4
2019-03-09 08:00:00,16,8,8
2019-03-09 09:00:00,29,13,16
2019-03-09 10:00:00,39,16,23
2019-03-09 11:00:00,56,34,22
2019-03-09 12:00:00,62,40,22
2019-03-09 13:00:00,93,44,49
2019-03-09 14:00:00,99,49,50
2019-03-09 15:00:00,110,35,75
2019-03-09 16:00:00,100,51,49
2019-03-09 17:00:00,99,45,54
2019-03-09 18:00:00,29,16,13
2019-03-09 19:00:00,11,6,5
2019-03-09 20:00:00,6,2,4
2019-03-09 21:00:00,8,0,8
2019-03-09 22:00:00,7,2,5
2019-03-09 23:00:00,3,0,3
2019-03-10 00:00:00,0,0,0
2019-03-10 01:00:00,0,0,0
2019-03-10 02:00:00,0,0,0
2019-03-10 03:00:00,1,1,0
2019-03-10 04:00:00,0,0,0
2019-03-10 05:00:00,1,1,0
2019-03-10 06:00:00,0,0,0
2019-03-10 07:00:00,3,1,2
2019-03-10 08:00:00,10,7,3
2019-03-10 09:00:00,25,11,14
2019-03-10 10:00:00,40,18,22
2019-03-10 11:00:00,49,23,26
2019-03-10 12:00:00,61,29,32
2019-03-10 13:00:00,103,51,52
2019-03-10 14:00:00,131,73,58
2019-03-10 15:00:00,121,55,66
2019-03-10 16:00:00,136,68,68
2019-03-10 17:00:00,95,49,46
2019-03-10 18:00:00,61,25,36
2019-03-10 19:00:00,34,21,13
2019-03-10 20:00:00,9,5,4
2019-03-10 21:00:00,3,1,2
2019-03-10 22:00:00,3,2,1
2019-03-10 23:00:00,0,0,0
2019-03-11 00:00:00,1,0,1
2019-03-11 01:00:00,1,1,0
2019-03-11 02:00:00,0,0,0
2019-03-11 03:00:00,1,1,0
2019-03-11 04:00:00,1,1,0
2019-03-11 05:00:00,4,2,2
2019-03-11 06:00:00,33,21,12
2019-03-11 07:00:00,95,60,35
2019-03-11 08:00:00,139,108,31
2019-03-11 09:00:00,75,55,20
2019-03-11 10:00:00,24,17,7
2019-03-11 11:00:00,21,12,9
2019-03-11 12:00:00,19,7,12
2019-03-11 13:00:00,18,8,10
2019-03-11 14:00:00,34,15,19
2019-03-11 15:00:00,48,23,25
2019-03-11 16:00:00,102,45,57
2019-03-11 17:00:00,162,39,123
2019-03-11 18:00:00,80,7,73
2019-03-11 19:00:00,26,6,20
2019-03-11 20:00:00,9,0,9
2019-03-11 21:00:00,5,0,5
2019-03-11 22:00:00,3,2,1
2019-03-11 23:00:00,0,0,0
2019-03-12 00:00:00,1,0,1
2019-03-12 01:00:00,0,0,0
2019-03-12 02:00:00,0,0,0
2019-03-12 03:00:00,0,0,0
2019-03-12 04:00:00,0,0,0
2019-03-12 05:00:00,7,3,4
2019-03-12 06:00:00,30,20,10
2019-03-12 07:00:00,67,46,21
2019-03-12 08:00:00,110,77,33
2019-03-12 09:00:00,47,35,12
2019-03-12 10:00:00,19,7,12
2019-03-12 11:00:00,12,8,4
2019-03-12 12:00:00,9,3,6
2019-03-12 13:00:00,7,2,5
2019-03-12 14:00:00,14,9,5
2019-03-12 15:00:00,39,15,24
2019-03-12 16:00:00,65,23,42
2019-03-12 17:00:00,136,36,100
2019-03-12 18:00:00,79,23,56
2019-03-12 19:00:00,28,11,17
2019-03-12 20:00:00,7,1,6
2019-03-12 21:00:00,3,0,3
2019-03-12 22:00:00,3,0,3
2019-03-12 23:00:00,0,0,0
2019-03-13 00:00:00,3,1,2
2019-03-13 01:00:00,1,0,1
2019-03-13 02:00:00,1,1,0
2019-03-13 03:00:00,1,1,0
2019-03-13 04:00:00,1,1,0
2019-03-13 05:00:00,17,6,11
2019-03-13 06:00:00,49,33,16
2019-03-13 07:00:00,107,76,31
2019-03-13 08:00:00,144,115,29
2019-03-13 09:00:00,61,44,17
2019-03-13 10:00:00,26,15,11
2019-03-13 11:00:00,17,11,6
2019-03-13 12:00:00,21,8,13
2019-03-13 13:00:00,36,21,15
2019-03-13 14:00:00,52,25,27
2019-03-13 15:00:00,61,27,34
2019-03-13 16:00:00,128,54,74
2019-03-13 17:00:00,218,74,144
2019-03-13 18:00:00,134,43,91
2019-03-13 19:00:00,57,22,35
2019-03-13 20:00:00,14,7,7
2019-03-13 21:00:00,5,1,4
2019-03-13 22:00:00,0,0,0
2019-03-13 23:00:00,1,0,1
2019-03-14 00:00:00,2,2,0
2019-03-14 01:00:00,3,2,1
2019-03-14 02:00:00,1,0,1
2019-03-14 03:00:00,1,1,0
2019-03-14 04:00:00,2,2,0
2019-03-14 05:00:00,14,5,9
2019-03-14 06:00:00,49,29,20
2019-03-14 07:00:00,100,68,32
2019-03-14 08:00:00,135,100,35
2019-03-14 09:00:00,54,34,20
2019-03-14 10:00:00,37,14,23
2019-03-14 11:00:00,27,14,13
2019-03-14 12:00:00,29,14,15
2019-03-14 13:00:00,36,18,18
2019-03-14 14:00:00,44,19,25
2019-03-14 15:00:00,55,24,31
2019-03-14 16:00:00,115,56,59
2019-03-14 17:00:00,181,42,139
2019-03-14 18:00:00,111,30,81
2019-03-14 19:00:00,43,16,27
2019-03-14 20:00:00,13,5,8
2019-03-14 21:00:00,6,2,4
2019-03-14 22:00:00,3,1,2
2019-03-14 23:00:00,2,1,1
2019-03-15 00:00:00,4,2,2
2019-03-15 01:00:00,3,1,2
2019-03-15 02:00:00,1,0,1
2019-03-15 03:00:00,3,0,3
2019-03-15 04:00:00,5,2,3
2019-03-15 05:00:00,21,11,10
2019-03-15 06:00:00,34,25,9
2019-03-15 07:00:00,85,61,24
2019-03-15 08:00:00,132,104,28
2019-03-15 09:00:00,75,49,26
2019-03-15 10:00:00,19,11,8
2019-03-15 11:00:00,45,26,19
2019-03-15 12:00:00,33,19,14
2019-03-15 13:00:00,52,27,25
2019-03-15 14:00:00,62,28,34
2019-03-15 15:00:00,81,32,49
2019-03-15 16:00:00,152,48,104
2019-03-15 17:00:00,196,67,129
2019-03-15 18:00:00,121,39,82
2019-03-15 19:00:00,31,11,20
2019-03-15 20:00:00,11,6,5
2019-03-15 21:00:00,5,4,1
2019-03-15 22:00:00,9,4,5
2019-03-15 23:00:00,0,0,0
2019-03-16 00:00:00,3,1,2
2019-03-16 01:00:00,2,0,2
2019-03-16 02:00:00,1,1,0
2019-03-16 03:00:00,1,0,1
2019-03-16 04:00:00,0,0,0
2019-03-16 05:00:00,2,2,0
2019-03-16 06:00:00,3,1,2
2019-03-16 07:00:00,11,6,5
2019-03-16 08:00:00,15,10,5
2019-03-16 09:00:00,27,20,7
2019-03-16 10:00:00,36,22,14
2019-03-16 11:00:00,82,39,43
2019-03-16 12:00:00,124,44,80
2019-03-16 13:00:00,97,62,35
2019-03-16 14:00:00,110,50,60
2019-03-16 15:00:00,113,55,58
2019-03-16 16:00:00,128,59,69
2019-03-16 17:00:00,106,55,51
2019-03-16 18:00:00,97,58,39
2019-03-16 19:00:00,22,11,11
2019-03-16 20:00:00,12,4,8
2019-03-16 21:00:00,10,2,8
2019-03-16 22:00:00,31,9,22
2019-03-16 23:00:00,4,0,4
2019-03-17 00:00:00,2,2,0
2019-03-17 01:00:00,3,0,3
2019-03-17 02:00:00,0,0,0
2019-03-17 03:00:00,1,1,0
2019-03-17 04:00:00,0,0,0
2019-03-17 05:00:00,0,0,0
2019-03-17 06:00:00,0,0,0
2019-03-17 07:00:00,8,5,3
2019-03-17 08:00:00,12,5,7
2019-03-17 09:00:00,35,14,21
2019-03-17 10:00:00,77,38,39
2019-03-17 11:00:00,107,51,56
2019-03-17 12:00:00,131,62,69
2019-03-17 13:00:00,187,91,96
2019-03-17 14:00:00,176,93,83
2019-03-17 15:00:00,177,89,88
2019-03-17 16:00:00,165,82,83
2019-03-17 17:00:00,125,45,80
2019-03-17 18:00:00,107,50,57
2019-03-17 19:00:00,59,31,28
2019-03-17 20:00:00,9,8,1
2019-03-17 21:00:00,9,4,5
2019-03-17 22:00:00,2,2,0
2019-03-17 23:00:00,0,0,0
2019-03-18 00:00:00,3,2,1
2019-03-18 01:00:00,0,0,0
2019-03-18 02:00:00,0,0,0
2019-03-18 03:00:00,1,1,0
2019-03-18 04:00:00,1,1,0
2019-03-18 05:00:00,12,4,8
2019-03-18 06:00:00,47,26,21
2019-03-18 07:00:00,137,92,45
2019-03-18 08:00:00,188,152,36
2019-03-18 09:00:00,98,73,25
2019-03-18 10:00:00,42,24,18
2019-03-18 11:00:00,43,28,15
2019-03-18 12:00:00,52,23,29
2019-03-18 13:00:00,51,24,27
2019-03-18 14:00:00,58,28,30
2019-03-18 15:00:00,128,57,71
2019-03-18 16:00:00,204,72,132
2019-03-18 17:00:00,320,97,223
2019-03-18 18:00:00,222,80,142
2019-03-18 19:00:00,101,53,48
2019-03-18 20:00:00,19,4,15
2019-03-18 21:00:00,11,3,8
2019-03-18 22:00:00,8,4,4
2019-03-18 23:00:00,3,1,2
2019-03-19 00:00:00,4,1,3
2019-03-19 01:00:00,0,0,0
2019-03-19 02:00:00,2,1,1
2019-03-19 03:00:00,2,2,0
2019-03-19 04:00:00,1,1,0
2019-03-19 05:00:00,22,9,13
2019-03-19 06:00:00,59,39,20
2019-03-19 07:00:00,149,106,43
2019-03-19 08:00:00,217,175,42
2019-03-19 09:00:00,113,80,33
2019-03-19 10:00:00,50,28,22
2019-03-19 11:00:00,45,14,31
2019-03-19 12:00:00,61,29,32
2019-03-19 13:00:00,58,28,30
2019-03-19 14:00:00,89,34,55
2019-03-19 15:00:00,144,67,77
2019-03-19 16:00:00,271,106,165
2019-03-19 17:00:00,384,122,262
2019-03-19 18:00:00,233,74,159
2019-03-19 19:00:00,124,61,63
2019-03-19 20:00:00,49,25,24
2019-03-19 21:00:00,17,5,12
2019-03-19 22:00:00,8,4,4
2019-03-19 23:00:00,6,3,3
2019-03-20 00:00:00,7,5,2
2019-03-20 01:00:00,0,0,0
2019-03-20 02:00:00,2,1,1
2019-03-20 03:00:00,0,0,0
2019-03-20 04:00:00,4,4,0
2019-03-20 05:00:00,22,11,11
2019-03-20 06:00:00,68,39,29
2019-03-20 07:00:00,157,113,44
2019-03-20 08:00:00,195,155,40
2019-03-20 09:00:00,107,78,29
2019-03-20 10:00:00,49,20,29
2019-03-20 11:00:00,59,34,25
2019-03-20 12:00:00,48,24,24
2019-03-20 13:00:00,72,34,38
2019-03-20 14:00:00,72,41,31
2019-03-20 15:00:00,121,50,71
2019-03-20 16:00:00,223,84,139
2019-03-20 17:00:00,299,93,206
2019-03-20 18:00:00,218,72,146
2019-03-20 19:00:00,122,55,67
2019-03-20 20:00:00,35,9,26
2019-03-20 21:00:00,14,8,6
2019-03-20 22:00:00,6,3,3
2019-03-20 23:00:00,4,1,3
2019-03-21 00:00:00,6,1,5
2019-03-21 01:00:00,7,5,2
2019-03-21 02:00:00,5,4,1
2019-03-21 03:00:00,0,0,0
2019-03-21 04:00:00,3,1,2
2019-03-21 05:00:00,22,9,13
2019-03-21 06:00:00,50,26,24
2019-03-21 07:00:00,108,87,21
2019-03-21 08:00:00,176,140,36
2019-03-21 09:00:00,90,70,20
2019-03-21 10:00:00,30,18,12
2019-03-21 11:00:00,44,18,26
2019-03-21 12:00:00,47,21,26
2019-03-21 13:00:00,49,20,29
2019-03-21 14:00:00,58,28,30
2019-03-21 15:00:00,91,40,51
2019-03-21 16:00:00,176,62,114
2019-03-21 17:00:00,231,57,174
2019-03-21 18:00:00,142,35,107
2019-03-21 19:00:00,51,20,31
2019-03-21 20:00:00,11,5,6
2019-03-21 21:00:00,13,3,10
2019-03-21 22:00:00,8,6,2
2019-03-21 23:00:00,2,1,1
2019-03-22 00:00:00,4,1,3
2019-03-22 01:00:00,0,0,0
2019-03-22 02:00:00,1,1,0
2019-03-22 03:00:00,1,0,1
2019-03-22 04:00:00,2,0,2
2019-03-22 05:00:00,17,8,9
2019-03-22 06:00:00,37,20,17
2019-03-22 07:00:00,78,51,27
2019-03-22 08:00:00,122,89,33
2019-03-22 09:00:00,66,50,16
2019-03-22 10:00:00,47,24,23
2019-03-22 11:00:00,46,17,29
2019-03-22 12:00:00,56,30,26
2019-03-22 13:00:00,43,20,23
2019-03-22 14:00:00,64,31,33
2019-03-22 15:00:00,92,45,47
2019-03-22 16:00:00,98,24,74
2019-03-22 17:00:00,124,27,97
2019-03-22 18:00:00,60,13,47
2019-03-22 19:00:00,45,13,32
2019-03-22 20:00:00,17,8,9
2019-03-22 21:00:00,13,4,9
2019-03-22 22:00:00,4,1,3
2019-03-22 23:00:00,4,2,2
2019-03-23 00:00:00,7,4,3
2019-03-23 01:00:00,2,0,2
2019-03-23 02:00:00,1,0,1
2019-03-23 03:00:00,0,0,0
2019-03-23 04:00:00,0,0,0
2019-03-23 05:00:00,1,1,0
2019-03-23 06:00:00,4,2,2
2019-03-23 07:00:00,17,5,12
2019-03-23 08:00:00,29,14,15
2019-03-23 09:00:00,29,16,13
2019-03-23 10:00:00,73,44,29
2019-03-23 11:00:00,66,37,29
2019-03-23 12:00:00,93,28,65
2019-03-23 13:00:00,88,40,48
2019-03-23 14:00:00,118,48,70
2019-03-23 15:00:00,121,69,52
2019-03-23 16:00:00,127,45,82
2019-03-23 17:00:00,101,51,50
2019-03-23 18:00:00,114,51,63
2019-03-23 19:00:00,45,24,21
2019-03-23 20:00:00,7,2,5
2019-03-23 21:00:00,4,1,3
2019-03-23 22:00:00,12,5,7
2019-03-23 23:00:00,1,0,1
2019-03-24 00:00:00,1,0,1
2019-03-24 01:00:00,0,0,0
2019-03-24 02:00:00,0,0,0
2019-03-24 03:00:00,0,0,0
2019-03-24 04:00:00,0,0,0
2019-03-24 05:00:00,2,2,0
2019-03-24 06:00:00,4,3,1
2019-03-24 07:00:00,10,6,4
2019-03-24 08:00:00,27,15,12
2019-03-24 09:00:00,26,11,15
2019-03-24 10:00:00,56,30,26
2019-03-24 11:00:00,69,37,32
2019-03-24 12:00:00,102,48,54
2019-03-24 13:00:00,81,39,42
2019-03-24 14:00:00,83,26,57
2019-03-24 15:00:00,119,67,52
2019-03-24 16:00:00,93,29,64
2019-03-24 17:00:00,69,33,36
2019-03-24 18:00:00,60,28,32
2019-03-24 19:00:00,43,30,13
2019-03-24 20:00:00,8,6,2
2019-03-24 21:00:00,4,3,1
2019-03-24 22:00:00,2,1,1
2019-03-24 23:00:00,4,0,4
2019-03-25 00:00:00,1,1,0
2019-03-25 01:00:00,1,0,1
2019-03-25 02:00:00,0,0,0
2019-03-25 03:00:00,0,0,0
2019-03-25 04:00:00,1,1,0
2019-03-25 05:00:00,19,8,11
2019-03-25 06:00:00,43,26,17
2019-03-25 07:00:00,115,68,47
2019-03-25 08:00:00,155,119,36
2019-03-25 09:00:00,91,63,28
2019-03-25 10:00:00,38,26,12
2019-03-25 11:00:00,40,13,27
2019-03-25 12:00:00,30,12,18
2019-03-25 13:00:00,32,15,17
2019-03-25 14:00:00,43,21,22
2019-03-25 15:00:00,69,29,40
2019-03-25 16:00:00,128,51,77
2019-03-25 17:00:00,152,39,113
2019-03-25 18:00:00,68,10,58
2019-03-25 19:00:00,20,3,17
2019-03-25 20:00:00,6,4,2
2019-03-25 21:00:00,4,0,4
2019-03-25 22:00:00,4,2,2
2019-03-25 23:00:00,0,0,0
2019-03-26 00:00:00,2,1,1
2019-03-26 01:00:00,1,0,1
2019-03-26 02:00:00,1,1,0
2019-03-26 03:00:00,1,1,0
2019-03-26 04:00:00,1,1,0
2019-03-26 05:00:00,19,9,10
2019-03-26 06:00:00,37,14,23
2019-03-26 07:00:00,125,90,35
2019-03-26 08:00:00,170,131,39
2019-03-26 09:00:00,75,57,18
2019-03-26 10:00:00,39,26,13
2019-03-26 11:00:00,28,12,16
2019-03-26 12:00:00,51,24,27
2019-03-26 13:00:00,39,11,28
2019-03-26 14:00:00,58,33,25
2019-03-26 15:00:00,98,39,59
2019-03-26 16:00:00,173,73,100
2019-03-26 17:00:00,258,71,187
2019-03-26 18:00:00,172,60,112
2019-03-26 19:00:00,74,39,35
2019-03-26 20:00:00,17,4,13
2019-03-26 21:00:00,9,2,7
2019-03-26 22:00:00,2,1,1
2019-03-26 23:00:00,3,1,2
2019-03-27 00:00:00,3,1,2
2019-03-27 01:00:00,4,1,3
2019-03-27 02:00:00,1,1,0
2019-03-27 03:00:00,1,1,0
2019-03-27 04:00:00,1,1,0
2019-03-27 05:00:00,18,8,10
2019-03-27 06:00:00,50,30,20
2019-03-27 07:00:00,163,108,55
2019-03-27 08:00:00,175,128,47
2019-03-27 09:00:00,75,58,17
2019-03-27 10:00:00,48,24,24
2019-03-27 11:00:00,35,21,14
2019-03-27 12:00:00,56,34,22
2019-03-27 13:00:00,41,25,16
2019-03-27 14:00:00,47,21,26
2019-03-27 15:00:00,66,32,34
2019-03-27 16:00:00,132,50,82
2019-03-27 17:00:00,240,66,174
2019-03-27 18:00:00,143,37,106
2019-03-27 19:00:00,58,26,32
2019-03-27 20:00:00,18,8,10
2019-03-27 21:00:00,11,5,6
2019-03-27 22:00:00,2,2,0
2019-03-27 23:00:00,1,0,1
2019-03-28 00:00:00,1,1,0
2019-03-28 01:00:00,1,0,1
2019-03-28 02:00:00,2,1,1
2019-03-28 03:00:00,2,0,2
2019-03-28 04:00:00,1,1,0
2019-03-28 05:00:00,24,13,11
2019-03-28 06:00:00,45,26,19
2019-03-28 07:00:00,108,69,39
2019-03-28 08:00:00,126,95,31
2019-03-28 09:00:00,92,59,33
2019-03-28 10:00:00,45,28,17
2019-03-28 11:00:00,42,30,12
2019-03-28 12:00:00,39,21,18
2019-03-28 13:00:00,57,35,22
2019-03-28 14:00:00,71,38,33
2019-03-28 15:00:00,103,58,45
2019-03-28 16:00:00,154,48,106
2019-03-28 17:00:00,231,63,168
2019-03-28 18:00:00,151,47,104
2019-03-28 19:00:00,128,40,88
2019-03-28 20:00:00,59,12,47
2019-03-28 21:00:00,12,7,5
2019-03-28 22:00:00,4,2,2
2019-03-28 23:00:00,9,5,4
2019-03-29 00:00:00,10,8,2
2019-03-29 01:00:00,3,3,0
2019-03-29 02:00:00,5,3,2
2019-03-29 03:00:00,0,0,0
2019-03-29 04:00:00,2,1,1
2019-03-29 05:00:00,12,3,9
2019-03-29 06:00:00,35,17,18
2019-03-29 07:00:00,112,81,31
2019-03-29 08:00:00,157,118,39
2019-03-29 09:00:00,63,45,18
2019-03-29 10:00:00,37,22,15
2019-03-29 11:00:00,39,22,17
2019-03-29 12:00:00,32,12,20
2019-03-29 13:00:00,73,33,40
2019-03-29 14:00:00,73,40,33
2019-03-29 15:00:00,87,41,46
2019-03-29 16:00:00,178,63,115
2019-03-29 17:00:00,234,64,170
2019-03-29 18:00:00,110,38,72
2019-03-29 19:00:00,44,20,24
2019-03-29 20:00:00,44,18,26
2019-03-29 21:00:00,8,6,2
2019-03-29 22:00:00,15,6,9
2019-03-29 23:00:00,5,0,5
2019-03-30 00:00:00,5,2,3
2019-03-30 01:00:00,1,0,1
2019-03-30 02:00:00,1,0,1
2019-03-30 03:00:00,0,0,0
2019-03-30 04:00:00,0,0,0
2019-03-30 05:00:00,5,4,1
2019-03-30 06:00:00,5,2,3
2019-03-30 07:00:00,13,4,9
2019-03-30 08:00:00,25,12,13
2019-03-30 09:00:00,31,24,7
2019-03-30 10:00:00,72,35,37
2019-03-30 11:00:00,113,44,69
2019-03-30 12:00:00,86,38,48
2019-03-30 13:00:00,140,73,67
2019-03-30 14:00:00,145,67,78
2019-03-30 15:00:00,159,70,89
2019-03-30 16:00:00,173,90,83
2019-03-30 17:00:00,139,70,69
2019-03-30 18:00:00,133,66,67
2019-03-30 19:00:00,67,31,36
2019-03-30 20:00:00,22,5,17
2019-03-30 21:00:00,13,3,10
2019-03-30 22:00:00,11,6,5
2019-03-30 23:00:00,18,3,15
2019-03-31 00:00:00,3,1,2
2019-03-31 01:00:00,0,0,0
2019-03-31 02:00:00,0,0,0
2019-03-31 03:00:00,0,0,0
2019-03-31 04:00:00,0,0,0
2019-03-31 05:00:00,2,2,0
2019-03-31 06:00:00,2,1,1
2019-03-31 07:00:00,8,5,3
2019-03-31 08:00:00,23,15,8
2019-03-31 09:00:00,58,35,23
2019-03-31 10:00:00,60,36,24
2019-03-31 11:00:00,98,47,51
2019-03-31 12:00:00,138,70,68
2019-03-31 13:00:00,183,86,97
2019-03-31 14:00:00,164,88,76
2019-03-31 15:00:00,178,78,100
2019-03-31 16:00:00,143,72,71
2019-03-31 17:00:00,129,58,71
2019-03-31 18:00:00,142,55,87
2019-03-31 19:00:00,77,51,26
2019-03-31 20:00:00,10,5,5
2019-03-31 21:00:00,4,2,2
2019-03-31 22:00:00,1,0,1
2019-03-31 23:00:00,2,1,1
2019-04-01 00:00:00,0,0,0
2019-04-01 01:00:00,1,1,0
2019-04-01 02:00:00,1,1,0
2019-04-01 03:00:00,0,0,0
2019-04-01 04:00:00,4,2,2
2019-04-01 05:00:00,12,6,6
2019-04-01 06:00:00,57,32,25
2019-04-01 07:00:00,151,107,44
2019-04-01 08:00:00,206,167,39
2019-04-01 09:00:00,86,60,26
2019-04-01 10:00:00,40,20,20
2019-04-01 11:00:00,31,18,13
2019-04-01 12:00:00,52,29,23
2019-04-01 13:00:00,36,15,21
2019-04-01 14:00:00,60,30,30
2019-04-01 15:00:00,81,34,47
2019-04-01 16:00:00,184,81,103
2019-04-01 17:00:00,270,88,182
2019-04-01 18:00:00,168,45,123
2019-04-01 19:00:00,81,30,51
2019-04-01 20:00:00,16,5,11
2019-04-01 21:00:00,12,3,9
2019-04-01 22:00:00,6,2,4
2019-04-01 23:00:00,6,2,4
2019-04-02 00:00:00,5,1,4
2019-04-02 01:00:00,1,1,0
2019-04-02 02:00:00,1,0,1
2019-04-02 03:00:00,1,1,0
2019-04-02 04:00:00,1,1,0
2019-04-02 05:00:00,13,5,8
2019-04-02 06:00:00,52,26,26
2019-04-02 07:00:00,160,112,48
2019-04-02 08:00:00,210,171,39
2019-04-02 09:00:00,72,52,20
2019-04-02 10:00:00,26,18,8
2019-04-02 11:00:00,41,22,19
2019-04-02 12:00:00,40,15,25
2019-04-02 13:00:00,46,18,28
2019-04-02 14:00:00,63,35,28
2019-04-02 15:00:00,95,40,55
2019-04-02 16:00:00,156,48,108
2019-04-02 17:00:00,244,53,191
2019-04-02 18:00:00,139,35,104
2019-04-02 19:00:00,55,19,36
2019-04-02 20:00:00,24,8,16
2019-04-02 21:00:00,8,0,8
2019-04-02 22:00:00,10,3,7
2019-04-02 23:00:00,5,0,5
2019-04-03 00:00:00,1,1,0
2019-04-03 01:00:00,1,0,1
2019-04-03 02:00:00,2,1,1
2019-04-03 03:00:00,1,1,0
2019-04-03 04:00:00,1,1,0
2019-04-03 05:00:00,12,6,6
2019-04-03 06:00:00,49,32,17
2019-04-03 07:00:00,129,90,39
2019-04-03 08:00:00,173,135,38
2019-04-03 09:00:00,58,46,12
2019-04-03 10:00:00,25,13,12
2019-04-03 11:00:00,18,13,5
2019-04-03 12:00:00,21,6,15
2019-04-03 13:00:00,15,5,10
2019-04-03 14:00:00,40,20,20
2019-04-03 15:00:00,57,30,27
2019-04-03 16:00:00,143,42,101
2019-04-03 17:00:00,182,42,140
2019-04-03 18:00:00,105,19,86
2019-04-03 19:00:00,54,14,40
2019-04-03 20:00:00,18,7,11
2019-04-03 21:00:00,9,3,6
2019-04-03 22:00:00,3,1,2
2019-04-03 23:00:00,5,4,1
2019-04-04 00:00:00,3,1,2
2019-04-04 01:00:00,0,0,0
2019-04-04 02:00:00,2,0,2
2019-04-04 03:00:00,1,1,0
2019-04-04 04:00:00,1,1,0
2019-04-04 05:00:00,12,4,8
2019-04-04 06:00:00,55,30,25
2019-04-04 07:00:00,139,108,31
2019-04-04 08:00:00,164,130,34
2019-04-04 09:00:00,99,64,35
2019-04-04 10:00:00,49,28,21
2019-04-04 11:00:00,50,21,29
2019-04-04 12:00:00,43,20,23
2019-04-04 13:00:00,28,15,13
2019-04-04 14:00:00,66,35,31
2019-04-04 15:00:00,95,36,59
2019-04-04 16:00:00,163,54,109
2019-04-04 17:00:00,267,87,180
2019-04-04 18:00:00,136,33,103
2019-04-04 19:00:00,32,10,22
2019-04-04 20:00:00,26,7,19
2019-04-04 21:00:00,13,5,8
2019-04-04 22:00:00,7,4,3
2019-04-04 23:00:00,3,1,2
2019-04-05 00:00:00,0,0,0
2019-04-05 01:00:00,1,0,1
2019-04-05 02:00:00,2,1,1
2019-04-05 03:00:00,0,0,0
2019-04-05 04:00:00,1,0,1
2019-04-05 05:00:00,10,6,4
2019-04-05 06:00:00,28,18,10
2019-04-05 07:00:00,78,56,22
2019-04-05 08:00:00,129,93,36
2019-04-05 09:00:00,72,58,14
2019-04-05 10:00:00,27,17,10
2019-04-05 11:00:00,30,19,11
2019-04-05 12:00:00,24,12,12
2019-04-05 13:00:00,15,3,12
2019-04-05 14:00:00,18,5,13
2019-04-05 15:00:00,41,17,24
2019-04-05 16:00:00,68,16,52
2019-04-05 17:00:00,115,18,97
2019-04-05 18:00:00,79,11,68
2019-04-05 19:00:00,38,13,25
2019-04-05 20:00:00,10,3,7
2019-04-05 21:00:00,9,6,3
2019-04-05 22:00:00,1,1,0
2019-04-05 23:00:00,3,1,2
2019-04-06 00:00:00,1,0,1
2019-04-06 01:00:00,3,0,3
2019-04-06 02:00:00,2,0,2
2019-04-06 03:00:00,0,0,0
2019-04-06 04:00:00,1,0,1
2019-04-06 05:00:00,1,1,0
2019-04-06 06:00:00,0,0,0
2019-04-06 07:00:00,8,3,5
2019-04-06 08:00:00,7,1,6
2019-04-06 09:00:00,6,2,4
2019-04-06 10:00:00,15,4,11
2019-04-06 11:00:00,23,12,11
2019-04-06 12:00:00,25,11,14
2019-04-06 13:00:00,19,9,10
2019-04-06 14:00:00,14,5,9
2019-04-06 15:00:00,22,10,12
2019-04-06 16:00:00,28,17,11
2019-04-06 17:00:00,45,21,24
2019-04-06 18:00:00,31,22,9
2019-04-06 19:00:00,13,6,7
2019-04-06 20:00:00,2,0,2
2019-04-06 21:00:00,20,5,15
2019-04-06 22:00:00,12,4,8
2019-04-06 23:00:00,4,1,3
2019-04-07 00:00:00,0,0,0
2019-04-07 01:00:00,1,0,1
2019-04-07 02:00:00,1,0,1
2019-04-07 03:00:00,0,0,0
2019-04-07 04:00:00,2,0,2
2019-04-07 05:00:00,1,1,0
2019-04-07 06:00:00,2,2,0
2019-04-07 07:00:00,9,3,6
2019-04-07 08:00:00,20,9,11
2019-04-07 09:00:00,27,13,14
2019-04-07 10:00:00,35,14,21
2019-04-07 11:00:00,45,22,23
2019-04-07 12:00:00,67,39,28
2019-04-07 13:00:00,65,27,38
2019-04-07 14:00:00,58,30,28
2019-04-07 15:00:00,60,32,28
2019-04-07 16:00:00,61,18,43
2019-04-07 17:00:00,64,18,46
2019-04-07 18:00:00,40,24,16
2019-04-07 19:00:00,32,15,17
2019-04-07 20:00:00,5,4,1
2019-04-07 21:00:00,4,3,1
2019-04-07 22:00:00,2,1,1
2019-04-07 23:00:00,0,0,0
2019-04-08 00:00:00,1,1,0
2019-04-08 01:00:00,0,0,0
2019-04-08 02:00:00,4,0,4
2019-04-08 03:00:00,5,4,1
2019-04-08 04:00:00,0,0,0
2019-04-08 05:00:00,10,7,3
2019-04-08 06:00:00,38,20,18
2019-04-08 07:00:00,83,56,27
2019-04-08 08:00:00,123,91,32
2019-04-08 09:00:00,57,42,15
2019-04-08 10:00:00,15,10,5
2019-04-08 11:00:00,26,13,13
2019-04-08 12:00:00,34,19,15
2019-04-08 13:00:00,20,8,12
2019-04-08 14:00:00,25,16,9
2019-04-08 15:00:00,47,25,22
2019-04-08 16:00:00,99,39,60
2019-04-08 17:00:00,133,30,103
2019-04-08 18:00:00,100,21,79
2019-04-08 19:00:00,43,15,28
2019-04-08 20:00:00,12,6,6
2019-04-08 21:00:00,5,1,4
2019-04-08 22:00:00,4,0,4
2019-04-08 23:00:00,7,5,2
2019-04-09 00:00:00,0,0,0
2019-04-09 01:00:00,3,1,2
2019-04-09 02:00:00,1,0,1
2019-04-09 03:00:00,0,0,0
2019-04-09 04:00:00,2,1,1
2019-04-09 05:00:00,13,4,9
2019-04-09 06:00:00,38,22,16
2019-04-09 07:00:00,112,80,32
2019-04-09 08:00:00,169,122,47
2019-04-09 09:00:00,63,50,13
2019-04-09 10:00:00,43,17,26
2019-04-09 11:00:00,34,24,10
2019-04-09 12:00:00,21,14,7
2019-04-09 13:00:00,51,23,28
2019-04-09 14:00:00,59,28,31
2019-04-09 15:00:00,48,19,29
2019-04-09 16:00:00,134,49,85
2019-04-09 17:00:00,214,56,158
2019-04-09 18:00:00,108,28,80
2019-04-09 19:00:00,42,15,27
2019-04-09 20:00:00,16,6,10
2019-04-09 21:00:00,6,2,4
2019-04-09 22:00:00,3,1,2
2019-04-09 23:00:00,2,0,2
2019-04-10 00:00:00,4,0,4
2019-04-10 01:00:00,0,0,0
2019-04-10 02:00:00,3,0,3
2019-04-10 03:00:00,1,1,0
2019-04-10 04:00:00,5,1,4
2019-04-10 05:00:00,13,7,6
2019-04-10 06:00:00,44,24,20
2019-04-10 07:00:00,103,73,30
2019-04-10 08:00:00,143,102,41
2019-04-10 09:00:00,59,43,16
2019-04-10 10:00:00,26,16,10
2019-04-10 11:00:00,16,7,9
2019-04-10 12:00:00,17,6,11
2019-04-10 13:00:00,27,10,17
2019-04-10 14:00:00,22,10,12
2019-04-10 15:00:00,38,21,17
2019-04-10 16:00:00,107,42,65
2019-04-10 17:00:00,143,42,101
2019-04-10 18:00:00,85,14,71
2019-04-10 19:00:00,34,10,24
2019-04-10 20:00:00,10,2,8
2019-04-10 21:00:00,6,0,6
2019-04-10 22:00:00,2,0,2
2019-04-10 23:00:00,0,0,0
2019-04-11 00:00:00,0,0,0
2019-04-11 01:00:00,0,0,0
2019-04-11 02:00:00,0,0,0
2019-04-11 03:00:00,1,0,1
2019-04-11 04:00:00,2,2,0
2019-04-11 05:00:00,15,6,9
2019-04-11 06:00:00,26,11,15
2019-04-11 07:00:00,71,49,22
2019-04-11 08:00:00,95,71,24
2019-04-11 09:00:00,42,32,10
2019-04-11 10:00:00,21,10,11
2019-04-11 11:00:00,9,4,5
2019-04-11 12:00:00,17,5,12
2019-04-11 13:00:00,16,7,9
2019-04-11 14:00:00,14,7,7
2019-04-11 15:00:00,36,17,19
2019-04-11 16:00:00,55,24,31
2019-04-11 17:00:00,142,42,100
2019-04-11 18:00:00,79,24,55
2019-04-11 19:00:00,31,13,18
2019-04-11 20:00:00,13,4,9
2019-04-11 21:00:00,2,1,1
2019-04-11 22:00:00,2,1,1
2019-04-11 23:00:00,0,0,0
2019-04-12 00:00:00,1,0,1
2019-04-12 01:00:00,0,0,0
2019-04-12 02:00:00,2,0,2
2019-04-12 03:00:00,1,0,1
2019-04-12 04:00:00,3,3,0
2019-04-12 05:00:00,11,4,7
2019-04-12 06:00:00,36,18,18
2019-04-12 07:00:00,78,53,25
2019-04-12 08:00:00,114,90,24
2019-04-12 09:00:00,64,38,26
2019-04-12 10:00:00,24,15,9
2019-04-12 11:00:00,50,22,28
2019-04-12 12:00:00,33,17,16
2019-04-12 13:00:00,48,20,28
2019-04-12 14:00:00,59,31,28
2019-04-12 15:00:00,99,45,54
2019-04-12 16:00:00,131,51,80
2019-04-12 17:00:00,163,51,112
2019-04-12 18:00:00,87,41,46
2019-04-12 19:00:00,49,17,32
2019-04-12 20:00:00,24,13,11
2019-04-12 21:00:00,6,3,3
2019-04-12 22:00:00,8,2,6
2019-04-12 23:00:00,5,0,5
2019-04-13 00:00:00,4,1,3
2019-04-13 01:00:00,1,1,0
2019-04-13 02:00:00,1,0,1
2019-04-13 03:00:00,0,0,0
2019-04-13 04:00:00,1,0,1
2019-04-13 05:00:00,1,1,0
2019-04-13 06:00:00,2,1,1
2019-04-13 07:00:00,5,4,1
2019-04-13 08:00:00,8,3,5
2019-04-13 09:00:00,7,4,3
2019-04-13 10:00:00,13,6,7
2019-04-13 11:00:00,11,7,4
2019-04-13 12:00:00,12,9,3
2019-04-13 13:00:00,19,11,8
2019-04-13 14:00:00,16,7,9
2019-04-13 15:00:00,33,11,22
2019-04-13 16:00:00,26,10,16
2019-04-13 17:00:00,44,15,29
2019-04-13 18:00:00,38,16,22
2019-04-13 19:00:00,14,7,7
2019-04-13 20:00:00,9,3,6
2019-04-13 21:00:00,3,1,2
2019-04-13 22:00:00,5,1,4
2019-04-13 23:00:00,4,2,2
2019-04-14 00:00:00,2,1,1
2019-04-14 01:00:00,1,0,1
2019-04-14 02:00:00,1,0,1
2019-04-14 03:00:00,1,1,0
2019-04-14 04:00:00,0,0,0
2019-04-14 05:00:00,5,2,3
2019-04-14 06:00:00,1,1,0
2019-04-14 07:00:00,5,2,3
2019-04-14 08:00:00,19,6,13
2019-04-14 09:00:00,28,15,13
2019-04-14 10:00:00,44,21,23
2019-04-14 11:00:00,37,16,21
2019-04-14 12:00:00,55,20,35
2019-04-14 13:00:00,50,25,25
2019-04-14 14:00:00,59,34,25
2019-04-14 15:00:00,47,26,21
2019-04-14 16:00:00,40,18,22
2019-04-14 17:00:00,28,13,15
2019-04-14 18:00:00,16,7,9
2019-04-14 19:00:00,13,8,5
2019-04-14 20:00:00,2,0,2
2019-04-14 21:00:00,3,3,0
2019-04-14 22:00:00,1,0,1
2019-04-14 23:00:00,2,2,0
2019-04-15 00:00:00,1,0,1
2019-04-15 01:00:00,1,1,0
2019-04-15 02:00:00,0,0,0
2019-04-15 03:00:00,2,0,2
2019-04-15 04:00:00,3,1,2
2019-04-15 05:00:00,11,4,7
2019-04-15 06:00:00,51,29,22
2019-04-15 07:00:00,125,94,31
2019-04-15 08:00:00,192,149,43
2019-04-15 09:00:00,95,68,27
2019-04-15 10:00:00,36,19,17
2019-04-15 11:00:00,25,12,13
2019-04-15 12:00:00,42,25,17
2019-04-15 13:00:00,61,30,31
2019-04-15 14:00:00,52,23,29
2019-04-15 15:00:00,89,40,49
2019-04-15 16:00:00,152,52,100
2019-04-15 17:00:00,244,47,197
2019-04-15 18:00:00,137,39,98
2019-04-15 19:00:00,49,17,32
2019-04-15 20:00:00,8,3,5
2019-04-15 21:00:00,13,5,8
2019-04-15 22:00:00,2,1,1
2019-04-15 23:00:00,2,0,2
2019-04-16 00:00:00,2,2,0
2019-04-16 01:00:00,0,0,0
2019-04-16 02:00:00,2,0,2
2019-04-16 03:00:00,1,1,0
2019-04-16 04:00:00,3,1,2
2019-04-16 05:00:00,18,5,13
2019-04-16 06:00:00,58,37,21
2019-04-16 07:00:00,152,111,41
2019-04-16 08:00:00,181,138,43
2019-04-16 09:00:00,83,63,20
2019-04-16 10:00:00,35,22,13
2019-04-16 11:00:00,24,16,8
2019-04-16 12:00:00,14,7,7
2019-04-16 13:00:00,28,12,16
2019-04-16 14:00:00,43,20,23
2019-04-16 15:00:00,65,26,39
2019-04-16 16:00:00,139,51,88
2019-04-16 17:00:00,204,42,162
2019-04-16 18:00:00,105,25,80
2019-04-16 19:00:00,25,8,17
2019-04-16 20:00:00,6,2,4
2019-04-16 21:00:00,3,0,3
2019-04-16 22:00:00,3,0,3
2019-04-16 23:00:00,1,0,1
2019-04-17 00:00:00,2,1,1
2019-04-17 01:00:00,0,0,0
2019-04-17 02:00:00,1,0,1
2019-04-17 03:00:00,3,2,1
2019-04-17 04:00:00,1,1,0
2019-04-17 05:00:00,13,5,8
2019-04-17 06:00:00,53,28,25
2019-04-17 07:00:00,138,90,48
2019-04-17 08:00:00,171,132,39
2019-04-17 09:00:00,59,43,16
2019-04-17 10:00:00,34,18,16
2019-04-17 11:00:00,22,13,9
2019-04-17 12:00:00,17,11,6
2019-04-17 13:00:00,39,17,22
2019-04-17 14:00:00,43,19,24
2019-04-17 15:00:00,73,34,39
2019-04-17 16:00:00,136,46,90
2019-04-17 17:00:00,239,56,183
2019-04-17 18:00:00,145,48,97
2019-04-17 19:00:00,76,24,52
2019-04-17 20:00:00,33,22,11
2019-04-17 21:00:00,9,6,3
2019-04-17 22:00:00,6,4,2
2019-04-17 23:00:00,2,1,1
2019-04-18 00:00:00,2,1,1
2019-04-18 01:00:00,2,0,2
2019-04-18 02:00:00,1,0,1
2019-04-18 03:00:00,1,1,0
2019-04-18 04:00:00,1,0,1
2019-04-18 05:00:00,16,8,8
2019-04-18 06:00:00,53,33,20
2019-04-18 07:00:00,88,55,33
2019-04-18 08:00:00,101,72,29
2019-04-18 09:00:00,52,30,22
2019-04-18 10:00:00,18,12,6
2019-04-18 11:00:00,21,12,9
2019-04-18 12:00:00,25,13,12
2019-04-18 13:00:00,24,11,13
2019-04-18 14:00:00,34,17,17
2019-04-18 15:00:00,60,24,36
2019-04-18 16:00:00,111,36,75
2019-04-18 17:00:00,175,41,134
2019-04-18 18:00:00,85,28,57
2019-04-18 19:00:00,31,15,16
2019-04-18 20:00:00,11,4,7
2019-04-18 21:00:00,6,5,1
2019-04-18 22:00:00,2,0,2
2019-04-18 23:00:00,4,0,4
2019-04-19 00:00:00,2,2,0
2019-04-19 01:00:00,0,0,0
2019-04-19 02:00:00,2,0,2
2019-04-19 03:00:00,1,1,0
2019-04-19 04:00:00,1,0,1
2019-04-19 05:00:00,18,7,11
2019-04-19 06:00:00,31,20,11
2019-04-19 07:00:00,76,58,18
2019-04-19 08:00:00,110,78,32
2019-04-19 09:00:00,53,34,19
2019-04-19 10:00:00,20,11,9
2019-04-19 11:00:00,22,11,11
2019-04-19 12:00:00,19,15,4
2019-04-19 13:00:00,17,11,6
2019-04-19 14:00:00,24,11,13
2019-04-19 15:00:00,39,19,20
2019-04-19 16:00:00,71,21,50
2019-04-19 17:00:00,98,12,86
2019-04-19 18:00:00,52,7,45
2019-04-19 19:00:00,18,6,12
2019-04-19 20:00:00,15,3,12
2019-04-19 21:00:00,2,1,1
2019-04-19 22:00:00,6,5,1
2019-04-19 23:00:00,1,0,1
2019-04-20 00:00:00,2,0,2
2019-04-20 01:00:00,2,0,2
2019-04-20 02:00:00,0,0,0
2019-04-20 03:00:00,1,1,0
2019-04-20 04:00:00,1,1,0
2019-04-20 05:00:00,9,6,3
2019-04-20 06:00:00,8,6,2
2019-04-20 07:00:00,26,15,11
2019-04-20 08:00:00,39,20,19
2019-04-20 09:00:00,70,29,41
2019-04-20 10:00:00,87,57,30
2019-04-20 11:00:00,60,22,38
2019-04-20 12:00:00,90,45,45
2019-04-20 13:00:00,96,46,50
2019-04-20 14:00:00,130,70,60
2019-04-20 15:00:00,134,61,73
2019-04-20 16:00:00,109,51,58
2019-04-20 17:00:00,128,59,69
2019-04-20 18:00:00,104,50,54
2019-04-20 19:00:00,94,43,51
2019-04-20 20:00:00,43,32,11
2019-04-20 21:00:00,4,2,2
2019-04-20 22:00:00,7,3,4
2019-04-20 23:00:00,4,0,4
2019-04-21 00:00:00,2,1,1
2019-04-21 01:00:00,0,0,0
2019-04-21 02:00:00,0,0,0
2019-04-21 03:00:00,3,0,3
2019-04-21 04:00:00,0,0,0
2019-04-21 05:00:00,2,1,1
2019-04-21 06:00:00,3,2,1
2019-04-21 07:00:00,4,1,3
2019-04-21 08:00:00,18,6,12
2019-04-21 09:00:00,26,11,15
2019-04-21 10:00:00,48,20,28
2019-04-21 11:00:00,68,37,31
2019-04-21 12:00:00,80,36,44
2019-04-21 13:00:00,95,46,49
2019-04-21 14:00:00,115,48,67
2019-04-21 15:00:00,176,82,94
2019-04-21 16:00:00,112,48,64
2019-04-21 17:00:00,83,36,47
2019-04-21 18:00:00,81,45,36
2019-04-21 19:00:00,68,37,31
2019-04-21 20:00:00,37,19,18
2019-04-21 21:00:00,6,4,2
2019-04-21 22:00:00,3,0,3
2019-04-21 23:00:00,2,2,0
2019-04-22 00:00:00,2,1,1
2019-04-22 01:00:00,2,1,1
2019-04-22 02:00:00,0,0,0
2019-04-22 03:00:00,0,0,0
2019-04-22 04:00:00,1,0,1
2019-04-22 05:00:00,10,2,8
2019-04-22 06:00:00,40,21,19
2019-04-22 07:00:00,114,76,38
2019-04-22 08:00:00,118,91,27
2019-04-22 09:00:00,75,58,17
2019-04-22 10:00:00,17,6,11
2019-04-22 11:00:00,33,15,18
2019-04-22 12:00:00,32,16,16
2019-04-22 13:00:00,27,14,13
2019-04-22 14:00:00,22,10,12
2019-04-22 15:00:00,51,22,29
2019-04-22 16:00:00,88,33,55
2019-04-22 17:00:00,161,35,126
2019-04-22 18:00:00,84,21,63
2019-04-22 19:00:00,21,8,13
2019-04-22 20:00:00,11,3,8
2019-04-22 21:00:00,8,5,3
2019-04-22 22:00:00,4,1,3
2019-04-22 23:00:00,0,0,0
2019-04-23 00:00:00,1,0,1
2019-04-23 01:00:00,1,0,1
2019-04-23 02:00:00,0,0,0
2019-04-23 03:00:00,1,1,0
2019-04-23 04:00:00,2,1,1
2019-04-23 05:00:00,13,4,9
2019-04-23 06:00:00,57,32,25
2019-04-23 07:00:00,137,95,42
2019-04-23 08:00:00,185,133,52
2019-04-23 09:00:00,91,66,25
2019-04-23 10:00:00,26,15,11
2019-04-23 11:00:00,29,17,12
2019-04-23 12:00:00,31,18,13
2019-04-23 13:00:00,46,16,30
2019-04-23 14:00:00,50,20,30
2019-04-23 15:00:00,89,40,49
2019-04-23 16:00:00,154,59,95
2019-04-23 17:00:00,244,58,186
2019-04-23 18:00:00,137,39,98
2019-04-23 19:00:00,68,34,34
2019-04-23 20:00:00,26,7,19
2019-04-23 21:00:00,8,1,7
2019-04-23 22:00:00,4,1,3
2019-04-23 23:00:00,3,0,3
2019-04-24 00:00:00,3,1,2
2019-04-24 01:00:00,1,0,1
2019-04-24 02:00:00,2,1,1
2019-04-24 03:00:00,1,0,1
2019-04-24 04:00:00,3,1,2
2019-04-24 05:00:00,21,8,13
2019-04-24 06:00:00,55,36,19
2019-04-24 07:00:00,147,104,43
2019-04-24 08:00:00,196,149,47
2019-04-24 09:00:00,78,60,18
2019-04-24 10:00:00,30,16,14
2019-04-24 11:00:00,24,18,6
2019-04-24 12:00:00,38,21,17
2019-04-24 13:00:00,47,26,21
2019-04-24 14:00:00,76,38,38
2019-04-24 15:00:00,64,24,40
2019-04-24 16:00:00,169,67,102
2019-04-24 17:00:00,264,94,170
2019-04-24 18:00:00,164,56,108
2019-04-24 19:00:00,115,49,66
2019-04-24 20:00:00,35,14,21
2019-04-24 21:00:00,37,12,25
2019-04-24 22:00:00,23,0,23
2019-04-24 23:00:00,9,3,6
2019-04-25 00:00:00,3,1,2
2019-04-25 01:00:00,0,0,0
2019-04-25 02:00:00,2,1,1
2019-04-25 03:00:00,0,0,0
2019-04-25 04:00:00,1,1,0
2019-04-25 05:00:00,14,5,9
2019-04-25 06:00:00,52,31,21
2019-04-25 07:00:00,143,112,31
2019-04-25 08:00:00,175,131,44
2019-04-25 09:00:00,72,53,19
2019-04-25 10:00:00,28,15,13
2019-04-25 11:00:00,37,21,16
2019-04-25 12:00:00,46,22,24
2019-04-25 13:00:00,50,26,24
2019-04-25 14:00:00,56,32,24
2019-04-25 15:00:00,81,32,49
2019-04-25 16:00:00,152,41,111
2019-04-25 17:00:00,226,60,166
2019-04-25 18:00:00,104,22,82
2019-04-25 19:00:00,56,19,37
2019-04-25 20:00:00,24,12,12
2019-04-25 21:00:00,14,4,10
2019-04-25 22:00:00,11,3,8
2019-04-25 23:00:00,3,0,3
2019-04-26 00:00:00,3,1,2
2019-04-26 01:00:00,2,1,1
2019-04-26 02:00:00,5,2,3
2019-04-26 03:00:00,2,1,1
2019-04-26 04:00:00,1,0,1
2019-04-26 05:00:00,23,10,13
2019-04-26 06:00:00,45,23,22
2019-04-26 07:00:00,108,77,31
2019-04-26 08:00:00,159,119,40
2019-04-26 09:00:00,78,64,14
2019-04-26 10:00:00,31,15,16
2019-04-26 11:00:00,44,22,22
2019-04-26 12:00:00,51,24,27
2019-04-26 13:00:00,60,26,34
2019-04-26 14:00:00,97,43,54
2019-04-26 15:00:00,133,59,74
2019-04-26 16:00:00,192,80,112
2019-04-26 17:00:00,204,62,142
2019-04-26 18:00:00,117,29,88
2019-04-26 19:00:00,51,19,32
2019-04-26 20:00:00,19,7,12
2019-04-26 21:00:00,8,3,5
2019-04-26 22:00:00,5,2,3
2019-04-26 23:00:00,4,1,3
2019-04-27 00:00:00,6,4,2
2019-04-27 01:00:00,0,0,0
2019-04-27 02:00:00,3,0,3
2019-04-27 03:00:00,0,0,0
2019-04-27 04:00:00,0,0,0
2019-04-27 05:00:00,6,4,2
2019-04-27 06:00:00,6,5,1
2019-04-27 07:00:00,12,8,4
2019-04-27 08:00:00,23,15,8
2019-04-27 09:00:00,43,14,29
2019-04-27 10:00:00,57,31,26
2019-04-27 11:00:00,88,38,50
2019-04-27 12:00:00,81,47,34
2019-04-27 13:00:00,109,54,55
2019-04-27 14:00:00,103,47,56
2019-04-27 15:00:00,66,40,26
2019-04-27 16:00:00,44,20,24
2019-04-27 17:00:00,48,30,18
2019-04-27 18:00:00,58,26,32
2019-04-27 19:00:00,28,14,14
2019-04-27 20:00:00,18,7,11
2019-04-27 21:00:00,9,3,6
2019-04-27 22:00:00,3,2,1
2019-04-27 23:00:00,2,0,2
2019-04-28 00:00:00,0,0,0
2019-04-28 01:00:00,1,0,1
2019-04-28 02:00:00,4,2,2
2019-04-28 03:00:00,0,0,0
2019-04-28 04:00:00,0,0,0
2019-04-28 05:00:00,1,1,0
2019-04-28 06:00:00,6,5,1
2019-04-28 07:00:00,20,11,9
2019-04-28 08:00:00,29,13,16
2019-04-28 09:00:00,74,29,45
2019-04-28 10:00:00,96,46,50
2019-04-28 11:00:00,156,105,51
2019-04-28 12:00:00,143,79,64
2019-04-28 13:00:00,131,54,77
2019-04-28 14:00:00,176,79,97
2019-04-28 15:00:00,206,67,139
2019-04-28 16:00:00,124,61,63
2019-04-28 17:00:00,126,54,72
2019-04-28 18:00:00,73,29,44
2019-04-28 19:00:00,55,27,28
2019-04-28 20:00:00,23,16,7
2019-04-28 21:00:00,10,2,8
2019-04-28 22:00:00,0,0,0
2019-04-28 23:00:00,2,1,1
2019-04-29 00:00:00,2,2,0
2019-04-29 01:00:00,0,0,0
2019-04-29 02:00:00,2,1,1
2019-04-29 03:00:00,2,2,0
2019-04-29 04:00:00,0,0,0
2019-04-29 05:00:00,13,6,7
2019-04-29 06:00:00,61,37,24
2019-04-29 07:00:00,155,116,39
2019-04-29 08:00:00,218,170,48
2019-04-29 09:00:00,89,65,24
2019-04-29 10:00:00,37,23,14
2019-04-29 11:00:00,54,29,25
2019-04-29 12:00:00,47,21,26
2019-04-29 13:00:00,50,27,23
2019-04-29 14:00:00,73,33,40
2019-04-29 15:00:00,96,41,55
2019-04-29 16:00:00,193,74,119
2019-04-29 17:00:00,280,81,199
2019-04-29 18:00:00,156,44,112
2019-04-29 19:00:00,83,27,56
2019-04-29 20:00:00,35,17,18
2019-04-29 21:00:00,13,4,9
2019-04-29 22:00:00,7,3,4
2019-04-29 23:00:00,3,1,2
2019-04-30 00:00:00,1,1,0
2019-04-30 01:00:00,2,0,2
2019-04-30 02:00:00,4,1,3
2019-04-30 03:00:00,0,0,0
2019-04-30 04:00:00,0,0,0
2019-04-30 05:00:00,22,12,10
2019-04-30 06:00:00,67,34,33
2019-04-30 07:00:00,163,129,34
2019-04-30 08:00:00,198,145,53
2019-04-30 09:00:00,113,85,28
2019-04-30 10:00:00,44,25,19
2019-04-30 11:00:00,53,35,18
2019-04-30 12:00:00,61,30,31
2019-04-30 13:00:00,57,25,32
2019-04-30 14:00:00,71,38,33
2019-04-30 15:00:00,118,53,65
2019-04-30 16:00:00,208,86,122
2019-04-30 17:00:00,311,99,212
2019-04-30 18:00:00,165,63,102
2019-04-30 19:00:00,105,46,59
2019-04-30 20:00:00,38,13,25
2019-04-30 21:00:00,19,7,12
2019-04-30 22:00:00,18,2,16
2019-04-30 23:00:00,15,5,10
2019-05-01 00:00:00,1,1,0
2019-05-01 01:00:00,2,2,0
2019-05-01 02:00:00,3,1,2
2019-05-01 03:00:00,1,1,0
2019-05-01 04:00:00,0,0,0
2019-05-01 05:00:00,25,14,11
2019-05-01 06:00:00,76,40,36
2019-05-01 07:00:00,157,119,38
2019-05-01 08:00:00,226,190,36
2019-05-01 09:00:00,101,73,28
2019-05-01 10:00:00,42,28,14
2019-05-01 11:00:00,36,22,14
2019-05-01 12:00:00,35,14,21
2019-05-01 13:00:00,57,31,26
2019-05-01 14:00:00,90,41,49
2019-05-01 15:00:00,142,59,83
2019-05-01 16:00:00,183,75,108
2019-05-01 17:00:00,316,88,228
2019-05-01 18:00:00,194,51,143
2019-05-01 19:00:00,113,30,83
2019-05-01 20:00:00,50,21,29
2019-05-01 21:00:00,10,5,5
2019-05-01 22:00:00,9,7,2
2019-05-01 23:00:00,7,1,6
2019-05-02 00:00:00,2,2,0
2019-05-02 01:00:00,0,0,0
2019-05-02 02:00:00,1,0,1
2019-05-02 03:00:00,2,1,1
2019-05-02 04:00:00,1,0,1
2019-05-02 05:00:00,18,10,8
2019-05-02 06:00:00,54,35,19
2019-05-02 07:00:00,146,115,31
2019-05-02 08:00:00,201,159,42
2019-05-02 09:00:00,90,63,27
2019-05-02 10:00:00,38,25,13
2019-05-02 11:00:00,19,7,12
2019-05-02 12:00:00,39,18,21
2019-05-02 13:00:00,44,23,21
2019-05-02 14:00:00,47,25,22
2019-05-02 15:00:00,74,29,45
2019-05-02 16:00:00,146,54,92
2019-05-02 17:00:00,226,51,175
2019-05-02 18:00:00,135,32,103
2019-05-02 19:00:00,64,23,41
2019-05-02 20:00:00,31,18,13
2019-05-02 21:00:00,15,5,10
2019-05-02 22:00:00,4,0,4
2019-05-02 23:00:00,1,0,1
2019-05-03 00:00:00,3,2,1
2019-05-03 01:00:00,4,2,2
2019-05-03 02:00:00,4,2,2
2019-05-03 03:00:00,0,0,0
2019-05-03 04:00:00,3,2,1
2019-05-03 05:00:00,22,8,14
2019-05-03 06:00:00,41,26,15
2019-05-03 07:00:00,128,92,36
2019-05-03 08:00:00,159,125,34
2019-05-03 09:00:00,70,49,21
2019-05-03 10:00:00,44,28,16
2019-05-03 11:00:00,41,15,26
2019-05-03 12:00:00,38,21,17
2019-05-03 13:00:00,63,35,28
2019-05-03 14:00:00,62,31,31
2019-05-03 15:00:00,84,29,55
2019-05-03 16:00:00,184,58,126
2019-05-03 17:00:00,229,47,182
2019-05-03 18:00:00,145,44,101
2019-05-03 19:00:00,61,19,42
2019-05-03 20:00:00,34,13,21
2019-05-03 21:00:00,15,7,8
2019-05-03 22:00:00,14,5,9
2019-05-03 23:00:00,7,3,4
2019-05-04 00:00:00,3,2,1
2019-05-04 01:00:00,2,1,1
2019-05-04 02:00:00,2,1,1
2019-05-04 03:00:00,0,0,0
2019-05-04 04:00:00,0,0,0
2019-05-04 05:00:00,5,4,1
2019-05-04 06:00:00,8,4,4
2019-05-04 07:00:00,10,6,4
2019-05-04 08:00:00,32,19,13
2019-05-04 09:00:00,52,18,34
2019-05-04 10:00:00,101,51,50
2019-05-04 11:00:00,100,45,55
2019-05-04 12:00:00,100,46,54
2019-05-04 13:00:00,135,75,60
2019-05-04 14:00:00,186,81,105
2019-05-04 15:00:00,154,71,83
2019-05-04 16:00:00,134,66,68
2019-05-04 17:00:00,119,55,64
2019-05-04 18:00:00,84,35,49
2019-05-04 19:00:00,50,20,30
2019-05-04 20:00:00,52,28,24
2019-05-04 21:00:00,19,8,11
2019-05-04 22:00:00,13,7,6
2019-05-04 23:00:00,4,1,3
2019-05-05 00:00:00,5,2,3
2019-05-05 01:00:00,0,0,0
2019-05-05 02:00:00,3,0,3
2019-05-05 03:00:00,1,0,1
2019-05-05 04:00:00,0,0,0
2019-05-05 05:00:00,6,3,3
2019-05-05 06:00:00,7,3,4
2019-05-05 07:00:00,29,15,14
2019-05-05 08:00:00,45,26,19
2019-05-05 09:00:00,48,25,23
2019-05-05 10:00:00,111,48,63
2019-05-05 11:00:00,123,69,54
2019-05-05 12:00:00,151,70,81
2019-05-05 13:00:00,176,84,92
2019-05-05 14:00:00,180,91,89
2019-05-05 15:00:00,169,73,96
2019-05-05 16:00:00,132,63,69
2019-05-05 17:00:00,119,53,66
2019-05-05 18:00:00,75,33,42
2019-05-05 19:00:00,78,36,42
2019-05-05 20:00:00,46,22,24
2019-05-05 21:00:00,15,11,4
2019-05-05 22:00:00,3,1,2
2019-05-05 23:00:00,0,0,0
2019-05-06 00:00:00,0,0,0
2019-05-06 01:00:00,0,0,0
2019-05-06 02:00:00,0,0,0
2019-05-06 03:00:00,0,0,0
2019-05-06 04:00:00,2,2,0
2019-05-06 05:00:00,17,9,8
2019-05-06 06:00:00,69,39,30
2019-05-06 07:00:00,173,131,42
2019-05-06 08:00:00,264,213,51
2019-05-06 09:00:00,123,91,32
2019-05-06 10:00:00,29,17,12
2019-05-06 11:00:00,51,23,28
2019-05-06 12:00:00,56,22,34
2019-05-06 13:00:00,57,32,25
2019-05-06 14:00:00,90,44,46
2019-05-06 15:00:00,107,44,63
2019-05-06 16:00:00,239,77,162
2019-05-06 17:00:00,330,75,255
2019-05-06 18:00:00,223,63,160
2019-05-06 19:00:00,100,36,64
2019-05-06 20:00:00,52,33,19
2019-05-06 21:00:00,12,2,10
2019-05-06 22:00:00,7,3,4
2019-05-06 23:00:00,1,1,0
2019-05-07 00:00:00,6,6,0
2019-05-07 01:00:00,1,0,1
2019-05-07 02:00:00,1,0,1
2019-05-07 03:00:00,0,0,0
2019-05-07 04:00:00,0,0,0
2019-05-07 05:00:00,29,15,14
2019-05-07 06:00:00,106,64,42
2019-05-07 07:00:00,246,198,48
2019-05-07 08:00:00,246,186,60
2019-05-07 09:00:00,134,80,54
2019-05-07 10:00:00,58,34,24
2019-05-07 11:00:00,39,19,20
2019-05-07 12:00:00,54,23,31
2019-05-07 13:00:00,63,28,35
2019-05-07 14:00:00,76,45,31
2019-05-07 15:00:00,126,62,64
2019-05-07 16:00:00,228,71,157
2019-05-07 17:00:00,355,85,270
2019-05-07 18:00:00,222,70,152
2019-05-07 19:00:00,141,59,82
2019-05-07 20:00:00,52,26,26
2019-05-07 21:00:00,18,11,7
2019-05-07 22:00:00,4,1,3
2019-05-07 23:00:00,6,2,4
2019-05-08 00:00:00,2,1,1
2019-05-08 01:00:00,2,1,1
2019-05-08 02:00:00,2,2,0
2019-05-08 03:00:00,2,0,2
2019-05-08 04:00:00,3,2,1
2019-05-08 05:00:00,26,12,14
2019-05-08 06:00:00,73,43,30
2019-05-08 07:00:00,173,129,44
2019-05-08 08:00:00,268,210,58
2019-05-08 09:00:00,109,91,18
2019-05-08 10:00:00,47,23,24
2019-05-08 11:00:00,40,16,24
2019-05-08 12:00:00,53,31,22
2019-05-08 13:00:00,55,23,32
2019-05-08 14:00:00,71,36,35
2019-05-08 15:00:00,114,62,52
2019-05-08 16:00:00,211,76,135
2019-05-08 17:00:00,351,91,260
2019-05-08 18:00:00,185,54,131
2019-05-08 19:00:00,132,67,65
2019-05-08 20:00:00,64,26,38
2019-05-08 21:00:00,30,15,15
2019-05-08 22:00:00,9,2,7
2019-05-08 23:00:00,4,0,4
2019-05-09 00:00:00,7,3,4
2019-05-09 01:00:00,2,0,2
2019-05-09 02:00:00,2,0,2
2019-05-09 03:00:00,1,0,1
2019-05-09 04:00:00,1,1,0
2019-05-09 05:00:00,21,10,11
2019-05-09 06:00:00,77,46,31
2019-05-09 07:00:00,202,156,46
2019-05-09 08:00:00,224,175,49
2019-05-09 09:00:00,104,74,30
2019-05-09 10:00:00,52,20,32
2019-05-09 11:00:00,54,32,22
2019-05-09 12:00:00,64,35,29
2019-05-09 13:00:00,74,31,43
2019-05-09 14:00:00,73,35,38
2019-05-09 15:00:00,124,49,75
2019-05-09 16:00:00,204,70,134
2019-05-09 17:00:00,287,81,206
2019-05-09 18:00:00,220,62,158
2019-05-09 19:00:00,137,58,79
2019-05-09 20:00:00,90,37,53
2019-05-09 21:00:00,46,24,22
2019-05-09 22:00:00,18,11,7
2019-05-09 23:00:00,13,7,6
2019-05-10 00:00:00,4,1,3
2019-05-10 01:00:00,1,1,0
2019-05-10 02:00:00,3,1,2
2019-05-10 03:00:00,4,1,3
2019-05-10 04:00:00,2,2,0
2019-05-10 05:00:00,19,4,15
2019-05-10 06:00:00,75,50,25
2019-05-10 07:00:00,141,109,32
2019-05-10 08:00:00,185,131,54
2019-05-10 09:00:00,106,74,32
2019-05-10 10:00:00,78,41,37
2019-05-10 11:00:00,70,41,29
2019-05-10 12:00:00,53,26,27
2019-05-10 13:00:00,94,37,57
2019-05-10 14:00:00,101,48,53
2019-05-10 15:00:00,128,48,80
2019-05-10 16:00:00,211,73,138
2019-05-10 17:00:00,257,55,202
2019-05-10 18:00:00,193,62,131
2019-05-10 19:00:00,90,45,45
2019-05-10 20:00:00,68,35,33
2019-05-10 21:00:00,54,28,26
2019-05-10 22:00:00,23,12,11
2019-05-10 23:00:00,7,2,5
2019-05-11 00:00:00,3,1,2
2019-05-11 01:00:00,2,0,2
2019-05-11 02:00:00,3,1,2
2019-05-11 03:00:00,1,0,1
2019-05-11 04:00:00,1,0,1
2019-05-11 05:00:00,4,4,0
2019-05-11 06:00:00,15,9,6
2019-05-11 07:00:00,27,15,12
2019-05-11 08:00:00,43,30,13
2019-05-11 09:00:00,67,35,32
2019-05-11 10:00:00,91,49,42
2019-05-11 11:00:00,141,72,69
2019-05-11 12:00:00,193,99,94
2019-05-11 13:00:00,148,60,88
2019-05-11 14:00:00,148,74,74
2019-05-11 15:00:00,186,81,105
2019-05-11 16:00:00,160,61,99
2019-05-11 17:00:00,139,84,55
2019-05-11 18:00:00,120,60,60
2019-05-11 19:00:00,82,37,45
2019-05-11 20:00:00,53,20,33
2019-05-11 21:00:00,63,8,55
2019-05-11 22:00:00,18,6,12
2019-05-11 23:00:00,11,1,10
2019-05-12 00:00:00,3,1,2
2019-05-12 01:00:00,6,0,6
2019-05-12 02:00:00,0,0,0
2019-05-12 03:00:00,0,0,0
2019-05-12 04:00:00,0,0,0
2019-05-12 05:00:00,2,2,0
2019-05-12 06:00:00,5,5,0
2019-05-12 07:00:00,20,11,9
2019-05-12 08:00:00,23,13,10
2019-05-12 09:00:00,56,22,34
2019-05-12 10:00:00,57,32,25
2019-05-12 11:00:00,84,32,52
2019-05-12 12:00:00,60,32,28
2019-05-12 13:00:00,77,29,48
2019-05-12 14:00:00,85,38,47
2019-05-12 15:00:00,127,58,69
2019-05-12 16:00:00,105,44,61
2019-05-12 17:00:00,97,46,51
2019-05-12 18:00:00,79,38,41
2019-05-12 19:00:00,68,34,34
2019-05-12 20:00:00,45,20,25
2019-05-12 21:00:00,21,5,16
2019-05-12 22:00:00,8,5,3
2019-05-12 23:00:00,3,2,1
2019-05-13 00:00:00,1,0,1
2019-05-13 01:00:00,0,0,0
2019-05-13 02:00:00,0,0,0
2019-05-13 03:00:00,2,2,0
2019-05-13 04:00:00,1,0,1
2019-05-13 05:00:00,16,5,11
2019-05-13 06:00:00,64,43,21
2019-05-13 07:00:00,155,114,41
2019-05-13 08:00:00,235,185,50
2019-05-13 09:00:00,101,78,23
2019-05-13 10:00:00,37,26,11
2019-05-13 11:00:00,32,16,16
2019-05-13 12:00:00,39,20,19
2019-05-13 13:00:00,43,15,28
2019-05-13 14:00:00,29,22,7
2019-05-13 15:00:00,84,31,53
2019-05-13 16:00:00,204,70,134
2019-05-13 17:00:00,289,72,217
2019-05-13 18:00:00,177,41,136
2019-05-13 19:00:00,88,30,58
2019-05-13 20:00:00,62,19,43
2019-05-13 21:00:00,35,17,18
2019-05-13 22:00:00,4,2,2
2019-05-13 23:00:00,1,0,1
2019-05-14 00:00:00,1,1,0
2019-05-14 01:00:00,5,2,3
2019-05-14 02:00:00,1,1,0
2019-05-14 03:00:00,2,2,0
2019-05-14 04:00:00,2,1,1
2019-05-14 05:00:00,17,5,12
2019-05-14 06:00:00,58,35,23
2019-05-14 07:00:00,151,121,30
2019-05-14 08:00:00,142,104,38
2019-05-14 09:00:00,48,29,19
2019-05-14 10:00:00,11,6,5
2019-05-14 11:00:00,12,5,7
2019-05-14 12:00:00,19,10,9
2019-05-14 13:00:00,17,4,13
2019-05-14 14:00:00,25,12,13
2019-05-14 15:00:00,59,21,38
2019-05-14 16:00:00,109,26,83
2019-05-14 17:00:00,203,40,163
2019-05-14 18:00:00,128,27,101
2019-05-14 19:00:00,54,28,26
2019-05-14 20:00:00,24,10,14
2019-05-14 21:00:00,7,3,4
2019-05-14 22:00:00,9,3,6
2019-05-14 23:00:00,2,0,2
2019-05-15 00:00:00,4,3,1
2019-05-15 01:00:00,1,0,1
2019-05-15 02:00:00,1,1,0
2019-05-15 03:00:00,2,1,1
2019-05-15 04:00:00,2,1,1
2019-05-15 05:00:00,20,8,12
2019-05-15 06:00:00,65,48,17
2019-05-15 07:00:00,158,108,50
2019-05-15 08:00:00,212,166,46
2019-05-15 09:00:00,72,56,16
2019-05-15 10:00:00,42,17,25
2019-05-15 11:00:00,38,18,20
2019-05-15 12:00:00,49,26,23
2019-05-15 13:00:00,49,25,24
2019-05-15 14:00:00,66,26,40
2019-05-15 15:00:00,101,45,56
2019-05-15 16:00:00,140,38,102
2019-05-15 17:00:00,206,45,161
2019-05-15 18:00:00,94,22,72
2019-05-15 19:00:00,34,10,24
2019-05-15 20:00:00,19,8,11
2019-05-15 21:00:00,9,2,7
2019-05-15 22:00:00,20,3,17
2019-05-15 23:00:00,3,1,2
2019-05-16 00:00:00,2,1,1
2019-05-16 01:00:00,1,0,1
2019-05-16 02:00:00,2,1,1
2019-05-16 03:00:00,3,2,1
2019-05-16 04:00:00,2,1,1
2019-05-16 05:00:00,26,11,15
2019-05-16 06:00:00,59,35,24
2019-05-16 07:00:00,139,92,47
2019-05-16 08:00:00,151,124,27
2019-05-16 09:00:00,82,57,25
2019-05-16 10:00:00,35,17,18
2019-05-16 11:00:00,24,12,12
2019-05-16 12:00:00,40,19,21
2019-05-16 13:00:00,17,10,7
2019-05-16 14:00:00,22,8,14
2019-05-16 15:00:00,52,20,32
2019-05-16 16:00:00,115,43,72
2019-05-16 17:00:00,194,34,160
2019-05-16 18:00:00,122,26,96
2019-05-16 19:00:00,64,24,40
2019-05-16 20:00:00,22,7,15
2019-05-16 21:00:00,21,8,13
2019-05-16 22:00:00,5,1,4
2019-05-16 23:00:00,3,0,3
2019-05-17 00:00:00,3,0,3
2019-05-17 01:00:00,1,0,1
2019-05-17 02:00:00,1,1,0
2019-05-17 03:00:00,0,0,0
2019-05-17 04:00:00,3,1,2
2019-05-17 05:00:00,15,6,9
2019-05-17 06:00:00,51,33,18
2019-05-17 07:00:00,108,77,31
2019-05-17 08:00:00,168,130,38
2019-05-17 09:00:00,79,58,21
2019-05-17 10:00:00,41,23,18
2019-05-17 11:00:00,23,13,10
2019-05-17 12:00:00,45,15,30
2019-05-17 13:00:00,52,18,34
2019-05-17 14:00:00,68,28,40
2019-05-17 15:00:00,111,43,68
2019-05-17 16:00:00,169,51,118
2019-05-17 17:00:00,218,69,149
2019-05-17 18:00:00,96,29,67
2019-05-17 19:00:00,90,45,45
2019-05-17 20:00:00,22,10,12
2019-05-17 21:00:00,13,6,7
2019-05-17 22:00:00,9,2,7
2019-05-17 23:00:00,3,1,2
2019-05-18 00:00:00,10,4,6
2019-05-18 01:00:00,2,0,2
2019-05-18 02:00:00,1,0,1
2019-05-18 03:00:00,0,0,0
2019-05-18 04:00:00,1,0,1
2019-05-18 05:00:00,7,5,2
2019-05-18 06:00:00,7,4,3
2019-05-18 07:00:00,18,12,6
2019-05-18 08:00:00,35,13,22
2019-05-18 09:00:00,89,52,37
2019-05-18 10:00:00,109,48,61
2019-05-18 11:00:00,121,60,61
2019-05-18 12:00:00,174,87,87
2019-05-18 13:00:00,155,81,74
2019-05-18 14:00:00,178,87,91
2019-05-18 15:00:00,204,104,100
2019-05-18 16:00:00,168,78,90
2019-05-18 17:00:00,128,64,64
2019-05-18 18:00:00,88,47,41
2019-05-18 19:00:00,55,25,30
2019-05-18 20:00:00,26,12,14
2019-05-18 21:00:00,24,12,12
2019-05-18 22:00:00,13,4,9
2019-05-18 23:00:00,8,4,4
2019-05-19 00:00:00,8,3,5
2019-05-19 01:00:00,8,6,2
2019-05-19 02:00:00,2,1,1
2019-05-19 03:00:00,0,0,0
2019-05-19 04:00:00,3,2,1
2019-05-19 05:00:00,7,5,2
2019-05-19 06:00:00,7,4,3
2019-05-19 07:00:00,26,10,16
2019-05-19 08:00:00,24,15,9
2019-05-19 09:00:00,40,21,19
2019-05-19 10:00:00,67,32,35
2019-05-19 11:00:00,103,55,48
2019-05-19 12:00:00,103,63,40
2019-05-19 13:00:00,128,62,66
2019-05-19 14:00:00,108,49,59
2019-05-19 15:00:00,147,82,65
2019-05-19 16:00:00,162,64,98
2019-05-19 17:00:00,125,63,62
2019-05-19 18:00:00,69,35,34
2019-05-19 19:00:00,55,21,34
2019-05-19 20:00:00,45,16,29
2019-05-19 21:00:00,34,17,17
2019-05-19 22:00:00,10,7,3
2019-05-19 23:00:00,1,0,1
2019-05-20 00:00:00,1,0,1
2019-05-20 01:00:00,0,0,0
2019-05-20 02:00:00,0,0,0
2019-05-20 03:00:00,3,2,1
2019-05-20 04:00:00,4,1,3
2019-05-20 05:00:00,16,5,11
2019-05-20 06:00:00,43,25,18
2019-05-20 07:00:00,142,98,44
2019-05-20 08:00:00,171,128,43
2019-05-20 09:00:00,66,57,9
2019-05-20 10:00:00,27,12,15
2019-05-20 11:00:00,5,2,3
2019-05-20 12:00:00,43,12,31
2019-05-20 13:00:00,33,21,12
2019-05-20 14:00:00,33,19,14
2019-05-20 15:00:00,59,33,26
2019-05-20 16:00:00,106,31,75
2019-05-20 17:00:00,169,37,132
2019-05-20 18:00:00,85,13,72
2019-05-20 19:00:00,28,5,23
2019-05-20 20:00:00,20,8,12
2019-05-20 21:00:00,7,0,7
2019-05-20 22:00:00,8,1,7
2019-05-20 23:00:00,3,0,3
2019-05-21 00:00:00,2,1,1
2019-05-21 01:00:00,1,1,0
2019-05-21 02:00:00,1,1,0
2019-05-21 03:00:00,2,1,1
2019-05-21 04:00:00,0,0,0
2019-05-21 05:00:00,15,5,10
2019-05-21 06:00:00,61,39,22
2019-05-21 07:00:00,150,101,49
2019-05-21 08:00:00,152,119,33
2019-05-21 09:00:00,75,63,12
2019-05-21 10:00:00,44,30,14
2019-05-21 11:00:00,29,12,17
2019-05-21 12:00:00,52,28,24
2019-05-21 13:00:00,30,14,16
2019-05-21 14:00:00,30,15,15
2019-05-21 15:00:00,85,44,41
2019-05-21 16:00:00,163,54,109
2019-05-21 17:00:00,218,47,171
2019-05-21 18:00:00,170,35,135
2019-05-21 19:00:00,80,34,46
2019-05-21 20:00:00,49,22,27
2019-05-21 21:00:00,29,16,13
2019-05-21 22:00:00,6,5,1
2019-05-21 23:00:00,4,2,2
2019-05-22 00:00:00,2,1,1
2019-05-22 01:00:00,1,0,1
2019-05-22 02:00:00,1,1,0
2019-05-22 03:00:00,3,0,3
2019-05-22 04:00:00,1,1,0
2019-05-22 05:00:00,21,9,12
2019-05-22 06:00:00,78,46,32
2019-05-22 07:00:00,197,136,61
2019-05-22 08:00:00,224,185,39
2019-05-22 09:00:00,110,83,27
2019-05-22 10:00:00,45,28,17
2019-05-22 11:00:00,39,19,20
2019-05-22 12:00:00,66,30,36
2019-05-22 13:00:00,65,33,32
2019-05-22 14:00:00,80,45,35
2019-05-22 15:00:00,114,50,64
2019-05-22 16:00:00,224,81,143
2019-05-22 17:00:00,362,96,266
2019-05-22 18:00:00,218,74,144
2019-05-22 19:00:00,163,67,96
2019-05-22 20:00:00,92,48,44
2019-05-22 21:00:00,52,22,30
2019-05-22 22:00:00,12,3,9
2019-05-22 23:00:00,10,5,5
2019-05-23 00:00:00,4,1,3
2019-05-23 01:00:00,6,4,2
2019-05-23 02:00:00,1,0,1
2019-05-23 03:00:00,1,1,0
2019-05-23 04:00:00,0,0,0
2019-05-23 05:00:00,19,12,7
2019-05-23 06:00:00,79,51,28
2019-05-23 07:00:00,182,137,45
2019-05-23 08:00:00,211,165,46
2019-05-23 09:00:00,101,79,22
2019-05-23 10:00:00,56,32,24
2019-05-23 11:00:00,63,30,33
2019-05-23 12:00:00,73,36,37
2019-05-23 13:00:00,55,22,33
2019-05-23 14:00:00,61,38,23
2019-05-23 15:00:00,113,49,64
2019-05-23 16:00:00,198,72,126
2019-05-23 17:00:00,299,88,211
2019-05-23 18:00:00,231,50,181
2019-05-23 19:00:00,126,51,75
2019-05-23 20:00:00,61,33,28
2019-05-23 21:00:00,31,18,13
2019-05-23 22:00:00,12,6,6
2019-05-23 23:00:00,3,3,0
2019-05-24 00:00:00,5,2,3
2019-05-24 01:00:00,1,0,1
2019-05-24 02:00:00,2,1,1
2019-05-24 03:00:00,1,0,1
2019-05-24 04:00:00,1,1,0
2019-05-24 05:00:00,23,10,13
2019-05-24 06:00:00,57,41,16
2019-05-24 07:00:00,95,65,30
2019-05-24 08:00:00,129,101,28
2019-05-24 09:00:00,70,49,21
2019-05-24 10:00:00,24,16,8
2019-05-24 11:00:00,48,17,31
2019-05-24 12:00:00,49,19,30
2019-05-24 13:00:00,55,29,26
2019-05-24 14:00:00,64,21,43
2019-05-24 15:00:00,86,31,55
2019-05-24 16:00:00,134,43,91
2019-05-24 17:00:00,158,35,123
2019-05-24 18:00:00,66,17,49
2019-05-24 19:00:00,35,17,18
2019-05-24 20:00:00,20,11,9
2019-05-24 21:00:00,23,16,7
2019-05-24 22:00:00,7,1,6
2019-05-24 23:00:00,7,3,4
2019-05-25 00:00:00,3,1,2
2019-05-25 01:00:00,6,2,4
2019-05-25 02:00:00,3,1,2
2019-05-25 03:00:00,1,0,1
2019-05-25 04:00:00,1,1,0
2019-05-25 05:00:00,3,3,0
2019-05-25 06:00:00,6,2,4
2019-05-25 07:00:00,12,8,4
2019-05-25 08:00:00,20,14,6
2019-05-25 09:00:00,33,24,9
2019-05-25 10:00:00,54,19,35
2019-05-25 11:00:00,66,29,37
2019-05-25 12:00:00,40,17,23
2019-05-25 13:00:00,34,20,14
2019-05-25 14:00:00,11,4,7
2019-05-25 15:00:00,8,2,6
2019-05-25 16:00:00,8,3,5
2019-05-25 17:00:00,16,6,10
2019-05-25 18:00:00,27,18,9
2019-05-25 19:00:00,23,6,17
2019-05-25 20:00:00,27,18,9
2019-05-25 21:00:00,13,7,6
2019-05-25 22:00:00,8,2,6
2019-05-25 23:00:00,4,1,3
2019-05-26 00:00:00,1,1,0
2019-05-26 01:00:00,2,2,0
2019-05-26 02:00:00,0,0,0
2019-05-26 03:00:00,1,0,1
2019-05-26 04:00:00,0,0,0
2019-05-26 05:00:00,1,1,0
2019-05-26 06:00:00,19,14,5
2019-05-26 07:00:00,75,66,9
2019-05-26 08:00:00,45,20,25
2019-05-26 09:00:00,115,38,77
2019-05-26 10:00:00,89,26,63
2019-05-26 11:00:00,94,54,40
2019-05-26 12:00:00,113,66,47
2019-05-26 13:00:00,149,67,82
2019-05-26 14:00:00,164,56,108
2019-05-26 15:00:00,136,60,76
2019-05-26 16:00:00,153,63,90
2019-05-26 17:00:00,145,76,69
2019-05-26 18:00:00,89,37,52
2019-05-26 19:00:00,105,49,56
2019-05-26 20:00:00,73,32,41
2019-05-26 21:00:00,49,22,27
2019-05-26 22:00:00,20,10,10
2019-05-26 23:00:00,5,2,3
2019-05-27 00:00:00,1,0,1
2019-05-27 01:00:00,7,1,6
2019-05-27 02:00:00,1,0,1
2019-05-27 03:00:00,2,0,2
2019-05-27 04:00:00,5,3,2
2019-05-27 05:00:00,2,1,1
2019-05-27 06:00:00,9,6,3
2019-05-27 07:00:00,16,8,8
2019-05-27 08:00:00,53,27,26
2019-05-27 09:00:00,74,38,36
2019-05-27 10:00:00,111,56,55
2019-05-27 11:00:00,158,87,71
2019-05-27 12:00:00,237,124,113
2019-05-27 13:00:00,255,113,142
2019-05-27 14:00:00,254,129,125
2019-05-27 15:00:00,224,106,118
2019-05-27 16:00:00,199,87,112
2019-05-27 17:00:00,170,75,95
2019-05-27 18:00:00,119,47,72
2019-05-27 19:00:00,107,44,63
2019-05-27 20:00:00,73,36,37
2019-05-27 21:00:00,41,18,23
2019-05-27 22:00:00,16,9,7
2019-05-27 23:00:00,3,0,3
2019-05-28 00:00:00,2,0,2
2019-05-28 01:00:00,2,1,1
2019-05-28 02:00:00,1,1,0
2019-05-28 03:00:00,1,1,0
2019-05-28 04:00:00,2,1,1
2019-05-28 05:00:00,23,9,14
2019-05-28 06:00:00,61,40,21
2019-05-28 07:00:00,165,122,43
2019-05-28 08:00:00,224,171,53
2019-05-28 09:00:00,91,68,23
2019-05-28 10:00:00,59,38,21
2019-05-28 11:00:00,51,20,31
2019-05-28 12:00:00,51,15,36
2019-05-28 13:00:00,37,23,14
2019-05-28 14:00:00,67,33,34
2019-05-28 15:00:00,66,28,38
2019-05-28 16:00:00,161,50,111
2019-05-28 17:00:00,265,62,203
2019-05-28 18:00:00,177,45,132
2019-05-28 19:00:00,98,46,52
2019-05-28 20:00:00,53,19,34
2019-05-28 21:00:00,31,16,15
2019-05-28 22:00:00,15,4,11
2019-05-28 23:00:00,5,1,4
2019-05-29 00:00:00,5,1,4
2019-05-29 01:00:00,1,0,1
2019-05-29 02:00:00,2,1,1
2019-05-29 03:00:00,3,1,2
2019-05-29 04:00:00,1,1,0
2019-05-29 05:00:00,21,10,11
2019-05-29 06:00:00,82,46,36
2019-05-29 07:00:00,198,152,46
2019-05-29 08:00:00,242,191,51
2019-05-29 09:00:00,85,68,17
2019-05-29 10:00:00,53,34,19
2019-05-29 11:00:00,28,19,9
2019-05-29 12:00:00,58,38,20
2019-05-29 13:00:00,54,21,33
2019-05-29 14:00:00,64,37,27
2019-05-29 15:00:00,97,39,58
2019-05-29 16:00:00,221,71,150
2019-05-29 17:00:00,295,67,228
2019-05-29 18:00:00,199,48,151
2019-05-29 19:00:00,104,30,74
2019-05-29 20:00:00,60,30,30
2019-05-29 21:00:00,28,20,8
2019-05-29 22:00:00,13,4,9
2019-05-29 23:00:00,4,3,1
2019-05-30 00:00:00,5,3,2
2019-05-30 01:00:00,2,0,2
2019-05-30 02:00:00,2,1,1
2019-05-30 03:00:00,2,1,1
2019-05-30 04:00:00,4,3,1
2019-05-30 05:00:00,25,11,14
2019-05-30 06:00:00,83,50,33
2019-05-30 07:00:00,175,136,39
2019-05-30 08:00:00,200,162,38
2019-05-30 09:00:00,99,68,31
2019-05-30 10:00:00,46,29,17
2019-05-30 11:00:00,34,20,14
2019-05-30 12:00:00,52,31,21
2019-05-30 13:00:00,52,23,29
2019-05-30 14:00:00,68,30,38
2019-05-30 15:00:00,98,45,53
2019-05-30 16:00:00,219,74,145
2019-05-30 17:00:00,294,82,212
2019-05-30 18:00:00,195,69,126
2019-05-30 19:00:00,94,34,60
2019-05-30 20:00:00,96,43,53
2019-05-30 21:00:00,52,19,33
2019-05-30 22:00:00,17,6,11
2019-05-30 23:00:00,4,0,4
2019-05-31 00:00:00,3,1,2
2019-05-31 01:00:00,1,0,1
2019-05-31 02:00:00,2,1,1
2019-05-31 03:00:00,1,0,1
2019-05-31 04:00:00,3,1,2
2019-05-31 05:00:00,26,13,13
2019-05-31 06:00:00,67,39,28
2019-05-31 07:00:00,142,99,43
2019-05-31 08:00:00,192,150,42
2019-05-31 09:00:00,83,69,14
2019-05-31 10:00:00,55,29,26
2019-05-31 11:00:00,39,19,20
2019-05-31 12:00:00,64,21,43
2019-05-31 13:00:00,87,38,49
2019-05-31 14:00:00,96,37,59
2019-05-31 15:00:00,113,50,63
2019-05-31 16:00:00,231,66,165
2019-05-31 17:00:00,292,93,199
2019-05-31 18:00:00,138,47,91
2019-05-31 19:00:00,86,39,47
2019-05-31 20:00:00,72,29,43
2019-05-31 21:00:00,36,19,17
2019-05-31 22:00:00,16,1,15
2019-05-31 23:00:00,13,5,8
2019-06-01 00:00:00,11,1,10
2019-06-01 01:00:00,3,1,2
2019-06-01 02:00:00,3,1,2
2019-06-01 03:00:00,2,0,2
2019-06-01 04:00:00,2,2,0
2019-06-01 05:00:00,4,3,1
2019-06-01 06:00:00,14,8,6
2019-06-01 07:00:00,29,19,10
2019-06-01 08:00:00,36,12,24
2019-06-01 09:00:00,55,32,23
2019-06-01 10:00:00,69,36,33
2019-06-01 11:00:00,157,85,72
2019-06-01 12:00:00,73,36,37
2019-06-01 13:00:00,82,29,53
2019-06-01 14:00:00,118,60,58
2019-06-01 15:00:00,152,88,64
2019-06-01 16:00:00,177,89,88
2019-06-01 17:00:00,115,56,59
2019-06-01 18:00:00,92,49,43
2019-06-01 19:00:00,93,34,59
2019-06-01 20:00:00,77,33,44
2019-06-01 21:00:00,58,38,20
2019-06-01 22:00:00,27,15,12
2019-06-01 23:00:00,9,2,7
2019-06-02 00:00:00,5,2,3
2019-06-02 01:00:00,5,4,1
2019-06-02 02:00:00,5,0,5
2019-06-02 03:00:00,1,0,1
2019-06-02 04:00:00,4,4,0
2019-06-02 05:00:00,1,1,0
2019-06-02 06:00:00,16,8,8
2019-06-02 07:00:00,16,8,8
2019-06-02 08:00:00,43,25,18
2019-06-02 09:00:00,90,37,53
2019-06-02 10:00:00,107,60,47
2019-06-02 11:00:00,117,54,63
2019-06-02 12:00:00,149,78,71
2019-06-02 13:00:00,171,79,92
2019-06-02 14:00:00,160,73,87
2019-06-02 15:00:00,154,70,84
2019-06-02 16:00:00,142,59,83
2019-06-02 17:00:00,111,40,71
2019-06-02 18:00:00,118,49,69
2019-06-02 19:00:00,99,39,60
2019-06-02 20:00:00,35,20,15
2019-06-02 21:00:00,22,12,10
2019-06-02 22:00:00,8,3,5
2019-06-02 23:00:00,8,4,4
2019-06-03 00:00:00,1,0,1
2019-06-03 01:00:00,0,0,0
2019-06-03 02:00:00,1,0,1
2019-06-03 03:00:00,2,1,1
2019-06-03 04:00:00,5,2,3
2019-06-03 05:00:00,14,6,8
2019-06-03 06:00:00,68,39,29
2019-06-03 07:00:00,169,130,39
2019-06-03 08:00:00,208,173,35
2019-06-03 09:00:00,99,78,21
2019-06-03 10:00:00,41,31,10
2019-06-03 11:00:00,55,27,28
2019-06-03 12:00:00,48,24,24
2019-06-03 13:00:00,40,20,20
2019-06-03 14:00:00,68,30,38
2019-06-03 15:00:00,90,35,55
2019-06-03 16:00:00,174,60,114
2019-06-03 17:00:00,338,77,261
2019-06-03 18:00:00,168,51,117
2019-06-03 19:00:00,78,28,50
2019-06-03 20:00:00,54,26,28
2019-06-03 21:00:00,35,16,19
2019-06-03 22:00:00,18,3,15
2019-06-03 23:00:00,11,3,8
2019-06-04 00:00:00,4,2,2
2019-06-04 01:00:00,0,0,0
2019-06-04 02:00:00,3,1,2
2019-06-04 03:00:00,1,1,0
2019-06-04 04:00:00,2,2,0
2019-06-04 05:00:00,25,11,14
2019-06-04 06:00:00,84,51,33
2019-06-04 07:00:00,185,133,52
2019-06-04 08:00:00,233,177,56
2019-06-04 09:00:00,127,98,29
2019-06-04 10:00:00,48,32,16
2019-06-04 11:00:00,40,26,14
2019-06-04 12:00:00,49,28,21
2019-06-04 13:00:00,56,25,31
2019-06-04 14:00:00,76,41,35
2019-06-04 15:00:00,99,41,58
2019-06-04 16:00:00,225,79,146
2019-06-04 17:00:00,302,83,219
2019-06-04 18:00:00,226,65,161
2019-06-04 19:00:00,136,58,78
2019-06-04 20:00:00,50,24,26
2019-06-04 21:00:00,31,12,19
2019-06-04 22:00:00,17,6,11
2019-06-04 23:00:00,4,1,3
2019-06-05 00:00:00,2,1,1
2019-06-05 01:00:00,2,1,1
2019-06-05 02:00:00,1,0,1
2019-06-05 03:00:00,2,0,2
2019-06-05 04:00:00,4,3,1
2019-06-05 05:00:00,24,10,14
2019-06-05 06:00:00,82,58,24
2019-06-05 07:00:00,187,134,53
2019-06-05 08:00:00,224,184,40
2019-06-05 09:00:00,83,65,18
2019-06-05 10:00:00,51,32,19
2019-06-05 11:00:00,38,25,13
2019-06-05 12:00:00,41,16,25
2019-06-05 13:00:00,39,20,19
2019-06-05 14:00:00,59,32,27
2019-06-05 15:00:00,84,32,52
2019-06-05 16:00:00,176,59,117
2019-06-05 17:00:00,264,61,203
2019-06-05 18:00:00,162,57,105
2019-06-05 19:00:00,73,21,52
2019-06-05 20:00:00,68,37,31
2019-06-05 21:00:00,27,13,14
2019-06-05 22:00:00,17,7,10
2019-06-05 23:00:00,7,3,4
2019-06-06 00:00:00,2,1,1
2019-06-06 01:00:00,2,1,1
2019-06-06 02:00:00,2,0,2
2019-06-06 03:00:00,1,1,0
2019-06-06 04:00:00,0,0,0
2019-06-06 05:00:00,17,9,8
2019-06-06 06:00:00,68,39,29
2019-06-06 07:00:00,140,99,41
2019-06-06 08:00:00,182,153,29
2019-06-06 09:00:00,95,77,18
2019-06-06 10:00:00,43,25,18
2019-06-06 11:00:00,32,13,19
2019-06-06 12:00:00,49,23,26
2019-06-06 13:00:00,32,17,15
2019-06-06 14:00:00,42,17,25
2019-06-06 15:00:00,46,16,30
2019-06-06 16:00:00,146,47,99
2019-06-06 17:00:00,237,56,181
2019-06-06 18:00:00,126,31,95
2019-06-06 19:00:00,59,21,38
2019-06-06 20:00:00,47,18,29
2019-06-06 21:00:00,16,5,11
2019-06-06 22:00:00,19,8,11
2019-06-06 23:00:00,7,2,5
2019-06-07 00:00:00,8,5,3
2019-06-07 01:00:00,4,1,3
2019-06-07 02:00:00,0,0,0
2019-06-07 03:00:00,1,1,0
2019-06-07 04:00:00,1,1,0
2019-06-07 05:00:00,15,4,11
2019-06-07 06:00:00,42,30,12
2019-06-07 07:00:00,95,62,33
2019-06-07 08:00:00,124,94,30
2019-06-07 09:00:00,75,56,19
2019-06-07 10:00:00,39,33,6
2019-06-07 11:00:00,28,14,14
2019-06-07 12:00:00,47,19,28
2019-06-07 13:00:00,25,12,13
2019-06-07 14:00:00,26,9,17
2019-06-07 15:00:00,50,25,25
2019-06-07 16:00:00,100,25,75
2019-06-07 17:00:00,130,33,97
2019-06-07 18:00:00,53,7,46
2019-06-07 19:00:00,23,6,17
2019-06-07 20:00:00,23,9,14
2019-06-07 21:00:00,20,13,7
2019-06-07 22:00:00,9,5,4
2019-06-07 23:00:00,1,0,1
2019-06-08 00:00:00,5,1,4
2019-06-08 01:00:00,0,0,0
2019-06-08 02:00:00,1,0,1
2019-06-08 03:00:00,0,0,0
2019-06-08 04:00:00,0,0,0
2019-06-08 05:00:00,4,2,2
2019-06-08 06:00:00,9,3,6
2019-06-08 07:00:00,15,7,8
2019-06-08 08:00:00,25,15,10
2019-06-08 09:00:00,51,30,21
2019-06-08 10:00:00,56,19,37
2019-06-08 11:00:00,97,38,59
2019-06-08 12:00:00,110,62,48
2019-06-08 13:00:00,108,48,60
2019-06-08 14:00:00,133,76,57
2019-06-08 15:00:00,141,60,81
2019-06-08 16:00:00,148,68,80
2019-06-08 17:00:00,111,61,50
2019-06-08 18:00:00,129,61,68
2019-06-08 19:00:00,93,45,48
2019-06-08 20:00:00,49,25,24
2019-06-08 21:00:00,21,6,15
2019-06-08 22:00:00,17,5,12
2019-06-08 23:00:00,7,2,5
2019-06-09 00:00:00,25,11,14
2019-06-09 01:00:00,3,0,3
2019-06-09 02:00:00,1,0,1
2019-06-09 03:00:00,0,0,0
2019-06-09 04:00:00,3,1,2
2019-06-09 05:00:00,2,2,0
2019-06-09 06:00:00,11,6,5
2019-06-09 07:00:00,29,16,13
2019-06-09 08:00:00,30,17,13
2019-06-09 09:00:00,84,42,42
2019-06-09 10:00:00,120,69,51
2019-06-09 11:00:00,118,63,55
2019-06-09 12:00:00,165,87,78
2019-06-09 13:00:00,151,73,78
2019-06-09 14:00:00,120,53,67
2019-06-09 15:00:00,104,50,54
2019-06-09 16:00:00,123,57,66
2019-06-09 17:00:00,93,41,52
2019-06-09 18:00:00,83,36,47
2019-06-09 19:00:00,64,32,32
2019-06-09 20:00:00,37,22,15
2019-06-09 21:00:00,42,14,28
2019-06-09 22:00:00,12,7,5
2019-06-09 23:00:00,3,0,3
2019-06-10 00:00:00,4,0,4
2019-06-10 01:00:00,0,0,0
2019-06-10 02:00:00,1,0,1
2019-06-10 03:00:00,2,1,1
2019-06-10 04:00:00,0,0,0
2019-06-10 05:00:00,23,12,11
2019-06-10 06:00:00,71,42,29
2019-06-10 07:00:00,176,132,44
2019-06-10 08:00:00,219,177,42
2019-06-10 09:00:00,104,83,21
2019-06-10 10:00:00,56,32,24
2019-06-10 11:00:00,52,31,21
2019-06-10 12:00:00,68,41,27
2019-06-10 13:00:00,63,31,32
2019-06-10 14:00:00,77,37,40
2019-06-10 15:00:00,109,54,55
2019-06-10 16:00:00,212,70,142
2019-06-10 17:00:00,335,92,243
2019-06-10 18:00:00,200,57,143
2019-06-10 19:00:00,71,26,45
2019-06-10 20:00:00,66,33,33
2019-06-10 21:00:00,38,16,22
2019-06-10 22:00:00,15,5,10
2019-06-10 23:00:00,2,0,2
2019-06-11 00:00:00,3,3,0
2019-06-11 01:00:00,1,1,0
2019-06-11 02:00:00,1,0,1
2019-06-11 03:00:00,2,1,1
2019-06-11 04:00:00,1,0,1
2019-06-11 05:00:00,24,12,12
2019-06-11 06:00:00,76,49,27
2019-06-11 07:00:00,212,157,55
2019-06-11 08:00:00,257,196,61
2019-06-11 09:00:00,110,87,23
2019-06-11 10:00:00,57,41,16
2019-06-11 11:00:00,54,34,20
2019-06-11 12:00:00,64,34,30
2019-06-11 13:00:00,44,19,25
2019-06-11 14:00:00,69,34,35
2019-06-11 15:00:00,124,61,63
2019-06-11 16:00:00,229,66,163
2019-06-11 17:00:00,343,85,258
2019-06-11 18:00:00,199,48,151
2019-06-11 19:00:00,118,56,62
2019-06-11 20:00:00,82,37,45
2019-06-11 21:00:00,45,25,20
2019-06-11 22:00:00,13,7,6
2019-06-11 23:00:00,6,2,4
2019-06-12 00:00:00,3,2,1
2019-06-12 01:00:00,6,3,3
2019-06-12 02:00:00,2,0,2
2019-06-12 03:00:00,2,0,2
2019-06-12 04:00:00,3,3,0
2019-06-12 05:00:00,25,10,15
2019-06-12 06:00:00,78,47,31
2019-06-12 07:00:00,177,123,54
2019-06-12 08:00:00,258,152,106
2019-06-12 09:00:00,105,69,36
2019-06-12 10:00:00,64,38,26
2019-06-12 11:00:00,46,27,19
2019-06-12 12:00:00,53,28,25
2019-06-12 13:00:00,53,25,28
2019-06-12 14:00:00,70,28,42
2019-06-12 15:00:00,78,32,46
2019-06-12 16:00:00,178,49,129
2019-06-12 17:00:00,289,67,222
2019-06-12 18:00:00,210,68,142
2019-06-12 19:00:00,76,25,51
2019-06-12 20:00:00,73,31,42
2019-06-12 21:00:00,46,21,25
2019-06-12 22:00:00,9,5,4
2019-06-12 23:00:00,7,2,5
2019-06-13 00:00:00,12,3,9
2019-06-13 01:00:00,5,2,3
2019-06-13 02:00:00,2,0,2
2019-06-13 03:00:00,1,1,0
2019-06-13 04:00:00,1,1,0
2019-06-13 05:00:00,18,7,11
2019-06-13 06:00:00,72,43,29
2019-06-13 07:00:00,185,135,50
2019-06-13 08:00:00,227,184,43
2019-06-13 09:00:00,86,63,23
2019-06-13 10:00:00,50,35,15
2019-06-13 11:00:00,44,20,24
2019-06-13 12:00:00,49,24,25
2019-06-13 13:00:00,53,26,27
2019-06-13 14:00:00,98,42,56
2019-06-13 15:00:00,93,42,51
2019-06-13 16:00:00,213,60,153
2019-06-13 17:00:00,271,59,212
2019-06-13 18:00:00,145,46,99
2019-06-13 19:00:00,115,38,77
2019-06-13 20:00:00,61,20,41
2019-06-13 21:00:00,55,33,22
2019-06-13 22:00:00,9,2,7
2019-06-13 23:00:00,6,0,6
2019-06-14 00:00:00,3,0,3
2019-06-14 01:00:00,1,0,1
2019-06-14 02:00:00,1,0,1
2019-06-14 03:00:00,4,2,2
2019-06-14 04:00:00,4,3,1
2019-06-14 05:00:00,19,6,13
2019-06-14 06:00:00,60,33,27
2019-06-14 07:00:00,111,84,27
2019-06-14 08:00:00,163,141,22
2019-06-14 09:00:00,108,74,34
2019-06-14 10:00:00,36,22,14
2019-06-14 11:00:00,55,33,22
2019-06-14 12:00:00,56,30,26
2019-06-14 13:00:00,58,24,34
2019-06-14 14:00:00,112,47,65
2019-06-14 15:00:00,129,43,86
2019-06-14 16:00:00,173,56,117
2019-06-14 17:00:00,222,57,165
2019-06-14 18:00:00,107,32,75
2019-06-14 19:00:00,65,27,38
2019-06-14 20:00:00,52,20,32
2019-06-14 21:00:00,39,18,21
2019-06-14 22:00:00,25,13,12
2019-06-14 23:00:00,4,1,3
2019-06-15 00:00:00,10,4,6
2019-06-15 01:00:00,5,0,5
2019-06-15 02:00:00,2,0,2
2019-06-15 03:00:00,0,0,0
2019-06-15 04:00:00,0,0,0
2019-06-15 05:00:00,8,3,5
2019-06-15 06:00:00,13,7,6
2019-06-15 07:00:00,32,18,14
2019-06-15 08:00:00,40,21,19
2019-06-15 09:00:00,65,33,32
2019-06-15 10:00:00,71,35,36
2019-06-15 11:00:00,72,43,29
2019-06-15 12:00:00,101,65,36
2019-06-15 13:00:00,132,70,62
2019-06-15 14:00:00,148,62,86
2019-06-15 15:00:00,155,68,87
2019-06-15 16:00:00,134,47,87
2019-06-15 17:00:00,129,53,76
2019-06-15 18:00:00,104,52,52
2019-06-15 19:00:00,66,27,39
2019-06-15 20:00:00,76,30,46
2019-06-15 21:00:00,73,39,34
2019-06-15 22:00:00,25,13,12
2019-06-15 23:00:00,25,12,13
2019-06-16 00:00:00,7,6,1
2019-06-16 01:00:00,1,0,1
2019-06-16 02:00:00,1,0,1
2019-06-16 03:00:00,1,0,1
2019-06-16 04:00:00,2,1,1
2019-06-16 05:00:00,3,2,1
2019-06-16 06:00:00,16,9,7
2019-06-16 07:00:00,15,11,4
2019-06-16 08:00:00,42,9,33
2019-06-16 09:00:00,67,33,34
2019-06-16 10:00:00,100,54,46
2019-06-16 11:00:00,111,60,51
2019-06-16 12:00:00,181,97,84
2019-06-16 13:00:00,154,83,71
2019-06-16 14:00:00,184,85,99
2019-06-16 15:00:00,148,76,72
2019-06-16 16:00:00,177,68,109
2019-06-16 17:00:00,115,54,61
2019-06-16 18:00:00,98,43,55
2019-06-16 19:00:00,83,36,47
2019-06-16 20:00:00,53,28,25
2019-06-16 21:00:00,49,31,18
2019-06-16 22:00:00,15,10,5
2019-06-16 23:00:00,3,1,2
2019-06-17 00:00:00,1,1,0
2019-06-17 01:00:00,4,2,2
2019-06-17 02:00:00,6,3,3
2019-06-17 03:00:00,2,1,1
2019-06-17 04:00:00,3,2,1
2019-06-17 05:00:00,17,7,10
2019-06-17 06:00:00,76,44,32
2019-06-17 07:00:00,157,119,38
2019-06-17 08:00:00,202,156,46
2019-06-17 09:00:00,101,75,26
2019-06-17 10:00:00,34,18,16
2019-06-17 11:00:00,27,16,11
2019-06-17 12:00:00,58,35,23
2019-06-17 13:00:00,57,29,28
2019-06-17 14:00:00,76,37,39
2019-06-17 15:00:00,92,37,55
2019-06-17 16:00:00,182,67,115
2019-06-17 17:00:00,287,56,231
2019-06-17 18:00:00,173,47,126
2019-06-17 19:00:00,92,34,58
2019-06-17 20:00:00,81,32,49
2019-06-17 21:00:00,32,16,16
2019-06-17 22:00:00,20,8,12
2019-06-17 23:00:00,16,6,10
2019-06-18 00:00:00,3,1,2
2019-06-18 01:00:00,3,2,1
2019-06-18 02:00:00,7,3,4
2019-06-18 03:00:00,1,1,0
2019-06-18 04:00:00,3,1,2
2019-06-18 05:00:00,10,4,6
2019-06-18 06:00:00,56,31,25
2019-06-18 07:00:00,101,71,30
2019-06-18 08:00:00,149,107,42
2019-06-18 09:00:00,68,46,22
2019-06-18 10:00:00,46,31,15
2019-06-18 11:00:00,34,17,17
2019-06-18 12:00:00,48,24,24
2019-06-18 13:00:00,34,23,11
2019-06-18 14:00:00,54,22,32
2019-06-18 15:00:00,47,26,21
2019-06-18 16:00:00,133,47,86
2019-06-18 17:00:00,206,55,151
2019-06-18 18:00:00,116,35,81
2019-06-18 19:00:00,51,16,35
2019-06-18 20:00:00,49,17,32
2019-06-18 21:00:00,35,14,21
2019-06-18 22:00:00,19,5,14
2019-06-18 23:00:00,2,1,1
2019-06-19 00:00:00,1,0,1
2019-06-19 01:00:00,5,2,3
2019-06-19 02:00:00,3,1,2
2019-06-19 03:00:00,2,2,0
2019-06-19 04:00:00,1,1,0
2019-06-19 05:00:00,29,11,18
2019-06-19 06:00:00,63,39,24
2019-06-19 07:00:00,182,131,51
2019-06-19 08:00:00,210,169,41
2019-06-19 09:00:00,85,63,22
2019-06-19 10:00:00,37,17,20
2019-06-19 11:00:00,29,15,14
2019-06-19 12:00:00,34,18,16
2019-06-19 13:00:00,41,24,17
2019-06-19 14:00:00,60,28,32
2019-06-19 15:00:00,88,38,50
2019-06-19 16:00:00,186,63,123
2019-06-19 17:00:00,251,62,189
2019-06-19 18:00:00,143,40,103
2019-06-19 19:00:00,96,35,61
2019-06-19 20:00:00,26,10,16
2019-06-19 21:00:00,14,2,12
2019-06-19 22:00:00,10,4,6
2019-06-19 23:00:00,6,2,4
2019-06-20 00:00:00,1,1,0
2019-06-20 01:00:00,3,1,2
2019-06-20 02:00:00,1,0,1
2019-06-20 03:00:00,2,0,2
2019-06-20 04:00:00,1,1,0
2019-06-20 05:00:00,11,3,8
2019-06-20 06:00:00,67,48,19
2019-06-20 07:00:00,120,91,29
2019-06-20 08:00:00,191,152,39
2019-06-20 09:00:00,94,70,24
2019-06-20 10:00:00,42,25,17
2019-06-20 11:00:00,36,23,13
2019-06-20 12:00:00,59,31,28
2019-06-20 13:00:00,50,33,17
2019-06-20 14:00:00,65,34,31
2019-06-20 15:00:00,87,45,42
2019-06-20 16:00:00,167,60,107
2019-06-20 17:00:00,240,67,173
2019-06-20 18:00:00,178,52,126
2019-06-20 19:00:00,111,48,63
2019-06-20 20:00:00,56,21,35
2019-06-20 21:00:00,38,16,22
2019-06-20 22:00:00,10,2,8
2019-06-20 23:00:00,13,5,8
2019-06-21 00:00:00,5,2,3
2019-06-21 01:00:00,2,0,2
2019-06-21 02:00:00,2,0,2
2019-06-21 03:00:00,0,0,0
2019-06-21 04:00:00,0,0,0
2019-06-21 05:00:00,21,10,11
2019-06-21 06:00:00,58,36,22
2019-06-21 07:00:00,110,84,26
2019-06-21 08:00:00,158,130,28
2019-06-21 09:00:00,107,76,31
2019-06-21 10:00:00,76,46,30
2019-06-21 11:00:00,64,30,34
2019-06-21 12:00:00,62,32,30
2019-06-21 13:00:00,81,35,46
2019-06-21 14:00:00,115,55,60
2019-06-21 15:00:00,120,50,70
2019-06-21 16:00:00,195,72,123
2019-06-21 17:00:00,207,52,155
2019-06-21 18:00:00,162,50,112
2019-06-21 19:00:00,91,32,59
2019-06-21 20:00:00,81,32,49
2019-06-21 21:00:00,38,23,15
2019-06-21 22:00:00,22,8,14
2019-06-21 23:00:00,9,2,7
2019-06-22 00:00:00,3,0,3
2019-06-22 01:00:00,2,0,2
2019-06-22 02:00:00,8,2,6
2019-06-22 03:00:00,6,3,3
2019-06-22 04:00:00,3,1,2
2019-06-22 05:00:00,1,0,1
2019-06-22 06:00:00,10,1,9
2019-06-22 07:00:00,22,19,3
2019-06-22 08:00:00,36,23,13
2019-06-22 09:00:00,53,23,30
2019-06-22 10:00:00,99,38,61
2019-06-22 11:00:00,99,42,57
2019-06-22 12:00:00,109,50,59
2019-06-22 13:00:00,106,55,51
2019-06-22 14:00:00,89,34,55
2019-06-22 15:00:00,110,49,61
2019-06-22 16:00:00,87,36,51
2019-06-22 17:00:00,115,63,52
2019-06-22 18:00:00,61,33,28
2019-06-22 19:00:00,42,24,18
2019-06-22 20:00:00,49,23,26
2019-06-22 21:00:00,26,12,14
2019-06-22 22:00:00,16,7,9
2019-06-22 23:00:00,10,3,7
2019-06-23 00:00:00,4,0,4
2019-06-23 01:00:00,4,1,3
2019-06-23 02:00:00,0,0,0
2019-06-23 03:00:00,8,2,6
2019-06-23 04:00:00,6,4,2
2019-06-23 05:00:00,2,2,0
2019-06-23 06:00:00,4,3,1
2019-06-23 07:00:00,13,4,9
2019-06-23 08:00:00,13,7,6
2019-06-23 09:00:00,41,22,19
2019-06-23 10:00:00,55,28,27
2019-06-23 11:00:00,69,42,27
2019-06-23 12:00:00,81,45,36
2019-06-23 13:00:00,86,45,41
2019-06-23 14:00:00,95,55,40
2019-06-23 15:00:00,80,46,34
2019-06-23 16:00:00,83,22,61
2019-06-23 17:00:00,72,28,44
2019-06-23 18:00:00,54,21,33
2019-06-23 19:00:00,13,7,6
2019-06-23 20:00:00,15,5,10
2019-06-23 21:00:00,17,8,9
2019-06-23 22:00:00,16,8,8
2019-06-23 23:00:00,8,1,7
2019-06-24 00:00:00,3,1,2
2019-06-24 01:00:00,0,0,0
2019-06-24 02:00:00,3,2,1
2019-06-24 03:00:00,2,1,1
2019-06-24 04:00:00,2,1,1
2019-06-24 05:00:00,11,6,5
2019-06-24 06:00:00,55,34,21
2019-06-24 07:00:00,144,106,38
2019-06-24 08:00:00,154,124,30
2019-06-24 09:00:00,84,58,26
2019-06-24 10:00:00,31,18,13
2019-06-24 11:00:00,39,22,17
2019-06-24 12:00:00,47,24,23
2019-06-24 13:00:00,39,14,25
2019-06-24 14:00:00,50,27,23
2019-06-24 15:00:00,95,47,48
2019-06-24 16:00:00,163,50,113
2019-06-24 17:00:00,257,65,192
2019-06-24 18:00:00,183,61,122
2019-06-24 19:00:00,83,38,45
2019-06-24 20:00:00,56,26,30
2019-06-24 21:00:00,36,25,11
2019-06-24 22:00:00,14,7,7
2019-06-24 23:00:00,7,0,7
2019-06-25 00:00:00,3,1,2
2019-06-25 01:00:00,2,1,1
2019-06-25 02:00:00,1,0,1
2019-06-25 03:00:00,1,1,0
2019-06-25 04:00:00,0,0,0
2019-06-25 05:00:00,27,13,14
2019-06-25 06:00:00,75,52,23
2019-06-25 07:00:00,182,126,56
2019-06-25 08:00:00,243,197,46
2019-06-25 09:00:00,119,95,24
2019-06-25 10:00:00,36,17,19
2019-06-25 11:00:00,53,30,23
2019-06-25 12:00:00,81,49,32
2019-06-25 13:00:00,63,36,27
2019-06-25 14:00:00,64,27,37
2019-06-25 15:00:00,158,75,83
2019-06-25 16:00:00,194,59,135
2019-06-25 17:00:00,338,75,263
2019-06-25 18:00:00,207,62,145
2019-06-25 19:00:00,112,47,65
2019-06-25 20:00:00,70,31,39
2019-06-25 21:00:00,39,16,23
2019-06-25 22:00:00,17,6,11
2019-06-25 23:00:00,5,3,2
2019-06-26 00:00:00,6,2,4
2019-06-26 01:00:00,2,1,1
2019-06-26 02:00:00,1,0,1
2019-06-26 03:00:00,1,1,0
2019-06-26 04:00:00,2,0,2
2019-06-26 05:00:00,27,12,15
2019-06-26 06:00:00,76,48,28
2019-06-26 07:00:00,175,121,54
2019-06-26 08:00:00,223,181,42
2019-06-26 09:00:00,107,72,35
2019-06-26 10:00:00,37,17,20
2019-06-26 11:00:00,47,27,20
2019-06-26 12:00:00,52,26,26
2019-06-26 13:00:00,75,39,36
2019-06-26 14:00:00,60,35,25
2019-06-26 15:00:00,92,34,58
2019-06-26 16:00:00,143,35,108
2019-06-26 17:00:00,237,48,189
2019-06-26 18:00:00,143,32,111
2019-06-26 19:00:00,46,20,26
2019-06-26 20:00:00,42,20,22
2019-06-26 21:00:00,27,10,17
2019-06-26 22:00:00,13,4,9
2019-06-26 23:00:00,4,1,3
2019-06-27 00:00:00,2,2,0
2019-06-27 01:00:00,3,2,1
2019-06-27 02:00:00,2,0,2
2019-06-27 03:00:00,3,1,2
2019-06-27 04:00:00,2,1,1
2019-06-27 05:00:00,22,5,17
2019-06-27 06:00:00,50,30,20
2019-06-27 07:00:00,125,85,40
2019-06-27 08:00:00,134,104,30
2019-06-27 09:00:00,87,68,19
2019-06-27 10:00:00,29,19,10
2019-06-27 11:00:00,48,27,21
2019-06-27 12:00:00,48,27,21
2019-06-27 13:00:00,45,15,30
2019-06-27 14:00:00,52,31,21
2019-06-27 15:00:00,95,38,57
2019-06-27 16:00:00,143,52,91
2019-06-27 17:00:00,215,47,168
2019-06-27 18:00:00,121,38,83
2019-06-27 19:00:00,57,14,43
2019-06-27 20:00:00,38,19,19
2019-06-27 21:00:00,27,8,19
2019-06-27 22:00:00,12,7,5
2019-06-27 23:00:00,8,1,7
2019-06-28 00:00:00,3,2,1
2019-06-28 01:00:00,3,1,2
2019-06-28 02:00:00,3,1,2
2019-06-28 03:00:00,2,2,0
2019-06-28 04:00:00,3,2,1
2019-06-28 05:00:00,24,8,16
2019-06-28 06:00:00,48,28,20
2019-06-28 07:00:00,115,86,29
2019-06-28 08:00:00,158,113,45
2019-06-28 09:00:00,105,67,38
2019-06-28 10:00:00,39,22,17
2019-06-28 11:00:00,44,22,22
2019-06-28 12:00:00,63,31,32
2019-06-28 13:00:00,51,24,27
2019-06-28 14:00:00,91,43,48
2019-06-28 15:00:00,136,57,79
2019-06-28 16:00:00,170,56,114
2019-06-28 17:00:00,219,65,154
2019-06-28 18:00:00,127,31,96
2019-06-28 19:00:00,85,34,51
2019-06-28 20:00:00,41,18,23
2019-06-28 21:00:00,36,17,19
2019-06-28 22:00:00,21,8,13
2019-06-28 23:00:00,9,2,7
2019-06-29 00:00:00,3,2,1
2019-06-29 01:00:00,4,1,3
2019-06-29 02:00:00,1,0,1
2019-06-29 03:00:00,1,0,1
2019-06-29 04:00:00,3,2,1
2019-06-29 05:00:00,5,4,1
2019-06-29 06:00:00,10,5,5
2019-06-29 07:00:00,31,20,11
2019-06-29 08:00:00,41,21,20
2019-06-29 09:00:00,62,26,36
2019-06-29 10:00:00,90,50,40
2019-06-29 11:00:00,97,51,46
2019-06-29 12:00:00,132,70,62
2019-06-29 13:00:00,153,82,71
2019-06-29 14:00:00,139,70,69
2019-06-29 15:00:00,175,81,94
2019-06-29 16:00:00,127,67,60
2019-06-29 17:00:00,138,67,71
2019-06-29 18:00:00,79,41,38
2019-06-29 19:00:00,84,39,45
2019-06-29 20:00:00,48,21,27
2019-06-29 21:00:00,72,7,65
2019-06-29 22:00:00,28,5,23
2019-06-29 23:00:00,16,3,13
2019-06-30 00:00:00,8,0,8
2019-06-30 01:00:00,4,1,3
2019-06-30 02:00:00,2,1,1
2019-06-30 03:00:00,1,0,1
2019-06-30 04:00:00,6,3,3
2019-06-30 05:00:00,5,5,0
2019-06-30 06:00:00,13,10,3
2019-06-30 07:00:00,32,15,17
2019-06-30 08:00:00,38,20,18
2019-06-30 09:00:00,89,59,30
2019-06-30 10:00:00,132,78,54
2019-06-30 11:00:00,140,71,69
2019-06-30 12:00:00,148,88,60
2019-06-30 13:00:00,148,68,80
2019-06-30 14:00:00,173,89,84
2019-06-30 15:00:00,159,69,90
2019-06-30 16:00:00,131,62,69
2019-06-30 17:00:00,114,40,74
2019-06-30 18:00:00,66,31,35
2019-06-30 19:00:00,71,24,47
2019-06-30 20:00:00,64,30,34
2019-06-30 21:00:00,47,23,24
2019-06-30 22:00:00,15,9,6
2019-06-30 23:00:00,1,0,1
2019-07-01 00:00:00,1,0,1
2019-07-01 01:00:00,1,0,1
2019-07-01 02:00:00,1,0,1
2019-07-01 03:00:00,0,0,0
2019-07-01 04:00:00,1,1,0
2019-07-01 05:00:00,16,5,11
2019-07-01 06:00:00,52,24,28
2019-07-01 07:00:00,161,119,42
2019-07-01 08:00:00,215,171,44
2019-07-01 09:00:00,98,57,41
2019-07-01 10:00:00,41,21,20
2019-07-01 11:00:00,45,26,19
2019-07-01 12:00:00,59,36,23
2019-07-01 13:00:00,75,41,34
2019-07-01 14:00:00,87,51,36
2019-07-01 15:00:00,115,47,68
2019-07-01 16:00:00,201,71,130
2019-07-01 17:00:00,284,73,211
2019-07-01 18:00:00,193,65,128
2019-07-01 19:00:00,97,40,57
2019-07-01 20:00:00,61,24,37
2019-07-01 21:00:00,43,20,23
2019-07-01 22:00:00,12,5,7
2019-07-01 23:00:00,7,1,6
2019-07-02 00:00:00,4,1,3
2019-07-02 01:00:00,4,2,2
2019-07-02 02:00:00,1,1,0
2019-07-02 03:00:00,0,0,0
2019-07-02 04:00:00,3,1,2
2019-07-02 05:00:00,16,5,11
2019-07-02 06:00:00,54,29,25
2019-07-02 07:00:00,127,93,34
2019-07-02 08:00:00,164,136,28
2019-07-02 09:00:00,89,68,21
2019-07-02 10:00:00,37,17,20
2019-07-02 11:00:00,28,15,13
2019-07-02 12:00:00,29,13,16
2019-07-02 13:00:00,29,17,12
2019-07-02 14:00:00,30,11,19
2019-07-02 15:00:00,55,21,34
2019-07-02 16:00:00,83,27,56
2019-07-02 17:00:00,158,34,124
2019-07-02 18:00:00,87,18,69
2019-07-02 19:00:00,30,6,24
2019-07-02 20:00:00,12,1,11
2019-07-02 21:00:00,10,6,4
2019-07-02 22:00:00,9,0,9
2019-07-02 23:00:00,5,2,3
2019-07-03 00:00:00,2,2,0
2019-07-03 01:00:00,3,1,2
2019-07-03 02:00:00,5,1,4
2019-07-03 03:00:00,1,1,0
2019-07-03 04:00:00,2,2,0
2019-07-03 05:00:00,20,8,12
2019-07-03 06:00:00,63,36,27
2019-07-03 07:00:00,111,71,40
2019-07-03 08:00:00,110,88,22
2019-07-03 09:00:00,83,55,28
2019-07-03 10:00:00,39,23,16
2019-07-03 11:00:00,29,18,11
2019-07-03 12:00:00,41,25,16
2019-07-03 13:00:00,47,25,22
2019-07-03 14:00:00,66,34,32
2019-07-03 15:00:00,132,55,77
2019-07-03 16:00:00,156,49,107
2019-07-03 17:00:00,174,59,115
2019-07-03 18:00:00,101,31,70
2019-07-03 19:00:00,70,29,41
2019-07-03 20:00:00,54,26,28
2019-07-03 21:00:00,32,16,16
2019-07-03 22:00:00,14,8,6
2019-07-03 23:00:00,7,1,6
2019-07-04 00:00:00,9,6,3
2019-07-04 01:00:00,5,1,4
2019-07-04 02:00:00,3,2,1
2019-07-04 03:00:00,4,0,4
2019-07-04 04:00:00,1,0,1
2019-07-04 05:00:00,3,2,1
2019-07-04 06:00:00,9,5,4
2019-07-04 07:00:00,17,12,5
2019-07-04 08:00:00,44,25,19
2019-07-04 09:00:00,77,39,38
2019-07-04 10:00:00,92,43,49
2019-07-04 11:00:00,106,66,40
2019-07-04 12:00:00,117,66,51
2019-07-04 13:00:00,138,68,70
2019-07-04 14:00:00,181,74,107
2019-07-04 15:00:00,164,75,89
2019-07-04 16:00:00,143,61,82
2019-07-04 17:00:00,99,41,58
2019-07-04 18:00:00,69,27,42
2019-07-04 19:00:00,57,21,36
2019-07-04 20:00:00,63,21,42
2019-07-04 21:00:00,40,12,28
2019-07-04 22:00:00,22,11,11
2019-07-04 23:00:00,17,13,4
2019-07-05 00:00:00,7,5,2
2019-07-05 01:00:00,14,9,5
2019-07-05 02:00:00,1,0,1
2019-07-05 03:00:00,2,1,1
2019-07-05 04:00:00,1,1,0
2019-07-05 05:00:00,16,8,8
2019-07-05 06:00:00,22,12,10
2019-07-05 07:00:00,49,29,20
2019-07-05 08:00:00,51,40,11
2019-07-05 09:00:00,51,27,24
2019-07-05 10:00:00,40,27,13
2019-07-05 11:00:00,44,24,20
2019-07-05 12:00:00,72,38,34
2019-07-05 13:00:00,79,38,41
2019-07-05 14:00:00,122,57,65
2019-07-05 15:00:00,109,52,57
2019-07-05 16:00:00,101,31,70
2019-07-05 17:00:00,129,37,92
2019-07-05 18:00:00,83,29,54
2019-07-05 19:00:00,34,19,15
2019-07-05 20:00:00,42,18,24
2019-07-05 21:00:00,27,12,15
2019-07-05 22:00:00,9,2,7
2019-07-05 23:00:00,3,0,3
2019-07-06 00:00:00,6,1,5
2019-07-06 01:00:00,4,1,3
2019-07-06 02:00:00,2,0,2
2019-07-06 03:00:00,1,0,1
2019-07-06 04:00:00,2,1,1
2019-07-06 05:00:00,2,1,1
2019-07-06 06:00:00,3,2,1
2019-07-06 07:00:00,17,8,9
2019-07-06 08:00:00,36,21,15
2019-07-06 09:00:00,55,29,26
2019-07-06 10:00:00,100,46,54
2019-07-06 11:00:00,132,73,59
2019-07-06 12:00:00,115,68,47
2019-07-06 13:00:00,140,72,68
2019-07-06 14:00:00,140,77,63
2019-07-06 15:00:00,147,66,81
2019-07-06 16:00:00,135,52,83
2019-07-06 17:00:00,173,83,90
2019-07-06 18:00:00,129,67,62
2019-07-06 19:00:00,64,26,38
2019-07-06 20:00:00,61,31,30
2019-07-06 21:00:00,30,13,17
2019-07-06 22:00:00,22,5,17
2019-07-06 23:00:00,13,2,11
2019-07-07 00:00:00,18,5,13
2019-07-07 01:00:00,6,4,2
2019-07-07 02:00:00,3,2,1
2019-07-07 03:00:00,1,0,1
2019-07-07 04:00:00,0,0,0
2019-07-07 05:00:00,4,4,0
2019-07-07 06:00:00,7,2,5
2019-07-07 07:00:00,24,14,10
2019-07-07 08:00:00,20,12,8
2019-07-07 09:00:00,36,19,17
2019-07-07 10:00:00,67,35,32
2019-07-07 11:00:00,86,41,45
2019-07-07 12:00:00,120,59,61
2019-07-07 13:00:00,117,44,73
2019-07-07 14:00:00,120,75,45
2019-07-07 15:00:00,119,56,63
2019-07-07 16:00:00,78,31,47
2019-07-07 17:00:00,50,17,33
2019-07-07 18:00:00,63,37,26
2019-07-07 19:00:00,22,8,14
2019-07-07 20:00:00,8,2,6
2019-07-07 21:00:00,5,4,1
2019-07-07 22:00:00,11,4,7
2019-07-07 23:00:00,3,0,3
2019-07-08 00:00:00,1,0,1
2019-07-08 01:00:00,0,0,0
2019-07-08 02:00:00,1,0,1
2019-07-08 03:00:00,2,1,1
2019-07-08 04:00:00,1,1,0
2019-07-08 05:00:00,19,8,11
2019-07-08 06:00:00,44,23,21
2019-07-08 07:00:00,141,95,46
2019-07-08 08:00:00,182,136,46
2019-07-08 09:00:00,73,63,10
2019-07-08 10:00:00,41,19,22
2019-07-08 11:00:00,42,23,19
2019-07-08 12:00:00,49,27,22
2019-07-08 13:00:00,51,20,31
2019-07-08 14:00:00,70,31,39
2019-07-08 15:00:00,129,58,71
2019-07-08 16:00:00,178,66,112
2019-07-08 17:00:00,294,80,214
2019-07-08 18:00:00,179,50,129
2019-07-08 19:00:00,125,56,69
2019-07-08 20:00:00,94,46,48
2019-07-08 21:00:00,49,24,25
2019-07-08 22:00:00,11,1,10
2019-07-08 23:00:00,4,2,2
2019-07-09 00:00:00,2,2,0
2019-07-09 01:00:00,3,1,2
2019-07-09 02:00:00,2,0,2
2019-07-09 03:00:00,0,0,0
2019-07-09 04:00:00,0,0,0
2019-07-09 05:00:00,25,14,11
2019-07-09 06:00:00,75,44,31
2019-07-09 07:00:00,181,132,49
2019-07-09 08:00:00,211,173,38
2019-07-09 09:00:00,98,76,22
2019-07-09 10:00:00,45,27,18
2019-07-09 11:00:00,50,23,27
2019-07-09 12:00:00,52,24,28
2019-07-09 13:00:00,60,26,34
2019-07-09 14:00:00,71,37,34
2019-07-09 15:00:00,104,40,64
2019-07-09 16:00:00,181,57,124
2019-07-09 17:00:00,264,65,199
2019-07-09 18:00:00,131,25,106
2019-07-09 19:00:00,86,33,53
2019-07-09 20:00:00,22,7,15
2019-07-09 21:00:00,7,1,6
2019-07-09 22:00:00,3,1,2
2019-07-09 23:00:00,1,0,1
2019-07-10 00:00:00,2,1,1
2019-07-10 01:00:00,3,1,2
2019-07-10 02:00:00,2,1,1
2019-07-10 03:00:00,3,3,0
2019-07-10 04:00:00,1,1,0
2019-07-10 05:00:00,16,4,12
2019-07-10 06:00:00,30,19,11
2019-07-10 07:00:00,112,70,42
2019-07-10 08:00:00,120,94,26
2019-07-10 09:00:00,53,44,9
2019-07-10 10:00:00,25,18,7
2019-07-10 11:00:00,16,9,7
2019-07-10 12:00:00,21,11,10
2019-07-10 13:00:00,24,14,10
2019-07-10 14:00:00,14,6,8
2019-07-10 15:00:00,38,19,19
2019-07-10 16:00:00,91,30,61
2019-07-10 17:00:00,173,44,129
2019-07-10 18:00:00,106,32,74
2019-07-10 19:00:00,83,37,46
2019-07-10 20:00:00,62,25,37
2019-07-10 21:00:00,26,16,10
2019-07-10 22:00:00,11,5,6
2019-07-10 23:00:00,3,1,2
2019-07-11 00:00:00,3,3,0
2019-07-11 01:00:00,3,2,1
2019-07-11 02:00:00,3,1,2
2019-07-11 03:00:00,1,1,0
2019-07-11 04:00:00,0,0,0
2019-07-11 05:00:00,18,7,11
2019-07-11 06:00:00,61,34,27
2019-07-11 07:00:00,150,111,39
2019-07-11 08:00:00,188,139,49
2019-07-11 09:00:00,113,75,38
2019-07-11 10:00:00,33,20,13
2019-07-11 11:00:00,40,19,21
2019-07-11 12:00:00,39,19,20
2019-07-11 13:00:00,63,35,28
2019-07-11 14:00:00,67,39,28
2019-07-11 15:00:00,106,43,63
2019-07-11 16:00:00,159,58,101
2019-07-11 17:00:00,269,73,196
2019-07-11 18:00:00,169,31,138
2019-07-11 19:00:00,99,38,61
2019-07-11 20:00:00,69,28,41
2019-07-11 21:00:00,38,21,17
2019-07-11 22:00:00,19,7,12
2019-07-11 23:00:00,9,3,6
2019-07-12 00:00:00,3,1,2
2019-07-12 01:00:00,6,4,2
2019-07-12 02:00:00,1,1,0
2019-07-12 03:00:00,2,1,1
2019-07-12 04:00:00,1,1,0
2019-07-12 05:00:00,15,6,9
2019-07-12 06:00:00,59,29,30
2019-07-12 07:00:00,142,95,47
2019-07-12 08:00:00,158,123,35
2019-07-12 09:00:00,95,70,25
2019-07-12 10:00:00,55,30,25
2019-07-12 11:00:00,51,32,19
2019-07-12 12:00:00,57,28,29
2019-07-12 13:00:00,79,33,46
2019-07-12 14:00:00,128,53,75
2019-07-12 15:00:00,125,59,66
2019-07-12 16:00:00,196,64,132
2019-07-12 17:00:00,216,67,149
2019-07-12 18:00:00,171,55,116
2019-07-12 19:00:00,96,37,59
2019-07-12 20:00:00,76,32,44
2019-07-12 21:00:00,51,27,24
2019-07-12 22:00:00,35,19,16
2019-07-12 23:00:00,12,4,8
2019-07-13 00:00:00,8,3,5
2019-07-13 01:00:00,4,1,3
2019-07-13 02:00:00,5,3,2
2019-07-13 03:00:00,0,0,0
2019-07-13 04:00:00,13,7,6
2019-07-13 05:00:00,3,3,0
2019-07-13 06:00:00,14,8,6
2019-07-13 07:00:00,19,14,5
2019-07-13 08:00:00,34,19,15
2019-07-13 09:00:00,64,30,34
2019-07-13 10:00:00,80,39,41
2019-07-13 11:00:00,94,42,52
2019-07-13 12:00:00,141,64,77
2019-07-13 13:00:00,143,56,87
2019-07-13 14:00:00,139,68,71
2019-07-13 15:00:00,137,66,71
2019-07-13 16:00:00,151,72,79
2019-07-13 17:00:00,91,53,38
2019-07-13 18:00:00,104,44,60
2019-07-13 19:00:00,70,30,40
2019-07-13 20:00:00,72,34,38
2019-07-13 21:00:00,37,23,14
2019-07-13 22:00:00,20,6,14
2019-07-13 23:00:00,19,6,13
2019-07-14 00:00:00,14,3,11
2019-07-14 01:00:00,6,3,3
2019-07-14 02:00:00,1,0,1
2019-07-14 03:00:00,0,0,0
2019-07-14 04:00:00,0,0,0
2019-07-14 05:00:00,2,2,0
2019-07-14 06:00:00,15,4,11
2019-07-14 07:00:00,15,9,6
2019-07-14 08:00:00,42,20,22
2019-07-14 09:00:00,98,46,52
2019-07-14 10:00:00,91,42,49
2019-07-14 11:00:00,92,53,39
2019-07-14 12:00:00,151,99,52
2019-07-14 13:00:00,141,58,83
2019-07-14 14:00:00,109,64,45
2019-07-14 15:00:00,184,61,123
2019-07-14 16:00:00,144,71,73
2019-07-14 17:00:00,124,47,77
2019-07-14 18:00:00,125,59,66
2019-07-14 19:00:00,82,41,41
2019-07-14 20:00:00,58,28,30
2019-07-14 21:00:00,42,25,17
2019-07-14 22:00:00,19,9,10
2019-07-14 23:00:00,9,3,6
2019-07-15 00:00:00,3,1,2
2019-07-15 01:00:00,4,1,3
2019-07-15 02:00:00,3,2,1
2019-07-15 03:00:00,3,2,1
2019-07-15 04:00:00,0,0,0
2019-07-15 05:00:00,16,9,7
2019-07-15 06:00:00,60,35,25
2019-07-15 07:00:00,151,112,39
2019-07-15 08:00:00,205,163,42
2019-07-15 09:00:00,122,87,35
2019-07-15 10:00:00,22,13,9
2019-07-15 11:00:00,38,21,17
2019-07-15 12:00:00,28,14,14
2019-07-15 13:00:00,42,21,21
2019-07-15 14:00:00,52,26,26
2019-07-15 15:00:00,78,32,46
2019-07-15 16:00:00,165,58,107
2019-07-15 17:00:00,248,60,188
2019-07-15 18:00:00,166,35,131
2019-07-15 19:00:00,96,39,57
2019-07-15 20:00:00,33,15,18
2019-07-15 21:00:00,27,14,13
2019-07-15 22:00:00,10,6,4
2019-07-15 23:00:00,6,0,6
2019-07-16 00:00:00,4,4,0
2019-07-16 01:00:00,3,1,2
2019-07-16 02:00:00,1,0,1
2019-07-16 03:00:00,1,1,0
2019-07-16 04:00:00,1,0,1
2019-07-16 05:00:00,20,8,12
2019-07-16 06:00:00,80,54,26
2019-07-16 07:00:00,148,108,40
2019-07-16 08:00:00,238,177,61
2019-07-16 09:00:00,100,74,26
2019-07-16 10:00:00,43,21,22
2019-07-16 11:00:00,55,33,22
2019-07-16 12:00:00,69,46,23
2019-07-16 13:00:00,77,38,39
2019-07-16 14:00:00,89,42,47
2019-07-16 15:00:00,135,55,80
2019-07-16 16:00:00,221,83,138
2019-07-16 17:00:00,300,97,203
2019-07-16 18:00:00,169,49,120
2019-07-16 19:00:00,129,49,80
2019-07-16 20:00:00,77,37,40
2019-07-16 21:00:00,27,13,14
2019-07-16 22:00:00,5,2,3
2019-07-16 23:00:00,7,3,4
2019-07-17 00:00:00,6,5,1
2019-07-17 01:00:00,4,2,2
2019-07-17 02:00:00,7,1,6
2019-07-17 03:00:00,1,1,0
2019-07-17 04:00:00,0,0,0
2019-07-17 05:00:00,16,4,12
2019-07-17 06:00:00,41,25,16
2019-07-17 07:00:00,100,64,36
2019-07-17 08:00:00,127,106,21
2019-07-17 09:00:00,78,62,16
2019-07-17 10:00:00,34,27,7
2019-07-17 11:00:00,24,12,12
2019-07-17 12:00:00,31,15,16
2019-07-17 13:00:00,23,13,10
2019-07-17 14:00:00,38,16,22
2019-07-17 15:00:00,56,19,37
2019-07-17 16:00:00,105,49,56
2019-07-17 17:00:00,185,50,135
2019-07-17 18:00:00,116,36,80
2019-07-17 19:00:00,54,20,34
2019-07-17 20:00:00,34,16,18
2019-07-17 21:00:00,33,11,22
2019-07-17 22:00:00,16,6,10
2019-07-17 23:00:00,7,3,4
2019-07-18 00:00:00,3,3,0
2019-07-18 01:00:00,4,1,3
2019-07-18 02:00:00,1,0,1
2019-07-18 03:00:00,3,1,2
2019-07-18 04:00:00,0,0,0
2019-07-18 05:00:00,22,11,11
2019-07-18 06:00:00,46,25,21
2019-07-18 07:00:00,134,87,47
2019-07-18 08:00:00,160,121,39
2019-07-18 09:00:00,109,81,28
2019-07-18 10:00:00,47,26,21
2019-07-18 11:00:00,44,24,20
2019-07-18 12:00:00,51,26,25
2019-07-18 13:00:00,66,39,27
2019-07-18 14:00:00,63,29,34
2019-07-18 15:00:00,103,51,52
2019-07-18 16:00:00,162,54,108
2019-07-18 17:00:00,251,58,193
2019-07-18 18:00:00,112,21,91
2019-07-18 19:00:00,36,9,27
2019-07-18 20:00:00,22,7,15
2019-07-18 21:00:00,8,4,4
2019-07-18 22:00:00,5,2,3
2019-07-18 23:00:00,2,0,2
2019-07-19 00:00:00,3,1,2
2019-07-19 01:00:00,3,2,1
2019-07-19 02:00:00,2,0,2
2019-07-19 03:00:00,2,1,1
2019-07-19 04:00:00,6,3,3
2019-07-19 05:00:00,18,10,8
2019-07-19 06:00:00,45,25,20
2019-07-19 07:00:00,119,73,46
2019-07-19 08:00:00,122,102,20
2019-07-19 09:00:00,75,61,14
2019-07-19 10:00:00,47,29,18
2019-07-19 11:00:00,44,20,24
2019-07-19 12:00:00,56,23,33
2019-07-19 13:00:00,76,42,34
2019-07-19 14:00:00,81,39,42
2019-07-19 15:00:00,115,53,62
2019-07-19 16:00:00,176,66,110
2019-07-19 17:00:00,209,62,147
2019-07-19 18:00:00,122,37,85
2019-07-19 19:00:00,80,30,50
2019-07-19 20:00:00,32,17,15
2019-07-19 21:00:00,34,18,16
2019-07-19 22:00:00,11,4,7
2019-07-19 23:00:00,14,3,11
2019-07-20 00:00:00,7,2,5
2019-07-20 01:00:00,6,0,6
2019-07-20 02:00:00,1,0,1
2019-07-20 03:00:00,3,1,2
2019-07-20 04:00:00,0,0,0
2019-07-20 05:00:00,5,4,1
2019-07-20 06:00:00,14,10,4
2019-07-20 07:00:00,26,15,11
2019-07-20 08:00:00,56,33,23
2019-07-20 09:00:00,63,33,30
2019-07-20 10:00:00,125,68,57
2019-07-20 11:00:00,116,58,58
2019-07-20 12:00:00,196,114,82
2019-07-20 13:00:00,153,78,75
2019-07-20 14:00:00,168,75,93
2019-07-20 15:00:00,137,64,73
2019-07-20 16:00:00,152,72,80
2019-07-20 17:00:00,138,75,63
2019-07-20 18:00:00,100,56,44
2019-07-20 19:00:00,80,29,51
2019-07-20 20:00:00,74,31,43
2019-07-20 21:00:00,38,11,27
2019-07-20 22:00:00,26,12,14
2019-07-20 23:00:00,8,4,4
2019-07-21 00:00:00,4,1,3
2019-07-21 01:00:00,5,2,3
2019-07-21 02:00:00,4,1,3
2019-07-21 03:00:00,0,0,0
2019-07-21 04:00:00,4,2,2
2019-07-21 05:00:00,2,1,1
2019-07-21 06:00:00,8,7,1
2019-07-21 07:00:00,24,18,6
2019-07-21 08:00:00,37,23,14
2019-07-21 09:00:00,79,41,38
2019-07-21 10:00:00,127,62,65
2019-07-21 11:00:00,136,75,61
2019-07-21 12:00:00,175,85,90
2019-07-21 13:00:00,170,86,84
2019-07-21 14:00:00,110,56,54
2019-07-21 15:00:00,137,63,74
2019-07-21 16:00:00,133,74,59
2019-07-21 17:00:00,139,78,61
2019-07-21 18:00:00,97,58,39
2019-07-21 19:00:00,68,27,41
2019-07-21 20:00:00,58,22,36
2019-07-21 21:00:00,133,36,97
2019-07-21 22:00:00,31,5,26
2019-07-21 23:00:00,8,4,4
2019-07-22 00:00:00,3,0,3
2019-07-22 01:00:00,3,1,2
2019-07-22 02:00:00,1,0,1
2019-07-22 03:00:00,0,0,0
2019-07-22 04:00:00,1,0,1
2019-07-22 05:00:00,13,6,7
2019-07-22 06:00:00,68,40,28
2019-07-22 07:00:00,156,110,46
2019-07-22 08:00:00,200,159,41
2019-07-22 09:00:00,108,72,36
2019-07-22 10:00:00,42,26,16
2019-07-22 11:00:00,63,36,27
2019-07-22 12:00:00,69,35,34
2019-07-22 13:00:00,65,34,31
2019-07-22 14:00:00,81,40,41
2019-07-22 15:00:00,108,45,63
2019-07-22 16:00:00,185,69,116
2019-07-22 17:00:00,314,50,264
2019-07-22 18:00:00,239,83,156
2019-07-22 19:00:00,96,37,59
2019-07-22 20:00:00,65,24,41
2019-07-22 21:00:00,55,26,29
2019-07-22 22:00:00,18,3,15
2019-07-22 23:00:00,5,3,2
2019-07-23 00:00:00,3,1,2
2019-07-23 01:00:00,3,1,2
2019-07-23 02:00:00,1,0,1
2019-07-23 03:00:00,1,0,1
2019-07-23 04:00:00,2,0,2
2019-07-23 05:00:00,21,9,12
2019-07-23 06:00:00,69,41,28
2019-07-23 07:00:00,183,134,49
2019-07-23 08:00:00,195,159,36
2019-07-23 09:00:00,101,69,32
2019-07-23 10:00:00,59,37,22
2019-07-23 11:00:00,32,20,12
2019-07-23 12:00:00,52,23,29
2019-07-23 13:00:00,48,30,18
2019-07-23 14:00:00,64,32,32
2019-07-23 15:00:00,106,44,62
2019-07-23 16:00:00,180,52,128
2019-07-23 17:00:00,292,58,234
2019-07-23 18:00:00,156,41,115
2019-07-23 19:00:00,83,33,50
2019-07-23 20:00:00,44,21,23
2019-07-23 21:00:00,35,15,20
2019-07-23 22:00:00,11,5,6
2019-07-23 23:00:00,6,2,4
2019-07-24 00:00:00,2,1,1
2019-07-24 01:00:00,3,0,3
2019-07-24 02:00:00,1,0,1
2019-07-24 03:00:00,1,0,1
2019-07-24 04:00:00,0,0,0
2019-07-24 05:00:00,26,12,14
2019-07-24 06:00:00,76,43,33
2019-07-24 07:00:00,191,140,51
2019-07-24 08:00:00,205,165,40
2019-07-24 09:00:00,108,77,31
2019-07-24 10:00:00,52,30,22
2019-07-24 11:00:00,23,11,12
2019-07-24 12:00:00,83,49,34
2019-07-24 13:00:00,66,30,36
2019-07-24 14:00:00,109,43,66
2019-07-24 15:00:00,129,60,69
2019-07-24 16:00:00,227,74,153
2019-07-24 17:00:00,344,98,246
2019-07-24 18:00:00,217,50,167
2019-07-24 19:00:00,135,50,85
2019-07-24 20:00:00,103,47,56
2019-07-24 21:00:00,40,20,20
2019-07-24 22:00:00,11,5,6
2019-07-24 23:00:00,11,6,5
2019-07-25 00:00:00,3,2,1
2019-07-25 01:00:00,5,1,4
2019-07-25 02:00:00,2,1,1
2019-07-25 03:00:00,0,0,0
2019-07-25 04:00:00,0,0,0
2019-07-25 05:00:00,24,11,13
2019-07-25 06:00:00,77,46,31
2019-07-25 07:00:00,187,129,58
2019-07-25 08:00:00,206,161,45
2019-07-25 09:00:00,119,85,34
2019-07-25 10:00:00,79,44,35
2019-07-25 11:00:00,64,38,26
2019-07-25 12:00:00,80,50,30
2019-07-25 13:00:00,82,39,43
2019-07-25 14:00:00,91,40,51
2019-07-25 15:00:00,135,72,63
2019-07-25 16:00:00,217,68,149
2019-07-25 17:00:00,312,82,230
2019-07-25 18:00:00,221,72,149
2019-07-25 19:00:00,121,63,58
2019-07-25 20:00:00,93,34,59
2019-07-25 21:00:00,68,33,35
2019-07-25 22:00:00,16,7,9
2019-07-25 23:00:00,5,2,3
2019-07-26 00:00:00,5,3,2
2019-07-26 01:00:00,4,1,3
2019-07-26 02:00:00,1,0,1
2019-07-26 03:00:00,3,1,2
2019-07-26 04:00:00,0,0,0
2019-07-26 05:00:00,24,14,10
2019-07-26 06:00:00,63,35,28
2019-07-26 07:00:00,141,95,46
2019-07-26 08:00:00,182,136,46
2019-07-26 09:00:00,109,82,27
2019-07-26 10:00:00,81,41,40
2019-07-26 11:00:00,91,42,49
2019-07-26 12:00:00,79,35,44
2019-07-26 13:00:00,107,61,46
2019-07-26 14:00:00,122,63,59
2019-07-26 15:00:00,126,59,67
2019-07-26 16:00:00,207,64,143
2019-07-26 17:00:00,251,76,175
2019-07-26 18:00:00,123,52,71
2019-07-26 19:00:00,115,40,75
2019-07-26 20:00:00,96,35,61
2019-07-26 21:00:00,39,28,11
2019-07-26 22:00:00,37,14,23
2019-07-26 23:00:00,12,1,11
2019-07-27 00:00:00,13,8,5
2019-07-27 01:00:00,5,3,2
2019-07-27 02:00:00,3,1,2
2019-07-27 03:00:00,3,0,3
2019-07-27 04:00:00,3,2,1
2019-07-27 05:00:00,8,2,6
2019-07-27 06:00:00,9,5,4
2019-07-27 07:00:00,17,7,10
2019-07-27 08:00:00,36,17,19
2019-07-27 09:00:00,52,21,31
2019-07-27 10:00:00,83,31,52
2019-07-27 11:00:00,99,60,39
2019-07-27 12:00:00,103,65,38
2019-07-27 13:00:00,108,57,51
2019-07-27 14:00:00,94,37,57
2019-07-27 15:00:00,103,48,55
2019-07-27 16:00:00,82,21,61
2019-07-27 17:00:00,89,28,61
2019-07-27 18:00:00,64,27,37
2019-07-27 19:00:00,60,31,29
2019-07-27 20:00:00,35,15,20
2019-07-27 21:00:00,35,20,15
2019-07-27 22:00:00,21,6,15
2019-07-27 23:00:00,13,7,6
2019-07-28 00:00:00,5,2,3
2019-07-28 01:00:00,1,0,1
2019-07-28 02:00:00,1,0,1
2019-07-28 03:00:00,1,1,0
2019-07-28 04:00:00,2,0,2
2019-07-28 05:00:00,2,1,1
2019-07-28 06:00:00,9,4,5
2019-07-28 07:00:00,18,11,7
2019-07-28 08:00:00,36,17,19
2019-07-28 09:00:00,98,56,42
2019-07-28 10:00:00,143,56,87
2019-07-28 11:00:00,125,59,66
2019-07-28 12:00:00,203,97,106
2019-07-28 13:00:00,219,126,93
2019-07-28 14:00:00,164,88,76
2019-07-28 15:00:00,156,62,94
2019-07-28 16:00:00,172,83,89
2019-07-28 17:00:00,141,59,82
2019-07-28 18:00:00,110,38,72
2019-07-28 19:00:00,81,33,48
2019-07-28 20:00:00,92,37,55
2019-07-28 21:00:00,42,18,24
2019-07-28 22:00:00,15,8,7
2019-07-28 23:00:00,6,3,3
2019-07-29 00:00:00,9,1,8
2019-07-29 01:00:00,1,1,0
2019-07-29 02:00:00,2,1,1
2019-07-29 03:00:00,2,2,0
2019-07-29 04:00:00,3,3,0
2019-07-29 05:00:00,24,15,9
2019-07-29 06:00:00,80,38,42
2019-07-29 07:00:00,183,126,57
2019-07-29 08:00:00,240,193,47
2019-07-29 09:00:00,126,80,46
2019-07-29 10:00:00,92,46,46
2019-07-29 11:00:00,73,43,30
2019-07-29 12:00:00,102,56,46
2019-07-29 13:00:00,92,44,48
2019-07-29 14:00:00,86,43,43
2019-07-29 15:00:00,144,68,76
2019-07-29 16:00:00,222,70,152
2019-07-29 17:00:00,332,76,256
2019-07-29 18:00:00,241,65,176
2019-07-29 19:00:00,120,45,75
2019-07-29 20:00:00,75,38,37
2019-07-29 21:00:00,34,20,14
2019-07-29 22:00:00,26,10,16
2019-07-29 23:00:00,5,0,5
2019-07-30 00:00:00,8,3,5
2019-07-30 01:00:00,2,1,1
2019-07-30 02:00:00,0,0,0
2019-07-30 03:00:00,0,0,0
2019-07-30 04:00:00,3,2,1
2019-07-30 05:00:00,21,9,12
2019-07-30 06:00:00,94,57,37
2019-07-30 07:00:00,183,128,55
2019-07-30 08:00:00,232,183,49
2019-07-30 09:00:00,128,83,45
2019-07-30 10:00:00,61,44,17
2019-07-30 11:00:00,45,24,21
2019-07-30 12:00:00,76,39,37
2019-07-30 13:00:00,60,30,30
2019-07-30 14:00:00,77,47,30
2019-07-30 15:00:00,122,58,64
2019-07-30 16:00:00,220,84,136
2019-07-30 17:00:00,366,95,271
2019-07-30 18:00:00,208,56,152
2019-07-30 19:00:00,134,53,81
2019-07-30 20:00:00,83,42,41
2019-07-30 21:00:00,27,14,13
2019-07-30 22:00:00,19,9,10
2019-07-30 23:00:00,6,0,6
2019-07-31 00:00:00,2,2,0
2019-07-31 01:00:00,1,1,0
2019-07-31 02:00:00,4,2,2
2019-07-31 03:00:00,2,1,1
2019-07-31 04:00:00,3,0,3
2019-07-31 05:00:00,27,11,16
2019-07-31 06:00:00,64,35,29
2019-07-31 07:00:00,181,131,50
2019-07-31 08:00:00,243,189,54
2019-07-31 09:00:00,127,94,33
2019-07-31 10:00:00,71,38,33
2019-07-31 11:00:00,77,39,38
2019-07-31 12:00:00,83,36,47
2019-07-31 13:00:00,83,37,46
2019-07-31 14:00:00,130,66,64
2019-07-31 15:00:00,123,57,66
2019-07-31 16:00:00,230,79,151
2019-07-31 17:00:00,347,104,243
2019-07-31 18:00:00,236,70,166
2019-07-31 19:00:00,124,42,82
2019-07-31 20:00:00,78,33,45
2019-07-31 21:00:00,42,27,15
2019-07-31 22:00:00,21,6,15
2019-07-31 23:00:00,13,4,9
2019-08-01 00:00:00,6,4,2
2019-08-01 01:00:00,1,1,0
2019-08-01 02:00:00,3,0,3
2019-08-01 03:00:00,0,0,0
2019-08-01 04:00:00,3,1,2
2019-08-01 05:00:00,38,18,20
2019-08-01 06:00:00,78,42,36
2019-08-01 07:00:00,181,131,50
2019-08-01 08:00:00,224,175,49
2019-08-01 09:00:00,129,100,29
2019-08-01 10:00:00,72,36,36
2019-08-01 11:00:00,69,40,29
2019-08-01 12:00:00,79,25,54
2019-08-01 13:00:00,74,48,26
2019-08-01 14:00:00,92,47,45
2019-08-01 15:00:00,143,73,70
2019-08-01 16:00:00,220,73,147
2019-08-01 17:00:00,329,94,235
2019-08-01 18:00:00,229,79,150
2019-08-01 19:00:00,108,49,59
2019-08-01 20:00:00,106,34,72
2019-08-01 21:00:00,57,27,30
2019-08-01 22:00:00,15,3,12
2019-08-01 23:00:00,14,5,9
2019-08-02 00:00:00,12,7,5
2019-08-02 01:00:00,6,1,5
2019-08-02 02:00:00,3,2,1
2019-08-02 03:00:00,0,0,0
2019-08-02 04:00:00,1,1,0
2019-08-02 05:00:00,20,8,12
2019-08-02 06:00:00,35,17,18
2019-08-02 07:00:00,109,70,39
2019-08-02 08:00:00,172,119,53
2019-08-02 09:00:00,92,67,25
2019-08-02 10:00:00,62,39,23
2019-08-02 11:00:00,67,33,34
2019-08-02 12:00:00,74,38,36
2019-08-02 13:00:00,70,39,31
2019-08-02 14:00:00,88,33,55
2019-08-02 15:00:00,123,55,68
2019-08-02 16:00:00,181,64,117
2019-08-02 17:00:00,224,61,163
2019-08-02 18:00:00,119,40,79
2019-08-02 19:00:00,85,29,56
2019-08-02 20:00:00,79,38,41
2019-08-02 21:00:00,39,20,19
2019-08-02 22:00:00,23,10,13
2019-08-02 23:00:00,13,4,9
2019-08-03 00:00:00,8,3,5
2019-08-03 01:00:00,14,2,12
2019-08-03 02:00:00,0,0,0
2019-08-03 03:00:00,3,2,1
2019-08-03 04:00:00,5,4,1
2019-08-03 05:00:00,11,3,8
2019-08-03 06:00:00,10,8,2
2019-08-03 07:00:00,27,16,11
2019-08-03 08:00:00,42,19,23
2019-08-03 09:00:00,85,53,32
2019-08-03 10:00:00,142,68,74
2019-08-03 11:00:00,154,85,69
2019-08-03 12:00:00,123,56,67
2019-08-03 13:00:00,134,79,55
2019-08-03 14:00:00,164,76,88
2019-08-03 15:00:00,161,80,81
2019-08-03 16:00:00,151,68,83
2019-08-03 17:00:00,139,67,72
2019-08-03 18:00:00,100,48,52
2019-08-03 19:00:00,71,32,39
2019-08-03 20:00:00,76,34,42
2019-08-03 21:00:00,32,16,16
2019-08-03 22:00:00,32,11,21
2019-08-03 23:00:00,46,10,36
2019-08-04 00:00:00,18,2,16
2019-08-04 01:00:00,15,1,14
2019-08-04 02:00:00,5,1,4
2019-08-04 03:00:00,1,0,1
2019-08-04 04:00:00,3,0,3
2019-08-04 05:00:00,6,4,2
2019-08-04 06:00:00,6,3,3
2019-08-04 07:00:00,32,18,14
2019-08-04 08:00:00,44,20,24
2019-08-04 09:00:00,84,43,41
2019-08-04 10:00:00,112,51,61
2019-08-04 11:00:00,97,52,45
2019-08-04 12:00:00,140,82,58
2019-08-04 13:00:00,193,109,84
2019-08-04 14:00:00,136,64,72
2019-08-04 15:00:00,143,67,76
2019-08-04 16:00:00,175,106,69
2019-08-04 17:00:00,131,64,67
2019-08-04 18:00:00,117,71,46
2019-08-04 19:00:00,76,28,48
2019-08-04 20:00:00,90,31,59
2019-08-04 21:00:00,94,27,67
2019-08-04 22:00:00,26,11,15
2019-08-04 23:00:00,6,2,4
2019-08-05 00:00:00,5,0,5
2019-08-05 01:00:00,9,5,4
2019-08-05 02:00:00,3,1,2
2019-08-05 03:00:00,1,1,0
2019-08-05 04:00:00,1,1,0
2019-08-05 05:00:00,32,16,16
2019-08-05 06:00:00,59,39,20
2019-08-05 07:00:00,195,129,66
2019-08-05 08:00:00,236,178,58
2019-08-05 09:00:00,129,88,41
2019-08-05 10:00:00,75,40,35
2019-08-05 11:00:00,51,29,22
2019-08-05 12:00:00,90,45,45
2019-08-05 13:00:00,79,30,49
2019-08-05 14:00:00,91,49,42
2019-08-05 15:00:00,102,50,52
2019-08-05 16:00:00,188,55,133
2019-08-05 17:00:00,319,80,239
2019-08-05 18:00:00,231,69,162
2019-08-05 19:00:00,108,44,64
2019-08-05 20:00:00,79,44,35
2019-08-05 21:00:00,33,16,17
2019-08-05 22:00:00,10,2,8
2019-08-05 23:00:00,10,4,6
2019-08-06 00:00:00,2,1,1
2019-08-06 01:00:00,3,2,1
2019-08-06 02:00:00,2,0,2
2019-08-06 03:00:00,0,0,0
2019-08-06 04:00:00,0,0,0
2019-08-06 05:00:00,30,13,17
2019-08-06 06:00:00,75,46,29
2019-08-06 07:00:00,180,125,55
2019-08-06 08:00:00,238,182,56
2019-08-06 09:00:00,122,84,38
2019-08-06 10:00:00,47,27,20
2019-08-06 11:00:00,53,32,21
2019-08-06 12:00:00,59,39,20
2019-08-06 13:00:00,69,43,26
2019-08-06 14:00:00,73,35,38
2019-08-06 15:00:00,119,63,56
2019-08-06 16:00:00,197,75,122
2019-08-06 17:00:00,296,86,210
2019-08-06 18:00:00,230,72,158
2019-08-06 19:00:00,136,63,73
2019-08-06 20:00:00,98,50,48
2019-08-06 21:00:00,37,18,19
2019-08-06 22:00:00,19,2,17
2019-08-06 23:00:00,3,0,3
2019-08-07 00:00:00,3,2,1
2019-08-07 01:00:00,4,2,2
2019-08-07 02:00:00,4,0,4
2019-08-07 03:00:00,1,1,0
2019-08-07 04:00:00,0,0,0
2019-08-07 05:00:00,27,11,16
2019-08-07 06:00:00,66,38,28
2019-08-07 07:00:00,179,127,52
2019-08-07 08:00:00,223,161,62
2019-08-07 09:00:00,111,89,22
2019-08-07 10:00:00,59,26,33
2019-08-07 11:00:00,49,24,25
2019-08-07 12:00:00,62,31,31
2019-08-07 13:00:00,73,47,26
2019-08-07 14:00:00,76,44,32
2019-08-07 15:00:00,122,54,68
2019-08-07 16:00:00,208,73,135
2019-08-07 17:00:00,315,91,224
2019-08-07 18:00:00,218,56,162
2019-08-07 19:00:00,132,29,103
2019-08-07 20:00:00,118,51,67
2019-08-07 21:00:00,36,15,21
2019-08-07 22:00:00,9,3,6
2019-08-07 23:00:00,4,1,3
2019-08-08 00:00:00,6,5,1
2019-08-08 01:00:00,3,1,2
2019-08-08 02:00:00,1,0,1
2019-08-08 03:00:00,0,0,0
2019-08-08 04:00:00,2,0,2
2019-08-08 05:00:00,23,11,12
2019-08-08 06:00:00,79,48,31
2019-08-08 07:00:00,165,107,58
2019-08-08 08:00:00,171,135,36
2019-08-08 09:00:00,122,92,30
2019-08-08 10:00:00,77,44,33
2019-08-08 11:00:00,57,22,35
2019-08-08 12:00:00,79,34,45
2019-08-08 13:00:00,69,36,33
2019-08-08 14:00:00,84,48,36
2019-08-08 15:00:00,115,42,73
2019-08-08 16:00:00,185,60,125
2019-08-08 17:00:00,269,78,191
2019-08-08 18:00:00,200,58,142
2019-08-08 19:00:00,93,32,61
2019-08-08 20:00:00,63,26,37
2019-08-08 21:00:00,36,15,21
2019-08-08 22:00:00,44,10,34
2019-08-08 23:00:00,13,2,11
2019-08-09 00:00:00,4,3,1
2019-08-09 01:00:00,4,1,3
2019-08-09 02:00:00,1,0,1
2019-08-09 03:00:00,1,0,1
2019-08-09 04:00:00,0,0,0
2019-08-09 05:00:00,24,9,15
2019-08-09 06:00:00,38,23,15
2019-08-09 07:00:00,139,93,46
2019-08-09 08:00:00,155,118,37
2019-08-09 09:00:00,117,85,32
2019-08-09 10:00:00,93,50,43
2019-08-09 11:00:00,64,39,25
2019-08-09 12:00:00,76,34,42
2019-08-09 13:00:00,104,59,45
2019-08-09 14:00:00,112,55,57
2019-08-09 15:00:00,154,79,75
2019-08-09 16:00:00,196,65,131
2019-08-09 17:00:00,260,62,198
2019-08-09 18:00:00,131,43,88
2019-08-09 19:00:00,95,40,55
2019-08-09 20:00:00,52,25,27
2019-08-09 21:00:00,25,8,17
2019-08-09 22:00:00,22,11,11
2019-08-09 23:00:00,12,2,10
2019-08-10 00:00:00,3,1,2
2019-08-10 01:00:00,3,1,2
2019-08-10 02:00:00,2,0,2
2019-08-10 03:00:00,0,0,0
2019-08-10 04:00:00,2,0,2
2019-08-10 05:00:00,6,2,4
2019-08-10 06:00:00,1,0,1
2019-08-10 07:00:00,6,2,4
2019-08-10 08:00:00,5,1,4
2019-08-10 09:00:00,9,5,4
2019-08-10 10:00:00,39,13,26
2019-08-10 11:00:00,59,33,26
2019-08-10 12:00:00,142,73,69
2019-08-10 13:00:00,106,60,46
2019-08-10 14:00:00,114,62,52
2019-08-10 15:00:00,189,79,110
2019-08-10 16:00:00,143,70,73
2019-08-10 17:00:00,133,68,65
2019-08-10 18:00:00,97,45,52
2019-08-10 19:00:00,78,37,41
2019-08-10 20:00:00,54,24,30
2019-08-10 21:00:00,25,5,20
2019-08-10 22:00:00,45,24,21
2019-08-10 23:00:00,14,5,9
2019-08-11 00:00:00,9,3,6
2019-08-11 01:00:00,1,0,1
2019-08-11 02:00:00,3,1,2
2019-08-11 03:00:00,1,1,0
2019-08-11 04:00:00,0,0,0
2019-08-11 05:00:00,4,2,2
2019-08-11 06:00:00,8,3,5
2019-08-11 07:00:00,22,12,10
2019-08-11 08:00:00,22,11,11
2019-08-11 09:00:00,63,26,37
2019-08-11 10:00:00,75,40,35
2019-08-11 11:00:00,89,45,44
2019-08-11 12:00:00,112,56,56
2019-08-11 13:00:00,134,64,70
2019-08-11 14:00:00,146,63,83
2019-08-11 15:00:00,132,72,60
2019-08-11 16:00:00,136,52,84
2019-08-11 17:00:00,92,44,48
2019-08-11 18:00:00,63,28,35
2019-08-11 19:00:00,51,27,24
2019-08-11 20:00:00,45,18,27
2019-08-11 21:00:00,23,15,8
2019-08-11 22:00:00,15,10,5
2019-08-11 23:00:00,8,3,5
2019-08-12 00:00:00,3,1,2
2019-08-12 01:00:00,2,1,1
2019-08-12 02:00:00,1,0,1
2019-08-12 03:00:00,0,0,0
2019-08-12 04:00:00,2,2,0
2019-08-12 05:00:00,19,7,12
2019-08-12 06:00:00,77,43,34
2019-08-12 07:00:00,174,119,55
2019-08-12 08:00:00,248,173,75
2019-08-12 09:00:00,146,94,52
2019-08-12 10:00:00,95,48,47
2019-08-12 11:00:00,94,54,40
2019-08-12 12:00:00,99,49,50
2019-08-12 13:00:00,108,45,63
2019-08-12 14:00:00,108,54,54
2019-08-12 15:00:00,130,65,65
2019-08-12 16:00:00,192,91,101
2019-08-12 17:00:00,305,74,231
2019-08-12 18:00:00,222,63,159
2019-08-12 19:00:00,141,55,86
2019-08-12 20:00:00,80,43,37
2019-08-12 21:00:00,36,20,16
2019-08-12 22:00:00,14,2,12
2019-08-12 23:00:00,14,6,8
2019-08-13 00:00:00,16,12,4
2019-08-13 01:00:00,12,6,6
2019-08-13 02:00:00,5,0,5
2019-08-13 03:00:00,0,0,0
2019-08-13 04:00:00,10,3,7
2019-08-13 05:00:00,23,11,12
2019-08-13 06:00:00,93,54,39
2019-08-13 07:00:00,187,132,55
2019-08-13 08:00:00,276,171,105
2019-08-13 09:00:00,171,112,59
2019-08-13 10:00:00,75,56,19
2019-08-13 11:00:00,72,27,45
2019-08-13 12:00:00,84,35,49
2019-08-13 13:00:00,96,38,58
2019-08-13 14:00:00,121,60,61
2019-08-13 15:00:00,175,77,98
2019-08-13 16:00:00,231,105,126
2019-08-13 17:00:00,317,93,224
2019-08-13 18:00:00,210,67,143
2019-08-13 19:00:00,124,54,70
2019-08-13 20:00:00,90,49,41
2019-08-13 21:00:00,36,13,23
2019-08-13 22:00:00,30,10,20
2019-08-13 23:00:00,12,6,6
2019-08-14 00:00:00,5,3,2
2019-08-14 01:00:00,8,4,4
2019-08-14 02:00:00,3,0,3
2019-08-14 03:00:00,0,0,0
2019-08-14 04:00:00,3,1,2
2019-08-14 05:00:00,22,16,6
2019-08-14 06:00:00,88,48,40
2019-08-14 07:00:00,181,118,63
2019-08-14 08:00:00,227,166,61
2019-08-14 09:00:00,150,94,56
2019-08-14 10:00:00,109,57,52
2019-08-14 11:00:00,76,44,32
2019-08-14 12:00:00,71,42,29
2019-08-14 13:00:00,121,57,64
2019-08-14 14:00:00,139,49,90
2019-08-14 15:00:00,146,77,69
2019-08-14 16:00:00,224,84,140
2019-08-14 17:00:00,337,86,251
2019-08-14 18:00:00,234,88,146
2019-08-14 19:00:00,157,78,79
2019-08-14 20:00:00,97,46,51
2019-08-14 21:00:00,38,25,13
2019-08-14 22:00:00,22,8,14
2019-08-14 23:00:00,45,5,40
2019-08-15 00:00:00,24,4,20
2019-08-15 01:00:00,15,8,7
2019-08-15 02:00:00,6,6,0
2019-08-15 03:00:00,6,2,4
2019-08-15 04:00:00,0,0,0
2019-08-15 05:00:00,20,11,9
2019-08-15 06:00:00,70,36,34
2019-08-15 07:00:00,167,110,57
2019-08-15 08:00:00,204,143,61
2019-08-15 09:00:00,157,86,71
2019-08-15 10:00:00,80,39,41
2019-08-15 11:00:00,109,49,60
2019-08-15 12:00:00,90,57,33
2019-08-15 13:00:00,166,76,90
2019-08-15 14:00:00,142,62,80
2019-08-15 15:00:00,187,113,74
2019-08-15 16:00:00,236,93,143
2019-08-15 17:00:00,298,102,196
2019-08-15 18:00:00,196,69,127
2019-08-15 19:00:00,126,42,84
2019-08-15 20:00:00,85,48,37
2019-08-15 21:00:00,32,10,22
2019-08-15 22:00:00,23,7,16
2019-08-15 23:00:00,17,12,5
2019-08-16 00:00:00,15,11,4
2019-08-16 01:00:00,14,6,8
2019-08-16 02:00:00,4,0,4
2019-08-16 03:00:00,0,0,0
2019-08-16 04:00:00,1,1,0
2019-08-16 05:00:00,34,21,13
2019-08-16 06:00:00,42,16,26
2019-08-16 07:00:00,125,59,66
2019-08-16 08:00:00,167,86,81
2019-08-16 09:00:00,138,84,54
2019-08-16 10:00:00,144,83,61
2019-08-16 11:00:00,140,80,60
2019-08-16 12:00:00,101,37,64
2019-08-16 13:00:00,86,33,53
2019-08-16 14:00:00,79,28,51
2019-08-16 15:00:00,90,40,50
2019-08-16 16:00:00,107,49,58
2019-08-16 17:00:00,96,41,55
2019-08-16 18:00:00,96,41,55
2019-08-16 19:00:00,85,55,30
2019-08-16 20:00:00,101,85,16
2019-08-16 21:00:00,52,28,24
2019-08-16 22:00:00,36,23,13
2019-08-16 23:00:00,20,14,6
2019-08-17 00:00:00,8,8,0
2019-08-17 01:00:00,3,3,0
2019-08-17 02:00:00,7,4,3
2019-08-17 03:00:00,1,0,1
2019-08-17 04:00:00,0,0,0
2019-08-17 05:00:00,7,6,1
2019-08-17 06:00:00,39,31,8
2019-08-17 07:00:00,25,9,16
2019-08-17 08:00:00,58,29,29
2019-08-17 09:00:00,126,69,57
2019-08-17 10:00:00,116,39,77
2019-08-17 11:00:00,90,41,49
2019-08-17 12:00:00,107,53,54
2019-08-17 13:00:00,114,50,64
2019-08-17 14:00:00,109,50,59
2019-08-17 15:00:00,122,67,55
2019-08-17 16:00:00,75,31,44
2019-08-17 17:00:00,83,51,32
2019-08-17 18:00:00,73,31,42
2019-08-17 19:00:00,95,59,36
2019-08-17 20:00:00,149,117,32
2019-08-17 21:00:00,23,10,13
2019-08-17 22:00:00,16,12,4
2019-08-17 23:00:00,5,2,3
2019-08-18 00:00:00,12,6,6
2019-08-18 01:00:00,6,3,3
2019-08-18 02:00:00,14,7,7
2019-08-18 03:00:00,0,0,0
2019-08-18 04:00:00,0,0,0
2019-08-18 05:00:00,19,10,9
2019-08-18 06:00:00,25,22,3
2019-08-18 07:00:00,19,7,12
2019-08-18 08:00:00,76,19,57
2019-08-18 09:00:00,79,57,22
2019-08-18 10:00:00,65,22,43
2019-08-18 11:00:00,89,37,52
2019-08-18 12:00:00,97,30,67
2019-08-18 13:00:00,90,33,57
2019-08-18 14:00:00,121,52,69
2019-08-18 15:00:00,109,49,60
2019-08-18 16:00:00,99,53,46
2019-08-18 17:00:00,89,36,53
2019-08-18 18:00:00,104,61,43
2019-08-18 19:00:00,78,49,29
2019-08-18 20:00:00,126,96,30
2019-08-18 21:00:00,168,43,125
2019-08-18 22:00:00,71,43,28
2019-08-18 23:00:00,49,27,22
2019-08-19 00:00:00,24,17,7
2019-08-19 01:00:00,21,16,5
2019-08-19 02:00:00,9,0,9
2019-08-19 03:00:00,13,5,8
2019-08-19 04:00:00,7,3,4
2019-08-19 05:00:00,19,6,13
2019-08-19 06:00:00,52,33,19
2019-08-19 07:00:00,161,117,44
2019-08-19 08:00:00,258,167,91
2019-08-19 09:00:00,117,79,38
2019-08-19 10:00:00,94,48,46
2019-08-19 11:00:00,70,44,26
2019-08-19 12:00:00,64,24,40
2019-08-19 13:00:00,86,45,41
2019-08-19 14:00:00,82,45,37
2019-08-19 15:00:00,101,52,49
2019-08-19 16:00:00,201,77,124
2019-08-19 17:00:00,312,82,230
2019-08-19 18:00:00,229,73,156
2019-08-19 19:00:00,114,43,71
2019-08-19 20:00:00,63,32,31
2019-08-19 21:00:00,19,8,11
2019-08-19 22:00:00,8,5,3
2019-08-19 23:00:00,10,7,3
2019-08-20 00:00:00,4,2,2
2019-08-20 01:00:00,2,1,1
2019-08-20 02:00:00,1,0,1
2019-08-20 03:00:00,4,4,0
2019-08-20 04:00:00,4,1,3
2019-08-20 05:00:00,30,17,13
2019-08-20 06:00:00,74,42,32
2019-08-20 07:00:00,213,149,64
2019-08-20 08:00:00,222,164,58
2019-08-20 09:00:00,123,77,46
2019-08-20 10:00:00,82,46,36
2019-08-20 11:00:00,96,52,44
2019-08-20 12:00:00,83,40,43
2019-08-20 13:00:00,97,52,45
2019-08-20 14:00:00,89,55,34
2019-08-20 15:00:00,156,59,97
2019-08-20 16:00:00,223,69,154
2019-08-20 17:00:00,329,86,243
2019-08-20 18:00:00,217,69,148
2019-08-20 19:00:00,105,46,59
2019-08-20 20:00:00,73,29,44
2019-08-20 21:00:00,24,9,15
2019-08-20 22:00:00,45,13,32
2019-08-20 23:00:00,18,1,17
2019-08-21 00:00:00,3,2,1
2019-08-21 01:00:00,6,1,5
2019-08-21 02:00:00,8,3,5
2019-08-21 03:00:00,0,0,0
2019-08-21 04:00:00,10,2,8
2019-08-21 05:00:00,24,10,14
2019-08-21 06:00:00,53,30,23
2019-08-21 07:00:00,101,59,42
2019-08-21 08:00:00,111,81,30
2019-08-21 09:00:00,63,29,34
2019-08-21 10:00:00,30,16,14
2019-08-21 11:00:00,32,23,9
2019-08-21 12:00:00,30,17,13
2019-08-21 13:00:00,43,16,27
2019-08-21 14:00:00,61,35,26
2019-08-21 15:00:00,80,48,32
2019-08-21 16:00:00,84,27,57
2019-08-21 17:00:00,150,44,106
2019-08-21 18:00:00,89,37,52
2019-08-21 19:00:00,64,37,27
2019-08-21 20:00:00,15,8,7
2019-08-21 21:00:00,18,6,12
2019-08-21 22:00:00,5,3,2
2019-08-21 23:00:00,2,0,2
2019-08-22 00:00:00,6,3,3
2019-08-22 01:00:00,2,1,1
2019-08-22 02:00:00,2,0,2
2019-08-22 03:00:00,0,0,0
2019-08-22 04:00:00,2,1,1
2019-08-22 05:00:00,17,8,9
2019-08-22 06:00:00,54,35,19
2019-08-22 07:00:00,168,102,66
2019-08-22 08:00:00,202,153,49
2019-08-22 09:00:00,127,81,46
2019-08-22 10:00:00,60,33,27
2019-08-22 11:00:00,50,22,28
2019-08-22 12:00:00,60,31,29
2019-08-22 13:00:00,59,35,24
2019-08-22 14:00:00,87,37,50
2019-08-22 15:00:00,157,57,100
2019-08-22 16:00:00,191,63,128
2019-08-22 17:00:00,323,105,218
2019-08-22 18:00:00,183,59,124
2019-08-22 19:00:00,131,58,73
2019-08-22 20:00:00,62,25,37
2019-08-22 21:00:00,22,11,11
2019-08-22 22:00:00,9,4,5
2019-08-22 23:00:00,14,9,5
2019-08-23 00:00:00,3,3,0
2019-08-23 01:00:00,6,3,3
2019-08-23 02:00:00,1,0,1
2019-08-23 03:00:00,3,0,3
2019-08-23 04:00:00,2,1,1
2019-08-23 05:00:00,22,11,11
2019-08-23 06:00:00,58,29,29
2019-08-23 07:00:00,127,76,51
2019-08-23 08:00:00,166,125,41
2019-08-23 09:00:00,98,76,22
2019-08-23 10:00:00,67,42,25
2019-08-23 11:00:00,68,29,39
2019-08-23 12:00:00,70,28,42
2019-08-23 13:00:00,76,28,48
2019-08-23 14:00:00,104,60,44
2019-08-23 15:00:00,135,60,75
2019-08-23 16:00:00,173,61,112
2019-08-23 17:00:00,222,50,172
2019-08-23 18:00:00,136,44,92
2019-08-23 19:00:00,83,38,45
2019-08-23 20:00:00,32,20,12
2019-08-23 21:00:00,16,2,14
2019-08-23 22:00:00,21,11,10
2019-08-23 23:00:00,12,9,3
2019-08-24 00:00:00,18,7,11
2019-08-24 01:00:00,4,4,0
2019-08-24 02:00:00,6,0,6
2019-08-24 03:00:00,1,0,1
2019-08-24 04:00:00,0,0,0
2019-08-24 05:00:00,3,2,1
2019-08-24 06:00:00,13,5,8
2019-08-24 07:00:00,24,10,14
2019-08-24 08:00:00,59,23,36
2019-08-24 09:00:00,57,37,20
2019-08-24 10:00:00,98,41,57
2019-08-24 11:00:00,115,56,59
2019-08-24 12:00:00,119,47,72
2019-08-24 13:00:00,154,84,70
2019-08-24 14:00:00,164,79,85
2019-08-24 15:00:00,155,67,88
2019-08-24 16:00:00,124,65,59
2019-08-24 17:00:00,132,55,77
2019-08-24 18:00:00,93,45,48
2019-08-24 19:00:00,72,46,26
2019-08-24 20:00:00,24,11,13
2019-08-24 21:00:00,13,7,6
2019-08-24 22:00:00,37,6,31
2019-08-24 23:00:00,14,1,13
2019-08-25 00:00:00,9,2,7
2019-08-25 01:00:00,4,3,1
2019-08-25 02:00:00,3,1,2
2019-08-25 03:00:00,1,1,0
2019-08-25 04:00:00,2,0,2
2019-08-25 05:00:00,4,3,1
2019-08-25 06:00:00,6,2,4
2019-08-25 07:00:00,15,10,5
2019-08-25 08:00:00,21,12,9
2019-08-25 09:00:00,85,43,42
2019-08-25 10:00:00,95,41,54
2019-08-25 11:00:00,126,52,74
2019-08-25 12:00:00,130,78,52
2019-08-25 13:00:00,152,76,76
2019-08-25 14:00:00,177,86,91
2019-08-25 15:00:00,151,81,70
2019-08-25 16:00:00,168,79,89
2019-08-25 17:00:00,122,54,68
2019-08-25 18:00:00,116,59,57
2019-08-25 19:00:00,97,38,59
2019-08-25 20:00:00,60,26,34
2019-08-25 21:00:00,28,12,16
2019-08-25 22:00:00,3,1,2
2019-08-25 23:00:00,2,0,2
2019-08-26 00:00:00,6,1,5
2019-08-26 01:00:00,2,1,1
2019-08-26 02:00:00,1,1,0
2019-08-26 03:00:00,1,0,1
2019-08-26 04:00:00,0,0,0
2019-08-26 05:00:00,22,11,11
2019-08-26 06:00:00,69,37,32
2019-08-26 07:00:00,176,117,59
2019-08-26 08:00:00,253,190,63
2019-08-26 09:00:00,123,89,34
2019-08-26 10:00:00,81,46,35
2019-08-26 11:00:00,72,36,36
2019-08-26 12:00:00,74,39,35
2019-08-26 13:00:00,79,31,48
2019-08-26 14:00:00,96,46,50
2019-08-26 15:00:00,104,47,57
2019-08-26 16:00:00,193,78,115
2019-08-26 17:00:00,279,62,217
2019-08-26 18:00:00,199,66,133
2019-08-26 19:00:00,100,28,72
2019-08-26 20:00:00,61,31,30
2019-08-26 21:00:00,21,9,12
2019-08-26 22:00:00,11,0,11
2019-08-26 23:00:00,3,2,1
2019-08-27 00:00:00,4,3,1
2019-08-27 01:00:00,2,2,0
2019-08-27 02:00:00,1,0,1
2019-08-27 03:00:00,2,0,2
2019-08-27 04:00:00,4,2,2
2019-08-27 05:00:00,26,11,15
2019-08-27 06:00:00,93,57,36
2019-08-27 07:00:00,213,164,49
2019-08-27 08:00:00,251,208,43
2019-08-27 09:00:00,127,82,45
2019-08-27 10:00:00,63,34,29
2019-08-27 11:00:00,57,21,36
2019-08-27 12:00:00,75,34,41
2019-08-27 13:00:00,76,38,38
2019-08-27 14:00:00,95,45,50
2019-08-27 15:00:00,115,54,61
2019-08-27 16:00:00,238,94,144
2019-08-27 17:00:00,329,83,246
2019-08-27 18:00:00,222,65,157
2019-08-27 19:00:00,92,35,57
2019-08-27 20:00:00,40,18,22
2019-08-27 21:00:00,28,11,17
2019-08-27 22:00:00,13,1,12
2019-08-27 23:00:00,0,0,0
2019-08-28 00:00:00,5,3,2
2019-08-28 01:00:00,6,2,4
2019-08-28 02:00:00,1,0,1
2019-08-28 03:00:00,3,0,3
2019-08-28 04:00:00,4,3,1
2019-08-28 05:00:00,22,8,14
2019-08-28 06:00:00,73,43,30
2019-08-28 07:00:00,171,124,47
2019-08-28 08:00:00,221,177,44
2019-08-28 09:00:00,128,88,40
2019-08-28 10:00:00,57,29,28
2019-08-28 11:00:00,57,28,29
2019-08-28 12:00:00,90,55,35
2019-08-28 13:00:00,72,35,37
2019-08-28 14:00:00,68,42,26
2019-08-28 15:00:00,108,50,58
2019-08-28 16:00:00,211,68,143
2019-08-28 17:00:00,311,78,233
2019-08-28 18:00:00,195,64,131
2019-08-28 19:00:00,192,40,152
2019-08-28 20:00:00,84,28,56
2019-08-28 21:00:00,30,5,25
2019-08-28 22:00:00,17,6,11
2019-08-28 23:00:00,11,4,7
2019-08-29 00:00:00,3,2,1
2019-08-29 01:00:00,9,4,5
2019-08-29 02:00:00,3,1,2
2019-08-29 03:00:00,2,1,1
2019-08-29 04:00:00,3,2,1
2019-08-29 05:00:00,29,12,17
2019-08-29 06:00:00,74,48,26
2019-08-29 07:00:00,178,119,59
2019-08-29 08:00:00,198,150,48
2019-08-29 09:00:00,132,96,36
2019-08-29 10:00:00,61,35,26
2019-08-29 11:00:00,63,36,27
2019-08-29 12:00:00,47,29,18
2019-08-29 13:00:00,74,32,42
2019-08-29 14:00:00,85,30,55
2019-08-29 15:00:00,124,50,74
2019-08-29 16:00:00,199,65,134
2019-08-29 17:00:00,248,54,194
2019-08-29 18:00:00,125,36,89
2019-08-29 19:00:00,39,11,28
2019-08-29 20:00:00,8,2,6
2019-08-29 21:00:00,18,6,12
2019-08-29 22:00:00,17,5,12
2019-08-29 23:00:00,4,0,4
2019-08-30 00:00:00,2,2,0
2019-08-30 01:00:00,3,1,2
2019-08-30 02:00:00,3,0,3
2019-08-30 03:00:00,1,1,0
2019-08-30 04:00:00,2,2,0
2019-08-30 05:00:00,21,7,14
2019-08-30 06:00:00,54,31,23
2019-08-30 07:00:00,126,83,43
2019-08-30 08:00:00,140,107,33
2019-08-30 09:00:00,95,61,34
2019-08-30 10:00:00,84,49,35
2019-08-30 11:00:00,61,31,30
2019-08-30 12:00:00,72,35,37
2019-08-30 13:00:00,118,46,72
2019-08-30 14:00:00,109,42,67
2019-08-30 15:00:00,156,70,86
2019-08-30 16:00:00,187,57,130
2019-08-30 17:00:00,182,46,136
2019-08-30 18:00:00,115,42,73
2019-08-30 19:00:00,63,31,32
2019-08-30 20:00:00,29,17,12
2019-08-30 21:00:00,19,12,7
2019-08-30 22:00:00,19,7,12
2019-08-30 23:00:00,10,5,5
2019-08-31 00:00:00,7,3,4
2019-08-31 01:00:00,2,1,1
2019-08-31 02:00:00,4,1,3
2019-08-31 03:00:00,1,0,1
2019-08-31 04:00:00,5,3,2
2019-08-31 05:00:00,3,2,1
2019-08-31 06:00:00,12,6,6
2019-08-31 07:00:00,22,14,8
2019-08-31 08:00:00,47,22,25
2019-08-31 09:00:00,54,28,26
2019-08-31 10:00:00,107,47,60
2019-08-31 11:00:00,126,64,62
2019-08-31 12:00:00,113,65,48
2019-08-31 13:00:00,175,87,88
2019-08-31 14:00:00,120,48,72
2019-08-31 15:00:00,125,66,59
2019-08-31 16:00:00,104,43,61
2019-08-31 17:00:00,97,50,47
2019-08-31 18:00:00,116,60,56
2019-08-31 19:00:00,59,28,31
2019-08-31 20:00:00,33,16,17
2019-08-31 21:00:00,17,9,8
2019-08-31 22:00:00,16,6,10
2019-08-31 23:00:00,5,2,3
2019-09-01 00:00:00,3,1,2
2019-09-01 01:00:00,2,1,1
2019-09-01 02:00:00,3,0,3
2019-09-01 03:00:00,11,5,6
2019-09-01 04:00:00,3,2,1
2019-09-01 05:00:00,2,2,0
2019-09-01 06:00:00,9,3,6
2019-09-01 07:00:00,23,12,11
2019-09-01 08:00:00,33,17,16
2019-09-01 09:00:00,70,36,34
2019-09-01 10:00:00,108,52,56
2019-09-01 11:00:00,132,66,66
2019-09-01 12:00:00,120,62,58
2019-09-01 13:00:00,146,69,77
2019-09-01 14:00:00,206,119,87
2019-09-01 15:00:00,150,76,74
2019-09-01 16:00:00,133,53,80
2019-09-01 17:00:00,125,57,68
2019-09-01 18:00:00,166,47,119
2019-09-01 19:00:00,118,53,65
2019-09-01 20:00:00,49,18,31
2019-09-01 21:00:00,27,13,14
2019-09-01 22:00:00,11,5,6
2019-09-01 23:00:00,14,2,12
2019-09-02 00:00:00,8,7,1
2019-09-02 01:00:00,6,2,4
2019-09-02 02:00:00,6,4,2
2019-09-02 03:00:00,0,0,0
2019-09-02 04:00:00,0,0,0
2019-09-02 05:00:00,4,3,1
2019-09-02 06:00:00,3,0,3
2019-09-02 07:00:00,17,8,9
2019-09-02 08:00:00,38,17,21
2019-09-02 09:00:00,87,50,37
2019-09-02 10:00:00,116,66,50
2019-09-02 11:00:00,132,79,53
2019-09-02 12:00:00,185,77,108
2019-09-02 13:00:00,174,94,80
2019-09-02 14:00:00,179,70,109
2019-09-02 15:00:00,168,64,104
2019-09-02 16:00:00,162,65,97
2019-09-02 17:00:00,131,62,69
2019-09-02 18:00:00,93,41,52
2019-09-02 19:00:00,79,26,53
2019-09-02 20:00:00,32,16,16
2019-09-02 21:00:00,14,4,10
2019-09-02 22:00:00,13,5,8
2019-09-02 23:00:00,6,1,5
2019-09-03 00:00:00,7,3,4
2019-09-03 01:00:00,5,3,2
2019-09-03 02:00:00,1,0,1
2019-09-03 03:00:00,1,1,0
2019-09-03 04:00:00,2,0,2
2019-09-03 05:00:00,18,4,14
2019-09-03 06:00:00,77,35,42
2019-09-03 07:00:00,205,137,68
2019-09-03 08:00:00,244,190,54
2019-09-03 09:00:00,129,93,36
2019-09-03 10:00:00,65,42,23
2019-09-03 11:00:00,48,24,24
2019-09-03 12:00:00,64,36,28
2019-09-03 13:00:00,58,27,31
2019-09-03 14:00:00,69,37,32
2019-09-03 15:00:00,126,62,64
2019-09-03 16:00:00,221,80,141
2019-09-03 17:00:00,315,84,231
2019-09-03 18:00:00,190,48,142
2019-09-03 19:00:00,119,45,74
2019-09-03 20:00:00,37,22,15
2019-09-03 21:00:00,19,7,12
2019-09-03 22:00:00,6,3,3
2019-09-03 23:00:00,2,1,1
2019-09-04 00:00:00,9,1,8
2019-09-04 01:00:00,4,1,3
2019-09-04 02:00:00,3,2,1
2019-09-04 03:00:00,1,0,1
2019-09-04 04:00:00,1,0,1
2019-09-04 05:00:00,26,11,15
2019-09-04 06:00:00,81,56,25
2019-09-04 07:00:00,178,122,56
2019-09-04 08:00:00,255,193,62
2019-09-04 09:00:00,122,93,29
2019-09-04 10:00:00,39,24,15
2019-09-04 11:00:00,39,28,11
2019-09-04 12:00:00,43,18,25
2019-09-04 13:00:00,48,24,24
2019-09-04 14:00:00,88,45,43
2019-09-04 15:00:00,106,46,60
2019-09-04 16:00:00,201,77,124
2019-09-04 17:00:00,292,74,218
2019-09-04 18:00:00,199,44,155
2019-09-04 19:00:00,102,42,60
2019-09-04 20:00:00,42,18,24
2019-09-04 21:00:00,38,19,19
2019-09-04 22:00:00,15,5,10
2019-09-04 23:00:00,5,2,3
2019-09-05 00:00:00,1,1,0
2019-09-05 01:00:00,1,0,1
2019-09-05 02:00:00,1,0,1
2019-09-05 03:00:00,0,0,0
2019-09-05 04:00:00,2,2,0
2019-09-05 05:00:00,17,4,13
2019-09-05 06:00:00,73,37,36
2019-09-05 07:00:00,195,135,60
2019-09-05 08:00:00,209,162,47
2019-09-05 09:00:00,131,98,33
2019-09-05 10:00:00,65,33,32
2019-09-05 11:00:00,60,27,33
2019-09-05 12:00:00,64,36,28
2019-09-05 13:00:00,53,35,18
2019-09-05 14:00:00,78,29,49
2019-09-05 15:00:00,103,43,60
2019-09-05 16:00:00,184,51,133
2019-09-05 17:00:00,279,69,210
2019-09-05 18:00:00,208,62,146
2019-09-05 19:00:00,89,43,46
2019-09-05 20:00:00,45,14,31
2019-09-05 21:00:00,19,9,10
2019-09-05 22:00:00,9,5,4
2019-09-05 23:00:00,5,1,4
2019-09-06 00:00:00,2,1,1
2019-09-06 01:00:00,1,0,1
2019-09-06 02:00:00,3,2,1
2019-09-06 03:00:00,3,0,3
2019-09-06 04:00:00,0,0,0
2019-09-06 05:00:00,23,15,8
2019-09-06 06:00:00,69,38,31
2019-09-06 07:00:00,167,124,43
2019-09-06 08:00:00,180,135,45
2019-09-06 09:00:00,125,80,45
2019-09-06 10:00:00,74,43,31
2019-09-06 11:00:00,64,25,39
2019-09-06 12:00:00,70,39,31
2019-09-06 13:00:00,85,35,50
2019-09-06 14:00:00,106,47,59
2019-09-06 15:00:00,119,52,67
2019-09-06 16:00:00,201,82,119
2019-09-06 17:00:00,291,62,229
2019-09-06 18:00:00,145,47,98
2019-09-06 19:00:00,74,19,55
2019-09-06 20:00:00,47,20,27
2019-09-06 21:00:00,18,8,10
2019-09-06 22:00:00,28,11,17
2019-09-06 23:00:00,10,5,5
2019-09-07 00:00:00,31,27,4
2019-09-07 01:00:00,6,2,4
2019-09-07 02:00:00,2,2,0
2019-09-07 03:00:00,1,0,1
2019-09-07 04:00:00,1,1,0
2019-09-07 05:00:00,4,3,1
2019-09-07 06:00:00,10,3,7
2019-09-07 07:00:00,22,12,10
2019-09-07 08:00:00,75,36,39
2019-09-07 09:00:00,86,40,46
2019-09-07 10:00:00,143,75,68
2019-09-07 11:00:00,197,124,73
2019-09-07 12:00:00,139,69,70
2019-09-07 13:00:00,118,73,45
2019-09-07 14:00:00,130,60,70
2019-09-07 15:00:00,115,52,63
2019-09-07 16:00:00,118,59,59
2019-09-07 17:00:00,113,49,64
2019-09-07 18:00:00,57,30,27
2019-09-07 19:00:00,47,26,21
2019-09-07 20:00:00,3,3,0
2019-09-07 21:00:00,4,1,3
2019-09-07 22:00:00,4,2,2
2019-09-07 23:00:00,2,0,2
2019-09-08 00:00:00,0,0,0
2019-09-08 01:00:00,1,0,1
2019-09-08 02:00:00,0,0,0
2019-09-08 03:00:00,1,0,1
2019-09-08 04:00:00,1,1,0
2019-09-08 05:00:00,3,1,2
2019-09-08 06:00:00,4,1,3
2019-09-08 07:00:00,16,7,9
2019-09-08 08:00:00,34,20,14
2019-09-08 09:00:00,53,21,32
2019-09-08 10:00:00,56,29,27
2019-09-08 11:00:00,81,48,33
2019-09-08 12:00:00,79,49,30
2019-09-08 13:00:00,75,31,44
2019-09-08 14:00:00,86,43,43
2019-09-08 15:00:00,65,32,33
2019-09-08 16:00:00,96,39,57
2019-09-08 17:00:00,84,32,52
2019-09-08 18:00:00,59,32,27
2019-09-08 19:00:00,33,18,15
2019-09-08 20:00:00,18,7,11
2019-09-08 21:00:00,22,7,15
2019-09-08 22:00:00,2,1,1
2019-09-08 23:00:00,0,0,0
2019-09-09 00:00:00,1,0,1
2019-09-09 01:00:00,1,1,0
2019-09-09 02:00:00,0,0,0
2019-09-09 03:00:00,1,0,1
2019-09-09 04:00:00,1,1,0
2019-09-09 05:00:00,21,6,15
2019-09-09 06:00:00,44,22,22
2019-09-09 07:00:00,131,87,44
2019-09-09 08:00:00,185,144,41
2019-09-09 09:00:00,84,71,13
2019-09-09 10:00:00,58,19,39
2019-09-09 11:00:00,29,18,11
2019-09-09 12:00:00,31,22,9
2019-09-09 13:00:00,25,7,18
2019-09-09 14:00:00,39,23,16
2019-09-09 15:00:00,61,32,29
2019-09-09 16:00:00,120,46,74
2019-09-09 17:00:00,198,37,161
2019-09-09 18:00:00,108,27,81
2019-09-09 19:00:00,45,17,28
2019-09-09 20:00:00,20,6,14
2019-09-09 21:00:00,13,2,11
2019-09-09 22:00:00,10,6,4
2019-09-09 23:00:00,1,0,1
2019-09-10 00:00:00,4,1,3
2019-09-10 01:00:00,3,0,3
2019-09-10 02:00:00,2,0,2
2019-09-10 03:00:00,0,0,0
2019-09-10 04:00:00,2,2,0
2019-09-10 05:00:00,21,10,11
2019-09-10 06:00:00,59,31,28
2019-09-10 07:00:00,119,75,44
2019-09-10 08:00:00,156,107,49
2019-09-10 09:00:00,97,61,36
2019-09-10 10:00:00,45,27,18
2019-09-10 11:00:00,44,25,19
2019-09-10 12:00:00,46,19,27
2019-09-10 13:00:00,76,28,48
2019-09-10 14:00:00,87,46,41
2019-09-10 15:00:00,98,45,53
2019-09-10 16:00:00,136,55,81
2019-09-10 17:00:00,272,87,185
2019-09-10 18:00:00,189,72,117
2019-09-10 19:00:00,83,36,47
2019-09-10 20:00:00,49,24,25
2019-09-10 21:00:00,19,9,10
2019-09-10 22:00:00,4,2,2
2019-09-10 23:00:00,3,0,3
2019-09-11 00:00:00,4,3,1
2019-09-11 01:00:00,7,2,5
2019-09-11 02:00:00,1,0,1
2019-09-11 03:00:00,1,1,0
2019-09-11 04:00:00,0,0,0
2019-09-11 05:00:00,34,12,22
2019-09-11 06:00:00,61,33,28
2019-09-11 07:00:00,192,132,60
2019-09-11 08:00:00,236,177,59
2019-09-11 09:00:00,112,84,28
2019-09-11 10:00:00,50,19,31
2019-09-11 11:00:00,53,32,21
2019-09-11 12:00:00,81,46,35
2019-09-11 13:00:00,48,24,24
2019-09-11 14:00:00,107,49,58
2019-09-11 15:00:00,124,53,71
2019-09-11 16:00:00,212,81,131
2019-09-11 17:00:00,332,93,239
2019-09-11 18:00:00,206,63,143
2019-09-11 19:00:00,129,52,77
2019-09-11 20:00:00,41,16,25
2019-09-11 21:00:00,29,7,22
2019-09-11 22:00:00,20,8,12
2019-09-11 23:00:00,9,4,5
2019-09-12 00:00:00,2,2,0
2019-09-12 01:00:00,4,0,4
2019-09-12 02:00:00,0,0,0
2019-09-12 03:00:00,2,0,2
2019-09-12 04:00:00,1,1,0
2019-09-12 05:00:00,22,9,13
2019-09-12 06:00:00,66,33,33
2019-09-12 07:00:00,172,115,57
2019-09-12 08:00:00,219,164,55
2019-09-12 09:00:00,111,79,32
2019-09-12 10:00:00,64,39,25
2019-09-12 11:00:00,83,40,43
2019-09-12 12:00:00,77,36,41
2019-09-12 13:00:00,72,37,35
2019-09-12 14:00:00,89,42,47
2019-09-12 15:00:00,106,44,62
2019-09-12 16:00:00,232,76,156
2019-09-12 17:00:00,314,71,243
2019-09-12 18:00:00,193,61,132
2019-09-12 19:00:00,107,42,65
2019-09-12 20:00:00,23,10,13
2019-09-12 21:00:00,10,3,7
2019-09-12 22:00:00,11,1,10
2019-09-12 23:00:00,3,0,3
2019-09-13 00:00:00,7,4,3
2019-09-13 01:00:00,1,0,1
2019-09-13 02:00:00,1,0,1
2019-09-13 03:00:00,1,0,1
2019-09-13 04:00:00,0,0,0
2019-09-13 05:00:00,22,12,10
2019-09-13 06:00:00,47,21,26
2019-09-13 07:00:00,120,77,43
2019-09-13 08:00:00,169,133,36
2019-09-13 09:00:00,109,65,44
2019-09-13 10:00:00,33,17,16
2019-09-13 11:00:00,51,16,35
2019-09-13 12:00:00,91,47,44
2019-09-13 13:00:00,66,19,47
2019-09-13 14:00:00,71,31,40
2019-09-13 15:00:00,101,51,50
2019-09-13 16:00:00,173,58,115
2019-09-13 17:00:00,229,58,171
2019-09-13 18:00:00,131,48,83
2019-09-13 19:00:00,62,28,34
2019-09-13 20:00:00,23,7,16
2019-09-13 21:00:00,13,6,7
2019-09-13 22:00:00,13,5,8
2019-09-13 23:00:00,12,4,8
2019-09-14 00:00:00,18,3,15
2019-09-14 01:00:00,3,1,2
2019-09-14 02:00:00,4,0,4
2019-09-14 03:00:00,0,0,0
2019-09-14 04:00:00,0,0,0
2019-09-14 05:00:00,8,3,5
2019-09-14 06:00:00,9,3,6
2019-09-14 07:00:00,27,9,18
2019-09-14 08:00:00,63,36,27
2019-09-14 09:00:00,63,38,25
2019-09-14 10:00:00,92,48,44
2019-09-14 11:00:00,91,51,40
2019-09-14 12:00:00,138,68,70
2019-09-14 13:00:00,90,41,49
2019-09-14 14:00:00,96,42,54
2019-09-14 15:00:00,132,68,64
2019-09-14 16:00:00,102,32,70
2019-09-14 17:00:00,79,29,50
2019-09-14 18:00:00,64,35,29
2019-09-14 19:00:00,64,39,25
2019-09-14 20:00:00,22,9,13
2019-09-14 21:00:00,28,11,17
2019-09-14 22:00:00,11,5,6
2019-09-14 23:00:00,28,15,13
2019-09-15 00:00:00,1,0,1
2019-09-15 01:00:00,11,1,10
2019-09-15 02:00:00,2,1,1
2019-09-15 03:00:00,0,0,0
2019-09-15 04:00:00,1,0,1
2019-09-15 05:00:00,2,1,1
2019-09-15 06:00:00,1,1,0
2019-09-15 07:00:00,3,0,3
2019-09-15 08:00:00,5,3,2
2019-09-15 09:00:00,12,7,5
2019-09-15 10:00:00,6,3,3
2019-09-15 11:00:00,21,10,11
2019-09-15 12:00:00,21,5,16
2019-09-15 13:00:00,20,12,8
2019-09-15 14:00:00,34,21,13
2019-09-15 15:00:00,49,28,21
2019-09-15 16:00:00,33,13,20
2019-09-15 17:00:00,68,18,50
2019-09-15 18:00:00,30,18,12
2019-09-15 19:00:00,26,14,12
2019-09-15 20:00:00,13,9,4
2019-09-15 21:00:00,6,3,3
2019-09-15 22:00:00,7,5,2
2019-09-15 23:00:00,2,0,2
2019-09-16 00:00:00,1,0,1
2019-09-16 01:00:00,1,0,1
2019-09-16 02:00:00,0,0,0
2019-09-16 03:00:00,1,0,1
2019-09-16 04:00:00,1,0,1
2019-09-16 05:00:00,14,3,11
2019-09-16 06:00:00,50,26,24
2019-09-16 07:00:00,155,109,46
2019-09-16 08:00:00,212,178,34
2019-09-16 09:00:00,103,74,29
2019-09-16 10:00:00,52,27,25
2019-09-16 11:00:00,51,28,23
2019-09-16 12:00:00,56,28,28
2019-09-16 13:00:00,71,37,34
2019-09-16 14:00:00,88,41,47
2019-09-16 15:00:00,110,51,59
2019-09-16 16:00:00,211,69,142
2019-09-16 17:00:00,332,92,240
2019-09-16 18:00:00,154,46,108
2019-09-16 19:00:00,71,33,38
2019-09-16 20:00:00,15,3,12
2019-09-16 21:00:00,12,8,4
2019-09-16 22:00:00,10,3,7
2019-09-16 23:00:00,3,2,1
2019-09-17 00:00:00,3,1,2
2019-09-17 01:00:00,3,2,1
2019-09-17 02:00:00,2,0,2
2019-09-17 03:00:00,0,0,0
2019-09-17 04:00:00,5,1,4
2019-09-17 05:00:00,14,6,8
2019-09-17 06:00:00,46,21,25
2019-09-17 07:00:00,125,92,33
2019-09-17 08:00:00,143,96,47
2019-09-17 09:00:00,56,42,14
2019-09-17 10:00:00,19,12,7
2019-09-17 11:00:00,23,11,12
2019-09-17 12:00:00,27,10,17
2019-09-17 13:00:00,25,15,10
2019-09-17 14:00:00,34,18,16
2019-09-17 15:00:00,33,13,20
2019-09-17 16:00:00,110,41,69
2019-09-17 17:00:00,166,36,130
2019-09-17 18:00:00,87,20,67
2019-09-17 19:00:00,32,11,21
2019-09-17 20:00:00,11,2,9
2019-09-17 21:00:00,6,1,5
2019-09-17 22:00:00,1,0,1
2019-09-17 23:00:00,9,4,5
2019-09-18 00:00:00,3,3,0
2019-09-18 01:00:00,3,1,2
2019-09-18 02:00:00,3,0,3
2019-09-18 03:00:00,0,0,0
2019-09-18 04:00:00,1,1,0
2019-09-18 05:00:00,24,11,13
2019-09-18 06:00:00,60,39,21
2019-09-18 07:00:00,123,85,38
2019-09-18 08:00:00,194,145,49
2019-09-18 09:00:00,103,81,22
2019-09-18 10:00:00,48,19,29
2019-09-18 11:00:00,40,27,13
2019-09-18 12:00:00,71,38,33
2019-09-18 13:00:00,53,20,33
2019-09-18 14:00:00,93,47,46
2019-09-18 15:00:00,102,47,55
2019-09-18 16:00:00,155,66,89
2019-09-18 17:00:00,278,78,200
2019-09-18 18:00:00,178,65,113
2019-09-18 19:00:00,68,32,36
2019-09-18 20:00:00,20,9,11
2019-09-18 21:00:00,22,5,17
2019-09-18 22:00:00,27,5,22
2019-09-18 23:00:00,8,7,1
2019-09-19 00:00:00,5,3,2
2019-09-19 01:00:00,2,1,1
2019-09-19 02:00:00,1,0,1
2019-09-19 03:00:00,0,0,0
2019-09-19 04:00:00,0,0,0
2019-09-19 05:00:00,23,11,12
2019-09-19 06:00:00,64,29,35
2019-09-19 07:00:00,168,115,53
2019-09-19 08:00:00,214,162,52
2019-09-19 09:00:00,112,83,29
2019-09-19 10:00:00,62,26,36
2019-09-19 11:00:00,43,21,22
2019-09-19 12:00:00,47,20,27
2019-09-19 13:00:00,71,40,31
2019-09-19 14:00:00,83,48,35
2019-09-19 15:00:00,111,54,57
2019-09-19 16:00:00,223,85,138
2019-09-19 17:00:00,306,93,213
2019-09-19 18:00:00,154,40,114
2019-09-19 19:00:00,67,22,45
2019-09-19 20:00:00,19,9,10
2019-09-19 21:00:00,11,5,6
2019-09-19 22:00:00,13,5,8
2019-09-19 23:00:00,7,2,5
2019-09-20 00:00:00,4,2,2
2019-09-20 01:00:00,3,2,1
2019-09-20 02:00:00,2,0,2
2019-09-20 03:00:00,0,0,0
2019-09-20 04:00:00,0,0,0
2019-09-20 05:00:00,13,8,5
2019-09-20 06:00:00,65,34,31
2019-09-20 07:00:00,128,90,38
2019-09-20 08:00:00,178,147,31
2019-09-20 09:00:00,109,68,41
2019-09-20 10:00:00,40,16,24
2019-09-20 11:00:00,37,26,11
2019-09-20 12:00:00,62,33,29
2019-09-20 13:00:00,62,34,28
2019-09-20 14:00:00,109,44,65
2019-09-20 15:00:00,97,40,57
2019-09-20 16:00:00,202,47,155
2019-09-20 17:00:00,244,61,183
2019-09-20 18:00:00,114,38,76
2019-09-20 19:00:00,58,26,32
2019-09-20 20:00:00,18,8,10
2019-09-20 21:00:00,11,5,6
2019-09-20 22:00:00,10,4,6
2019-09-20 23:00:00,13,8,5
2019-09-21 00:00:00,12,6,6
2019-09-21 01:00:00,7,2,5
2019-09-21 02:00:00,0,0,0
2019-09-21 03:00:00,2,1,1
2019-09-21 04:00:00,1,1,0
2019-09-21 05:00:00,4,4,0
2019-09-21 06:00:00,11,4,7
2019-09-21 07:00:00,26,18,8
2019-09-21 08:00:00,37,17,20
2019-09-21 09:00:00,65,39,26
2019-09-21 10:00:00,81,44,37
2019-09-21 11:00:00,95,45,50
2019-09-21 12:00:00,90,47,43
2019-09-21 13:00:00,123,61,62
2019-09-21 14:00:00,161,68,93
2019-09-21 15:00:00,128,59,69
2019-09-21 16:00:00,90,41,49
2019-09-21 17:00:00,120,45,75
2019-09-21 18:00:00,81,35,46
2019-09-21 19:00:00,38,18,20
2019-09-21 20:00:00,15,5,10
2019-09-21 21:00:00,11,5,6
2019-09-21 22:00:00,12,5,7
2019-09-21 23:00:00,10,4,6
2019-09-22 00:00:00,7,6,1
2019-09-22 01:00:00,3,0,3
2019-09-22 02:00:00,2,1,1
2019-09-22 03:00:00,4,0,4
2019-09-22 04:00:00,0,0,0
2019-09-22 05:00:00,3,2,1
2019-09-22 06:00:00,4,2,2
2019-09-22 07:00:00,16,9,7
2019-09-22 08:00:00,7,3,4
2019-09-22 09:00:00,17,9,8
2019-09-22 10:00:00,10,7,3
2019-09-22 11:00:00,19,13,6
2019-09-22 12:00:00,15,11,4
2019-09-22 13:00:00,11,7,4
2019-09-22 14:00:00,24,16,8
2019-09-22 15:00:00,6,3,3
2019-09-22 16:00:00,35,8,27
2019-09-22 17:00:00,33,11,22
2019-09-22 18:00:00,32,17,15
2019-09-22 19:00:00,14,9,5
2019-09-22 20:00:00,13,5,8
2019-09-22 21:00:00,2,2,0
2019-09-22 22:00:00,5,4,1
2019-09-22 23:00:00,1,0,1
2019-09-23 00:00:00,1,0,1
2019-09-23 01:00:00,3,0,3
2019-09-23 02:00:00,1,1,0
2019-09-23 03:00:00,2,0,2
2019-09-23 04:00:00,0,0,0
2019-09-23 05:00:00,24,11,13
2019-09-23 06:00:00,47,24,23
2019-09-23 07:00:00,141,105,36
2019-09-23 08:00:00,207,157,50
2019-09-23 09:00:00,120,79,41
2019-09-23 10:00:00,41,29,12
2019-09-23 11:00:00,35,22,13
2019-09-23 12:00:00,40,24,16
2019-09-23 13:00:00,28,17,11
2019-09-23 14:00:00,29,13,16
2019-09-23 15:00:00,43,21,22
2019-09-23 16:00:00,114,35,79
2019-09-23 17:00:00,241,48,193
2019-09-23 18:00:00,111,22,89
2019-09-23 19:00:00,37,17,20
2019-09-23 20:00:00,14,6,8
2019-09-23 21:00:00,10,4,6
2019-09-23 22:00:00,2,0,2
2019-09-23 23:00:00,3,1,2
2019-09-24 00:00:00,5,3,2
2019-09-24 01:00:00,2,1,1
2019-09-24 02:00:00,0,0,0
2019-09-24 03:00:00,2,2,0
2019-09-24 04:00:00,1,1,0
2019-09-24 05:00:00,24,11,13
2019-09-24 06:00:00,66,36,30
2019-09-24 07:00:00,137,103,34
2019-09-24 08:00:00,222,168,54
2019-09-24 09:00:00,63,48,15
2019-09-24 10:00:00,38,14,24
2019-09-24 11:00:00,33,19,14
2019-09-24 12:00:00,33,15,18
2019-09-24 13:00:00,45,29,16
2019-09-24 14:00:00,63,28,35
2019-09-24 15:00:00,102,40,62
2019-09-24 16:00:00,189,65,124
2019-09-24 17:00:00,278,87,191
2019-09-24 18:00:00,173,57,116
2019-09-24 19:00:00,65,34,31
2019-09-24 20:00:00,18,3,15
2019-09-24 21:00:00,15,7,8
2019-09-24 22:00:00,8,0,8
2019-09-24 23:00:00,2,2,0
2019-09-25 00:00:00,1,1,0
2019-09-25 01:00:00,7,3,4
2019-09-25 02:00:00,1,0,1
2019-09-25 03:00:00,0,0,0
2019-09-25 04:00:00,1,1,0
2019-09-25 05:00:00,24,7,17
2019-09-25 06:00:00,67,36,31
2019-09-25 07:00:00,160,121,39
2019-09-25 08:00:00,250,185,65
2019-09-25 09:00:00,134,91,43
2019-09-25 10:00:00,39,24,15
2019-09-25 11:00:00,43,24,19
2019-09-25 12:00:00,68,32,36
2019-09-25 13:00:00,68,40,28
2019-09-25 14:00:00,101,58,43
2019-09-25 15:00:00,98,47,51
2019-09-25 16:00:00,188,64,124
2019-09-25 17:00:00,360,108,252
2019-09-25 18:00:00,187,64,123
2019-09-25 19:00:00,61,24,37
2019-09-25 20:00:00,14,6,8
2019-09-25 21:00:00,23,6,17
2019-09-25 22:00:00,6,1,5
2019-09-25 23:00:00,7,1,6
2019-09-26 00:00:00,4,4,0
2019-09-26 01:00:00,5,1,4
2019-09-26 02:00:00,5,3,2
2019-09-26 03:00:00,0,0,0
2019-09-26 04:00:00,0,0,0
2019-09-26 05:00:00,18,5,13
2019-09-26 06:00:00,64,28,36
2019-09-26 07:00:00,111,83,28
2019-09-26 08:00:00,148,107,41
2019-09-26 09:00:00,93,60,33
2019-09-26 10:00:00,34,28,6
2019-09-26 11:00:00,24,11,13
2019-09-26 12:00:00,33,20,13
2019-09-26 13:00:00,53,26,27
2019-09-26 14:00:00,61,30,31
2019-09-26 15:00:00,98,45,53
2019-09-26 16:00:00,139,56,83
2019-09-26 17:00:00,256,74,182
2019-09-26 18:00:00,151,49,102
2019-09-26 19:00:00,56,20,36
2019-09-26 20:00:00,27,12,15
2019-09-26 21:00:00,9,5,4
2019-09-26 22:00:00,24,3,21
2019-09-26 23:00:00,3,0,3
2019-09-27 00:00:00,3,2,1
2019-09-27 01:00:00,5,1,4
2019-09-27 02:00:00,2,0,2
2019-09-27 03:00:00,0,0,0
2019-09-27 04:00:00,2,2,0
2019-09-27 05:00:00,16,8,8
2019-09-27 06:00:00,39,18,21
2019-09-27 07:00:00,121,87,34
2019-09-27 08:00:00,144,112,32
2019-09-27 09:00:00,86,64,22
2019-09-27 10:00:00,33,22,11
2019-09-27 11:00:00,34,12,22
2019-09-27 12:00:00,54,27,27
2019-09-27 13:00:00,37,18,19
2019-09-27 14:00:00,72,40,32
2019-09-27 15:00:00,107,47,60
2019-09-27 16:00:00,118,49,69
2019-09-27 17:00:00,185,43,142
2019-09-27 18:00:00,73,21,52
2019-09-27 19:00:00,25,5,20
2019-09-27 20:00:00,3,0,3
2019-09-27 21:00:00,10,6,4
2019-09-27 22:00:00,2,1,1
2019-09-27 23:00:00,6,1,5
2019-09-28 00:00:00,4,1,3
2019-09-28 01:00:00,3,0,3
2019-09-28 02:00:00,0,0,0
2019-09-28 03:00:00,0,0,0
2019-09-28 04:00:00,1,1,0
2019-09-28 05:00:00,4,2,2
2019-09-28 06:00:00,1,0,1
2019-09-28 07:00:00,6,2,4
2019-09-28 08:00:00,7,2,5
2019-09-28 09:00:00,22,16,6
2019-09-28 10:00:00,50,11,39
2019-09-28 11:00:00,51,26,25
2019-09-28 12:00:00,43,24,19
2019-09-28 13:00:00,79,36,43
2019-09-28 14:00:00,83,40,43
2019-09-28 15:00:00,115,53,62
2019-09-28 16:00:00,125,61,64
2019-09-28 17:00:00,78,45,33
2019-09-28 18:00:00,88,51,37
2019-09-28 19:00:00,25,10,15
2019-09-28 20:00:00,12,5,7
2019-09-28 21:00:00,9,3,6
2019-09-28 22:00:00,8,2,6
2019-09-28 23:00:00,1,1,0
2019-09-29 00:00:00,5,1,4
2019-09-29 01:00:00,6,1,5
2019-09-29 02:00:00,5,3,2
2019-09-29 03:00:00,0,0,0
2019-09-29 04:00:00,0,0,0
2019-09-29 05:00:00,1,1,0
2019-09-29 06:00:00,4,3,1
2019-09-29 07:00:00,8,6,2
2019-09-29 08:00:00,22,13,9
2019-09-29 09:00:00,26,5,21
2019-09-29 10:00:00,79,32,47
2019-09-29 11:00:00,73,35,38
2019-09-29 12:00:00,80,41,39
2019-09-29 13:00:00,70,34,36
2019-09-29 14:00:00,44,27,17
2019-09-29 15:00:00,53,28,25
2019-09-29 16:00:00,55,23,32
2019-09-29 17:00:00,67,42,25
2019-09-29 18:00:00,53,18,35
2019-09-29 19:00:00,20,7,13
2019-09-29 20:00:00,16,10,6
2019-09-29 21:00:00,5,3,2
2019-09-29 22:00:00,2,0,2
2019-09-29 23:00:00,5,1,4
2019-09-30 00:00:00,5,2,3
2019-09-30 01:00:00,1,0,1
2019-09-30 02:00:00,1,1,0
2019-09-30 03:00:00,1,0,1
2019-09-30 04:00:00,0,0,0
2019-09-30 05:00:00,17,8,9
2019-09-30 06:00:00,63,32,31
2019-09-30 07:00:00,154,106,48
2019-09-30 08:00:00,215,178,37
2019-09-30 09:00:00,116,88,28
2019-09-30 10:00:00,53,26,27
2019-09-30 11:00:00,38,22,16
2019-09-30 12:00:00,48,20,28
2019-09-30 13:00:00,48,16,32
2019-09-30 14:00:00,67,38,29
2019-09-30 15:00:00,116,55,61
2019-09-30 16:00:00,178,65,113
2019-09-30 17:00:00,306,71,235
2019-09-30 18:00:00,204,66,138
2019-09-30 19:00:00,40,15,25
2019-09-30 20:00:00,9,5,4
2019-09-30 21:00:00,9,2,7
2019-09-30 22:00:00,7,4,3
2019-09-30 23:00:00,1,0,1
2019-10-01 00:00:00,3,2,1
2019-10-01 01:00:00,1,1,0
2019-10-01 02:00:00,2,0,2
2019-10-01 03:00:00,0,0,0
2019-10-01 04:00:00,0,0,0
2019-10-01 05:00:00,26,10,16
2019-10-01 06:00:00,71,37,34
2019-10-01 07:00:00,164,126,38
2019-10-01 08:00:00,219,173,46
2019-10-01 09:00:00,107,83,24
2019-10-01 10:00:00,47,35,12
2019-10-01 11:00:00,33,19,14
2019-10-01 12:00:00,54,25,29
2019-10-01 13:00:00,56,28,28
2019-10-01 14:00:00,84,48,36
2019-10-01 15:00:00,124,62,62
2019-10-01 16:00:00,166,58,108
2019-10-01 17:00:00,327,88,239
2019-10-01 18:00:00,216,71,145
2019-10-01 19:00:00,56,25,31
2019-10-01 20:00:00,20,7,13
2019-10-01 21:00:00,20,3,17
2019-10-01 22:00:00,1,0,1
2019-10-01 23:00:00,4,1,3
2019-10-02 00:00:00,4,3,1
2019-10-02 01:00:00,3,2,1
2019-10-02 02:00:00,3,1,2
2019-10-02 03:00:00,2,1,1
2019-10-02 04:00:00,2,1,1
2019-10-02 05:00:00,25,10,15
2019-10-02 06:00:00,65,43,22
2019-10-02 07:00:00,143,100,43
2019-10-02 08:00:00,212,167,45
2019-10-02 09:00:00,113,80,33
2019-10-02 10:00:00,43,22,21
2019-10-02 11:00:00,39,19,20
2019-10-02 12:00:00,51,31,20
2019-10-02 13:00:00,45,26,19
2019-10-02 14:00:00,68,37,31
2019-10-02 15:00:00,75,38,37
2019-10-02 16:00:00,157,52,105
2019-10-02 17:00:00,241,74,167
2019-10-02 18:00:00,160,40,120
2019-10-02 19:00:00,37,11,26
2019-10-02 20:00:00,15,7,8
2019-10-02 21:00:00,14,3,11
2019-10-02 22:00:00,10,2,8
2019-10-02 23:00:00,4,2,2
2019-10-03 00:00:00,6,3,3
2019-10-03 01:00:00,6,3,3
2019-10-03 02:00:00,0,0,0
2019-10-03 03:00:00,1,0,1
2019-10-03 04:00:00,1,1,0
2019-10-03 05:00:00,15,8,7
2019-10-03 06:00:00,51,21,30
2019-10-03 07:00:00,112,85,27
2019-10-03 08:00:00,170,134,36
2019-10-03 09:00:00,98,75,23
2019-10-03 10:00:00,21,13,8
2019-10-03 11:00:00,30,10,20
2019-10-03 12:00:00,57,32,25
2019-10-03 13:00:00,49,24,25
2019-10-03 14:00:00,58,31,27
2019-10-03 15:00:00,88,51,37
2019-10-03 16:00:00,139,44,95
2019-10-03 17:00:00,181,47,134
2019-10-03 18:00:00,135,31,104
2019-10-03 19:00:00,38,15,23
2019-10-03 20:00:00,11,0,11
2019-10-03 21:00:00,34,4,30
2019-10-03 22:00:00,7,3,4
2019-10-03 23:00:00,6,1,5
2019-10-04 00:00:00,0,0,0
2019-10-04 01:00:00,3,2,1
2019-10-04 02:00:00,0,0,0
2019-10-04 03:00:00,4,1,3
2019-10-04 04:00:00,0,0,0
2019-10-04 05:00:00,21,9,12
2019-10-04 06:00:00,53,26,27
2019-10-04 07:00:00,90,66,24
2019-10-04 08:00:00,134,114,20
2019-10-04 09:00:00,104,69,35
2019-10-04 10:00:00,31,22,9
2019-10-04 11:00:00,40,23,17
2019-10-04 12:00:00,35,20,15
2019-10-04 13:00:00,35,20,15
2019-10-04 14:00:00,84,46,38
2019-10-04 15:00:00,94,40,54
2019-10-04 16:00:00,119,35,84
2019-10-04 17:00:00,173,42,131
2019-10-04 18:00:00,96,33,63
2019-10-04 19:00:00,23,7,16
2019-10-04 20:00:00,13,4,9
2019-10-04 21:00:00,16,9,7
2019-10-04 22:00:00,7,5,2
2019-10-04 23:00:00,4,2,2
2019-10-05 00:00:00,2,1,1
2019-10-05 01:00:00,12,1,11
2019-10-05 02:00:00,12,7,5
2019-10-05 03:00:00,1,0,1
2019-10-05 04:00:00,2,2,0
2019-10-05 05:00:00,1,1,0
2019-10-05 06:00:00,7,4,3
2019-10-05 07:00:00,12,4,8
2019-10-05 08:00:00,31,19,12
2019-10-05 09:00:00,33,16,17
2019-10-05 10:00:00,53,24,29
2019-10-05 11:00:00,69,34,35
2019-10-05 12:00:00,77,34,43
2019-10-05 13:00:00,129,65,64
2019-10-05 14:00:00,136,69,67
2019-10-05 15:00:00,148,75,73
2019-10-05 16:00:00,152,73,79
2019-10-05 17:00:00,125,45,80
2019-10-05 18:00:00,75,35,40
2019-10-05 19:00:00,36,19,17
2019-10-05 20:00:00,10,6,4
2019-10-05 21:00:00,7,5,2
2019-10-05 22:00:00,9,3,6
2019-10-05 23:00:00,5,1,4
2019-10-06 00:00:00,2,1,1
2019-10-06 01:00:00,1,0,1
2019-10-06 02:00:00,0,0,0
2019-10-06 03:00:00,1,0,1
2019-10-06 04:00:00,1,0,1
2019-10-06 05:00:00,4,4,0
2019-10-06 06:00:00,3,2,1
2019-10-06 07:00:00,14,8,6
2019-10-06 08:00:00,21,9,12
2019-10-06 09:00:00,55,37,18
2019-10-06 10:00:00,78,47,31
2019-10-06 11:00:00,125,69,56
2019-10-06 12:00:00,195,120,75
2019-10-06 13:00:00,191,90,101
2019-10-06 14:00:00,179,81,98
2019-10-06 15:00:00,193,65,128
2019-10-06 16:00:00,180,73,107
2019-10-06 17:00:00,108,52,56
2019-10-06 18:00:00,68,37,31
2019-10-06 19:00:00,14,7,7
2019-10-06 20:00:00,10,3,7
2019-10-06 21:00:00,7,4,3
2019-10-06 22:00:00,5,1,4
2019-10-06 23:00:00,2,0,2
2019-10-07 00:00:00,1,0,1
2019-10-07 01:00:00,2,0,2
2019-10-07 02:00:00,1,1,0
2019-10-07 03:00:00,0,0,0
2019-10-07 04:00:00,0,0,0
2019-10-07 05:00:00,18,6,12
2019-10-07 06:00:00,57,31,26
2019-10-07 07:00:00,127,98,29
2019-10-07 08:00:00,207,162,45
2019-10-07 09:00:00,92,65,27
2019-10-07 10:00:00,33,11,22
2019-10-07 11:00:00,32,19,13
2019-10-07 12:00:00,37,15,22
2019-10-07 13:00:00,31,18,13
2019-10-07 14:00:00,59,31,28
2019-10-07 15:00:00,64,28,36
2019-10-07 16:00:00,138,55,83
2019-10-07 17:00:00,209,45,164
2019-10-07 18:00:00,119,18,101
2019-10-07 19:00:00,35,12,23
2019-10-07 20:00:00,12,7,5
2019-10-07 21:00:00,7,3,4
2019-10-07 22:00:00,2,1,1
2019-10-07 23:00:00,3,2,1
2019-10-08 00:00:00,5,2,3
2019-10-08 01:00:00,1,1,0
2019-10-08 02:00:00,2,0,2
2019-10-08 03:00:00,1,0,1
2019-10-08 04:00:00,0,0,0
2019-10-08 05:00:00,23,10,13
2019-10-08 06:00:00,44,23,21
2019-10-08 07:00:00,117,89,28
2019-10-08 08:00:00,180,131,49
2019-10-08 09:00:00,96,71,25
2019-10-08 10:00:00,27,16,11
2019-10-08 11:00:00,31,14,17
2019-10-08 12:00:00,16,4,12
2019-10-08 13:00:00,19,8,11
2019-10-08 14:00:00,22,13,9
2019-10-08 15:00:00,45,18,27
2019-10-08 16:00:00,120,43,77
2019-10-08 17:00:00,204,52,152
2019-10-08 18:00:00,87,18,69
2019-10-08 19:00:00,34,5,29
2019-10-08 20:00:00,4,2,2
2019-10-08 21:00:00,9,3,6
2019-10-08 22:00:00,3,0,3
2019-10-08 23:00:00,0,0,0
2019-10-09 00:00:00,3,2,1
2019-10-09 01:00:00,2,1,1
2019-10-09 02:00:00,1,0,1
2019-10-09 03:00:00,0,0,0
2019-10-09 04:00:00,1,1,0
2019-10-09 05:00:00,16,9,7
2019-10-09 06:00:00,64,42,22
2019-10-09 07:00:00,144,93,51
2019-10-09 08:00:00,198,152,46
2019-10-09 09:00:00,88,64,24
2019-10-09 10:00:00,53,38,15
2019-10-09 11:00:00,35,15,20
2019-10-09 12:00:00,74,43,31
2019-10-09 13:00:00,37,21,16
2019-10-09 14:00:00,44,18,26
2019-10-09 15:00:00,87,42,45
2019-10-09 16:00:00,146,52,94
2019-10-09 17:00:00,278,73,205
2019-10-09 18:00:00,148,50,98
2019-10-09 19:00:00,34,20,14
2019-10-09 20:00:00,15,4,11
2019-10-09 21:00:00,9,2,7
2019-10-09 22:00:00,5,1,4
2019-10-09 23:00:00,0,0,0
2019-10-10 00:00:00,2,2,0
2019-10-10 01:00:00,2,1,1
2019-10-10 02:00:00,1,0,1
2019-10-10 03:00:00,0,0,0
2019-10-10 04:00:00,1,1,0
2019-10-10 05:00:00,31,12,19
2019-10-10 06:00:00,62,40,22
2019-10-10 07:00:00,132,92,40
2019-10-10 08:00:00,163,113,50
2019-10-10 09:00:00,107,89,18
2019-10-10 10:00:00,29,21,8
2019-10-10 11:00:00,46,21,25
2019-10-10 12:00:00,35,19,16
2019-10-10 13:00:00,46,20,26
2019-10-10 14:00:00,70,37,33
2019-10-10 15:00:00,82,36,46
2019-10-10 16:00:00,178,69,109
2019-10-10 17:00:00,261,84,177
2019-10-10 18:00:00,139,42,97
2019-10-10 19:00:00,47,13,34
2019-10-10 20:00:00,21,8,13
2019-10-10 21:00:00,20,4,16
2019-10-10 22:00:00,1,1,0
2019-10-10 23:00:00,3,1,2
2019-10-11 00:00:00,3,2,1
2019-10-11 01:00:00,4,0,4
2019-10-11 02:00:00,1,1,0
2019-10-11 03:00:00,0,0,0
2019-10-11 04:00:00,0,0,0
2019-10-11 05:00:00,17,5,12
2019-10-11 06:00:00,37,22,15
2019-10-11 07:00:00,110,84,26
2019-10-11 08:00:00,139,95,44
2019-10-11 09:00:00,94,63,31
2019-10-11 10:00:00,58,25,33
2019-10-11 11:00:00,62,35,27
2019-10-11 12:00:00,54,22,32
2019-10-11 13:00:00,79,44,35
2019-10-11 14:00:00,92,42,50
2019-10-11 15:00:00,99,41,58
2019-10-11 16:00:00,165,53,112
2019-10-11 17:00:00,259,76,183
2019-10-11 18:00:00,127,53,74
2019-10-11 19:00:00,51,27,24
2019-10-11 20:00:00,9,1,8
2019-10-11 21:00:00,4,1,3
2019-10-11 22:00:00,9,3,6
2019-10-11 23:00:00,1,0,1
2019-10-12 00:00:00,5,3,2
2019-10-12 01:00:00,0,0,0
2019-10-12 02:00:00,1,0,1
2019-10-12 03:00:00,2,1,1
2019-10-12 04:00:00,0,0,0
2019-10-12 05:00:00,4,2,2
2019-10-12 06:00:00,4,2,2
2019-10-12 07:00:00,7,5,2
2019-10-12 08:00:00,23,7,16
2019-10-12 09:00:00,32,19,13
2019-10-12 10:00:00,56,31,25
2019-10-12 11:00:00,50,27,23
2019-10-12 12:00:00,61,29,32
2019-10-12 13:00:00,57,21,36
2019-10-12 14:00:00,79,40,39
2019-10-12 15:00:00,71,38,33
2019-10-12 16:00:00,78,39,39
2019-10-12 17:00:00,50,23,27
2019-10-12 18:00:00,27,13,14
2019-10-12 19:00:00,16,9,7
2019-10-12 20:00:00,16,10,6
2019-10-12 21:00:00,8,3,5
2019-10-12 22:00:00,10,5,5
2019-10-12 23:00:00,4,0,4
2019-10-13 00:00:00,2,0,2
2019-10-13 01:00:00,2,0,2
2019-10-13 02:00:00,0,0,0
2019-10-13 03:00:00,1,0,1
2019-10-13 04:00:00,1,0,1
2019-10-13 05:00:00,2,2,0
2019-10-13 06:00:00,4,3,1
2019-10-13 07:00:00,10,4,6
2019-10-13 08:00:00,24,13,11
2019-10-13 09:00:00,32,10,22
2019-10-13 10:00:00,69,33,36
2019-10-13 11:00:00,73,39,34
2019-10-13 12:00:00,90,40,50
2019-10-13 13:00:00,83,42,41
2019-10-13 14:00:00,78,47,31
2019-10-13 15:00:00,143,82,61
2019-10-13 16:00:00,125,60,65
2019-10-13 17:00:00,84,34,50
2019-10-13 18:00:00,46,26,20
2019-10-13 19:00:00,8,3,5
2019-10-13 20:00:00,11,7,4
2019-10-13 21:00:00,9,3,6
2019-10-13 22:00:00,4,2,2
2019-10-13 23:00:00,4,2,2
2019-10-14 00:00:00,8,4,4
2019-10-14 01:00:00,3,0,3
2019-10-14 02:00:00,2,1,1
2019-10-14 03:00:00,1,1,0
2019-10-14 04:00:00,2,1,1
2019-10-14 05:00:00,22,7,15
2019-10-14 06:00:00,47,24,23
2019-10-14 07:00:00,157,108,49
2019-10-14 08:00:00,225,165,60
2019-10-14 09:00:00,112,83,29
2019-10-14 10:00:00,54,28,26
2019-10-14 11:00:00,43,15,28
2019-10-14 12:00:00,71,34,37
2019-10-14 13:00:00,66,21,45
2019-10-14 14:00:00,89,44,45
2019-10-14 15:00:00,130,57,73
2019-10-14 16:00:00,189,76,113
2019-10-14 17:00:00,311,93,218
2019-10-14 18:00:00,136,47,89
2019-10-14 19:00:00,31,15,16
2019-10-14 20:00:00,11,3,8
2019-10-14 21:00:00,19,6,13
2019-10-14 22:00:00,6,1,5
2019-10-14 23:00:00,2,1,1
2019-10-15 00:00:00,2,0,2
2019-10-15 01:00:00,6,2,4
2019-10-15 02:00:00,1,0,1
2019-10-15 03:00:00,1,0,1
2019-10-15 04:00:00,0,0,0
2019-10-15 05:00:00,18,8,10
2019-10-15 06:00:00,58,28,30
2019-10-15 07:00:00,161,106,55
2019-10-15 08:00:00,215,157,58
2019-10-15 09:00:00,103,73,30
2019-10-15 10:00:00,46,23,23
2019-10-15 11:00:00,47,20,27
2019-10-15 12:00:00,58,32,26
2019-10-15 13:00:00,33,15,18
2019-10-15 14:00:00,45,25,20
2019-10-15 15:00:00,95,45,50
2019-10-15 16:00:00,156,62,94
2019-10-15 17:00:00,282,82,200
2019-10-15 18:00:00,126,32,94
2019-10-15 19:00:00,34,14,20
2019-10-15 20:00:00,11,5,6
2019-10-15 21:00:00,5,2,3
2019-10-15 22:00:00,2,0,2
2019-10-15 23:00:00,9,4,5
2019-10-16 00:00:00,2,0,2
2019-10-16 01:00:00,2,1,1
2019-10-16 02:00:00,3,2,1
2019-10-16 03:00:00,2,0,2
2019-10-16 04:00:00,0,0,0
2019-10-16 05:00:00,15,8,7
2019-10-16 06:00:00,48,23,25
2019-10-16 07:00:00,104,63,41
2019-10-16 08:00:00,146,109,37
2019-10-16 09:00:00,67,47,20
2019-10-16 10:00:00,20,11,9
2019-10-16 11:00:00,15,5,10
2019-10-16 12:00:00,24,11,13
2019-10-16 13:00:00,16,8,8
2019-10-16 14:00:00,29,17,12
2019-10-16 15:00:00,43,23,20
2019-10-16 16:00:00,94,39,55
2019-10-16 17:00:00,157,37,120
2019-10-16 18:00:00,59,13,46
2019-10-16 19:00:00,16,1,15
2019-10-16 20:00:00,3,1,2
2019-10-16 21:00:00,2,1,1
2019-10-16 22:00:00,1,1,0
2019-10-16 23:00:00,2,0,2
2019-10-17 00:00:00,2,1,1
2019-10-17 01:00:00,1,1,0
2019-10-17 02:00:00,2,1,1
2019-10-17 03:00:00,0,0,0
2019-10-17 04:00:00,0,0,0
2019-10-17 05:00:00,15,8,7
2019-10-17 06:00:00,42,16,26
2019-10-17 07:00:00,84,49,35
2019-10-17 08:00:00,135,96,39
2019-10-17 09:00:00,66,47,19
2019-10-17 10:00:00,30,21,9
2019-10-17 11:00:00,23,11,12
2019-10-17 12:00:00,36,17,19
2019-10-17 13:00:00,27,12,15
2019-10-17 14:00:00,27,16,11
2019-10-17 15:00:00,60,29,31
2019-10-17 16:00:00,108,43,65
2019-10-17 17:00:00,166,43,123
2019-10-17 18:00:00,68,18,50
2019-10-17 19:00:00,21,9,12
2019-10-17 20:00:00,8,4,4
2019-10-17 21:00:00,3,2,1
2019-10-17 22:00:00,4,2,2
2019-10-17 23:00:00,4,1,3
2019-10-18 00:00:00,4,1,3
2019-10-18 01:00:00,1,0,1
2019-10-18 02:00:00,1,1,0
2019-10-18 03:00:00,1,0,1
2019-10-18 04:00:00,2,2,0
2019-10-18 05:00:00,14,9,5
2019-10-18 06:00:00,37,20,17
2019-10-18 07:00:00,86,60,26
2019-10-18 08:00:00,118,88,30
2019-10-18 09:00:00,78,60,18
2019-10-18 10:00:00,28,15,13
2019-10-18 11:00:00,14,5,9
2019-10-18 12:00:00,20,10,10
2019-10-18 13:00:00,16,8,8
2019-10-18 14:00:00,32,15,17
2019-10-18 15:00:00,52,22,30
2019-10-18 16:00:00,107,30,77
2019-10-18 17:00:00,134,29,105
2019-10-18 18:00:00,66,12,54
2019-10-18 19:00:00,7,3,4
2019-10-18 20:00:00,6,0,6
2019-10-18 21:00:00,6,3,3
2019-10-18 22:00:00,4,0,4
2019-10-18 23:00:00,0,0,0
2019-10-19 00:00:00,2,0,2
2019-10-19 01:00:00,3,1,2
2019-10-19 02:00:00,0,0,0
2019-10-19 03:00:00,1,0,1
2019-10-19 04:00:00,0,0,0
2019-10-19 05:00:00,3,2,1
2019-10-19 06:00:00,4,1,3
2019-10-19 07:00:00,4,3,1
2019-10-19 08:00:00,7,5,2
2019-10-19 09:00:00,11,7,4
2019-10-19 10:00:00,20,13,7
2019-10-19 11:00:00,17,11,6
2019-10-19 12:00:00,20,8,12
2019-10-19 13:00:00,10,4,6
2019-10-19 14:00:00,26,14,12
2019-10-19 15:00:00,40,12,28
2019-10-19 16:00:00,71,21,50
2019-10-19 17:00:00,58,29,29
2019-10-19 18:00:00,34,15,19
2019-10-19 19:00:00,16,8,8
2019-10-19 20:00:00,3,0,3
2019-10-19 21:00:00,4,2,2
2019-10-19 22:00:00,9,2,7
2019-10-19 23:00:00,3,0,3
2019-10-20 00:00:00,4,1,3
2019-10-20 01:00:00,2,0,2
2019-10-20 02:00:00,1,1,0
2019-10-20 03:00:00,0,0,0
2019-10-20 04:00:00,0,0,0
2019-10-20 05:00:00,4,2,2
2019-10-20 06:00:00,3,2,1
2019-10-20 07:00:00,6,5,1
2019-10-20 08:00:00,21,8,13
2019-10-20 09:00:00,18,12,6
2019-10-20 10:00:00,22,12,10
2019-10-20 11:00:00,35,12,23
2019-10-20 12:00:00,39,24,15
2019-10-20 13:00:00,22,11,11
2019-10-20 14:00:00,16,7,9
2019-10-20 15:00:00,16,7,9
2019-10-20 16:00:00,17,7,10
2019-10-20 17:00:00,31,13,18
2019-10-20 18:00:00,18,10,8
2019-10-20 19:00:00,2,0,2
2019-10-20 20:00:00,1,0,1
2019-10-20 21:00:00,4,3,1
2019-10-20 22:00:00,1,0,1
2019-10-20 23:00:00,1,0,1
2019-10-21 00:00:00,2,0,2
2019-10-21 01:00:00,1,0,1
2019-10-21 02:00:00,0,0,0
2019-10-21 03:00:00,1,0,1
2019-10-21 04:00:00,3,3,0
2019-10-21 05:00:00,17,7,10
2019-10-21 06:00:00,42,15,27
2019-10-21 07:00:00,120,75,45
2019-10-21 08:00:00,183,135,48
2019-10-21 09:00:00,80,56,24
2019-10-21 10:00:00,27,16,11
2019-10-21 11:00:00,15,11,4
2019-10-21 12:00:00,30,10,20
2019-10-21 13:00:00,24,8,16
2019-10-21 14:00:00,32,17,15
2019-10-21 15:00:00,52,26,26
2019-10-21 16:00:00,94,46,48
2019-10-21 17:00:00,160,35,125
2019-10-21 18:00:00,85,19,66
2019-10-21 19:00:00,21,2,19
2019-10-21 20:00:00,4,1,3
2019-10-21 21:00:00,8,3,5
2019-10-21 22:00:00,2,0,2
2019-10-21 23:00:00,1,1,0
2019-10-22 00:00:00,2,1,1
2019-10-22 01:00:00,1,1,0
2019-10-22 02:00:00,2,0,2
2019-10-22 03:00:00,0,0,0
2019-10-22 04:00:00,0,0,0
2019-10-22 05:00:00,17,9,8
2019-10-22 06:00:00,42,20,22
2019-10-22 07:00:00,118,82,36
2019-10-22 08:00:00,163,113,50
2019-10-22 09:00:00,99,61,38
2019-10-22 10:00:00,27,17,10
2019-10-22 11:00:00,23,10,13
2019-10-22 12:00:00,20,12,8
2019-10-22 13:00:00,21,15,6
2019-10-22 14:00:00,32,19,13
2019-10-22 15:00:00,46,24,22
2019-10-22 16:00:00,98,36,62
2019-10-22 17:00:00,215,58,157
2019-10-22 18:00:00,110,24,86
2019-10-22 19:00:00,32,7,25
2019-10-22 20:00:00,11,2,9
2019-10-22 21:00:00,10,6,4
2019-10-22 22:00:00,3,0,3
2019-10-22 23:00:00,4,1,3
2019-10-23 00:00:00,1,1,0
2019-10-23 01:00:00,1,1,0
2019-10-23 02:00:00,2,0,2
2019-10-23 03:00:00,0,0,0
2019-10-23 04:00:00,1,0,1
2019-10-23 05:00:00,26,13,13
2019-10-23 06:00:00,51,28,23
2019-10-23 07:00:00,130,87,43
2019-10-23 08:00:00,201,149,52
2019-10-23 09:00:00,106,68,38
2019-10-23 10:00:00,42,23,19
2019-10-23 11:00:00,49,20,29
2019-10-23 12:00:00,51,17,34
2019-10-23 13:00:00,56,32,24
2019-10-23 14:00:00,70,34,36
2019-10-23 15:00:00,97,51,46
2019-10-23 16:00:00,158,74,84
2019-10-23 17:00:00,273,94,179
2019-10-23 18:00:00,139,53,86
2019-10-23 19:00:00,41,20,21
2019-10-23 20:00:00,15,3,12
2019-10-23 21:00:00,36,5,31
2019-10-23 22:00:00,11,1,10
2019-10-23 23:00:00,12,1,11
2019-10-24 00:00:00,1,1,0
2019-10-24 01:00:00,5,4,1
2019-10-24 02:00:00,3,1,2
2019-10-24 03:00:00,0,0,0
2019-10-24 04:00:00,0,0,0
2019-10-24 05:00:00,22,10,12
2019-10-24 06:00:00,68,35,33
2019-10-24 07:00:00,123,87,36
2019-10-24 08:00:00,211,150,61
2019-10-24 09:00:00,96,63,33
2019-10-24 10:00:00,42,22,20
2019-10-24 11:00:00,55,29,26
2019-10-24 12:00:00,61,21,40
2019-10-24 13:00:00,59,29,30
2019-10-24 14:00:00,86,36,50
2019-10-24 15:00:00,103,55,48
2019-10-24 16:00:00,182,72,110
2019-10-24 17:00:00,268,84,184
2019-10-24 18:00:00,145,52,93
2019-10-24 19:00:00,66,18,48
2019-10-24 20:00:00,15,5,10
2019-10-24 21:00:00,12,4,8
2019-10-24 22:00:00,12,5,7
2019-10-24 23:00:00,8,3,5
2019-10-25 00:00:00,5,3,2
2019-10-25 01:00:00,1,0,1
2019-10-25 02:00:00,5,2,3
2019-10-25 03:00:00,0,0,0
2019-10-25 04:00:00,0,0,0
2019-10-25 05:00:00,20,10,10
2019-10-25 06:00:00,33,19,14
2019-10-25 07:00:00,92,62,30
2019-10-25 08:00:00,179,128,51
2019-10-25 09:00:00,90,65,25
2019-10-25 10:00:00,31,17,14
2019-10-25 11:00:00,36,17,19
2019-10-25 12:00:00,17,9,8
2019-10-25 13:00:00,18,12,6
2019-10-25 14:00:00,35,12,23
2019-10-25 15:00:00,69,23,46
2019-10-25 16:00:00,148,50,98
2019-10-25 17:00:00,210,61,149
2019-10-25 18:00:00,90,36,54
2019-10-25 19:00:00,23,8,15
2019-10-25 20:00:00,11,5,6
2019-10-25 21:00:00,4,1,3
2019-10-25 22:00:00,4,2,2
2019-10-25 23:00:00,8,1,7
2019-10-26 00:00:00,4,3,1
2019-10-26 01:00:00,4,1,3
2019-10-26 02:00:00,1,0,1
2019-10-26 03:00:00,0,0,0
2019-10-26 04:00:00,0,0,0
2019-10-26 05:00:00,4,3,1
2019-10-26 06:00:00,5,5,0
2019-10-26 07:00:00,9,7,2
2019-10-26 08:00:00,18,11,7
2019-10-26 09:00:00,18,10,8
2019-10-26 10:00:00,40,22,18
2019-10-26 11:00:00,60,27,33
2019-10-26 12:00:00,56,28,28
2019-10-26 13:00:00,79,47,32
2019-10-26 14:00:00,71,36,35
2019-10-26 15:00:00,89,42,47
2019-10-26 16:00:00,91,47,44
2019-10-26 17:00:00,93,53,40
2019-10-26 18:00:00,43,21,22
2019-10-26 19:00:00,20,16,4
2019-10-26 20:00:00,4,0,4
2019-10-26 21:00:00,8,2,6
2019-10-26 22:00:00,17,2,15
2019-10-26 23:00:00,3,3,0
2019-10-27 00:00:00,6,3,3
2019-10-27 01:00:00,2,0,2
2019-10-27 02:00:00,3,0,3
2019-10-27 03:00:00,2,1,1
2019-10-27 04:00:00,0,0,0
2019-10-27 05:00:00,4,1,3
2019-10-27 06:00:00,3,3,0
2019-10-27 07:00:00,11,8,3
2019-10-27 08:00:00,11,5,6
2019-10-27 09:00:00,40,18,22
2019-10-27 10:00:00,47,23,24
2019-10-27 11:00:00,82,46,36
2019-10-27 12:00:00,77,32,45
2019-10-27 13:00:00,142,74,68
2019-10-27 14:00:00,172,72,100
2019-10-27 15:00:00,150,72,78
2019-10-27 16:00:00,137,65,72
2019-10-27 17:00:00,83,41,42
2019-10-27 18:00:00,64,37,27
2019-10-27 19:00:00,6,3,3
2019-10-27 20:00:00,9,3,6
2019-10-27 21:00:00,6,2,4
2019-10-27 22:00:00,6,4,2
2019-10-27 23:00:00,5,0,5
2019-10-28 00:00:00,4,2,2
2019-10-28 01:00:00,1,0,1
2019-10-28 02:00:00,0,0,0
2019-10-28 03:00:00,0,0,0
2019-10-28 04:00:00,0,0,0
2019-10-28 05:00:00,21,8,13
2019-10-28 06:00:00,53,23,30
2019-10-28 07:00:00,131,90,41
2019-10-28 08:00:00,201,150,51
2019-10-28 09:00:00,98,67,31
2019-10-28 10:00:00,40,18,22
2019-10-28 11:00:00,40,22,18
2019-10-28 12:00:00,32,19,13
2019-10-28 13:00:00,37,16,21
2019-10-28 14:00:00,65,37,28
2019-10-28 15:00:00,100,48,52
2019-10-28 16:00:00,168,64,104
2019-10-28 17:00:00,282,83,199
2019-10-28 18:00:00,102,24,78
2019-10-28 19:00:00,36,9,27
2019-10-28 20:00:00,17,7,10
2019-10-28 21:00:00,6,1,5
2019-10-28 22:00:00,3,1,2
2019-10-28 23:00:00,4,3,1
2019-10-29 00:00:00,4,2,2
2019-10-29 01:00:00,3,2,1
2019-10-29 02:00:00,3,0,3
2019-10-29 03:00:00,1,1,0
2019-10-29 04:00:00,0,0,0
2019-10-29 05:00:00,22,8,14
2019-10-29 06:00:00,69,38,31
2019-10-29 07:00:00,145,88,57
2019-10-29 08:00:00,211,153,58
2019-10-29 09:00:00,95,61,34
2019-10-29 10:00:00,37,21,16
2019-10-29 11:00:00,18,9,9
2019-10-29 12:00:00,31,12,19
2019-10-29 13:00:00,33,16,17
2019-10-29 14:00:00,66,41,25
2019-10-29 15:00:00,95,45,50
2019-10-29 16:00:00,154,57,97
2019-10-29 17:00:00,256,74,182
2019-10-29 18:00:00,131,48,83
2019-10-29 19:00:00,28,8,20
2019-10-29 20:00:00,9,2,7
2019-10-29 21:00:00,10,5,5
2019-10-29 22:00:00,4,0,4
2019-10-29 23:00:00,1,0,1
2019-10-30 00:00:00,4,1,3
2019-10-30 01:00:00,1,1,0
2019-10-30 02:00:00,1,0,1
2019-10-30 03:00:00,1,0,1
2019-10-30 04:00:00,0,0,0
2019-10-30 05:00:00,25,15,10
2019-10-30 06:00:00,52,26,26
2019-10-30 07:00:00,138,87,51
2019-10-30 08:00:00,194,156,38
2019-10-30 09:00:00,106,69,37
2019-10-30 10:00:00,34,21,13
2019-10-30 11:00:00,30,19,11
2019-10-30 12:00:00,47,19,28
2019-10-30 13:00:00,35,17,18
2019-10-30 14:00:00,61,38,23
2019-10-30 15:00:00,83,41,42
2019-10-30 16:00:00,161,66,95
2019-10-30 17:00:00,269,85,184
2019-10-30 18:00:00,125,31,94
2019-10-30 19:00:00,41,15,26
2019-10-30 20:00:00,12,7,5
2019-10-30 21:00:00,4,3,1
2019-10-30 22:00:00,5,1,4
2019-10-30 23:00:00,1,0,1
2019-10-31 00:00:00,3,2,1
2019-10-31 01:00:00,2,2,0
2019-10-31 02:00:00,1,0,1
2019-10-31 03:00:00,0,0,0
2019-10-31 04:00:00,0,0,0
2019-10-31 05:00:00,24,11,13
2019-10-31 06:00:00,53,23,30
2019-10-31 07:00:00,141,91,50
2019-10-31 08:00:00,177,126,51
2019-10-31 09:00:00,83,60,23
2019-10-31 10:00:00,30,17,13
2019-10-31 11:00:00,28,17,11
2019-10-31 12:00:00,38,17,21
2019-10-31 13:00:00,57,29,28
2019-10-31 14:00:00,63,37,26
2019-10-31 15:00:00,115,49,66
2019-10-31 16:00:00,165,55,110
2019-10-31 17:00:00,179,48,131
2019-10-31 18:00:00,108,34,74
2019-10-31 19:00:00,22,9,13
2019-10-31 20:00:00,11,5,6
2019-10-31 21:00:00,6,3,3
2019-10-31 22:00:00,15,7,8
2019-10-31 23:00:00,6,3,3
2019-11-01 00:00:00,3,1,2
2019-11-01 01:00:00,4,2,2
2019-11-01 02:00:00,2,1,1
2019-11-01 03:00:00,0,0,0
2019-11-01 04:00:00,0,0,0
2019-11-01 05:00:00,17,10,7
2019-11-01 06:00:00,44,21,23
2019-11-01 07:00:00,114,68,46
2019-11-01 08:00:00,182,131,51
2019-11-01 09:00:00,94,67,27
2019-11-01 10:00:00,52,29,23
2019-11-01 11:00:00,22,14,8
2019-11-01 12:00:00,44,26,18
2019-11-01 13:00:00,65,23,42
2019-11-01 14:00:00,79,42,37
2019-11-01 15:00:00,99,45,54
2019-11-01 16:00:00,183,77,106
2019-11-01 17:00:00,203,53,150
2019-11-01 18:00:00,103,39,64
2019-11-01 19:00:00,33,14,19
2019-11-01 20:00:00,15,6,9
2019-11-01 21:00:00,7,4,3
2019-11-01 22:00:00,6,1,5
2019-11-01 23:00:00,4,2,2
2019-11-02 00:00:00,7,4,3
2019-11-02 01:00:00,3,1,2
2019-11-02 02:00:00,1,0,1
2019-11-02 03:00:00,0,0,0
2019-11-02 04:00:00,2,2,0
2019-11-02 05:00:00,2,1,1
2019-11-02 06:00:00,8,3,5
2019-11-02 07:00:00,18,11,7
2019-11-02 08:00:00,32,13,19
2019-11-02 09:00:00,56,27,29
2019-11-02 10:00:00,68,45,23
2019-11-02 11:00:00,81,44,37
2019-11-02 12:00:00,107,66,41
2019-11-02 13:00:00,105,46,59
2019-11-02 14:00:00,126,60,66
2019-11-02 15:00:00,108,46,62
2019-11-02 16:00:00,120,51,69
2019-11-02 17:00:00,91,44,47
2019-11-02 18:00:00,46,28,18
2019-11-02 19:00:00,10,3,7
2019-11-02 20:00:00,8,2,6
2019-11-02 21:00:00,9,3,6
2019-11-02 22:00:00,11,2,9
2019-11-02 23:00:00,7,4,3
2019-11-03 00:00:00,6,3,3
2019-11-03 01:00:00,5,2,3
2019-11-03 02:00:00,0,0,0
2019-11-03 03:00:00,0,0,0
2019-11-03 04:00:00,5,2,3
2019-11-03 05:00:00,1,0,1
2019-11-03 06:00:00,11,3,8
2019-11-03 07:00:00,11,6,5
2019-11-03 08:00:00,30,15,15
2019-11-03 09:00:00,57,19,38
2019-11-03 10:00:00,78,38,40
2019-11-03 11:00:00,100,50,50
2019-11-03 12:00:00,115,63,52
2019-11-03 13:00:00,121,51,70
2019-11-03 14:00:00,160,63,97
2019-11-03 15:00:00,131,69,62
2019-11-03 16:00:00,74,36,38
2019-11-03 17:00:00,92,37,55
2019-11-03 18:00:00,21,9,12
2019-11-03 19:00:00,8,1,7
2019-11-03 20:00:00,10,3,7
2019-11-03 21:00:00,5,3,2
2019-11-03 22:00:00,3,2,1
2019-11-03 23:00:00,1,0,1
2019-11-04 00:00:00,2,0,2
2019-11-04 01:00:00,4,1,3
2019-11-04 02:00:00,1,0,1
2019-11-04 03:00:00,0,0,0
2019-11-04 04:00:00,0,0,0
2019-11-04 05:00:00,23,8,15
2019-11-04 06:00:00,62,28,34
2019-11-04 07:00:00,168,116,52
2019-11-04 08:00:00,211,153,58
2019-11-04 09:00:00,101,71,30
2019-11-04 10:00:00,35,12,23
2019-11-04 11:00:00,45,24,21
2019-11-04 12:00:00,33,20,13
2019-11-04 13:00:00,48,24,24
2019-11-04 14:00:00,57,32,25
2019-11-04 15:00:00,110,53,57
2019-11-04 16:00:00,191,66,125
2019-11-04 17:00:00,247,74,173
2019-11-04 18:00:00,100,18,82
2019-11-04 19:00:00,25,9,16
2019-11-04 20:00:00,17,4,13
2019-11-04 21:00:00,4,2,2
2019-11-04 22:00:00,4,1,3
2019-11-04 23:00:00,3,1,2
2019-11-05 00:00:00,1,1,0
2019-11-05 01:00:00,4,2,2
2019-11-05 02:00:00,1,0,1
2019-11-05 03:00:00,1,1,0
2019-11-05 04:00:00,4,3,1
2019-11-05 05:00:00,28,15,13
2019-11-05 06:00:00,86,46,40
2019-11-05 07:00:00,180,109,71
2019-11-05 08:00:00,204,142,62
2019-11-05 09:00:00,79,59,20
2019-11-05 10:00:00,30,17,13
2019-11-05 11:00:00,39,28,11
2019-11-05 12:00:00,49,23,26
2019-11-05 13:00:00,61,32,29
2019-11-05 14:00:00,60,31,29
2019-11-05 15:00:00,108,63,45
2019-11-05 16:00:00,207,85,122
2019-11-05 17:00:00,232,69,163
2019-11-05 18:00:00,91,19,72
2019-11-05 19:00:00,25,4,21
2019-11-05 20:00:00,16,6,10
2019-11-05 21:00:00,7,3,4
2019-11-05 22:00:00,6,3,3
2019-11-05 23:00:00,4,3,1
2019-11-06 00:00:00,9,2,7
2019-11-06 01:00:00,1,1,0
2019-11-06 02:00:00,1,0,1
2019-11-06 03:00:00,0,0,0
2019-11-06 04:00:00,3,3,0
2019-11-06 05:00:00,37,22,15
2019-11-06 06:00:00,63,32,31
2019-11-06 07:00:00,163,105,58
2019-11-06 08:00:00,206,151,55
2019-11-06 09:00:00,82,61,21
2019-11-06 10:00:00,35,19,16
2019-11-06 11:00:00,27,18,9
2019-11-06 12:00:00,40,14,26
2019-11-06 13:00:00,38,21,17
2019-11-06 14:00:00,56,29,27
2019-11-06 15:00:00,102,53,49
2019-11-06 16:00:00,178,71,107
2019-11-06 17:00:00,220,57,163
2019-11-06 18:00:00,92,20,72
2019-11-06 19:00:00,24,5,19
2019-11-06 20:00:00,10,4,6
2019-11-06 21:00:00,10,3,7
2019-11-06 22:00:00,7,3,4
2019-11-06 23:00:00,6,2,4
2019-11-07 00:00:00,3,2,1
2019-11-07 01:00:00,1,1,0
2019-11-07 02:00:00,2,0,2
2019-11-07 03:00:00,0,0,0
2019-11-07 04:00:00,1,1,0
2019-11-07 05:00:00,30,12,18
2019-11-07 06:00:00,70,44,26
2019-11-07 07:00:00,146,92,54
2019-11-07 08:00:00,183,124,59
2019-11-07 09:00:00,76,53,23
2019-11-07 10:00:00,36,26,10
2019-11-07 11:00:00,37,21,16
2019-11-07 12:00:00,33,15,18
2019-11-07 13:00:00,50,19,31
2019-11-07 14:00:00,55,19,36
2019-11-07 15:00:00,106,51,55
2019-11-07 16:00:00,186,75,111
2019-11-07 17:00:00,212,70,142
2019-11-07 18:00:00,87,25,62
2019-11-07 19:00:00,27,10,17
2019-11-07 20:00:00,12,3,9
2019-11-07 21:00:00,16,4,12
2019-11-07 22:00:00,7,5,2
2019-11-07 23:00:00,1,0,1
2019-11-08 00:00:00,6,4,2
2019-11-08 01:00:00,0,0,0
2019-11-08 02:00:00,3,1,2
2019-11-08 03:00:00,0,0,0
2019-11-08 04:00:00,1,0,1
2019-11-08 05:00:00,24,12,12
2019-11-08 06:00:00,48,28,20
2019-11-08 07:00:00,131,86,45
2019-11-08 08:00:00,145,116,29
2019-11-08 09:00:00,99,73,26
2019-11-08 10:00:00,54,29,25
2019-11-08 11:00:00,33,18,15
2019-11-08 12:00:00,53,30,23
2019-11-08 13:00:00,57,26,31
2019-11-08 14:00:00,103,53,50
2019-11-08 15:00:00,110,48,62
2019-11-08 16:00:00,175,69,106
2019-11-08 17:00:00,162,41,121
2019-11-08 18:00:00,61,17,44
2019-11-08 19:00:00,23,10,13
2019-11-08 20:00:00,20,5,15
2019-11-08 21:00:00,8,6,2
2019-11-08 22:00:00,3,1,2
2019-11-08 23:00:00,4,2,2
2019-11-09 00:00:00,5,1,4
2019-11-09 01:00:00,3,0,3
2019-11-09 02:00:00,1,0,1
2019-11-09 03:00:00,1,1,0
2019-11-09 04:00:00,0,0,0
2019-11-09 05:00:00,3,3,0
2019-11-09 06:00:00,5,2,3
2019-11-09 07:00:00,5,2,3
2019-11-09 08:00:00,11,9,2
2019-11-09 09:00:00,13,9,4
2019-11-09 10:00:00,19,10,9
2019-11-09 11:00:00,33,19,14
2019-11-09 12:00:00,17,11,6
2019-11-09 13:00:00,37,24,13
2019-11-09 14:00:00,40,22,18
2019-11-09 15:00:00,37,21,16
2019-11-09 16:00:00,40,24,16
2019-11-09 17:00:00,27,18,9
2019-11-09 18:00:00,28,11,17
2019-11-09 19:00:00,3,0,3
2019-11-09 20:00:00,1,1,0
2019-11-09 21:00:00,4,1,3
2019-11-09 22:00:00,4,2,2
2019-11-09 23:00:00,4,1,3
2019-11-10 00:00:00,3,0,3
2019-11-10 01:00:00,1,0,1
2019-11-10 02:00:00,0,0,0
2019-11-10 03:00:00,0,0,0
2019-11-10 04:00:00,0,0,0
2019-11-10 05:00:00,0,0,0
2019-11-10 06:00:00,7,5,2
2019-11-10 07:00:00,13,6,7
2019-11-10 08:00:00,19,11,8
2019-11-10 09:00:00,45,35,10
2019-11-10 10:00:00,83,60,23
2019-11-10 11:00:00,60,29,31
2019-11-10 12:00:00,81,37,44
2019-11-10 13:00:00,67,36,31
2019-11-10 14:00:00,116,47,69
2019-11-10 15:00:00,132,45,87
2019-11-10 16:00:00,68,25,43
2019-11-10 17:00:00,35,16,19
2019-11-10 18:00:00,13,7,6
2019-11-10 19:00:00,6,3,3
2019-11-10 20:00:00,9,3,6
2019-11-10 21:00:00,10,3,7
2019-11-10 22:00:00,6,1,5
2019-11-10 23:00:00,5,2,3
2019-11-11 00:00:00,2,1,1
2019-11-11 01:00:00,1,0,1
2019-11-11 02:00:00,1,1,0
2019-11-11 03:00:00,0,0,0
2019-11-11 04:00:00,2,2,0
2019-11-11 05:00:00,20,5,15
2019-11-11 06:00:00,43,21,22
2019-11-11 07:00:00,117,69,48
2019-11-11 08:00:00,152,106,46
2019-11-11 09:00:00,81,55,26
2019-11-11 10:00:00,41,22,19
2019-11-11 11:00:00,48,33,15
2019-11-11 12:00:00,73,38,35
2019-11-11 13:00:00,103,52,51
2019-11-11 14:00:00,85,48,37
2019-11-11 15:00:00,122,56,66
2019-11-11 16:00:00,172,69,103
2019-11-11 17:00:00,180,54,126
2019-11-11 18:00:00,61,16,45
2019-11-11 19:00:00,18,4,14
2019-11-11 20:00:00,11,5,6
2019-11-11 21:00:00,13,6,7
2019-11-11 22:00:00,7,1,6
2019-11-11 23:00:00,5,1,4
2019-11-12 00:00:00,2,2,0
2019-11-12 01:00:00,4,2,2
2019-11-12 02:00:00,1,0,1
2019-11-12 03:00:00,1,0,1
2019-11-12 04:00:00,2,2,0
2019-11-12 05:00:00,19,5,14
2019-11-12 06:00:00,53,30,23
2019-11-12 07:00:00,109,65,44
2019-11-12 08:00:00,133,84,49
2019-11-12 09:00:00,69,58,11
2019-11-12 10:00:00,21,15,6
2019-11-12 11:00:00,26,19,7
2019-11-12 12:00:00,23,9,14
2019-11-12 13:00:00,34,13,21
2019-11-12 14:00:00,32,21,11
2019-11-12 15:00:00,59,32,27
2019-11-12 16:00:00,126,53,73
2019-11-12 17:00:00,157,46,111
2019-11-12 18:00:00,79,20,59
2019-11-12 19:00:00,38,12,26
2019-11-12 20:00:00,23,13,10
2019-11-12 21:00:00,6,3,3
2019-11-12 22:00:00,4,1,3
2019-11-12 23:00:00,6,2,4
2019-11-13 00:00:00,2,1,1
2019-11-13 01:00:00,4,1,3
2019-11-13 02:00:00,1,1,0
2019-11-13 03:00:00,4,1,3
2019-11-13 04:00:00,2,2,0
2019-11-13 05:00:00,22,14,8
2019-11-13 06:00:00,65,33,32
2019-11-13 07:00:00,144,89,55
2019-11-13 08:00:00,170,126,44
2019-11-13 09:00:00,106,79,27
2019-11-13 10:00:00,36,24,12
2019-11-13 11:00:00,32,17,15
2019-11-13 12:00:00,50,22,28
2019-11-13 13:00:00,62,29,33
2019-11-13 14:00:00,54,28,26
2019-11-13 15:00:00,92,46,46
2019-11-13 16:00:00,167,71,96
2019-11-13 17:00:00,210,71,139
2019-11-13 18:00:00,101,27,74
2019-11-13 19:00:00,41,13,28
2019-11-13 20:00:00,15,3,12
2019-11-13 21:00:00,10,6,4
2019-11-13 22:00:00,6,2,4
2019-11-13 23:00:00,3,1,2
2019-11-14 00:00:00,7,5,2
2019-11-14 01:00:00,2,1,1
2019-11-14 02:00:00,0,0,0
2019-11-14 03:00:00,1,0,1
2019-11-14 04:00:00,1,1,0
2019-11-14 05:00:00,18,8,10
2019-11-14 06:00:00,64,27,37
2019-11-14 07:00:00,147,94,53
2019-11-14 08:00:00,174,119,55
2019-11-14 09:00:00,83,60,23
2019-11-14 10:00:00,47,26,21
2019-11-14 11:00:00,41,23,18
2019-11-14 12:00:00,43,14,29
2019-11-14 13:00:00,35,18,17
2019-11-14 14:00:00,34,20,14
2019-11-14 15:00:00,76,43,33
2019-11-14 16:00:00,161,62,99
2019-11-14 17:00:00,189,49,140
2019-11-14 18:00:00,82,23,59
2019-11-14 19:00:00,37,8,29
2019-11-14 20:00:00,17,5,12
2019-11-14 21:00:00,12,5,7
2019-11-14 22:00:00,10,3,7
2019-11-14 23:00:00,8,4,4
2019-11-15 00:00:00,4,3,1
2019-11-15 01:00:00,4,2,2
2019-11-15 02:00:00,4,2,2
2019-11-15 03:00:00,0,0,0
2019-11-15 04:00:00,0,0,0
2019-11-15 05:00:00,19,8,11
2019-11-15 06:00:00,30,12,18
2019-11-15 07:00:00,95,54,41
2019-11-15 08:00:00,124,93,31
2019-11-15 09:00:00,63,38,25
2019-11-15 10:00:00,35,17,18
2019-11-15 11:00:00,39,18,21
2019-11-15 12:00:00,32,19,13
2019-11-15 13:00:00,40,20,20
2019-11-15 14:00:00,40,22,18
2019-11-15 15:00:00,83,34,49
2019-11-15 16:00:00,139,54,85
2019-11-15 17:00:00,123,38,85
2019-11-15 18:00:00,53,16,37
2019-11-15 19:00:00,25,4,21
2019-11-15 20:00:00,18,9,9
2019-11-15 21:00:00,4,2,2
2019-11-15 22:00:00,9,3,6
2019-11-15 23:00:00,2,0,2
2019-11-16 00:00:00,8,1,7
2019-11-16 01:00:00,3,3,0
2019-11-16 02:00:00,2,1,1
2019-11-16 03:00:00,0,0,0
2019-11-16 04:00:00,3,3,0
2019-11-16 05:00:00,1,1,0
2019-11-16 06:00:00,6,2,4
2019-11-16 07:00:00,11,6,5
2019-11-16 08:00:00,38,18,20
2019-11-16 09:00:00,39,21,18
2019-11-16 10:00:00,41,16,25
2019-11-16 11:00:00,65,37,28
2019-11-16 12:00:00,61,35,26
2019-11-16 13:00:00,58,30,28
2019-11-16 14:00:00,60,29,31
2019-11-16 15:00:00,42,18,24
2019-11-16 16:00:00,24,11,13
2019-11-16 17:00:00,19,9,10
2019-11-16 18:00:00,8,4,4
2019-11-16 19:00:00,7,2,5
2019-11-16 20:00:00,5,3,2
2019-11-16 21:00:00,7,5,2
2019-11-16 22:00:00,2,0,2
2019-11-16 23:00:00,8,3,5
2019-11-17 00:00:00,8,1,7
2019-11-17 01:00:00,4,1,3
2019-11-17 02:00:00,2,2,0
2019-11-17 03:00:00,2,2,0
2019-11-17 04:00:00,2,0,2
2019-11-17 05:00:00,0,0,0
2019-11-17 06:00:00,5,4,1
2019-11-17 07:00:00,3,2,1
2019-11-17 08:00:00,7,2,5
2019-11-17 09:00:00,7,2,5
2019-11-17 10:00:00,32,13,19
2019-11-17 11:00:00,41,23,18
2019-11-17 12:00:00,49,32,17
2019-11-17 13:00:00,49,24,25
2019-11-17 14:00:00,32,15,17
2019-11-17 15:00:00,16,11,5
2019-11-17 16:00:00,9,5,4
2019-11-17 17:00:00,9,2,7
2019-11-17 18:00:00,6,3,3
2019-11-17 19:00:00,3,2,1
2019-11-17 20:00:00,4,3,1
2019-11-17 21:00:00,8,3,5
2019-11-17 22:00:00,1,0,1
2019-11-17 23:00:00,1,0,1
2019-11-18 00:00:00,1,0,1
2019-11-18 01:00:00,2,0,2
2019-11-18 02:00:00,0,0,0
2019-11-18 03:00:00,0,0,0
2019-11-18 04:00:00,0,0,0
2019-11-18 05:00:00,16,10,6
2019-11-18 06:00:00,57,25,32
2019-11-18 07:00:00,126,75,51
2019-11-18 08:00:00,188,126,62
2019-11-18 09:00:00,83,54,29
2019-11-18 10:00:00,27,12,15
2019-11-18 11:00:00,31,21,10
2019-11-18 12:00:00,23,9,14
2019-11-18 13:00:00,16,1,15
2019-11-18 14:00:00,28,15,13
2019-11-18 15:00:00,44,20,24
2019-11-18 16:00:00,103,37,66
2019-11-18 17:00:00,151,51,100
2019-11-18 18:00:00,81,20,61
2019-11-18 19:00:00,31,7,24
2019-11-18 20:00:00,8,3,5
2019-11-18 21:00:00,2,0,2
2019-11-18 22:00:00,1,1,0
2019-11-18 23:00:00,4,0,4
2019-11-19 00:00:00,1,1,0
2019-11-19 01:00:00,1,1,0
2019-11-19 02:00:00,2,0,2
2019-11-19 03:00:00,0,0,0
2019-11-19 04:00:00,2,2,0
2019-11-19 05:00:00,18,9,9
2019-11-19 06:00:00,58,34,24
2019-11-19 07:00:00,122,74,48
2019-11-19 08:00:00,164,110,54
2019-11-19 09:00:00,83,53,30
2019-11-19 10:00:00,29,23,6
2019-11-19 11:00:00,17,11,6
2019-11-19 12:00:00,25,14,11
2019-11-19 13:00:00,36,15,21
2019-11-19 14:00:00,38,19,19
2019-11-19 15:00:00,84,44,40
2019-11-19 16:00:00,179,79,100
2019-11-19 17:00:00,168,55,113
2019-11-19 18:00:00,96,24,72
2019-11-19 19:00:00,32,9,23
2019-11-19 20:00:00,12,6,6
2019-11-19 21:00:00,10,2,8
2019-11-19 22:00:00,4,1,3
2019-11-19 23:00:00,4,0,4
2019-11-20 00:00:00,3,2,1
2019-11-20 01:00:00,2,2,0
2019-11-20 02:00:00,2,0,2
2019-11-20 03:00:00,0,0,0
2019-11-20 04:00:00,3,3,0
2019-11-20 05:00:00,19,8,11
2019-11-20 06:00:00,53,30,23
2019-11-20 07:00:00,162,90,72
2019-11-20 08:00:00,211,155,56
2019-11-20 09:00:00,113,83,30
2019-11-20 10:00:00,54,36,18
2019-11-20 11:00:00,39,21,18
2019-11-20 12:00:00,56,28,28
2019-11-20 13:00:00,65,31,34
2019-11-20 14:00:00,73,37,36
2019-11-20 15:00:00,113,39,74
2019-11-20 16:00:00,180,79,101
2019-11-20 17:00:00,198,57,141
2019-11-20 18:00:00,109,29,80
2019-11-20 19:00:00,44,8,36
2019-11-20 20:00:00,10,4,6
2019-11-20 21:00:00,9,7,2
2019-11-20 22:00:00,12,2,10
2019-11-20 23:00:00,5,1,4
2019-11-21 00:00:00,3,2,1
2019-11-21 01:00:00,2,1,1
2019-11-21 02:00:00,1,0,1
2019-11-21 03:00:00,2,0,2
2019-11-21 04:00:00,8,3,5
2019-11-21 05:00:00,22,8,14
2019-11-21 06:00:00,52,26,26
2019-11-21 07:00:00,139,80,59
2019-11-21 08:00:00,183,119,64
2019-11-21 09:00:00,101,64,37
2019-11-21 10:00:00,75,40,35
2019-11-21 11:00:00,44,14,30
2019-11-21 12:00:00,62,35,27
2019-11-21 13:00:00,50,23,27
2019-11-21 14:00:00,70,38,32
2019-11-21 15:00:00,106,37,69
2019-11-21 16:00:00,151,72,79
2019-11-21 17:00:00,190,55,135
2019-11-21 18:00:00,81,25,56
2019-11-21 19:00:00,20,7,13
2019-11-21 20:00:00,23,3,20
2019-11-21 21:00:00,10,4,6
2019-11-21 22:00:00,6,5,1
2019-11-21 23:00:00,3,2,1
2019-11-22 00:00:00,4,2,2
2019-11-22 01:00:00,2,1,1
2019-11-22 02:00:00,4,3,1
2019-11-22 03:00:00,2,1,1
2019-11-22 04:00:00,0,0,0
2019-11-22 05:00:00,21,10,11
2019-11-22 06:00:00,40,13,27
2019-11-22 07:00:00,108,66,42
2019-11-22 08:00:00,159,110,49
2019-11-22 09:00:00,74,47,27
2019-11-22 10:00:00,45,26,19
2019-11-22 11:00:00,29,18,11
2019-11-22 12:00:00,35,19,16
2019-11-22 13:00:00,38,16,22
2019-11-22 14:00:00,55,23,32
2019-11-22 15:00:00,79,36,43
2019-11-22 16:00:00,151,57,94
2019-11-22 17:00:00,144,41,103
2019-11-22 18:00:00,51,12,39
2019-11-22 19:00:00,23,5,18
2019-11-22 20:00:00,13,2,11
2019-11-22 21:00:00,10,3,7
2019-11-22 22:00:00,6,4,2
2019-11-22 23:00:00,8,1,7
2019-11-23 00:00:00,8,5,3
2019-11-23 01:00:00,8,4,4
2019-11-23 02:00:00,2,0,2
2019-11-23 03:00:00,1,0,1
2019-11-23 04:00:00,1,1,0
2019-11-23 05:00:00,3,3,0
2019-11-23 06:00:00,0,0,0
2019-11-23 07:00:00,16,10,6
2019-11-23 08:00:00,23,12,11
2019-11-23 09:00:00,49,32,17
2019-11-23 10:00:00,55,25,30
2019-11-23 11:00:00,60,25,35
2019-11-23 12:00:00,51,16,35
2019-11-23 13:00:00,53,18,35
2019-11-23 14:00:00,81,31,50
2019-11-23 15:00:00,81,36,45
2019-11-23 16:00:00,41,20,21
2019-11-23 17:00:00,33,24,9
2019-11-23 18:00:00,10,5,5
2019-11-23 19:00:00,8,3,5
2019-11-23 20:00:00,5,2,3
2019-11-23 21:00:00,3,1,2
2019-11-23 22:00:00,5,3,2
2019-11-23 23:00:00,3,0,3
2019-11-24 00:00:00,2,0,2
2019-11-24 01:00:00,1,0,1
2019-11-24 02:00:00,0,0,0
2019-11-24 03:00:00,0,0,0
2019-11-24 04:00:00,0,0,0
2019-11-24 05:00:00,0,0,0
2019-11-24 06:00:00,7,4,3
2019-11-24 07:00:00,5,2,3
2019-11-24 08:00:00,21,12,9
2019-11-24 09:00:00,18,9,9
2019-11-24 10:00:00,30,12,18
2019-11-24 11:00:00,64,36,28
2019-11-24 12:00:00,70,38,32
2019-11-24 13:00:00,70,33,37
2019-11-24 14:00:00,78,33,45
2019-11-24 15:00:00,74,37,37
2019-11-24 16:00:00,60,25,35
2019-11-24 17:00:00,33,21,12
2019-11-24 18:00:00,5,3,2
2019-11-24 19:00:00,9,2,7
2019-11-24 20:00:00,8,1,7
2019-11-24 21:00:00,4,3,1
2019-11-24 22:00:00,0,0,0
2019-11-24 23:00:00,3,2,1
2019-11-25 00:00:00,1,0,1
2019-11-25 01:00:00,1,0,1
2019-11-25 02:00:00,0,0,0
2019-11-25 03:00:00,1,1,0
2019-11-25 04:00:00,0,0,0
2019-11-25 05:00:00,19,9,10
2019-11-25 06:00:00,55,26,29
2019-11-25 07:00:00,128,81,47
2019-11-25 08:00:00,159,99,60
2019-11-25 09:00:00,91,70,21
2019-11-25 10:00:00,27,16,11
2019-11-25 11:00:00,31,16,15
2019-11-25 12:00:00,19,13,6
2019-11-25 13:00:00,32,19,13
2019-11-25 14:00:00,24,14,10
2019-11-25 15:00:00,55,35,20
2019-11-25 16:00:00,115,50,65
2019-11-25 17:00:00,170,55,115
2019-11-25 18:00:00,62,16,46
2019-11-25 19:00:00,23,2,21
2019-11-25 20:00:00,10,3,7
2019-11-25 21:00:00,2,1,1
2019-11-25 22:00:00,2,0,2
2019-11-25 23:00:00,2,0,2
2019-11-26 00:00:00,3,2,1
2019-11-26 01:00:00,1,1,0
2019-11-26 02:00:00,2,0,2
2019-11-26 03:00:00,0,0,0
2019-11-26 04:00:00,0,0,0
2019-11-26 05:00:00,13,4,9
2019-11-26 06:00:00,61,35,26
2019-11-26 07:00:00,110,67,43
2019-11-26 08:00:00,151,99,52
2019-11-26 09:00:00,78,52,26
2019-11-26 10:00:00,32,22,10
2019-11-26 11:00:00,38,21,17
2019-11-26 12:00:00,27,14,13
2019-11-26 13:00:00,40,22,18
2019-11-26 14:00:00,38,18,20
2019-11-26 15:00:00,81,40,41
2019-11-26 16:00:00,130,51,79
2019-11-26 17:00:00,145,38,107
2019-11-26 18:00:00,84,21,63
2019-11-26 19:00:00,23,11,12
2019-11-26 20:00:00,4,0,4
2019-11-26 21:00:00,6,3,3
2019-11-26 22:00:00,2,0,2
2019-11-26 23:00:00,0,0,0
2019-11-27 00:00:00,5,2,3
2019-11-27 01:00:00,1,1,0
2019-11-27 02:00:00,2,0,2
2019-11-27 03:00:00,1,0,1
2019-11-27 04:00:00,2,1,1
2019-11-27 05:00:00,10,4,6
2019-11-27 06:00:00,32,17,15
2019-11-27 07:00:00,89,55,34
2019-11-27 08:00:00,110,80,30
2019-11-27 09:00:00,66,40,26
2019-11-27 10:00:00,35,25,10
2019-11-27 11:00:00,26,17,9
2019-11-27 12:00:00,38,23,15
2019-11-27 13:00:00,46,16,30
2019-11-27 14:00:00,81,35,46
2019-11-27 15:00:00,98,43,55
2019-11-27 16:00:00,98,41,57
2019-11-27 17:00:00,58,14,44
2019-11-27 18:00:00,39,11,28
2019-11-27 19:00:00,14,7,7
2019-11-27 20:00:00,6,3,3
2019-11-27 21:00:00,4,2,2
2019-11-27 22:00:00,4,0,4
2019-11-27 23:00:00,7,1,6
2019-11-28 00:00:00,6,4,2
2019-11-28 01:00:00,1,1,0
2019-11-28 02:00:00,1,0,1
2019-11-28 03:00:00,1,1,0
2019-11-28 04:00:00,1,0,1
2019-11-28 05:00:00,3,1,2
2019-11-28 06:00:00,4,3,1
2019-11-28 07:00:00,6,1,5
2019-11-28 08:00:00,8,4,4
2019-11-28 09:00:00,31,24,7
2019-11-28 10:00:00,32,15,17
2019-11-28 11:00:00,49,23,26
2019-11-28 12:00:00,78,47,31
2019-11-28 13:00:00,50,22,28
2019-11-28 14:00:00,50,24,26
2019-11-28 15:00:00,50,27,23
2019-11-28 16:00:00,19,12,7
2019-11-28 17:00:00,3,2,1
2019-11-28 18:00:00,17,9,8
2019-11-28 19:00:00,1,0,1
2019-11-28 20:00:00,1,0,1
2019-11-28 21:00:00,3,2,1
2019-11-28 22:00:00,0,0,0
2019-11-28 23:00:00,0,0,0
2019-11-29 00:00:00,4,2,2
2019-11-29 01:00:00,0,0,0
2019-11-29 02:00:00,3,2,1
2019-11-29 03:00:00,1,1,0
2019-11-29 04:00:00,0,0,0
2019-11-29 05:00:00,7,5,2
2019-11-29 06:00:00,5,3,2
2019-11-29 07:00:00,5,2,3
2019-11-29 08:00:00,7,5,2
2019-11-29 09:00:00,19,13,6
2019-11-29 10:00:00,20,9,11
2019-11-29 11:00:00,50,27,23
2019-11-29 12:00:00,45,24,21
2019-11-29 13:00:00,64,34,30
2019-11-29 14:00:00,80,31,49
2019-11-29 15:00:00,81,37,44
2019-11-29 16:00:00,37,18,19
2019-11-29 17:00:00,12,5,7
2019-11-29 18:00:00,5,0,5
2019-11-29 19:00:00,1,1,0
2019-11-29 20:00:00,2,1,1
2019-11-29 21:00:00,9,2,7
2019-11-29 22:00:00,0,0,0
2019-11-29 23:00:00,2,1,1
2019-11-30 00:00:00,5,2,3
2019-11-30 01:00:00,1,0,1
2019-11-30 02:00:00,1,0,1
2019-11-30 03:00:00,0,0,0
2019-11-30 04:00:00,0,0,0
2019-11-30 05:00:00,3,2,1
2019-11-30 06:00:00,0,0,0
2019-11-30 07:00:00,3,2,1
2019-11-30 08:00:00,4,2,2
2019-11-30 09:00:00,14,10,4
2019-11-30 10:00:00,22,7,15
2019-11-30 11:00:00,35,22,13
2019-11-30 12:00:00,69,28,41
2019-11-30 13:00:00,73,44,29
2019-11-30 14:00:00,87,38,49
2019-11-30 15:00:00,80,31,49
2019-11-30 16:00:00,59,31,28
2019-11-30 17:00:00,15,6,9
2019-11-30 18:00:00,9,5,4
2019-11-30 19:00:00,9,6,3
2019-11-30 20:00:00,5,1,4
2019-11-30 21:00:00,8,4,4
2019-11-30 22:00:00,5,4,1
2019-11-30 23:00:00,3,0,3
2019-12-01 00:00:00,2,0,2
2019-12-01 01:00:00,5,2,3
2019-12-01 02:00:00,0,0,0
2019-12-01 03:00:00,0,0,0
2019-12-01 04:00:00,0,0,0
2019-12-01 05:00:00,3,1,2
2019-12-01 06:00:00,1,0,1
2019-12-01 07:00:00,10,8,2
2019-12-01 08:00:00,9,5,4
2019-12-01 09:00:00,26,10,16
2019-12-01 10:00:00,41,26,15
2019-12-01 11:00:00,27,19,8
2019-12-01 12:00:00,43,22,21
2019-12-01 13:00:00,22,9,13
2019-12-01 14:00:00,23,13,10
2019-12-01 15:00:00,25,13,12
2019-12-01 16:00:00,20,10,10
2019-12-01 17:00:00,8,2,6
2019-12-01 18:00:00,5,4,1
2019-12-01 19:00:00,6,3,3
2019-12-01 20:00:00,7,1,6
2019-12-01 21:00:00,8,3,5
2019-12-01 22:00:00,5,3,2
2019-12-01 23:00:00,0,0,0
2019-12-02 00:00:00,3,1,2
2019-12-02 01:00:00,1,0,1
2019-12-02 02:00:00,1,0,1
2019-12-02 03:00:00,1,1,0
2019-12-02 04:00:00,1,1,0
2019-12-02 05:00:00,14,5,9
2019-12-02 06:00:00,71,30,41
2019-12-02 07:00:00,129,79,50
2019-12-02 08:00:00,185,121,64
2019-12-02 09:00:00,104,69,35
2019-12-02 10:00:00,40,24,16
2019-12-02 11:00:00,25,16,9
2019-12-02 12:00:00,28,10,18
2019-12-02 13:00:00,36,22,14
2019-12-02 14:00:00,68,41,27
2019-12-02 15:00:00,102,68,34
2019-12-02 16:00:00,167,69,98
2019-12-02 17:00:00,170,50,120
2019-12-02 18:00:00,74,10,64
2019-12-02 19:00:00,25,10,15
2019-12-02 20:00:00,38,7,31
2019-12-02 21:00:00,16,1,15
2019-12-02 22:00:00,10,6,4
2019-12-02 23:00:00,8,0,8
2019-12-03 00:00:00,4,2,2
2019-12-03 01:00:00,1,1,0
2019-12-03 02:00:00,2,0,2
2019-12-03 03:00:00,1,0,1
2019-12-03 04:00:00,1,1,0
2019-12-03 05:00:00,21,8,13
2019-12-03 06:00:00,54,23,31
2019-12-03 07:00:00,129,75,54
2019-12-03 08:00:00,188,133,55
2019-12-03 09:00:00,76,50,26
2019-12-03 10:00:00,33,17,16
2019-12-03 11:00:00,30,15,15
2019-12-03 12:00:00,51,19,32
2019-12-03 13:00:00,39,20,19
2019-12-03 14:00:00,33,16,17
2019-12-03 15:00:00,75,44,31
2019-12-03 16:00:00,137,56,81
2019-12-03 17:00:00,190,61,129
2019-12-03 18:00:00,88,15,73
2019-12-03 19:00:00,32,12,20
2019-12-03 20:00:00,20,4,16
2019-12-03 21:00:00,4,0,4
2019-12-03 22:00:00,3,1,2
2019-12-03 23:00:00,1,0,1
2019-12-04 00:00:00,3,2,1
2019-12-04 01:00:00,1,1,0
2019-12-04 02:00:00,1,0,1
2019-12-04 03:00:00,1,0,1
2019-12-04 04:00:00,3,1,2
2019-12-04 05:00:00,21,8,13
2019-12-04 06:00:00,48,26,22
2019-12-04 07:00:00,130,77,53
2019-12-04 08:00:00,161,112,49
2019-12-04 09:00:00,60,41,19
2019-12-04 10:00:00,27,14,13
2019-12-04 11:00:00,16,7,9
2019-12-04 12:00:00,25,12,13
2019-12-04 13:00:00,17,9,8
2019-12-04 14:00:00,36,19,17
2019-12-04 15:00:00,59,35,24
2019-12-04 16:00:00,120,53,67
2019-12-04 17:00:00,178,54,124
2019-12-04 18:00:00,71,12,59
2019-12-04 19:00:00,26,3,23
2019-12-04 20:00:00,10,2,8
2019-12-04 21:00:00,7,3,4
2019-12-04 22:00:00,5,2,3
2019-12-04 23:00:00,0,0,0
2019-12-05 00:00:00,3,2,1
2019-12-05 01:00:00,1,0,1
2019-12-05 02:00:00,0,0,0
2019-12-05 03:00:00,1,1,0
2019-12-05 04:00:00,2,2,0
2019-12-05 05:00:00,20,8,12
2019-12-05 06:00:00,50,24,26
2019-12-05 07:00:00,127,77,50
2019-12-05 08:00:00,166,102,64
2019-12-05 09:00:00,85,53,32
2019-12-05 10:00:00,26,18,8
2019-12-05 11:00:00,32,14,18
2019-12-05 12:00:00,35,21,14
2019-12-05 13:00:00,39,18,21
2019-12-05 14:00:00,50,28,22
2019-12-05 15:00:00,88,48,40
2019-12-05 16:00:00,149,64,85
2019-12-05 17:00:00,174,60,114
2019-12-05 18:00:00,85,32,53
2019-12-05 19:00:00,37,15,22
2019-12-05 20:00:00,30,5,25
2019-12-05 21:00:00,8,0,8
2019-12-05 22:00:00,9,4,5
2019-12-05 23:00:00,4,2,2
2019-12-06 00:00:00,6,1,5
2019-12-06 01:00:00,2,1,1
2019-12-06 02:00:00,1,0,1
2019-12-06 03:00:00,1,0,1
2019-12-06 04:00:00,1,1,0
2019-12-06 05:00:00,18,8,10
2019-12-06 06:00:00,36,16,20
2019-12-06 07:00:00,93,53,40
2019-12-06 08:00:00,140,96,44
2019-12-06 09:00:00,79,44,35
2019-12-06 10:00:00,36,20,16
2019-12-06 11:00:00,30,18,12
2019-12-06 12:00:00,27,11,16
2019-12-06 13:00:00,51,20,31
2019-12-06 14:00:00,46,19,27
2019-12-06 15:00:00,98,55,43
2019-12-06 16:00:00,103,32,71
2019-12-06 17:00:00,122,32,90
2019-12-06 18:00:00,47,14,33
2019-12-06 19:00:00,15,1,14
2019-12-06 20:00:00,10,7,3
2019-12-06 21:00:00,4,1,3
2019-12-06 22:00:00,11,7,4
2019-12-06 23:00:00,1,0,1
2019-12-07 00:00:00,3,2,1
2019-12-07 01:00:00,2,1,1
2019-12-07 02:00:00,4,0,4
2019-12-07 03:00:00,1,0,1
2019-12-07 04:00:00,0,0,0
2019-12-07 05:00:00,2,1,1
2019-12-07 06:00:00,1,0,1
2019-12-07 07:00:00,7,4,3
2019-12-07 08:00:00,11,7,4
2019-12-07 09:00:00,16,10,6
2019-12-07 10:00:00,19,11,8
2019-12-07 11:00:00,12,6,6
2019-12-07 12:00:00,13,5,8
2019-12-07 13:00:00,13,5,8
2019-12-07 14:00:00,23,9,14
2019-12-07 15:00:00,19,10,9
2019-12-07 16:00:00,29,8,21
2019-12-07 17:00:00,11,5,6
2019-12-07 18:00:00,18,14,4
2019-12-07 19:00:00,5,1,4
2019-12-07 20:00:00,3,1,2
2019-12-07 21:00:00,5,1,4
2019-12-07 22:00:00,5,3,2
2019-12-07 23:00:00,4,0,4
2019-12-08 00:00:00,11,0,11
2019-12-08 01:00:00,2,1,1
2019-12-08 02:00:00,1,0,1
2019-12-08 03:00:00,1,1,0
2019-12-08 04:00:00,0,0,0
2019-12-08 05:00:00,1,1,0
2019-12-08 06:00:00,4,0,4
2019-12-08 07:00:00,12,6,6
2019-12-08 08:00:00,16,11,5
2019-12-08 09:00:00,18,6,12
2019-12-08 10:00:00,41,21,20
2019-12-08 11:00:00,43,24,19
2019-12-08 12:00:00,49,25,24
2019-12-08 13:00:00,60,35,25
2019-12-08 14:00:00,71,40,31
2019-12-08 15:00:00,65,35,30
2019-12-08 16:00:00,39,17,22
2019-12-08 17:00:00,14,9,5
2019-12-08 18:00:00,14,8,6
2019-12-08 19:00:00,6,1,5
2019-12-08 20:00:00,9,4,5
2019-12-08 21:00:00,8,4,4
2019-12-08 22:00:00,2,2,0
2019-12-08 23:00:00,1,1,0
2019-12-09 00:00:00,2,1,1
2019-12-09 01:00:00,1,0,1
2019-12-09 02:00:00,0,0,0
2019-12-09 03:00:00,2,1,1
2019-12-09 04:00:00,0,0,0
2019-12-09 05:00:00,16,7,9
2019-12-09 06:00:00,58,22,36
2019-12-09 07:00:00,133,83,50
2019-12-09 08:00:00,189,134,55
2019-12-09 09:00:00,86,62,24
2019-12-09 10:00:00,39,20,19
2019-12-09 11:00:00,30,21,9
2019-12-09 12:00:00,32,15,17
2019-12-09 13:00:00,35,13,22
2019-12-09 14:00:00,38,19,19
2019-12-09 15:00:00,80,45,35
2019-12-09 16:00:00,150,75,75
2019-12-09 17:00:00,187,58,129
2019-12-09 18:00:00,100,26,74
2019-12-09 19:00:00,34,5,29
2019-12-09 20:00:00,18,5,13
2019-12-09 21:00:00,8,7,1
2019-12-09 22:00:00,3,1,2
2019-12-09 23:00:00,4,1,3
2019-12-10 00:00:00,3,3,0
2019-12-10 01:00:00,3,0,3
2019-12-10 02:00:00,1,0,1
2019-12-10 03:00:00,1,0,1
2019-12-10 04:00:00,2,1,1
2019-12-10 05:00:00,19,4,15
2019-12-10 06:00:00,49,21,28
2019-12-10 07:00:00,137,76,61
2019-12-10 08:00:00,183,129,54
2019-12-10 09:00:00,69,49,20
2019-12-10 10:00:00,30,15,15
2019-12-10 11:00:00,26,15,11
2019-12-10 12:00:00,15,10,5
2019-12-10 13:00:00,15,6,9
2019-12-10 14:00:00,34,21,13
2019-12-10 15:00:00,58,29,29
2019-12-10 16:00:00,91,35,56
2019-12-10 17:00:00,147,48,99
2019-12-10 18:00:00,82,19,63
2019-12-10 19:00:00,36,9,27
2019-12-10 20:00:00,16,5,11
2019-12-10 21:00:00,11,2,9
2019-12-10 22:00:00,4,0,4
2019-12-10 23:00:00,2,0,2
2019-12-11 00:00:00,5,3,2
2019-12-11 01:00:00,1,0,1
2019-12-11 02:00:00,0,0,0
2019-12-11 03:00:00,2,0,2
2019-12-11 04:00:00,1,1,0
2019-12-11 05:00:00,17,7,10
2019-12-11 06:00:00,49,23,26
2019-12-11 07:00:00,113,70,43
2019-12-11 08:00:00,146,108,38
2019-12-11 09:00:00,86,53,33
2019-12-11 10:00:00,23,14,9
2019-12-11 11:00:00,9,6,3
2019-12-11 12:00:00,13,6,7
2019-12-11 13:00:00,8,3,5
2019-12-11 14:00:00,17,7,10
2019-12-11 15:00:00,54,31,23
2019-12-11 16:00:00,93,44,49
2019-12-11 17:00:00,126,35,91
2019-12-11 18:00:00,57,13,44
2019-12-11 19:00:00,27,8,19
2019-12-11 20:00:00,11,2,9
2019-12-11 21:00:00,6,2,4
2019-12-11 22:00:00,4,1,3
2019-12-11 23:00:00,2,0,2
2019-12-12 00:00:00,4,3,1
2019-12-12 01:00:00,0,0,0
2019-12-12 02:00:00,1,0,1
2019-12-12 03:00:00,0,0,0
2019-12-12 04:00:00,0,0,0
2019-12-12 05:00:00,16,4,12
2019-12-12 06:00:00,57,29,28
2019-12-12 07:00:00,93,63,30
2019-12-12 08:00:00,108,71,37
2019-12-12 09:00:00,66,47,19
2019-12-12 10:00:00,35,19,16
2019-12-12 11:00:00,16,12,4
2019-12-12 12:00:00,19,7,12
2019-12-12 13:00:00,19,11,8
2019-12-12 14:00:00,23,9,14
2019-12-12 15:00:00,55,32,23
2019-12-12 16:00:00,88,40,48
2019-12-12 17:00:00,124,33,91
2019-12-12 18:00:00,74,14,60
2019-12-12 19:00:00,29,10,19
2019-12-12 20:00:00,16,4,12
2019-12-12 21:00:00,10,4,6
2019-12-12 22:00:00,9,5,4
2019-12-12 23:00:00,3,1,2
2019-12-13 00:00:00,5,3,2
2019-12-13 01:00:00,3,0,3
2019-12-13 02:00:00,2,1,1
2019-12-13 03:00:00,0,0,0
2019-12-13 04:00:00,1,1,0
2019-12-13 05:00:00,14,8,6
2019-12-13 06:00:00,43,18,25
2019-12-13 07:00:00,79,49,30
2019-12-13 08:00:00,136,95,41
2019-12-13 09:00:00,64,38,26
2019-12-13 10:00:00,39,19,20
2019-12-13 11:00:00,33,26,7
2019-12-13 12:00:00,42,21,21
2019-12-13 13:00:00,32,22,10
2019-12-13 14:00:00,57,23,34
2019-12-13 15:00:00,85,53,32
2019-12-13 16:00:00,103,51,52
2019-12-13 17:00:00,126,24,102
2019-12-13 18:00:00,52,5,47
2019-12-13 19:00:00,18,3,15
2019-12-13 20:00:00,13,7,6
2019-12-13 21:00:00,3,2,1
2019-12-13 22:00:00,6,3,3
2019-12-13 23:00:00,8,4,4
2019-12-14 00:00:00,8,3,5
2019-12-14 01:00:00,1,0,1
2019-12-14 02:00:00,0,0,0
2019-12-14 03:00:00,1,1,0
2019-12-14 04:00:00,0,0,0
2019-12-14 05:00:00,1,1,0
2019-12-14 06:00:00,2,0,2
2019-12-14 07:00:00,4,1,3
2019-12-14 08:00:00,15,8,7
2019-12-14 09:00:00,20,8,12
2019-12-14 10:00:00,49,19,30
2019-12-14 11:00:00,22,10,12
2019-12-14 12:00:00,27,15,12
2019-12-14 13:00:00,21,16,5
2019-12-14 14:00:00,42,18,24
2019-12-14 15:00:00,28,10,18
2019-12-14 16:00:00,30,9,21
2019-12-14 17:00:00,8,2,6
2019-12-14 18:00:00,4,2,2
2019-12-14 19:00:00,13,5,8
2019-12-14 20:00:00,2,1,1
2019-12-14 21:00:00,8,4,4
2019-12-14 22:00:00,4,0,4
2019-12-14 23:00:00,0,0,0
2019-12-15 00:00:00,2,0,2
2019-12-15 01:00:00,1,0,1
2019-12-15 02:00:00,0,0,0
2019-12-15 03:00:00,0,0,0
2019-12-15 04:00:00,0,0,0
2019-12-15 05:00:00,4,3,1
2019-12-15 06:00:00,2,1,1
2019-12-15 07:00:00,6,3,3
2019-12-15 08:00:00,6,5,1
2019-12-15 09:00:00,25,10,15
2019-12-15 10:00:00,22,10,12
2019-12-15 11:00:00,23,12,11
2019-12-15 12:00:00,36,14,22
2019-12-15 13:00:00,19,15,4
2019-12-15 14:00:00,32,18,14
2019-12-15 15:00:00,36,16,20
2019-12-15 16:00:00,33,20,13
2019-12-15 17:00:00,9,5,4
2019-12-15 18:00:00,6,0,6
2019-12-15 19:00:00,1,0,1
2019-12-15 20:00:00,4,2,2
2019-12-15 21:00:00,0,0,0
2019-12-15 22:00:00,2,1,1
2019-12-15 23:00:00,0,0,0
2019-12-16 00:00:00,1,0,1
2019-12-16 01:00:00,0,0,0
2019-12-16 02:00:00,0,0,0
2019-12-16 03:00:00,1,1,0
2019-12-16 04:00:00,0,0,0
2019-12-16 05:00:00,13,4,9
2019-12-16 06:00:00,61,26,35
2019-12-16 07:00:00,110,66,44
2019-12-16 08:00:00,183,124,59
2019-12-16 09:00:00,86,62,24
2019-12-16 10:00:00,34,15,19
2019-12-16 11:00:00,31,18,13
2019-12-16 12:00:00,18,8,10
2019-12-16 13:00:00,22,7,15
2019-12-16 14:00:00,44,22,22
2019-12-16 15:00:00,63,32,31
2019-12-16 16:00:00,150,69,81
2019-12-16 17:00:00,177,57,120
2019-12-16 18:00:00,96,29,67
2019-12-16 19:00:00,35,7,28
2019-12-16 20:00:00,8,3,5
2019-12-16 21:00:00,8,3,5
2019-12-16 22:00:00,2,0,2
2019-12-16 23:00:00,10,2,8
2019-12-17 00:00:00,6,6,0
2019-12-17 01:00:00,0,0,0
2019-12-17 02:00:00,2,0,2
2019-12-17 03:00:00,1,0,1
2019-12-17 04:00:00,1,1,0
2019-12-17 05:00:00,21,9,12
2019-12-17 06:00:00,68,37,31
2019-12-17 07:00:00,139,94,45
2019-12-17 08:00:00,178,106,72
2019-12-17 09:00:00,97,63,34
2019-12-17 10:00:00,34,18,16
2019-12-17 11:00:00,28,16,12
2019-12-17 12:00:00,37,20,17
2019-12-17 13:00:00,24,14,10
2019-12-17 14:00:00,43,25,18
2019-12-17 15:00:00,96,47,49
2019-12-17 16:00:00,138,63,75
2019-12-17 17:00:00,169,51,118
2019-12-17 18:00:00,84,24,60
2019-12-17 19:00:00,24,6,18
2019-12-17 20:00:00,10,3,7
2019-12-17 21:00:00,16,5,11
2019-12-17 22:00:00,4,1,3
2019-12-17 23:00:00,1,0,1
2019-12-18 00:00:00,4,2,2
2019-12-18 01:00:00,1,1,0
2019-12-18 02:00:00,1,0,1
2019-12-18 03:00:00,2,1,1
2019-12-18 04:00:00,3,1,2
2019-12-18 05:00:00,20,10,10
2019-12-18 06:00:00,50,22,28
2019-12-18 07:00:00,121,79,42
2019-12-18 08:00:00,132,79,53
2019-12-18 09:00:00,76,54,22
2019-12-18 10:00:00,26,15,11
2019-12-18 11:00:00,25,15,10
2019-12-18 12:00:00,29,14,15
2019-12-18 13:00:00,28,18,10
2019-12-18 14:00:00,33,15,18
2019-12-18 15:00:00,66,36,30
2019-12-18 16:00:00,122,54,68
2019-12-18 17:00:00,140,48,92
2019-12-18 18:00:00,71,14,57
2019-12-18 19:00:00,22,10,12
2019-12-18 20:00:00,7,4,3
2019-12-18 21:00:00,5,2,3
2019-12-18 22:00:00,2,0,2
2019-12-18 23:00:00,1,0,1
2019-12-19 00:00:00,2,1,1
2019-12-19 01:00:00,1,1,0
2019-12-19 02:00:00,1,0,1
2019-12-19 03:00:00,0,0,0
2019-12-19 04:00:00,0,0,0
2019-12-19 05:00:00,10,6,4
2019-12-19 06:00:00,45,19,26
2019-12-19 07:00:00,71,39,32
2019-12-19 08:00:00,108,65,43
2019-12-19 09:00:00,63,40,23
2019-12-19 10:00:00,35,24,11
2019-12-19 11:00:00,21,12,9
2019-12-19 12:00:00,14,11,3
2019-12-19 13:00:00,17,8,9
2019-12-19 14:00:00,24,11,13
2019-12-19 15:00:00,42,26,16
2019-12-19 16:00:00,75,38,37
2019-12-19 17:00:00,89,21,68
2019-12-19 18:00:00,43,16,27
2019-12-19 19:00:00,15,2,13
2019-12-19 20:00:00,6,0,6
2019-12-19 21:00:00,6,3,3
2019-12-19 22:00:00,3,0,3
2019-12-19 23:00:00,1,0,1
2019-12-20 00:00:00,3,1,2
2019-12-20 01:00:00,0,0,0
2019-12-20 02:00:00,2,0,2
2019-12-20 03:00:00,0,0,0
2019-12-20 04:00:00,0,0,0
2019-12-20 05:00:00,10,6,4
2019-12-20 06:00:00,18,6,12
2019-12-20 07:00:00,47,22,25
2019-12-20 08:00:00,60,33,27
2019-12-20 09:00:00,42,22,20
2019-12-20 10:00:00,17,7,10
2019-12-20 11:00:00,4,3,1
2019-12-20 12:00:00,8,2,6
2019-12-20 13:00:00,12,4,8
2019-12-20 14:00:00,14,8,6
2019-12-20 15:00:00,30,13,17
2019-12-20 16:00:00,35,15,20
2019-12-20 17:00:00,50,13,37
2019-12-20 18:00:00,30,6,24
2019-12-20 19:00:00,5,0,5
2019-12-20 20:00:00,3,1,2
2019-12-20 21:00:00,1,1,0
2019-12-20 22:00:00,3,2,1
2019-12-20 23:00:00,0,0,0
2019-12-21 00:00:00,3,1,2
2019-12-21 01:00:00,3,1,2
2019-12-21 02:00:00,1,0,1
2019-12-21 03:00:00,0,0,0
2019-12-21 04:00:00,0,0,0
2019-12-21 05:00:00,3,2,1
2019-12-21 06:00:00,3,1,2
2019-12-21 07:00:00,2,1,1
2019-12-21 08:00:00,4,3,1
2019-12-21 09:00:00,6,5,1
2019-12-21 10:00:00,8,3,5
2019-12-21 11:00:00,0,0,0
2019-12-21 12:00:00,2,1,1
2019-12-21 13:00:00,17,15,2
2019-12-21 14:00:00,7,4,3
2019-12-21 15:00:00,14,8,6
2019-12-21 16:00:00,24,12,12
2019-12-21 17:00:00,12,9,3
2019-12-21 18:00:00,8,4,4
2019-12-21 19:00:00,1,0,1
2019-12-21 20:00:00,7,2,5
2019-12-21 21:00:00,0,0,0
2019-12-21 22:00:00,1,1,0
2019-12-21 23:00:00,15,2,13
2019-12-22 00:00:00,2,0,2
2019-12-22 01:00:00,3,2,1
2019-12-22 02:00:00,4,2,2
2019-12-22 03:00:00,0,0,0
2019-12-22 04:00:00,0,0,0
2019-12-22 05:00:00,1,1,0
2019-12-22 06:00:00,3,0,3
2019-12-22 07:00:00,7,2,5
2019-12-22 08:00:00,10,7,3
2019-12-22 09:00:00,5,3,2
2019-12-22 10:00:00,31,13,18
2019-12-22 11:00:00,50,31,19
2019-12-22 12:00:00,47,26,21
2019-12-22 13:00:00,59,29,30
2019-12-22 14:00:00,31,15,16
2019-12-22 15:00:00,42,22,20
2019-12-22 16:00:00,20,6,14
2019-12-22 17:00:00,21,8,13
2019-12-22 18:00:00,3,2,1
2019-12-22 19:00:00,5,2,3
2019-12-22 20:00:00,3,2,1
2019-12-22 21:00:00,1,0,1
2019-12-22 22:00:00,1,1,0
2019-12-22 23:00:00,1,0,1
2019-12-23 00:00:00,2,1,1
2019-12-23 01:00:00,1,0,1
2019-12-23 02:00:00,0,0,0
2019-12-23 03:00:00,0,0,0
2019-12-23 04:00:00,0,0,0
2019-12-23 05:00:00,14,6,8
2019-12-23 06:00:00,21,8,13
2019-12-23 07:00:00,58,27,31
2019-12-23 08:00:00,64,43,21
2019-12-23 09:00:00,46,29,17
2019-12-23 10:00:00,31,21,10
2019-12-23 11:00:00,26,14,12
2019-12-23 12:00:00,25,12,13
2019-12-23 13:00:00,28,14,14
2019-12-23 14:00:00,48,21,27
2019-12-23 15:00:00,65,38,27
2019-12-23 16:00:00,78,33,45
2019-12-23 17:00:00,61,20,41
2019-12-23 18:00:00,20,7,13
2019-12-23 19:00:00,5,2,3
2019-12-23 20:00:00,3,2,1
2019-12-23 21:00:00,2,1,1
2019-12-23 22:00:00,1,0,1
2019-12-23 23:00:00,2,0,2
2019-12-24 00:00:00,3,2,1
2019-12-24 01:00:00,1,0,1
2019-12-24 02:00:00,0,0,0
2019-12-24 03:00:00,1,0,1
2019-12-24 04:00:00,1,1,0
2019-12-24 05:00:00,6,0,6
2019-12-24 06:00:00,15,8,7
2019-12-24 07:00:00,14,6,8
2019-12-24 08:00:00,30,19,11
2019-12-24 09:00:00,24,16,8
2019-12-24 10:00:00,23,11,12
2019-12-24 11:00:00,26,18,8
2019-12-24 12:00:00,29,17,12
2019-12-24 13:00:00,46,22,24
2019-12-24 14:00:00,49,17,32
2019-12-24 15:00:00,46,19,27
2019-12-24 16:00:00,23,9,14
2019-12-24 17:00:00,9,5,4
2019-12-24 18:00:00,2,0,2
2019-12-24 19:00:00,2,1,1
2019-12-24 20:00:00,4,4,0
2019-12-24 21:00:00,1,1,0
2019-12-24 22:00:00,1,1,0
2019-12-24 23:00:00,1,0,1
2019-12-25 00:00:00,6,0,6
2019-12-25 01:00:00,3,0,3
2019-12-25 02:00:00,0,0,0
2019-12-25 03:00:00,1,0,1
2019-12-25 04:00:00,0,0,0
2019-12-25 05:00:00,1,0,1
2019-12-25 06:00:00,4,1,3
2019-12-25 07:00:00,5,1,4
2019-12-25 08:00:00,9,4,5
2019-12-25 09:00:00,13,5,8
2019-12-25 10:00:00,18,13,5
2019-12-25 11:00:00,38,23,15
2019-12-25 12:00:00,41,21,20
2019-12-25 13:00:00,62,25,37
2019-12-25 14:00:00,69,37,32
2019-12-25 15:00:00,45,23,22
2019-12-25 16:00:00,37,24,13
2019-12-25 17:00:00,14,6,8
2019-12-25 18:00:00,1,0,1
2019-12-25 19:00:00,3,1,2
2019-12-25 20:00:00,1,1,0
2019-12-25 21:00:00,7,4,3
2019-12-25 22:00:00,4,2,2
2019-12-25 23:00:00,1,0,1
2019-12-26 00:00:00,2,0,2
2019-12-26 01:00:00,0,0,0
2019-12-26 02:00:00,0,0,0
2019-12-26 03:00:00,0,0,0
2019-12-26 04:00:00,4,0,4
2019-12-26 05:00:00,9,2,7
2019-12-26 06:00:00,31,14,17
2019-12-26 07:00:00,26,10,16
2019-12-26 08:00:00,44,25,19
2019-12-26 09:00:00,26,11,15
2019-12-26 10:00:00,26,17,9
2019-12-26 11:00:00,18,11,7
2019-12-26 12:00:00,20,13,7
2019-12-26 13:00:00,44,26,18
2019-12-26 14:00:00,61,22,39
2019-12-26 15:00:00,40,16,24
2019-12-26 16:00:00,58,22,36
2019-12-26 17:00:00,30,5,25
2019-12-26 18:00:00,11,6,5
2019-12-26 19:00:00,8,3,5
2019-12-26 20:00:00,5,3,2
2019-12-26 21:00:00,6,4,2
2019-12-26 22:00:00,1,1,0
2019-12-26 23:00:00,2,0,2
2019-12-27 00:00:00,2,1,1
2019-12-27 01:00:00,0,0,0
2019-12-27 02:00:00,2,1,1
2019-12-27 03:00:00,0,0,0
2019-12-27 04:00:00,0,0,0
2019-12-27 05:00:00,10,2,8
2019-12-27 06:00:00,15,10,5
2019-12-27 07:00:00,32,15,17
2019-12-27 08:00:00,37,22,15
2019-12-27 09:00:00,30,19,11
2019-12-27 10:00:00,23,11,12
2019-12-27 11:00:00,25,11,14
2019-12-27 12:00:00,37,23,14
2019-12-27 13:00:00,39,23,16
2019-12-27 14:00:00,36,18,18
2019-12-27 15:00:00,62,31,31
2019-12-27 16:00:00,61,29,32
2019-12-27 17:00:00,45,14,31
2019-12-27 18:00:00,19,6,13
2019-12-27 19:00:00,1,0,1
2019-12-27 20:00:00,8,6,2
2019-12-27 21:00:00,6,3,3
2019-12-27 22:00:00,4,0,4
2019-12-27 23:00:00,2,1,1
2019-12-28 00:00:00,2,1,1
2019-12-28 01:00:00,1,0,1
2019-12-28 02:00:00,0,0,0
2019-12-28 03:00:00,1,0,1
2019-12-28 04:00:00,0,0,0
2019-12-28 05:00:00,2,1,1
2019-12-28 06:00:00,8,4,4
2019-12-28 07:00:00,3,1,2
2019-12-28 08:00:00,11,4,7
2019-12-28 09:00:00,13,4,9
2019-12-28 10:00:00,45,21,24
2019-12-28 11:00:00,64,35,29
2019-12-28 12:00:00,67,33,34
2019-12-28 13:00:00,82,44,38
2019-12-28 14:00:00,59,32,27
2019-12-28 15:00:00,53,22,31
2019-12-28 16:00:00,36,20,16
2019-12-28 17:00:00,10,7,3
2019-12-28 18:00:00,12,5,7
2019-12-28 19:00:00,5,3,2
2019-12-28 20:00:00,3,3,0
2019-12-28 21:00:00,13,5,8
2019-12-28 22:00:00,4,2,2
2019-12-28 23:00:00,0,0,0
2019-12-29 00:00:00,3,0,3
2019-12-29 01:00:00,1,0,1
2019-12-29 02:00:00,1,0,1
2019-12-29 03:00:00,2,2,0
2019-12-29 04:00:00,1,1,0
2019-12-29 05:00:00,3,1,2
2019-12-29 06:00:00,5,2,3
2019-12-29 07:00:00,7,1,6
2019-12-29 08:00:00,10,3,7
2019-12-29 09:00:00,16,7,9
2019-12-29 10:00:00,38,19,19
2019-12-29 11:00:00,55,30,25
2019-12-29 12:00:00,53,28,25
2019-12-29 13:00:00,74,48,26
2019-12-29 14:00:00,93,44,49
2019-12-29 15:00:00,104,50,54
2019-12-29 16:00:00,58,25,33
2019-12-29 17:00:00,21,7,14
2019-12-29 18:00:00,5,3,2
2019-12-29 19:00:00,2,1,1
2019-12-29 20:00:00,25,4,21
2019-12-29 21:00:00,17,6,11
2019-12-29 22:00:00,1,0,1
2019-12-29 23:00:00,2,0,2
2019-12-30 00:00:00,3,0,3
2019-12-30 01:00:00,1,0,1
2019-12-30 02:00:00,1,1,0
2019-12-30 03:00:00,0,0,0
2019-12-30 04:00:00,0,0,0
2019-12-30 05:00:00,9,3,6
2019-12-30 06:00:00,23,9,14
2019-12-30 07:00:00,67,39,28
2019-12-30 08:00:00,91,63,28
2019-12-30 09:00:00,50,34,16
2019-12-30 10:00:00,31,9,22
2019-12-30 11:00:00,22,10,12
2019-12-30 12:00:00,27,17,10
2019-12-30 13:00:00,37,18,19
2019-12-30 14:00:00,38,16,22
2019-12-30 15:00:00,43,23,20
2019-12-30 16:00:00,74,36,38
2019-12-30 17:00:00,97,23,74
2019-12-30 18:00:00,48,11,37
2019-12-30 19:00:00,6,3,3
2019-12-30 20:00:00,9,4,5
2019-12-30 21:00:00,2,0,2
2019-12-30 22:00:00,3,0,3
2019-12-30 23:00:00,3,1,2
2019-12-31 00:00:00,3,1,2
2019-12-31 01:00:00,0,0,0
2019-12-31 02:00:00,2,1,1
2019-12-31 03:00:00,0,0,0
2019-12-31 04:00:00,2,1,1
2019-12-31 05:00:00,12,5,7
2019-12-31 06:00:00,17,6,11
2019-12-31 07:00:00,40,23,17
2019-12-31 08:00:00,48,33,15
2019-12-31 09:00:00,41,28,13
2019-12-31 10:00:00,26,15,11
2019-12-31 11:00:00,21,11,10
2019-12-31 12:00:00,18,5,13
2019-12-31 13:00:00,28,8,20
2019-12-31 14:00:00,36,23,13
2019-12-31 15:00:00,37,12,25
2019-12-31 16:00:00,40,11,29
2019-12-31 17:00:00,22,3,19
2019-12-31 18:00:00,19,6,13
2019-12-31 19:00:00,1,0,1
2019-12-31 20:00:00,4,2,2
2019-12-31 21:00:00,3,1,2
2019-12-31 22:00:00,1,1,0
2019-12-31 23:00:00,11,4,7
2020-01-01 00:00:00,4,0,4
2020-01-01 01:00:00,4,0,4
2020-01-01 02:00:00,1,1,0
2020-01-01 03:00:00,2,0,2
2020-01-01 04:00:00,0,0,0
2020-01-01 05:00:00,1,0,1
2020-01-01 06:00:00,1,1,0
2020-01-01 07:00:00,5,2,3
2020-01-01 08:00:00,6,3,3
2020-01-01 09:00:00,20,12,8
2020-01-01 10:00:00,45,23,22
2020-01-01 11:00:00,52,25,27
2020-01-01 12:00:00,62,32,30
2020-01-01 13:00:00,106,40,66
2020-01-01 14:00:00,80,35,45
2020-01-01 15:00:00,91,41,50
2020-01-01 16:00:00,67,42,25
2020-01-01 17:00:00,20,13,7
2020-01-01 18:00:00,4,0,4
2020-01-01 19:00:00,1,0,1
2020-01-01 20:00:00,6,4,2
2020-01-01 21:00:00,0,0,0
2020-01-01 22:00:00,0,0,0
2020-01-01 23:00:00,1,0,1
2020-01-02 00:00:00,1,0,1
2020-01-02 01:00:00,0,0,0
2020-01-02 02:00:00,0,0,0
2020-01-02 03:00:00,0,0,0
2020-01-02 04:00:00,1,1,0
2020-01-02 05:00:00,13,3,10
2020-01-02 06:00:00,29,12,17
2020-01-02 07:00:00,88,48,40
2020-01-02 08:00:00,115,86,29
2020-01-02 09:00:00,64,47,17
2020-01-02 10:00:00,28,20,8
2020-01-02 11:00:00,17,12,5
2020-01-02 12:00:00,11,7,4
2020-01-02 13:00:00,11,3,8
2020-01-02 14:00:00,28,16,12
2020-01-02 15:00:00,41,18,23
2020-01-02 16:00:00,88,43,45
2020-01-02 17:00:00,116,30,86
2020-01-02 18:00:00,44,11,33
2020-01-02 19:00:00,17,7,10
2020-01-02 20:00:00,6,1,5
2020-01-02 21:00:00,3,1,2
2020-01-02 22:00:00,3,0,3
2020-01-02 23:00:00,1,0,1
2020-01-03 00:00:00,1,1,0
2020-01-03 01:00:00,1,0,1
2020-01-03 02:00:00,2,2,0
2020-01-03 03:00:00,0,0,0
2020-01-03 04:00:00,0,0,0
2020-01-03 05:00:00,13,5,8
2020-01-03 06:00:00,25,9,16
2020-01-03 07:00:00,78,48,30
2020-01-03 08:00:00,123,87,36
2020-01-03 09:00:00,75,49,26
2020-01-03 10:00:00,33,22,11
2020-01-03 11:00:00,66,37,29
2020-01-03 12:00:00,59,32,27
2020-01-03 13:00:00,60,33,27
2020-01-03 14:00:00,57,33,24
2020-01-03 15:00:00,73,40,33
2020-01-03 16:00:00,105,43,62
2020-01-03 17:00:00,113,20,93
2020-01-03 18:00:00,50,12,38
2020-01-03 19:00:00,10,2,8
2020-01-03 20:00:00,3,0,3
2020-01-03 21:00:00,3,2,1
2020-01-03 22:00:00,1,1,0
2020-01-03 23:00:00,1,0,1
2020-01-04 00:00:00,0,0,0
2020-01-04 01:00:00,0,0,0
2020-01-04 02:00:00,2,0,2
2020-01-04 03:00:00,1,1,0
2020-01-04 04:00:00,2,0,2
2020-01-04 05:00:00,2,1,1
2020-01-04 06:00:00,6,4,2
2020-01-04 07:00:00,5,4,1
2020-01-04 08:00:00,18,8,10
2020-01-04 09:00:00,14,8,6
2020-01-04 10:00:00,36,17,19
2020-01-04 11:00:00,54,32,22
2020-01-04 12:00:00,98,48,50
2020-01-04 13:00:00,71,41,30
2020-01-04 14:00:00,48,23,25
2020-01-04 15:00:00,26,13,13
2020-01-04 16:00:00,21,12,9
2020-01-04 17:00:00,17,8,9
2020-01-04 18:00:00,16,14,2
2020-01-04 19:00:00,2,0,2
2020-01-04 20:00:00,5,3,2
2020-01-04 21:00:00,3,2,1
2020-01-04 22:00:00,7,1,6
2020-01-04 23:00:00,1,0,1
2020-01-05 00:00:00,0,0,0
2020-01-05 01:00:00,2,0,2
2020-01-05 02:00:00,0,0,0
2020-01-05 03:00:00,0,0,0
2020-01-05 04:00:00,0,0,0
2020-01-05 05:00:00,3,1,2
2020-01-05 06:00:00,3,2,1
2020-01-05 07:00:00,5,3,2
2020-01-05 08:00:00,6,2,4
2020-01-05 09:00:00,12,6,6
2020-01-05 10:00:00,9,7,2
2020-01-05 11:00:00,4,3,1
2020-01-05 12:00:00,17,10,7
2020-01-05 13:00:00,15,6,9
2020-01-05 14:00:00,42,17,25
2020-01-05 15:00:00,44,21,23
2020-01-05 16:00:00,46,26,20
2020-01-05 17:00:00,13,4,9
2020-01-05 18:00:00,6,3,3
2020-01-05 19:00:00,2,0,2
2020-01-05 20:00:00,7,3,4
2020-01-05 21:00:00,4,1,3
2020-01-05 22:00:00,8,4,4
2020-01-05 23:00:00,2,2,0
2020-01-06 00:00:00,1,0,1
2020-01-06 01:00:00,1,0,1
2020-01-06 02:00:00,0,0,0
2020-01-06 03:00:00,0,0,0
2020-01-06 04:00:00,3,2,1
2020-01-06 05:00:00,23,11,12
2020-01-06 06:00:00,42,13,29
2020-01-06 07:00:00,101,63,38
2020-01-06 08:00:00,149,96,53
2020-01-06 09:00:00,67,45,22
2020-01-06 10:00:00,20,11,9
2020-01-06 11:00:00,10,6,4
2020-01-06 12:00:00,13,9,4
2020-01-06 13:00:00,15,5,10
2020-01-06 14:00:00,19,14,5
2020-01-06 15:00:00,60,33,27
2020-01-06 16:00:00,102,52,50
2020-01-06 17:00:00,165,48,117
2020-01-06 18:00:00,71,8,63
2020-01-06 19:00:00,14,2,12
2020-01-06 20:00:00,8,1,7
2020-01-06 21:00:00,6,0,6
2020-01-06 22:00:00,3,1,2
2020-01-06 23:00:00,0,0,0
2020-01-07 00:00:00,1,1,0
2020-01-07 01:00:00,0,0,0
2020-01-07 02:00:00,5,1,4
2020-01-07 03:00:00,1,0,1
2020-01-07 04:00:00,1,0,1
2020-01-07 05:00:00,10,2,8
2020-01-07 06:00:00,40,18,22
2020-01-07 07:00:00,108,66,42
2020-01-07 08:00:00,123,81,42
2020-01-07 09:00:00,78,50,28
2020-01-07 10:00:00,23,12,11
2020-01-07 11:00:00,23,17,6
2020-01-07 12:00:00,27,9,18
2020-01-07 13:00:00,29,16,13
2020-01-07 14:00:00,40,21,19
2020-01-07 15:00:00,46,28,18
2020-01-07 16:00:00,91,35,56
2020-01-07 17:00:00,171,50,121
2020-01-07 18:00:00,67,10,57
2020-01-07 19:00:00,17,3,14
2020-01-07 20:00:00,4,0,4
2020-01-07 21:00:00,8,3,5
2020-01-07 22:00:00,5,1,4
2020-01-07 23:00:00,0,0,0
2020-01-08 00:00:00,1,0,1
2020-01-08 01:00:00,2,2,0
2020-01-08 02:00:00,1,0,1
2020-01-08 03:00:00,0,0,0
2020-01-08 04:00:00,1,0,1
2020-01-08 05:00:00,21,8,13
2020-01-08 06:00:00,46,20,26
2020-01-08 07:00:00,121,73,48
2020-01-08 08:00:00,174,112,62
2020-01-08 09:00:00,106,69,37
2020-01-08 10:00:00,39,24,15
2020-01-08 11:00:00,13,8,5
2020-01-08 12:00:00,24,11,13
2020-01-08 13:00:00,23,12,11
2020-01-08 14:00:00,32,21,11
2020-01-08 15:00:00,44,24,20
2020-01-08 16:00:00,110,57,53
2020-01-08 17:00:00,165,47,118
2020-01-08 18:00:00,85,20,65
2020-01-08 19:00:00,25,2,23
2020-01-08 20:00:00,9,4,5
2020-01-08 21:00:00,7,2,5
2020-01-08 22:00:00,3,2,1
2020-01-08 23:00:00,0,0,0
2020-01-09 00:00:00,1,0,1
2020-01-09 01:00:00,1,1,0
2020-01-09 02:00:00,1,0,1
2020-01-09 03:00:00,0,0,0
2020-01-09 04:00:00,1,1,0
2020-01-09 05:00:00,18,6,12
2020-01-09 06:00:00,39,12,27
2020-01-09 07:00:00,107,66,41
2020-01-09 08:00:00,122,77,45
2020-01-09 09:00:00,74,50,24
2020-01-09 10:00:00,18,14,4
2020-01-09 11:00:00,16,11,5
2020-01-09 12:00:00,29,15,14
2020-01-09 13:00:00,31,11,20
2020-01-09 14:00:00,53,32,21
2020-01-09 15:00:00,50,30,20
2020-01-09 16:00:00,102,44,58
2020-01-09 17:00:00,146,58,88
2020-01-09 18:00:00,64,11,53
2020-01-09 19:00:00,18,5,13
2020-01-09 20:00:00,11,3,8
2020-01-09 21:00:00,13,6,7
2020-01-09 22:00:00,3,2,1
2020-01-09 23:00:00,6,3,3
2020-01-10 00:00:00,6,2,4
2020-01-10 01:00:00,0,0,0
2020-01-10 02:00:00,2,1,1
2020-01-10 03:00:00,0,0,0
2020-01-10 04:00:00,1,0,1
2020-01-10 05:00:00,11,6,5
2020-01-10 06:00:00,34,12,22
2020-01-10 07:00:00,70,41,29
2020-01-10 08:00:00,91,61,30
2020-01-10 09:00:00,48,31,17
2020-01-10 10:00:00,16,11,5
2020-01-10 11:00:00,8,4,4
2020-01-10 12:00:00,10,3,7
2020-01-10 13:00:00,17,12,5
2020-01-10 14:00:00,30,17,13
2020-01-10 15:00:00,42,22,20
2020-01-10 16:00:00,58,22,36
2020-01-10 17:00:00,84,18,66
2020-01-10 18:00:00,35,8,27
2020-01-10 19:00:00,10,4,6
2020-01-10 20:00:00,2,1,1
2020-01-10 21:00:00,5,3,2
2020-01-10 22:00:00,2,2,0
2020-01-10 23:00:00,1,0,1
2020-01-11 00:00:00,1,0,1
2020-01-11 01:00:00,1,0,1
2020-01-11 02:00:00,0,0,0
2020-01-11 03:00:00,1,1,0
2020-01-11 04:00:00,1,0,1
2020-01-11 05:00:00,1,1,0
2020-01-11 06:00:00,0,0,0
2020-01-11 07:00:00,8,2,6
2020-01-11 08:00:00,7,1,6
2020-01-11 09:00:00,16,8,8
2020-01-11 10:00:00,23,20,3
2020-01-11 11:00:00,24,14,10
2020-01-11 12:00:00,22,12,10
2020-01-11 13:00:00,19,11,8
2020-01-11 14:00:00,24,13,11
2020-01-11 15:00:00,27,9,18
2020-01-11 16:00:00,26,16,10
2020-01-11 17:00:00,12,7,5
2020-01-11 18:00:00,2,0,2
2020-01-11 19:00:00,1,0,1
2020-01-11 20:00:00,4,3,1
2020-01-11 21:00:00,2,2,0
2020-01-11 22:00:00,0,0,0
2020-01-11 23:00:00,3,0,3
2020-01-12 00:00:00,0,0,0
2020-01-12 01:00:00,4,0,4
2020-01-12 02:00:00,1,0,1
2020-01-12 03:00:00,0,0,0
2020-01-12 04:00:00,2,0,2
2020-01-12 05:00:00,1,1,0
2020-01-12 06:00:00,0,0,0
2020-01-12 07:00:00,3,3,0
2020-01-12 08:00:00,9,6,3
2020-01-12 09:00:00,16,6,10
2020-01-12 10:00:00,21,13,8
2020-01-12 11:00:00,14,8,6
2020-01-12 12:00:00,20,11,9
2020-01-12 13:00:00,33,14,19
2020-01-12 14:00:00,24,11,13
2020-01-12 15:00:00,28,17,11
2020-01-12 16:00:00,29,16,13
2020-01-12 17:00:00,5,5,0
2020-01-12 18:00:00,5,3,2
2020-01-12 19:00:00,5,1,4
2020-01-12 20:00:00,0,0,0
2020-01-12 21:00:00,2,2,0
2020-01-12 22:00:00,1,0,1
2020-01-12 23:00:00,2,0,2
2020-01-13 00:00:00,1,1,0
2020-01-13 01:00:00,1,1,0
2020-01-13 02:00:00,1,0,1
2020-01-13 03:00:00,0,0,0
2020-01-13 04:00:00,0,0,0
2020-01-13 05:00:00,5,3,2
2020-01-13 06:00:00,27,8,19
2020-01-13 07:00:00,47,34,13
2020-01-13 08:00:00,55,37,18
2020-01-13 09:00:00,35,30,5
2020-01-13 10:00:00,12,8,4
2020-01-13 11:00:00,8,2,6
2020-01-13 12:00:00,10,2,8
2020-01-13 13:00:00,19,11,8
2020-01-13 14:00:00,11,5,6
2020-01-13 15:00:00,20,8,12
2020-01-13 16:00:00,66,26,40
2020-01-13 17:00:00,59,16,43
2020-01-13 18:00:00,20,6,14
2020-01-13 19:00:00,5,2,3
2020-01-13 20:00:00,3,0,3
2020-01-13 21:00:00,3,1,2
2020-01-13 22:00:00,1,1,0
2020-01-13 23:00:00,0,0,0
2020-01-14 00:00:00,3,0,3
2020-01-14 01:00:00,0,0,0
2020-01-14 02:00:00,1,0,1
2020-01-14 03:00:00,0,0,0
2020-01-14 04:00:00,2,2,0
2020-01-14 05:00:00,9,5,4
2020-01-14 06:00:00,15,6,9
2020-01-14 07:00:00,32,19,13
2020-01-14 08:00:00,31,20,11
2020-01-14 09:00:00,26,17,9
2020-01-14 10:00:00,7,4,3
2020-01-14 11:00:00,6,3,3
2020-01-14 12:00:00,9,2,7
2020-01-14 13:00:00,11,8,3
2020-01-14 14:00:00,16,13,3
2020-01-14 15:00:00,15,7,8
2020-01-14 16:00:00,36,15,21
2020-01-14 17:00:00,39,12,27
2020-01-14 18:00:00,17,3,14
2020-01-14 19:00:00,3,0,3
2020-01-14 20:00:00,4,1,3
2020-01-14 21:00:00,2,0,2
2020-01-14 22:00:00,0,0,0
2020-01-14 23:00:00,5,2,3
2020-01-15 00:00:00,3,1,2
2020-01-15 01:00:00,1,1,0
2020-01-15 02:00:00,0,0,0
2020-01-15 03:00:00,0,0,0
2020-01-15 04:00:00,0,0,0
2020-01-15 05:00:00,9,3,6
2020-01-15 06:00:00,18,7,11
2020-01-15 07:00:00,33,24,9
2020-01-15 08:00:00,42,30,12
2020-01-15 09:00:00,39,23,16
2020-01-15 10:00:00,17,8,9
2020-01-15 11:00:00,13,4,9
2020-01-15 12:00:00,17,12,5
2020-01-15 13:00:00,10,4,6
2020-01-15 14:00:00,18,10,8
2020-01-15 15:00:00,21,10,11
2020-01-15 16:00:00,29,11,18
2020-01-15 17:00:00,51,14,37
2020-01-15 18:00:00,36,4,32
2020-01-15 19:00:00,6,2,4
2020-01-15 20:00:00,5,3,2
2020-01-15 21:00:00,2,1,1
2020-01-15 22:00:00,0,0,0
2020-01-15 23:00:00,2,1,1
2020-01-16 00:00:00,0,0,0
2020-01-16 01:00:00,1,1,0
2020-01-16 02:00:00,0,0,0
2020-01-16 03:00:00,2,0,2
2020-01-16 04:00:00,2,1,1
2020-01-16 05:00:00,15,8,7
2020-01-16 06:00:00,33,13,20
2020-01-16 07:00:00,80,43,37
2020-01-16 08:00:00,95,65,30
2020-01-16 09:00:00,75,55,20
2020-01-16 10:00:00,32,23,9
2020-01-16 11:00:00,29,12,17
2020-01-16 12:00:00,24,12,12
2020-01-16 13:00:00,22,9,13
2020-01-16 14:00:00,37,17,20
2020-01-16 15:00:00,59,28,31
2020-01-16 16:00:00,92,45,47
2020-01-16 17:00:00,103,30,73
2020-01-16 18:00:00,50,7,43
2020-01-16 19:00:00,15,5,10
2020-01-16 20:00:00,12,3,9
2020-01-16 21:00:00,6,4,2
2020-01-16 22:00:00,5,3,2
2020-01-16 23:00:00,3,1,2
2020-01-17 00:00:00,0,0,0
2020-01-17 01:00:00,1,1,0
2020-01-17 02:00:00,0,0,0
2020-01-17 03:00:00,0,0,0
2020-01-17 04:00:00,3,3,0
2020-01-17 05:00:00,8,3,5
2020-01-17 06:00:00,29,12,17
2020-01-17 07:00:00,78,46,32
2020-01-17 08:00:00,93,65,28
2020-01-17 09:00:00,69,43,26
2020-01-17 10:00:00,30,21,9
2020-01-17 11:00:00,23,14,9
2020-01-17 12:00:00,23,9,14
2020-01-17 13:00:00,44,21,23
2020-01-17 14:00:00,44,21,23
2020-01-17 15:00:00,42,18,24
2020-01-17 16:00:00,98,41,57
2020-01-17 17:00:00,97,28,69
2020-01-17 18:00:00,46,12,34
2020-01-17 19:00:00,12,3,9
2020-01-17 20:00:00,7,4,3
2020-01-17 21:00:00,3,1,2
2020-01-17 22:00:00,3,2,1
2020-01-17 23:00:00,3,1,2
2020-01-18 00:00:00,3,0,3
2020-01-18 01:00:00,0,0,0
2020-01-18 02:00:00,1,1,0
2020-01-18 03:00:00,2,0,2
2020-01-18 04:00:00,1,1,0
2020-01-18 05:00:00,1,1,0
2020-01-18 06:00:00,1,0,1
2020-01-18 07:00:00,3,2,1
2020-01-18 08:00:00,5,2,3
2020-01-18 09:00:00,12,9,3
2020-01-18 10:00:00,16,9,7
2020-01-18 11:00:00,20,13,7
2020-01-18 12:00:00,29,9,20
2020-01-18 13:00:00,33,16,17
2020-01-18 14:00:00,64,27,37
2020-01-18 15:00:00,54,26,28
2020-01-18 16:00:00,61,34,27
2020-01-18 17:00:00,33,16,17
2020-01-18 18:00:00,30,19,11
2020-01-18 19:00:00,4,2,2
2020-01-18 20:00:00,1,1,0
2020-01-18 21:00:00,3,2,1
2020-01-18 22:00:00,9,1,8
2020-01-18 23:00:00,3,0,3
2020-01-19 00:00:00,4,0,4
2020-01-19 01:00:00,3,0,3
2020-01-19 02:00:00,3,2,1
2020-01-19 03:00:00,2,0,2
2020-01-19 04:00:00,0,0,0
2020-01-19 05:00:00,4,1,3
2020-01-19 06:00:00,2,1,1
2020-01-19 07:00:00,8,6,2
2020-01-19 08:00:00,7,3,4
2020-01-19 09:00:00,37,16,21
2020-01-19 10:00:00,23,14,9
2020-01-19 11:00:00,15,9,6
2020-01-19 12:00:00,29,14,15
2020-01-19 13:00:00,29,12,17
2020-01-19 14:00:00,62,23,39
2020-01-19 15:00:00,48,21,27
2020-01-19 16:00:00,38,13,25
2020-01-19 17:00:00,25,15,10
2020-01-19 18:00:00,4,3,1
2020-01-19 19:00:00,3,1,2
2020-01-19 20:00:00,2,1,1
2020-01-19 21:00:00,0,0,0
2020-01-19 22:00:00,1,0,1
2020-01-19 23:00:00,3,0,3
2020-01-20 00:00:00,0,0,0
2020-01-20 01:00:00,0,0,0
2020-01-20 02:00:00,0,0,0
2020-01-20 03:00:00,0,0,0
2020-01-20 04:00:00,2,1,1
2020-01-20 05:00:00,10,3,7
2020-01-20 06:00:00,25,12,13
2020-01-20 07:00:00,50,31,19
2020-01-20 08:00:00,55,40,15
2020-01-20 09:00:00,41,32,9
2020-01-20 10:00:00,12,5,7
2020-01-20 11:00:00,26,6,20
2020-01-20 12:00:00,34,17,17
2020-01-20 13:00:00,40,20,20
2020-01-20 14:00:00,56,33,23
2020-01-20 15:00:00,69,36,33
2020-01-20 16:00:00,65,26,39
2020-01-20 17:00:00,81,24,57
2020-01-20 18:00:00,24,7,17
2020-01-20 19:00:00,11,5,6
2020-01-20 20:00:00,7,0,7
2020-01-20 21:00:00,3,1,2
2020-01-20 22:00:00,2,1,1
2020-01-20 23:00:00,1,0,1
2020-01-21 00:00:00,4,1,3
2020-01-21 01:00:00,1,1,0
2020-01-21 02:00:00,2,1,1
2020-01-21 03:00:00,0,0,0
2020-01-21 04:00:00,0,0,0
2020-01-21 05:00:00,10,5,5
2020-01-21 06:00:00,43,17,26
2020-01-21 07:00:00,112,71,41
2020-01-21 08:00:00,123,86,37
2020-01-21 09:00:00,72,46,26
2020-01-21 10:00:00,27,13,14
2020-01-21 11:00:00,10,6,4
2020-01-21 12:00:00,9,3,6
2020-01-21 13:00:00,17,6,11
2020-01-21 14:00:00,21,10,11
2020-01-21 15:00:00,29,14,15
2020-01-21 16:00:00,84,42,42
2020-01-21 17:00:00,147,46,101
2020-01-21 18:00:00,76,10,66
2020-01-21 19:00:00,16,5,11
2020-01-21 20:00:00,5,0,5
2020-01-21 21:00:00,2,1,1
2020-01-21 22:00:00,2,0,2
2020-01-21 23:00:00,0,0,0
2020-01-22 00:00:00,4,3,1
2020-01-22 01:00:00,0,0,0
2020-01-22 02:00:00,1,1,0
2020-01-22 03:00:00,0,0,0
2020-01-22 04:00:00,1,0,1
2020-01-22 05:00:00,11,7,4
2020-01-22 06:00:00,49,24,25
2020-01-22 07:00:00,111,71,40
2020-01-22 08:00:00,99,66,33
2020-01-22 09:00:00,77,53,24
2020-01-22 10:00:00,27,16,11
2020-01-22 11:00:00,12,9,3
2020-01-22 12:00:00,27,12,15
2020-01-22 13:00:00,21,9,12
2020-01-22 14:00:00,23,15,8
2020-01-22 15:00:00,40,20,20
2020-01-22 16:00:00,88,37,51
2020-01-22 17:00:00,147,40,107
2020-01-22 18:00:00,90,15,75
2020-01-22 19:00:00,20,2,18
2020-01-22 20:00:00,8,5,3
2020-01-22 21:00:00,4,2,2
2020-01-22 22:00:00,4,1,3
2020-01-22 23:00:00,0,0,0
2020-01-23 00:00:00,2,2,0
2020-01-23 01:00:00,1,0,1
2020-01-23 02:00:00,0,0,0
2020-01-23 03:00:00,1,0,1
2020-01-23 04:00:00,1,1,0
2020-01-23 05:00:00,13,7,6
2020-01-23 06:00:00,38,19,19
2020-01-23 07:00:00,94,54,40
2020-01-23 08:00:00,110,75,35
2020-01-23 09:00:00,66,43,23
2020-01-23 10:00:00,21,11,10
2020-01-23 11:00:00,9,4,5
2020-01-23 12:00:00,12,6,6
2020-01-23 13:00:00,22,6,16
2020-01-23 14:00:00,14,8,6
2020-01-23 15:00:00,43,24,19
2020-01-23 16:00:00,86,33,53
2020-01-23 17:00:00,110,31,79
2020-01-23 18:00:00,76,15,61
2020-01-23 19:00:00,14,3,11
2020-01-23 20:00:00,9,3,6
2020-01-23 21:00:00,4,4,0
2020-01-23 22:00:00,3,2,1
2020-01-23 23:00:00,3,0,3
2020-01-24 00:00:00,1,1,0
2020-01-24 01:00:00,1,0,1
2020-01-24 02:00:00,0,0,0
2020-01-24 03:00:00,0,0,0
2020-01-24 04:00:00,1,0,1
2020-01-24 05:00:00,9,7,2
2020-01-24 06:00:00,38,15,23
2020-01-24 07:00:00,77,50,27
2020-01-24 08:00:00,127,83,44
2020-01-24 09:00:00,67,46,21
2020-01-24 10:00:00,25,14,11
2020-01-24 11:00:00,24,8,16
2020-01-24 12:00:00,32,20,12
2020-01-24 13:00:00,16,5,11
2020-01-24 14:00:00,29,14,15
2020-01-24 15:00:00,50,23,27
2020-01-24 16:00:00,98,34,64
2020-01-24 17:00:00,129,33,96
2020-01-24 18:00:00,57,13,44
2020-01-24 19:00:00,28,6,22
2020-01-24 20:00:00,5,3,2
2020-01-24 21:00:00,5,3,2
2020-01-24 22:00:00,2,2,0
2020-01-24 23:00:00,2,0,2
2020-01-25 00:00:00,4,1,3
2020-01-25 01:00:00,1,0,1
2020-01-25 02:00:00,2,0,2
2020-01-25 03:00:00,0,0,0
2020-01-25 04:00:00,0,0,0
2020-01-25 05:00:00,1,1,0
2020-01-25 06:00:00,0,0,0
2020-01-25 07:00:00,5,3,2
2020-01-25 08:00:00,9,4,5
2020-01-25 09:00:00,14,7,7
2020-01-25 10:00:00,27,10,17
2020-01-25 11:00:00,21,12,9
2020-01-25 12:00:00,33,20,13
2020-01-25 13:00:00,37,16,21
2020-01-25 14:00:00,89,42,47
2020-01-25 15:00:00,87,44,43
2020-01-25 16:00:00,64,36,28
2020-01-25 17:00:00,27,15,12
2020-01-25 18:00:00,9,5,4
2020-01-25 19:00:00,6,1,5
2020-01-25 20:00:00,6,1,5
2020-01-25 21:00:00,5,3,2
2020-01-25 22:00:00,7,3,4
2020-01-25 23:00:00,3,2,1
2020-01-26 00:00:00,1,1,0
2020-01-26 01:00:00,0,0,0
2020-01-26 02:00:00,0,0,0
2020-01-26 03:00:00,0,0,0
2020-01-26 04:00:00,0,0,0
2020-01-26 05:00:00,1,0,1
2020-01-26 06:00:00,0,0,0
2020-01-26 07:00:00,5,2,3
2020-01-26 08:00:00,8,6,2
2020-01-26 09:00:00,20,7,13
2020-01-26 10:00:00,46,17,29
2020-01-26 11:00:00,65,34,31
2020-01-26 12:00:00,93,47,46
2020-01-26 13:00:00,97,45,52
2020-01-26 14:00:00,91,44,47
2020-01-26 15:00:00,67,33,34
2020-01-26 16:00:00,39,19,20
2020-01-26 17:00:00,11,4,7
2020-01-26 18:00:00,4,3,1
2020-01-26 19:00:00,0,0,0
2020-01-26 20:00:00,2,0,2
2020-01-26 21:00:00,3,2,1
2020-01-26 22:00:00,0,0,0
2020-01-26 23:00:00,1,0,1
2020-01-27 00:00:00,0,0,0
2020-01-27 01:00:00,0,0,0
2020-01-27 02:00:00,0,0,0
2020-01-27 03:00:00,1,0,1
2020-01-27 04:00:00,1,0,1
2020-01-27 05:00:00,10,4,6
2020-01-27 06:00:00,50,25,25
2020-01-27 07:00:00,111,68,43
2020-01-27 08:00:00,153,108,45
2020-01-27 09:00:00,64,41,23
2020-01-27 10:00:00,36,19,17
2020-01-27 11:00:00,41,26,15
2020-01-27 12:00:00,45,26,19
2020-01-27 13:00:00,30,13,17
2020-01-27 14:00:00,39,21,18
2020-01-27 15:00:00,46,25,21
2020-01-27 16:00:00,109,43,66
2020-01-27 17:00:00,146,47,99
2020-01-27 18:00:00,63,12,51
2020-01-27 19:00:00,20,3,17
2020-01-27 20:00:00,11,4,7
2020-01-27 21:00:00,2,0,2
2020-01-27 22:00:00,1,0,1
2020-01-27 23:00:00,1,0,1
2020-01-28 00:00:00,0,0,0
2020-01-28 01:00:00,1,0,1
2020-01-28 02:00:00,0,0,0
2020-01-28 03:00:00,0,0,0
2020-01-28 04:00:00,2,0,2
2020-01-28 05:00:00,8,2,6
2020-01-28 06:00:00,40,18,22
2020-01-28 07:00:00,110,68,42
2020-01-28 08:00:00,109,73,36
2020-01-28 09:00:00,71,50,21
2020-01-28 10:00:00,22,12,10
2020-01-28 11:00:00,23,11,12
2020-01-28 12:00:00,34,19,15
2020-01-28 13:00:00,32,14,18
2020-01-28 14:00:00,62,24,38
2020-01-28 15:00:00,63,38,25
2020-01-28 16:00:00,116,52,64
2020-01-28 17:00:00,149,51,98
2020-01-28 18:00:00,76,19,57
2020-01-28 19:00:00,15,3,12
2020-01-28 20:00:00,16,7,9
2020-01-28 21:00:00,5,1,4
2020-01-28 22:00:00,4,0,4
2020-01-28 23:00:00,2,0,2
2020-01-29 00:00:00,2,1,1
2020-01-29 01:00:00,3,0,3
2020-01-29 02:00:00,0,0,0
2020-01-29 03:00:00,0,0,0
2020-01-29 04:00:00,1,0,1
2020-01-29 05:00:00,13,6,7
2020-01-29 06:00:00,41,12,29
2020-01-29 07:00:00,114,68,46
2020-01-29 08:00:00,138,95,43
2020-01-29 09:00:00,52,37,15
2020-01-29 10:00:00,17,8,9
2020-01-29 11:00:00,11,8,3
2020-01-29 12:00:00,19,8,11
2020-01-29 13:00:00,17,8,9
2020-01-29 14:00:00,26,16,10
2020-01-29 15:00:00,53,26,27
2020-01-29 16:00:00,90,38,52
2020-01-29 17:00:00,134,39,95
2020-01-29 18:00:00,64,18,46
2020-01-29 19:00:00,25,6,19
2020-01-29 20:00:00,12,7,5
2020-01-29 21:00:00,7,1,6
2020-01-29 22:00:00,4,1,3
2020-01-29 23:00:00,2,1,1
2020-01-30 00:00:00,1,1,0
2020-01-30 01:00:00,1,0,1
2020-01-30 02:00:00,2,1,1
2020-01-30 03:00:00,0,0,0
2020-01-30 04:00:00,2,1,1
2020-01-30 05:00:00,12,8,4
2020-01-30 06:00:00,48,20,28
2020-01-30 07:00:00,98,62,36
2020-01-30 08:00:00,151,98,53
2020-01-30 09:00:00,71,48,23
2020-01-30 10:00:00,35,21,14
2020-01-30 11:00:00,36,13,23
2020-01-30 12:00:00,24,15,9
2020-01-30 13:00:00,29,11,18
2020-01-30 14:00:00,43,21,22
2020-01-30 15:00:00,59,33,26
2020-01-30 16:00:00,101,47,54
2020-01-30 17:00:00,150,55,95
2020-01-30 18:00:00,53,11,42
2020-01-30 19:00:00,21,7,14
2020-01-30 20:00:00,10,3,7
2020-01-30 21:00:00,8,2,6
2020-01-30 22:00:00,3,1,2
2020-01-30 23:00:00,4,2,2
2020-01-31 00:00:00,5,2,3
2020-01-31 01:00:00,0,0,0
2020-01-31 02:00:00,1,0,1
2020-01-31 03:00:00,0,0,0
2020-01-31 04:00:00,0,0,0
2020-01-31 05:00:00,11,7,4
2020-01-31 06:00:00,27,13,14
2020-01-31 07:00:00,84,48,36
2020-01-31 08:00:00,91,62,29
2020-01-31 09:00:00,60,34,26
2020-01-31 10:00:00,17,10,7
2020-01-31 11:00:00,8,4,4
2020-01-31 12:00:00,13,6,7
2020-01-31 13:00:00,10,5,5
2020-01-31 14:00:00,18,12,6
2020-01-31 15:00:00,41,24,17
2020-01-31 16:00:00,83,28,55
2020-01-31 17:00:00,82,10,72
2020-01-31 18:00:00,52,11,41
2020-01-31 19:00:00,13,2,11
2020-01-31 20:00:00,5,0,5
2020-01-31 21:00:00,4,2,2
2020-01-31 22:00:00,2,0,2
2020-01-31 23:00:00,2,1,1
2020-02-01 00:00:00,1,0,1
2020-02-01 01:00:00,3,0,3
2020-02-01 02:00:00,0,0,0
2020-02-01 03:00:00,0,0,0
2020-02-01 04:00:00,0,0,0
2020-02-01 05:00:00,1,0,1
2020-02-01 06:00:00,2,1,1
2020-02-01 07:00:00,4,2,2
2020-02-01 08:00:00,15,7,8
2020-02-01 09:00:00,17,5,12
2020-02-01 10:00:00,21,13,8
2020-02-01 11:00:00,16,5,11
2020-02-01 12:00:00,32,10,22
2020-02-01 13:00:00,58,33,25
2020-02-01 14:00:00,34,12,22
2020-02-01 15:00:00,28,15,13
2020-02-01 16:00:00,33,14,19
2020-02-01 17:00:00,37,19,18
2020-02-01 18:00:00,6,3,3
2020-02-01 19:00:00,2,1,1
2020-02-01 20:00:00,2,0,2
2020-02-01 21:00:00,3,2,1
2020-02-01 22:00:00,14,0,14
2020-02-01 23:00:00,8,6,2
2020-02-02 00:00:00,0,0,0
2020-02-02 01:00:00,2,0,2
2020-02-02 02:00:00,1,0,1
2020-02-02 03:00:00,0,0,0
2020-02-02 04:00:00,0,0,0
2020-02-02 05:00:00,1,0,1
2020-02-02 06:00:00,1,0,1
2020-02-02 07:00:00,6,3,3
2020-02-02 08:00:00,14,6,8
2020-02-02 09:00:00,28,14,14
2020-02-02 10:00:00,56,27,29
2020-02-02 11:00:00,68,35,33
2020-02-02 12:00:00,87,48,39
2020-02-02 13:00:00,71,31,40
2020-02-02 14:00:00,103,49,54
2020-02-02 15:00:00,82,39,43
2020-02-02 16:00:00,70,44,26
2020-02-02 17:00:00,31,18,13
2020-02-02 18:00:00,11,6,5
2020-02-02 19:00:00,10,7,3
2020-02-02 20:00:00,14,2,12
2020-02-02 21:00:00,2,1,1
2020-02-02 22:00:00,1,0,1
2020-02-02 23:00:00,1,0,1
2020-02-03 00:00:00,0,0,0
2020-02-03 01:00:00,1,1,0
2020-02-03 02:00:00,1,0,1
2020-02-03 03:00:00,0,0,0
2020-02-03 04:00:00,1,1,0
2020-02-03 05:00:00,11,8,3
2020-02-03 06:00:00,47,20,27
2020-02-03 07:00:00,125,78,47
2020-02-03 08:00:00,137,105,32
2020-02-03 09:00:00,84,51,33
2020-02-03 10:00:00,35,15,20
2020-02-03 11:00:00,29,11,18
2020-02-03 12:00:00,33,21,12
2020-02-03 13:00:00,26,13,13
2020-02-03 14:00:00,36,18,18
2020-02-03 15:00:00,80,36,44
2020-02-03 16:00:00,133,62,71
2020-02-03 17:00:00,183,58,125
2020-02-03 18:00:00,92,17,75
2020-02-03 19:00:00,28,4,24
2020-02-03 20:00:00,15,4,11
2020-02-03 21:00:00,5,4,1
2020-02-03 22:00:00,2,1,1
2020-02-03 23:00:00,0,0,0
2020-02-04 00:00:00,3,2,1
2020-02-04 01:00:00,0,0,0
2020-02-04 02:00:00,1,0,1
2020-02-04 03:00:00,0,0,0
2020-02-04 04:00:00,2,2,0
2020-02-04 05:00:00,10,5,5
2020-02-04 06:00:00,59,24,35
2020-02-04 07:00:00,87,58,29
2020-02-04 08:00:00,125,86,39
2020-02-04 09:00:00,85,53,32
2020-02-04 10:00:00,21,7,14
2020-02-04 11:00:00,12,5,7
2020-02-04 12:00:00,8,4,4
2020-02-04 13:00:00,10,4,6
2020-02-04 14:00:00,22,9,13
2020-02-04 15:00:00,40,22,18
2020-02-04 16:00:00,98,48,50
2020-02-04 17:00:00,131,34,97
2020-02-04 18:00:00,55,7,48
2020-02-04 19:00:00,16,4,12
2020-02-04 20:00:00,6,2,4
2020-02-04 21:00:00,6,2,4
2020-02-04 22:00:00,6,2,4
2020-02-04 23:00:00,5,1,4
2020-02-05 00:00:00,0,0,0
2020-02-05 01:00:00,0,0,0
2020-02-05 02:00:00,1,0,1
2020-02-05 03:00:00,0,0,0
2020-02-05 04:00:00,2,1,1
2020-02-05 05:00:00,13,7,6
2020-02-05 06:00:00,39,14,25
2020-02-05 07:00:00,75,48,27
2020-02-05 08:00:00,92,63,29
2020-02-05 09:00:00,60,33,27
2020-02-05 10:00:00,29,16,13
2020-02-05 11:00:00,9,4,5
2020-02-05 12:00:00,8,4,4
2020-02-05 13:00:00,12,6,6
2020-02-05 14:00:00,21,8,13
2020-02-05 15:00:00,28,18,10
2020-02-05 16:00:00,65,24,41
2020-02-05 17:00:00,117,42,75
2020-02-05 18:00:00,55,11,44
2020-02-05 19:00:00,19,3,16
2020-02-05 20:00:00,8,4,4
2020-02-05 21:00:00,9,5,4
2020-02-05 22:00:00,1,0,1
2020-02-05 23:00:00,1,0,1
2020-02-06 00:00:00,2,2,0
2020-02-06 01:00:00,0,0,0
2020-02-06 02:00:00,1,0,1
2020-02-06 03:00:00,0,0,0
2020-02-06 04:00:00,1,1,0
2020-02-06 05:00:00,7,4,3
2020-02-06 06:00:00,42,16,26
2020-02-06 07:00:00,72,45,27
2020-02-06 08:00:00,114,67,47
2020-02-06 09:00:00,53,29,24
2020-02-06 10:00:00,23,17,6
2020-02-06 11:00:00,9,6,3
2020-02-06 12:00:00,10,4,6
2020-02-06 13:00:00,15,9,6
2020-02-06 14:00:00,12,2,10
2020-02-06 15:00:00,35,17,18
2020-02-06 16:00:00,74,38,36
2020-02-06 17:00:00,94,32,62
2020-02-06 18:00:00,54,14,40
2020-02-06 19:00:00,18,7,11
2020-02-06 20:00:00,10,0,10
2020-02-06 21:00:00,8,1,7
2020-02-06 22:00:00,2,1,1
2020-02-06 23:00:00,2,2,0
2020-02-07 00:00:00,3,2,1
2020-02-07 01:00:00,0,0,0
2020-02-07 02:00:00,0,0,0
2020-02-07 03:00:00,1,0,1
2020-02-07 04:00:00,0,0,0
2020-02-07 05:00:00,11,10,1
2020-02-07 06:00:00,29,12,17
2020-02-07 07:00:00,85,53,32
2020-02-07 08:00:00,94,64,30
2020-02-07 09:00:00,53,33,20
2020-02-07 10:00:00,27,16,11
2020-02-07 11:00:00,17,9,8
2020-02-07 12:00:00,45,20,25
2020-02-07 13:00:00,19,9,10
2020-02-07 14:00:00,43,18,25
2020-02-07 15:00:00,34,18,16
2020-02-07 16:00:00,88,33,55
2020-02-07 17:00:00,99,28,71
2020-02-07 18:00:00,45,10,35
2020-02-07 19:00:00,11,5,6
2020-02-07 20:00:00,5,1,4
2020-02-07 21:00:00,15,7,8
2020-02-07 22:00:00,1,1,0
2020-02-07 23:00:00,8,2,6
2020-02-08 00:00:00,2,2,0
2020-02-08 01:00:00,1,0,1
2020-02-08 02:00:00,0,0,0
2020-02-08 03:00:00,0,0,0
2020-02-08 04:00:00,0,0,0
2020-02-08 05:00:00,1,1,0
2020-02-08 06:00:00,1,1,0
2020-02-08 07:00:00,6,1,5
2020-02-08 08:00:00,12,6,6
2020-02-08 09:00:00,26,13,13
2020-02-08 10:00:00,22,15,7
2020-02-08 11:00:00,65,35,30
2020-02-08 12:00:00,81,52,29
2020-02-08 13:00:00,61,28,33
2020-02-08 14:00:00,53,22,31
2020-02-08 15:00:00,56,29,27
2020-02-08 16:00:00,48,22,26
2020-02-08 17:00:00,30,13,17
2020-02-08 18:00:00,22,4,18
2020-02-08 19:00:00,9,3,6
2020-02-08 20:00:00,4,3,1
2020-02-08 21:00:00,2,2,0
2020-02-08 22:00:00,7,2,5
2020-02-08 23:00:00,2,1,1
2020-02-09 00:00:00,2,1,1
2020-02-09 01:00:00,4,2,2
2020-02-09 02:00:00,3,1,2
2020-02-09 03:00:00,1,0,1
2020-02-09 04:00:00,1,0,1
2020-02-09 05:00:00,2,1,1
2020-02-09 06:00:00,2,1,1
2020-02-09 07:00:00,9,5,4
2020-02-09 08:00:00,18,10,8
2020-02-09 09:00:00,37,14,23
2020-02-09 10:00:00,69,39,30
2020-02-09 11:00:00,69,29,40
2020-02-09 12:00:00,92,51,41
2020-02-09 13:00:00,107,44,63
2020-02-09 14:00:00,144,59,85
2020-02-09 15:00:00,158,81,77
2020-02-09 16:00:00,132,57,75
2020-02-09 17:00:00,61,33,28
2020-02-09 18:00:00,13,8,5
2020-02-09 19:00:00,9,2,7
2020-02-09 20:00:00,4,2,2
2020-02-09 21:00:00,3,1,2
2020-02-09 22:00:00,5,2,3
2020-02-09 23:00:00,1,0,1
2020-02-10 00:00:00,0,0,0
2020-02-10 01:00:00,0,0,0
2020-02-10 02:00:00,0,0,0
2020-02-10 03:00:00,0,0,0
2020-02-10 04:00:00,1,0,1
2020-02-10 05:00:00,17,8,9
2020-02-10 06:00:00,50,23,27
2020-02-10 07:00:00,136,92,44
2020-02-10 08:00:00,191,126,65
2020-02-10 09:00:00,98,72,26
2020-02-10 10:00:00,41,25,16
2020-02-10 11:00:00,28,16,12
2020-02-10 12:00:00,40,21,19
2020-02-10 13:00:00,36,13,23
2020-02-10 14:00:00,47,26,21
2020-02-10 15:00:00,98,46,52
2020-02-10 16:00:00,162,73,89
2020-02-10 17:00:00,231,70,161
2020-02-10 18:00:00,111,30,81
2020-02-10 19:00:00,37,5,32
2020-02-10 20:00:00,12,6,6
2020-02-10 21:00:00,7,2,5
2020-02-10 22:00:00,4,2,2
2020-02-10 23:00:00,4,0,4
2020-02-11 00:00:00,2,1,1
2020-02-11 01:00:00,1,0,1
2020-02-11 02:00:00,0,0,0
2020-02-11 03:00:00,0,0,0
2020-02-11 04:00:00,0,0,0
2020-02-11 05:00:00,20,12,8
2020-02-11 06:00:00,49,24,25
2020-02-11 07:00:00,139,88,51
2020-02-11 08:00:00,173,107,66
2020-02-11 09:00:00,92,64,28
2020-02-11 10:00:00,26,18,8
2020-02-11 11:00:00,18,6,12
2020-02-11 12:00:00,20,13,7
2020-02-11 13:00:00,28,9,19
2020-02-11 14:00:00,32,16,16
2020-02-11 15:00:00,59,38,21
2020-02-11 16:00:00,119,49,70
2020-02-11 17:00:00,204,70,134
2020-02-11 18:00:00,80,18,62
2020-02-11 19:00:00,29,6,23
2020-02-11 20:00:00,16,6,10
2020-02-11 21:00:00,9,3,6
2020-02-11 22:00:00,7,2,5
2020-02-11 23:00:00,5,2,3
2020-02-12 00:00:00,4,1,3
2020-02-12 01:00:00,1,0,1
2020-02-12 02:00:00,0,0,0
2020-02-12 03:00:00,1,1,0
2020-02-12 04:00:00,1,1,0
2020-02-12 05:00:00,23,10,13
2020-02-12 06:00:00,46,21,25
2020-02-12 07:00:00,134,90,44
2020-02-12 08:00:00,156,101,55
2020-02-12 09:00:00,89,60,29
2020-02-12 10:00:00,32,15,17
2020-02-12 11:00:00,31,19,12
2020-02-12 12:00:00,27,16,11
2020-02-12 13:00:00,35,13,22
2020-02-12 14:00:00,37,19,18
2020-02-12 15:00:00,70,39,31
2020-02-12 16:00:00,123,51,72
2020-02-12 17:00:00,187,65,122
2020-02-12 18:00:00,90,25,65
2020-02-12 19:00:00,32,6,26
2020-02-12 20:00:00,17,7,10
2020-02-12 21:00:00,11,6,5
2020-02-12 22:00:00,4,1,3
2020-02-12 23:00:00,3,1,2
2020-02-13 00:00:00,2,2,0
2020-02-13 01:00:00,2,1,1
2020-02-13 02:00:00,1,0,1
2020-02-13 03:00:00,0,0,0
2020-02-13 04:00:00,1,0,1
2020-02-13 05:00:00,17,11,6
2020-02-13 06:00:00,44,23,21
2020-02-13 07:00:00,108,66,42
2020-02-13 08:00:00,108,76,32
2020-02-13 09:00:00,51,27,24
2020-02-13 10:00:00,23,10,13
2020-02-13 11:00:00,10,4,6
2020-02-13 12:00:00,25,8,17
2020-02-13 13:00:00,17,11,6
2020-02-13 14:00:00,35,18,17
2020-02-13 15:00:00,41,20,21
2020-02-13 16:00:00,76,34,42
2020-02-13 17:00:00,120,32,88
2020-02-13 18:00:00,76,16,60
2020-02-13 19:00:00,13,2,11
2020-02-13 20:00:00,9,2,7
2020-02-13 21:00:00,5,2,3
2020-02-13 22:00:00,3,2,1
2020-02-13 23:00:00,1,0,1
2020-02-14 00:00:00,1,1,0
2020-02-14 01:00:00,1,1,0
2020-02-14 02:00:00,0,0,0
2020-02-14 03:00:00,0,0,0
2020-02-14 04:00:00,0,0,0
2020-02-14 05:00:00,13,6,7
2020-02-14 06:00:00,29,15,14
2020-02-14 07:00:00,88,63,25
2020-02-14 08:00:00,131,89,42
2020-02-14 09:00:00,74,44,30
2020-02-14 10:00:00,46,27,19
2020-02-14 11:00:00,21,14,7
2020-02-14 12:00:00,39,18,21
2020-02-14 13:00:00,29,10,19
2020-02-14 14:00:00,62,35,27
2020-02-14 15:00:00,81,40,41
2020-02-14 16:00:00,132,40,92
2020-02-14 17:00:00,144,43,101
2020-02-14 18:00:00,48,9,39
2020-02-14 19:00:00,14,3,11
2020-02-14 20:00:00,6,3,3
2020-02-14 21:00:00,6,3,3
2020-02-14 22:00:00,5,3,2
2020-02-14 23:00:00,3,1,2
2020-02-15 00:00:00,9,3,6
2020-02-15 01:00:00,1,1,0
2020-02-15 02:00:00,0,0,0
2020-02-15 03:00:00,0,0,0
2020-02-15 04:00:00,1,0,1
2020-02-15 05:00:00,3,2,1
2020-02-15 06:00:00,0,0,0
2020-02-15 07:00:00,9,5,4
2020-02-15 08:00:00,5,0,5
2020-02-15 09:00:00,14,9,5
2020-02-15 10:00:00,41,18,23
2020-02-15 11:00:00,22,13,9
2020-02-15 12:00:00,37,18,19
2020-02-15 13:00:00,19,6,13
2020-02-15 14:00:00,24,12,12
2020-02-15 15:00:00,21,8,13
2020-02-15 16:00:00,20,5,15
2020-02-15 17:00:00,35,23,12
2020-02-15 18:00:00,6,2,4
2020-02-15 19:00:00,9,2,7
2020-02-15 20:00:00,3,0,3
2020-02-15 21:00:00,4,1,3
2020-02-15 22:00:00,1,0,1
2020-02-15 23:00:00,1,0,1
2020-02-16 00:00:00,1,0,1
2020-02-16 01:00:00,0,0,0
2020-02-16 02:00:00,0,0,0
2020-02-16 03:00:00,0,0,0
2020-02-16 04:00:00,0,0,0
2020-02-16 05:00:00,1,0,1
2020-02-16 06:00:00,8,4,4
2020-02-16 07:00:00,5,3,2
2020-02-16 08:00:00,9,3,6
2020-02-16 09:00:00,37,14,23
2020-02-16 10:00:00,42,21,21
2020-02-16 11:00:00,55,34,21
2020-02-16 12:00:00,88,44,44
2020-02-16 13:00:00,65,37,28
2020-02-16 14:00:00,48,23,25
2020-02-16 15:00:00,40,15,25
2020-02-16 16:00:00,50,28,22
2020-02-16 17:00:00,48,18,30
2020-02-16 18:00:00,18,13,5
2020-02-16 19:00:00,4,1,3
2020-02-16 20:00:00,5,1,4
2020-02-16 21:00:00,3,3,0
2020-02-16 22:00:00,2,0,2
2020-02-16 23:00:00,3,1,2
2020-02-17 00:00:00,0,0,0
2020-02-17 01:00:00,2,0,2
2020-02-17 02:00:00,1,0,1
2020-02-17 03:00:00,1,1,0
2020-02-17 04:00:00,0,0,0
2020-02-17 05:00:00,6,2,4
2020-02-17 06:00:00,19,8,11
2020-02-17 07:00:00,53,35,18
2020-02-17 08:00:00,85,49,36
2020-02-17 09:00:00,62,34,28
2020-02-17 10:00:00,49,21,28
2020-02-17 11:00:00,62,37,25
2020-02-17 12:00:00,122,56,66
2020-02-17 13:00:00,122,58,64
2020-02-17 14:00:00,96,41,55
2020-02-17 15:00:00,140,72,68
2020-02-17 16:00:00,147,70,77
2020-02-17 17:00:00,125,54,71
2020-02-17 18:00:00,41,18,23
2020-02-17 19:00:00,10,4,6
2020-02-17 20:00:00,6,0,6
2020-02-17 21:00:00,5,0,5
2020-02-17 22:00:00,7,2,5
2020-02-17 23:00:00,3,2,1
2020-02-18 00:00:00,2,0,2
2020-02-18 01:00:00,0,0,0
2020-02-18 02:00:00,0,0,0
2020-02-18 03:00:00,0,0,0
2020-02-18 04:00:00,2,1,1
2020-02-18 05:00:00,19,9,10
2020-02-18 06:00:00,57,27,30
2020-02-18 07:00:00,119,73,46
2020-02-18 08:00:00,133,89,44
2020-02-18 09:00:00,91,59,32
2020-02-18 10:00:00,35,20,15
2020-02-18 11:00:00,29,15,14
2020-02-18 12:00:00,52,24,28
2020-02-18 13:00:00,44,16,28
2020-02-18 14:00:00,45,20,25
2020-02-18 15:00:00,99,50,49
2020-02-18 16:00:00,170,84,86
2020-02-18 17:00:00,220,76,144
2020-02-18 18:00:00,88,29,59
2020-02-18 19:00:00,22,4,18
2020-02-18 20:00:00,7,3,4
2020-02-18 21:00:00,3,0,3
2020-02-18 22:00:00,7,2,5
2020-02-18 23:00:00,3,1,2
2020-02-19 00:00:00,4,2,2
2020-02-19 01:00:00,2,1,1
2020-02-19 02:00:00,0,0,0
2020-02-19 03:00:00,1,0,1
2020-02-19 04:00:00,0,0,0
2020-02-19 05:00:00,15,8,7
2020-02-19 06:00:00,38,17,21
2020-02-19 07:00:00,119,79,40
2020-02-19 08:00:00,165,109,56
2020-02-19 09:00:00,93,61,32
2020-02-19 10:00:00,39,24,15
2020-02-19 11:00:00,50,31,19
2020-02-19 12:00:00,57,33,24
2020-02-19 13:00:00,73,32,41
2020-02-19 14:00:00,81,38,43
2020-02-19 15:00:00,105,57,48
2020-02-19 16:00:00,157,69,88
2020-02-19 17:00:00,243,93,150
2020-02-19 18:00:00,87,34,53
2020-02-19 19:00:00,25,2,23
2020-02-19 20:00:00,11,4,7
2020-02-19 21:00:00,8,4,4
2020-02-19 22:00:00,3,1,2
2020-02-19 23:00:00,2,2,0
2020-02-20 00:00:00,4,1,3
2020-02-20 01:00:00,1,0,1
2020-02-20 02:00:00,0,0,0
2020-02-20 03:00:00,0,0,0
2020-02-20 04:00:00,2,1,1
2020-02-20 05:00:00,19,8,11
2020-02-20 06:00:00,45,23,22
2020-02-20 07:00:00,111,72,39
2020-02-20 08:00:00,154,91,63
2020-02-20 09:00:00,93,66,27
2020-02-20 10:00:00,58,35,23
2020-02-20 11:00:00,37,19,18
2020-02-20 12:00:00,46,26,20
2020-02-20 13:00:00,60,33,27
2020-02-20 14:00:00,65,24,41
2020-02-20 15:00:00,88,40,48
2020-02-20 16:00:00,172,73,99
2020-02-20 17:00:00,226,78,148
2020-02-20 18:00:00,92,36,56
2020-02-20 19:00:00,24,10,14
2020-02-20 20:00:00,14,0,14
2020-02-20 21:00:00,8,3,5
2020-02-20 22:00:00,7,3,4
2020-02-20 23:00:00,2,0,2
2020-02-21 00:00:00,2,1,1
2020-02-21 01:00:00,1,0,1
2020-02-21 02:00:00,0,0,0
2020-02-21 03:00:00,0,0,0
2020-02-21 04:00:00,2,2,0
2020-02-21 05:00:00,14,9,5
2020-02-21 06:00:00,36,17,19
2020-02-21 07:00:00,103,70,33
2020-02-21 08:00:00,117,73,44
2020-02-21 09:00:00,72,44,28
2020-02-21 10:00:00,40,23,17
2020-02-21 11:00:00,35,16,19
2020-02-21 12:00:00,42,18,24
2020-02-21 13:00:00,44,23,21
2020-02-21 14:00:00,71,36,35
2020-02-21 15:00:00,136,52,84
2020-02-21 16:00:00,157,64,93
2020-02-21 17:00:00,169,57,112
2020-02-21 18:00:00,86,24,62
2020-02-21 19:00:00,18,8,10
2020-02-21 20:00:00,4,1,3
2020-02-21 21:00:00,6,4,2
2020-02-21 22:00:00,4,4,0
2020-02-21 23:00:00,0,0,0
2020-02-22 00:00:00,8,3,5
2020-02-22 01:00:00,5,1,4
2020-02-22 02:00:00,1,1,0
2020-02-22 03:00:00,0,0,0
2020-02-22 04:00:00,0,0,0
2020-02-22 05:00:00,3,1,2
2020-02-22 06:00:00,7,5,2
2020-02-22 07:00:00,15,10,5
2020-02-22 08:00:00,13,8,5
2020-02-22 09:00:00,24,9,15
2020-02-22 10:00:00,54,27,27
2020-02-22 11:00:00,43,29,14
2020-02-22 12:00:00,47,21,26
2020-02-22 13:00:00,63,35,28
2020-02-22 14:00:00,73,28,45
2020-02-22 15:00:00,56,28,28
2020-02-22 16:00:00,44,23,21
2020-02-22 17:00:00,70,24,46
2020-02-22 18:00:00,27,15,12
2020-02-22 19:00:00,6,4,2
2020-02-22 20:00:00,10,4,6
2020-02-22 21:00:00,7,5,2
2020-02-22 22:00:00,4,0,4
2020-02-22 23:00:00,2,0,2
2020-02-23 00:00:00,0,0,0
2020-02-23 01:00:00,0,0,0
2020-02-23 02:00:00,2,0,2
2020-02-23 03:00:00,0,0,0
2020-02-23 04:00:00,0,0,0
2020-02-23 05:00:00,4,2,2
2020-02-23 06:00:00,9,7,2
2020-02-23 07:00:00,52,48,4
2020-02-23 08:00:00,50,48,2
2020-02-23 09:00:00,19,11,8
2020-02-23 10:00:00,21,13,8
2020-02-23 11:00:00,35,15,20
2020-02-23 12:00:00,47,18,29
2020-02-23 13:00:00,93,27,66
2020-02-23 14:00:00,100,26,74
2020-02-23 15:00:00,54,16,38
2020-02-23 16:00:00,68,19,49
2020-02-23 17:00:00,49,26,23
2020-02-23 18:00:00,13,9,4
2020-02-23 19:00:00,2,2,0
2020-02-23 20:00:00,6,2,4
2020-02-23 21:00:00,4,3,1
2020-02-23 22:00:00,2,1,1
2020-02-23 23:00:00,2,0,2
2020-02-24 00:00:00,0,0,0
2020-02-24 01:00:00,2,0,2
2020-02-24 02:00:00,1,1,0
2020-02-24 03:00:00,0,0,0
2020-02-24 04:00:00,0,0,0
2020-02-24 05:00:00,18,9,9
2020-02-24 06:00:00,54,25,29
2020-02-24 07:00:00,143,93,50
2020-02-24 08:00:00,179,123,56
2020-02-24 09:00:00,78,50,28
2020-02-24 10:00:00,32,16,16
2020-02-24 11:00:00,34,16,18
2020-02-24 12:00:00,35,21,14
2020-02-24 13:00:00,34,17,17
2020-02-24 14:00:00,39,20,19
2020-02-24 15:00:00,72,41,31
2020-02-24 16:00:00,162,76,86
2020-02-24 17:00:00,240,81,159
2020-02-24 18:00:00,95,26,69
2020-02-24 19:00:00,37,7,30
2020-02-24 20:00:00,13,8,5
2020-02-24 21:00:00,3,1,2
2020-02-24 22:00:00,5,1,4
2020-02-24 23:00:00,4,2,2
2020-02-25 00:00:00,1,1,0
2020-02-25 01:00:00,0,0,0
2020-02-25 02:00:00,1,0,1
2020-02-25 03:00:00,0,0,0
2020-02-25 04:00:00,2,1,1
2020-02-25 05:00:00,17,7,10
2020-02-25 06:00:00,70,37,33
2020-02-25 07:00:00,143,92,51
2020-02-25 08:00:00,184,115,69
2020-02-25 09:00:00,85,50,35
2020-02-25 10:00:00,32,17,15
2020-02-25 11:00:00,31,18,13
2020-02-25 12:00:00,20,7,13
2020-02-25 13:00:00,29,15,14
2020-02-25 14:00:00,46,23,23
2020-02-25 15:00:00,78,40,38
2020-02-25 16:00:00,144,63,81
2020-02-25 17:00:00,215,60,155
2020-02-25 18:00:00,103,35,68
2020-02-25 19:00:00,27,5,22
2020-02-25 20:00:00,12,2,10
2020-02-25 21:00:00,6,1,5
2020-02-25 22:00:00,2,0,2
2020-02-25 23:00:00,4,1,3
2020-02-26 00:00:00,3,1,2
2020-02-26 01:00:00,0,0,0
2020-02-26 02:00:00,1,0,1
2020-02-26 03:00:00,1,0,1
2020-02-26 04:00:00,1,1,0
2020-02-26 05:00:00,16,8,8
2020-02-26 06:00:00,61,32,29
2020-02-26 07:00:00,138,92,46
2020-02-26 08:00:00,179,129,50
2020-02-26 09:00:00,110,69,41
2020-02-26 10:00:00,35,19,16
2020-02-26 11:00:00,28,12,16
2020-02-26 12:00:00,35,16,19
2020-02-26 13:00:00,31,14,17
2020-02-26 14:00:00,51,23,28
2020-02-26 15:00:00,89,53,36
2020-02-26 16:00:00,143,58,85
2020-02-26 17:00:00,251,98,153
2020-02-26 18:00:00,99,30,69
2020-02-26 19:00:00,40,4,36
2020-02-26 20:00:00,13,2,11
2020-02-26 21:00:00,3,2,1
2020-02-26 22:00:00,9,3,6
2020-02-26 23:00:00,2,1,1
2020-02-27 00:00:00,2,2,0
2020-02-27 01:00:00,1,0,1
2020-02-27 02:00:00,2,0,2
2020-02-27 03:00:00,0,0,0
2020-02-27 04:00:00,3,2,1
2020-02-27 05:00:00,12,7,5
2020-02-27 06:00:00,64,34,30
2020-02-27 07:00:00,163,110,53
2020-02-27 08:00:00,181,118,63
2020-02-27 09:00:00,111,73,38
2020-02-27 10:00:00,39,21,18
2020-02-27 11:00:00,36,22,14
2020-02-27 12:00:00,44,24,20
2020-02-27 13:00:00,48,23,25
2020-02-27 14:00:00,79,38,41
2020-02-27 15:00:00,87,39,48
2020-02-27 16:00:00,212,77,135
2020-02-27 17:00:00,312,110,202
2020-02-27 18:00:00,105,36,69
2020-02-27 19:00:00,42,14,28
2020-02-27 20:00:00,11,3,8
2020-02-27 21:00:00,27,5,22
2020-02-27 22:00:00,6,1,5
2020-02-27 23:00:00,4,1,3
2020-02-28 00:00:00,4,1,3
2020-02-28 01:00:00,1,1,0
2020-02-28 02:00:00,0,0,0
2020-02-28 03:00:00,1,0,1
2020-02-28 04:00:00,2,1,1
2020-02-28 05:00:00,14,7,7
2020-02-28 06:00:00,37,22,15
2020-02-28 07:00:00,104,68,36
2020-02-28 08:00:00,152,108,44
2020-02-28 09:00:00,79,51,28
2020-02-28 10:00:00,27,15,12
2020-02-28 11:00:00,24,12,12
2020-02-28 12:00:00,37,12,25
2020-02-28 13:00:00,27,12,15
2020-02-28 14:00:00,36,14,22
2020-02-28 15:00:00,67,38,29
2020-02-28 16:00:00,121,38,83
2020-02-28 17:00:00,111,27,84
2020-02-28 18:00:00,51,8,43
2020-02-28 19:00:00,12,3,9
2020-02-28 20:00:00,12,4,8
2020-02-28 21:00:00,2,1,1
2020-02-28 22:00:00,4,1,3
2020-02-28 23:00:00,5,2,3
2020-02-29 00:00:00,2,1,1
2020-02-29 01:00:00,1,1,0
2020-02-29 02:00:00,0,0,0
2020-02-29 03:00:00,0,0,0
2020-02-29 04:00:00,1,0,1
2020-02-29 05:00:00,2,2,0
2020-02-29 06:00:00,6,5,1
2020-02-29 07:00:00,7,2,5
2020-02-29 08:00:00,18,9,9
2020-02-29 09:00:00,15,7,8
2020-02-29 10:00:00,38,23,15
2020-02-29 11:00:00,41,19,22
2020-02-29 12:00:00,79,29,50
2020-02-29 13:00:00,47,24,23
2020-02-29 14:00:00,54,31,23
2020-02-29 15:00:00,50,23,27
2020-02-29 16:00:00,41,20,21
2020-02-29 17:00:00,36,23,13
2020-02-29 18:00:00,39,26,13
2020-02-29 19:00:00,10,5,5
2020-02-29 20:00:00,2,0,2
2020-02-29 21:00:00,11,5,6
2020-02-29 22:00:00,8,0,8
2020-02-29 23:00:00,4,1,3
2020-03-01 00:00:00,5,1,4
2020-03-01 01:00:00,1,0,1
2020-03-01 02:00:00,0,0,0
2020-03-01 03:00:00,2,0,2
2020-03-01 04:00:00,0,0,0
2020-03-01 05:00:00,1,0,1
2020-03-01 06:00:00,7,4,3
2020-03-01 07:00:00,4,2,2
2020-03-01 08:00:00,18,12,6
2020-03-01 09:00:00,33,18,15
2020-03-01 10:00:00,73,44,29
2020-03-01 11:00:00,105,73,32
2020-03-01 12:00:00,101,47,54
2020-03-01 13:00:00,99,45,54
2020-03-01 14:00:00,118,50,68
2020-03-01 15:00:00,78,42,36
2020-03-01 16:00:00,71,32,39
2020-03-01 17:00:00,42,18,24
2020-03-01 18:00:00,7,5,2
2020-03-01 19:00:00,7,2,5
2020-03-01 20:00:00,5,3,2
2020-03-01 21:00:00,1,1,0
2020-03-01 22:00:00,3,2,1
2020-03-01 23:00:00,1,0,1
2020-03-02 00:00:00,1,1,0
2020-03-02 01:00:00,1,0,1
2020-03-02 02:00:00,1,0,1
2020-03-02 03:00:00,0,0,0
2020-03-02 04:00:00,3,0,3
2020-03-02 05:00:00,16,8,8
2020-03-02 06:00:00,53,28,25
2020-03-02 07:00:00,115,77,38
2020-03-02 08:00:00,141,104,37
2020-03-02 09:00:00,56,33,23
2020-03-02 10:00:00,22,15,7
2020-03-02 11:00:00,8,5,3
2020-03-02 12:00:00,16,7,9
2020-03-02 13:00:00,17,4,13
2020-03-02 14:00:00,20,13,7
2020-03-02 15:00:00,60,30,30
2020-03-02 16:00:00,102,40,62
2020-03-02 17:00:00,158,42,116
2020-03-02 18:00:00,69,17,52
2020-03-02 19:00:00,13,1,12
2020-03-02 20:00:00,8,1,7
2020-03-02 21:00:00,0,0,0
2020-03-02 22:00:00,2,1,1
2020-03-02 23:00:00,3,2,1
2020-03-03 00:00:00,2,1,1
2020-03-03 01:00:00,2,0,2
2020-03-03 02:00:00,2,1,1
2020-03-03 03:00:00,0,0,0
2020-03-03 04:00:00,1,1,0
2020-03-03 05:00:00,14,8,6
2020-03-03 06:00:00,66,29,37
2020-03-03 07:00:00,125,85,40
2020-03-03 08:00:00,157,116,41
2020-03-03 09:00:00,74,47,27
2020-03-03 10:00:00,45,23,22
2020-03-03 11:00:00,17,9,8
2020-03-03 12:00:00,21,11,10
2020-03-03 13:00:00,17,10,7
2020-03-03 14:00:00,30,17,13
2020-03-03 15:00:00,68,35,33
2020-03-03 16:00:00,125,43,82
2020-03-03 17:00:00,202,53,149
2020-03-03 18:00:00,73,14,59
2020-03-03 19:00:00,13,4,9
2020-03-03 20:00:00,9,4,5
2020-03-03 21:00:00,6,0,6
2020-03-03 22:00:00,2,0,2
2020-03-03 23:00:00,3,1,2
2020-03-04 00:00:00,3,0,3
2020-03-04 01:00:00,0,0,0
2020-03-04 02:00:00,1,0,1
2020-03-04 03:00:00,1,0,1
2020-03-04 04:00:00,1,1,0
2020-03-04 05:00:00,19,10,9
2020-03-04 06:00:00,48,17,31
2020-03-04 07:00:00,148,104,44
2020-03-04 08:00:00,161,124,37
2020-03-04 09:00:00,87,64,23
2020-03-04 10:00:00,37,22,15
2020-03-04 11:00:00,37,19,18
2020-03-04 12:00:00,38,19,19
2020-03-04 13:00:00,57,22,35
2020-03-04 14:00:00,67,37,30
2020-03-04 15:00:00,107,57,50
2020-03-04 16:00:00,200,80,120
2020-03-04 17:00:00,258,82,176
2020-03-04 18:00:00,100,34,66
2020-03-04 19:00:00,28,5,23
2020-03-04 20:00:00,23,6,17
2020-03-04 21:00:00,5,2,3
2020-03-04 22:00:00,4,0,4
2020-03-04 23:00:00,6,3,3
2020-03-05 00:00:00,5,3,2
2020-03-05 01:00:00,1,0,1
2020-03-05 02:00:00,1,1,0
2020-03-05 03:00:00,0,0,0
2020-03-05 04:00:00,1,1,0
2020-03-05 05:00:00,15,7,8
2020-03-05 06:00:00,59,29,30
2020-03-05 07:00:00,122,84,38
2020-03-05 08:00:00,119,80,39
2020-03-05 09:00:00,62,44,18
2020-03-05 10:00:00,33,20,13
2020-03-05 11:00:00,33,12,21
2020-03-05 12:00:00,28,8,20
2020-03-05 13:00:00,29,10,19
2020-03-05 14:00:00,51,24,27
2020-03-05 15:00:00,63,32,31
2020-03-05 16:00:00,112,47,65
2020-03-05 17:00:00,146,45,101
2020-03-05 18:00:00,55,6,49
2020-03-05 19:00:00,17,4,13
2020-03-05 20:00:00,10,3,7
2020-03-05 21:00:00,10,2,8
2020-03-05 22:00:00,2,0,2
2020-03-05 23:00:00,1,1,0
2020-03-06 00:00:00,3,2,1
2020-03-06 01:00:00,0,0,0
2020-03-06 02:00:00,1,0,1
2020-03-06 03:00:00,0,0,0
2020-03-06 04:00:00,2,1,1
2020-03-06 05:00:00,15,11,4
2020-03-06 06:00:00,29,11,18
2020-03-06 07:00:00,54,32,22
2020-03-06 08:00:00,69,51,18
2020-03-06 09:00:00,23,15,8
2020-03-06 10:00:00,23,11,12
2020-03-06 11:00:00,20,9,11
2020-03-06 12:00:00,20,12,8
2020-03-06 13:00:00,25,11,14
2020-03-06 14:00:00,33,19,14
2020-03-06 15:00:00,33,17,16
2020-03-06 16:00:00,68,24,44
2020-03-06 17:00:00,69,21,48
2020-03-06 18:00:00,57,22,35
2020-03-06 19:00:00,12,4,8
2020-03-06 20:00:00,5,4,1
2020-03-06 21:00:00,4,2,2
2020-03-06 22:00:00,1,1,0
2020-03-06 23:00:00,3,2,1
2020-03-07 00:00:00,5,3,2
2020-03-07 01:00:00,1,0,1
2020-03-07 02:00:00,0,0,0
2020-03-07 03:00:00,1,0,1
2020-03-07 04:00:00,0,0,0
2020-03-07 05:00:00,3,3,0
2020-03-07 06:00:00,7,4,3
2020-03-07 07:00:00,15,7,8
2020-03-07 08:00:00,17,11,6
2020-03-07 09:00:00,35,14,21
2020-03-07 10:00:00,56,27,29
2020-03-07 11:00:00,54,39,15
2020-03-07 12:00:00,20,9,11
2020-03-07 13:00:00,26,11,15
2020-03-07 14:00:00,41,18,23
2020-03-07 15:00:00,55,32,23
2020-03-07 16:00:00,48,18,30
2020-03-07 17:00:00,55,31,24
2020-03-07 18:00:00,23,16,7
2020-03-07 19:00:00,6,0,6
2020-03-07 20:00:00,8,6,2
2020-03-07 21:00:00,7,1,6
2020-03-07 22:00:00,5,1,4
2020-03-07 23:00:00,2,1,1
2020-03-08 00:00:00,1,0,1
2020-03-08 01:00:00,0,0,0
2020-03-08 02:00:00,0,0,0
2020-03-08 03:00:00,2,1,1
2020-03-08 04:00:00,1,0,1
2020-03-08 05:00:00,3,1,2
2020-03-08 06:00:00,3,3,0
2020-03-08 07:00:00,0,0,0
2020-03-08 08:00:00,5,4,1
2020-03-08 09:00:00,14,8,6
2020-03-08 10:00:00,27,16,11
2020-03-08 11:00:00,53,31,22
2020-03-08 12:00:00,99,50,49
2020-03-08 13:00:00,76,38,38
2020-03-08 14:00:00,117,45,72
2020-03-08 15:00:00,106,45,61
2020-03-08 16:00:00,104,57,47
2020-03-08 17:00:00,79,41,38
2020-03-08 18:00:00,42,26,16
2020-03-08 19:00:00,12,9,3
2020-03-08 20:00:00,4,2,2
2020-03-08 21:00:00,6,2,4
2020-03-08 22:00:00,1,1,0
2020-03-08 23:00:00,4,4,0
2020-03-09 00:00:00,0,0,0
2020-03-09 01:00:00,1,0,1
2020-03-09 02:00:00,0,0,0
2020-03-09 03:00:00,1,1,0
2020-03-09 04:00:00,0,0,0
2020-03-09 05:00:00,7,2,5
2020-03-09 06:00:00,34,19,15
2020-03-09 07:00:00,86,52,34
2020-03-09 08:00:00,100,81,19
2020-03-09 09:00:00,54,33,21
2020-03-09 10:00:00,30,18,12
2020-03-09 11:00:00,23,8,15
2020-03-09 12:00:00,33,20,13
2020-03-09 13:00:00,52,29,23
2020-03-09 14:00:00,67,37,30
2020-03-09 15:00:00,92,48,44
2020-03-09 16:00:00,123,46,77
2020-03-09 17:00:00,212,85,127
2020-03-09 18:00:00,127,60,67
2020-03-09 19:00:00,59,28,31
2020-03-09 20:00:00,4,0,4
2020-03-09 21:00:00,2,0,2
2020-03-09 22:00:00,8,5,3
2020-03-09 23:00:00,3,0,3
2020-03-10 00:00:00,2,2,0
2020-03-10 01:00:00,3,2,1
2020-03-10 02:00:00,2,0,2
2020-03-10 03:00:00,0,0,0
2020-03-10 04:00:00,1,1,0
2020-03-10 05:00:00,10,6,4
2020-03-10 06:00:00,37,16,21
2020-03-10 07:00:00,84,52,32
2020-03-10 08:00:00,93,72,21
2020-03-10 09:00:00,44,34,10
2020-03-10 10:00:00,38,18,20
2020-03-10 11:00:00,30,12,18
2020-03-10 12:00:00,44,25,19
2020-03-10 13:00:00,63,30,33
2020-03-10 14:00:00,46,25,21
2020-03-10 15:00:00,69,33,36
2020-03-10 16:00:00,83,39,44
2020-03-10 17:00:00,133,36,97
2020-03-10 18:00:00,97,29,68
2020-03-10 19:00:00,25,15,10
2020-03-10 20:00:00,13,5,8
2020-03-10 21:00:00,1,0,1
2020-03-10 22:00:00,7,1,6
2020-03-10 23:00:00,1,0,1
2020-03-11 00:00:00,7,4,3
2020-03-11 01:00:00,0,0,0
2020-03-11 02:00:00,0,0,0
2020-03-11 03:00:00,2,0,2
2020-03-11 04:00:00,4,4,0
2020-03-11 05:00:00,9,5,4
2020-03-11 06:00:00,33,14,19
2020-03-11 07:00:00,69,47,22
2020-03-11 08:00:00,93,71,22
2020-03-11 09:00:00,45,33,12
2020-03-11 10:00:00,26,18,8
2020-03-11 11:00:00,28,13,15
2020-03-11 12:00:00,26,10,16
2020-03-11 13:00:00,20,7,13
2020-03-11 14:00:00,37,23,14
2020-03-11 15:00:00,62,33,29
2020-03-11 16:00:00,92,41,51
2020-03-11 17:00:00,135,43,92
2020-03-11 18:00:00,118,43,75
2020-03-11 19:00:00,33,19,14
2020-03-11 20:00:00,15,6,9
2020-03-11 21:00:00,8,4,4
2020-03-11 22:00:00,8,4,4
2020-03-11 23:00:00,4,3,1
2020-03-12 00:00:00,1,1,0
2020-03-12 01:00:00,0,0,0
2020-03-12 02:00:00,0,0,0
2020-03-12 03:00:00,0,0,0
2020-03-12 04:00:00,0,0,0
2020-03-12 05:00:00,9,5,4
2020-03-12 06:00:00,28,11,17
2020-03-12 07:00:00,66,46,20
2020-03-12 08:00:00,73,57,16
2020-03-12 09:00:00,33,22,11
2020-03-12 10:00:00,28,17,11
2020-03-12 11:00:00,20,6,14
2020-03-12 12:00:00,20,10,10
2020-03-12 13:00:00,31,15,16
2020-03-12 14:00:00,46,26,20
2020-03-12 15:00:00,63,29,34
2020-03-12 16:00:00,112,42,70
2020-03-12 17:00:00,130,44,86
2020-03-12 18:00:00,107,35,72
2020-03-12 19:00:00,55,39,16
2020-03-12 20:00:00,11,4,7
2020-03-12 21:00:00,10,4,6
2020-03-12 22:00:00,3,2,1
2020-03-12 23:00:00,3,1,2
2020-03-13 00:00:00,8,7,1
2020-03-13 01:00:00,1,0,1
2020-03-13 02:00:00,0,0,0
2020-03-13 03:00:00,1,0,1
2020-03-13 04:00:00,0,0,0
2020-03-13 05:00:00,8,5,3
2020-03-13 06:00:00,18,7,11
2020-03-13 07:00:00,41,30,11
2020-03-13 08:00:00,41,27,14
2020-03-13 09:00:00,23,18,5
2020-03-13 10:00:00,5,4,1
2020-03-13 11:00:00,10,3,7
2020-03-13 12:00:00,5,3,2
2020-03-13 13:00:00,8,4,4
2020-03-13 14:00:00,16,9,7
2020-03-13 15:00:00,14,8,6
2020-03-13 16:00:00,26,11,15
2020-03-13 17:00:00,31,10,21
2020-03-13 18:00:00,30,8,22
2020-03-13 19:00:00,8,1,7
2020-03-13 20:00:00,5,3,2
2020-03-13 21:00:00,2,2,0
2020-03-13 22:00:00,1,0,1
2020-03-13 23:00:00,1,0,1
2020-03-14 00:00:00,0,0,0
2020-03-14 01:00:00,0,0,0
2020-03-14 02:00:00,0,0,0
2020-03-14 03:00:00,0,0,0
2020-03-14 04:00:00,0,0,0
2020-03-14 05:00:00,1,1,0
2020-03-14 06:00:00,3,2,1
2020-03-14 07:00:00,13,11,2
2020-03-14 08:00:00,7,4,3
2020-03-14 09:00:00,20,14,6
2020-03-14 10:00:00,31,15,16
2020-03-14 11:00:00,28,17,11
2020-03-14 12:00:00,39,13,26
2020-03-14 13:00:00,53,22,31
2020-03-14 14:00:00,73,37,36
2020-03-14 15:00:00,79,38,41
2020-03-14 16:00:00,60,30,30
2020-03-14 17:00:00,49,31,18
2020-03-14 18:00:00,19,8,11
2020-03-14 19:00:00,8,5,3
2020-03-14 20:00:00,9,5,4
2020-03-14 21:00:00,4,1,3
2020-03-14 22:00:00,2,0,2
2020-03-14 23:00:00,10,2,8
2020-03-15 00:00:00,0,0,0
2020-03-15 01:00:00,0,0,0
2020-03-15 02:00:00,1,0,1
2020-03-15 03:00:00,0,0,0
2020-03-15 04:00:00,0,0,0
2020-03-15 05:00:00,1,1,0
2020-03-15 06:00:00,4,2,2
2020-03-15 07:00:00,7,5,2
2020-03-15 08:00:00,11,8,3
2020-03-15 09:00:00,27,10,17
2020-03-15 10:00:00,44,25,19
2020-03-15 11:00:00,48,19,29
2020-03-15 12:00:00,97,37,60
2020-03-15 13:00:00,108,68,40
2020-03-15 14:00:00,119,47,72
2020-03-15 15:00:00,119,47,72
2020-03-15 16:00:00,104,57,47
2020-03-15 17:00:00,84,59,25
2020-03-15 18:00:00,52,21,31
2020-03-15 19:00:00,38,16,22
2020-03-15 20:00:00,2,0,2
2020-03-15 21:00:00,1,1,0
2020-03-15 22:00:00,0,0,0
2020-03-15 23:00:00,1,0,1
2020-03-16 00:00:00,0,0,0
2020-03-16 01:00:00,0,0,0
2020-03-16 02:00:00,0,0,0
2020-03-16 03:00:00,0,0,0
2020-03-16 04:00:00,0,0,0
2020-03-16 05:00:00,7,2,5
2020-03-16 06:00:00,29,13,16
2020-03-16 07:00:00,41,23,18
2020-03-16 08:00:00,47,32,15
2020-03-16 09:00:00,30,27,3
2020-03-16 10:00:00,24,12,12
2020-03-16 11:00:00,42,28,14
2020-03-16 12:00:00,41,19,22
2020-03-16 13:00:00,49,22,27
2020-03-16 14:00:00,72,51,21
2020-03-16 15:00:00,80,32,48
2020-03-16 16:00:00,121,56,65
2020-03-16 17:00:00,158,56,102
2020-03-16 18:00:00,148,78,70
2020-03-16 19:00:00,66,42,24
2020-03-16 20:00:00,15,8,7
2020-03-16 21:00:00,5,2,3
2020-03-16 22:00:00,4,2,2
2020-03-16 23:00:00,2,1,1
2020-03-17 00:00:00,3,3,0
2020-03-17 01:00:00,0,0,0
2020-03-17 02:00:00,5,3,2
2020-03-17 03:00:00,0,0,0
2020-03-17 04:00:00,2,2,0
2020-03-17 05:00:00,5,4,1
2020-03-17 06:00:00,28,11,17
2020-03-17 07:00:00,41,31,10
2020-03-17 08:00:00,40,24,16
2020-03-17 09:00:00,33,23,10
2020-03-17 10:00:00,29,16,13
2020-03-17 11:00:00,35,14,21
2020-03-17 12:00:00,41,21,20
2020-03-17 13:00:00,59,29,30
2020-03-17 14:00:00,62,30,32
2020-03-17 15:00:00,83,36,47
2020-03-17 16:00:00,93,43,50
2020-03-17 17:00:00,127,52,75
2020-03-17 18:00:00,133,56,77
2020-03-17 19:00:00,76,42,34
2020-03-17 20:00:00,17,11,6
2020-03-17 21:00:00,4,0,4
2020-03-17 22:00:00,1,1,0
2020-03-17 23:00:00,3,2,1
2020-03-18 00:00:00,6,2,4
2020-03-18 01:00:00,2,1,1
2020-03-18 02:00:00,0,0,0
2020-03-18 03:00:00,0,0,0
2020-03-18 04:00:00,2,2,0
2020-03-18 05:00:00,3,2,1
2020-03-18 06:00:00,24,13,11
2020-03-18 07:00:00,36,21,15
2020-03-18 08:00:00,48,33,15
2020-03-18 09:00:00,21,12,9
2020-03-18 10:00:00,18,4,14
2020-03-18 11:00:00,42,28,14
2020-03-18 12:00:00,61,30,31
2020-03-18 13:00:00,81,38,43
2020-03-18 14:00:00,112,46,66
2020-03-18 15:00:00,143,70,73
2020-03-18 16:00:00,187,99,88
2020-03-18 17:00:00,177,66,111
2020-03-18 18:00:00,177,82,95
2020-03-18 19:00:00,74,52,22
2020-03-18 20:00:00,13,7,6
2020-03-18 21:00:00,11,4,7
2020-03-18 22:00:00,4,1,3
2020-03-18 23:00:00,2,1,1
2020-03-19 00:00:00,1,1,0
2020-03-19 01:00:00,0,0,0
2020-03-19 02:00:00,1,0,1
2020-03-19 03:00:00,2,0,2
2020-03-19 04:00:00,2,1,1
2020-03-19 05:00:00,6,5,1
2020-03-19 06:00:00,23,13,10
2020-03-19 07:00:00,43,20,23
2020-03-19 08:00:00,44,27,17
2020-03-19 09:00:00,28,18,10
2020-03-19 10:00:00,36,11,25
2020-03-19 11:00:00,61,30,31
2020-03-19 12:00:00,84,53,31
2020-03-19 13:00:00,91,39,52
2020-03-19 14:00:00,110,57,53
2020-03-19 15:00:00,150,77,73
2020-03-19 16:00:00,186,75,111
2020-03-19 17:00:00,189,92,97
2020-03-19 18:00:00,200,105,95
2020-03-19 19:00:00,96,52,44
2020-03-19 20:00:00,18,7,11
2020-03-19 21:00:00,4,2,2
2020-03-19 22:00:00,3,2,1
2020-03-19 23:00:00,0,0,0
2020-03-20 00:00:00,0,0,0
2020-03-20 01:00:00,0,0,0
2020-03-20 02:00:00,1,0,1
2020-03-20 03:00:00,1,0,1
2020-03-20 04:00:00,3,1,2
2020-03-20 05:00:00,4,2,2
2020-03-20 06:00:00,15,8,7
2020-03-20 07:00:00,35,18,17
2020-03-20 08:00:00,40,27,13
2020-03-20 09:00:00,31,14,17
2020-03-20 10:00:00,38,20,18
2020-03-20 11:00:00,50,27,23
2020-03-20 12:00:00,94,36,58
2020-03-20 13:00:00,100,57,43
2020-03-20 14:00:00,119,61,58
2020-03-20 15:00:00,166,64,102
2020-03-20 16:00:00,223,120,103
2020-03-20 17:00:00,219,86,133
2020-03-20 18:00:00,180,73,107
2020-03-20 19:00:00,105,68,37
2020-03-20 20:00:00,13,9,4
2020-03-20 21:00:00,9,1,8
2020-03-20 22:00:00,3,2,1
2020-03-20 23:00:00,5,4,1
2020-03-21 00:00:00,1,0,1
2020-03-21 01:00:00,0,0,0
2020-03-21 02:00:00,0,0,0
2020-03-21 03:00:00,1,0,1
2020-03-21 04:00:00,1,0,1
2020-03-21 05:00:00,0,0,0
2020-03-21 06:00:00,1,0,1
2020-03-21 07:00:00,9,4,5
2020-03-21 08:00:00,23,9,14
2020-03-21 09:00:00,31,14,17
2020-03-21 10:00:00,55,25,30
2020-03-21 11:00:00,100,48,52
2020-03-21 12:00:00,112,51,61
2020-03-21 13:00:00,153,73,80
2020-03-21 14:00:00,260,117,143
2020-03-21 15:00:00,311,154,157
2020-03-21 16:00:00,258,104,154
2020-03-21 17:00:00,201,97,104
2020-03-21 18:00:00,164,86,78
2020-03-21 19:00:00,56,33,23
2020-03-21 20:00:00,8,6,2
2020-03-21 21:00:00,7,4,3
2020-03-21 22:00:00,7,3,4
2020-03-21 23:00:00,3,3,0
2020-03-22 00:00:00,7,4,3
2020-03-22 01:00:00,2,2,0
2020-03-22 02:00:00,1,0,1
2020-03-22 03:00:00,0,0,0
2020-03-22 04:00:00,4,2,2
2020-03-22 05:00:00,0,0,0
2020-03-22 06:00:00,1,1,0
2020-03-22 07:00:00,4,0,4
2020-03-22 08:00:00,20,9,11
2020-03-22 09:00:00,37,23,14
2020-03-22 10:00:00,71,38,33
2020-03-22 11:00:00,105,42,63
2020-03-22 12:00:00,161,92,69
2020-03-22 13:00:00,186,80,106
2020-03-22 14:00:00,210,90,120
2020-03-22 15:00:00,158,81,77
2020-03-22 16:00:00,115,52,63
2020-03-22 17:00:00,86,41,45
2020-03-22 18:00:00,37,19,18
2020-03-22 19:00:00,46,26,20
2020-03-22 20:00:00,11,9,2
2020-03-22 21:00:00,3,0,3
2020-03-22 22:00:00,1,1,0
2020-03-22 23:00:00,1,0,1
2020-03-23 00:00:00,2,1,1
2020-03-23 01:00:00,0,0,0
2020-03-23 02:00:00,1,0,1
2020-03-23 03:00:00,0,0,0
2020-03-23 04:00:00,0,0,0
2020-03-23 05:00:00,4,0,4
2020-03-23 06:00:00,18,8,10
2020-03-23 07:00:00,24,16,8
2020-03-23 08:00:00,20,11,9
2020-03-23 09:00:00,25,16,9
2020-03-23 10:00:00,18,9,9
2020-03-23 11:00:00,25,11,14
2020-03-23 12:00:00,43,18,25
2020-03-23 13:00:00,26,14,12
2020-03-23 14:00:00,43,20,23
2020-03-23 15:00:00,30,14,16
2020-03-23 16:00:00,58,28,30
2020-03-23 17:00:00,65,26,39
2020-03-23 18:00:00,60,31,29
2020-03-23 19:00:00,21,12,9
2020-03-23 20:00:00,12,6,6
2020-03-23 21:00:00,1,0,1
2020-03-23 22:00:00,0,0,0
2020-03-23 23:00:00,1,1,0
2020-03-24 00:00:00,2,0,2
2020-03-24 01:00:00,2,0,2
2020-03-24 02:00:00,1,1,0
2020-03-24 03:00:00,0,0,0
2020-03-24 04:00:00,0,0,0
2020-03-24 05:00:00,5,3,2
2020-03-24 06:00:00,16,8,8
2020-03-24 07:00:00,24,13,11
2020-03-24 08:00:00,16,8,8
2020-03-24 09:00:00,12,8,4
2020-03-24 10:00:00,15,4,11
2020-03-24 11:00:00,25,12,13
2020-03-24 12:00:00,34,11,23
2020-03-24 13:00:00,41,14,27
2020-03-24 14:00:00,33,17,16
2020-03-24 15:00:00,54,32,22
2020-03-24 16:00:00,70,35,35
2020-03-24 17:00:00,80,39,41
2020-03-24 18:00:00,41,20,21
2020-03-24 19:00:00,28,13,15
2020-03-24 20:00:00,1,1,0
2020-03-24 21:00:00,1,0,1
2020-03-24 22:00:00,1,0,1
2020-03-24 23:00:00,3,2,1
2020-03-25 00:00:00,0,0,0
2020-03-25 01:00:00,0,0,0
2020-03-25 02:00:00,0,0,0
2020-03-25 03:00:00,0,0,0
2020-03-25 04:00:00,0,0,0
2020-03-25 05:00:00,3,1,2
2020-03-25 06:00:00,13,4,9
2020-03-25 07:00:00,16,10,6
2020-03-25 08:00:00,13,4,9
2020-03-25 09:00:00,8,5,3
2020-03-25 10:00:00,22,14,8
2020-03-25 11:00:00,20,8,12
2020-03-25 12:00:00,27,12,15
2020-03-25 13:00:00,17,11,6
2020-03-25 14:00:00,32,15,17
2020-03-25 15:00:00,82,39,43
2020-03-25 16:00:00,152,70,82
2020-03-25 17:00:00,165,68,97
2020-03-25 18:00:00,107,55,52
2020-03-25 19:00:00,61,34,27
2020-03-25 20:00:00,13,9,4
2020-03-25 21:00:00,6,3,3
2020-03-25 22:00:00,4,2,2
2020-03-25 23:00:00,3,1,2
2020-03-26 00:00:00,1,1,0
2020-03-26 01:00:00,0,0,0
2020-03-26 02:00:00,1,0,1
2020-03-26 03:00:00,1,0,1
2020-03-26 04:00:00,1,1,0
2020-03-26 05:00:00,4,2,2
2020-03-26 06:00:00,17,5,12
2020-03-26 07:00:00,20,11,9
2020-03-26 08:00:00,16,10,6
2020-03-26 09:00:00,13,4,9
2020-03-26 10:00:00,30,12,18
2020-03-26 11:00:00,43,24,19
2020-03-26 12:00:00,33,16,17
2020-03-26 13:00:00,28,14,14
2020-03-26 14:00:00,29,19,10
2020-03-26 15:00:00,38,19,19
2020-03-26 16:00:00,57,26,31
2020-03-26 17:00:00,69,26,43
2020-03-26 18:00:00,56,24,32
2020-03-26 19:00:00,24,13,11
2020-03-26 20:00:00,4,4,0
2020-03-26 21:00:00,1,1,0
2020-03-26 22:00:00,2,0,2
2020-03-26 23:00:00,2,1,1
2020-03-27 00:00:00,5,4,1
2020-03-27 01:00:00,0,0,0
2020-03-27 02:00:00,0,0,0
2020-03-27 03:00:00,0,0,0
2020-03-27 04:00:00,1,0,1
2020-03-27 05:00:00,4,1,3
2020-03-27 06:00:00,11,4,7
2020-03-27 07:00:00,10,5,5
2020-03-27 08:00:00,15,8,7
2020-03-27 09:00:00,7,4,3
2020-03-27 10:00:00,24,10,14
2020-03-27 11:00:00,22,11,11
2020-03-27 12:00:00,32,12,20
2020-03-27 13:00:00,32,10,22
2020-03-27 14:00:00,21,13,8
2020-03-27 15:00:00,51,25,26
2020-03-27 16:00:00,62,27,35
2020-03-27 17:00:00,81,28,53
2020-03-27 18:00:00,66,32,34
2020-03-27 19:00:00,30,21,9
2020-03-27 20:00:00,4,4,0
2020-03-27 21:00:00,0,0,0
2020-03-27 22:00:00,0,0,0
2020-03-27 23:00:00,1,1,0
2020-03-28 00:00:00,1,1,0
2020-03-28 01:00:00,0,0,0
2020-03-28 02:00:00,0,0,0
2020-03-28 03:00:00,0,0,0
2020-03-28 04:00:00,2,1,1
2020-03-28 05:00:00,0,0,0
2020-03-28 06:00:00,3,2,1
2020-03-28 07:00:00,13,4,9
2020-03-28 08:00:00,17,8,9
2020-03-28 09:00:00,40,13,27
2020-03-28 10:00:00,62,35,27
2020-03-28 11:00:00,84,43,41
2020-03-28 12:00:00,108,40,68
2020-03-28 13:00:00,87,36,51
2020-03-28 14:00:00,66,34,32
2020-03-28 15:00:00,115,50,65
2020-03-28 16:00:00,88,43,45
2020-03-28 17:00:00,40,14,26
2020-03-28 18:00:00,19,12,7
2020-03-28 19:00:00,7,4,3
2020-03-28 20:00:00,7,0,7
2020-03-28 21:00:00,2,1,1
2020-03-28 22:00:00,0,0,0
2020-03-28 23:00:00,1,0,1
2020-03-29 00:00:00,2,0,2
2020-03-29 01:00:00,0,0,0
2020-03-29 02:00:00,0,0,0
2020-03-29 03:00:00,0,0,0
2020-03-29 04:00:00,0,0,0
2020-03-29 05:00:00,0,0,0
2020-03-29 06:00:00,2,0,2
2020-03-29 07:00:00,10,6,4
2020-03-29 08:00:00,9,3,6
2020-03-29 09:00:00,34,17,17
2020-03-29 10:00:00,59,24,35
2020-03-29 11:00:00,123,50,73
2020-03-29 12:00:00,229,85,144
2020-03-29 13:00:00,306,159,147
2020-03-29 14:00:00,303,137,166
2020-03-29 15:00:00,310,157,153
2020-03-29 16:00:00,247,120,127
2020-03-29 17:00:00,153,86,67
2020-03-29 18:00:00,56,29,27
2020-03-29 19:00:00,24,17,7
2020-03-29 20:00:00,1,1,0
2020-03-29 21:00:00,3,0,3
2020-03-29 22:00:00,2,1,1
2020-03-29 23:00:00,1,1,0
2020-03-30 00:00:00,1,0,1
2020-03-30 01:00:00,0,0,0
2020-03-30 02:00:00,2,1,1
2020-03-30 03:00:00,0,0,0
2020-03-30 04:00:00,1,1,0
2020-03-30 05:00:00,4,3,1
2020-03-30 06:00:00,16,7,9
2020-03-30 07:00:00,18,8,10
2020-03-30 08:00:00,21,12,9
2020-03-30 09:00:00,15,5,10
2020-03-30 10:00:00,17,6,11
2020-03-30 11:00:00,14,5,9
2020-03-30 12:00:00,21,11,10
2020-03-30 13:00:00,6,1,5
2020-03-30 14:00:00,16,6,10
2020-03-30 15:00:00,12,4,8
2020-03-30 16:00:00,15,11,4
2020-03-30 17:00:00,30,11,19
2020-03-30 18:00:00,18,4,14
2020-03-30 19:00:00,23,12,11
2020-03-30 20:00:00,6,6,0
2020-03-30 21:00:00,1,0,1
2020-03-30 22:00:00,1,1,0
2020-03-30 23:00:00,1,1,0
2020-03-31 00:00:00,4,2,2
2020-03-31 01:00:00,0,0,0
2020-03-31 02:00:00,0,0,0
2020-03-31 03:00:00,1,1,0
2020-03-31 04:00:00,2,1,1
2020-03-31 05:00:00,1,0,1
2020-03-31 06:00:00,14,5,9
2020-03-31 07:00:00,14,9,5
2020-03-31 08:00:00,23,13,10
2020-03-31 09:00:00,20,6,14
2020-03-31 10:00:00,30,12,18
2020-03-31 11:00:00,47,26,21
2020-03-31 12:00:00,39,14,25
2020-03-31 13:00:00,71,34,37
2020-03-31 14:00:00,100,50,50
2020-03-31 15:00:00,31,14,17
2020-03-31 16:00:00,35,9,26
2020-03-31 17:00:00,46,24,22
2020-03-31 18:00:00,38,20,18
2020-03-31 19:00:00,19,8,11
2020-03-31 20:00:00,2,1,1
2020-03-31 21:00:00,4,0,4
2020-03-31 22:00:00,3,1,2
2020-03-31 23:00:00,0,0,0
2020-04-01 00:00:00,0,0,0
2020-04-01 01:00:00,0,0,0
2020-04-01 02:00:00,0,0,0
2020-04-01 03:00:00,1,1,0
2020-04-01 04:00:00,1,1,0
2020-04-01 05:00:00,3,1,2
2020-04-01 06:00:00,19,7,12
2020-04-01 07:00:00,21,14,7
2020-04-01 08:00:00,12,8,4
2020-04-01 09:00:00,12,4,8
2020-04-01 10:00:00,16,11,5
2020-04-01 11:00:00,17,3,14
2020-04-01 12:00:00,33,19,14
2020-04-01 13:00:00,47,25,22
2020-04-01 14:00:00,108,49,59
2020-04-01 15:00:00,140,65,75
2020-04-01 16:00:00,155,85,70
2020-04-01 17:00:00,189,76,113
2020-04-01 18:00:00,137,79,58
2020-04-01 19:00:00,65,43,22
2020-04-01 20:00:00,16,12,4
2020-04-01 21:00:00,4,0,4
2020-04-01 22:00:00,2,2,0
2020-04-01 23:00:00,6,3,3
2020-04-02 00:00:00,1,1,0
2020-04-02 01:00:00,0,0,0
2020-04-02 02:00:00,0,0,0
2020-04-02 03:00:00,3,0,3
2020-04-02 04:00:00,6,5,1
2020-04-02 05:00:00,4,1,3
2020-04-02 06:00:00,24,10,14
2020-04-02 07:00:00,18,12,6
2020-04-02 08:00:00,16,9,7
2020-04-02 09:00:00,26,12,14
2020-04-02 10:00:00,17,6,11
2020-04-02 11:00:00,29,13,16
2020-04-02 12:00:00,43,22,21
2020-04-02 13:00:00,54,20,34
2020-04-02 14:00:00,88,39,49
2020-04-02 15:00:00,72,39,33
2020-04-02 16:00:00,91,39,52
2020-04-02 17:00:00,112,56,56
2020-04-02 18:00:00,107,50,57
2020-04-02 19:00:00,68,37,31
2020-04-02 20:00:00,8,5,3
2020-04-02 21:00:00,0,0,0
2020-04-02 22:00:00,7,5,2
2020-04-02 23:00:00,2,1,1
2020-04-03 00:00:00,1,1,0
2020-04-03 01:00:00,0,0,0
2020-04-03 02:00:00,0,0,0
2020-04-03 03:00:00,0,0,0
2020-04-03 04:00:00,2,1,1
2020-04-03 05:00:00,3,1,2
2020-04-03 06:00:00,15,6,9
2020-04-03 07:00:00,31,19,12
2020-04-03 08:00:00,11,4,7
2020-04-03 09:00:00,23,11,12
2020-04-03 10:00:00,27,16,11
2020-04-03 11:00:00,34,11,23
2020-04-03 12:00:00,47,19,28
2020-04-03 13:00:00,39,23,16
2020-04-03 14:00:00,47,22,25
2020-04-03 15:00:00,45,22,23
2020-04-03 16:00:00,30,9,21
2020-04-03 17:00:00,43,18,25
2020-04-03 18:00:00,42,20,22
2020-04-03 19:00:00,21,11,10
2020-04-03 20:00:00,7,0,7
2020-04-03 21:00:00,0,0,0
2020-04-03 22:00:00,1,1,0
2020-04-03 23:00:00,4,2,2
2020-04-04 00:00:00,1,1,0
2020-04-04 01:00:00,1,0,1
2020-04-04 02:00:00,0,0,0
2020-04-04 03:00:00,0,0,0
2020-04-04 04:00:00,1,0,1
2020-04-04 05:00:00,1,0,1
2020-04-04 06:00:00,4,2,2
2020-04-04 07:00:00,21,9,12
2020-04-04 08:00:00,31,22,9
2020-04-04 09:00:00,23,8,15
2020-04-04 10:00:00,83,42,41
2020-04-04 11:00:00,142,69,73
2020-04-04 12:00:00,207,87,120
2020-04-04 13:00:00,240,118,122
2020-04-04 14:00:00,265,126,139
2020-04-04 15:00:00,217,104,113
2020-04-04 16:00:00,189,96,93
2020-04-04 17:00:00,164,78,86
2020-04-04 18:00:00,73,36,37
2020-04-04 19:00:00,48,19,29
2020-04-04 20:00:00,15,12,3
2020-04-04 21:00:00,6,3,3
2020-04-04 22:00:00,2,2,0
2020-04-04 23:00:00,1,0,1
2020-04-05 00:00:00,0,0,0
2020-04-05 01:00:00,1,1,0
2020-04-05 02:00:00,0,0,0
2020-04-05 03:00:00,0,0,0
2020-04-05 04:00:00,0,0,0
2020-04-05 05:00:00,1,0,1
2020-04-05 06:00:00,5,2,3
2020-04-05 07:00:00,13,6,7
2020-04-05 08:00:00,15,7,8
2020-04-05 09:00:00,20,6,14
2020-04-05 10:00:00,38,19,19
2020-04-05 11:00:00,117,63,54
2020-04-05 12:00:00,136,61,75
2020-04-05 13:00:00,243,118,125
2020-04-05 14:00:00,245,101,144
2020-04-05 15:00:00,209,112,97
2020-04-05 16:00:00,201,86,115
2020-04-05 17:00:00,115,58,57
2020-04-05 18:00:00,49,27,22
2020-04-05 19:00:00,39,20,19
2020-04-05 20:00:00,14,8,6
2020-04-05 21:00:00,5,2,3
2020-04-05 22:00:00,6,3,3
2020-04-05 23:00:00,2,1,1
2020-04-06 00:00:00,0,0,0
2020-04-06 01:00:00,2,0,2
2020-04-06 02:00:00,0,0,0
2020-04-06 03:00:00,0,0,0
2020-04-06 04:00:00,0,0,0
2020-04-06 05:00:00,6,2,4
2020-04-06 06:00:00,19,8,11
2020-04-06 07:00:00,29,17,12
2020-04-06 08:00:00,25,17,8
2020-04-06 09:00:00,41,17,24
2020-04-06 10:00:00,40,20,20
2020-04-06 11:00:00,52,25,27
2020-04-06 12:00:00,75,27,48
2020-04-06 13:00:00,98,48,50
2020-04-06 14:00:00,156,77,79
2020-04-06 15:00:00,149,63,86
2020-04-06 16:00:00,160,78,82
2020-04-06 17:00:00,189,87,102
2020-04-06 18:00:00,173,86,87
2020-04-06 19:00:00,115,59,56
2020-04-06 20:00:00,21,14,7
2020-04-06 21:00:00,13,6,7
2020-04-06 22:00:00,4,2,2
2020-04-06 23:00:00,7,2,5
2020-04-07 00:00:00,0,0,0
2020-04-07 01:00:00,0,0,0
2020-04-07 02:00:00,0,0,0
2020-04-07 03:00:00,1,0,1
2020-04-07 04:00:00,1,1,0
2020-04-07 05:00:00,4,2,2
2020-04-07 06:00:00,13,8,5
2020-04-07 07:00:00,30,15,15
2020-04-07 08:00:00,23,13,10
2020-04-07 09:00:00,28,12,16
2020-04-07 10:00:00,13,6,7
2020-04-07 11:00:00,29,14,15
2020-04-07 12:00:00,51,27,24
2020-04-07 13:00:00,59,21,38
2020-04-07 14:00:00,95,50,45
2020-04-07 15:00:00,120,52,68
2020-04-07 16:00:00,155,78,77
2020-04-07 17:00:00,184,87,97
2020-04-07 18:00:00,187,87,100
2020-04-07 19:00:00,100,55,45
2020-04-07 20:00:00,29,18,11
2020-04-07 21:00:00,9,5,4
2020-04-07 22:00:00,8,4,4
2020-04-07 23:00:00,1,1,0
2020-04-08 00:00:00,2,1,1
2020-04-08 01:00:00,0,0,0
2020-04-08 02:00:00,0,0,0
2020-04-08 03:00:00,0,0,0
2020-04-08 04:00:00,0,0,0
2020-04-08 05:00:00,3,0,3
2020-04-08 06:00:00,27,15,12
2020-04-08 07:00:00,23,12,11
2020-04-08 08:00:00,25,12,13
2020-04-08 09:00:00,42,20,22
2020-04-08 10:00:00,36,17,19
2020-04-08 11:00:00,68,42,26
2020-04-08 12:00:00,89,49,40
2020-04-08 13:00:00,133,56,77
2020-04-08 14:00:00,137,77,60
2020-04-08 15:00:00,196,90,106
2020-04-08 16:00:00,212,111,101
2020-04-08 17:00:00,228,101,127
2020-04-08 18:00:00,205,107,98
2020-04-08 19:00:00,103,60,43
2020-04-08 20:00:00,26,15,11
2020-04-08 21:00:00,6,0,6
2020-04-08 22:00:00,3,2,1
2020-04-08 23:00:00,2,1,1
2020-04-09 00:00:00,1,1,0
2020-04-09 01:00:00,0,0,0
2020-04-09 02:00:00,0,0,0
2020-04-09 03:00:00,0,0,0
2020-04-09 04:00:00,2,1,1
2020-04-09 05:00:00,3,1,2
2020-04-09 06:00:00,26,11,15
2020-04-09 07:00:00,38,21,17
2020-04-09 08:00:00,32,18,14
2020-04-09 09:00:00,35,17,18
2020-04-09 10:00:00,49,22,27
2020-04-09 11:00:00,57,24,33
2020-04-09 12:00:00,97,40,57
2020-04-09 13:00:00,141,65,76
2020-04-09 14:00:00,141,67,74
2020-04-09 15:00:00,209,109,100
2020-04-09 16:00:00,212,96,116
2020-04-09 17:00:00,249,87,162
2020-04-09 18:00:00,212,89,123
2020-04-09 19:00:00,104,57,47
2020-04-09 20:00:00,18,10,8
2020-04-09 21:00:00,3,1,2
2020-04-09 22:00:00,7,1,6
2020-04-09 23:00:00,1,1,0
2020-04-10 00:00:00,1,0,1
2020-04-10 01:00:00,0,0,0
2020-04-10 02:00:00,0,0,0
2020-04-10 03:00:00,0,0,0
2020-04-10 04:00:00,2,1,1
2020-04-10 05:00:00,4,0,4
2020-04-10 06:00:00,26,11,15
2020-04-10 07:00:00,29,16,13
2020-04-10 08:00:00,22,11,11
2020-04-10 09:00:00,40,14,26
2020-04-10 10:00:00,51,14,37
2020-04-10 11:00:00,57,32,25
2020-04-10 12:00:00,91,46,45
2020-04-10 13:00:00,90,46,44
2020-04-10 14:00:00,141,68,73
2020-04-10 15:00:00,184,73,111
2020-04-10 16:00:00,216,93,123
2020-04-10 17:00:00,207,102,105
2020-04-10 18:00:00,164,87,77
2020-04-10 19:00:00,69,40,29
2020-04-10 20:00:00,21,9,12
2020-04-10 21:00:00,7,6,1
2020-04-10 22:00:00,4,2,2
2020-04-10 23:00:00,4,2,2
2020-04-11 00:00:00,0,0,0
2020-04-11 01:00:00,0,0,0
2020-04-11 02:00:00,0,0,0
2020-04-11 03:00:00,1,1,0
2020-04-11 04:00:00,2,1,1
2020-04-11 05:00:00,0,0,0
2020-04-11 06:00:00,13,7,6
2020-04-11 07:00:00,14,2,12
2020-04-11 08:00:00,19,14,5
2020-04-11 09:00:00,28,12,16
2020-04-11 10:00:00,50,27,23
2020-04-11 11:00:00,102,45,57
2020-04-11 12:00:00,127,63,64
2020-04-11 13:00:00,135,50,85
2020-04-11 14:00:00,165,78,87
2020-04-11 15:00:00,269,109,160
2020-04-11 16:00:00,215,109,106
2020-04-11 17:00:00,202,100,102
2020-04-11 18:00:00,119,60,59
2020-04-11 19:00:00,103,49,54
2020-04-11 20:00:00,26,18,8
2020-04-11 21:00:00,12,3,9
2020-04-11 22:00:00,0,0,0
2020-04-11 23:00:00,0,0,0
2020-04-12 00:00:00,0,0,0
2020-04-12 01:00:00,0,0,0
2020-04-12 02:00:00,0,0,0
2020-04-12 03:00:00,1,1,0
2020-04-12 04:00:00,5,0,5
2020-04-12 05:00:00,4,3,1
2020-04-12 06:00:00,7,1,6
2020-04-12 07:00:00,29,12,17
2020-04-12 08:00:00,28,13,15
2020-04-12 09:00:00,58,27,31
2020-04-12 10:00:00,114,56,58
2020-04-12 11:00:00,164,85,79
2020-04-12 12:00:00,224,107,117
2020-04-12 13:00:00,290,135,155
2020-04-12 14:00:00,332,149,183
2020-04-12 15:00:00,243,108,135
2020-04-12 16:00:00,253,119,134
2020-04-12 17:00:00,143,77,66
2020-04-12 18:00:00,104,57,47
2020-04-12 19:00:00,64,28,36
2020-04-12 20:00:00,17,12,5
2020-04-12 21:00:00,6,5,1
2020-04-12 22:00:00,2,0,2
2020-04-12 23:00:00,2,1,1
2020-04-13 00:00:00,2,0,2
2020-04-13 01:00:00,0,0,0
2020-04-13 02:00:00,0,0,0
2020-04-13 03:00:00,1,0,1
2020-04-13 04:00:00,0,0,0
2020-04-13 05:00:00,3,1,2
2020-04-13 06:00:00,20,7,13
2020-04-13 07:00:00,30,18,12
2020-04-13 08:00:00,27,16,11
2020-04-13 09:00:00,32,18,14
2020-04-13 10:00:00,41,15,26
2020-04-13 11:00:00,48,13,35
2020-04-13 12:00:00,60,29,31
2020-04-13 13:00:00,98,47,51
2020-04-13 14:00:00,150,71,79
2020-04-13 15:00:00,146,78,68
2020-04-13 16:00:00,159,65,94
2020-04-13 17:00:00,190,77,113
2020-04-13 18:00:00,150,73,77
2020-04-13 19:00:00,120,70,50
2020-04-13 20:00:00,36,26,10
2020-04-13 21:00:00,3,2,1
2020-04-13 22:00:00,3,1,2
2020-04-13 23:00:00,3,0,3
2020-04-14 00:00:00,1,0,1
2020-04-14 01:00:00,0,0,0
2020-04-14 02:00:00,1,0,1
2020-04-14 03:00:00,2,0,2
2020-04-14 04:00:00,1,0,1
2020-04-14 05:00:00,1,0,1
2020-04-14 06:00:00,26,9,17
2020-04-14 07:00:00,41,28,13
2020-04-14 08:00:00,35,18,17
2020-04-14 09:00:00,30,15,15
2020-04-14 10:00:00,29,15,14
2020-04-14 11:00:00,54,32,22
2020-04-14 12:00:00,107,49,58
2020-04-14 13:00:00,78,39,39
2020-04-14 14:00:00,144,65,79
2020-04-14 15:00:00,193,95,98
2020-04-14 16:00:00,180,82,98
2020-04-14 17:00:00,206,87,119
2020-04-14 18:00:00,183,89,94
2020-04-14 19:00:00,115,75,40
2020-04-14 20:00:00,31,20,11
2020-04-14 21:00:00,6,5,1
2020-04-14 22:00:00,6,3,3
2020-04-14 23:00:00,1,1,0
2020-04-15 00:00:00,1,0,1
2020-04-15 01:00:00,1,0,1
2020-04-15 02:00:00,0,0,0
2020-04-15 03:00:00,1,0,1
2020-04-15 04:00:00,0,0,0
2020-04-15 05:00:00,6,3,3
2020-04-15 06:00:00,20,9,11
2020-04-15 07:00:00,29,14,15
2020-04-15 08:00:00,33,17,16
2020-04-15 09:00:00,29,13,16
2020-04-15 10:00:00,28,15,13
2020-04-15 11:00:00,41,20,21
2020-04-15 12:00:00,56,35,21
2020-04-15 13:00:00,86,38,48
2020-04-15 14:00:00,106,59,47
2020-04-15 15:00:00,101,49,52
2020-04-15 16:00:00,159,79,80
2020-04-15 17:00:00,208,94,114
2020-04-15 18:00:00,191,96,95
2020-04-15 19:00:00,137,78,59
2020-04-15 20:00:00,24,16,8
2020-04-15 21:00:00,17,10,7
2020-04-15 22:00:00,4,2,2
2020-04-15 23:00:00,7,4,3
2020-04-16 00:00:00,0,0,0
2020-04-16 01:00:00,0,0,0
2020-04-16 02:00:00,0,0,0
2020-04-16 03:00:00,0,0,0
2020-04-16 04:00:00,0,0,0
2020-04-16 05:00:00,2,0,2
2020-04-16 06:00:00,25,12,13
2020-04-16 07:00:00,45,24,21
2020-04-16 08:00:00,34,18,16
2020-04-16 09:00:00,45,22,23
2020-04-16 10:00:00,37,19,18
2020-04-16 11:00:00,81,38,43
2020-04-16 12:00:00,126,53,73
2020-04-16 13:00:00,157,70,87
2020-04-16 14:00:00,189,95,94
2020-04-16 15:00:00,219,116,103
2020-04-16 16:00:00,262,118,144
2020-04-16 17:00:00,237,106,131
2020-04-16 18:00:00,254,124,130
2020-04-16 19:00:00,155,85,70
2020-04-16 20:00:00,64,40,24
2020-04-16 21:00:00,14,7,7
2020-04-16 22:00:00,6,4,2
2020-04-16 23:00:00,4,4,0
2020-04-17 00:00:00,1,0,1
2020-04-17 01:00:00,1,0,1
2020-04-17 02:00:00,0,0,0
2020-04-17 03:00:00,0,0,0
2020-04-17 04:00:00,4,2,2
2020-04-17 05:00:00,3,1,2
2020-04-17 06:00:00,27,15,12
2020-04-17 07:00:00,43,24,19
2020-04-17 08:00:00,40,21,19
2020-04-17 09:00:00,46,24,22
2020-04-17 10:00:00,68,30,38
2020-04-17 11:00:00,98,51,47
2020-04-17 12:00:00,109,47,62
2020-04-17 13:00:00,149,75,74
2020-04-17 14:00:00,161,71,90
2020-04-17 15:00:00,198,104,94
2020-04-17 16:00:00,180,86,94
2020-04-17 17:00:00,181,67,114
2020-04-17 18:00:00,133,69,64
2020-04-17 19:00:00,70,35,35
2020-04-17 20:00:00,36,21,15
2020-04-17 21:00:00,17,6,11
2020-04-17 22:00:00,7,3,4
2020-04-17 23:00:00,3,1,2
2020-04-18 00:00:00,0,0,0
2020-04-18 01:00:00,0,0,0
2020-04-18 02:00:00,0,0,0
2020-04-18 03:00:00,0,0,0
2020-04-18 04:00:00,1,0,1
2020-04-18 05:00:00,2,1,1
2020-04-18 06:00:00,13,4,9
2020-04-18 07:00:00,11,4,7
2020-04-18 08:00:00,13,7,6
2020-04-18 09:00:00,18,11,7
2020-04-18 10:00:00,20,6,14
2020-04-18 11:00:00,31,18,13
2020-04-18 12:00:00,38,17,21
2020-04-18 13:00:00,91,46,45
2020-04-18 14:00:00,119,45,74
2020-04-18 15:00:00,155,67,88
2020-04-18 16:00:00,132,56,76
2020-04-18 17:00:00,128,68,60
2020-04-18 18:00:00,81,39,42
2020-04-18 19:00:00,63,33,30
2020-04-18 20:00:00,37,22,15
2020-04-18 21:00:00,9,4,5
2020-04-18 22:00:00,2,0,2
2020-04-18 23:00:00,2,1,1
2020-04-19 00:00:00,0,0,0
2020-04-19 01:00:00,0,0,0
2020-04-19 02:00:00,0,0,0
2020-04-19 03:00:00,0,0,0
2020-04-19 04:00:00,2,1,1
2020-04-19 05:00:00,0,0,0
2020-04-19 06:00:00,9,3,6
2020-04-19 07:00:00,18,8,10
2020-04-19 08:00:00,49,28,21
2020-04-19 09:00:00,103,58,45
2020-04-19 10:00:00,127,63,64
2020-04-19 11:00:00,176,95,81
2020-04-19 12:00:00,246,113,133
2020-04-19 13:00:00,335,147,188
2020-04-19 14:00:00,307,143,164
2020-04-19 15:00:00,335,139,196
2020-04-19 16:00:00,304,142,162
2020-04-19 17:00:00,222,115,107
2020-04-19 18:00:00,152,77,75
2020-04-19 19:00:00,93,57,36
2020-04-19 20:00:00,62,33,29
2020-04-19 21:00:00,8,7,1
2020-04-19 22:00:00,0,0,0
2020-04-19 23:00:00,5,2,3
2020-04-20 00:00:00,2,1,1
2020-04-20 01:00:00,0,0,0
2020-04-20 02:00:00,0,0,0
2020-04-20 03:00:00,1,0,1
2020-04-20 04:00:00,0,0,0
2020-04-20 05:00:00,8,4,4
2020-04-20 06:00:00,22,9,13
2020-04-20 07:00:00,49,28,21
2020-04-20 08:00:00,31,10,21
2020-04-20 09:00:00,38,19,19
2020-04-20 10:00:00,25,10,15
2020-04-20 11:00:00,78,43,35
2020-04-20 12:00:00,92,41,51
2020-04-20 13:00:00,127,54,73
2020-04-20 14:00:00,152,85,67
2020-04-20 15:00:00,204,98,106
2020-04-20 16:00:00,206,87,119
2020-04-20 17:00:00,227,107,120
2020-04-20 18:00:00,198,73,125
2020-04-20 19:00:00,166,94,72
2020-04-20 20:00:00,29,23,6
2020-04-20 21:00:00,9,5,4
2020-04-20 22:00:00,2,2,0
2020-04-20 23:00:00,8,4,4
2020-04-21 00:00:00,0,0,0
2020-04-21 01:00:00,1,0,1
2020-04-21 02:00:00,0,0,0
2020-04-21 03:00:00,0,0,0
2020-04-21 04:00:00,0,0,0
2020-04-21 05:00:00,3,0,3
2020-04-21 06:00:00,18,10,8
2020-04-21 07:00:00,42,24,18
2020-04-21 08:00:00,35,21,14
2020-04-21 09:00:00,24,13,11
2020-04-21 10:00:00,27,15,12
2020-04-21 11:00:00,32,11,21
2020-04-21 12:00:00,49,20,29
2020-04-21 13:00:00,47,25,22
2020-04-21 14:00:00,48,21,27
2020-04-21 15:00:00,62,27,35
2020-04-21 16:00:00,66,25,41
2020-04-21 17:00:00,87,34,53
2020-04-21 18:00:00,91,47,44
2020-04-21 19:00:00,49,28,21
2020-04-21 20:00:00,13,10,3
2020-04-21 21:00:00,2,2,0
2020-04-21 22:00:00,4,1,3
2020-04-21 23:00:00,1,1,0
2020-04-22 00:00:00,0,0,0
2020-04-22 01:00:00,0,0,0
2020-04-22 02:00:00,0,0,0
2020-04-22 03:00:00,3,2,1
2020-04-22 04:00:00,0,0,0
2020-04-22 05:00:00,0,0,0
2020-04-22 06:00:00,23,9,14
2020-04-22 07:00:00,18,10,8
2020-04-22 08:00:00,21,18,3
2020-04-22 09:00:00,11,7,4
2020-04-22 10:00:00,4,3,1
2020-04-22 11:00:00,8,4,4
2020-04-22 12:00:00,8,4,4
2020-04-22 13:00:00,8,3,5
2020-04-22 14:00:00,10,9,1
2020-04-22 15:00:00,12,4,8
2020-04-22 16:00:00,15,5,10
2020-04-22 17:00:00,17,7,10
2020-04-22 18:00:00,26,10,16
2020-04-22 19:00:00,22,11,11
2020-04-22 20:00:00,7,4,3
2020-04-22 21:00:00,2,0,2
2020-04-22 22:00:00,2,1,1
2020-04-22 23:00:00,3,1,2
2020-04-23 00:00:00,0,0,0
2020-04-23 01:00:00,0,0,0
2020-04-23 02:00:00,0,0,0
2020-04-23 03:00:00,0,0,0
2020-04-23 04:00:00,1,1,0
2020-04-23 05:00:00,1,0,1
2020-04-23 06:00:00,19,10,9
2020-04-23 07:00:00,24,10,14
2020-04-23 08:00:00,21,14,7
2020-04-23 09:00:00,31,16,15
2020-04-23 10:00:00,38,19,19
2020-04-23 11:00:00,27,12,15
2020-04-23 12:00:00,56,27,29
2020-04-23 13:00:00,51,23,28
2020-04-23 14:00:00,73,32,41
2020-04-23 15:00:00,88,45,43
2020-04-23 16:00:00,66,35,31
2020-04-23 17:00:00,40,20,20
2020-04-23 18:00:00,40,17,23
2020-04-23 19:00:00,36,21,15
2020-04-23 20:00:00,5,4,1
2020-04-23 21:00:00,3,1,2
2020-04-23 22:00:00,1,1,0
2020-04-23 23:00:00,0,0,0
2020-04-24 00:00:00,0,0,0
2020-04-24 01:00:00,1,1,0
2020-04-24 02:00:00,1,1,0
2020-04-24 03:00:00,0,0,0
2020-04-24 04:00:00,3,2,1
2020-04-24 05:00:00,3,0,3
2020-04-24 06:00:00,19,7,12
2020-04-24 07:00:00,42,27,15
2020-04-24 08:00:00,34,16,18
2020-04-24 09:00:00,51,30,21
2020-04-24 10:00:00,66,31,35
2020-04-24 11:00:00,74,35,39
2020-04-24 12:00:00,71,39,32
2020-04-24 13:00:00,119,52,67
2020-04-24 14:00:00,101,42,59
2020-04-24 15:00:00,137,72,65
2020-04-24 16:00:00,150,76,74
2020-04-24 17:00:00,156,62,94
2020-04-24 18:00:00,156,73,83
2020-04-24 19:00:00,98,61,37
2020-04-24 20:00:00,34,18,16
2020-04-24 21:00:00,5,3,2
2020-04-24 22:00:00,9,7,2
2020-04-24 23:00:00,1,0,1
2020-04-25 00:00:00,0,0,0
2020-04-25 01:00:00,2,0,2
2020-04-25 02:00:00,0,0,0
2020-04-25 03:00:00,0,0,0
2020-04-25 04:00:00,2,1,1
2020-04-25 05:00:00,1,0,1
2020-04-25 06:00:00,5,0,5
2020-04-25 07:00:00,7,3,4
2020-04-25 08:00:00,4,2,2
2020-04-25 09:00:00,1,0,1
2020-04-25 10:00:00,4,1,3
2020-04-25 11:00:00,11,6,5
2020-04-25 12:00:00,51,20,31
2020-04-25 13:00:00,82,47,35
2020-04-25 14:00:00,164,67,97
2020-04-25 15:00:00,227,116,111
2020-04-25 16:00:00,244,110,134
2020-04-25 17:00:00,163,86,77
2020-04-25 18:00:00,136,75,61
2020-04-25 19:00:00,80,45,35
2020-04-25 20:00:00,39,19,20
2020-04-25 21:00:00,8,5,3
2020-04-25 22:00:00,4,2,2
2020-04-25 23:00:00,0,0,0
2020-04-26 00:00:00,1,1,0
2020-04-26 01:00:00,3,1,2
2020-04-26 02:00:00,0,0,0
2020-04-26 03:00:00,0,0,0
2020-04-26 04:00:00,1,0,1
2020-04-26 05:00:00,1,0,1
2020-04-26 06:00:00,10,3,7
2020-04-26 07:00:00,15,11,4
2020-04-26 08:00:00,52,23,29
2020-04-26 09:00:00,88,38,50
2020-04-26 10:00:00,174,83,91
2020-04-26 11:00:00,222,108,114
2020-04-26 12:00:00,273,124,149
2020-04-26 13:00:00,320,140,180
2020-04-26 14:00:00,299,130,169
2020-04-26 15:00:00,253,89,164
2020-04-26 16:00:00,238,102,136
2020-04-26 17:00:00,179,101,78
2020-04-26 18:00:00,137,61,76
2020-04-26 19:00:00,55,35,20
2020-04-26 20:00:00,38,22,16
2020-04-26 21:00:00,4,2,2
2020-04-26 22:00:00,0,0,0
2020-04-26 23:00:00,2,1,1
2020-04-27 00:00:00,2,2,0
2020-04-27 01:00:00,2,0,2
2020-04-27 02:00:00,0,0,0
2020-04-27 03:00:00,1,0,1
2020-04-27 04:00:00,2,1,1
2020-04-27 05:00:00,4,0,4
2020-04-27 06:00:00,22,11,11
2020-04-27 07:00:00,18,10,8
2020-04-27 08:00:00,22,11,11
2020-04-27 09:00:00,23,14,9
2020-04-27 10:00:00,27,11,16
2020-04-27 11:00:00,44,16,28
2020-04-27 12:00:00,59,31,28
2020-04-27 13:00:00,79,41,38
2020-04-27 14:00:00,63,38,25
2020-04-27 15:00:00,102,41,61
2020-04-27 16:00:00,115,47,68
2020-04-27 17:00:00,192,79,113
2020-04-27 18:00:00,190,100,90
2020-04-27 19:00:00,84,46,38
2020-04-27 20:00:00,29,17,12
2020-04-27 21:00:00,7,3,4
2020-04-27 22:00:00,6,5,1
2020-04-27 23:00:00,0,0,0
2020-04-28 00:00:00,1,0,1
2020-04-28 01:00:00,0,0,0
2020-04-28 02:00:00,0,0,0
2020-04-28 03:00:00,2,1,1
2020-04-28 04:00:00,1,0,1
2020-04-28 05:00:00,2,0,2
2020-04-28 06:00:00,24,14,10
2020-04-28 07:00:00,40,25,15
2020-04-28 08:00:00,41,23,18
2020-04-28 09:00:00,31,16,15
2020-04-28 10:00:00,34,19,15
2020-04-28 11:00:00,54,19,35
2020-04-28 12:00:00,78,42,36
2020-04-28 13:00:00,66,32,34
2020-04-28 14:00:00,68,35,33
2020-04-28 15:00:00,79,34,45
2020-04-28 16:00:00,114,50,64
2020-04-28 17:00:00,128,56,72
2020-04-28 18:00:00,131,59,72
2020-04-28 19:00:00,57,29,28
2020-04-28 20:00:00,29,20,9
2020-04-28 21:00:00,3,2,1
2020-04-28 22:00:00,1,1,0
2020-04-28 23:00:00,3,1,2
2020-04-29 00:00:00,1,0,1
2020-04-29 01:00:00,6,3,3
2020-04-29 02:00:00,0,0,0
2020-04-29 03:00:00,0,0,0
2020-04-29 04:00:00,0,0,0
2020-04-29 05:00:00,5,1,4
2020-04-29 06:00:00,21,10,11
2020-04-29 07:00:00,49,26,23
2020-04-29 08:00:00,40,25,15
2020-04-29 09:00:00,33,16,17
2020-04-29 10:00:00,45,21,24
2020-04-29 11:00:00,54,27,27
2020-04-29 12:00:00,79,30,49
2020-04-29 13:00:00,93,37,56
2020-04-29 14:00:00,140,65,75
2020-04-29 15:00:00,121,53,68
2020-04-29 16:00:00,148,85,63
2020-04-29 17:00:00,122,52,70
2020-04-29 18:00:00,130,76,54
2020-04-29 19:00:00,69,43,26
2020-04-29 20:00:00,11,7,4
2020-04-29 21:00:00,0,0,0
2020-04-29 22:00:00,1,1,0
2020-04-29 23:00:00,3,3,0
2020-04-30 00:00:00,0,0,0
2020-04-30 01:00:00,3,1,2
2020-04-30 02:00:00,0,0,0
2020-04-30 03:00:00,0,0,0
2020-04-30 04:00:00,2,0,2
2020-04-30 05:00:00,3,1,2
2020-04-30 06:00:00,21,8,13
2020-04-30 07:00:00,43,22,21
2020-04-30 08:00:00,30,19,11
2020-04-30 09:00:00,36,13,23
2020-04-30 10:00:00,43,23,20
2020-04-30 11:00:00,33,18,15
2020-04-30 12:00:00,51,25,26
2020-04-30 13:00:00,54,24,30
2020-04-30 14:00:00,71,33,38
2020-04-30 15:00:00,84,34,50
2020-04-30 16:00:00,104,54,50
2020-04-30 17:00:00,132,59,73
2020-04-30 18:00:00,143,75,68
2020-04-30 19:00:00,110,53,57
2020-04-30 20:00:00,56,32,24
2020-04-30 21:00:00,7,7,0
2020-04-30 22:00:00,3,2,1
2020-04-30 23:00:00,1,1,0
2020-05-01 00:00:00,1,0,1
2020-05-01 01:00:00,0,0,0
2020-05-01 02:00:00,3,0,3
2020-05-01 03:00:00,3,2,1
2020-05-01 04:00:00,0,0,0
2020-05-01 05:00:00,5,0,5
2020-05-01 06:00:00,29,16,13
2020-05-01 07:00:00,50,27,23
2020-05-01 08:00:00,50,26,24
2020-05-01 09:00:00,42,20,22
2020-05-01 10:00:00,72,32,40
2020-05-01 11:00:00,76,33,43
2020-05-01 12:00:00,108,51,57
2020-05-01 13:00:00,170,92,78
2020-05-01 14:00:00,199,88,111
2020-05-01 15:00:00,197,97,100
2020-05-01 16:00:00,209,111,98
2020-05-01 17:00:00,180,61,119
2020-05-01 18:00:00,172,83,89
2020-05-01 19:00:00,137,71,66
2020-05-01 20:00:00,49,26,23
2020-05-01 21:00:00,27,13,14
2020-05-01 22:00:00,5,3,2
2020-05-01 23:00:00,1,1,0
2020-05-02 00:00:00,1,1,0
2020-05-02 01:00:00,0,0,0
2020-05-02 02:00:00,1,1,0
2020-05-02 03:00:00,0,0,0
2020-05-02 04:00:00,1,0,1
2020-05-02 05:00:00,0,0,0
2020-05-02 06:00:00,11,3,8
2020-05-02 07:00:00,8,3,5
2020-05-02 08:00:00,19,8,11
2020-05-02 09:00:00,37,17,20
2020-05-02 10:00:00,50,24,26
2020-05-02 11:00:00,39,24,15
2020-05-02 12:00:00,37,21,16
2020-05-02 13:00:00,18,7,11
2020-05-02 14:00:00,21,7,14
2020-05-02 15:00:00,17,12,5
2020-05-02 16:00:00,20,13,7
2020-05-02 17:00:00,67,26,41
2020-05-02 18:00:00,81,39,42
2020-05-02 19:00:00,73,39,34
2020-05-02 20:00:00,35,17,18
2020-05-02 21:00:00,10,10,0
2020-05-02 22:00:00,1,0,1
2020-05-02 23:00:00,1,0,1
2020-05-03 00:00:00,2,1,1
2020-05-03 01:00:00,0,0,0
2020-05-03 02:00:00,1,0,1
2020-05-03 03:00:00,0,0,0
2020-05-03 04:00:00,1,0,1
2020-05-03 05:00:00,1,0,1
2020-05-03 06:00:00,7,4,3
2020-05-03 07:00:00,21,9,12
2020-05-03 08:00:00,27,10,17
2020-05-03 09:00:00,53,28,25
2020-05-03 10:00:00,129,52,77
2020-05-03 11:00:00,152,73,79
2020-05-03 12:00:00,199,90,109
2020-05-03 13:00:00,306,143,163
2020-05-03 14:00:00,217,99,118
2020-05-03 15:00:00,245,123,122
2020-05-03 16:00:00,224,105,119
2020-05-03 17:00:00,127,66,61
2020-05-03 18:00:00,103,52,51
2020-05-03 19:00:00,46,21,25
2020-05-03 20:00:00,16,11,5
2020-05-03 21:00:00,10,6,4
2020-05-03 22:00:00,1,0,1
2020-05-03 23:00:00,3,1,2
2020-05-04 00:00:00,1,1,0
2020-05-04 01:00:00,3,2,1
2020-05-04 02:00:00,2,0,2
2020-05-04 03:00:00,0,0,0
2020-05-04 04:00:00,0,0,0
2020-05-04 05:00:00,2,1,1
2020-05-04 06:00:00,31,12,19
2020-05-04 07:00:00,41,23,18
2020-05-04 08:00:00,43,26,17
2020-05-04 09:00:00,34,17,17
2020-05-04 10:00:00,49,21,28
2020-05-04 11:00:00,52,22,30
2020-05-04 12:00:00,74,34,40
2020-05-04 13:00:00,63,35,28
2020-05-04 14:00:00,87,35,52
2020-05-04 15:00:00,84,50,34
2020-05-04 16:00:00,137,50,87
2020-05-04 17:00:00,145,66,79
2020-05-04 18:00:00,133,73,60
2020-05-04 19:00:00,69,34,35
2020-05-04 20:00:00,51,36,15
2020-05-04 21:00:00,21,14,7
2020-05-04 22:00:00,6,3,3
2020-05-04 23:00:00,4,4,0
2020-05-05 00:00:00,2,1,1
2020-05-05 01:00:00,0,0,0
2020-05-05 02:00:00,0,0,0
2020-05-05 03:00:00,0,0,0
2020-05-05 04:00:00,1,0,1
2020-05-05 05:00:00,12,3,9
2020-05-05 06:00:00,38,20,18
2020-05-05 07:00:00,59,22,37
2020-05-05 08:00:00,63,45,18
2020-05-05 09:00:00,35,17,18
2020-05-05 10:00:00,34,11,23
2020-05-05 11:00:00,68,33,35
2020-05-05 12:00:00,78,36,42
2020-05-05 13:00:00,132,63,69
2020-05-05 14:00:00,154,68,86
2020-05-05 15:00:00,172,87,85
2020-05-05 16:00:00,192,92,100
2020-05-05 17:00:00,256,113,143
2020-05-05 18:00:00,234,116,118
2020-05-05 19:00:00,157,93,64
2020-05-05 20:00:00,51,33,18
2020-05-05 21:00:00,18,11,7
2020-05-05 22:00:00,6,2,4
2020-05-05 23:00:00,9,7,2
2020-05-06 00:00:00,2,1,1
2020-05-06 01:00:00,1,0,1
2020-05-06 02:00:00,1,1,0
2020-05-06 03:00:00,0,0,0
2020-05-06 04:00:00,0,0,0
2020-05-06 05:00:00,4,0,4
2020-05-06 06:00:00,24,8,16
2020-05-06 07:00:00,23,12,11
2020-05-06 08:00:00,19,12,7
2020-05-06 09:00:00,26,18,8
2020-05-06 10:00:00,19,9,10
2020-05-06 11:00:00,39,14,25
2020-05-06 12:00:00,45,24,21
2020-05-06 13:00:00,40,21,19
2020-05-06 14:00:00,41,21,20
2020-05-06 15:00:00,61,32,29
2020-05-06 16:00:00,79,38,41
2020-05-06 17:00:00,130,50,80
2020-05-06 18:00:00,127,73,54
2020-05-06 19:00:00,93,48,45
2020-05-06 20:00:00,71,46,25
2020-05-06 21:00:00,19,13,6
2020-05-06 22:00:00,2,1,1
2020-05-06 23:00:00,2,2,0
2020-05-07 00:00:00,2,2,0
2020-05-07 01:00:00,2,0,2
2020-05-07 02:00:00,0,0,0
2020-05-07 03:00:00,0,0,0
2020-05-07 04:00:00,2,0,2
2020-05-07 05:00:00,9,2,7
2020-05-07 06:00:00,40,16,24
2020-05-07 07:00:00,41,23,18
2020-05-07 08:00:00,47,26,21
2020-05-07 09:00:00,57,26,31
2020-05-07 10:00:00,55,26,29
2020-05-07 11:00:00,71,37,34
2020-05-07 12:00:00,88,41,47
2020-05-07 13:00:00,128,72,56
2020-05-07 14:00:00,129,69,60
2020-05-07 15:00:00,170,90,80
2020-05-07 16:00:00,208,105,103
2020-05-07 17:00:00,215,101,114
2020-05-07 18:00:00,240,107,133
2020-05-07 19:00:00,189,93,96
2020-05-07 20:00:00,97,62,35
2020-05-07 21:00:00,24,15,9
2020-05-07 22:00:00,3,1,2
2020-05-07 23:00:00,8,5,3
2020-05-08 00:00:00,0,0,0
2020-05-08 01:00:00,3,3,0
2020-05-08 02:00:00,1,0,1
2020-05-08 03:00:00,1,1,0
2020-05-08 04:00:00,1,0,1
2020-05-08 05:00:00,5,0,5
2020-05-08 06:00:00,29,11,18
2020-05-08 07:00:00,51,29,22
2020-05-08 08:00:00,47,27,20
2020-05-08 09:00:00,47,18,29
2020-05-08 10:00:00,57,27,30
2020-05-08 11:00:00,80,41,39
2020-05-08 12:00:00,122,56,66
2020-05-08 13:00:00,138,69,69
2020-05-08 14:00:00,161,89,72
2020-05-08 15:00:00,176,79,97
2020-05-08 16:00:00,243,98,145
2020-05-08 17:00:00,224,86,138
2020-05-08 18:00:00,184,95,89
2020-05-08 19:00:00,143,74,69
2020-05-08 20:00:00,103,68,35
2020-05-08 21:00:00,19,11,8
2020-05-08 22:00:00,11,8,3
2020-05-08 23:00:00,8,4,4
2020-05-09 00:00:00,3,2,1
2020-05-09 01:00:00,1,0,1
2020-05-09 02:00:00,1,1,0
2020-05-09 03:00:00,1,0,1
2020-05-09 04:00:00,1,0,1
2020-05-09 05:00:00,5,2,3
2020-05-09 06:00:00,18,7,11
2020-05-09 07:00:00,53,22,31
2020-05-09 08:00:00,82,38,44
2020-05-09 09:00:00,122,67,55
2020-05-09 10:00:00,197,104,93
2020-05-09 11:00:00,272,133,139
2020-05-09 12:00:00,232,114,118
2020-05-09 13:00:00,254,117,137
2020-05-09 14:00:00,259,135,124
2020-05-09 15:00:00,253,122,131
2020-05-09 16:00:00,245,106,139
2020-05-09 17:00:00,156,92,64
2020-05-09 18:00:00,171,81,90
2020-05-09 19:00:00,123,69,54
2020-05-09 20:00:00,65,39,26
2020-05-09 21:00:00,25,12,13
2020-05-09 22:00:00,4,1,3
2020-05-09 23:00:00,5,2,3
2020-05-10 00:00:00,5,3,2
2020-05-10 01:00:00,2,1,1
2020-05-10 02:00:00,1,0,1
2020-05-10 03:00:00,0,0,0
2020-05-10 04:00:00,2,0,2
2020-05-10 05:00:00,4,1,3
2020-05-10 06:00:00,14,7,7
2020-05-10 07:00:00,20,10,10
2020-05-10 08:00:00,48,17,31
2020-05-10 09:00:00,102,51,51
2020-05-10 10:00:00,178,84,94
2020-05-10 11:00:00,207,85,122
2020-05-10 12:00:00,237,105,132
2020-05-10 13:00:00,217,99,118
2020-05-10 14:00:00,193,95,98
2020-05-10 15:00:00,206,110,96
2020-05-10 16:00:00,201,97,104
2020-05-10 17:00:00,164,72,92
2020-05-10 18:00:00,149,72,77
2020-05-10 19:00:00,110,52,58
2020-05-10 20:00:00,103,59,44
2020-05-10 21:00:00,11,8,3
2020-05-10 22:00:00,4,1,3
2020-05-10 23:00:00,1,0,1
2020-05-11 00:00:00,2,0,2
2020-05-11 01:00:00,2,1,1
2020-05-11 02:00:00,2,1,1
2020-05-11 03:00:00,0,0,0
2020-05-11 04:00:00,1,0,1
2020-05-11 05:00:00,11,2,9
2020-05-11 06:00:00,38,20,18
2020-05-11 07:00:00,37,22,15
2020-05-11 08:00:00,43,22,21
2020-05-11 09:00:00,45,22,23
2020-05-11 10:00:00,61,27,34
2020-05-11 11:00:00,50,23,27
2020-05-11 12:00:00,93,43,50
2020-05-11 13:00:00,87,40,47
2020-05-11 14:00:00,131,63,68
2020-05-11 15:00:00,121,57,64
2020-05-11 16:00:00,88,43,45
2020-05-11 17:00:00,89,41,48
2020-05-11 18:00:00,53,27,26
2020-05-11 19:00:00,20,10,10
2020-05-11 20:00:00,15,7,8
2020-05-11 21:00:00,1,0,1
2020-05-11 22:00:00,4,3,1
2020-05-11 23:00:00,1,1,0
2020-05-12 00:00:00,1,0,1
2020-05-12 01:00:00,0,0,0
2020-05-12 02:00:00,0,0,0
2020-05-12 03:00:00,0,0,0
2020-05-12 04:00:00,0,0,0
2020-05-12 05:00:00,1,0,1
2020-05-12 06:00:00,28,12,16
2020-05-12 07:00:00,44,22,22
2020-05-12 08:00:00,35,18,17
2020-05-12 09:00:00,37,18,19
2020-05-12 10:00:00,27,11,16
2020-05-12 11:00:00,26,9,17
2020-05-12 12:00:00,28,13,15
2020-05-12 13:00:00,35,15,20
2020-05-12 14:00:00,53,26,27
2020-05-12 15:00:00,82,44,38
2020-05-12 16:00:00,82,34,48
2020-05-12 17:00:00,102,43,59
2020-05-12 18:00:00,94,43,51
2020-05-12 19:00:00,63,34,29
2020-05-12 20:00:00,12,8,4
2020-05-12 21:00:00,1,1,0
2020-05-12 22:00:00,5,4,1
2020-05-12 23:00:00,1,0,1
2020-05-13 00:00:00,0,0,0
2020-05-13 01:00:00,3,1,2
2020-05-13 02:00:00,0,0,0
2020-05-13 03:00:00,0,0,0
2020-05-13 04:00:00,0,0,0
2020-05-13 05:00:00,6,1,5
2020-05-13 06:00:00,23,8,15
2020-05-13 07:00:00,25,15,10
2020-05-13 08:00:00,30,18,12
2020-05-13 09:00:00,38,20,18
2020-05-13 10:00:00,28,14,14
2020-05-13 11:00:00,43,26,17
2020-05-13 12:00:00,45,17,28
2020-05-13 13:00:00,69,33,36
2020-05-13 14:00:00,79,41,38
2020-05-13 15:00:00,98,54,44
2020-05-13 16:00:00,182,73,109
2020-05-13 17:00:00,209,96,113
2020-05-13 18:00:00,203,96,107
2020-05-13 19:00:00,151,72,79
2020-05-13 20:00:00,59,33,26
2020-05-13 21:00:00,8,4,4
2020-05-13 22:00:00,4,3,1
2020-05-13 23:00:00,2,1,1
2020-05-14 00:00:00,2,0,2
2020-05-14 01:00:00,1,0,1
2020-05-14 02:00:00,0,0,0
2020-05-14 03:00:00,0,0,0
2020-05-14 04:00:00,3,1,2
2020-05-14 05:00:00,6,1,5
2020-05-14 06:00:00,27,12,15
2020-05-14 07:00:00,34,17,17
2020-05-14 08:00:00,12,4,8
2020-05-14 09:00:00,25,8,17
2020-05-14 10:00:00,9,5,4
2020-05-14 11:00:00,20,9,11
2020-05-14 12:00:00,34,16,18
2020-05-14 13:00:00,70,31,39
2020-05-14 14:00:00,85,47,38
2020-05-14 15:00:00,102,44,58
2020-05-14 16:00:00,130,60,70
2020-05-14 17:00:00,216,84,132
2020-05-14 18:00:00,209,100,109
2020-05-14 19:00:00,194,97,97
2020-05-14 20:00:00,58,35,23
2020-05-14 21:00:00,7,4,3
2020-05-14 22:00:00,1,1,0
2020-05-14 23:00:00,3,1,2
2020-05-15 00:00:00,3,1,2
2020-05-15 01:00:00,5,2,3
2020-05-15 02:00:00,0,0,0
2020-05-15 03:00:00,1,0,1
2020-05-15 04:00:00,0,0,0
2020-05-15 05:00:00,8,1,7
2020-05-15 06:00:00,35,16,19
2020-05-15 07:00:00,40,23,17
2020-05-15 08:00:00,32,15,17
2020-05-15 09:00:00,50,22,28
2020-05-15 10:00:00,45,20,25
2020-05-15 11:00:00,78,44,34
2020-05-15 12:00:00,111,54,57
2020-05-15 13:00:00,144,80,64
2020-05-15 14:00:00,201,112,89
2020-05-15 15:00:00,202,96,106
2020-05-15 16:00:00,247,116,131
2020-05-15 17:00:00,285,114,171
2020-05-15 18:00:00,208,98,110
2020-05-15 19:00:00,184,96,88
2020-05-15 20:00:00,101,75,26
2020-05-15 21:00:00,24,13,11
2020-05-15 22:00:00,14,6,8
2020-05-15 23:00:00,12,8,4
2020-05-16 00:00:00,5,4,1
2020-05-16 01:00:00,0,0,0
2020-05-16 02:00:00,0,0,0
2020-05-16 03:00:00,1,0,1
2020-05-16 04:00:00,2,2,0
2020-05-16 05:00:00,2,1,1
2020-05-16 06:00:00,7,5,2
2020-05-16 07:00:00,12,6,6
2020-05-16 08:00:00,20,11,9
2020-05-16 09:00:00,34,14,20
2020-05-16 10:00:00,28,17,11
2020-05-16 11:00:00,46,21,25
2020-05-16 12:00:00,36,16,20
2020-05-16 13:00:00,43,23,20
2020-05-16 14:00:00,23,11,12
2020-05-16 15:00:00,46,19,27
2020-05-16 16:00:00,44,22,22
2020-05-16 17:00:00,44,21,23
2020-05-16 18:00:00,45,24,21
2020-05-16 19:00:00,42,28,14
2020-05-16 20:00:00,17,11,6
2020-05-16 21:00:00,2,2,0
2020-05-16 22:00:00,0,0,0
2020-05-16 23:00:00,0,0,0
2020-05-17 00:00:00,0,0,0
2020-05-17 01:00:00,0,0,0
2020-05-17 02:00:00,0,0,0
2020-05-17 03:00:00,0,0,0
2020-05-17 04:00:00,1,1,0
2020-05-17 05:00:00,1,0,1
2020-05-17 06:00:00,9,3,6
2020-05-17 07:00:00,20,8,12
2020-05-17 08:00:00,36,22,14
2020-05-17 09:00:00,45,22,23
2020-05-17 10:00:00,114,48,66
2020-05-17 11:00:00,166,82,84
2020-05-17 12:00:00,167,99,68
2020-05-17 13:00:00,328,144,184
2020-05-17 14:00:00,289,122,167
2020-05-17 15:00:00,271,128,143
2020-05-17 16:00:00,289,134,155
2020-05-17 17:00:00,205,100,105
2020-05-17 18:00:00,164,96,68
2020-05-17 19:00:00,104,61,43
2020-05-17 20:00:00,53,32,21
2020-05-17 21:00:00,18,9,9
2020-05-17 22:00:00,4,3,1
2020-05-17 23:00:00,1,0,1
2020-05-18 00:00:00,2,0,2
2020-05-18 01:00:00,1,1,0
2020-05-18 02:00:00,0,0,0
2020-05-18 03:00:00,2,2,0
2020-05-18 04:00:00,1,0,1
2020-05-18 05:00:00,9,1,8
2020-05-18 06:00:00,32,16,16
2020-05-18 07:00:00,47,33,14
2020-05-18 08:00:00,34,25,9
2020-05-18 09:00:00,37,14,23
2020-05-18 10:00:00,45,22,23
2020-05-18 11:00:00,60,27,33
2020-05-18 12:00:00,57,27,30
2020-05-18 13:00:00,49,26,23
2020-05-18 14:00:00,89,49,40
2020-05-18 15:00:00,84,41,43
2020-05-18 16:00:00,132,55,77
2020-05-18 17:00:00,162,70,92
2020-05-18 18:00:00,170,79,91
2020-05-18 19:00:00,175,80,95
2020-05-18 20:00:00,74,48,26
2020-05-18 21:00:00,23,14,9
2020-05-18 22:00:00,3,2,1
2020-05-18 23:00:00,6,4,2
2020-05-19 00:00:00,3,0,3
2020-05-19 01:00:00,2,2,0
2020-05-19 02:00:00,0,0,0
2020-05-19 03:00:00,0,0,0
2020-05-19 04:00:00,1,1,0
2020-05-19 05:00:00,8,0,8
2020-05-19 06:00:00,34,13,21
2020-05-19 07:00:00,50,30,20
2020-05-19 08:00:00,45,27,18
2020-05-19 09:00:00,41,15,26
2020-05-19 10:00:00,46,23,23
2020-05-19 11:00:00,55,29,26
2020-05-19 12:00:00,62,32,30
2020-05-19 13:00:00,72,32,40
2020-05-19 14:00:00,78,40,38
2020-05-19 15:00:00,113,59,54
2020-05-19 16:00:00,161,71,90
2020-05-19 17:00:00,189,76,113
2020-05-19 18:00:00,178,97,81
2020-05-19 19:00:00,150,87,63
2020-05-19 20:00:00,74,50,24
2020-05-19 21:00:00,14,7,7
2020-05-19 22:00:00,3,3,0
2020-05-19 23:00:00,2,2,0
2020-05-20 00:00:00,1,0,1
2020-05-20 01:00:00,0,0,0
2020-05-20 02:00:00,0,0,0
2020-05-20 03:00:00,1,0,1
2020-05-20 04:00:00,2,0,2
2020-05-20 05:00:00,5,0,5
2020-05-20 06:00:00,28,8,20
2020-05-20 07:00:00,40,23,17
2020-05-20 08:00:00,24,17,7
2020-05-20 09:00:00,29,12,17
2020-05-20 10:00:00,31,15,16
2020-05-20 11:00:00,34,21,13
2020-05-20 12:00:00,54,23,31
2020-05-20 13:00:00,51,27,24
2020-05-20 14:00:00,54,34,20
2020-05-20 15:00:00,56,24,32
2020-05-20 16:00:00,58,27,31
2020-05-20 17:00:00,77,37,40
2020-05-20 18:00:00,32,17,15
2020-05-20 19:00:00,29,11,18
2020-05-20 20:00:00,14,8,6
2020-05-20 21:00:00,5,3,2
2020-05-20 22:00:00,1,1,0
2020-05-20 23:00:00,3,2,1
2020-05-21 00:00:00,1,0,1
2020-05-21 01:00:00,2,1,1
2020-05-21 02:00:00,0,0,0
2020-05-21 03:00:00,0,0,0
2020-05-21 04:00:00,0,0,0
2020-05-21 05:00:00,3,1,2
2020-05-21 06:00:00,19,4,15
2020-05-21 07:00:00,25,13,12
2020-05-21 08:00:00,11,9,2
2020-05-21 09:00:00,11,7,4
2020-05-21 10:00:00,5,4,1
2020-05-21 11:00:00,22,12,10
2020-05-21 12:00:00,27,10,17
2020-05-21 13:00:00,43,21,22
2020-05-21 14:00:00,55,25,30
2020-05-21 15:00:00,60,36,24
2020-05-21 16:00:00,46,27,19
2020-05-21 17:00:00,36,22,14
2020-05-21 18:00:00,36,15,21
2020-05-21 19:00:00,36,12,24
2020-05-21 20:00:00,19,9,10
2020-05-21 21:00:00,11,6,5
2020-05-21 22:00:00,2,1,1
2020-05-21 23:00:00,1,1,0
2020-05-22 00:00:00,1,0,1
2020-05-22 01:00:00,5,3,2
2020-05-22 02:00:00,0,0,0
2020-05-22 03:00:00,1,1,0
2020-05-22 04:00:00,0,0,0
2020-05-22 05:00:00,9,1,8
2020-05-22 06:00:00,33,9,24
2020-05-22 07:00:00,37,23,14
2020-05-22 08:00:00,36,22,14
2020-05-22 09:00:00,37,18,19
2020-05-22 10:00:00,52,26,26
2020-05-22 11:00:00,68,26,42
2020-05-22 12:00:00,85,39,46
2020-05-22 13:00:00,92,41,51
2020-05-22 14:00:00,127,70,57
2020-05-22 15:00:00,134,58,76
2020-05-22 16:00:00,137,62,75
2020-05-22 17:00:00,89,46,43
2020-05-22 18:00:00,60,26,34
2020-05-22 19:00:00,23,11,12
2020-05-22 20:00:00,13,9,4
2020-05-22 21:00:00,2,2,0
2020-05-22 22:00:00,8,2,6
2020-05-22 23:00:00,1,1,0
2020-05-23 00:00:00,3,2,1
2020-05-23 01:00:00,0,0,0
2020-05-23 02:00:00,0,0,0
2020-05-23 03:00:00,0,0,0
2020-05-23 04:00:00,1,0,1
2020-05-23 05:00:00,3,2,1
2020-05-23 06:00:00,21,16,5
2020-05-23 07:00:00,29,19,10
2020-05-23 08:00:00,44,25,19
2020-05-23 09:00:00,64,30,34
2020-05-23 10:00:00,124,46,78
2020-05-23 11:00:00,99,55,44
2020-05-23 12:00:00,166,81,85
2020-05-23 13:00:00,198,84,114
2020-05-23 14:00:00,216,116,100
2020-05-23 15:00:00,256,116,140
2020-05-23 16:00:00,288,132,156
2020-05-23 17:00:00,227,118,109
2020-05-23 18:00:00,173,87,86
2020-05-23 19:00:00,101,54,47
2020-05-23 20:00:00,74,47,27
2020-05-23 21:00:00,18,11,7
2020-05-23 22:00:00,9,1,8
2020-05-23 23:00:00,0,0,0
2020-05-24 00:00:00,2,2,0
2020-05-24 01:00:00,1,0,1
2020-05-24 02:00:00,0,0,0
2020-05-24 03:00:00,0,0,0
2020-05-24 04:00:00,0,0,0
2020-05-24 05:00:00,4,2,2
2020-05-24 06:00:00,20,8,12
2020-05-24 07:00:00,21,15,6
2020-05-24 08:00:00,33,12,21
2020-05-24 09:00:00,72,31,41
2020-05-24 10:00:00,125,54,71
2020-05-24 11:00:00,165,90,75
2020-05-24 12:00:00,207,82,125
2020-05-24 13:00:00,240,113,127
2020-05-24 14:00:00,264,129,135
2020-05-24 15:00:00,304,143,161
2020-05-24 16:00:00,288,136,152
2020-05-24 17:00:00,229,139,90
2020-05-24 18:00:00,144,76,68
2020-05-24 19:00:00,130,57,73
2020-05-24 20:00:00,77,41,36
2020-05-24 21:00:00,15,7,8
2020-05-24 22:00:00,6,5,1
2020-05-24 23:00:00,0,0,0
2020-05-25 00:00:00,2,0,2
2020-05-25 01:00:00,5,2,3
2020-05-25 02:00:00,2,1,1
2020-05-25 03:00:00,1,0,1
2020-05-25 04:00:00,0,0,0
2020-05-25 05:00:00,1,0,1
2020-05-25 06:00:00,4,3,1
2020-05-25 07:00:00,3,0,3
2020-05-25 08:00:00,13,7,6
2020-05-25 09:00:00,17,8,9
2020-05-25 10:00:00,21,10,11
2020-05-25 11:00:00,22,7,15
2020-05-25 12:00:00,51,28,23
2020-05-25 13:00:00,52,20,32
2020-05-25 14:00:00,36,18,18
2020-05-25 15:00:00,43,16,27
2020-05-25 16:00:00,63,24,39
2020-05-25 17:00:00,59,30,29
2020-05-25 18:00:00,49,29,20
2020-05-25 19:00:00,37,18,19
2020-05-25 20:00:00,21,9,12
2020-05-25 21:00:00,12,9,3
2020-05-25 22:00:00,5,4,1
2020-05-25 23:00:00,1,1,0
2020-05-26 00:00:00,0,0,0
2020-05-26 01:00:00,0,0,0
2020-05-26 02:00:00,0,0,0
2020-05-26 03:00:00,0,0,0
2020-05-26 04:00:00,2,0,2
2020-05-26 05:00:00,9,4,5
2020-05-26 06:00:00,19,9,10
2020-05-26 07:00:00,17,9,8
2020-05-26 08:00:00,34,19,15
2020-05-26 09:00:00,21,11,10
2020-05-26 10:00:00,13,7,6
2020-05-26 11:00:00,31,16,15
2020-05-26 12:00:00,70,37,33
2020-05-26 13:00:00,69,31,38
2020-05-26 14:00:00,89,44,45
2020-05-26 15:00:00,127,48,79
2020-05-26 16:00:00,118,54,64
2020-05-26 17:00:00,176,92,84
2020-05-26 18:00:00,253,113,140
2020-05-26 19:00:00,162,70,92
2020-05-26 20:00:00,128,83,45
2020-05-26 21:00:00,31,24,7
2020-05-26 22:00:00,10,6,4
2020-05-26 23:00:00,4,3,1
2020-05-27 00:00:00,1,0,1
2020-05-27 01:00:00,1,1,0
2020-05-27 02:00:00,1,0,1
2020-05-27 03:00:00,0,0,0
2020-05-27 04:00:00,4,1,3
2020-05-27 05:00:00,10,3,7
2020-05-27 06:00:00,43,23,20
2020-05-27 07:00:00,67,35,32
2020-05-27 08:00:00,52,34,18
2020-05-27 09:00:00,60,30,30
2020-05-27 10:00:00,55,27,28
2020-05-27 11:00:00,65,35,30
2020-05-27 12:00:00,98,50,48
2020-05-27 13:00:00,94,35,59
2020-05-27 14:00:00,107,57,50
2020-05-27 15:00:00,145,70,75
2020-05-27 16:00:00,198,78,120
2020-05-27 17:00:00,251,107,144
2020-05-27 18:00:00,229,125,104
2020-05-27 19:00:00,186,86,100
2020-05-27 20:00:00,139,68,71
2020-05-27 21:00:00,29,22,7
2020-05-27 22:00:00,4,2,2
2020-05-27 23:00:00,1,0,1
2020-05-28 00:00:00,1,0,1
2020-05-28 01:00:00,0,0,0
2020-05-28 02:00:00,1,1,0
2020-05-28 03:00:00,0,0,0
2020-05-28 04:00:00,3,2,1
2020-05-28 05:00:00,7,1,6
2020-05-28 06:00:00,37,13,24
2020-05-28 07:00:00,57,30,27
2020-05-28 08:00:00,40,25,15
2020-05-28 09:00:00,49,26,23
2020-05-28 10:00:00,44,21,23
2020-05-28 11:00:00,90,39,51
2020-05-28 12:00:00,67,26,41
2020-05-28 13:00:00,68,27,41
2020-05-28 14:00:00,119,62,57
2020-05-28 15:00:00,125,64,61
2020-05-28 16:00:00,165,81,84
2020-05-28 17:00:00,208,83,125
2020-05-28 18:00:00,217,92,125
2020-05-28 19:00:00,151,78,73
2020-05-28 20:00:00,93,58,35
2020-05-28 21:00:00,37,26,11
2020-05-28 22:00:00,8,3,5
2020-05-28 23:00:00,2,2,0
2020-05-29 00:00:00,0,0,0
2020-05-29 01:00:00,1,0,1
2020-05-29 02:00:00,1,1,0
2020-05-29 03:00:00,0,0,0
2020-05-29 04:00:00,1,0,1
2020-05-29 05:00:00,10,4,6
2020-05-29 06:00:00,36,14,22
2020-05-29 07:00:00,51,30,21
2020-05-29 08:00:00,52,26,26
2020-05-29 09:00:00,81,43,38
2020-05-29 10:00:00,76,35,41
2020-05-29 11:00:00,78,45,33
2020-05-29 12:00:00,134,64,70
2020-05-29 13:00:00,129,56,73
2020-05-29 14:00:00,157,78,79
2020-05-29 15:00:00,174,81,93
2020-05-29 16:00:00,242,105,137
2020-05-29 17:00:00,214,89,125
2020-05-29 18:00:00,185,86,99
2020-05-29 19:00:00,148,65,83
2020-05-29 20:00:00,116,68,48
2020-05-29 21:00:00,51,27,24
2020-05-29 22:00:00,9,5,4
2020-05-29 23:00:00,6,4,2
2020-05-30 00:00:00,1,1,0
2020-05-30 01:00:00,3,2,1
2020-05-30 02:00:00,1,0,1
2020-05-30 03:00:00,1,0,1
2020-05-30 04:00:00,2,2,0
2020-05-30 05:00:00,0,0,0
2020-05-30 06:00:00,14,6,8
2020-05-30 07:00:00,30,12,18
2020-05-30 08:00:00,34,17,17
2020-05-30 09:00:00,5,4,1
2020-05-30 10:00:00,6,2,4
2020-05-30 11:00:00,34,12,22
2020-05-30 12:00:00,35,13,22
2020-05-30 13:00:00,18,9,9
2020-05-30 14:00:00,20,8,12
2020-05-30 15:00:00,18,12,6
2020-05-30 16:00:00,25,12,13
2020-05-30 17:00:00,7,1,6
2020-05-30 18:00:00,7,2,5
2020-05-30 19:00:00,8,2,6
2020-05-30 20:00:00,7,4,3
2020-05-30 21:00:00,2,1,1
2020-05-30 22:00:00,0,0,0
2020-05-30 23:00:00,0,0,0
2020-05-31 00:00:00,0,0,0
2020-05-31 01:00:00,0,0,0
2020-05-31 02:00:00,0,0,0
2020-05-31 03:00:00,0,0,0
2020-05-31 04:00:00,0,0,0
2020-05-31 05:00:00,0,0,0
2020-05-31 06:00:00,7,4,3
2020-05-31 07:00:00,1,1,0
2020-05-31 08:00:00,12,7,5
2020-05-31 09:00:00,17,11,6
2020-05-31 10:00:00,35,17,18
2020-05-31 11:00:00,35,14,21
2020-05-31 12:00:00,62,36,26
2020-05-31 13:00:00,74,32,42
2020-05-31 14:00:00,82,30,52
2020-05-31 15:00:00,110,47,63
2020-05-31 16:00:00,153,69,84
2020-05-31 17:00:00,85,46,39
2020-05-31 18:00:00,34,17,17
2020-05-31 19:00:00,35,17,18
2020-05-31 20:00:00,17,7,10
2020-05-31 21:00:00,6,5,1
2020-05-31 22:00:00,6,2,4
2020-05-31 23:00:00,0,0,0
2020-06-01 00:00:00,2,1,1
2020-06-01 01:00:00,0,0,0
2020-06-01 02:00:00,1,0,1
2020-06-01 03:00:00,0,0,0
2020-06-01 04:00:00,1,0,1
2020-06-01 05:00:00,9,1,8
2020-06-01 06:00:00,18,8,10
2020-06-01 07:00:00,37,20,17
2020-06-01 08:00:00,44,31,13
2020-06-01 09:00:00,43,20,23
2020-06-01 10:00:00,51,24,27
2020-06-01 11:00:00,48,22,26
2020-06-01 12:00:00,90,40,50
2020-06-01 13:00:00,83,47,36
2020-06-01 14:00:00,100,54,46
2020-06-01 15:00:00,125,61,64
2020-06-01 16:00:00,144,53,91
2020-06-01 17:00:00,215,86,129
2020-06-01 18:00:00,134,80,54
2020-06-01 19:00:00,71,38,33
2020-06-01 20:00:00,42,21,21
2020-06-01 21:00:00,15,7,8
2020-06-01 22:00:00,4,1,3
2020-06-01 23:00:00,1,1,0
2020-06-02 00:00:00,1,0,1
2020-06-02 01:00:00,5,0,5
2020-06-02 02:00:00,0,0,0
2020-06-02 03:00:00,0,0,0
2020-06-02 04:00:00,1,0,1
2020-06-02 05:00:00,10,4,6
2020-06-02 06:00:00,31,15,16
2020-06-02 07:00:00,39,21,18
2020-06-02 08:00:00,40,27,13
2020-06-02 09:00:00,53,20,33
2020-06-02 10:00:00,45,20,25
2020-06-02 11:00:00,47,21,26
2020-06-02 12:00:00,82,33,49
2020-06-02 13:00:00,52,22,30
2020-06-02 14:00:00,87,46,41
2020-06-02 15:00:00,70,37,33
2020-06-02 16:00:00,49,14,35
2020-06-02 17:00:00,89,32,57
2020-06-02 18:00:00,82,42,40
2020-06-02 19:00:00,69,32,37
2020-06-02 20:00:00,47,20,27
2020-06-02 21:00:00,11,6,5
2020-06-02 22:00:00,0,0,0
2020-06-02 23:00:00,5,1,4
2020-06-03 00:00:00,7,4,3
2020-06-03 01:00:00,0,0,0
2020-06-03 02:00:00,1,0,1
2020-06-03 03:00:00,0,0,0
2020-06-03 04:00:00,2,0,2
2020-06-03 05:00:00,15,5,10
2020-06-03 06:00:00,37,18,19
2020-06-03 07:00:00,52,29,23
2020-06-03 08:00:00,49,29,20
2020-06-03 09:00:00,43,21,22
2020-06-03 10:00:00,46,26,20
2020-06-03 11:00:00,66,30,36
2020-06-03 12:00:00,53,25,28
2020-06-03 13:00:00,56,22,34
2020-06-03 14:00:00,134,66,68
2020-06-03 15:00:00,108,56,52
2020-06-03 16:00:00,126,60,66
2020-06-03 17:00:00,170,70,100
2020-06-03 18:00:00,133,63,70
2020-06-03 19:00:00,90,46,44
2020-06-03 20:00:00,39,24,15
2020-06-03 21:00:00,9,3,6
2020-06-03 22:00:00,2,2,0
2020-06-03 23:00:00,2,0,2
2020-06-04 00:00:00,2,2,0
2020-06-04 01:00:00,3,1,2
2020-06-04 02:00:00,0,0,0
2020-06-04 03:00:00,0,0,0
2020-06-04 04:00:00,2,1,1
2020-06-04 05:00:00,5,0,5
2020-06-04 06:00:00,35,13,22
2020-06-04 07:00:00,50,22,28
2020-06-04 08:00:00,52,31,21
2020-06-04 09:00:00,53,21,32
2020-06-04 10:00:00,32,23,9
2020-06-04 11:00:00,59,25,34
2020-06-04 12:00:00,65,29,36
2020-06-04 13:00:00,66,36,30
2020-06-04 14:00:00,75,39,36
2020-06-04 15:00:00,96,45,51
2020-06-04 16:00:00,157,54,103
2020-06-04 17:00:00,202,95,107
2020-06-04 18:00:00,216,98,118
2020-06-04 19:00:00,140,66,74
2020-06-04 20:00:00,79,38,41
2020-06-04 21:00:00,27,20,7
2020-06-04 22:00:00,6,4,2
2020-06-04 23:00:00,1,0,1
2020-06-05 00:00:00,3,2,1
2020-06-05 01:00:00,1,0,1
2020-06-05 02:00:00,4,2,2
2020-06-05 03:00:00,0,0,0
2020-06-05 04:00:00,4,2,2
2020-06-05 05:00:00,7,2,5
2020-06-05 06:00:00,29,12,17
2020-06-05 07:00:00,48,21,27
2020-06-05 08:00:00,34,18,16
2020-06-05 09:00:00,39,18,21
2020-06-05 10:00:00,36,16,20
2020-06-05 11:00:00,77,41,36
2020-06-05 12:00:00,75,40,35
2020-06-05 13:00:00,78,35,43
2020-06-05 14:00:00,82,45,37
2020-06-05 15:00:00,107,42,65
2020-06-05 16:00:00,150,72,78
2020-06-05 17:00:00,149,72,77
2020-06-05 18:00:00,157,82,75
2020-06-05 19:00:00,99,58,41
2020-06-05 20:00:00,42,20,22
2020-06-05 21:00:00,20,15,5
2020-06-05 22:00:00,9,3,6
2020-06-05 23:00:00,1,1,0
2020-06-06 00:00:00,3,0,3
2020-06-06 01:00:00,1,0,1
2020-06-06 02:00:00,0,0,0
2020-06-06 03:00:00,0,0,0
2020-06-06 04:00:00,2,0,2
2020-06-06 05:00:00,5,1,4
2020-06-06 06:00:00,9,2,7
2020-06-06 07:00:00,27,15,12
2020-06-06 08:00:00,53,24,29
2020-06-06 09:00:00,69,33,36
2020-06-06 10:00:00,131,53,78
2020-06-06 11:00:00,206,97,109
2020-06-06 12:00:00,201,74,127
2020-06-06 13:00:00,207,110,97
2020-06-06 14:00:00,130,55,75
2020-06-06 15:00:00,131,59,72
2020-06-06 16:00:00,110,45,65
2020-06-06 17:00:00,95,51,44
2020-06-06 18:00:00,68,38,30
2020-06-06 19:00:00,78,45,33
2020-06-06 20:00:00,32,21,11
2020-06-06 21:00:00,13,9,4
2020-06-06 22:00:00,5,2,3
2020-06-06 23:00:00,7,1,6
2020-06-07 00:00:00,2,1,1
2020-06-07 01:00:00,1,0,1
2020-06-07 02:00:00,1,0,1
2020-06-07 03:00:00,0,0,0
2020-06-07 04:00:00,1,1,0
2020-06-07 05:00:00,1,0,1
2020-06-07 06:00:00,11,4,7
2020-06-07 07:00:00,14,9,5
2020-06-07 08:00:00,24,12,12
2020-06-07 09:00:00,30,13,17
2020-06-07 10:00:00,52,24,28
2020-06-07 11:00:00,44,27,17
2020-06-07 12:00:00,56,26,30
2020-06-07 13:00:00,67,30,37
2020-06-07 14:00:00,135,67,68
2020-06-07 15:00:00,153,75,78
2020-06-07 16:00:00,172,73,99
2020-06-07 17:00:00,143,74,69
2020-06-07 18:00:00,105,50,55
2020-06-07 19:00:00,59,31,28
2020-06-07 20:00:00,52,27,25
2020-06-07 21:00:00,17,10,7
2020-06-07 22:00:00,2,2,0
2020-06-07 23:00:00,1,0,1
2020-06-08 00:00:00,3,2,1
2020-06-08 01:00:00,0,0,0
2020-06-08 02:00:00,0,0,0
2020-06-08 03:00:00,0,0,0
2020-06-08 04:00:00,2,0,2
2020-06-08 05:00:00,11,1,10
2020-06-08 06:00:00,32,16,16
2020-06-08 07:00:00,47,27,20
2020-06-08 08:00:00,36,24,12
2020-06-08 09:00:00,34,14,20
2020-06-08 10:00:00,32,22,10
2020-06-08 11:00:00,73,31,42
2020-06-08 12:00:00,65,35,30
2020-06-08 13:00:00,65,27,38
2020-06-08 14:00:00,66,37,29
2020-06-08 15:00:00,79,34,45
2020-06-08 16:00:00,110,39,71
2020-06-08 17:00:00,164,74,90
2020-06-08 18:00:00,129,64,65
2020-06-08 19:00:00,96,46,50
2020-06-08 20:00:00,57,31,26
2020-06-08 21:00:00,28,16,12
2020-06-08 22:00:00,3,3,0
2020-06-08 23:00:00,0,0,0
2020-06-09 00:00:00,4,0,4
2020-06-09 01:00:00,0,0,0
2020-06-09 02:00:00,0,0,0
2020-06-09 03:00:00,1,0,1
2020-06-09 04:00:00,0,0,0
2020-06-09 05:00:00,2,0,2
2020-06-09 06:00:00,16,7,9
2020-06-09 07:00:00,22,12,10
2020-06-09 08:00:00,13,8,5
2020-06-09 09:00:00,13,8,5
2020-06-09 10:00:00,4,2,2
2020-06-09 11:00:00,15,4,11
2020-06-09 12:00:00,14,6,8
2020-06-09 13:00:00,13,8,5
2020-06-09 14:00:00,13,8,5
2020-06-09 15:00:00,49,25,24
2020-06-09 16:00:00,51,25,26
2020-06-09 17:00:00,53,27,26
2020-06-09 18:00:00,63,32,31
2020-06-09 19:00:00,27,12,15
2020-06-09 20:00:00,14,4,10
2020-06-09 21:00:00,11,7,4
2020-06-09 22:00:00,8,5,3
2020-06-09 23:00:00,1,1,0
2020-06-10 00:00:00,2,0,2
2020-06-10 01:00:00,1,0,1
2020-06-10 02:00:00,0,0,0
2020-06-10 03:00:00,1,0,1
2020-06-10 04:00:00,3,1,2
2020-06-10 05:00:00,7,2,5
2020-06-10 06:00:00,29,12,17
2020-06-10 07:00:00,49,27,22
2020-06-10 08:00:00,35,24,11
2020-06-10 09:00:00,43,31,12
2020-06-10 10:00:00,36,20,16
2020-06-10 11:00:00,72,30,42
2020-06-10 12:00:00,80,43,37
2020-06-10 13:00:00,80,37,43
2020-06-10 14:00:00,121,66,55
2020-06-10 15:00:00,103,50,53
2020-06-10 16:00:00,170,69,101
2020-06-10 17:00:00,224,94,130
2020-06-10 18:00:00,250,124,126
2020-06-10 19:00:00,167,97,70
2020-06-10 20:00:00,103,65,38
2020-06-10 21:00:00,39,24,15
2020-06-10 22:00:00,9,6,3
2020-06-10 23:00:00,2,2,0
2020-06-11 00:00:00,1,0,1
2020-06-11 01:00:00,3,1,2
2020-06-11 02:00:00,0,0,0
2020-06-11 03:00:00,0,0,0
2020-06-11 04:00:00,1,0,1
2020-06-11 05:00:00,6,2,4
2020-06-11 06:00:00,31,14,17
2020-06-11 07:00:00,50,28,22
2020-06-11 08:00:00,17,10,7
2020-06-11 09:00:00,31,9,22
2020-06-11 10:00:00,10,5,5
2020-06-11 11:00:00,20,8,12
2020-06-11 12:00:00,24,16,8
2020-06-11 13:00:00,37,14,23
2020-06-11 14:00:00,75,35,40
2020-06-11 15:00:00,72,32,40
2020-06-11 16:00:00,171,70,101
2020-06-11 17:00:00,219,103,116
2020-06-11 18:00:00,196,95,101
2020-06-11 19:00:00,142,73,69
2020-06-11 20:00:00,135,76,59
2020-06-11 21:00:00,36,23,13
2020-06-11 22:00:00,6,3,3
2020-06-11 23:00:00,0,0,0
2020-06-12 00:00:00,3,2,1
2020-06-12 01:00:00,0,0,0
2020-06-12 02:00:00,2,1,1
2020-06-12 03:00:00,0,0,0
2020-06-12 04:00:00,3,2,1
2020-06-12 05:00:00,8,1,7
2020-06-12 06:00:00,21,7,14
2020-06-12 07:00:00,31,17,14
2020-06-12 08:00:00,29,19,10
2020-06-12 09:00:00,33,15,18
2020-06-12 10:00:00,23,13,10
2020-06-12 11:00:00,13,10,3
2020-06-12 12:00:00,25,15,10
2020-06-12 13:00:00,27,20,7
2020-06-12 14:00:00,20,9,11
2020-06-12 15:00:00,18,7,11
2020-06-12 16:00:00,38,9,29
2020-06-12 17:00:00,113,26,87
2020-06-12 18:00:00,105,56,49
2020-06-12 19:00:00,76,34,42
2020-06-12 20:00:00,38,23,15
2020-06-12 21:00:00,17,8,9
2020-06-12 22:00:00,6,1,5
2020-06-12 23:00:00,1,1,0
2020-06-13 00:00:00,1,0,1
2020-06-13 01:00:00,1,0,1
2020-06-13 02:00:00,1,1,0
2020-06-13 03:00:00,0,0,0
2020-06-13 04:00:00,0,0,0
2020-06-13 05:00:00,1,1,0
2020-06-13 06:00:00,7,5,2
2020-06-13 07:00:00,14,7,7
2020-06-13 08:00:00,6,3,3
2020-06-13 09:00:00,13,8,5
2020-06-13 10:00:00,47,22,25
2020-06-13 11:00:00,133,65,68
2020-06-13 12:00:00,346,89,257
2020-06-13 13:00:00,109,48,61
2020-06-13 14:00:00,64,29,35
2020-06-13 15:00:00,80,38,42
2020-06-13 16:00:00,99,47,52
2020-06-13 17:00:00,92,40,52
2020-06-13 18:00:00,71,33,38
2020-06-13 19:00:00,56,40,16
2020-06-13 20:00:00,15,5,10
2020-06-13 21:00:00,7,4,3
2020-06-13 22:00:00,4,1,3
2020-06-13 23:00:00,0,0,0
2020-06-14 00:00:00,2,1,1
2020-06-14 01:00:00,2,0,2
2020-06-14 02:00:00,0,0,0
2020-06-14 03:00:00,0,0,0
2020-06-14 04:00:00,1,0,1
2020-06-14 05:00:00,3,1,2
2020-06-14 06:00:00,13,5,8
2020-06-14 07:00:00,18,9,9
2020-06-14 08:00:00,31,13,18
2020-06-14 09:00:00,73,42,31
2020-06-14 10:00:00,101,53,48
2020-06-14 11:00:00,198,95,103
2020-06-14 12:00:00,167,76,91
2020-06-14 13:00:00,277,135,142
2020-06-14 14:00:00,290,140,150
2020-06-14 15:00:00,265,118,147
2020-06-14 16:00:00,201,89,112
2020-06-14 17:00:00,115,60,55
2020-06-14 18:00:00,94,58,36
2020-06-14 19:00:00,67,25,42
2020-06-14 20:00:00,39,21,18
2020-06-14 21:00:00,16,10,6
2020-06-14 22:00:00,6,2,4
2020-06-14 23:00:00,2,2,0
2020-06-15 00:00:00,1,0,1
2020-06-15 01:00:00,4,0,4
2020-06-15 02:00:00,0,0,0
2020-06-15 03:00:00,1,0,1
2020-06-15 04:00:00,1,0,1
2020-06-15 05:00:00,5,1,4
2020-06-15 06:00:00,25,11,14
2020-06-15 07:00:00,20,11,9
2020-06-15 08:00:00,22,15,7
2020-06-15 09:00:00,13,6,7
2020-06-15 10:00:00,6,3,3
2020-06-15 11:00:00,17,12,5
2020-06-15 12:00:00,12,4,8
2020-06-15 13:00:00,26,9,17
2020-06-15 14:00:00,43,23,20
2020-06-15 15:00:00,26,9,17
2020-06-15 16:00:00,64,33,31
2020-06-15 17:00:00,91,36,55
2020-06-15 18:00:00,104,53,51
2020-06-15 19:00:00,62,29,33
2020-06-15 20:00:00,47,19,28
2020-06-15 21:00:00,16,13,3
2020-06-15 22:00:00,1,0,1
2020-06-15 23:00:00,0,0,0
2020-06-16 00:00:00,0,0,0
2020-06-16 01:00:00,2,0,2
2020-06-16 02:00:00,0,0,0
2020-06-16 03:00:00,0,0,0
2020-06-16 04:00:00,0,0,0
2020-06-16 05:00:00,3,0,3
2020-06-16 06:00:00,34,19,15
2020-06-16 07:00:00,59,36,23
2020-06-16 08:00:00,34,24,10
2020-06-16 09:00:00,44,22,22
2020-06-16 10:00:00,35,19,16
2020-06-16 11:00:00,40,20,20
2020-06-16 12:00:00,63,30,33
2020-06-16 13:00:00,81,30,51
2020-06-16 14:00:00,89,55,34
2020-06-16 15:00:00,128,63,65
2020-06-16 16:00:00,165,67,98
2020-06-16 17:00:00,189,87,102
2020-06-16 18:00:00,207,89,118
2020-06-16 19:00:00,159,98,61
2020-06-16 20:00:00,96,46,50
2020-06-16 21:00:00,39,24,15
2020-06-16 22:00:00,14,11,3
2020-06-16 23:00:00,1,0,1
2020-06-17 00:00:00,3,1,2
2020-06-17 01:00:00,2,0,2
2020-06-17 02:00:00,0,0,0
2020-06-17 03:00:00,1,0,1
2020-06-17 04:00:00,0,0,0
2020-06-17 05:00:00,9,2,7
2020-06-17 06:00:00,38,18,20
2020-06-17 07:00:00,62,33,29
2020-06-17 08:00:00,39,26,13
2020-06-17 09:00:00,62,30,32
2020-06-17 10:00:00,56,33,23
2020-06-17 11:00:00,43,20,23
2020-06-17 12:00:00,111,52,59
2020-06-17 13:00:00,88,34,54
2020-06-17 14:00:00,72,41,31
2020-06-17 15:00:00,108,57,51
2020-06-17 16:00:00,171,79,92
2020-06-17 17:00:00,219,75,144
2020-06-17 18:00:00,206,95,111
2020-06-17 19:00:00,186,107,79
2020-06-17 20:00:00,128,72,56
2020-06-17 21:00:00,34,22,12
2020-06-17 22:00:00,20,8,12
2020-06-17 23:00:00,3,0,3
2020-06-18 00:00:00,5,3,2
2020-06-18 01:00:00,5,3,2
2020-06-18 02:00:00,0,0,0
2020-06-18 03:00:00,0,0,0
2020-06-18 04:00:00,3,0,3
2020-06-18 05:00:00,9,3,6
2020-06-18 06:00:00,41,21,20
2020-06-18 07:00:00,62,31,31
2020-06-18 08:00:00,42,24,18
2020-06-18 09:00:00,53,22,31
2020-06-18 10:00:00,47,19,28
2020-06-18 11:00:00,86,45,41
2020-06-18 12:00:00,70,34,36
2020-06-18 13:00:00,98,48,50
2020-06-18 14:00:00,127,74,53
2020-06-18 15:00:00,122,56,66
2020-06-18 16:00:00,173,97,76
2020-06-18 17:00:00,209,77,132
2020-06-18 18:00:00,190,92,98
2020-06-18 19:00:00,175,82,93
2020-06-18 20:00:00,87,49,38
2020-06-18 21:00:00,70,52,18
2020-06-18 22:00:00,23,15,8
2020-06-18 23:00:00,4,3,1
2020-06-19 00:00:00,1,0,1
2020-06-19 01:00:00,2,0,2
2020-06-19 02:00:00,0,0,0
2020-06-19 03:00:00,0,0,0
2020-06-19 04:00:00,3,1,2
2020-06-19 05:00:00,7,3,4
2020-06-19 06:00:00,33,16,17
2020-06-19 07:00:00,52,29,23
2020-06-19 08:00:00,51,29,22
2020-06-19 09:00:00,56,29,27
2020-06-19 10:00:00,73,33,40
2020-06-19 11:00:00,140,75,65
2020-06-19 12:00:00,124,61,63
2020-06-19 13:00:00,111,50,61
2020-06-19 14:00:00,121,67,54
2020-06-19 15:00:00,136,60,76
2020-06-19 16:00:00,166,71,95
2020-06-19 17:00:00,147,75,72
2020-06-19 18:00:00,131,52,79
2020-06-19 19:00:00,80,48,32
2020-06-19 20:00:00,64,41,23
2020-06-19 21:00:00,14,4,10
2020-06-19 22:00:00,8,6,2
2020-06-19 23:00:00,0,0,0
2020-06-20 00:00:00,2,1,1
2020-06-20 01:00:00,11,1,10
2020-06-20 02:00:00,1,1,0
2020-06-20 03:00:00,2,1,1
2020-06-20 04:00:00,1,0,1
2020-06-20 05:00:00,0,0,0
2020-06-20 06:00:00,11,8,3
2020-06-20 07:00:00,25,8,17
2020-06-20 08:00:00,16,9,7
2020-06-20 09:00:00,31,11,20
2020-06-20 10:00:00,32,13,19
2020-06-20 11:00:00,65,28,37
2020-06-20 12:00:00,61,24,37
2020-06-20 13:00:00,106,40,66
2020-06-20 14:00:00,81,39,42
2020-06-20 15:00:00,143,64,79
2020-06-20 16:00:00,140,70,70
2020-06-20 17:00:00,137,67,70
2020-06-20 18:00:00,136,61,75
2020-06-20 19:00:00,95,46,49
2020-06-20 20:00:00,81,47,34
2020-06-20 21:00:00,28,18,10
2020-06-20 22:00:00,9,1,8
2020-06-20 23:00:00,1,1,0
2020-06-21 00:00:00,1,1,0
2020-06-21 01:00:00,0,0,0
2020-06-21 02:00:00,3,1,2
2020-06-21 03:00:00,1,1,0
2020-06-21 04:00:00,0,0,0
2020-06-21 05:00:00,2,1,1
2020-06-21 06:00:00,13,5,8
2020-06-21 07:00:00,21,9,12
2020-06-21 08:00:00,30,13,17
2020-06-21 09:00:00,59,26,33
2020-06-21 10:00:00,97,56,41
2020-06-21 11:00:00,143,66,77
2020-06-21 12:00:00,121,69,52
2020-06-21 13:00:00,169,82,87
2020-06-21 14:00:00,198,96,102
2020-06-21 15:00:00,199,91,108
2020-06-21 16:00:00,254,117,137
2020-06-21 17:00:00,205,99,106
2020-06-21 18:00:00,147,65,82
2020-06-21 19:00:00,91,48,43
2020-06-21 20:00:00,69,33,36
2020-06-21 21:00:00,31,21,10
2020-06-21 22:00:00,15,8,7
2020-06-21 23:00:00,0,0,0
2020-06-22 00:00:00,0,0,0
2020-06-22 01:00:00,0,0,0
2020-06-22 02:00:00,1,0,1
2020-06-22 03:00:00,0,0,0
2020-06-22 04:00:00,1,0,1
2020-06-22 05:00:00,10,7,3
2020-06-22 06:00:00,35,16,19
2020-06-22 07:00:00,65,32,33
2020-06-22 08:00:00,58,37,21
2020-06-22 09:00:00,44,19,25
2020-06-22 10:00:00,56,34,22
2020-06-22 11:00:00,75,43,32
2020-06-22 12:00:00,94,47,47
2020-06-22 13:00:00,105,56,49
2020-06-22 14:00:00,114,63,51
2020-06-22 15:00:00,121,53,68
2020-06-22 16:00:00,178,83,95
2020-06-22 17:00:00,205,105,100
2020-06-22 18:00:00,219,107,112
2020-06-22 19:00:00,161,65,96
2020-06-22 20:00:00,100,60,40
2020-06-22 21:00:00,54,28,26
2020-06-22 22:00:00,22,13,9
2020-06-22 23:00:00,9,1,8
2020-06-23 00:00:00,9,4,5
2020-06-23 01:00:00,2,0,2
2020-06-23 02:00:00,0,0,0
2020-06-23 03:00:00,1,0,1
2020-06-23 04:00:00,1,0,1
2020-06-23 05:00:00,10,3,7
2020-06-23 06:00:00,36,22,14
2020-06-23 07:00:00,66,36,30
2020-06-23 08:00:00,60,29,31
2020-06-23 09:00:00,60,26,34
2020-06-23 10:00:00,68,33,35
2020-06-23 11:00:00,65,35,30
2020-06-23 12:00:00,109,51,58
2020-06-23 13:00:00,100,52,48
2020-06-23 14:00:00,105,53,52
2020-06-23 15:00:00,132,73,59
2020-06-23 16:00:00,128,61,67
2020-06-23 17:00:00,159,75,84
2020-06-23 18:00:00,168,67,101
2020-06-23 19:00:00,160,79,81
2020-06-23 20:00:00,101,65,36
2020-06-23 21:00:00,46,26,20
2020-06-23 22:00:00,10,9,1
2020-06-23 23:00:00,2,2,0
2020-06-24 00:00:00,1,0,1
2020-06-24 01:00:00,2,0,2
2020-06-24 02:00:00,3,1,2
2020-06-24 03:00:00,0,0,0
2020-06-24 04:00:00,1,0,1
2020-06-24 05:00:00,16,7,9
2020-06-24 06:00:00,39,16,23
2020-06-24 07:00:00,63,34,29
2020-06-24 08:00:00,62,42,20
2020-06-24 09:00:00,57,27,30
2020-06-24 10:00:00,37,17,20
2020-06-24 11:00:00,58,33,25
2020-06-24 12:00:00,46,21,25
2020-06-24 13:00:00,71,30,41
2020-06-24 14:00:00,91,56,35
2020-06-24 15:00:00,82,28,54
2020-06-24 16:00:00,121,50,71
2020-06-24 17:00:00,143,53,90
2020-06-24 18:00:00,208,98,110
2020-06-24 19:00:00,171,109,62
2020-06-24 20:00:00,135,69,66
2020-06-24 21:00:00,54,34,20
2020-06-24 22:00:00,14,6,8
2020-06-24 23:00:00,2,2,0
2020-06-25 00:00:00,0,0,0
2020-06-25 01:00:00,2,1,1
2020-06-25 02:00:00,6,3,3
2020-06-25 03:00:00,3,1,2
2020-06-25 04:00:00,2,0,2
2020-06-25 05:00:00,11,5,6
2020-06-25 06:00:00,39,20,19
2020-06-25 07:00:00,73,41,32
2020-06-25 08:00:00,59,33,26
2020-06-25 09:00:00,50,26,24
2020-06-25 10:00:00,46,26,20
2020-06-25 11:00:00,74,28,46
2020-06-25 12:00:00,86,35,51
2020-06-25 13:00:00,84,46,38
2020-06-25 14:00:00,120,61,59
2020-06-25 15:00:00,134,58,76
2020-06-25 16:00:00,171,70,101
2020-06-25 17:00:00,200,94,106
2020-06-25 18:00:00,183,79,104
2020-06-25 19:00:00,141,67,74
2020-06-25 20:00:00,146,79,67
2020-06-25 21:00:00,63,42,21
2020-06-25 22:00:00,10,6,4
2020-06-25 23:00:00,8,5,3
2020-06-26 00:00:00,6,3,3
2020-06-26 01:00:00,11,3,8
2020-06-26 02:00:00,2,2,0
2020-06-26 03:00:00,1,1,0
2020-06-26 04:00:00,4,0,4
2020-06-26 05:00:00,16,4,12
2020-06-26 06:00:00,40,21,19
2020-06-26 07:00:00,61,31,30
2020-06-26 08:00:00,53,32,21
2020-06-26 09:00:00,73,41,32
2020-06-26 10:00:00,65,32,33
2020-06-26 11:00:00,106,50,56
2020-06-26 12:00:00,96,40,56
2020-06-26 13:00:00,121,66,55
2020-06-26 14:00:00,132,71,61
2020-06-26 15:00:00,160,78,82
2020-06-26 16:00:00,175,81,94
2020-06-26 17:00:00,143,63,80
2020-06-26 18:00:00,131,70,61
2020-06-26 19:00:00,103,54,49
2020-06-26 20:00:00,54,30,24
2020-06-26 21:00:00,55,27,28
2020-06-26 22:00:00,22,12,10
2020-06-26 23:00:00,1,0,1
2020-06-27 00:00:00,4,1,3
2020-06-27 01:00:00,2,0,2
2020-06-27 02:00:00,5,5,0
2020-06-27 03:00:00,1,0,1
2020-06-27 04:00:00,1,0,1
2020-06-27 05:00:00,1,0,1
2020-06-27 06:00:00,5,3,2
2020-06-27 07:00:00,13,5,8
2020-06-27 08:00:00,25,9,16
2020-06-27 09:00:00,24,16,8
2020-06-27 10:00:00,39,19,20
2020-06-27 11:00:00,29,12,17
2020-06-27 12:00:00,24,10,14
2020-06-27 13:00:00,19,8,11
2020-06-27 14:00:00,31,17,14
2020-06-27 15:00:00,39,17,22
2020-06-27 16:00:00,27,11,16
2020-06-27 17:00:00,57,24,33
2020-06-27 18:00:00,53,28,25
2020-06-27 19:00:00,21,12,9
2020-06-27 20:00:00,14,4,10
2020-06-27 21:00:00,11,6,5
2020-06-27 22:00:00,4,0,4
2020-06-27 23:00:00,0,0,0
2020-06-28 00:00:00,2,2,0
2020-06-28 01:00:00,0,0,0
2020-06-28 02:00:00,0,0,0
2020-06-28 03:00:00,0,0,0
2020-06-28 04:00:00,1,0,1
2020-06-28 05:00:00,1,1,0
2020-06-28 06:00:00,8,5,3
2020-06-28 07:00:00,8,4,4
2020-06-28 08:00:00,16,5,11
2020-06-28 09:00:00,28,11,17
2020-06-28 10:00:00,41,23,18
2020-06-28 11:00:00,77,37,40
2020-06-28 12:00:00,97,52,45
2020-06-28 13:00:00,171,74,97
2020-06-28 14:00:00,233,103,130
2020-06-28 15:00:00,273,128,145
2020-06-28 16:00:00,211,104,107
2020-06-28 17:00:00,181,93,88
2020-06-28 18:00:00,140,78,62
2020-06-28 19:00:00,117,58,59
2020-06-28 20:00:00,93,50,43
2020-06-28 21:00:00,51,27,24
2020-06-28 22:00:00,12,8,4
2020-06-28 23:00:00,5,3,2
2020-06-29 00:00:00,1,0,1
2020-06-29 01:00:00,3,0,3
2020-06-29 02:00:00,2,1,1
2020-06-29 03:00:00,0,0,0
2020-06-29 04:00:00,1,0,1
2020-06-29 05:00:00,9,2,7
2020-06-29 06:00:00,38,18,20
2020-06-29 07:00:00,44,24,20
2020-06-29 08:00:00,44,20,24
2020-06-29 09:00:00,42,19,23
2020-06-29 10:00:00,38,19,19
2020-06-29 11:00:00,43,18,25
2020-06-29 12:00:00,44,21,23
2020-06-29 13:00:00,75,32,43
2020-06-29 14:00:00,99,51,48
2020-06-29 15:00:00,104,44,60
2020-06-29 16:00:00,136,61,75
2020-06-29 17:00:00,177,76,101
2020-06-29 18:00:00,134,64,70
2020-06-29 19:00:00,108,51,57
2020-06-29 20:00:00,89,44,45
2020-06-29 21:00:00,41,26,15
2020-06-29 22:00:00,4,3,1
2020-06-29 23:00:00,10,10,0
2020-06-30 00:00:00,3,2,1
2020-06-30 01:00:00,3,3,0
2020-06-30 02:00:00,1,0,1
2020-06-30 03:00:00,4,3,1
2020-06-30 04:00:00,1,0,1
2020-06-30 05:00:00,4,0,4
2020-06-30 06:00:00,24,12,12
2020-06-30 07:00:00,47,23,24
2020-06-30 08:00:00,25,18,7
2020-06-30 09:00:00,20,7,13
2020-06-30 10:00:00,15,11,4
2020-06-30 11:00:00,17,10,7
2020-06-30 12:00:00,22,7,15
2020-06-30 13:00:00,38,19,19
2020-06-30 14:00:00,54,28,26
2020-06-30 15:00:00,52,22,30
2020-06-30 16:00:00,83,37,46
2020-06-30 17:00:00,95,41,54
2020-06-30 18:00:00,114,47,67
2020-06-30 19:00:00,66,38,28
2020-06-30 20:00:00,42,17,25
2020-06-30 21:00:00,26,14,12
2020-06-30 22:00:00,11,7,4
2020-06-30 23:00:00,1,1,0
2020-07-01 00:00:00,1,0,1
2020-07-01 01:00:00,0,0,0
2020-07-01 02:00:00,2,0,2
2020-07-01 03:00:00,3,1,2
2020-07-01 04:00:00,1,0,1
2020-07-01 05:00:00,10,3,7
2020-07-01 06:00:00,33,15,18
2020-07-01 07:00:00,51,23,28
2020-07-01 08:00:00,26,22,4
2020-07-01 09:00:00,16,7,9
2020-07-01 10:00:00,44,19,25
2020-07-01 11:00:00,28,14,14
2020-07-01 12:00:00,47,20,27
2020-07-01 13:00:00,55,23,32
2020-07-01 14:00:00,56,38,18
2020-07-01 15:00:00,82,45,37
2020-07-01 16:00:00,105,46,59
2020-07-01 17:00:00,105,36,69
2020-07-01 18:00:00,96,44,52
2020-07-01 19:00:00,78,40,38
2020-07-01 20:00:00,50,27,23
2020-07-01 21:00:00,24,15,9
2020-07-01 22:00:00,7,5,2
2020-07-01 23:00:00,7,4,3
2020-07-02 00:00:00,2,0,2
2020-07-02 01:00:00,0,0,0
2020-07-02 02:00:00,0,0,0
2020-07-02 03:00:00,1,1,0
2020-07-02 04:00:00,3,0,3
2020-07-02 05:00:00,11,6,5
2020-07-02 06:00:00,41,14,27
2020-07-02 07:00:00,47,22,25
2020-07-02 08:00:00,34,17,17
2020-07-02 09:00:00,51,15,36
2020-07-02 10:00:00,35,23,12
2020-07-02 11:00:00,50,28,22
2020-07-02 12:00:00,35,14,21
2020-07-02 13:00:00,63,29,34
2020-07-02 14:00:00,65,29,36
2020-07-02 15:00:00,96,47,49
2020-07-02 16:00:00,121,53,68
2020-07-02 17:00:00,127,62,65
2020-07-02 18:00:00,120,59,61
2020-07-02 19:00:00,112,48,64
2020-07-02 20:00:00,78,36,42
2020-07-02 21:00:00,28,17,11
2020-07-02 22:00:00,3,2,1
2020-07-02 23:00:00,0,0,0
2020-07-03 00:00:00,3,2,1
2020-07-03 01:00:00,1,0,1
2020-07-03 02:00:00,2,0,2
2020-07-03 03:00:00,0,0,0
2020-07-03 04:00:00,3,1,2
2020-07-03 05:00:00,4,2,2
2020-07-03 06:00:00,9,3,6
2020-07-03 07:00:00,21,13,8
2020-07-03 08:00:00,24,13,11
2020-07-03 09:00:00,52,34,18
2020-07-03 10:00:00,65,37,28
2020-07-03 11:00:00,71,28,43
2020-07-03 12:00:00,81,41,40
2020-07-03 13:00:00,163,70,93
2020-07-03 14:00:00,179,89,90
2020-07-03 15:00:00,140,62,78
2020-07-03 16:00:00,139,66,73
2020-07-03 17:00:00,100,52,48
2020-07-03 18:00:00,91,54,37
2020-07-03 19:00:00,85,54,31
2020-07-03 20:00:00,63,26,37
2020-07-03 21:00:00,27,16,11
2020-07-03 22:00:00,18,9,9
2020-07-03 23:00:00,3,2,1
2020-07-04 00:00:00,6,2,4
2020-07-04 01:00:00,0,0,0
2020-07-04 02:00:00,0,0,0
2020-07-04 03:00:00,0,0,0
2020-07-04 04:00:00,2,1,1
2020-07-04 05:00:00,3,1,2
2020-07-04 06:00:00,5,3,2
2020-07-04 07:00:00,17,5,12
2020-07-04 08:00:00,44,23,21
2020-07-04 09:00:00,45,22,23
2020-07-04 10:00:00,62,25,37
2020-07-04 11:00:00,146,70,76
2020-07-04 12:00:00,171,88,83
2020-07-04 13:00:00,192,88,104
2020-07-04 14:00:00,215,100,115
2020-07-04 15:00:00,223,112,111
2020-07-04 16:00:00,186,107,79
2020-07-04 17:00:00,123,60,63
2020-07-04 18:00:00,114,55,59
2020-07-04 19:00:00,80,52,28
2020-07-04 20:00:00,77,34,43
2020-07-04 21:00:00,73,46,27
2020-07-04 22:00:00,8,2,6
2020-07-04 23:00:00,11,3,8
2020-07-05 00:00:00,5,2,3
2020-07-05 01:00:00,1,1,0
2020-07-05 02:00:00,0,0,0
2020-07-05 03:00:00,0,0,0
2020-07-05 04:00:00,0,0,0
2020-07-05 05:00:00,6,3,3
2020-07-05 06:00:00,6,3,3
2020-07-05 07:00:00,15,7,8
2020-07-05 08:00:00,31,15,16
2020-07-05 09:00:00,70,37,33
2020-07-05 10:00:00,134,60,74
2020-07-05 11:00:00,152,77,75
2020-07-05 12:00:00,186,93,93
2020-07-05 13:00:00,191,84,107
2020-07-05 14:00:00,198,96,102
2020-07-05 15:00:00,220,95,125
2020-07-05 16:00:00,206,103,103
2020-07-05 17:00:00,189,95,94
2020-07-05 18:00:00,163,76,87
2020-07-05 19:00:00,103,58,45
2020-07-05 20:00:00,101,56,45
2020-07-05 21:00:00,29,16,13
2020-07-05 22:00:00,11,5,6
2020-07-05 23:00:00,2,1,1
2020-07-06 00:00:00,2,0,2
2020-07-06 01:00:00,2,2,0
2020-07-06 02:00:00,1,0,1
2020-07-06 03:00:00,1,0,1
2020-07-06 04:00:00,1,0,1
2020-07-06 05:00:00,8,2,6
2020-07-06 06:00:00,39,20,19
2020-07-06 07:00:00,48,24,24
2020-07-06 08:00:00,47,28,19
2020-07-06 09:00:00,41,22,19
2020-07-06 10:00:00,56,30,26
2020-07-06 11:00:00,78,33,45
2020-07-06 12:00:00,67,36,31
2020-07-06 13:00:00,81,43,38
2020-07-06 14:00:00,103,58,45
2020-07-06 15:00:00,98,46,52
2020-07-06 16:00:00,142,63,79
2020-07-06 17:00:00,163,83,80
2020-07-06 18:00:00,165,60,105
2020-07-06 19:00:00,129,72,57
2020-07-06 20:00:00,87,40,47
2020-07-06 21:00:00,38,25,13
2020-07-06 22:00:00,6,4,2
2020-07-06 23:00:00,0,0,0
2020-07-07 00:00:00,0,0,0
2020-07-07 01:00:00,0,0,0
2020-07-07 02:00:00,0,0,0
2020-07-07 03:00:00,2,0,2
2020-07-07 04:00:00,3,1,2
2020-07-07 05:00:00,7,2,5
2020-07-07 06:00:00,35,18,17
2020-07-07 07:00:00,54,25,29
2020-07-07 08:00:00,51,33,18
2020-07-07 09:00:00,30,21,9
2020-07-07 10:00:00,29,14,15
2020-07-07 11:00:00,50,25,25
2020-07-07 12:00:00,57,19,38
2020-07-07 13:00:00,65,40,25
2020-07-07 14:00:00,52,35,17
2020-07-07 15:00:00,91,40,51
2020-07-07 16:00:00,115,52,63
2020-07-07 17:00:00,123,63,60
2020-07-07 18:00:00,112,56,56
2020-07-07 19:00:00,72,33,39
2020-07-07 20:00:00,55,32,23
2020-07-07 21:00:00,11,8,3
2020-07-07 22:00:00,4,3,1
2020-07-07 23:00:00,0,0,0
2020-07-08 00:00:00,0,0,0
2020-07-08 01:00:00,0,0,0
2020-07-08 02:00:00,1,0,1
2020-07-08 03:00:00,0,0,0
2020-07-08 04:00:00,2,1,1
2020-07-08 05:00:00,8,5,3
2020-07-08 06:00:00,33,16,17
2020-07-08 07:00:00,60,26,34
2020-07-08 08:00:00,54,44,10
2020-07-08 09:00:00,50,21,29
2020-07-08 10:00:00,41,29,12
2020-07-08 11:00:00,48,20,28
2020-07-08 12:00:00,59,24,35
2020-07-08 13:00:00,64,35,29
2020-07-08 14:00:00,95,51,44
2020-07-08 15:00:00,107,55,52
2020-07-08 16:00:00,155,65,90
2020-07-08 17:00:00,195,93,102
2020-07-08 18:00:00,211,81,130
2020-07-08 19:00:00,182,90,92
2020-07-08 20:00:00,126,75,51
2020-07-08 21:00:00,55,36,19
2020-07-08 22:00:00,12,8,4
2020-07-08 23:00:00,2,1,1
2020-07-09 00:00:00,1,1,0
2020-07-09 01:00:00,4,0,4
2020-07-09 02:00:00,0,0,0
2020-07-09 03:00:00,2,0,2
2020-07-09 04:00:00,1,0,1
2020-07-09 05:00:00,11,2,9
2020-07-09 06:00:00,38,19,19
2020-07-09 07:00:00,53,29,24
2020-07-09 08:00:00,31,19,12
2020-07-09 09:00:00,26,14,12
2020-07-09 10:00:00,31,16,15
2020-07-09 11:00:00,39,16,23
2020-07-09 12:00:00,70,43,27
2020-07-09 13:00:00,44,22,22
2020-07-09 14:00:00,72,43,29
2020-07-09 15:00:00,80,35,45
2020-07-09 16:00:00,108,55,53
2020-07-09 17:00:00,146,54,92
2020-07-09 18:00:00,161,73,88
2020-07-09 19:00:00,146,82,64
2020-07-09 20:00:00,112,56,56
2020-07-09 21:00:00,42,22,20
2020-07-09 22:00:00,8,4,4
2020-07-09 23:00:00,7,6,1
2020-07-10 00:00:00,0,0,0
2020-07-10 01:00:00,1,0,1
2020-07-10 02:00:00,2,2,0
2020-07-10 03:00:00,0,0,0
2020-07-10 04:00:00,4,0,4
2020-07-10 05:00:00,8,1,7
2020-07-10 06:00:00,41,20,21
2020-07-10 07:00:00,56,31,25
2020-07-10 08:00:00,43,21,22
2020-07-10 09:00:00,50,26,24
2020-07-10 10:00:00,40,25,15
2020-07-10 11:00:00,65,29,36
2020-07-10 12:00:00,87,41,46
2020-07-10 13:00:00,86,45,41
2020-07-10 14:00:00,156,86,70
2020-07-10 15:00:00,157,58,99
2020-07-10 16:00:00,197,83,114
2020-07-10 17:00:00,187,80,107
2020-07-10 18:00:00,176,77,99
2020-07-10 19:00:00,107,49,58
2020-07-10 20:00:00,121,58,63
2020-07-10 21:00:00,76,44,32
2020-07-10 22:00:00,11,6,5
2020-07-10 23:00:00,5,1,4
2020-07-11 00:00:00,0,0,0
2020-07-11 01:00:00,0,0,0
2020-07-11 02:00:00,0,0,0
2020-07-11 03:00:00,1,0,1
2020-07-11 04:00:00,1,0,1
2020-07-11 05:00:00,0,0,0
2020-07-11 06:00:00,20,10,10
2020-07-11 07:00:00,28,19,9
2020-07-11 08:00:00,46,17,29
2020-07-11 09:00:00,82,36,46
2020-07-11 10:00:00,105,58,47
2020-07-11 11:00:00,151,59,92
2020-07-11 12:00:00,159,68,91
2020-07-11 13:00:00,158,65,93
2020-07-11 14:00:00,184,85,99
2020-07-11 15:00:00,154,67,87
2020-07-11 16:00:00,126,61,65
2020-07-11 17:00:00,90,39,51
2020-07-11 18:00:00,81,24,57
2020-07-11 19:00:00,52,32,20
2020-07-11 20:00:00,49,21,28
2020-07-11 21:00:00,14,7,7
2020-07-11 22:00:00,8,2,6
2020-07-11 23:00:00,10,2,8
2020-07-12 00:00:00,4,3,1
2020-07-12 01:00:00,2,1,1
2020-07-12 02:00:00,0,0,0
2020-07-12 03:00:00,5,3,2
2020-07-12 04:00:00,0,0,0
2020-07-12 05:00:00,3,1,2
2020-07-12 06:00:00,4,2,2
2020-07-12 07:00:00,3,2,1
2020-07-12 08:00:00,3,1,2
2020-07-12 09:00:00,5,5,0
2020-07-12 10:00:00,36,16,20
2020-07-12 11:00:00,50,20,30
2020-07-12 12:00:00,90,38,52
2020-07-12 13:00:00,146,64,82
2020-07-12 14:00:00,199,98,101
2020-07-12 15:00:00,221,92,129
2020-07-12 16:00:00,239,105,134
2020-07-12 17:00:00,199,83,116
2020-07-12 18:00:00,153,72,81
2020-07-12 19:00:00,93,54,39
2020-07-12 20:00:00,73,38,35
2020-07-12 21:00:00,22,14,8
2020-07-12 22:00:00,5,1,4
2020-07-12 23:00:00,1,1,0
2020-07-13 00:00:00,0,0,0
2020-07-13 01:00:00,0,0,0
2020-07-13 02:00:00,1,0,1
2020-07-13 03:00:00,0,0,0
2020-07-13 04:00:00,1,0,1
2020-07-13 05:00:00,11,3,8
2020-07-13 06:00:00,33,18,15
2020-07-13 07:00:00,60,37,23
2020-07-13 08:00:00,40,26,14
2020-07-13 09:00:00,45,21,24
2020-07-13 10:00:00,58,27,31
2020-07-13 11:00:00,64,28,36
2020-07-13 12:00:00,108,55,53
2020-07-13 13:00:00,98,49,49
2020-07-13 14:00:00,137,71,66
2020-07-13 15:00:00,112,62,50
2020-07-13 16:00:00,157,67,90
2020-07-13 17:00:00,190,81,109
2020-07-13 18:00:00,173,75,98
2020-07-13 19:00:00,200,86,114
2020-07-13 20:00:00,126,70,56
2020-07-13 21:00:00,50,35,15
2020-07-13 22:00:00,13,9,4
2020-07-13 23:00:00,4,0,4
2020-07-14 00:00:00,0,0,0
2020-07-14 01:00:00,1,0,1
2020-07-14 02:00:00,0,0,0
2020-07-14 03:00:00,0,0,0
2020-07-14 04:00:00,1,0,1
2020-07-14 05:00:00,11,3,8
2020-07-14 06:00:00,41,21,20
2020-07-14 07:00:00,66,34,32
2020-07-14 08:00:00,51,30,21
2020-07-14 09:00:00,42,27,15
2020-07-14 10:00:00,60,28,32
2020-07-14 11:00:00,91,44,47
2020-07-14 12:00:00,97,51,46
2020-07-14 13:00:00,97,51,46
2020-07-14 14:00:00,106,50,56
2020-07-14 15:00:00,112,53,59
2020-07-14 16:00:00,149,67,82
2020-07-14 17:00:00,213,86,127
2020-07-14 18:00:00,239,94,145
2020-07-14 19:00:00,175,83,92
2020-07-14 20:00:00,146,83,63
2020-07-14 21:00:00,60,45,15
2020-07-14 22:00:00,21,12,9
2020-07-14 23:00:00,1,0,1
2020-07-15 00:00:00,1,0,1
2020-07-15 01:00:00,1,0,1
2020-07-15 02:00:00,0,0,0
2020-07-15 03:00:00,0,0,0
2020-07-15 04:00:00,4,0,4
2020-07-15 05:00:00,16,7,9
2020-07-15 06:00:00,55,31,24
2020-07-15 07:00:00,86,47,39
2020-07-15 08:00:00,72,41,31
2020-07-15 09:00:00,43,24,19
2020-07-15 10:00:00,69,32,37
2020-07-15 11:00:00,104,46,58
2020-07-15 12:00:00,76,42,34
2020-07-15 13:00:00,76,36,40
2020-07-15 14:00:00,141,76,65
2020-07-15 15:00:00,112,50,62
2020-07-15 16:00:00,161,77,84
2020-07-15 17:00:00,200,80,120
2020-07-15 18:00:00,192,87,105
2020-07-15 19:00:00,193,75,118
2020-07-15 20:00:00,152,82,70
2020-07-15 21:00:00,69,47,22
2020-07-15 22:00:00,29,16,13
2020-07-15 23:00:00,8,1,7
2020-07-16 00:00:00,4,3,1
2020-07-16 01:00:00,6,4,2
2020-07-16 02:00:00,3,1,2
2020-07-16 03:00:00,3,3,0
2020-07-16 04:00:00,5,2,3
2020-07-16 05:00:00,17,8,9
2020-07-16 06:00:00,40,29,11
2020-07-16 07:00:00,72,38,34
2020-07-16 08:00:00,51,26,25
2020-07-16 09:00:00,59,29,30
2020-07-16 10:00:00,53,32,21
2020-07-16 11:00:00,79,42,37
2020-07-16 12:00:00,75,39,36
2020-07-16 13:00:00,71,36,35
2020-07-16 14:00:00,82,46,36
2020-07-16 15:00:00,106,49,57
2020-07-16 16:00:00,157,71,86
2020-07-16 17:00:00,146,64,82
2020-07-16 18:00:00,151,64,87
2020-07-16 19:00:00,128,67,61
2020-07-16 20:00:00,80,41,39
2020-07-16 21:00:00,24,14,10
2020-07-16 22:00:00,20,15,5
2020-07-16 23:00:00,1,1,0
2020-07-17 00:00:00,0,0,0
2020-07-17 01:00:00,2,2,0
2020-07-17 02:00:00,0,0,0
2020-07-17 03:00:00,0,0,0
2020-07-17 04:00:00,3,1,2
2020-07-17 05:00:00,2,1,1
2020-07-17 06:00:00,20,9,11
2020-07-17 07:00:00,35,18,17
2020-07-17 08:00:00,30,23,7
2020-07-17 09:00:00,28,17,11
2020-07-17 10:00:00,29,14,15
2020-07-17 11:00:00,39,21,18
2020-07-17 12:00:00,49,22,27
2020-07-17 13:00:00,54,26,28
2020-07-17 14:00:00,75,38,37
2020-07-17 15:00:00,67,30,37
2020-07-17 16:00:00,78,38,40
2020-07-17 17:00:00,113,53,60
2020-07-17 18:00:00,87,38,49
2020-07-17 19:00:00,93,52,41
2020-07-17 20:00:00,67,27,40
2020-07-17 21:00:00,35,21,14
2020-07-17 22:00:00,15,6,9
2020-07-17 23:00:00,3,2,1
2020-07-18 00:00:00,3,1,2
2020-07-18 01:00:00,1,0,1
2020-07-18 02:00:00,2,2,0
2020-07-18 03:00:00,0,0,0
2020-07-18 04:00:00,1,1,0
2020-07-18 05:00:00,2,1,1
2020-07-18 06:00:00,20,8,12
2020-07-18 07:00:00,37,13,24
2020-07-18 08:00:00,42,27,15
2020-07-18 09:00:00,98,59,39
2020-07-18 10:00:00,135,72,63
2020-07-18 11:00:00,198,93,105
2020-07-18 12:00:00,158,90,68
2020-07-18 13:00:00,165,62,103
2020-07-18 14:00:00,245,128,117
2020-07-18 15:00:00,190,95,95
2020-07-18 16:00:00,196,87,109
2020-07-18 17:00:00,141,66,75
2020-07-18 18:00:00,139,62,77
2020-07-18 19:00:00,104,57,47
2020-07-18 20:00:00,143,81,62
2020-07-18 21:00:00,69,30,39
2020-07-18 22:00:00,20,12,8
2020-07-18 23:00:00,5,2,3
2020-07-19 00:00:00,2,1,1
2020-07-19 01:00:00,2,2,0
2020-07-19 02:00:00,8,5,3
2020-07-19 03:00:00,3,1,2
2020-07-19 04:00:00,1,0,1
2020-07-19 05:00:00,0,0,0
2020-07-19 06:00:00,15,3,12
2020-07-19 07:00:00,28,13,15
2020-07-19 08:00:00,51,22,29
2020-07-19 09:00:00,111,46,65
2020-07-19 10:00:00,177,89,88
2020-07-19 11:00:00,199,97,102
2020-07-19 12:00:00,181,85,96
2020-07-19 13:00:00,187,77,110
2020-07-19 14:00:00,186,114,72
2020-07-19 15:00:00,211,97,114
2020-07-19 16:00:00,147,61,86
2020-07-19 17:00:00,166,85,81
2020-07-19 18:00:00,128,60,68
2020-07-19 19:00:00,155,82,73
2020-07-19 20:00:00,90,39,51
2020-07-19 21:00:00,46,35,11
2020-07-19 22:00:00,6,4,2
2020-07-19 23:00:00,6,4,2
2020-07-20 00:00:00,0,0,0
2020-07-20 01:00:00,3,1,2
2020-07-20 02:00:00,0,0,0
2020-07-20 03:00:00,1,0,1
2020-07-20 04:00:00,3,1,2
2020-07-20 05:00:00,12,5,7
2020-07-20 06:00:00,47,29,18
2020-07-20 07:00:00,70,39,31
2020-07-20 08:00:00,56,38,18
2020-07-20 09:00:00,73,31,42
2020-07-20 10:00:00,76,36,40
2020-07-20 11:00:00,96,48,48
2020-07-20 12:00:00,86,32,54
2020-07-20 13:00:00,81,45,36
2020-07-20 14:00:00,86,44,42
2020-07-20 15:00:00,85,39,46
2020-07-20 16:00:00,127,42,85
2020-07-20 17:00:00,155,62,93
2020-07-20 18:00:00,166,73,93
2020-07-20 19:00:00,168,74,94
2020-07-20 20:00:00,144,74,70
2020-07-20 21:00:00,54,42,12
2020-07-20 22:00:00,28,16,12
2020-07-20 23:00:00,1,1,0
2020-07-21 00:00:00,2,0,2
2020-07-21 01:00:00,3,2,1
2020-07-21 02:00:00,0,0,0
2020-07-21 03:00:00,1,0,1
2020-07-21 04:00:00,1,0,1
2020-07-21 05:00:00,12,5,7
2020-07-21 06:00:00,52,28,24
2020-07-21 07:00:00,83,49,34
2020-07-21 08:00:00,72,38,34
2020-07-21 09:00:00,57,27,30
2020-07-21 10:00:00,58,33,25
2020-07-21 11:00:00,75,34,41
2020-07-21 12:00:00,75,37,38
2020-07-21 13:00:00,75,36,39
2020-07-21 14:00:00,82,57,25
2020-07-21 15:00:00,93,37,56
2020-07-21 16:00:00,137,53,84
2020-07-21 17:00:00,169,74,95
2020-07-21 18:00:00,179,82,97
2020-07-21 19:00:00,128,71,57
2020-07-21 20:00:00,130,64,66
2020-07-21 21:00:00,60,34,26
2020-07-21 22:00:00,18,9,9
2020-07-21 23:00:00,8,6,2
2020-07-22 00:00:00,2,2,0
2020-07-22 01:00:00,3,1,2
2020-07-22 02:00:00,3,2,1
2020-07-22 03:00:00,3,2,1
2020-07-22 04:00:00,2,1,1
2020-07-22 05:00:00,16,6,10
2020-07-22 06:00:00,38,19,19
2020-07-22 07:00:00,75,44,31
2020-07-22 08:00:00,62,40,22
2020-07-22 09:00:00,44,23,21
2020-07-22 10:00:00,65,35,30
2020-07-22 11:00:00,41,17,24
2020-07-22 12:00:00,52,19,33
2020-07-22 13:00:00,55,31,24
2020-07-22 14:00:00,85,47,38
2020-07-22 15:00:00,79,47,32
2020-07-22 16:00:00,152,71,81
2020-07-22 17:00:00,168,61,107
2020-07-22 18:00:00,149,80,69
2020-07-22 19:00:00,115,56,59
2020-07-22 20:00:00,124,58,66
2020-07-22 21:00:00,39,29,10
2020-07-22 22:00:00,12,2,10
2020-07-22 23:00:00,1,0,1
2020-07-23 00:00:00,3,3,0
2020-07-23 01:00:00,3,1,2
2020-07-23 02:00:00,0,0,0
2020-07-23 03:00:00,1,1,0
2020-07-23 04:00:00,2,0,2
2020-07-23 05:00:00,9,4,5
2020-07-23 06:00:00,40,20,20
2020-07-23 07:00:00,64,29,35
2020-07-23 08:00:00,54,33,21
2020-07-23 09:00:00,76,29,47
2020-07-23 10:00:00,75,40,35
2020-07-23 11:00:00,64,41,23
2020-07-23 12:00:00,71,40,31
2020-07-23 13:00:00,95,49,46
2020-07-23 14:00:00,87,52,35
2020-07-23 15:00:00,127,56,71
2020-07-23 16:00:00,126,58,68
2020-07-23 17:00:00,137,61,76
2020-07-23 18:00:00,133,65,68
2020-07-23 19:00:00,119,56,63
2020-07-23 20:00:00,92,50,42
2020-07-23 21:00:00,30,21,9
2020-07-23 22:00:00,9,5,4
2020-07-23 23:00:00,7,6,1
2020-07-24 00:00:00,4,0,4
2020-07-24 01:00:00,0,0,0
2020-07-24 02:00:00,1,0,1
2020-07-24 03:00:00,0,0,0
2020-07-24 04:00:00,3,0,3
2020-07-24 05:00:00,6,3,3
2020-07-24 06:00:00,25,11,14
2020-07-24 07:00:00,48,26,22
2020-07-24 08:00:00,46,25,21
2020-07-24 09:00:00,55,25,30
2020-07-24 10:00:00,51,25,26
2020-07-24 11:00:00,64,46,18
2020-07-24 12:00:00,83,46,37
2020-07-24 13:00:00,90,52,38
2020-07-24 14:00:00,101,42,59
2020-07-24 15:00:00,89,45,44
2020-07-24 16:00:00,113,60,53
2020-07-24 17:00:00,130,57,73
2020-07-24 18:00:00,129,60,69
2020-07-24 19:00:00,97,46,51
2020-07-24 20:00:00,76,40,36
2020-07-24 21:00:00,25,17,8
2020-07-24 22:00:00,29,17,12
2020-07-24 23:00:00,8,0,8
2020-07-25 00:00:00,4,1,3
2020-07-25 01:00:00,1,0,1
2020-07-25 02:00:00,1,0,1
2020-07-25 03:00:00,1,0,1
2020-07-25 04:00:00,1,0,1
2020-07-25 05:00:00,2,0,2
2020-07-25 06:00:00,9,2,7
2020-07-25 07:00:00,32,16,16
2020-07-25 08:00:00,63,33,30
2020-07-25 09:00:00,110,57,53
2020-07-25 10:00:00,105,55,50
2020-07-25 11:00:00,164,78,86
2020-07-25 12:00:00,174,82,92
2020-07-25 13:00:00,170,75,95
2020-07-25 14:00:00,197,86,111
2020-07-25 15:00:00,218,96,122
2020-07-25 16:00:00,169,74,95
2020-07-25 17:00:00,190,94,96
2020-07-25 18:00:00,149,95,54
2020-07-25 19:00:00,91,43,48
2020-07-25 20:00:00,90,46,44
2020-07-25 21:00:00,47,25,22
2020-07-25 22:00:00,9,5,4
2020-07-25 23:00:00,5,4,1
2020-07-26 00:00:00,10,2,8
2020-07-26 01:00:00,0,0,0
2020-07-26 02:00:00,2,2,0
2020-07-26 03:00:00,2,2,0
2020-07-26 04:00:00,2,0,2
2020-07-26 05:00:00,2,1,1
2020-07-26 06:00:00,7,6,1
2020-07-26 07:00:00,29,14,15
2020-07-26 08:00:00,62,35,27
2020-07-26 09:00:00,90,37,53
2020-07-26 10:00:00,151,86,65
2020-07-26 11:00:00,154,75,79
2020-07-26 12:00:00,205,92,113
2020-07-26 13:00:00,186,94,92
2020-07-26 14:00:00,188,72,116
2020-07-26 15:00:00,144,62,82
2020-07-26 16:00:00,150,68,82
2020-07-26 17:00:00,155,86,69
2020-07-26 18:00:00,139,71,68
2020-07-26 19:00:00,117,58,59
2020-07-26 20:00:00,91,50,41
2020-07-26 21:00:00,52,36,16
2020-07-26 22:00:00,3,1,2
2020-07-26 23:00:00,1,0,1
2020-07-27 00:00:00,5,5,0
2020-07-27 01:00:00,2,0,2
2020-07-27 02:00:00,1,0,1
2020-07-27 03:00:00,1,0,1
2020-07-27 04:00:00,2,1,1
2020-07-27 05:00:00,15,5,10
2020-07-27 06:00:00,28,10,18
2020-07-27 07:00:00,76,37,39
2020-07-27 08:00:00,64,38,26
2020-07-27 09:00:00,56,25,31
2020-07-27 10:00:00,68,42,26
2020-07-27 11:00:00,56,32,24
2020-07-27 12:00:00,63,34,29
2020-07-27 13:00:00,63,24,39
2020-07-27 14:00:00,75,38,37
2020-07-27 15:00:00,62,33,29
2020-07-27 16:00:00,136,62,74
2020-07-27 17:00:00,148,59,89
2020-07-27 18:00:00,156,76,80
2020-07-27 19:00:00,145,69,76
2020-07-27 20:00:00,96,56,40
2020-07-27 21:00:00,48,29,19
2020-07-27 22:00:00,10,8,2
2020-07-27 23:00:00,1,1,0
2020-07-28 00:00:00,4,2,2
2020-07-28 01:00:00,2,2,0
2020-07-28 02:00:00,0,0,0
2020-07-28 03:00:00,0,0,0
2020-07-28 04:00:00,1,0,1
2020-07-28 05:00:00,7,1,6
2020-07-28 06:00:00,35,18,17
2020-07-28 07:00:00,70,35,35
2020-07-28 08:00:00,49,28,21
2020-07-28 09:00:00,45,16,29
2020-07-28 10:00:00,48,26,22
2020-07-28 11:00:00,81,39,42
2020-07-28 12:00:00,79,39,40
2020-07-28 13:00:00,85,39,46
2020-07-28 14:00:00,115,63,52
2020-07-28 15:00:00,79,47,32
2020-07-28 16:00:00,161,83,78
2020-07-28 17:00:00,142,54,88
2020-07-28 18:00:00,143,64,79
2020-07-28 19:00:00,158,66,92
2020-07-28 20:00:00,128,72,56
2020-07-28 21:00:00,55,33,22
2020-07-28 22:00:00,10,8,2
2020-07-28 23:00:00,3,2,1
2020-07-29 00:00:00,1,1,0
2020-07-29 01:00:00,2,2,0
2020-07-29 02:00:00,1,1,0
2020-07-29 03:00:00,0,0,0
2020-07-29 04:00:00,1,0,1
2020-07-29 05:00:00,21,7,14
2020-07-29 06:00:00,43,16,27
2020-07-29 07:00:00,64,29,35
2020-07-29 08:00:00,68,40,28
2020-07-29 09:00:00,81,45,36
2020-07-29 10:00:00,70,40,30
2020-07-29 11:00:00,79,31,48
2020-07-29 12:00:00,82,46,36
2020-07-29 13:00:00,80,44,36
2020-07-29 14:00:00,82,45,37
2020-07-29 15:00:00,105,45,60
2020-07-29 16:00:00,132,55,77
2020-07-29 17:00:00,184,84,100
2020-07-29 18:00:00,175,86,89
2020-07-29 19:00:00,170,77,93
2020-07-29 20:00:00,137,68,69
2020-07-29 21:00:00,59,42,17
2020-07-29 22:00:00,11,3,8
2020-07-29 23:00:00,5,1,4
2020-07-30 00:00:00,4,0,4
2020-07-30 01:00:00,7,1,6
2020-07-30 02:00:00,2,1,1
2020-07-30 03:00:00,0,0,0
2020-07-30 04:00:00,2,0,2
2020-07-30 05:00:00,13,4,9
2020-07-30 06:00:00,49,21,28
2020-07-30 07:00:00,83,49,34
2020-07-30 08:00:00,67,31,36
2020-07-30 09:00:00,57,31,26
2020-07-30 10:00:00,64,33,31
2020-07-30 11:00:00,93,43,50
2020-07-30 12:00:00,62,35,27
2020-07-30 13:00:00,73,33,40
2020-07-30 14:00:00,87,49,38
2020-07-30 15:00:00,89,40,49
2020-07-30 16:00:00,140,59,81
2020-07-30 17:00:00,163,61,102
2020-07-30 18:00:00,150,69,81
2020-07-30 19:00:00,123,64,59
2020-07-30 20:00:00,127,68,59
2020-07-30 21:00:00,47,35,12
2020-07-30 22:00:00,6,5,1
2020-07-30 23:00:00,3,0,3
2020-07-31 00:00:00,3,1,2
2020-07-31 01:00:00,2,2,0
2020-07-31 02:00:00,1,1,0
2020-07-31 03:00:00,0,0,0
2020-07-31 04:00:00,2,0,2
2020-07-31 05:00:00,7,2,5
2020-07-31 06:00:00,41,13,28
2020-07-31 07:00:00,62,37,25
2020-07-31 08:00:00,46,23,23
2020-07-31 09:00:00,70,38,32
2020-07-31 10:00:00,73,40,33
2020-07-31 11:00:00,104,51,53
2020-07-31 12:00:00,101,52,49
2020-07-31 13:00:00,91,45,46
2020-07-31 14:00:00,88,47,41
2020-07-31 15:00:00,90,44,46
2020-07-31 16:00:00,135,51,84
2020-07-31 17:00:00,114,50,64
2020-07-31 18:00:00,129,55,74
2020-07-31 19:00:00,120,67,53
2020-07-31 20:00:00,119,56,63
2020-07-31 21:00:00,44,36,8
2020-07-31 22:00:00,4,2,2
2020-07-31 23:00:00,0,0,0
2020-08-01 00:00:00,6,2,4
2020-08-01 01:00:00,2,0,2
2020-08-01 02:00:00,2,1,1
2020-08-01 03:00:00,1,0,1
2020-08-01 04:00:00,2,1,1
2020-08-01 05:00:00,1,1,0
2020-08-01 06:00:00,9,4,5
2020-08-01 07:00:00,27,11,16
2020-08-01 08:00:00,58,35,23
2020-08-01 09:00:00,83,43,40
2020-08-01 10:00:00,112,53,59
2020-08-01 11:00:00,151,77,74
2020-08-01 12:00:00,146,70,76
2020-08-01 13:00:00,124,46,78
2020-08-01 14:00:00,163,80,83
2020-08-01 15:00:00,164,86,78
2020-08-01 16:00:00,140,58,82
2020-08-01 17:00:00,159,66,93
2020-08-01 18:00:00,111,49,62
2020-08-01 19:00:00,130,70,60
2020-08-01 20:00:00,98,52,46
2020-08-01 21:00:00,60,31,29
2020-08-01 22:00:00,10,7,3
2020-08-01 23:00:00,9,2,7
2020-08-02 00:00:00,2,2,0
2020-08-02 01:00:00,2,1,1
2020-08-02 02:00:00,1,0,1
2020-08-02 03:00:00,0,0,0
2020-08-02 04:00:00,0,0,0
2020-08-02 05:00:00,5,3,2
2020-08-02 06:00:00,9,5,4
2020-08-02 07:00:00,42,17,25
2020-08-02 08:00:00,64,34,30
2020-08-02 09:00:00,88,37,51
2020-08-02 10:00:00,145,64,81
2020-08-02 11:00:00,211,119,92
2020-08-02 12:00:00,154,69,85
2020-08-02 13:00:00,208,98,110
2020-08-02 14:00:00,168,72,96
2020-08-02 15:00:00,170,68,102
2020-08-02 16:00:00,163,79,84
2020-08-02 17:00:00,141,65,76
2020-08-02 18:00:00,163,69,94
2020-08-02 19:00:00,96,52,44
2020-08-02 20:00:00,79,40,39
2020-08-02 21:00:00,26,16,10
2020-08-02 22:00:00,11,6,5
2020-08-02 23:00:00,3,2,1
2020-08-03 00:00:00,1,1,0
2020-08-03 01:00:00,3,1,2
2020-08-03 02:00:00,1,0,1
2020-08-03 03:00:00,0,0,0
2020-08-03 04:00:00,0,0,0
2020-08-03 05:00:00,9,4,5
2020-08-03 06:00:00,37,10,27
2020-08-03 07:00:00,62,34,28
2020-08-03 08:00:00,55,34,21
2020-08-03 09:00:00,55,23,32
2020-08-03 10:00:00,36,24,12
2020-08-03 11:00:00,51,24,27
2020-08-03 12:00:00,59,29,30
2020-08-03 13:00:00,81,36,45
2020-08-03 14:00:00,105,53,52
2020-08-03 15:00:00,81,38,43
2020-08-03 16:00:00,129,61,68
2020-08-03 17:00:00,157,64,93
2020-08-03 18:00:00,151,69,82
2020-08-03 19:00:00,167,79,88
2020-08-03 20:00:00,105,61,44
2020-08-03 21:00:00,42,22,20
2020-08-03 22:00:00,9,7,2
2020-08-03 23:00:00,2,1,1
2020-08-04 00:00:00,3,0,3
2020-08-04 01:00:00,4,2,2
2020-08-04 02:00:00,0,0,0
2020-08-04 03:00:00,1,0,1
2020-08-04 04:00:00,1,0,1
2020-08-04 05:00:00,9,3,6
2020-08-04 06:00:00,49,21,28
2020-08-04 07:00:00,88,57,31
2020-08-04 08:00:00,67,42,25
2020-08-04 09:00:00,66,35,31
2020-08-04 10:00:00,49,28,21
2020-08-04 11:00:00,77,40,37
2020-08-04 12:00:00,79,41,38
2020-08-04 13:00:00,73,36,37
2020-08-04 14:00:00,92,42,50
2020-08-04 15:00:00,107,59,48
2020-08-04 16:00:00,126,56,70
2020-08-04 17:00:00,167,69,98
2020-08-04 18:00:00,195,80,115
2020-08-04 19:00:00,170,77,93
2020-08-04 20:00:00,161,89,72
2020-08-04 21:00:00,50,31,19
2020-08-04 22:00:00,11,7,4
2020-08-04 23:00:00,1,0,1
2020-08-05 00:00:00,6,3,3
2020-08-05 01:00:00,2,0,2
2020-08-05 02:00:00,0,0,0
2020-08-05 03:00:00,0,0,0
2020-08-05 04:00:00,0,0,0
2020-08-05 05:00:00,7,2,5
2020-08-05 06:00:00,44,19,25
2020-08-05 07:00:00,68,39,29
2020-08-05 08:00:00,61,29,32
2020-08-05 09:00:00,51,27,24
2020-08-05 10:00:00,52,30,22
2020-08-05 11:00:00,85,39,46
2020-08-05 12:00:00,70,32,38
2020-08-05 13:00:00,78,41,37
2020-08-05 14:00:00,100,43,57
2020-08-05 15:00:00,97,57,40
2020-08-05 16:00:00,125,58,67
2020-08-05 17:00:00,181,68,113
2020-08-05 18:00:00,183,94,89
2020-08-05 19:00:00,153,75,78
2020-08-05 20:00:00,113,55,58
2020-08-05 21:00:00,43,22,21
2020-08-05 22:00:00,14,6,8
2020-08-05 23:00:00,7,3,4
2020-08-06 00:00:00,2,0,2
2020-08-06 01:00:00,5,1,4
2020-08-06 02:00:00,1,1,0
2020-08-06 03:00:00,0,0,0
2020-08-06 04:00:00,1,0,1
2020-08-06 05:00:00,2,0,2
2020-08-06 06:00:00,34,17,17
2020-08-06 07:00:00,43,22,21
2020-08-06 08:00:00,25,13,12
2020-08-06 09:00:00,15,8,7
2020-08-06 10:00:00,11,3,8
2020-08-06 11:00:00,13,4,9
2020-08-06 12:00:00,14,4,10
2020-08-06 13:00:00,19,8,11
2020-08-06 14:00:00,45,26,19
2020-08-06 15:00:00,47,19,28
2020-08-06 16:00:00,53,20,33
2020-08-06 17:00:00,57,22,35
2020-08-06 18:00:00,63,25,38
2020-08-06 19:00:00,42,20,22
2020-08-06 20:00:00,63,25,38
2020-08-06 21:00:00,22,13,9
2020-08-06 22:00:00,10,4,6
2020-08-06 23:00:00,1,0,1
2020-08-07 00:00:00,5,2,3
2020-08-07 01:00:00,0,0,0
2020-08-07 02:00:00,0,0,0
2020-08-07 03:00:00,1,1,0
2020-08-07 04:00:00,1,0,1
2020-08-07 05:00:00,11,4,7
2020-08-07 06:00:00,41,23,18
2020-08-07 07:00:00,51,25,26
2020-08-07 08:00:00,45,28,17
2020-08-07 09:00:00,63,33,30
2020-08-07 10:00:00,73,41,32
2020-08-07 11:00:00,67,35,32
2020-08-07 12:00:00,86,42,44
2020-08-07 13:00:00,94,42,52
2020-08-07 14:00:00,116,68,48
2020-08-07 15:00:00,126,60,66
2020-08-07 16:00:00,145,66,79
2020-08-07 17:00:00,141,60,81
2020-08-07 18:00:00,142,83,59
2020-08-07 19:00:00,92,49,43
2020-08-07 20:00:00,38,22,16
2020-08-07 21:00:00,5,3,2
2020-08-07 22:00:00,6,2,4
2020-08-07 23:00:00,5,2,3
2020-08-08 00:00:00,2,1,1
2020-08-08 01:00:00,0,0,0
2020-08-08 02:00:00,1,1,0
2020-08-08 03:00:00,2,1,1
2020-08-08 04:00:00,1,0,1
2020-08-08 05:00:00,2,1,1
2020-08-08 06:00:00,5,2,3
2020-08-08 07:00:00,31,20,11
2020-08-08 08:00:00,26,19,7
2020-08-08 09:00:00,67,33,34
2020-08-08 10:00:00,51,23,28
2020-08-08 11:00:00,74,32,42
2020-08-08 12:00:00,88,40,48
2020-08-08 13:00:00,102,57,45
2020-08-08 14:00:00,96,49,47
2020-08-08 15:00:00,152,65,87
2020-08-08 16:00:00,120,64,56
2020-08-08 17:00:00,111,54,57
2020-08-08 18:00:00,107,57,50
2020-08-08 19:00:00,87,48,39
2020-08-08 20:00:00,59,32,27
2020-08-08 21:00:00,24,18,6
2020-08-08 22:00:00,11,3,8
2020-08-08 23:00:00,16,2,14
2020-08-09 00:00:00,2,0,2
2020-08-09 01:00:00,2,1,1
2020-08-09 02:00:00,0,0,0
2020-08-09 03:00:00,0,0,0
2020-08-09 04:00:00,4,0,4
2020-08-09 05:00:00,8,6,2
2020-08-09 06:00:00,3,1,2
2020-08-09 07:00:00,33,17,16
2020-08-09 08:00:00,50,31,19
2020-08-09 09:00:00,94,38,56
2020-08-09 10:00:00,177,92,85
2020-08-09 11:00:00,208,110,98
2020-08-09 12:00:00,213,103,110
2020-08-09 13:00:00,227,90,137
2020-08-09 14:00:00,248,118,130
2020-08-09 15:00:00,226,109,117
2020-08-09 16:00:00,215,102,113
2020-08-09 17:00:00,157,70,87
2020-08-09 18:00:00,134,69,65
2020-08-09 19:00:00,132,66,66
2020-08-09 20:00:00,86,44,42
2020-08-09 21:00:00,36,16,20
2020-08-09 22:00:00,1,0,1
2020-08-09 23:00:00,1,0,1
2020-08-10 00:00:00,1,0,1
2020-08-10 01:00:00,1,0,1
2020-08-10 02:00:00,1,0,1
2020-08-10 03:00:00,0,0,0
2020-08-10 04:00:00,0,0,0
2020-08-10 05:00:00,8,4,4
2020-08-10 06:00:00,29,14,15
2020-08-10 07:00:00,55,25,30
2020-08-10 08:00:00,66,40,26
2020-08-10 09:00:00,57,25,32
2020-08-10 10:00:00,67,35,32
2020-08-10 11:00:00,56,20,36
2020-08-10 12:00:00,55,22,33
2020-08-10 13:00:00,68,34,34
2020-08-10 14:00:00,85,46,39
2020-08-10 15:00:00,106,55,51
2020-08-10 16:00:00,111,55,56
2020-08-10 17:00:00,147,68,79
2020-08-10 18:00:00,144,57,87
2020-08-10 19:00:00,133,57,76
2020-08-10 20:00:00,108,70,38
2020-08-10 21:00:00,34,24,10
2020-08-10 22:00:00,8,5,3
2020-08-10 23:00:00,2,1,1
2020-08-11 00:00:00,3,2,1
2020-08-11 01:00:00,0,0,0
2020-08-11 02:00:00,2,0,2
2020-08-11 03:00:00,2,0,2
2020-08-11 04:00:00,1,1,0
2020-08-11 05:00:00,6,3,3
2020-08-11 06:00:00,46,20,26
2020-08-11 07:00:00,81,41,40
2020-08-11 08:00:00,62,38,24
2020-08-11 09:00:00,52,29,23
2020-08-11 10:00:00,81,31,50
2020-08-11 11:00:00,72,40,32
2020-08-11 12:00:00,88,32,56
2020-08-11 13:00:00,72,40,32
2020-08-11 14:00:00,96,56,40
2020-08-11 15:00:00,133,64,69
2020-08-11 16:00:00,179,72,107
2020-08-11 17:00:00,173,69,104
2020-08-11 18:00:00,187,99,88
2020-08-11 19:00:00,149,79,70
2020-08-11 20:00:00,72,44,28
2020-08-11 21:00:00,18,10,8
2020-08-11 22:00:00,12,4,8
2020-08-11 23:00:00,4,4,0
2020-08-12 00:00:00,1,0,1
2020-08-12 01:00:00,4,3,1
2020-08-12 02:00:00,0,0,0
2020-08-12 03:00:00,0,0,0
2020-08-12 04:00:00,1,1,0
2020-08-12 05:00:00,10,3,7
2020-08-12 06:00:00,42,22,20
2020-08-12 07:00:00,68,37,31
2020-08-12 08:00:00,62,44,18
2020-08-12 09:00:00,64,25,39
2020-08-12 10:00:00,54,30,24
2020-08-12 11:00:00,52,30,22
2020-08-12 12:00:00,66,32,34
2020-08-12 13:00:00,86,43,43
2020-08-12 14:00:00,95,44,51
2020-08-12 15:00:00,123,63,60
2020-08-12 16:00:00,154,69,85
2020-08-12 17:00:00,156,77,79
2020-08-12 18:00:00,161,71,90
2020-08-12 19:00:00,127,60,67
2020-08-12 20:00:00,111,61,50
2020-08-12 21:00:00,13,7,6
2020-08-12 22:00:00,7,2,5
2020-08-12 23:00:00,3,1,2
2020-08-13 00:00:00,3,1,2
2020-08-13 01:00:00,2,1,1
2020-08-13 02:00:00,2,2,0
2020-08-13 03:00:00,0,0,0
2020-08-13 04:00:00,0,0,0
2020-08-13 05:00:00,6,3,3
2020-08-13 06:00:00,52,27,25
2020-08-13 07:00:00,59,30,29
2020-08-13 08:00:00,54,29,25
2020-08-13 09:00:00,69,42,27
2020-08-13 10:00:00,54,27,27
2020-08-13 11:00:00,79,32,47
2020-08-13 12:00:00,84,42,42
2020-08-13 13:00:00,77,36,41
2020-08-13 14:00:00,96,52,44
2020-08-13 15:00:00,103,52,51
2020-08-13 16:00:00,151,69,82
2020-08-13 17:00:00,150,66,84
2020-08-13 18:00:00,181,76,105
2020-08-13 19:00:00,142,65,77
2020-08-13 20:00:00,119,71,48
2020-08-13 21:00:00,28,19,9
2020-08-13 22:00:00,6,3,3
2020-08-13 23:00:00,5,4,1
2020-08-14 00:00:00,0,0,0
2020-08-14 01:00:00,0,0,0
2020-08-14 02:00:00,0,0,0
2020-08-14 03:00:00,0,0,0
2020-08-14 04:00:00,1,0,1
2020-08-14 05:00:00,8,6,2
2020-08-14 06:00:00,43,20,23
2020-08-14 07:00:00,51,26,25
2020-08-14 08:00:00,53,31,22
2020-08-14 09:00:00,68,24,44
2020-08-14 10:00:00,57,34,23
2020-08-14 11:00:00,98,49,49
2020-08-14 12:00:00,85,43,42
2020-08-14 13:00:00,98,47,51
2020-08-14 14:00:00,107,67,40
2020-08-14 15:00:00,120,53,67
2020-08-14 16:00:00,145,69,76
2020-08-14 17:00:00,172,68,104
2020-08-14 18:00:00,157,76,81
2020-08-14 19:00:00,126,66,60
2020-08-14 20:00:00,115,64,51
2020-08-14 21:00:00,31,19,12
2020-08-14 22:00:00,13,9,4
2020-08-14 23:00:00,10,1,9
2020-08-15 00:00:00,5,2,3
2020-08-15 01:00:00,1,0,1
2020-08-15 02:00:00,0,0,0
2020-08-15 03:00:00,0,0,0
2020-08-15 04:00:00,1,0,1
2020-08-15 05:00:00,1,1,0
2020-08-15 06:00:00,16,8,8
2020-08-15 07:00:00,45,22,23
2020-08-15 08:00:00,83,39,44
2020-08-15 09:00:00,101,57,44
2020-08-15 10:00:00,134,69,65
2020-08-15 11:00:00,192,110,82
2020-08-15 12:00:00,178,89,89
2020-08-15 13:00:00,151,73,78
2020-08-15 14:00:00,154,69,85
2020-08-15 15:00:00,125,61,64
2020-08-15 16:00:00,160,75,85
2020-08-15 17:00:00,147,66,81
2020-08-15 18:00:00,107,55,52
2020-08-15 19:00:00,95,51,44
2020-08-15 20:00:00,93,41,52
2020-08-15 21:00:00,32,21,11
2020-08-15 22:00:00,13,4,9
2020-08-15 23:00:00,5,3,2
2020-08-16 00:00:00,5,5,0
2020-08-16 01:00:00,2,2,0
2020-08-16 02:00:00,1,0,1
2020-08-16 03:00:00,0,0,0
2020-08-16 04:00:00,0,0,0
2020-08-16 05:00:00,1,1,0
2020-08-16 06:00:00,15,8,7
2020-08-16 07:00:00,35,15,20
2020-08-16 08:00:00,86,43,43
2020-08-16 09:00:00,147,63,84
2020-08-16 10:00:00,178,95,83
2020-08-16 11:00:00,173,82,91
2020-08-16 12:00:00,156,68,88
2020-08-16 13:00:00,119,62,57
2020-08-16 14:00:00,111,49,62
2020-08-16 15:00:00,94,42,52
2020-08-16 16:00:00,58,29,29
2020-08-16 17:00:00,82,38,44
2020-08-16 18:00:00,88,41,47
2020-08-16 19:00:00,71,37,34
2020-08-16 20:00:00,55,26,29
2020-08-16 21:00:00,13,7,6
2020-08-16 22:00:00,6,4,2
2020-08-16 23:00:00,0,0,0
2020-08-17 00:00:00,1,0,1
2020-08-17 01:00:00,3,2,1
2020-08-17 02:00:00,1,1,0
2020-08-17 03:00:00,1,0,1
2020-08-17 04:00:00,0,0,0
2020-08-17 05:00:00,5,1,4
2020-08-17 06:00:00,34,12,22
2020-08-17 07:00:00,58,27,31
2020-08-17 08:00:00,54,36,18
2020-08-17 09:00:00,46,22,24
2020-08-17 10:00:00,53,26,27
2020-08-17 11:00:00,63,33,30
2020-08-17 12:00:00,60,30,30
2020-08-17 13:00:00,81,42,39
2020-08-17 14:00:00,86,38,48
2020-08-17 15:00:00,66,29,37
2020-08-17 16:00:00,93,37,56
2020-08-17 17:00:00,151,59,92
2020-08-17 18:00:00,152,62,90
2020-08-17 19:00:00,134,61,73
2020-08-17 20:00:00,124,69,55
2020-08-17 21:00:00,27,19,8
2020-08-17 22:00:00,8,3,5
2020-08-17 23:00:00,8,5,3
2020-08-18 00:00:00,2,0,2
2020-08-18 01:00:00,2,0,2
2020-08-18 02:00:00,0,0,0
2020-08-18 03:00:00,0,0,0
2020-08-18 04:00:00,0,0,0
2020-08-18 05:00:00,9,2,7
2020-08-18 06:00:00,44,14,30
2020-08-18 07:00:00,61,30,31
2020-08-18 08:00:00,52,22,30
2020-08-18 09:00:00,52,25,27
2020-08-18 10:00:00,62,28,34
2020-08-18 11:00:00,77,43,34
2020-08-18 12:00:00,64,29,35
2020-08-18 13:00:00,86,39,47
2020-08-18 14:00:00,69,39,30
2020-08-18 15:00:00,115,58,57
2020-08-18 16:00:00,111,53,58
2020-08-18 17:00:00,138,71,67
2020-08-18 18:00:00,169,73,96
2020-08-18 19:00:00,131,63,68
2020-08-18 20:00:00,112,61,51
2020-08-18 21:00:00,20,12,8
2020-08-18 22:00:00,7,5,2
2020-08-18 23:00:00,5,4,1
2020-08-19 00:00:00,2,1,1
2020-08-19 01:00:00,1,1,0
2020-08-19 02:00:00,2,1,1
2020-08-19 03:00:00,1,0,1
2020-08-19 04:00:00,0,0,0
2020-08-19 05:00:00,8,2,6
2020-08-19 06:00:00,38,16,22
2020-08-19 07:00:00,69,29,40
2020-08-19 08:00:00,51,31,20
2020-08-19 09:00:00,81,43,38
2020-08-19 10:00:00,54,28,26
2020-08-19 11:00:00,82,34,48
2020-08-19 12:00:00,86,39,47
2020-08-19 13:00:00,95,53,42
2020-08-19 14:00:00,87,49,38
2020-08-19 15:00:00,97,43,54
2020-08-19 16:00:00,89,35,54
2020-08-19 17:00:00,150,64,86
2020-08-19 18:00:00,136,53,83
2020-08-19 19:00:00,117,62,55
2020-08-19 20:00:00,85,55,30
2020-08-19 21:00:00,28,14,14
2020-08-19 22:00:00,15,8,7
2020-08-19 23:00:00,4,3,1
2020-08-20 00:00:00,2,0,2
2020-08-20 01:00:00,1,0,1
2020-08-20 02:00:00,1,1,0
2020-08-20 03:00:00,0,0,0
2020-08-20 04:00:00,0,0,0
2020-08-20 05:00:00,7,1,6
2020-08-20 06:00:00,28,9,19
2020-08-20 07:00:00,45,21,24
2020-08-20 08:00:00,33,21,12
2020-08-20 09:00:00,65,30,35
2020-08-20 10:00:00,39,18,21
2020-08-20 11:00:00,60,26,34
2020-08-20 12:00:00,77,38,39
2020-08-20 13:00:00,79,33,46
2020-08-20 14:00:00,76,39,37
2020-08-20 15:00:00,88,52,36
2020-08-20 16:00:00,96,38,58
2020-08-20 17:00:00,157,71,86
2020-08-20 18:00:00,145,59,86
2020-08-20 19:00:00,133,61,72
2020-08-20 20:00:00,59,39,20
2020-08-20 21:00:00,8,2,6
2020-08-20 22:00:00,4,1,3
2020-08-20 23:00:00,13,4,9
2020-08-21 00:00:00,1,0,1
2020-08-21 01:00:00,0,0,0
2020-08-21 02:00:00,1,0,1
2020-08-21 03:00:00,0,0,0
2020-08-21 04:00:00,1,0,1
2020-08-21 05:00:00,7,3,4
2020-08-21 06:00:00,15,6,9
2020-08-21 07:00:00,44,17,27
2020-08-21 08:00:00,29,14,15
2020-08-21 09:00:00,54,35,19
2020-08-21 10:00:00,27,14,13
2020-08-21 11:00:00,39,20,19
2020-08-21 12:00:00,38,16,22
2020-08-21 13:00:00,28,16,12
2020-08-21 14:00:00,39,22,17
2020-08-21 15:00:00,35,13,22
2020-08-21 16:00:00,58,23,35
2020-08-21 17:00:00,64,28,36
2020-08-21 18:00:00,69,31,38
2020-08-21 19:00:00,106,51,55
2020-08-21 20:00:00,47,24,23
2020-08-21 21:00:00,20,13,7
2020-08-21 22:00:00,9,3,6
2020-08-21 23:00:00,5,3,2
2020-08-22 00:00:00,1,0,1
2020-08-22 01:00:00,1,1,0
2020-08-22 02:00:00,2,1,1
2020-08-22 03:00:00,1,1,0
2020-08-22 04:00:00,2,2,0
2020-08-22 05:00:00,1,0,1
2020-08-22 06:00:00,8,4,4
2020-08-22 07:00:00,15,6,9
2020-08-22 08:00:00,26,15,11
2020-08-22 09:00:00,75,39,36
2020-08-22 10:00:00,120,57,63
2020-08-22 11:00:00,147,78,69
2020-08-22 12:00:00,161,78,83
2020-08-22 13:00:00,172,85,87
2020-08-22 14:00:00,201,107,94
2020-08-22 15:00:00,193,109,84
2020-08-22 16:00:00,198,84,114
2020-08-22 17:00:00,150,64,86
2020-08-22 18:00:00,118,53,65
2020-08-22 19:00:00,121,60,61
2020-08-22 20:00:00,91,57,34
2020-08-22 21:00:00,16,6,10
2020-08-22 22:00:00,11,2,9
2020-08-22 23:00:00,4,3,1
2020-08-23 00:00:00,1,0,1
2020-08-23 01:00:00,0,0,0
2020-08-23 02:00:00,3,0,3
2020-08-23 03:00:00,1,0,1
2020-08-23 04:00:00,0,0,0
2020-08-23 05:00:00,1,1,0
2020-08-23 06:00:00,12,5,7
2020-08-23 07:00:00,38,19,19
2020-08-23 08:00:00,65,40,25
2020-08-23 09:00:00,88,46,42
2020-08-23 10:00:00,158,72,86
2020-08-23 11:00:00,159,55,104
2020-08-23 12:00:00,192,98,94
2020-08-23 13:00:00,206,93,113
2020-08-23 14:00:00,223,104,119
2020-08-23 15:00:00,149,81,68
2020-08-23 16:00:00,204,90,114
2020-08-23 17:00:00,127,55,72
2020-08-23 18:00:00,143,62,81
2020-08-23 19:00:00,94,46,48
2020-08-23 20:00:00,68,50,18
2020-08-23 21:00:00,13,2,11
2020-08-23 22:00:00,6,4,2
2020-08-23 23:00:00,5,1,4
2020-08-24 00:00:00,1,0,1
2020-08-24 01:00:00,0,0,0
2020-08-24 02:00:00,0,0,0
2020-08-24 03:00:00,1,0,1
2020-08-24 04:00:00,0,0,0
2020-08-24 05:00:00,6,2,4
2020-08-24 06:00:00,32,19,13
2020-08-24 07:00:00,61,29,32
2020-08-24 08:00:00,52,33,19
2020-08-24 09:00:00,50,20,30
2020-08-24 10:00:00,59,25,34
2020-08-24 11:00:00,55,30,25
2020-08-24 12:00:00,85,46,39
2020-08-24 13:00:00,60,34,26
2020-08-24 14:00:00,89,55,34
2020-08-24 15:00:00,89,35,54
2020-08-24 16:00:00,128,58,70
2020-08-24 17:00:00,178,60,118
2020-08-24 18:00:00,183,93,90
2020-08-24 19:00:00,138,80,58
2020-08-24 20:00:00,76,43,33
2020-08-24 21:00:00,19,10,9
2020-08-24 22:00:00,11,5,6
2020-08-24 23:00:00,0,0,0
2020-08-25 00:00:00,3,1,2
2020-08-25 01:00:00,4,3,1
2020-08-25 02:00:00,0,0,0
2020-08-25 03:00:00,0,0,0
2020-08-25 04:00:00,2,0,2
2020-08-25 05:00:00,13,6,7
2020-08-25 06:00:00,35,14,21
2020-08-25 07:00:00,78,46,32
2020-08-25 08:00:00,64,38,26
2020-08-25 09:00:00,52,27,25
2020-08-25 10:00:00,67,33,34
2020-08-25 11:00:00,67,36,31
2020-08-25 12:00:00,82,40,42
2020-08-25 13:00:00,93,41,52
2020-08-25 14:00:00,107,57,50
2020-08-25 15:00:00,104,47,57
2020-08-25 16:00:00,129,63,66
2020-08-25 17:00:00,176,75,101
2020-08-25 18:00:00,187,75,112
2020-08-25 19:00:00,172,93,79
2020-08-25 20:00:00,77,48,29
2020-08-25 21:00:00,26,18,8
2020-08-25 22:00:00,4,2,2
2020-08-25 23:00:00,2,2,0
2020-08-26 00:00:00,2,0,2
2020-08-26 01:00:00,0,0,0
2020-08-26 02:00:00,0,0,0
2020-08-26 03:00:00,1,1,0
2020-08-26 04:00:00,0,0,0
2020-08-26 05:00:00,5,1,4
2020-08-26 06:00:00,45,22,23
2020-08-26 07:00:00,64,34,30
2020-08-26 08:00:00,71,46,25
2020-08-26 09:00:00,69,31,38
2020-08-26 10:00:00,67,34,33
2020-08-26 11:00:00,59,30,29
2020-08-26 12:00:00,91,38,53
2020-08-26 13:00:00,114,62,52
2020-08-26 14:00:00,94,41,53
2020-08-26 15:00:00,89,43,46
2020-08-26 16:00:00,120,55,65
2020-08-26 17:00:00,158,58,100
2020-08-26 18:00:00,210,87,123
2020-08-26 19:00:00,167,88,79
2020-08-26 20:00:00,105,66,39
2020-08-26 21:00:00,15,2,13
2020-08-26 22:00:00,24,10,14
2020-08-26 23:00:00,1,0,1
2020-08-27 00:00:00,0,0,0
2020-08-27 01:00:00,0,0,0
2020-08-27 02:00:00,3,1,2
2020-08-27 03:00:00,0,0,0
2020-08-27 04:00:00,0,0,0
2020-08-27 05:00:00,14,5,9
2020-08-27 06:00:00,41,17,24
2020-08-27 07:00:00,82,40,42
2020-08-27 08:00:00,58,40,18
2020-08-27 09:00:00,51,29,22
2020-08-27 10:00:00,53,33,20
2020-08-27 11:00:00,72,38,34
2020-08-27 12:00:00,62,31,31
2020-08-27 13:00:00,73,38,35
2020-08-27 14:00:00,85,43,42
2020-08-27 15:00:00,121,68,53
2020-08-27 16:00:00,121,46,75
2020-08-27 17:00:00,171,73,98
2020-08-27 18:00:00,194,80,114
2020-08-27 19:00:00,182,91,91
2020-08-27 20:00:00,90,61,29
2020-08-27 21:00:00,23,15,8
2020-08-27 22:00:00,18,7,11
2020-08-27 23:00:00,3,1,2
2020-08-28 00:00:00,2,1,1
2020-08-28 01:00:00,0,0,0
2020-08-28 02:00:00,1,0,1
2020-08-28 03:00:00,0,0,0
2020-08-28 04:00:00,3,2,1
2020-08-28 05:00:00,7,3,4
2020-08-28 06:00:00,33,14,19
2020-08-28 07:00:00,62,35,27
2020-08-28 08:00:00,54,34,20
2020-08-28 09:00:00,69,38,31
2020-08-28 10:00:00,82,35,47
2020-08-28 11:00:00,93,43,50
2020-08-28 12:00:00,67,27,40
2020-08-28 13:00:00,103,49,54
2020-08-28 14:00:00,109,60,49
2020-08-28 15:00:00,103,54,49
2020-08-28 16:00:00,99,48,51
2020-08-28 17:00:00,132,50,82
2020-08-28 18:00:00,140,59,81
2020-08-28 19:00:00,141,66,75
2020-08-28 20:00:00,72,39,33
2020-08-28 21:00:00,27,9,18
2020-08-28 22:00:00,15,7,8
2020-08-28 23:00:00,12,11,1
2020-08-29 00:00:00,12,11,1
2020-08-29 01:00:00,5,4,1
2020-08-29 02:00:00,3,2,1
2020-08-29 03:00:00,0,0,0
2020-08-29 04:00:00,2,1,1
2020-08-29 05:00:00,2,1,1
2020-08-29 06:00:00,13,5,8
2020-08-29 07:00:00,36,20,16
2020-08-29 08:00:00,65,37,28
2020-08-29 09:00:00,103,51,52
2020-08-29 10:00:00,110,44,66
2020-08-29 11:00:00,193,89,104
2020-08-29 12:00:00,115,54,61
2020-08-29 13:00:00,155,74,81
2020-08-29 14:00:00,157,81,76
2020-08-29 15:00:00,143,64,79
2020-08-29 16:00:00,138,58,80
2020-08-29 17:00:00,158,80,78
2020-08-29 18:00:00,116,60,56
2020-08-29 19:00:00,52,25,27
2020-08-29 20:00:00,36,17,19
2020-08-29 21:00:00,17,10,7
2020-08-29 22:00:00,28,14,14
2020-08-29 23:00:00,6,0,6
2020-08-30 00:00:00,0,0,0
2020-08-30 01:00:00,2,0,2
2020-08-30 02:00:00,2,1,1
2020-08-30 03:00:00,0,0,0
2020-08-30 04:00:00,0,0,0
2020-08-30 05:00:00,2,2,0
2020-08-30 06:00:00,10,5,5
2020-08-30 07:00:00,25,13,12
2020-08-30 08:00:00,71,36,35
2020-08-30 09:00:00,106,56,50
2020-08-30 10:00:00,142,76,66
2020-08-30 11:00:00,215,112,103
2020-08-30 12:00:00,222,99,123
2020-08-30 13:00:00,215,112,103
2020-08-30 14:00:00,216,102,114
2020-08-30 15:00:00,233,112,121
2020-08-30 16:00:00,204,97,107
2020-08-30 17:00:00,137,72,65
2020-08-30 18:00:00,132,69,63
2020-08-30 19:00:00,82,48,34
2020-08-30 20:00:00,14,8,6
2020-08-30 21:00:00,6,0,6
2020-08-30 22:00:00,4,3,1
2020-08-30 23:00:00,0,0,0
2020-08-31 00:00:00,1,1,0
2020-08-31 01:00:00,0,0,0
2020-08-31 02:00:00,1,0,1
2020-08-31 03:00:00,0,0,0
2020-08-31 04:00:00,1,1,0
2020-08-31 05:00:00,6,1,5
2020-08-31 06:00:00,31,14,17
2020-08-31 07:00:00,47,23,24
2020-08-31 08:00:00,57,35,22
2020-08-31 09:00:00,43,22,21
2020-08-31 10:00:00,55,25,30
2020-08-31 11:00:00,59,34,25
2020-08-31 12:00:00,62,27,35
2020-08-31 13:00:00,66,41,25
2020-08-31 14:00:00,74,36,38
2020-08-31 15:00:00,69,35,34
2020-08-31 16:00:00,118,56,62
2020-08-31 17:00:00,162,62,100
2020-08-31 18:00:00,165,75,90
2020-08-31 19:00:00,129,60,69
2020-08-31 20:00:00,44,28,16
2020-08-31 21:00:00,20,9,11
2020-08-31 22:00:00,7,4,3
2020-08-31 23:00:00,1,1,0
2020-09-01 00:00:00,2,1,1
2020-09-01 01:00:00,1,0,1
2020-09-01 02:00:00,2,2,0
2020-09-01 03:00:00,0,0,0
2020-09-01 04:00:00,0,0,0
2020-09-01 05:00:00,12,3,9
2020-09-01 06:00:00,41,23,18
2020-09-01 07:00:00,64,36,28
2020-09-01 08:00:00,59,34,25
2020-09-01 09:00:00,73,40,33
2020-09-01 10:00:00,59,32,27
2020-09-01 11:00:00,79,41,38
2020-09-01 12:00:00,73,35,38
2020-09-01 13:00:00,83,38,45
2020-09-01 14:00:00,111,61,50
2020-09-01 15:00:00,79,38,41
2020-09-01 16:00:00,155,72,83
2020-09-01 17:00:00,187,74,113
2020-09-01 18:00:00,191,70,121
2020-09-01 19:00:00,152,83,69
2020-09-01 20:00:00,62,38,24
2020-09-01 21:00:00,27,17,10
2020-09-01 22:00:00,2,1,1
2020-09-01 23:00:00,4,3,1
2020-09-02 00:00:00,5,1,4
2020-09-02 01:00:00,1,0,1
2020-09-02 02:00:00,0,0,0
2020-09-02 03:00:00,0,0,0
2020-09-02 04:00:00,0,0,0
2020-09-02 05:00:00,11,4,7
2020-09-02 06:00:00,38,13,25
2020-09-02 07:00:00,63,31,32
2020-09-02 08:00:00,51,38,13
2020-09-02 09:00:00,50,25,25
2020-09-02 10:00:00,66,33,33
2020-09-02 11:00:00,53,22,31
2020-09-02 12:00:00,97,56,41
2020-09-02 13:00:00,85,32,53
2020-09-02 14:00:00,93,53,40
2020-09-02 15:00:00,92,47,45
2020-09-02 16:00:00,130,46,84
2020-09-02 17:00:00,146,59,87
2020-09-02 18:00:00,202,84,118
2020-09-02 19:00:00,145,79,66
2020-09-02 20:00:00,69,43,26
2020-09-02 21:00:00,14,9,5
2020-09-02 22:00:00,5,2,3
2020-09-02 23:00:00,5,2,3
2020-09-03 00:00:00,2,1,1
2020-09-03 01:00:00,0,0,0
2020-09-03 02:00:00,1,0,1
2020-09-03 03:00:00,1,0,1
2020-09-03 04:00:00,0,0,0
2020-09-03 05:00:00,9,3,6
2020-09-03 06:00:00,42,19,23
2020-09-03 07:00:00,69,40,29
2020-09-03 08:00:00,61,37,24
2020-09-03 09:00:00,65,29,36
2020-09-03 10:00:00,49,22,27
2020-09-03 11:00:00,78,37,41
2020-09-03 12:00:00,99,53,46
2020-09-03 13:00:00,89,48,41
2020-09-03 14:00:00,92,52,40
2020-09-03 15:00:00,111,63,48
2020-09-03 16:00:00,151,81,70
2020-09-03 17:00:00,163,65,98
2020-09-03 18:00:00,177,80,97
2020-09-03 19:00:00,144,79,65
2020-09-03 20:00:00,72,48,24
2020-09-03 21:00:00,23,12,11
2020-09-03 22:00:00,5,3,2
2020-09-03 23:00:00,6,4,2
2020-09-04 00:00:00,1,1,0
2020-09-04 01:00:00,1,1,0
2020-09-04 02:00:00,0,0,0
2020-09-04 03:00:00,0,0,0
2020-09-04 04:00:00,0,0,0
2020-09-04 05:00:00,9,1,8
2020-09-04 06:00:00,37,21,16
2020-09-04 07:00:00,71,35,36
2020-09-04 08:00:00,64,42,22
2020-09-04 09:00:00,64,35,29
2020-09-04 10:00:00,66,30,36
2020-09-04 11:00:00,90,47,43
2020-09-04 12:00:00,68,29,39
2020-09-04 13:00:00,93,44,49
2020-09-04 14:00:00,96,54,42
2020-09-04 15:00:00,135,60,75
2020-09-04 16:00:00,148,54,94
2020-09-04 17:00:00,126,59,67
2020-09-04 18:00:00,116,49,67
2020-09-04 19:00:00,108,62,46
2020-09-04 20:00:00,51,30,21
2020-09-04 21:00:00,8,2,6
2020-09-04 22:00:00,8,2,6
2020-09-04 23:00:00,4,4,0
2020-09-05 00:00:00,1,1,0
2020-09-05 01:00:00,0,0,0
2020-09-05 02:00:00,0,0,0
2020-09-05 03:00:00,0,0,0
2020-09-05 04:00:00,1,0,1
2020-09-05 05:00:00,1,0,1
2020-09-05 06:00:00,16,9,7
2020-09-05 07:00:00,43,21,22
2020-09-05 08:00:00,59,41,18
2020-09-05 09:00:00,79,46,33
2020-09-05 10:00:00,79,42,37
2020-09-05 11:00:00,94,45,49
2020-09-05 12:00:00,113,53,60
2020-09-05 13:00:00,135,56,79
2020-09-05 14:00:00,134,64,70
2020-09-05 15:00:00,182,82,100
2020-09-05 16:00:00,177,76,101
2020-09-05 17:00:00,179,79,100
2020-09-05 18:00:00,115,46,69
2020-09-05 19:00:00,166,87,79
2020-09-05 20:00:00,249,196,53
2020-09-05 21:00:00,10,2,8
2020-09-05 22:00:00,21,3,18
2020-09-05 23:00:00,10,1,9
2020-09-06 00:00:00,5,1,4
2020-09-06 01:00:00,5,3,2
2020-09-06 02:00:00,1,1,0
2020-09-06 03:00:00,1,0,1
2020-09-06 04:00:00,0,0,0
2020-09-06 05:00:00,2,1,1
2020-09-06 06:00:00,8,5,3
2020-09-06 07:00:00,29,14,15
2020-09-06 08:00:00,42,24,18
2020-09-06 09:00:00,111,55,56
2020-09-06 10:00:00,159,73,86
2020-09-06 11:00:00,224,120,104
2020-09-06 12:00:00,186,111,75
2020-09-06 13:00:00,211,94,117
2020-09-06 14:00:00,176,70,106
2020-09-06 15:00:00,214,91,123
2020-09-06 16:00:00,185,89,96
2020-09-06 17:00:00,145,71,74
2020-09-06 18:00:00,151,70,81
2020-09-06 19:00:00,132,68,64
2020-09-06 20:00:00,48,30,18
2020-09-06 21:00:00,13,8,5
2020-09-06 22:00:00,13,2,11
2020-09-06 23:00:00,6,1,5
2020-09-07 00:00:00,0,0,0
2020-09-07 01:00:00,3,1,2
2020-09-07 02:00:00,0,0,0
2020-09-07 03:00:00,2,1,1
2020-09-07 04:00:00,1,0,1
2020-09-07 05:00:00,0,0,0
2020-09-07 06:00:00,4,1,3
2020-09-07 07:00:00,20,13,7
2020-09-07 08:00:00,45,19,26
2020-09-07 09:00:00,85,42,43
2020-09-07 10:00:00,121,53,68
2020-09-07 11:00:00,140,59,81
2020-09-07 12:00:00,165,70,95
2020-09-07 13:00:00,172,93,79
2020-09-07 14:00:00,162,71,91
2020-09-07 15:00:00,178,98,80
2020-09-07 16:00:00,148,72,76
2020-09-07 17:00:00,117,54,63
2020-09-07 18:00:00,148,64,84
2020-09-07 19:00:00,107,71,36
2020-09-07 20:00:00,30,21,9
2020-09-07 21:00:00,6,3,3
2020-09-07 22:00:00,9,6,3
2020-09-07 23:00:00,0,0,0
2020-09-08 00:00:00,4,1,3
2020-09-08 01:00:00,0,0,0
2020-09-08 02:00:00,1,1,0
2020-09-08 03:00:00,0,0,0
2020-09-08 04:00:00,0,0,0
2020-09-08 05:00:00,8,1,7
2020-09-08 06:00:00,25,10,15
2020-09-08 07:00:00,37,22,15
2020-09-08 08:00:00,29,17,12
2020-09-08 09:00:00,41,27,14
2020-09-08 10:00:00,24,16,8
2020-09-08 11:00:00,30,12,18
2020-09-08 12:00:00,36,15,21
2020-09-08 13:00:00,29,11,18
2020-09-08 14:00:00,70,23,47
2020-09-08 15:00:00,45,22,23
2020-09-08 16:00:00,73,30,43
2020-09-08 17:00:00,90,41,49
2020-09-08 18:00:00,105,56,49
2020-09-08 19:00:00,90,47,43
2020-09-08 20:00:00,24,9,15
2020-09-08 21:00:00,12,4,8
2020-09-08 22:00:00,4,1,3
2020-09-08 23:00:00,5,1,4
2020-09-09 00:00:00,2,0,2
2020-09-09 01:00:00,0,0,0
2020-09-09 02:00:00,0,0,0
2020-09-09 03:00:00,0,0,0
2020-09-09 04:00:00,2,1,1
2020-09-09 05:00:00,11,2,9
2020-09-09 06:00:00,34,15,19
2020-09-09 07:00:00,54,30,24
2020-09-09 08:00:00,49,26,23
2020-09-09 09:00:00,36,20,16
2020-09-09 10:00:00,37,17,20
2020-09-09 11:00:00,28,13,15
2020-09-09 12:00:00,43,27,16
2020-09-09 13:00:00,44,22,22
2020-09-09 14:00:00,93,38,55
2020-09-09 15:00:00,109,56,53
2020-09-09 16:00:00,70,27,43
2020-09-09 17:00:00,118,43,75
2020-09-09 18:00:00,148,71,77
2020-09-09 19:00:00,146,83,63
2020-09-09 20:00:00,24,13,11
2020-09-09 21:00:00,12,3,9
2020-09-09 22:00:00,2,1,1
2020-09-09 23:00:00,0,0,0
2020-09-10 00:00:00,2,1,1
2020-09-10 01:00:00,0,0,0
2020-09-10 02:00:00,1,0,1
2020-09-10 03:00:00,3,1,2
2020-09-10 04:00:00,1,1,0
2020-09-10 05:00:00,12,1,11
2020-09-10 06:00:00,33,16,17
2020-09-10 07:00:00,52,30,22
2020-09-10 08:00:00,42,25,17
2020-09-10 09:00:00,43,23,20
2020-09-10 10:00:00,39,20,19
2020-09-10 11:00:00,43,25,18
2020-09-10 12:00:00,44,18,26
2020-09-10 13:00:00,53,17,36
2020-09-10 14:00:00,58,33,25
2020-09-10 15:00:00,71,39,32
2020-09-10 16:00:00,104,49,55
2020-09-10 17:00:00,121,57,64
2020-09-10 18:00:00,103,31,72
2020-09-10 19:00:00,117,60,57
2020-09-10 20:00:00,44,28,16
2020-09-10 21:00:00,8,4,4
2020-09-10 22:00:00,16,7,9
2020-09-10 23:00:00,2,2,0
2020-09-11 00:00:00,2,2,0
2020-09-11 01:00:00,0,0,0
2020-09-11 02:00:00,1,0,1
2020-09-11 03:00:00,1,0,1
2020-09-11 04:00:00,2,0,2
2020-09-11 05:00:00,7,3,4
2020-09-11 06:00:00,26,10,16
2020-09-11 07:00:00,32,16,16
2020-09-11 08:00:00,19,11,8
2020-09-11 09:00:00,20,11,9
2020-09-11 10:00:00,14,7,7
2020-09-11 11:00:00,18,12,6
2020-09-11 12:00:00,21,12,9
2020-09-11 13:00:00,42,22,20
2020-09-11 14:00:00,23,8,15
2020-09-11 15:00:00,29,17,12
2020-09-11 16:00:00,29,15,14
2020-09-11 17:00:00,41,13,28
2020-09-11 18:00:00,32,16,16
2020-09-11 19:00:00,20,13,7
2020-09-11 20:00:00,6,3,3
2020-09-11 21:00:00,3,0,3
2020-09-11 22:00:00,4,3,1
2020-09-11 23:00:00,4,2,2
2020-09-12 00:00:00,9,4,5
2020-09-12 01:00:00,1,1,0
2020-09-12 02:00:00,1,1,0
2020-09-12 03:00:00,0,0,0
2020-09-12 04:00:00,1,1,0
2020-09-12 05:00:00,0,0,0
2020-09-12 06:00:00,3,2,1
2020-09-12 07:00:00,10,3,7
2020-09-12 08:00:00,4,3,1
2020-09-12 09:00:00,6,2,4
2020-09-12 10:00:00,13,6,7
2020-09-12 11:00:00,8,5,3
2020-09-12 12:00:00,11,4,7
2020-09-12 13:00:00,14,9,5
2020-09-12 14:00:00,16,7,9
2020-09-12 15:00:00,10,6,4
2020-09-12 16:00:00,13,3,10
2020-09-12 17:00:00,16,8,8
2020-09-12 18:00:00,14,6,8
2020-09-12 19:00:00,4,0,4
2020-09-12 20:00:00,5,4,1
2020-09-12 21:00:00,4,0,4
2020-09-12 22:00:00,3,0,3
2020-09-12 23:00:00,5,2,3
2020-09-13 00:00:00,0,0,0
2020-09-13 01:00:00,0,0,0
2020-09-13 02:00:00,0,0,0
2020-09-13 03:00:00,0,0,0
2020-09-13 04:00:00,0,0,0
2020-09-13 05:00:00,1,0,1
2020-09-13 06:00:00,2,0,2
2020-09-13 07:00:00,5,3,2
2020-09-13 08:00:00,3,1,2
2020-09-13 09:00:00,10,7,3
2020-09-13 10:00:00,8,4,4
2020-09-13 11:00:00,7,1,6
2020-09-13 12:00:00,15,8,7
2020-09-13 13:00:00,15,8,7
2020-09-13 14:00:00,18,9,9
2020-09-13 15:00:00,9,6,3
2020-09-13 16:00:00,10,4,6
2020-09-13 17:00:00,20,10,10
2020-09-13 18:00:00,13,3,10
2020-09-13 19:00:00,16,7,9
2020-09-13 20:00:00,3,2,1
2020-09-13 21:00:00,1,0,1
2020-09-13 22:00:00,7,2,5
2020-09-13 23:00:00,0,0,0
2020-09-14 00:00:00,1,0,1
2020-09-14 01:00:00,1,1,0
2020-09-14 02:00:00,0,0,0
2020-09-14 03:00:00,1,0,1
2020-09-14 04:00:00,2,2,0
2020-09-14 05:00:00,5,2,3
2020-09-14 06:00:00,14,2,12
2020-09-14 07:00:00,13,5,8
2020-09-14 08:00:00,17,10,7
2020-09-14 09:00:00,5,2,3
2020-09-14 10:00:00,6,0,6
2020-09-14 11:00:00,7,4,3
2020-09-14 12:00:00,24,11,13
2020-09-14 13:00:00,9,3,6
2020-09-14 14:00:00,22,10,12
2020-09-14 15:00:00,16,5,11
2020-09-14 16:00:00,36,18,18
2020-09-14 17:00:00,51,23,28
2020-09-14 18:00:00,30,16,14
2020-09-14 19:00:00,16,7,9
2020-09-14 20:00:00,1,1,0
2020-09-14 21:00:00,1,1,0
2020-09-14 22:00:00,2,1,1
2020-09-14 23:00:00,7,3,4
2020-09-15 00:00:00,3,2,1
2020-09-15 01:00:00,0,0,0
2020-09-15 02:00:00,0,0,0
2020-09-15 03:00:00,0,0,0
2020-09-15 04:00:00,0,0,0
2020-09-15 05:00:00,7,1,6
2020-09-15 06:00:00,14,5,9
2020-09-15 07:00:00,13,8,5
2020-09-15 08:00:00,15,10,5
2020-09-15 09:00:00,13,5,8
2020-09-15 10:00:00,5,3,2
2020-09-15 11:00:00,5,2,3
2020-09-15 12:00:00,19,4,15
2020-09-15 13:00:00,22,11,11
2020-09-15 14:00:00,31,16,15
2020-09-15 15:00:00,18,10,8
2020-09-15 16:00:00,22,12,10
2020-09-15 17:00:00,33,13,20
2020-09-15 18:00:00,29,15,14
2020-09-15 19:00:00,21,14,7
2020-09-15 20:00:00,7,5,2
2020-09-15 21:00:00,4,1,3
2020-09-15 22:00:00,5,5,0
2020-09-15 23:00:00,7,3,4
2020-09-16 00:00:00,1,1,0
2020-09-16 01:00:00,0,0,0
2020-09-16 02:00:00,0,0,0
2020-09-16 03:00:00,4,2,2
2020-09-16 04:00:00,0,0,0
2020-09-16 05:00:00,4,0,4
2020-09-16 06:00:00,24,8,16
2020-09-16 07:00:00,13,7,6
2020-09-16 08:00:00,10,5,5
2020-09-16 09:00:00,10,5,5
2020-09-16 10:00:00,10,5,5
2020-09-16 11:00:00,18,6,12
2020-09-16 12:00:00,21,12,9
2020-09-16 13:00:00,20,8,12
2020-09-16 14:00:00,33,18,15
2020-09-16 15:00:00,23,12,11
2020-09-16 16:00:00,24,11,13
2020-09-16 17:00:00,36,20,16
2020-09-16 18:00:00,54,15,39
2020-09-16 19:00:00,38,21,17
2020-09-16 20:00:00,21,13,8
2020-09-16 21:00:00,12,5,7
2020-09-16 22:00:00,8,4,4
2020-09-16 23:00:00,7,3,4
2020-09-17 00:00:00,2,2,0
2020-09-17 01:00:00,2,0,2
2020-09-17 02:00:00,0,0,0
2020-09-17 03:00:00,3,2,1
2020-09-17 04:00:00,1,0,1
2020-09-17 05:00:00,8,0,8
2020-09-17 06:00:00,22,9,13
2020-09-17 07:00:00,16,11,5
2020-09-17 08:00:00,11,6,5
2020-09-17 09:00:00,18,10,8
2020-09-17 10:00:00,14,10,4
2020-09-17 11:00:00,9,2,7
2020-09-17 12:00:00,7,0,7
2020-09-17 13:00:00,19,10,9
2020-09-17 14:00:00,46,27,19
2020-09-17 15:00:00,39,19,20
2020-09-17 16:00:00,46,17,29
2020-09-17 17:00:00,79,31,48
2020-09-17 18:00:00,54,22,32
2020-09-17 19:00:00,33,15,18
2020-09-17 20:00:00,14,9,5
2020-09-17 21:00:00,1,1,0
2020-09-17 22:00:00,9,3,6
2020-09-17 23:00:00,6,3,3
2020-09-18 00:00:00,0,0,0
2020-09-18 01:00:00,3,1,2
2020-09-18 02:00:00,6,5,1
2020-09-18 03:00:00,0,0,0
2020-09-18 04:00:00,1,1,0
2020-09-18 05:00:00,5,1,4
2020-09-18 06:00:00,19,6,13
2020-09-18 07:00:00,17,8,9
2020-09-18 08:00:00,13,10,3
2020-09-18 09:00:00,11,5,6
2020-09-18 10:00:00,6,2,4
2020-09-18 11:00:00,22,9,13
2020-09-18 12:00:00,20,8,12
2020-09-18 13:00:00,16,4,12
2020-09-18 14:00:00,9,5,4
2020-09-18 15:00:00,12,6,6
2020-09-18 16:00:00,16,9,7
2020-09-18 17:00:00,26,11,15
2020-09-18 18:00:00,23,10,13
2020-09-18 19:00:00,18,7,11
2020-09-18 20:00:00,3,1,2
2020-09-18 21:00:00,3,2,1
2020-09-18 22:00:00,1,1,0
2020-09-18 23:00:00,3,2,1
2020-09-19 00:00:00,2,1,1
2020-09-19 01:00:00,6,1,5
2020-09-19 02:00:00,4,3,1
2020-09-19 03:00:00,2,2,0
2020-09-19 04:00:00,0,0,0
2020-09-19 05:00:00,0,0,0
2020-09-19 06:00:00,5,3,2
2020-09-19 07:00:00,5,2,3
2020-09-19 08:00:00,25,14,11
2020-09-19 09:00:00,50,20,30
2020-09-19 10:00:00,62,22,40
2020-09-19 11:00:00,57,28,29
2020-09-19 12:00:00,91,40,51
2020-09-19 13:00:00,109,51,58
2020-09-19 14:00:00,153,54,99
2020-09-19 15:00:00,152,67,85
2020-09-19 16:00:00,148,77,71
2020-09-19 17:00:00,90,40,50
2020-09-19 18:00:00,35,15,20
2020-09-19 19:00:00,27,19,8
2020-09-19 20:00:00,3,2,1
2020-09-19 21:00:00,2,1,1
2020-09-19 22:00:00,1,0,1
2020-09-19 23:00:00,2,0,2
2020-09-20 00:00:00,1,1,0
2020-09-20 01:00:00,4,1,3
2020-09-20 02:00:00,1,1,0
2020-09-20 03:00:00,2,0,2
2020-09-20 04:00:00,2,2,0
2020-09-20 05:00:00,2,1,1
2020-09-20 06:00:00,3,1,2
2020-09-20 07:00:00,27,15,12
2020-09-20 08:00:00,53,32,21
2020-09-20 09:00:00,70,24,46
2020-09-20 10:00:00,86,35,51
2020-09-20 11:00:00,112,53,59
2020-09-20 12:00:00,146,56,90
2020-09-20 13:00:00,183,80,103
2020-09-20 14:00:00,223,92,131
2020-09-20 15:00:00,277,128,149
2020-09-20 16:00:00,225,112,113
2020-09-20 17:00:00,141,64,77
2020-09-20 18:00:00,120,54,66
2020-09-20 19:00:00,58,37,21
2020-09-20 20:00:00,12,11,1
2020-09-20 21:00:00,7,3,4
2020-09-20 22:00:00,4,1,3
2020-09-20 23:00:00,4,2,2
2020-09-21 00:00:00,1,0,1
2020-09-21 01:00:00,2,2,0
2020-09-21 02:00:00,0,0,0
2020-09-21 03:00:00,1,1,0
2020-09-21 04:00:00,0,0,0
2020-09-21 05:00:00,11,5,6
2020-09-21 06:00:00,24,10,14
2020-09-21 07:00:00,58,37,21
2020-09-21 08:00:00,51,29,22
2020-09-21 09:00:00,41,20,21
2020-09-21 10:00:00,37,14,23
2020-09-21 11:00:00,53,27,26
2020-09-21 12:00:00,59,27,32
2020-09-21 13:00:00,66,38,28
2020-09-21 14:00:00,64,34,30
2020-09-21 15:00:00,86,38,48
2020-09-21 16:00:00,130,61,69
2020-09-21 17:00:00,124,54,70
2020-09-21 18:00:00,170,65,105
2020-09-21 19:00:00,110,72,38
2020-09-21 20:00:00,31,17,14
2020-09-21 21:00:00,3,2,1
2020-09-21 22:00:00,13,10,3
2020-09-21 23:00:00,1,0,1
2020-09-22 00:00:00,0,0,0
2020-09-22 01:00:00,0,0,0
2020-09-22 02:00:00,0,0,0
2020-09-22 03:00:00,1,0,1
2020-09-22 04:00:00,0,0,0
2020-09-22 05:00:00,10,1,9
2020-09-22 06:00:00,34,19,15
2020-09-22 07:00:00,64,36,28
2020-09-22 08:00:00,39,27,12
2020-09-22 09:00:00,36,22,14
2020-09-22 10:00:00,37,18,19
2020-09-22 11:00:00,51,21,30
2020-09-22 12:00:00,93,34,59
2020-09-22 13:00:00,117,68,49
2020-09-22 14:00:00,117,53,64
2020-09-22 15:00:00,140,60,80
2020-09-22 16:00:00,177,72,105
2020-09-22 17:00:00,242,97,145
2020-09-22 18:00:00,239,138,101
2020-09-22 19:00:00,121,74,47
2020-09-22 20:00:00,16,7,9
2020-09-22 21:00:00,11,5,6
2020-09-22 22:00:00,16,9,7
2020-09-22 23:00:00,5,0,5
2020-09-23 00:00:00,7,4,3
2020-09-23 01:00:00,1,0,1
2020-09-23 02:00:00,1,0,1
2020-09-23 03:00:00,1,0,1
2020-09-23 04:00:00,0,0,0
2020-09-23 05:00:00,5,1,4
2020-09-23 06:00:00,17,4,13
2020-09-23 07:00:00,32,20,12
2020-09-23 08:00:00,21,15,6
2020-09-23 09:00:00,13,5,8
2020-09-23 10:00:00,12,7,5
2020-09-23 11:00:00,8,6,2
2020-09-23 12:00:00,10,2,8
2020-09-23 13:00:00,10,4,6
2020-09-23 14:00:00,19,12,7
2020-09-23 15:00:00,10,5,5
2020-09-23 16:00:00,24,7,17
2020-09-23 17:00:00,29,9,20
2020-09-23 18:00:00,14,2,12
2020-09-23 19:00:00,9,5,4
2020-09-23 20:00:00,4,1,3
2020-09-23 21:00:00,2,1,1
2020-09-23 22:00:00,4,2,2
2020-09-23 23:00:00,1,0,1
2020-09-24 00:00:00,6,3,3
2020-09-24 01:00:00,1,0,1
2020-09-24 02:00:00,0,0,0
2020-09-24 03:00:00,0,0,0
2020-09-24 04:00:00,0,0,0
2020-09-24 05:00:00,8,0,8
2020-09-24 06:00:00,13,7,6
2020-09-24 07:00:00,38,23,15
2020-09-24 08:00:00,13,7,6
2020-09-24 09:00:00,16,6,10
2020-09-24 10:00:00,4,2,2
2020-09-24 11:00:00,2,0,2
2020-09-24 12:00:00,13,8,5
2020-09-24 13:00:00,17,6,11
2020-09-24 14:00:00,29,17,12
2020-09-24 15:00:00,33,14,19
2020-09-24 16:00:00,76,37,39
2020-09-24 17:00:00,85,31,54
2020-09-24 18:00:00,91,41,50
2020-09-24 19:00:00,40,27,13
2020-09-24 20:00:00,14,8,6
2020-09-24 21:00:00,6,2,4
2020-09-24 22:00:00,5,5,0
2020-09-24 23:00:00,4,3,1
2020-09-25 00:00:00,2,2,0
2020-09-25 01:00:00,0,0,0
2020-09-25 02:00:00,0,0,0
2020-09-25 03:00:00,0,0,0
2020-09-25 04:00:00,0,0,0
2020-09-25 05:00:00,6,3,3
2020-09-25 06:00:00,17,9,8
2020-09-25 07:00:00,21,12,9
2020-09-25 08:00:00,12,7,5
2020-09-25 09:00:00,17,9,8
2020-09-25 10:00:00,3,0,3
2020-09-25 11:00:00,8,5,3
2020-09-25 12:00:00,20,7,13
2020-09-25 13:00:00,16,5,11
2020-09-25 14:00:00,33,15,18
2020-09-25 15:00:00,41,16,25
2020-09-25 16:00:00,68,25,43
2020-09-25 17:00:00,106,39,67
2020-09-25 18:00:00,142,70,72
2020-09-25 19:00:00,52,37,15
2020-09-25 20:00:00,19,6,13
2020-09-25 21:00:00,5,3,2
2020-09-25 22:00:00,14,7,7
2020-09-25 23:00:00,3,0,3
2020-09-26 00:00:00,3,3,0
2020-09-26 01:00:00,1,1,0
2020-09-26 02:00:00,1,1,0
2020-09-26 03:00:00,2,1,1
2020-09-26 04:00:00,1,1,0
2020-09-26 05:00:00,3,1,2
2020-09-26 06:00:00,5,5,0
2020-09-26 07:00:00,13,5,8
2020-09-26 08:00:00,45,16,29
2020-09-26 09:00:00,32,12,20
2020-09-26 10:00:00,75,33,42
2020-09-26 11:00:00,125,61,64
2020-09-26 12:00:00,125,55,70
2020-09-26 13:00:00,145,63,82
2020-09-26 14:00:00,133,68,65
2020-09-26 15:00:00,107,43,64
2020-09-26 16:00:00,106,54,52
2020-09-26 17:00:00,55,22,33
2020-09-26 18:00:00,84,45,39
2020-09-26 19:00:00,40,22,18
2020-09-26 20:00:00,5,3,2
2020-09-26 21:00:00,6,2,4
2020-09-26 22:00:00,7,4,3
2020-09-26 23:00:00,3,2,1
2020-09-27 00:00:00,3,3,0
2020-09-27 01:00:00,1,1,0
2020-09-27 02:00:00,5,1,4
2020-09-27 03:00:00,4,1,3
2020-09-27 04:00:00,2,0,2
2020-09-27 05:00:00,2,2,0
2020-09-27 06:00:00,8,4,4
2020-09-27 07:00:00,22,11,11
2020-09-27 08:00:00,45,16,29
2020-09-27 09:00:00,98,51,47
2020-09-27 10:00:00,155,72,83
2020-09-27 11:00:00,206,97,109
2020-09-27 12:00:00,205,114,91
2020-09-27 13:00:00,163,70,93
2020-09-27 14:00:00,226,102,124
2020-09-27 15:00:00,203,98,105
2020-09-27 16:00:00,198,94,104
2020-09-27 17:00:00,179,81,98
2020-09-27 18:00:00,129,75,54
2020-09-27 19:00:00,68,25,43
2020-09-27 20:00:00,4,4,0
2020-09-27 21:00:00,10,3,7
2020-09-27 22:00:00,2,1,1
2020-09-27 23:00:00,5,3,2
2020-09-28 00:00:00,1,0,1
2020-09-28 01:00:00,3,1,2
2020-09-28 02:00:00,0,0,0
2020-09-28 03:00:00,2,0,2
2020-09-28 04:00:00,1,0,1
2020-09-28 05:00:00,13,5,8
2020-09-28 06:00:00,28,15,13
2020-09-28 07:00:00,56,26,30
2020-09-28 08:00:00,40,25,15
2020-09-28 09:00:00,30,11,19
2020-09-28 10:00:00,44,27,17
2020-09-28 11:00:00,58,20,38
2020-09-28 12:00:00,53,31,22
2020-09-28 13:00:00,82,48,34
2020-09-28 14:00:00,84,38,46
2020-09-28 15:00:00,97,47,50
2020-09-28 16:00:00,165,68,97
2020-09-28 17:00:00,206,81,125
2020-09-28 18:00:00,207,95,112
2020-09-28 19:00:00,104,65,39
2020-09-28 20:00:00,18,9,9
2020-09-28 21:00:00,8,4,4
2020-09-28 22:00:00,18,10,8
2020-09-28 23:00:00,2,1,1
2020-09-29 00:00:00,0,0,0
2020-09-29 01:00:00,2,1,1
2020-09-29 02:00:00,0,0,0
2020-09-29 03:00:00,0,0,0
2020-09-29 04:00:00,0,0,0
2020-09-29 05:00:00,10,6,4
2020-09-29 06:00:00,30,14,16
2020-09-29 07:00:00,82,40,42
2020-09-29 08:00:00,52,33,19
2020-09-29 09:00:00,56,27,29
2020-09-29 10:00:00,58,35,23
2020-09-29 11:00:00,65,28,37
2020-09-29 12:00:00,75,40,35
2020-09-29 13:00:00,82,34,48
2020-09-29 14:00:00,119,57,62
2020-09-29 15:00:00,107,55,52
2020-09-29 16:00:00,179,74,105
2020-09-29 17:00:00,210,85,125
2020-09-29 18:00:00,184,80,104
2020-09-29 19:00:00,100,65,35
2020-09-29 20:00:00,6,2,4
2020-09-29 21:00:00,10,4,6
2020-09-29 22:00:00,8,3,5
2020-09-29 23:00:00,2,2,0
2020-09-30 00:00:00,1,0,1
2020-09-30 01:00:00,0,0,0
2020-09-30 02:00:00,2,1,1
2020-09-30 03:00:00,1,1,0
2020-09-30 04:00:00,2,0,2
2020-09-30 05:00:00,6,0,6
2020-09-30 06:00:00,32,14,18
2020-09-30 07:00:00,60,32,28
2020-09-30 08:00:00,38,16,22
2020-09-30 09:00:00,39,25,14
2020-09-30 10:00:00,35,21,14
2020-09-30 11:00:00,34,16,18
2020-09-30 12:00:00,46,26,20
2020-09-30 13:00:00,55,20,35
2020-09-30 14:00:00,70,34,36
2020-09-30 15:00:00,87,47,40
2020-09-30 16:00:00,101,39,62
2020-09-30 17:00:00,161,79,82
2020-09-30 18:00:00,177,77,100
2020-09-30 19:00:00,61,35,26
2020-09-30 20:00:00,16,11,5
2020-09-30 21:00:00,8,3,5
2020-09-30 22:00:00,5,2,3
2020-09-30 23:00:00,5,2,3
2020-10-01 00:00:00,0,0,0
2020-10-01 01:00:00,1,0,1
2020-10-01 02:00:00,2,1,1
2020-10-01 03:00:00,1,0,1
2020-10-01 04:00:00,3,0,3
2020-10-01 05:00:00,7,3,4
2020-10-01 06:00:00,30,15,15
2020-10-01 07:00:00,52,29,23
2020-10-01 08:00:00,41,19,22
2020-10-01 09:00:00,38,18,20
2020-10-01 10:00:00,31,17,14
2020-10-01 11:00:00,37,19,18
2020-10-01 12:00:00,36,18,18
2020-10-01 13:00:00,31,13,18
2020-10-01 14:00:00,59,40,19
2020-10-01 15:00:00,63,29,34
2020-10-01 16:00:00,99,39,60
2020-10-01 17:00:00,150,67,83
2020-10-01 18:00:00,140,68,72
2020-10-01 19:00:00,54,30,24
2020-10-01 20:00:00,20,10,10
2020-10-01 21:00:00,20,6,14
2020-10-01 22:00:00,6,4,2
2020-10-01 23:00:00,1,0,1
2020-10-02 00:00:00,3,2,1
2020-10-02 01:00:00,1,0,1
2020-10-02 02:00:00,4,3,1
2020-10-02 03:00:00,1,0,1
2020-10-02 04:00:00,1,0,1
2020-10-02 05:00:00,7,4,3
2020-10-02 06:00:00,22,7,15
2020-10-02 07:00:00,46,21,25
2020-10-02 08:00:00,34,25,9
2020-10-02 09:00:00,33,22,11
2020-10-02 10:00:00,30,16,14
2020-10-02 11:00:00,34,16,18
2020-10-02 12:00:00,47,22,25
2020-10-02 13:00:00,61,25,36
2020-10-02 14:00:00,81,33,48
2020-10-02 15:00:00,84,38,46
2020-10-02 16:00:00,157,62,95
2020-10-02 17:00:00,135,56,79
2020-10-02 18:00:00,152,68,84
2020-10-02 19:00:00,48,26,22
2020-10-02 20:00:00,9,6,3
2020-10-02 21:00:00,5,0,5
2020-10-02 22:00:00,5,4,1
2020-10-02 23:00:00,6,4,2
2020-10-03 00:00:00,4,1,3
2020-10-03 01:00:00,0,0,0
2020-10-03 02:00:00,2,2,0
2020-10-03 03:00:00,0,0,0
2020-10-03 04:00:00,2,0,2
2020-10-03 05:00:00,1,0,1
2020-10-03 06:00:00,8,7,1
2020-10-03 07:00:00,15,9,6
2020-10-03 08:00:00,32,17,15
2020-10-03 09:00:00,61,31,30
2020-10-03 10:00:00,56,19,37
2020-10-03 11:00:00,88,37,51
2020-10-03 12:00:00,95,62,33
2020-10-03 13:00:00,106,53,53
2020-10-03 14:00:00,142,53,89
2020-10-03 15:00:00,142,71,71
2020-10-03 16:00:00,111,48,63
2020-10-03 17:00:00,113,42,71
2020-10-03 18:00:00,77,41,36
2020-10-03 19:00:00,29,11,18
2020-10-03 20:00:00,11,7,4
2020-10-03 21:00:00,4,3,1
2020-10-03 22:00:00,1,0,1
2020-10-03 23:00:00,1,0,1
2020-10-04 00:00:00,1,0,1
2020-10-04 01:00:00,2,1,1
2020-10-04 02:00:00,2,2,0
2020-10-04 03:00:00,0,0,0
2020-10-04 04:00:00,1,0,1
2020-10-04 05:00:00,0,0,0
2020-10-04 06:00:00,6,6,0
2020-10-04 07:00:00,18,14,4
2020-10-04 08:00:00,21,10,11
2020-10-04 09:00:00,28,14,14
2020-10-04 10:00:00,39,19,20
2020-10-04 11:00:00,63,27,36
2020-10-04 12:00:00,51,28,23
2020-10-04 13:00:00,88,37,51
2020-10-04 14:00:00,109,55,54
2020-10-04 15:00:00,148,66,82
2020-10-04 16:00:00,116,58,58
2020-10-04 17:00:00,117,63,54
2020-10-04 18:00:00,43,21,22
2020-10-04 19:00:00,12,5,7
2020-10-04 20:00:00,12,6,6
2020-10-04 21:00:00,10,4,6
2020-10-04 22:00:00,7,1,6
2020-10-04 23:00:00,3,0,3
2020-10-05 00:00:00,1,0,1
2020-10-05 01:00:00,0,0,0
2020-10-05 02:00:00,2,2,0
2020-10-05 03:00:00,0,0,0
2020-10-05 04:00:00,0,0,0
2020-10-05 05:00:00,9,3,6
2020-10-05 06:00:00,26,12,14
2020-10-05 07:00:00,55,32,23
2020-10-05 08:00:00,52,31,21
2020-10-05 09:00:00,19,9,10
2020-10-05 10:00:00,44,21,23
2020-10-05 11:00:00,49,19,30
2020-10-05 12:00:00,63,31,32
2020-10-05 13:00:00,62,32,30
2020-10-05 14:00:00,92,39,53
2020-10-05 15:00:00,96,37,59
2020-10-05 16:00:00,128,52,76
2020-10-05 17:00:00,196,80,116
2020-10-05 18:00:00,181,85,96
2020-10-05 19:00:00,75,50,25
2020-10-05 20:00:00,9,6,3
2020-10-05 21:00:00,11,4,7
2020-10-05 22:00:00,7,5,2
2020-10-05 23:00:00,1,0,1
2020-10-06 00:00:00,1,0,1
2020-10-06 01:00:00,0,0,0
2020-10-06 02:00:00,1,0,1
2020-10-06 03:00:00,1,0,1
2020-10-06 04:00:00,0,0,0
2020-10-06 05:00:00,14,3,11
2020-10-06 06:00:00,21,10,11
2020-10-06 07:00:00,58,33,25
2020-10-06 08:00:00,49,32,17
2020-10-06 09:00:00,34,18,16
2020-10-06 10:00:00,39,21,18
2020-10-06 11:00:00,70,32,38
2020-10-06 12:00:00,48,21,27
2020-10-06 13:00:00,64,39,25
2020-10-06 14:00:00,92,46,46
2020-10-06 15:00:00,115,50,65
2020-10-06 16:00:00,179,77,102
2020-10-06 17:00:00,199,82,117
2020-10-06 18:00:00,270,122,148
2020-10-06 19:00:00,97,62,35
2020-10-06 20:00:00,15,4,11
2020-10-06 21:00:00,5,2,3
2020-10-06 22:00:00,3,2,1
2020-10-06 23:00:00,10,7,3
2020-10-07 00:00:00,4,2,2
2020-10-07 01:00:00,1,0,1
2020-10-07 02:00:00,2,0,2
2020-10-07 03:00:00,0,0,0
2020-10-07 04:00:00,0,0,0
2020-10-07 05:00:00,8,3,5
2020-10-07 06:00:00,36,16,20
2020-10-07 07:00:00,63,36,27
2020-10-07 08:00:00,52,33,19
2020-10-07 09:00:00,33,21,12
2020-10-07 10:00:00,40,23,17
2020-10-07 11:00:00,38,17,21
2020-10-07 12:00:00,46,20,26
2020-10-07 13:00:00,39,20,19
2020-10-07 14:00:00,67,37,30
2020-10-07 15:00:00,78,35,43
2020-10-07 16:00:00,119,57,62
2020-10-07 17:00:00,130,49,81
2020-10-07 18:00:00,118,49,69
2020-10-07 19:00:00,52,33,19
2020-10-07 20:00:00,8,7,1
2020-10-07 21:00:00,5,4,1
2020-10-07 22:00:00,6,5,1
2020-10-07 23:00:00,3,3,0
2020-10-08 00:00:00,1,0,1
2020-10-08 01:00:00,1,1,0
2020-10-08 02:00:00,1,1,0
2020-10-08 03:00:00,0,0,0
2020-10-08 04:00:00,1,0,1
2020-10-08 05:00:00,11,3,8
2020-10-08 06:00:00,27,10,17
2020-10-08 07:00:00,40,21,19
2020-10-08 08:00:00,43,20,23
2020-10-08 09:00:00,32,10,22
2020-10-08 10:00:00,36,14,22
2020-10-08 11:00:00,42,22,20
2020-10-08 12:00:00,63,32,31
2020-10-08 13:00:00,62,28,34
2020-10-08 14:00:00,73,39,34
2020-10-08 15:00:00,85,51,34
2020-10-08 16:00:00,107,47,60
2020-10-08 17:00:00,141,59,82
2020-10-08 18:00:00,137,70,67
2020-10-08 19:00:00,55,28,27
2020-10-08 20:00:00,22,13,9
2020-10-08 21:00:00,8,2,6
2020-10-08 22:00:00,8,4,4
2020-10-08 23:00:00,4,2,2
2020-10-09 00:00:00,2,2,0
2020-10-09 01:00:00,1,1,0
2020-10-09 02:00:00,1,1,0
2020-10-09 03:00:00,1,0,1
2020-10-09 04:00:00,3,1,2
2020-10-09 05:00:00,7,2,5
2020-10-09 06:00:00,20,9,11
2020-10-09 07:00:00,45,17,28
2020-10-09 08:00:00,43,25,18
2020-10-09 09:00:00,30,18,12
2020-10-09 10:00:00,48,19,29
2020-10-09 11:00:00,33,10,23
2020-10-09 12:00:00,71,29,42
2020-10-09 13:00:00,66,32,34
2020-10-09 14:00:00,80,41,39
2020-10-09 15:00:00,90,39,51
2020-10-09 16:00:00,141,59,82
2020-10-09 17:00:00,145,68,77
2020-10-09 18:00:00,104,59,45
2020-10-09 19:00:00,30,17,13
2020-10-09 20:00:00,21,15,6
2020-10-09 21:00:00,8,7,1
2020-10-09 22:00:00,6,2,4
2020-10-09 23:00:00,1,0,1
2020-10-10 00:00:00,0,0,0
2020-10-10 01:00:00,0,0,0
2020-10-10 02:00:00,2,2,0
2020-10-10 03:00:00,0,0,0
2020-10-10 04:00:00,0,0,0
2020-10-10 05:00:00,0,0,0
2020-10-10 06:00:00,5,3,2
2020-10-10 07:00:00,7,4,3
2020-10-10 08:00:00,1,1,0
2020-10-10 09:00:00,22,7,15
2020-10-10 10:00:00,21,9,12
2020-10-10 11:00:00,34,14,20
2020-10-10 12:00:00,59,27,32
2020-10-10 13:00:00,115,49,66
2020-10-10 14:00:00,128,55,73
2020-10-10 15:00:00,132,62,70
2020-10-10 16:00:00,139,69,70
2020-10-10 17:00:00,102,45,57
2020-10-10 18:00:00,104,54,50
2020-10-10 19:00:00,34,18,16
2020-10-10 20:00:00,11,5,6
2020-10-10 21:00:00,11,4,7
2020-10-10 22:00:00,3,0,3
2020-10-10 23:00:00,3,2,1
2020-10-11 00:00:00,3,1,2
2020-10-11 01:00:00,1,0,1
2020-10-11 02:00:00,3,2,1
2020-10-11 03:00:00,0,0,0
2020-10-11 04:00:00,1,0,1
2020-10-11 05:00:00,2,1,1
2020-10-11 06:00:00,4,3,1
2020-10-11 07:00:00,17,5,12
2020-10-11 08:00:00,33,13,20
2020-10-11 09:00:00,51,32,19
2020-10-11 10:00:00,71,35,36
2020-10-11 11:00:00,26,14,12
2020-10-11 12:00:00,31,15,16
2020-10-11 13:00:00,13,8,5
2020-10-11 14:00:00,8,3,5
2020-10-11 15:00:00,12,5,7
2020-10-11 16:00:00,15,8,7
2020-10-11 17:00:00,8,4,4
2020-10-11 18:00:00,5,0,5
2020-10-11 19:00:00,4,3,1
2020-10-11 20:00:00,3,1,2
2020-10-11 21:00:00,2,2,0
2020-10-11 22:00:00,0,0,0
2020-10-11 23:00:00,0,0,0
2020-10-12 00:00:00,0,0,0
2020-10-12 01:00:00,0,0,0
2020-10-12 02:00:00,0,0,0
2020-10-12 03:00:00,1,1,0
2020-10-12 04:00:00,0,0,0
2020-10-12 05:00:00,8,2,6
2020-10-12 06:00:00,18,5,13
2020-10-12 07:00:00,35,22,13
2020-10-12 08:00:00,24,16,8
2020-10-12 09:00:00,21,11,10
2020-10-12 10:00:00,28,15,13
2020-10-12 11:00:00,27,12,15
2020-10-12 12:00:00,45,24,21
2020-10-12 13:00:00,55,32,23
2020-10-12 14:00:00,95,48,47
2020-10-12 15:00:00,108,42,66
2020-10-12 16:00:00,138,58,80
2020-10-12 17:00:00,180,75,105
2020-10-12 18:00:00,129,60,69
2020-10-12 19:00:00,37,18,19
2020-10-12 20:00:00,2,2,0
2020-10-12 21:00:00,4,4,0
2020-10-12 22:00:00,4,2,2
2020-10-12 23:00:00,1,0,1
2020-10-13 00:00:00,2,0,2
2020-10-13 01:00:00,0,0,0
2020-10-13 02:00:00,0,0,0
2020-10-13 03:00:00,0,0,0
2020-10-13 04:00:00,0,0,0
2020-10-13 05:00:00,7,2,5
2020-10-13 06:00:00,14,4,10
2020-10-13 07:00:00,33,20,13
2020-10-13 08:00:00,24,15,9
2020-10-13 09:00:00,18,11,7
2020-10-13 10:00:00,11,5,6
2020-10-13 11:00:00,12,5,7
2020-10-13 12:00:00,24,9,15
2020-10-13 13:00:00,40,18,22
2020-10-13 14:00:00,40,25,15
2020-10-13 15:00:00,45,23,22
2020-10-13 16:00:00,73,41,32
2020-10-13 17:00:00,108,41,67
2020-10-13 18:00:00,83,39,44
2020-10-13 19:00:00,26,19,7
2020-10-13 20:00:00,4,0,4
2020-10-13 21:00:00,0,0,0
2020-10-13 22:00:00,2,1,1
2020-10-13 23:00:00,1,1,0
2020-10-14 00:00:00,0,0,0
2020-10-14 01:00:00,3,0,3
2020-10-14 02:00:00,0,0,0
2020-10-14 03:00:00,1,0,1
2020-10-14 04:00:00,0,0,0
2020-10-14 05:00:00,9,1,8
2020-10-14 06:00:00,24,11,13
2020-10-14 07:00:00,52,31,21
2020-10-14 08:00:00,61,39,22
2020-10-14 09:00:00,38,26,12
2020-10-14 10:00:00,29,15,14
2020-10-14 11:00:00,44,23,21
2020-10-14 12:00:00,59,27,32
2020-10-14 13:00:00,77,35,42
2020-10-14 14:00:00,96,50,46
2020-10-14 15:00:00,91,46,45
2020-10-14 16:00:00,148,71,77
2020-10-14 17:00:00,189,93,96
2020-10-14 18:00:00,139,72,67
2020-10-14 19:00:00,45,32,13
2020-10-14 20:00:00,9,3,6
2020-10-14 21:00:00,2,0,2
2020-10-14 22:00:00,4,3,1
2020-10-14 23:00:00,1,1,0
2020-10-15 00:00:00,6,2,4
2020-10-15 01:00:00,0,0,0
2020-10-15 02:00:00,1,1,0
2020-10-15 03:00:00,0,0,0
2020-10-15 04:00:00,3,1,2
2020-10-15 05:00:00,14,5,9
2020-10-15 06:00:00,28,10,18
2020-10-15 07:00:00,64,36,28
2020-10-15 08:00:00,56,27,29
2020-10-15 09:00:00,42,27,15
2020-10-15 10:00:00,53,26,27
2020-10-15 11:00:00,74,39,35
2020-10-15 12:00:00,79,32,47
2020-10-15 13:00:00,72,39,33
2020-10-15 14:00:00,87,49,38
2020-10-15 15:00:00,93,42,51
2020-10-15 16:00:00,139,59,80
2020-10-15 17:00:00,197,88,109
2020-10-15 18:00:00,155,74,81
2020-10-15 19:00:00,49,30,19
2020-10-15 20:00:00,16,8,8
2020-10-15 21:00:00,9,5,4
2020-10-15 22:00:00,10,8,2
2020-10-15 23:00:00,10,6,4
2020-10-16 00:00:00,3,0,3
2020-10-16 01:00:00,0,0,0
2020-10-16 02:00:00,1,1,0
2020-10-16 03:00:00,0,0,0
2020-10-16 04:00:00,2,0,2
2020-10-16 05:00:00,7,4,3
2020-10-16 06:00:00,22,6,16
2020-10-16 07:00:00,45,25,20
2020-10-16 08:00:00,36,24,12
2020-10-16 09:00:00,32,21,11
2020-10-16 10:00:00,33,15,18
2020-10-16 11:00:00,39,15,24
2020-10-16 12:00:00,43,21,22
2020-10-16 13:00:00,33,15,18
2020-10-16 14:00:00,36,20,16
2020-10-16 15:00:00,52,31,21
2020-10-16 16:00:00,80,30,50
2020-10-16 17:00:00,63,20,43
2020-10-16 18:00:00,37,19,18
2020-10-16 19:00:00,23,9,14
2020-10-16 20:00:00,10,4,6
2020-10-16 21:00:00,9,5,4
2020-10-16 22:00:00,6,1,5
2020-10-16 23:00:00,2,1,1
2020-10-17 00:00:00,3,1,2
2020-10-17 01:00:00,3,1,2
2020-10-17 02:00:00,1,1,0
2020-10-17 03:00:00,0,0,0
2020-10-17 04:00:00,1,0,1
2020-10-17 05:00:00,3,2,1
2020-10-17 06:00:00,8,5,3
2020-10-17 07:00:00,13,4,9
2020-10-17 08:00:00,26,13,13
2020-10-17 09:00:00,43,20,23
2020-10-17 10:00:00,51,26,25
2020-10-17 11:00:00,89,45,44
2020-10-17 12:00:00,95,53,42
2020-10-17 13:00:00,97,51,46
2020-10-17 14:00:00,105,47,58
2020-10-17 15:00:00,141,59,82
2020-10-17 16:00:00,105,59,46
2020-10-17 17:00:00,95,44,51
2020-10-17 18:00:00,52,28,24
2020-10-17 19:00:00,17,7,10
2020-10-17 20:00:00,12,7,5
2020-10-17 21:00:00,10,2,8
2020-10-17 22:00:00,10,6,4
2020-10-17 23:00:00,8,4,4
2020-10-18 00:00:00,2,0,2
2020-10-18 01:00:00,4,1,3
2020-10-18 02:00:00,7,5,2
2020-10-18 03:00:00,0,0,0
2020-10-18 04:00:00,0,0,0
2020-10-18 05:00:00,1,0,1
2020-10-18 06:00:00,2,0,2
2020-10-18 07:00:00,12,7,5
2020-10-18 08:00:00,9,5,4
2020-10-18 09:00:00,26,13,13
2020-10-18 10:00:00,26,15,11
2020-10-18 11:00:00,27,7,20
2020-10-18 12:00:00,30,14,16
2020-10-18 13:00:00,22,9,13
2020-10-18 14:00:00,23,9,14
2020-10-18 15:00:00,32,12,20
2020-10-18 16:00:00,45,21,24
2020-10-18 17:00:00,45,19,26
2020-10-18 18:00:00,48,25,23
2020-10-18 19:00:00,17,9,8
2020-10-18 20:00:00,7,5,2
2020-10-18 21:00:00,9,6,3
2020-10-18 22:00:00,5,1,4
2020-10-18 23:00:00,0,0,0
2020-10-19 00:00:00,0,0,0
2020-10-19 01:00:00,0,0,0
2020-10-19 02:00:00,2,1,1
2020-10-19 03:00:00,0,0,0
2020-10-19 04:00:00,0,0,0
2020-10-19 05:00:00,12,3,9
2020-10-19 06:00:00,24,10,14
2020-10-19 07:00:00,40,23,17
2020-10-19 08:00:00,42,25,17
2020-10-19 09:00:00,28,15,13
2020-10-19 10:00:00,43,25,18
2020-10-19 11:00:00,46,19,27
2020-10-19 12:00:00,49,23,26
2020-10-19 13:00:00,35,20,15
2020-10-19 14:00:00,45,19,26
2020-10-19 15:00:00,45,24,21
2020-10-19 16:00:00,50,21,29
2020-10-19 17:00:00,48,18,30
2020-10-19 18:00:00,33,13,20
2020-10-19 19:00:00,15,7,8
2020-10-19 20:00:00,3,1,2
2020-10-19 21:00:00,0,0,0
2020-10-19 22:00:00,2,1,1
2020-10-19 23:00:00,2,2,0
2020-10-20 00:00:00,6,3,3
2020-10-20 01:00:00,0,0,0
2020-10-20 02:00:00,1,0,1
2020-10-20 03:00:00,0,0,0
2020-10-20 04:00:00,0,0,0
2020-10-20 05:00:00,12,5,7
2020-10-20 06:00:00,25,14,11
2020-10-20 07:00:00,50,27,23
2020-10-20 08:00:00,45,28,17
2020-10-20 09:00:00,24,16,8
2020-10-20 10:00:00,22,14,8
2020-10-20 11:00:00,29,13,16
2020-10-20 12:00:00,49,23,26
2020-10-20 13:00:00,74,30,44
2020-10-20 14:00:00,81,40,41
2020-10-20 15:00:00,118,61,57
2020-10-20 16:00:00,157,72,85
2020-10-20 17:00:00,222,104,118
2020-10-20 18:00:00,129,72,57
2020-10-20 19:00:00,25,15,10
2020-10-20 20:00:00,12,6,6
2020-10-20 21:00:00,5,1,4
2020-10-20 22:00:00,7,2,5
2020-10-20 23:00:00,2,1,1
2020-10-21 00:00:00,0,0,0
2020-10-21 01:00:00,0,0,0
2020-10-21 02:00:00,0,0,0
2020-10-21 03:00:00,0,0,0
2020-10-21 04:00:00,1,0,1
2020-10-21 05:00:00,5,0,5
2020-10-21 06:00:00,26,11,15
2020-10-21 07:00:00,42,21,21
2020-10-21 08:00:00,38,22,16
2020-10-21 09:00:00,24,16,8
2020-10-21 10:00:00,14,10,4
2020-10-21 11:00:00,10,7,3
2020-10-21 12:00:00,23,10,13
2020-10-21 13:00:00,20,6,14
2020-10-21 14:00:00,37,24,13
2020-10-21 15:00:00,63,25,38
2020-10-21 16:00:00,89,39,50
2020-10-21 17:00:00,149,65,84
2020-10-21 18:00:00,83,45,38
2020-10-21 19:00:00,27,19,8
2020-10-21 20:00:00,7,2,5
2020-10-21 21:00:00,10,7,3
2020-10-21 22:00:00,3,2,1
2020-10-21 23:00:00,5,1,4
2020-10-22 00:00:00,0,0,0
2020-10-22 01:00:00,0,0,0
2020-10-22 02:00:00,2,2,0
2020-10-22 03:00:00,0,0,0
2020-10-22 04:00:00,2,0,2
2020-10-22 05:00:00,12,6,6
2020-10-22 06:00:00,23,8,15
2020-10-22 07:00:00,60,33,27
2020-10-22 08:00:00,48,34,14
2020-10-22 09:00:00,30,10,20
2020-10-22 10:00:00,29,16,13
2020-10-22 11:00:00,27,14,13
2020-10-22 12:00:00,44,24,20
2020-10-22 13:00:00,41,20,21
2020-10-22 14:00:00,77,32,45
2020-10-22 15:00:00,108,61,47
2020-10-22 16:00:00,152,67,85
2020-10-22 17:00:00,158,76,82
2020-10-22 18:00:00,88,50,38
2020-10-22 19:00:00,20,11,9
2020-10-22 20:00:00,5,3,2
2020-10-22 21:00:00,7,0,7
2020-10-22 22:00:00,10,4,6
2020-10-22 23:00:00,2,1,1
2020-10-23 00:00:00,4,0,4
2020-10-23 01:00:00,4,1,3
2020-10-23 02:00:00,1,1,0
2020-10-23 03:00:00,0,0,0
2020-10-23 04:00:00,1,0,1
2020-10-23 05:00:00,9,3,6
2020-10-23 06:00:00,16,8,8
2020-10-23 07:00:00,27,13,14
2020-10-23 08:00:00,16,13,3
2020-10-23 09:00:00,16,10,6
2020-10-23 10:00:00,6,1,5
2020-10-23 11:00:00,15,7,8
2020-10-23 12:00:00,24,9,15
2020-10-23 13:00:00,16,8,8
2020-10-23 14:00:00,36,19,17
2020-10-23 15:00:00,44,19,25
2020-10-23 16:00:00,48,25,23
2020-10-23 17:00:00,41,13,28
2020-10-23 18:00:00,22,10,12
2020-10-23 19:00:00,11,9,2
2020-10-23 20:00:00,3,1,2
2020-10-23 21:00:00,1,1,0
2020-10-23 22:00:00,2,1,1
2020-10-23 23:00:00,2,1,1
2020-10-24 00:00:00,1,0,1
2020-10-24 01:00:00,0,0,0
2020-10-24 02:00:00,1,1,0
2020-10-24 03:00:00,6,0,6
2020-10-24 04:00:00,0,0,0
2020-10-24 05:00:00,0,0,0
2020-10-24 06:00:00,5,4,1
2020-10-24 07:00:00,8,4,4
2020-10-24 08:00:00,24,13,11
2020-10-24 09:00:00,27,16,11
2020-10-24 10:00:00,71,39,32
2020-10-24 11:00:00,69,38,31
2020-10-24 12:00:00,90,40,50
2020-10-24 13:00:00,85,35,50
2020-10-24 14:00:00,120,50,70
2020-10-24 15:00:00,109,56,53
2020-10-24 16:00:00,86,36,50
2020-10-24 17:00:00,76,39,37
2020-10-24 18:00:00,66,33,33
2020-10-24 19:00:00,9,3,6
2020-10-24 20:00:00,5,0,5
2020-10-24 21:00:00,4,0,4
2020-10-24 22:00:00,2,2,0
2020-10-24 23:00:00,14,0,14
2020-10-25 00:00:00,2,1,1
2020-10-25 01:00:00,0,0,0
2020-10-25 02:00:00,2,2,0
2020-10-25 03:00:00,0,0,0
2020-10-25 04:00:00,1,0,1
2020-10-25 05:00:00,0,0,0
2020-10-25 06:00:00,7,2,5
2020-10-25 07:00:00,6,4,2
2020-10-25 08:00:00,21,9,12
2020-10-25 09:00:00,40,17,23
2020-10-25 10:00:00,51,28,23
2020-10-25 11:00:00,79,39,40
2020-10-25 12:00:00,93,40,53
2020-10-25 13:00:00,112,56,56
2020-10-25 14:00:00,150,73,77
2020-10-25 15:00:00,153,74,79
2020-10-25 16:00:00,124,65,59
2020-10-25 17:00:00,68,30,38
2020-10-25 18:00:00,45,28,17
2020-10-25 19:00:00,12,7,5
2020-10-25 20:00:00,2,0,2
2020-10-25 21:00:00,8,2,6
2020-10-25 22:00:00,3,2,1
2020-10-25 23:00:00,0,0,0
2020-10-26 00:00:00,0,0,0
2020-10-26 01:00:00,0,0,0
2020-10-26 02:00:00,0,0,0
2020-10-26 03:00:00,0,0,0
2020-10-26 04:00:00,0,0,0
2020-10-26 05:00:00,10,3,7
2020-10-26 06:00:00,14,6,8
2020-10-26 07:00:00,27,18,9
2020-10-26 08:00:00,26,17,9
2020-10-26 09:00:00,17,12,5
2020-10-26 10:00:00,31,12,19
2020-10-26 11:00:00,23,10,13
2020-10-26 12:00:00,35,17,18
2020-10-26 13:00:00,36,14,22
2020-10-26 14:00:00,62,30,32
2020-10-26 15:00:00,57,27,30
2020-10-26 16:00:00,77,45,32
2020-10-26 17:00:00,104,45,59
2020-10-26 18:00:00,57,33,24
2020-10-26 19:00:00,28,14,14
2020-10-26 20:00:00,2,0,2
2020-10-26 21:00:00,11,5,6
2020-10-26 22:00:00,5,5,0
2020-10-26 23:00:00,1,1,0
2020-10-27 00:00:00,1,0,1
2020-10-27 01:00:00,0,0,0
2020-10-27 02:00:00,0,0,0
2020-10-27 03:00:00,0,0,0
2020-10-27 04:00:00,0,0,0
2020-10-27 05:00:00,5,3,2
2020-10-27 06:00:00,25,10,15
2020-10-27 07:00:00,48,25,23
2020-10-27 08:00:00,37,21,16
2020-10-27 09:00:00,20,12,8
2020-10-27 10:00:00,18,12,6
2020-10-27 11:00:00,38,22,16
2020-10-27 12:00:00,34,18,16
2020-10-27 13:00:00,46,25,21
2020-10-27 14:00:00,66,26,40
2020-10-27 15:00:00,79,32,47
2020-10-27 16:00:00,119,51,68
2020-10-27 17:00:00,172,65,107
2020-10-27 18:00:00,92,52,40
2020-10-27 19:00:00,25,19,6
2020-10-27 20:00:00,8,2,6
2020-10-27 21:00:00,8,3,5
2020-10-27 22:00:00,3,2,1
2020-10-27 23:00:00,5,2,3
2020-10-28 00:00:00,3,2,1
2020-10-28 01:00:00,1,0,1
2020-10-28 02:00:00,1,1,0
2020-10-28 03:00:00,0,0,0
2020-10-28 04:00:00,0,0,0
2020-10-28 05:00:00,7,2,5
2020-10-28 06:00:00,26,8,18
2020-10-28 07:00:00,38,24,14
2020-10-28 08:00:00,49,29,20
2020-10-28 09:00:00,34,20,14
2020-10-28 10:00:00,30,16,14
2020-10-28 11:00:00,28,11,17
2020-10-28 12:00:00,48,24,24
2020-10-28 13:00:00,40,21,19
2020-10-28 14:00:00,62,32,30
2020-10-28 15:00:00,57,30,27
2020-10-28 16:00:00,101,38,63
2020-10-28 17:00:00,99,48,51
2020-10-28 18:00:00,75,38,37
2020-10-28 19:00:00,13,9,4
2020-10-28 20:00:00,7,1,6
2020-10-28 21:00:00,9,6,3
2020-10-28 22:00:00,5,2,3
2020-10-28 23:00:00,2,2,0
2020-10-29 00:00:00,0,0,0
2020-10-29 01:00:00,1,1,0
2020-10-29 02:00:00,0,0,0
2020-10-29 03:00:00,1,0,1
2020-10-29 04:00:00,0,0,0
2020-10-29 05:00:00,7,2,5
2020-10-29 06:00:00,24,8,16
2020-10-29 07:00:00,38,19,19
2020-10-29 08:00:00,51,25,26
2020-10-29 09:00:00,24,13,11
2020-10-29 10:00:00,37,18,19
2020-10-29 11:00:00,18,9,9
2020-10-29 12:00:00,34,17,17
2020-10-29 13:00:00,42,21,21
2020-10-29 14:00:00,66,33,33
2020-10-29 15:00:00,88,38,50
2020-10-29 16:00:00,142,78,64
2020-10-29 17:00:00,178,65,113
2020-10-29 18:00:00,116,65,51
2020-10-29 19:00:00,35,19,16
2020-10-29 20:00:00,18,7,11
2020-10-29 21:00:00,9,4,5
2020-10-29 22:00:00,6,5,1
2020-10-29 23:00:00,1,1,0
2020-10-30 00:00:00,1,0,1
2020-10-30 01:00:00,0,0,0
2020-10-30 02:00:00,0,0,0
2020-10-30 03:00:00,0,0,0
2020-10-30 04:00:00,0,0,0
2020-10-30 05:00:00,6,3,3
2020-10-30 06:00:00,21,7,14
2020-10-30 07:00:00,30,18,12
2020-10-30 08:00:00,20,11,9
2020-10-30 09:00:00,27,13,14
2020-10-30 10:00:00,22,7,15
2020-10-30 11:00:00,53,25,28
2020-10-30 12:00:00,48,18,30
2020-10-30 13:00:00,57,29,28
2020-10-30 14:00:00,97,47,50
2020-10-30 15:00:00,108,41,67
2020-10-30 16:00:00,108,55,53
2020-10-30 17:00:00,108,41,67
2020-10-30 18:00:00,74,45,29
2020-10-30 19:00:00,13,9,4
2020-10-30 20:00:00,12,7,5
2020-10-30 21:00:00,3,0,3
2020-10-30 22:00:00,4,2,2
2020-10-30 23:00:00,16,6,10
2020-10-31 00:00:00,2,1,1
2020-10-31 01:00:00,6,4,2
2020-10-31 02:00:00,1,0,1
2020-10-31 03:00:00,0,0,0
2020-10-31 04:00:00,1,0,1
2020-10-31 05:00:00,2,0,2
2020-10-31 06:00:00,4,1,3
2020-10-31 07:00:00,5,4,1
2020-10-31 08:00:00,29,13,16
2020-10-31 09:00:00,41,25,16
2020-10-31 10:00:00,96,61,35
2020-10-31 11:00:00,145,60,85
2020-10-31 12:00:00,117,56,61
2020-10-31 13:00:00,147,67,80
2020-10-31 14:00:00,195,77,118
2020-10-31 15:00:00,161,87,74
2020-10-31 16:00:00,143,69,74
2020-10-31 17:00:00,115,66,49
2020-10-31 18:00:00,64,33,31
2020-10-31 19:00:00,29,23,6
2020-10-31 20:00:00,25,6,19
2020-10-31 21:00:00,18,6,12
2020-10-31 22:00:00,8,4,4
2020-10-31 23:00:00,1,1,0
2020-11-01 00:00:00,4,2,2
2020-11-01 01:00:00,0,0,0
2020-11-01 02:00:00,0,0,0
2020-11-01 03:00:00,1,0,1
2020-11-01 04:00:00,4,2,2
2020-11-01 05:00:00,1,0,1
2020-11-01 06:00:00,1,0,1
2020-11-01 07:00:00,17,6,11
2020-11-01 08:00:00,39,29,10
2020-11-01 09:00:00,67,35,32
2020-11-01 10:00:00,123,50,73
2020-11-01 11:00:00,184,80,104
2020-11-01 12:00:00,166,81,85
2020-11-01 13:00:00,218,117,101
2020-11-01 14:00:00,224,94,130
2020-11-01 15:00:00,188,87,101
2020-11-01 16:00:00,194,100,94
2020-11-01 17:00:00,91,53,38
2020-11-01 18:00:00,14,9,5
2020-11-01 19:00:00,13,7,6
2020-11-01 20:00:00,2,2,0
2020-11-01 21:00:00,11,8,3
2020-11-01 22:00:00,6,3,3
2020-11-01 23:00:00,0,0,0
2020-11-02 00:00:00,0,0,0
2020-11-02 01:00:00,0,0,0
2020-11-02 02:00:00,0,0,0
2020-11-02 03:00:00,0,0,0
2020-11-02 04:00:00,0,0,0
2020-11-02 05:00:00,13,4,9
2020-11-02 06:00:00,32,16,16
2020-11-02 07:00:00,49,29,20
2020-11-02 08:00:00,45,24,21
2020-11-02 09:00:00,31,18,13
2020-11-02 10:00:00,46,19,27
2020-11-02 11:00:00,59,27,32
2020-11-02 12:00:00,83,37,46
2020-11-02 13:00:00,102,54,48
2020-11-02 14:00:00,120,66,54
2020-11-02 15:00:00,130,60,70
2020-11-02 16:00:00,154,77,77
2020-11-02 17:00:00,95,48,47
2020-11-02 18:00:00,40,13,27
2020-11-02 19:00:00,10,4,6
2020-11-02 20:00:00,1,0,1
2020-11-02 21:00:00,14,5,9
2020-11-02 22:00:00,6,4,2
2020-11-02 23:00:00,2,2,0
2020-11-03 00:00:00,1,1,0
2020-11-03 01:00:00,4,4,0
2020-11-03 02:00:00,5,2,3
2020-11-03 03:00:00,3,2,1
2020-11-03 04:00:00,1,1,0
2020-11-03 05:00:00,5,2,3
2020-11-03 06:00:00,19,11,8
2020-11-03 07:00:00,36,18,18
2020-11-03 08:00:00,14,6,8
2020-11-03 09:00:00,11,5,6
2020-11-03 10:00:00,5,4,1
2020-11-03 11:00:00,4,4,0
2020-11-03 12:00:00,14,4,10
2020-11-03 13:00:00,11,5,6
2020-11-03 14:00:00,16,4,12
2020-11-03 15:00:00,31,16,15
2020-11-03 16:00:00,41,16,25
2020-11-03 17:00:00,42,23,19
2020-11-03 18:00:00,15,6,9
2020-11-03 19:00:00,3,2,1
2020-11-03 20:00:00,1,0,1
2020-11-03 21:00:00,6,3,3
2020-11-03 22:00:00,4,4,0
2020-11-03 23:00:00,2,0,2
2020-11-04 00:00:00,3,2,1
2020-11-04 01:00:00,0,0,0
2020-11-04 02:00:00,0,0,0
2020-11-04 03:00:00,0,0,0
2020-11-04 04:00:00,0,0,0
2020-11-04 05:00:00,4,1,3
2020-11-04 06:00:00,20,10,10
2020-11-04 07:00:00,35,16,19
2020-11-04 08:00:00,33,17,16
2020-11-04 09:00:00,20,12,8
2020-11-04 10:00:00,16,8,8
2020-11-04 11:00:00,18,5,13
2020-11-04 12:00:00,25,10,15
2020-11-04 13:00:00,23,12,11
2020-11-04 14:00:00,22,13,9
2020-11-04 15:00:00,23,11,12
2020-11-04 16:00:00,41,17,24
2020-11-04 17:00:00,37,11,26
2020-11-04 18:00:00,18,3,15
2020-11-04 19:00:00,6,2,4
2020-11-04 20:00:00,3,2,1
2020-11-04 21:00:00,5,0,5
2020-11-04 22:00:00,3,3,0
2020-11-04 23:00:00,2,1,1
2020-11-05 00:00:00,0,0,0
2020-11-05 01:00:00,0,0,0
2020-11-05 02:00:00,0,0,0
2020-11-05 03:00:00,0,0,0
2020-11-05 04:00:00,0,0,0
2020-11-05 05:00:00,4,2,2
2020-11-05 06:00:00,24,11,13
2020-11-05 07:00:00,49,21,28
2020-11-05 08:00:00,31,19,12
2020-11-05 09:00:00,22,9,13
2020-11-05 10:00:00,21,9,12
2020-11-05 11:00:00,10,4,6
2020-11-05 12:00:00,15,10,5
2020-11-05 13:00:00,9,5,4
2020-11-05 14:00:00,10,5,5
2020-11-05 15:00:00,19,9,10
2020-11-05 16:00:00,34,14,20
2020-11-05 17:00:00,53,19,34
2020-11-05 18:00:00,32,13,19
2020-11-05 19:00:00,9,6,3
2020-11-05 20:00:00,3,1,2
2020-11-05 21:00:00,8,5,3
2020-11-05 22:00:00,6,2,4
2020-11-05 23:00:00,9,4,5
2020-11-06 00:00:00,1,0,1
2020-11-06 01:00:00,0,0,0
2020-11-06 02:00:00,0,0,0
2020-11-06 03:00:00,1,0,1
2020-11-06 04:00:00,0,0,0
2020-11-06 05:00:00,7,3,4
2020-11-06 06:00:00,11,4,7
2020-11-06 07:00:00,46,25,21
2020-11-06 08:00:00,20,8,12
2020-11-06 09:00:00,34,19,15
2020-11-06 10:00:00,27,14,13
2020-11-06 11:00:00,43,18,25
2020-11-06 12:00:00,44,25,19
2020-11-06 13:00:00,42,22,20
2020-11-06 14:00:00,60,26,34
2020-11-06 15:00:00,88,43,45
2020-11-06 16:00:00,106,55,51
2020-11-06 17:00:00,62,26,36
2020-11-06 18:00:00,31,19,12
2020-11-06 19:00:00,20,8,12
2020-11-06 20:00:00,7,2,5
2020-11-06 21:00:00,5,2,3
2020-11-06 22:00:00,11,3,8
2020-11-06 23:00:00,3,2,1
2020-11-07 00:00:00,0,0,0
2020-11-07 01:00:00,3,2,1
2020-11-07 02:00:00,0,0,0
2020-11-07 03:00:00,0,0,0
2020-11-07 04:00:00,0,0,0
2020-11-07 05:00:00,1,1,0
2020-11-07 06:00:00,6,4,2
2020-11-07 07:00:00,13,6,7
2020-11-07 08:00:00,37,18,19
2020-11-07 09:00:00,41,19,22
2020-11-07 10:00:00,50,28,22
2020-11-07 11:00:00,71,29,42
2020-11-07 12:00:00,68,35,33
2020-11-07 13:00:00,58,29,29
2020-11-07 14:00:00,74,37,37
2020-11-07 15:00:00,85,33,52
2020-11-07 16:00:00,81,39,42
2020-11-07 17:00:00,39,23,16
2020-11-07 18:00:00,13,7,6
2020-11-07 19:00:00,9,4,5
2020-11-07 20:00:00,3,2,1
2020-11-07 21:00:00,7,2,5
2020-11-07 22:00:00,6,2,4
2020-11-07 23:00:00,2,2,0
2020-11-08 00:00:00,2,2,0
2020-11-08 01:00:00,1,0,1
2020-11-08 02:00:00,0,0,0
2020-11-08 03:00:00,0,0,0
2020-11-08 04:00:00,0,0,0
2020-11-08 05:00:00,0,0,0
2020-11-08 06:00:00,3,0,3
2020-11-08 07:00:00,15,6,9
2020-11-08 08:00:00,31,17,14
2020-11-08 09:00:00,48,26,22
2020-11-08 10:00:00,81,40,41
2020-11-08 11:00:00,98,41,57
2020-11-08 12:00:00,115,55,60
2020-11-08 13:00:00,145,70,75
2020-11-08 14:00:00,235,111,124
2020-11-08 15:00:00,193,100,93
2020-11-08 16:00:00,125,70,55
2020-11-08 17:00:00,39,21,18
2020-11-08 18:00:00,12,3,9
2020-11-08 19:00:00,8,4,4
2020-11-08 20:00:00,4,1,3
2020-11-08 21:00:00,1,0,1
2020-11-08 22:00:00,6,2,4
2020-11-08 23:00:00,0,0,0
2020-11-09 00:00:00,1,0,1
2020-11-09 01:00:00,0,0,0
2020-11-09 02:00:00,0,0,0
2020-11-09 03:00:00,1,0,1
2020-11-09 04:00:00,0,0,0
2020-11-09 05:00:00,7,3,4
2020-11-09 06:00:00,20,6,14
2020-11-09 07:00:00,50,33,17
2020-11-09 08:00:00,35,21,14
2020-11-09 09:00:00,25,11,14
2020-11-09 10:00:00,25,13,12
2020-11-09 11:00:00,32,15,17
2020-11-09 12:00:00,35,19,16
2020-11-09 13:00:00,24,11,13
2020-11-09 14:00:00,30,16,14
2020-11-09 15:00:00,38,15,23
2020-11-09 16:00:00,51,18,33
2020-11-09 17:00:00,33,15,18
2020-11-09 18:00:00,16,3,13
2020-11-09 19:00:00,5,1,4
2020-11-09 20:00:00,4,2,2
2020-11-09 21:00:00,1,0,1
2020-11-09 22:00:00,2,2,0
2020-11-09 23:00:00,2,1,1
2020-11-10 00:00:00,0,0,0
2020-11-10 01:00:00,1,1,0
2020-11-10 02:00:00,1,0,1
2020-11-10 03:00:00,0,0,0
2020-11-10 04:00:00,0,0,0
2020-11-10 05:00:00,9,5,4
2020-11-10 06:00:00,23,8,15
2020-11-10 07:00:00,40,27,13
2020-11-10 08:00:00,36,15,21
2020-11-10 09:00:00,28,14,14
2020-11-10 10:00:00,30,17,13
2020-11-10 11:00:00,26,12,14
2020-11-10 12:00:00,25,15,10
2020-11-10 13:00:00,16,4,12
2020-11-10 14:00:00,18,6,12
2020-11-10 15:00:00,29,15,14
2020-11-10 16:00:00,39,18,21
2020-11-10 17:00:00,38,12,26
2020-11-10 18:00:00,25,7,18
2020-11-10 19:00:00,5,4,1
2020-11-10 20:00:00,8,5,3
2020-11-10 21:00:00,2,1,1
2020-11-10 22:00:00,2,1,1
2020-11-10 23:00:00,2,1,1
2020-11-11 00:00:00,1,0,1
2020-11-11 01:00:00,0,0,0
2020-11-11 02:00:00,1,0,1
2020-11-11 03:00:00,2,1,1
2020-11-11 04:00:00,0,0,0
2020-11-11 05:00:00,10,2,8
2020-11-11 06:00:00,19,7,12
2020-11-11 07:00:00,48,20,28
2020-11-11 08:00:00,39,28,11
2020-11-11 09:00:00,39,22,17
2020-11-11 10:00:00,27,18,9
2020-11-11 11:00:00,39,22,17
2020-11-11 12:00:00,80,38,42
2020-11-11 13:00:00,77,39,38
2020-11-11 14:00:00,93,35,58
2020-11-11 15:00:00,106,51,55
2020-11-11 16:00:00,74,35,39
2020-11-11 17:00:00,39,21,18
2020-11-11 18:00:00,43,11,32
2020-11-11 19:00:00,14,9,5
2020-11-11 20:00:00,7,3,4
2020-11-11 21:00:00,13,7,6
2020-11-11 22:00:00,2,1,1
2020-11-11 23:00:00,1,1,0
2020-11-12 00:00:00,0,0,0
2020-11-12 01:00:00,0,0,0
2020-11-12 02:00:00,0,0,0
2020-11-12 03:00:00,1,0,1
2020-11-12 04:00:00,0,0,0
2020-11-12 05:00:00,8,2,6
2020-11-12 06:00:00,25,13,12
2020-11-12 07:00:00,43,19,24
2020-11-12 08:00:00,23,14,9
2020-11-12 09:00:00,42,20,22
2020-11-12 10:00:00,26,15,11
2020-11-12 11:00:00,26,15,11
2020-11-12 12:00:00,48,25,23
2020-11-12 13:00:00,32,17,15
2020-11-12 14:00:00,34,12,22
2020-11-12 15:00:00,29,14,15
2020-11-12 16:00:00,27,13,14
2020-11-12 17:00:00,25,9,16
2020-11-12 18:00:00,19,9,10
2020-11-12 19:00:00,5,2,3
2020-11-12 20:00:00,4,2,2
2020-11-12 21:00:00,2,1,1
2020-11-12 22:00:00,2,1,1
2020-11-12 23:00:00,0,0,0
2020-11-13 00:00:00,0,0,0
2020-11-13 01:00:00,0,0,0
2020-11-13 02:00:00,0,0,0
2020-11-13 03:00:00,0,0,0
2020-11-13 04:00:00,0,0,0
2020-11-13 05:00:00,4,2,2
2020-11-13 06:00:00,9,2,7
2020-11-13 07:00:00,22,11,11
2020-11-13 08:00:00,13,8,5
2020-11-13 09:00:00,27,18,9
2020-11-13 10:00:00,27,11,16
2020-11-13 11:00:00,26,14,12
2020-11-13 12:00:00,39,17,22
2020-11-13 13:00:00,59,28,31
2020-11-13 14:00:00,61,29,32
2020-11-13 15:00:00,86,35,51
2020-11-13 16:00:00,86,47,39
2020-11-13 17:00:00,43,21,22
2020-11-13 18:00:00,20,12,8
2020-11-13 19:00:00,7,5,2
2020-11-13 20:00:00,7,1,6
2020-11-13 21:00:00,8,3,5
2020-11-13 22:00:00,7,6,1
2020-11-13 23:00:00,3,2,1
2020-11-14 00:00:00,3,0,3
2020-11-14 01:00:00,3,2,1
2020-11-14 02:00:00,0,0,0
2020-11-14 03:00:00,0,0,0
2020-11-14 04:00:00,0,0,0
2020-11-14 05:00:00,2,1,1
2020-11-14 06:00:00,3,2,1
2020-11-14 07:00:00,14,8,6
2020-11-14 08:00:00,42,17,25
2020-11-14 09:00:00,42,16,26
2020-11-14 10:00:00,114,51,63
2020-11-14 11:00:00,97,54,43
2020-11-14 12:00:00,74,34,40
2020-11-14 13:00:00,48,19,29
2020-11-14 14:00:00,48,26,22
2020-11-14 15:00:00,32,16,16
2020-11-14 16:00:00,14,7,7
2020-11-14 17:00:00,3,0,3
2020-11-14 18:00:00,3,0,3
2020-11-14 19:00:00,6,3,3
2020-11-14 20:00:00,1,1,0
2020-11-14 21:00:00,4,0,4
2020-11-14 22:00:00,0,0,0
2020-11-14 23:00:00,0,0,0
2020-11-15 00:00:00,0,0,0
2020-11-15 01:00:00,1,1,0
2020-11-15 02:00:00,0,0,0
2020-11-15 03:00:00,0,0,0
2020-11-15 04:00:00,0,0,0
2020-11-15 05:00:00,0,0,0
2020-11-15 06:00:00,1,0,1
2020-11-15 07:00:00,9,4,5
2020-11-15 08:00:00,18,5,13
2020-11-15 09:00:00,30,14,16
2020-11-15 10:00:00,62,25,37
2020-11-15 11:00:00,85,41,44
2020-11-15 12:00:00,84,51,33
2020-11-15 13:00:00,85,41,44
2020-11-15 14:00:00,84,35,49
2020-11-15 15:00:00,122,52,70
2020-11-15 16:00:00,98,47,51
2020-11-15 17:00:00,12,9,3
2020-11-15 18:00:00,3,3,0
2020-11-15 19:00:00,4,1,3
2020-11-15 20:00:00,2,0,2
2020-11-15 21:00:00,3,2,1
2020-11-15 22:00:00,0,0,0
2020-11-15 23:00:00,3,1,2
2020-11-16 00:00:00,1,0,1
2020-11-16 01:00:00,0,0,0
2020-11-16 02:00:00,0,0,0
2020-11-16 03:00:00,1,0,1
2020-11-16 04:00:00,1,1,0
2020-11-16 05:00:00,7,2,5
2020-11-16 06:00:00,15,5,10
2020-11-16 07:00:00,38,20,18
2020-11-16 08:00:00,26,19,7
2020-11-16 09:00:00,17,6,11
2020-11-16 10:00:00,11,4,7
2020-11-16 11:00:00,3,2,1
2020-11-16 12:00:00,9,4,5
2020-11-16 13:00:00,0,0,0
2020-11-16 14:00:00,16,9,7
2020-11-16 15:00:00,17,6,11
2020-11-16 16:00:00,22,10,12
2020-11-16 17:00:00,22,9,13
2020-11-16 18:00:00,15,7,8
2020-11-16 19:00:00,7,4,3
2020-11-16 20:00:00,2,0,2
2020-11-16 21:00:00,0,0,0
2020-11-16 22:00:00,4,3,1
2020-11-16 23:00:00,5,1,4
2020-11-17 00:00:00,0,0,0
2020-11-17 01:00:00,0,0,0
2020-11-17 02:00:00,0,0,0
2020-11-17 03:00:00,0,0,0
2020-11-17 04:00:00,1,0,1
2020-11-17 05:00:00,8,4,4
2020-11-17 06:00:00,20,7,13
2020-11-17 07:00:00,31,15,16
2020-11-17 08:00:00,25,14,11
2020-11-17 09:00:00,23,9,14
2020-11-17 10:00:00,17,8,9
2020-11-17 11:00:00,21,8,13
2020-11-17 12:00:00,11,2,9
2020-11-17 13:00:00,17,3,14
2020-11-17 14:00:00,30,18,12
2020-11-17 15:00:00,32,20,12
2020-11-17 16:00:00,30,11,19
2020-11-17 17:00:00,29,7,22
2020-11-17 18:00:00,13,3,10
2020-11-17 19:00:00,6,2,4
2020-11-17 20:00:00,3,2,1
2020-11-17 21:00:00,2,0,2
2020-11-17 22:00:00,2,2,0
2020-11-17 23:00:00,1,0,1
2020-11-18 00:00:00,1,0,1
2020-11-18 01:00:00,0,0,0
2020-11-18 02:00:00,0,0,0
2020-11-18 03:00:00,0,0,0
2020-11-18 04:00:00,0,0,0
2020-11-18 05:00:00,8,4,4
2020-11-18 06:00:00,27,7,20
2020-11-18 07:00:00,39,20,19
2020-11-18 08:00:00,41,24,17
2020-11-18 09:00:00,24,10,14
2020-11-18 10:00:00,6,0,6
2020-11-18 11:00:00,14,8,6
2020-11-18 12:00:00,19,3,16
2020-11-18 13:00:00,6,2,4
2020-11-18 14:00:00,9,3,6
2020-11-18 15:00:00,31,17,14
2020-11-18 16:00:00,27,11,16
2020-11-18 17:00:00,39,14,25
2020-11-18 18:00:00,28,4,24
2020-11-18 19:00:00,16,7,9
2020-11-18 20:00:00,4,1,3
2020-11-18 21:00:00,1,1,0
2020-11-18 22:00:00,4,3,1
2020-11-18 23:00:00,5,2,3
2020-11-19 00:00:00,0,0,0
2020-11-19 01:00:00,0,0,0
2020-11-19 02:00:00,0,0,0
2020-11-19 03:00:00,0,0,0
2020-11-19 04:00:00,2,0,2
2020-11-19 05:00:00,5,1,4
2020-11-19 06:00:00,20,6,14
2020-11-19 07:00:00,35,15,20
2020-11-19 08:00:00,32,20,12
2020-11-19 09:00:00,19,6,13
2020-11-19 10:00:00,22,12,10
2020-11-19 11:00:00,23,10,13
2020-11-19 12:00:00,51,23,28
2020-11-19 13:00:00,44,22,22
2020-11-19 14:00:00,55,25,30
2020-11-19 15:00:00,77,28,49
2020-11-19 16:00:00,54,29,25
2020-11-19 17:00:00,42,16,26
2020-11-19 18:00:00,13,4,9
2020-11-19 19:00:00,19,9,10
2020-11-19 20:00:00,14,4,10
2020-11-19 21:00:00,11,8,3
2020-11-19 22:00:00,4,3,1
2020-11-19 23:00:00,5,3,2
2020-11-20 00:00:00,1,0,1
2020-11-20 01:00:00,1,0,1
2020-11-20 02:00:00,0,0,0
2020-11-20 03:00:00,0,0,0
2020-11-20 04:00:00,2,1,1
2020-11-20 05:00:00,4,1,3
2020-11-20 06:00:00,18,10,8
2020-11-20 07:00:00,25,11,14
2020-11-20 08:00:00,22,11,11
2020-11-20 09:00:00,26,14,12
2020-11-20 10:00:00,21,9,12
2020-11-20 11:00:00,22,9,13
2020-11-20 12:00:00,27,14,13
2020-11-20 13:00:00,30,9,21
2020-11-20 14:00:00,45,15,30
2020-11-20 15:00:00,46,14,32
2020-11-20 16:00:00,68,26,42
2020-11-20 17:00:00,52,23,29
2020-11-20 18:00:00,24,9,15
2020-11-20 19:00:00,11,8,3
2020-11-20 20:00:00,28,13,15
2020-11-20 21:00:00,16,8,8
2020-11-20 22:00:00,5,2,3
2020-11-20 23:00:00,7,4,3
2020-11-21 00:00:00,1,1,0
2020-11-21 01:00:00,1,0,1
2020-11-21 02:00:00,0,0,0
2020-11-21 03:00:00,0,0,0
2020-11-21 04:00:00,0,0,0
2020-11-21 05:00:00,3,1,2
2020-11-21 06:00:00,4,3,1
2020-11-21 07:00:00,16,12,4
2020-11-21 08:00:00,39,14,25
2020-11-21 09:00:00,72,36,36
2020-11-21 10:00:00,106,51,55
2020-11-21 11:00:00,158,74,84
2020-11-21 12:00:00,219,110,109
2020-11-21 13:00:00,231,89,142
2020-11-21 14:00:00,274,120,154
2020-11-21 15:00:00,242,119,123
2020-11-21 16:00:00,199,114,85
2020-11-21 17:00:00,53,30,23
2020-11-21 18:00:00,14,6,8
2020-11-21 19:00:00,10,7,3
2020-11-21 20:00:00,7,4,3
2020-11-21 21:00:00,5,1,4
2020-11-21 22:00:00,9,0,9
2020-11-21 23:00:00,8,4,4
2020-11-22 00:00:00,2,2,0
2020-11-22 01:00:00,2,1,1
2020-11-22 02:00:00,3,1,2
2020-11-22 03:00:00,1,0,1
2020-11-22 04:00:00,0,0,0
2020-11-22 05:00:00,2,0,2
2020-11-22 06:00:00,4,2,2
2020-11-22 07:00:00,9,4,5
2020-11-22 08:00:00,25,13,12
2020-11-22 09:00:00,55,22,33
2020-11-22 10:00:00,87,48,39
2020-11-22 11:00:00,94,45,49
2020-11-22 12:00:00,69,29,40
2020-11-22 13:00:00,47,16,31
2020-11-22 14:00:00,43,23,20
2020-11-22 15:00:00,23,11,12
2020-11-22 16:00:00,16,9,7
2020-11-22 17:00:00,1,1,0
2020-11-22 18:00:00,1,1,0
2020-11-22 19:00:00,2,1,1
2020-11-22 20:00:00,0,0,0
2020-11-22 21:00:00,0,0,0
2020-11-22 22:00:00,0,0,0
2020-11-22 23:00:00,1,0,1
2020-11-23 00:00:00,0,0,0
2020-11-23 01:00:00,0,0,0
2020-11-23 02:00:00,0,0,0
2020-11-23 03:00:00,0,0,0
2020-11-23 04:00:00,2,2,0
2020-11-23 05:00:00,5,0,5
2020-11-23 06:00:00,15,4,11
2020-11-23 07:00:00,28,18,10
2020-11-23 08:00:00,15,5,10
2020-11-23 09:00:00,10,5,5
2020-11-23 10:00:00,7,3,4
2020-11-23 11:00:00,10,2,8
2020-11-23 12:00:00,25,14,11
2020-11-23 13:00:00,35,13,22
2020-11-23 14:00:00,55,28,27
2020-11-23 15:00:00,44,17,27
2020-11-23 16:00:00,51,27,24
2020-11-23 17:00:00,34,15,19
2020-11-23 18:00:00,22,8,14
2020-11-23 19:00:00,7,4,3
2020-11-23 20:00:00,3,1,2
2020-11-23 21:00:00,1,0,1
2020-11-23 22:00:00,0,0,0
2020-11-23 23:00:00,3,2,1
2020-11-24 00:00:00,4,1,3
2020-11-24 01:00:00,3,1,2
2020-11-24 02:00:00,0,0,0
2020-11-24 03:00:00,1,0,1
2020-11-24 04:00:00,0,0,0
2020-11-24 05:00:00,6,2,4
2020-11-24 06:00:00,14,4,10
2020-11-24 07:00:00,42,21,21
2020-11-24 08:00:00,29,12,17
2020-11-24 09:00:00,27,15,12
2020-11-24 10:00:00,11,5,6
2020-11-24 11:00:00,18,9,9
2020-11-24 12:00:00,12,7,5
2020-11-24 13:00:00,34,16,18
2020-11-24 14:00:00,8,4,4
2020-11-24 15:00:00,17,9,8
2020-11-24 16:00:00,15,9,6
2020-11-24 17:00:00,18,7,11
2020-11-24 18:00:00,9,1,8
2020-11-24 19:00:00,8,3,5
2020-11-24 20:00:00,2,1,1
2020-11-24 21:00:00,2,0,2
2020-11-24 22:00:00,7,4,3
2020-11-24 23:00:00,1,1,0
2020-11-25 00:00:00,1,1,0
2020-11-25 01:00:00,2,1,1
2020-11-25 02:00:00,0,0,0
2020-11-25 03:00:00,0,0,0
2020-11-25 04:00:00,0,0,0
2020-11-25 05:00:00,5,3,2
2020-11-25 06:00:00,17,6,11
2020-11-25 07:00:00,24,13,11
2020-11-25 08:00:00,27,17,10
2020-11-25 09:00:00,22,10,12
2020-11-25 10:00:00,30,13,17
2020-11-25 11:00:00,38,18,20
2020-11-25 12:00:00,51,24,27
2020-11-25 13:00:00,60,27,33
2020-11-25 14:00:00,85,36,49
2020-11-25 15:00:00,103,51,52
2020-11-25 16:00:00,74,37,37
2020-11-25 17:00:00,26,10,16
2020-11-25 18:00:00,8,4,4
2020-11-25 19:00:00,12,4,8
2020-11-25 20:00:00,6,2,4
2020-11-25 21:00:00,7,1,6
2020-11-25 22:00:00,0,0,0
2020-11-25 23:00:00,2,2,0
2020-11-26 00:00:00,2,1,1
2020-11-26 01:00:00,0,0,0
2020-11-26 02:00:00,0,0,0
2020-11-26 03:00:00,0,0,0
2020-11-26 04:00:00,0,0,0
2020-11-26 05:00:00,1,0,1
2020-11-26 06:00:00,1,1,0
2020-11-26 07:00:00,4,1,3
2020-11-26 08:00:00,29,14,15
2020-11-26 09:00:00,27,19,8
2020-11-26 10:00:00,29,9,20
2020-11-26 11:00:00,61,36,25
2020-11-26 12:00:00,51,20,31
2020-11-26 13:00:00,62,30,32
2020-11-26 14:00:00,72,31,41
2020-11-26 15:00:00,52,30,22
2020-11-26 16:00:00,36,18,18
2020-11-26 17:00:00,8,5,3
2020-11-26 18:00:00,1,1,0
2020-11-26 19:00:00,0,0,0
2020-11-26 20:00:00,4,3,1
2020-11-26 21:00:00,8,4,4
2020-11-26 22:00:00,9,3,6
2020-11-26 23:00:00,1,1,0
2020-11-27 00:00:00,0,0,0
2020-11-27 01:00:00,1,0,1
2020-11-27 02:00:00,0,0,0
2020-11-27 03:00:00,0,0,0
2020-11-27 04:00:00,0,0,0
2020-11-27 05:00:00,4,2,2
2020-11-27 06:00:00,1,0,1
2020-11-27 07:00:00,11,8,3
2020-11-27 08:00:00,16,10,6
2020-11-27 09:00:00,40,18,22
2020-11-27 10:00:00,57,28,29
2020-11-27 11:00:00,100,52,48
2020-11-27 12:00:00,138,49,89
2020-11-27 13:00:00,184,87,97
2020-11-27 14:00:00,186,85,101
2020-11-27 15:00:00,211,83,128
2020-11-27 16:00:00,142,73,69
2020-11-27 17:00:00,34,15,19
2020-11-27 18:00:00,14,7,7
2020-11-27 19:00:00,2,2,0
2020-11-27 20:00:00,9,5,4
2020-11-27 21:00:00,1,1,0
2020-11-27 22:00:00,3,0,3
2020-11-27 23:00:00,0,0,0
2020-11-28 00:00:00,2,1,1
2020-11-28 01:00:00,0,0,0
2020-11-28 02:00:00,0,0,0
2020-11-28 03:00:00,0,0,0
2020-11-28 04:00:00,0,0,0
2020-11-28 05:00:00,3,1,2
2020-11-28 06:00:00,4,2,2
2020-11-28 07:00:00,11,4,7
2020-11-28 08:00:00,17,11,6
2020-11-28 09:00:00,28,12,16
2020-11-28 10:00:00,37,16,21
2020-11-28 11:00:00,29,12,17
2020-11-28 12:00:00,36,14,22
2020-11-28 13:00:00,31,15,16
2020-11-28 14:00:00,53,24,29
2020-11-28 15:00:00,89,48,41
2020-11-28 16:00:00,51,21,30
2020-11-28 17:00:00,33,19,14
2020-11-28 18:00:00,10,5,5
2020-11-28 19:00:00,13,4,9
2020-11-28 20:00:00,2,1,1
2020-11-28 21:00:00,4,2,2
2020-11-28 22:00:00,6,2,4
2020-11-28 23:00:00,8,0,8
2020-11-29 00:00:00,0,0,0
2020-11-29 01:00:00,0,0,0
2020-11-29 02:00:00,0,0,0
2020-11-29 03:00:00,0,0,0
2020-11-29 04:00:00,0,0,0
2020-11-29 05:00:00,2,1,1
2020-11-29 06:00:00,3,0,3
2020-11-29 07:00:00,9,5,4
2020-11-29 08:00:00,14,7,7
2020-11-29 09:00:00,41,14,27
2020-11-29 10:00:00,57,31,26
2020-11-29 11:00:00,70,27,43
2020-11-29 12:00:00,72,31,41
2020-11-29 13:00:00,149,63,86
2020-11-29 14:00:00,227,92,135
2020-11-29 15:00:00,248,129,119
2020-11-29 16:00:00,154,94,60
2020-11-29 17:00:00,13,6,7
2020-11-29 18:00:00,15,7,8
2020-11-29 19:00:00,2,1,1
2020-11-29 20:00:00,7,4,3
2020-11-29 21:00:00,1,0,1
2020-11-29 22:00:00,0,0,0
2020-11-29 23:00:00,0,0,0
2020-11-30 00:00:00,0,0,0
2020-11-30 01:00:00,1,1,0
2020-11-30 02:00:00,1,0,1
2020-11-30 03:00:00,0,0,0
2020-11-30 04:00:00,0,0,0
2020-11-30 05:00:00,3,0,3
2020-11-30 06:00:00,13,4,9
2020-11-30 07:00:00,20,12,8
2020-11-30 08:00:00,23,14,9
2020-11-30 09:00:00,19,10,9
2020-11-30 10:00:00,27,17,10
2020-11-30 11:00:00,35,15,20
2020-11-30 12:00:00,56,30,26
2020-11-30 13:00:00,49,19,30
2020-11-30 14:00:00,60,33,27
2020-11-30 15:00:00,114,52,62
2020-11-30 16:00:00,68,31,37
2020-11-30 17:00:00,42,19,23
2020-11-30 18:00:00,23,5,18
2020-11-30 19:00:00,8,4,4
2020-11-30 20:00:00,1,1,0
2020-11-30 21:00:00,3,2,1
2020-11-30 22:00:00,6,4,2
2020-11-30 23:00:00,2,1,1
2020-12-01 00:00:00,1,0,1
2020-12-01 01:00:00,2,1,1
2020-12-01 02:00:00,0,0,0
2020-12-01 03:00:00,0,0,0
2020-12-01 04:00:00,1,0,1
2020-12-01 05:00:00,7,4,3
2020-12-01 06:00:00,19,10,9
2020-12-01 07:00:00,44,23,21
2020-12-01 08:00:00,35,19,16
2020-12-01 09:00:00,34,17,17
2020-12-01 10:00:00,35,11,24
2020-12-01 11:00:00,46,24,22
2020-12-01 12:00:00,54,25,29
2020-12-01 13:00:00,59,28,31
2020-12-01 14:00:00,60,27,33
2020-12-01 15:00:00,136,63,73
2020-12-01 16:00:00,114,61,53
2020-12-01 17:00:00,34,12,22
2020-12-01 18:00:00,33,11,22
2020-12-01 19:00:00,19,6,13
2020-12-01 20:00:00,3,0,3
2020-12-01 21:00:00,3,2,1
2020-12-01 22:00:00,2,1,1
2020-12-01 23:00:00,1,1,0
2020-12-02 00:00:00,1,0,1
2020-12-02 01:00:00,1,1,0
2020-12-02 02:00:00,0,0,0
2020-12-02 03:00:00,0,0,0
2020-12-02 04:00:00,0,0,0
2020-12-02 05:00:00,14,6,8
2020-12-02 06:00:00,20,12,8
2020-12-02 07:00:00,35,22,13
2020-12-02 08:00:00,41,23,18
2020-12-02 09:00:00,36,18,18
2020-12-02 10:00:00,33,14,19
2020-12-02 11:00:00,62,18,44
2020-12-02 12:00:00,76,31,45
2020-12-02 13:00:00,102,53,49
2020-12-02 14:00:00,103,59,44
2020-12-02 15:00:00,127,59,68
2020-12-02 16:00:00,119,61,58
2020-12-02 17:00:00,68,32,36
2020-12-02 18:00:00,31,10,21
2020-12-02 19:00:00,16,7,9
2020-12-02 20:00:00,7,2,5
2020-12-02 21:00:00,2,0,2
2020-12-02 22:00:00,7,7,0
2020-12-02 23:00:00,3,2,1
2020-12-03 00:00:00,0,0,0
2020-12-03 01:00:00,0,0,0
2020-12-03 02:00:00,0,0,0
2020-12-03 03:00:00,0,0,0
2020-12-03 04:00:00,0,0,0
2020-12-03 05:00:00,8,4,4
2020-12-03 06:00:00,15,7,8
2020-12-03 07:00:00,37,15,22
2020-12-03 08:00:00,43,25,18
2020-12-03 09:00:00,28,14,14
2020-12-03 10:00:00,23,11,12
2020-12-03 11:00:00,33,10,23
2020-12-03 12:00:00,37,15,22
2020-12-03 13:00:00,65,38,27
2020-12-03 14:00:00,44,18,26
2020-12-03 15:00:00,59,22,37
2020-12-03 16:00:00,59,31,28
2020-12-03 17:00:00,39,15,24
2020-12-03 18:00:00,38,13,25
2020-12-03 19:00:00,12,7,5
2020-12-03 20:00:00,5,3,2
2020-12-03 21:00:00,3,3,0
2020-12-03 22:00:00,3,3,0
2020-12-03 23:00:00,3,2,1
2020-12-04 00:00:00,1,0,1
2020-12-04 01:00:00,0,0,0
2020-12-04 02:00:00,0,0,0
2020-12-04 03:00:00,0,0,0
2020-12-04 04:00:00,0,0,0
2020-12-04 05:00:00,9,5,4
2020-12-04 06:00:00,18,5,13
2020-12-04 07:00:00,41,19,22
2020-12-04 08:00:00,43,23,20
2020-12-04 09:00:00,42,20,22
2020-12-04 10:00:00,41,23,18
2020-12-04 11:00:00,55,23,32
2020-12-04 12:00:00,71,27,44
2020-12-04 13:00:00,96,51,45
2020-12-04 14:00:00,145,67,78
2020-12-04 15:00:00,152,60,92
2020-12-04 16:00:00,136,64,72
2020-12-04 17:00:00,41,19,22
2020-12-04 18:00:00,25,14,11
2020-12-04 19:00:00,12,9,3
2020-12-04 20:00:00,10,9,1
2020-12-04 21:00:00,9,4,5
2020-12-04 22:00:00,4,2,2
2020-12-04 23:00:00,2,1,1
2020-12-05 00:00:00,7,7,0
2020-12-05 01:00:00,0,0,0
2020-12-05 02:00:00,0,0,0
2020-12-05 03:00:00,2,1,1
2020-12-05 04:00:00,5,2,3
2020-12-05 05:00:00,2,1,1
2020-12-05 06:00:00,6,4,2
2020-12-05 07:00:00,11,8,3
2020-12-05 08:00:00,37,21,16
2020-12-05 09:00:00,68,35,33
2020-12-05 10:00:00,123,62,61
2020-12-05 11:00:00,129,64,65
2020-12-05 12:00:00,177,80,97
2020-12-05 13:00:00,238,109,129
2020-12-05 14:00:00,323,143,180
2020-12-05 15:00:00,289,115,174
2020-12-05 16:00:00,186,101,85
2020-12-05 17:00:00,43,24,19
2020-12-05 18:00:00,24,16,8
2020-12-05 19:00:00,15,9,6
2020-12-05 20:00:00,21,9,12
2020-12-05 21:00:00,5,3,2
2020-12-05 22:00:00,7,2,5
2020-12-05 23:00:00,0,0,0
2020-12-06 00:00:00,0,0,0
2020-12-06 01:00:00,6,3,3
2020-12-06 02:00:00,11,7,4
2020-12-06 03:00:00,1,0,1
2020-12-06 04:00:00,0,0,0
2020-12-06 05:00:00,1,0,1
2020-12-06 06:00:00,9,3,6
2020-12-06 07:00:00,10,6,4
2020-12-06 08:00:00,17,9,8
2020-12-06 09:00:00,24,17,7
2020-12-06 10:00:00,62,27,35
2020-12-06 11:00:00,95,44,51
2020-12-06 12:00:00,117,31,86
2020-12-06 13:00:00,108,37,71
2020-12-06 14:00:00,183,101,82
2020-12-06 15:00:00,132,58,74
2020-12-06 16:00:00,107,62,45
2020-12-06 17:00:00,15,5,10
2020-12-06 18:00:00,10,4,6
2020-12-06 19:00:00,14,7,7
2020-12-06 20:00:00,2,2,0
2020-12-06 21:00:00,9,7,2
2020-12-06 22:00:00,0,0,0
2020-12-06 23:00:00,3,2,1
2020-12-07 00:00:00,4,2,2
2020-12-07 01:00:00,1,1,0
2020-12-07 02:00:00,1,0,1
2020-12-07 03:00:00,1,1,0
2020-12-07 04:00:00,3,0,3
2020-12-07 05:00:00,9,3,6
2020-12-07 06:00:00,18,8,10
2020-12-07 07:00:00,42,25,17
2020-12-07 08:00:00,29,18,11
2020-12-07 09:00:00,28,12,16
2020-12-07 10:00:00,25,15,10
2020-12-07 11:00:00,31,16,15
2020-12-07 12:00:00,64,32,32
2020-12-07 13:00:00,56,27,29
2020-12-07 14:00:00,63,30,33
2020-12-07 15:00:00,62,29,33
2020-12-07 16:00:00,68,32,36
2020-12-07 17:00:00,49,20,29
2020-12-07 18:00:00,23,9,14
2020-12-07 19:00:00,18,4,14
2020-12-07 20:00:00,6,3,3
2020-12-07 21:00:00,6,3,3
2020-12-07 22:00:00,5,3,2
2020-12-07 23:00:00,1,0,1
2020-12-08 00:00:00,1,1,0
2020-12-08 01:00:00,1,1,0
2020-12-08 02:00:00,0,0,0
2020-12-08 03:00:00,0,0,0
2020-12-08 04:00:00,0,0,0
2020-12-08 05:00:00,3,0,3
2020-12-08 06:00:00,18,6,12
2020-12-08 07:00:00,34,18,16
2020-12-08 08:00:00,27,10,17
2020-12-08 09:00:00,29,16,13
2020-12-08 10:00:00,12,5,7
2020-12-08 11:00:00,9,5,4
2020-12-08 12:00:00,5,3,2
2020-12-08 13:00:00,26,15,11
2020-12-08 14:00:00,13,5,8
2020-12-08 15:00:00,21,10,11
2020-12-08 16:00:00,20,6,14
2020-12-08 17:00:00,20,8,12
2020-12-08 18:00:00,15,3,12
2020-12-08 19:00:00,5,1,4
2020-12-08 20:00:00,4,1,3
2020-12-08 21:00:00,3,3,0
2020-12-08 22:00:00,1,1,0
2020-12-08 23:00:00,1,0,1
2020-12-09 00:00:00,1,0,1
2020-12-09 01:00:00,1,0,1
2020-12-09 02:00:00,0,0,0
2020-12-09 03:00:00,1,0,1
2020-12-09 04:00:00,0,0,0
2020-12-09 05:00:00,6,3,3
2020-12-09 06:00:00,18,7,11
2020-12-09 07:00:00,42,17,25
2020-12-09 08:00:00,27,14,13
2020-12-09 09:00:00,15,10,5
2020-12-09 10:00:00,15,4,11
2020-12-09 11:00:00,26,10,16
2020-12-09 12:00:00,29,13,16
2020-12-09 13:00:00,26,12,14
2020-12-09 14:00:00,54,26,28
2020-12-09 15:00:00,84,43,41
2020-12-09 16:00:00,82,43,39
2020-12-09 17:00:00,43,22,21
2020-12-09 18:00:00,32,14,18
2020-12-09 19:00:00,16,5,11
2020-12-09 20:00:00,4,2,2
2020-12-09 21:00:00,5,5,0
2020-12-09 22:00:00,2,2,0
2020-12-09 23:00:00,3,3,0
2020-12-10 00:00:00,1,0,1
2020-12-10 01:00:00,1,0,1
2020-12-10 02:00:00,1,1,0
2020-12-10 03:00:00,1,0,1
2020-12-10 04:00:00,4,0,4
2020-12-10 05:00:00,8,3,5
2020-12-10 06:00:00,19,8,11
2020-12-10 07:00:00,36,19,17
2020-12-10 08:00:00,27,16,11
2020-12-10 09:00:00,30,12,18
2020-12-10 10:00:00,23,13,10
2020-12-10 11:00:00,27,11,16
2020-12-10 12:00:00,41,14,27
2020-12-10 13:00:00,22,15,7
2020-12-10 14:00:00,62,29,33
2020-12-10 15:00:00,73,26,47
2020-12-10 16:00:00,69,39,30
2020-12-10 17:00:00,29,17,12
2020-12-10 18:00:00,27,10,17
2020-12-10 19:00:00,8,2,6
2020-12-10 20:00:00,7,4,3
2020-12-10 21:00:00,2,0,2
2020-12-10 22:00:00,7,4,3
2020-12-10 23:00:00,3,0,3
2020-12-11 00:00:00,0,0,0
2020-12-11 01:00:00,0,0,0
2020-12-11 02:00:00,0,0,0
2020-12-11 03:00:00,0,0,0
2020-12-11 04:00:00,1,0,1
2020-12-11 05:00:00,3,2,1
2020-12-11 06:00:00,19,5,14
2020-12-11 07:00:00,35,21,14
2020-12-11 08:00:00,23,11,12
2020-12-11 09:00:00,18,9,9
2020-12-11 10:00:00,30,16,14
2020-12-11 11:00:00,18,7,11
2020-12-11 12:00:00,29,7,22
2020-12-11 13:00:00,67,38,29
2020-12-11 14:00:00,77,35,42
2020-12-11 15:00:00,98,40,58
2020-12-11 16:00:00,74,38,36
2020-12-11 17:00:00,40,15,25
2020-12-11 18:00:00,26,11,15
2020-12-11 19:00:00,3,2,1
2020-12-11 20:00:00,19,13,6
2020-12-11 21:00:00,2,1,1
2020-12-11 22:00:00,4,3,1
2020-12-11 23:00:00,0,0,0
2020-12-12 00:00:00,2,1,1
2020-12-12 01:00:00,1,1,0
2020-12-12 02:00:00,2,0,2
2020-12-12 03:00:00,0,0,0
2020-12-12 04:00:00,0,0,0
2020-12-12 05:00:00,0,0,0
2020-12-12 06:00:00,3,1,2
2020-12-12 07:00:00,8,3,5
2020-12-12 08:00:00,21,9,12
2020-12-12 09:00:00,47,22,25
2020-12-12 10:00:00,60,33,27
2020-12-12 11:00:00,100,49,51
2020-12-12 12:00:00,132,67,65
2020-12-12 13:00:00,214,88,126
2020-12-12 14:00:00,242,91,151
2020-12-12 15:00:00,212,92,120
2020-12-12 16:00:00,121,88,33
2020-12-12 17:00:00,18,6,12
2020-12-12 18:00:00,15,7,8
2020-12-12 19:00:00,11,7,4
2020-12-12 20:00:00,18,10,8
2020-12-12 21:00:00,2,1,1
2020-12-12 22:00:00,14,3,11
2020-12-12 23:00:00,1,0,1
2020-12-13 00:00:00,0,0,0
2020-12-13 01:00:00,0,0,0
2020-12-13 02:00:00,0,0,0
2020-12-13 03:00:00,0,0,0
2020-12-13 04:00:00,0,0,0
2020-12-13 05:00:00,2,1,1
2020-12-13 06:00:00,5,2,3
2020-12-13 07:00:00,8,6,2
2020-12-13 08:00:00,11,3,8
2020-12-13 09:00:00,11,7,4
2020-12-13 10:00:00,9,6,3
2020-12-13 11:00:00,21,7,14
2020-12-13 12:00:00,11,4,7
2020-12-13 13:00:00,29,14,15
2020-12-13 14:00:00,28,15,13
2020-12-13 15:00:00,56,30,26
2020-12-13 16:00:00,21,12,9
2020-12-13 17:00:00,9,3,6
2020-12-13 18:00:00,3,3,0
2020-12-13 19:00:00,7,5,2
2020-12-13 20:00:00,3,1,2
2020-12-13 21:00:00,3,1,2
2020-12-13 22:00:00,0,0,0
2020-12-13 23:00:00,1,0,1
2020-12-14 00:00:00,0,0,0
2020-12-14 01:00:00,0,0,0
2020-12-14 02:00:00,0,0,0
2020-12-14 03:00:00,0,0,0
2020-12-14 04:00:00,1,0,1
2020-12-14 05:00:00,4,2,2
2020-12-14 06:00:00,10,4,6
2020-12-14 07:00:00,37,22,15
2020-12-14 08:00:00,23,13,10
2020-12-14 09:00:00,18,7,11
2020-12-14 10:00:00,14,8,6
2020-12-14 11:00:00,7,4,3
2020-12-14 12:00:00,25,7,18
2020-12-14 13:00:00,38,12,26
2020-12-14 14:00:00,58,29,29
2020-12-14 15:00:00,50,29,21
2020-12-14 16:00:00,24,15,9
2020-12-14 17:00:00,29,10,19
2020-12-14 18:00:00,25,7,18
2020-12-14 19:00:00,8,3,5
2020-12-14 20:00:00,4,2,2
2020-12-14 21:00:00,2,0,2
2020-12-14 22:00:00,3,2,1
2020-12-14 23:00:00,2,1,1
2020-12-15 00:00:00,0,0,0
2020-12-15 01:00:00,2,0,2
2020-12-15 02:00:00,0,0,0
2020-12-15 03:00:00,0,0,0
2020-12-15 04:00:00,2,1,1
2020-12-15 05:00:00,5,0,5
2020-12-15 06:00:00,12,2,10
2020-12-15 07:00:00,26,11,15
2020-12-15 08:00:00,12,5,7
2020-12-15 09:00:00,19,7,12
2020-12-15 10:00:00,12,7,5
2020-12-15 11:00:00,7,5,2
2020-12-15 12:00:00,17,8,9
2020-12-15 13:00:00,14,6,8
2020-12-15 14:00:00,31,11,20
2020-12-15 15:00:00,34,19,15
2020-12-15 16:00:00,35,20,15
2020-12-15 17:00:00,20,13,7
2020-12-15 18:00:00,25,1,24
2020-12-15 19:00:00,7,5,2
2020-12-15 20:00:00,5,2,3
2020-12-15 21:00:00,0,0,0
2020-12-15 22:00:00,3,2,1
2020-12-15 23:00:00,1,0,1
2020-12-16 00:00:00,3,1,2
2020-12-16 01:00:00,1,0,1
2020-12-16 02:00:00,0,0,0
2020-12-16 03:00:00,1,0,1
2020-12-16 04:00:00,0,0,0
2020-12-16 05:00:00,5,2,3
2020-12-16 06:00:00,18,6,12
2020-12-16 07:00:00,36,19,17
2020-12-16 08:00:00,26,15,11
2020-12-16 09:00:00,35,22,13
2020-12-16 10:00:00,25,13,12
2020-12-16 11:00:00,20,11,9
2020-12-16 12:00:00,29,12,17
2020-12-16 13:00:00,13,7,6
2020-12-16 14:00:00,16,9,7
2020-12-16 15:00:00,15,8,7
2020-12-16 16:00:00,22,10,12
2020-12-16 17:00:00,20,3,17
2020-12-16 18:00:00,14,4,10
2020-12-16 19:00:00,6,1,5
2020-12-16 20:00:00,1,0,1
2020-12-16 21:00:00,3,3,0
2020-12-16 22:00:00,1,1,0
2020-12-16 23:00:00,1,1,0
2020-12-17 00:00:00,2,0,2
2020-12-17 01:00:00,0,0,0
2020-12-17 02:00:00,0,0,0
2020-12-17 03:00:00,0,0,0
2020-12-17 04:00:00,0,0,0
2020-12-17 05:00:00,4,2,2
2020-12-17 06:00:00,16,5,11
2020-12-17 07:00:00,27,11,16
2020-12-17 08:00:00,28,13,15
2020-12-17 09:00:00,17,10,7
2020-12-17 10:00:00,27,16,11
2020-12-17 11:00:00,50,20,30
2020-12-17 12:00:00,60,29,31
2020-12-17 13:00:00,71,26,45
2020-12-17 14:00:00,109,50,59
2020-12-17 15:00:00,93,42,51
2020-12-17 16:00:00,100,50,50
2020-12-17 17:00:00,41,15,26
2020-12-17 18:00:00,21,8,13
2020-12-17 19:00:00,11,7,4
2020-12-17 20:00:00,4,0,4
2020-12-17 21:00:00,1,0,1
2020-12-17 22:00:00,2,1,1
2020-12-17 23:00:00,0,0,0
2020-12-18 00:00:00,0,0,0
2020-12-18 01:00:00,2,1,1
2020-12-18 02:00:00,2,1,1
2020-12-18 03:00:00,0,0,0
2020-12-18 04:00:00,3,0,3
2020-12-18 05:00:00,4,0,4
2020-12-18 06:00:00,14,4,10
2020-12-18 07:00:00,30,12,18
2020-12-18 08:00:00,10,7,3
2020-12-18 09:00:00,19,5,14
2020-12-18 10:00:00,14,5,9
2020-12-18 11:00:00,8,3,5
2020-12-18 12:00:00,18,7,11
2020-12-18 13:00:00,21,11,10
2020-12-18 14:00:00,20,9,11
2020-12-18 15:00:00,38,17,21
2020-12-18 16:00:00,22,8,14
2020-12-18 17:00:00,7,6,1
2020-12-18 18:00:00,8,3,5
2020-12-18 19:00:00,8,3,5
2020-12-18 20:00:00,2,1,1
2020-12-18 21:00:00,12,5,7
2020-12-18 22:00:00,3,2,1
2020-12-18 23:00:00,0,0,0
2020-12-19 00:00:00,0,0,0
2020-12-19 01:00:00,0,0,0
2020-12-19 02:00:00,0,0,0
2020-12-19 03:00:00,0,0,0
2020-12-19 04:00:00,0,0,0
2020-12-19 05:00:00,0,0,0
2020-12-19 06:00:00,5,2,3
2020-12-19 07:00:00,1,0,1
2020-12-19 08:00:00,14,7,7
2020-12-19 09:00:00,39,19,20
2020-12-19 10:00:00,48,22,26
2020-12-19 11:00:00,80,30,50
2020-12-19 12:00:00,62,32,30
2020-12-19 13:00:00,16,6,10
2020-12-19 14:00:00,22,8,14
2020-12-19 15:00:00,12,9,3
2020-12-19 16:00:00,10,4,6
2020-12-19 17:00:00,5,2,3
2020-12-19 18:00:00,11,10,1
2020-12-19 19:00:00,4,1,3
2020-12-19 20:00:00,1,0,1
2020-12-19 21:00:00,0,0,0
2020-12-19 22:00:00,1,0,1
2020-12-19 23:00:00,0,0,0
2020-12-20 00:00:00,0,0,0
2020-12-20 01:00:00,5,2,3
2020-12-20 02:00:00,0,0,0
2020-12-20 03:00:00,0,0,0
2020-12-20 04:00:00,0,0,0
2020-12-20 05:00:00,0,0,0
2020-12-20 06:00:00,4,0,4
2020-12-20 07:00:00,10,6,4
2020-12-20 08:00:00,10,2,8
2020-12-20 09:00:00,29,11,18
2020-12-20 10:00:00,33,10,23
2020-12-20 11:00:00,36,21,15
2020-12-20 12:00:00,83,36,47
2020-12-20 13:00:00,101,50,51
2020-12-20 14:00:00,106,51,55
2020-12-20 15:00:00,90,36,54
2020-12-20 16:00:00,49,26,23
2020-12-20 17:00:00,9,5,4
2020-12-20 18:00:00,4,1,3
2020-12-20 19:00:00,24,9,15
2020-12-20 20:00:00,0,0,0
2020-12-20 21:00:00,1,1,0
2020-12-20 22:00:00,8,1,7
2020-12-20 23:00:00,1,0,1
2020-12-21 00:00:00,0,0,0
2020-12-21 01:00:00,0,0,0
2020-12-21 02:00:00,0,0,0
2020-12-21 03:00:00,0,0,0
2020-12-21 04:00:00,3,0,3
2020-12-21 05:00:00,5,0,5
2020-12-21 06:00:00,10,1,9
2020-12-21 07:00:00,15,4,11
2020-12-21 08:00:00,8,3,5
2020-12-21 09:00:00,8,3,5
2020-12-21 10:00:00,13,5,8
2020-12-21 11:00:00,12,6,6
2020-12-21 12:00:00,11,3,8
2020-12-21 13:00:00,6,2,4
2020-12-21 14:00:00,9,3,6
2020-12-21 15:00:00,6,2,4
2020-12-21 16:00:00,8,1,7
2020-12-21 17:00:00,16,4,12
2020-12-21 18:00:00,7,2,5
2020-12-21 19:00:00,1,1,0
2020-12-21 20:00:00,1,1,0
2020-12-21 21:00:00,1,0,1
2020-12-21 22:00:00,2,2,0
2020-12-21 23:00:00,0,0,0
2020-12-22 00:00:00,2,1,1
2020-12-22 01:00:00,0,0,0
2020-12-22 02:00:00,1,0,1
2020-12-22 03:00:00,1,0,1
2020-12-22 04:00:00,2,0,2
2020-12-22 05:00:00,5,2,3
2020-12-22 06:00:00,17,7,10
2020-12-22 07:00:00,24,13,11
2020-12-22 08:00:00,24,17,7
2020-12-22 09:00:00,25,12,13
2020-12-22 10:00:00,30,14,16
2020-12-22 11:00:00,54,22,32
2020-12-22 12:00:00,65,33,32
2020-12-22 13:00:00,77,32,45
2020-12-22 14:00:00,84,43,41
2020-12-22 15:00:00,105,47,58
2020-12-22 16:00:00,62,28,34
2020-12-22 17:00:00,38,20,18
2020-12-22 18:00:00,25,10,15
2020-12-22 19:00:00,6,4,2
2020-12-22 20:00:00,8,4,4
2020-12-22 21:00:00,6,3,3
2020-12-22 22:00:00,1,1,0
2020-12-22 23:00:00,1,1,0
2020-12-23 00:00:00,4,1,3
2020-12-23 01:00:00,0,0,0
2020-12-23 02:00:00,0,0,0
2020-12-23 03:00:00,0,0,0
2020-12-23 04:00:00,1,1,0
2020-12-23 05:00:00,5,1,4
2020-12-23 06:00:00,13,4,9
2020-12-23 07:00:00,16,8,8
2020-12-23 08:00:00,11,7,4
2020-12-23 09:00:00,17,7,10
2020-12-23 10:00:00,30,16,14
2020-12-23 11:00:00,30,14,16
2020-12-23 12:00:00,51,22,29
2020-12-23 13:00:00,72,30,42
2020-12-23 14:00:00,101,48,53
2020-12-23 15:00:00,122,57,65
2020-12-23 16:00:00,76,36,40
2020-12-23 17:00:00,28,13,15
2020-12-23 18:00:00,23,12,11
2020-12-23 19:00:00,6,3,3
2020-12-23 20:00:00,5,0,5
2020-12-23 21:00:00,4,3,1
2020-12-23 22:00:00,1,1,0
2020-12-23 23:00:00,10,2,8
2020-12-24 00:00:00,0,0,0
2020-12-24 01:00:00,0,0,0
2020-12-24 02:00:00,0,0,0
2020-12-24 03:00:00,0,0,0
2020-12-24 04:00:00,0,0,0
2020-12-24 05:00:00,1,1,0
2020-12-24 06:00:00,5,2,3
2020-12-24 07:00:00,7,3,4
2020-12-24 08:00:00,1,1,0
2020-12-24 09:00:00,15,9,6
2020-12-24 10:00:00,29,17,12
2020-12-24 11:00:00,52,28,24
2020-12-24 12:00:00,81,41,40
2020-12-24 13:00:00,115,48,67
2020-12-24 14:00:00,140,48,92
2020-12-24 15:00:00,111,63,48
2020-12-24 16:00:00,64,37,27
2020-12-24 17:00:00,9,3,6
2020-12-24 18:00:00,4,3,1
2020-12-24 19:00:00,8,0,8
2020-12-24 20:00:00,5,4,1
2020-12-24 21:00:00,1,0,1
2020-12-24 22:00:00,4,1,3
2020-12-24 23:00:00,1,0,1
2020-12-25 00:00:00,0,0,0
2020-12-25 01:00:00,0,0,0
2020-12-25 02:00:00,0,0,0
2020-12-25 03:00:00,1,0,1
2020-12-25 04:00:00,0,0,0
2020-12-25 05:00:00,0,0,0
2020-12-25 06:00:00,2,1,1
2020-12-25 07:00:00,0,0,0
2020-12-25 08:00:00,10,3,7
2020-12-25 09:00:00,15,8,7
2020-12-25 10:00:00,9,4,5
2020-12-25 11:00:00,17,8,9
2020-12-25 12:00:00,21,10,11
2020-12-25 13:00:00,35,16,19
2020-12-25 14:00:00,41,21,20
2020-12-25 15:00:00,22,10,12
2020-12-25 16:00:00,6,6,0
2020-12-25 17:00:00,0,0,0
2020-12-25 18:00:00,4,1,3
2020-12-25 19:00:00,3,2,1
2020-12-25 20:00:00,0,0,0
2020-12-25 21:00:00,3,1,2
2020-12-25 22:00:00,0,0,0
2020-12-25 23:00:00,4,1,3
2020-12-26 00:00:00,2,2,0
2020-12-26 01:00:00,0,0,0
2020-12-26 02:00:00,2,0,2
2020-12-26 03:00:00,0,0,0
2020-12-26 04:00:00,2,1,1
2020-12-26 05:00:00,1,1,0
2020-12-26 06:00:00,1,0,1
2020-12-26 07:00:00,5,2,3
2020-12-26 08:00:00,4,2,2
2020-12-26 09:00:00,17,7,10
2020-12-26 10:00:00,13,2,11
2020-12-26 11:00:00,21,9,12
2020-12-26 12:00:00,16,7,9
2020-12-26 13:00:00,57,23,34
2020-12-26 14:00:00,114,56,58
2020-12-26 15:00:00,91,48,43
2020-12-26 16:00:00,64,32,32
2020-12-26 17:00:00,9,5,4
2020-12-26 18:00:00,9,2,7
2020-12-26 19:00:00,6,5,1
2020-12-26 20:00:00,11,8,3
2020-12-26 21:00:00,0,0,0
2020-12-26 22:00:00,2,0,2
2020-12-26 23:00:00,2,2,0
2020-12-27 00:00:00,0,0,0
2020-12-27 01:00:00,2,1,1
2020-12-27 02:00:00,0,0,0
2020-12-27 03:00:00,1,0,1
2020-12-27 04:00:00,1,0,1
2020-12-27 05:00:00,1,0,1
2020-12-27 06:00:00,1,1,0
2020-12-27 07:00:00,1,1,0
2020-12-27 08:00:00,8,3,5
2020-12-27 09:00:00,10,7,3
2020-12-27 10:00:00,10,3,7
2020-12-27 11:00:00,26,13,13
2020-12-27 12:00:00,40,17,23
2020-12-27 13:00:00,58,23,35
2020-12-27 14:00:00,108,54,54
2020-12-27 15:00:00,74,30,44
2020-12-27 16:00:00,67,32,35
2020-12-27 17:00:00,18,8,10
2020-12-27 18:00:00,9,6,3
2020-12-27 19:00:00,8,1,7
2020-12-27 20:00:00,3,1,2
2020-12-27 21:00:00,2,2,0
2020-12-27 22:00:00,3,2,1
2020-12-27 23:00:00,0,0,0
2020-12-28 00:00:00,13,6,7
2020-12-28 01:00:00,0,0,0
2020-12-28 02:00:00,0,0,0
2020-12-28 03:00:00,0,0,0
2020-12-28 04:00:00,0,0,0
2020-12-28 05:00:00,4,2,2
2020-12-28 06:00:00,8,4,4
2020-12-28 07:00:00,22,11,11
2020-12-28 08:00:00,30,24,6
2020-12-28 09:00:00,33,18,15
2020-12-28 10:00:00,56,27,29
2020-12-28 11:00:00,60,30,30
2020-12-28 12:00:00,113,56,57
2020-12-28 13:00:00,131,69,62
2020-12-28 14:00:00,193,93,100
2020-12-28 15:00:00,198,86,112
2020-12-28 16:00:00,101,48,53
2020-12-28 17:00:00,47,20,27
2020-12-28 18:00:00,24,6,18
2020-12-28 19:00:00,6,2,4
2020-12-28 20:00:00,0,0,0
2020-12-28 21:00:00,1,1,0
2020-12-28 22:00:00,5,2,3
2020-12-28 23:00:00,1,1,0
2020-12-29 00:00:00,2,1,1
2020-12-29 01:00:00,0,0,0
2020-12-29 02:00:00,0,0,0
2020-12-29 03:00:00,0,0,0
2020-12-29 04:00:00,0,0,0
2020-12-29 05:00:00,7,4,3
2020-12-29 06:00:00,13,5,8
2020-12-29 07:00:00,30,17,13
2020-12-29 08:00:00,14,6,8
2020-12-29 09:00:00,22,10,12
2020-12-29 10:00:00,27,15,12
2020-12-29 11:00:00,16,7,9
2020-12-29 12:00:00,54,26,28
2020-12-29 13:00:00,57,13,44
2020-12-29 14:00:00,62,35,27
2020-12-29 15:00:00,72,33,39
2020-12-29 16:00:00,55,22,33
2020-12-29 17:00:00,21,12,9
2020-12-29 18:00:00,11,2,9
2020-12-29 19:00:00,5,4,1
2020-12-29 20:00:00,2,1,1
2020-12-29 21:00:00,3,0,3
2020-12-29 22:00:00,1,0,1
2020-12-29 23:00:00,4,4,0
2020-12-30 00:00:00,0,0,0
2020-12-30 01:00:00,0,0,0
2020-12-30 02:00:00,0,0,0
2020-12-30 03:00:00,0,0,0
2020-12-30 04:00:00,0,0,0
2020-12-30 05:00:00,1,0,1
2020-12-30 06:00:00,5,2,3
2020-12-30 07:00:00,16,4,12
2020-12-30 08:00:00,11,6,5
2020-12-30 09:00:00,15,10,5
2020-12-30 10:00:00,8,2,6
2020-12-30 11:00:00,2,0,2
2020-12-30 12:00:00,23,8,15
2020-12-30 13:00:00,17,7,10
2020-12-30 14:00:00,13,7,6
2020-12-30 15:00:00,23,8,15
2020-12-30 16:00:00,33,15,18
2020-12-30 17:00:00,21,14,7
2020-12-30 18:00:00,2,1,1
2020-12-30 19:00:00,3,2,1
2020-12-30 20:00:00,1,1,0
2020-12-30 21:00:00,2,0,2
2020-12-30 22:00:00,2,0,2
2020-12-30 23:00:00,3,1,2
2020-12-31 00:00:00,1,0,1
2020-12-31 01:00:00,0,0,0
2020-12-31 02:00:00,0,0,0
2020-12-31 03:00:00,2,1,1
2020-12-31 04:00:00,0,0,0
2020-12-31 05:00:00,2,1,1
2020-12-31 06:00:00,6,4,2
2020-12-31 07:00:00,17,8,9
2020-12-31 08:00:00,13,8,5
2020-12-31 09:00:00,18,5,13
2020-12-31 10:00:00,45,19,26
2020-12-31 11:00:00,42,23,19
2020-12-31 12:00:00,62,27,35
2020-12-31 13:00:00,81,45,36
2020-12-31 14:00:00,108,41,67
2020-12-31 15:00:00,103,52,51
2020-12-31 16:00:00,52,31,21
2020-12-31 17:00:00,13,11,2
2020-12-31 18:00:00,13,4,9
2020-12-31 19:00:00,7,3,4
2020-12-31 20:00:00,4,2,2
2020-12-31 21:00:00,9,3,6
2020-12-31 22:00:00,10,3,7
2020-12-31 23:00:00,12,4,8
2021-01-01 00:00:00,6,2,4
2021-01-01 01:00:00,2,2,0
2021-01-01 02:00:00,0,0,0
2021-01-01 03:00:00,5,2,3
2021-01-01 04:00:00,0,0,0
2021-01-01 05:00:00,0,0,0
2021-01-01 06:00:00,2,1,1
2021-01-01 07:00:00,3,1,2
2021-01-01 08:00:00,8,2,6
2021-01-01 09:00:00,19,13,6
2021-01-01 10:00:00,35,13,22
2021-01-01 11:00:00,62,24,38
2021-01-01 12:00:00,55,29,26
2021-01-01 13:00:00,46,26,20
2021-01-01 14:00:00,38,13,25
2021-01-01 15:00:00,8,3,5
2021-01-01 16:00:00,10,5,5
2021-01-01 17:00:00,5,4,1
2021-01-01 18:00:00,7,2,5
2021-01-01 19:00:00,4,3,1
2021-01-01 20:00:00,1,0,1
2021-01-01 21:00:00,2,0,2
2021-01-01 22:00:00,1,1,0
2021-01-01 23:00:00,4,0,4
2021-01-02 00:00:00,0,0,0
2021-01-02 01:00:00,0,0,0
2021-01-02 02:00:00,2,0,2
2021-01-02 03:00:00,0,0,0
2021-01-02 04:00:00,0,0,0
2021-01-02 05:00:00,1,1,0
2021-01-02 06:00:00,2,1,1
2021-01-02 07:00:00,3,1,2
2021-01-02 08:00:00,2,1,1
2021-01-02 09:00:00,9,4,5
2021-01-02 10:00:00,4,1,3
2021-01-02 11:00:00,15,6,9
2021-01-02 12:00:00,19,9,10
2021-01-02 13:00:00,9,3,6
2021-01-02 14:00:00,10,1,9
2021-01-02 15:00:00,3,1,2
2021-01-02 16:00:00,5,1,4
2021-01-02 17:00:00,4,2,2
2021-01-02 18:00:00,1,0,1
2021-01-02 19:00:00,3,0,3
2021-01-02 20:00:00,1,0,1
2021-01-02 21:00:00,1,0,1
2021-01-02 22:00:00,1,0,1
2021-01-02 23:00:00,2,0,2
2021-01-03 00:00:00,0,0,0
2021-01-03 01:00:00,0,0,0
2021-01-03 02:00:00,0,0,0
2021-01-03 03:00:00,0,0,0
2021-01-03 04:00:00,0,0,0
2021-01-03 05:00:00,3,1,2
2021-01-03 06:00:00,2,0,2
2021-01-03 07:00:00,1,1,0
2021-01-03 08:00:00,9,5,4
2021-01-03 09:00:00,11,3,8
2021-01-03 10:00:00,9,5,4
2021-01-03 11:00:00,25,11,14
2021-01-03 12:00:00,61,24,37
2021-01-03 13:00:00,73,22,51
2021-01-03 14:00:00,115,53,62
2021-01-03 15:00:00,115,55,60
2021-01-03 16:00:00,68,30,38
2021-01-03 17:00:00,30,15,15
2021-01-03 18:00:00,10,5,5
2021-01-03 19:00:00,4,1,3
2021-01-03 20:00:00,1,1,0
2021-01-03 21:00:00,2,2,0
2021-01-03 22:00:00,2,1,1
2021-01-03 23:00:00,1,1,0
2021-01-04 00:00:00,0,0,0
2021-01-04 01:00:00,0,0,0
2021-01-04 02:00:00,0,0,0
2021-01-04 03:00:00,0,0,0
2021-01-04 04:00:00,0,0,0
2021-01-04 05:00:00,3,0,3
2021-01-04 06:00:00,15,6,9
2021-01-04 07:00:00,37,19,18
2021-01-04 08:00:00,11,6,5
2021-01-04 09:00:00,8,6,2
2021-01-04 10:00:00,11,5,6
2021-01-04 11:00:00,2,1,1
2021-01-04 12:00:00,5,1,4
2021-01-04 13:00:00,4,2,2
2021-01-04 14:00:00,17,10,7
2021-01-04 15:00:00,29,14,15
2021-01-04 16:00:00,39,21,18
2021-01-04 17:00:00,26,9,17
2021-01-04 18:00:00,12,4,8
2021-01-04 19:00:00,9,3,6
2021-01-04 20:00:00,4,1,3
2021-01-04 21:00:00,5,1,4
2021-01-04 22:00:00,3,3,0
2021-01-04 23:00:00,0,0,0
2021-01-05 00:00:00,2,1,1
2021-01-05 01:00:00,0,0,0
2021-01-05 02:00:00,0,0,0
2021-01-05 03:00:00,1,0,1
2021-01-05 04:00:00,0,0,0
2021-01-05 05:00:00,4,0,4
2021-01-05 06:00:00,17,5,12
2021-01-05 07:00:00,38,18,20
2021-01-05 08:00:00,33,17,16
2021-01-05 09:00:00,21,11,10
2021-01-05 10:00:00,30,15,15
2021-01-05 11:00:00,26,13,13
2021-01-05 12:00:00,14,4,10
2021-01-05 13:00:00,3,2,1
2021-01-05 14:00:00,8,5,3
2021-01-05 15:00:00,14,9,5
2021-01-05 16:00:00,21,12,9
2021-01-05 17:00:00,23,6,17
2021-01-05 18:00:00,10,2,8
2021-01-05 19:00:00,5,2,3
2021-01-05 20:00:00,2,0,2
2021-01-05 21:00:00,0,0,0
2021-01-05 22:00:00,2,1,1
2021-01-05 23:00:00,0,0,0
2021-01-06 00:00:00,3,0,3
2021-01-06 01:00:00,0,0,0
2021-01-06 02:00:00,0,0,0
2021-01-06 03:00:00,2,1,1
2021-01-06 04:00:00,1,0,1
2021-01-06 05:00:00,6,2,4
2021-01-06 06:00:00,18,9,9
2021-01-06 07:00:00,39,25,14
2021-01-06 08:00:00,22,9,13
2021-01-06 09:00:00,18,10,8
2021-01-06 10:00:00,17,9,8
2021-01-06 11:00:00,32,18,14
2021-01-06 12:00:00,43,18,25
2021-01-06 13:00:00,60,24,36
2021-01-06 14:00:00,88,39,49
2021-01-06 15:00:00,73,44,29
2021-01-06 16:00:00,87,45,42
2021-01-06 17:00:00,41,18,23
2021-01-06 18:00:00,29,12,17
2021-01-06 19:00:00,22,5,17
2021-01-06 20:00:00,3,0,3
2021-01-06 21:00:00,1,1,0
2021-01-06 22:00:00,7,4,3
2021-01-06 23:00:00,0,0,0
2021-01-07 00:00:00,1,1,0
2021-01-07 01:00:00,0,0,0
2021-01-07 02:00:00,0,0,0
2021-01-07 03:00:00,0,0,0
2021-01-07 04:00:00,0,0,0
2021-01-07 05:00:00,10,4,6
2021-01-07 06:00:00,28,16,12
2021-01-07 07:00:00,43,28,15
2021-01-07 08:00:00,23,8,15
2021-01-07 09:00:00,33,21,12
2021-01-07 10:00:00,28,15,13
2021-01-07 11:00:00,20,11,9
2021-01-07 12:00:00,61,27,34
2021-01-07 13:00:00,70,39,31
2021-01-07 14:00:00,71,37,34
2021-01-07 15:00:00,75,31,44
2021-01-07 16:00:00,94,54,40
2021-01-07 17:00:00,45,20,25
2021-01-07 18:00:00,31,9,22
2021-01-07 19:00:00,10,6,4
2021-01-07 20:00:00,11,3,8
2021-01-07 21:00:00,3,1,2
2021-01-07 22:00:00,4,3,1
2021-01-07 23:00:00,3,2,1
2021-01-08 00:00:00,0,0,0
2021-01-08 01:00:00,2,2,0
2021-01-08 02:00:00,0,0,0
2021-01-08 03:00:00,0,0,0
2021-01-08 04:00:00,1,1,0
2021-01-08 05:00:00,4,1,3
2021-01-08 06:00:00,17,9,8
2021-01-08 07:00:00,25,15,10
2021-01-08 08:00:00,12,7,5
2021-01-08 09:00:00,11,8,3
2021-01-08 10:00:00,18,11,7
2021-01-08 11:00:00,19,6,13
2021-01-08 12:00:00,17,8,9
2021-01-08 13:00:00,13,4,9
2021-01-08 14:00:00,18,7,11
2021-01-08 15:00:00,25,10,15
2021-01-08 16:00:00,32,19,13
2021-01-08 17:00:00,23,9,14
2021-01-08 18:00:00,18,8,10
2021-01-08 19:00:00,7,2,5
2021-01-08 20:00:00,7,4,3
2021-01-08 21:00:00,2,0,2
2021-01-08 22:00:00,10,6,4
2021-01-08 23:00:00,0,0,0
2021-01-09 00:00:00,1,0,1
2021-01-09 01:00:00,0,0,0
2021-01-09 02:00:00,0,0,0
2021-01-09 03:00:00,0,0,0
2021-01-09 04:00:00,0,0,0
2021-01-09 05:00:00,0,0,0
2021-01-09 06:00:00,3,2,1
2021-01-09 07:00:00,9,8,1
2021-01-09 08:00:00,18,6,12
2021-01-09 09:00:00,28,13,15
2021-01-09 10:00:00,52,26,26
2021-01-09 11:00:00,77,24,53
2021-01-09 12:00:00,100,41,59
2021-01-09 13:00:00,144,60,84
2021-01-09 14:00:00,121,63,58
2021-01-09 15:00:00,142,76,66
2021-01-09 16:00:00,70,37,33
2021-01-09 17:00:00,29,11,18
2021-01-09 18:00:00,23,12,11
2021-01-09 19:00:00,7,1,6
2021-01-09 20:00:00,9,3,6
2021-01-09 21:00:00,5,1,4
2021-01-09 22:00:00,5,3,2
2021-01-09 23:00:00,3,1,2
2021-01-10 00:00:00,1,1,0
2021-01-10 01:00:00,0,0,0
2021-01-10 02:00:00,0,0,0
2021-01-10 03:00:00,2,1,1
2021-01-10 04:00:00,0,0,0
2021-01-10 05:00:00,0,0,0
2021-01-10 06:00:00,1,0,1
2021-01-10 07:00:00,4,4,0
2021-01-10 08:00:00,19,12,7
2021-01-10 09:00:00,29,15,14
2021-01-10 10:00:00,49,28,21
2021-01-10 11:00:00,94,36,58
2021-01-10 12:00:00,102,47,55
2021-01-10 13:00:00,129,58,71
2021-01-10 14:00:00,97,38,59
2021-01-10 15:00:00,119,51,68
2021-01-10 16:00:00,123,58,65
2021-01-10 17:00:00,34,15,19
2021-01-10 18:00:00,7,7,0
2021-01-10 19:00:00,4,2,2
2021-01-10 20:00:00,2,1,1
2021-01-10 21:00:00,1,1,0
2021-01-10 22:00:00,0,0,0
2021-01-10 23:00:00,4,3,1
2021-01-11 00:00:00,9,3,6
2021-01-11 01:00:00,0,0,0
2021-01-11 02:00:00,0,0,0
2021-01-11 03:00:00,0,0,0
2021-01-11 04:00:00,0,0,0
2021-01-11 05:00:00,5,2,3
2021-01-11 06:00:00,17,6,11
2021-01-11 07:00:00,33,18,15
2021-01-11 08:00:00,14,5,9
2021-01-11 09:00:00,11,5,6
2021-01-11 10:00:00,10,3,7
2021-01-11 11:00:00,6,3,3
2021-01-11 12:00:00,7,2,5
2021-01-11 13:00:00,7,3,4
2021-01-11 14:00:00,16,10,6
2021-01-11 15:00:00,8,5,3
2021-01-11 16:00:00,22,9,13
2021-01-11 17:00:00,13,3,10
2021-01-11 18:00:00,12,3,9
2021-01-11 19:00:00,3,1,2
2021-01-11 20:00:00,0,0,0
2021-01-11 21:00:00,1,0,1
2021-01-11 22:00:00,4,3,1
2021-01-11 23:00:00,1,0,1
2021-01-12 00:00:00,1,1,0
2021-01-12 01:00:00,0,0,0
2021-01-12 02:00:00,0,0,0
2021-01-12 03:00:00,0,0,0
2021-01-12 04:00:00,2,0,2
2021-01-12 05:00:00,2,0,2
2021-01-12 06:00:00,17,10,7
2021-01-12 07:00:00,27,11,16
2021-01-12 08:00:00,12,4,8
2021-01-12 09:00:00,16,5,11
2021-01-12 10:00:00,12,6,6
2021-01-12 11:00:00,13,5,8
2021-01-12 12:00:00,24,7,17
2021-01-12 13:00:00,19,8,11
2021-01-12 14:00:00,21,7,14
2021-01-12 15:00:00,21,8,13
2021-01-12 16:00:00,19,7,12
2021-01-12 17:00:00,16,5,11
2021-01-12 18:00:00,8,0,8
2021-01-12 19:00:00,7,4,3
2021-01-12 20:00:00,3,0,3
2021-01-12 21:00:00,3,1,2
2021-01-12 22:00:00,1,0,1
2021-01-12 23:00:00,0,0,0
2021-01-13 00:00:00,2,1,1
2021-01-13 01:00:00,0,0,0
2021-01-13 02:00:00,0,0,0
2021-01-13 03:00:00,0,0,0
2021-01-13 04:00:00,0,0,0
2021-01-13 05:00:00,6,3,3
2021-01-13 06:00:00,25,12,13
2021-01-13 07:00:00,34,20,14
2021-01-13 08:00:00,36,24,12
2021-01-13 09:00:00,27,14,13
2021-01-13 10:00:00,40,18,22
2021-01-13 11:00:00,59,31,28
2021-01-13 12:00:00,81,40,41
2021-01-13 13:00:00,81,35,46
2021-01-13 14:00:00,119,61,58
2021-01-13 15:00:00,131,67,64
2021-01-13 16:00:00,149,69,80
2021-01-13 17:00:00,63,27,36
2021-01-13 18:00:00,36,14,22
2021-01-13 19:00:00,25,10,15
2021-01-13 20:00:00,5,0,5
2021-01-13 21:00:00,7,5,2
2021-01-13 22:00:00,6,1,5
2021-01-13 23:00:00,4,4,0
2021-01-14 00:00:00,1,0,1
2021-01-14 01:00:00,0,0,0
2021-01-14 02:00:00,0,0,0
2021-01-14 03:00:00,0,0,0
2021-01-14 04:00:00,0,0,0
2021-01-14 05:00:00,10,3,7
2021-01-14 06:00:00,18,9,9
2021-01-14 07:00:00,39,18,21
2021-01-14 08:00:00,36,20,16
2021-01-14 09:00:00,49,27,22
2021-01-14 10:00:00,31,10,21
2021-01-14 11:00:00,31,9,22
2021-01-14 12:00:00,52,23,29
2021-01-14 13:00:00,87,47,40
2021-01-14 14:00:00,69,28,41
2021-01-14 15:00:00,101,41,60
2021-01-14 16:00:00,119,82,37
2021-01-14 17:00:00,52,28,24
2021-01-14 18:00:00,32,12,20
2021-01-14 19:00:00,6,3,3
2021-01-14 20:00:00,7,0,7
2021-01-14 21:00:00,4,0,4
2021-01-14 22:00:00,10,6,4
2021-01-14 23:00:00,0,0,0
2021-01-15 00:00:00,0,0,0
2021-01-15 01:00:00,0,0,0
2021-01-15 02:00:00,0,0,0
2021-01-15 03:00:00,0,0,0
2021-01-15 04:00:00,0,0,0
2021-01-15 05:00:00,5,1,4
2021-01-15 06:00:00,15,6,9
2021-01-15 07:00:00,19,9,10
2021-01-15 08:00:00,28,16,12
2021-01-15 09:00:00,20,8,12
2021-01-15 10:00:00,28,14,14
2021-01-15 11:00:00,32,13,19
2021-01-15 12:00:00,50,27,23
2021-01-15 13:00:00,72,31,41
2021-01-15 14:00:00,81,34,47
2021-01-15 15:00:00,113,62,51
2021-01-15 16:00:00,107,51,56
2021-01-15 17:00:00,46,26,20
2021-01-15 18:00:00,25,11,14
2021-01-15 19:00:00,10,3,7
2021-01-15 20:00:00,15,6,9
2021-01-15 21:00:00,8,5,3
2021-01-15 22:00:00,1,1,0
2021-01-15 23:00:00,0,0,0
2021-01-16 00:00:00,1,0,1
2021-01-16 01:00:00,0,0,0
2021-01-16 02:00:00,0,0,0
2021-01-16 03:00:00,1,0,1
2021-01-16 04:00:00,3,0,3
2021-01-16 05:00:00,2,0,2
2021-01-16 06:00:00,4,3,1
2021-01-16 07:00:00,6,2,4
2021-01-16 08:00:00,9,7,2
2021-01-16 09:00:00,33,20,13
2021-01-16 10:00:00,57,24,33
2021-01-16 11:00:00,83,41,42
2021-01-16 12:00:00,145,65,80
2021-01-16 13:00:00,103,51,52
2021-01-16 14:00:00,96,45,51
2021-01-16 15:00:00,125,61,64
2021-01-16 16:00:00,94,44,50
2021-01-16 17:00:00,37,23,14
2021-01-16 18:00:00,20,13,7
2021-01-16 19:00:00,19,6,13
2021-01-16 20:00:00,11,5,6
2021-01-16 21:00:00,17,10,7
2021-01-16 22:00:00,0,0,0
2021-01-16 23:00:00,3,0,3
2021-01-17 00:00:00,0,0,0
2021-01-17 01:00:00,0,0,0
2021-01-17 02:00:00,0,0,0
2021-01-17 03:00:00,0,0,0
2021-01-17 04:00:00,0,0,0
2021-01-17 05:00:00,1,1,0
2021-01-17 06:00:00,1,0,1
2021-01-17 07:00:00,8,4,4
2021-01-17 08:00:00,15,10,5
2021-01-17 09:00:00,52,26,26
2021-01-17 10:00:00,66,30,36
2021-01-17 11:00:00,122,56,66
2021-01-17 12:00:00,159,78,81
2021-01-17 13:00:00,117,54,63
2021-01-17 14:00:00,169,81,88
2021-01-17 15:00:00,142,55,87
2021-01-17 16:00:00,110,63,47
2021-01-17 17:00:00,24,16,8
2021-01-17 18:00:00,11,4,7
2021-01-17 19:00:00,13,8,5
2021-01-17 20:00:00,2,2,0
2021-01-17 21:00:00,2,1,1
2021-01-17 22:00:00,2,0,2
2021-01-17 23:00:00,4,1,3
2021-01-18 00:00:00,0,0,0
2021-01-18 01:00:00,3,0,3
2021-01-18 02:00:00,1,1,0
2021-01-18 03:00:00,0,0,0
2021-01-18 04:00:00,0,0,0
2021-01-18 05:00:00,5,1,4
2021-01-18 06:00:00,10,3,7
2021-01-18 07:00:00,20,10,10
2021-01-18 08:00:00,24,19,5
2021-01-18 09:00:00,52,26,26
2021-01-18 10:00:00,55,19,36
2021-01-18 11:00:00,106,51,55
2021-01-18 12:00:00,116,68,48
2021-01-18 13:00:00,127,61,66
2021-01-18 14:00:00,199,87,112
2021-01-18 15:00:00,169,82,87
2021-01-18 16:00:00,150,63,87
2021-01-18 17:00:00,44,32,12
2021-01-18 18:00:00,18,7,11
2021-01-18 19:00:00,7,3,4
2021-01-18 20:00:00,4,1,3
2021-01-18 21:00:00,6,4,2
2021-01-18 22:00:00,3,1,2
2021-01-18 23:00:00,2,1,1
2021-01-19 00:00:00,2,2,0
2021-01-19 01:00:00,1,1,0
2021-01-19 02:00:00,0,0,0
2021-01-19 03:00:00,3,1,2
2021-01-19 04:00:00,0,0,0
2021-01-19 05:00:00,7,0,7
2021-01-19 06:00:00,25,7,18
2021-01-19 07:00:00,31,20,11
2021-01-19 08:00:00,24,7,17
2021-01-19 09:00:00,28,14,14
2021-01-19 10:00:00,35,22,13
2021-01-19 11:00:00,16,6,10
2021-01-19 12:00:00,32,17,15
2021-01-19 13:00:00,38,17,21
2021-01-19 14:00:00,69,34,35
2021-01-19 15:00:00,80,44,36
2021-01-19 16:00:00,92,45,47
2021-01-19 17:00:00,69,30,39
2021-01-19 18:00:00,39,19,20
2021-01-19 19:00:00,17,7,10
2021-01-19 20:00:00,3,0,3
2021-01-19 21:00:00,6,1,5
2021-01-19 22:00:00,3,3,0
2021-01-19 23:00:00,7,3,4
2021-01-20 00:00:00,5,5,0
2021-01-20 01:00:00,0,0,0
2021-01-20 02:00:00,0,0,0
2021-01-20 03:00:00,1,0,1
2021-01-20 04:00:00,0,0,0
2021-01-20 05:00:00,7,3,4
2021-01-20 06:00:00,25,12,13
2021-01-20 07:00:00,37,20,17
2021-01-20 08:00:00,29,14,15
2021-01-20 09:00:00,33,22,11
2021-01-20 10:00:00,55,12,43
2021-01-20 11:00:00,17,5,12
2021-01-20 12:00:00,43,17,26
2021-01-20 13:00:00,28,15,13
2021-01-20 14:00:00,64,33,31
2021-01-20 15:00:00,65,32,33
2021-01-20 16:00:00,80,40,40
2021-01-20 17:00:00,53,22,31
2021-01-20 18:00:00,28,11,17
2021-01-20 19:00:00,12,3,9
2021-01-20 20:00:00,5,1,4
2021-01-20 21:00:00,3,2,1
2021-01-20 22:00:00,2,2,0
2021-01-20 23:00:00,0,0,0
2021-01-21 00:00:00,1,1,0
2021-01-21 01:00:00,0,0,0
2021-01-21 02:00:00,0,0,0
2021-01-21 03:00:00,0,0,0
2021-01-21 04:00:00,0,0,0
2021-01-21 05:00:00,6,2,4
2021-01-21 06:00:00,19,8,11
2021-01-21 07:00:00,31,14,17
2021-01-21 08:00:00,25,13,12
2021-01-21 09:00:00,22,12,10
2021-01-21 10:00:00,17,7,10
2021-01-21 11:00:00,28,15,13
2021-01-21 12:00:00,37,17,20
2021-01-21 13:00:00,16,8,8
2021-01-21 14:00:00,40,20,20
2021-01-21 15:00:00,54,24,30
2021-01-21 16:00:00,70,39,31
2021-01-21 17:00:00,38,13,25
2021-01-21 18:00:00,27,11,16
2021-01-21 19:00:00,11,4,7
2021-01-21 20:00:00,5,2,3
2021-01-21 21:00:00,5,1,4
2021-01-21 22:00:00,6,3,3
2021-01-21 23:00:00,12,6,6
2021-01-22 00:00:00,0,0,0
2021-01-22 01:00:00,0,0,0
2021-01-22 02:00:00,0,0,0
2021-01-22 03:00:00,2,1,1
2021-01-22 04:00:00,1,0,1
2021-01-22 05:00:00,5,1,4
2021-01-22 06:00:00,19,10,9
2021-01-22 07:00:00,33,19,14
2021-01-22 08:00:00,27,14,13
2021-01-22 09:00:00,29,17,12
2021-01-22 10:00:00,29,12,17
2021-01-22 11:00:00,29,18,11
2021-01-22 12:00:00,78,30,48
2021-01-22 13:00:00,73,37,36
2021-01-22 14:00:00,111,59,52
2021-01-22 15:00:00,95,44,51
2021-01-22 16:00:00,143,73,70
2021-01-22 17:00:00,52,30,22
2021-01-22 18:00:00,23,10,13
2021-01-22 19:00:00,7,4,3
2021-01-22 20:00:00,8,4,4
2021-01-22 21:00:00,4,3,1
2021-01-22 22:00:00,9,3,6
2021-01-22 23:00:00,5,2,3
2021-01-23 00:00:00,2,1,1
2021-01-23 01:00:00,1,0,1
2021-01-23 02:00:00,0,0,0
2021-01-23 03:00:00,0,0,0
2021-01-23 04:00:00,0,0,0
2021-01-23 05:00:00,1,0,1
2021-01-23 06:00:00,4,3,1
2021-01-23 07:00:00,7,5,2
2021-01-23 08:00:00,24,13,11
2021-01-23 09:00:00,64,27,37
2021-01-23 10:00:00,54,30,24
2021-01-23 11:00:00,83,34,49
2021-01-23 12:00:00,108,50,58
2021-01-23 13:00:00,156,68,88
2021-01-23 14:00:00,223,111,112
2021-01-23 15:00:00,258,111,147
2021-01-23 16:00:00,156,76,80
2021-01-23 17:00:00,56,26,30
2021-01-23 18:00:00,29,10,19
2021-01-23 19:00:00,16,13,3
2021-01-23 20:00:00,0,0,0
2021-01-23 21:00:00,3,0,3
2021-01-23 22:00:00,6,1,5
2021-01-23 23:00:00,1,0,1
2021-01-24 00:00:00,0,0,0
2021-01-24 01:00:00,3,3,0
2021-01-24 02:00:00,0,0,0
2021-01-24 03:00:00,1,0,1
2021-01-24 04:00:00,1,1,0
2021-01-24 05:00:00,0,0,0
2021-01-24 06:00:00,1,0,1
2021-01-24 07:00:00,0,0,0
2021-01-24 08:00:00,3,1,2
2021-01-24 09:00:00,6,4,2
2021-01-24 10:00:00,22,14,8
2021-01-24 11:00:00,14,6,8
2021-01-24 12:00:00,12,7,5
2021-01-24 13:00:00,8,4,4
2021-01-24 14:00:00,15,8,7
2021-01-24 15:00:00,14,8,6
2021-01-24 16:00:00,17,7,10
2021-01-24 17:00:00,13,5,8
2021-01-24 18:00:00,5,2,3
2021-01-24 19:00:00,2,1,1
2021-01-24 20:00:00,1,0,1
2021-01-24 21:00:00,0,0,0
2021-01-24 22:00:00,0,0,0
2021-01-24 23:00:00,0,0,0
2021-01-25 00:00:00,0,0,0
2021-01-25 01:00:00,0,0,0
2021-01-25 02:00:00,2,1,1
2021-01-25 03:00:00,0,0,0
2021-01-25 04:00:00,0,0,0
2021-01-25 05:00:00,7,3,4
2021-01-25 06:00:00,18,6,12
2021-01-25 07:00:00,28,16,12
2021-01-25 08:00:00,30,15,15
2021-01-25 09:00:00,18,11,7
2021-01-25 10:00:00,19,11,8
2021-01-25 11:00:00,17,8,9
2021-01-25 12:00:00,30,9,21
2021-01-25 13:00:00,34,15,19
2021-01-25 14:00:00,55,28,27
2021-01-25 15:00:00,79,38,41
2021-01-25 16:00:00,100,44,56
2021-01-25 17:00:00,72,33,39
2021-01-25 18:00:00,23,7,16
2021-01-25 19:00:00,9,5,4
2021-01-25 20:00:00,13,9,4
2021-01-25 21:00:00,4,2,2
2021-01-25 22:00:00,5,3,2
2021-01-25 23:00:00,1,1,0
2021-01-26 00:00:00,2,0,2
2021-01-26 01:00:00,0,0,0
2021-01-26 02:00:00,1,0,1
2021-01-26 03:00:00,2,1,1
2021-01-26 04:00:00,1,1,0
2021-01-26 05:00:00,8,2,6
2021-01-26 06:00:00,17,10,7
2021-01-26 07:00:00,36,18,18
2021-01-26 08:00:00,23,8,15
2021-01-26 09:00:00,35,22,13
2021-01-26 10:00:00,30,10,20
2021-01-26 11:00:00,26,13,13
2021-01-26 12:00:00,31,15,16
2021-01-26 13:00:00,42,29,13
2021-01-26 14:00:00,44,27,17
2021-01-26 15:00:00,45,14,31
2021-01-26 16:00:00,58,26,32
2021-01-26 17:00:00,54,21,33
2021-01-26 18:00:00,24,10,14
2021-01-26 19:00:00,7,4,3
2021-01-26 20:00:00,6,3,3
2021-01-26 21:00:00,4,1,3
2021-01-26 22:00:00,5,4,1
2021-01-26 23:00:00,0,0,0
2021-01-27 00:00:00,4,2,2
2021-01-27 01:00:00,3,1,2
2021-01-27 02:00:00,0,0,0
2021-01-27 03:00:00,1,0,1
2021-01-27 04:00:00,1,1,0
2021-01-27 05:00:00,4,1,3
2021-01-27 06:00:00,21,8,13
2021-01-27 07:00:00,23,11,12
2021-01-27 08:00:00,23,10,13
2021-01-27 09:00:00,9,6,3
2021-01-27 10:00:00,9,4,5
2021-01-27 11:00:00,17,8,9
2021-01-27 12:00:00,40,17,23
2021-01-27 13:00:00,53,24,29
2021-01-27 14:00:00,67,32,35
2021-01-27 15:00:00,81,36,45
2021-01-27 16:00:00,91,53,38
2021-01-27 17:00:00,39,23,16
2021-01-27 18:00:00,28,8,20
2021-01-27 19:00:00,4,2,2
2021-01-27 20:00:00,2,0,2
2021-01-27 21:00:00,0,0,0
2021-01-27 22:00:00,1,1,0
2021-01-27 23:00:00,1,1,0
2021-01-28 00:00:00,0,0,0
2021-01-28 01:00:00,0,0,0
2021-01-28 02:00:00,4,0,4
2021-01-28 03:00:00,2,2,0
2021-01-28 04:00:00,0,0,0
2021-01-28 05:00:00,6,3,3
2021-01-28 06:00:00,12,7,5
2021-01-28 07:00:00,34,15,19
2021-01-28 08:00:00,12,7,5
2021-01-28 09:00:00,21,14,7
2021-01-28 10:00:00,13,7,6
2021-01-28 11:00:00,15,5,10
2021-01-28 12:00:00,15,7,8
2021-01-28 13:00:00,27,11,16
2021-01-28 14:00:00,40,20,20
2021-01-28 15:00:00,40,17,23
2021-01-28 16:00:00,56,19,37
2021-01-28 17:00:00,42,16,26
2021-01-28 18:00:00,27,6,21
2021-01-28 19:00:00,6,5,1
2021-01-28 20:00:00,10,1,9
2021-01-28 21:00:00,2,1,1
2021-01-28 22:00:00,5,5,0
2021-01-28 23:00:00,1,1,0
2021-01-29 00:00:00,0,0,0
2021-01-29 01:00:00,3,1,2
2021-01-29 02:00:00,0,0,0
2021-01-29 03:00:00,0,0,0
2021-01-29 04:00:00,1,1,0
2021-01-29 05:00:00,6,4,2
2021-01-29 06:00:00,15,7,8
2021-01-29 07:00:00,24,12,12
2021-01-29 08:00:00,27,15,12
2021-01-29 09:00:00,24,15,9
2021-01-29 10:00:00,11,7,4
2021-01-29 11:00:00,29,13,16
2021-01-29 12:00:00,26,9,17
2021-01-29 13:00:00,45,21,24
2021-01-29 14:00:00,64,41,23
2021-01-29 15:00:00,70,32,38
2021-01-29 16:00:00,81,37,44
2021-01-29 17:00:00,69,36,33
2021-01-29 18:00:00,22,7,15
2021-01-29 19:00:00,12,7,5
2021-01-29 20:00:00,2,2,0
2021-01-29 21:00:00,1,0,1
2021-01-29 22:00:00,4,2,2
2021-01-29 23:00:00,4,2,2
2021-01-30 00:00:00,0,0,0
2021-01-30 01:00:00,0,0,0
2021-01-30 02:00:00,1,1,0
2021-01-30 03:00:00,0,0,0
2021-01-30 04:00:00,0,0,0
2021-01-30 05:00:00,0,0,0
2021-01-30 06:00:00,2,1,1
2021-01-30 07:00:00,5,0,5
2021-01-30 08:00:00,14,10,4
2021-01-30 09:00:00,27,11,16
2021-01-30 10:00:00,34,19,15
2021-01-30 11:00:00,41,22,19
2021-01-30 12:00:00,37,18,19
2021-01-30 13:00:00,48,23,25
2021-01-30 14:00:00,38,18,20
2021-01-30 15:00:00,51,36,15
2021-01-30 16:00:00,49,24,25
2021-01-30 17:00:00,18,8,10
2021-01-30 18:00:00,11,6,5
2021-01-30 19:00:00,1,1,0
2021-01-30 20:00:00,2,2,0
2021-01-30 21:00:00,3,1,2
2021-01-30 22:00:00,5,1,4
2021-01-30 23:00:00,4,0,4
2021-01-31 00:00:00,1,0,1
2021-01-31 01:00:00,3,3,0
2021-01-31 02:00:00,0,0,0
2021-01-31 03:00:00,0,0,0
2021-01-31 04:00:00,0,0,0
2021-01-31 05:00:00,0,0,0
2021-01-31 06:00:00,2,0,2
2021-01-31 07:00:00,3,3,0
2021-01-31 08:00:00,13,8,5
2021-01-31 09:00:00,25,14,11
2021-01-31 10:00:00,38,14,24
2021-01-31 11:00:00,27,14,13
2021-01-31 12:00:00,20,11,9
2021-01-31 13:00:00,28,13,15
2021-01-31 14:00:00,11,8,3
2021-01-31 15:00:00,18,5,13
2021-01-31 16:00:00,11,8,3
2021-01-31 17:00:00,8,2,6
2021-01-31 18:00:00,1,1,0
2021-01-31 19:00:00,3,2,1
2021-01-31 20:00:00,1,0,1
2021-01-31 21:00:00,3,1,2
2021-01-31 22:00:00,1,1,0
2021-01-31 23:00:00,2,0,2
2021-02-01 00:00:00,2,2,0
2021-02-01 01:00:00,1,0,1
2021-02-01 02:00:00,0,0,0
2021-02-01 03:00:00,1,1,0
2021-02-01 04:00:00,1,0,1
2021-02-01 05:00:00,2,0,2
2021-02-01 06:00:00,9,4,5
2021-02-01 07:00:00,18,13,5
2021-02-01 08:00:00,18,9,9
2021-02-01 09:00:00,10,6,4
2021-02-01 10:00:00,7,3,4
2021-02-01 11:00:00,5,1,4
2021-02-01 12:00:00,8,2,6
2021-02-01 13:00:00,9,3,6
2021-02-01 14:00:00,15,11,4
2021-02-01 15:00:00,14,8,6
2021-02-01 16:00:00,21,9,12
2021-02-01 17:00:00,26,10,16
2021-02-01 18:00:00,20,6,14
2021-02-01 19:00:00,8,1,7
2021-02-01 20:00:00,3,3,0
2021-02-01 21:00:00,2,0,2
2021-02-01 22:00:00,1,1,0
2021-02-01 23:00:00,0,0,0
2021-02-02 00:00:00,1,0,1
2021-02-02 01:00:00,1,1,0
2021-02-02 02:00:00,0,0,0
2021-02-02 03:00:00,1,1,0
2021-02-02 04:00:00,0,0,0
2021-02-02 05:00:00,8,2,6
2021-02-02 06:00:00,11,5,6
2021-02-02 07:00:00,46,25,21
2021-02-02 08:00:00,15,8,7
2021-02-02 09:00:00,9,6,3
2021-02-02 10:00:00,7,4,3
2021-02-02 11:00:00,8,4,4
2021-02-02 12:00:00,18,4,14
2021-02-02 13:00:00,20,8,12
2021-02-02 14:00:00,25,13,12
2021-02-02 15:00:00,25,18,7
2021-02-02 16:00:00,29,13,16
2021-02-02 17:00:00,44,21,23
2021-02-02 18:00:00,9,3,6
2021-02-02 19:00:00,2,0,2
2021-02-02 20:00:00,2,1,1
2021-02-02 21:00:00,2,2,0
2021-02-02 22:00:00,1,1,0
2021-02-02 23:00:00,1,1,0
2021-02-03 00:00:00,3,2,1
2021-02-03 01:00:00,1,0,1
2021-02-03 02:00:00,0,0,0
2021-02-03 03:00:00,1,0,1
2021-02-03 04:00:00,2,1,1
2021-02-03 05:00:00,9,4,5
2021-02-03 06:00:00,17,9,8
2021-02-03 07:00:00,42,25,17
2021-02-03 08:00:00,31,19,12
2021-02-03 09:00:00,23,11,12
2021-02-03 10:00:00,19,12,7
2021-02-03 11:00:00,30,15,15
2021-02-03 12:00:00,64,27,37
2021-02-03 13:00:00,61,31,30
2021-02-03 14:00:00,75,36,39
2021-02-03 15:00:00,136,57,79
2021-02-03 16:00:00,148,54,94
2021-02-03 17:00:00,92,50,42
2021-02-03 18:00:00,33,18,15
2021-02-03 19:00:00,26,17,9
2021-02-03 20:00:00,3,2,1
2021-02-03 21:00:00,5,3,2
2021-02-03 22:00:00,6,4,2
2021-02-03 23:00:00,2,0,2
2021-02-04 00:00:00,6,3,3
2021-02-04 01:00:00,1,1,0
2021-02-04 02:00:00,0,0,0
2021-02-04 03:00:00,1,0,1
2021-02-04 04:00:00,2,0,2
2021-02-04 05:00:00,9,2,7
2021-02-04 06:00:00,27,14,13
2021-02-04 07:00:00,31,21,10
2021-02-04 08:00:00,31,16,15
2021-02-04 09:00:00,23,13,10
2021-02-04 10:00:00,7,5,2
2021-02-04 11:00:00,20,7,13
2021-02-04 12:00:00,9,5,4
2021-02-04 13:00:00,23,12,11
2021-02-04 14:00:00,15,7,8
2021-02-04 15:00:00,29,15,14
2021-02-04 16:00:00,33,19,14
2021-02-04 17:00:00,47,16,31
2021-02-04 18:00:00,18,7,11
2021-02-04 19:00:00,10,3,7
2021-02-04 20:00:00,6,2,4
2021-02-04 21:00:00,6,2,4
2021-02-04 22:00:00,3,2,1
2021-02-04 23:00:00,1,1,0
2021-02-05 00:00:00,0,0,0
2021-02-05 01:00:00,0,0,0
2021-02-05 02:00:00,0,0,0
2021-02-05 03:00:00,0,0,0
2021-02-05 04:00:00,0,0,0
2021-02-05 05:00:00,5,2,3
2021-02-05 06:00:00,11,5,6
2021-02-05 07:00:00,27,14,13
2021-02-05 08:00:00,23,11,12
2021-02-05 09:00:00,30,22,8
2021-02-05 10:00:00,18,11,7
2021-02-05 11:00:00,18,9,9
2021-02-05 12:00:00,25,11,14
2021-02-05 13:00:00,28,12,16
2021-02-05 14:00:00,45,21,24
2021-02-05 15:00:00,40,20,20
2021-02-05 16:00:00,67,32,35
2021-02-05 17:00:00,48,24,24
2021-02-05 18:00:00,30,11,19
2021-02-05 19:00:00,25,10,15
2021-02-05 20:00:00,7,7,0
2021-02-05 21:00:00,3,2,1
2021-02-05 22:00:00,3,1,2
2021-02-05 23:00:00,4,1,3
2021-02-06 00:00:00,0,0,0
2021-02-06 01:00:00,8,3,5
2021-02-06 02:00:00,0,0,0
2021-02-06 03:00:00,1,1,0
2021-02-06 04:00:00,0,0,0
2021-02-06 05:00:00,3,3,0
2021-02-06 06:00:00,7,5,2
2021-02-06 07:00:00,7,4,3
2021-02-06 08:00:00,15,8,7
2021-02-06 09:00:00,41,25,16
2021-02-06 10:00:00,50,21,29
2021-02-06 11:00:00,50,20,30
2021-02-06 12:00:00,55,19,36
2021-02-06 13:00:00,69,35,34
2021-02-06 14:00:00,50,23,27
2021-02-06 15:00:00,48,24,24
2021-02-06 16:00:00,58,27,31
2021-02-06 17:00:00,47,25,22
2021-02-06 18:00:00,30,25,5
2021-02-06 19:00:00,13,7,6
2021-02-06 20:00:00,2,1,1
2021-02-06 21:00:00,6,2,4
2021-02-06 22:00:00,3,0,3
2021-02-06 23:00:00,7,4,3
2021-02-07 00:00:00,6,3,3
2021-02-07 01:00:00,0,0,0
2021-02-07 02:00:00,1,1,0
2021-02-07 03:00:00,0,0,0
2021-02-07 04:00:00,3,0,3
2021-02-07 05:00:00,1,0,1
2021-02-07 06:00:00,3,2,1
2021-02-07 07:00:00,8,5,3
2021-02-07 08:00:00,25,17,8
2021-02-07 09:00:00,61,23,38
2021-02-07 10:00:00,110,56,54
2021-02-07 11:00:00,172,67,105
2021-02-07 12:00:00,172,78,94
2021-02-07 13:00:00,186,99,87
2021-02-07 14:00:00,99,44,55
2021-02-07 15:00:00,85,37,48
2021-02-07 16:00:00,57,29,28
2021-02-07 17:00:00,6,2,4
2021-02-07 18:00:00,6,3,3
2021-02-07 19:00:00,5,4,1
2021-02-07 20:00:00,4,2,2
2021-02-07 21:00:00,0,0,0
2021-02-07 22:00:00,0,0,0
2021-02-07 23:00:00,1,0,1
2021-02-08 00:00:00,1,0,1
2021-02-08 01:00:00,0,0,0
2021-02-08 02:00:00,0,0,0
2021-02-08 03:00:00,0,0,0
2021-02-08 04:00:00,0,0,0
2021-02-08 05:00:00,7,4,3
2021-02-08 06:00:00,13,5,8
2021-02-08 07:00:00,29,19,10
2021-02-08 08:00:00,16,7,9
2021-02-08 09:00:00,16,8,8
2021-02-08 10:00:00,11,4,7
2021-02-08 11:00:00,22,10,12
2021-02-08 12:00:00,25,9,16
2021-02-08 13:00:00,41,22,19
2021-02-08 14:00:00,50,23,27
2021-02-08 15:00:00,69,37,32
2021-02-08 16:00:00,72,31,41
2021-02-08 17:00:00,57,27,30
2021-02-08 18:00:00,28,14,14
2021-02-08 19:00:00,11,4,7
2021-02-08 20:00:00,4,1,3
2021-02-08 21:00:00,0,0,0
2021-02-08 22:00:00,2,2,0
2021-02-08 23:00:00,6,0,6
2021-02-09 00:00:00,4,1,3
2021-02-09 01:00:00,0,0,0
2021-02-09 02:00:00,0,0,0
2021-02-09 03:00:00,0,0,0
2021-02-09 04:00:00,1,1,0
2021-02-09 05:00:00,9,5,4
2021-02-09 06:00:00,19,12,7
2021-02-09 07:00:00,32,20,12
2021-02-09 08:00:00,22,12,10
2021-02-09 09:00:00,16,8,8
2021-02-09 10:00:00,26,19,7
2021-02-09 11:00:00,27,14,13
2021-02-09 12:00:00,27,8,19
2021-02-09 13:00:00,45,24,21
2021-02-09 14:00:00,87,38,49
2021-02-09 15:00:00,90,48,42
2021-02-09 16:00:00,102,54,48
2021-02-09 17:00:00,103,52,51
2021-02-09 18:00:00,38,20,18
2021-02-09 19:00:00,12,5,7
2021-02-09 20:00:00,9,2,7
2021-02-09 21:00:00,4,1,3
2021-02-09 22:00:00,1,1,0
2021-02-09 23:00:00,1,1,0
2021-02-10 00:00:00,2,1,1
2021-02-10 01:00:00,0,0,0
2021-02-10 02:00:00,5,2,3
2021-02-10 03:00:00,2,1,1
2021-02-10 04:00:00,0,0,0
2021-02-10 05:00:00,4,2,2
2021-02-10 06:00:00,18,8,10
2021-02-10 07:00:00,29,19,10
2021-02-10 08:00:00,21,14,7
2021-02-10 09:00:00,13,6,7
2021-02-10 10:00:00,14,5,9
2021-02-10 11:00:00,23,11,12
2021-02-10 12:00:00,22,9,13
2021-02-10 13:00:00,47,21,26
2021-02-10 14:00:00,54,27,27
2021-02-10 15:00:00,52,30,22
2021-02-10 16:00:00,63,28,35
2021-02-10 17:00:00,56,22,34
2021-02-10 18:00:00,22,8,14
2021-02-10 19:00:00,17,7,10
2021-02-10 20:00:00,6,3,3
2021-02-10 21:00:00,0,0,0
2021-02-10 22:00:00,1,1,0
2021-02-10 23:00:00,1,1,0
2021-02-11 00:00:00,0,0,0
2021-02-11 01:00:00,0,0,0
2021-02-11 02:00:00,0,0,0
2021-02-11 03:00:00,0,0,0
2021-02-11 04:00:00,0,0,0
2021-02-11 05:00:00,6,5,1
2021-02-11 06:00:00,17,8,9
2021-02-11 07:00:00,29,16,13
2021-02-11 08:00:00,17,9,8
2021-02-11 09:00:00,13,8,5
2021-02-11 10:00:00,20,10,10
2021-02-11 11:00:00,11,5,6
2021-02-11 12:00:00,22,10,12
2021-02-11 13:00:00,4,1,3
2021-02-11 14:00:00,21,7,14
2021-02-11 15:00:00,13,6,7
2021-02-11 16:00:00,15,6,9
2021-02-11 17:00:00,12,6,6
2021-02-11 18:00:00,16,8,8
2021-02-11 19:00:00,2,1,1
2021-02-11 20:00:00,3,0,3
2021-02-11 21:00:00,0,0,0
2021-02-11 22:00:00,3,3,0
2021-02-11 23:00:00,0,0,0
2021-02-12 00:00:00,1,0,1
2021-02-12 01:00:00,0,0,0
2021-02-12 02:00:00,0,0,0
2021-02-12 03:00:00,0,0,0
2021-02-12 04:00:00,0,0,0
2021-02-12 05:00:00,6,3,3
2021-02-12 06:00:00,9,4,5
2021-02-12 07:00:00,6,1,5
2021-02-12 08:00:00,6,2,4
2021-02-12 09:00:00,5,2,3
2021-02-12 10:00:00,0,0,0
2021-02-12 11:00:00,13,5,8
2021-02-12 12:00:00,3,2,1
2021-02-12 13:00:00,14,2,12
2021-02-12 14:00:00,14,10,4
2021-02-12 15:00:00,17,9,8
2021-02-12 16:00:00,21,10,11
2021-02-12 17:00:00,14,7,7
2021-02-12 18:00:00,8,3,5
2021-02-12 19:00:00,1,0,1
2021-02-12 20:00:00,3,3,0
2021-02-12 21:00:00,5,1,4
2021-02-12 22:00:00,4,1,3
2021-02-12 23:00:00,0,0,0
2021-02-13 00:00:00,1,0,1
2021-02-13 01:00:00,0,0,0
2021-02-13 02:00:00,0,0,0
2021-02-13 03:00:00,0,0,0
2021-02-13 04:00:00,0,0,0
2021-02-13 05:00:00,0,0,0
2021-02-13 06:00:00,0,0,0
2021-02-13 07:00:00,1,1,0
2021-02-13 08:00:00,0,0,0
2021-02-13 09:00:00,2,0,2
2021-02-13 10:00:00,4,4,0
2021-02-13 11:00:00,2,1,1
2021-02-13 12:00:00,2,2,0
2021-02-13 13:00:00,1,0,1
2021-02-13 14:00:00,1,1,0
2021-02-13 15:00:00,2,2,0
2021-02-13 16:00:00,2,1,1
2021-02-13 17:00:00,2,1,1
2021-02-13 18:00:00,0,0,0
2021-02-13 19:00:00,0,0,0
2021-02-13 20:00:00,0,0,0
2021-02-13 21:00:00,0,0,0
2021-02-13 22:00:00,0,0,0
2021-02-13 23:00:00,1,1,0
2021-02-14 00:00:00,0,0,0
2021-02-14 01:00:00,0,0,0
2021-02-14 02:00:00,0,0,0
2021-02-14 03:00:00,0,0,0
2021-02-14 04:00:00,0,0,0
2021-02-14 05:00:00,0,0,0
2021-02-14 06:00:00,0,0,0
2021-02-14 07:00:00,0,0,0
2021-02-14 08:00:00,0,0,0
2021-02-14 09:00:00,2,0,2
2021-02-14 10:00:00,1,1,0
2021-02-14 11:00:00,2,1,1
2021-02-14 12:00:00,0,0,0
2021-02-14 13:00:00,1,1,0
2021-02-14 14:00:00,4,2,2
2021-02-14 15:00:00,1,0,1
2021-02-14 16:00:00,1,1,0
2021-02-14 17:00:00,0,0,0
2021-02-14 18:00:00,0,0,0
2021-02-14 19:00:00,0,0,0
2021-02-14 20:00:00,0,0,0
2021-02-14 21:00:00,0,0,0
2021-02-14 22:00:00,0,0,0
2021-02-14 23:00:00,0,0,0
2021-02-15 00:00:00,0,0,0
2021-02-15 01:00:00,0,0,0
2021-02-15 02:00:00,0,0,0
2021-02-15 03:00:00,0,0,0
2021-02-15 04:00:00,0,0,0
2021-02-15 05:00:00,0,0,0
2021-02-15 06:00:00,0,0,0
2021-02-15 07:00:00,0,0,0
2021-02-15 08:00:00,1,1,0
2021-02-15 09:00:00,1,0,1
2021-02-15 10:00:00,1,0,1
2021-02-15 11:00:00,1,1,0
2021-02-15 12:00:00,4,0,4
2021-02-15 13:00:00,3,2,1
2021-02-15 14:00:00,5,3,2
2021-02-15 15:00:00,3,1,2
2021-02-15 16:00:00,3,1,2
2021-02-15 17:00:00,2,1,1
2021-02-15 18:00:00,1,1,0
2021-02-15 19:00:00,3,0,3
2021-02-15 20:00:00,0,0,0
2021-02-15 21:00:00,0,0,0
2021-02-15 22:00:00,1,1,0
2021-02-15 23:00:00,0,0,0
2021-02-16 00:00:00,1,0,1
2021-02-16 01:00:00,0,0,0
2021-02-16 02:00:00,0,0,0
2021-02-16 03:00:00,0,0,0
2021-02-16 04:00:00,0,0,0
2021-02-16 05:00:00,2,0,2
2021-02-16 06:00:00,14,6,8
2021-02-16 07:00:00,17,10,7
2021-02-16 08:00:00,6,1,5
2021-02-16 09:00:00,15,8,7
2021-02-16 10:00:00,6,5,1
2021-02-16 11:00:00,11,6,5
2021-02-16 12:00:00,19,8,11
2021-02-16 13:00:00,19,7,12
2021-02-16 14:00:00,44,23,21
2021-02-16 15:00:00,28,16,12
2021-02-16 16:00:00,51,19,32
2021-02-16 17:00:00,45,18,27
2021-02-16 18:00:00,30,19,11
2021-02-16 19:00:00,9,2,7
2021-02-16 20:00:00,5,2,3
2021-02-16 21:00:00,4,2,2
2021-02-16 22:00:00,2,2,0
2021-02-16 23:00:00,0,0,0
2021-02-17 00:00:00,2,1,1
2021-02-17 01:00:00,0,0,0
2021-02-17 02:00:00,0,0,0
2021-02-17 03:00:00,2,1,1
2021-02-17 04:00:00,1,1,0
2021-02-17 05:00:00,6,1,5
2021-02-17 06:00:00,20,9,11
2021-02-17 07:00:00,35,22,13
2021-02-17 08:00:00,22,10,12
2021-02-17 09:00:00,18,16,2
2021-02-17 10:00:00,17,8,9
2021-02-17 11:00:00,43,20,23
2021-02-17 12:00:00,35,18,17
2021-02-17 13:00:00,42,15,27
2021-02-17 14:00:00,54,27,27
2021-02-17 15:00:00,84,38,46
2021-02-17 16:00:00,96,42,54
2021-02-17 17:00:00,85,45,40
2021-02-17 18:00:00,29,14,15
2021-02-17 19:00:00,14,6,8
2021-02-17 20:00:00,3,2,1
2021-02-17 21:00:00,1,0,1
2021-02-17 22:00:00,6,3,3
2021-02-17 23:00:00,2,0,2
2021-02-18 00:00:00,2,2,0
2021-02-18 01:00:00,0,0,0
2021-02-18 02:00:00,0,0,0
2021-02-18 03:00:00,0,0,0
2021-02-18 04:00:00,1,1,0
2021-02-18 05:00:00,4,1,3
2021-02-18 06:00:00,17,8,9
2021-02-18 07:00:00,28,11,17
2021-02-18 08:00:00,19,9,10
2021-02-18 09:00:00,19,9,10
2021-02-18 10:00:00,10,7,3
2021-02-18 11:00:00,3,2,1
2021-02-18 12:00:00,10,4,6
2021-02-18 13:00:00,10,5,5
2021-02-18 14:00:00,16,11,5
2021-02-18 15:00:00,9,6,3
2021-02-18 16:00:00,17,8,9
2021-02-18 17:00:00,16,6,10
2021-02-18 18:00:00,23,8,15
2021-02-18 19:00:00,6,5,1
2021-02-18 20:00:00,4,1,3
2021-02-18 21:00:00,2,0,2
2021-02-18 22:00:00,2,2,0
2021-02-18 23:00:00,0,0,0
2021-02-19 00:00:00,0,0,0
2021-02-19 01:00:00,0,0,0
2021-02-19 02:00:00,0,0,0
2021-02-19 03:00:00,2,2,0
2021-02-19 04:00:00,1,0,1
2021-02-19 05:00:00,5,3,2
2021-02-19 06:00:00,11,7,4
2021-02-19 07:00:00,28,14,14
2021-02-19 08:00:00,20,6,14
2021-02-19 09:00:00,25,13,12
2021-02-19 10:00:00,27,12,15
2021-02-19 11:00:00,20,5,15
2021-02-19 12:00:00,25,10,15
2021-02-19 13:00:00,36,11,25
2021-02-19 14:00:00,42,20,22
2021-02-19 15:00:00,45,26,19
2021-02-19 16:00:00,38,20,18
2021-02-19 17:00:00,41,17,24
2021-02-19 18:00:00,20,8,12
2021-02-19 19:00:00,4,0,4
2021-02-19 20:00:00,1,1,0
2021-02-19 21:00:00,6,2,4
2021-02-19 22:00:00,4,2,2
2021-02-19 23:00:00,1,1,0
2021-02-20 00:00:00,1,0,1
2021-02-20 01:00:00,3,2,1
2021-02-20 02:00:00,0,0,0
2021-02-20 03:00:00,0,0,0
2021-02-20 04:00:00,0,0,0
2021-02-20 05:00:00,2,1,1
2021-02-20 06:00:00,1,1,0
2021-02-20 07:00:00,13,7,6
2021-02-20 08:00:00,14,8,6
2021-02-20 09:00:00,46,22,24
2021-02-20 10:00:00,66,28,38
2021-02-20 11:00:00,100,48,52
2021-02-20 12:00:00,114,48,66
2021-02-20 13:00:00,149,68,81
2021-02-20 14:00:00,193,92,101
2021-02-20 15:00:00,149,68,81
2021-02-20 16:00:00,78,37,41
2021-02-20 17:00:00,47,25,22
2021-02-20 18:00:00,21,15,6
2021-02-20 19:00:00,11,6,5
2021-02-20 20:00:00,2,0,2
2021-02-20 21:00:00,0,0,0
2021-02-20 22:00:00,11,1,10
2021-02-20 23:00:00,1,0,1
2021-02-21 00:00:00,1,1,0
2021-02-21 01:00:00,3,0,3
2021-02-21 02:00:00,1,1,0
2021-02-21 03:00:00,0,0,0
2021-02-21 04:00:00,0,0,0
2021-02-21 05:00:00,0,0,0
2021-02-21 06:00:00,1,0,1
2021-02-21 07:00:00,6,4,2
2021-02-21 08:00:00,9,5,4
2021-02-21 09:00:00,27,15,12
2021-02-21 10:00:00,29,14,15
2021-02-21 11:00:00,41,19,22
2021-02-21 12:00:00,76,29,47
2021-02-21 13:00:00,54,23,31
2021-02-21 14:00:00,102,49,53
2021-02-21 15:00:00,68,33,35
2021-02-21 16:00:00,27,16,11
2021-02-21 17:00:00,21,8,13
2021-02-21 18:00:00,10,5,5
2021-02-21 19:00:00,8,4,4
2021-02-21 20:00:00,2,2,0
2021-02-21 21:00:00,2,1,1
2021-02-21 22:00:00,1,1,0
2021-02-21 23:00:00,4,0,4
2021-02-22 00:00:00,0,0,0
2021-02-22 01:00:00,0,0,0
2021-02-22 02:00:00,0,0,0
2021-02-22 03:00:00,0,0,0
2021-02-22 04:00:00,0,0,0
2021-02-22 05:00:00,6,3,3
2021-02-22 06:00:00,15,6,9
2021-02-22 07:00:00,28,18,10
2021-02-22 08:00:00,13,9,4
2021-02-22 09:00:00,17,11,6
2021-02-22 10:00:00,8,3,5
2021-02-22 11:00:00,10,5,5
2021-02-22 12:00:00,9,3,6
2021-02-22 13:00:00,7,1,6
2021-02-22 14:00:00,22,16,6
2021-02-22 15:00:00,55,28,27
2021-02-22 16:00:00,71,27,44
2021-02-22 17:00:00,84,29,55
2021-02-22 18:00:00,43,20,23
2021-02-22 19:00:00,8,5,3
2021-02-22 20:00:00,3,1,2
2021-02-22 21:00:00,2,0,2
2021-02-22 22:00:00,13,8,5
2021-02-22 23:00:00,5,3,2
2021-02-23 00:00:00,0,0,0
2021-02-23 01:00:00,4,3,1
2021-02-23 02:00:00,1,0,1
2021-02-23 03:00:00,0,0,0
2021-02-23 04:00:00,1,1,0
2021-02-23 05:00:00,10,4,6
2021-02-23 06:00:00,20,8,12
2021-02-23 07:00:00,33,22,11
2021-02-23 08:00:00,18,7,11
2021-02-23 09:00:00,25,13,12
2021-02-23 10:00:00,19,7,12
2021-02-23 11:00:00,29,18,11
2021-02-23 12:00:00,40,19,21
2021-02-23 13:00:00,60,33,27
2021-02-23 14:00:00,51,18,33
2021-02-23 15:00:00,59,24,35
2021-02-23 16:00:00,84,44,40
2021-02-23 17:00:00,23,6,17
2021-02-23 18:00:00,13,2,11
2021-02-23 19:00:00,2,0,2
2021-02-23 20:00:00,4,3,1
2021-02-23 21:00:00,3,0,3
2021-02-23 22:00:00,2,2,0
2021-02-23 23:00:00,1,1,0
2021-02-24 00:00:00,4,1,3
2021-02-24 01:00:00,0,0,0
2021-02-24 02:00:00,1,1,0
2021-02-24 03:00:00,1,1,0
2021-02-24 04:00:00,2,0,2
2021-02-24 05:00:00,10,5,5
2021-02-24 06:00:00,27,13,14
2021-02-24 07:00:00,31,14,17
2021-02-24 08:00:00,25,10,15
2021-02-24 09:00:00,20,7,13
2021-02-24 10:00:00,16,7,9
2021-02-24 11:00:00,20,6,14
2021-02-24 12:00:00,50,21,29
2021-02-24 13:00:00,45,19,26
2021-02-24 14:00:00,51,27,24
2021-02-24 15:00:00,56,25,31
2021-02-24 16:00:00,100,45,55
2021-02-24 17:00:00,107,58,49
2021-02-24 18:00:00,45,18,27
2021-02-24 19:00:00,10,6,4
2021-02-24 20:00:00,6,0,6
2021-02-24 21:00:00,1,0,1
2021-02-24 22:00:00,6,6,0
2021-02-24 23:00:00,2,2,0
2021-02-25 00:00:00,3,2,1
2021-02-25 01:00:00,0,0,0
2021-02-25 02:00:00,0,0,0
2021-02-25 03:00:00,1,0,1
2021-02-25 04:00:00,0,0,0
2021-02-25 05:00:00,5,1,4
2021-02-25 06:00:00,21,10,11
2021-02-25 07:00:00,35,20,15
2021-02-25 08:00:00,16,5,11
2021-02-25 09:00:00,24,15,9
2021-02-25 10:00:00,17,9,8
2021-02-25 11:00:00,11,5,6
2021-02-25 12:00:00,20,11,9
2021-02-25 13:00:00,25,16,9
2021-02-25 14:00:00,38,14,24
2021-02-25 15:00:00,33,20,13
2021-02-25 16:00:00,34,12,22
2021-02-25 17:00:00,57,30,27
2021-02-25 18:00:00,26,10,16
2021-02-25 19:00:00,9,1,8
2021-02-25 20:00:00,4,1,3
2021-02-25 21:00:00,4,0,4
2021-02-25 22:00:00,3,1,2
2021-02-25 23:00:00,4,2,2
2021-02-26 00:00:00,1,0,1
2021-02-26 01:00:00,0,0,0
2021-02-26 02:00:00,0,0,0
2021-02-26 03:00:00,0,0,0
2021-02-26 04:00:00,0,0,0
2021-02-26 05:00:00,4,2,2
2021-02-26 06:00:00,16,8,8
2021-02-26 07:00:00,25,11,14
2021-02-26 08:00:00,26,16,10
2021-02-26 09:00:00,42,18,24
2021-02-26 10:00:00,28,14,14
2021-02-26 11:00:00,53,23,30
2021-02-26 12:00:00,56,30,26
2021-02-26 13:00:00,62,29,33
2021-02-26 14:00:00,68,40,28
2021-02-26 15:00:00,52,24,28
2021-02-26 16:00:00,73,25,48
2021-02-26 17:00:00,70,34,36
2021-02-26 18:00:00,30,19,11
2021-02-26 19:00:00,14,8,6
2021-02-26 20:00:00,4,1,3
2021-02-26 21:00:00,1,1,0
2021-02-26 22:00:00,3,1,2
2021-02-26 23:00:00,1,1,0
2021-02-27 00:00:00,1,1,0
2021-02-27 01:00:00,1,0,1
2021-02-27 02:00:00,1,0,1
2021-02-27 03:00:00,1,1,0
2021-02-27 04:00:00,1,1,0
2021-02-27 05:00:00,1,0,1
2021-02-27 06:00:00,2,2,0
2021-02-27 07:00:00,12,4,8
2021-02-27 08:00:00,25,15,10
2021-02-27 09:00:00,42,20,22
2021-02-27 10:00:00,81,42,39
2021-02-27 11:00:00,135,68,67
2021-02-27 12:00:00,134,69,65
2021-02-27 13:00:00,153,62,91
2021-02-27 14:00:00,162,94,68
2021-02-27 15:00:00,152,76,76
2021-02-27 16:00:00,167,70,97
2021-02-27 17:00:00,97,54,43
2021-02-27 18:00:00,46,31,15
2021-02-27 19:00:00,10,4,6
2021-02-27 20:00:00,14,9,5
2021-02-27 21:00:00,6,1,5
2021-02-27 22:00:00,4,0,4
2021-02-27 23:00:00,3,0,3
2021-02-28 00:00:00,0,0,0
2021-02-28 01:00:00,1,1,0
2021-02-28 02:00:00,1,1,0
2021-02-28 03:00:00,1,0,1
2021-02-28 04:00:00,0,0,0
2021-02-28 05:00:00,1,1,0
2021-02-28 06:00:00,4,2,2
2021-02-28 07:00:00,7,5,2
2021-02-28 08:00:00,32,16,16
2021-02-28 09:00:00,41,13,28
2021-02-28 10:00:00,53,22,31
2021-02-28 11:00:00,73,33,40
2021-02-28 12:00:00,87,33,54
2021-02-28 13:00:00,106,36,70
2021-02-28 14:00:00,109,38,71
2021-02-28 15:00:00,141,75,66
2021-02-28 16:00:00,114,46,68
2021-02-28 17:00:00,68,38,30
2021-02-28 18:00:00,19,10,9
2021-02-28 19:00:00,4,2,2
2021-02-28 20:00:00,9,4,5
2021-02-28 21:00:00,6,5,1
2021-02-28 22:00:00,3,1,2
2021-02-28 23:00:00,6,4,2
2021-03-01 00:00:00,1,1,0
2021-03-01 01:00:00,1,1,0
2021-03-01 02:00:00,2,1,1
2021-03-01 03:00:00,1,1,0
2021-03-01 04:00:00,0,0,0
2021-03-01 05:00:00,5,1,4
2021-03-01 06:00:00,23,11,12
2021-03-01 07:00:00,37,19,18
2021-03-01 08:00:00,32,13,19
2021-03-01 09:00:00,31,18,13
2021-03-01 10:00:00,25,11,14
2021-03-01 11:00:00,32,12,20
2021-03-01 12:00:00,35,13,22
2021-03-01 13:00:00,55,25,30
2021-03-01 14:00:00,76,33,43
2021-03-01 15:00:00,106,60,46
2021-03-01 16:00:00,127,55,72
2021-03-01 17:00:00,125,51,74
2021-03-01 18:00:00,49,29,20
2021-03-01 19:00:00,21,8,13
2021-03-01 20:00:00,9,6,3
2021-03-01 21:00:00,2,0,2
2021-03-01 22:00:00,15,7,8
2021-03-01 23:00:00,2,2,0
2021-03-02 00:00:00,0,0,0
2021-03-02 01:00:00,6,1,5
2021-03-02 02:00:00,4,3,1
2021-03-02 03:00:00,1,1,0
2021-03-02 04:00:00,1,0,1
2021-03-02 05:00:00,11,5,6
2021-03-02 06:00:00,34,15,19
2021-03-02 07:00:00,44,22,22
2021-03-02 08:00:00,29,14,15
2021-03-02 09:00:00,35,21,14
2021-03-02 10:00:00,22,15,7
2021-03-02 11:00:00,21,5,16
2021-03-02 12:00:00,32,14,18
2021-03-02 13:00:00,31,15,16
2021-03-02 14:00:00,44,21,23
2021-03-02 15:00:00,53,30,23
2021-03-02 16:00:00,97,50,47
2021-03-02 17:00:00,96,43,53
2021-03-02 18:00:00,39,21,18
2021-03-02 19:00:00,17,9,8
2021-03-02 20:00:00,12,5,7
2021-03-02 21:00:00,2,1,1
2021-03-02 22:00:00,2,2,0
2021-03-02 23:00:00,2,2,0
2021-03-03 00:00:00,0,0,0
2021-03-03 01:00:00,0,0,0
2021-03-03 02:00:00,0,0,0
2021-03-03 03:00:00,1,1,0
2021-03-03 04:00:00,0,0,0
2021-03-03 05:00:00,8,3,5
2021-03-03 06:00:00,32,17,15
2021-03-03 07:00:00,60,37,23
2021-03-03 08:00:00,39,20,19
2021-03-03 09:00:00,24,12,12
2021-03-03 10:00:00,47,25,22
2021-03-03 11:00:00,34,18,16
2021-03-03 12:00:00,64,22,42
2021-03-03 13:00:00,82,44,38
2021-03-03 14:00:00,125,61,64
2021-03-03 15:00:00,195,78,117
2021-03-03 16:00:00,206,102,104
2021-03-03 17:00:00,191,76,115
2021-03-03 18:00:00,79,43,36
2021-03-03 19:00:00,15,7,8
2021-03-03 20:00:00,1,0,1
2021-03-03 21:00:00,5,1,4
2021-03-03 22:00:00,2,2,0
2021-03-03 23:00:00,3,2,1
2021-03-04 00:00:00,1,1,0
2021-03-04 01:00:00,0,0,0
2021-03-04 02:00:00,0,0,0
2021-03-04 03:00:00,0,0,0
2021-03-04 04:00:00,0,0,0
2021-03-04 05:00:00,7,3,4
2021-03-04 06:00:00,22,12,10
2021-03-04 07:00:00,43,22,21
2021-03-04 08:00:00,24,9,15
2021-03-04 09:00:00,30,15,15
2021-03-04 10:00:00,27,13,14
2021-03-04 11:00:00,36,18,18
2021-03-04 12:00:00,39,19,20
2021-03-04 13:00:00,34,16,18
2021-03-04 14:00:00,23,12,11
2021-03-04 15:00:00,10,6,4
2021-03-04 16:00:00,21,10,11
2021-03-04 17:00:00,19,8,11
2021-03-04 18:00:00,18,7,11
2021-03-04 19:00:00,8,5,3
2021-03-04 20:00:00,2,0,2
2021-03-04 21:00:00,1,0,1
2021-03-04 22:00:00,3,2,1
2021-03-04 23:00:00,3,2,1
2021-03-05 00:00:00,2,1,1
2021-03-05 01:00:00,0,0,0
2021-03-05 02:00:00,1,0,1
2021-03-05 03:00:00,0,0,0
2021-03-05 04:00:00,0,0,0
2021-03-05 05:00:00,4,2,2
2021-03-05 06:00:00,11,6,5
2021-03-05 07:00:00,34,18,16
2021-03-05 08:00:00,21,9,12
2021-03-05 09:00:00,18,10,8
2021-03-05 10:00:00,11,6,5
2021-03-05 11:00:00,12,7,5
2021-03-05 12:00:00,15,7,8
2021-03-05 13:00:00,7,3,4
2021-03-05 14:00:00,23,6,17
2021-03-05 15:00:00,32,13,19
2021-03-05 16:00:00,45,23,22
2021-03-05 17:00:00,50,16,34
2021-03-05 18:00:00,29,18,11
2021-03-05 19:00:00,11,2,9
2021-03-05 20:00:00,1,1,0
2021-03-05 21:00:00,0,0,0
2021-03-05 22:00:00,8,2,6
2021-03-05 23:00:00,3,2,1
2021-03-06 00:00:00,7,4,3
2021-03-06 01:00:00,3,2,1
2021-03-06 02:00:00,2,1,1
2021-03-06 03:00:00,0,0,0
2021-03-06 04:00:00,0,0,0
2021-03-06 05:00:00,2,2,0
2021-03-06 06:00:00,8,4,4
2021-03-06 07:00:00,13,6,7
2021-03-06 08:00:00,31,11,20
2021-03-06 09:00:00,51,19,32
2021-03-06 10:00:00,54,28,26
2021-03-06 11:00:00,98,47,51
2021-03-06 12:00:00,126,54,72
2021-03-06 13:00:00,131,67,64
2021-03-06 14:00:00,107,45,62
2021-03-06 15:00:00,73,35,38
2021-03-06 16:00:00,72,29,43
2021-03-06 17:00:00,55,31,24
2021-03-06 18:00:00,26,18,8
2021-03-06 19:00:00,6,3,3
2021-03-06 20:00:00,4,3,1
2021-03-06 21:00:00,1,0,1
2021-03-06 22:00:00,2,0,2
2021-03-06 23:00:00,2,0,2
2021-03-07 00:00:00,5,2,3
2021-03-07 01:00:00,0,0,0
2021-03-07 02:00:00,0,0,0
2021-03-07 03:00:00,0,0,0
2021-03-07 04:00:00,0,0,0
2021-03-07 05:00:00,0,0,0
2021-03-07 06:00:00,3,2,1
2021-03-07 07:00:00,8,3,5
2021-03-07 08:00:00,22,9,13
2021-03-07 09:00:00,16,8,8
2021-03-07 10:00:00,27,13,14
2021-03-07 11:00:00,38,21,17
2021-03-07 12:00:00,5,1,4
2021-03-07 13:00:00,41,16,25
2021-03-07 14:00:00,48,19,29
2021-03-07 15:00:00,51,22,29
2021-03-07 16:00:00,34,14,20
2021-03-07 17:00:00,13,7,6
2021-03-07 18:00:00,6,2,4
2021-03-07 19:00:00,5,3,2
2021-03-07 20:00:00,0,0,0
2021-03-07 21:00:00,6,1,5
2021-03-07 22:00:00,3,3,0
2021-03-07 23:00:00,1,1,0
2021-03-08 00:00:00,0,0,0
2021-03-08 01:00:00,0,0,0
2021-03-08 02:00:00,0,0,0
2021-03-08 03:00:00,0,0,0
2021-03-08 04:00:00,0,0,0
2021-03-08 05:00:00,8,0,8
2021-03-08 06:00:00,22,12,10
2021-03-08 07:00:00,37,21,16
2021-03-08 08:00:00,29,15,14
2021-03-08 09:00:00,28,12,16
2021-03-08 10:00:00,28,15,13
2021-03-08 11:00:00,40,16,24
2021-03-08 12:00:00,56,23,33
2021-03-08 13:00:00,74,41,33
2021-03-08 14:00:00,75,41,34
2021-03-08 15:00:00,77,39,38
2021-03-08 16:00:00,97,45,52
2021-03-08 17:00:00,99,43,56
2021-03-08 18:00:00,64,36,28
2021-03-08 19:00:00,27,9,18
2021-03-08 20:00:00,7,4,3
2021-03-08 21:00:00,4,1,3
2021-03-08 22:00:00,2,1,1
2021-03-08 23:00:00,1,1,0
2021-03-09 00:00:00,3,0,3
2021-03-09 01:00:00,3,2,1
2021-03-09 02:00:00,0,0,0
2021-03-09 03:00:00,1,0,1
2021-03-09 04:00:00,0,0,0
2021-03-09 05:00:00,7,2,5
2021-03-09 06:00:00,20,12,8
2021-03-09 07:00:00,44,20,24
2021-03-09 08:00:00,35,18,17
2021-03-09 09:00:00,29,16,13
2021-03-09 10:00:00,25,10,15
2021-03-09 11:00:00,31,14,17
2021-03-09 12:00:00,37,18,19
2021-03-09 13:00:00,58,29,29
2021-03-09 14:00:00,62,33,29
2021-03-09 15:00:00,74,29,45
2021-03-09 16:00:00,82,38,44
2021-03-09 17:00:00,116,46,70
2021-03-09 18:00:00,87,50,37
2021-03-09 19:00:00,15,5,10
2021-03-09 20:00:00,6,2,4
2021-03-09 21:00:00,5,2,3
2021-03-09 22:00:00,1,1,0
2021-03-09 23:00:00,1,1,0
2021-03-10 00:00:00,3,1,2
2021-03-10 01:00:00,0,0,0
2021-03-10 02:00:00,0,0,0
2021-03-10 03:00:00,0,0,0
2021-03-10 04:00:00,1,0,1
2021-03-10 05:00:00,5,1,4
2021-03-10 06:00:00,26,13,13
2021-03-10 07:00:00,55,31,24
2021-03-10 08:00:00,34,20,14
2021-03-10 09:00:00,41,19,22
2021-03-10 10:00:00,39,16,23
2021-03-10 11:00:00,59,29,30
2021-03-10 12:00:00,61,24,37
2021-03-10 13:00:00,68,33,35
2021-03-10 14:00:00,92,46,46
2021-03-10 15:00:00,119,54,65
2021-03-10 16:00:00,187,101,86
2021-03-10 17:00:00,187,101,86
2021-03-10 18:00:00,101,54,47
2021-03-10 19:00:00,13,3,10
2021-03-10 20:00:00,14,5,9
2021-03-10 21:00:00,3,2,1
2021-03-10 22:00:00,4,3,1
2021-03-10 23:00:00,2,2,0
2021-03-11 00:00:00,1,1,0
2021-03-11 01:00:00,0,0,0
2021-03-11 02:00:00,0,0,0
2021-03-11 03:00:00,2,1,1
2021-03-11 04:00:00,1,0,1
2021-03-11 05:00:00,5,1,4
2021-03-11 06:00:00,24,13,11
2021-03-11 07:00:00,42,21,21
2021-03-11 08:00:00,33,18,15
2021-03-11 09:00:00,47,24,23
2021-03-11 10:00:00,38,15,23
2021-03-11 11:00:00,46,20,26
2021-03-11 12:00:00,68,29,39
2021-03-11 13:00:00,76,30,46
2021-03-11 14:00:00,114,62,52
2021-03-11 15:00:00,100,43,57
2021-03-11 16:00:00,153,72,81
2021-03-11 17:00:00,160,65,95
2021-03-11 18:00:00,87,53,34
2021-03-11 19:00:00,38,14,24
2021-03-11 20:00:00,10,4,6
2021-03-11 21:00:00,6,2,4
2021-03-11 22:00:00,5,3,2
2021-03-11 23:00:00,2,2,0
2021-03-12 00:00:00,1,1,0
2021-03-12 01:00:00,2,1,1
2021-03-12 02:00:00,1,0,1
2021-03-12 03:00:00,4,1,3
2021-03-12 04:00:00,0,0,0
2021-03-12 05:00:00,6,2,4
2021-03-12 06:00:00,22,11,11
2021-03-12 07:00:00,47,24,23
2021-03-12 08:00:00,32,17,15
2021-03-12 09:00:00,31,22,9
2021-03-12 10:00:00,26,8,18
2021-03-12 11:00:00,53,31,22
2021-03-12 12:00:00,59,26,33
2021-03-12 13:00:00,88,43,45
2021-03-12 14:00:00,106,44,62
2021-03-12 15:00:00,131,70,61
2021-03-12 16:00:00,172,78,94
2021-03-12 17:00:00,203,83,120
2021-03-12 18:00:00,123,76,47
2021-03-12 19:00:00,27,12,15
2021-03-12 20:00:00,16,13,3
2021-03-12 21:00:00,9,4,5
2021-03-12 22:00:00,2,1,1
2021-03-12 23:00:00,14,8,6
2021-03-13 00:00:00,8,3,5
2021-03-13 01:00:00,0,0,0
2021-03-13 02:00:00,0,0,0
2021-03-13 03:00:00,0,0,0
2021-03-13 04:00:00,0,0,0
2021-03-13 05:00:00,1,1,0
2021-03-13 06:00:00,5,2,3
2021-03-13 07:00:00,20,11,9
2021-03-13 08:00:00,44,29,15
2021-03-13 09:00:00,66,41,25
2021-03-13 10:00:00,90,40,50
2021-03-13 11:00:00,171,82,89
2021-03-13 12:00:00,213,98,115
2021-03-13 13:00:00,217,90,127
2021-03-13 14:00:00,313,153,160
2021-03-13 15:00:00,284,129,155
2021-03-13 16:00:00,225,102,123
2021-03-13 17:00:00,162,81,81
2021-03-13 18:00:00,87,44,43
2021-03-13 19:00:00,51,24,27
2021-03-13 20:00:00,9,2,7
2021-03-13 21:00:00,12,5,7
2021-03-13 22:00:00,4,2,2
2021-03-13 23:00:00,11,5,6
2021-03-14 00:00:00,4,2,2
2021-03-14 01:00:00,2,1,1
2021-03-14 02:00:00,0,0,0
2021-03-14 03:00:00,0,0,0
2021-03-14 04:00:00,0,0,0
2021-03-14 05:00:00,0,0,0
2021-03-14 06:00:00,0,0,0
2021-03-14 07:00:00,12,5,7
2021-03-14 08:00:00,19,7,12
2021-03-14 09:00:00,28,14,14
2021-03-14 10:00:00,27,12,15
2021-03-14 11:00:00,12,5,7
2021-03-14 12:00:00,26,9,17
2021-03-14 13:00:00,18,9,9
2021-03-14 14:00:00,14,5,9
2021-03-14 15:00:00,12,5,7
2021-03-14 16:00:00,19,8,11
2021-03-14 17:00:00,6,4,2
2021-03-14 18:00:00,6,3,3
2021-03-14 19:00:00,7,4,3
2021-03-14 20:00:00,0,0,0
2021-03-14 21:00:00,2,1,1
2021-03-14 22:00:00,1,0,1
2021-03-14 23:00:00,0,0,0
2021-03-15 00:00:00,0,0,0
2021-03-15 01:00:00,1,1,0
2021-03-15 02:00:00,0,0,0
2021-03-15 03:00:00,0,0,0
2021-03-15 04:00:00,0,0,0
2021-03-15 05:00:00,5,2,3
2021-03-15 06:00:00,18,10,8
2021-03-15 07:00:00,28,16,12
2021-03-15 08:00:00,25,15,10
2021-03-15 09:00:00,33,17,16
2021-03-15 10:00:00,17,10,7
2021-03-15 11:00:00,30,15,15
2021-03-15 12:00:00,19,3,16
2021-03-15 13:00:00,42,19,23
2021-03-15 14:00:00,41,21,20
2021-03-15 15:00:00,74,39,35
2021-03-15 16:00:00,91,46,45
2021-03-15 17:00:00,122,50,72
2021-03-15 18:00:00,63,26,37
2021-03-15 19:00:00,45,29,16
2021-03-15 20:00:00,7,4,3
2021-03-15 21:00:00,1,0,1
2021-03-15 22:00:00,2,1,1
2021-03-15 23:00:00,1,1,0
2021-03-16 00:00:00,1,1,0
2021-03-16 01:00:00,3,0,3
2021-03-16 02:00:00,1,0,1
2021-03-16 03:00:00,1,1,0
2021-03-16 04:00:00,0,0,0
2021-03-16 05:00:00,4,0,4
2021-03-16 06:00:00,13,7,6
2021-03-16 07:00:00,46,19,27
2021-03-16 08:00:00,42,27,15
2021-03-16 09:00:00,28,16,12
2021-03-16 10:00:00,23,12,11
2021-03-16 11:00:00,30,17,13
2021-03-16 12:00:00,51,18,33
2021-03-16 13:00:00,65,37,28
2021-03-16 14:00:00,89,41,48
2021-03-16 15:00:00,99,53,46
2021-03-16 16:00:00,116,57,59
2021-03-16 17:00:00,187,93,94
2021-03-16 18:00:00,135,65,70
2021-03-16 19:00:00,73,33,40
2021-03-16 20:00:00,3,0,3
2021-03-16 21:00:00,2,0,2
2021-03-16 22:00:00,4,2,2
2021-03-16 23:00:00,5,3,2
2021-03-17 00:00:00,1,1,0
2021-03-17 01:00:00,3,1,2
2021-03-17 02:00:00,0,0,0
2021-03-17 03:00:00,1,1,0
2021-03-17 04:00:00,0,0,0
2021-03-17 05:00:00,6,2,4
2021-03-17 06:00:00,28,12,16
2021-03-17 07:00:00,26,16,10
2021-03-17 08:00:00,39,22,17
2021-03-17 09:00:00,33,18,15
2021-03-17 10:00:00,29,18,11
2021-03-17 11:00:00,38,20,18
2021-03-17 12:00:00,44,19,25
2021-03-17 13:00:00,58,20,38
2021-03-17 14:00:00,63,39,24
2021-03-17 15:00:00,102,45,57
2021-03-17 16:00:00,122,55,67
2021-03-17 17:00:00,159,63,96
2021-03-17 18:00:00,160,69,91
2021-03-17 19:00:00,77,44,33
2021-03-17 20:00:00,24,9,15
2021-03-17 21:00:00,3,1,2
2021-03-17 22:00:00,6,3,3
2021-03-17 23:00:00,3,3,0
2021-03-18 00:00:00,0,0,0
2021-03-18 01:00:00,0,0,0
2021-03-18 02:00:00,0,0,0
2021-03-18 03:00:00,0,0,0
2021-03-18 04:00:00,0,0,0
2021-03-18 05:00:00,5,1,4
2021-03-18 06:00:00,15,9,6
2021-03-18 07:00:00,32,15,17
2021-03-18 08:00:00,36,15,21
2021-03-18 09:00:00,15,10,5
2021-03-18 10:00:00,15,7,8
2021-03-18 11:00:00,13,7,6
2021-03-18 12:00:00,18,9,9
2021-03-18 13:00:00,15,6,9
2021-03-18 14:00:00,27,15,12
2021-03-18 15:00:00,32,21,11
2021-03-18 16:00:00,22,11,11
2021-03-18 17:00:00,30,9,21
2021-03-18 18:00:00,22,6,16
2021-03-18 19:00:00,10,3,7
2021-03-18 20:00:00,7,3,4
2021-03-18 21:00:00,2,1,1
2021-03-18 22:00:00,7,3,4
2021-03-18 23:00:00,1,1,0
2021-03-19 00:00:00,0,0,0
2021-03-19 01:00:00,0,0,0
2021-03-19 02:00:00,2,1,1
2021-03-19 03:00:00,1,1,0
2021-03-19 04:00:00,0,0,0
2021-03-19 05:00:00,5,1,4
2021-03-19 06:00:00,18,8,10
2021-03-19 07:00:00,23,12,11
2021-03-19 08:00:00,24,13,11
2021-03-19 09:00:00,20,11,9
2021-03-19 10:00:00,16,9,7
2021-03-19 11:00:00,22,12,10
2021-03-19 12:00:00,30,14,16
2021-03-19 13:00:00,30,12,18
2021-03-19 14:00:00,39,18,21
2021-03-19 15:00:00,69,37,32
2021-03-19 16:00:00,66,30,36
2021-03-19 17:00:00,67,28,39
2021-03-19 18:00:00,22,6,16
2021-03-19 19:00:00,27,12,15
2021-03-19 20:00:00,6,3,3
2021-03-19 21:00:00,2,1,1
2021-03-19 22:00:00,1,1,0
2021-03-19 23:00:00,6,4,2
2021-03-20 00:00:00,1,0,1
2021-03-20 01:00:00,0,0,0
2021-03-20 02:00:00,0,0,0
2021-03-20 03:00:00,0,0,0
2021-03-20 04:00:00,0,0,0
2021-03-20 05:00:00,0,0,0
2021-03-20 06:00:00,1,1,0
2021-03-20 07:00:00,2,1,1
2021-03-20 08:00:00,14,5,9
2021-03-20 09:00:00,23,12,11
2021-03-20 10:00:00,34,13,21
2021-03-20 11:00:00,45,25,20
2021-03-20 12:00:00,44,13,31
2021-03-20 13:00:00,48,27,21
2021-03-20 14:00:00,86,36,50
2021-03-20 15:00:00,99,43,56
2021-03-20 16:00:00,110,59,51
2021-03-20 17:00:00,30,20,10
2021-03-20 18:00:00,13,10,3
2021-03-20 19:00:00,11,6,5
2021-03-20 20:00:00,1,0,1
2021-03-20 21:00:00,3,2,1
2021-03-20 22:00:00,2,0,2
2021-03-20 23:00:00,14,9,5
2021-03-21 00:00:00,0,0,0
2021-03-21 01:00:00,1,0,1
2021-03-21 02:00:00,0,0,0
2021-03-21 03:00:00,0,0,0
2021-03-21 04:00:00,0,0,0
2021-03-21 05:00:00,1,1,0
2021-03-21 06:00:00,0,0,0
2021-03-21 07:00:00,7,4,3
2021-03-21 08:00:00,17,3,14
2021-03-21 09:00:00,39,19,20
2021-03-21 10:00:00,44,29,15
2021-03-21 11:00:00,22,5,17
2021-03-21 12:00:00,12,4,8
2021-03-21 13:00:00,20,11,9
2021-03-21 14:00:00,13,5,8
2021-03-21 15:00:00,18,10,8
2021-03-21 16:00:00,27,11,16
2021-03-21 17:00:00,20,10,10
2021-03-21 18:00:00,17,7,10
2021-03-21 19:00:00,9,4,5
2021-03-21 20:00:00,7,5,2
2021-03-21 21:00:00,1,0,1
2021-03-21 22:00:00,2,0,2
2021-03-21 23:00:00,2,2,0
2021-03-22 00:00:00,0,0,0
2021-03-22 01:00:00,1,1,0
2021-03-22 02:00:00,0,0,0
2021-03-22 03:00:00,1,0,1
2021-03-22 04:00:00,0,0,0
2021-03-22 05:00:00,3,2,1
2021-03-22 06:00:00,13,6,7
2021-03-22 07:00:00,21,11,10
2021-03-22 08:00:00,25,14,11
2021-03-22 09:00:00,15,10,5
2021-03-22 10:00:00,17,9,8
2021-03-22 11:00:00,30,16,14
2021-03-22 12:00:00,48,22,26
2021-03-22 13:00:00,53,21,32
2021-03-22 14:00:00,26,16,10
2021-03-22 15:00:00,45,27,18
2021-03-22 16:00:00,64,24,40
2021-03-22 17:00:00,120,49,71
2021-03-22 18:00:00,95,50,45
2021-03-22 19:00:00,69,32,37
2021-03-22 20:00:00,19,15,4
2021-03-22 21:00:00,3,0,3
2021-03-22 22:00:00,2,1,1
2021-03-22 23:00:00,8,5,3
2021-03-23 00:00:00,2,0,2
2021-03-23 01:00:00,0,0,0
2021-03-23 02:00:00,0,0,0
2021-03-23 03:00:00,2,1,1
2021-03-23 04:00:00,1,0,1
2021-03-23 05:00:00,8,2,6
2021-03-23 06:00:00,20,10,10
2021-03-23 07:00:00,49,27,22
2021-03-23 08:00:00,26,15,11
2021-03-23 09:00:00,25,12,13
2021-03-23 10:00:00,29,10,19
2021-03-23 11:00:00,25,10,15
2021-03-23 12:00:00,59,24,35
2021-03-23 13:00:00,65,39,26
2021-03-23 14:00:00,86,36,50
2021-03-23 15:00:00,100,53,47
2021-03-23 16:00:00,139,64,75
2021-03-23 17:00:00,123,46,77
2021-03-23 18:00:00,112,46,66
2021-03-23 19:00:00,63,37,26
2021-03-23 20:00:00,14,8,6
2021-03-23 21:00:00,8,3,5
2021-03-23 22:00:00,7,4,3
2021-03-23 23:00:00,4,3,1
2021-03-24 00:00:00,3,1,2
2021-03-24 01:00:00,1,1,0
2021-03-24 02:00:00,0,0,0
2021-03-24 03:00:00,3,1,2
2021-03-24 04:00:00,0,0,0
2021-03-24 05:00:00,3,0,3
2021-03-24 06:00:00,18,5,13
2021-03-24 07:00:00,44,23,21
2021-03-24 08:00:00,20,8,12
2021-03-24 09:00:00,20,12,8
2021-03-24 10:00:00,10,3,7
2021-03-24 11:00:00,8,4,4
2021-03-24 12:00:00,15,10,5
2021-03-24 13:00:00,14,6,8
2021-03-24 14:00:00,23,14,9
2021-03-24 15:00:00,21,14,7
2021-03-24 16:00:00,15,7,8
2021-03-24 17:00:00,23,11,12
2021-03-24 18:00:00,23,7,16
2021-03-24 19:00:00,17,11,6
2021-03-24 20:00:00,3,1,2
2021-03-24 21:00:00,6,6,0
2021-03-24 22:00:00,3,2,1
2021-03-24 23:00:00,2,1,1
2021-03-25 00:00:00,1,1,0
2021-03-25 01:00:00,0,0,0
2021-03-25 02:00:00,0,0,0
2021-03-25 03:00:00,1,0,1
2021-03-25 04:00:00,1,1,0
2021-03-25 05:00:00,5,1,4
2021-03-25 06:00:00,13,6,7
2021-03-25 07:00:00,25,9,16
2021-03-25 08:00:00,29,11,18
2021-03-25 09:00:00,29,15,14
2021-03-25 10:00:00,26,13,13
2021-03-25 11:00:00,28,16,12
2021-03-25 12:00:00,27,10,17
2021-03-25 13:00:00,36,24,12
2021-03-25 14:00:00,55,29,26
2021-03-25 15:00:00,76,43,33
2021-03-25 16:00:00,114,58,56
2021-03-25 17:00:00,184,83,101
2021-03-25 18:00:00,105,50,55
2021-03-25 19:00:00,78,44,34
2021-03-25 20:00:00,16,8,8
2021-03-25 21:00:00,6,2,4
2021-03-25 22:00:00,4,2,2
2021-03-25 23:00:00,1,1,0
2021-03-26 00:00:00,2,0,2
2021-03-26 01:00:00,1,1,0
2021-03-26 02:00:00,0,0,0
2021-03-26 03:00:00,0,0,0
2021-03-26 04:00:00,0,0,0
2021-03-26 05:00:00,5,1,4
2021-03-26 06:00:00,12,3,9
2021-03-26 07:00:00,40,17,23
2021-03-26 08:00:00,39,18,21
2021-03-26 09:00:00,24,11,13
2021-03-26 10:00:00,26,16,10
2021-03-26 11:00:00,31,16,15
2021-03-26 12:00:00,37,13,24
2021-03-26 13:00:00,56,33,23
2021-03-26 14:00:00,72,29,43
2021-03-26 15:00:00,61,33,28
2021-03-26 16:00:00,104,49,55
2021-03-26 17:00:00,104,42,62
2021-03-26 18:00:00,75,35,40
2021-03-26 19:00:00,44,26,18
2021-03-26 20:00:00,28,18,10
2021-03-26 21:00:00,12,5,7
2021-03-26 22:00:00,8,4,4
2021-03-26 23:00:00,21,8,13
2021-03-27 00:00:00,11,4,7
2021-03-27 01:00:00,4,2,2
2021-03-27 02:00:00,0,0,0
2021-03-27 03:00:00,0,0,0
2021-03-27 04:00:00,2,0,2
2021-03-27 05:00:00,0,0,0
2021-03-27 06:00:00,1,0,1
2021-03-27 07:00:00,11,9,2
2021-03-27 08:00:00,28,12,16
2021-03-27 09:00:00,39,26,13
2021-03-27 10:00:00,86,48,38
2021-03-27 11:00:00,125,62,63
2021-03-27 12:00:00,157,61,96
2021-03-27 13:00:00,137,51,86
2021-03-27 14:00:00,227,92,135
2021-03-27 15:00:00,192,92,100
2021-03-27 16:00:00,189,81,108
2021-03-27 17:00:00,128,66,62
2021-03-27 18:00:00,86,37,49
2021-03-27 19:00:00,83,51,32
2021-03-27 20:00:00,14,8,6
2021-03-27 21:00:00,2,1,1
2021-03-27 22:00:00,6,2,4
2021-03-27 23:00:00,15,10,5
2021-03-28 00:00:00,2,1,1
2021-03-28 01:00:00,0,0,0
2021-03-28 02:00:00,1,1,0
2021-03-28 03:00:00,0,0,0
2021-03-28 04:00:00,0,0,0
2021-03-28 05:00:00,0,0,0
2021-03-28 06:00:00,3,0,3
2021-03-28 07:00:00,9,4,5
2021-03-28 08:00:00,12,8,4
2021-03-28 09:00:00,16,4,12
2021-03-28 10:00:00,17,11,6
2021-03-28 11:00:00,10,5,5
2021-03-28 12:00:00,3,2,1
2021-03-28 13:00:00,4,1,3
2021-03-28 14:00:00,5,2,3
2021-03-28 15:00:00,2,2,0
2021-03-28 16:00:00,15,3,12
2021-03-28 17:00:00,26,16,10
2021-03-28 18:00:00,18,8,10
2021-03-28 19:00:00,25,13,12
2021-03-28 20:00:00,1,1,0
2021-03-28 21:00:00,1,0,1
2021-03-28 22:00:00,3,2,1
2021-03-28 23:00:00,0,0,0
2021-03-29 00:00:00,8,0,8
2021-03-29 01:00:00,0,0,0
2021-03-29 02:00:00,0,0,0
2021-03-29 03:00:00,0,0,0
2021-03-29 04:00:00,0,0,0
2021-03-29 05:00:00,6,1,5
2021-03-29 06:00:00,16,8,8
2021-03-29 07:00:00,34,18,16
2021-03-29 08:00:00,25,11,14
2021-03-29 09:00:00,48,22,26
2021-03-29 10:00:00,30,20,10
2021-03-29 11:00:00,33,11,22
2021-03-29 12:00:00,62,38,24
2021-03-29 13:00:00,66,34,32
2021-03-29 14:00:00,49,21,28
2021-03-29 15:00:00,76,36,40
2021-03-29 16:00:00,131,66,65
2021-03-29 17:00:00,94,41,53
2021-03-29 18:00:00,106,57,49
2021-03-29 19:00:00,67,41,26
2021-03-29 20:00:00,19,12,7
2021-03-29 21:00:00,8,6,2
2021-03-29 22:00:00,4,3,1
2021-03-29 23:00:00,2,2,0
2021-03-30 00:00:00,1,1,0
2021-03-30 01:00:00,2,1,1
2021-03-30 02:00:00,0,0,0
2021-03-30 03:00:00,0,0,0
2021-03-30 04:00:00,1,0,1
2021-03-30 05:00:00,7,3,4
2021-03-30 06:00:00,16,7,9
2021-03-30 07:00:00,58,30,28
2021-03-30 08:00:00,38,22,16
2021-03-30 09:00:00,30,19,11
2021-03-30 10:00:00,33,17,16
2021-03-30 11:00:00,22,8,14
2021-03-30 12:00:00,75,36,39
2021-03-30 13:00:00,62,29,33
2021-03-30 14:00:00,90,41,49
2021-03-30 15:00:00,97,47,50
2021-03-30 16:00:00,143,60,83
2021-03-30 17:00:00,179,86,93
2021-03-30 18:00:00,160,80,80
2021-03-30 19:00:00,90,55,35
2021-03-30 20:00:00,29,20,9
2021-03-30 21:00:00,5,1,4
2021-03-30 22:00:00,2,2,0
2021-03-30 23:00:00,3,2,1
2021-03-31 00:00:00,8,3,5
2021-03-31 01:00:00,2,2,0
2021-03-31 02:00:00,3,1,2
2021-03-31 03:00:00,2,0,2
2021-03-31 04:00:00,0,0,0
2021-03-31 05:00:00,8,3,5
2021-03-31 06:00:00,23,12,11
2021-03-31 07:00:00,55,26,29
2021-03-31 08:00:00,49,27,22
2021-03-31 09:00:00,43,22,21
2021-03-31 10:00:00,38,18,20
2021-03-31 11:00:00,94,56,38
2021-03-31 12:00:00,78,41,37
2021-03-31 13:00:00,70,41,29
2021-03-31 14:00:00,113,59,54
2021-03-31 15:00:00,98,54,44
2021-03-31 16:00:00,144,66,78
2021-03-31 17:00:00,190,80,110
2021-03-31 18:00:00,154,58,96
2021-03-31 19:00:00,93,52,41
2021-03-31 20:00:00,37,20,17
2021-03-31 21:00:00,7,0,7
2021-03-31 22:00:00,3,1,2
2021-03-31 23:00:00,4,3,1
2021-04-01 00:00:00,2,2,0
2021-04-01 01:00:00,0,0,0
2021-04-01 02:00:00,0,0,0
2021-04-01 03:00:00,1,0,1
2021-04-01 04:00:00,0,0,0
2021-04-01 05:00:00,11,7,4
2021-04-01 06:00:00,19,5,14
2021-04-01 07:00:00,42,21,21
2021-04-01 08:00:00,26,17,9
2021-04-01 09:00:00,32,15,17
2021-04-01 10:00:00,23,11,12
2021-04-01 11:00:00,31,18,13
2021-04-01 12:00:00,57,22,35
2021-04-01 13:00:00,55,17,38
2021-04-01 14:00:00,81,50,31
2021-04-01 15:00:00,66,33,33
2021-04-01 16:00:00,113,54,59
2021-04-01 17:00:00,102,58,44
2021-04-01 18:00:00,89,38,51
2021-04-01 19:00:00,66,38,28
2021-04-01 20:00:00,21,10,11
2021-04-01 21:00:00,12,3,9
2021-04-01 22:00:00,10,6,4
2021-04-01 23:00:00,1,1,0
2021-04-02 00:00:00,1,0,1
2021-04-02 01:00:00,4,0,4
2021-04-02 02:00:00,0,0,0
2021-04-02 03:00:00,0,0,0
2021-04-02 04:00:00,0,0,0
2021-04-02 05:00:00,6,3,3
2021-04-02 06:00:00,19,8,11
2021-04-02 07:00:00,53,26,27
2021-04-02 08:00:00,35,19,16
2021-04-02 09:00:00,34,15,19
2021-04-02 10:00:00,35,19,16
2021-04-02 11:00:00,35,18,17
2021-04-02 12:00:00,40,19,21
2021-04-02 13:00:00,62,37,25
2021-04-02 14:00:00,68,34,34
2021-04-02 15:00:00,110,57,53
2021-04-02 16:00:00,169,74,95
2021-04-02 17:00:00,133,58,75
2021-04-02 18:00:00,95,49,46
2021-04-02 19:00:00,107,62,45
2021-04-02 20:00:00,20,11,9
2021-04-02 21:00:00,15,7,8
2021-04-02 22:00:00,17,3,14
2021-04-02 23:00:00,17,6,11
2021-04-03 00:00:00,1,0,1
2021-04-03 01:00:00,2,2,0
2021-04-03 02:00:00,1,0,1
2021-04-03 03:00:00,0,0,0
2021-04-03 04:00:00,0,0,0
2021-04-03 05:00:00,2,1,1
2021-04-03 06:00:00,4,1,3
2021-04-03 07:00:00,31,16,15
2021-04-03 08:00:00,32,18,14
2021-04-03 09:00:00,55,23,32
2021-04-03 10:00:00,84,48,36
2021-04-03 11:00:00,109,50,59
2021-04-03 12:00:00,145,58,87
2021-04-03 13:00:00,145,76,69
2021-04-03 14:00:00,184,87,97
2021-04-03 15:00:00,191,88,103
2021-04-03 16:00:00,168,70,98
2021-04-03 17:00:00,111,49,62
2021-04-03 18:00:00,94,47,47
2021-04-03 19:00:00,44,29,15
2021-04-03 20:00:00,16,7,9
2021-04-03 21:00:00,6,1,5
2021-04-03 22:00:00,6,0,6
2021-04-03 23:00:00,18,11,7
2021-04-04 00:00:00,1,1,0
2021-04-04 01:00:00,0,0,0
2021-04-04 02:00:00,0,0,0
2021-04-04 03:00:00,0,0,0
2021-04-04 04:00:00,0,0,0
2021-04-04 05:00:00,1,1,0
2021-04-04 06:00:00,0,0,0
2021-04-04 07:00:00,3,0,3
2021-04-04 08:00:00,10,3,7
2021-04-04 09:00:00,13,5,8
2021-04-04 10:00:00,24,10,14
2021-04-04 11:00:00,39,18,21
2021-04-04 12:00:00,62,38,24
2021-04-04 13:00:00,56,14,42
2021-04-04 14:00:00,65,32,33
2021-04-04 15:00:00,55,35,20
2021-04-04 16:00:00,25,16,9
2021-04-04 17:00:00,35,12,23
2021-04-04 18:00:00,63,31,32
2021-04-04 19:00:00,59,36,23
2021-04-04 20:00:00,20,11,9
2021-04-04 21:00:00,4,2,2
2021-04-04 22:00:00,14,2,12
2021-04-04 23:00:00,0,0,0
2021-04-05 00:00:00,0,0,0
2021-04-05 01:00:00,0,0,0
2021-04-05 02:00:00,1,0,1
2021-04-05 03:00:00,1,1,0
2021-04-05 04:00:00,1,1,0
2021-04-05 05:00:00,14,7,7
2021-04-05 06:00:00,22,10,12
2021-04-05 07:00:00,45,23,22
2021-04-05 08:00:00,33,17,16
2021-04-05 09:00:00,32,11,21
2021-04-05 10:00:00,29,11,18
2021-04-05 11:00:00,37,17,20
2021-04-05 12:00:00,89,47,42
2021-04-05 13:00:00,61,35,26
2021-04-05 14:00:00,89,46,43
2021-04-05 15:00:00,136,67,69
2021-04-05 16:00:00,149,71,78
2021-04-05 17:00:00,195,84,111
2021-04-05 18:00:00,192,90,102
2021-04-05 19:00:00,97,59,38
2021-04-05 20:00:00,32,18,14
2021-04-05 21:00:00,5,2,3
2021-04-05 22:00:00,9,4,5
2021-04-05 23:00:00,14,6,8
2021-04-06 00:00:00,1,0,1
2021-04-06 01:00:00,0,0,0
2021-04-06 02:00:00,0,0,0
2021-04-06 03:00:00,3,2,1
2021-04-06 04:00:00,2,0,2
2021-04-06 05:00:00,9,4,5
2021-04-06 06:00:00,27,13,14
2021-04-06 07:00:00,57,29,28
2021-04-06 08:00:00,29,20,9
2021-04-06 09:00:00,32,18,14
2021-04-06 10:00:00,34,13,21
2021-04-06 11:00:00,56,36,20
2021-04-06 12:00:00,57,29,28
2021-04-06 13:00:00,85,53,32
2021-04-06 14:00:00,84,50,34
2021-04-06 15:00:00,104,54,50
2021-04-06 16:00:00,119,55,64
2021-04-06 17:00:00,169,76,93
2021-04-06 18:00:00,174,74,100
2021-04-06 19:00:00,88,53,35
2021-04-06 20:00:00,40,23,17
2021-04-06 21:00:00,10,3,7
2021-04-06 22:00:00,4,2,2
2021-04-06 23:00:00,4,4,0
2021-04-07 00:00:00,0,0,0
2021-04-07 01:00:00,2,0,2
2021-04-07 02:00:00,3,2,1
2021-04-07 03:00:00,2,1,1
2021-04-07 04:00:00,0,0,0
2021-04-07 05:00:00,6,4,2
2021-04-07 06:00:00,32,16,16
2021-04-07 07:00:00,42,24,18
2021-04-07 08:00:00,22,16,6
2021-04-07 09:00:00,24,15,9
2021-04-07 10:00:00,11,6,5
2021-04-07 11:00:00,13,10,3
2021-04-07 12:00:00,21,9,12
2021-04-07 13:00:00,13,6,7
2021-04-07 14:00:00,40,20,20
2021-04-07 15:00:00,27,15,12
2021-04-07 16:00:00,38,15,23
2021-04-07 17:00:00,39,11,28
2021-04-07 18:00:00,43,15,28
2021-04-07 19:00:00,26,13,13
2021-04-07 20:00:00,12,6,6
2021-04-07 21:00:00,1,0,1
2021-04-07 22:00:00,5,4,1
2021-04-07 23:00:00,2,1,1
2021-04-08 00:00:00,0,0,0
2021-04-08 01:00:00,0,0,0
2021-04-08 02:00:00,0,0,0
2021-04-08 03:00:00,0,0,0
2021-04-08 04:00:00,0,0,0
2021-04-08 05:00:00,8,2,6
2021-04-08 06:00:00,28,15,13
2021-04-08 07:00:00,53,27,26
2021-04-08 08:00:00,30,21,9
2021-04-08 09:00:00,29,15,14
2021-04-08 10:00:00,19,7,12
2021-04-08 11:00:00,39,19,20
2021-04-08 12:00:00,43,22,21
2021-04-08 13:00:00,60,31,29
2021-04-08 14:00:00,68,34,34
2021-04-08 15:00:00,83,38,45
2021-04-08 16:00:00,135,59,76
2021-04-08 17:00:00,175,90,85
2021-04-08 18:00:00,135,65,70
2021-04-08 19:00:00,94,43,51
2021-04-08 20:00:00,20,10,10
2021-04-08 21:00:00,14,9,5
2021-04-08 22:00:00,4,3,1
2021-04-08 23:00:00,1,1,0
2021-04-09 00:00:00,0,0,0
2021-04-09 01:00:00,0,0,0
2021-04-09 02:00:00,3,3,0
2021-04-09 03:00:00,2,2,0
2021-04-09 04:00:00,1,0,1
2021-04-09 05:00:00,7,2,5
2021-04-09 06:00:00,26,15,11
2021-04-09 07:00:00,46,22,24
2021-04-09 08:00:00,35,19,16
2021-04-09 09:00:00,23,13,10
2021-04-09 10:00:00,22,11,11
2021-04-09 11:00:00,32,15,17
2021-04-09 12:00:00,26,14,12
2021-04-09 13:00:00,57,38,19
2021-04-09 14:00:00,50,24,26
2021-04-09 15:00:00,58,19,39
2021-04-09 16:00:00,69,27,42
2021-04-09 17:00:00,61,27,34
2021-04-09 18:00:00,42,23,19
2021-04-09 19:00:00,24,10,14
2021-04-09 20:00:00,8,4,4
2021-04-09 21:00:00,14,9,5
2021-04-09 22:00:00,5,1,4
2021-04-09 23:00:00,2,2,0
2021-04-10 00:00:00,0,0,0
2021-04-10 01:00:00,3,1,2
2021-04-10 02:00:00,0,0,0
2021-04-10 03:00:00,0,0,0
2021-04-10 04:00:00,0,0,0
2021-04-10 05:00:00,0,0,0
2021-04-10 06:00:00,0,0,0
2021-04-10 07:00:00,9,3,6
2021-04-10 08:00:00,25,10,15
2021-04-10 09:00:00,27,10,17
2021-04-10 10:00:00,53,27,26
2021-04-10 11:00:00,90,50,40
2021-04-10 12:00:00,92,53,39
2021-04-10 13:00:00,119,67,52
2021-04-10 14:00:00,158,85,73
2021-04-10 15:00:00,145,60,85
2021-04-10 16:00:00,138,65,73
2021-04-10 17:00:00,116,56,60
2021-04-10 18:00:00,85,44,41
2021-04-10 19:00:00,41,19,22
2021-04-10 20:00:00,15,9,6
2021-04-10 21:00:00,8,6,2
2021-04-10 22:00:00,3,3,0
2021-04-10 23:00:00,3,0,3
2021-04-11 00:00:00,2,0,2
2021-04-11 01:00:00,1,1,0
2021-04-11 02:00:00,3,0,3
2021-04-11 03:00:00,0,0,0
2021-04-11 04:00:00,0,0,0
2021-04-11 05:00:00,2,1,1
2021-04-11 06:00:00,3,2,1
2021-04-11 07:00:00,13,4,9
2021-04-11 08:00:00,42,27,15
2021-04-11 09:00:00,46,20,26
2021-04-11 10:00:00,103,51,52
2021-04-11 11:00:00,100,52,48
2021-04-11 12:00:00,137,54,83
2021-04-11 13:00:00,177,76,101
2021-04-11 14:00:00,190,92,98
2021-04-11 15:00:00,154,71,83
2021-04-11 16:00:00,166,87,79
2021-04-11 17:00:00,124,69,55
2021-04-11 18:00:00,94,43,51
2021-04-11 19:00:00,60,46,14
2021-04-11 20:00:00,25,9,16
2021-04-11 21:00:00,8,3,5
2021-04-11 22:00:00,0,0,0
2021-04-11 23:00:00,4,1,3
2021-04-12 00:00:00,1,0,1
2021-04-12 01:00:00,4,0,4
2021-04-12 02:00:00,4,3,1
2021-04-12 03:00:00,1,0,1
2021-04-12 04:00:00,1,0,1
2021-04-12 05:00:00,7,2,5
2021-04-12 06:00:00,16,8,8
2021-04-12 07:00:00,43,23,20
2021-04-12 08:00:00,34,22,12
2021-04-12 09:00:00,26,13,13
2021-04-12 10:00:00,39,22,17
2021-04-12 11:00:00,56,21,35
2021-04-12 12:00:00,46,27,19
2021-04-12 13:00:00,61,33,28
2021-04-12 14:00:00,55,30,25
2021-04-12 15:00:00,74,42,32
2021-04-12 16:00:00,99,40,59
2021-04-12 17:00:00,129,60,69
2021-04-12 18:00:00,138,63,75
2021-04-12 19:00:00,100,53,47
2021-04-12 20:00:00,35,21,14
2021-04-12 21:00:00,8,5,3
2021-04-12 22:00:00,5,2,3
2021-04-12 23:00:00,2,2,0
2021-04-13 00:00:00,1,0,1
2021-04-13 01:00:00,0,0,0
2021-04-13 02:00:00,0,0,0
2021-04-13 03:00:00,2,0,2
2021-04-13 04:00:00,1,0,1
2021-04-13 05:00:00,4,0,4
2021-04-13 06:00:00,23,12,11
2021-04-13 07:00:00,57,35,22
2021-04-13 08:00:00,46,29,17
2021-04-13 09:00:00,36,17,19
2021-04-13 10:00:00,38,19,19
2021-04-13 11:00:00,44,22,22
2021-04-13 12:00:00,50,21,29
2021-04-13 13:00:00,60,34,26
2021-04-13 14:00:00,71,37,34
2021-04-13 15:00:00,107,55,52
2021-04-13 16:00:00,135,69,66
2021-04-13 17:00:00,186,85,101
2021-04-13 18:00:00,156,92,64
2021-04-13 19:00:00,91,55,36
2021-04-13 20:00:00,63,32,31
2021-04-13 21:00:00,12,7,5
2021-04-13 22:00:00,2,1,1
2021-04-13 23:00:00,4,2,2
2021-04-14 00:00:00,2,2,0
2021-04-14 01:00:00,1,0,1
2021-04-14 02:00:00,2,1,1
2021-04-14 03:00:00,1,0,1
2021-04-14 04:00:00,1,1,0
2021-04-14 05:00:00,5,2,3
2021-04-14 06:00:00,28,16,12
2021-04-14 07:00:00,59,24,35
2021-04-14 08:00:00,41,32,9
2021-04-14 09:00:00,29,16,13
2021-04-14 10:00:00,42,20,22
2021-04-14 11:00:00,65,43,22
2021-04-14 12:00:00,42,17,25
2021-04-14 13:00:00,74,35,39
2021-04-14 14:00:00,82,42,40
2021-04-14 15:00:00,86,43,43
2021-04-14 16:00:00,139,77,62
2021-04-14 17:00:00,168,65,103
2021-04-14 18:00:00,159,68,91
2021-04-14 19:00:00,147,82,65
2021-04-14 20:00:00,69,38,31
2021-04-14 21:00:00,16,5,11
2021-04-14 22:00:00,8,8,0
2021-04-14 23:00:00,4,2,2
2021-04-15 00:00:00,2,2,0
2021-04-15 01:00:00,0,0,0
2021-04-15 02:00:00,0,0,0
2021-04-15 03:00:00,0,0,0
2021-04-15 04:00:00,4,3,1
2021-04-15 05:00:00,12,3,9
2021-04-15 06:00:00,25,13,12
2021-04-15 07:00:00,58,26,32
2021-04-15 08:00:00,57,30,27
2021-04-15 09:00:00,48,27,21
2021-04-15 10:00:00,52,27,25
2021-04-15 11:00:00,69,40,29
2021-04-15 12:00:00,86,37,49
2021-04-15 13:00:00,85,35,50
2021-04-15 14:00:00,94,50,44
2021-04-15 15:00:00,108,56,52
2021-04-15 16:00:00,159,66,93
2021-04-15 17:00:00,201,72,129
2021-04-15 18:00:00,201,83,118
2021-04-15 19:00:00,163,96,67
2021-04-15 20:00:00,55,38,17
2021-04-15 21:00:00,21,10,11
2021-04-15 22:00:00,8,4,4
2021-04-15 23:00:00,5,3,2
2021-04-16 00:00:00,0,0,0
2021-04-16 01:00:00,1,0,1
2021-04-16 02:00:00,0,0,0
2021-04-16 03:00:00,1,1,0
2021-04-16 04:00:00,0,0,0
2021-04-16 05:00:00,5,2,3
2021-04-16 06:00:00,27,13,14
2021-04-16 07:00:00,59,26,33
2021-04-16 08:00:00,37,19,18
2021-04-16 09:00:00,57,28,29
2021-04-16 10:00:00,59,33,26
2021-04-16 11:00:00,69,27,42
2021-04-16 12:00:00,88,49,39
2021-04-16 13:00:00,88,42,46
2021-04-16 14:00:00,122,49,73
2021-04-16 15:00:00,119,52,67
2021-04-16 16:00:00,162,75,87
2021-04-16 17:00:00,196,91,105
2021-04-16 18:00:00,161,74,87
2021-04-16 19:00:00,153,78,75
2021-04-16 20:00:00,82,56,26
2021-04-16 21:00:00,14,5,9
2021-04-16 22:00:00,13,11,2
2021-04-16 23:00:00,5,1,4
2021-04-17 00:00:00,11,6,5
2021-04-17 01:00:00,0,0,0
2021-04-17 02:00:00,1,0,1
2021-04-17 03:00:00,2,0,2
2021-04-17 04:00:00,0,0,0
2021-04-17 05:00:00,3,2,1
2021-04-17 06:00:00,8,4,4
2021-04-17 07:00:00,41,26,15
2021-04-17 08:00:00,47,26,21
2021-04-17 09:00:00,98,39,59
2021-04-17 10:00:00,130,59,71
2021-04-17 11:00:00,128,67,61
2021-04-17 12:00:00,227,115,112
2021-04-17 13:00:00,221,94,127
2021-04-17 14:00:00,212,81,131
2021-04-17 15:00:00,179,75,104
2021-04-17 16:00:00,213,111,102
2021-04-17 17:00:00,156,67,89
2021-04-17 18:00:00,145,64,81
2021-04-17 19:00:00,133,78,55
2021-04-17 20:00:00,67,30,37
2021-04-17 21:00:00,31,17,14
2021-04-17 22:00:00,16,1,15
2021-04-17 23:00:00,7,1,6
2021-04-18 00:00:00,6,4,2
2021-04-18 01:00:00,8,4,4
2021-04-18 02:00:00,2,2,0
2021-04-18 03:00:00,2,2,0
2021-04-18 04:00:00,0,0,0
2021-04-18 05:00:00,5,2,3
2021-04-18 06:00:00,6,5,1
2021-04-18 07:00:00,14,7,7
2021-04-18 08:00:00,53,37,16
2021-04-18 09:00:00,71,31,40
2021-04-18 10:00:00,153,78,75
2021-04-18 11:00:00,191,93,98
2021-04-18 12:00:00,281,129,152
2021-04-18 13:00:00,223,120,103
2021-04-18 14:00:00,276,130,146
2021-04-18 15:00:00,259,116,143
2021-04-18 16:00:00,172,80,92
2021-04-18 17:00:00,225,104,121
2021-04-18 18:00:00,141,61,80
2021-04-18 19:00:00,137,74,63
2021-04-18 20:00:00,57,32,25
2021-04-18 21:00:00,41,21,20
2021-04-18 22:00:00,11,7,4
2021-04-18 23:00:00,5,2,3
2021-04-19 00:00:00,1,1,0
2021-04-19 01:00:00,0,0,0
2021-04-19 02:00:00,0,0,0
2021-04-19 03:00:00,1,0,1
2021-04-19 04:00:00,1,0,1
2021-04-19 05:00:00,10,2,8
2021-04-19 06:00:00,33,19,14
2021-04-19 07:00:00,47,19,28
2021-04-19 08:00:00,44,25,19
2021-04-19 09:00:00,38,23,15
2021-04-19 10:00:00,49,26,23
2021-04-19 11:00:00,59,34,25
2021-04-19 12:00:00,49,22,27
2021-04-19 13:00:00,59,24,35
2021-04-19 14:00:00,99,51,48
2021-04-19 15:00:00,105,52,53
2021-04-19 16:00:00,136,55,81
2021-04-19 17:00:00,177,80,97
2021-04-19 18:00:00,116,61,55
2021-04-19 19:00:00,111,59,52
2021-04-19 20:00:00,53,26,27
2021-04-19 21:00:00,8,6,2
2021-04-19 22:00:00,8,6,2
2021-04-19 23:00:00,10,6,4
2021-04-20 00:00:00,2,0,2
2021-04-20 01:00:00,1,0,1
2021-04-20 02:00:00,0,0,0
2021-04-20 03:00:00,0,0,0
2021-04-20 04:00:00,0,0,0
2021-04-20 05:00:00,8,2,6
2021-04-20 06:00:00,30,18,12
2021-04-20 07:00:00,63,31,32
2021-04-20 08:00:00,44,26,18
2021-04-20 09:00:00,41,24,17
2021-04-20 10:00:00,35,17,18
2021-04-20 11:00:00,53,25,28
2021-04-20 12:00:00,73,32,41
2021-04-20 13:00:00,75,39,36
2021-04-20 14:00:00,84,42,42
2021-04-20 15:00:00,108,60,48
2021-04-20 16:00:00,143,63,80
2021-04-20 17:00:00,166,72,94
2021-04-20 18:00:00,166,75,91
2021-04-20 19:00:00,128,70,58
2021-04-20 20:00:00,53,33,20
2021-04-20 21:00:00,25,16,9
2021-04-20 22:00:00,8,4,4
2021-04-20 23:00:00,4,4,0
2021-04-21 00:00:00,14,3,11
2021-04-21 01:00:00,0,0,0
2021-04-21 02:00:00,0,0,0
2021-04-21 03:00:00,1,0,1
2021-04-21 04:00:00,0,0,0
2021-04-21 05:00:00,9,3,6
2021-04-21 06:00:00,31,15,16
2021-04-21 07:00:00,61,31,30
2021-04-21 08:00:00,53,39,14
2021-04-21 09:00:00,42,17,25
2021-04-21 10:00:00,52,30,22
2021-04-21 11:00:00,47,24,23
2021-04-21 12:00:00,74,38,36
2021-04-21 13:00:00,82,43,39
2021-04-21 14:00:00,105,51,54
2021-04-21 15:00:00,124,59,65
2021-04-21 16:00:00,152,71,81
2021-04-21 17:00:00,180,73,107
2021-04-21 18:00:00,153,72,81
2021-04-21 19:00:00,114,60,54
2021-04-21 20:00:00,77,47,30
2021-04-21 21:00:00,21,14,7
2021-04-21 22:00:00,12,6,6
2021-04-21 23:00:00,5,4,1
2021-04-22 00:00:00,0,0,0
2021-04-22 01:00:00,3,0,3
2021-04-22 02:00:00,0,0,0
2021-04-22 03:00:00,3,0,3
2021-04-22 04:00:00,2,1,1
2021-04-22 05:00:00,8,3,5
2021-04-22 06:00:00,34,16,18
2021-04-22 07:00:00,60,31,29
2021-04-22 08:00:00,34,20,14
2021-04-22 09:00:00,36,20,16
2021-04-22 10:00:00,54,29,25
2021-04-22 11:00:00,60,31,29
2021-04-22 12:00:00,60,31,29
2021-04-22 13:00:00,57,34,23
2021-04-22 14:00:00,84,47,37
2021-04-22 15:00:00,84,44,40
2021-04-22 16:00:00,133,56,77
2021-04-22 17:00:00,122,53,69
2021-04-22 18:00:00,137,64,73
2021-04-22 19:00:00,135,59,76
2021-04-22 20:00:00,74,33,41
2021-04-22 21:00:00,8,4,4
2021-04-22 22:00:00,13,9,4
2021-04-22 23:00:00,5,4,1
2021-04-23 00:00:00,9,4,5
2021-04-23 01:00:00,0,0,0
2021-04-23 02:00:00,1,0,1
2021-04-23 03:00:00,0,0,0
2021-04-23 04:00:00,1,1,0
2021-04-23 05:00:00,8,6,2
2021-04-23 06:00:00,26,12,14
2021-04-23 07:00:00,51,18,33
2021-04-23 08:00:00,42,21,21
2021-04-23 09:00:00,41,19,22
2021-04-23 10:00:00,29,16,13
2021-04-23 11:00:00,39,25,14
2021-04-23 12:00:00,60,33,27
2021-04-23 13:00:00,65,29,36
2021-04-23 14:00:00,92,39,53
2021-04-23 15:00:00,115,62,53
2021-04-23 16:00:00,114,54,60
2021-04-23 17:00:00,157,67,90
2021-04-23 18:00:00,115,67,48
2021-04-23 19:00:00,74,34,40
2021-04-23 20:00:00,28,17,11
2021-04-23 21:00:00,6,2,4
2021-04-23 22:00:00,5,2,3
2021-04-23 23:00:00,7,4,3
2021-04-24 00:00:00,4,0,4
2021-04-24 01:00:00,4,4,0
2021-04-24 02:00:00,2,0,2
2021-04-24 03:00:00,0,0,0
2021-04-24 04:00:00,0,0,0
2021-04-24 05:00:00,2,1,1
2021-04-24 06:00:00,3,2,1
2021-04-24 07:00:00,13,6,7
2021-04-24 08:00:00,12,5,7
2021-04-24 09:00:00,17,8,9
2021-04-24 10:00:00,15,8,7
2021-04-24 11:00:00,21,10,11
2021-04-24 12:00:00,22,6,16
2021-04-24 13:00:00,23,11,12
2021-04-24 14:00:00,13,6,7
2021-04-24 15:00:00,19,5,14
2021-04-24 16:00:00,10,3,7
2021-04-24 17:00:00,10,4,6
2021-04-24 18:00:00,21,11,10
2021-04-24 19:00:00,12,7,5
2021-04-24 20:00:00,8,3,5
2021-04-24 21:00:00,5,1,4
2021-04-24 22:00:00,7,2,5
2021-04-24 23:00:00,1,1,0
2021-04-25 00:00:00,10,3,7
2021-04-25 01:00:00,1,0,1
2021-04-25 02:00:00,0,0,0
2021-04-25 03:00:00,0,0,0
2021-04-25 04:00:00,0,0,0
2021-04-25 05:00:00,1,0,1
2021-04-25 06:00:00,7,4,3
2021-04-25 07:00:00,3,2,1
2021-04-25 08:00:00,14,8,6
2021-04-25 09:00:00,29,8,21
2021-04-25 10:00:00,44,26,18
2021-04-25 11:00:00,87,48,39
2021-04-25 12:00:00,72,39,33
2021-04-25 13:00:00,94,53,41
2021-04-25 14:00:00,113,57,56
2021-04-25 15:00:00,147,68,79
2021-04-25 16:00:00,137,68,69
2021-04-25 17:00:00,125,52,73
2021-04-25 18:00:00,99,52,47
2021-04-25 19:00:00,50,30,20
2021-04-25 20:00:00,20,14,6
2021-04-25 21:00:00,5,4,1
2021-04-25 22:00:00,11,6,5
2021-04-25 23:00:00,1,1,0
2021-04-26 00:00:00,2,0,2
2021-04-26 01:00:00,0,0,0
2021-04-26 02:00:00,1,0,1
2021-04-26 03:00:00,0,0,0
2021-04-26 04:00:00,1,1,0
2021-04-26 05:00:00,13,4,9
2021-04-26 06:00:00,21,7,14
2021-04-26 07:00:00,59,31,28
2021-04-26 08:00:00,37,21,16
2021-04-26 09:00:00,36,16,20
2021-04-26 10:00:00,34,14,20
2021-04-26 11:00:00,45,21,24
2021-04-26 12:00:00,51,21,30
2021-04-26 13:00:00,64,34,30
2021-04-26 14:00:00,76,35,41
2021-04-26 15:00:00,90,46,44
2021-04-26 16:00:00,127,57,70
2021-04-26 17:00:00,201,93,108
2021-04-26 18:00:00,141,62,79
2021-04-26 19:00:00,112,61,51
2021-04-26 20:00:00,61,24,37
2021-04-26 21:00:00,32,25,7
2021-04-26 22:00:00,5,4,1
2021-04-26 23:00:00,10,4,6
2021-04-27 00:00:00,2,2,0
2021-04-27 01:00:00,3,0,3
2021-04-27 02:00:00,0,0,0
2021-04-27 03:00:00,0,0,0
2021-04-27 04:00:00,1,0,1
2021-04-27 05:00:00,12,6,6
2021-04-27 06:00:00,34,17,17
2021-04-27 07:00:00,70,35,35
2021-04-27 08:00:00,49,32,17
2021-04-27 09:00:00,38,20,18
2021-04-27 10:00:00,25,13,12
2021-04-27 11:00:00,35,14,21
2021-04-27 12:00:00,54,26,28
2021-04-27 13:00:00,42,22,20
2021-04-27 14:00:00,60,33,27
2021-04-27 15:00:00,68,42,26
2021-04-27 16:00:00,110,47,63
2021-04-27 17:00:00,103,50,53
2021-04-27 18:00:00,107,52,55
2021-04-27 19:00:00,71,33,38
2021-04-27 20:00:00,29,16,13
2021-04-27 21:00:00,10,5,5
2021-04-27 22:00:00,6,3,3
2021-04-27 23:00:00,7,4,3
2021-04-28 00:00:00,2,1,1
2021-04-28 01:00:00,2,0,2
2021-04-28 02:00:00,0,0,0
2021-04-28 03:00:00,2,0,2
2021-04-28 04:00:00,1,0,1
2021-04-28 05:00:00,6,1,5
2021-04-28 06:00:00,30,16,14
2021-04-28 07:00:00,59,25,34
2021-04-28 08:00:00,54,36,18
2021-04-28 09:00:00,35,17,18
2021-04-28 10:00:00,48,18,30
2021-04-28 11:00:00,43,17,26
2021-04-28 12:00:00,68,28,40
2021-04-28 13:00:00,60,29,31
2021-04-28 14:00:00,80,43,37
2021-04-28 15:00:00,65,37,28
2021-04-28 16:00:00,100,47,53
2021-04-28 17:00:00,136,57,79
2021-04-28 18:00:00,98,39,59
2021-04-28 19:00:00,78,42,36
2021-04-28 20:00:00,31,20,11
2021-04-28 21:00:00,8,4,4
2021-04-28 22:00:00,9,6,3
2021-04-28 23:00:00,5,3,2
2021-04-29 00:00:00,0,0,0
2021-04-29 01:00:00,2,0,2
2021-04-29 02:00:00,0,0,0
2021-04-29 03:00:00,0,0,0
2021-04-29 04:00:00,1,0,1
2021-04-29 05:00:00,13,5,8
2021-04-29 06:00:00,38,18,20
2021-04-29 07:00:00,78,37,41
2021-04-29 08:00:00,48,30,18
2021-04-29 09:00:00,47,20,27
2021-04-29 10:00:00,43,17,26
2021-04-29 11:00:00,61,33,28
2021-04-29 12:00:00,74,38,36
2021-04-29 13:00:00,101,48,53
2021-04-29 14:00:00,105,51,54
2021-04-29 15:00:00,118,63,55
2021-04-29 16:00:00,148,60,88
2021-04-29 17:00:00,190,70,120
2021-04-29 18:00:00,173,82,91
2021-04-29 19:00:00,128,78,50
2021-04-29 20:00:00,61,34,27
2021-04-29 21:00:00,6,2,4
2021-04-29 22:00:00,3,2,1
2021-04-29 23:00:00,10,5,5
2021-04-30 00:00:00,3,2,1
2021-04-30 01:00:00,0,0,0
2021-04-30 02:00:00,4,3,1
2021-04-30 03:00:00,0,0,0
2021-04-30 04:00:00,0,0,0
2021-04-30 05:00:00,10,7,3
2021-04-30 06:00:00,15,5,10
2021-04-30 07:00:00,31,18,13
2021-04-30 08:00:00,24,13,11
2021-04-30 09:00:00,14,6,8
2021-04-30 10:00:00,2,0,2
2021-04-30 11:00:00,21,13,8
2021-04-30 12:00:00,28,15,13
2021-04-30 13:00:00,23,13,10
2021-04-30 14:00:00,48,20,28
2021-04-30 15:00:00,81,44,37
2021-04-30 16:00:00,101,40,61
2021-04-30 17:00:00,130,50,80
2021-04-30 18:00:00,126,60,66
2021-04-30 19:00:00,104,54,50
2021-04-30 20:00:00,73,34,39
2021-04-30 21:00:00,10,6,4
2021-04-30 22:00:00,9,2,7
2021-04-30 23:00:00,2,1,1
2021-05-01 00:00:00,6,1,5
2021-05-01 01:00:00,5,3,2
2021-05-01 02:00:00,11,6,5
2021-05-01 03:00:00,1,1,0
2021-05-01 04:00:00,3,2,1
2021-05-01 05:00:00,0,0,0
2021-05-01 06:00:00,6,2,4
2021-05-01 07:00:00,20,11,9
2021-05-01 08:00:00,34,10,24
2021-05-01 09:00:00,59,26,33
2021-05-01 10:00:00,70,35,35
2021-05-01 11:00:00,94,38,56
2021-05-01 12:00:00,99,64,35
2021-05-01 13:00:00,126,45,81
2021-05-01 14:00:00,148,66,82
2021-05-01 15:00:00,152,68,84
2021-05-01 16:00:00,89,52,37
2021-05-01 17:00:00,91,37,54
2021-05-01 18:00:00,67,37,30
2021-05-01 19:00:00,59,28,31
2021-05-01 20:00:00,29,18,11
2021-05-01 21:00:00,7,5,2
2021-05-01 22:00:00,4,2,2
2021-05-01 23:00:00,3,1,2
2021-05-02 00:00:00,11,4,7
2021-05-02 01:00:00,2,1,1
2021-05-02 02:00:00,0,0,0
2021-05-02 03:00:00,1,1,0
2021-05-02 04:00:00,0,0,0
2021-05-02 05:00:00,2,2,0
2021-05-02 06:00:00,11,5,6
2021-05-02 07:00:00,22,11,11
2021-05-02 08:00:00,31,15,16
2021-05-02 09:00:00,58,29,29
2021-05-02 10:00:00,146,75,71
2021-05-02 11:00:00,163,79,84
2021-05-02 12:00:00,168,89,79
2021-05-02 13:00:00,187,85,102
2021-05-02 14:00:00,179,98,81
2021-05-02 15:00:00,217,101,116
2021-05-02 16:00:00,199,94,105
2021-05-02 17:00:00,163,77,86
2021-05-02 18:00:00,119,63,56
2021-05-02 19:00:00,82,43,39
2021-05-02 20:00:00,39,26,13
2021-05-02 21:00:00,44,22,22
2021-05-02 22:00:00,12,6,6
2021-05-02 23:00:00,2,1,1
2021-05-03 00:00:00,1,1,0
2021-05-03 01:00:00,0,0,0
2021-05-03 02:00:00,0,0,0
2021-05-03 03:00:00,0,0,0
2021-05-03 04:00:00,1,0,1
2021-05-03 05:00:00,11,5,6
2021-05-03 06:00:00,32,19,13
2021-05-03 07:00:00,49,23,26
2021-05-03 08:00:00,45,18,27
2021-05-03 09:00:00,27,14,13
2021-05-03 10:00:00,32,15,17
2021-05-03 11:00:00,30,14,16
2021-05-03 12:00:00,46,20,26
2021-05-03 13:00:00,25,15,10
2021-05-03 14:00:00,33,20,13
2021-05-03 15:00:00,33,12,21
2021-05-03 16:00:00,32,20,12
2021-05-03 17:00:00,41,16,25
2021-05-03 18:00:00,31,14,17
2021-05-03 19:00:00,14,7,7
2021-05-03 20:00:00,13,5,8
2021-05-03 21:00:00,5,3,2
2021-05-03 22:00:00,1,0,1
2021-05-03 23:00:00,5,3,2
2021-05-04 00:00:00,0,0,0
2021-05-04 01:00:00,0,0,0
2021-05-04 02:00:00,0,0,0
2021-05-04 03:00:00,0,0,0
2021-05-04 04:00:00,1,1,0
2021-05-04 05:00:00,7,4,3
2021-05-04 06:00:00,27,16,11
2021-05-04 07:00:00,47,19,28
2021-05-04 08:00:00,37,22,15
2021-05-04 09:00:00,34,20,14
2021-05-04 10:00:00,60,31,29
2021-05-04 11:00:00,30,17,13
2021-05-04 12:00:00,73,36,37
2021-05-04 13:00:00,60,31,29
2021-05-04 14:00:00,62,26,36
2021-05-04 15:00:00,97,50,47
2021-05-04 16:00:00,131,59,72
2021-05-04 17:00:00,182,72,110
2021-05-04 18:00:00,182,97,85
2021-05-04 19:00:00,131,81,50
2021-05-04 20:00:00,65,28,37
2021-05-04 21:00:00,22,11,11
2021-05-04 22:00:00,16,5,11
2021-05-04 23:00:00,5,4,1
2021-05-05 00:00:00,8,5,3
2021-05-05 01:00:00,1,0,1
2021-05-05 02:00:00,2,1,1
2021-05-05 03:00:00,12,5,7
2021-05-05 04:00:00,1,0,1
2021-05-05 05:00:00,13,3,10
2021-05-05 06:00:00,32,12,20
2021-05-05 07:00:00,77,36,41
2021-05-05 08:00:00,53,29,24
2021-05-05 09:00:00,57,25,32
2021-05-05 10:00:00,41,21,20
2021-05-05 11:00:00,62,27,35
2021-05-05 12:00:00,85,32,53
2021-05-05 13:00:00,48,22,26
2021-05-05 14:00:00,86,50,36
2021-05-05 15:00:00,99,52,47
2021-05-05 16:00:00,131,63,68
2021-05-05 17:00:00,139,55,84
2021-05-05 18:00:00,143,69,74
2021-05-05 19:00:00,108,54,54
2021-05-05 20:00:00,69,44,25
2021-05-05 21:00:00,18,9,9
2021-05-05 22:00:00,4,2,2
2021-05-05 23:00:00,14,8,6
2021-05-06 00:00:00,6,2,4
2021-05-06 01:00:00,1,0,1
2021-05-06 02:00:00,4,0,4
2021-05-06 03:00:00,2,2,0
2021-05-06 04:00:00,0,0,0
2021-05-06 05:00:00,7,2,5
2021-05-06 06:00:00,32,15,17
2021-05-06 07:00:00,52,25,27
2021-05-06 08:00:00,50,25,25
2021-05-06 09:00:00,36,22,14
2021-05-06 10:00:00,38,18,20
2021-05-06 11:00:00,38,21,17
2021-05-06 12:00:00,39,13,26
2021-05-06 13:00:00,49,28,21
2021-05-06 14:00:00,32,17,15
2021-05-06 15:00:00,34,16,18
2021-05-06 16:00:00,55,24,31
2021-05-06 17:00:00,75,32,43
2021-05-06 18:00:00,60,18,42
2021-05-06 19:00:00,84,38,46
2021-05-06 20:00:00,35,16,19
2021-05-06 21:00:00,9,3,6
2021-05-06 22:00:00,8,6,2
2021-05-06 23:00:00,9,5,4
2021-05-07 00:00:00,1,0,1
2021-05-07 01:00:00,1,0,1
2021-05-07 02:00:00,0,0,0
2021-05-07 03:00:00,0,0,0
2021-05-07 04:00:00,1,0,1
2021-05-07 05:00:00,6,3,3
2021-05-07 06:00:00,28,15,13
2021-05-07 07:00:00,37,12,25
2021-05-07 08:00:00,32,16,16
2021-05-07 09:00:00,23,14,9
2021-05-07 10:00:00,18,9,9
2021-05-07 11:00:00,18,14,4
2021-05-07 12:00:00,19,7,12
2021-05-07 13:00:00,23,12,11
2021-05-07 14:00:00,52,17,35
2021-05-07 15:00:00,58,30,28
2021-05-07 16:00:00,72,32,40
2021-05-07 17:00:00,73,36,37
2021-05-07 18:00:00,57,20,37
2021-05-07 19:00:00,48,24,24
2021-05-07 20:00:00,29,18,11
2021-05-07 21:00:00,15,10,5
2021-05-07 22:00:00,8,3,5
2021-05-07 23:00:00,3,1,2
2021-05-08 00:00:00,1,0,1
2021-05-08 01:00:00,0,0,0
2021-05-08 02:00:00,0,0,0
2021-05-08 03:00:00,0,0,0
2021-05-08 04:00:00,0,0,0
2021-05-08 05:00:00,0,0,0
2021-05-08 06:00:00,16,9,7
2021-05-08 07:00:00,22,12,10
2021-05-08 08:00:00,31,13,18
2021-05-08 09:00:00,61,28,33
2021-05-08 10:00:00,70,34,36
2021-05-08 11:00:00,95,33,62
2021-05-08 12:00:00,134,81,53
2021-05-08 13:00:00,174,71,103
2021-05-08 14:00:00,148,62,86
2021-05-08 15:00:00,125,51,74
2021-05-08 16:00:00,158,87,71
2021-05-08 17:00:00,130,60,70
2021-05-08 18:00:00,56,39,17
2021-05-08 19:00:00,22,12,10
2021-05-08 20:00:00,21,13,8
2021-05-08 21:00:00,11,6,5
2021-05-08 22:00:00,7,4,3
2021-05-08 23:00:00,14,3,11
2021-05-09 00:00:00,9,6,3
2021-05-09 01:00:00,0,0,0
2021-05-09 02:00:00,0,0,0
2021-05-09 03:00:00,2,0,2
2021-05-09 04:00:00,0,0,0
2021-05-09 05:00:00,3,2,1
2021-05-09 06:00:00,10,5,5
2021-05-09 07:00:00,25,14,11
2021-05-09 08:00:00,37,20,17
2021-05-09 09:00:00,44,29,15
2021-05-09 10:00:00,81,47,34
2021-05-09 11:00:00,109,60,49
2021-05-09 12:00:00,146,70,76
2021-05-09 13:00:00,144,77,67
2021-05-09 14:00:00,178,95,83
2021-05-09 15:00:00,190,93,97
2021-05-09 16:00:00,186,60,126
2021-05-09 17:00:00,134,56,78
2021-05-09 18:00:00,140,68,72
2021-05-09 19:00:00,83,39,44
2021-05-09 20:00:00,39,22,17
2021-05-09 21:00:00,15,10,5
2021-05-09 22:00:00,6,3,3
2021-05-09 23:00:00,2,1,1
2021-05-10 00:00:00,0,0,0
2021-05-10 01:00:00,1,0,1
2021-05-10 02:00:00,0,0,0
2021-05-10 03:00:00,0,0,0
2021-05-10 04:00:00,1,1,0
2021-05-10 05:00:00,12,8,4
2021-05-10 06:00:00,25,12,13
2021-05-10 07:00:00,50,28,22
2021-05-10 08:00:00,50,28,22
2021-05-10 09:00:00,25,15,10
2021-05-10 10:00:00,35,17,18
2021-05-10 11:00:00,51,20,31
2021-05-10 12:00:00,54,30,24
2021-05-10 13:00:00,71,38,33
2021-05-10 14:00:00,66,33,33
2021-05-10 15:00:00,90,43,47
2021-05-10 16:00:00,101,45,56
2021-05-10 17:00:00,160,74,86
2021-05-10 18:00:00,161,78,83
2021-05-10 19:00:00,93,45,48
2021-05-10 20:00:00,56,29,27
2021-05-10 21:00:00,14,7,7
2021-05-10 22:00:00,5,0,5
2021-05-10 23:00:00,5,4,1
2021-05-11 00:00:00,1,0,1
2021-05-11 01:00:00,0,0,0
2021-05-11 02:00:00,1,0,1
2021-05-11 03:00:00,3,1,2
2021-05-11 04:00:00,1,1,0
2021-05-11 05:00:00,19,7,12
2021-05-11 06:00:00,44,22,22
2021-05-11 07:00:00,58,33,25
2021-05-11 08:00:00,64,34,30
2021-05-11 09:00:00,48,23,25
2021-05-11 10:00:00,44,24,20
2021-05-11 11:00:00,42,21,21
2021-05-11 12:00:00,57,32,25
2021-05-11 13:00:00,60,25,35
2021-05-11 14:00:00,95,48,47
2021-05-11 15:00:00,85,49,36
2021-05-11 16:00:00,150,63,87
2021-05-11 17:00:00,199,84,115
2021-05-11 18:00:00,206,103,103
2021-05-11 19:00:00,109,57,52
2021-05-11 20:00:00,61,32,29
2021-05-11 21:00:00,16,10,6
2021-05-11 22:00:00,14,7,7
2021-05-11 23:00:00,5,1,4
2021-05-12 00:00:00,1,0,1
2021-05-12 01:00:00,0,0,0
2021-05-12 02:00:00,0,0,0
2021-05-12 03:00:00,0,0,0
2021-05-12 04:00:00,0,0,0
2021-05-12 05:00:00,9,3,6
2021-05-12 06:00:00,35,17,18
2021-05-12 07:00:00,60,29,31
2021-05-12 08:00:00,70,38,32
2021-05-12 09:00:00,48,20,28
2021-05-12 10:00:00,36,18,18
2021-05-12 11:00:00,55,34,21
2021-05-12 12:00:00,40,17,23
2021-05-12 13:00:00,54,21,33
2021-05-12 14:00:00,50,28,22
2021-05-12 15:00:00,102,45,57
2021-05-12 16:00:00,125,63,62
2021-05-12 17:00:00,162,77,85
2021-05-12 18:00:00,152,67,85
2021-05-12 19:00:00,111,51,60
2021-05-12 20:00:00,61,35,26
2021-05-12 21:00:00,9,5,4
2021-05-12 22:00:00,1,0,1
2021-05-12 23:00:00,13,8,5
2021-05-13 00:00:00,0,0,0
2021-05-13 01:00:00,2,1,1
2021-05-13 02:00:00,1,1,0
2021-05-13 03:00:00,0,0,0
2021-05-13 04:00:00,3,0,3
2021-05-13 05:00:00,16,9,7
2021-05-13 06:00:00,39,16,23
2021-05-13 07:00:00,49,30,19
2021-05-13 08:00:00,48,30,18
2021-05-13 09:00:00,29,10,19
2021-05-13 10:00:00,36,18,18
2021-05-13 11:00:00,61,35,26
2021-05-13 12:00:00,44,19,25
2021-05-13 13:00:00,52,33,19
2021-05-13 14:00:00,82,46,36
2021-05-13 15:00:00,93,44,49
2021-05-13 16:00:00,120,59,61
2021-05-13 17:00:00,146,60,86
2021-05-13 18:00:00,148,62,86
2021-05-13 19:00:00,97,42,55
2021-05-13 20:00:00,77,43,34
2021-05-13 21:00:00,19,6,13
2021-05-13 22:00:00,29,11,18
2021-05-13 23:00:00,13,8,5
2021-05-14 00:00:00,3,3,0
2021-05-14 01:00:00,0,0,0
2021-05-14 02:00:00,1,0,1
2021-05-14 03:00:00,1,1,0
2021-05-14 04:00:00,1,0,1
2021-05-14 05:00:00,13,6,7
2021-05-14 06:00:00,34,18,16
2021-05-14 07:00:00,53,19,34
2021-05-14 08:00:00,55,35,20
2021-05-14 09:00:00,50,22,28
2021-05-14 10:00:00,45,26,19
2021-05-14 11:00:00,57,37,20
2021-05-14 12:00:00,88,40,48
2021-05-14 13:00:00,79,42,37
2021-05-14 14:00:00,103,53,50
2021-05-14 15:00:00,137,69,68
2021-05-14 16:00:00,160,75,85
2021-05-14 17:00:00,179,93,86
2021-05-14 18:00:00,146,84,62
2021-05-14 19:00:00,147,69,78
2021-05-14 20:00:00,92,56,36
2021-05-14 21:00:00,35,19,16
2021-05-14 22:00:00,19,8,11
2021-05-14 23:00:00,18,10,8
2021-05-15 00:00:00,8,5,3
2021-05-15 01:00:00,12,8,4
2021-05-15 02:00:00,0,0,0
2021-05-15 03:00:00,0,0,0
2021-05-15 04:00:00,1,0,1
2021-05-15 05:00:00,6,5,1
2021-05-15 06:00:00,18,12,6
2021-05-15 07:00:00,37,14,23
2021-05-15 08:00:00,52,31,21
2021-05-15 09:00:00,57,23,34
2021-05-15 10:00:00,124,59,65
2021-05-15 11:00:00,148,90,58
2021-05-15 12:00:00,166,90,76
2021-05-15 13:00:00,198,92,106
2021-05-15 14:00:00,184,105,79
2021-05-15 15:00:00,208,112,96
2021-05-15 16:00:00,195,76,119
2021-05-15 17:00:00,105,64,41
2021-05-15 18:00:00,140,57,83
2021-05-15 19:00:00,129,62,67
2021-05-15 20:00:00,101,55,46
2021-05-15 21:00:00,46,31,15
2021-05-15 22:00:00,8,2,6
2021-05-15 23:00:00,9,1,8
2021-05-16 00:00:00,25,8,17
2021-05-16 01:00:00,4,0,4
2021-05-16 02:00:00,6,5,1
2021-05-16 03:00:00,0,0,0
2021-05-16 04:00:00,2,1,1
2021-05-16 05:00:00,10,6,4
2021-05-16 06:00:00,10,6,4
2021-05-16 07:00:00,25,16,9
2021-05-16 08:00:00,54,24,30
2021-05-16 09:00:00,77,33,44
2021-05-16 10:00:00,143,74,69
2021-05-16 11:00:00,204,110,94
2021-05-16 12:00:00,178,90,88
2021-05-16 13:00:00,224,107,117
2021-05-16 14:00:00,175,80,95
2021-05-16 15:00:00,171,84,87
2021-05-16 16:00:00,211,93,118
2021-05-16 17:00:00,193,87,106
2021-05-16 18:00:00,135,69,66
2021-05-16 19:00:00,111,50,61
2021-05-16 20:00:00,84,39,45
2021-05-16 21:00:00,22,12,10
2021-05-16 22:00:00,21,9,12
2021-05-16 23:00:00,5,0,5
2021-05-17 00:00:00,4,0,4
2021-05-17 01:00:00,0,0,0
2021-05-17 02:00:00,0,0,0
2021-05-17 03:00:00,2,1,1
2021-05-17 04:00:00,0,0,0
2021-05-17 05:00:00,12,2,10
2021-05-17 06:00:00,27,12,15
2021-05-17 07:00:00,52,23,29
2021-05-17 08:00:00,36,18,18
2021-05-17 09:00:00,31,12,19
2021-05-17 10:00:00,22,11,11
2021-05-17 11:00:00,30,16,14
2021-05-17 12:00:00,61,36,25
2021-05-17 13:00:00,34,18,16
2021-05-17 14:00:00,46,26,20
2021-05-17 15:00:00,55,31,24
2021-05-17 16:00:00,74,37,37
2021-05-17 17:00:00,78,34,44
2021-05-17 18:00:00,33,16,17
2021-05-17 19:00:00,18,11,7
2021-05-17 20:00:00,9,6,3
2021-05-17 21:00:00,9,3,6
2021-05-17 22:00:00,3,0,3
2021-05-17 23:00:00,2,1,1
2021-05-18 00:00:00,2,1,1
2021-05-18 01:00:00,0,0,0
2021-05-18 02:00:00,0,0,0
2021-05-18 03:00:00,0,0,0
2021-05-18 04:00:00,0,0,0
2021-05-18 05:00:00,10,4,6
2021-05-18 06:00:00,27,11,16
2021-05-18 07:00:00,52,28,24
2021-05-18 08:00:00,30,13,17
2021-05-18 09:00:00,53,35,18
2021-05-18 10:00:00,31,11,20
2021-05-18 11:00:00,29,19,10
2021-05-18 12:00:00,45,27,18
2021-05-18 13:00:00,39,22,17
2021-05-18 14:00:00,41,12,29
2021-05-18 15:00:00,62,38,24
2021-05-18 16:00:00,66,27,39
2021-05-18 17:00:00,94,41,53
2021-05-18 18:00:00,65,23,42
2021-05-18 19:00:00,62,33,29
2021-05-18 20:00:00,24,15,9
2021-05-18 21:00:00,11,2,9
2021-05-18 22:00:00,2,1,1
2021-05-18 23:00:00,4,2,2
2021-05-19 00:00:00,1,1,0
2021-05-19 01:00:00,0,0,0
2021-05-19 02:00:00,0,0,0
2021-05-19 03:00:00,3,0,3
2021-05-19 04:00:00,0,0,0
2021-05-19 05:00:00,8,5,3
2021-05-19 06:00:00,23,8,15
2021-05-19 07:00:00,58,29,29
2021-05-19 08:00:00,48,27,21
2021-05-19 09:00:00,27,13,14
2021-05-19 10:00:00,25,12,13
2021-05-19 11:00:00,25,12,13
2021-05-19 12:00:00,46,27,19
2021-05-19 13:00:00,55,28,27
2021-05-19 14:00:00,52,26,26
2021-05-19 15:00:00,52,28,24
2021-05-19 16:00:00,101,45,56
2021-05-19 17:00:00,161,64,97
2021-05-19 18:00:00,134,68,66
2021-05-19 19:00:00,108,49,59
2021-05-19 20:00:00,43,22,21
2021-05-19 21:00:00,33,18,15
2021-05-19 22:00:00,5,0,5
2021-05-19 23:00:00,4,1,3
2021-05-20 00:00:00,1,1,0
2021-05-20 01:00:00,1,0,1
2021-05-20 02:00:00,2,0,2
2021-05-20 03:00:00,1,1,0
2021-05-20 04:00:00,0,0,0
2021-05-20 05:00:00,15,6,9
2021-05-20 06:00:00,36,18,18
2021-05-20 07:00:00,39,16,23
2021-05-20 08:00:00,33,17,16
2021-05-20 09:00:00,28,7,21
2021-05-20 10:00:00,27,13,14
2021-05-20 11:00:00,33,17,16
2021-05-20 12:00:00,32,17,15
2021-05-20 13:00:00,43,18,25
2021-05-20 14:00:00,74,36,38
2021-05-20 15:00:00,95,50,45
2021-05-20 16:00:00,121,53,68
2021-05-20 17:00:00,165,81,84
2021-05-20 18:00:00,151,65,86
2021-05-20 19:00:00,132,50,82
2021-05-20 20:00:00,96,54,42
2021-05-20 21:00:00,35,15,20
2021-05-20 22:00:00,3,1,2
2021-05-20 23:00:00,8,6,2
2021-05-21 00:00:00,7,6,1
2021-05-21 01:00:00,0,0,0
2021-05-21 02:00:00,0,0,0
2021-05-21 03:00:00,0,0,0
2021-05-21 04:00:00,3,1,2
2021-05-21 05:00:00,18,11,7
2021-05-21 06:00:00,21,9,12
2021-05-21 07:00:00,51,23,28
2021-05-21 08:00:00,42,19,23
2021-05-21 09:00:00,36,24,12
2021-05-21 10:00:00,38,14,24
2021-05-21 11:00:00,36,19,17
2021-05-21 12:00:00,47,28,19
2021-05-21 13:00:00,95,39,56
2021-05-21 14:00:00,73,39,34
2021-05-21 15:00:00,96,46,50
2021-05-21 16:00:00,133,65,68
2021-05-21 17:00:00,155,78,77
2021-05-21 18:00:00,142,49,93
2021-05-21 19:00:00,98,57,41
2021-05-21 20:00:00,81,48,33
2021-05-21 21:00:00,32,10,22
2021-05-21 22:00:00,27,12,15
2021-05-21 23:00:00,21,2,19
2021-05-22 00:00:00,9,2,7
2021-05-22 01:00:00,0,0,0
2021-05-22 02:00:00,1,1,0
2021-05-22 03:00:00,2,1,1
2021-05-22 04:00:00,1,0,1
2021-05-22 05:00:00,1,0,1
2021-05-22 06:00:00,18,8,10
2021-05-22 07:00:00,39,33,6
2021-05-22 08:00:00,53,32,21
2021-05-22 09:00:00,50,18,32
2021-05-22 10:00:00,70,37,33
2021-05-22 11:00:00,95,51,44
2021-05-22 12:00:00,117,65,52
2021-05-22 13:00:00,133,48,85
2021-05-22 14:00:00,161,103,58
2021-05-22 15:00:00,178,75,103
2021-05-22 16:00:00,209,91,118
2021-05-22 17:00:00,171,85,86
2021-05-22 18:00:00,184,105,79
2021-05-22 19:00:00,83,44,39
2021-05-22 20:00:00,120,40,80
2021-05-22 21:00:00,56,20,36
2021-05-22 22:00:00,26,6,20
2021-05-22 23:00:00,5,0,5
2021-05-23 00:00:00,6,4,2
2021-05-23 01:00:00,2,1,1
2021-05-23 02:00:00,0,0,0
2021-05-23 03:00:00,0,0,0
2021-05-23 04:00:00,0,0,0
2021-05-23 05:00:00,5,3,2
2021-05-23 06:00:00,6,3,3
2021-05-23 07:00:00,15,6,9
2021-05-23 08:00:00,22,7,15
2021-05-23 09:00:00,60,31,29
2021-05-23 10:00:00,60,27,33
2021-05-23 11:00:00,81,43,38
2021-05-23 12:00:00,104,56,48
2021-05-23 13:00:00,122,64,58
2021-05-23 14:00:00,126,58,68
2021-05-23 15:00:00,108,42,66
2021-05-23 16:00:00,132,54,78
2021-05-23 17:00:00,78,31,47
2021-05-23 18:00:00,33,25,8
2021-05-23 19:00:00,27,11,16
2021-05-23 20:00:00,21,10,11
2021-05-23 21:00:00,14,7,7
2021-05-23 22:00:00,20,11,9
2021-05-23 23:00:00,6,5,1
2021-05-24 00:00:00,4,1,3
2021-05-24 01:00:00,2,0,2
2021-05-24 02:00:00,0,0,0
2021-05-24 03:00:00,0,0,0
2021-05-24 04:00:00,0,0,0
2021-05-24 05:00:00,11,6,5
2021-05-24 06:00:00,34,14,20
2021-05-24 07:00:00,22,14,8
2021-05-24 08:00:00,27,13,14
2021-05-24 09:00:00,26,15,11
2021-05-24 10:00:00,15,4,11
2021-05-24 11:00:00,24,11,13
2021-05-24 12:00:00,18,14,4
2021-05-24 13:00:00,14,7,7
2021-05-24 14:00:00,40,20,20
2021-05-24 15:00:00,48,22,26
2021-05-24 16:00:00,55,27,28
2021-05-24 17:00:00,76,30,46
2021-05-24 18:00:00,58,30,28
2021-05-24 19:00:00,48,27,21
2021-05-24 20:00:00,67,33,34
2021-05-24 21:00:00,31,16,15
2021-05-24 22:00:00,12,6,6
2021-05-24 23:00:00,6,3,3
2021-05-25 00:00:00,4,1,3
2021-05-25 01:00:00,1,0,1
2021-05-25 02:00:00,0,0,0
2021-05-25 03:00:00,0,0,0
2021-05-25 04:00:00,1,0,1
2021-05-25 05:00:00,12,4,8
2021-05-25 06:00:00,36,17,19
2021-05-25 07:00:00,57,27,30
2021-05-25 08:00:00,63,34,29
2021-05-25 09:00:00,46,22,24
2021-05-25 10:00:00,37,18,19
2021-05-25 11:00:00,46,18,28
2021-05-25 12:00:00,57,29,28
2021-05-25 13:00:00,50,29,21
2021-05-25 14:00:00,74,34,40
2021-05-25 15:00:00,68,27,41
2021-05-25 16:00:00,99,42,57
2021-05-25 17:00:00,110,44,66
2021-05-25 18:00:00,129,65,64
2021-05-25 19:00:00,68,28,40
2021-05-25 20:00:00,56,27,29
2021-05-25 21:00:00,21,13,8
2021-05-25 22:00:00,4,1,3
2021-05-25 23:00:00,13,7,6
2021-05-26 00:00:00,3,0,3
2021-05-26 01:00:00,1,0,1
2021-05-26 02:00:00,1,0,1
2021-05-26 03:00:00,6,2,4
2021-05-26 04:00:00,0,0,0
2021-05-26 05:00:00,12,6,6
2021-05-26 06:00:00,41,18,23
2021-05-26 07:00:00,70,32,38
2021-05-26 08:00:00,55,33,22
2021-05-26 09:00:00,35,17,18
2021-05-26 10:00:00,34,17,17
2021-05-26 11:00:00,48,22,26
2021-05-26 12:00:00,56,27,29
2021-05-26 13:00:00,44,19,25
2021-05-26 14:00:00,73,38,35
2021-05-26 15:00:00,111,49,62
2021-05-26 16:00:00,99,44,55
2021-05-26 17:00:00,164,58,106
2021-05-26 18:00:00,133,52,81
2021-05-26 19:00:00,112,65,47
2021-05-26 20:00:00,54,29,25
2021-05-26 21:00:00,28,12,16
2021-05-26 22:00:00,3,2,1
2021-05-26 23:00:00,9,9,0
2021-05-27 00:00:00,1,0,1
2021-05-27 01:00:00,3,0,3
2021-05-27 02:00:00,0,0,0
2021-05-27 03:00:00,0,0,0
2021-05-27 04:00:00,1,1,0
2021-05-27 05:00:00,3,2,1
2021-05-27 06:00:00,25,12,13
2021-05-27 07:00:00,34,17,17
2021-05-27 08:00:00,37,18,19
2021-05-27 09:00:00,16,11,5
2021-05-27 10:00:00,17,10,7
2021-05-27 11:00:00,11,4,7
2021-05-27 12:00:00,27,11,16
2021-05-27 13:00:00,30,16,14
2021-05-27 14:00:00,22,9,13
2021-05-27 15:00:00,29,12,17
2021-05-27 16:00:00,32,15,17
2021-05-27 17:00:00,38,18,20
2021-05-27 18:00:00,46,22,24
2021-05-27 19:00:00,23,10,13
2021-05-27 20:00:00,15,6,9
2021-05-27 21:00:00,12,5,7
2021-05-27 22:00:00,9,1,8
2021-05-27 23:00:00,3,2,1
2021-05-28 00:00:00,3,1,2
2021-05-28 01:00:00,2,2,0
2021-05-28 02:00:00,2,1,1
2021-05-28 03:00:00,0,0,0
2021-05-28 04:00:00,0,0,0
2021-05-28 05:00:00,7,2,5
2021-05-28 06:00:00,41,14,27
2021-05-28 07:00:00,35,22,13
2021-05-28 08:00:00,39,21,18
2021-05-28 09:00:00,51,19,32
2021-05-28 10:00:00,47,19,28
2021-05-28 11:00:00,62,26,36
2021-05-28 12:00:00,82,37,45
2021-05-28 13:00:00,54,20,34
2021-05-28 14:00:00,121,55,66
2021-05-28 15:00:00,146,65,81
2021-05-28 16:00:00,143,65,78
2021-05-28 17:00:00,158,72,86
2021-05-28 18:00:00,124,48,76
2021-05-28 19:00:00,118,75,43
2021-05-28 20:00:00,87,44,43
2021-05-28 21:00:00,36,12,24
2021-05-28 22:00:00,16,4,12
2021-05-28 23:00:00,5,4,1
2021-05-29 00:00:00,13,4,9
2021-05-29 01:00:00,1,1,0
2021-05-29 02:00:00,4,1,3
2021-05-29 03:00:00,5,2,3
2021-05-29 04:00:00,0,0,0
2021-05-29 05:00:00,3,2,1
2021-05-29 06:00:00,9,3,6
2021-05-29 07:00:00,24,10,14
2021-05-29 08:00:00,48,28,20
2021-05-29 09:00:00,65,24,41
2021-05-29 10:00:00,118,72,46
2021-05-29 11:00:00,181,76,105
2021-05-29 12:00:00,160,72,88
2021-05-29 13:00:00,208,98,110
2021-05-29 14:00:00,222,95,127
2021-05-29 15:00:00,171,97,74
2021-05-29 16:00:00,192,73,119
2021-05-29 17:00:00,205,83,122
2021-05-29 18:00:00,144,76,68
2021-05-29 19:00:00,131,52,79
2021-05-29 20:00:00,175,80,95
2021-05-29 21:00:00,55,30,25
2021-05-29 22:00:00,22,6,16
2021-05-29 23:00:00,4,4,0
2021-05-30 00:00:00,21,4,17
2021-05-30 01:00:00,2,1,1
2021-05-30 02:00:00,4,0,4
2021-05-30 03:00:00,0,0,0
2021-05-30 04:00:00,2,1,1
2021-05-30 05:00:00,4,1,3
2021-05-30 06:00:00,12,5,7
2021-05-30 07:00:00,18,7,11
2021-05-30 08:00:00,46,32,14
2021-05-30 09:00:00,99,55,44
2021-05-30 10:00:00,121,65,56
2021-05-30 11:00:00,158,79,79
2021-05-30 12:00:00,167,79,88
2021-05-30 13:00:00,154,76,78
2021-05-30 14:00:00,180,95,85
2021-05-30 15:00:00,120,57,63
2021-05-30 16:00:00,123,55,68
2021-05-30 17:00:00,130,72,58
2021-05-30 18:00:00,104,48,56
2021-05-30 19:00:00,115,48,67
2021-05-30 20:00:00,108,51,57
2021-05-30 21:00:00,42,15,27
2021-05-30 22:00:00,25,7,18
2021-05-30 23:00:00,3,1,2
2021-05-31 00:00:00,5,1,4
2021-05-31 01:00:00,9,4,5
2021-05-31 02:00:00,0,0,0
2021-05-31 03:00:00,1,1,0
2021-05-31 04:00:00,3,0,3
2021-05-31 05:00:00,2,1,1
2021-05-31 06:00:00,4,0,4
2021-05-31 07:00:00,18,8,10
2021-05-31 08:00:00,44,17,27
2021-05-31 09:00:00,79,34,45
2021-05-31 10:00:00,167,81,86
2021-05-31 11:00:00,208,104,104
2021-05-31 12:00:00,271,140,131
2021-05-31 13:00:00,186,89,97
2021-05-31 14:00:00,253,119,134
2021-05-31 15:00:00,296,129,167
2021-05-31 16:00:00,192,81,111
2021-05-31 17:00:00,186,76,110
2021-05-31 18:00:00,135,74,61
2021-05-31 19:00:00,109,56,53
2021-05-31 20:00:00,68,37,31
2021-05-31 21:00:00,51,31,20
2021-05-31 22:00:00,11,7,4
2021-05-31 23:00:00,20,5,15
2021-06-01 00:00:00,1,0,1
2021-06-01 01:00:00,4,2,2
2021-06-01 02:00:00,8,3,5
2021-06-01 03:00:00,1,0,1
2021-06-01 04:00:00,1,1,0
2021-06-01 05:00:00,11,5,6
2021-06-01 06:00:00,36,21,15
2021-06-01 07:00:00,62,32,30
2021-06-01 08:00:00,71,44,27
2021-06-01 09:00:00,52,25,27
2021-06-01 10:00:00,38,16,22
2021-06-01 11:00:00,76,42,34
2021-06-01 12:00:00,81,40,41
2021-06-01 13:00:00,80,32,48
2021-06-01 14:00:00,103,68,35
2021-06-01 15:00:00,103,50,53
2021-06-01 16:00:00,166,74,92
2021-06-01 17:00:00,147,63,84
2021-06-01 18:00:00,205,90,115
2021-06-01 19:00:00,138,74,64
2021-06-01 20:00:00,94,51,43
2021-06-01 21:00:00,41,16,25
2021-06-01 22:00:00,21,9,12
2021-06-01 23:00:00,8,3,5
2021-06-02 00:00:00,2,0,2
2021-06-02 01:00:00,3,1,2
2021-06-02 02:00:00,1,0,1
2021-06-02 03:00:00,2,1,1
2021-06-02 04:00:00,1,0,1
2021-06-02 05:00:00,25,14,11
2021-06-02 06:00:00,53,30,23
2021-06-02 07:00:00,87,44,43
2021-06-02 08:00:00,68,39,29
2021-06-02 09:00:00,61,37,24
2021-06-02 10:00:00,84,37,47
2021-06-02 11:00:00,72,28,44
2021-06-02 12:00:00,58,22,36
2021-06-02 13:00:00,84,43,41
2021-06-02 14:00:00,90,51,39
2021-06-02 15:00:00,73,25,48
2021-06-02 16:00:00,147,70,77
2021-06-02 17:00:00,175,78,97
2021-06-02 18:00:00,157,61,96
2021-06-02 19:00:00,131,63,68
2021-06-02 20:00:00,125,69,56
2021-06-02 21:00:00,88,32,56
2021-06-02 22:00:00,24,11,13
2021-06-02 23:00:00,2,2,0
2021-06-03 00:00:00,7,4,3
2021-06-03 01:00:00,4,3,1
2021-06-03 02:00:00,1,0,1
2021-06-03 03:00:00,2,0,2
2021-06-03 04:00:00,0,0,0
2021-06-03 05:00:00,15,10,5
2021-06-03 06:00:00,43,20,23
2021-06-03 07:00:00,75,42,33
2021-06-03 08:00:00,51,27,24
2021-06-03 09:00:00,52,29,23
2021-06-03 10:00:00,45,20,25
2021-06-03 11:00:00,44,25,19
2021-06-03 12:00:00,59,35,24
2021-06-03 13:00:00,52,27,25
2021-06-03 14:00:00,74,38,36
2021-06-03 15:00:00,112,55,57
2021-06-03 16:00:00,144,71,73
2021-06-03 17:00:00,168,84,84
2021-06-03 18:00:00,139,57,82
2021-06-03 19:00:00,149,68,81
2021-06-03 20:00:00,87,48,39
2021-06-03 21:00:00,36,21,15
2021-06-03 22:00:00,7,5,2
2021-06-03 23:00:00,10,5,5
2021-06-04 00:00:00,14,4,10
2021-06-04 01:00:00,1,0,1
2021-06-04 02:00:00,3,2,1
2021-06-04 03:00:00,0,0,0
2021-06-04 04:00:00,0,0,0
2021-06-04 05:00:00,11,4,7
2021-06-04 06:00:00,40,18,22
2021-06-04 07:00:00,53,32,21
2021-06-04 08:00:00,47,27,20
2021-06-04 09:00:00,58,19,39
2021-06-04 10:00:00,42,18,24
2021-06-04 11:00:00,48,23,25
2021-06-04 12:00:00,57,13,44
2021-06-04 13:00:00,63,30,33
2021-06-04 14:00:00,88,44,44
2021-06-04 15:00:00,102,51,51
2021-06-04 16:00:00,128,58,70
2021-06-04 17:00:00,144,73,71
2021-06-04 18:00:00,131,58,73
2021-06-04 19:00:00,114,51,63
2021-06-04 20:00:00,93,52,41
2021-06-04 21:00:00,34,19,15
2021-06-04 22:00:00,15,7,8
2021-06-04 23:00:00,1,1,0
2021-06-05 00:00:00,4,1,3
2021-06-05 01:00:00,1,0,1
2021-06-05 02:00:00,1,0,1
2021-06-05 03:00:00,0,0,0
2021-06-05 04:00:00,4,4,0
2021-06-05 05:00:00,3,1,2
2021-06-05 06:00:00,10,7,3
2021-06-05 07:00:00,18,7,11
2021-06-05 08:00:00,41,17,24
2021-06-05 09:00:00,46,19,27
2021-06-05 10:00:00,75,45,30
2021-06-05 11:00:00,107,55,52
2021-06-05 12:00:00,100,50,50
2021-06-05 13:00:00,109,59,50
2021-06-05 14:00:00,105,43,62
2021-06-05 15:00:00,120,56,64
2021-06-05 16:00:00,139,67,72
2021-06-05 17:00:00,110,58,52
2021-06-05 18:00:00,67,29,38
2021-06-05 19:00:00,68,42,26
2021-06-05 20:00:00,87,24,63
2021-06-05 21:00:00,13,6,7
2021-06-05 22:00:00,14,6,8
2021-06-05 23:00:00,3,0,3
2021-06-06 00:00:00,6,0,6
2021-06-06 01:00:00,5,2,3
2021-06-06 02:00:00,1,0,1
2021-06-06 03:00:00,1,1,0
2021-06-06 04:00:00,0,0,0
2021-06-06 05:00:00,2,1,1
2021-06-06 06:00:00,10,2,8
2021-06-06 07:00:00,23,13,10
2021-06-06 08:00:00,42,16,26
2021-06-06 09:00:00,60,40,20
2021-06-06 10:00:00,51,26,25
2021-06-06 11:00:00,48,27,21
2021-06-06 12:00:00,61,26,35
2021-06-06 13:00:00,39,15,24
2021-06-06 14:00:00,36,20,16
2021-06-06 15:00:00,14,6,8
2021-06-06 16:00:00,45,14,31
2021-06-06 17:00:00,37,16,21
2021-06-06 18:00:00,18,10,8
2021-06-06 19:00:00,31,14,17
2021-06-06 20:00:00,27,17,10
2021-06-06 21:00:00,9,3,6
2021-06-06 22:00:00,3,0,3
2021-06-06 23:00:00,2,2,0
2021-06-07 00:00:00,1,0,1
2021-06-07 01:00:00,0,0,0
2021-06-07 02:00:00,0,0,0
2021-06-07 03:00:00,3,2,1
2021-06-07 04:00:00,0,0,0
2021-06-07 05:00:00,11,4,7
2021-06-07 06:00:00,28,15,13
2021-06-07 07:00:00,49,21,28
2021-06-07 08:00:00,42,21,21
2021-06-07 09:00:00,25,9,16
2021-06-07 10:00:00,28,15,13
2021-06-07 11:00:00,33,21,12
2021-06-07 12:00:00,58,28,30
2021-06-07 13:00:00,57,28,29
2021-06-07 14:00:00,66,30,36
2021-06-07 15:00:00,82,46,36
2021-06-07 16:00:00,107,50,57
2021-06-07 17:00:00,145,73,72
2021-06-07 18:00:00,147,66,81
2021-06-07 19:00:00,98,40,58
2021-06-07 20:00:00,66,41,25
2021-06-07 21:00:00,39,22,17
2021-06-07 22:00:00,19,8,11
2021-06-07 23:00:00,6,5,1
2021-06-08 00:00:00,7,4,3
2021-06-08 01:00:00,1,0,1
2021-06-08 02:00:00,0,0,0
2021-06-08 03:00:00,1,0,1
2021-06-08 04:00:00,0,0,0
2021-06-08 05:00:00,11,5,6
2021-06-08 06:00:00,57,27,30
2021-06-08 07:00:00,88,48,40
2021-06-08 08:00:00,64,42,22
2021-06-08 09:00:00,31,18,13
2021-06-08 10:00:00,52,23,29
2021-06-08 11:00:00,41,20,21
2021-06-08 12:00:00,57,31,26
2021-06-08 13:00:00,35,16,19
2021-06-08 14:00:00,64,43,21
2021-06-08 15:00:00,88,47,41
2021-06-08 16:00:00,142,57,85
2021-06-08 17:00:00,182,75,107
2021-06-08 18:00:00,145,84,61
2021-06-08 19:00:00,59,33,26
2021-06-08 20:00:00,36,20,16
2021-06-08 21:00:00,25,9,16
2021-06-08 22:00:00,23,8,15
2021-06-08 23:00:00,2,2,0
2021-06-09 00:00:00,2,1,1
2021-06-09 01:00:00,3,2,1
2021-06-09 02:00:00,0,0,0
2021-06-09 03:00:00,0,0,0
2021-06-09 04:00:00,0,0,0
2021-06-09 05:00:00,19,10,9
2021-06-09 06:00:00,58,26,32
2021-06-09 07:00:00,74,43,31
2021-06-09 08:00:00,49,27,22
2021-06-09 09:00:00,50,21,29
2021-06-09 10:00:00,43,24,19
2021-06-09 11:00:00,69,31,38
2021-06-09 12:00:00,91,43,48
2021-06-09 13:00:00,77,38,39
2021-06-09 14:00:00,85,49,36
2021-06-09 15:00:00,113,54,59
2021-06-09 16:00:00,138,62,76
2021-06-09 17:00:00,144,67,77
2021-06-09 18:00:00,161,63,98
2021-06-09 19:00:00,118,55,63
2021-06-09 20:00:00,81,46,35
2021-06-09 21:00:00,47,24,23
2021-06-09 22:00:00,14,11,3
2021-06-09 23:00:00,6,6,0
2021-06-10 00:00:00,3,0,3
2021-06-10 01:00:00,2,0,2
2021-06-10 02:00:00,1,0,1
2021-06-10 03:00:00,1,0,1
2021-06-10 04:00:00,2,1,1
2021-06-10 05:00:00,8,1,7
2021-06-10 06:00:00,53,24,29
2021-06-10 07:00:00,88,44,44
2021-06-10 08:00:00,61,35,26
2021-06-10 09:00:00,57,26,31
2021-06-10 10:00:00,48,24,24
2021-06-10 11:00:00,69,39,30
2021-06-10 12:00:00,73,39,34
2021-06-10 13:00:00,37,11,26
2021-06-10 14:00:00,91,51,40
2021-06-10 15:00:00,82,46,36
2021-06-10 16:00:00,125,60,65
2021-06-10 17:00:00,173,71,102
2021-06-10 18:00:00,175,74,101
2021-06-10 19:00:00,102,49,53
2021-06-10 20:00:00,73,45,28
2021-06-10 21:00:00,44,27,17
2021-06-10 22:00:00,20,7,13
2021-06-10 23:00:00,12,9,3
2021-06-11 00:00:00,9,1,8
2021-06-11 01:00:00,0,0,0
2021-06-11 02:00:00,2,0,2
2021-06-11 03:00:00,2,2,0
2021-06-11 04:00:00,0,0,0
2021-06-11 05:00:00,5,2,3
2021-06-11 06:00:00,39,14,25
2021-06-11 07:00:00,43,27,16
2021-06-11 08:00:00,32,19,13
2021-06-11 09:00:00,21,9,12
2021-06-11 10:00:00,25,15,10
2021-06-11 11:00:00,13,9,4
2021-06-11 12:00:00,17,10,7
2021-06-11 13:00:00,15,10,5
2021-06-11 14:00:00,21,14,7
2021-06-11 15:00:00,16,6,10
2021-06-11 16:00:00,34,18,16
2021-06-11 17:00:00,55,24,31
2021-06-11 18:00:00,48,23,25
2021-06-11 19:00:00,34,19,15
2021-06-11 20:00:00,20,5,15
2021-06-11 21:00:00,17,10,7
2021-06-11 22:00:00,8,5,3
2021-06-11 23:00:00,3,2,1
2021-06-12 00:00:00,8,5,3
2021-06-12 01:00:00,1,1,0
2021-06-12 02:00:00,0,0,0
2021-06-12 03:00:00,2,2,0
2021-06-12 04:00:00,1,0,1
2021-06-12 05:00:00,4,1,3
2021-06-12 06:00:00,9,3,6
2021-06-12 07:00:00,24,9,15
2021-06-12 08:00:00,60,26,34
2021-06-12 09:00:00,89,39,50
2021-06-12 10:00:00,116,57,59
2021-06-12 11:00:00,175,96,79
2021-06-12 12:00:00,175,96,79
2021-06-12 13:00:00,195,80,115
2021-06-12 14:00:00,255,112,143
2021-06-12 15:00:00,251,134,117
2021-06-12 16:00:00,184,82,102
2021-06-12 17:00:00,168,73,95
2021-06-12 18:00:00,132,66,66
2021-06-12 19:00:00,100,55,45
2021-06-12 20:00:00,101,37,64
2021-06-12 21:00:00,12,8,4
2021-06-12 22:00:00,10,5,5
2021-06-12 23:00:00,3,2,1
2021-06-13 00:00:00,2,0,2
2021-06-13 01:00:00,0,0,0
2021-06-13 02:00:00,0,0,0
2021-06-13 03:00:00,0,0,0
2021-06-13 04:00:00,0,0,0
2021-06-13 05:00:00,2,2,0
2021-06-13 06:00:00,2,2,0
2021-06-13 07:00:00,0,0,0
2021-06-13 08:00:00,11,4,7
2021-06-13 09:00:00,13,8,5
2021-06-13 10:00:00,21,11,10
2021-06-13 11:00:00,35,23,12
2021-06-13 12:00:00,37,20,17
2021-06-13 13:00:00,59,31,28
2021-06-13 14:00:00,42,17,25
2021-06-13 15:00:00,24,12,12
2021-06-13 16:00:00,31,11,20
2021-06-13 17:00:00,15,4,11
2021-06-13 18:00:00,14,7,7
2021-06-13 19:00:00,5,2,3
2021-06-13 20:00:00,12,1,11
2021-06-13 21:00:00,8,5,3
2021-06-13 22:00:00,6,3,3
2021-06-13 23:00:00,1,0,1
2021-06-14 00:00:00,6,2,4
2021-06-14 01:00:00,2,0,2
2021-06-14 02:00:00,1,0,1
2021-06-14 03:00:00,1,1,0
2021-06-14 04:00:00,0,0,0
2021-06-14 05:00:00,10,2,8
2021-06-14 06:00:00,29,12,17
2021-06-14 07:00:00,48,25,23
2021-06-14 08:00:00,37,22,15
2021-06-14 09:00:00,20,10,10
2021-06-14 10:00:00,20,8,12
2021-06-14 11:00:00,18,8,10
2021-06-14 12:00:00,21,8,13
2021-06-14 13:00:00,18,9,9
2021-06-14 14:00:00,45,19,26
2021-06-14 15:00:00,61,26,35
2021-06-14 16:00:00,68,34,34
2021-06-14 17:00:00,90,46,44
2021-06-14 18:00:00,104,47,57
2021-06-14 19:00:00,71,42,29
2021-06-14 20:00:00,58,34,24
2021-06-14 21:00:00,43,22,21
2021-06-14 22:00:00,15,4,11
2021-06-14 23:00:00,5,2,3
2021-06-15 00:00:00,0,0,0
2021-06-15 01:00:00,4,1,3
2021-06-15 02:00:00,0,0,0
2021-06-15 03:00:00,0,0,0
2021-06-15 04:00:00,1,0,1
2021-06-15 05:00:00,10,3,7
2021-06-15 06:00:00,46,20,26
2021-06-15 07:00:00,70,41,29
2021-06-15 08:00:00,54,40,14
2021-06-15 09:00:00,40,22,18
2021-06-15 10:00:00,45,13,32
2021-06-15 11:00:00,78,35,43
2021-06-15 12:00:00,50,24,26
2021-06-15 13:00:00,87,49,38
2021-06-15 14:00:00,60,24,36
2021-06-15 15:00:00,67,42,25
2021-06-15 16:00:00,129,60,69
2021-06-15 17:00:00,112,46,66
2021-06-15 18:00:00,151,71,80
2021-06-15 19:00:00,117,72,45
2021-06-15 20:00:00,54,23,31
2021-06-15 21:00:00,46,25,21
2021-06-15 22:00:00,21,5,16
2021-06-15 23:00:00,7,7,0
2021-06-16 00:00:00,1,0,1
2021-06-16 01:00:00,0,0,0
2021-06-16 02:00:00,1,0,1
2021-06-16 03:00:00,6,3,3
2021-06-16 04:00:00,0,0,0
2021-06-16 05:00:00,31,14,17
2021-06-16 06:00:00,48,22,26
2021-06-16 07:00:00,75,40,35
2021-06-16 08:00:00,73,40,33
2021-06-16 09:00:00,46,29,17
2021-06-16 10:00:00,75,34,41
2021-06-16 11:00:00,62,27,35
2021-06-16 12:00:00,78,42,36
2021-06-16 13:00:00,55,23,32
2021-06-16 14:00:00,75,45,30
2021-06-16 15:00:00,119,62,57
2021-06-16 16:00:00,170,75,95
2021-06-16 17:00:00,197,79,118
2021-06-16 18:00:00,171,84,87
2021-06-16 19:00:00,163,73,90
2021-06-16 20:00:00,100,52,48
2021-06-16 21:00:00,70,43,27
2021-06-16 22:00:00,27,8,19
2021-06-16 23:00:00,18,9,9
2021-06-17 00:00:00,7,4,3
2021-06-17 01:00:00,5,2,3
2021-06-17 02:00:00,2,1,1
2021-06-17 03:00:00,0,0,0
2021-06-17 04:00:00,4,0,4
2021-06-17 05:00:00,19,13,6
2021-06-17 06:00:00,56,28,28
2021-06-17 07:00:00,82,41,41
2021-06-17 08:00:00,63,33,30
2021-06-17 09:00:00,83,44,39
2021-06-17 10:00:00,64,25,39
2021-06-17 11:00:00,84,38,46
2021-06-17 12:00:00,67,37,30
2021-06-17 13:00:00,83,40,43
2021-06-17 14:00:00,106,55,51
2021-06-17 15:00:00,122,62,60
2021-06-17 16:00:00,172,78,94
2021-06-17 17:00:00,191,89,102
2021-06-17 18:00:00,175,78,97
2021-06-17 19:00:00,131,54,77
2021-06-17 20:00:00,126,69,57
2021-06-17 21:00:00,66,45,21
2021-06-17 22:00:00,19,9,10
2021-06-17 23:00:00,18,7,11
2021-06-18 00:00:00,2,1,1
2021-06-18 01:00:00,1,0,1
2021-06-18 02:00:00,2,1,1
2021-06-18 03:00:00,2,0,2
2021-06-18 04:00:00,0,0,0
2021-06-18 05:00:00,11,6,5
2021-06-18 06:00:00,35,16,19
2021-06-18 07:00:00,63,33,30
2021-06-18 08:00:00,67,47,20
2021-06-18 09:00:00,72,32,40
2021-06-18 10:00:00,60,30,30
2021-06-18 11:00:00,114,65,49
2021-06-18 12:00:00,103,58,45
2021-06-18 13:00:00,92,46,46
2021-06-18 14:00:00,157,85,72
2021-06-18 15:00:00,165,83,82
2021-06-18 16:00:00,145,68,77
2021-06-18 17:00:00,154,58,96
2021-06-18 18:00:00,134,66,68
2021-06-18 19:00:00,116,44,72
2021-06-18 20:00:00,84,41,43
2021-06-18 21:00:00,54,26,28
2021-06-18 22:00:00,48,33,15
2021-06-18 23:00:00,15,11,4
2021-06-19 00:00:00,6,1,5
2021-06-19 01:00:00,3,2,1
2021-06-19 02:00:00,2,0,2
2021-06-19 03:00:00,2,0,2
2021-06-19 04:00:00,0,0,0
2021-06-19 05:00:00,3,2,1
2021-06-19 06:00:00,13,8,5
2021-06-19 07:00:00,46,24,22
2021-06-19 08:00:00,56,26,30
2021-06-19 09:00:00,80,37,43
2021-06-19 10:00:00,125,67,58
2021-06-19 11:00:00,207,84,123
2021-06-19 12:00:00,174,80,94
2021-06-19 13:00:00,181,84,97
2021-06-19 14:00:00,225,105,120
2021-06-19 15:00:00,154,73,81
2021-06-19 16:00:00,207,86,121
2021-06-19 17:00:00,167,98,69
2021-06-19 18:00:00,140,55,85
2021-06-19 19:00:00,92,59,33
2021-06-19 20:00:00,141,52,89
2021-06-19 21:00:00,71,49,22
2021-06-19 22:00:00,30,12,18
2021-06-19 23:00:00,20,3,17
2021-06-20 00:00:00,6,0,6
2021-06-20 01:00:00,11,8,3
2021-06-20 02:00:00,8,4,4
2021-06-20 03:00:00,5,1,4
2021-06-20 04:00:00,0,0,0
2021-06-20 05:00:00,5,1,4
2021-06-20 06:00:00,13,7,6
2021-06-20 07:00:00,33,17,16
2021-06-20 08:00:00,59,30,29
2021-06-20 09:00:00,84,43,41
2021-06-20 10:00:00,199,80,119
2021-06-20 11:00:00,199,103,96
2021-06-20 12:00:00,182,80,102
2021-06-20 13:00:00,225,124,101
2021-06-20 14:00:00,175,85,90
2021-06-20 15:00:00,185,105,80
2021-06-20 16:00:00,175,74,101
2021-06-20 17:00:00,133,63,70
2021-06-20 18:00:00,111,54,57
2021-06-20 19:00:00,111,37,74
2021-06-20 20:00:00,94,41,53
2021-06-20 21:00:00,65,42,23
2021-06-20 22:00:00,21,8,13
2021-06-20 23:00:00,44,13,31
2021-06-21 00:00:00,2,1,1
2021-06-21 01:00:00,3,1,2
2021-06-21 02:00:00,8,4,4
2021-06-21 03:00:00,1,1,0
2021-06-21 04:00:00,1,0,1
2021-06-21 05:00:00,10,3,7
2021-06-21 06:00:00,49,26,23
2021-06-21 07:00:00,72,37,35
2021-06-21 08:00:00,70,39,31
2021-06-21 09:00:00,70,37,33
2021-06-21 10:00:00,75,32,43
2021-06-21 11:00:00,77,35,42
2021-06-21 12:00:00,84,39,45
2021-06-21 13:00:00,79,40,39
2021-06-21 14:00:00,70,31,39
2021-06-21 15:00:00,93,56,37
2021-06-21 16:00:00,111,52,59
2021-06-21 17:00:00,133,51,82
2021-06-21 18:00:00,144,50,94
2021-06-21 19:00:00,112,55,57
2021-06-21 20:00:00,101,51,50
2021-06-21 21:00:00,86,48,38
2021-06-21 22:00:00,23,14,9
2021-06-21 23:00:00,9,1,8
2021-06-22 00:00:00,4,2,2
2021-06-22 01:00:00,1,0,1
2021-06-22 02:00:00,2,1,1
2021-06-22 03:00:00,1,0,1
2021-06-22 04:00:00,1,1,0
2021-06-22 05:00:00,18,7,11
2021-06-22 06:00:00,54,28,26
2021-06-22 07:00:00,89,47,42
2021-06-22 08:00:00,90,52,38
2021-06-22 09:00:00,78,40,38
2021-06-22 10:00:00,49,21,28
2021-06-22 11:00:00,66,33,33
2021-06-22 12:00:00,86,43,43
2021-06-22 13:00:00,57,30,27
2021-06-22 14:00:00,92,52,40
2021-06-22 15:00:00,118,65,53
2021-06-22 16:00:00,132,57,75
2021-06-22 17:00:00,193,82,111
2021-06-22 18:00:00,171,75,96
2021-06-22 19:00:00,149,68,81
2021-06-22 20:00:00,135,74,61
2021-06-22 21:00:00,97,40,57
2021-06-22 22:00:00,42,18,24
2021-06-22 23:00:00,5,2,3
2021-06-23 00:00:00,4,0,4
2021-06-23 01:00:00,5,0,5
2021-06-23 02:00:00,6,4,2
2021-06-23 03:00:00,0,0,0
2021-06-23 04:00:00,3,1,2
2021-06-23 05:00:00,12,8,4
2021-06-23 06:00:00,52,24,28
2021-06-23 07:00:00,87,53,34
2021-06-23 08:00:00,68,44,24
2021-06-23 09:00:00,73,35,38
2021-06-23 10:00:00,58,32,26
2021-06-23 11:00:00,56,33,23
2021-06-23 12:00:00,79,41,38
2021-06-23 13:00:00,65,31,34
2021-06-23 14:00:00,70,38,32
2021-06-23 15:00:00,89,51,38
2021-06-23 16:00:00,149,63,86
2021-06-23 17:00:00,201,76,125
2021-06-23 18:00:00,183,92,91
2021-06-23 19:00:00,127,60,67
2021-06-23 20:00:00,103,58,45
2021-06-23 21:00:00,100,38,62
2021-06-23 22:00:00,15,10,5
2021-06-23 23:00:00,12,4,8
2021-06-24 00:00:00,4,1,3
2021-06-24 01:00:00,2,2,0
2021-06-24 02:00:00,5,0,5
2021-06-24 03:00:00,0,0,0
2021-06-24 04:00:00,5,3,2
2021-06-24 05:00:00,12,7,5
2021-06-24 06:00:00,56,29,27
2021-06-24 07:00:00,83,39,44
2021-06-24 08:00:00,72,45,27
2021-06-24 09:00:00,56,34,22
2021-06-24 10:00:00,51,34,17
2021-06-24 11:00:00,47,23,24
2021-06-24 12:00:00,68,31,37
2021-06-24 13:00:00,76,39,37
2021-06-24 14:00:00,84,38,46
2021-06-24 15:00:00,120,59,61
2021-06-24 16:00:00,145,65,80
2021-06-24 17:00:00,208,74,134
2021-06-24 18:00:00,158,66,92
2021-06-24 19:00:00,137,61,76
2021-06-24 20:00:00,102,54,48
2021-06-24 21:00:00,80,41,39
2021-06-24 22:00:00,28,16,12
2021-06-24 23:00:00,9,5,4
2021-06-25 00:00:00,6,4,2
2021-06-25 01:00:00,2,2,0
2021-06-25 02:00:00,2,2,0
2021-06-25 03:00:00,0,0,0
2021-06-25 04:00:00,2,0,2
2021-06-25 05:00:00,23,12,11
2021-06-25 06:00:00,40,17,23
2021-06-25 07:00:00,74,37,37
2021-06-25 08:00:00,55,23,32
2021-06-25 09:00:00,76,34,42
2021-06-25 10:00:00,72,28,44
2021-06-25 11:00:00,110,52,58
2021-06-25 12:00:00,91,34,57
2021-06-25 13:00:00,71,37,34
2021-06-25 14:00:00,82,42,40
2021-06-25 15:00:00,108,58,50
2021-06-25 16:00:00,111,45,66
2021-06-25 17:00:00,125,63,62
2021-06-25 18:00:00,103,38,65
2021-06-25 19:00:00,84,46,38
2021-06-25 20:00:00,112,50,62
2021-06-25 21:00:00,101,51,50
2021-06-25 22:00:00,61,24,37
2021-06-25 23:00:00,33,16,17
2021-06-26 00:00:00,18,10,8
2021-06-26 01:00:00,6,0,6
2021-06-26 02:00:00,0,0,0
2021-06-26 03:00:00,3,2,1
2021-06-26 04:00:00,4,2,2
2021-06-26 05:00:00,0,0,0
2021-06-26 06:00:00,26,10,16
2021-06-26 07:00:00,66,38,28
2021-06-26 08:00:00,82,38,44
2021-06-26 09:00:00,141,56,85
2021-06-26 10:00:00,131,64,67
2021-06-26 11:00:00,102,51,51
2021-06-26 12:00:00,70,37,33
2021-06-26 13:00:00,86,51,35
2021-06-26 14:00:00,91,56,35
2021-06-26 15:00:00,68,30,38
2021-06-26 16:00:00,70,33,37
2021-06-26 17:00:00,61,37,24
2021-06-26 18:00:00,60,26,34
2021-06-26 19:00:00,56,42,14
2021-06-26 20:00:00,123,26,97
2021-06-26 21:00:00,72,40,32
2021-06-26 22:00:00,49,20,29
2021-06-26 23:00:00,19,6,13
2021-06-27 00:00:00,11,8,3
2021-06-27 01:00:00,6,3,3
2021-06-27 02:00:00,6,1,5
2021-06-27 03:00:00,8,2,6
2021-06-27 04:00:00,5,2,3
2021-06-27 05:00:00,8,4,4
2021-06-27 06:00:00,24,9,15
2021-06-27 07:00:00,75,37,38
2021-06-27 08:00:00,88,34,54
2021-06-27 09:00:00,92,52,40
2021-06-27 10:00:00,109,60,49
2021-06-27 11:00:00,52,24,28
2021-06-27 12:00:00,44,25,19
2021-06-27 13:00:00,41,20,21
2021-06-27 14:00:00,78,38,40
2021-06-27 15:00:00,53,33,20
2021-06-27 16:00:00,48,20,28
2021-06-27 17:00:00,60,27,33
2021-06-27 18:00:00,31,12,19
2021-06-27 19:00:00,61,30,31
2021-06-27 20:00:00,48,22,26
2021-06-27 21:00:00,85,40,45
2021-06-27 22:00:00,31,20,11
2021-06-27 23:00:00,15,6,9
2021-06-28 00:00:00,2,1,1
2021-06-28 01:00:00,2,0,2
2021-06-28 02:00:00,1,1,0
2021-06-28 03:00:00,1,1,0
2021-06-28 04:00:00,3,1,2
2021-06-28 05:00:00,16,5,11
2021-06-28 06:00:00,39,16,23
2021-06-28 07:00:00,55,32,23
2021-06-28 08:00:00,68,45,23
2021-06-28 09:00:00,24,10,14
2021-06-28 10:00:00,53,25,28
2021-06-28 11:00:00,38,24,14
2021-06-28 12:00:00,44,26,18
2021-06-28 13:00:00,39,27,12
2021-06-28 14:00:00,36,19,17
2021-06-28 15:00:00,36,23,13
2021-06-28 16:00:00,29,10,19
2021-06-28 17:00:00,47,20,27
2021-06-28 18:00:00,43,16,27
2021-06-28 19:00:00,40,14,26
2021-06-28 20:00:00,43,22,21
2021-06-28 21:00:00,51,25,26
2021-06-28 22:00:00,30,16,14
2021-06-28 23:00:00,16,8,8
2021-06-29 00:00:00,1,0,1
2021-06-29 01:00:00,2,2,0
2021-06-29 02:00:00,2,0,2
2021-06-29 03:00:00,2,1,1
2021-06-29 04:00:00,0,0,0
2021-06-29 05:00:00,20,6,14
2021-06-29 06:00:00,53,25,28
2021-06-29 07:00:00,87,41,46
2021-06-29 08:00:00,85,49,36
2021-06-29 09:00:00,96,43,53
2021-06-29 10:00:00,60,28,32
2021-06-29 11:00:00,63,33,30
2021-06-29 12:00:00,77,47,30
2021-06-29 13:00:00,63,37,26
2021-06-29 14:00:00,58,36,22
2021-06-29 15:00:00,88,43,45
2021-06-29 16:00:00,112,47,65
2021-06-29 17:00:00,154,73,81
2021-06-29 18:00:00,120,63,57
2021-06-29 19:00:00,119,62,57
2021-06-29 20:00:00,87,35,52
2021-06-29 21:00:00,68,36,32
2021-06-29 22:00:00,26,17,9
2021-06-29 23:00:00,18,9,9
2021-06-30 00:00:00,5,2,3
2021-06-30 01:00:00,2,0,2
2021-06-30 02:00:00,1,0,1
2021-06-30 03:00:00,0,0,0
2021-06-30 04:00:00,2,2,0
2021-06-30 05:00:00,14,8,6
2021-06-30 06:00:00,68,29,39
2021-06-30 07:00:00,82,46,36
2021-06-30 08:00:00,107,59,48
2021-06-30 09:00:00,49,26,23
2021-06-30 10:00:00,50,23,27
2021-06-30 11:00:00,80,38,42
2021-06-30 12:00:00,56,33,23
2021-06-30 13:00:00,67,35,32
2021-06-30 14:00:00,66,27,39
2021-06-30 15:00:00,102,51,51
2021-06-30 16:00:00,118,50,68
2021-06-30 17:00:00,132,53,79
2021-06-30 18:00:00,120,55,65
2021-06-30 19:00:00,140,66,74
2021-06-30 20:00:00,99,44,55
2021-06-30 21:00:00,46,22,24
2021-06-30 22:00:00,17,7,10
2021-06-30 23:00:00,19,8,11
2021-07-01 00:00:00,3,0,3
2021-07-01 01:00:00,7,4,3
2021-07-01 02:00:00,0,0,0
2021-07-01 03:00:00,2,0,2
2021-07-01 04:00:00,1,1,0
2021-07-01 05:00:00,15,7,8
2021-07-01 06:00:00,41,24,17
2021-07-01 07:00:00,80,40,40
2021-07-01 08:00:00,84,41,43
2021-07-01 09:00:00,70,42,28
2021-07-01 10:00:00,58,18,40
2021-07-01 11:00:00,51,25,26
2021-07-01 12:00:00,62,44,18
2021-07-01 13:00:00,83,46,37
2021-07-01 14:00:00,75,37,38
2021-07-01 15:00:00,98,44,54
2021-07-01 16:00:00,148,79,69
2021-07-01 17:00:00,155,64,91
2021-07-01 18:00:00,102,35,67
2021-07-01 19:00:00,117,54,63
2021-07-01 20:00:00,108,63,45
2021-07-01 21:00:00,78,40,38
2021-07-01 22:00:00,29,15,14
2021-07-01 23:00:00,14,6,8
2021-07-02 00:00:00,3,1,2
2021-07-02 01:00:00,10,6,4
2021-07-02 02:00:00,5,4,1
2021-07-02 03:00:00,1,0,1
2021-07-02 04:00:00,1,1,0
2021-07-02 05:00:00,17,10,7
2021-07-02 06:00:00,36,20,16
2021-07-02 07:00:00,60,34,26
2021-07-02 08:00:00,63,33,30
2021-07-02 09:00:00,76,25,51
2021-07-02 10:00:00,74,36,38
2021-07-02 11:00:00,80,38,42
2021-07-02 12:00:00,90,56,34
2021-07-02 13:00:00,75,41,34
2021-07-02 14:00:00,116,50,66
2021-07-02 15:00:00,156,83,73
2021-07-02 16:00:00,135,69,66
2021-07-02 17:00:00,134,53,81
2021-07-02 18:00:00,142,61,81
2021-07-02 19:00:00,130,52,78
2021-07-02 20:00:00,104,47,57
2021-07-02 21:00:00,83,49,34
2021-07-02 22:00:00,47,35,12
2021-07-02 23:00:00,13,10,3
2021-07-03 00:00:00,36,12,24
2021-07-03 01:00:00,21,5,16
2021-07-03 02:00:00,0,0,0
2021-07-03 03:00:00,0,0,0
2021-07-03 04:00:00,14,8,6
2021-07-03 05:00:00,0,0,0
2021-07-03 06:00:00,12,8,4
2021-07-03 07:00:00,34,20,14
2021-07-03 08:00:00,52,23,29
2021-07-03 09:00:00,86,42,44
2021-07-03 10:00:00,141,75,66
2021-07-03 11:00:00,163,65,98
2021-07-03 12:00:00,170,85,85
2021-07-03 13:00:00,124,61,63
2021-07-03 14:00:00,149,73,76
2021-07-03 15:00:00,179,93,86
2021-07-03 16:00:00,155,63,92
2021-07-03 17:00:00,105,46,59
2021-07-03 18:00:00,105,64,41
2021-07-03 19:00:00,121,62,59
2021-07-03 20:00:00,157,54,103
2021-07-03 21:00:00,79,54,25
2021-07-03 22:00:00,22,5,17
2021-07-03 23:00:00,25,11,14
2021-07-04 00:00:00,13,2,11
2021-07-04 01:00:00,10,5,5
2021-07-04 02:00:00,3,1,2
2021-07-04 03:00:00,6,4,2
2021-07-04 04:00:00,2,2,0
2021-07-04 05:00:00,7,3,4
2021-07-04 06:00:00,23,11,12
2021-07-04 07:00:00,21,16,5
2021-07-04 08:00:00,28,5,23
2021-07-04 09:00:00,89,37,52
2021-07-04 10:00:00,102,64,38
2021-07-04 11:00:00,101,51,50
2021-07-04 12:00:00,180,89,91
2021-07-04 13:00:00,171,90,81
2021-07-04 14:00:00,135,79,56
2021-07-04 15:00:00,120,52,68
2021-07-04 16:00:00,153,69,84
2021-07-04 17:00:00,127,59,68
2021-07-04 18:00:00,90,51,39
2021-07-04 19:00:00,80,35,45
2021-07-04 20:00:00,115,65,50
2021-07-04 21:00:00,70,47,23
2021-07-04 22:00:00,26,13,13
2021-07-04 23:00:00,23,17,6
2021-07-05 00:00:00,6,3,3
2021-07-05 01:00:00,6,1,5
2021-07-05 02:00:00,13,6,7
2021-07-05 03:00:00,3,2,1
2021-07-05 04:00:00,1,0,1
2021-07-05 05:00:00,4,4,0
2021-07-05 06:00:00,11,6,5
2021-07-05 07:00:00,18,10,8
2021-07-05 08:00:00,38,16,22
2021-07-05 09:00:00,77,54,23
2021-07-05 10:00:00,120,57,63
2021-07-05 11:00:00,127,57,70
2021-07-05 12:00:00,101,48,53
2021-07-05 13:00:00,164,92,72
2021-07-05 14:00:00,164,76,88
2021-07-05 15:00:00,161,69,92
2021-07-05 16:00:00,197,90,107
2021-07-05 17:00:00,151,78,73
2021-07-05 18:00:00,121,51,70
2021-07-05 19:00:00,105,50,55
2021-07-05 20:00:00,95,57,38
2021-07-05 21:00:00,50,22,28
2021-07-05 22:00:00,38,21,17
2021-07-05 23:00:00,10,6,4
2021-07-06 00:00:00,7,1,6
2021-07-06 01:00:00,6,2,4
2021-07-06 02:00:00,1,0,1
2021-07-06 03:00:00,1,1,0
2021-07-06 04:00:00,0,0,0
2021-07-06 05:00:00,15,10,5
2021-07-06 06:00:00,47,25,22
2021-07-06 07:00:00,68,42,26
2021-07-06 08:00:00,62,33,29
2021-07-06 09:00:00,56,30,26
2021-07-06 10:00:00,55,28,27
2021-07-06 11:00:00,58,32,26
2021-07-06 12:00:00,59,32,27
2021-07-06 13:00:00,63,28,35
2021-07-06 14:00:00,73,33,40
2021-07-06 15:00:00,124,53,71
2021-07-06 16:00:00,162,71,91
2021-07-06 17:00:00,185,89,96
2021-07-06 18:00:00,158,62,96
2021-07-06 19:00:00,118,58,60
2021-07-06 20:00:00,112,48,64
2021-07-06 21:00:00,57,37,20
2021-07-06 22:00:00,21,12,9
2021-07-06 23:00:00,16,5,11
2021-07-07 00:00:00,11,1,10
2021-07-07 01:00:00,8,3,5
2021-07-07 02:00:00,3,0,3
2021-07-07 03:00:00,0,0,0
2021-07-07 04:00:00,0,0,0
2021-07-07 05:00:00,14,6,8
2021-07-07 06:00:00,35,16,19
2021-07-07 07:00:00,77,47,30
2021-07-07 08:00:00,62,36,26
2021-07-07 09:00:00,46,28,18
2021-07-07 10:00:00,56,22,34
2021-07-07 11:00:00,32,21,11
2021-07-07 12:00:00,55,27,28
2021-07-07 13:00:00,40,25,15
2021-07-07 14:00:00,54,31,23
2021-07-07 15:00:00,93,41,52
2021-07-07 16:00:00,152,57,95
2021-07-07 17:00:00,181,92,89
2021-07-07 18:00:00,124,54,70
2021-07-07 19:00:00,80,38,42
2021-07-07 20:00:00,109,35,74
2021-07-07 21:00:00,61,41,20
2021-07-07 22:00:00,35,17,18
2021-07-07 23:00:00,17,4,13
2021-07-08 00:00:00,4,1,3
2021-07-08 01:00:00,1,0,1
2021-07-08 02:00:00,0,0,0
2021-07-08 03:00:00,0,0,0
2021-07-08 04:00:00,0,0,0
2021-07-08 05:00:00,15,7,8
2021-07-08 06:00:00,52,26,26
2021-07-08 07:00:00,82,43,39
2021-07-08 08:00:00,80,53,27
2021-07-08 09:00:00,59,36,23
2021-07-08 10:00:00,68,21,47
2021-07-08 11:00:00,55,24,31
2021-07-08 12:00:00,62,40,22
2021-07-08 13:00:00,46,28,18
2021-07-08 14:00:00,90,51,39
2021-07-08 15:00:00,89,42,47
2021-07-08 16:00:00,138,60,78
2021-07-08 17:00:00,176,70,106
2021-07-08 18:00:00,143,66,77
2021-07-08 19:00:00,132,48,84
2021-07-08 20:00:00,114,64,50
2021-07-08 21:00:00,47,24,23
2021-07-08 22:00:00,36,16,20
2021-07-08 23:00:00,8,3,5
2021-07-09 00:00:00,0,0,0
2021-07-09 01:00:00,3,3,0
2021-07-09 02:00:00,2,1,1
2021-07-09 03:00:00,0,0,0
2021-07-09 04:00:00,4,2,2
2021-07-09 05:00:00,14,7,7
2021-07-09 06:00:00,59,27,32
2021-07-09 07:00:00,77,37,40
2021-07-09 08:00:00,55,29,26
2021-07-09 09:00:00,79,35,44
2021-07-09 10:00:00,69,38,31
2021-07-09 11:00:00,80,36,44
2021-07-09 12:00:00,79,48,31
2021-07-09 13:00:00,102,47,55
2021-07-09 14:00:00,114,53,61
2021-07-09 15:00:00,104,53,51
2021-07-09 16:00:00,99,51,48
2021-07-09 17:00:00,157,66,91
2021-07-09 18:00:00,128,60,68
2021-07-09 19:00:00,116,60,56
2021-07-09 20:00:00,97,56,41
2021-07-09 21:00:00,68,43,25
2021-07-09 22:00:00,27,16,11
2021-07-09 23:00:00,31,10,21
2021-07-10 00:00:00,29,13,16
2021-07-10 01:00:00,8,2,6
2021-07-10 02:00:00,9,3,6
2021-07-10 03:00:00,7,4,3
2021-07-10 04:00:00,0,0,0
2021-07-10 05:00:00,6,3,3
2021-07-10 06:00:00,14,8,6
2021-07-10 07:00:00,32,21,11
2021-07-10 08:00:00,51,28,23
2021-07-10 09:00:00,102,45,57
2021-07-10 10:00:00,100,66,34
2021-07-10 11:00:00,162,81,81
2021-07-10 12:00:00,153,91,62
2021-07-10 13:00:00,155,78,77
2021-07-10 14:00:00,160,79,81
2021-07-10 15:00:00,194,106,88
2021-07-10 16:00:00,163,93,70
2021-07-10 17:00:00,153,61,92
2021-07-10 18:00:00,150,74,76
2021-07-10 19:00:00,123,48,75
2021-07-10 20:00:00,150,49,101
2021-07-10 21:00:00,61,30,31
2021-07-10 22:00:00,29,16,13
2021-07-10 23:00:00,13,6,7
2021-07-11 00:00:00,7,4,3
2021-07-11 01:00:00,13,2,11
2021-07-11 02:00:00,2,0,2
2021-07-11 03:00:00,2,0,2
2021-07-11 04:00:00,2,1,1
2021-07-11 05:00:00,3,2,1
2021-07-11 06:00:00,7,3,4
2021-07-11 07:00:00,45,25,20
2021-07-11 08:00:00,49,24,25
2021-07-11 09:00:00,88,48,40
2021-07-11 10:00:00,148,78,70
2021-07-11 11:00:00,145,73,72
2021-07-11 12:00:00,146,82,64
2021-07-11 13:00:00,157,75,82
2021-07-11 14:00:00,182,94,88
2021-07-11 15:00:00,143,71,72
2021-07-11 16:00:00,129,79,50
2021-07-11 17:00:00,122,51,71
2021-07-11 18:00:00,112,54,58
2021-07-11 19:00:00,116,54,62
2021-07-11 20:00:00,89,47,42
2021-07-11 21:00:00,57,32,25
2021-07-11 22:00:00,14,9,5
2021-07-11 23:00:00,11,2,9
2021-07-12 00:00:00,8,4,4
2021-07-12 01:00:00,3,0,3
2021-07-12 02:00:00,1,0,1
2021-07-12 03:00:00,0,0,0
2021-07-12 04:00:00,0,0,0
2021-07-12 05:00:00,14,6,8
2021-07-12 06:00:00,48,23,25
2021-07-12 07:00:00,66,33,33
2021-07-12 08:00:00,63,34,29
2021-07-12 09:00:00,53,30,23
2021-07-12 10:00:00,59,24,35
2021-07-12 11:00:00,39,19,20
2021-07-12 12:00:00,85,47,38
2021-07-12 13:00:00,94,46,48
2021-07-12 14:00:00,90,47,43
2021-07-12 15:00:00,104,57,47
2021-07-12 16:00:00,137,62,75
2021-07-12 17:00:00,142,52,90
2021-07-12 18:00:00,168,76,92
2021-07-12 19:00:00,133,62,71
2021-07-12 20:00:00,104,50,54
2021-07-12 21:00:00,51,25,26
2021-07-12 22:00:00,15,9,6
2021-07-12 23:00:00,10,9,1
2021-07-13 00:00:00,6,2,4
2021-07-13 01:00:00,4,2,2
2021-07-13 02:00:00,0,0,0
2021-07-13 03:00:00,4,0,4
2021-07-13 04:00:00,1,1,0
2021-07-13 05:00:00,18,10,8
2021-07-13 06:00:00,59,33,26
2021-07-13 07:00:00,84,41,43
2021-07-13 08:00:00,73,46,27
2021-07-13 09:00:00,52,30,22
2021-07-13 10:00:00,59,39,20
2021-07-13 11:00:00,60,35,25
2021-07-13 12:00:00,76,45,31
2021-07-13 13:00:00,81,33,48
2021-07-13 14:00:00,82,44,38
2021-07-13 15:00:00,77,40,37
2021-07-13 16:00:00,159,68,91
2021-07-13 17:00:00,204,84,120
2021-07-13 18:00:00,175,88,87
2021-07-13 19:00:00,125,59,66
2021-07-13 20:00:00,126,66,60
2021-07-13 21:00:00,56,31,25
2021-07-13 22:00:00,29,10,19
2021-07-13 23:00:00,18,12,6
2021-07-14 00:00:00,1,0,1
2021-07-14 01:00:00,0,0,0
2021-07-14 02:00:00,3,2,1
2021-07-14 03:00:00,1,1,0
2021-07-14 04:00:00,4,1,3
2021-07-14 05:00:00,14,9,5
2021-07-14 06:00:00,62,29,33
2021-07-14 07:00:00,74,41,33
2021-07-14 08:00:00,63,43,20
2021-07-14 09:00:00,56,27,29
2021-07-14 10:00:00,59,30,29
2021-07-14 11:00:00,51,22,29
2021-07-14 12:00:00,53,26,27
2021-07-14 13:00:00,85,43,42
2021-07-14 14:00:00,72,44,28
2021-07-14 15:00:00,90,46,44
2021-07-14 16:00:00,110,58,52
2021-07-14 17:00:00,160,66,94
2021-07-14 18:00:00,195,71,124
2021-07-14 19:00:00,155,82,73
2021-07-14 20:00:00,75,35,40
2021-07-14 21:00:00,82,41,41
2021-07-14 22:00:00,20,9,11
2021-07-14 23:00:00,9,5,4
2021-07-15 00:00:00,7,2,5
2021-07-15 01:00:00,9,4,5
2021-07-15 02:00:00,0,0,0
2021-07-15 03:00:00,1,1,0
2021-07-15 04:00:00,2,0,2
2021-07-15 05:00:00,13,5,8
2021-07-15 06:00:00,53,22,31
2021-07-15 07:00:00,81,40,41
2021-07-15 08:00:00,79,50,29
2021-07-15 09:00:00,60,29,31
2021-07-15 10:00:00,53,23,30
2021-07-15 11:00:00,62,37,25
2021-07-15 12:00:00,58,30,28
2021-07-15 13:00:00,67,38,29
2021-07-15 14:00:00,78,42,36
2021-07-15 15:00:00,91,59,32
2021-07-15 16:00:00,119,56,63
2021-07-15 17:00:00,145,49,96
2021-07-15 18:00:00,144,61,83
2021-07-15 19:00:00,121,55,66
2021-07-15 20:00:00,97,52,45
2021-07-15 21:00:00,55,29,26
2021-07-15 22:00:00,25,13,12
2021-07-15 23:00:00,3,1,2
2021-07-16 00:00:00,3,1,2
2021-07-16 01:00:00,3,2,1
2021-07-16 02:00:00,2,0,2
2021-07-16 03:00:00,1,0,1
2021-07-16 04:00:00,0,0,0
2021-07-16 05:00:00,13,7,6
2021-07-16 06:00:00,44,18,26
2021-07-16 07:00:00,55,29,26
2021-07-16 08:00:00,51,35,16
2021-07-16 09:00:00,51,24,27
2021-07-16 10:00:00,52,27,25
2021-07-16 11:00:00,59,30,29
2021-07-16 12:00:00,78,40,38
2021-07-16 13:00:00,55,30,25
2021-07-16 14:00:00,68,37,31
2021-07-16 15:00:00,87,42,45
2021-07-16 16:00:00,128,63,65
2021-07-16 17:00:00,132,65,67
2021-07-16 18:00:00,145,71,74
2021-07-16 19:00:00,81,40,41
2021-07-16 20:00:00,52,31,21
2021-07-16 21:00:00,31,16,15
2021-07-16 22:00:00,19,11,8
2021-07-16 23:00:00,11,3,8
2021-07-17 00:00:00,8,6,2
2021-07-17 01:00:00,5,0,5
2021-07-17 02:00:00,1,1,0
2021-07-17 03:00:00,0,0,0
2021-07-17 04:00:00,1,1,0
2021-07-17 05:00:00,1,0,1
2021-07-17 06:00:00,14,6,8
2021-07-17 07:00:00,32,12,20
2021-07-17 08:00:00,61,31,30
2021-07-17 09:00:00,91,34,57
2021-07-17 10:00:00,106,53,53
2021-07-17 11:00:00,159,84,75
2021-07-17 12:00:00,176,99,77
2021-07-17 13:00:00,198,105,93
2021-07-17 14:00:00,151,71,80
2021-07-17 15:00:00,175,64,111
2021-07-17 16:00:00,142,59,83
2021-07-17 17:00:00,118,66,52
2021-07-17 18:00:00,138,72,66
2021-07-17 19:00:00,100,43,57
2021-07-17 20:00:00,175,51,124
2021-07-17 21:00:00,49,26,23
2021-07-17 22:00:00,29,19,10
2021-07-17 23:00:00,14,3,11
2021-07-18 00:00:00,10,6,4
2021-07-18 01:00:00,8,4,4
2021-07-18 02:00:00,4,2,2
2021-07-18 03:00:00,1,1,0
2021-07-18 04:00:00,3,1,2
2021-07-18 05:00:00,3,2,1
2021-07-18 06:00:00,8,5,3
2021-07-18 07:00:00,29,21,8
2021-07-18 08:00:00,49,20,29
2021-07-18 09:00:00,77,45,32
2021-07-18 10:00:00,116,71,45
2021-07-18 11:00:00,166,80,86
2021-07-18 12:00:00,199,109,90
2021-07-18 13:00:00,176,93,83
2021-07-18 14:00:00,209,98,111
2021-07-18 15:00:00,221,135,86
2021-07-18 16:00:00,197,81,116
2021-07-18 17:00:00,121,62,59
2021-07-18 18:00:00,101,61,40
2021-07-18 19:00:00,101,38,63
2021-07-18 20:00:00,92,48,44
2021-07-18 21:00:00,60,36,24
2021-07-18 22:00:00,10,1,9
2021-07-18 23:00:00,2,1,1
2021-07-19 00:00:00,1,0,1
2021-07-19 01:00:00,3,0,3
2021-07-19 02:00:00,2,2,0
2021-07-19 03:00:00,1,1,0
2021-07-19 04:00:00,3,2,1
2021-07-19 05:00:00,15,5,10
2021-07-19 06:00:00,41,17,24
2021-07-19 07:00:00,67,43,24
2021-07-19 08:00:00,67,44,23
2021-07-19 09:00:00,68,37,31
2021-07-19 10:00:00,59,26,33
2021-07-19 11:00:00,63,39,24
2021-07-19 12:00:00,85,32,53
2021-07-19 13:00:00,66,31,35
2021-07-19 14:00:00,81,35,46
2021-07-19 15:00:00,108,61,47
2021-07-19 16:00:00,108,48,60
2021-07-19 17:00:00,134,50,84
2021-07-19 18:00:00,149,61,88
2021-07-19 19:00:00,110,48,62
2021-07-19 20:00:00,108,55,53
2021-07-19 21:00:00,75,43,32
2021-07-19 22:00:00,10,5,5
2021-07-19 23:00:00,6,3,3
2021-07-20 00:00:00,0,0,0
2021-07-20 01:00:00,2,2,0
2021-07-20 02:00:00,0,0,0
2021-07-20 03:00:00,1,0,1
2021-07-20 04:00:00,3,0,3
2021-07-20 05:00:00,17,7,10
2021-07-20 06:00:00,39,17,22
2021-07-20 07:00:00,79,46,33
2021-07-20 08:00:00,74,51,23
2021-07-20 09:00:00,67,29,38
2021-07-20 10:00:00,49,26,23
2021-07-20 11:00:00,34,19,15
2021-07-20 12:00:00,55,40,15
2021-07-20 13:00:00,50,28,22
2021-07-20 14:00:00,60,29,31
2021-07-20 15:00:00,93,51,42
2021-07-20 16:00:00,127,46,81
2021-07-20 17:00:00,164,64,100
2021-07-20 18:00:00,143,60,83
2021-07-20 19:00:00,107,41,66
2021-07-20 20:00:00,98,46,52
2021-07-20 21:00:00,33,27,6
2021-07-20 22:00:00,25,11,14
2021-07-20 23:00:00,8,6,2
2021-07-21 00:00:00,1,0,1
2021-07-21 01:00:00,0,0,0
2021-07-21 02:00:00,1,1,0
2021-07-21 03:00:00,1,0,1
2021-07-21 04:00:00,0,0,0
2021-07-21 05:00:00,14,6,8
2021-07-21 06:00:00,45,20,25
2021-07-21 07:00:00,76,36,40
2021-07-21 08:00:00,78,47,31
2021-07-21 09:00:00,68,32,36
2021-07-21 10:00:00,49,21,28
2021-07-21 11:00:00,50,28,22
2021-07-21 12:00:00,58,33,25
2021-07-21 13:00:00,71,32,39
2021-07-21 14:00:00,73,38,35
2021-07-21 15:00:00,111,59,52
2021-07-21 16:00:00,115,49,66
2021-07-21 17:00:00,173,64,109
2021-07-21 18:00:00,135,62,73
2021-07-21 19:00:00,122,50,72
2021-07-21 20:00:00,97,44,53
2021-07-21 21:00:00,40,26,14
2021-07-21 22:00:00,16,9,7
2021-07-21 23:00:00,3,2,1
2021-07-22 00:00:00,2,1,1
2021-07-22 01:00:00,0,0,0
2021-07-22 02:00:00,1,0,1
2021-07-22 03:00:00,0,0,0
2021-07-22 04:00:00,1,0,1
2021-07-22 05:00:00,19,9,10
2021-07-22 06:00:00,43,21,22
2021-07-22 07:00:00,64,38,26
2021-07-22 08:00:00,83,59,24
2021-07-22 09:00:00,76,38,38
2021-07-22 10:00:00,62,33,29
2021-07-22 11:00:00,46,22,24
2021-07-22 12:00:00,77,47,30
2021-07-22 13:00:00,116,58,58
2021-07-22 14:00:00,107,46,61
2021-07-22 15:00:00,103,61,42
2021-07-22 16:00:00,123,58,65
2021-07-22 17:00:00,180,67,113
2021-07-22 18:00:00,158,70,88
2021-07-22 19:00:00,102,44,58
2021-07-22 20:00:00,87,55,32
2021-07-22 21:00:00,47,20,27
2021-07-22 22:00:00,35,20,15
2021-07-22 23:00:00,25,12,13
2021-07-23 00:00:00,5,2,3
2021-07-23 01:00:00,0,0,0
2021-07-23 02:00:00,1,0,1
2021-07-23 03:00:00,0,0,0
2021-07-23 04:00:00,4,1,3
2021-07-23 05:00:00,9,3,6
2021-07-23 06:00:00,41,23,18
2021-07-23 07:00:00,55,28,27
2021-07-23 08:00:00,61,35,26
2021-07-23 09:00:00,80,41,39
2021-07-23 10:00:00,69,30,39
2021-07-23 11:00:00,76,43,33
2021-07-23 12:00:00,86,45,41
2021-07-23 13:00:00,119,57,62
2021-07-23 14:00:00,116,61,55
2021-07-23 15:00:00,128,55,73
2021-07-23 16:00:00,121,39,82
2021-07-23 17:00:00,144,68,76
2021-07-23 18:00:00,121,64,57
2021-07-23 19:00:00,121,52,69
2021-07-23 20:00:00,79,34,45
2021-07-23 21:00:00,47,32,15
2021-07-23 22:00:00,42,28,14
2021-07-23 23:00:00,12,4,8
2021-07-24 00:00:00,10,4,6
2021-07-24 01:00:00,45,20,25
2021-07-24 02:00:00,9,4,5
2021-07-24 03:00:00,2,1,1
2021-07-24 04:00:00,2,1,1
2021-07-24 05:00:00,3,1,2
2021-07-24 06:00:00,20,11,9
2021-07-24 07:00:00,45,31,14
2021-07-24 08:00:00,80,30,50
2021-07-24 09:00:00,84,44,40
2021-07-24 10:00:00,166,78,88
2021-07-24 11:00:00,169,92,77
2021-07-24 12:00:00,210,114,96
2021-07-24 13:00:00,195,88,107
2021-07-24 14:00:00,181,85,96
2021-07-24 15:00:00,206,83,123
2021-07-24 16:00:00,140,61,79
2021-07-24 17:00:00,155,93,62
2021-07-24 18:00:00,140,67,73
2021-07-24 19:00:00,103,44,59
2021-07-24 20:00:00,127,38,89
2021-07-24 21:00:00,51,22,29
2021-07-24 22:00:00,36,19,17
2021-07-24 23:00:00,22,6,16
2021-07-25 00:00:00,4,1,3
2021-07-25 01:00:00,7,3,4
2021-07-25 02:00:00,3,0,3
2021-07-25 03:00:00,4,1,3
2021-07-25 04:00:00,2,2,0
2021-07-25 05:00:00,3,0,3
2021-07-25 06:00:00,11,7,4
2021-07-25 07:00:00,36,16,20
2021-07-25 08:00:00,61,33,28
2021-07-25 09:00:00,135,70,65
2021-07-25 10:00:00,144,70,74
2021-07-25 11:00:00,163,72,91
2021-07-25 12:00:00,158,85,73
2021-07-25 13:00:00,160,87,73
2021-07-25 14:00:00,143,65,78
2021-07-25 15:00:00,153,63,90
2021-07-25 16:00:00,152,79,73
2021-07-25 17:00:00,160,77,83
2021-07-25 18:00:00,124,60,64
2021-07-25 19:00:00,98,43,55
2021-07-25 20:00:00,146,53,93
2021-07-25 21:00:00,57,32,25
2021-07-25 22:00:00,21,12,9
2021-07-25 23:00:00,13,6,7
2021-07-26 00:00:00,0,0,0
2021-07-26 01:00:00,0,0,0
2021-07-26 02:00:00,1,1,0
2021-07-26 03:00:00,1,0,1
2021-07-26 04:00:00,4,2,2
2021-07-26 05:00:00,11,3,8
2021-07-26 06:00:00,41,16,25
2021-07-26 07:00:00,72,42,30
2021-07-26 08:00:00,68,46,22
2021-07-26 09:00:00,67,34,33
2021-07-26 10:00:00,74,34,40
2021-07-26 11:00:00,54,34,20
2021-07-26 12:00:00,56,24,32
2021-07-26 13:00:00,92,58,34
2021-07-26 14:00:00,92,43,49
2021-07-26 15:00:00,120,61,59
2021-07-26 16:00:00,134,56,78
2021-07-26 17:00:00,153,70,83
2021-07-26 18:00:00,130,53,77
2021-07-26 19:00:00,107,58,49
2021-07-26 20:00:00,98,50,48
2021-07-26 21:00:00,22,13,9
2021-07-26 22:00:00,19,7,12
2021-07-26 23:00:00,14,6,8
2021-07-27 00:00:00,4,1,3
2021-07-27 01:00:00,1,0,1
2021-07-27 02:00:00,0,0,0
2021-07-27 03:00:00,1,0,1
2021-07-27 04:00:00,0,0,0
2021-07-27 05:00:00,14,5,9
2021-07-27 06:00:00,51,18,33
2021-07-27 07:00:00,91,48,43
2021-07-27 08:00:00,111,72,39
2021-07-27 09:00:00,62,27,35
2021-07-27 10:00:00,85,35,50
2021-07-27 11:00:00,74,50,24
2021-07-27 12:00:00,77,38,39
2021-07-27 13:00:00,92,43,49
2021-07-27 14:00:00,119,53,66
2021-07-27 15:00:00,120,67,53
2021-07-27 16:00:00,152,71,81
2021-07-27 17:00:00,188,82,106
2021-07-27 18:00:00,151,58,93
2021-07-27 19:00:00,145,62,83
2021-07-27 20:00:00,108,60,48
2021-07-27 21:00:00,45,27,18
2021-07-27 22:00:00,32,12,20
2021-07-27 23:00:00,13,2,11
2021-07-28 00:00:00,5,0,5
2021-07-28 01:00:00,1,0,1
2021-07-28 02:00:00,5,0,5
2021-07-28 03:00:00,3,1,2
2021-07-28 04:00:00,0,0,0
2021-07-28 05:00:00,32,16,16
2021-07-28 06:00:00,45,17,28
2021-07-28 07:00:00,92,52,40
2021-07-28 08:00:00,105,67,38
2021-07-28 09:00:00,79,37,42
2021-07-28 10:00:00,82,50,32
2021-07-28 11:00:00,86,52,34
2021-07-28 12:00:00,79,42,37
2021-07-28 13:00:00,97,45,52
2021-07-28 14:00:00,74,41,33
2021-07-28 15:00:00,90,38,52
2021-07-28 16:00:00,143,49,94
2021-07-28 17:00:00,161,59,102
2021-07-28 18:00:00,156,62,94
2021-07-28 19:00:00,123,55,68
2021-07-28 20:00:00,106,51,55
2021-07-28 21:00:00,41,22,19
2021-07-28 22:00:00,24,13,11
2021-07-28 23:00:00,9,5,4
2021-07-29 00:00:00,0,0,0
2021-07-29 01:00:00,0,0,0
2021-07-29 02:00:00,0,0,0
2021-07-29 03:00:00,0,0,0
2021-07-29 04:00:00,0,0,0
2021-07-29 05:00:00,0,0,0
2021-07-29 06:00:00,0,0,0
2021-07-29 07:00:00,0,0,0
2021-07-29 08:00:00,0,0,0
2021-07-29 09:00:00,0,0,0
2021-07-29 10:00:00,0,0,0
2021-07-29 11:00:00,0,0,0
2021-07-29 12:00:00,0,0,0
2021-07-29 13:00:00,0,0,0
2021-07-29 14:00:00,0,0,0
2021-07-29 15:00:00,0,0,0
2021-07-29 16:00:00,0,0,0
2021-07-29 17:00:00,0,0,0
2021-07-29 18:00:00,0,0,0
2021-07-29 19:00:00,0,0,0
2021-07-29 20:00:00,0,0,0
2021-07-29 21:00:00,0,0,0
2021-07-29 22:00:00,0,0,0
2021-07-29 23:00:00,0,0,0
2021-07-30 00:00:00,0,0,0
2021-07-30 01:00:00,0,0,0
2021-07-30 02:00:00,0,0,0
2021-07-30 03:00:00,0,0,0
2021-07-30 04:00:00,0,0,0
2021-07-30 05:00:00,0,0,0
2021-07-30 06:00:00,0,0,0
2021-07-30 07:00:00,0,0,0
2021-07-30 08:00:00,0,0,0
2021-07-30 09:00:00,0,0,0
2021-07-30 10:00:00,0,0,0
2021-07-30 11:00:00,0,0,0
2021-07-30 12:00:00,0,0,0
2021-07-30 13:00:00,0,0,0
2021-07-30 14:00:00,0,0,0
2021-07-30 15:00:00,0,0,0
2021-07-30 16:00:00,0,0,0
2021-07-30 17:00:00,0,0,0
2021-07-30 18:00:00,0,0,0
2021-07-30 19:00:00,0,0,0
2021-07-30 20:00:00,0,0,0
2021-07-30 21:00:00,0,0,0
2021-07-30 22:00:00,0,0,0
2021-07-30 23:00:00,0,0,0
2021-07-31 00:00:00,0,0,0
2021-07-31 01:00:00,0,0,0
2021-07-31 02:00:00,0,0,0
2021-07-31 03:00:00,0,0,0
2021-07-31 04:00:00,0,0,0
2021-07-31 05:00:00,0,0,0
2021-07-31 06:00:00,0,0,0
2021-07-31 07:00:00,0,0,0
2021-07-31 08:00:00,0,0,0
2021-07-31 09:00:00,0,0,0
2021-07-31 10:00:00,0,0,0
2021-07-31 11:00:00,0,0,0
2021-07-31 12:00:00,0,0,0
2021-07-31 13:00:00,0,0,0
2021-07-31 14:00:00,0,0,0
2021-07-31 15:00:00,0,0,0
2021-07-31 16:00:00,0,0,0
2021-07-31 17:00:00,0,0,0
2021-07-31 18:00:00,0,0,0
2021-07-31 19:00:00,0,0,0
2021-07-31 20:00:00,0,0,0
2021-07-31 21:00:00,0,0,0
2021-07-31 22:00:00,0,0,0
2021-07-31 23:00:00,0,0,0
2021-08-01 00:00:00,0,0,0
2021-08-01 01:00:00,0,0,0
2021-08-01 02:00:00,0,0,0
2021-08-01 03:00:00,0,0,0
2021-08-01 04:00:00,0,0,0
2021-08-01 05:00:00,0,0,0
2021-08-01 06:00:00,0,0,0
2021-08-01 07:00:00,0,0,0
2021-08-01 08:00:00,0,0,0
2021-08-01 09:00:00,0,0,0
2021-08-01 10:00:00,0,0,0
2021-08-01 11:00:00,0,0,0
2021-08-01 12:00:00,0,0,0
2021-08-01 13:00:00,0,0,0
2021-08-01 14:00:00,0,0,0
2021-08-01 15:00:00,0,0,0
2021-08-01 16:00:00,0,0,0
2021-08-01 17:00:00,0,0,0
2021-08-01 18:00:00,0,0,0
2021-08-01 19:00:00,0,0,0
2021-08-01 20:00:00,0,0,0
2021-08-01 21:00:00,0,0,0
2021-08-01 22:00:00,0,0,0
2021-08-01 23:00:00,0,0,0
2021-08-02 00:00:00,0,0,0
2021-08-02 01:00:00,0,0,0
2021-08-02 02:00:00,0,0,0
2021-08-02 03:00:00,0,0,0
2021-08-02 04:00:00,0,0,0
2021-08-02 05:00:00,0,0,0
2021-08-02 06:00:00,0,0,0
2021-08-02 07:00:00,0,0,0
2021-08-02 08:00:00,0,0,0
2021-08-02 09:00:00,0,0,0
2021-08-02 10:00:00,0,0,0
2021-08-02 11:00:00,0,0,0
2021-08-02 12:00:00,0,0,0
2021-08-02 13:00:00,0,0,0
2021-08-02 14:00:00,0,0,0
2021-08-02 15:00:00,0,0,0
2021-08-02 16:00:00,0,0,0
2021-08-02 17:00:00,0,0,0
2021-08-02 18:00:00,0,0,0
2021-08-02 19:00:00,0,0,0
2021-08-02 20:00:00,0,0,0
2021-08-02 21:00:00,0,0,0
2021-08-02 22:00:00,0,0,0
2021-08-02 23:00:00,0,0,0
2021-08-03 00:00:00,0,0,0
2021-08-03 01:00:00,0,0,0
2021-08-03 02:00:00,0,0,0
2021-08-03 03:00:00,0,0,0
2021-08-03 04:00:00,0,0,0
2021-08-03 05:00:00,0,0,0
2021-08-03 06:00:00,0,0,0
2021-08-03 07:00:00,0,0,0
2021-08-03 08:00:00,0,0,0
2021-08-03 09:00:00,0,0,0
2021-08-03 10:00:00,0,0,0
2021-08-03 11:00:00,0,0,0
2021-08-03 12:00:00,0,0,0
2021-08-03 13:00:00,0,0,0
2021-08-03 14:00:00,0,0,0
2021-08-03 15:00:00,0,0,0
2021-08-03 16:00:00,0,0,0
2021-08-03 17:00:00,0,0,0
2021-08-03 18:00:00,0,0,0
2021-08-03 19:00:00,0,0,0
2021-08-03 20:00:00,0,0,0
2021-08-03 21:00:00,0,0,0
2021-08-03 22:00:00,0,0,0
2021-08-03 23:00:00,0,0,0
2021-08-04 00:00:00,0,0,0
2021-08-04 01:00:00,0,0,0
2021-08-04 02:00:00,0,0,0
2021-08-04 03:00:00,0,0,0
2021-08-04 04:00:00,0,0,0
2021-08-04 05:00:00,0,0,0
2021-08-04 06:00:00,0,0,0
2021-08-04 07:00:00,0,0,0
2021-08-04 08:00:00,0,0,0
2021-08-04 09:00:00,0,0,0
2021-08-04 10:00:00,0,0,0
2021-08-04 11:00:00,0,0,0
2021-08-04 12:00:00,0,0,0
2021-08-04 13:00:00,0,0,0
2021-08-04 14:00:00,0,0,0
2021-08-04 15:00:00,0,0,0
2021-08-04 16:00:00,0,0,0
2021-08-04 17:00:00,0,0,0
2021-08-04 18:00:00,0,0,0
2021-08-04 19:00:00,0,0,0
2021-08-04 20:00:00,0,0,0
2021-08-04 21:00:00,0,0,0
2021-08-04 22:00:00,0,0,0
2021-08-04 23:00:00,0,0,0
2021-08-05 00:00:00,0,0,0
2021-08-05 01:00:00,0,0,0
2021-08-05 02:00:00,0,0,0
2021-08-05 03:00:00,0,0,0
2021-08-05 04:00:00,0,0,0
2021-08-05 05:00:00,0,0,0
2021-08-05 06:00:00,0,0,0
2021-08-05 07:00:00,0,0,0
2021-08-05 08:00:00,0,0,0
2021-08-05 09:00:00,0,0,0
2021-08-05 10:00:00,0,0,0
2021-08-05 11:00:00,0,0,0
2021-08-05 12:00:00,0,0,0
2021-08-05 13:00:00,0,0,0
2021-08-05 14:00:00,0,0,0
2021-08-05 15:00:00,0,0,0
2021-08-05 16:00:00,0,0,0
2021-08-05 17:00:00,0,0,0
2021-08-05 18:00:00,0,0,0
2021-08-05 19:00:00,0,0,0
2021-08-05 20:00:00,0,0,0
2021-08-05 21:00:00,0,0,0
2021-08-05 22:00:00,0,0,0
2021-08-05 23:00:00,0,0,0
2021-08-06 00:00:00,0,0,0
2021-08-06 01:00:00,0,0,0
2021-08-06 02:00:00,0,0,0
2021-08-06 03:00:00,0,0,0
2021-08-06 04:00:00,0,0,0
2021-08-06 05:00:00,0,0,0
2021-08-06 06:00:00,0,0,0
2021-08-06 07:00:00,0,0,0
2021-08-06 08:00:00,0,0,0
2021-08-06 09:00:00,0,0,0
2021-08-06 10:00:00,0,0,0
2021-08-06 11:00:00,0,0,0
2021-08-06 12:00:00,0,0,0
2021-08-06 13:00:00,0,0,0
2021-08-06 14:00:00,0,0,0
2021-08-06 15:00:00,0,0,0
2021-08-06 16:00:00,0,0,0
2021-08-06 17:00:00,0,0,0
2021-08-06 18:00:00,0,0,0
2021-08-06 19:00:00,0,0,0
2021-08-06 20:00:00,0,0,0
2021-08-06 21:00:00,0,0,0
2021-08-06 22:00:00,0,0,0
2021-08-06 23:00:00,0,0,0
2021-08-07 00:00:00,0,0,0
2021-08-07 01:00:00,0,0,0
2021-08-07 02:00:00,0,0,0
2021-08-07 03:00:00,0,0,0
2021-08-07 04:00:00,0,0,0
2021-08-07 05:00:00,0,0,0
2021-08-07 06:00:00,0,0,0
2021-08-07 07:00:00,0,0,0
2021-08-07 08:00:00,0,0,0
2021-08-07 09:00:00,0,0,0
2021-08-07 10:00:00,0,0,0
2021-08-07 11:00:00,0,0,0
2021-08-07 12:00:00,0,0,0
2021-08-07 13:00:00,0,0,0
2021-08-07 14:00:00,0,0,0
2021-08-07 15:00:00,0,0,0
2021-08-07 16:00:00,0,0,0
2021-08-07 17:00:00,0,0,0
2021-08-07 18:00:00,0,0,0
2021-08-07 19:00:00,0,0,0
2021-08-07 20:00:00,0,0,0
2021-08-07 21:00:00,0,0,0
2021-08-07 22:00:00,0,0,0
2021-08-07 23:00:00,0,0,0
2021-08-08 00:00:00,0,0,0
2021-08-08 01:00:00,0,0,0
2021-08-08 02:00:00,0,0,0
2021-08-08 03:00:00,0,0,0
2021-08-08 04:00:00,0,0,0
2021-08-08 05:00:00,0,0,0
2021-08-08 06:00:00,0,0,0
2021-08-08 07:00:00,0,0,0
2021-08-08 08:00:00,0,0,0
2021-08-08 09:00:00,0,0,0
2021-08-08 10:00:00,0,0,0
2021-08-08 11:00:00,0,0,0
2021-08-08 12:00:00,0,0,0
2021-08-08 13:00:00,0,0,0
2021-08-08 14:00:00,0,0,0
2021-08-08 15:00:00,0,0,0
2021-08-08 16:00:00,0,0,0
2021-08-08 17:00:00,0,0,0
2021-08-08 18:00:00,0,0,0
2021-08-08 19:00:00,0,0,0
2021-08-08 20:00:00,0,0,0
2021-08-08 21:00:00,0,0,0
2021-08-08 22:00:00,0,0,0
2021-08-08 23:00:00,0,0,0
2021-08-09 00:00:00,0,0,0
2021-08-09 01:00:00,0,0,0
2021-08-09 02:00:00,0,0,0
2021-08-09 03:00:00,0,0,0
2021-08-09 04:00:00,0,0,0
2021-08-09 05:00:00,0,0,0
2021-08-09 06:00:00,0,0,0
2021-08-09 07:00:00,0,0,0
2021-08-09 08:00:00,0,0,0
2021-08-09 09:00:00,0,0,0
2021-08-09 10:00:00,0,0,0
2021-08-09 11:00:00,0,0,0
2021-08-09 12:00:00,0,0,0
2021-08-09 13:00:00,0,0,0
2021-08-09 14:00:00,0,0,0
2021-08-09 15:00:00,0,0,0
2021-08-09 16:00:00,0,0,0
2021-08-09 17:00:00,0,0,0
2021-08-09 18:00:00,0,0,0
2021-08-09 19:00:00,0,0,0
2021-08-09 20:00:00,0,0,0
2021-08-09 21:00:00,0,0,0
2021-08-09 22:00:00,0,0,0
2021-08-09 23:00:00,0,0,0
2021-08-10 00:00:00,0,0,0
2021-08-10 01:00:00,0,0,0
2021-08-10 02:00:00,0,0,0
2021-08-10 03:00:00,0,0,0
2021-08-10 04:00:00,0,0,0
2021-08-10 05:00:00,0,0,0
2021-08-10 06:00:00,0,0,0
2021-08-10 07:00:00,0,0,0
2021-08-10 08:00:00,0,0,0
2021-08-10 09:00:00,0,0,0
2021-08-10 10:00:00,0,0,0
2021-08-10 11:00:00,0,0,0
2021-08-10 12:00:00,0,0,0
2021-08-10 13:00:00,0,0,0
2021-08-10 14:00:00,0,0,0
2021-08-10 15:00:00,0,0,0
2021-08-10 16:00:00,0,0,0
2021-08-10 17:00:00,0,0,0
2021-08-10 18:00:00,0,0,0
2021-08-10 19:00:00,0,0,0
2021-08-10 20:00:00,0,0,0
2021-08-10 21:00:00,0,0,0
2021-08-10 22:00:00,0,0,0
2021-08-10 23:00:00,0,0,0
2021-08-11 00:00:00,0,0,0
2021-08-11 01:00:00,0,0,0
2021-08-11 02:00:00,0,0,0
2021-08-11 03:00:00,0,0,0
2021-08-11 04:00:00,0,0,0
2021-08-11 05:00:00,0,0,0
2021-08-11 06:00:00,0,0,0
2021-08-11 07:00:00,0,0,0
2021-08-11 08:00:00,0,0,0
2021-08-11 09:00:00,0,0,0
2021-08-11 10:00:00,0,0,0
2021-08-11 11:00:00,0,0,0
2021-08-11 12:00:00,0,0,0
2021-08-11 13:00:00,0,0,0
2021-08-11 14:00:00,0,0,0
2021-08-11 15:00:00,0,0,0
2021-08-11 16:00:00,0,0,0
2021-08-11 17:00:00,0,0,0
2021-08-11 18:00:00,0,0,0
2021-08-11 19:00:00,0,0,0
2021-08-11 20:00:00,0,0,0
2021-08-11 21:00:00,0,0,0
2021-08-11 22:00:00,0,0,0
2021-08-11 23:00:00,0,0,0
2021-08-12 00:00:00,0,0,0
2021-08-12 01:00:00,0,0,0
2021-08-12 02:00:00,0,0,0
2021-08-12 03:00:00,0,0,0
2021-08-12 04:00:00,0,0,0
2021-08-12 05:00:00,0,0,0
2021-08-12 06:00:00,0,0,0
2021-08-12 07:00:00,0,0,0
2021-08-12 08:00:00,0,0,0
2021-08-12 09:00:00,0,0,0
2021-08-12 10:00:00,0,0,0
2021-08-12 11:00:00,0,0,0
2021-08-12 12:00:00,0,0,0
2021-08-12 13:00:00,0,0,0
2021-08-12 14:00:00,0,0,0
2021-08-12 15:00:00,0,0,0
2021-08-12 16:00:00,0,0,0
2021-08-12 17:00:00,0,0,0
2021-08-12 18:00:00,0,0,0
2021-08-12 19:00:00,0,0,0
2021-08-12 20:00:00,0,0,0
2021-08-12 21:00:00,0,0,0
2021-08-12 22:00:00,0,0,0
2021-08-12 23:00:00,0,0,0
2021-08-13 00:00:00,0,0,0
2021-08-13 01:00:00,0,0,0
2021-08-13 02:00:00,0,0,0
2021-08-13 03:00:00,0,0,0
2021-08-13 04:00:00,0,0,0
2021-08-13 05:00:00,0,0,0
2021-08-13 06:00:00,0,0,0
2021-08-13 07:00:00,0,0,0
2021-08-13 08:00:00,0,0,0
2021-08-13 09:00:00,0,0,0
2021-08-13 10:00:00,0,0,0
2021-08-13 11:00:00,0,0,0
2021-08-13 12:00:00,0,0,0
2021-08-13 13:00:00,0,0,0
2021-08-13 14:00:00,0,0,0
2021-08-13 15:00:00,0,0,0
2021-08-13 16:00:00,0,0,0
2021-08-13 17:00:00,0,0,0
2021-08-13 18:00:00,0,0,0
2021-08-13 19:00:00,0,0,0
2021-08-13 20:00:00,0,0,0
2021-08-13 21:00:00,0,0,0
2021-08-13 22:00:00,0,0,0
2021-08-13 23:00:00,0,0,0
2021-08-14 00:00:00,0,0,0
2021-08-14 01:00:00,0,0,0
2021-08-14 02:00:00,0,0,0
2021-08-14 03:00:00,0,0,0
2021-08-14 04:00:00,0,0,0
2021-08-14 05:00:00,0,0,0
2021-08-14 06:00:00,0,0,0
2021-08-14 07:00:00,0,0,0
2021-08-14 08:00:00,0,0,0
2021-08-14 09:00:00,0,0,0
2021-08-14 10:00:00,0,0,0
2021-08-14 11:00:00,0,0,0
2021-08-14 12:00:00,0,0,0
2021-08-14 13:00:00,0,0,0
2021-08-14 14:00:00,0,0,0
2021-08-14 15:00:00,0,0,0
2021-08-14 16:00:00,0,0,0
2021-08-14 17:00:00,0,0,0
2021-08-14 18:00:00,0,0,0
2021-08-14 19:00:00,0,0,0
2021-08-14 20:00:00,0,0,0
2021-08-14 21:00:00,0,0,0
2021-08-14 22:00:00,0,0,0
2021-08-14 23:00:00,0,0,0
2021-08-15 00:00:00,0,0,0
2021-08-15 01:00:00,0,0,0
2021-08-15 02:00:00,0,0,0
2021-08-15 03:00:00,0,0,0
2021-08-15 04:00:00,0,0,0
2021-08-15 05:00:00,0,0,0
2021-08-15 06:00:00,0,0,0
2021-08-15 07:00:00,0,0,0
2021-08-15 08:00:00,0,0,0
2021-08-15 09:00:00,0,0,0
2021-08-15 10:00:00,0,0,0
2021-08-15 11:00:00,0,0,0
2021-08-15 12:00:00,0,0,0
2021-08-15 13:00:00,0,0,0
2021-08-15 14:00:00,0,0,0
2021-08-15 15:00:00,0,0,0
2021-08-15 16:00:00,0,0,0
2021-08-15 17:00:00,0,0,0
2021-08-15 18:00:00,0,0,0
2021-08-15 19:00:00,0,0,0
2021-08-15 20:00:00,0,0,0
2021-08-15 21:00:00,0,0,0
2021-08-15 22:00:00,0,0,0
2021-08-15 23:00:00,0,0,0
2021-08-16 00:00:00,0,0,0
2021-08-16 01:00:00,0,0,0
2021-08-16 02:00:00,0,0,0
2021-08-16 03:00:00,0,0,0
2021-08-16 04:00:00,0,0,0
2021-08-16 05:00:00,0,0,0
2021-08-16 06:00:00,0,0,0
2021-08-16 07:00:00,0,0,0
2021-08-16 08:00:00,0,0,0
2021-08-16 09:00:00,0,0,0
2021-08-16 10:00:00,0,0,0
2021-08-16 11:00:00,0,0,0
2021-08-16 12:00:00,0,0,0
2021-08-16 13:00:00,0,0,0
2021-08-16 14:00:00,0,0,0
2021-08-16 15:00:00,0,0,0
2021-08-16 16:00:00,0,0,0
2021-08-16 17:00:00,0,0,0
2021-08-16 18:00:00,0,0,0
2021-08-16 19:00:00,0,0,0
2021-08-16 20:00:00,0,0,0
2021-08-16 21:00:00,0,0,0
2021-08-16 22:00:00,0,0,0
2021-08-16 23:00:00,0,0,0
2021-08-17 00:00:00,0,0,0
2021-08-17 01:00:00,0,0,0
2021-08-17 02:00:00,0,0,0
2021-08-17 03:00:00,0,0,0
2021-08-17 04:00:00,0,0,0
2021-08-17 05:00:00,0,0,0
2021-08-17 06:00:00,0,0,0
2021-08-17 07:00:00,0,0,0
2021-08-17 08:00:00,0,0,0
2021-08-17 09:00:00,0,0,0
2021-08-17 10:00:00,0,0,0
2021-08-17 11:00:00,0,0,0
2021-08-17 12:00:00,0,0,0
2021-08-17 13:00:00,0,0,0
2021-08-17 14:00:00,0,0,0
2021-08-17 15:00:00,0,0,0
2021-08-17 16:00:00,0,0,0
2021-08-17 17:00:00,0,0,0
2021-08-17 18:00:00,0,0,0
2021-08-17 19:00:00,0,0,0
2021-08-17 20:00:00,0,0,0
2021-08-17 21:00:00,0,0,0
2021-08-17 22:00:00,0,0,0
2021-08-17 23:00:00,0,0,0
2021-08-18 00:00:00,0,0,0
2021-08-18 01:00:00,0,0,0
2021-08-18 02:00:00,0,0,0
2021-08-18 03:00:00,0,0,0
2021-08-18 04:00:00,0,0,0
2021-08-18 05:00:00,0,0,0
2021-08-18 06:00:00,0,0,0
2021-08-18 07:00:00,0,0,0
2021-08-18 08:00:00,0,0,0
2021-08-18 09:00:00,0,0,0
2021-08-18 10:00:00,0,0,0
2021-08-18 11:00:00,0,0,0
2021-08-18 12:00:00,0,0,0
2021-08-18 13:00:00,0,0,0
2021-08-18 14:00:00,0,0,0
2021-08-18 15:00:00,0,0,0
2021-08-18 16:00:00,0,0,0
2021-08-18 17:00:00,0,0,0
2021-08-18 18:00:00,0,0,0
2021-08-18 19:00:00,0,0,0
2021-08-18 20:00:00,0,0,0
2021-08-18 21:00:00,0,0,0
2021-08-18 22:00:00,0,0,0
2021-08-18 23:00:00,0,0,0
2021-08-19 00:00:00,0,0,0
2021-08-19 01:00:00,0,0,0
2021-08-19 02:00:00,0,0,0
2021-08-19 03:00:00,0,0,0
2021-08-19 04:00:00,0,0,0
2021-08-19 05:00:00,0,0,0
2021-08-19 06:00:00,0,0,0
2021-08-19 07:00:00,0,0,0
2021-08-19 08:00:00,0,0,0
2021-08-19 09:00:00,0,0,0
2021-08-19 10:00:00,0,0,0
2021-08-19 11:00:00,0,0,0
2021-08-19 12:00:00,0,0,0
2021-08-19 13:00:00,0,0,0
2021-08-19 14:00:00,0,0,0
2021-08-19 15:00:00,0,0,0
2021-08-19 16:00:00,0,0,0
2021-08-19 17:00:00,0,0,0
2021-08-19 18:00:00,0,0,0
2021-08-19 19:00:00,0,0,0
2021-08-19 20:00:00,0,0,0
2021-08-19 21:00:00,0,0,0
2021-08-19 22:00:00,0,0,0
2021-08-19 23:00:00,0,0,0
2021-08-20 00:00:00,0,0,0
2021-08-20 01:00:00,0,0,0
2021-08-20 02:00:00,0,0,0
2021-08-20 03:00:00,0,0,0
2021-08-20 04:00:00,0,0,0
2021-08-20 05:00:00,0,0,0
2021-08-20 06:00:00,0,0,0
2021-08-20 07:00:00,0,0,0
2021-08-20 08:00:00,0,0,0
2021-08-20 09:00:00,0,0,0
2021-08-20 10:00:00,0,0,0
2021-08-20 11:00:00,0,0,0
2021-08-20 12:00:00,0,0,0
2021-08-20 13:00:00,0,0,0
2021-08-20 14:00:00,0,0,0
2021-08-20 15:00:00,0,0,0
2021-08-20 16:00:00,0,0,0
2021-08-20 17:00:00,0,0,0
2021-08-20 18:00:00,0,0,0
2021-08-20 19:00:00,0,0,0
2021-08-20 20:00:00,0,0,0
2021-08-20 21:00:00,0,0,0
2021-08-20 22:00:00,0,0,0
2021-08-20 23:00:00,0,0,0
2021-08-21 00:00:00,0,0,0
2021-08-21 01:00:00,0,0,0
2021-08-21 02:00:00,0,0,0
2021-08-21 03:00:00,0,0,0
2021-08-21 04:00:00,0,0,0
2021-08-21 05:00:00,0,0,0
2021-08-21 06:00:00,0,0,0
2021-08-21 07:00:00,0,0,0
2021-08-21 08:00:00,0,0,0
2021-08-21 09:00:00,0,0,0
2021-08-21 10:00:00,0,0,0
2021-08-21 11:00:00,0,0,0
2021-08-21 12:00:00,0,0,0
2021-08-21 13:00:00,0,0,0
2021-08-21 14:00:00,0,0,0
2021-08-21 15:00:00,0,0,0
2021-08-21 16:00:00,0,0,0
2021-08-21 17:00:00,0,0,0
2021-08-21 18:00:00,0,0,0
2021-08-21 19:00:00,0,0,0
2021-08-21 20:00:00,0,0,0
2021-08-21 21:00:00,0,0,0
2021-08-21 22:00:00,0,0,0
2021-08-21 23:00:00,0,0,0
2021-08-22 00:00:00,0,0,0
2021-08-22 01:00:00,0,0,0
2021-08-22 02:00:00,0,0,0
2021-08-22 03:00:00,0,0,0
2021-08-22 04:00:00,0,0,0
2021-08-22 05:00:00,0,0,0
2021-08-22 06:00:00,0,0,0
2021-08-22 07:00:00,0,0,0
2021-08-22 08:00:00,0,0,0
2021-08-22 09:00:00,0,0,0
2021-08-22 10:00:00,0,0,0
2021-08-22 11:00:00,0,0,0
2021-08-22 12:00:00,0,0,0
2021-08-22 13:00:00,0,0,0
2021-08-22 14:00:00,0,0,0
2021-08-22 15:00:00,0,0,0
2021-08-22 16:00:00,0,0,0
2021-08-22 17:00:00,0,0,0
2021-08-22 18:00:00,0,0,0
2021-08-22 19:00:00,0,0,0
2021-08-22 20:00:00,0,0,0
2021-08-22 21:00:00,0,0,0
2021-08-22 22:00:00,0,0,0
2021-08-22 23:00:00,0,0,0
2021-08-23 00:00:00,0,0,0
2021-08-23 01:00:00,0,0,0
2021-08-23 02:00:00,0,0,0
2021-08-23 03:00:00,0,0,0
2021-08-23 04:00:00,0,0,0
2021-08-23 05:00:00,0,0,0
2021-08-23 06:00:00,0,0,0
2021-08-23 07:00:00,0,0,0
2021-08-23 08:00:00,0,0,0
2021-08-23 09:00:00,0,0,0
2021-08-23 10:00:00,0,0,0
2021-08-23 11:00:00,0,0,0
2021-08-23 12:00:00,0,0,0
2021-08-23 13:00:00,0,0,0
2021-08-23 14:00:00,0,0,0
2021-08-23 15:00:00,0,0,0
2021-08-23 16:00:00,0,0,0
2021-08-23 17:00:00,0,0,0
2021-08-23 18:00:00,0,0,0
2021-08-23 19:00:00,0,0,0
2021-08-23 20:00:00,0,0,0
2021-08-23 21:00:00,0,0,0
2021-08-23 22:00:00,0,0,0
2021-08-23 23:00:00,0,0,0
2021-08-24 00:00:00,0,0,0
2021-08-24 01:00:00,0,0,0
2021-08-24 02:00:00,0,0,0
2021-08-24 03:00:00,0,0,0
2021-08-24 04:00:00,0,0,0
2021-08-24 05:00:00,0,0,0
2021-08-24 06:00:00,0,0,0
2021-08-24 07:00:00,0,0,0
2021-08-24 08:00:00,0,0,0
2021-08-24 09:00:00,0,0,0
2021-08-24 10:00:00,0,0,0
2021-08-24 11:00:00,0,0,0
2021-08-24 12:00:00,0,0,0
2021-08-24 13:00:00,0,0,0
2021-08-24 14:00:00,0,0,0
2021-08-24 15:00:00,0,0,0
2021-08-24 16:00:00,0,0,0
2021-08-24 17:00:00,0,0,0
2021-08-24 18:00:00,0,0,0
2021-08-24 19:00:00,0,0,0
2021-08-24 20:00:00,0,0,0
2021-08-24 21:00:00,0,0,0
2021-08-24 22:00:00,0,0,0
2021-08-24 23:00:00,0,0,0
2021-08-25 00:00:00,0,0,0
2021-08-25 01:00:00,0,0,0
2021-08-25 02:00:00,0,0,0
2021-08-25 03:00:00,0,0,0
2021-08-25 04:00:00,0,0,0
2021-08-25 05:00:00,0,0,0
2021-08-25 06:00:00,0,0,0
2021-08-25 07:00:00,0,0,0
2021-08-25 08:00:00,0,0,0
2021-08-25 09:00:00,0,0,0
2021-08-25 10:00:00,0,0,0
2021-08-25 11:00:00,0,0,0
2021-08-25 12:00:00,0,0,0
2021-08-25 13:00:00,0,0,0
2021-08-25 14:00:00,0,0,0
2021-08-25 15:00:00,0,0,0
2021-08-25 16:00:00,0,0,0
2021-08-25 17:00:00,0,0,0
2021-08-25 18:00:00,0,0,0
2021-08-25 19:00:00,0,0,0
2021-08-25 20:00:00,0,0,0
2021-08-25 21:00:00,0,0,0
2021-08-25 22:00:00,0,0,0
2021-08-25 23:00:00,0,0,0
2021-08-26 00:00:00,0,0,0
2021-08-26 01:00:00,0,0,0
2021-08-26 02:00:00,0,0,0
2021-08-26 03:00:00,0,0,0
2021-08-26 04:00:00,0,0,0
2021-08-26 05:00:00,0,0,0
2021-08-26 06:00:00,0,0,0
2021-08-26 07:00:00,0,0,0
2021-08-26 08:00:00,0,0,0
2021-08-26 09:00:00,0,0,0
2021-08-26 10:00:00,0,0,0
2021-08-26 11:00:00,0,0,0
2021-08-26 12:00:00,0,0,0
2021-08-26 13:00:00,0,0,0
2021-08-26 14:00:00,0,0,0
2021-08-26 15:00:00,0,0,0
2021-08-26 16:00:00,0,0,0
2021-08-26 17:00:00,0,0,0
2021-08-26 18:00:00,0,0,0
2021-08-26 19:00:00,0,0,0
2021-08-26 20:00:00,0,0,0
2021-08-26 21:00:00,0,0,0
2021-08-26 22:00:00,0,0,0
2021-08-26 23:00:00,0,0,0
2021-08-27 00:00:00,0,0,0
2021-08-27 01:00:00,0,0,0
2021-08-27 02:00:00,0,0,0
2021-08-27 03:00:00,0,0,0
2021-08-27 04:00:00,0,0,0
2021-08-27 05:00:00,0,0,0
2021-08-27 06:00:00,0,0,0
2021-08-27 07:00:00,0,0,0
2021-08-27 08:00:00,0,0,0
2021-08-27 09:00:00,0,0,0
2021-08-27 10:00:00,0,0,0
2021-08-27 11:00:00,0,0,0
2021-08-27 12:00:00,0,0,0
2021-08-27 13:00:00,0,0,0
2021-08-27 14:00:00,0,0,0
2021-08-27 15:00:00,0,0,0
2021-08-27 16:00:00,0,0,0
2021-08-27 17:00:00,0,0,0
2021-08-27 18:00:00,0,0,0
2021-08-27 19:00:00,0,0,0
2021-08-27 20:00:00,0,0,0
2021-08-27 21:00:00,0,0,0
2021-08-27 22:00:00,0,0,0
2021-08-27 23:00:00,0,0,0
2021-08-28 00:00:00,0,0,0
2021-08-28 01:00:00,0,0,0
2021-08-28 02:00:00,0,0,0
2021-08-28 03:00:00,0,0,0
2021-08-28 04:00:00,0,0,0
2021-08-28 05:00:00,0,0,0
2021-08-28 06:00:00,0,0,0
2021-08-28 07:00:00,0,0,0
2021-08-28 08:00:00,0,0,0
2021-08-28 09:00:00,0,0,0
2021-08-28 10:00:00,0,0,0
2021-08-28 11:00:00,0,0,0
2021-08-28 12:00:00,0,0,0
2021-08-28 13:00:00,0,0,0
2021-08-28 14:00:00,0,0,0
2021-08-28 15:00:00,0,0,0
2021-08-28 16:00:00,0,0,0
2021-08-28 17:00:00,0,0,0
2021-08-28 18:00:00,0,0,0
2021-08-28 19:00:00,0,0,0
2021-08-28 20:00:00,0,0,0
2021-08-28 21:00:00,0,0,0
2021-08-28 22:00:00,0,0,0
2021-08-28 23:00:00,0,0,0
2021-08-29 00:00:00,0,0,0
2021-08-29 01:00:00,0,0,0
2021-08-29 02:00:00,0,0,0
2021-08-29 03:00:00,0,0,0
2021-08-29 04:00:00,0,0,0
2021-08-29 05:00:00,0,0,0
2021-08-29 06:00:00,0,0,0
2021-08-29 07:00:00,0,0,0
2021-08-29 08:00:00,0,0,0
2021-08-29 09:00:00,0,0,0
2021-08-29 10:00:00,0,0,0
2021-08-29 11:00:00,0,0,0
2021-08-29 12:00:00,0,0,0
2021-08-29 13:00:00,0,0,0
2021-08-29 14:00:00,0,0,0
2021-08-29 15:00:00,0,0,0
2021-08-29 16:00:00,0,0,0
2021-08-29 17:00:00,0,0,0
2021-08-29 18:00:00,0,0,0
2021-08-29 19:00:00,0,0,0
2021-08-29 20:00:00,0,0,0
2021-08-29 21:00:00,0,0,0
2021-08-29 22:00:00,0,0,0
2021-08-29 23:00:00,0,0,0
2021-08-30 00:00:00,0,0,0
2021-08-30 01:00:00,0,0,0
2021-08-30 02:00:00,0,0,0
2021-08-30 03:00:00,0,0,0
2021-08-30 04:00:00,0,0,0
2021-08-30 05:00:00,0,0,0
2021-08-30 06:00:00,0,0,0
2021-08-30 07:00:00,0,0,0
2021-08-30 08:00:00,0,0,0
2021-08-30 09:00:00,0,0,0
2021-08-30 10:00:00,0,0,0
2021-08-30 11:00:00,0,0,0
2021-08-30 12:00:00,0,0,0
2021-08-30 13:00:00,0,0,0
2021-08-30 14:00:00,0,0,0
2021-08-30 15:00:00,0,0,0
2021-08-30 16:00:00,0,0,0
2021-08-30 17:00:00,0,0,0
2021-08-30 18:00:00,0,0,0
2021-08-30 19:00:00,0,0,0
2021-08-30 20:00:00,0,0,0
2021-08-30 21:00:00,0,0,0
2021-08-30 22:00:00,0,0,0
2021-08-30 23:00:00,0,0,0
2021-08-31 00:00:00,0,0,0
2021-08-31 01:00:00,0,0,0
2021-08-31 02:00:00,0,0,0
2021-08-31 03:00:00,0,0,0
2021-08-31 04:00:00,0,0,0
2021-08-31 05:00:00,0,0,0
2021-08-31 06:00:00,0,0,0
2021-08-31 07:00:00,0,0,0
2021-08-31 08:00:00,0,0,0
2021-08-31 09:00:00,0,0,0
2021-08-31 10:00:00,0,0,0
2021-08-31 11:00:00,0,0,0
2021-08-31 12:00:00,0,0,0
2021-08-31 13:00:00,0,0,0
2021-08-31 14:00:00,0,0,0
2021-08-31 15:00:00,0,0,0
2021-08-31 16:00:00,0,0,0
2021-08-31 17:00:00,0,0,0
2021-08-31 18:00:00,0,0,0
2021-08-31 19:00:00,0,0,0
2021-08-31 20:00:00,0,0,0
2021-08-31 21:00:00,0,0,0
2021-08-31 22:00:00,0,0,0
2021-08-31 23:00:00,0,0,0
2021-09-01 00:00:00,0,0,0
2021-09-01 01:00:00,0,0,0
2021-09-01 02:00:00,0,0,0
2021-09-01 03:00:00,0,0,0
2021-09-01 04:00:00,0,0,0
2021-09-01 05:00:00,0,0,0
2021-09-01 06:00:00,0,0,0
2021-09-01 07:00:00,0,0,0
2021-09-01 08:00:00,0,0,0
2021-09-01 09:00:00,0,0,0
2021-09-01 10:00:00,0,0,0
2021-09-01 11:00:00,0,0,0
2021-09-01 12:00:00,0,0,0
2021-09-01 13:00:00,0,0,0
2021-09-01 14:00:00,0,0,0
2021-09-01 15:00:00,0,0,0
2021-09-01 16:00:00,0,0,0
2021-09-01 17:00:00,0,0,0
2021-09-01 18:00:00,0,0,0
2021-09-01 19:00:00,0,0,0
2021-09-01 20:00:00,0,0,0
2021-09-01 21:00:00,0,0,0
2021-09-01 22:00:00,0,0,0
2021-09-01 23:00:00,0,0,0
2021-09-02 00:00:00,0,0,0
2021-09-02 01:00:00,0,0,0
2021-09-02 02:00:00,0,0,0
2021-09-02 03:00:00,0,0,0
2021-09-02 04:00:00,0,0,0
2021-09-02 05:00:00,0,0,0
2021-09-02 06:00:00,0,0,0
2021-09-02 07:00:00,0,0,0
2021-09-02 08:00:00,0,0,0
2021-09-02 09:00:00,0,0,0
2021-09-02 10:00:00,0,0,0
2021-09-02 11:00:00,0,0,0
2021-09-02 12:00:00,0,0,0
2021-09-02 13:00:00,0,0,0
2021-09-02 14:00:00,0,0,0
2021-09-02 15:00:00,0,0,0
2021-09-02 16:00:00,0,0,0
2021-09-02 17:00:00,0,0,0
2021-09-02 18:00:00,0,0,0
2021-09-02 19:00:00,0,0,0
2021-09-02 20:00:00,0,0,0
2021-09-02 21:00:00,0,0,0
2021-09-02 22:00:00,0,0,0
2021-09-02 23:00:00,0,0,0
2021-09-03 00:00:00,0,0,0
2021-09-03 01:00:00,0,0,0
2021-09-03 02:00:00,0,0,0
2021-09-03 03:00:00,0,0,0
2021-09-03 04:00:00,0,0,0
2021-09-03 05:00:00,0,0,0
2021-09-03 06:00:00,0,0,0
2021-09-03 07:00:00,0,0,0
2021-09-03 08:00:00,0,0,0
2021-09-03 09:00:00,0,0,0
2021-09-03 10:00:00,0,0,0
2021-09-03 11:00:00,0,0,0
2021-09-03 12:00:00,0,0,0
2021-09-03 13:00:00,0,0,0
2021-09-03 14:00:00,0,0,0
2021-09-03 15:00:00,0,0,0
2021-09-03 16:00:00,0,0,0
2021-09-03 17:00:00,0,0,0
2021-09-03 18:00:00,0,0,0
2021-09-03 19:00:00,0,0,0
2021-09-03 20:00:00,0,0,0
2021-09-03 21:00:00,0,0,0
2021-09-03 22:00:00,0,0,0
2021-09-03 23:00:00,0,0,0
2021-09-04 00:00:00,0,0,0
2021-09-04 01:00:00,0,0,0
2021-09-04 02:00:00,0,0,0
2021-09-04 03:00:00,0,0,0
2021-09-04 04:00:00,0,0,0
2021-09-04 05:00:00,0,0,0
2021-09-04 06:00:00,0,0,0
2021-09-04 07:00:00,0,0,0
2021-09-04 08:00:00,0,0,0
2021-09-04 09:00:00,0,0,0
2021-09-04 10:00:00,0,0,0
2021-09-04 11:00:00,0,0,0
2021-09-04 12:00:00,0,0,0
2021-09-04 13:00:00,0,0,0
2021-09-04 14:00:00,0,0,0
2021-09-04 15:00:00,0,0,0
2021-09-04 16:00:00,0,0,0
2021-09-04 17:00:00,0,0,0
2021-09-04 18:00:00,0,0,0
2021-09-04 19:00:00,0,0,0
2021-09-04 20:00:00,0,0,0
2021-09-04 21:00:00,0,0,0
2021-09-04 22:00:00,0,0,0
2021-09-04 23:00:00,0,0,0
2021-09-05 00:00:00,0,0,0
2021-09-05 01:00:00,0,0,0
2021-09-05 02:00:00,0,0,0
2021-09-05 03:00:00,0,0,0
2021-09-05 04:00:00,0,0,0
2021-09-05 05:00:00,0,0,0
2021-09-05 06:00:00,0,0,0
2021-09-05 07:00:00,0,0,0
2021-09-05 08:00:00,0,0,0
2021-09-05 09:00:00,0,0,0
2021-09-05 10:00:00,0,0,0
2021-09-05 11:00:00,0,0,0
2021-09-05 12:00:00,0,0,0
2021-09-05 13:00:00,0,0,0
2021-09-05 14:00:00,0,0,0
2021-09-05 15:00:00,0,0,0
2021-09-05 16:00:00,0,0,0
2021-09-05 17:00:00,0,0,0
2021-09-05 18:00:00,0,0,0
2021-09-05 19:00:00,0,0,0
2021-09-05 20:00:00,0,0,0
2021-09-05 21:00:00,0,0,0
2021-09-05 22:00:00,0,0,0
2021-09-05 23:00:00,0,0,0
2021-09-06 00:00:00,0,0,0
2021-09-06 01:00:00,0,0,0
2021-09-06 02:00:00,0,0,0
2021-09-06 03:00:00,0,0,0
2021-09-06 04:00:00,0,0,0
2021-09-06 05:00:00,0,0,0
2021-09-06 06:00:00,0,0,0
2021-09-06 07:00:00,0,0,0
2021-09-06 08:00:00,0,0,0
2021-09-06 09:00:00,0,0,0
2021-09-06 10:00:00,0,0,0
2021-09-06 11:00:00,0,0,0
2021-09-06 12:00:00,0,0,0
2021-09-06 13:00:00,0,0,0
2021-09-06 14:00:00,0,0,0
2021-09-06 15:00:00,0,0,0
2021-09-06 16:00:00,0,0,0
2021-09-06 17:00:00,0,0,0
2021-09-06 18:00:00,0,0,0
2021-09-06 19:00:00,0,0,0
2021-09-06 20:00:00,0,0,0
2021-09-06 21:00:00,0,0,0
2021-09-06 22:00:00,0,0,0
2021-09-06 23:00:00,0,0,0
2021-09-07 00:00:00,0,0,0
2021-09-07 01:00:00,0,0,0
2021-09-07 02:00:00,0,0,0
2021-09-07 03:00:00,0,0,0
2021-09-07 04:00:00,0,0,0
2021-09-07 05:00:00,0,0,0
2021-09-07 06:00:00,0,0,0
2021-09-07 07:00:00,0,0,0
2021-09-07 08:00:00,0,0,0
2021-09-07 09:00:00,0,0,0
2021-09-07 10:00:00,0,0,0
2021-09-07 11:00:00,0,0,0
2021-09-07 12:00:00,0,0,0
2021-09-07 13:00:00,0,0,0
2021-09-07 14:00:00,0,0,0
2021-09-07 15:00:00,0,0,0
2021-09-07 16:00:00,0,0,0
2021-09-07 17:00:00,0,0,0
2021-09-07 18:00:00,0,0,0
2021-09-07 19:00:00,0,0,0
2021-09-07 20:00:00,0,0,0
2021-09-07 21:00:00,0,0,0
2021-09-07 22:00:00,0,0,0
2021-09-07 23:00:00,0,0,0
2021-09-08 00:00:00,0,0,0
2021-09-08 01:00:00,0,0,0
2021-09-08 02:00:00,0,0,0
2021-09-08 03:00:00,0,0,0
2021-09-08 04:00:00,0,0,0
2021-09-08 05:00:00,0,0,0
2021-09-08 06:00:00,0,0,0
2021-09-08 07:00:00,0,0,0
2021-09-08 08:00:00,0,0,0
2021-09-08 09:00:00,0,0,0
2021-09-08 10:00:00,0,0,0
2021-09-08 11:00:00,0,0,0
2021-09-08 12:00:00,0,0,0
2021-09-08 13:00:00,0,0,0
2021-09-08 14:00:00,0,0,0
2021-09-08 15:00:00,0,0,0
2021-09-08 16:00:00,0,0,0
2021-09-08 17:00:00,0,0,0
2021-09-08 18:00:00,0,0,0
2021-09-08 19:00:00,0,0,0
2021-09-08 20:00:00,0,0,0
2021-09-08 21:00:00,0,0,0
2021-09-08 22:00:00,0,0,0
2021-09-08 23:00:00,0,0,0
2021-09-09 00:00:00,0,0,0
2021-09-09 01:00:00,0,0,0
2021-09-09 02:00:00,0,0,0
2021-09-09 03:00:00,0,0,0
2021-09-09 04:00:00,0,0,0
2021-09-09 05:00:00,0,0,0
2021-09-09 06:00:00,0,0,0
2021-09-09 07:00:00,0,0,0
2021-09-09 08:00:00,0,0,0
2021-09-09 09:00:00,0,0,0
2021-09-09 10:00:00,0,0,0
2021-09-09 11:00:00,0,0,0
2021-09-09 12:00:00,0,0,0
2021-09-09 13:00:00,0,0,0
2021-09-09 14:00:00,0,0,0
2021-09-09 15:00:00,0,0,0
2021-09-09 16:00:00,0,0,0
2021-09-09 17:00:00,0,0,0
2021-09-09 18:00:00,0,0,0
2021-09-09 19:00:00,0,0,0
2021-09-09 20:00:00,0,0,0
2021-09-09 21:00:00,0,0,0
2021-09-09 22:00:00,0,0,0
2021-09-09 23:00:00,0,0,0
2021-09-10 00:00:00,0,0,0
2021-09-10 01:00:00,0,0,0
2021-09-10 02:00:00,0,0,0
2021-09-10 03:00:00,0,0,0
2021-09-10 04:00:00,0,0,0
2021-09-10 05:00:00,0,0,0
2021-09-10 06:00:00,0,0,0
2021-09-10 07:00:00,0,0,0
2021-09-10 08:00:00,0,0,0
2021-09-10 09:00:00,0,0,0
2021-09-10 10:00:00,0,0,0
2021-09-10 11:00:00,0,0,0
2021-09-10 12:00:00,0,0,0
2021-09-10 13:00:00,0,0,0
2021-09-10 14:00:00,0,0,0
2021-09-10 15:00:00,0,0,0
2021-09-10 16:00:00,0,0,0
2021-09-10 17:00:00,0,0,0
2021-09-10 18:00:00,0,0,0
2021-09-10 19:00:00,0,0,0
2021-09-10 20:00:00,0,0,0
2021-09-10 21:00:00,0,0,0
2021-09-10 22:00:00,0,0,0
2021-09-10 23:00:00,0,0,0
2021-09-11 00:00:00,0,0,0
2021-09-11 01:00:00,0,0,0
2021-09-11 02:00:00,0,0,0
2021-09-11 03:00:00,0,0,0
2021-09-11 04:00:00,0,0,0
2021-09-11 05:00:00,0,0,0
2021-09-11 06:00:00,0,0,0
2021-09-11 07:00:00,0,0,0
2021-09-11 08:00:00,0,0,0
2021-09-11 09:00:00,0,0,0
2021-09-11 10:00:00,0,0,0
2021-09-11 11:00:00,0,0,0
2021-09-11 12:00:00,0,0,0
2021-09-11 13:00:00,0,0,0
2021-09-11 14:00:00,0,0,0
2021-09-11 15:00:00,0,0,0
2021-09-11 16:00:00,0,0,0
2021-09-11 17:00:00,0,0,0
2021-09-11 18:00:00,0,0,0
2021-09-11 19:00:00,0,0,0
2021-09-11 20:00:00,0,0,0
2021-09-11 21:00:00,0,0,0
2021-09-11 22:00:00,0,0,0
2021-09-11 23:00:00,0,0,0
2021-09-12 00:00:00,0,0,0
2021-09-12 01:00:00,0,0,0
2021-09-12 02:00:00,0,0,0
2021-09-12 03:00:00,0,0,0
2021-09-12 04:00:00,0,0,0
2021-09-12 05:00:00,0,0,0
2021-09-12 06:00:00,0,0,0
2021-09-12 07:00:00,0,0,0
2021-09-12 08:00:00,0,0,0
2021-09-12 09:00:00,0,0,0
2021-09-12 10:00:00,0,0,0
2021-09-12 11:00:00,0,0,0
2021-09-12 12:00:00,0,0,0
2021-09-12 13:00:00,0,0,0
2021-09-12 14:00:00,0,0,0
2021-09-12 15:00:00,0,0,0
2021-09-12 16:00:00,0,0,0
2021-09-12 17:00:00,0,0,0
2021-09-12 18:00:00,0,0,0
2021-09-12 19:00:00,0,0,0
2021-09-12 20:00:00,0,0,0
2021-09-12 21:00:00,0,0,0
2021-09-12 22:00:00,0,0,0
2021-09-12 23:00:00,0,0,0
2021-09-13 00:00:00,0,0,0
2021-09-13 01:00:00,0,0,0
2021-09-13 02:00:00,0,0,0
2021-09-13 03:00:00,0,0,0
2021-09-13 04:00:00,0,0,0
2021-09-13 05:00:00,0,0,0
2021-09-13 06:00:00,0,0,0
2021-09-13 07:00:00,0,0,0
2021-09-13 08:00:00,0,0,0
2021-09-13 09:00:00,0,0,0
2021-09-13 10:00:00,0,0,0
2021-09-13 11:00:00,0,0,0
2021-09-13 12:00:00,0,0,0
2021-09-13 13:00:00,0,0,0
2021-09-13 14:00:00,0,0,0
2021-09-13 15:00:00,0,0,0
2021-09-13 16:00:00,0,0,0
2021-09-13 17:00:00,0,0,0
2021-09-13 18:00:00,0,0,0
2021-09-13 19:00:00,0,0,0
2021-09-13 20:00:00,0,0,0
2021-09-13 21:00:00,0,0,0
2021-09-13 22:00:00,0,0,0
2021-09-13 23:00:00,0,0,0
2021-09-14 00:00:00,0,0,0
2021-09-14 01:00:00,0,0,0
2021-09-14 02:00:00,0,0,0
2021-09-14 03:00:00,0,0,0
2021-09-14 04:00:00,0,0,0
2021-09-14 05:00:00,0,0,0
2021-09-14 06:00:00,0,0,0
2021-09-14 07:00:00,0,0,0
2021-09-14 08:00:00,0,0,0
2021-09-14 09:00:00,0,0,0
2021-09-14 10:00:00,0,0,0
2021-09-14 11:00:00,0,0,0
2021-09-14 12:00:00,0,0,0
2021-09-14 13:00:00,0,0,0
2021-09-14 14:00:00,0,0,0
2021-09-14 15:00:00,0,0,0
2021-09-14 16:00:00,0,0,0
2021-09-14 17:00:00,0,0,0
2021-09-14 18:00:00,0,0,0
2021-09-14 19:00:00,0,0,0
2021-09-14 20:00:00,0,0,0
2021-09-14 21:00:00,0,0,0
2021-09-14 22:00:00,0,0,0
2021-09-14 23:00:00,0,0,0
2021-09-15 00:00:00,0,0,0
2021-09-15 01:00:00,0,0,0
2021-09-15 02:00:00,0,0,0
2021-09-15 03:00:00,0,0,0
2021-09-15 04:00:00,0,0,0
2021-09-15 05:00:00,0,0,0
2021-09-15 06:00:00,0,0,0
2021-09-15 07:00:00,0,0,0
2021-09-15 08:00:00,0,0,0
2021-09-15 09:00:00,0,0,0
2021-09-15 10:00:00,0,0,0
2021-09-15 11:00:00,0,0,0
2021-09-15 12:00:00,0,0,0
2021-09-15 13:00:00,0,0,0
2021-09-15 14:00:00,28,14,14
2021-09-15 15:00:00,74,28,46
2021-09-15 16:00:00,103,40,63
2021-09-15 17:00:00,191,67,124
2021-09-15 18:00:00,139,55,84
2021-09-15 19:00:00,85,48,37
2021-09-15 20:00:00,25,5,20
2021-09-15 21:00:00,9,3,6
2021-09-15 22:00:00,5,2,3
2021-09-15 23:00:00,4,1,3
2021-09-16 00:00:00,2,0,2
2021-09-16 01:00:00,2,1,1
2021-09-16 02:00:00,3,0,3
2021-09-16 03:00:00,1,1,0
2021-09-16 04:00:00,2,2,0
2021-09-16 05:00:00,14,8,6
2021-09-16 06:00:00,43,17,26
2021-09-16 07:00:00,92,47,45
2021-09-16 08:00:00,75,41,34
2021-09-16 09:00:00,54,32,22
2021-09-16 10:00:00,69,36,33
2021-09-16 11:00:00,48,24,24
2021-09-16 12:00:00,78,36,42
2021-09-16 13:00:00,74,44,30
2021-09-16 14:00:00,105,59,46
2021-09-16 15:00:00,107,51,56
2021-09-16 16:00:00,136,59,77
2021-09-16 17:00:00,178,79,99
2021-09-16 18:00:00,154,69,85
2021-09-16 19:00:00,86,35,51
2021-09-16 20:00:00,22,7,15
2021-09-16 21:00:00,23,9,14
2021-09-16 22:00:00,10,6,4
2021-09-16 23:00:00,4,4,0
2021-09-17 00:00:00,1,0,1
2021-09-17 01:00:00,2,1,1
2021-09-17 02:00:00,4,2,2
2021-09-17 03:00:00,1,1,0
2021-09-17 04:00:00,2,2,0
2021-09-17 05:00:00,6,2,4
2021-09-17 06:00:00,25,13,12
2021-09-17 07:00:00,49,24,25
2021-09-17 08:00:00,31,19,12
2021-09-17 09:00:00,18,7,11
2021-09-17 10:00:00,7,5,2
2021-09-17 11:00:00,10,6,4
2021-09-17 12:00:00,23,4,19
2021-09-17 13:00:00,20,4,16
2021-09-17 14:00:00,54,24,30
2021-09-17 15:00:00,31,18,13
2021-09-17 16:00:00,55,22,33
2021-09-17 17:00:00,36,11,25
2021-09-17 18:00:00,42,18,24
2021-09-17 19:00:00,27,17,10
2021-09-17 20:00:00,15,12,3
2021-09-17 21:00:00,15,6,9
2021-09-17 22:00:00,2,1,1
2021-09-17 23:00:00,2,2,0
2021-09-18 00:00:00,3,0,3
2021-09-18 01:00:00,0,0,0
2021-09-18 02:00:00,0,0,0
2021-09-18 03:00:00,0,0,0
2021-09-18 04:00:00,1,0,1
2021-09-18 05:00:00,1,1,0
2021-09-18 06:00:00,0,0,0
2021-09-18 07:00:00,6,4,2
2021-09-18 08:00:00,14,6,8
2021-09-18 09:00:00,32,10,22
2021-09-18 10:00:00,51,20,31
2021-09-18 11:00:00,96,51,45
2021-09-18 12:00:00,116,58,58
2021-09-18 13:00:00,108,74,34
2021-09-18 14:00:00,23,12,11
2021-09-18 15:00:00,20,5,15
2021-09-18 16:00:00,38,10,28
2021-09-18 17:00:00,21,6,15
2021-09-18 18:00:00,41,20,21
2021-09-18 19:00:00,19,6,13
2021-09-18 20:00:00,6,3,3
2021-09-18 21:00:00,19,10,9
2021-09-18 22:00:00,2,2,0
2021-09-18 23:00:00,2,0,2
2021-09-19 00:00:00,1,0,1
2021-09-19 01:00:00,0,0,0
2021-09-19 02:00:00,0,0,0
2021-09-19 03:00:00,0,0,0
2021-09-19 04:00:00,5,3,2
2021-09-19 05:00:00,0,0,0
2021-09-19 06:00:00,2,0,2
2021-09-19 07:00:00,9,8,1
2021-09-19 08:00:00,28,14,14
2021-09-19 09:00:00,27,13,14
2021-09-19 10:00:00,54,30,24
2021-09-19 11:00:00,52,30,22
2021-09-19 12:00:00,78,39,39
2021-09-19 13:00:00,86,36,50
2021-09-19 14:00:00,82,49,33
2021-09-19 15:00:00,78,33,45
2021-09-19 16:00:00,61,27,34
2021-09-19 17:00:00,60,19,41
2021-09-19 18:00:00,41,15,26
2021-09-19 19:00:00,36,22,14
2021-09-19 20:00:00,10,6,4
2021-09-19 21:00:00,11,3,8
2021-09-19 22:00:00,5,3,2
2021-09-19 23:00:00,2,0,2
2021-09-20 00:00:00,0,0,0
2021-09-20 01:00:00,2,0,2
2021-09-20 02:00:00,4,1,3
2021-09-20 03:00:00,1,1,0
2021-09-20 04:00:00,3,3,0
2021-09-20 05:00:00,9,5,4
2021-09-20 06:00:00,37,19,18
2021-09-20 07:00:00,51,28,23
2021-09-20 08:00:00,55,36,19
2021-09-20 09:00:00,51,25,26
2021-09-20 10:00:00,39,21,18
2021-09-20 11:00:00,70,36,34
2021-09-20 12:00:00,65,28,37
2021-09-20 13:00:00,79,28,51
2021-09-20 14:00:00,116,61,55
2021-09-20 15:00:00,126,58,68
2021-09-20 16:00:00,151,66,85
2021-09-20 17:00:00,166,75,91
2021-09-20 18:00:00,186,86,100
2021-09-20 19:00:00,102,57,45
2021-09-20 20:00:00,40,24,16
2021-09-20 21:00:00,12,7,5
2021-09-20 22:00:00,8,2,6
2021-09-20 23:00:00,11,4,7
2021-09-21 00:00:00,1,0,1
2021-09-21 01:00:00,5,2,3
2021-09-21 02:00:00,2,0,2
2021-09-21 03:00:00,2,1,1
2021-09-21 04:00:00,3,1,2
2021-09-21 05:00:00,12,9,3
2021-09-21 06:00:00,43,26,17
2021-09-21 07:00:00,103,57,46
2021-09-21 08:00:00,90,55,35
2021-09-21 09:00:00,56,32,24
2021-09-21 10:00:00,48,31,17
2021-09-21 11:00:00,74,42,32
2021-09-21 12:00:00,82,39,43
2021-09-21 13:00:00,83,38,45
2021-09-21 14:00:00,121,48,73
2021-09-21 15:00:00,114,71,43
2021-09-21 16:00:00,157,61,96
2021-09-21 17:00:00,233,103,130
2021-09-21 18:00:00,224,105,119
2021-09-21 19:00:00,126,63,63
2021-09-21 20:00:00,30,22,8
2021-09-21 21:00:00,11,5,6
2021-09-21 22:00:00,7,2,5
2021-09-21 23:00:00,3,2,1
2021-09-22 00:00:00,1,0,1
2021-09-22 01:00:00,3,1,2
2021-09-22 02:00:00,2,1,1
2021-09-22 03:00:00,1,0,1
2021-09-22 04:00:00,5,4,1
2021-09-22 05:00:00,23,16,7
2021-09-22 06:00:00,44,21,23
2021-09-22 07:00:00,81,41,40
2021-09-22 08:00:00,82,49,33
2021-09-22 09:00:00,51,24,27
2021-09-22 10:00:00,24,12,12
2021-09-22 11:00:00,39,20,19
2021-09-22 12:00:00,48,28,20
2021-09-22 13:00:00,51,29,22
2021-09-22 14:00:00,75,37,38
2021-09-22 15:00:00,79,34,45
2021-09-22 16:00:00,124,59,65
2021-09-22 17:00:00,116,49,67
2021-09-22 18:00:00,119,43,76
2021-09-22 19:00:00,53,29,24
2021-09-22 20:00:00,36,21,15
2021-09-22 21:00:00,14,9,5
2021-09-22 22:00:00,4,2,2
2021-09-22 23:00:00,9,4,5
2021-09-23 00:00:00,5,0,5
2021-09-23 01:00:00,2,1,1
2021-09-23 02:00:00,2,0,2
2021-09-23 03:00:00,1,0,1
2021-09-23 04:00:00,3,1,2
2021-09-23 05:00:00,9,6,3
2021-09-23 06:00:00,55,31,24
2021-09-23 07:00:00,84,53,31
2021-09-23 08:00:00,77,52,25
2021-09-23 09:00:00,61,36,25
2021-09-23 10:00:00,51,22,29
2021-09-23 11:00:00,54,36,18
2021-09-23 12:00:00,62,39,23
2021-09-23 13:00:00,63,23,40
2021-09-23 14:00:00,72,41,31
2021-09-23 15:00:00,91,41,50
2021-09-23 16:00:00,125,55,70
2021-09-23 17:00:00,198,76,122
2021-09-23 18:00:00,181,79,102
2021-09-23 19:00:00,98,49,49
2021-09-23 20:00:00,35,19,16
2021-09-23 21:00:00,10,2,8
2021-09-23 22:00:00,8,4,4
2021-09-23 23:00:00,4,2,2
2021-09-24 00:00:00,2,2,0
2021-09-24 01:00:00,0,0,0
2021-09-24 02:00:00,0,0,0
2021-09-24 03:00:00,0,0,0
2021-09-24 04:00:00,3,1,2
2021-09-24 05:00:00,7,5,2
2021-09-24 06:00:00,41,24,17
2021-09-24 07:00:00,74,38,36
2021-09-24 08:00:00,65,38,27
2021-09-24 09:00:00,40,20,20
2021-09-24 10:00:00,50,27,23
2021-09-24 11:00:00,79,38,41
2021-09-24 12:00:00,70,29,41
2021-09-24 13:00:00,76,38,38
2021-09-24 14:00:00,103,47,56
2021-09-24 15:00:00,107,63,44
2021-09-24 16:00:00,123,56,67
2021-09-24 17:00:00,183,74,109
2021-09-24 18:00:00,157,73,84
2021-09-24 19:00:00,86,46,40
2021-09-24 20:00:00,44,20,24
2021-09-24 21:00:00,42,22,20
2021-09-24 22:00:00,23,14,9
2021-09-24 23:00:00,20,10,10
2021-09-25 00:00:00,16,12,4
2021-09-25 01:00:00,12,5,7
2021-09-25 02:00:00,7,4,3
2021-09-25 03:00:00,2,1,1
2021-09-25 04:00:00,0,0,0
2021-09-25 05:00:00,0,0,0
2021-09-25 06:00:00,9,3,6
2021-09-25 07:00:00,31,21,10
2021-09-25 08:00:00,44,15,29
2021-09-25 09:00:00,100,42,58
2021-09-25 10:00:00,103,66,37
2021-09-25 11:00:00,165,62,103
2021-09-25 12:00:00,200,107,93
2021-09-25 13:00:00,179,85,94
2021-09-25 14:00:00,170,71,99
2021-09-25 15:00:00,227,95,132
2021-09-25 16:00:00,205,91,114
2021-09-25 17:00:00,182,86,96
2021-09-25 18:00:00,148,79,69
2021-09-25 19:00:00,109,60,49
2021-09-25 20:00:00,65,19,46
2021-09-25 21:00:00,29,14,15
2021-09-25 22:00:00,20,7,13
2021-09-25 23:00:00,7,2,5
2021-09-26 00:00:00,3,2,1
2021-09-26 01:00:00,8,6,2
2021-09-26 02:00:00,1,0,1
2021-09-26 03:00:00,3,3,0
2021-09-26 04:00:00,1,0,1
2021-09-26 05:00:00,0,0,0
2021-09-26 06:00:00,9,3,6
2021-09-26 07:00:00,10,4,6
2021-09-26 08:00:00,23,12,11
2021-09-26 09:00:00,65,35,30
2021-09-26 10:00:00,74,39,35
2021-09-26 11:00:00,87,35,52
2021-09-26 12:00:00,49,22,27
2021-09-26 13:00:00,44,18,26
2021-09-26 14:00:00,21,13,8
2021-09-26 15:00:00,26,10,16
2021-09-26 16:00:00,7,1,6
2021-09-26 17:00:00,5,5,0
2021-09-26 18:00:00,19,11,8
2021-09-26 19:00:00,8,6,2
2021-09-26 20:00:00,2,1,1
2021-09-26 21:00:00,0,0,0
2021-09-26 22:00:00,0,0,0
2021-09-26 23:00:00,2,0,2
2021-09-27 00:00:00,2,1,1
2021-09-27 01:00:00,0,0,0
2021-09-27 02:00:00,0,0,0
2021-09-27 03:00:00,0,0,0
2021-09-27 04:00:00,1,1,0
2021-09-27 05:00:00,6,3,3
2021-09-27 06:00:00,30,21,9
2021-09-27 07:00:00,38,23,15
2021-09-27 08:00:00,32,18,14
2021-09-27 09:00:00,31,20,11
2021-09-27 10:00:00,31,12,19
2021-09-27 11:00:00,35,13,22
2021-09-27 12:00:00,24,8,16
2021-09-27 13:00:00,23,14,9
2021-09-27 14:00:00,14,6,8
2021-09-27 15:00:00,12,5,7
2021-09-27 16:00:00,53,22,31
2021-09-27 17:00:00,77,32,45
2021-09-27 18:00:00,68,28,40
2021-09-27 19:00:00,30,17,13
2021-09-27 20:00:00,9,3,6
2021-09-27 21:00:00,15,8,7
2021-09-27 22:00:00,5,1,4
2021-09-27 23:00:00,3,3,0
2021-09-28 00:00:00,2,1,1
2021-09-28 01:00:00,1,1,0
2021-09-28 02:00:00,1,1,0
2021-09-28 03:00:00,1,0,1
2021-09-28 04:00:00,3,2,1
2021-09-28 05:00:00,9,7,2
2021-09-28 06:00:00,28,16,12
2021-09-28 07:00:00,41,26,15
2021-09-28 08:00:00,49,29,20
2021-09-28 09:00:00,54,28,26
2021-09-28 10:00:00,26,13,13
2021-09-28 11:00:00,23,12,11
2021-09-28 12:00:00,42,18,24
2021-09-28 13:00:00,43,26,17
2021-09-28 14:00:00,39,17,22
2021-09-28 15:00:00,58,25,33
2021-09-28 16:00:00,81,36,45
2021-09-28 17:00:00,114,50,64
2021-09-28 18:00:00,104,46,58
2021-09-28 19:00:00,35,21,14
2021-09-28 20:00:00,16,9,7
2021-09-28 21:00:00,13,5,8
2021-09-28 22:00:00,7,3,4
2021-09-28 23:00:00,5,2,3
2021-09-29 00:00:00,3,1,2
2021-09-29 01:00:00,0,0,0
2021-09-29 02:00:00,0,0,0
2021-09-29 03:00:00,1,1,0
2021-09-29 04:00:00,4,3,1
2021-09-29 05:00:00,8,6,2
2021-09-29 06:00:00,41,22,19
2021-09-29 07:00:00,57,33,24
2021-09-29 08:00:00,60,32,28
2021-09-29 09:00:00,31,17,14
2021-09-29 10:00:00,26,11,15
2021-09-29 11:00:00,35,22,13
2021-09-29 12:00:00,27,10,17
2021-09-29 13:00:00,30,15,15
2021-09-29 14:00:00,37,15,22
2021-09-29 15:00:00,48,21,27
2021-09-29 16:00:00,57,31,26
2021-09-29 17:00:00,75,27,48
2021-09-29 18:00:00,62,27,35
2021-09-29 19:00:00,30,18,12
2021-09-29 20:00:00,12,10,2
2021-09-29 21:00:00,4,0,4
2021-09-29 22:00:00,12,3,9
2021-09-29 23:00:00,5,2,3
2021-09-30 00:00:00,0,0,0
2021-09-30 01:00:00,0,0,0
2021-09-30 02:00:00,0,0,0
2021-09-30 03:00:00,0,0,0
2021-09-30 04:00:00,0,0,0
2021-09-30 05:00:00,0,0,0
2021-09-30 06:00:00,0,0,0
2021-09-30 07:00:00,0,0,0
2021-09-30 08:00:00,0,0,0
2021-09-30 09:00:00,0,0,0
2021-09-30 10:00:00,0,0,0
2021-09-30 11:00:00,0,0,0
2021-09-30 12:00:00,0,0,0
2021-09-30 13:00:00,0,0,0
2021-09-30 14:00:00,0,0,0
2021-09-30 15:00:00,0,0,0
2021-09-30 16:00:00,0,0,0
2021-09-30 17:00:00,0,0,0
2021-09-30 18:00:00,0,0,0
2021-09-30 19:00:00,0,0,0
2021-09-30 20:00:00,0,0,0
2021-09-30 21:00:00,0,0,0
2021-09-30 22:00:00,0,0,0
2021-09-30 23:00:00,0,0,0
2021-10-01 00:00:00,0,0,0
2021-10-01 01:00:00,0,0,0
2021-10-01 02:00:00,0,0,0
2021-10-01 03:00:00,0,0,0
2021-10-01 04:00:00,0,0,0
2021-10-01 05:00:00,0,0,0
2021-10-01 06:00:00,0,0,0
2021-10-01 07:00:00,0,0,0
2021-10-01 08:00:00,0,0,0
2021-10-01 09:00:00,0,0,0
2021-10-01 10:00:00,0,0,0
2021-10-01 11:00:00,0,0,0
2021-10-01 12:00:00,6,6,0
2021-10-01 13:00:00,93,45,48
2021-10-01 14:00:00,121,62,59
2021-10-01 15:00:00,145,75,70
2021-10-01 16:00:00,139,57,82
2021-10-01 17:00:00,169,78,91
2021-10-01 18:00:00,112,53,59
2021-10-01 19:00:00,105,51,54
2021-10-01 20:00:00,37,22,15
2021-10-01 21:00:00,12,5,7
2021-10-01 22:00:00,49,17,32
2021-10-01 23:00:00,30,3,27
2021-10-02 00:00:00,11,3,8
2021-10-02 01:00:00,10,5,5
2021-10-02 02:00:00,1,0,1
2021-10-02 03:00:00,1,1,0
2021-10-02 04:00:00,2,2,0
2021-10-02 05:00:00,0,0,0
2021-10-02 06:00:00,4,3,1
2021-10-02 07:00:00,13,3,10
2021-10-02 08:00:00,40,21,19
2021-10-02 09:00:00,85,47,38
2021-10-02 10:00:00,82,36,46
2021-10-02 11:00:00,90,43,47
2021-10-02 12:00:00,111,65,46
2021-10-02 13:00:00,116,59,57
2021-10-02 14:00:00,108,53,55
2021-10-02 15:00:00,164,86,78
2021-10-02 16:00:00,164,62,102
2021-10-02 17:00:00,118,68,50
2021-10-02 18:00:00,98,58,40
2021-10-02 19:00:00,33,13,20
2021-10-02 20:00:00,22,6,16
2021-10-02 21:00:00,36,4,32
2021-10-02 22:00:00,33,2,31
2021-10-02 23:00:00,9,0,9
2021-10-03 00:00:00,4,2,2
2021-10-03 01:00:00,2,0,2
2021-10-03 02:00:00,3,1,2
2021-10-03 03:00:00,1,0,1
2021-10-03 04:00:00,3,1,2
2021-10-03 05:00:00,3,3,0
2021-10-03 06:00:00,3,1,2
2021-10-03 07:00:00,9,2,7
2021-10-03 08:00:00,21,14,7
2021-10-03 09:00:00,36,11,25
2021-10-03 10:00:00,48,24,24
2021-10-03 11:00:00,61,37,24
2021-10-03 12:00:00,50,29,21
2021-10-03 13:00:00,75,47,28
2021-10-03 14:00:00,71,30,41
2021-10-03 15:00:00,51,22,29
2021-10-03 16:00:00,99,36,63
2021-10-03 17:00:00,78,32,46
2021-10-03 18:00:00,68,36,32
2021-10-03 19:00:00,17,8,9
2021-10-03 20:00:00,13,6,7
2021-10-03 21:00:00,21,4,17
2021-10-03 22:00:00,8,2,6
2021-10-03 23:00:00,4,2,2
2021-10-04 00:00:00,2,1,1
2021-10-04 01:00:00,1,1,0
2021-10-04 02:00:00,0,0,0
2021-10-04 03:00:00,0,0,0
2021-10-04 04:00:00,3,2,1
2021-10-04 05:00:00,11,3,8
2021-10-04 06:00:00,38,23,15
2021-10-04 07:00:00,55,32,23
2021-10-04 08:00:00,74,50,24
2021-10-04 09:00:00,43,25,18
2021-10-04 10:00:00,28,12,16
2021-10-04 11:00:00,54,28,26
2021-10-04 12:00:00,56,32,24
2021-10-04 13:00:00,54,28,26
2021-10-04 14:00:00,76,41,35
2021-10-04 15:00:00,104,52,52
2021-10-04 16:00:00,120,49,71
2021-10-04 17:00:00,160,63,97
2021-10-04 18:00:00,151,73,78
2021-10-04 19:00:00,36,25,11
2021-10-04 20:00:00,13,7,6
2021-10-04 21:00:00,6,3,3
2021-10-04 22:00:00,7,3,4
2021-10-04 23:00:00,4,3,1
2021-10-05 00:00:00,2,1,1
2021-10-05 01:00:00,0,0,0
2021-10-05 02:00:00,2,1,1
2021-10-05 03:00:00,0,0,0
2021-10-05 04:00:00,2,1,1
2021-10-05 05:00:00,9,6,3
2021-10-05 06:00:00,33,17,16
2021-10-05 07:00:00,30,14,16
2021-10-05 08:00:00,34,22,12
2021-10-05 09:00:00,22,16,6
2021-10-05 10:00:00,10,7,3
2021-10-05 11:00:00,7,3,4
2021-10-05 12:00:00,17,8,9
2021-10-05 13:00:00,18,9,9
2021-10-05 14:00:00,38,19,19
2021-10-05 15:00:00,31,15,16
2021-10-05 16:00:00,43,14,29
2021-10-05 17:00:00,82,33,49
2021-10-05 18:00:00,57,22,35
2021-10-05 19:00:00,13,6,7
2021-10-05 20:00:00,7,4,3
2021-10-05 21:00:00,6,3,3
2021-10-05 22:00:00,8,2,6
2021-10-05 23:00:00,7,3,4
2021-10-06 00:00:00,0,0,0
2021-10-06 01:00:00,2,1,1
2021-10-06 02:00:00,0,0,0
2021-10-06 03:00:00,0,0,0
2021-10-06 04:00:00,1,1,0
2021-10-06 05:00:00,11,7,4
2021-10-06 06:00:00,29,16,13
2021-10-06 07:00:00,49,27,22
2021-10-06 08:00:00,74,50,24
2021-10-06 09:00:00,46,28,18
2021-10-06 10:00:00,25,12,13
2021-10-06 11:00:00,27,12,15
2021-10-06 12:00:00,29,11,18
2021-10-06 13:00:00,41,19,22
2021-10-06 14:00:00,57,28,29
2021-10-06 15:00:00,60,33,27
2021-10-06 16:00:00,126,54,72
2021-10-06 17:00:00,149,53,96
2021-10-06 18:00:00,135,71,64
2021-10-06 19:00:00,32,14,18
2021-10-06 20:00:00,13,4,9
2021-10-06 21:00:00,8,4,4
2021-10-06 22:00:00,3,2,1
2021-10-06 23:00:00,1,1,0
2021-10-07 00:00:00,3,0,3
2021-10-07 01:00:00,3,2,1
2021-10-07 02:00:00,0,0,0
2021-10-07 03:00:00,0,0,0
2021-10-07 04:00:00,2,2,0
2021-10-07 05:00:00,9,5,4
2021-10-07 06:00:00,30,19,11
2021-10-07 07:00:00,58,26,32
2021-10-07 08:00:00,78,49,29
2021-10-07 09:00:00,52,26,26
2021-10-07 10:00:00,41,23,18
2021-10-07 11:00:00,34,18,16
2021-10-07 12:00:00,43,25,18
2021-10-07 13:00:00,40,22,18
2021-10-07 14:00:00,79,44,35
2021-10-07 15:00:00,89,52,37
2021-10-07 16:00:00,150,86,64
2021-10-07 17:00:00,152,59,93
2021-10-07 18:00:00,114,62,52
2021-10-07 19:00:00,36,16,20
2021-10-07 20:00:00,49,12,37
2021-10-07 21:00:00,29,1,28
2021-10-07 22:00:00,5,1,4
2021-10-07 23:00:00,4,1,3
2021-10-08 00:00:00,2,0,2
2021-10-08 01:00:00,0,0,0
2021-10-08 02:00:00,0,0,0
2021-10-08 03:00:00,1,0,1
2021-10-08 04:00:00,2,1,1
2021-10-08 05:00:00,10,5,5
2021-10-08 06:00:00,31,14,17
2021-10-08 07:00:00,36,20,16
2021-10-08 08:00:00,49,31,18
2021-10-08 09:00:00,33,16,17
2021-10-08 10:00:00,32,17,15
2021-10-08 11:00:00,47,26,21
2021-10-08 12:00:00,54,18,36
2021-10-08 13:00:00,67,34,33
2021-10-08 14:00:00,82,38,44
2021-10-08 15:00:00,90,36,54
2021-10-08 16:00:00,148,74,74
2021-10-08 17:00:00,152,60,92
2021-10-08 18:00:00,134,73,61
2021-10-08 19:00:00,42,27,15
2021-10-08 20:00:00,13,3,10
2021-10-08 21:00:00,6,2,4
2021-10-08 22:00:00,9,5,4
2021-10-08 23:00:00,5,1,4
2021-10-09 00:00:00,0,0,0
2021-10-09 01:00:00,7,0,7
2021-10-09 02:00:00,0,0,0
2021-10-09 03:00:00,1,0,1
2021-10-09 04:00:00,2,1,1
2021-10-09 05:00:00,0,0,0
2021-10-09 06:00:00,2,0,2
2021-10-09 07:00:00,7,5,2
2021-10-09 08:00:00,40,16,24
2021-10-09 09:00:00,63,31,32
2021-10-09 10:00:00,57,30,27
2021-10-09 11:00:00,98,43,55
2021-10-09 12:00:00,80,35,45
2021-10-09 13:00:00,106,55,51
2021-10-09 14:00:00,87,39,48
2021-10-09 15:00:00,93,50,43
2021-10-09 16:00:00,58,21,37
2021-10-09 17:00:00,29,19,10
2021-10-09 18:00:00,28,18,10
2021-10-09 19:00:00,6,1,5
2021-10-09 20:00:00,22,7,15
2021-10-09 21:00:00,2,1,1
2021-10-09 22:00:00,5,0,5
2021-10-09 23:00:00,5,2,3
2021-10-10 00:00:00,0,0,0
2021-10-10 01:00:00,0,0,0
2021-10-10 02:00:00,4,0,4
2021-10-10 03:00:00,0,0,0
2021-10-10 04:00:00,1,1,0
2021-10-10 05:00:00,0,0,0
2021-10-10 06:00:00,0,0,0
2021-10-10 07:00:00,6,2,4
2021-10-10 08:00:00,13,6,7
2021-10-10 09:00:00,29,8,21
2021-10-10 10:00:00,35,10,25
2021-10-10 11:00:00,54,28,26
2021-10-10 12:00:00,56,36,20
2021-10-10 13:00:00,59,24,35
2021-10-10 14:00:00,60,23,37
2021-10-10 15:00:00,83,38,45
2021-10-10 16:00:00,62,31,31
2021-10-10 17:00:00,50,27,23
2021-10-10 18:00:00,26,12,14
2021-10-10 19:00:00,9,6,3
2021-10-10 20:00:00,8,2,6
2021-10-10 21:00:00,4,1,3
2021-10-10 22:00:00,3,1,2
2021-10-10 23:00:00,3,0,3
2021-10-11 00:00:00,0,0,0
2021-10-11 01:00:00,0,0,0
2021-10-11 02:00:00,1,0,1
2021-10-11 03:00:00,0,0,0
2021-10-11 04:00:00,2,1,1
2021-10-11 05:00:00,8,4,4
2021-10-11 06:00:00,27,17,10
2021-10-11 07:00:00,49,34,15
2021-10-11 08:00:00,44,24,20
2021-10-11 09:00:00,43,28,15
2021-10-11 10:00:00,29,13,16
2021-10-11 11:00:00,51,28,23
2021-10-11 12:00:00,40,16,24
2021-10-11 13:00:00,42,20,22
2021-10-11 14:00:00,60,37,23
2021-10-11 15:00:00,80,32,48
2021-10-11 16:00:00,105,56,49
2021-10-11 17:00:00,141,59,82
2021-10-11 18:00:00,104,44,60
2021-10-11 19:00:00,29,14,15
2021-10-11 20:00:00,7,4,3
2021-10-11 21:00:00,4,3,1
2021-10-11 22:00:00,4,2,2
2021-10-11 23:00:00,4,3,1
2021-10-12 00:00:00,0,0,0
2021-10-12 01:00:00,0,0,0
2021-10-12 02:00:00,2,1,1
2021-10-12 03:00:00,0,0,0
2021-10-12 04:00:00,0,0,0
2021-10-12 05:00:00,9,8,1
2021-10-12 06:00:00,32,18,14
2021-10-12 07:00:00,60,31,29
2021-10-12 08:00:00,57,38,19
2021-10-12 09:00:00,52,32,20
2021-10-12 10:00:00,24,10,14
2021-10-12 11:00:00,25,11,14
2021-10-12 12:00:00,31,18,13
2021-10-12 13:00:00,29,15,14
2021-10-12 14:00:00,29,18,11
2021-10-12 15:00:00,46,22,24
2021-10-12 16:00:00,68,17,51
2021-10-12 17:00:00,84,25,59
2021-10-12 18:00:00,29,12,17
2021-10-12 19:00:00,17,9,8
2021-10-12 20:00:00,3,2,1
2021-10-12 21:00:00,3,1,2
2021-10-12 22:00:00,5,2,3
2021-10-12 23:00:00,6,3,3
2021-10-13 00:00:00,1,1,0
2021-10-13 01:00:00,3,1,2
2021-10-13 02:00:00,0,0,0
2021-10-13 03:00:00,0,0,0
2021-10-13 04:00:00,0,0,0
2021-10-13 05:00:00,8,6,2
2021-10-13 06:00:00,27,12,15
2021-10-13 07:00:00,59,37,22
2021-10-13 08:00:00,58,42,16
2021-10-13 09:00:00,41,24,17
2021-10-13 10:00:00,28,14,14
2021-10-13 11:00:00,25,15,10
2021-10-13 12:00:00,37,19,18
2021-10-13 13:00:00,33,15,18
2021-10-13 14:00:00,60,31,29
2021-10-13 15:00:00,40,20,20
2021-10-13 16:00:00,69,29,40
2021-10-13 17:00:00,116,50,66
2021-10-13 18:00:00,83,37,46
2021-10-13 19:00:00,18,11,7
2021-10-13 20:00:00,15,4,11
2021-10-13 21:00:00,6,2,4
2021-10-13 22:00:00,5,1,4
2021-10-13 23:00:00,2,2,0
2021-10-14 00:00:00,0,0,0
2021-10-14 01:00:00,0,0,0
2021-10-14 02:00:00,0,0,0
2021-10-14 03:00:00,0,0,0
2021-10-14 04:00:00,0,0,0
2021-10-14 05:00:00,8,7,1
2021-10-14 06:00:00,32,21,11
2021-10-14 07:00:00,57,37,20
2021-10-14 08:00:00,41,27,14
2021-10-14 09:00:00,59,31,28
2021-10-14 10:00:00,27,14,13
2021-10-14 11:00:00,23,9,14
2021-10-14 12:00:00,51,31,20
2021-10-14 13:00:00,31,11,20
2021-10-14 14:00:00,70,38,32
2021-10-14 15:00:00,48,21,27
2021-10-14 16:00:00,76,35,41
2021-10-14 17:00:00,108,40,68
2021-10-14 18:00:00,75,35,40
2021-10-14 19:00:00,21,12,9
2021-10-14 20:00:00,13,6,7
2021-10-14 21:00:00,7,2,5
2021-10-14 22:00:00,5,1,4
2021-10-14 23:00:00,10,4,6
2021-10-15 00:00:00,1,0,1
2021-10-15 01:00:00,0,0,0
2021-10-15 02:00:00,1,0,1
2021-10-15 03:00:00,0,0,0
2021-10-15 04:00:00,0,0,0
2021-10-15 05:00:00,10,7,3
2021-10-15 06:00:00,24,12,12
2021-10-15 07:00:00,39,22,17
2021-10-15 08:00:00,34,21,13
2021-10-15 09:00:00,40,17,23
2021-10-15 10:00:00,29,13,16
2021-10-15 11:00:00,35,23,12
2021-10-15 12:00:00,57,33,24
2021-10-15 13:00:00,27,14,13
2021-10-15 14:00:00,41,13,28
2021-10-15 15:00:00,70,31,39
2021-10-15 16:00:00,64,31,33
2021-10-15 17:00:00,97,34,63
2021-10-15 18:00:00,58,33,25
2021-10-15 19:00:00,16,4,12
2021-10-15 20:00:00,6,4,2
2021-10-15 21:00:00,9,4,5
2021-10-15 22:00:00,3,2,1
2021-10-15 23:00:00,4,3,1
2021-10-16 00:00:00,4,2,2
2021-10-16 01:00:00,3,1,2
2021-10-16 02:00:00,3,2,1
2021-10-16 03:00:00,0,0,0
2021-10-16 04:00:00,3,3,0
2021-10-16 05:00:00,1,0,1
2021-10-16 06:00:00,6,4,2
2021-10-16 07:00:00,14,5,9
2021-10-16 08:00:00,19,11,8
2021-10-16 09:00:00,43,19,24
2021-10-16 10:00:00,51,27,24
2021-10-16 11:00:00,84,40,44
2021-10-16 12:00:00,122,44,78
2021-10-16 13:00:00,118,53,65
2021-10-16 14:00:00,128,66,62
2021-10-16 15:00:00,167,71,96
2021-10-16 16:00:00,168,87,81
2021-10-16 17:00:00,139,74,65
2021-10-16 18:00:00,91,46,45
2021-10-16 19:00:00,29,15,14
2021-10-16 20:00:00,50,9,41
2021-10-16 21:00:00,24,14,10
2021-10-16 22:00:00,11,5,6
2021-10-16 23:00:00,6,2,4
2021-10-17 00:00:00,11,3,8
2021-10-17 01:00:00,3,1,2
2021-10-17 02:00:00,3,3,0
2021-10-17 03:00:00,0,0,0
2021-10-17 04:00:00,0,0,0
2021-10-17 05:00:00,2,1,1
2021-10-17 06:00:00,3,2,1
2021-10-17 07:00:00,6,3,3
2021-10-17 08:00:00,8,5,3
2021-10-17 09:00:00,51,14,37
2021-10-17 10:00:00,70,42,28
2021-10-17 11:00:00,73,44,29
2021-10-17 12:00:00,69,40,29
2021-10-17 13:00:00,67,33,34
2021-10-17 14:00:00,106,47,59
2021-10-17 15:00:00,122,48,74
2021-10-17 16:00:00,52,20,32
2021-10-17 17:00:00,59,27,32
2021-10-17 18:00:00,32,17,15
2021-10-17 19:00:00,6,2,4
2021-10-17 20:00:00,5,1,4
2021-10-17 21:00:00,3,2,1
2021-10-17 22:00:00,1,1,0
2021-10-17 23:00:00,3,1,2
2021-10-18 00:00:00,2,2,0
2021-10-18 01:00:00,0,0,0
2021-10-18 02:00:00,1,0,1
2021-10-18 03:00:00,2,0,2
2021-10-18 04:00:00,0,0,0
2021-10-18 05:00:00,10,4,6
2021-10-18 06:00:00,26,19,7
2021-10-18 07:00:00,43,22,21
2021-10-18 08:00:00,49,32,17
2021-10-18 09:00:00,41,24,17
2021-10-18 10:00:00,36,17,19
2021-10-18 11:00:00,31,11,20
2021-10-18 12:00:00,54,29,25
2021-10-18 13:00:00,46,23,23
2021-10-18 14:00:00,52,30,22
2021-10-18 15:00:00,82,39,43
2021-10-18 16:00:00,112,46,66
2021-10-18 17:00:00,153,60,93
2021-10-18 18:00:00,81,47,34
2021-10-18 19:00:00,28,14,14
2021-10-18 20:00:00,12,6,6
2021-10-18 21:00:00,4,2,2
2021-10-18 22:00:00,7,2,5
2021-10-18 23:00:00,5,3,2
2021-10-19 00:00:00,0,0,0
2021-10-19 01:00:00,0,0,0
2021-10-19 02:00:00,2,1,1
2021-10-19 03:00:00,0,0,0
2021-10-19 04:00:00,1,1,0
2021-10-19 05:00:00,14,7,7
2021-10-19 06:00:00,33,16,17
2021-10-19 07:00:00,69,36,33
2021-10-19 08:00:00,78,57,21
2021-10-19 09:00:00,51,26,25
2021-10-19 10:00:00,36,16,20
2021-10-19 11:00:00,42,20,22
2021-10-19 12:00:00,72,35,37
2021-10-19 13:00:00,59,22,37
2021-10-19 14:00:00,64,35,29
2021-10-19 15:00:00,82,37,45
2021-10-19 16:00:00,132,63,69
2021-10-19 17:00:00,176,62,114
2021-10-19 18:00:00,110,53,57
2021-10-19 19:00:00,16,5,11
2021-10-19 20:00:00,10,6,4
2021-10-19 21:00:00,7,2,5
2021-10-19 22:00:00,11,5,6
2021-10-19 23:00:00,4,2,2
2021-10-20 00:00:00,2,2,0
2021-10-20 01:00:00,0,0,0
2021-10-20 02:00:00,3,2,1
2021-10-20 03:00:00,0,0,0
2021-10-20 04:00:00,3,2,1
2021-10-20 05:00:00,12,6,6
2021-10-20 06:00:00,19,13,6
2021-10-20 07:00:00,34,19,15
2021-10-20 08:00:00,38,21,17
2021-10-20 09:00:00,27,20,7
2021-10-20 10:00:00,9,4,5
2021-10-20 11:00:00,10,6,4
2021-10-20 12:00:00,25,12,13
2021-10-20 13:00:00,15,7,8
2021-10-20 14:00:00,45,16,29
2021-10-20 15:00:00,63,30,33
2021-10-20 16:00:00,60,26,34
2021-10-20 17:00:00,70,26,44
2021-10-20 18:00:00,48,15,33
2021-10-20 19:00:00,17,2,15
2021-10-20 20:00:00,5,2,3
2021-10-20 21:00:00,15,8,7
2021-10-20 22:00:00,10,6,4
2021-10-20 23:00:00,8,6,2
2021-10-21 00:00:00,1,0,1
2021-10-21 01:00:00,0,0,0
2021-10-21 02:00:00,1,0,1
2021-10-21 03:00:00,0,0,0
2021-10-21 04:00:00,2,2,0
2021-10-21 05:00:00,9,6,3
2021-10-21 06:00:00,29,20,9
2021-10-21 07:00:00,63,33,30
2021-10-21 08:00:00,66,43,23
2021-10-21 09:00:00,43,25,18
2021-10-21 10:00:00,46,21,25
2021-10-21 11:00:00,31,15,16
2021-10-21 12:00:00,54,24,30
2021-10-21 13:00:00,49,17,32
2021-10-21 14:00:00,60,32,28
2021-10-21 15:00:00,67,33,34
2021-10-21 16:00:00,73,22,51
2021-10-21 17:00:00,84,35,49
2021-10-21 18:00:00,44,18,26
2021-10-21 19:00:00,14,3,11
2021-10-21 20:00:00,7,3,4
2021-10-21 21:00:00,1,1,0
2021-10-21 22:00:00,4,2,2
2021-10-21 23:00:00,1,0,1
2021-10-22 00:00:00,1,1,0
2021-10-22 01:00:00,0,0,0
2021-10-22 02:00:00,0,0,0
2021-10-22 03:00:00,0,0,0
2021-10-22 04:00:00,0,0,0
2021-10-22 05:00:00,10,6,4
2021-10-22 06:00:00,26,19,7
2021-10-22 07:00:00,29,16,13
2021-10-22 08:00:00,43,23,20
2021-10-22 09:00:00,24,13,11
2021-10-22 10:00:00,27,16,11
2021-10-22 11:00:00,31,16,15
2021-10-22 12:00:00,33,14,19
2021-10-22 13:00:00,32,15,17
2021-10-22 14:00:00,37,19,18
2021-10-22 15:00:00,47,31,16
2021-10-22 16:00:00,50,21,29
2021-10-22 17:00:00,82,29,53
2021-10-22 18:00:00,51,24,27
2021-10-22 19:00:00,17,2,15
2021-10-22 20:00:00,7,5,2
2021-10-22 21:00:00,16,9,7
2021-10-22 22:00:00,11,6,5
2021-10-22 23:00:00,9,3,6
2021-10-23 00:00:00,2,0,2
2021-10-23 01:00:00,2,1,1
2021-10-23 02:00:00,3,1,2
2021-10-23 03:00:00,0,0,0
2021-10-23 04:00:00,2,0,2
2021-10-23 05:00:00,0,0,0
2021-10-23 06:00:00,0,0,0
2021-10-23 07:00:00,5,1,4
2021-10-23 08:00:00,20,6,14
2021-10-23 09:00:00,25,6,19
2021-10-23 10:00:00,43,26,17
2021-10-23 11:00:00,46,30,16
2021-10-23 12:00:00,51,25,26
2021-10-23 13:00:00,19,10,9
2021-10-23 14:00:00,38,15,23
2021-10-23 15:00:00,71,29,42
2021-10-23 16:00:00,78,43,35
2021-10-23 17:00:00,57,22,35
2021-10-23 18:00:00,39,23,16
2021-10-23 19:00:00,8,4,4
2021-10-23 20:00:00,21,4,17
2021-10-23 21:00:00,17,6,11
2021-10-23 22:00:00,8,5,3
2021-10-23 23:00:00,5,1,4
2021-10-24 00:00:00,0,0,0
2021-10-24 01:00:00,1,1,0
2021-10-24 02:00:00,2,0,2
2021-10-24 03:00:00,0,0,0
2021-10-24 04:00:00,1,0,1
2021-10-24 05:00:00,2,2,0
2021-10-24 06:00:00,5,2,3
2021-10-24 07:00:00,10,5,5
2021-10-24 08:00:00,9,3,6
2021-10-24 09:00:00,19,5,14
2021-10-24 10:00:00,13,8,5
2021-10-24 11:00:00,11,4,7
2021-10-24 12:00:00,23,14,9
2021-10-24 13:00:00,22,10,12
2021-10-24 14:00:00,5,2,3
2021-10-24 15:00:00,2,1,1
2021-10-24 16:00:00,35,8,27
2021-10-24 17:00:00,51,22,29
2021-10-24 18:00:00,32,13,19
2021-10-24 19:00:00,10,4,6
2021-10-24 20:00:00,10,7,3
2021-10-24 21:00:00,8,1,7
2021-10-24 22:00:00,7,4,3
2021-10-24 23:00:00,7,4,3
2021-10-25 00:00:00,4,2,2
2021-10-25 01:00:00,1,0,1
2021-10-25 02:00:00,1,1,0
2021-10-25 03:00:00,1,1,0
2021-10-25 04:00:00,0,0,0
2021-10-25 05:00:00,8,6,2
2021-10-25 06:00:00,33,19,14
2021-10-25 07:00:00,31,18,13
2021-10-25 08:00:00,27,12,15
2021-10-25 09:00:00,28,9,19
2021-10-25 10:00:00,12,5,7
2021-10-25 11:00:00,21,12,9
2021-10-25 12:00:00,27,16,11
2021-10-25 13:00:00,26,13,13
2021-10-25 14:00:00,15,8,7
2021-10-25 15:00:00,28,14,14
2021-10-25 16:00:00,48,19,29
2021-10-25 17:00:00,36,13,23
2021-10-25 18:00:00,14,6,8
2021-10-25 19:00:00,14,7,7
2021-10-25 20:00:00,15,2,13
2021-10-25 21:00:00,8,1,7
2021-10-25 22:00:00,7,2,5
2021-10-25 23:00:00,2,1,1
2021-10-26 00:00:00,2,0,2
2021-10-26 01:00:00,0,0,0
2021-10-26 02:00:00,0,0,0
2021-10-26 03:00:00,0,0,0
2021-10-26 04:00:00,1,1,0
2021-10-26 05:00:00,6,4,2
2021-10-26 06:00:00,38,24,14
2021-10-26 07:00:00,32,14,18
2021-10-26 08:00:00,48,34,14
2021-10-26 09:00:00,23,16,7
2021-10-26 10:00:00,21,6,15
2021-10-26 11:00:00,34,16,18
2021-10-26 12:00:00,14,7,7
2021-10-26 13:00:00,14,6,8
2021-10-26 14:00:00,22,7,15
2021-10-26 15:00:00,32,16,16
2021-10-26 16:00:00,56,30,26
2021-10-26 17:00:00,91,29,62
2021-10-26 18:00:00,41,13,28
2021-10-26 19:00:00,16,7,9
2021-10-26 20:00:00,6,3,3
2021-10-26 21:00:00,4,4,0
2021-10-26 22:00:00,7,4,3
2021-10-26 23:00:00,2,2,0
2021-10-27 00:00:00,1,1,0
2021-10-27 01:00:00,1,0,1
2021-10-27 02:00:00,1,1,0
2021-10-27 03:00:00,0,0,0
2021-10-27 04:00:00,1,0,1
2021-10-27 05:00:00,13,6,7
2021-10-27 06:00:00,24,14,10
2021-10-27 07:00:00,52,26,26
2021-10-27 08:00:00,62,40,22
2021-10-27 09:00:00,43,22,21
2021-10-27 10:00:00,38,18,20
2021-10-27 11:00:00,25,12,13
2021-10-27 12:00:00,41,12,29
2021-10-27 13:00:00,37,18,19
2021-10-27 14:00:00,43,19,24
2021-10-27 15:00:00,45,27,18
2021-10-27 16:00:00,62,26,36
2021-10-27 17:00:00,76,26,50
2021-10-27 18:00:00,39,13,26
2021-10-27 19:00:00,22,5,17
2021-10-27 20:00:00,13,6,7
2021-10-27 21:00:00,2,1,1
2021-10-27 22:00:00,4,3,1
2021-10-27 23:00:00,2,2,0
2021-10-28 00:00:00,0,0,0
2021-10-28 01:00:00,0,0,0
2021-10-28 02:00:00,1,0,1
2021-10-28 03:00:00,0,0,0
2021-10-28 04:00:00,3,0,3
2021-10-28 05:00:00,6,5,1
2021-10-28 06:00:00,18,11,7
2021-10-28 07:00:00,26,14,12
2021-10-28 08:00:00,33,18,15
2021-10-28 09:00:00,22,8,14
2021-10-28 10:00:00,8,2,6
2021-10-28 11:00:00,4,1,3
2021-10-28 12:00:00,7,3,4
2021-10-28 13:00:00,8,7,1
2021-10-28 14:00:00,17,7,10
2021-10-28 15:00:00,6,2,4
2021-10-28 16:00:00,27,11,16
2021-10-28 17:00:00,48,19,29
2021-10-28 18:00:00,19,5,14
2021-10-28 19:00:00,7,0,7
2021-10-28 20:00:00,8,4,4
2021-10-28 21:00:00,1,0,1
2021-10-28 22:00:00,4,3,1
2021-10-28 23:00:00,1,0,1
2021-10-29 00:00:00,0,0,0
2021-10-29 01:00:00,0,0,0
2021-10-29 02:00:00,0,0,0
2021-10-29 03:00:00,0,0,0
2021-10-29 04:00:00,0,0,0
2021-10-29 05:00:00,6,4,2
2021-10-29 06:00:00,14,10,4
2021-10-29 07:00:00,24,13,11
2021-10-29 08:00:00,25,16,9
2021-10-29 09:00:00,24,18,6
2021-10-29 10:00:00,27,17,10
2021-10-29 11:00:00,24,10,14
2021-10-29 12:00:00,40,24,16
2021-10-29 13:00:00,33,16,17
2021-10-29 14:00:00,45,22,23
2021-10-29 15:00:00,39,18,21
2021-10-29 16:00:00,64,24,40
2021-10-29 17:00:00,90,45,45
2021-10-29 18:00:00,41,20,21
2021-10-29 19:00:00,16,6,10
2021-10-29 20:00:00,3,1,2
2021-10-29 21:00:00,8,2,6
2021-10-29 22:00:00,7,6,1
2021-10-29 23:00:00,2,2,0
2021-10-30 00:00:00,11,5,6
2021-10-30 01:00:00,2,0,2
2021-10-30 02:00:00,6,0,6
2021-10-30 03:00:00,0,0,0
2021-10-30 04:00:00,3,3,0
2021-10-30 05:00:00,3,1,2
2021-10-30 06:00:00,2,1,1
2021-10-30 07:00:00,5,4,1
2021-10-30 08:00:00,27,8,19
2021-10-30 09:00:00,40,26,14
2021-10-30 10:00:00,81,45,36
2021-10-30 11:00:00,124,48,76
2021-10-30 12:00:00,127,56,71
2021-10-30 13:00:00,138,62,76
2021-10-30 14:00:00,118,52,66
2021-10-30 15:00:00,145,62,83
2021-10-30 16:00:00,106,57,49
2021-10-30 17:00:00,118,62,56
2021-10-30 18:00:00,58,42,16
2021-10-30 19:00:00,9,7,2
2021-10-30 20:00:00,33,1,32
2021-10-30 21:00:00,5,2,3
2021-10-30 22:00:00,13,3,10
2021-10-30 23:00:00,3,1,2
2021-10-31 00:00:00,10,7,3
2021-10-31 01:00:00,6,2,4
2021-10-31 02:00:00,4,1,3
2021-10-31 03:00:00,0,0,0
2021-10-31 04:00:00,1,1,0
2021-10-31 05:00:00,1,0,1
2021-10-31 06:00:00,2,0,2
2021-10-31 07:00:00,9,4,5
2021-10-31 08:00:00,10,3,7
2021-10-31 09:00:00,49,28,21
2021-10-31 10:00:00,83,48,35
2021-10-31 11:00:00,99,58,41
2021-10-31 12:00:00,132,67,65
2021-10-31 13:00:00,128,68,60
2021-10-31 14:00:00,143,63,80
2021-10-31 15:00:00,169,91,78
2021-10-31 16:00:00,126,52,74
2021-10-31 17:00:00,97,53,44
2021-10-31 18:00:00,34,21,13
2021-10-31 19:00:00,17,5,12
2021-10-31 20:00:00,4,3,1
2021-10-31 21:00:00,10,4,6
2021-10-31 22:00:00,7,2,5
2021-10-31 23:00:00,2,0,2
2021-11-01 00:00:00,4,2,2
2021-11-01 01:00:00,1,0,1
2021-11-01 02:00:00,0,0,0
2021-11-01 03:00:00,0,0,0
2021-11-01 04:00:00,2,1,1
2021-11-01 05:00:00,6,4,2
2021-11-01 06:00:00,24,10,14
2021-11-01 07:00:00,40,21,19
2021-11-01 08:00:00,38,23,15
2021-11-01 09:00:00,29,22,7
2021-11-01 10:00:00,43,27,16
2021-11-01 11:00:00,37,21,16
2021-11-01 12:00:00,23,11,12
2021-11-01 13:00:00,19,6,13
2021-11-01 14:00:00,33,18,15
2021-11-01 15:00:00,14,10,4
2021-11-01 16:00:00,32,8,24
2021-11-01 17:00:00,52,15,37
2021-11-01 18:00:00,22,12,10
2021-11-01 19:00:00,12,7,5
2021-11-01 20:00:00,1,0,1
2021-11-01 21:00:00,11,1,10
2021-11-01 22:00:00,6,4,2
2021-11-01 23:00:00,0,0,0
2021-11-02 00:00:00,0,0,0
2021-11-02 01:00:00,0,0,0
2021-11-02 02:00:00,0,0,0
2021-11-02 03:00:00,1,0,1
2021-11-02 04:00:00,1,0,1
2021-11-02 05:00:00,9,5,4
2021-11-02 06:00:00,26,14,12
2021-11-02 07:00:00,47,27,20
2021-11-02 08:00:00,73,37,36
2021-11-02 09:00:00,36,23,13
2021-11-02 10:00:00,25,16,9
2021-11-02 11:00:00,37,22,15
2021-11-02 12:00:00,25,13,12
2021-11-02 13:00:00,22,9,13
2021-11-02 14:00:00,13,9,4
2021-11-02 15:00:00,17,7,10
2021-11-02 16:00:00,48,10,38
2021-11-02 17:00:00,58,22,36
2021-11-02 18:00:00,23,8,15
2021-11-02 19:00:00,13,4,9
2021-11-02 20:00:00,7,3,4
2021-11-02 21:00:00,4,2,2
2021-11-02 22:00:00,9,5,4
2021-11-02 23:00:00,0,0,0
2021-11-03 00:00:00,2,2,0
2021-11-03 01:00:00,0,0,0
2021-11-03 02:00:00,0,0,0
2021-11-03 03:00:00,0,0,0
2021-11-03 04:00:00,3,3,0
2021-11-03 05:00:00,10,7,3
2021-11-03 06:00:00,25,14,11
2021-11-03 07:00:00,42,30,12
2021-11-03 08:00:00,60,41,19
2021-11-03 09:00:00,42,29,13
2021-11-03 10:00:00,40,25,15
2021-11-03 11:00:00,21,6,15
2021-11-03 12:00:00,36,19,17
2021-11-03 13:00:00,42,17,25
2021-11-03 14:00:00,38,17,21
2021-11-03 15:00:00,44,17,27
2021-11-03 16:00:00,58,30,28
2021-11-03 17:00:00,69,26,43
2021-11-03 18:00:00,34,11,23
2021-11-03 19:00:00,8,5,3
2021-11-03 20:00:00,3,3,0
2021-11-03 21:00:00,2,0,2
2021-11-03 22:00:00,4,3,1
2021-11-03 23:00:00,1,1,0
2021-11-04 00:00:00,0,0,0
2021-11-04 01:00:00,0,0,0
2021-11-04 02:00:00,0,0,0
2021-11-04 03:00:00,0,0,0
2021-11-04 04:00:00,0,0,0
2021-11-04 05:00:00,10,6,4
2021-11-04 06:00:00,23,10,13
2021-11-04 07:00:00,33,20,13
2021-11-04 08:00:00,34,17,17
2021-11-04 09:00:00,15,8,7
2021-11-04 10:00:00,14,10,4
2021-11-04 11:00:00,16,9,7
2021-11-04 12:00:00,17,8,9
2021-11-04 13:00:00,18,10,8
2021-11-04 14:00:00,25,13,12
2021-11-04 15:00:00,16,7,9
2021-11-04 16:00:00,44,17,27
2021-11-04 17:00:00,67,22,45
2021-11-04 18:00:00,29,15,14
2021-11-04 19:00:00,9,4,5
2021-11-04 20:00:00,10,5,5
2021-11-04 21:00:00,2,2,0
2021-11-04 22:00:00,3,3,0
2021-11-04 23:00:00,4,0,4
2021-11-05 00:00:00,5,4,1
2021-11-05 01:00:00,0,0,0
2021-11-05 02:00:00,0,0,0
2021-11-05 03:00:00,0,0,0
2021-11-05 04:00:00,1,0,1
2021-11-05 05:00:00,7,5,2
2021-11-05 06:00:00,19,13,6
2021-11-05 07:00:00,16,8,8
2021-11-05 08:00:00,23,12,11
2021-11-05 09:00:00,28,18,10
2021-11-05 10:00:00,17,10,7
2021-11-05 11:00:00,23,12,11
2021-11-05 12:00:00,36,16,20
2021-11-05 13:00:00,50,25,25
2021-11-05 14:00:00,33,17,16
2021-11-05 15:00:00,53,28,25
2021-11-05 16:00:00,92,41,51
2021-11-05 17:00:00,89,38,51
2021-11-05 18:00:00,41,17,24
2021-11-05 19:00:00,17,7,10
2021-11-05 20:00:00,9,5,4
2021-11-05 21:00:00,11,6,5
2021-11-05 22:00:00,3,2,1
2021-11-05 23:00:00,8,1,7
2021-11-06 00:00:00,6,0,6
2021-11-06 01:00:00,1,1,0
2021-11-06 02:00:00,2,1,1
2021-11-06 03:00:00,0,0,0
2021-11-06 04:00:00,0,0,0
2021-11-06 05:00:00,1,0,1
2021-11-06 06:00:00,2,0,2
2021-11-06 07:00:00,10,5,5
2021-11-06 08:00:00,15,7,8
2021-11-06 09:00:00,13,9,4
2021-11-06 10:00:00,15,8,7
2021-11-06 11:00:00,21,9,12
2021-11-06 12:00:00,18,9,9
2021-11-06 13:00:00,26,9,17
2021-11-06 14:00:00,24,11,13
2021-11-06 15:00:00,13,3,10
2021-11-06 16:00:00,22,8,14
2021-11-06 17:00:00,12,10,2
2021-11-06 18:00:00,5,3,2
2021-11-06 19:00:00,6,5,1
2021-11-06 20:00:00,0,0,0
2021-11-06 21:00:00,6,1,5
2021-11-06 22:00:00,0,0,0
2021-11-06 23:00:00,3,1,2
2021-11-07 00:00:00,0,0,0
2021-11-07 01:00:00,0,0,0
2021-11-07 02:00:00,0,0,0
2021-11-07 03:00:00,0,0,0
2021-11-07 04:00:00,0,0,0
2021-11-07 05:00:00,0,0,0
2021-11-07 06:00:00,2,0,2
2021-11-07 07:00:00,4,4,0
2021-11-07 08:00:00,11,6,5
2021-11-07 09:00:00,31,13,18
2021-11-07 10:00:00,36,17,19
2021-11-07 11:00:00,34,19,15
2021-11-07 12:00:00,10,3,7
2021-11-07 13:00:00,8,4,4
2021-11-07 14:00:00,14,2,12
2021-11-07 15:00:00,12,4,8
2021-11-07 16:00:00,23,15,8
2021-11-07 17:00:00,4,2,2
2021-11-07 18:00:00,6,4,2
2021-11-07 19:00:00,8,5,3
2021-11-07 20:00:00,1,0,1
2021-11-07 21:00:00,1,1,0
2021-11-07 22:00:00,3,1,2
2021-11-07 23:00:00,0,0,0
2021-11-08 00:00:00,0,0,0
2021-11-08 01:00:00,0,0,0
2021-11-08 02:00:00,0,0,0
2021-11-08 03:00:00,1,1,0
2021-11-08 04:00:00,0,0,0
2021-11-08 05:00:00,13,8,5
2021-11-08 06:00:00,27,13,14
2021-11-08 07:00:00,50,31,19
2021-11-08 08:00:00,49,31,18
2021-11-08 09:00:00,38,17,21
2021-11-08 10:00:00,37,17,20
2021-11-08 11:00:00,49,28,21
2021-11-08 12:00:00,57,28,29
2021-11-08 13:00:00,82,36,46
2021-11-08 14:00:00,64,36,28
2021-11-08 15:00:00,96,42,54
2021-11-08 16:00:00,124,63,61
2021-11-08 17:00:00,66,25,41
2021-11-08 18:00:00,37,17,20
2021-11-08 19:00:00,26,14,12
2021-11-08 20:00:00,7,6,1
2021-11-08 21:00:00,4,1,3
2021-11-08 22:00:00,6,4,2
2021-11-08 23:00:00,6,3,3
2021-11-09 00:00:00,2,2,0
2021-11-09 01:00:00,0,0,0
2021-11-09 02:00:00,0,0,0
2021-11-09 03:00:00,0,0,0
2021-11-09 04:00:00,0,0,0
2021-11-09 05:00:00,7,4,3
2021-11-09 06:00:00,29,18,11
2021-11-09 07:00:00,35,18,17
2021-11-09 08:00:00,27,20,7
2021-11-09 09:00:00,33,17,16
2021-11-09 10:00:00,21,11,10
2021-11-09 11:00:00,42,26,16
2021-11-09 12:00:00,23,13,10
2021-11-09 13:00:00,10,6,4
2021-11-09 14:00:00,10,4,6
2021-11-09 15:00:00,13,7,6
2021-11-09 16:00:00,25,9,16
2021-11-09 17:00:00,40,14,26
2021-11-09 18:00:00,19,5,14
2021-11-09 19:00:00,4,1,3
2021-11-09 20:00:00,5,2,3
2021-11-09 21:00:00,6,3,3
2021-11-09 22:00:00,8,2,6
2021-11-09 23:00:00,2,1,1
2021-11-10 00:00:00,0,0,0
2021-11-10 01:00:00,0,0,0
2021-11-10 02:00:00,1,0,1
2021-11-10 03:00:00,1,0,1
2021-11-10 04:00:00,0,0,0
2021-11-10 05:00:00,10,4,6
2021-11-10 06:00:00,27,13,14
2021-11-10 07:00:00,46,27,19
2021-11-10 08:00:00,65,39,26
2021-11-10 09:00:00,44,23,21
2021-11-10 10:00:00,42,20,22
2021-11-10 11:00:00,59,37,22
2021-11-10 12:00:00,54,27,27
2021-11-10 13:00:00,51,23,28
2021-11-10 14:00:00,55,31,24
2021-11-10 15:00:00,66,34,32
2021-11-10 16:00:00,81,39,42
2021-11-10 17:00:00,84,29,55
2021-11-10 18:00:00,31,12,19
2021-11-10 19:00:00,17,10,7
2021-11-10 20:00:00,9,8,1
2021-11-10 21:00:00,3,2,1
2021-11-10 22:00:00,4,1,3
2021-11-10 23:00:00,0,0,0
2021-11-11 00:00:00,3,1,2
2021-11-11 01:00:00,1,1,0
2021-11-11 02:00:00,0,0,0
2021-11-11 03:00:00,0,0,0
2021-11-11 04:00:00,1,0,1
2021-11-11 05:00:00,9,4,5
2021-11-11 06:00:00,19,9,10
2021-11-11 07:00:00,27,13,14
2021-11-11 08:00:00,45,22,23
2021-11-11 09:00:00,18,9,9
2021-11-11 10:00:00,19,9,10
2021-11-11 11:00:00,18,9,9
2021-11-11 12:00:00,13,6,7
2021-11-11 13:00:00,9,4,5
2021-11-11 14:00:00,11,6,5
2021-11-11 15:00:00,9,6,3
2021-11-11 16:00:00,43,15,28
2021-11-11 17:00:00,35,11,24
2021-11-11 18:00:00,16,5,11
2021-11-11 19:00:00,5,2,3
2021-11-11 20:00:00,4,2,2
2021-11-11 21:00:00,5,0,5
2021-11-11 22:00:00,5,2,3
2021-11-11 23:00:00,0,0,0
2021-11-12 00:00:00,0,0,0
2021-11-12 01:00:00,0,0,0
2021-11-12 02:00:00,0,0,0
2021-11-12 03:00:00,0,0,0
2021-11-12 04:00:00,0,0,0
2021-11-12 05:00:00,8,4,4
2021-11-12 06:00:00,17,8,9
2021-11-12 07:00:00,27,10,17
2021-11-12 08:00:00,26,20,6
2021-11-12 09:00:00,13,9,4
2021-11-12 10:00:00,4,3,1
2021-11-12 11:00:00,8,3,5
2021-11-12 12:00:00,10,4,6
2021-11-12 13:00:00,11,4,7
2021-11-12 14:00:00,14,6,8
2021-11-12 15:00:00,34,17,17
2021-11-12 16:00:00,64,33,31
2021-11-12 17:00:00,24,10,14
2021-11-12 18:00:00,13,5,8
2021-11-12 19:00:00,22,12,10
2021-11-12 20:00:00,12,3,9
2021-11-12 21:00:00,9,6,3
2021-11-12 22:00:00,3,1,2
2021-11-12 23:00:00,5,2,3
2021-11-13 00:00:00,6,1,5
2021-11-13 01:00:00,3,2,1
2021-11-13 02:00:00,1,0,1
2021-11-13 03:00:00,0,0,0
2021-11-13 04:00:00,0,0,0
2021-11-13 05:00:00,3,1,2
2021-11-13 06:00:00,6,3,3
2021-11-13 07:00:00,14,5,9
2021-11-13 08:00:00,30,11,19
2021-11-13 09:00:00,55,22,33
2021-11-13 10:00:00,76,34,42
2021-11-13 11:00:00,98,44,54
2021-11-13 12:00:00,109,52,57
2021-11-13 13:00:00,83,45,38
2021-11-13 14:00:00,81,43,38
2021-11-13 15:00:00,79,41,38
2021-11-13 16:00:00,30,16,14
2021-11-13 17:00:00,9,6,3
2021-11-13 18:00:00,8,5,3
2021-11-13 19:00:00,2,0,2
2021-11-13 20:00:00,0,0,0
2021-11-13 21:00:00,1,0,1
2021-11-13 22:00:00,0,0,0
2021-11-13 23:00:00,0,0,0
2021-11-14 00:00:00,0,0,0
2021-11-14 01:00:00,2,1,1
2021-11-14 02:00:00,0,0,0
2021-11-14 03:00:00,0,0,0
2021-11-14 04:00:00,0,0,0
2021-11-14 05:00:00,0,0,0
2021-11-14 06:00:00,1,0,1
2021-11-14 07:00:00,2,0,2
2021-11-14 08:00:00,4,2,2
2021-11-14 09:00:00,11,4,7
2021-11-14 10:00:00,11,3,8
2021-11-14 11:00:00,22,9,13
2021-11-14 12:00:00,11,1,10
2021-11-14 13:00:00,11,8,3
2021-11-14 14:00:00,14,6,8
2021-11-14 15:00:00,9,5,4
2021-11-14 16:00:00,16,5,11
2021-11-14 17:00:00,7,0,7
2021-11-14 18:00:00,8,3,5
2021-11-14 19:00:00,6,1,5
2021-11-14 20:00:00,1,0,1
2021-11-14 21:00:00,2,1,1
2021-11-14 22:00:00,2,0,2
2021-11-14 23:00:00,0,0,0
2021-11-15 00:00:00,0,0,0
2021-11-15 01:00:00,0,0,0
2021-11-15 02:00:00,1,0,1
2021-11-15 03:00:00,0,0,0
2021-11-15 04:00:00,2,1,1
2021-11-15 05:00:00,1,0,1
2021-11-15 06:00:00,27,17,10
2021-11-15 07:00:00,26,8,18
2021-11-15 08:00:00,23,16,7
2021-11-15 09:00:00,17,10,7
2021-11-15 10:00:00,13,3,10
2021-11-15 11:00:00,2,1,1
2021-11-15 12:00:00,5,0,5
2021-11-15 13:00:00,13,3,10
2021-11-15 14:00:00,28,17,11
2021-11-15 15:00:00,32,14,18
2021-11-15 16:00:00,73,37,36
2021-11-15 17:00:00,43,23,20
2021-11-15 18:00:00,18,7,11
2021-11-15 19:00:00,8,4,4
2021-11-15 20:00:00,6,3,3
2021-11-15 21:00:00,5,2,3
2021-11-15 22:00:00,5,3,2
2021-11-15 23:00:00,0,0,0
2021-11-16 00:00:00,2,2,0
2021-11-16 01:00:00,0,0,0
2021-11-16 02:00:00,0,0,0
2021-11-16 03:00:00,0,0,0
2021-11-16 04:00:00,2,1,1
2021-11-16 05:00:00,11,6,5
2021-11-16 06:00:00,27,16,11
2021-11-16 07:00:00,70,37,33
2021-11-16 08:00:00,64,38,26
2021-11-16 09:00:00,35,19,16
2021-11-16 10:00:00,33,20,13
2021-11-16 11:00:00,43,26,17
2021-11-16 12:00:00,63,27,36
2021-11-16 13:00:00,65,38,27
2021-11-16 14:00:00,80,41,39
2021-11-16 15:00:00,79,33,46
2021-11-16 16:00:00,94,40,54
2021-11-16 17:00:00,95,42,53
2021-11-16 18:00:00,45,16,29
2021-11-16 19:00:00,16,8,8
2021-11-16 20:00:00,14,6,8
2021-11-16 21:00:00,6,0,6
2021-11-16 22:00:00,4,2,2
2021-11-16 23:00:00,6,0,6
2021-11-17 00:00:00,0,0,0
2021-11-17 01:00:00,0,0,0
2021-11-17 02:00:00,1,0,1
2021-11-17 03:00:00,0,0,0
2021-11-17 04:00:00,2,1,1
2021-11-17 05:00:00,8,4,4
2021-11-17 06:00:00,21,11,10
2021-11-17 07:00:00,51,28,23
2021-11-17 08:00:00,57,39,18
2021-11-17 09:00:00,35,25,10
2021-11-17 10:00:00,23,8,15
2021-11-17 11:00:00,37,25,12
2021-11-17 12:00:00,50,30,20
2021-11-17 13:00:00,54,30,24
2021-11-17 14:00:00,80,38,42
2021-11-17 15:00:00,60,30,30
2021-11-17 16:00:00,85,41,44
2021-11-17 17:00:00,64,30,34
2021-11-17 18:00:00,48,18,30
2021-11-17 19:00:00,12,4,8
2021-11-17 20:00:00,7,3,4
2021-11-17 21:00:00,8,4,4
2021-11-17 22:00:00,12,1,11
2021-11-17 23:00:00,6,4,2
2021-11-18 00:00:00,0,0,0
2021-11-18 01:00:00,0,0,0
2021-11-18 02:00:00,2,0,2
2021-11-18 03:00:00,1,0,1
2021-11-18 04:00:00,1,1,0
2021-11-18 05:00:00,8,5,3
2021-11-18 06:00:00,24,14,10
2021-11-18 07:00:00,41,22,19
2021-11-18 08:00:00,41,24,17
2021-11-18 09:00:00,35,18,17
2021-11-18 10:00:00,27,13,14
2021-11-18 11:00:00,43,21,22
2021-11-18 12:00:00,23,14,9
2021-11-18 13:00:00,13,7,6
2021-11-18 14:00:00,28,13,15
2021-11-18 15:00:00,31,9,22
2021-11-18 16:00:00,31,14,17
2021-11-18 17:00:00,47,20,27
2021-11-18 18:00:00,18,7,11
2021-11-18 19:00:00,9,3,6
2021-11-18 20:00:00,7,1,6
2021-11-18 21:00:00,2,1,1
2021-11-18 22:00:00,4,1,3
2021-11-18 23:00:00,2,0,2
2021-11-19 00:00:00,2,0,2
2021-11-19 01:00:00,0,0,0
2021-11-19 02:00:00,0,0,0
2021-11-19 03:00:00,0,0,0
2021-11-19 04:00:00,1,1,0
2021-11-19 05:00:00,4,2,2
2021-11-19 06:00:00,18,10,8
2021-11-19 07:00:00,33,19,14
2021-11-19 08:00:00,36,25,11
2021-11-19 09:00:00,34,19,15
2021-11-19 10:00:00,18,8,10
2021-11-19 11:00:00,30,19,11
2021-11-19 12:00:00,42,18,24
2021-11-19 13:00:00,42,16,26
2021-11-19 14:00:00,67,24,43
2021-11-19 15:00:00,56,30,26
2021-11-19 16:00:00,53,25,28
2021-11-19 17:00:00,59,22,37
2021-11-19 18:00:00,21,9,12
2021-11-19 19:00:00,15,7,8
2021-11-19 20:00:00,7,3,4
2021-11-19 21:00:00,9,3,6
2021-11-19 22:00:00,9,5,4
2021-11-19 23:00:00,5,2,3
2021-11-20 00:00:00,0,0,0
2021-11-20 01:00:00,2,0,2
2021-11-20 02:00:00,0,0,0
2021-11-20 03:00:00,0,0,0
2021-11-20 04:00:00,0,0,0
2021-11-20 05:00:00,1,0,1
2021-11-20 06:00:00,1,0,1
2021-11-20 07:00:00,10,3,7
2021-11-20 08:00:00,26,14,12
2021-11-20 09:00:00,48,21,27
2021-11-20 10:00:00,52,24,28
2021-11-20 11:00:00,72,30,42
2021-11-20 12:00:00,101,45,56
2021-11-20 13:00:00,89,42,47
2021-11-20 14:00:00,109,62,47
2021-11-20 15:00:00,138,73,65
2021-11-20 16:00:00,86,43,43
2021-11-20 17:00:00,23,14,9
2021-11-20 18:00:00,17,7,10
2021-11-20 19:00:00,7,3,4
2021-11-20 20:00:00,22,0,22
2021-11-20 21:00:00,5,2,3
2021-11-20 22:00:00,9,5,4
2021-11-20 23:00:00,8,5,3
2021-11-21 00:00:00,6,0,6
2021-11-21 01:00:00,1,0,1
2021-11-21 02:00:00,0,0,0
2021-11-21 03:00:00,2,2,0
2021-11-21 04:00:00,0,0,0
2021-11-21 05:00:00,0,0,0
2021-11-21 06:00:00,0,0,0
2021-11-21 07:00:00,14,5,9
2021-11-21 08:00:00,16,7,9
2021-11-21 09:00:00,33,16,17
2021-11-21 10:00:00,54,32,22
2021-11-21 11:00:00,71,36,35
2021-11-21 12:00:00,74,31,43
2021-11-21 13:00:00,77,35,42
2021-11-21 14:00:00,107,45,62
2021-11-21 15:00:00,111,55,56
2021-11-21 16:00:00,81,41,40
2021-11-21 17:00:00,39,7,32
2021-11-21 18:00:00,9,4,5
2021-11-21 19:00:00,5,2,3
2021-11-21 20:00:00,10,5,5
2021-11-21 21:00:00,5,3,2
2021-11-21 22:00:00,1,0,1
2021-11-21 23:00:00,0,0,0
2021-11-22 00:00:00,0,0,0
2021-11-22 01:00:00,0,0,0
2021-11-22 02:00:00,0,0,0
2021-11-22 03:00:00,1,0,1
2021-11-22 04:00:00,0,0,0
2021-11-22 05:00:00,6,5,1
2021-11-22 06:00:00,18,9,9
2021-11-22 07:00:00,41,27,14
2021-11-22 08:00:00,31,19,12
2021-11-22 09:00:00,35,16,19
2021-11-22 10:00:00,39,17,22
2021-11-22 11:00:00,38,17,21
2021-11-22 12:00:00,27,11,16
2021-11-22 13:00:00,29,12,17
2021-11-22 14:00:00,31,16,15
2021-11-22 15:00:00,19,5,14
2021-11-22 16:00:00,32,13,19
2021-11-22 17:00:00,40,14,26
2021-11-22 18:00:00,25,6,19
2021-11-22 19:00:00,12,7,5
2021-11-22 20:00:00,10,3,7
2021-11-22 21:00:00,5,2,3
2021-11-22 22:00:00,3,1,2
2021-11-22 23:00:00,1,1,0
2021-11-23 00:00:00,0,0,0
2021-11-23 01:00:00,0,0,0
2021-11-23 02:00:00,0,0,0
2021-11-23 03:00:00,0,0,0
2021-11-23 04:00:00,0,0,0
2021-11-23 05:00:00,10,6,4
2021-11-23 06:00:00,18,7,11
2021-11-23 07:00:00,33,18,15
2021-11-23 08:00:00,36,25,11
2021-11-23 09:00:00,24,15,9
2021-11-23 10:00:00,18,8,10
2021-11-23 11:00:00,15,7,8
2021-11-23 12:00:00,42,23,19
2021-11-23 13:00:00,38,18,20
2021-11-23 14:00:00,51,27,24
2021-11-23 15:00:00,64,29,35
2021-11-23 16:00:00,65,31,34
2021-11-23 17:00:00,48,20,28
2021-11-23 18:00:00,29,14,15
2021-11-23 19:00:00,18,7,11
2021-11-23 20:00:00,9,3,6
2021-11-23 21:00:00,11,5,6
2021-11-23 22:00:00,11,1,10
2021-11-23 23:00:00,8,2,6
2021-11-24 00:00:00,4,3,1
2021-11-24 01:00:00,0,0,0
2021-11-24 02:00:00,0,0,0
2021-11-24 03:00:00,0,0,0
2021-11-24 04:00:00,1,1,0
2021-11-24 05:00:00,8,3,5
2021-11-24 06:00:00,17,6,11
2021-11-24 07:00:00,30,12,18
2021-11-24 08:00:00,38,21,17
2021-11-24 09:00:00,38,25,13
2021-11-24 10:00:00,21,9,12
2021-11-24 11:00:00,34,21,13
2021-11-24 12:00:00,43,21,22
2021-11-24 13:00:00,47,17,30
2021-11-24 14:00:00,78,32,46
2021-11-24 15:00:00,65,32,33
2021-11-24 16:00:00,62,32,30
2021-11-24 17:00:00,22,8,14
2021-11-24 18:00:00,9,2,7
2021-11-24 19:00:00,16,5,11
2021-11-24 20:00:00,5,2,3
2021-11-24 21:00:00,5,2,3
2021-11-24 22:00:00,8,5,3
2021-11-24 23:00:00,3,3,0
2021-11-25 00:00:00,0,0,0
2021-11-25 01:00:00,0,0,0
2021-11-25 02:00:00,0,0,0
2021-11-25 03:00:00,0,0,0
2021-11-25 04:00:00,1,1,0
2021-11-25 05:00:00,0,0,0
2021-11-25 06:00:00,2,0,2
2021-11-25 07:00:00,2,1,1
2021-11-25 08:00:00,8,4,4
2021-11-25 09:00:00,13,6,7
2021-11-25 10:00:00,24,12,12
2021-11-25 11:00:00,40,21,19
2021-11-25 12:00:00,36,19,17
2021-11-25 13:00:00,34,14,20
2021-11-25 14:00:00,14,6,8
2021-11-25 15:00:00,6,5,1
2021-11-25 16:00:00,6,3,3
2021-11-25 17:00:00,0,0,0
2021-11-25 18:00:00,4,1,3
2021-11-25 19:00:00,4,2,2
2021-11-25 20:00:00,4,1,3
2021-11-25 21:00:00,3,2,1
2021-11-25 22:00:00,1,1,0
2021-11-25 23:00:00,0,0,0
2021-11-26 00:00:00,0,0,0
2021-11-26 01:00:00,2,1,1
2021-11-26 02:00:00,0,0,0
2021-11-26 03:00:00,0,0,0
2021-11-26 04:00:00,1,1,0
2021-11-26 05:00:00,0,0,0
2021-11-26 06:00:00,5,4,1
2021-11-26 07:00:00,4,2,2
2021-11-26 08:00:00,8,3,5
2021-11-26 09:00:00,17,8,9
2021-11-26 10:00:00,29,16,13
2021-11-26 11:00:00,53,21,32
2021-11-26 12:00:00,25,13,12
2021-11-26 13:00:00,63,29,34
2021-11-26 14:00:00,31,13,18
2021-11-26 15:00:00,31,13,18
2021-11-26 16:00:00,39,16,23
2021-11-26 17:00:00,22,10,12
2021-11-26 18:00:00,6,3,3
2021-11-26 19:00:00,94,6,88
2021-11-26 20:00:00,18,9,9
2021-11-26 21:00:00,14,8,6
2021-11-26 22:00:00,2,1,1
2021-11-26 23:00:00,3,1,2
2021-11-27 00:00:00,3,2,1
2021-11-27 01:00:00,0,0,0
2021-11-27 02:00:00,0,0,0
2021-11-27 03:00:00,0,0,0
2021-11-27 04:00:00,2,1,1
2021-11-27 05:00:00,1,1,0
2021-11-27 06:00:00,5,3,2
2021-11-27 07:00:00,7,4,3
2021-11-27 08:00:00,13,4,9
2021-11-27 09:00:00,23,7,16
2021-11-27 10:00:00,20,11,9
2021-11-27 11:00:00,32,20,12
2021-11-27 12:00:00,34,17,17
2021-11-27 13:00:00,23,13,10
2021-11-27 14:00:00,4,2,2
2021-11-27 15:00:00,10,6,4
2021-11-27 16:00:00,13,6,7
2021-11-27 17:00:00,8,3,5
2021-11-27 18:00:00,3,2,1
2021-11-27 19:00:00,1,1,0
2021-11-27 20:00:00,7,4,3
2021-11-27 21:00:00,4,0,4
2021-11-27 22:00:00,4,1,3
2021-11-27 23:00:00,4,0,4
2021-11-28 00:00:00,1,0,1
2021-11-28 01:00:00,10,3,7
2021-11-28 02:00:00,2,2,0
2021-11-28 03:00:00,0,0,0
2021-11-28 04:00:00,0,0,0
2021-11-28 05:00:00,0,0,0
2021-11-28 06:00:00,0,0,0
2021-11-28 07:00:00,8,4,4
2021-11-28 08:00:00,10,4,6
2021-11-28 09:00:00,23,11,12
2021-11-28 10:00:00,40,21,19
2021-11-28 11:00:00,24,17,7
2021-11-28 12:00:00,30,9,21
2021-11-28 13:00:00,6,4,2
2021-11-28 14:00:00,10,1,9
2021-11-28 15:00:00,20,15,5
2021-11-28 16:00:00,7,2,5
2021-11-28 17:00:00,11,5,6
2021-11-28 18:00:00,8,4,4
2021-11-28 19:00:00,7,3,4
2021-11-28 20:00:00,4,3,1
2021-11-28 21:00:00,8,2,6
2021-11-28 22:00:00,3,1,2
2021-11-28 23:00:00,1,0,1
2021-11-29 00:00:00,0,0,0
2021-11-29 01:00:00,0,0,0
2021-11-29 02:00:00,0,0,0
2021-11-29 03:00:00,1,0,1
2021-11-29 04:00:00,0,0,0
2021-11-29 05:00:00,7,4,3
2021-11-29 06:00:00,27,13,14
2021-11-29 07:00:00,43,20,23
2021-11-29 08:00:00,44,28,16
2021-11-29 09:00:00,30,19,11
2021-11-29 10:00:00,34,14,20
2021-11-29 11:00:00,38,19,19
2021-11-29 12:00:00,30,10,20
2021-11-29 13:00:00,42,20,22
2021-11-29 14:00:00,70,37,33
2021-11-29 15:00:00,95,38,57
2021-11-29 16:00:00,94,50,44
2021-11-29 17:00:00,70,31,39
2021-11-29 18:00:00,37,11,26
2021-11-29 19:00:00,28,9,19
2021-11-29 20:00:00,11,6,5
2021-11-29 21:00:00,19,10,9
2021-11-29 22:00:00,4,3,1
2021-11-29 23:00:00,2,1,1
2021-11-30 00:00:00,0,0,0
2021-11-30 01:00:00,0,0,0
2021-11-30 02:00:00,0,0,0
2021-11-30 03:00:00,0,0,0
2021-11-30 04:00:00,0,0,0
2021-11-30 05:00:00,7,3,4
2021-11-30 06:00:00,28,17,11
2021-11-30 07:00:00,53,30,23
2021-11-30 08:00:00,41,25,16
2021-11-30 09:00:00,20,10,10
2021-11-30 10:00:00,15,8,7
2021-11-30 11:00:00,18,12,6
2021-11-30 12:00:00,19,5,14
2021-11-30 13:00:00,14,8,6
2021-11-30 14:00:00,30,18,12
2021-11-30 15:00:00,35,16,19
2021-11-30 16:00:00,53,16,37
2021-11-30 17:00:00,57,21,36
2021-11-30 18:00:00,20,6,14
2021-11-30 19:00:00,12,5,7
2021-11-30 20:00:00,5,2,3
2021-11-30 21:00:00,3,1,2
2021-11-30 22:00:00,8,4,4
2021-11-30 23:00:00,3,2,1
2021-12-01 00:00:00,0,0,0
2021-12-01 01:00:00,0,0,0
2021-12-01 02:00:00,0,0,0
2021-12-01 03:00:00,1,0,1
2021-12-01 04:00:00,2,0,2
2021-12-01 05:00:00,15,7,8
2021-12-01 06:00:00,28,16,12
2021-12-01 07:00:00,44,27,17
2021-12-01 08:00:00,61,40,21
2021-12-01 09:00:00,30,18,12
2021-12-01 10:00:00,26,12,14
2021-12-01 11:00:00,34,14,20
2021-12-01 12:00:00,26,9,17
2021-12-01 13:00:00,25,12,13
2021-12-01 14:00:00,59,32,27
2021-12-01 15:00:00,59,36,23
2021-12-01 16:00:00,78,37,41
2021-12-01 17:00:00,65,24,41
2021-12-01 18:00:00,35,13,22
2021-12-01 19:00:00,18,7,11
2021-12-01 20:00:00,12,5,7
2021-12-01 21:00:00,11,3,8
2021-12-01 22:00:00,3,0,3
2021-12-01 23:00:00,0,0,0
2021-12-02 00:00:00,4,3,1
2021-12-02 01:00:00,0,0,0
2021-12-02 02:00:00,1,0,1
2021-12-02 03:00:00,0,0,0
2021-12-02 04:00:00,0,0,0
2021-12-02 05:00:00,7,5,2
2021-12-02 06:00:00,20,10,10
2021-12-02 07:00:00,45,24,21
2021-12-02 08:00:00,36,22,14
2021-12-02 09:00:00,27,15,12
2021-12-02 10:00:00,12,9,3
2021-12-02 11:00:00,12,7,5
2021-12-02 12:00:00,11,3,8
2021-12-02 13:00:00,17,9,8
2021-12-02 14:00:00,30,18,12
2021-12-02 15:00:00,36,21,15
2021-12-02 16:00:00,54,25,29
2021-12-02 17:00:00,68,35,33
2021-12-02 18:00:00,41,11,30
2021-12-02 19:00:00,35,5,30
2021-12-02 20:00:00,10,2,8
2021-12-02 21:00:00,4,3,1
2021-12-02 22:00:00,5,3,2
2021-12-02 23:00:00,4,2,2
2021-12-03 00:00:00,5,4,1
2021-12-03 01:00:00,7,4,3
2021-12-03 02:00:00,0,0,0
2021-12-03 03:00:00,0,0,0
2021-12-03 04:00:00,0,0,0
2021-12-03 05:00:00,6,3,3
2021-12-03 06:00:00,24,10,14
2021-12-03 07:00:00,28,20,8
2021-12-03 08:00:00,36,19,17
2021-12-03 09:00:00,25,14,11
2021-12-03 10:00:00,36,18,18
2021-12-03 11:00:00,24,10,14
2021-12-03 12:00:00,47,21,26
2021-12-03 13:00:00,45,23,22
2021-12-03 14:00:00,46,21,25
2021-12-03 15:00:00,80,42,38
2021-12-03 16:00:00,64,29,35
2021-12-03 17:00:00,55,23,32
2021-12-03 18:00:00,24,9,15
2021-12-03 19:00:00,12,5,7
2021-12-03 20:00:00,2,1,1
2021-12-03 21:00:00,9,3,6
2021-12-03 22:00:00,2,1,1
2021-12-03 23:00:00,3,1,2
2021-12-04 00:00:00,1,1,0
2021-12-04 01:00:00,0,0,0
2021-12-04 02:00:00,0,0,0
2021-12-04 03:00:00,0,0,0
2021-12-04 04:00:00,0,0,0
2021-12-04 05:00:00,0,0,0
2021-12-04 06:00:00,0,0,0
2021-12-04 07:00:00,2,1,1
2021-12-04 08:00:00,5,2,3
2021-12-04 09:00:00,4,2,2
2021-12-04 10:00:00,8,6,2
2021-12-04 11:00:00,8,3,5
2021-12-04 12:00:00,17,8,9
2021-12-04 13:00:00,2,2,0
2021-12-04 14:00:00,5,2,3
2021-12-04 15:00:00,10,4,6
2021-12-04 16:00:00,6,3,3
2021-12-04 17:00:00,4,1,3
2021-12-04 18:00:00,5,5,0
2021-12-04 19:00:00,3,3,0
2021-12-04 20:00:00,6,0,6
2021-12-04 21:00:00,4,4,0
2021-12-04 22:00:00,0,0,0
2021-12-04 23:00:00,2,1,1
2021-12-05 00:00:00,2,1,1
2021-12-05 01:00:00,8,4,4
2021-12-05 02:00:00,0,0,0
2021-12-05 03:00:00,0,0,0
2021-12-05 04:00:00,0,0,0
2021-12-05 05:00:00,0,0,0
2021-12-05 06:00:00,3,1,2
2021-12-05 07:00:00,5,3,2
2021-12-05 08:00:00,19,8,11
2021-12-05 09:00:00,19,6,13
2021-12-05 10:00:00,46,22,24
2021-12-05 11:00:00,62,37,25
2021-12-05 12:00:00,74,36,38
2021-12-05 13:00:00,80,43,37
2021-12-05 14:00:00,90,37,53
2021-12-05 15:00:00,110,55,55
2021-12-05 16:00:00,76,32,44
2021-12-05 17:00:00,21,4,17
2021-12-05 18:00:00,11,2,9
2021-12-05 19:00:00,10,3,7
2021-12-05 20:00:00,4,3,1
2021-12-05 21:00:00,0,0,0
2021-12-05 22:00:00,1,0,1
2021-12-05 23:00:00,0,0,0
2021-12-06 00:00:00,1,0,1
2021-12-06 01:00:00,0,0,0
2021-12-06 02:00:00,0,0,0
2021-12-06 03:00:00,0,0,0
2021-12-06 04:00:00,4,2,2
2021-12-06 05:00:00,4,2,2
2021-12-06 06:00:00,25,14,11
2021-12-06 07:00:00,48,34,14
2021-12-06 08:00:00,36,22,14
2021-12-06 09:00:00,14,8,6
2021-12-06 10:00:00,23,9,14
2021-12-06 11:00:00,15,7,8
2021-12-06 12:00:00,26,9,17
2021-12-06 13:00:00,19,8,11
2021-12-06 14:00:00,27,13,14
2021-12-06 15:00:00,41,16,25
2021-12-06 16:00:00,48,17,31
2021-12-06 17:00:00,44,13,31
2021-12-06 18:00:00,19,6,13
2021-12-06 19:00:00,10,2,8
2021-12-06 20:00:00,4,1,3
2021-12-06 21:00:00,2,1,1
2021-12-06 22:00:00,2,2,0
2021-12-06 23:00:00,1,0,1
2021-12-07 00:00:00,5,0,5
2021-12-07 01:00:00,3,3,0
2021-12-07 02:00:00,1,0,1
2021-12-07 03:00:00,0,0,0
2021-12-07 04:00:00,1,1,0
2021-12-07 05:00:00,7,3,4
2021-12-07 06:00:00,27,15,12
2021-12-07 07:00:00,49,30,19
2021-12-07 08:00:00,58,37,21
2021-12-07 09:00:00,21,9,12
2021-12-07 10:00:00,12,10,2
2021-12-07 11:00:00,19,7,12
2021-12-07 12:00:00,12,6,6
2021-12-07 13:00:00,27,11,16
2021-12-07 14:00:00,26,12,14
2021-12-07 15:00:00,42,21,21
2021-12-07 16:00:00,58,31,27
2021-12-07 17:00:00,55,20,35
2021-12-07 18:00:00,26,7,19
2021-12-07 19:00:00,9,4,5
2021-12-07 20:00:00,7,2,5
2021-12-07 21:00:00,7,3,4
2021-12-07 22:00:00,4,1,3
2021-12-07 23:00:00,1,1,0
2021-12-08 00:00:00,1,1,0
2021-12-08 01:00:00,0,0,0
2021-12-08 02:00:00,1,1,0
2021-12-08 03:00:00,0,0,0
2021-12-08 04:00:00,1,0,1
2021-12-08 05:00:00,2,1,1
2021-12-08 06:00:00,29,19,10
2021-12-08 07:00:00,43,20,23
2021-12-08 08:00:00,46,28,18
2021-12-08 09:00:00,31,18,13
2021-12-08 10:00:00,17,10,7
2021-12-08 11:00:00,21,13,8
2021-12-08 12:00:00,29,10,19
2021-12-08 13:00:00,29,16,13
2021-12-08 14:00:00,29,8,21
2021-12-08 15:00:00,76,41,35
2021-12-08 16:00:00,54,26,28
2021-12-08 17:00:00,54,19,35
2021-12-08 18:00:00,31,10,21
2021-12-08 19:00:00,14,6,8
2021-12-08 20:00:00,4,1,3
2021-12-08 21:00:00,11,5,6
2021-12-08 22:00:00,7,4,3
2021-12-08 23:00:00,2,1,1
2021-12-09 00:00:00,3,3,0
2021-12-09 01:00:00,0,0,0
2021-12-09 02:00:00,0,0,0
2021-12-09 03:00:00,0,0,0
2021-12-09 04:00:00,0,0,0
2021-12-09 05:00:00,3,0,3
2021-12-09 06:00:00,28,17,11
2021-12-09 07:00:00,46,16,30
2021-12-09 08:00:00,40,28,12
2021-12-09 09:00:00,28,12,16
2021-12-09 10:00:00,17,9,8
2021-12-09 11:00:00,17,8,9
2021-12-09 12:00:00,20,11,9
2021-12-09 13:00:00,22,8,14
2021-12-09 14:00:00,29,18,11
2021-12-09 15:00:00,61,26,35
2021-12-09 16:00:00,57,30,27
2021-12-09 17:00:00,71,33,38
2021-12-09 18:00:00,23,6,17
2021-12-09 19:00:00,16,7,9
2021-12-09 20:00:00,15,6,9
2021-12-09 21:00:00,8,3,5
2021-12-09 22:00:00,5,3,2
2021-12-09 23:00:00,5,2,3
2021-12-10 00:00:00,2,2,0
2021-12-10 01:00:00,1,0,1
2021-12-10 02:00:00,0,0,0
2021-12-10 03:00:00,0,0,0
2021-12-10 04:00:00,0,0,0
2021-12-10 05:00:00,2,1,1
2021-12-10 06:00:00,16,8,8
2021-12-10 07:00:00,34,17,17
2021-12-10 08:00:00,30,18,12
2021-12-10 09:00:00,18,12,6
2021-12-10 10:00:00,24,13,11
2021-12-10 11:00:00,21,11,10
2021-12-10 12:00:00,22,8,14
2021-12-10 13:00:00,16,9,7
2021-12-10 14:00:00,16,6,10
2021-12-10 15:00:00,21,8,13
2021-12-10 16:00:00,24,11,13
2021-12-10 17:00:00,21,6,15
2021-12-10 18:00:00,11,4,7
2021-12-10 19:00:00,4,1,3
2021-12-10 20:00:00,2,0,2
2021-12-10 21:00:00,2,1,1
2021-12-10 22:00:00,4,2,2
2021-12-10 23:00:00,0,0,0
2021-12-11 00:00:00,0,0,0
2021-12-11 01:00:00,1,0,1
2021-12-11 02:00:00,1,0,1
2021-12-11 03:00:00,0,0,0
2021-12-11 04:00:00,3,1,2
2021-12-11 05:00:00,0,0,0
2021-12-11 06:00:00,1,0,1
2021-12-11 07:00:00,5,2,3
2021-12-11 08:00:00,3,1,2
2021-12-11 09:00:00,17,10,7
2021-12-11 10:00:00,26,13,13
2021-12-11 11:00:00,54,23,31
2021-12-11 12:00:00,34,18,16
2021-12-11 13:00:00,54,26,28
2021-12-11 14:00:00,38,25,13
2021-12-11 15:00:00,29,15,14
2021-12-11 16:00:00,19,6,13
2021-12-11 17:00:00,3,0,3
2021-12-11 18:00:00,4,3,1
2021-12-11 19:00:00,29,16,13
2021-12-11 20:00:00,6,2,4
2021-12-11 21:00:00,9,5,4
2021-12-11 22:00:00,5,3,2
2021-12-11 23:00:00,2,0,2
2021-12-12 00:00:00,0,0,0
2021-12-12 01:00:00,0,0,0
2021-12-12 02:00:00,0,0,0
2021-12-12 03:00:00,3,2,1
2021-12-12 04:00:00,1,0,1
2021-12-12 05:00:00,0,0,0
2021-12-12 06:00:00,2,1,1
2021-12-12 07:00:00,3,2,1
2021-12-12 08:00:00,11,4,7
2021-12-12 09:00:00,20,6,14
2021-12-12 10:00:00,29,8,21
2021-12-12 11:00:00,47,23,24
2021-12-12 12:00:00,62,28,34
2021-12-12 13:00:00,28,7,21
2021-12-12 14:00:00,21,9,12
2021-12-12 15:00:00,23,12,11
2021-12-12 16:00:00,8,6,2
2021-12-12 17:00:00,4,0,4
2021-12-12 18:00:00,4,2,2
2021-12-12 19:00:00,2,1,1
2021-12-12 20:00:00,1,0,1
2021-12-12 21:00:00,1,1,0
2021-12-12 22:00:00,2,2,0
2021-12-12 23:00:00,1,0,1
2021-12-13 00:00:00,0,0,0
2021-12-13 01:00:00,0,0,0
2021-12-13 02:00:00,1,0,1
2021-12-13 03:00:00,0,0,0
2021-12-13 04:00:00,0,0,0
2021-12-13 05:00:00,3,2,1
2021-12-13 06:00:00,23,15,8
2021-12-13 07:00:00,34,19,15
2021-12-13 08:00:00,41,25,16
2021-12-13 09:00:00,21,13,8
2021-12-13 10:00:00,19,11,8
2021-12-13 11:00:00,25,11,14
2021-12-13 12:00:00,17,4,13
2021-12-13 13:00:00,16,9,7
2021-12-13 14:00:00,9,5,4
2021-12-13 15:00:00,14,4,10
2021-12-13 16:00:00,35,21,14
2021-12-13 17:00:00,26,8,18
2021-12-13 18:00:00,24,11,13
2021-12-13 19:00:00,9,4,5
2021-12-13 20:00:00,8,4,4
2021-12-13 21:00:00,5,4,1
2021-12-13 22:00:00,2,2,0
2021-12-13 23:00:00,0,0,0
2021-12-14 00:00:00,5,1,4
2021-12-14 01:00:00,0,0,0
2021-12-14 02:00:00,0,0,0
2021-12-14 03:00:00,2,2,0
2021-12-14 04:00:00,0,0,0
2021-12-14 05:00:00,7,3,4
2021-12-14 06:00:00,22,14,8
2021-12-14 07:00:00,45,28,17
2021-12-14 08:00:00,31,25,6
2021-12-14 09:00:00,29,21,8
2021-12-14 10:00:00,21,8,13
2021-12-14 11:00:00,24,12,12
2021-12-14 12:00:00,27,7,20
2021-12-14 13:00:00,26,11,15
2021-12-14 14:00:00,23,13,10
2021-12-14 15:00:00,26,11,15
2021-12-14 16:00:00,44,14,30
2021-12-14 17:00:00,43,13,30
2021-12-14 18:00:00,22,6,16
2021-12-14 19:00:00,5,1,4
2021-12-14 20:00:00,6,2,4
2021-12-14 21:00:00,1,1,0
2021-12-14 22:00:00,4,1,3
2021-12-14 23:00:00,1,1,0
2021-12-15 00:00:00,1,1,0
2021-12-15 01:00:00,0,0,0
2021-12-15 02:00:00,4,2,2
2021-12-15 03:00:00,0,0,0
2021-12-15 04:00:00,1,1,0
2021-12-15 05:00:00,7,5,2
2021-12-15 06:00:00,16,9,7
2021-12-15 07:00:00,46,25,21
2021-12-15 08:00:00,30,19,11
2021-12-15 09:00:00,29,18,11
2021-12-15 10:00:00,17,12,5
2021-12-15 11:00:00,17,10,7
2021-12-15 12:00:00,11,3,8
2021-12-15 13:00:00,14,8,6
2021-12-15 14:00:00,27,14,13
2021-12-15 15:00:00,18,8,10
2021-12-15 16:00:00,26,11,15
2021-12-15 17:00:00,40,14,26
2021-12-15 18:00:00,25,7,18
2021-12-15 19:00:00,9,5,4
2021-12-15 20:00:00,3,1,2
2021-12-15 21:00:00,2,2,0
2021-12-15 22:00:00,8,2,6
2021-12-15 23:00:00,4,2,2
2021-12-16 00:00:00,5,3,2
2021-12-16 01:00:00,0,0,0
2021-12-16 02:00:00,0,0,0
2021-12-16 03:00:00,1,1,0
2021-12-16 04:00:00,2,2,0
2021-12-16 05:00:00,6,2,4
2021-12-16 06:00:00,18,9,9
2021-12-16 07:00:00,41,19,22
2021-12-16 08:00:00,30,19,11
2021-12-16 09:00:00,23,11,12
2021-12-16 10:00:00,25,14,11
2021-12-16 11:00:00,18,11,7
2021-12-16 12:00:00,23,9,14
2021-12-16 13:00:00,15,7,8
2021-12-16 14:00:00,36,20,16
2021-12-16 15:00:00,44,18,26
2021-12-16 16:00:00,44,20,24
2021-12-16 17:00:00,35,15,20
2021-12-16 18:00:00,31,8,23
2021-12-16 19:00:00,11,0,11
2021-12-16 20:00:00,3,2,1
2021-12-16 21:00:00,2,1,1
2021-12-16 22:00:00,4,2,2
2021-12-16 23:00:00,2,0,2
2021-12-17 00:00:00,4,2,2
2021-12-17 01:00:00,0,0,0
2021-12-17 02:00:00,2,0,2
2021-12-17 03:00:00,0,0,0
2021-12-17 04:00:00,3,1,2
2021-12-17 05:00:00,7,4,3
2021-12-17 06:00:00,16,5,11
2021-12-17 07:00:00,32,15,17
2021-12-17 08:00:00,41,19,22
2021-12-17 09:00:00,33,20,13
2021-12-17 10:00:00,25,10,15
2021-12-17 11:00:00,37,20,17
2021-12-17 12:00:00,30,20,10
2021-12-17 13:00:00,36,11,25
2021-12-17 14:00:00,55,28,27
2021-12-17 15:00:00,47,19,28
2021-12-17 16:00:00,34,15,19
2021-12-17 17:00:00,21,10,11
2021-12-17 18:00:00,14,5,9
2021-12-17 19:00:00,9,2,7
2021-12-17 20:00:00,7,3,4
2021-12-17 21:00:00,2,1,1
2021-12-17 22:00:00,3,2,1
2021-12-17 23:00:00,4,1,3
2021-12-18 00:00:00,1,0,1
2021-12-18 01:00:00,1,0,1
2021-12-18 02:00:00,1,0,1
2021-12-18 03:00:00,0,0,0
2021-12-18 04:00:00,1,1,0
2021-12-18 05:00:00,1,0,1
2021-12-18 06:00:00,2,2,0
2021-12-18 07:00:00,4,2,2
2021-12-18 08:00:00,9,3,6
2021-12-18 09:00:00,8,5,3
2021-12-18 10:00:00,4,2,2
2021-12-18 11:00:00,6,6,0
2021-12-18 12:00:00,8,4,4
2021-12-18 13:00:00,14,6,8
2021-12-18 14:00:00,2,0,2
2021-12-18 15:00:00,6,1,5
2021-12-18 16:00:00,8,4,4
2021-12-18 17:00:00,8,6,2
2021-12-18 18:00:00,3,1,2
2021-12-18 19:00:00,6,3,3
2021-12-18 20:00:00,1,0,1
2021-12-18 21:00:00,2,1,1
2021-12-18 22:00:00,7,3,4
2021-12-18 23:00:00,5,3,2
2021-12-19 00:00:00,1,0,1
2021-12-19 01:00:00,0,0,0
2021-12-19 02:00:00,2,0,2
2021-12-19 03:00:00,0,0,0
2021-12-19 04:00:00,1,0,1
2021-12-19 05:00:00,0,0,0
2021-12-19 06:00:00,3,1,2
2021-12-19 07:00:00,5,2,3
2021-12-19 08:00:00,26,15,11
2021-12-19 09:00:00,11,4,7
2021-12-19 10:00:00,49,20,29
2021-12-19 11:00:00,88,40,48
2021-12-19 12:00:00,105,52,53
2021-12-19 13:00:00,119,59,60
2021-12-19 14:00:00,116,50,66
2021-12-19 15:00:00,98,48,50
2021-12-19 16:00:00,75,49,26
2021-12-19 17:00:00,18,11,7
2021-12-19 18:00:00,15,7,8
2021-12-19 19:00:00,2,1,1
2021-12-19 20:00:00,2,1,1
2021-12-19 21:00:00,3,0,3
2021-12-19 22:00:00,5,4,1
2021-12-19 23:00:00,3,0,3
2021-12-20 00:00:00,7,3,4
2021-12-20 01:00:00,0,0,0
2021-12-20 02:00:00,0,0,0
2021-12-20 03:00:00,0,0,0
2021-12-20 04:00:00,0,0,0
2021-12-20 05:00:00,4,2,2
2021-12-20 06:00:00,17,13,4
2021-12-20 07:00:00,22,14,8
2021-12-20 08:00:00,25,16,9
2021-12-20 09:00:00,13,8,5
2021-12-20 10:00:00,15,5,10
2021-12-20 11:00:00,25,16,9
2021-12-20 12:00:00,13,4,9
2021-12-20 13:00:00,12,4,8
2021-12-20 14:00:00,20,11,9
2021-12-20 15:00:00,21,11,10
2021-12-20 16:00:00,23,7,16
2021-12-20 17:00:00,18,6,12
2021-12-20 18:00:00,17,2,15
2021-12-20 19:00:00,6,3,3
2021-12-20 20:00:00,8,2,6
2021-12-20 21:00:00,3,3,0
2021-12-20 22:00:00,2,1,1
2021-12-20 23:00:00,4,2,2
2021-12-21 00:00:00,1,1,0
2021-12-21 01:00:00,0,0,0
2021-12-21 02:00:00,0,0,0
2021-12-21 03:00:00,0,0,0
2021-12-21 04:00:00,1,0,1
2021-12-21 05:00:00,6,2,4
2021-12-21 06:00:00,18,7,11
2021-12-21 07:00:00,32,18,14
2021-12-21 08:00:00,25,11,14
2021-12-21 09:00:00,35,19,16
2021-12-21 10:00:00,20,13,7
2021-12-21 11:00:00,23,12,11
2021-12-21 12:00:00,35,18,17
2021-12-21 13:00:00,36,24,12
2021-12-21 14:00:00,36,16,20
2021-12-21 15:00:00,28,11,17
2021-12-21 16:00:00,34,12,22
2021-12-21 17:00:00,24,9,15
2021-12-21 18:00:00,21,12,9
2021-12-21 19:00:00,11,3,8
2021-12-21 20:00:00,4,0,4
2021-12-21 21:00:00,5,3,2
2021-12-21 22:00:00,3,1,2
2021-12-21 23:00:00,1,0,1
2021-12-22 00:00:00,3,2,1
2021-12-22 01:00:00,0,0,0
2021-12-22 02:00:00,0,0,0
2021-12-22 03:00:00,0,0,0
2021-12-22 04:00:00,0,0,0
2021-12-22 05:00:00,4,2,2
2021-12-22 06:00:00,18,9,9
2021-12-22 07:00:00,11,4,7
2021-12-22 08:00:00,27,14,13
2021-12-22 09:00:00,19,11,8
2021-12-22 10:00:00,6,1,5
2021-12-22 11:00:00,19,10,9
2021-12-22 12:00:00,30,13,17
2021-12-22 13:00:00,12,7,5
2021-12-22 14:00:00,14,5,9
2021-12-22 15:00:00,11,4,7
2021-12-22 16:00:00,14,6,8
2021-12-22 17:00:00,18,7,11
2021-12-22 18:00:00,13,8,5
2021-12-22 19:00:00,10,2,8
2021-12-22 20:00:00,3,0,3
2021-12-22 21:00:00,2,1,1
2021-12-22 22:00:00,3,1,2
2021-12-22 23:00:00,2,0,2
2021-12-23 00:00:00,2,1,1
2021-12-23 01:00:00,0,0,0
2021-12-23 02:00:00,0,0,0
2021-12-23 03:00:00,0,0,0
2021-12-23 04:00:00,0,0,0
2021-12-23 05:00:00,6,0,6
2021-12-23 06:00:00,8,5,3
2021-12-23 07:00:00,17,10,7
2021-12-23 08:00:00,13,8,5
2021-12-23 09:00:00,19,9,10
2021-12-23 10:00:00,24,12,12
2021-12-23 11:00:00,23,11,12
2021-12-23 12:00:00,48,25,23
2021-12-23 13:00:00,40,16,24
2021-12-23 14:00:00,49,24,25
2021-12-23 15:00:00,39,13,26
2021-12-23 16:00:00,36,18,18
2021-12-23 17:00:00,15,2,13
2021-12-23 18:00:00,8,4,4
2021-12-23 19:00:00,14,6,8
2021-12-23 20:00:00,14,3,11
2021-12-23 21:00:00,19,16,3
2021-12-23 22:00:00,8,3,5
2021-12-23 23:00:00,1,1,0
2021-12-24 00:00:00,3,0,3
2021-12-24 01:00:00,0,0,0
2021-12-24 02:00:00,0,0,0
2021-12-24 03:00:00,0,0,0
2021-12-24 04:00:00,0,0,0
2021-12-24 05:00:00,0,0,0
2021-12-24 06:00:00,3,1,2
2021-12-24 07:00:00,2,1,1
2021-12-24 08:00:00,2,0,2
2021-12-24 09:00:00,11,6,5
2021-12-24 10:00:00,15,4,11
2021-12-24 11:00:00,14,4,10
2021-12-24 12:00:00,22,15,7
2021-12-24 13:00:00,20,10,10
2021-12-24 14:00:00,23,13,10
2021-12-24 15:00:00,28,16,12
2021-12-24 16:00:00,13,7,6
2021-12-24 17:00:00,4,0,4
2021-12-24 18:00:00,4,2,2
2021-12-24 19:00:00,6,3,3
2021-12-24 20:00:00,1,1,0
2021-12-24 21:00:00,1,1,0
2021-12-24 22:00:00,1,0,1
2021-12-24 23:00:00,0,0,0
2021-12-25 00:00:00,1,0,1
2021-12-25 01:00:00,0,0,0
2021-12-25 02:00:00,1,0,1
2021-12-25 03:00:00,0,0,0
2021-12-25 04:00:00,1,0,1
2021-12-25 05:00:00,1,1,0
2021-12-25 06:00:00,0,0,0
2021-12-25 07:00:00,2,1,1
2021-12-25 08:00:00,3,0,3
2021-12-25 09:00:00,10,3,7
2021-12-25 10:00:00,13,7,6
2021-12-25 11:00:00,11,5,6
2021-12-25 12:00:00,15,8,7
2021-12-25 13:00:00,7,3,4
2021-12-25 14:00:00,24,10,14
2021-12-25 15:00:00,23,13,10
2021-12-25 16:00:00,11,4,7
2021-12-25 17:00:00,5,2,3
2021-12-25 18:00:00,1,0,1
2021-12-25 19:00:00,0,0,0
2021-12-25 20:00:00,9,1,8
2021-12-25 21:00:00,2,2,0
2021-12-25 22:00:00,2,1,1
2021-12-25 23:00:00,0,0,0
2021-12-26 00:00:00,0,0,0
2021-12-26 01:00:00,0,0,0
2021-12-26 02:00:00,0,0,0
2021-12-26 03:00:00,0,0,0
2021-12-26 04:00:00,2,2,0
2021-12-26 05:00:00,0,0,0
2021-12-26 06:00:00,2,1,1
2021-12-26 07:00:00,0,0,0
2021-12-26 08:00:00,1,1,0
2021-12-26 09:00:00,1,1,0
2021-12-26 10:00:00,3,2,1
2021-12-26 11:00:00,4,1,3
2021-12-26 12:00:00,2,1,1
2021-12-26 13:00:00,3,3,0
2021-12-26 14:00:00,2,1,1
2021-12-26 15:00:00,1,0,1
2021-12-26 16:00:00,1,0,1
2021-12-26 17:00:00,0,0,0
2021-12-26 18:00:00,2,0,2
2021-12-26 19:00:00,2,0,2
2021-12-26 20:00:00,1,1,0
2021-12-26 21:00:00,0,0,0
2021-12-26 22:00:00,0,0,0
2021-12-26 23:00:00,0,0,0
2021-12-27 00:00:00,0,0,0
2021-12-27 01:00:00,0,0,0
2021-12-27 02:00:00,0,0,0
2021-12-27 03:00:00,0,0,0
2021-12-27 04:00:00,0,0,0
2021-12-27 05:00:00,0,0,0
2021-12-27 06:00:00,1,1,0
2021-12-27 07:00:00,1,0,1
2021-12-27 08:00:00,1,1,0
2021-12-27 09:00:00,0,0,0
2021-12-27 10:00:00,0,0,0
2021-12-27 11:00:00,2,1,1
2021-12-27 12:00:00,2,2,0
2021-12-27 13:00:00,4,1,3
2021-12-27 14:00:00,1,1,0
2021-12-27 15:00:00,2,0,2
2021-12-27 16:00:00,3,1,2
2021-12-27 17:00:00,2,2,0
2021-12-27 18:00:00,1,0,1
2021-12-27 19:00:00,0,0,0
2021-12-27 20:00:00,0,0,0
2021-12-27 21:00:00,0,0,0
2021-12-27 22:00:00,0,0,0
2021-12-27 23:00:00,0,0,0
2021-12-28 00:00:00,1,0,1
2021-12-28 01:00:00,0,0,0
2021-12-28 02:00:00,0,0,0
2021-12-28 03:00:00,0,0,0
2021-12-28 04:00:00,0,0,0
2021-12-28 05:00:00,0,0,0
2021-12-28 06:00:00,2,2,0
2021-12-28 07:00:00,0,0,0
2021-12-28 08:00:00,0,0,0
2021-12-28 09:00:00,3,0,3
2021-12-28 10:00:00,0,0,0
2021-12-28 11:00:00,4,2,2
2021-12-28 12:00:00,3,2,1
2021-12-28 13:00:00,3,2,1
2021-12-28 14:00:00,1,0,1
2021-12-28 15:00:00,4,2,2
2021-12-28 16:00:00,3,3,0
2021-12-28 17:00:00,1,0,1
2021-12-28 18:00:00,0,0,0
2021-12-28 19:00:00,0,0,0
2021-12-28 20:00:00,0,0,0
2021-12-28 21:00:00,0,0,0
2021-12-28 22:00:00,0,0,0
2021-12-28 23:00:00,0,0,0
2021-12-29 00:00:00,1,1,0
2021-12-29 01:00:00,0,0,0
2021-12-29 02:00:00,0,0,0
2021-12-29 03:00:00,0,0,0
2021-12-29 04:00:00,0,0,0
2021-12-29 05:00:00,0,0,0
2021-12-29 06:00:00,2,2,0
2021-12-29 07:00:00,1,1,0
2021-12-29 08:00:00,1,1,0
2021-12-29 09:00:00,3,2,1
2021-12-29 10:00:00,2,2,0
2021-12-29 11:00:00,6,5,1
2021-12-29 12:00:00,5,2,3
2021-12-29 13:00:00,3,2,1
2021-12-29 14:00:00,0,0,0
2021-12-29 15:00:00,8,4,4
2021-12-29 16:00:00,3,1,2
2021-12-29 17:00:00,1,1,0
2021-12-29 18:00:00,2,0,2
2021-12-29 19:00:00,0,0,0
2021-12-29 20:00:00,0,0,0
2021-12-29 21:00:00,0,0,0
2021-12-29 22:00:00,0,0,0
2021-12-29 23:00:00,0,0,0
2021-12-30 00:00:00,1,0,1
2021-12-30 01:00:00,0,0,0
2021-12-30 02:00:00,0,0,0
2021-12-30 03:00:00,0,0,0
2021-12-30 04:00:00,0,0,0
2021-12-30 05:00:00,0,0,0
2021-12-30 06:00:00,0,0,0
2021-12-30 07:00:00,3,1,2
2021-12-30 08:00:00,0,0,0
2021-12-30 09:00:00,2,1,1
2021-12-30 10:00:00,0,0,0
2021-12-30 11:00:00,3,1,2
2021-12-30 12:00:00,1,0,1
2021-12-30 13:00:00,0,0,0
2021-12-30 14:00:00,0,0,0
2021-12-30 15:00:00,2,0,2
2021-12-30 16:00:00,1,0,1
2021-12-30 17:00:00,3,2,1
2021-12-30 18:00:00,0,0,0
2021-12-30 19:00:00,1,1,0
2021-12-30 20:00:00,1,1,0
2021-12-30 21:00:00,0,0,0
2021-12-30 22:00:00,0,0,0
2021-12-30 23:00:00,0,0,0
2021-12-31 00:00:00,1,1,0
2021-12-31 01:00:00,1,0,1
2021-12-31 02:00:00,0,0,0
2021-12-31 03:00:00,0,0,0
2021-12-31 04:00:00,0,0,0
2021-12-31 05:00:00,0,0,0
2021-12-31 06:00:00,0,0,0
2021-12-31 07:00:00,1,1,0
2021-12-31 08:00:00,1,1,0
2021-12-31 09:00:00,0,0,0
2021-12-31 10:00:00,2,1,1
2021-12-31 11:00:00,3,0,3
2021-12-31 12:00:00,4,2,2
2021-12-31 13:00:00,3,2,1
2021-12-31 14:00:00,8,4,4
2021-12-31 15:00:00,2,1,1
2021-12-31 16:00:00,4,3,1
2021-12-31 17:00:00,0,0,0
2021-12-31 18:00:00,0,0,0
2021-12-31 19:00:00,0,0,0
2021-12-31 20:00:00,0,0,0
2021-12-31 21:00:00,1,1,0
2021-12-31 22:00:00,0,0,0
2021-12-31 23:00:00,0,0,0
2022-01-01 00:00:00,1,1,0
2022-01-01 01:00:00,2,2,0
2022-01-01 02:00:00,0,0,0
2022-01-01 03:00:00,0,0,0
2022-01-01 04:00:00,0,0,0
2022-01-01 05:00:00,0,0,0
2022-01-01 06:00:00,0,0,0
2022-01-01 07:00:00,0,0,0
2022-01-01 08:00:00,1,0,1
2022-01-01 09:00:00,1,1,0
2022-01-01 10:00:00,4,3,1
2022-01-01 11:00:00,2,1,1
2022-01-01 12:00:00,2,1,1
2022-01-01 13:00:00,1,1,0
2022-01-01 14:00:00,5,1,4
2022-01-01 15:00:00,4,3,1
2022-01-01 16:00:00,7,3,4
2022-01-01 17:00:00,0,0,0
2022-01-01 18:00:00,0,0,0
2022-01-01 19:00:00,0,0,0
2022-01-01 20:00:00,1,0,1
2022-01-01 21:00:00,0,0,0
2022-01-01 22:00:00,0,0,0
2022-01-01 23:00:00,0,0,0
2022-01-02 00:00:00,0,0,0
2022-01-02 01:00:00,0,0,0
2022-01-02 02:00:00,0,0,0
2022-01-02 03:00:00,0,0,0
2022-01-02 04:00:00,0,0,0
2022-01-02 05:00:00,0,0,0
2022-01-02 06:00:00,0,0,0
2022-01-02 07:00:00,0,0,0
2022-01-02 08:00:00,1,1,0
2022-01-02 09:00:00,0,0,0
2022-01-02 10:00:00,3,1,2
2022-01-02 11:00:00,1,1,0
2022-01-02 12:00:00,1,0,1
2022-01-02 13:00:00,1,0,1
2022-01-02 14:00:00,1,1,0
2022-01-02 15:00:00,3,0,3
2022-01-02 16:00:00,1,0,1
2022-01-02 17:00:00,1,0,1
2022-01-02 18:00:00,0,0,0
2022-01-02 19:00:00,0,0,0
2022-01-02 20:00:00,0,0,0
2022-01-02 21:00:00,0,0,0
2022-01-02 22:00:00,0,0,0
2022-01-02 23:00:00,0,0,0
2022-01-03 00:00:00,2,1,1
2022-01-03 01:00:00,2,0,2
2022-01-03 02:00:00,0,0,0
2022-01-03 03:00:00,0,0,0
2022-01-03 04:00:00,0,0,0
2022-01-03 05:00:00,2,0,2
2022-01-03 06:00:00,11,3,8
2022-01-03 07:00:00,13,5,8
2022-01-03 08:00:00,5,3,2
2022-01-03 09:00:00,7,2,5
2022-01-03 10:00:00,4,0,4
2022-01-03 11:00:00,8,4,4
2022-01-03 12:00:00,10,3,7
2022-01-03 13:00:00,6,3,3
2022-01-03 14:00:00,9,3,6
2022-01-03 15:00:00,10,7,3
2022-01-03 16:00:00,23,12,11
2022-01-03 17:00:00,19,9,10
2022-01-03 18:00:00,4,2,2
2022-01-03 19:00:00,2,1,1
2022-01-03 20:00:00,0,0,0
2022-01-03 21:00:00,0,0,0
2022-01-03 22:00:00,2,2,0
2022-01-03 23:00:00,0,0,0
2022-01-04 00:00:00,0,0,0
2022-01-04 01:00:00,0,0,0
2022-01-04 02:00:00,0,0,0
2022-01-04 03:00:00,0,0,0
2022-01-04 04:00:00,0,0,0
2022-01-04 05:00:00,2,1,1
2022-01-04 06:00:00,11,5,6
2022-01-04 07:00:00,11,7,4
2022-01-04 08:00:00,26,15,11
2022-01-04 09:00:00,15,11,4
2022-01-04 10:00:00,13,3,10
2022-01-04 11:00:00,15,8,7
2022-01-04 12:00:00,16,4,12
2022-01-04 13:00:00,9,6,3
2022-01-04 14:00:00,10,5,5
2022-01-04 15:00:00,10,6,4
2022-01-04 16:00:00,18,8,10
2022-01-04 17:00:00,20,6,14
2022-01-04 18:00:00,7,3,4
2022-01-04 19:00:00,10,2,8
2022-01-04 20:00:00,2,1,1
2022-01-04 21:00:00,2,1,1
2022-01-04 22:00:00,3,1,2
2022-01-04 23:00:00,1,0,1
2022-01-05 00:00:00,3,2,1
2022-01-05 01:00:00,0,0,0
2022-01-05 02:00:00,0,0,0
2022-01-05 03:00:00,1,0,1
2022-01-05 04:00:00,0,0,0
2022-01-05 05:00:00,4,2,2
2022-01-05 06:00:00,16,7,9
2022-01-05 07:00:00,28,15,13
2022-01-05 08:00:00,20,14,6
2022-01-05 09:00:00,8,4,4
2022-01-05 10:00:00,11,4,7
2022-01-05 11:00:00,12,8,4
2022-01-05 12:00:00,9,4,5
2022-01-05 13:00:00,11,3,8
2022-01-05 14:00:00,15,10,5
2022-01-05 15:00:00,26,14,12
2022-01-05 16:00:00,17,11,6
2022-01-05 17:00:00,32,14,18
2022-01-05 18:00:00,7,2,5
2022-01-05 19:00:00,3,2,1
2022-01-05 20:00:00,2,1,1
2022-01-05 21:00:00,1,0,1
2022-01-05 22:00:00,1,1,0
2022-01-05 23:00:00,3,1,2
2022-01-06 00:00:00,1,0,1
2022-01-06 01:00:00,0,0,0
2022-01-06 02:00:00,0,0,0
2022-01-06 03:00:00,0,0,0
2022-01-06 04:00:00,0,0,0
2022-01-06 05:00:00,1,0,1
2022-01-06 06:00:00,10,3,7
2022-01-06 07:00:00,26,16,10
2022-01-06 08:00:00,11,7,4
2022-01-06 09:00:00,17,6,11
2022-01-06 10:00:00,11,6,5
2022-01-06 11:00:00,6,2,4
2022-01-06 12:00:00,6,3,3
2022-01-06 13:00:00,3,0,3
2022-01-06 14:00:00,8,6,2
2022-01-06 15:00:00,16,8,8
2022-01-06 16:00:00,16,5,11
2022-01-06 17:00:00,26,9,17
2022-01-06 18:00:00,12,1,11
2022-01-06 19:00:00,2,1,1
2022-01-06 20:00:00,2,0,2
2022-01-06 21:00:00,1,0,1
2022-01-06 22:00:00,2,1,1
2022-01-06 23:00:00,0,0,0
2022-01-07 00:00:00,1,0,1
2022-01-07 01:00:00,0,0,0
2022-01-07 02:00:00,0,0,0
2022-01-07 03:00:00,0,0,0
2022-01-07 04:00:00,0,0,0
2022-01-07 05:00:00,3,0,3
2022-01-07 06:00:00,11,5,6
2022-01-07 07:00:00,17,6,11
2022-01-07 08:00:00,13,9,4
2022-01-07 09:00:00,16,7,9
2022-01-07 10:00:00,12,1,11
2022-01-07 11:00:00,4,1,3
2022-01-07 12:00:00,1,0,1
2022-01-07 13:00:00,13,4,9
2022-01-07 14:00:00,29,20,9
2022-01-07 15:00:00,22,8,14
2022-01-07 16:00:00,27,12,15
2022-01-07 17:00:00,24,8,16
2022-01-07 18:00:00,10,4,6
2022-01-07 19:00:00,10,5,5
2022-01-07 20:00:00,6,2,4
2022-01-07 21:00:00,3,2,1
2022-01-07 22:00:00,11,7,4
2022-01-07 23:00:00,8,2,6
2022-01-08 00:00:00,0,0,0
2022-01-08 01:00:00,2,0,2
2022-01-08 02:00:00,4,3,1
2022-01-08 03:00:00,0,0,0
2022-01-08 04:00:00,0,0,0
2022-01-08 05:00:00,0,0,0
2022-01-08 06:00:00,2,1,1
2022-01-08 07:00:00,6,4,2
2022-01-08 08:00:00,16,5,11
2022-01-08 09:00:00,22,9,13
2022-01-08 10:00:00,35,11,24
2022-01-08 11:00:00,48,18,30
2022-01-08 12:00:00,85,36,49
2022-01-08 13:00:00,92,38,54
2022-01-08 14:00:00,97,46,51
2022-01-08 15:00:00,108,53,55
2022-01-08 16:00:00,58,32,26
2022-01-08 17:00:00,24,17,7
2022-01-08 18:00:00,9,7,2
2022-01-08 19:00:00,4,1,3
2022-01-08 20:00:00,29,1,28
2022-01-08 21:00:00,2,0,2
2022-01-08 22:00:00,4,2,2
2022-01-08 23:00:00,2,1,1
2022-01-09 00:00:00,6,3,3
2022-01-09 01:00:00,0,0,0
2022-01-09 02:00:00,1,1,0
2022-01-09 03:00:00,0,0,0
2022-01-09 04:00:00,2,0,2
2022-01-09 05:00:00,0,0,0
2022-01-09 06:00:00,5,2,3
2022-01-09 07:00:00,3,1,2
2022-01-09 08:00:00,20,6,14
2022-01-09 09:00:00,33,12,21
2022-01-09 10:00:00,64,26,38
2022-01-09 11:00:00,124,62,62
2022-01-09 12:00:00,208,97,111
2022-01-09 13:00:00,198,87,111
2022-01-09 14:00:00,240,109,131
2022-01-09 15:00:00,196,83,113
2022-01-09 16:00:00,167,92,75
2022-01-09 17:00:00,45,21,24
2022-01-09 18:00:00,13,8,5
2022-01-09 19:00:00,1,0,1
2022-01-09 20:00:00,3,1,2
2022-01-09 21:00:00,7,3,4
2022-01-09 22:00:00,1,0,1
2022-01-09 23:00:00,3,1,2
2022-01-10 00:00:00,2,1,1
2022-01-10 01:00:00,0,0,0
2022-01-10 02:00:00,1,0,1
2022-01-10 03:00:00,0,0,0
2022-01-10 04:00:00,0,0,0
2022-01-10 05:00:00,6,2,4
2022-01-10 06:00:00,12,4,8
2022-01-10 07:00:00,27,17,10
2022-01-10 08:00:00,13,5,8
2022-01-10 09:00:00,20,14,6
2022-01-10 10:00:00,11,4,7
2022-01-10 11:00:00,15,7,8
2022-01-10 12:00:00,18,6,12
2022-01-10 13:00:00,12,6,6
2022-01-10 14:00:00,11,6,5
2022-01-10 15:00:00,23,7,16
2022-01-10 16:00:00,35,18,17
2022-01-10 17:00:00,27,11,16
2022-01-10 18:00:00,18,9,9
2022-01-10 19:00:00,13,6,7
2022-01-10 20:00:00,2,1,1
2022-01-10 21:00:00,2,1,1
2022-01-10 22:00:00,2,2,0
2022-01-10 23:00:00,1,1,0
2022-01-11 00:00:00,0,0,0
2022-01-11 01:00:00,0,0,0
2022-01-11 02:00:00,1,0,1
2022-01-11 03:00:00,0,0,0
2022-01-11 04:00:00,0,0,0
2022-01-11 05:00:00,8,5,3
2022-01-11 06:00:00,22,7,15
2022-01-11 07:00:00,24,13,11
2022-01-11 08:00:00,24,15,9
2022-01-11 09:00:00,17,7,10
2022-01-11 10:00:00,15,9,6
2022-01-11 11:00:00,8,4,4
2022-01-11 12:00:00,12,6,6
2022-01-11 13:00:00,12,4,8
2022-01-11 14:00:00,10,4,6
2022-01-11 15:00:00,8,6,2
2022-01-11 16:00:00,18,7,11
2022-01-11 17:00:00,29,11,18
2022-01-11 18:00:00,16,5,11
2022-01-11 19:00:00,3,2,1
2022-01-11 20:00:00,3,1,2
2022-01-11 21:00:00,2,2,0
2022-01-11 22:00:00,2,1,1
2022-01-11 23:00:00,2,1,1
2022-01-12 00:00:00,0,0,0
2022-01-12 01:00:00,1,0,1
2022-01-12 02:00:00,1,0,1
2022-01-12 03:00:00,0,0,0
2022-01-12 04:00:00,1,0,1
2022-01-12 05:00:00,6,2,4
2022-01-12 06:00:00,25,12,13
2022-01-12 07:00:00,27,15,12
2022-01-12 08:00:00,23,12,11
2022-01-12 09:00:00,17,9,8
2022-01-12 10:00:00,21,8,13
2022-01-12 11:00:00,16,6,10
2022-01-12 12:00:00,24,9,15
2022-01-12 13:00:00,20,8,12
2022-01-12 14:00:00,28,12,16
2022-01-12 15:00:00,56,27,29
2022-01-12 16:00:00,44,24,20
2022-01-12 17:00:00,48,21,27
2022-01-12 18:00:00,29,12,17
2022-01-12 19:00:00,8,4,4
2022-01-12 20:00:00,0,0,0
2022-01-12 21:00:00,4,1,3
2022-01-12 22:00:00,2,1,1
2022-01-12 23:00:00,3,0,3
2022-01-13 00:00:00,1,0,1
2022-01-13 01:00:00,0,0,0
2022-01-13 02:00:00,1,0,1
2022-01-13 03:00:00,0,0,0
2022-01-13 04:00:00,2,1,1
2022-01-13 05:00:00,4,2,2
2022-01-13 06:00:00,19,10,9
2022-01-13 07:00:00,29,17,12
2022-01-13 08:00:00,18,8,10
2022-01-13 09:00:00,20,7,13
2022-01-13 10:00:00,27,11,16
2022-01-13 11:00:00,20,10,10
2022-01-13 12:00:00,26,10,16
2022-01-13 13:00:00,47,20,27
2022-01-13 14:00:00,51,30,21
2022-01-13 15:00:00,98,42,56
2022-01-13 16:00:00,121,54,67
2022-01-13 17:00:00,58,33,25
2022-01-13 18:00:00,18,8,10
2022-01-13 19:00:00,7,3,4
2022-01-13 20:00:00,9,2,7
2022-01-13 21:00:00,10,3,7
2022-01-13 22:00:00,6,4,2
2022-01-13 23:00:00,3,1,2
2022-01-14 00:00:00,2,1,1
2022-01-14 01:00:00,0,0,0
2022-01-14 02:00:00,1,1,0
2022-01-14 03:00:00,0,0,0
2022-01-14 04:00:00,1,1,0
2022-01-14 05:00:00,5,1,4
2022-01-14 06:00:00,12,7,5
2022-01-14 07:00:00,24,13,11
2022-01-14 08:00:00,40,18,22
2022-01-14 09:00:00,28,20,8
2022-01-14 10:00:00,30,17,13
2022-01-14 11:00:00,33,17,16
2022-01-14 12:00:00,48,21,27
2022-01-14 13:00:00,67,33,34
2022-01-14 14:00:00,82,35,47
2022-01-14 15:00:00,80,38,42
2022-01-14 16:00:00,95,50,45
2022-01-14 17:00:00,42,17,25
2022-01-14 18:00:00,23,11,12
2022-01-14 19:00:00,12,2,10
2022-01-14 20:00:00,7,2,5
2022-01-14 21:00:00,5,2,3
2022-01-14 22:00:00,9,7,2
2022-01-14 23:00:00,11,2,9
2022-01-15 00:00:00,6,3,3
2022-01-15 01:00:00,2,1,1
2022-01-15 02:00:00,5,1,4
2022-01-15 03:00:00,1,0,1
2022-01-15 04:00:00,1,1,0
2022-01-15 05:00:00,2,2,0
2022-01-15 06:00:00,4,2,2
2022-01-15 07:00:00,14,2,12
2022-01-15 08:00:00,24,17,7
2022-01-15 09:00:00,34,11,23
2022-01-15 10:00:00,39,15,24
2022-01-15 11:00:00,70,35,35
2022-01-15 12:00:00,69,26,43
2022-01-15 13:00:00,70,38,32
2022-01-15 14:00:00,126,60,66
2022-01-15 15:00:00,90,36,54
2022-01-15 16:00:00,68,40,28
2022-01-15 17:00:00,29,10,19
2022-01-15 18:00:00,21,5,16
2022-01-15 19:00:00,16,12,4
2022-01-15 20:00:00,21,1,20
2022-01-15 21:00:00,3,0,3
2022-01-15 22:00:00,8,5,3
2022-01-15 23:00:00,1,0,1
2022-01-16 00:00:00,3,2,1
2022-01-16 01:00:00,8,3,5
2022-01-16 02:00:00,0,0,0
2022-01-16 03:00:00,0,0,0
2022-01-16 04:00:00,0,0,0
2022-01-16 05:00:00,0,0,0
2022-01-16 06:00:00,4,2,2
2022-01-16 07:00:00,2,1,1
2022-01-16 08:00:00,13,6,7
2022-01-16 09:00:00,27,15,12
2022-01-16 10:00:00,41,19,22
2022-01-16 11:00:00,74,31,43
2022-01-16 12:00:00,124,69,55
2022-01-16 13:00:00,68,36,32
2022-01-16 14:00:00,82,33,49
2022-01-16 15:00:00,133,56,77
2022-01-16 16:00:00,69,48,21
2022-01-16 17:00:00,22,9,13
2022-01-16 18:00:00,10,3,7
2022-01-16 19:00:00,10,2,8
2022-01-16 20:00:00,12,10,2
2022-01-16 21:00:00,6,1,5
2022-01-16 22:00:00,8,1,7
2022-01-16 23:00:00,1,1,0
2022-01-17 00:00:00,0,0,0
2022-01-17 01:00:00,1,1,0
2022-01-17 02:00:00,3,2,1
2022-01-17 03:00:00,0,0,0
2022-01-17 04:00:00,1,0,1
2022-01-17 05:00:00,8,0,8
2022-01-17 06:00:00,6,3,3
2022-01-17 07:00:00,12,5,7
2022-01-17 08:00:00,18,8,10
2022-01-17 09:00:00,17,12,5
2022-01-17 10:00:00,40,21,19
2022-01-17 11:00:00,47,24,23
2022-01-17 12:00:00,75,30,45
2022-01-17 13:00:00,87,38,49
2022-01-17 14:00:00,109,49,60
2022-01-17 15:00:00,127,54,73
2022-01-17 16:00:00,91,55,36
2022-01-17 17:00:00,47,26,21
2022-01-17 18:00:00,17,12,5
2022-01-17 19:00:00,13,3,10
2022-01-17 20:00:00,7,1,6
2022-01-17 21:00:00,8,7,1
2022-01-17 22:00:00,2,0,2
2022-01-17 23:00:00,1,1,0
2022-01-18 00:00:00,2,1,1
2022-01-18 01:00:00,1,1,0
2022-01-18 02:00:00,1,0,1
2022-01-18 03:00:00,0,0,0
2022-01-18 04:00:00,1,1,0
2022-01-18 05:00:00,10,4,6
2022-01-18 06:00:00,19,12,7
2022-01-18 07:00:00,26,18,8
2022-01-18 08:00:00,33,20,13
2022-01-18 09:00:00,13,7,6
2022-01-18 10:00:00,13,4,9
2022-01-18 11:00:00,17,8,9
2022-01-18 12:00:00,19,7,12
2022-01-18 13:00:00,21,7,14
2022-01-18 14:00:00,19,9,10
2022-01-18 15:00:00,48,27,21
2022-01-18 16:00:00,42,15,27
2022-01-18 17:00:00,42,15,27
2022-01-18 18:00:00,20,7,13
2022-01-18 19:00:00,16,6,10
2022-01-18 20:00:00,4,3,1
2022-01-18 21:00:00,5,2,3
2022-01-18 22:00:00,9,4,5
2022-01-18 23:00:00,10,6,4
2022-01-19 00:00:00,5,4,1
2022-01-19 01:00:00,3,2,1
2022-01-19 02:00:00,0,0,0
2022-01-19 03:00:00,0,0,0
2022-01-19 04:00:00,1,1,0
2022-01-19 05:00:00,10,5,5
2022-01-19 06:00:00,22,12,10
2022-01-19 07:00:00,27,12,15
2022-01-19 08:00:00,34,17,17
2022-01-19 09:00:00,29,20,9
2022-01-19 10:00:00,33,21,12
2022-01-19 11:00:00,31,18,13
2022-01-19 12:00:00,24,8,16
2022-01-19 13:00:00,27,12,15
2022-01-19 14:00:00,49,23,26
2022-01-19 15:00:00,50,29,21
2022-01-19 16:00:00,47,17,30
2022-01-19 17:00:00,44,19,25
2022-01-19 18:00:00,16,4,12
2022-01-19 19:00:00,10,5,5
2022-01-19 20:00:00,13,6,7
2022-01-19 21:00:00,7,0,7
2022-01-19 22:00:00,5,3,2
2022-01-19 23:00:00,0,0,0
2022-01-20 00:00:00,2,0,2
2022-01-20 01:00:00,0,0,0
2022-01-20 02:00:00,0,0,0
2022-01-20 03:00:00,0,0,0
2022-01-20 04:00:00,1,1,0
2022-01-20 05:00:00,6,3,3
2022-01-20 06:00:00,14,8,6
2022-01-20 07:00:00,32,16,16
2022-01-20 08:00:00,20,11,9
2022-01-20 09:00:00,25,16,9
2022-01-20 10:00:00,28,11,17
2022-01-20 11:00:00,13,10,3
2022-01-20 12:00:00,17,4,13
2022-01-20 13:00:00,7,4,3
2022-01-20 14:00:00,26,9,17
2022-01-20 15:00:00,38,23,15
2022-01-20 16:00:00,42,20,22
2022-01-20 17:00:00,33,13,20
2022-01-20 18:00:00,15,5,10
2022-01-20 19:00:00,12,5,7
2022-01-20 20:00:00,6,2,4
2022-01-20 21:00:00,3,1,2
2022-01-20 22:00:00,8,6,2
2022-01-20 23:00:00,2,1,1
2022-01-21 00:00:00,2,2,0
2022-01-21 01:00:00,0,0,0
2022-01-21 02:00:00,0,0,0
2022-01-21 03:00:00,0,0,0
2022-01-21 04:00:00,2,1,1
2022-01-21 05:00:00,13,6,7
2022-01-21 06:00:00,20,11,9
2022-01-21 07:00:00,32,18,14
2022-01-21 08:00:00,34,17,17
2022-01-21 09:00:00,25,14,11
2022-01-21 10:00:00,28,11,17
2022-01-21 11:00:00,36,22,14
2022-01-21 12:00:00,44,19,25
2022-01-21 13:00:00,43,26,17
2022-01-21 14:00:00,85,42,43
2022-01-21 15:00:00,98,36,62
2022-01-21 16:00:00,111,48,63
2022-01-21 17:00:00,89,43,46
2022-01-21 18:00:00,18,4,14
2022-01-21 19:00:00,12,7,5
2022-01-21 20:00:00,15,8,7
2022-01-21 21:00:00,4,2,2
2022-01-21 22:00:00,7,4,3
2022-01-21 23:00:00,6,3,3
2022-01-22 00:00:00,8,3,5
2022-01-22 01:00:00,0,0,0
2022-01-22 02:00:00,1,1,0
2022-01-22 03:00:00,0,0,0
2022-01-22 04:00:00,3,3,0
2022-01-22 05:00:00,0,0,0
2022-01-22 06:00:00,7,1,6
2022-01-22 07:00:00,5,2,3
2022-01-22 08:00:00,20,12,8
2022-01-22 09:00:00,33,10,23
2022-01-22 10:00:00,49,29,20
2022-01-22 11:00:00,91,57,34
2022-01-22 12:00:00,133,52,81
2022-01-22 13:00:00,158,69,89
2022-01-22 14:00:00,154,72,82
2022-01-22 15:00:00,170,72,98
2022-01-22 16:00:00,139,53,86
2022-01-22 17:00:00,62,42,20
2022-01-22 18:00:00,22,16,6
2022-01-22 19:00:00,3,0,3
2022-01-22 20:00:00,27,1,26
2022-01-22 21:00:00,1,0,1
2022-01-22 22:00:00,1,0,1
2022-01-22 23:00:00,4,2,2
2022-01-23 00:00:00,5,0,5
2022-01-23 01:00:00,9,2,7
2022-01-23 02:00:00,8,5,3
2022-01-23 03:00:00,4,0,4
2022-01-23 04:00:00,1,0,1
2022-01-23 05:00:00,0,0,0
2022-01-23 06:00:00,5,1,4
2022-01-23 07:00:00,6,3,3
2022-01-23 08:00:00,11,3,8
2022-01-23 09:00:00,43,23,20
2022-01-23 10:00:00,52,28,24
2022-01-23 11:00:00,54,25,29
2022-01-23 12:00:00,48,25,23
2022-01-23 13:00:00,61,17,44
2022-01-23 14:00:00,102,50,52
2022-01-23 15:00:00,71,39,32
2022-01-23 16:00:00,74,30,44
2022-01-23 17:00:00,20,12,8
2022-01-23 18:00:00,13,6,7
2022-01-23 19:00:00,3,1,2
2022-01-23 20:00:00,5,2,3
2022-01-23 21:00:00,5,2,3
2022-01-23 22:00:00,5,2,3
2022-01-23 23:00:00,0,0,0
2022-01-24 00:00:00,1,0,1
2022-01-24 01:00:00,0,0,0
2022-01-24 02:00:00,0,0,0
2022-01-24 03:00:00,0,0,0
2022-01-24 04:00:00,2,1,1
2022-01-24 05:00:00,5,1,4
2022-01-24 06:00:00,15,8,7
2022-01-24 07:00:00,40,27,13
2022-01-24 08:00:00,30,15,15
2022-01-24 09:00:00,25,15,10
2022-01-24 10:00:00,22,15,7
2022-01-24 11:00:00,18,7,11
2022-01-24 12:00:00,23,7,16
2022-01-24 13:00:00,15,7,8
2022-01-24 14:00:00,33,17,16
2022-01-24 15:00:00,34,9,25
2022-01-24 16:00:00,46,26,20
2022-01-24 17:00:00,49,18,31
2022-01-24 18:00:00,27,7,20
2022-01-24 19:00:00,13,10,3
2022-01-24 20:00:00,5,2,3
2022-01-24 21:00:00,1,0,1
2022-01-24 22:00:00,11,7,4
2022-01-24 23:00:00,0,0,0
2022-01-25 00:00:00,2,0,2
2022-01-25 01:00:00,0,0,0
2022-01-25 02:00:00,3,2,1
2022-01-25 03:00:00,1,0,1
2022-01-25 04:00:00,4,3,1
2022-01-25 05:00:00,5,2,3
2022-01-25 06:00:00,17,8,9
2022-01-25 07:00:00,31,17,14
2022-01-25 08:00:00,42,30,12
2022-01-25 09:00:00,29,19,10
2022-01-25 10:00:00,24,8,16
2022-01-25 11:00:00,17,8,9
2022-01-25 12:00:00,23,12,11
2022-01-25 13:00:00,22,14,8
2022-01-25 14:00:00,57,22,35
2022-01-25 15:00:00,55,32,23
2022-01-25 16:00:00,77,40,37
2022-01-25 17:00:00,70,32,38
2022-01-25 18:00:00,34,10,24
2022-01-25 19:00:00,12,4,8
2022-01-25 20:00:00,8,4,4
2022-01-25 21:00:00,7,3,4
2022-01-25 22:00:00,13,8,5
2022-01-25 23:00:00,0,0,0
2022-01-26 00:00:00,1,0,1
2022-01-26 01:00:00,0,0,0
2022-01-26 02:00:00,0,0,0
2022-01-26 03:00:00,0,0,0
2022-01-26 04:00:00,1,1,0
2022-01-26 05:00:00,14,7,7
2022-01-26 06:00:00,25,16,9
2022-01-26 07:00:00,45,26,19
2022-01-26 08:00:00,40,28,12
2022-01-26 09:00:00,32,23,9
2022-01-26 10:00:00,16,5,11
2022-01-26 11:00:00,24,14,10
2022-01-26 12:00:00,18,9,9
2022-01-26 13:00:00,22,9,13
2022-01-26 14:00:00,42,19,23
2022-01-26 15:00:00,57,28,29
2022-01-26 16:00:00,80,44,36
2022-01-26 17:00:00,103,51,52
2022-01-26 18:00:00,27,7,20
2022-01-26 19:00:00,12,5,7
2022-01-26 20:00:00,7,1,6
2022-01-26 21:00:00,5,1,4
2022-01-26 22:00:00,5,2,3
2022-01-26 23:00:00,0,0,0
2022-01-27 00:00:00,1,0,1
2022-01-27 01:00:00,0,0,0
2022-01-27 02:00:00,0,0,0
2022-01-27 03:00:00,0,0,0
2022-01-27 04:00:00,1,1,0
2022-01-27 05:00:00,3,2,1
2022-01-27 06:00:00,17,9,8
2022-01-27 07:00:00,41,23,18
2022-01-27 08:00:00,32,20,12
2022-01-27 09:00:00,35,21,14
2022-01-27 10:00:00,21,11,10
2022-01-27 11:00:00,15,8,7
2022-01-27 12:00:00,22,10,12
2022-01-27 13:00:00,23,15,8
2022-01-27 14:00:00,47,21,26
2022-01-27 15:00:00,70,42,28
2022-01-27 16:00:00,113,67,46
2022-01-27 17:00:00,89,43,46
2022-01-27 18:00:00,30,9,21
2022-01-27 19:00:00,24,4,20
2022-01-27 20:00:00,5,3,2
2022-01-27 21:00:00,2,0,2
2022-01-27 22:00:00,14,8,6
2022-01-27 23:00:00,3,1,2
2022-01-28 00:00:00,3,1,2
2022-01-28 01:00:00,0,0,0
2022-01-28 02:00:00,0,0,0
2022-01-28 03:00:00,0,0,0
2022-01-28 04:00:00,4,3,1
2022-01-28 05:00:00,6,1,5
2022-01-28 06:00:00,24,16,8
2022-01-28 07:00:00,16,7,9
2022-01-28 08:00:00,26,18,8
2022-01-28 09:00:00,35,28,7
2022-01-28 10:00:00,36,19,17
2022-01-28 11:00:00,28,16,12
2022-01-28 12:00:00,35,14,21
2022-01-28 13:00:00,53,22,31
2022-01-28 14:00:00,66,30,36
2022-01-28 15:00:00,85,37,48
2022-01-28 16:00:00,105,44,61
2022-01-28 17:00:00,79,39,40
2022-01-28 18:00:00,27,13,14
2022-01-28 19:00:00,19,5,14
2022-01-28 20:00:00,8,6,2
2022-01-28 21:00:00,10,7,3
2022-01-28 22:00:00,7,3,4
2022-01-28 23:00:00,2,0,2
2022-01-29 00:00:00,1,1,0
2022-01-29 01:00:00,1,0,1
2022-01-29 02:00:00,0,0,0
2022-01-29 03:00:00,0,0,0
2022-01-29 04:00:00,0,0,0
2022-01-29 05:00:00,2,1,1
2022-01-29 06:00:00,6,4,2
2022-01-29 07:00:00,10,6,4
2022-01-29 08:00:00,29,21,8
2022-01-29 09:00:00,35,15,20
2022-01-29 10:00:00,68,36,32
2022-01-29 11:00:00,66,36,30
2022-01-29 12:00:00,94,39,55
2022-01-29 13:00:00,98,48,50
2022-01-29 14:00:00,114,41,73
2022-01-29 15:00:00,134,72,62
2022-01-29 16:00:00,112,52,60
2022-01-29 17:00:00,59,34,25
2022-01-29 18:00:00,14,6,8
2022-01-29 19:00:00,19,10,9
2022-01-29 20:00:00,24,2,22
2022-01-29 21:00:00,7,4,3
2022-01-29 22:00:00,3,0,3
2022-01-29 23:00:00,6,2,4
2022-01-30 00:00:00,1,0,1
2022-01-30 01:00:00,2,0,2
2022-01-30 02:00:00,0,0,0
2022-01-30 03:00:00,2,2,0
2022-01-30 04:00:00,0,0,0
2022-01-30 05:00:00,0,0,0
2022-01-30 06:00:00,2,0,2
2022-01-30 07:00:00,4,1,3
2022-01-30 08:00:00,11,4,7
2022-01-30 09:00:00,20,3,17
2022-01-30 10:00:00,24,13,11
2022-01-30 11:00:00,21,13,8
2022-01-30 12:00:00,33,17,16
2022-01-30 13:00:00,20,8,12
2022-01-30 14:00:00,26,16,10
2022-01-30 15:00:00,26,17,9
2022-01-30 16:00:00,5,4,1
2022-01-30 17:00:00,2,1,1
2022-01-30 18:00:00,1,0,1
2022-01-30 19:00:00,3,2,1
2022-01-30 20:00:00,4,1,3
2022-01-30 21:00:00,2,1,1
2022-01-30 22:00:00,0,0,0
2022-01-30 23:00:00,2,0,2
2022-01-31 00:00:00,0,0,0
2022-01-31 01:00:00,1,0,1
2022-01-31 02:00:00,0,0,0
2022-01-31 03:00:00,0,0,0
2022-01-31 04:00:00,0,0,0
2022-01-31 05:00:00,8,4,4
2022-01-31 06:00:00,22,10,12
2022-01-31 07:00:00,33,16,17
2022-01-31 08:00:00,23,15,8
2022-01-31 09:00:00,24,17,7
2022-01-31 10:00:00,15,6,9
2022-01-31 11:00:00,17,9,8
2022-01-31 12:00:00,30,15,15
2022-01-31 13:00:00,39,22,17
2022-01-31 14:00:00,53,28,25
2022-01-31 15:00:00,60,26,34
2022-01-31 16:00:00,101,49,52
2022-01-31 17:00:00,66,30,36
2022-01-31 18:00:00,26,12,14
2022-01-31 19:00:00,23,4,19
2022-01-31 20:00:00,13,9,4
2022-01-31 21:00:00,6,3,3
2022-01-31 22:00:00,6,4,2
2022-01-31 23:00:00,0,0,0
2022-02-01 00:00:00,1,1,0
2022-02-01 01:00:00,0,0,0
2022-02-01 02:00:00,3,1,2
2022-02-01 03:00:00,0,0,0
2022-02-01 04:00:00,4,2,2
2022-02-01 05:00:00,12,7,5
2022-02-01 06:00:00,24,15,9
2022-02-01 07:00:00,38,24,14
2022-02-01 08:00:00,41,28,13
2022-02-01 09:00:00,30,18,12
2022-02-01 10:00:00,23,7,16
2022-02-01 11:00:00,20,13,7
2022-02-01 12:00:00,28,13,15
2022-02-01 13:00:00,20,11,9
2022-02-01 14:00:00,34,23,11
2022-02-01 15:00:00,43,15,28
2022-02-01 16:00:00,60,26,34
2022-02-01 17:00:00,69,25,44
2022-02-01 18:00:00,23,8,15
2022-02-01 19:00:00,10,2,8
2022-02-01 20:00:00,3,1,2
2022-02-01 21:00:00,14,5,9
2022-02-01 22:00:00,7,4,3
2022-02-01 23:00:00,0,0,0
2022-02-02 00:00:00,1,1,0
2022-02-02 01:00:00,0,0,0
2022-02-02 02:00:00,0,0,0
2022-02-02 03:00:00,0,0,0
2022-02-02 04:00:00,0,0,0
2022-02-02 05:00:00,8,5,3
2022-02-02 06:00:00,19,11,8
2022-02-02 07:00:00,43,27,16
2022-02-02 08:00:00,41,24,17
2022-02-02 09:00:00,27,13,14
2022-02-02 10:00:00,14,7,7
2022-02-02 11:00:00,18,8,10
2022-02-02 12:00:00,17,11,6
2022-02-02 13:00:00,10,2,8
2022-02-02 14:00:00,23,12,11
2022-02-02 15:00:00,24,11,13
2022-02-02 16:00:00,30,10,20
2022-02-02 17:00:00,40,16,24
2022-02-02 18:00:00,21,6,15
2022-02-02 19:00:00,11,4,7
2022-02-02 20:00:00,3,0,3
2022-02-02 21:00:00,8,3,5
2022-02-02 22:00:00,2,1,1
2022-02-02 23:00:00,0,0,0
2022-02-03 00:00:00,2,2,0
2022-02-03 01:00:00,1,1,0
2022-02-03 02:00:00,1,1,0
2022-02-03 03:00:00,0,0,0
2022-02-03 04:00:00,1,1,0
2022-02-03 05:00:00,4,2,2
2022-02-03 06:00:00,23,12,11
2022-02-03 07:00:00,46,26,20
2022-02-03 08:00:00,30,19,11
2022-02-03 09:00:00,18,12,6
2022-02-03 10:00:00,12,3,9
2022-02-03 11:00:00,12,10,2
2022-02-03 12:00:00,16,7,9
2022-02-03 13:00:00,18,7,11
2022-02-03 14:00:00,23,10,13
2022-02-03 15:00:00,17,6,11
2022-02-03 16:00:00,47,22,25
2022-02-03 17:00:00,46,14,32
2022-02-03 18:00:00,19,8,11
2022-02-03 19:00:00,8,4,4
2022-02-03 20:00:00,8,4,4
2022-02-03 21:00:00,2,0,2
2022-02-03 22:00:00,7,3,4
2022-02-03 23:00:00,4,3,1
2022-02-04 00:00:00,1,1,0
2022-02-04 01:00:00,1,1,0
2022-02-04 02:00:00,0,0,0
2022-02-04 03:00:00,0,0,0
2022-02-04 04:00:00,1,1,0
2022-02-04 05:00:00,6,1,5
2022-02-04 06:00:00,17,9,8
2022-02-04 07:00:00,24,14,10
2022-02-04 08:00:00,28,17,11
2022-02-04 09:00:00,26,18,8
2022-02-04 10:00:00,16,7,9
2022-02-04 11:00:00,15,6,9
2022-02-04 12:00:00,24,9,15
2022-02-04 13:00:00,20,14,6
2022-02-04 14:00:00,36,18,18
2022-02-04 15:00:00,45,21,24
2022-02-04 16:00:00,47,14,33
2022-02-04 17:00:00,42,16,26
2022-02-04 18:00:00,17,10,7
2022-02-04 19:00:00,9,4,5
2022-02-04 20:00:00,6,1,5
2022-02-04 21:00:00,16,7,9
2022-02-04 22:00:00,4,3,1
2022-02-04 23:00:00,2,0,2
2022-02-05 00:00:00,5,1,4
2022-02-05 01:00:00,1,0,1
2022-02-05 02:00:00,0,0,0
2022-02-05 03:00:00,0,0,0
2022-02-05 04:00:00,1,1,0
2022-02-05 05:00:00,3,2,1
2022-02-05 06:00:00,3,2,1
2022-02-05 07:00:00,6,4,2
2022-02-05 08:00:00,19,8,11
2022-02-05 09:00:00,30,17,13
2022-02-05 10:00:00,42,20,22
2022-02-05 11:00:00,63,17,46
2022-02-05 12:00:00,78,40,38
2022-02-05 13:00:00,77,35,42
2022-02-05 14:00:00,86,41,45
2022-02-05 15:00:00,96,41,55
2022-02-05 16:00:00,101,44,57
2022-02-05 17:00:00,59,35,24
2022-02-05 18:00:00,29,17,12
2022-02-05 19:00:00,2,0,2
2022-02-05 20:00:00,37,1,36
2022-02-05 21:00:00,3,0,3
2022-02-05 22:00:00,0,0,0
2022-02-05 23:00:00,1,0,1
2022-02-06 00:00:00,3,1,2
2022-02-06 01:00:00,1,0,1
2022-02-06 02:00:00,2,1,1
2022-02-06 03:00:00,0,0,0
2022-02-06 04:00:00,0,0,0
2022-02-06 05:00:00,0,0,0
2022-02-06 06:00:00,3,0,3
2022-02-06 07:00:00,6,4,2
2022-02-06 08:00:00,15,9,6
2022-02-06 09:00:00,36,16,20
2022-02-06 10:00:00,67,42,25
2022-02-06 11:00:00,92,49,43
2022-02-06 12:00:00,122,60,62
2022-02-06 13:00:00,177,72,105
2022-02-06 14:00:00,249,109,140
2022-02-06 15:00:00,206,82,124
2022-02-06 16:00:00,185,90,95
2022-02-06 17:00:00,100,60,40
2022-02-06 18:00:00,22,12,10
2022-02-06 19:00:00,4,2,2
2022-02-06 20:00:00,0,0,0
2022-02-06 21:00:00,1,0,1
2022-02-06 22:00:00,0,0,0
2022-02-06 23:00:00,0,0,0
2022-02-07 00:00:00,0,0,0
2022-02-07 01:00:00,1,1,0
2022-02-07 02:00:00,1,1,0
2022-02-07 03:00:00,0,0,0
2022-02-07 04:00:00,1,0,1
2022-02-07 05:00:00,7,4,3
2022-02-07 06:00:00,18,11,7
2022-02-07 07:00:00,45,25,20
2022-02-07 08:00:00,44,31,13
2022-02-07 09:00:00,22,8,14
2022-02-07 10:00:00,22,14,8
2022-02-07 11:00:00,18,10,8
2022-02-07 12:00:00,18,6,12
2022-02-07 13:00:00,26,14,12
2022-02-07 14:00:00,30,17,13
2022-02-07 15:00:00,45,20,25
2022-02-07 16:00:00,81,36,45
2022-02-07 17:00:00,81,30,51
2022-02-07 18:00:00,40,15,25
2022-02-07 19:00:00,23,4,19
2022-02-07 20:00:00,12,4,8
2022-02-07 21:00:00,16,7,9
2022-02-07 22:00:00,6,3,3
2022-02-07 23:00:00,3,1,2
2022-02-08 00:00:00,2,2,0
2022-02-08 01:00:00,2,0,2
2022-02-08 02:00:00,1,0,1
2022-02-08 03:00:00,0,0,0
2022-02-08 04:00:00,2,0,2
2022-02-08 05:00:00,16,5,11
2022-02-08 06:00:00,27,16,11
2022-02-08 07:00:00,49,28,21
2022-02-08 08:00:00,58,40,18
2022-02-08 09:00:00,21,10,11
2022-02-08 10:00:00,19,8,11
2022-02-08 11:00:00,33,17,16
2022-02-08 12:00:00,31,13,18
2022-02-08 13:00:00,39,23,16
2022-02-08 14:00:00,66,29,37
2022-02-08 15:00:00,45,25,20
2022-02-08 16:00:00,59,23,36
2022-02-08 17:00:00,84,28,56
2022-02-08 18:00:00,28,9,19
2022-02-08 19:00:00,6,2,4
2022-02-08 20:00:00,6,2,4
2022-02-08 21:00:00,3,1,2
2022-02-08 22:00:00,8,6,2
2022-02-08 23:00:00,0,0,0
2022-02-09 00:00:00,1,1,0
2022-02-09 01:00:00,1,0,1
2022-02-09 02:00:00,0,0,0
2022-02-09 03:00:00,0,0,0
2022-02-09 04:00:00,2,1,1
2022-02-09 05:00:00,11,6,5
2022-02-09 06:00:00,29,17,12
2022-02-09 07:00:00,52,36,16
2022-02-09 08:00:00,46,29,17
2022-02-09 09:00:00,38,28,10
2022-02-09 10:00:00,22,9,13
2022-02-09 11:00:00,34,16,18
2022-02-09 12:00:00,34,10,24
2022-02-09 13:00:00,52,28,24
2022-02-09 14:00:00,42,19,23
2022-02-09 15:00:00,64,35,29
2022-02-09 16:00:00,89,30,59
2022-02-09 17:00:00,92,41,51
2022-02-09 18:00:00,44,16,28
2022-02-09 19:00:00,25,13,12
2022-02-09 20:00:00,2,1,1
2022-02-09 21:00:00,9,5,4
2022-02-09 22:00:00,4,1,3
2022-02-09 23:00:00,4,0,4
2022-02-10 00:00:00,5,2,3
2022-02-10 01:00:00,0,0,0
2022-02-10 02:00:00,3,3,0
2022-02-10 03:00:00,0,0,0
2022-02-10 04:00:00,1,1,0
2022-02-10 05:00:00,15,7,8
2022-02-10 06:00:00,26,16,10
2022-02-10 07:00:00,45,24,21
2022-02-10 08:00:00,43,30,13
2022-02-10 09:00:00,27,15,12
2022-02-10 10:00:00,33,11,22
2022-02-10 11:00:00,27,13,14
2022-02-10 12:00:00,21,9,12
2022-02-10 13:00:00,19,9,10
2022-02-10 14:00:00,34,16,18
2022-02-10 15:00:00,48,24,24
2022-02-10 16:00:00,52,27,25
2022-02-10 17:00:00,77,24,53
2022-02-10 18:00:00,30,10,20
2022-02-10 19:00:00,43,9,34
2022-02-10 20:00:00,9,5,4
2022-02-10 21:00:00,6,1,5
2022-02-10 22:00:00,18,10,8
2022-02-10 23:00:00,1,0,1
2022-02-11 00:00:00,1,1,0
2022-02-11 01:00:00,0,0,0
2022-02-11 02:00:00,0,0,0
2022-02-11 03:00:00,0,0,0
2022-02-11 04:00:00,3,3,0
2022-02-11 05:00:00,6,1,5
2022-02-11 06:00:00,23,14,9
2022-02-11 07:00:00,33,23,10
2022-02-11 08:00:00,49,27,22
2022-02-11 09:00:00,32,24,8
2022-02-11 10:00:00,27,10,17
2022-02-11 11:00:00,34,21,13
2022-02-11 12:00:00,31,12,19
2022-02-11 13:00:00,29,16,13
2022-02-11 14:00:00,67,29,38
2022-02-11 15:00:00,92,53,39
2022-02-11 16:00:00,96,49,47
2022-02-11 17:00:00,122,57,65
2022-02-11 18:00:00,36,18,18
2022-02-11 19:00:00,34,16,18
2022-02-11 20:00:00,8,2,6
2022-02-11 21:00:00,8,5,3
2022-02-11 22:00:00,11,7,4
2022-02-11 23:00:00,7,4,3
2022-02-12 00:00:00,6,2,4
2022-02-12 01:00:00,1,0,1
2022-02-12 02:00:00,3,0,3
2022-02-12 03:00:00,0,0,0
2022-02-12 04:00:00,2,2,0
2022-02-12 05:00:00,1,1,0
2022-02-12 06:00:00,4,2,2
2022-02-12 07:00:00,16,4,12
2022-02-12 08:00:00,25,15,10
2022-02-12 09:00:00,56,31,25
2022-02-12 10:00:00,60,33,27
2022-02-12 11:00:00,139,62,77
2022-02-12 12:00:00,177,102,75
2022-02-12 13:00:00,219,94,125
2022-02-12 14:00:00,227,91,136
2022-02-12 15:00:00,265,140,125
2022-02-12 16:00:00,176,70,106
2022-02-12 17:00:00,125,69,56
2022-02-12 18:00:00,33,16,17
2022-02-12 19:00:00,18,2,16
2022-02-12 20:00:00,40,4,36
2022-02-12 21:00:00,9,6,3
2022-02-12 22:00:00,1,0,1
2022-02-12 23:00:00,1,0,1
2022-02-13 00:00:00,4,1,3
2022-02-13 01:00:00,6,4,2
2022-02-13 02:00:00,0,0,0
2022-02-13 03:00:00,0,0,0
2022-02-13 04:00:00,2,2,0
2022-02-13 05:00:00,1,1,0
2022-02-13 06:00:00,1,0,1
2022-02-13 07:00:00,6,4,2
2022-02-13 08:00:00,20,10,10
2022-02-13 09:00:00,29,8,21
2022-02-13 10:00:00,42,21,21
2022-02-13 11:00:00,80,40,40
2022-02-13 12:00:00,127,70,57
2022-02-13 13:00:00,147,73,74
2022-02-13 14:00:00,198,89,109
2022-02-13 15:00:00,154,68,86
2022-02-13 16:00:00,94,48,46
2022-02-13 17:00:00,58,33,25
2022-02-13 18:00:00,14,7,7
2022-02-13 19:00:00,8,2,6
2022-02-13 20:00:00,8,4,4
2022-02-13 21:00:00,2,1,1
2022-02-13 22:00:00,0,0,0
2022-02-13 23:00:00,1,1,0
2022-02-14 00:00:00,2,0,2
2022-02-14 01:00:00,0,0,0
2022-02-14 02:00:00,1,0,1
2022-02-14 03:00:00,0,0,0
2022-02-14 04:00:00,0,0,0
2022-02-14 05:00:00,5,1,4
2022-02-14 06:00:00,23,15,8
2022-02-14 07:00:00,36,19,17
2022-02-14 08:00:00,21,13,8
2022-02-14 09:00:00,25,15,10
2022-02-14 10:00:00,7,2,5
2022-02-14 11:00:00,9,8,1
2022-02-14 12:00:00,10,2,8
2022-02-14 13:00:00,16,7,9
2022-02-14 14:00:00,31,13,18
2022-02-14 15:00:00,52,32,20
2022-02-14 16:00:00,66,31,35
2022-02-14 17:00:00,60,20,40
2022-02-14 18:00:00,20,13,7
2022-02-14 19:00:00,9,2,7
2022-02-14 20:00:00,3,0,3
2022-02-14 21:00:00,6,0,6
2022-02-14 22:00:00,4,4,0
2022-02-14 23:00:00,0,0,0
2022-02-15 00:00:00,2,2,0
2022-02-15 01:00:00,0,0,0
2022-02-15 02:00:00,1,0,1
2022-02-15 03:00:00,1,0,1
2022-02-15 04:00:00,0,0,0
2022-02-15 05:00:00,15,8,7
2022-02-15 06:00:00,31,17,14
2022-02-15 07:00:00,49,27,22
2022-02-15 08:00:00,57,38,19
2022-02-15 09:00:00,28,16,12
2022-02-15 10:00:00,18,7,11
2022-02-15 11:00:00,18,7,11
2022-02-15 12:00:00,28,12,16
2022-02-15 13:00:00,32,18,14
2022-02-15 14:00:00,29,14,15
2022-02-15 15:00:00,45,25,20
2022-02-15 16:00:00,82,36,46
2022-02-15 17:00:00,98,39,59
2022-02-15 18:00:00,33,14,19
2022-02-15 19:00:00,11,5,6
2022-02-15 20:00:00,22,11,11
2022-02-15 21:00:00,6,2,4
2022-02-15 22:00:00,4,4,0
2022-02-15 23:00:00,7,3,4
2022-02-16 00:00:00,2,2,0
2022-02-16 01:00:00,1,1,0
2022-02-16 02:00:00,0,0,0
2022-02-16 03:00:00,0,0,0
2022-02-16 04:00:00,2,1,1
2022-02-16 05:00:00,22,14,8
2022-02-16 06:00:00,33,19,14
2022-02-16 07:00:00,45,23,22
2022-02-16 08:00:00,72,47,25
2022-02-16 09:00:00,43,21,22
2022-02-16 10:00:00,29,12,17
2022-02-16 11:00:00,25,9,16
2022-02-16 12:00:00,34,22,12
2022-02-16 13:00:00,40,15,25
2022-02-16 14:00:00,57,30,27
2022-02-16 15:00:00,66,30,36
2022-02-16 16:00:00,85,36,49
2022-02-16 17:00:00,124,58,66
2022-02-16 18:00:00,64,32,32
2022-02-16 19:00:00,9,3,6
2022-02-16 20:00:00,10,5,5
2022-02-16 21:00:00,3,1,2
2022-02-16 22:00:00,11,3,8
2022-02-16 23:00:00,4,2,2
2022-02-17 00:00:00,2,2,0
2022-02-17 01:00:00,0,0,0
2022-02-17 02:00:00,0,0,0
2022-02-17 03:00:00,0,0,0
2022-02-17 04:00:00,2,2,0
2022-02-17 05:00:00,11,3,8
2022-02-17 06:00:00,24,14,10
2022-02-17 07:00:00,65,30,35
2022-02-17 08:00:00,55,36,19
2022-02-17 09:00:00,44,26,18
2022-02-17 10:00:00,30,14,16
2022-02-17 11:00:00,41,23,18
2022-02-17 12:00:00,37,13,24
2022-02-17 13:00:00,16,11,5
2022-02-17 14:00:00,39,17,22
2022-02-17 15:00:00,42,21,21
2022-02-17 16:00:00,61,25,36
2022-02-17 17:00:00,107,44,63
2022-02-17 18:00:00,38,11,27
2022-02-17 19:00:00,16,6,10
2022-02-17 20:00:00,11,4,7
2022-02-17 21:00:00,9,6,3
2022-02-17 22:00:00,5,4,1
2022-02-17 23:00:00,7,2,5
2022-02-18 00:00:00,3,1,2
2022-02-18 01:00:00,0,0,0
2022-02-18 02:00:00,0,0,0
2022-02-18 03:00:00,0,0,0
2022-02-18 04:00:00,2,2,0
2022-02-18 05:00:00,7,3,4
2022-02-18 06:00:00,12,8,4
2022-02-18 07:00:00,35,19,16
2022-02-18 08:00:00,45,31,14
2022-02-18 09:00:00,28,18,10
2022-02-18 10:00:00,39,24,15
2022-02-18 11:00:00,39,16,23
2022-02-18 12:00:00,35,14,21
2022-02-18 13:00:00,38,17,21
2022-02-18 14:00:00,69,30,39
2022-02-18 15:00:00,66,28,38
2022-02-18 16:00:00,95,47,48
2022-02-18 17:00:00,106,49,57
2022-02-18 18:00:00,58,33,25
2022-02-18 19:00:00,12,8,4
2022-02-18 20:00:00,8,2,6
2022-02-18 21:00:00,7,5,2
2022-02-18 22:00:00,8,3,5
2022-02-18 23:00:00,6,4,2
2022-02-19 00:00:00,4,3,1
2022-02-19 01:00:00,0,0,0
2022-02-19 02:00:00,2,0,2
2022-02-19 03:00:00,0,0,0
2022-02-19 04:00:00,1,1,0
2022-02-19 05:00:00,0,0,0
2022-02-19 06:00:00,2,0,2
2022-02-19 07:00:00,13,6,7
2022-02-19 08:00:00,18,12,6
2022-02-19 09:00:00,22,9,13
2022-02-19 10:00:00,27,10,17
2022-02-19 11:00:00,51,21,30
2022-02-19 12:00:00,75,31,44
2022-02-19 13:00:00,34,15,19
2022-02-19 14:00:00,48,25,23
2022-02-19 15:00:00,37,16,21
2022-02-19 16:00:00,61,33,28
2022-02-19 17:00:00,36,22,14
2022-02-19 18:00:00,12,9,3
2022-02-19 19:00:00,13,6,7
2022-02-19 20:00:00,25,7,18
2022-02-19 21:00:00,1,0,1
2022-02-19 22:00:00,4,1,3
2022-02-19 23:00:00,3,0,3
2022-02-20 00:00:00,18,9,9
2022-02-20 01:00:00,0,0,0
2022-02-20 02:00:00,0,0,0
2022-02-20 03:00:00,0,0,0
2022-02-20 04:00:00,0,0,0
2022-02-20 05:00:00,0,0,0
2022-02-20 06:00:00,1,0,1
2022-02-20 07:00:00,2,2,0
2022-02-20 08:00:00,9,2,7
2022-02-20 09:00:00,15,5,10
2022-02-20 10:00:00,18,10,8
2022-02-20 11:00:00,48,23,25
2022-02-20 12:00:00,58,38,20
2022-02-20 13:00:00,69,44,25
2022-02-20 14:00:00,81,36,45
2022-02-20 15:00:00,92,42,50
2022-02-20 16:00:00,57,34,23
2022-02-20 17:00:00,36,23,13
2022-02-20 18:00:00,10,6,4
2022-02-20 19:00:00,2,0,2
2022-02-20 20:00:00,3,2,1
2022-02-20 21:00:00,2,1,1
2022-02-20 22:00:00,4,0,4
2022-02-20 23:00:00,4,2,2
2022-02-21 00:00:00,0,0,0
2022-02-21 01:00:00,0,0,0
2022-02-21 02:00:00,0,0,0
2022-02-21 03:00:00,0,0,0
2022-02-21 04:00:00,0,0,0
2022-02-21 05:00:00,3,1,2
2022-02-21 06:00:00,8,3,5
2022-02-21 07:00:00,13,6,7
2022-02-21 08:00:00,20,12,8
2022-02-21 09:00:00,16,7,9
2022-02-21 10:00:00,26,12,14
2022-02-21 11:00:00,35,22,13
2022-02-21 12:00:00,23,10,13
2022-02-21 13:00:00,33,18,15
2022-02-21 14:00:00,77,32,45
2022-02-21 15:00:00,79,48,31
2022-02-21 16:00:00,77,40,37
2022-02-21 17:00:00,62,33,29
2022-02-21 18:00:00,12,4,8
2022-02-21 19:00:00,8,5,3
2022-02-21 20:00:00,4,2,2
2022-02-21 21:00:00,6,3,3
2022-02-21 22:00:00,4,2,2
2022-02-21 23:00:00,0,0,0
2022-02-22 00:00:00,1,1,0
2022-02-22 01:00:00,0,0,0
2022-02-22 02:00:00,0,0,0
2022-02-22 03:00:00,0,0,0
2022-02-22 04:00:00,0,0,0
2022-02-22 05:00:00,7,6,1
2022-02-22 06:00:00,14,3,11
2022-02-22 07:00:00,16,8,8
2022-02-22 08:00:00,21,10,11
2022-02-22 09:00:00,15,8,7
2022-02-22 10:00:00,13,5,8
2022-02-22 11:00:00,10,6,4
2022-02-22 12:00:00,8,1,7
2022-02-22 13:00:00,11,5,6
2022-02-22 14:00:00,17,10,7
2022-02-22 15:00:00,15,9,6
2022-02-22 16:00:00,13,6,7
2022-02-22 17:00:00,34,15,19
2022-02-22 18:00:00,10,3,7
2022-02-22 19:00:00,7,4,3
2022-02-22 20:00:00,1,1,0
2022-02-22 21:00:00,2,1,1
2022-02-22 22:00:00,6,4,2
2022-02-22 23:00:00,1,1,0
2022-02-23 00:00:00,0,0,0
2022-02-23 01:00:00,1,1,0
2022-02-23 02:00:00,0,0,0
2022-02-23 03:00:00,0,0,0
2022-02-23 04:00:00,0,0,0
2022-02-23 05:00:00,5,3,2
2022-02-23 06:00:00,14,7,7
2022-02-23 07:00:00,22,15,7
2022-02-23 08:00:00,28,20,8
2022-02-23 09:00:00,24,15,9
2022-02-23 10:00:00,10,3,7
2022-02-23 11:00:00,11,5,6
2022-02-23 12:00:00,23,7,16
2022-02-23 13:00:00,22,6,16
2022-02-23 14:00:00,37,18,19
2022-02-23 15:00:00,34,15,19
2022-02-23 16:00:00,69,41,28
2022-02-23 17:00:00,59,28,31
2022-02-23 18:00:00,31,14,17
2022-02-23 19:00:00,6,4,2
2022-02-23 20:00:00,9,6,3
2022-02-23 21:00:00,6,0,6
2022-02-23 22:00:00,0,0,0
2022-02-23 23:00:00,0,0,0
2022-02-24 00:00:00,0,0,0
2022-02-24 01:00:00,0,0,0
2022-02-24 02:00:00,0,0,0
2022-02-24 03:00:00,0,0,0
2022-02-24 04:00:00,0,0,0
2022-02-24 05:00:00,0,0,0
2022-02-24 06:00:00,0,0,0
2022-02-24 07:00:00,0,0,0
2022-02-24 08:00:00,0,0,0
2022-02-24 09:00:00,0,0,0
2022-02-24 10:00:00,0,0,0
2022-02-24 11:00:00,0,0,0
2022-02-24 12:00:00,0,0,0
2022-02-24 13:00:00,0,0,0
2022-02-24 14:00:00,49,20,29
2022-02-24 15:00:00,44,22,22
2022-02-24 16:00:00,58,25,33
2022-02-24 17:00:00,78,43,35
2022-02-24 18:00:00,23,11,12
2022-02-24 19:00:00,11,6,5
2022-02-24 20:00:00,5,4,1
2022-02-24 21:00:00,6,1,5
2022-02-24 22:00:00,12,7,5
2022-02-24 23:00:00,0,0,0
2022-02-25 00:00:00,1,1,0
2022-02-25 01:00:00,0,0,0
2022-02-25 02:00:00,1,0,1
2022-02-25 03:00:00,0,0,0
2022-02-25 04:00:00,3,3,0
2022-02-25 05:00:00,6,2,4
2022-02-25 06:00:00,10,6,4
2022-02-25 07:00:00,19,11,8
2022-02-25 08:00:00,18,11,7
2022-02-25 09:00:00,21,12,9
2022-02-25 10:00:00,13,7,6
2022-02-25 11:00:00,21,5,16
2022-02-25 12:00:00,36,15,21
2022-02-25 13:00:00,70,29,41
2022-02-25 14:00:00,75,35,40
2022-02-25 15:00:00,103,51,52
2022-02-25 16:00:00,116,62,54
2022-02-25 17:00:00,117,57,60
2022-02-25 18:00:00,49,23,26
2022-02-25 19:00:00,13,4,9
2022-02-25 20:00:00,6,0,6
2022-02-25 21:00:00,2,1,1
2022-02-25 22:00:00,6,2,4
2022-02-25 23:00:00,3,1,2
2022-02-26 00:00:00,2,2,0
2022-02-26 01:00:00,0,0,0
2022-02-26 02:00:00,0,0,0
2022-02-26 03:00:00,0,0,0
2022-02-26 04:00:00,1,1,0
2022-02-26 05:00:00,1,1,0
2022-02-26 06:00:00,1,1,0
2022-02-26 07:00:00,12,6,6
2022-02-26 08:00:00,20,13,7
2022-02-26 09:00:00,30,13,17
2022-02-26 10:00:00,44,23,21
2022-02-26 11:00:00,69,28,41
2022-02-26 12:00:00,79,42,37
2022-02-26 13:00:00,70,33,37
2022-02-26 14:00:00,46,24,22
2022-02-26 15:00:00,36,18,18
2022-02-26 16:00:00,18,8,10
2022-02-26 17:00:00,8,2,6
2022-02-26 18:00:00,8,6,2
2022-02-26 19:00:00,6,1,5
2022-02-26 20:00:00,0,0,0
2022-02-26 21:00:00,2,1,1
2022-02-26 22:00:00,1,0,1
2022-02-26 23:00:00,3,1,2
2022-02-27 00:00:00,0,0,0
2022-02-27 01:00:00,0,0,0
2022-02-27 02:00:00,0,0,0
2022-02-27 03:00:00,0,0,0
2022-02-27 04:00:00,1,1,0
2022-02-27 05:00:00,1,0,1
2022-02-27 06:00:00,1,0,1
2022-02-27 07:00:00,41,40,1
2022-02-27 08:00:00,50,48,2
2022-02-27 09:00:00,23,15,8
2022-02-27 10:00:00,23,10,13
2022-02-27 11:00:00,29,17,12
2022-02-27 12:00:00,36,19,17
2022-02-27 13:00:00,32,5,27
2022-02-27 14:00:00,64,3,61
2022-02-27 15:00:00,20,8,12
2022-02-27 16:00:00,8,2,6
2022-02-27 17:00:00,3,0,3
2022-02-27 18:00:00,10,5,5
2022-02-27 19:00:00,5,1,4
2022-02-27 20:00:00,1,0,1
2022-02-27 21:00:00,0,0,0
2022-02-27 22:00:00,0,0,0
2022-02-27 23:00:00,0,0,0
2022-02-28 00:00:00,1,0,1
2022-02-28 01:00:00,1,1,0
2022-02-28 02:00:00,1,0,1
2022-02-28 03:00:00,0,0,0
2022-02-28 04:00:00,2,1,1
2022-02-28 05:00:00,7,5,2
2022-02-28 06:00:00,12,9,3
2022-02-28 07:00:00,27,12,15
2022-02-28 08:00:00,13,9,4
2022-02-28 09:00:00,7,2,5
2022-02-28 10:00:00,9,0,9
2022-02-28 11:00:00,9,6,3
2022-02-28 12:00:00,5,1,4
2022-02-28 13:00:00,1,1,0
2022-02-28 14:00:00,9,3,6
2022-02-28 15:00:00,13,6,7
2022-02-28 16:00:00,17,4,13
2022-02-28 17:00:00,27,11,16
2022-02-28 18:00:00,8,3,5
2022-02-28 19:00:00,9,3,6
2022-02-28 20:00:00,2,1,1
2022-02-28 21:00:00,2,2,0
2022-02-28 22:00:00,1,0,1
2022-02-28 23:00:00,1,0,1
2022-03-01 00:00:00,3,2,1
2022-03-01 01:00:00,0,0,0
2022-03-01 02:00:00,0,0,0
2022-03-01 03:00:00,1,1,0
2022-03-01 04:00:00,1,0,1
2022-03-01 05:00:00,7,4,3
2022-03-01 06:00:00,21,9,12
2022-03-01 07:00:00,41,20,21
2022-03-01 08:00:00,40,28,12
2022-03-01 09:00:00,27,16,11
2022-03-01 10:00:00,25,15,10
2022-03-01 11:00:00,29,17,12
2022-03-01 12:00:00,29,10,19
2022-03-01 13:00:00,30,17,13
2022-03-01 14:00:00,39,22,17
2022-03-01 15:00:00,61,25,36
2022-03-01 16:00:00,88,45,43
2022-03-01 17:00:00,111,54,57
2022-03-01 18:00:00,57,32,25
2022-03-01 19:00:00,29,6,23
2022-03-01 20:00:00,8,3,5
2022-03-01 21:00:00,18,9,9
2022-03-01 22:00:00,20,12,8
2022-03-01 23:00:00,3,2,1
2022-03-02 00:00:00,2,1,1
2022-03-02 01:00:00,2,2,0
2022-03-02 02:00:00,2,0,2
2022-03-02 03:00:00,0,0,0
2022-03-02 04:00:00,0,0,0
2022-03-02 05:00:00,9,6,3
2022-03-02 06:00:00,28,15,13
2022-03-02 07:00:00,45,23,22
2022-03-02 08:00:00,47,27,20
2022-03-02 09:00:00,33,16,17
2022-03-02 10:00:00,11,4,7
2022-03-02 11:00:00,14,9,5
2022-03-02 12:00:00,8,3,5
2022-03-02 13:00:00,14,8,6
2022-03-02 14:00:00,14,7,7
2022-03-02 15:00:00,31,18,13
2022-03-02 16:00:00,31,8,23
2022-03-02 17:00:00,66,22,44
2022-03-02 18:00:00,40,18,22
2022-03-02 19:00:00,15,4,11
2022-03-02 20:00:00,5,1,4
2022-03-02 21:00:00,3,1,2
2022-03-02 22:00:00,7,3,4
2022-03-02 23:00:00,2,2,0
2022-03-03 00:00:00,1,1,0
2022-03-03 01:00:00,0,0,0
2022-03-03 02:00:00,2,2,0
2022-03-03 03:00:00,0,0,0
2022-03-03 04:00:00,4,2,2
2022-03-03 05:00:00,7,3,4
2022-03-03 06:00:00,23,14,9
2022-03-03 07:00:00,37,21,16
2022-03-03 08:00:00,44,29,15
2022-03-03 09:00:00,16,9,7
2022-03-03 10:00:00,18,12,6
2022-03-03 11:00:00,23,13,10
2022-03-03 12:00:00,13,5,8
2022-03-03 13:00:00,28,13,15
2022-03-03 14:00:00,68,40,28
2022-03-03 15:00:00,72,29,43
2022-03-03 16:00:00,85,39,46
2022-03-03 17:00:00,126,39,87
2022-03-03 18:00:00,62,32,30
2022-03-03 19:00:00,16,4,12
2022-03-03 20:00:00,7,4,3
2022-03-03 21:00:00,4,2,2
2022-03-03 22:00:00,7,4,3
2022-03-03 23:00:00,1,0,1
2022-03-04 00:00:00,2,1,1
2022-03-04 01:00:00,0,0,0
2022-03-04 02:00:00,0,0,0
2022-03-04 03:00:00,0,0,0
2022-03-04 04:00:00,3,2,1
2022-03-04 05:00:00,6,1,5
2022-03-04 06:00:00,21,12,9
2022-03-04 07:00:00,30,18,12
2022-03-04 08:00:00,36,23,13
2022-03-04 09:00:00,31,16,15
2022-03-04 10:00:00,20,9,11
2022-03-04 11:00:00,34,15,19
2022-03-04 12:00:00,31,14,17
2022-03-04 13:00:00,32,13,19
2022-03-04 14:00:00,52,26,26
2022-03-04 15:00:00,43,24,19
2022-03-04 16:00:00,85,42,43
2022-03-04 17:00:00,96,38,58
2022-03-04 18:00:00,47,20,27
2022-03-04 19:00:00,11,1,10
2022-03-04 20:00:00,17,12,5
2022-03-04 21:00:00,1,1,0
2022-03-04 22:00:00,5,4,1
2022-03-04 23:00:00,9,3,6
2022-03-05 00:00:00,4,3,1
2022-03-05 01:00:00,1,0,1
2022-03-05 02:00:00,0,0,0
2022-03-05 03:00:00,0,0,0
2022-03-05 04:00:00,2,1,1
2022-03-05 05:00:00,3,3,0
2022-03-05 06:00:00,3,2,1
2022-03-05 07:00:00,13,5,8
2022-03-05 08:00:00,26,11,15
2022-03-05 09:00:00,33,15,18
2022-03-05 10:00:00,62,36,26
2022-03-05 11:00:00,63,33,30
2022-03-05 12:00:00,80,43,37
2022-03-05 13:00:00,107,54,53
2022-03-05 14:00:00,114,54,60
2022-03-05 15:00:00,178,84,94
2022-03-05 16:00:00,167,74,93
2022-03-05 17:00:00,109,56,53
2022-03-05 18:00:00,53,34,19
2022-03-05 19:00:00,19,12,7
2022-03-05 20:00:00,38,7,31
2022-03-05 21:00:00,18,7,11
2022-03-05 22:00:00,7,3,4
2022-03-05 23:00:00,3,0,3
2022-03-06 00:00:00,1,0,1
2022-03-06 01:00:00,0,0,0
2022-03-06 02:00:00,2,0,2
2022-03-06 03:00:00,0,0,0
2022-03-06 04:00:00,0,0,0
2022-03-06 05:00:00,0,0,0
2022-03-06 06:00:00,3,1,2
2022-03-06 07:00:00,14,4,10
2022-03-06 08:00:00,43,15,28
2022-03-06 09:00:00,57,29,28
2022-03-06 10:00:00,37,14,23
2022-03-06 11:00:00,66,36,30
2022-03-06 12:00:00,98,48,50
2022-03-06 13:00:00,144,76,68
2022-03-06 14:00:00,146,69,77
2022-03-06 15:00:00,148,57,91
2022-03-06 16:00:00,189,96,93
2022-03-06 17:00:00,132,75,57
2022-03-06 18:00:00,54,31,23
2022-03-06 19:00:00,25,14,11
2022-03-06 20:00:00,3,3,0
2022-03-06 21:00:00,5,0,5
2022-03-06 22:00:00,1,0,1
2022-03-06 23:00:00,0,0,0
2022-03-07 00:00:00,3,2,1
2022-03-07 01:00:00,0,0,0
2022-03-07 02:00:00,0,0,0
2022-03-07 03:00:00,0,0,0
2022-03-07 04:00:00,0,0,0
2022-03-07 05:00:00,7,5,2
2022-03-07 06:00:00,30,15,15
2022-03-07 07:00:00,37,15,22
2022-03-07 08:00:00,54,42,12
2022-03-07 09:00:00,34,16,18
2022-03-07 10:00:00,23,12,11
2022-03-07 11:00:00,30,13,17
2022-03-07 12:00:00,25,13,12
2022-03-07 13:00:00,43,23,20
2022-03-07 14:00:00,32,15,17
2022-03-07 15:00:00,57,26,31
2022-03-07 16:00:00,93,34,59
2022-03-07 17:00:00,102,43,59
2022-03-07 18:00:00,50,26,24
2022-03-07 19:00:00,29,15,14
2022-03-07 20:00:00,8,2,6
2022-03-07 21:00:00,5,4,1
2022-03-07 22:00:00,8,6,2
2022-03-07 23:00:00,0,0,0
2022-03-08 00:00:00,2,1,1
2022-03-08 01:00:00,0,0,0
2022-03-08 02:00:00,0,0,0
2022-03-08 03:00:00,0,0,0
2022-03-08 04:00:00,0,0,0
2022-03-08 05:00:00,13,6,7
2022-03-08 06:00:00,34,15,19
2022-03-08 07:00:00,39,22,17
2022-03-08 08:00:00,38,24,14
2022-03-08 09:00:00,19,9,10
2022-03-08 10:00:00,17,10,7
2022-03-08 11:00:00,14,9,5
2022-03-08 12:00:00,11,3,8
2022-03-08 13:00:00,25,11,14
2022-03-08 14:00:00,32,14,18
2022-03-08 15:00:00,51,27,24
2022-03-08 16:00:00,57,29,28
2022-03-08 17:00:00,85,32,53
2022-03-08 18:00:00,49,23,26
2022-03-08 19:00:00,13,8,5
2022-03-08 20:00:00,8,5,3
2022-03-08 21:00:00,13,1,12
2022-03-08 22:00:00,6,5,1
2022-03-08 23:00:00,1,1,0
2022-03-09 00:00:00,4,2,2
2022-03-09 01:00:00,1,1,0
2022-03-09 02:00:00,0,0,0
2022-03-09 03:00:00,0,0,0
2022-03-09 04:00:00,0,0,0
2022-03-09 05:00:00,8,4,4
2022-03-09 06:00:00,22,15,7
2022-03-09 07:00:00,49,28,21
2022-03-09 08:00:00,77,45,32
2022-03-09 09:00:00,52,31,21
2022-03-09 10:00:00,44,28,16
2022-03-09 11:00:00,39,22,17
2022-03-09 12:00:00,43,26,17
2022-03-09 13:00:00,59,33,26
2022-03-09 14:00:00,62,34,28
2022-03-09 15:00:00,66,32,34
2022-03-09 16:00:00,111,52,59
2022-03-09 17:00:00,126,41,85
2022-03-09 18:00:00,50,25,25
2022-03-09 19:00:00,7,4,3
2022-03-09 20:00:00,4,0,4
2022-03-09 21:00:00,4,0,4
2022-03-09 22:00:00,5,4,1
2022-03-09 23:00:00,4,3,1
2022-03-10 00:00:00,6,4,2
2022-03-10 01:00:00,4,2,2
2022-03-10 02:00:00,0,0,0
2022-03-10 03:00:00,0,0,0
2022-03-10 04:00:00,0,0,0
2022-03-10 05:00:00,8,4,4
2022-03-10 06:00:00,40,18,22
2022-03-10 07:00:00,38,20,18
2022-03-10 08:00:00,41,27,14
2022-03-10 09:00:00,39,20,19
2022-03-10 10:00:00,32,21,11
2022-03-10 11:00:00,32,18,14
2022-03-10 12:00:00,37,24,13
2022-03-10 13:00:00,28,16,12
2022-03-10 14:00:00,43,15,28
2022-03-10 15:00:00,63,28,35
2022-03-10 16:00:00,83,32,51
2022-03-10 17:00:00,83,31,52
2022-03-10 18:00:00,52,26,26
2022-03-10 19:00:00,23,12,11
2022-03-10 20:00:00,4,3,1
2022-03-10 21:00:00,7,3,4
2022-03-10 22:00:00,7,2,5
2022-03-10 23:00:00,2,2,0
2022-03-11 00:00:00,4,2,2
2022-03-11 01:00:00,0,0,0
2022-03-11 02:00:00,0,0,0
2022-03-11 03:00:00,5,2,3
2022-03-11 04:00:00,3,2,1
2022-03-11 05:00:00,5,2,3
2022-03-11 06:00:00,25,18,7
2022-03-11 07:00:00,36,24,12
2022-03-11 08:00:00,45,29,16
2022-03-11 09:00:00,37,22,15
2022-03-11 10:00:00,37,21,16
2022-03-11 11:00:00,31,20,11
2022-03-11 12:00:00,54,27,27
2022-03-11 13:00:00,42,24,18
2022-03-11 14:00:00,71,35,36
2022-03-11 15:00:00,59,32,27
2022-03-11 16:00:00,64,23,41
2022-03-11 17:00:00,82,33,49
2022-03-11 18:00:00,52,25,27
2022-03-11 19:00:00,22,13,9
2022-03-11 20:00:00,1,0,1
2022-03-11 21:00:00,8,5,3
2022-03-11 22:00:00,13,3,10
2022-03-11 23:00:00,4,2,2
2022-03-12 00:00:00,8,4,4
2022-03-12 01:00:00,0,0,0
2022-03-12 02:00:00,1,0,1
2022-03-12 03:00:00,0,0,0
2022-03-12 04:00:00,2,2,0
2022-03-12 05:00:00,2,1,1
2022-03-12 06:00:00,4,3,1
2022-03-12 07:00:00,21,7,14
2022-03-12 08:00:00,34,17,17
2022-03-12 09:00:00,58,34,24
2022-03-12 10:00:00,87,36,51
2022-03-12 11:00:00,122,67,55
2022-03-12 12:00:00,103,49,54
2022-03-12 13:00:00,139,61,78
2022-03-12 14:00:00,146,74,72
2022-03-12 15:00:00,100,38,62
2022-03-12 16:00:00,33,18,15
2022-03-12 17:00:00,10,5,5
2022-03-12 18:00:00,12,4,8
2022-03-12 19:00:00,16,12,4
2022-03-12 20:00:00,3,2,1
2022-03-12 21:00:00,1,0,1
2022-03-12 22:00:00,1,0,1
2022-03-12 23:00:00,3,0,3
2022-03-13 00:00:00,3,1,2
2022-03-13 01:00:00,0,0,0
2022-03-13 02:00:00,0,0,0
2022-03-13 03:00:00,1,0,1
2022-03-13 04:00:00,0,0,0
2022-03-13 05:00:00,1,1,0
2022-03-13 06:00:00,0,0,0
2022-03-13 07:00:00,3,0,3
2022-03-13 08:00:00,8,4,4
2022-03-13 09:00:00,33,13,20
2022-03-13 10:00:00,68,25,43
2022-03-13 11:00:00,72,42,30
2022-03-13 12:00:00,92,54,38
2022-03-13 13:00:00,148,98,50
2022-03-13 14:00:00,65,22,43
2022-03-13 15:00:00,59,33,26
2022-03-13 16:00:00,76,34,42
2022-03-13 17:00:00,46,28,18
2022-03-13 18:00:00,31,16,15
2022-03-13 19:00:00,12,8,4
2022-03-13 20:00:00,8,5,3
2022-03-13 21:00:00,1,0,1
2022-03-13 22:00:00,2,1,1
2022-03-13 23:00:00,0,0,0
2022-03-14 00:00:00,2,2,0
2022-03-14 01:00:00,1,1,0
2022-03-14 02:00:00,0,0,0
2022-03-14 03:00:00,0,0,0
2022-03-14 04:00:00,0,0,0
2022-03-14 05:00:00,6,3,3
2022-03-14 06:00:00,19,12,7
2022-03-14 07:00:00,32,16,16
2022-03-14 08:00:00,31,20,11
2022-03-14 09:00:00,20,12,8
2022-03-14 10:00:00,25,8,17
2022-03-14 11:00:00,16,7,9
2022-03-14 12:00:00,20,10,10
2022-03-14 13:00:00,12,4,8
2022-03-14 14:00:00,15,9,6
2022-03-14 15:00:00,27,13,14
2022-03-14 16:00:00,18,6,12
2022-03-14 17:00:00,34,12,22
2022-03-14 18:00:00,16,6,10
2022-03-14 19:00:00,12,4,8
2022-03-14 20:00:00,0,0,0
2022-03-14 21:00:00,4,3,1
2022-03-14 22:00:00,2,2,0
2022-03-14 23:00:00,3,2,1
2022-03-15 00:00:00,1,1,0
2022-03-15 01:00:00,2,1,1
2022-03-15 02:00:00,0,0,0
2022-03-15 03:00:00,0,0,0
2022-03-15 04:00:00,1,0,1
2022-03-15 05:00:00,13,8,5
2022-03-15 06:00:00,18,7,11
2022-03-15 07:00:00,52,30,22
2022-03-15 08:00:00,52,32,20
2022-03-15 09:00:00,0,0,0
2022-03-15 10:00:00,24,12,12
2022-03-15 11:00:00,16,11,5
2022-03-15 12:00:00,27,14,13
2022-03-15 13:00:00,36,21,15
2022-03-15 14:00:00,39,18,21
2022-03-15 15:00:00,31,18,13
2022-03-15 16:00:00,69,26,43
2022-03-15 17:00:00,69,28,41
2022-03-15 18:00:00,75,22,53
2022-03-15 19:00:00,0,0,0
2022-03-15 20:00:00,0,0,0
2022-03-15 21:00:00,0,0,0
2022-03-15 22:00:00,0,0,0
2022-03-15 23:00:00,0,0,0
2022-03-16 00:00:00,0,0,0
2022-03-16 01:00:00,0,0,0
2022-03-16 02:00:00,0,0,0
2022-03-16 03:00:00,0,0,0
2022-03-16 04:00:00,0,0,0
2022-03-16 05:00:00,0,0,0
2022-03-16 06:00:00,0,0,0
2022-03-16 07:00:00,0,0,0
2022-03-16 08:00:00,68,45,23
2022-03-16 09:00:00,23,0,23
2022-03-16 10:00:00,16,0,16
2022-03-16 11:00:00,9,0,9
2022-03-16 12:00:00,44,18,26
2022-03-16 13:00:00,36,10,26
2022-03-16 14:00:00,56,28,28
2022-03-16 15:00:00,0,0,0
2022-03-16 16:00:00,0,0,0
2022-03-16 17:00:00,170,59,111
2022-03-16 18:00:00,88,42,46
2022-03-16 19:00:00,71,36,35
2022-03-16 20:00:00,0,0,0
2022-03-16 21:00:00,0,0,0
2022-03-16 22:00:00,0,0,0
2022-03-16 23:00:00,0,0,0
2022-03-17 00:00:00,0,0,0
2022-03-17 01:00:00,0,0,0
2022-03-17 02:00:00,0,0,0
2022-03-17 03:00:00,0,0,0
2022-03-17 04:00:00,0,0,0
2022-03-17 05:00:00,0,0,0
2022-03-17 06:00:00,28,11,17
2022-03-17 07:00:00,45,24,21
2022-03-17 08:00:00,44,29,15
2022-03-17 09:00:00,40,23,17
2022-03-17 10:00:00,21,9,12
2022-03-17 11:00:00,18,13,5
2022-03-17 12:00:00,18,7,11
2022-03-17 13:00:00,22,11,11
2022-03-17 14:00:00,20,9,11
2022-03-17 15:00:00,23,12,11
2022-03-17 16:00:00,36,16,20
2022-03-17 17:00:00,57,22,35
2022-03-17 18:00:00,53,23,30
2022-03-17 19:00:00,24,10,14
2022-03-17 20:00:00,8,0,8
2022-03-17 21:00:00,0,0,0
2022-03-17 22:00:00,0,0,0
2022-03-17 23:00:00,0,0,0
2022-03-18 00:00:00,0,0,0
2022-03-18 01:00:00,0,0,0
2022-03-18 02:00:00,0,0,0
2022-03-18 03:00:00,0,0,0
2022-03-18 04:00:00,0,0,0
2022-03-18 05:00:00,0,0,0
2022-03-18 06:00:00,18,10,8
2022-03-18 07:00:00,34,16,18
2022-03-18 08:00:00,47,24,23
2022-03-18 09:00:00,41,30,11
2022-03-18 10:00:00,20,4,16
2022-03-18 11:00:00,39,19,20
2022-03-18 12:00:00,41,22,19
2022-03-18 13:00:00,45,24,21
2022-03-18 14:00:00,41,24,17
2022-03-18 15:00:00,68,29,39
2022-03-18 16:00:00,78,30,48
2022-03-18 17:00:00,92,37,55
2022-03-18 18:00:00,79,34,45
2022-03-18 19:00:00,35,18,17
2022-03-18 20:00:00,15,10,5
2022-03-18 21:00:00,0,0,0
2022-03-18 22:00:00,0,0,0
2022-03-18 23:00:00,0,0,0
2022-03-19 00:00:00,0,0,0
2022-03-19 01:00:00,0,0,0
2022-03-19 02:00:00,0,0,0
2022-03-19 03:00:00,0,0,0
2022-03-19 04:00:00,0,0,0
2022-03-19 05:00:00,0,0,0
2022-03-19 06:00:00,0,0,0
2022-03-19 07:00:00,5,0,5
2022-03-19 08:00:00,0,0,0
2022-03-19 09:00:00,22,8,14
2022-03-19 10:00:00,19,8,11
2022-03-19 11:00:00,32,14,18
2022-03-19 12:00:00,27,9,18
2022-03-19 13:00:00,48,19,29
2022-03-19 14:00:00,38,21,17
2022-03-19 15:00:00,28,14,14
2022-03-19 16:00:00,36,23,13
2022-03-19 17:00:00,8,0,8
2022-03-19 18:00:00,9,0,9
2022-03-19 19:00:00,27,19,8
2022-03-19 20:00:00,0,0,0
2022-03-19 21:00:00,4,0,4
2022-03-19 22:00:00,6,0,6
2022-03-19 23:00:00,0,0,0
2022-03-20 00:00:00,0,0,0
2022-03-20 01:00:00,0,0,0
2022-03-20 02:00:00,0,0,0
2022-03-20 03:00:00,0,0,0
2022-03-20 04:00:00,0,0,0
2022-03-20 05:00:00,0,0,0
2022-03-20 06:00:00,2,0,2
2022-03-20 07:00:00,4,2,2
2022-03-20 08:00:00,10,6,4
2022-03-20 09:00:00,13,0,13
2022-03-20 10:00:00,59,25,34
2022-03-20 11:00:00,80,46,34
2022-03-20 12:00:00,67,28,39
2022-03-20 13:00:00,57,26,31
2022-03-20 14:00:00,20,11,9
2022-03-20 15:00:00,29,15,14
2022-03-20 16:00:00,9,5,4
2022-03-20 17:00:00,9,3,6
2022-03-20 18:00:00,12,2,10
2022-03-20 19:00:00,0,0,0
2022-03-20 20:00:00,0,0,0
2022-03-20 21:00:00,0,0,0
2022-03-20 22:00:00,0,0,0
2022-03-20 23:00:00,0,0,0
2022-03-21 00:00:00,0,0,0
2022-03-21 01:00:00,0,0,0
2022-03-21 02:00:00,0,0,0
2022-03-21 03:00:00,0,0,0
2022-03-21 04:00:00,0,0,0
2022-03-21 05:00:00,4,0,4
2022-03-21 06:00:00,20,14,6
2022-03-21 07:00:00,35,15,20
2022-03-21 08:00:00,20,11,9
2022-03-21 09:00:00,0,0,0
2022-03-21 10:00:00,13,5,8
2022-03-21 11:00:00,21,13,8
2022-03-21 12:00:00,12,0,12
2022-03-21 13:00:00,8,0,8
2022-03-21 14:00:00,47,9,38
2022-03-21 15:00:00,62,38,24
2022-03-21 16:00:00,45,23,22
2022-03-21 17:00:00,48,22,26
2022-03-21 18:00:00,37,21,16
2022-03-21 19:00:00,0,0,0
2022-03-21 20:00:00,0,0,0
2022-03-21 21:00:00,0,0,0
2022-03-21 22:00:00,0,0,0
2022-03-21 23:00:00,0,0,0
2022-03-22 00:00:00,0,0,0
2022-03-22 01:00:00,0,0,0
2022-03-22 02:00:00,0,0,0
2022-03-22 03:00:00,0,0,0
2022-03-22 04:00:00,0,0,0
2022-03-22 05:00:00,0,0,0
2022-03-22 06:00:00,0,0,0
2022-03-22 07:00:00,50,31,19
2022-03-22 08:00:00,77,52,25
2022-03-22 09:00:00,40,21,19
2022-03-22 10:00:00,29,14,15
2022-03-22 11:00:00,37,17,20
2022-03-22 12:00:00,0,0,0
2022-03-22 13:00:00,16,0,16
2022-03-22 14:00:00,71,0,71
2022-03-22 15:00:00,63,0,63
2022-03-22 16:00:00,149,68,81
2022-03-22 17:00:00,179,73,106
2022-03-22 18:00:00,220,96,124
2022-03-22 19:00:00,0,0,0
2022-03-22 20:00:00,0,0,0
2022-03-22 21:00:00,0,0,0
2022-03-22 22:00:00,0,0,0
2022-03-22 23:00:00,0,0,0
2022-03-23 00:00:00,0,0,0
2022-03-23 01:00:00,0,0,0
2022-03-23 02:00:00,0,0,0
2022-03-23 03:00:00,0,0,0
2022-03-23 04:00:00,5,0,5
2022-03-23 05:00:00,0,0,0
2022-03-23 06:00:00,22,11,11
2022-03-23 07:00:00,45,27,18
2022-03-23 08:00:00,0,0,0
2022-03-23 09:00:00,0,0,0
2022-03-23 10:00:00,0,0,0
2022-03-23 11:00:00,0,0,0
2022-03-23 12:00:00,0,0,0
2022-03-23 13:00:00,0,0,0
2022-03-23 14:00:00,0,0,0
2022-03-23 15:00:00,0,0,0
2022-03-23 16:00:00,0,0,0
2022-03-23 17:00:00,0,0,0
2022-03-23 18:00:00,0,0,0
2022-03-23 19:00:00,0,0,0
2022-03-23 20:00:00,0,0,0
2022-03-23 21:00:00,0,0,0
2022-03-23 22:00:00,0,0,0
2022-03-23 23:00:00,0,0,0
2022-03-24 00:00:00,0,0,0
2022-03-24 01:00:00,0,0,0
2022-03-24 02:00:00,0,0,0
2022-03-24 03:00:00,0,0,0
2022-03-24 04:00:00,0,0,0
2022-03-24 05:00:00,0,0,0
2022-03-24 06:00:00,0,0,0
2022-03-24 07:00:00,0,0,0
2022-03-24 08:00:00,0,0,0
2022-03-24 09:00:00,0,0,0
2022-03-24 10:00:00,0,0,0
2022-03-24 11:00:00,0,0,0
2022-03-24 12:00:00,0,0,0
2022-03-24 13:00:00,0,0,0
2022-03-24 14:00:00,0,0,0
2022-03-24 15:00:00,0,0,0
2022-03-24 16:00:00,0,0,0
2022-03-24 17:00:00,0,0,0
2022-03-24 18:00:00,0,0,0
2022-03-24 19:00:00,0,0,0
2022-03-24 20:00:00,0,0,0
2022-03-24 21:00:00,0,0,0
2022-03-24 22:00:00,0,0,0
2022-03-24 23:00:00,0,0,0
2022-03-25 00:00:00,0,0,0
2022-03-25 01:00:00,0,0,0
2022-03-25 02:00:00,0,0,0
2022-03-25 03:00:00,0,0,0
2022-03-25 04:00:00,0,0,0
2022-03-25 05:00:00,0,0,0
2022-03-25 06:00:00,0,0,0
2022-03-25 07:00:00,0,0,0
2022-03-25 08:00:00,0,0,0
2022-03-25 09:00:00,0,0,0
2022-03-25 10:00:00,0,0,0
2022-03-25 11:00:00,0,0,0
2022-03-25 12:00:00,0,0,0
2022-03-25 13:00:00,0,0,0
2022-03-25 14:00:00,0,0,0
2022-03-25 15:00:00,0,0,0
2022-03-25 16:00:00,0,0,0
2022-03-25 17:00:00,0,0,0
2022-03-25 18:00:00,0,0,0
2022-03-25 19:00:00,0,0,0
2022-03-25 20:00:00,0,0,0
2022-03-25 21:00:00,0,0,0
2022-03-25 22:00:00,0,0,0
2022-03-25 23:00:00,0,0,0
2022-03-26 00:00:00,0,0,0
2022-03-26 01:00:00,0,0,0
2022-03-26 02:00:00,0,0,0
2022-03-26 03:00:00,0,0,0
2022-03-26 04:00:00,0,0,0
2022-03-26 05:00:00,0,0,0
2022-03-26 06:00:00,0,0,0
2022-03-26 07:00:00,0,0,0
2022-03-26 08:00:00,0,0,0
2022-03-26 09:00:00,0,0,0
2022-03-26 10:00:00,0,0,0
2022-03-26 11:00:00,0,0,0
2022-03-26 12:00:00,0,0,0
2022-03-26 13:00:00,0,0,0
2022-03-26 14:00:00,0,0,0
2022-03-26 15:00:00,0,0,0
2022-03-26 16:00:00,0,0,0
2022-03-26 17:00:00,0,0,0
2022-03-26 18:00:00,0,0,0
2022-03-26 19:00:00,0,0,0
2022-03-26 20:00:00,0,0,0
2022-03-26 21:00:00,0,0,0
2022-03-26 22:00:00,0,0,0
2022-03-26 23:00:00,0,0,0
2022-03-27 00:00:00,0,0,0
2022-03-27 01:00:00,0,0,0
2022-03-27 02:00:00,0,0,0
2022-03-27 03:00:00,0,0,0
2022-03-27 04:00:00,0,0,0
2022-03-27 05:00:00,0,0,0
2022-03-27 06:00:00,0,0,0
2022-03-27 07:00:00,0,0,0
2022-03-27 08:00:00,0,0,0
2022-03-27 09:00:00,0,0,0
2022-03-27 10:00:00,0,0,0
2022-03-27 11:00:00,0,0,0
2022-03-27 12:00:00,0,0,0
2022-03-27 13:00:00,0,0,0
2022-03-27 14:00:00,0,0,0
2022-03-27 15:00:00,0,0,0
2022-03-27 16:00:00,0,0,0
2022-03-27 17:00:00,0,0,0
2022-03-27 18:00:00,0,0,0
2022-03-27 19:00:00,0,0,0
2022-03-27 20:00:00,0,0,0
2022-03-27 21:00:00,0,0,0
2022-03-27 22:00:00,0,0,0
2022-03-27 23:00:00,0,0,0
2022-03-28 00:00:00,0,0,0
2022-03-28 01:00:00,0,0,0
2022-03-28 02:00:00,0,0,0
2022-03-28 03:00:00,0,0,0
2022-03-28 04:00:00,0,0,0
2022-03-28 05:00:00,0,0,0
2022-03-28 06:00:00,0,0,0
2022-03-28 07:00:00,0,0,0
2022-03-28 08:00:00,0,0,0
2022-03-28 09:00:00,0,0,0
2022-03-28 10:00:00,0,0,0
2022-03-28 11:00:00,0,0,0
2022-03-28 12:00:00,0,0,0
2022-03-28 13:00:00,0,0,0
2022-03-28 14:00:00,0,0,0
2022-03-28 15:00:00,0,0,0
2022-03-28 16:00:00,0,0,0
2022-03-28 17:00:00,0,0,0
2022-03-28 18:00:00,0,0,0
2022-03-28 19:00:00,0,0,0
2022-03-28 20:00:00,0,0,0
2022-03-28 21:00:00,0,0,0
2022-03-28 22:00:00,0,0,0
2022-03-28 23:00:00,0,0,0
2022-03-29 00:00:00,0,0,0
2022-03-29 01:00:00,0,0,0
2022-03-29 02:00:00,0,0,0
2022-03-29 03:00:00,0,0,0
2022-03-29 04:00:00,0,0,0
2022-03-29 05:00:00,0,0,0
2022-03-29 06:00:00,0,0,0
2022-03-29 07:00:00,0,0,0
2022-03-29 08:00:00,0,0,0
2022-03-29 09:00:00,0,0,0
2022-03-29 10:00:00,0,0,0
2022-03-29 11:00:00,0,0,0
2022-03-29 12:00:00,0,0,0
2022-03-29 13:00:00,0,0,0
2022-03-29 14:00:00,0,0,0
2022-03-29 15:00:00,0,0,0
2022-03-29 16:00:00,0,0,0
2022-03-29 17:00:00,0,0,0
2022-03-29 18:00:00,0,0,0
2022-03-29 19:00:00,0,0,0
2022-03-29 20:00:00,0,0,0
2022-03-29 21:00:00,0,0,0
2022-03-29 22:00:00,0,0,0
2022-03-29 23:00:00,0,0,0
2022-03-30 00:00:00,0,0,0
2022-03-30 01:00:00,0,0,0
2022-03-30 02:00:00,0,0,0
2022-03-30 03:00:00,0,0,0
2022-03-30 04:00:00,0,0,0
2022-03-30 05:00:00,0,0,0
2022-03-30 06:00:00,0,0,0
2022-03-30 07:00:00,0,0,0
2022-03-30 08:00:00,0,0,0
2022-03-30 09:00:00,0,0,0
2022-03-30 10:00:00,0,0,0
2022-03-30 11:00:00,0,0,0
2022-03-30 12:00:00,0,0,0
2022-03-30 13:00:00,0,0,0
2022-03-30 14:00:00,0,0,0
2022-03-30 15:00:00,0,0,0
2022-03-30 16:00:00,0,0,0
2022-03-30 17:00:00,0,0,0
2022-03-30 18:00:00,0,0,0
2022-03-30 19:00:00,0,0,0
2022-03-30 20:00:00,0,0,0
2022-03-30 21:00:00,0,0,0
2022-03-30 22:00:00,0,0,0
2022-03-30 23:00:00,0,0,0
2022-03-31 00:00:00,0,0,0
2022-03-31 01:00:00,0,0,0
2022-03-31 02:00:00,0,0,0
2022-03-31 03:00:00,0,0,0
2022-03-31 04:00:00,0,0,0
2022-03-31 05:00:00,0,0,0
2022-03-31 06:00:00,0,0,0
2022-03-31 07:00:00,0,0,0
2022-03-31 08:00:00,0,0,0
2022-03-31 09:00:00,0,0,0
2022-03-31 10:00:00,0,0,0
2022-03-31 11:00:00,0,0,0
2022-03-31 12:00:00,0,0,0
2022-03-31 13:00:00,0,0,0
2022-03-31 14:00:00,0,0,0
2022-03-31 15:00:00,0,0,0
2022-03-31 16:00:00,0,0,0
2022-03-31 17:00:00,0,0,0
2022-03-31 18:00:00,0,0,0
2022-03-31 19:00:00,0,0,0
2022-03-31 20:00:00,0,0,0
2022-03-31 21:00:00,0,0,0
2022-03-31 22:00:00,0,0,0
2022-03-31 23:00:00,0,0,0
2022-04-01 00:00:00,0,0,0
2022-04-01 01:00:00,0,0,0
2022-04-01 02:00:00,0,0,0
2022-04-01 03:00:00,0,0,0
2022-04-01 04:00:00,0,0,0
2022-04-01 05:00:00,0,0,0
2022-04-01 06:00:00,0,0,0
2022-04-01 07:00:00,0,0,0
2022-04-01 08:00:00,0,0,0
2022-04-01 09:00:00,0,0,0
2022-04-01 10:00:00,0,0,0
2022-04-01 11:00:00,0,0,0
2022-04-01 12:00:00,0,0,0
2022-04-01 13:00:00,0,0,0
2022-04-01 14:00:00,0,0,0
2022-04-01 15:00:00,0,0,0
2022-04-01 16:00:00,0,0,0
2022-04-01 17:00:00,0,0,0
2022-04-01 18:00:00,0,0,0
2022-04-01 19:00:00,0,0,0
2022-04-01 20:00:00,0,0,0
2022-04-01 21:00:00,0,0,0
2022-04-01 22:00:00,0,0,0
2022-04-01 23:00:00,0,0,0
2022-04-02 00:00:00,0,0,0
2022-04-02 01:00:00,0,0,0
2022-04-02 02:00:00,0,0,0
2022-04-02 03:00:00,0,0,0
2022-04-02 04:00:00,0,0,0
2022-04-02 05:00:00,0,0,0
2022-04-02 06:00:00,0,0,0
2022-04-02 07:00:00,0,0,0
2022-04-02 08:00:00,0,0,0
2022-04-02 09:00:00,0,0,0
2022-04-02 10:00:00,0,0,0
2022-04-02 11:00:00,0,0,0
2022-04-02 12:00:00,0,0,0
2022-04-02 13:00:00,0,0,0
2022-04-02 14:00:00,0,0,0
2022-04-02 15:00:00,0,0,0
2022-04-02 16:00:00,0,0,0
2022-04-02 17:00:00,0,0,0
2022-04-02 18:00:00,0,0,0
2022-04-02 19:00:00,0,0,0
2022-04-02 20:00:00,0,0,0
2022-04-02 21:00:00,0,0,0
2022-04-02 22:00:00,0,0,0
2022-04-02 23:00:00,0,0,0
2022-04-03 00:00:00,0,0,0
2022-04-03 01:00:00,0,0,0
2022-04-03 02:00:00,0,0,0
2022-04-03 03:00:00,0,0,0
2022-04-03 04:00:00,0,0,0
2022-04-03 05:00:00,0,0,0
2022-04-03 06:00:00,0,0,0
2022-04-03 07:00:00,0,0,0
2022-04-03 08:00:00,0,0,0
2022-04-03 09:00:00,0,0,0
2022-04-03 10:00:00,0,0,0
2022-04-03 11:00:00,0,0,0
2022-04-03 12:00:00,0,0,0
2022-04-03 13:00:00,0,0,0
2022-04-03 14:00:00,0,0,0
2022-04-03 15:00:00,0,0,0
2022-04-03 16:00:00,0,0,0
2022-04-03 17:00:00,0,0,0
2022-04-03 18:00:00,0,0,0
2022-04-03 19:00:00,0,0,0
2022-04-03 20:00:00,0,0,0
2022-04-03 21:00:00,0,0,0
2022-04-03 22:00:00,0,0,0
2022-04-03 23:00:00,0,0,0
2022-04-04 00:00:00,0,0,0
2022-04-04 01:00:00,0,0,0
2022-04-04 02:00:00,0,0,0
2022-04-04 03:00:00,0,0,0
2022-04-04 04:00:00,0,0,0
2022-04-04 05:00:00,0,0,0
2022-04-04 06:00:00,0,0,0
2022-04-04 07:00:00,0,0,0
2022-04-04 08:00:00,0,0,0
2022-04-04 09:00:00,0,0,0
2022-04-04 10:00:00,0,0,0
2022-04-04 11:00:00,0,0,0
2022-04-04 12:00:00,0,0,0
2022-04-04 13:00:00,0,0,0
2022-04-04 14:00:00,0,0,0
2022-04-04 15:00:00,0,0,0
2022-04-04 16:00:00,0,0,0
2022-04-04 17:00:00,0,0,0
2022-04-04 18:00:00,0,0,0
2022-04-04 19:00:00,0,0,0
2022-04-04 20:00:00,0,0,0
2022-04-04 21:00:00,0,0,0
2022-04-04 22:00:00,0,0,0
2022-04-04 23:00:00,0,0,0
2022-04-05 00:00:00,0,0,0
2022-04-05 01:00:00,0,0,0
2022-04-05 02:00:00,0,0,0
2022-04-05 03:00:00,0,0,0
2022-04-05 04:00:00,0,0,0
2022-04-05 05:00:00,0,0,0
2022-04-05 06:00:00,0,0,0
2022-04-05 07:00:00,0,0,0
2022-04-05 08:00:00,0,0,0
2022-04-05 09:00:00,0,0,0
2022-04-05 10:00:00,0,0,0
2022-04-05 11:00:00,11,2,9
2022-04-05 12:00:00,34,14,20
2022-04-05 13:00:00,36,19,17
2022-04-05 14:00:00,42,19,23
2022-04-05 15:00:00,47,24,23
2022-04-05 16:00:00,66,25,41
2022-04-05 17:00:00,119,53,66
2022-04-05 18:00:00,106,60,46
2022-04-05 19:00:00,41,13,28
2022-04-05 20:00:00,14,9,5
2022-04-05 21:00:00,5,2,3
2022-04-05 22:00:00,6,5,1
2022-04-05 23:00:00,1,0,1
2022-04-06 00:00:00,3,2,1
2022-04-06 01:00:00,0,0,0
2022-04-06 02:00:00,0,0,0
2022-04-06 03:00:00,3,2,1
2022-04-06 04:00:00,2,1,1
2022-04-06 05:00:00,13,5,8
2022-04-06 06:00:00,27,16,11
2022-04-06 07:00:00,62,33,29
2022-04-06 08:00:00,81,49,32
2022-04-06 09:00:00,50,32,18
2022-04-06 10:00:00,35,22,13
2022-04-06 11:00:00,27,17,10
2022-04-06 12:00:00,37,22,15
2022-04-06 13:00:00,42,16,26
2022-04-06 14:00:00,77,42,35
2022-04-06 15:00:00,86,40,46
2022-04-06 16:00:00,110,58,52
2022-04-06 17:00:00,127,50,77
2022-04-06 18:00:00,117,58,59
2022-04-06 19:00:00,55,27,28
2022-04-06 20:00:00,22,13,9
2022-04-06 21:00:00,14,4,10
2022-04-06 22:00:00,16,8,8
2022-04-06 23:00:00,1,0,1
2022-04-07 00:00:00,2,1,1
2022-04-07 01:00:00,2,0,2
2022-04-07 02:00:00,2,1,1
2022-04-07 03:00:00,0,0,0
2022-04-07 04:00:00,1,1,0
2022-04-07 05:00:00,13,6,7
2022-04-07 06:00:00,37,21,16
2022-04-07 07:00:00,74,43,31
2022-04-07 08:00:00,79,49,30
2022-04-07 09:00:00,55,35,20
2022-04-07 10:00:00,51,18,33
2022-04-07 11:00:00,50,27,23
2022-04-07 12:00:00,67,30,37
2022-04-07 13:00:00,69,32,37
2022-04-07 14:00:00,120,55,65
2022-04-07 15:00:00,152,87,65
2022-04-07 16:00:00,200,95,105
2022-04-07 17:00:00,220,92,128
2022-04-07 18:00:00,227,106,121
2022-04-07 19:00:00,112,62,50
2022-04-07 20:00:00,56,39,17
2022-04-07 21:00:00,14,9,5
2022-04-07 22:00:00,8,4,4
2022-04-07 23:00:00,4,2,2
2022-04-08 00:00:00,2,1,1
2022-04-08 01:00:00,0,0,0
2022-04-08 02:00:00,0,0,0
2022-04-08 03:00:00,0,0,0
2022-04-08 04:00:00,2,1,1
2022-04-08 05:00:00,4,3,1
2022-04-08 06:00:00,21,12,9
2022-04-08 07:00:00,33,12,21
2022-04-08 08:00:00,39,24,15
2022-04-08 09:00:00,27,14,13
2022-04-08 10:00:00,25,14,11
2022-04-08 11:00:00,22,6,16
2022-04-08 12:00:00,20,12,8
2022-04-08 13:00:00,29,13,16
2022-04-08 14:00:00,29,13,16
2022-04-08 15:00:00,30,17,13
2022-04-08 16:00:00,45,17,28
2022-04-08 17:00:00,60,26,34
2022-04-08 18:00:00,30,10,20
2022-04-08 19:00:00,29,16,13
2022-04-08 20:00:00,10,6,4
2022-04-08 21:00:00,4,0,4
2022-04-08 22:00:00,4,4,0
2022-04-08 23:00:00,5,2,3
2022-04-09 00:00:00,5,3,2
2022-04-09 01:00:00,0,0,0
2022-04-09 02:00:00,4,2,2
2022-04-09 03:00:00,0,0,0
2022-04-09 04:00:00,1,1,0
2022-04-09 05:00:00,6,2,4
2022-04-09 06:00:00,3,2,1
2022-04-09 07:00:00,11,4,7
2022-04-09 08:00:00,46,32,14
2022-04-09 09:00:00,55,29,26
2022-04-09 10:00:00,57,19,38
2022-04-09 11:00:00,64,34,30
2022-04-09 12:00:00,66,35,31
2022-04-09 13:00:00,39,19,20
2022-04-09 14:00:00,50,26,24
2022-04-09 15:00:00,44,28,16
2022-04-09 16:00:00,61,32,29
2022-04-09 17:00:00,51,23,28
2022-04-09 18:00:00,38,24,14
2022-04-09 19:00:00,25,18,7
2022-04-09 20:00:00,11,5,6
2022-04-09 21:00:00,7,1,6
2022-04-09 22:00:00,1,1,0
2022-04-09 23:00:00,0,0,0
2022-04-10 00:00:00,0,0,0
2022-04-10 01:00:00,0,0,0
2022-04-10 02:00:00,0,0,0
2022-04-10 03:00:00,1,0,1
2022-04-10 04:00:00,0,0,0
2022-04-10 05:00:00,1,1,0
2022-04-10 06:00:00,3,1,2
2022-04-10 07:00:00,2,1,1
2022-04-10 08:00:00,1,0,1
2022-04-10 09:00:00,13,8,5
2022-04-10 10:00:00,20,12,8
2022-04-10 11:00:00,29,12,17
2022-04-10 12:00:00,23,16,7
2022-04-10 13:00:00,43,22,21
2022-04-10 14:00:00,38,18,20
2022-04-10 15:00:00,33,13,20
2022-04-10 16:00:00,23,14,9
2022-04-10 17:00:00,17,5,12
2022-04-10 18:00:00,24,12,12
2022-04-10 19:00:00,11,5,6
2022-04-10 20:00:00,5,4,1
2022-04-10 21:00:00,3,2,1
2022-04-10 22:00:00,0,0,0
2022-04-10 23:00:00,2,1,1
2022-04-11 00:00:00,0,0,0
2022-04-11 01:00:00,0,0,0
2022-04-11 02:00:00,0,0,0
2022-04-11 03:00:00,0,0,0
2022-04-11 04:00:00,0,0,0
2022-04-11 05:00:00,4,2,2
2022-04-11 06:00:00,17,10,7
2022-04-11 07:00:00,32,17,15
2022-04-11 08:00:00,35,17,18
2022-04-11 09:00:00,27,17,10
2022-04-11 10:00:00,17,10,7
2022-04-11 11:00:00,14,8,6
2022-04-11 12:00:00,23,9,14
2022-04-11 13:00:00,18,8,10
2022-04-11 14:00:00,20,11,9
2022-04-11 15:00:00,41,21,20
2022-04-11 16:00:00,55,29,26
2022-04-11 17:00:00,72,24,48
2022-04-11 18:00:00,68,29,39
2022-04-11 19:00:00,45,23,22
2022-04-11 20:00:00,26,15,11
2022-04-11 21:00:00,1,0,1
2022-04-11 22:00:00,6,3,3
2022-04-11 23:00:00,0,0,0
2022-04-12 00:00:00,1,1,0
2022-04-12 01:00:00,0,0,0
2022-04-12 02:00:00,0,0,0
2022-04-12 03:00:00,0,0,0
2022-04-12 04:00:00,2,0,2
2022-04-12 05:00:00,7,3,4
2022-04-12 06:00:00,23,9,14
2022-04-12 07:00:00,53,26,27
2022-04-12 08:00:00,55,31,24
2022-04-12 09:00:00,21,12,9
2022-04-12 10:00:00,13,7,6
2022-04-12 11:00:00,18,8,10
2022-04-12 12:00:00,21,10,11
2022-04-12 13:00:00,15,8,7
2022-04-12 14:00:00,46,20,26
2022-04-12 15:00:00,25,15,10
2022-04-12 16:00:00,43,21,22
2022-04-12 17:00:00,57,22,35
2022-04-12 18:00:00,51,23,28
2022-04-12 19:00:00,18,7,11
2022-04-12 20:00:00,3,0,3
2022-04-12 21:00:00,5,2,3
2022-04-12 22:00:00,2,2,0
2022-04-12 23:00:00,2,1,1
2022-04-13 00:00:00,2,2,0
2022-04-13 01:00:00,0,0,0
2022-04-13 02:00:00,0,0,0
2022-04-13 03:00:00,0,0,0
2022-04-13 04:00:00,0,0,0
2022-04-13 05:00:00,11,6,5
2022-04-13 06:00:00,22,12,10
2022-04-13 07:00:00,48,26,22
2022-04-13 08:00:00,61,35,26
2022-04-13 09:00:00,33,19,14
2022-04-13 10:00:00,15,9,6
2022-04-13 11:00:00,13,6,7
2022-04-13 12:00:00,22,8,14
2022-04-13 13:00:00,8,5,3
2022-04-13 14:00:00,16,8,8
2022-04-13 15:00:00,40,20,20
2022-04-13 16:00:00,60,27,33
2022-04-13 17:00:00,76,26,50
2022-04-13 18:00:00,57,25,32
2022-04-13 19:00:00,28,11,17
2022-04-13 20:00:00,14,10,4
2022-04-13 21:00:00,7,4,3
2022-04-13 22:00:00,6,4,2
2022-04-13 23:00:00,1,0,1
2022-04-14 00:00:00,3,2,1
2022-04-14 01:00:00,0,0,0
2022-04-14 02:00:00,0,0,0
2022-04-14 03:00:00,0,0,0
2022-04-14 04:00:00,1,1,0
2022-04-14 05:00:00,8,4,4
2022-04-14 06:00:00,18,9,9
2022-04-14 07:00:00,52,28,24
2022-04-14 08:00:00,47,26,21
2022-04-14 09:00:00,25,21,4
2022-04-14 10:00:00,16,9,7
2022-04-14 11:00:00,21,12,9
2022-04-14 12:00:00,26,13,13
2022-04-14 13:00:00,34,14,20
2022-04-14 14:00:00,41,24,17
2022-04-14 15:00:00,38,15,23
2022-04-14 16:00:00,58,28,30
2022-04-14 17:00:00,79,27,52
2022-04-14 18:00:00,61,30,31
2022-04-14 19:00:00,42,22,20
2022-04-14 20:00:00,19,8,11
2022-04-14 21:00:00,12,2,10
2022-04-14 22:00:00,5,3,2
2022-04-14 23:00:00,2,0,2
2022-04-15 00:00:00,1,1,0
2022-04-15 01:00:00,0,0,0
2022-04-15 02:00:00,0,0,0
2022-04-15 03:00:00,0,0,0
2022-04-15 04:00:00,1,1,0
2022-04-15 05:00:00,5,4,1
2022-04-15 06:00:00,13,8,5
2022-04-15 07:00:00,26,14,12
2022-04-15 08:00:00,49,33,16
2022-04-15 09:00:00,30,16,14
2022-04-15 10:00:00,28,12,16
2022-04-15 11:00:00,22,15,7
2022-04-15 12:00:00,40,20,20
2022-04-15 13:00:00,36,18,18
2022-04-15 14:00:00,61,27,34
2022-04-15 15:00:00,85,42,43
2022-04-15 16:00:00,95,52,43
2022-04-15 17:00:00,125,59,66
2022-04-15 18:00:00,95,47,48
2022-04-15 19:00:00,41,24,17
2022-04-15 20:00:00,18,6,12
2022-04-15 21:00:00,11,8,3
2022-04-15 22:00:00,19,5,14
2022-04-15 23:00:00,9,3,6
2022-04-16 00:00:00,3,2,1
2022-04-16 01:00:00,2,2,0
2022-04-16 02:00:00,0,0,0
2022-04-16 03:00:00,0,0,0
2022-04-16 04:00:00,1,1,0
2022-04-16 05:00:00,1,1,0
2022-04-16 06:00:00,4,2,2
2022-04-16 07:00:00,14,7,7
2022-04-16 08:00:00,28,13,15
2022-04-16 09:00:00,47,28,19
2022-04-16 10:00:00,34,9,25
2022-04-16 11:00:00,51,27,24
2022-04-16 12:00:00,72,40,32
2022-04-16 13:00:00,47,25,22
2022-04-16 14:00:00,36,21,15
2022-04-16 15:00:00,27,14,13
2022-04-16 16:00:00,36,14,22
2022-04-16 17:00:00,26,18,8
2022-04-16 18:00:00,13,10,3
2022-04-16 19:00:00,10,7,3
2022-04-16 20:00:00,4,3,1
2022-04-16 21:00:00,14,3,11
2022-04-16 22:00:00,6,2,4
2022-04-16 23:00:00,7,2,5
2022-04-17 00:00:00,6,2,4
2022-04-17 01:00:00,0,0,0
2022-04-17 02:00:00,2,1,1
2022-04-17 03:00:00,0,0,0
2022-04-17 04:00:00,1,0,1
2022-04-17 05:00:00,1,1,0
2022-04-17 06:00:00,5,4,1
2022-04-17 07:00:00,8,4,4
2022-04-17 08:00:00,17,8,9
2022-04-17 09:00:00,36,12,24
2022-04-17 10:00:00,68,36,32
2022-04-17 11:00:00,104,56,48
2022-04-17 12:00:00,162,90,72
2022-04-17 13:00:00,131,71,60
2022-04-17 14:00:00,142,73,69
2022-04-17 15:00:00,152,77,75
2022-04-17 16:00:00,140,69,71
2022-04-17 17:00:00,97,48,49
2022-04-17 18:00:00,100,47,53
2022-04-17 19:00:00,47,30,17
2022-04-17 20:00:00,22,13,9
2022-04-17 21:00:00,3,1,2
2022-04-17 22:00:00,9,4,5
2022-04-17 23:00:00,4,2,2
2022-04-18 00:00:00,0,0,0
2022-04-18 01:00:00,0,0,0
2022-04-18 02:00:00,0,0,0
2022-04-18 03:00:00,0,0,0
2022-04-18 04:00:00,0,0,0
2022-04-18 05:00:00,2,1,1
2022-04-18 06:00:00,21,13,8
2022-04-18 07:00:00,28,16,12
2022-04-18 08:00:00,36,22,14
2022-04-18 09:00:00,13,7,6
2022-04-18 10:00:00,22,10,12
2022-04-18 11:00:00,22,15,7
2022-04-18 12:00:00,11,7,4
2022-04-18 13:00:00,1,0,1
2022-04-18 14:00:00,13,9,4
2022-04-18 15:00:00,16,5,11
2022-04-18 16:00:00,27,12,15
2022-04-18 17:00:00,37,9,28
2022-04-18 18:00:00,14,4,10
2022-04-18 19:00:00,11,7,4
2022-04-18 20:00:00,5,5,0
2022-04-18 21:00:00,3,1,2
2022-04-18 22:00:00,4,3,1
2022-04-18 23:00:00,0,0,0
2022-04-19 00:00:00,1,1,0
2022-04-19 01:00:00,0,0,0
2022-04-19 02:00:00,0,0,0
2022-04-19 03:00:00,0,0,0
2022-04-19 04:00:00,0,0,0
2022-04-19 05:00:00,8,5,3
2022-04-19 06:00:00,23,11,12
2022-04-19 07:00:00,48,23,25
2022-04-19 08:00:00,65,42,23
2022-04-19 09:00:00,48,24,24
2022-04-19 10:00:00,22,10,12
2022-04-19 11:00:00,24,13,11
2022-04-19 12:00:00,34,15,19
2022-04-19 13:00:00,48,19,29
2022-04-19 14:00:00,55,31,24
2022-04-19 15:00:00,71,38,33
2022-04-19 16:00:00,89,32,57
2022-04-19 17:00:00,126,49,77
2022-04-19 18:00:00,119,63,56
2022-04-19 19:00:00,66,36,30
2022-04-19 20:00:00,29,16,13
2022-04-19 21:00:00,13,3,10
2022-04-19 22:00:00,12,7,5
2022-04-19 23:00:00,1,0,1
2022-04-20 00:00:00,4,3,1
2022-04-20 01:00:00,1,0,1
2022-04-20 02:00:00,0,0,0
2022-04-20 03:00:00,0,0,0
2022-04-20 04:00:00,0,0,0
2022-04-20 05:00:00,10,5,5
2022-04-20 06:00:00,34,21,13
2022-04-20 07:00:00,55,28,27
2022-04-20 08:00:00,68,47,21
2022-04-20 09:00:00,44,27,17
2022-04-20 10:00:00,31,15,16
2022-04-20 11:00:00,25,13,12
2022-04-20 12:00:00,27,13,14
2022-04-20 13:00:00,7,1,6
2022-04-20 14:00:00,28,22,6
2022-04-20 15:00:00,19,9,10
2022-04-20 16:00:00,41,14,27
2022-04-20 17:00:00,65,22,43
2022-04-20 18:00:00,34,12,22
2022-04-20 19:00:00,16,5,11
2022-04-20 20:00:00,11,4,7
2022-04-20 21:00:00,6,1,5
2022-04-20 22:00:00,10,7,3
2022-04-20 23:00:00,0,0,0
2022-04-21 00:00:00,1,1,0
2022-04-21 01:00:00,0,0,0
2022-04-21 02:00:00,0,0,0
2022-04-21 03:00:00,0,0,0
2022-04-21 04:00:00,1,1,0
2022-04-21 05:00:00,11,5,6
2022-04-21 06:00:00,16,7,9
2022-04-21 07:00:00,39,19,20
2022-04-21 08:00:00,45,22,23
2022-04-21 09:00:00,30,16,14
2022-04-21 10:00:00,10,6,4
2022-04-21 11:00:00,24,13,11
2022-04-21 12:00:00,15,9,6
2022-04-21 13:00:00,24,7,17
2022-04-21 14:00:00,28,18,10
2022-04-21 15:00:00,35,17,18
2022-04-21 16:00:00,73,34,39
2022-04-21 17:00:00,64,21,43
2022-04-21 18:00:00,27,12,15
2022-04-21 19:00:00,12,4,8
2022-04-21 20:00:00,6,1,5
2022-04-21 21:00:00,4,0,4
2022-04-21 22:00:00,8,5,3
2022-04-21 23:00:00,3,1,2
2022-04-22 00:00:00,3,3,0
2022-04-22 01:00:00,0,0,0
2022-04-22 02:00:00,1,0,1
2022-04-22 03:00:00,0,0,0
2022-04-22 04:00:00,2,1,1
2022-04-22 05:00:00,5,3,2
2022-04-22 06:00:00,18,10,8
2022-04-22 07:00:00,36,15,21
2022-04-22 08:00:00,43,28,15
2022-04-22 09:00:00,32,18,14
2022-04-22 10:00:00,31,15,16
2022-04-22 11:00:00,42,19,23
2022-04-22 12:00:00,57,25,32
2022-04-22 13:00:00,44,19,25
2022-04-22 14:00:00,90,56,34
2022-04-22 15:00:00,95,49,46
2022-04-22 16:00:00,129,70,59
2022-04-22 17:00:00,158,61,97
2022-04-22 18:00:00,111,55,56
2022-04-22 19:00:00,60,30,30
2022-04-22 20:00:00,29,16,13
2022-04-22 21:00:00,20,5,15
2022-04-22 22:00:00,10,4,6
2022-04-22 23:00:00,7,1,6
2022-04-23 00:00:00,4,2,2
2022-04-23 01:00:00,0,0,0
2022-04-23 02:00:00,3,1,2
2022-04-23 03:00:00,0,0,0
2022-04-23 04:00:00,1,1,0
2022-04-23 05:00:00,4,2,2
2022-04-23 06:00:00,10,6,4
2022-04-23 07:00:00,15,6,9
2022-04-23 08:00:00,33,20,13
2022-04-23 09:00:00,32,19,13
2022-04-23 10:00:00,76,38,38
2022-04-23 11:00:00,80,43,37
2022-04-23 12:00:00,120,53,67
2022-04-23 13:00:00,94,46,48
2022-04-23 14:00:00,176,94,82
2022-04-23 15:00:00,134,74,60
2022-04-23 16:00:00,151,63,88
2022-04-23 17:00:00,114,64,50
2022-04-23 18:00:00,87,46,41
2022-04-23 19:00:00,77,42,35
2022-04-23 20:00:00,45,21,24
2022-04-23 21:00:00,15,4,11
2022-04-23 22:00:00,20,6,14
2022-04-23 23:00:00,21,3,18
2022-04-24 00:00:00,5,2,3
2022-04-24 01:00:00,2,1,1
2022-04-24 02:00:00,1,1,0
2022-04-24 03:00:00,2,0,2
2022-04-24 04:00:00,0,0,0
2022-04-24 05:00:00,1,1,0
2022-04-24 06:00:00,10,5,5
2022-04-24 07:00:00,16,7,9
2022-04-24 08:00:00,37,22,15
2022-04-24 09:00:00,57,22,35
2022-04-24 10:00:00,81,36,45
2022-04-24 11:00:00,125,66,59
2022-04-24 12:00:00,173,82,91
2022-04-24 13:00:00,152,57,95
2022-04-24 14:00:00,191,96,95
2022-04-24 15:00:00,208,109,99
2022-04-24 16:00:00,158,77,81
2022-04-24 17:00:00,124,63,61
2022-04-24 18:00:00,77,41,36
2022-04-24 19:00:00,59,36,23
2022-04-24 20:00:00,19,8,11
2022-04-24 21:00:00,2,1,1
2022-04-24 22:00:00,4,1,3
2022-04-24 23:00:00,3,2,1
2022-04-25 00:00:00,0,0,0
2022-04-25 01:00:00,0,0,0
2022-04-25 02:00:00,0,0,0
2022-04-25 03:00:00,0,0,0
2022-04-25 04:00:00,0,0,0
2022-04-25 05:00:00,7,5,2
2022-04-25 06:00:00,20,13,7
2022-04-25 07:00:00,37,21,16
2022-04-25 08:00:00,49,30,19
2022-04-25 09:00:00,25,17,8
2022-04-25 10:00:00,24,10,14
2022-04-25 11:00:00,26,14,12
2022-04-25 12:00:00,26,13,13
2022-04-25 13:00:00,20,10,10
2022-04-25 14:00:00,42,20,22
2022-04-25 15:00:00,44,29,15
2022-04-25 16:00:00,68,33,35
2022-04-25 17:00:00,73,27,46
2022-04-25 18:00:00,52,17,35
2022-04-25 19:00:00,47,25,22
2022-04-25 20:00:00,6,2,4
2022-04-25 21:00:00,6,1,5
2022-04-25 22:00:00,4,3,1
2022-04-25 23:00:00,0,0,0
2022-04-26 00:00:00,1,1,0
2022-04-26 01:00:00,0,0,0
2022-04-26 02:00:00,0,0,0
2022-04-26 03:00:00,0,0,0
2022-04-26 04:00:00,1,1,0
2022-04-26 05:00:00,13,7,6
2022-04-26 06:00:00,26,10,16
2022-04-26 07:00:00,57,33,24
2022-04-26 08:00:00,65,39,26
2022-04-26 09:00:00,43,25,18
2022-04-26 10:00:00,27,13,14
2022-04-26 11:00:00,21,7,14
2022-04-26 12:00:00,19,3,16
2022-04-26 13:00:00,16,9,7
2022-04-26 14:00:00,33,22,11
2022-04-26 15:00:00,43,25,18
2022-04-26 16:00:00,67,27,40
2022-04-26 17:00:00,111,38,73
2022-04-26 18:00:00,84,33,51
2022-04-26 19:00:00,45,24,21
2022-04-26 20:00:00,24,15,9
2022-04-26 21:00:00,7,5,2
2022-04-26 22:00:00,8,4,4
2022-04-26 23:00:00,3,2,1
2022-04-27 00:00:00,3,2,1
2022-04-27 01:00:00,0,0,0
2022-04-27 02:00:00,0,0,0
2022-04-27 03:00:00,0,0,0
2022-04-27 04:00:00,2,1,1
2022-04-27 05:00:00,14,10,4
2022-04-27 06:00:00,21,11,10
2022-04-27 07:00:00,66,35,31
2022-04-27 08:00:00,88,54,34
2022-04-27 09:00:00,48,25,23
2022-04-27 10:00:00,26,9,17
2022-04-27 11:00:00,29,16,13
2022-04-27 12:00:00,49,28,21
2022-04-27 13:00:00,39,21,18
2022-04-27 14:00:00,54,22,32
2022-04-27 15:00:00,85,51,34
2022-04-27 16:00:00,85,36,49
2022-04-27 17:00:00,141,62,79
2022-04-27 18:00:00,67,31,36
2022-04-27 19:00:00,46,18,28
2022-04-27 20:00:00,11,6,5
2022-04-27 21:00:00,5,2,3
2022-04-27 22:00:00,10,7,3
2022-04-27 23:00:00,5,3,2
2022-04-28 00:00:00,1,1,0
2022-04-28 01:00:00,2,1,1
2022-04-28 02:00:00,0,0,0
2022-04-28 03:00:00,0,0,0
2022-04-28 04:00:00,4,2,2
2022-04-28 05:00:00,8,6,2
2022-04-28 06:00:00,24,14,10
2022-04-28 07:00:00,63,37,26
2022-04-28 08:00:00,67,44,23
2022-04-28 09:00:00,32,21,11
2022-04-28 10:00:00,12,4,8
2022-04-28 11:00:00,29,12,17
2022-04-28 12:00:00,35,19,16
2022-04-28 13:00:00,27,17,10
2022-04-28 14:00:00,44,18,26
2022-04-28 15:00:00,57,33,24
2022-04-28 16:00:00,75,38,37
2022-04-28 17:00:00,110,44,66
2022-04-28 18:00:00,79,35,44
2022-04-28 19:00:00,31,15,16
2022-04-28 20:00:00,10,4,6
2022-04-28 21:00:00,4,1,3
2022-04-28 22:00:00,6,4,2
2022-04-28 23:00:00,1,0,1
2022-04-29 00:00:00,4,2,2
2022-04-29 01:00:00,0,0,0
2022-04-29 02:00:00,2,1,1
2022-04-29 03:00:00,0,0,0
2022-04-29 04:00:00,2,2,0
2022-04-29 05:00:00,8,6,2
2022-04-29 06:00:00,21,12,9
2022-04-29 07:00:00,39,24,15
2022-04-29 08:00:00,45,30,15
2022-04-29 09:00:00,34,17,17
2022-04-29 10:00:00,14,5,9
2022-04-29 11:00:00,39,21,18
2022-04-29 12:00:00,54,31,23
2022-04-29 13:00:00,49,16,33
2022-04-29 14:00:00,69,39,30
2022-04-29 15:00:00,102,47,55
2022-04-29 16:00:00,121,56,65
2022-04-29 17:00:00,146,68,78
2022-04-29 18:00:00,123,65,58
2022-04-29 19:00:00,104,31,73
2022-04-29 20:00:00,28,15,13
2022-04-29 21:00:00,13,8,5
2022-04-29 22:00:00,6,2,4
2022-04-29 23:00:00,6,3,3
2022-04-30 00:00:00,3,0,3
2022-04-30 01:00:00,2,1,1
2022-04-30 02:00:00,0,0,0
2022-04-30 03:00:00,0,0,0
2022-04-30 04:00:00,0,0,0
2022-04-30 05:00:00,1,1,0
2022-04-30 06:00:00,0,0,0
2022-04-30 07:00:00,4,0,4
2022-04-30 08:00:00,10,9,1
2022-04-30 09:00:00,21,6,15
2022-04-30 10:00:00,18,11,7
2022-04-30 11:00:00,31,12,19
2022-04-30 12:00:00,58,29,29
2022-04-30 13:00:00,87,43,44
2022-04-30 14:00:00,122,63,59
2022-04-30 15:00:00,122,55,67
2022-04-30 16:00:00,109,57,52
2022-04-30 17:00:00,101,57,44
2022-04-30 18:00:00,86,43,43
2022-04-30 19:00:00,59,35,24
2022-04-30 20:00:00,63,35,28
2022-04-30 21:00:00,7,1,6
2022-04-30 22:00:00,6,2,4
2022-04-30 23:00:00,7,4,3
2022-05-01 00:00:00,8,2,6
2022-05-01 01:00:00,0,0,0
2022-05-01 02:00:00,1,1,0
2022-05-01 03:00:00,0,0,0
2022-05-01 04:00:00,0,0,0
2022-05-01 05:00:00,0,0,0
2022-05-01 06:00:00,5,2,3
2022-05-01 07:00:00,20,12,8
2022-05-01 08:00:00,26,9,17
2022-05-01 09:00:00,56,29,27
2022-05-01 10:00:00,91,54,37
2022-05-01 11:00:00,102,61,41
2022-05-01 12:00:00,127,56,71
2022-05-01 13:00:00,150,107,43
2022-05-01 14:00:00,136,70,66
2022-05-01 15:00:00,165,76,89
2022-05-01 16:00:00,114,53,61
2022-05-01 17:00:00,79,31,48
2022-05-01 18:00:00,68,39,29
2022-05-01 19:00:00,57,31,26
2022-05-01 20:00:00,21,15,6
2022-05-01 21:00:00,16,5,11
2022-05-01 22:00:00,3,3,0
2022-05-01 23:00:00,2,2,0
2022-05-02 00:00:00,2,0,2
2022-05-02 01:00:00,2,1,1
2022-05-02 02:00:00,0,0,0
2022-05-02 03:00:00,0,0,0
2022-05-02 04:00:00,0,0,0
2022-05-02 05:00:00,7,5,2
2022-05-02 06:00:00,17,10,7
2022-05-02 07:00:00,22,13,9
2022-05-02 08:00:00,21,8,13
2022-05-02 09:00:00,13,3,10
2022-05-02 10:00:00,9,3,6
2022-05-02 11:00:00,11,4,7
2022-05-02 12:00:00,22,12,10
2022-05-02 13:00:00,13,3,10
2022-05-02 14:00:00,24,13,11
2022-05-02 15:00:00,29,13,16
2022-05-02 16:00:00,49,22,27
2022-05-02 17:00:00,61,29,32
2022-05-02 18:00:00,51,20,31
2022-05-02 19:00:00,23,12,11
2022-05-02 20:00:00,8,5,3
2022-05-02 21:00:00,2,1,1
2022-05-02 22:00:00,2,1,1
2022-05-02 23:00:00,4,3,1
2022-05-03 00:00:00,1,0,1
2022-05-03 01:00:00,1,0,1
2022-05-03 02:00:00,0,0,0
2022-05-03 03:00:00,1,1,0
2022-05-03 04:00:00,2,1,1
2022-05-03 05:00:00,14,8,6
2022-05-03 06:00:00,26,11,15
2022-05-03 07:00:00,60,28,32
2022-05-03 08:00:00,80,52,28
2022-05-03 09:00:00,48,29,19
2022-05-03 10:00:00,19,7,12
2022-05-03 11:00:00,18,6,12
2022-05-03 12:00:00,30,18,12
2022-05-03 13:00:00,19,10,9
2022-05-03 14:00:00,43,21,22
2022-05-03 15:00:00,60,29,31
2022-05-03 16:00:00,65,33,32
2022-05-03 17:00:00,114,40,74
2022-05-03 18:00:00,64,30,34
2022-05-03 19:00:00,46,21,25
2022-05-03 20:00:00,23,12,11
2022-05-03 21:00:00,11,5,6
2022-05-03 22:00:00,5,2,3
2022-05-03 23:00:00,1,1,0
2022-05-04 00:00:00,5,2,3
2022-05-04 01:00:00,0,0,0
2022-05-04 02:00:00,5,1,4
2022-05-04 03:00:00,0,0,0
2022-05-04 04:00:00,3,2,1
2022-05-04 05:00:00,12,7,5
2022-05-04 06:00:00,36,19,17
2022-05-04 07:00:00,71,40,31
2022-05-04 08:00:00,87,54,33
2022-05-04 09:00:00,50,24,26
2022-05-04 10:00:00,36,19,17
2022-05-04 11:00:00,39,19,20
2022-05-04 12:00:00,40,24,16
2022-05-04 13:00:00,45,16,29
2022-05-04 14:00:00,74,49,25
2022-05-04 15:00:00,77,36,41
2022-05-04 16:00:00,155,80,75
2022-05-04 17:00:00,171,77,94
2022-05-04 18:00:00,145,74,71
2022-05-04 19:00:00,77,38,39
2022-05-04 20:00:00,33,22,11
2022-05-04 21:00:00,39,12,27
2022-05-04 22:00:00,20,6,14
2022-05-04 23:00:00,7,1,6
2022-05-05 00:00:00,3,2,1
2022-05-05 01:00:00,0,0,0
2022-05-05 02:00:00,0,0,0
2022-05-05 03:00:00,0,0,0
2022-05-05 04:00:00,4,2,2
2022-05-05 05:00:00,10,8,2
2022-05-05 06:00:00,17,9,8
2022-05-05 07:00:00,41,22,19
2022-05-05 08:00:00,41,26,15
2022-05-05 09:00:00,17,11,6
2022-05-05 10:00:00,18,13,5
2022-05-05 11:00:00,15,9,6
2022-05-05 12:00:00,13,4,9
2022-05-05 13:00:00,4,3,1
2022-05-05 14:00:00,15,5,10
2022-05-05 15:00:00,16,9,7
2022-05-05 16:00:00,46,18,28
2022-05-05 17:00:00,53,16,37
2022-05-05 18:00:00,38,14,24
2022-05-05 19:00:00,6,2,4
2022-05-05 20:00:00,1,0,1
2022-05-05 21:00:00,6,2,4
2022-05-05 22:00:00,4,1,3
2022-05-05 23:00:00,6,3,3
2022-05-06 00:00:00,1,1,0
2022-05-06 01:00:00,1,0,1
2022-05-06 02:00:00,0,0,0
2022-05-06 03:00:00,0,0,0
2022-05-06 04:00:00,2,2,0
2022-05-06 05:00:00,4,3,1
2022-05-06 06:00:00,21,11,10
2022-05-06 07:00:00,24,12,12
2022-05-06 08:00:00,43,27,16
2022-05-06 09:00:00,23,12,11
2022-05-06 10:00:00,16,10,6
2022-05-06 11:00:00,11,7,4
2022-05-06 12:00:00,7,3,4
2022-05-06 13:00:00,10,3,7
2022-05-06 14:00:00,24,13,11
2022-05-06 15:00:00,62,29,33
2022-05-06 16:00:00,37,15,22
2022-05-06 17:00:00,55,29,26
2022-05-06 18:00:00,34,19,15
2022-05-06 19:00:00,19,9,10
2022-05-06 20:00:00,11,5,6
2022-05-06 21:00:00,3,1,2
2022-05-06 22:00:00,7,2,5
2022-05-06 23:00:00,1,0,1
2022-05-07 00:00:00,3,1,2
2022-05-07 01:00:00,3,0,3
2022-05-07 02:00:00,0,0,0
2022-05-07 03:00:00,0,0,0
2022-05-07 04:00:00,1,1,0
2022-05-07 05:00:00,1,1,0
2022-05-07 06:00:00,7,5,2
2022-05-07 07:00:00,14,5,9
2022-05-07 08:00:00,15,7,8
2022-05-07 09:00:00,25,10,15
2022-05-07 10:00:00,32,22,10
2022-05-07 11:00:00,34,18,16
2022-05-07 12:00:00,73,47,26
2022-05-07 13:00:00,61,24,37
2022-05-07 14:00:00,64,35,29
2022-05-07 15:00:00,49,26,23
2022-05-07 16:00:00,40,29,11
2022-05-07 17:00:00,34,20,14
2022-05-07 18:00:00,18,9,9
2022-05-07 19:00:00,19,8,11
2022-05-07 20:00:00,20,7,13
2022-05-07 21:00:00,3,0,3
2022-05-07 22:00:00,6,4,2
2022-05-07 23:00:00,6,1,5
2022-05-08 00:00:00,2,1,1
2022-05-08 01:00:00,2,1,1
2022-05-08 02:00:00,0,0,0
2022-05-08 03:00:00,0,0,0
2022-05-08 04:00:00,0,0,0
2022-05-08 05:00:00,0,0,0
2022-05-08 06:00:00,6,4,2
2022-05-08 07:00:00,16,5,11
2022-05-08 08:00:00,31,21,10
2022-05-08 09:00:00,38,14,24
2022-05-08 10:00:00,71,33,38
2022-05-08 11:00:00,78,46,32
2022-05-08 12:00:00,110,58,52
2022-05-08 13:00:00,110,66,44
2022-05-08 14:00:00,117,55,62
2022-05-08 15:00:00,155,76,79
2022-05-08 16:00:00,113,60,53
2022-05-08 17:00:00,80,39,41
2022-05-08 18:00:00,76,37,39
2022-05-08 19:00:00,53,34,19
2022-05-08 20:00:00,21,11,10
2022-05-08 21:00:00,9,8,1
2022-05-08 22:00:00,1,0,1
2022-05-08 23:00:00,1,1,0
2022-05-09 00:00:00,1,0,1
2022-05-09 01:00:00,0,0,0
2022-05-09 02:00:00,0,0,0
2022-05-09 03:00:00,0,0,0
2022-05-09 04:00:00,0,0,0
2022-05-09 05:00:00,9,6,3
2022-05-09 06:00:00,23,13,10
2022-05-09 07:00:00,35,24,11
2022-05-09 08:00:00,62,35,27
2022-05-09 09:00:00,31,20,11
2022-05-09 10:00:00,33,16,17
2022-05-09 11:00:00,31,15,16
2022-05-09 12:00:00,50,35,15
2022-05-09 13:00:00,40,19,21
2022-05-09 14:00:00,51,22,29
2022-05-09 15:00:00,75,36,39
2022-05-09 16:00:00,83,38,45
2022-05-09 17:00:00,92,37,55
2022-05-09 18:00:00,57,30,27
2022-05-09 19:00:00,37,17,20
2022-05-09 20:00:00,30,14,16
2022-05-09 21:00:00,13,7,6
2022-05-09 22:00:00,6,5,1
2022-05-09 23:00:00,2,1,1
2022-05-10 00:00:00,1,1,0
2022-05-10 01:00:00,0,0,0
2022-05-10 02:00:00,0,0,0
2022-05-10 03:00:00,0,0,0
2022-05-10 04:00:00,2,2,0
2022-05-10 05:00:00,14,7,7
2022-05-10 06:00:00,30,18,12
2022-05-10 07:00:00,70,35,35
2022-05-10 08:00:00,69,41,28
2022-05-10 09:00:00,40,20,20
2022-05-10 10:00:00,15,8,7
2022-05-10 11:00:00,42,20,22
2022-05-10 12:00:00,48,20,28
2022-05-10 13:00:00,42,22,20
2022-05-10 14:00:00,59,35,24
2022-05-10 15:00:00,76,40,36
2022-05-10 16:00:00,124,71,53
2022-05-10 17:00:00,140,64,76
2022-05-10 18:00:00,153,69,84
2022-05-10 19:00:00,101,52,49
2022-05-10 20:00:00,22,10,12
2022-05-10 21:00:00,12,4,8
2022-05-10 22:00:00,20,7,13
2022-05-10 23:00:00,6,3,3
2022-05-11 00:00:00,3,2,1
2022-05-11 01:00:00,2,0,2
2022-05-11 02:00:00,0,0,0
2022-05-11 03:00:00,0,0,0
2022-05-11 04:00:00,0,0,0
2022-05-11 05:00:00,12,8,4
2022-05-11 06:00:00,34,17,17
2022-05-11 07:00:00,78,45,33
2022-05-11 08:00:00,96,59,37
2022-05-11 09:00:00,41,24,17
2022-05-11 10:00:00,32,17,15
2022-05-11 11:00:00,54,31,23
2022-05-11 12:00:00,46,29,17
2022-05-11 13:00:00,60,31,29
2022-05-11 14:00:00,42,22,20
2022-05-11 15:00:00,86,44,42
2022-05-11 16:00:00,116,54,62
2022-05-11 17:00:00,133,43,90
2022-05-11 18:00:00,96,39,57
2022-05-11 19:00:00,60,30,30
2022-05-11 20:00:00,17,8,9
2022-05-11 21:00:00,7,2,5
2022-05-11 22:00:00,5,1,4
2022-05-11 23:00:00,2,1,1
2022-05-12 00:00:00,4,2,2
2022-05-12 01:00:00,0,0,0
2022-05-12 02:00:00,0,0,0
2022-05-12 03:00:00,2,1,1
2022-05-12 04:00:00,2,2,0
2022-05-12 05:00:00,5,4,1
2022-05-12 06:00:00,24,13,11
2022-05-12 07:00:00,52,24,28
2022-05-12 08:00:00,31,19,12
2022-05-12 09:00:00,25,16,9
2022-05-12 10:00:00,18,7,11
2022-05-12 11:00:00,15,7,8
2022-05-12 12:00:00,6,1,5
2022-05-12 13:00:00,6,4,2
2022-05-12 14:00:00,6,4,2
2022-05-12 15:00:00,20,11,9
2022-05-12 16:00:00,24,7,17
2022-05-12 17:00:00,65,23,42
2022-05-12 18:00:00,51,25,26
2022-05-12 19:00:00,36,22,14
2022-05-12 20:00:00,26,12,14
2022-05-12 21:00:00,2,0,2
2022-05-12 22:00:00,2,1,1
2022-05-12 23:00:00,7,1,6
2022-05-13 00:00:00,1,1,0
2022-05-13 01:00:00,0,0,0
2022-05-13 02:00:00,0,0,0
2022-05-13 03:00:00,0,0,0
2022-05-13 04:00:00,2,1,1
2022-05-13 05:00:00,7,4,3
2022-05-13 06:00:00,25,14,11
2022-05-13 07:00:00,37,24,13
2022-05-13 08:00:00,44,28,16
2022-05-13 09:00:00,47,27,20
2022-05-13 10:00:00,30,13,17
2022-05-13 11:00:00,53,30,23
2022-05-13 12:00:00,55,30,25
2022-05-13 13:00:00,65,27,38
2022-05-13 14:00:00,65,35,30
2022-05-13 15:00:00,92,51,41
2022-05-13 16:00:00,99,43,56
2022-05-13 17:00:00,113,42,71
2022-05-13 18:00:00,92,49,43
2022-05-13 19:00:00,51,26,25
2022-05-13 20:00:00,14,9,5
2022-05-13 21:00:00,73,66,7
2022-05-13 22:00:00,15,5,10
2022-05-13 23:00:00,5,2,3
2022-05-14 00:00:00,7,2,5
2022-05-14 01:00:00,2,0,2
2022-05-14 02:00:00,1,1,0
2022-05-14 03:00:00,0,0,0
2022-05-14 04:00:00,1,1,0
2022-05-14 05:00:00,0,0,0
2022-05-14 06:00:00,7,5,2
2022-05-14 07:00:00,11,5,6
2022-05-14 08:00:00,24,12,12
2022-05-14 09:00:00,23,11,12
2022-05-14 10:00:00,45,34,11
2022-05-14 11:00:00,45,21,24
2022-05-14 12:00:00,57,26,31
2022-05-14 13:00:00,90,43,47
2022-05-14 14:00:00,102,51,51
2022-05-14 15:00:00,139,60,79
2022-05-14 16:00:00,146,81,65
2022-05-14 17:00:00,140,77,63
2022-05-14 18:00:00,103,62,41
2022-05-14 19:00:00,60,25,35
2022-05-14 20:00:00,80,32,48
2022-05-14 21:00:00,24,13,11
2022-05-14 22:00:00,7,4,3
2022-05-14 23:00:00,3,0,3
2022-05-15 00:00:00,2,1,1
2022-05-15 01:00:00,2,0,2
2022-05-15 02:00:00,0,0,0
2022-05-15 03:00:00,0,0,0
2022-05-15 04:00:00,0,0,0
2022-05-15 05:00:00,0,0,0
2022-05-15 06:00:00,2,1,1
2022-05-15 07:00:00,5,1,4
2022-05-15 08:00:00,10,3,7
2022-05-15 09:00:00,14,6,8
2022-05-15 10:00:00,23,6,17
2022-05-15 11:00:00,17,12,5
2022-05-15 12:00:00,9,4,5
2022-05-15 13:00:00,13,5,8
2022-05-15 14:00:00,8,5,3
2022-05-15 15:00:00,35,8,27
2022-05-15 16:00:00,11,2,9
2022-05-15 17:00:00,15,11,4
2022-05-15 18:00:00,9,3,6
2022-05-15 19:00:00,36,15,21
2022-05-15 20:00:00,10,8,2
2022-05-15 21:00:00,1,1,0
2022-05-15 22:00:00,2,0,2
2022-05-15 23:00:00,2,2,0
2022-05-16 00:00:00,1,1,0
2022-05-16 01:00:00,0,0,0
2022-05-16 02:00:00,0,0,0
2022-05-16 03:00:00,0,0,0
2022-05-16 04:00:00,0,0,0
2022-05-16 05:00:00,11,6,5
2022-05-16 06:00:00,30,18,12
2022-05-16 07:00:00,55,28,27
2022-05-16 08:00:00,59,43,16
2022-05-16 09:00:00,30,20,10
2022-05-16 10:00:00,32,11,21
2022-05-16 11:00:00,48,26,22
2022-05-16 12:00:00,49,23,26
2022-05-16 13:00:00,42,21,21
2022-05-16 14:00:00,59,28,31
2022-05-16 15:00:00,82,40,42
2022-05-16 16:00:00,119,52,67
2022-05-16 17:00:00,130,57,73
2022-05-16 18:00:00,116,63,53
2022-05-16 19:00:00,92,45,47
2022-05-16 20:00:00,30,18,12
2022-05-16 21:00:00,7,4,3
2022-05-16 22:00:00,7,3,4
2022-05-16 23:00:00,2,0,2
2022-05-17 00:00:00,2,1,1
2022-05-17 01:00:00,0,0,0
2022-05-17 02:00:00,1,0,1
2022-05-17 03:00:00,0,0,0
2022-05-17 04:00:00,2,2,0
2022-05-17 05:00:00,15,8,7
2022-05-17 06:00:00,36,19,17
2022-05-17 07:00:00,80,43,37
2022-05-17 08:00:00,78,49,29
2022-05-17 09:00:00,58,29,29
2022-05-17 10:00:00,42,21,21
2022-05-17 11:00:00,29,13,16
2022-05-17 12:00:00,44,22,22
2022-05-17 13:00:00,58,31,27
2022-05-17 14:00:00,47,28,19
2022-05-17 15:00:00,70,33,37
2022-05-17 16:00:00,94,47,47
2022-05-17 17:00:00,124,45,79
2022-05-17 18:00:00,107,46,61
2022-05-17 19:00:00,70,30,40
2022-05-17 20:00:00,30,18,12
2022-05-17 21:00:00,14,9,5
2022-05-17 22:00:00,13,4,9
2022-05-17 23:00:00,1,1,0
2022-05-18 00:00:00,3,1,2
2022-05-18 01:00:00,3,1,2
2022-05-18 02:00:00,0,0,0
2022-05-18 03:00:00,0,0,0
2022-05-18 04:00:00,3,2,1
2022-05-18 05:00:00,6,2,4
2022-05-18 06:00:00,16,9,7
2022-05-18 07:00:00,38,18,20
2022-05-18 08:00:00,34,14,20
2022-05-18 09:00:00,16,6,10
2022-05-18 10:00:00,7,4,3
2022-05-18 11:00:00,10,4,6
2022-05-18 12:00:00,16,8,8
2022-05-18 13:00:00,14,9,5
2022-05-18 14:00:00,23,12,11
2022-05-18 15:00:00,29,12,17
2022-05-18 16:00:00,68,27,41
2022-05-18 17:00:00,81,33,48
2022-05-18 18:00:00,70,34,36
2022-05-18 19:00:00,43,22,21
2022-05-18 20:00:00,28,17,11
2022-05-18 21:00:00,11,6,5
2022-05-18 22:00:00,8,3,5
2022-05-18 23:00:00,1,1,0
2022-05-19 00:00:00,1,1,0
2022-05-19 01:00:00,0,0,0
2022-05-19 02:00:00,0,0,0
2022-05-19 03:00:00,0,0,0
2022-05-19 04:00:00,1,1,0
2022-05-19 05:00:00,11,7,4
2022-05-19 06:00:00,34,16,18
2022-05-19 07:00:00,80,40,40
2022-05-19 08:00:00,76,52,24
2022-05-19 09:00:00,55,26,29
2022-05-19 10:00:00,29,15,14
2022-05-19 11:00:00,34,18,16
2022-05-19 12:00:00,46,25,21
2022-05-19 13:00:00,38,20,18
2022-05-19 14:00:00,49,22,27
2022-05-19 15:00:00,65,41,24
2022-05-19 16:00:00,126,60,66
2022-05-19 17:00:00,144,50,94
2022-05-19 18:00:00,123,54,69
2022-05-19 19:00:00,79,39,40
2022-05-19 20:00:00,46,26,20
2022-05-19 21:00:00,13,7,6
2022-05-19 22:00:00,8,6,2
2022-05-19 23:00:00,7,1,6
2022-05-20 00:00:00,4,0,4
2022-05-20 01:00:00,1,0,1
2022-05-20 02:00:00,1,1,0
2022-05-20 03:00:00,2,2,0
2022-05-20 04:00:00,1,1,0
2022-05-20 05:00:00,9,6,3
2022-05-20 06:00:00,25,17,8
2022-05-20 07:00:00,45,26,19
2022-05-20 08:00:00,83,46,37
2022-05-20 09:00:00,71,36,35
2022-05-20 10:00:00,29,16,13
2022-05-20 11:00:00,30,17,13
2022-05-20 12:00:00,23,9,14
2022-05-20 13:00:00,44,16,28
2022-05-20 14:00:00,44,18,26
2022-05-20 15:00:00,71,35,36
2022-05-20 16:00:00,128,66,62
2022-05-20 17:00:00,135,59,76
2022-05-20 18:00:00,118,64,54
2022-05-20 19:00:00,63,29,34
2022-05-20 20:00:00,52,24,28
2022-05-20 21:00:00,32,21,11
2022-05-20 22:00:00,13,4,9
2022-05-20 23:00:00,6,3,3
2022-05-21 00:00:00,10,6,4
2022-05-21 01:00:00,0,0,0
2022-05-21 02:00:00,0,0,0
2022-05-21 03:00:00,0,0,0
2022-05-21 04:00:00,4,4,0
2022-05-21 05:00:00,2,2,0
2022-05-21 06:00:00,13,6,7
2022-05-21 07:00:00,36,15,21
2022-05-21 08:00:00,53,29,24
2022-05-21 09:00:00,69,38,31
2022-05-21 10:00:00,106,49,57
2022-05-21 11:00:00,99,40,59
2022-05-21 12:00:00,148,79,69
2022-05-21 13:00:00,137,74,63
2022-05-21 14:00:00,156,79,77
2022-05-21 15:00:00,190,102,88
2022-05-21 16:00:00,137,81,56
2022-05-21 17:00:00,149,70,79
2022-05-21 18:00:00,129,64,65
2022-05-21 19:00:00,107,64,43
2022-05-21 20:00:00,46,23,23
2022-05-21 21:00:00,54,14,40
2022-05-21 22:00:00,9,2,7
2022-05-21 23:00:00,11,5,6
2022-05-22 00:00:00,4,2,2
2022-05-22 01:00:00,6,4,2
2022-05-22 02:00:00,0,0,0
2022-05-22 03:00:00,0,0,0
2022-05-22 04:00:00,1,0,1
2022-05-22 05:00:00,1,1,0
2022-05-22 06:00:00,6,3,3
2022-05-22 07:00:00,30,8,22
2022-05-22 08:00:00,50,24,26
2022-05-22 09:00:00,80,44,36
2022-05-22 10:00:00,108,56,52
2022-05-22 11:00:00,171,89,82
2022-05-22 12:00:00,146,77,69
2022-05-22 13:00:00,137,62,75
2022-05-22 14:00:00,184,90,94
2022-05-22 15:00:00,189,91,98
2022-05-22 16:00:00,165,73,92
2022-05-22 17:00:00,147,66,81
2022-05-22 18:00:00,105,57,48
2022-05-22 19:00:00,69,37,32
2022-05-22 20:00:00,27,16,11
2022-05-22 21:00:00,10,6,4
2022-05-22 22:00:00,6,5,1
2022-05-22 23:00:00,3,1,2
2022-05-23 00:00:00,2,1,1
2022-05-23 01:00:00,0,0,0
2022-05-23 02:00:00,0,0,0
2022-05-23 03:00:00,0,0,0
2022-05-23 04:00:00,1,1,0
2022-05-23 05:00:00,12,8,4
2022-05-23 06:00:00,40,24,16
2022-05-23 07:00:00,56,33,23
2022-05-23 08:00:00,75,43,32
2022-05-23 09:00:00,37,27,10
2022-05-23 10:00:00,41,16,25
2022-05-23 11:00:00,36,15,21
2022-05-23 12:00:00,51,24,27
2022-05-23 13:00:00,45,20,25
2022-05-23 14:00:00,61,32,29
2022-05-23 15:00:00,57,26,31
2022-05-23 16:00:00,96,39,57
2022-05-23 17:00:00,144,63,81
2022-05-23 18:00:00,93,50,43
2022-05-23 19:00:00,70,39,31
2022-05-23 20:00:00,46,25,21
2022-05-23 21:00:00,15,10,5
2022-05-23 22:00:00,15,5,10
2022-05-23 23:00:00,4,3,1
2022-05-24 00:00:00,4,2,2
2022-05-24 01:00:00,1,0,1
2022-05-24 02:00:00,1,0,1
2022-05-24 03:00:00,0,0,0
2022-05-24 04:00:00,2,2,0
2022-05-24 05:00:00,15,5,10
2022-05-24 06:00:00,43,29,14
2022-05-24 07:00:00,87,57,30
2022-05-24 08:00:00,83,55,28
2022-05-24 09:00:00,61,34,27
2022-05-24 10:00:00,28,15,13
2022-05-24 11:00:00,49,26,23
2022-05-24 12:00:00,52,24,28
2022-05-24 13:00:00,27,14,13
2022-05-24 14:00:00,54,37,17
2022-05-24 15:00:00,66,36,30
2022-05-24 16:00:00,82,26,56
2022-05-24 17:00:00,114,39,75
2022-05-24 18:00:00,77,30,47
2022-05-24 19:00:00,27,13,14
2022-05-24 20:00:00,10,6,4
2022-05-24 21:00:00,14,5,9
2022-05-24 22:00:00,6,1,5
2022-05-24 23:00:00,4,3,1
2022-05-25 00:00:00,1,1,0
2022-05-25 01:00:00,1,0,1
2022-05-25 02:00:00,0,0,0
2022-05-25 03:00:00,0,0,0
2022-05-25 04:00:00,1,1,0
2022-05-25 05:00:00,12,8,4
2022-05-25 06:00:00,40,26,14
2022-05-25 07:00:00,84,57,27
2022-05-25 08:00:00,70,43,27
2022-05-25 09:00:00,50,17,33
2022-05-25 10:00:00,28,16,12
2022-05-25 11:00:00,51,24,27
2022-05-25 12:00:00,57,25,32
2022-05-25 13:00:00,40,20,20
2022-05-25 14:00:00,49,22,27
2022-05-25 15:00:00,85,38,47
2022-05-25 16:00:00,148,63,85
2022-05-25 17:00:00,185,67,118
2022-05-25 18:00:00,146,59,87
2022-05-25 19:00:00,129,57,72
2022-05-25 20:00:00,63,38,25
2022-05-25 21:00:00,24,16,8
2022-05-25 22:00:00,9,4,5
2022-05-25 23:00:00,2,0,2
2022-05-26 00:00:00,1,1,0
2022-05-26 01:00:00,2,0,2
2022-05-26 02:00:00,0,0,0
2022-05-26 03:00:00,0,0,0
2022-05-26 04:00:00,0,0,0
2022-05-26 05:00:00,10,7,3
2022-05-26 06:00:00,34,18,16
2022-05-26 07:00:00,61,35,26
2022-05-26 08:00:00,68,45,23
2022-05-26 09:00:00,40,16,24
2022-05-26 10:00:00,21,7,14
2022-05-26 11:00:00,27,17,10
2022-05-26 12:00:00,32,16,16
2022-05-26 13:00:00,43,24,19
2022-05-26 14:00:00,53,31,22
2022-05-26 15:00:00,40,18,22
2022-05-26 16:00:00,62,27,35
2022-05-26 17:00:00,75,24,51
2022-05-26 18:00:00,46,13,33
2022-05-26 19:00:00,34,12,22
2022-05-26 20:00:00,10,5,5
2022-05-26 21:00:00,9,6,3
2022-05-26 22:00:00,6,3,3
2022-05-26 23:00:00,2,0,2
2022-05-27 00:00:00,1,0,1
2022-05-27 01:00:00,1,0,1
2022-05-27 02:00:00,0,0,0
2022-05-27 03:00:00,0,0,0
2022-05-27 04:00:00,1,1,0
2022-05-27 05:00:00,5,4,1
2022-05-27 06:00:00,16,9,7
2022-05-27 07:00:00,34,20,14
2022-05-27 08:00:00,38,21,17
2022-05-27 09:00:00,40,19,21
2022-05-27 10:00:00,25,14,11
2022-05-27 11:00:00,67,34,33
2022-05-27 12:00:00,56,32,24
2022-05-27 13:00:00,61,27,34
2022-05-27 14:00:00,60,36,24
2022-05-27 15:00:00,93,52,41
2022-05-27 16:00:00,88,39,49
2022-05-27 17:00:00,87,43,44
2022-05-27 18:00:00,83,39,44
2022-05-27 19:00:00,55,29,26
2022-05-27 20:00:00,20,12,8
2022-05-27 21:00:00,25,9,16
2022-05-27 22:00:00,10,3,7
2022-05-27 23:00:00,2,1,1
2022-05-28 00:00:00,13,4,9
2022-05-28 01:00:00,2,1,1
2022-05-28 02:00:00,0,0,0
2022-05-28 03:00:00,0,0,0
2022-05-28 04:00:00,2,1,1
2022-05-28 05:00:00,2,1,1
2022-05-28 06:00:00,15,10,5
2022-05-28 07:00:00,17,4,13
2022-05-28 08:00:00,18,5,13
2022-05-28 09:00:00,29,16,13
2022-05-28 10:00:00,34,15,19
2022-05-28 11:00:00,31,15,16
2022-05-28 12:00:00,49,25,24
2022-05-28 13:00:00,39,21,18
2022-05-28 14:00:00,46,21,25
2022-05-28 15:00:00,32,15,17
2022-05-28 16:00:00,13,8,5
2022-05-28 17:00:00,12,2,10
2022-05-28 18:00:00,22,13,9
2022-05-28 19:00:00,10,2,8
2022-05-28 20:00:00,1,0,1
2022-05-28 21:00:00,5,4,1
2022-05-28 22:00:00,6,0,6
2022-05-28 23:00:00,1,0,1
2022-05-29 00:00:00,1,0,1
2022-05-29 01:00:00,0,0,0
2022-05-29 02:00:00,0,0,0
2022-05-29 03:00:00,0,0,0
2022-05-29 04:00:00,0,0,0
2022-05-29 05:00:00,6,3,3
2022-05-29 06:00:00,5,5,0
2022-05-29 07:00:00,1,0,1
2022-05-29 08:00:00,10,4,6
2022-05-29 09:00:00,38,17,21
2022-05-29 10:00:00,29,19,10
2022-05-29 11:00:00,45,26,19
2022-05-29 12:00:00,53,25,28
2022-05-29 13:00:00,55,17,38
2022-05-29 14:00:00,25,13,12
2022-05-29 15:00:00,8,3,5
2022-05-29 16:00:00,13,6,7
2022-05-29 17:00:00,19,11,8
2022-05-29 18:00:00,12,7,5
2022-05-29 19:00:00,13,4,9
2022-05-29 20:00:00,9,4,5
2022-05-29 21:00:00,7,2,5
2022-05-29 22:00:00,3,0,3
2022-05-29 23:00:00,3,1,2
2022-05-30 00:00:00,0,0,0
2022-05-30 01:00:00,0,0,0
2022-05-30 02:00:00,0,0,0
2022-05-30 03:00:00,0,0,0
2022-05-30 04:00:00,2,2,0
2022-05-30 05:00:00,2,1,1
2022-05-30 06:00:00,9,3,6
2022-05-30 07:00:00,15,7,8
2022-05-30 08:00:00,27,12,15
2022-05-30 09:00:00,24,11,13
2022-05-30 10:00:00,96,53,43
2022-05-30 11:00:00,117,73,44
2022-05-30 12:00:00,98,44,54
2022-05-30 13:00:00,131,75,56
2022-05-30 14:00:00,125,61,64
2022-05-30 15:00:00,137,65,72
2022-05-30 16:00:00,94,43,51
2022-05-30 17:00:00,110,54,56
2022-05-30 18:00:00,69,34,35
2022-05-30 19:00:00,92,43,49
2022-05-30 20:00:00,34,17,17
2022-05-30 21:00:00,11,6,5
2022-05-30 22:00:00,8,5,3
2022-05-30 23:00:00,1,0,1
2022-05-31 00:00:00,1,1,0
2022-05-31 01:00:00,2,1,1
2022-05-31 02:00:00,0,0,0
2022-05-31 03:00:00,0,0,0
2022-05-31 04:00:00,3,2,1
2022-05-31 05:00:00,12,6,6
2022-05-31 06:00:00,40,17,23
2022-05-31 07:00:00,84,50,34
2022-05-31 08:00:00,91,53,38
2022-05-31 09:00:00,54,32,22
2022-05-31 10:00:00,33,15,18
2022-05-31 11:00:00,46,15,31
2022-05-31 12:00:00,63,30,33
2022-05-31 13:00:00,65,31,34
2022-05-31 14:00:00,65,41,24
2022-05-31 15:00:00,134,69,65
2022-05-31 16:00:00,151,64,87
2022-05-31 17:00:00,180,78,102
2022-05-31 18:00:00,181,88,93
2022-05-31 19:00:00,107,56,51
2022-05-31 20:00:00,71,33,38
2022-05-31 21:00:00,37,20,17
2022-05-31 22:00:00,14,7,7
2022-05-31 23:00:00,3,0,3