Date,Total,Ped North,Ped South
2014-01-01 00:00:00,16,5,11
2014-01-01 01:00:00,5,2,3
2014-01-01 02:00:00,1,1,0
2014-01-01 03:00:00,2,2,0
2014-01-01 04:00:00,2,1,1
2014-01-01 05:00:00,2,2,0
2014-01-01 06:00:00,1,0,1
2014-01-01 07:00:00,17,7,10
2014-01-01 08:00:00,37,21,16
2014-01-01 09:00:00,73,44,29
2014-01-01 10:00:00,125,67,58
2014-01-01 11:00:00,218,114,104
2014-01-01 12:00:00,285,138,147
2014-01-01 13:00:00,237,107,130
2014-01-01 14:00:00,210,112,98
2014-01-01 15:00:00,243,126,117
2014-01-01 16:00:00,159,63,96
2014-01-01 17:00:00,36,12,24
2014-01-01 18:00:00,25,12,13
2014-01-01 19:00:00,22,13,9
2014-01-01 20:00:00,7,3,4
2014-01-01 21:00:00,8,4,4
2014-01-01 22:00:00,4,2,2
2014-01-01 23:00:00,5,1,4
2014-01-02 00:00:00,1,1,0
2014-01-02 01:00:00,4,3,1
2014-01-02 02:00:00,3,1,2
2014-01-02 03:00:00,0,0,0
2014-01-02 04:00:00,3,1,2
2014-01-02 05:00:00,7,5,2
2014-01-02 06:00:00,24,13,11
2014-01-02 07:00:00,38,19,19
2014-01-02 08:00:00,71,35,36
2014-01-02 09:00:00,75,38,37
2014-01-02 10:00:00,49,20,29
2014-01-02 11:00:00,85,49,36
2014-01-02 12:00:00,220,108,112
2014-01-02 13:00:00,98,46,52
2014-01-02 14:00:00,101,47,54
2014-01-02 15:00:00,106,44,62
2014-01-02 16:00:00,56,29,27
2014-01-02 17:00:00,22,14,8
2014-01-02 18:00:00,11,6,5
2014-01-02 19:00:00,4,1,3
2014-01-02 20:00:00,3,3,0
2014-01-02 21:00:00,3,1,2
2014-01-02 22:00:00,3,1,2
2014-01-02 23:00:00,4,3,1
2014-01-03 00:00:00,3,2,1
2014-01-03 01:00:00,2,1,1
2014-01-03 02:00:00,3,1,2
2014-01-03 03:00:00,4,3,1
2014-01-03 04:00:00,5,3,2
2014-01-03 05:00:00,29,15,14
2014-01-03 06:00:00,49,26,23
2014-01-03 07:00:00,63,28,35
2014-01-03 08:00:00,84,41,43
2014-01-03 09:00:00,96,51,45
2014-01-03 10:00:00,176,96,80
2014-01-03 11:00:00,323,157,166
2014-01-03 12:00:00,211,99,112
2014-01-03 13:00:00,195,98,97
2014-01-03 14:00:00,199,84,115
2014-01-03 15:00:00,149,64,85
2014-01-03 16:00:00,44,15,29
2014-01-03 17:00:00,30,19,11
2014-01-03 18:00:00,7,2,5
2014-01-03 19:00:00,4,3,1
2014-01-03 20:00:00,10,6,4
2014-01-03 21:00:00,4,2,2
2014-01-03 22:00:00,3,1,2
2014-01-03 23:00:00,4,1,3
2014-01-04 00:00:00,2,1,1
2014-01-04 01:00:00,2,1,1
2014-01-04 02:00:00,2,1,1
2014-01-04 03:00:00,2,1,1
2014-01-04 04:00:00,3,2,1
2014-01-04 05:00:00,3,1,2
2014-01-04 06:00:00,22,13,9
2014-01-04 07:00:00,97,50,47
2014-01-04 08:00:00,166,91,75
2014-01-04 09:00:00,217,108,109
2014-01-04 10:00:00,236,125,111
2014-01-04 11:00:00,278,130,148
2014-01-04 12:00:00,339,182,157
2014-01-04 13:00:00,408,224,184
2014-01-04 14:00:00,523,267,256
2014-01-04 15:00:00,288,118,170
2014-01-04 16:00:00,48,20,28
2014-01-04 17:00:00,8,5,3
2014-01-04 18:00:00,10,5,5
2014-01-04 19:00:00,1,0,1
2014-01-04 20:00:00,5,4,1
2014-01-04 21:00:00,7,3,4
2014-01-04 22:00:00,4,1,3
2014-01-04 23:00:00,1,1,0
2014-01-05 00:00:00,4,2,2
2014-01-05 01:00:00,1,0,1
2014-01-05 02:00:00,3,3,0
2014-01-05 03:00:00,2,0,2
2014-01-05 04:00:00,2,1,1
2014-01-05 05:00:00,9,4,5
2014-01-05 06:00:00,24,17,7
2014-01-05 07:00:00,92,44,48
2014-01-05 08:00:00,116,61,55
2014-01-05 09:00:00,138,73,65
2014-01-05 10:00:00,233,112,121
2014-01-05 11:00:00,231,104,127
2014-01-05 12:00:00,290,175,115
2014-01-05 13:00:00,334,174,160
2014-01-05 14:00:00,434,214,220
2014-01-05 15:00:00,275,118,157
2014-01-05 16:00:00,67,24,43
2014-01-05 17:00:00,19,11,8
2014-01-05 18:00:00,12,4,8
2014-01-05 19:00:00,5,2,3
2014-01-05 20:00:00,5,3,2
2014-01-05 21:00:00,7,4,3
2014-01-05 22:00:00,5,2,3
2014-01-05 23:00:00,3,3,0
2014-01-06 00:00:00,3,1,2
2014-01-06 01:00:00,0,0,0
2014-01-06 02:00:00,1,1,0
2014-01-06 03:00:00,3,1,2
2014-01-06 04:00:00,1,1,0
2014-01-06 05:00:00,26,11,15
2014-01-06 06:00:00,58,35,23
2014-01-06 07:00:00,61,30,31
2014-01-06 08:00:00,59,24,35
2014-01-06 09:00:00,56,35,21
2014-01-06 10:00:00,93,53,40
2014-01-06 11:00:00,246,125,121
2014-01-06 12:00:00,122,48,74
2014-01-06 13:00:00,82,41,41
2014-01-06 14:00:00,75,36,39
2014-01-06 15:00:00,77,37,40
2014-01-06 16:00:00,61,33,28
2014-01-06 17:00:00,28,12,16
2014-01-06 18:00:00,31,17,14
2014-01-06 19:00:00,2,1,1
2014-01-06 20:00:00,5,4,1
2014-01-06 21:00:00,8,3,5
2014-01-06 22:00:00,3,1,2
2014-01-06 23:00:00,1,0,1
2014-01-07 00:00:00,0,0,0
2014-01-07 01:00:00,5,4,1
2014-01-07 02:00:00,4,1,3
2014-01-07 03:00:00,0,0,0
2014-01-07 04:00:00,13,10,3
2014-01-07 05:00:00,37,18,19
2014-01-07 06:00:00,63,31,32
2014-01-07 07:00:00,50,20,30
2014-01-07 08:00:00,48,30,18
2014-01-07 09:00:00,40,19,21
2014-01-07 10:00:00,65,38,27
2014-01-07 11:00:00,179,94,85
2014-01-07 12:00:00,105,45,60
2014-01-07 13:00:00,57,29,28
2014-01-07 14:00:00,62,26,36
2014-01-07 15:00:00,64,33,31
2014-01-07 16:00:00,50,25,25
2014-01-07 17:00:00,36,24,12
2014-01-07 18:00:00,25,12,13
2014-01-07 19:00:00,14,7,7
2014-01-07 20:00:00,12,4,8
2014-01-07 21:00:00,6,4,2
2014-01-07 22:00:00,6,3,3
2014-01-07 23:00:00,2,1,1
2014-01-08 00:00:00,3,1,2
2014-01-08 01:00:00,1,1,0
2014-01-08 02:00:00,3,2,1
2014-01-08 03:00:00,3,1,2
2014-01-08 04:00:00,6,4,2
2014-01-08 05:00:00,45,25,20
2014-01-08 06:00:00,62,34,28
2014-01-08 07:00:00,73,39,34
2014-01-08 08:00:00,65,31,34
2014-01-08 09:00:00,23,10,13
2014-01-08 10:00:00,80,44,36
2014-01-08 11:00:00,126,60,66
2014-01-08 12:00:00,68,35,33
2014-01-08 13:00:00,36,19,17
2014-01-08 14:00:00,30,11,19
2014-01-08 15:00:00,23,10,13
2014-01-08 16:00:00,24,10,14
2014-01-08 17:00:00,37,24,13
2014-01-08 18:00:00,19,6,13
2014-01-08 19:00:00,11,6,5
2014-01-08 20:00:00,13,4,9
2014-01-08 21:00:00,5,3,2
2014-01-08 22:00:00,4,0,4
2014-01-08 23:00:00,2,1,1
2014-01-09 00:00:00,2,1,1
2014-01-09 01:00:00,2,1,1
2014-01-09 02:00:00,0,0,0
2014-01-09 03:00:00,5,2,3
2014-01-09 04:00:00,15,11,4
2014-01-09 05:00:00,48,25,23
2014-01-09 06:00:00,80,38,42
2014-01-09 07:00:00,80,39,41
2014-01-09 08:00:00,68,27,41
2014-01-09 09:00:00,32,16,16
2014-01-09 10:00:00,83,50,33
2014-01-09 11:00:00,167,81,86
2014-01-09 12:00:00,64,27,37
2014-01-09 13:00:00,28,14,14
2014-01-09 14:00:00,29,15,14
2014-01-09 15:00:00,71,36,35
2014-01-09 16:00:00,68,32,36
2014-01-09 17:00:00,27,15,12
2014-01-09 18:00:00,16,7,9
2014-01-09 19:00:00,13,10,3
2014-01-09 20:00:00,9,2,7
2014-01-09 21:00:00,10,5,5
2014-01-09 22:00:00,4,1,3
2014-01-09 23:00:00,3,2,1
2014-01-10 00:00:00,3,1,2
2014-01-10 01:00:00,1,1,0
2014-01-10 02:00:00,3,2,1
2014-01-10 03:00:00,7,3,4
2014-01-10 04:00:00,4,3,1
2014-01-10 05:00:00,26,14,12
2014-01-10 06:00:00,43,25,18
2014-01-10 07:00:00,56,24,32
2014-01-10 08:00:00,53,30,23
2014-01-10 09:00:00,55,25,30
2014-01-10 10:00:00,105,53,52
2014-01-10 11:00:00,149,74,75
2014-01-10 12:00:00,72,33,39
2014-01-10 13:00:00,73,35,38
2014-01-10 14:00:00,83,40,43
2014-01-10 15:00:00,98,50,48
2014-01-10 16:00:00,46,22,24
2014-01-10 17:00:00,32,17,15
2014-01-10 18:00:00,14,4,10
2014-01-10 19:00:00,9,4,5
2014-01-10 20:00:00,7,5,2
2014-01-10 21:00:00,4,2,2
2014-01-10 22:00:00,0,0,0
2014-01-10 23:00:00,1,1,0
2014-01-11 00:00:00,2,2,0
2014-01-11 01:00:00,3,2,1
2014-01-11 02:00:00,0,0,0
2014-01-11 03:00:00,1,0,1
2014-01-11 04:00:00,0,0,0
2014-01-11 05:00:00,9,4,5
2014-01-11 06:00:00,10,7,3
2014-01-11 07:00:00,50,31,19
2014-01-11 08:00:00,97,44,53
2014-01-11 09:00:00,68,36,32
2014-01-11 10:00:00,59,36,23
2014-01-11 11:00:00,12,5,7
2014-01-11 12:00:00,15,8,7
2014-01-11 13:00:00,12,4,8
2014-01-11 14:00:00,13,8,5
2014-01-11 15:00:00,16,7,9
2014-01-11 16:00:00,28,13,15
2014-01-11 17:00:00,8,2,6
2014-01-11 18:00:00,7,4,3
2014-01-11 19:00:00,4,3,1
2014-01-11 20:00:00,3,3,0
2014-01-11 21:00:00,3,1,2
2014-01-11 22:00:00,1,1,0
2014-01-11 23:00:00,2,1,1
2014-01-12 00:00:00,2,1,1
2014-01-12 01:00:00,1,0,1
2014-01-12 02:00:00,1,1,0
2014-01-12 03:00:00,1,0,1
2014-01-12 04:00:00,2,0,2
2014-01-12 05:00:00,15,9,6
2014-01-12 06:00:00,94,59,35
2014-01-12 07:00:00,63,34,29
2014-01-12 08:00:00,99,48,51
2014-01-12 09:00:00,110,56,54
2014-01-12 10:00:00,118,57,61
2014-01-12 11:00:00,98,47,51
2014-01-12 12:00:00,91,47,44
2014-01-12 13:00:00,150,70,80
2014-01-12 14:00:00,163,76,87
2014-01-12 15:00:00,160,73,87
2014-01-12 16:00:00,73,31,42
2014-01-12 17:00:00,31,16,15
2014-01-12 18:00:00,12,4,8
2014-01-12 19:00:00,0,0,0
2014-01-12 20:00:00,5,2,3
2014-01-12 21:00:00,4,2,2
2014-01-12 22:00:00,0,0,0
2014-01-12 23:00:00,4,2,2
2014-01-13 00:00:00,3,1,2
2014-01-13 01:00:00,1,1,0
2014-01-13 02:00:00,0,0,0
2014-01-13 03:00:00,4,3,1
2014-01-13 04:00:00,6,3,3
2014-01-13 05:00:00,33,19,14
2014-01-13 06:00:00,53,27,26
2014-01-13 07:00:00,56,24,32
2014-01-13 08:00:00,64,32,32
2014-01-13 09:00:00,54,21,33
2014-01-13 10:00:00,97,56,41
2014-01-13 11:00:00,216,115,101
2014-01-13 12:00:00,125,50,75
2014-01-13 13:00:00,88,46,42
2014-01-13 14:00:00,97,48,49
2014-01-13 15:00:00,146,75,71
2014-01-13 16:00:00,116,61,55
2014-01-13 17:00:00,36,19,17
2014-01-13 18:00:00,37,22,15
2014-01-13 19:00:00,11,3,8
2014-01-13 20:00:00,12,7,5
2014-01-13 21:00:00,3,3,0
2014-01-13 22:00:00,4,4,0
2014-01-13 23:00:00,3,1,2
2014-01-14 00:00:00,0,0,0
2014-01-14 01:00:00,1,0,1
2014-01-14 02:00:00,1,1,0
2014-01-14 03:00:00,4,4,0
2014-01-14 04:00:00,11,7,4
2014-01-14 05:00:00,53,34,19
2014-01-14 06:00:00,91,40,51
2014-01-14 07:00:00,98,46,52
2014-01-14 08:00:00,70,33,37
2014-01-14 09:00:00,68,35,33
2014-01-14 10:00:00,96,55,41
2014-01-14 11:00:00,266,136,130
2014-01-14 12:00:00,126,54,72
2014-01-14 13:00:00,102,52,50
2014-01-14 14:00:00,132,65,67
2014-01-14 15:00:00,120,53,67
2014-01-14 16:00:00,100,45,55
2014-01-14 17:00:00,46,21,25
2014-01-14 18:00:00,32,17,15
2014-01-14 19:00:00,5,1,4
2014-01-14 20:00:00,12,5,7
2014-01-14 21:00:00,5,3,2
2014-01-14 22:00:00,2,1,1
2014-01-14 23:00:00,4,3,1
2014-01-15 00:00:00,2,1,1
2014-01-15 01:00:00,1,1,0
2014-01-15 02:00:00,2,1,1
2014-01-15 03:00:00,2,1,1
2014-01-15 04:00:00,11,8,3
2014-01-15 05:00:00,65,34,31
2014-01-15 06:00:00,83,48,35
2014-01-15 07:00:00,88,41,47
2014-01-15 08:00:00,57,26,31
2014-01-15 09:00:00,76,41,35
2014-01-15 10:00:00,131,76,55
2014-01-15 11:00:00,314,158,156
2014-01-15 12:00:00,178,84,94
2014-01-15 13:00:00,135,68,67
2014-01-15 14:00:00,155,78,77
2014-01-15 15:00:00,162,78,84
2014-01-15 16:00:00,122,57,65
2014-01-15 17:00:00,46,19,27
2014-01-15 18:00:00,13,6,7
2014-01-15 19:00:00,11,5,6
2014-01-15 20:00:00,7,5,2
2014-01-15 21:00:00,9,6,3
2014-01-15 22:00:00,7,2,5
2014-01-15 23:00:00,5,3,2
2014-01-16 00:00:00,0,0,0
2014-01-16 01:00:00,1,0,1
2014-01-16 02:00:00,2,2,0
2014-01-16 03:00:00,4,2,2
2014-01-16 04:00:00,18,13,5
2014-01-16 05:00:00,59,30,29
2014-01-16 06:00:00,74,36,38
2014-01-16 07:00:00,79,40,39
2014-01-16 08:00:00,75,36,39
2014-01-16 09:00:00,43,17,26
2014-01-16 10:00:00,106,55,51
2014-01-16 11:00:00,257,143,114
2014-01-16 12:00:00,134,63,71
2014-01-16 13:00:00,95,39,56
2014-01-16 14:00:00,92,43,49
2014-01-16 15:00:00,116,50,66
2014-01-16 16:00:00,104,51,53
2014-01-16 17:00:00,63,34,29
2014-01-16 18:00:00,34,17,17
2014-01-16 19:00:00,13,5,8
2014-01-16 20:00:00,11,5,6
2014-01-16 21:00:00,10,4,6
2014-01-16 22:00:00,5,2,3
2014-01-16 23:00:00,4,2,2
2014-01-17 00:00:00,1,1,0
2014-01-17 01:00:00,0,0,0
2014-01-17 02:00:00,4,2,2
2014-01-17 03:00:00,1,0,1
2014-01-17 04:00:00,10,7,3
2014-01-17 05:00:00,33,13,20
2014-01-17 06:00:00,59,34,25
2014-01-17 07:00:00,72,31,41
2014-01-17 08:00:00,72,34,38
2014-01-17 09:00:00,60,32,28
2014-01-17 10:00:00,85,47,38
2014-01-17 11:00:00,170,84,86
2014-01-17 12:00:00,94,39,55
2014-01-17 13:00:00,88,50,38
2014-01-17 14:00:00,165,65,100
2014-01-17 15:00:00,179,79,100
2014-01-17 16:00:00,88,38,50
2014-01-17 17:00:00,30,17,13
2014-01-17 18:00:00,11,6,5
2014-01-17 19:00:00,4,0,4
2014-01-17 20:00:00,5,1,4
2014-01-17 21:00:00,2,1,1
2014-01-17 22:00:00,3,2,1
2014-01-17 23:00:00,7,2,5
2014-01-18 00:00:00,3,1,2
2014-01-18 01:00:00,0,0,0
2014-01-18 02:00:00,1,0,1
2014-01-18 03:00:00,3,1,2
2014-01-18 04:00:00,2,2,0
2014-01-18 05:00:00,6,4,2
2014-01-18 06:00:00,36,22,14
2014-01-18 07:00:00,92,54,38
2014-01-18 08:00:00,142,61,81
2014-01-18 09:00:00,147,73,74
2014-01-18 10:00:00,147,63,84
2014-01-18 11:00:00,140,63,77
2014-01-18 12:00:00,141,70,71
2014-01-18 13:00:00,152,76,76
2014-01-18 14:00:00,244,123,121
2014-01-18 15:00:00,235,100,135
2014-01-18 16:00:00,94,32,62
2014-01-18 17:00:00,17,8,9
2014-01-18 18:00:00,6,4,2
2014-01-18 19:00:00,3,3,0
2014-01-18 20:00:00,30,19,11
2014-01-18 21:00:00,3,1,2
2014-01-18 22:00:00,8,5,3
2014-01-18 23:00:00,2,2,0
2014-01-19 00:00:00,6,3,3
2014-01-19 01:00:00,1,0,1
2014-01-19 02:00:00,2,2,0
2014-01-19 03:00:00,3,2,1
2014-01-19 04:00:00,2,1,1
2014-01-19 05:00:00,10,5,5
2014-01-19 06:00:00,35,20,15
2014-01-19 07:00:00,90,55,35
2014-01-19 08:00:00,145,72,73
2014-01-19 09:00:00,151,69,82
2014-01-19 10:00:00,145,71,74
2014-01-19 11:00:00,135,50,85
2014-01-19 12:00:00,85,39,46
2014-01-19 13:00:00,101,33,68
2014-01-19 14:00:00,66,25,41
2014-01-19 15:00:00,43,26,17
2014-01-19 16:00:00,28,12,16
2014-01-19 17:00:00,10,5,5
2014-01-19 18:00:00,7,7,0
2014-01-19 19:00:00,7,4,3
2014-01-19 20:00:00,9,6,3
2014-01-19 21:00:00,6,4,2
2014-01-19 22:00:00,3,1,2
2014-01-19 23:00:00,3,3,0
2014-01-20 00:00:00,1,0,1
2014-01-20 01:00:00,0,0,0
2014-01-20 02:00:00,1,1,0
2014-01-20 03:00:00,2,1,1
2014-01-20 04:00:00,10,6,4
2014-01-20 05:00:00,28,15,13
2014-01-20 06:00:00,30,19,11
2014-01-20 07:00:00,72,38,34
2014-01-20 08:00:00,86,50,36
2014-01-20 09:00:00,97,45,52
2014-01-20 10:00:00,135,70,65
2014-01-20 11:00:00,290,143,147
2014-01-20 12:00:00,297,149,148
2014-01-20 13:00:00,258,127,131
2014-01-20 14:00:00,339,164,175
2014-01-20 15:00:00,367,171,196
2014-01-20 16:00:00,122,43,79
2014-01-20 17:00:00,34,18,16
2014-01-20 18:00:00,30,14,16
2014-01-20 19:00:00,13,6,7
2014-01-20 20:00:00,12,8,4
2014-01-20 21:00:00,5,2,3
2014-01-20 22:00:00,2,1,1
2014-01-20 23:00:00,3,3,0
2014-01-21 00:00:00,1,1,0
2014-01-21 01:00:00,1,1,0
2014-01-21 02:00:00,0,0,0
2014-01-21 03:00:00,4,3,1
2014-01-21 04:00:00,21,14,7
2014-01-21 05:00:00,60,31,29
2014-01-21 06:00:00,72,33,39
2014-01-21 07:00:00,72,36,36
2014-01-21 08:00:00,49,23,26
2014-01-21 09:00:00,51,22,29
2014-01-21 10:00:00,94,57,37
2014-01-21 11:00:00,260,132,128
2014-01-21 12:00:00,147,77,70
2014-01-21 13:00:00,125,53,72
2014-01-21 14:00:00,100,47,53
2014-01-21 15:00:00,114,58,56
2014-01-21 16:00:00,108,46,62
2014-01-21 17:00:00,69,40,29
2014-01-21 18:00:00,34,16,18
2014-01-21 19:00:00,15,6,9
2014-01-21 20:00:00,12,6,6
2014-01-21 21:00:00,5,2,3
2014-01-21 22:00:00,1,1,0
2014-01-21 23:00:00,1,0,1
2014-01-22 00:00:00,1,1,0
2014-01-22 01:00:00,1,1,0
2014-01-22 02:00:00,0,0,0
2014-01-22 03:00:00,1,1,0
2014-01-22 04:00:00,23,16,7
2014-01-22 05:00:00,53,30,23
2014-01-22 06:00:00,77,33,44
2014-01-22 07:00:00,89,42,47
2014-01-22 08:00:00,58,27,31
2014-01-22 09:00:00,61,28,33
2014-01-22 10:00:00,101,57,44
2014-01-22 11:00:00,245,116,129
2014-01-22 12:00:00,157,79,78
2014-01-22 13:00:00,110,54,56
2014-01-22 14:00:00,92,46,46
2014-01-22 15:00:00,160,77,83
2014-01-22 16:00:00,135,64,71
2014-01-22 17:00:00,88,41,47
2014-01-22 18:00:00,35,21,14
2014-01-22 19:00:00,17,8,9
2014-01-22 20:00:00,12,7,5
2014-01-22 21:00:00,11,5,6
2014-01-22 22:00:00,4,2,2
2014-01-22 23:00:00,1,1,0
2014-01-23 00:00:00,3,1,2
2014-01-23 01:00:00,2,1,1
2014-01-23 02:00:00,0,0,0
2014-01-23 03:00:00,5,2,3
2014-01-23 04:00:00,21,11,10
2014-01-23 05:00:00,64,37,27
2014-01-23 06:00:00,76,36,40
2014-01-23 07:00:00,79,37,42
2014-01-23 08:00:00,63,32,31
2014-01-23 09:00:00,57,29,28
2014-01-23 10:00:00,118,68,50
2014-01-23 11:00:00,328,169,159
2014-01-23 12:00:00,218,113,105
2014-01-23 13:00:00,173,103,70
2014-01-23 14:00:00,218,107,111
2014-01-23 15:00:00,263,116,147
2014-01-23 16:00:00,156,78,78
2014-01-23 17:00:00,46,22,24
2014-01-23 18:00:00,30,16,14
2014-01-23 19:00:00,4,2,2
2014-01-23 20:00:00,4,2,2
2014-01-23 21:00:00,4,2,2
2014-01-23 22:00:00,6,5,1
2014-01-23 23:00:00,3,1,2
2014-01-24 00:00:00,0,0,0
2014-01-24 01:00:00,3,2,1
2014-01-24 02:00:00,2,1,1
2014-01-24 03:00:00,2,1,1
2014-01-24 04:00:00,9,6,3
2014-01-24 05:00:00,44,20,24
2014-01-24 06:00:00,51,25,26
2014-01-24 07:00:00,92,43,49
2014-01-24 08:00:00,81,38,43
2014-01-24 09:00:00,78,33,45
2014-01-24 10:00:00,132,72,60
2014-01-24 11:00:00,351,163,188
2014-01-24 12:00:00,191,90,101
2014-01-24 13:00:00,194,101,93
2014-01-24 14:00:00,281,121,160
2014-01-24 15:00:00,274,108,166
2014-01-24 16:00:00,159,71,88
2014-01-24 17:00:00,63,28,35
2014-01-24 18:00:00,29,13,16
2014-01-24 19:00:00,13,7,6
2014-01-24 20:00:00,10,6,4
2014-01-24 21:00:00,5,4,1
2014-01-24 22:00:00,5,3,2
2014-01-24 23:00:00,5,2,3
2014-01-25 00:00:00,6,2,4
2014-01-25 01:00:00,3,1,2
2014-01-25 02:00:00,4,1,3
2014-01-25 03:00:00,1,0,1
2014-01-25 04:00:00,3,2,1
2014-01-25 05:00:00,8,4,4
2014-01-25 06:00:00,30,17,13
2014-01-25 07:00:00,73,41,32
2014-01-25 08:00:00,132,74,58
2014-01-25 09:00:00,124,53,71
2014-01-25 10:00:00,134,63,71
2014-01-25 11:00:00,241,130,111
2014-01-25 12:00:00,280,140,140
2014-01-25 13:00:00,361,177,184
2014-01-25 14:00:00,472,204,268
2014-01-25 15:00:00,467,219,248
2014-01-25 16:00:00,216,80,136
2014-01-25 17:00:00,25,10,15
2014-01-25 18:00:00,11,3,8
2014-01-25 19:00:00,4,3,1
2014-01-25 20:00:00,9,3,6
2014-01-25 21:00:00,6,2,4
2014-01-25 22:00:00,6,5,1
2014-01-25 23:00:00,6,4,2
2014-01-26 00:00:00,6,2,4
2014-01-26 01:00:00,1,1,0
2014-01-26 02:00:00,1,1,0
2014-01-26 03:00:00,3,1,2
2014-01-26 04:00:00,5,3,2
2014-01-26 05:00:00,15,8,7
2014-01-26 06:00:00,27,17,10
2014-01-26 07:00:00,69,37,32
2014-01-26 08:00:00,112,62,50
2014-01-26 09:00:00,164,84,80
2014-01-26 10:00:00,246,129,117
2014-01-26 11:00:00,272,142,130
2014-01-26 12:00:00,308,155,153
2014-01-26 13:00:00,377,213,164
2014-01-26 14:00:00,517,271,246
2014-01-26 15:00:00,516,248,268
2014-01-26 16:00:00,192,72,120
2014-01-26 17:00:00,20,10,10
2014-01-26 18:00:00,11,5,6
2014-01-26 19:00:00,3,1,2
2014-01-26 20:00:00,3,1,2
2014-01-26 21:00:00,5,2,3
2014-01-26 22:00:00,0,0,0
2014-01-26 23:00:00,1,1,0
2014-01-27 00:00:00,2,1,1
2014-01-27 01:00:00,0,0,0
2014-01-27 02:00:00,0,0,0
2014-01-27 03:00:00,3,2,1
2014-01-27 04:00:00,17,10,7
2014-01-27 05:00:00,49,29,20
2014-01-27 06:00:00,61,27,34
2014-01-27 07:00:00,68,30,38
2014-01-27 08:00:00,57,27,30
2014-01-27 09:00:00,57,28,29
2014-01-27 10:00:00,101,54,47
2014-01-27 11:00:00,222,110,112
2014-01-27 12:00:00,130,52,78
2014-01-27 13:00:00,84,41,43
2014-01-27 14:00:00,97,51,46
2014-01-27 15:00:00,95,40,55
2014-01-27 16:00:00,107,50,57
2014-01-27 17:00:00,70,36,34
2014-01-27 18:00:00,23,8,15
2014-01-27 19:00:00,5,2,3
2014-01-27 20:00:00,9,5,4
2014-01-27 21:00:00,7,3,4
2014-01-27 22:00:00,2,1,1
2014-01-27 23:00:00,1,1,0
2014-01-28 00:00:00,2,1,1
2014-01-28 01:00:00,2,2,0
2014-01-28 02:00:00,0,0,0
2014-01-28 03:00:00,5,4,1
2014-01-28 04:00:00,30,20,10
2014-01-28 05:00:00,80,37,43
2014-01-28 06:00:00,88,45,43
2014-01-28 07:00:00,82,43,39
2014-01-28 08:00:00,56,27,29
2014-01-28 09:00:00,54,29,25
2014-01-28 10:00:00,87,50,37
2014-01-28 11:00:00,230,121,109
2014-01-28 12:00:00,151,67,84
2014-01-28 13:00:00,104,51,53
2014-01-28 14:00:00,96,48,48
2014-01-28 15:00:00,105,43,62
2014-01-28 16:00:00,92,41,51
2014-01-28 17:00:00,62,30,32
2014-01-28 18:00:00,30,14,16
2014-01-28 19:00:00,9,5,4
2014-01-28 20:00:00,5,3,2
2014-01-28 21:00:00,1,0,1
2014-01-28 22:00:00,2,1,1
2014-01-28 23:00:00,2,1,1
2014-01-29 00:00:00,0,0,0
2014-01-29 01:00:00,2,1,1
2014-01-29 02:00:00,2,1,1
2014-01-29 03:00:00,1,1,0
2014-01-29 04:00:00,18,13,5
2014-01-29 05:00:00,50,28,22
2014-01-29 06:00:00,64,31,33
2014-01-29 07:00:00,76,29,47
2014-01-29 08:00:00,42,21,21
2014-01-29 09:00:00,36,19,17
2014-01-29 10:00:00,67,32,35
2014-01-29 11:00:00,107,57,50
2014-01-29 12:00:00,64,32,32
2014-01-29 13:00:00,45,16,29
2014-01-29 14:00:00,32,18,14
2014-01-29 15:00:00,68,32,36
2014-01-29 16:00:00,73,34,39
2014-01-29 17:00:00,56,22,34
2014-01-29 18:00:00,24,13,11
2014-01-29 19:00:00,15,9,6
2014-01-29 20:00:00,11,6,5
2014-01-29 21:00:00,2,1,1
2014-01-29 22:00:00,5,1,4
2014-01-29 23:00:00,4,2,2
2014-01-30 00:00:00,1,0,1
2014-01-30 01:00:00,2,1,1
2014-01-30 02:00:00,0,0,0
2014-01-30 03:00:00,2,2,0
2014-01-30 04:00:00,19,14,5
2014-01-30 05:00:00,66,31,35
2014-01-30 06:00:00,93,46,47
2014-01-30 07:00:00,73,32,41
2014-01-30 08:00:00,52,25,27
2014-01-30 09:00:00,45,25,20
2014-01-30 10:00:00,87,45,42
2014-01-30 11:00:00,205,110,95
2014-01-30 12:00:00,104,49,55
2014-01-30 13:00:00,66,25,41
2014-01-30 14:00:00,67,39,28
2014-01-30 15:00:00,83,46,37
2014-01-30 16:00:00,90,35,55
2014-01-30 17:00:00,42,22,20
2014-01-30 18:00:00,31,14,17
2014-01-30 19:00:00,6,2,4
2014-01-30 20:00:00,3,1,2
2014-01-30 21:00:00,2,1,1
2014-01-30 22:00:00,5,1,4
2014-01-30 23:00:00,2,1,1
2014-01-31 00:00:00,3,1,2
2014-01-31 01:00:00,1,0,1
2014-01-31 02:00:00,2,1,1
2014-01-31 03:00:00,3,2,1
2014-01-31 04:00:00,10,7,3
2014-01-31 05:00:00,36,20,16
2014-01-31 06:00:00,49,18,31
2014-01-31 07:00:00,69,36,33
2014-01-31 08:00:00,50,27,23
2014-01-31 09:00:00,50,19,31
2014-01-31 10:00:00,90,45,45
2014-01-31 11:00:00,161,84,77
2014-01-31 12:00:00,116,54,62
2014-01-31 13:00:00,122,73,49
2014-01-31 14:00:00,104,44,60
2014-01-31 15:00:00,118,62,56
2014-01-31 16:00:00,83,33,50
2014-01-31 17:00:00,37,17,20
2014-01-31 18:00:00,16,9,7
2014-01-31 19:00:00,5,1,4
2014-01-31 20:00:00,8,5,3
2014-01-31 21:00:00,3,2,1
2014-01-31 22:00:00,3,0,3
2014-01-31 23:00:00,2,2,0
2014-02-01 00:00:00,5,2,3
2014-02-01 01:00:00,3,2,1
2014-02-01 02:00:00,3,1,2
2014-02-01 03:00:00,0,0,0
2014-02-01 04:00:00,3,1,2
2014-02-01 05:00:00,11,5,6
2014-02-01 06:00:00,31,20,11
2014-02-01 07:00:00,76,41,35
2014-02-01 08:00:00,158,88,70
2014-02-01 09:00:00,209,103,106
2014-02-01 10:00:00,221,107,114
2014-02-01 11:00:00,79,28,51
2014-02-01 12:00:00,137,73,64
2014-02-01 13:00:00,142,71,71
2014-02-01 14:00:00,161,78,83
2014-02-01 15:00:00,167,81,86
2014-02-01 16:00:00,148,61,87
2014-02-01 17:00:00,39,21,18
2014-02-01 18:00:00,14,10,4
2014-02-01 19:00:00,9,4,5
2014-02-01 20:00:00,8,6,2
2014-02-01 21:00:00,6,3,3
2014-02-01 22:00:00,3,1,2
2014-02-01 23:00:00,5,3,2
2014-02-02 00:00:00,3,1,2
2014-02-02 01:00:00,2,1,1
2014-02-02 02:00:00,1,1,0
2014-02-02 03:00:00,4,1,3
2014-02-02 04:00:00,1,0,1
2014-02-02 05:00:00,5,2,3
2014-02-02 06:00:00,29,21,8
2014-02-02 07:00:00,100,63,37
2014-02-02 08:00:00,165,89,76
2014-02-02 09:00:00,233,120,113
2014-02-02 10:00:00,323,155,168
2014-02-02 11:00:00,258,118,140
2014-02-02 12:00:00,221,103,118
2014-02-02 13:00:00,158,69,89
2014-02-02 14:00:00,74,30,44
2014-02-02 15:00:00,48,14,34
2014-02-02 16:00:00,16,7,9
2014-02-02 17:00:00,8,7,1
2014-02-02 18:00:00,7,6,1
2014-02-02 19:00:00,5,2,3
2014-02-02 20:00:00,6,2,4
2014-02-02 21:00:00,3,2,1
2014-02-02 22:00:00,0,0,0
2014-02-02 23:00:00,3,1,2
2014-02-03 00:00:00,1,0,1
2014-02-03 01:00:00,0,0,0
2014-02-03 02:00:00,2,2,0
2014-02-03 03:00:00,2,1,1
2014-02-03 04:00:00,8,6,2
2014-02-03 05:00:00,39,19,20
2014-02-03 06:00:00,46,24,22
2014-02-03 07:00:00,64,33,31
2014-02-03 08:00:00,57,26,31
2014-02-03 09:00:00,33,20,13
2014-02-03 10:00:00,90,56,34
2014-02-03 11:00:00,307,164,143
2014-02-03 12:00:00,188,122,66
2014-02-03 13:00:00,0,0,0
2014-02-03 14:00:00,173,122,51
2014-02-03 15:00:00,199,123,76
2014-02-03 16:00:00,159,93,66
2014-02-03 17:00:00,118,56,62
2014-02-03 18:00:00,40,21,19
2014-02-03 19:00:00,26,14,12
2014-02-03 20:00:00,10,8,2
2014-02-03 21:00:00,2,0,2
2014-02-03 22:00:00,0,0,0
2014-02-03 23:00:00,2,1,1
2014-02-04 00:00:00,0,0,0
2014-02-04 01:00:00,0,0,0
2014-02-04 02:00:00,2,1,1
2014-02-04 03:00:00,0,0,0
2014-02-04 04:00:00,1,1,0
2014-02-04 05:00:00,6,4,2
2014-02-04 06:00:00,38,21,17
2014-02-04 07:00:00,88,41,47
2014-02-04 08:00:00,61,22,39
2014-02-04 09:00:00,49,29,20
2014-02-04 10:00:00,38,17,21
2014-02-04 11:00:00,98,50,48
2014-02-04 12:00:00,227,119,108
2014-02-04 13:00:00,120,58,62
2014-02-04 14:00:00,56,21,35
2014-02-04 15:00:00,69,37,32
2014-02-04 16:00:00,74,40,34
2014-02-04 17:00:00,88,45,43
2014-02-04 18:00:00,57,29,28
2014-02-04 19:00:00,14,5,9
2014-02-04 20:00:00,3,1,2
2014-02-04 21:00:00,8,6,2
2014-02-04 22:00:00,1,0,1
2014-02-04 23:00:00,3,2,1
2014-02-05 00:00:00,1,0,1
2014-02-05 01:00:00,0,0,0
2014-02-05 02:00:00,2,1,1
2014-02-05 03:00:00,0,0,0
2014-02-05 04:00:00,2,2,0
2014-02-05 05:00:00,7,6,1
2014-02-05 06:00:00,26,14,12
2014-02-05 07:00:00,59,20,39
2014-02-05 08:00:00,67,24,43
2014-02-05 09:00:00,73,20,53
2014-02-05 10:00:00,77,13,64
2014-02-05 11:00:00,63,19,44
2014-02-05 12:00:00,118,68,50
2014-02-05 13:00:00,232,199,33
2014-02-05 14:00:00,208,164,44
2014-02-05 15:00:00,190,139,51
2014-02-05 16:00:00,198,133,65
2014-02-05 17:00:00,92,46,46
2014-02-05 18:00:00,36,20,16
2014-02-05 19:00:00,16,6,10
2014-02-05 20:00:00,4,1,3
2014-02-05 21:00:00,1,0,1
2014-02-05 22:00:00,0,0,0
2014-02-05 23:00:00,0,0,0
2014-02-06 00:00:00,0,0,0
2014-02-06 01:00:00,1,0,1
2014-02-06 02:00:00,2,1,1
2014-02-06 03:00:00,0,0,0
2014-02-06 04:00:00,2,1,1
2014-02-06 05:00:00,6,3,3
2014-02-06 06:00:00,31,15,16
2014-02-06 07:00:00,45,23,22
2014-02-06 08:00:00,71,31,40
2014-02-06 09:00:00,31,15,16
2014-02-06 10:00:00,36,14,22
2014-02-06 11:00:00,55,30,25
2014-02-06 12:00:00,158,86,72
2014-02-06 13:00:00,74,31,43
2014-02-06 14:00:00,52,25,27
2014-02-06 15:00:00,49,28,21
2014-02-06 16:00:00,57,29,28
2014-02-06 17:00:00,46,21,25
2014-02-06 18:00:00,37,19,18
2014-02-06 19:00:00,14,8,6
2014-02-06 20:00:00,2,1,1
2014-02-06 21:00:00,6,3,3
2014-02-06 22:00:00,2,1,1
2014-02-06 23:00:00,1,0,1
2014-02-07 00:00:00,2,1,1
2014-02-07 01:00:00,3,1,2
2014-02-07 02:00:00,0,0,0
2014-02-07 03:00:00,2,1,1
2014-02-07 04:00:00,2,1,1
2014-02-07 05:00:00,2,2,0
2014-02-07 06:00:00,24,16,8
2014-02-07 07:00:00,63,28,35
2014-02-07 08:00:00,72,30,42
2014-02-07 09:00:00,53,25,28
2014-02-07 10:00:00,55,30,25
2014-02-07 11:00:00,56,29,27
2014-02-07 12:00:00,200,104,96
2014-02-07 13:00:00,150,81,69
2014-02-07 14:00:00,120,73,47
2014-02-07 15:00:00,100,55,45
2014-02-07 16:00:00,101,44,57
2014-02-07 17:00:00,67,28,39
2014-02-07 18:00:00,20,7,13
2014-02-07 19:00:00,8,4,4
2014-02-07 20:00:00,13,5,8
2014-02-07 21:00:00,2,1,1
2014-02-07 22:00:00,8,4,4
2014-02-07 23:00:00,1,0,1
2014-02-08 00:00:00,1,0,1
2014-02-08 01:00:00,1,0,1
2014-02-08 02:00:00,3,0,3
2014-02-08 03:00:00,4,3,1
2014-02-08 04:00:00,0,0,0
2014-02-08 05:00:00,1,1,0
2014-02-08 06:00:00,11,7,4
2014-02-08 07:00:00,27,13,14
2014-02-08 08:00:00,76,45,31
2014-02-08 09:00:00,133,60,73
2014-02-08 10:00:00,124,65,59
2014-02-08 11:00:00,164,76,88
2014-02-08 12:00:00,152,68,84
2014-02-08 13:00:00,163,75,88
2014-02-08 14:00:00,129,55,74
2014-02-08 15:00:00,105,48,57
2014-02-08 16:00:00,91,47,44
2014-02-08 17:00:00,53,21,32
2014-02-08 18:00:00,15,4,11
2014-02-08 19:00:00,10,4,6
2014-02-08 20:00:00,6,4,2
2014-02-08 21:00:00,5,3,2
2014-02-08 22:00:00,12,6,6
2014-02-08 23:00:00,7,3,4
2014-02-09 00:00:00,8,4,4
2014-02-09 01:00:00,3,2,1
2014-02-09 02:00:00,3,1,2
2014-02-09 03:00:00,1,1,0
2014-02-09 04:00:00,3,1,2
2014-02-09 05:00:00,0,0,0
2014-02-09 06:00:00,3,3,0
2014-02-09 07:00:00,20,9,11
2014-02-09 08:00:00,56,32,24
2014-02-09 09:00:00,76,36,40
2014-02-09 10:00:00,67,30,37
2014-02-09 11:00:00,88,44,44
2014-02-09 12:00:00,69,32,37
2014-02-09 13:00:00,91,45,46
2014-02-09 14:00:00,78,39,39
2014-02-09 15:00:00,96,45,51
2014-02-09 16:00:00,88,50,38
2014-02-09 17:00:00,74,26,48
2014-02-09 18:00:00,16,4,12
2014-02-09 19:00:00,2,2,0
2014-02-09 20:00:00,4,0,4
2014-02-09 21:00:00,2,1,1
2014-02-09 22:00:00,1,1,0
2014-02-09 23:00:00,1,1,0
2014-02-10 00:00:00,2,1,1
2014-02-10 01:00:00,3,2,1
2014-02-10 02:00:00,0,0,0
2014-02-10 03:00:00,1,1,0
2014-02-10 04:00:00,2,1,1
2014-02-10 05:00:00,6,2,4
2014-02-10 06:00:00,16,10,6
2014-02-10 07:00:00,26,12,14
2014-02-10 08:00:00,33,17,16
2014-02-10 09:00:00,28,14,14
2014-02-10 10:00:00,21,11,10
2014-02-10 11:00:00,77,44,33
2014-02-10 12:00:00,148,69,79
2014-02-10 13:00:00,100,41,59
2014-02-10 14:00:00,80,37,43
2014-02-10 15:00:00,47,23,24
2014-02-10 16:00:00,62,29,33
2014-02-10 17:00:00,43,26,17
2014-02-10 18:00:00,47,20,27
2014-02-10 19:00:00,22,13,9
2014-02-10 20:00:00,16,9,7
2014-02-10 21:00:00,6,5,1
2014-02-10 22:00:00,3,2,1
2014-02-10 23:00:00,3,2,1
2014-02-11 00:00:00,1,1,0
2014-02-11 01:00:00,1,0,1
2014-02-11 02:00:00,1,1,0
2014-02-11 03:00:00,0,0,0
2014-02-11 04:00:00,0,0,0
2014-02-11 05:00:00,15,12,3
2014-02-11 06:00:00,46,23,23
2014-02-11 07:00:00,75,35,40
2014-02-11 08:00:00,73,26,47
2014-02-11 09:00:00,74,37,37
2014-02-11 10:00:00,71,34,37
2014-02-11 11:00:00,98,59,39
2014-02-11 12:00:00,243,122,121
2014-02-11 13:00:00,148,68,80
2014-02-11 14:00:00,98,48,50
2014-02-11 15:00:00,59,21,38
2014-02-11 16:00:00,58,30,28
2014-02-11 17:00:00,57,31,26
2014-02-11 18:00:00,28,16,12
2014-02-11 19:00:00,11,5,6
2014-02-11 20:00:00,7,5,2
2014-02-11 21:00:00,3,2,1
2014-02-11 22:00:00,3,2,1
2014-02-11 23:00:00,2,1,1
2014-02-12 00:00:00,3,1,2
2014-02-12 01:00:00,4,2,2
2014-02-12 02:00:00,1,1,0
2014-02-12 03:00:00,0,0,0
2014-02-12 04:00:00,2,2,0
2014-02-12 05:00:00,7,5,2
2014-02-12 06:00:00,23,13,10
2014-02-12 07:00:00,54,31,23
2014-02-12 08:00:00,65,28,37
2014-02-12 09:00:00,57,28,29
2014-02-12 10:00:00,108,55,53
2014-02-12 11:00:00,125,62,63
2014-02-12 12:00:00,310,162,148
2014-02-12 13:00:00,185,88,97
2014-02-12 14:00:00,118,60,58
2014-02-12 15:00:00,141,74,67
2014-02-12 16:00:00,177,92,85
2014-02-12 17:00:00,179,86,93
2014-02-12 18:00:00,71,29,42
2014-02-12 19:00:00,34,17,17
2014-02-12 20:00:00,12,4,8
2014-02-12 21:00:00,8,6,2
2014-02-12 22:00:00,3,1,2
2014-02-12 23:00:00,1,0,1
2014-02-13 00:00:00,1,0,1
2014-02-13 01:00:00,0,0,0
2014-02-13 02:00:00,2,1,1
2014-02-13 03:00:00,0,0,0
2014-02-13 04:00:00,3,1,2
2014-02-13 05:00:00,10,6,4
2014-02-13 06:00:00,31,15,16
2014-02-13 07:00:00,78,41,37
2014-02-13 08:00:00,101,54,47
2014-02-13 09:00:00,58,22,36
2014-02-13 10:00:00,53,29,24
2014-02-13 11:00:00,106,59,47
2014-02-13 12:00:00,248,124,124
2014-02-13 13:00:00,151,69,82
2014-02-13 14:00:00,116,60,56
2014-02-13 15:00:00,132,70,62
2014-02-13 16:00:00,155,70,85
2014-02-13 17:00:00,166,87,79
2014-02-13 18:00:00,84,37,47
2014-02-13 19:00:00,26,14,12
2014-02-13 20:00:00,13,7,6
2014-02-13 21:00:00,16,10,6
2014-02-13 22:00:00,8,4,4
2014-02-13 23:00:00,3,1,2
2014-02-14 00:00:00,2,1,1
2014-02-14 01:00:00,2,1,1
2014-02-14 02:00:00,1,0,1
2014-02-14 03:00:00,0,0,0
2014-02-14 04:00:00,2,1,1
2014-02-14 05:00:00,5,2,3
2014-02-14 06:00:00,32,13,19
2014-02-14 07:00:00,61,31,30
2014-02-14 08:00:00,64,30,34
2014-02-14 09:00:00,47,29,18
2014-02-14 10:00:00,48,19,29
2014-02-14 11:00:00,66,34,32
2014-02-14 12:00:00,123,60,63
2014-02-14 13:00:00,79,35,44
2014-02-14 14:00:00,75,38,37
2014-02-14 15:00:00,115,64,51
2014-02-14 16:00:00,111,49,62
2014-02-14 17:00:00,122,60,62
2014-02-14 18:00:00,43,19,24
2014-02-14 19:00:00,21,13,8
2014-02-14 20:00:00,9,4,5
2014-02-14 21:00:00,14,7,7
2014-02-14 22:00:00,7,3,4
2014-02-14 23:00:00,8,4,4
2014-02-15 00:00:00,2,1,1
2014-02-15 01:00:00,4,2,2
2014-02-15 02:00:00,3,1,2
2014-02-15 03:00:00,2,2,0
2014-02-15 04:00:00,0,0,0
2014-02-15 05:00:00,6,3,3
2014-02-15 06:00:00,13,7,6
2014-02-15 07:00:00,59,39,20
2014-02-15 08:00:00,137,77,60
2014-02-15 09:00:00,186,94,92
2014-02-15 10:00:00,152,65,87
2014-02-15 11:00:00,126,58,68
2014-02-15 12:00:00,63,26,37
2014-02-15 13:00:00,27,13,14
2014-02-15 14:00:00,15,8,7
2014-02-15 15:00:00,30,17,13
2014-02-15 16:00:00,23,8,15
2014-02-15 17:00:00,11,4,7
2014-02-15 18:00:00,7,4,3
2014-02-15 19:00:00,9,3,6
2014-02-15 20:00:00,3,3,0
2014-02-15 21:00:00,10,6,4
2014-02-15 22:00:00,1,0,1
2014-02-15 23:00:00,5,2,3
2014-02-16 00:00:00,1,0,1
2014-02-16 01:00:00,1,0,1
2014-02-16 02:00:00,2,1,1
2014-02-16 03:00:00,1,1,0
2014-02-16 04:00:00,1,1,0
2014-02-16 05:00:00,1,0,1
2014-02-16 06:00:00,3,1,2
2014-02-16 07:00:00,31,16,15
2014-02-16 08:00:00,113,63,50
2014-02-16 09:00:00,179,100,79
2014-02-16 10:00:00,236,116,120
2014-02-16 11:00:00,90,30,60
2014-02-16 12:00:00,75,34,41
2014-02-16 13:00:00,48,23,25
2014-02-16 14:00:00,83,34,49
2014-02-16 15:00:00,53,25,28
2014-02-16 16:00:00,41,15,26
2014-02-16 17:00:00,10,6,4
2014-02-16 18:00:00,8,4,4
2014-02-16 19:00:00,1,1,0
2014-02-16 20:00:00,0,0,0
2014-02-16 21:00:00,2,1,1
2014-02-16 22:00:00,0,0,0
2014-02-16 23:00:00,0,0,0
2014-02-17 00:00:00,2,1,1
2014-02-17 01:00:00,0,0,0
2014-02-17 02:00:00,2,1,1
2014-02-17 03:00:00,2,2,0
2014-02-17 04:00:00,4,0,4
2014-02-17 05:00:00,1,1,0
2014-02-17 06:00:00,11,6,5
2014-02-17 07:00:00,22,9,13
2014-02-17 08:00:00,40,24,16
2014-02-17 09:00:00,63,31,32
2014-02-17 10:00:00,83,38,45
2014-02-17 11:00:00,112,61,51
2014-02-17 12:00:00,132,61,71
2014-02-17 13:00:00,82,36,46
2014-02-17 14:00:00,101,40,61
2014-02-17 15:00:00,123,57,66
2014-02-17 16:00:00,166,78,88
2014-02-17 17:00:00,172,90,82
2014-02-17 18:00:00,50,18,32
2014-02-17 19:00:00,13,7,6
2014-02-17 20:00:00,5,2,3
2014-02-17 21:00:00,5,2,3
2014-02-17 22:00:00,2,1,1
2014-02-17 23:00:00,2,1,1
2014-02-18 00:00:00,2,0,2
2014-02-18 01:00:00,0,0,0
2014-02-18 02:00:00,2,1,1
2014-02-18 03:00:00,2,2,0
2014-02-18 04:00:00,2,2,0
2014-02-18 05:00:00,11,5,6
2014-02-18 06:00:00,31,17,14
2014-02-18 07:00:00,52,25,27
2014-02-18 08:00:00,50,25,25
2014-02-18 09:00:00,39,18,21
2014-02-18 10:00:00,14,7,7
2014-02-18 11:00:00,23,11,12
2014-02-18 12:00:00,58,26,32
2014-02-18 13:00:00,9,5,4
2014-02-18 14:00:00,21,9,12
2014-02-18 15:00:00,62,29,33
2014-02-18 16:00:00,191,73,118
2014-02-18 17:00:00,128,60,68
2014-02-18 18:00:00,64,32,32
2014-02-18 19:00:00,19,6,13
2014-02-18 20:00:00,13,6,7
2014-02-18 21:00:00,2,1,1
2014-02-18 22:00:00,0,0,0
2014-02-18 23:00:00,2,1,1
2014-02-19 00:00:00,2,1,1
2014-02-19 01:00:00,0,0,0
2014-02-19 02:00:00,2,2,0
2014-02-19 03:00:00,3,3,0
2014-02-19 04:00:00,0,0,0
2014-02-19 05:00:00,6,6,0
2014-02-19 06:00:00,41,22,19
2014-02-19 07:00:00,96,49,47
2014-02-19 08:00:00,101,53,48
2014-02-19 09:00:00,69,40,29
2014-02-19 10:00:00,75,37,38
2014-02-19 11:00:00,111,62,49
2014-02-19 12:00:00,247,130,117
2014-02-19 13:00:00,131,58,73
2014-02-19 14:00:00,125,64,61
2014-02-19 15:00:00,143,70,73
2014-02-19 16:00:00,174,81,93
2014-02-19 17:00:00,141,71,70
2014-02-19 18:00:00,84,33,51
2014-02-19 19:00:00,10,8,2
2014-02-19 20:00:00,4,2,2
2014-02-19 21:00:00,8,5,3
2014-02-19 22:00:00,2,1,1
2014-02-19 23:00:00,1,0,1
2014-02-20 00:00:00,1,1,0
2014-02-20 01:00:00,2,1,1
2014-02-20 02:00:00,2,1,1
2014-02-20 03:00:00,0,0,0
2014-02-20 04:00:00,4,1,3
2014-02-20 05:00:00,9,7,2
2014-02-20 06:00:00,45,21,24
2014-02-20 07:00:00,69,35,34
2014-02-20 08:00:00,77,36,41
2014-02-20 09:00:00,36,19,17
2014-02-20 10:00:00,71,31,40
2014-02-20 11:00:00,81,42,39
2014-02-20 12:00:00,220,112,108
2014-02-20 13:00:00,174,87,87
2014-02-20 14:00:00,128,61,67
2014-02-20 15:00:00,104,47,57
2014-02-20 16:00:00,135,63,72
2014-02-20 17:00:00,166,75,91
2014-02-20 18:00:00,82,39,43
2014-02-20 19:00:00,16,9,7
2014-02-20 20:00:00,5,4,1
2014-02-20 21:00:00,3,1,2
2014-02-20 22:00:00,4,2,2
2014-02-20 23:00:00,3,2,1
2014-02-21 00:00:00,0,0,0
2014-02-21 01:00:00,0,0,0
2014-02-21 02:00:00,3,2,1
2014-02-21 03:00:00,0,0,0
2014-02-21 04:00:00,0,0,0
2014-02-21 05:00:00,2,1,1
2014-02-21 06:00:00,33,22,11
2014-02-21 07:00:00,67,30,37
2014-02-21 08:00:00,77,34,43
2014-02-21 09:00:00,101,65,36
2014-02-21 10:00:00,58,28,30
2014-02-21 11:00:00,94,49,45
2014-02-21 12:00:00,133,63,70
2014-02-21 13:00:00,105,49,56
2014-02-21 14:00:00,63,31,32
2014-02-21 15:00:00,101,53,48
2014-02-21 16:00:00,86,39,47
2014-02-21 17:00:00,99,52,47
2014-02-21 18:00:00,39,15,24
2014-02-21 19:00:00,19,8,11
2014-02-21 20:00:00,11,6,5
2014-02-21 21:00:00,6,5,1
2014-02-21 22:00:00,3,0,3
2014-02-21 23:00:00,5,4,1
2014-02-22 00:00:00,1,1,0
2014-02-22 01:00:00,4,3,1
2014-02-22 02:00:00,1,0,1
2014-02-22 03:00:00,4,0,4
2014-02-22 04:00:00,1,0,1
2014-02-22 05:00:00,2,1,1
2014-02-22 06:00:00,10,6,4
2014-02-22 07:00:00,36,23,13
2014-02-22 08:00:00,66,32,34
2014-02-22 09:00:00,65,37,28
2014-02-22 10:00:00,71,35,36
2014-02-22 11:00:00,95,46,49
2014-02-22 12:00:00,65,34,31
2014-02-22 13:00:00,70,24,46
2014-02-22 14:00:00,85,40,45
2014-02-22 15:00:00,95,46,49
2014-02-22 16:00:00,77,35,42
2014-02-22 17:00:00,57,26,31
2014-02-22 18:00:00,24,8,16
2014-02-22 19:00:00,13,8,5
2014-02-22 20:00:00,3,1,2
2014-02-22 21:00:00,7,4,3
2014-02-22 22:00:00,0,0,0
2014-02-22 23:00:00,1,1,0
2014-02-23 00:00:00,1,1,0
2014-02-23 01:00:00,0,0,0
2014-02-23 02:00:00,0,0,0
2014-02-23 03:00:00,0,0,0
2014-02-23 04:00:00,0,0,0
2014-02-23 05:00:00,4,3,1
2014-02-23 06:00:00,10,4,6
2014-02-23 07:00:00,39,24,15
2014-02-23 08:00:00,67,38,29
2014-02-23 09:00:00,116,59,57
2014-02-23 10:00:00,97,56,41
2014-02-23 11:00:00,126,67,59
2014-02-23 12:00:00,133,64,69
2014-02-23 13:00:00,79,39,40
2014-02-23 14:00:00,67,30,37
2014-02-23 15:00:00,42,16,26
2014-02-23 16:00:00,37,19,18
2014-02-23 17:00:00,44,22,22
2014-02-23 18:00:00,15,7,8
2014-02-23 19:00:00,6,4,2
2014-02-23 20:00:00,1,1,0
2014-02-23 21:00:00,3,2,1
2014-02-23 22:00:00,4,1,3
2014-02-23 23:00:00,0,0,0
2014-02-24 00:00:00,2,2,0
2014-02-24 01:00:00,0,0,0
2014-02-24 02:00:00,0,0,0
2014-02-24 03:00:00,1,1,0
2014-02-24 04:00:00,0,0,0
2014-02-24 05:00:00,4,3,1
2014-02-24 06:00:00,25,11,14
2014-02-24 07:00:00,47,29,18
2014-02-24 08:00:00,38,15,23
2014-02-24 09:00:00,37,13,24
2014-02-24 10:00:00,28,18,10
2014-02-24 11:00:00,37,22,15
2014-02-24 12:00:00,125,60,65
2014-02-24 13:00:00,70,28,42
2014-02-24 14:00:00,39,20,19
2014-02-24 15:00:00,42,18,24
2014-02-24 16:00:00,59,31,28
2014-02-24 17:00:00,53,31,22
2014-02-24 18:00:00,41,21,20
2014-02-24 19:00:00,15,9,6
2014-02-24 20:00:00,4,2,2
2014-02-24 21:00:00,7,4,3
2014-02-24 22:00:00,3,1,2
2014-02-24 23:00:00,2,0,2
2014-02-25 00:00:00,1,0,1
2014-02-25 01:00:00,3,1,2
2014-02-25 02:00:00,0,0,0
2014-02-25 03:00:00,0,0,0
2014-02-25 04:00:00,3,1,2
2014-02-25 05:00:00,13,10,3
2014-02-25 06:00:00,37,18,19
2014-02-25 07:00:00,97,47,50
2014-02-25 08:00:00,67,26,41
2014-02-25 09:00:00,70,32,38
2014-02-25 10:00:00,70,39,31
2014-02-25 11:00:00,166,77,89
2014-02-25 12:00:00,366,193,173
2014-02-25 13:00:00,251,135,116
2014-02-25 14:00:00,171,86,85
2014-02-25 15:00:00,150,70,80
2014-02-25 16:00:00,191,97,94
2014-02-25 17:00:00,199,102,97
2014-02-25 18:00:00,145,64,81
2014-02-25 19:00:00,24,12,12
2014-02-25 20:00:00,14,7,7
2014-02-25 21:00:00,7,4,3
2014-02-25 22:00:00,3,0,3
2014-02-25 23:00:00,2,2,0
2014-02-26 00:00:00,3,2,1
2014-02-26 01:00:00,0,0,0
2014-02-26 02:00:00,1,1,0
2014-02-26 03:00:00,0,0,0
2014-02-26 04:00:00,1,1,0
2014-02-26 05:00:00,10,7,3
2014-02-26 06:00:00,53,34,19
2014-02-26 07:00:00,86,36,50
2014-02-26 08:00:00,88,45,43
2014-02-26 09:00:00,81,40,41
2014-02-26 10:00:00,87,42,45
2014-02-26 11:00:00,153,75,78
2014-02-26 12:00:00,387,194,193
2014-02-26 13:00:00,260,123,137
2014-02-26 14:00:00,124,53,71
2014-02-26 15:00:00,179,91,88
2014-02-26 16:00:00,195,95,100
2014-02-26 17:00:00,237,111,126
2014-02-26 18:00:00,165,73,92
2014-02-26 19:00:00,31,17,14
2014-02-26 20:00:00,14,5,9
2014-02-26 21:00:00,8,5,3
2014-02-26 22:00:00,2,1,1
2014-02-26 23:00:00,6,1,5
2014-02-27 00:00:00,3,2,1
2014-02-27 01:00:00,1,0,1
2014-02-27 02:00:00,2,0,2
2014-02-27 03:00:00,1,1,0
2014-02-27 04:00:00,1,0,1
2014-02-27 05:00:00,13,10,3
2014-02-27 06:00:00,58,34,24
2014-02-27 07:00:00,114,55,59
2014-02-27 08:00:00,84,34,50
2014-02-27 09:00:00,78,37,41
2014-02-27 10:00:00,90,36,54
2014-02-27 11:00:00,153,80,73
2014-02-27 12:00:00,334,169,165
2014-02-27 13:00:00,183,71,112
2014-02-27 14:00:00,127,63,64
2014-02-27 15:00:00,110,53,57
2014-02-27 16:00:00,128,56,72
2014-02-27 17:00:00,127,68,59
2014-02-27 18:00:00,95,43,52
2014-02-27 19:00:00,29,18,11
2014-02-27 20:00:00,8,2,6
2014-02-27 21:00:00,7,4,3
2014-02-27 22:00:00,5,2,3
2014-02-27 23:00:00,3,0,3
2014-02-28 00:00:00,1,1,0
2014-02-28 01:00:00,3,1,2
2014-02-28 02:00:00,0,0,0
2014-02-28 03:00:00,3,2,1
2014-02-28 04:00:00,2,0,2
2014-02-28 05:00:00,5,3,2
2014-02-28 06:00:00,49,23,26
2014-02-28 07:00:00,125,66,59
2014-02-28 08:00:00,137,68,69
2014-02-28 09:00:00,122,59,63
2014-02-28 10:00:00,118,50,68
2014-02-28 11:00:00,169,90,79
2014-02-28 12:00:00,363,186,177
2014-02-28 13:00:00,358,239,119
2014-02-28 14:00:00,314,206,108
2014-02-28 15:00:00,228,123,105
2014-02-28 16:00:00,224,114,110
2014-02-28 17:00:00,239,117,122
2014-02-28 18:00:00,97,42,55
2014-02-28 19:00:00,27,13,14
2014-02-28 20:00:00,9,7,2
2014-02-28 21:00:00,2,0,2
2014-02-28 22:00:00,7,5,2
2014-02-28 23:00:00,2,0,2
2014-03-01 00:00:00,3,1,2
2014-03-01 01:00:00,1,0,1
2014-03-01 02:00:00,1,1,0
2014-03-01 03:00:00,0,0,0
2014-03-01 04:00:00,1,0,1
2014-03-01 05:00:00,4,2,2
2014-03-01 06:00:00,11,9,2
2014-03-01 07:00:00,69,38,31
2014-03-01 08:00:00,138,74,64
2014-03-01 09:00:00,161,84,77
2014-03-01 10:00:00,161,86,75
2014-03-01 11:00:00,129,50,79
2014-03-01 12:00:00,94,48,46
2014-03-01 13:00:00,66,28,38
2014-03-01 14:00:00,51,23,28
2014-03-01 15:00:00,49,21,28
2014-03-01 16:00:00,69,34,35
2014-03-01 17:00:00,120,59,61
2014-03-01 18:00:00,34,9,25
2014-03-01 19:00:00,8,3,5
2014-03-01 20:00:00,6,2,4
2014-03-01 21:00:00,5,5,0
2014-03-01 22:00:00,3,2,1
2014-03-01 23:00:00,0,0,0
2014-03-02 00:00:00,3,2,1
2014-03-02 01:00:00,1,1,0
2014-03-02 02:00:00,0,0,0
2014-03-02 03:00:00,1,1,0
2014-03-02 04:00:00,1,0,1
2014-03-02 05:00:00,3,1,2
2014-03-02 06:00:00,11,7,4
2014-03-02 07:00:00,27,16,11
2014-03-02 08:00:00,62,34,28
2014-03-02 09:00:00,138,72,66
2014-03-02 10:00:00,128,55,73
2014-03-02 11:00:00,62,29,33
2014-03-02 12:00:00,62,36,26
2014-03-02 13:00:00,33,17,16
2014-03-02 14:00:00,26,14,12
2014-03-02 15:00:00,53,24,29
2014-03-02 16:00:00,33,14,19
2014-03-02 17:00:00,13,6,7
2014-03-02 18:00:00,7,2,5
2014-03-02 19:00:00,3,2,1
2014-03-02 20:00:00,2,0,2
2014-03-02 21:00:00,1,1,0
2014-03-02 22:00:00,1,0,1
2014-03-02 23:00:00,0,0,0
2014-03-03 00:00:00,1,1,0
2014-03-03 01:00:00,1,0,1
2014-03-03 02:00:00,1,0,1
2014-03-03 03:00:00,0,0,0
2014-03-03 04:00:00,1,1,0
2014-03-03 05:00:00,2,1,1
2014-03-03 06:00:00,17,11,6
2014-03-03 07:00:00,25,10,15
2014-03-03 08:00:00,30,13,17
2014-03-03 09:00:00,23,15,8
2014-03-03 10:00:00,24,9,15
2014-03-03 11:00:00,53,32,21
2014-03-03 12:00:00,185,100,85
2014-03-03 13:00:00,173,81,92
2014-03-03 14:00:00,124,58,66
2014-03-03 15:00:00,133,63,70
2014-03-03 16:00:00,163,81,82
2014-03-03 17:00:00,192,73,119
2014-03-03 18:00:00,140,65,75
2014-03-03 19:00:00,31,12,19
2014-03-03 20:00:00,15,9,6
2014-03-03 21:00:00,12,6,6
2014-03-03 22:00:00,1,1,0
2014-03-03 23:00:00,4,2,2
2014-03-04 00:00:00,5,2,3
2014-03-04 01:00:00,0,0,0
2014-03-04 02:00:00,1,1,0
2014-03-04 03:00:00,3,2,1
2014-03-04 04:00:00,1,0,1
2014-03-04 05:00:00,14,12,2
2014-03-04 06:00:00,54,26,28
2014-03-04 07:00:00,75,35,40
2014-03-04 08:00:00,49,19,30
2014-03-04 09:00:00,30,15,15
2014-03-04 10:00:00,29,14,15
2014-03-04 11:00:00,71,41,30
2014-03-04 12:00:00,129,72,57
2014-03-04 13:00:00,107,48,59
2014-03-04 14:00:00,55,23,32
2014-03-04 15:00:00,41,16,25
2014-03-04 16:00:00,71,41,30
2014-03-04 17:00:00,100,51,49
2014-03-04 18:00:00,54,22,32
2014-03-04 19:00:00,16,6,10
2014-03-04 20:00:00,12,9,3
2014-03-04 21:00:00,12,6,6
2014-03-04 22:00:00,4,2,2
2014-03-04 23:00:00,2,1,1
2014-03-05 00:00:00,3,2,1
2014-03-05 01:00:00,0,0,0
2014-03-05 02:00:00,1,1,0
2014-03-05 03:00:00,2,1,1
2014-03-05 04:00:00,2,1,1
2014-03-05 05:00:00,4,1,3
2014-03-05 06:00:00,48,29,19
2014-03-05 07:00:00,60,28,32
2014-03-05 08:00:00,36,17,19
2014-03-05 09:00:00,26,12,14
2014-03-05 10:00:00,53,22,31
2014-03-05 11:00:00,123,68,55
2014-03-05 12:00:00,331,166,165
2014-03-05 13:00:00,208,98,110
2014-03-05 14:00:00,121,55,66
2014-03-05 15:00:00,91,33,58
2014-03-05 16:00:00,63,31,32
2014-03-05 17:00:00,94,43,51
2014-03-05 18:00:00,36,16,20
2014-03-05 19:00:00,6,2,4
2014-03-05 20:00:00,4,2,2
2014-03-05 21:00:00,3,2,1
2014-03-05 22:00:00,10,4,6
2014-03-05 23:00:00,7,4,3
2014-03-06 00:00:00,3,3,0
2014-03-06 01:00:00,1,0,1
2014-03-06 02:00:00,4,2,2
2014-03-06 03:00:00,0,0,0
2014-03-06 04:00:00,2,1,1
2014-03-06 05:00:00,8,7,1
2014-03-06 06:00:00,28,15,13
2014-03-06 07:00:00,59,29,30
2014-03-06 08:00:00,48,22,26
2014-03-06 09:00:00,56,32,24
2014-03-06 10:00:00,66,27,39
2014-03-06 11:00:00,81,44,37
2014-03-06 12:00:00,184,94,90
2014-03-06 13:00:00,95,42,53
2014-03-06 14:00:00,58,25,33
2014-03-06 15:00:00,59,26,33
2014-03-06 16:00:00,81,37,44
2014-03-06 17:00:00,159,83,76
2014-03-06 18:00:00,89,39,50
2014-03-06 19:00:00,23,8,15
2014-03-06 20:00:00,8,4,4
2014-03-06 21:00:00,3,3,0
2014-03-06 22:00:00,6,1,5
2014-03-06 23:00:00,5,3,2
2014-03-07 00:00:00,1,0,1
2014-03-07 01:00:00,0,0,0
2014-03-07 02:00:00,4,2,2
2014-03-07 03:00:00,0,0,0
2014-03-07 04:00:00,2,1,1
2014-03-07 05:00:00,2,1,1
2014-03-07 06:00:00,32,20,12
2014-03-07 07:00:00,95,45,50
2014-03-07 08:00:00,78,35,43
2014-03-07 09:00:00,82,32,50
2014-03-07 10:00:00,65,34,31
2014-03-07 11:00:00,135,69,66
2014-03-07 12:00:00,259,130,129
2014-03-07 13:00:00,187,89,98
2014-03-07 14:00:00,143,69,74
2014-03-07 15:00:00,162,85,77
2014-03-07 16:00:00,238,126,112
2014-03-07 17:00:00,251,121,130
2014-03-07 18:00:00,184,75,109
2014-03-07 19:00:00,20,7,13
2014-03-07 20:00:00,13,8,5
2014-03-07 21:00:00,9,3,6
2014-03-07 22:00:00,6,2,4
2014-03-07 23:00:00,5,3,2
2014-03-08 00:00:00,2,2,0
2014-03-08 01:00:00,3,1,2
2014-03-08 02:00:00,1,1,0
2014-03-08 03:00:00,1,1,0
2014-03-08 04:00:00,0,0,0
2014-03-08 05:00:00,4,3,1
2014-03-08 06:00:00,19,13,6
2014-03-08 07:00:00,74,41,33
2014-03-08 08:00:00,129,71,58
2014-03-08 09:00:00,195,90,105
2014-03-08 10:00:00,165,70,95
2014-03-08 11:00:00,100,35,65
2014-03-08 12:00:00,38,22,16
2014-03-08 13:00:00,33,12,21
2014-03-08 14:00:00,29,14,15
2014-03-08 15:00:00,22,13,9
2014-03-08 16:00:00,36,16,20
2014-03-08 17:00:00,17,7,10
2014-03-08 18:00:00,14,6,8
2014-03-08 19:00:00,11,7,4
2014-03-08 20:00:00,4,3,1
2014-03-08 21:00:00,5,2,3
2014-03-08 22:00:00,5,3,2
2014-03-08 23:00:00,2,1,1
2014-03-09 00:00:00,6,4,2
2014-03-09 01:00:00,3,1,2
2014-03-09 02:00:00,0,0,0
2014-03-09 03:00:00,0,0,0
2014-03-09 04:00:00,1,1,0
2014-03-09 05:00:00,1,0,1
2014-03-09 06:00:00,1,1,0
2014-03-09 07:00:00,18,10,8
2014-03-09 08:00:00,57,32,25
2014-03-09 09:00:00,100,57,43
2014-03-09 10:00:00,155,75,80
2014-03-09 11:00:00,151,68,83
2014-03-09 12:00:00,173,73,100
2014-03-09 13:00:00,222,113,109
2014-03-09 14:00:00,308,139,169
2014-03-09 15:00:00,330,149,181
2014-03-09 16:00:00,246,96,150
2014-03-09 17:00:00,249,123,126
2014-03-09 18:00:00,139,54,85
2014-03-09 19:00:00,57,23,34
2014-03-09 20:00:00,16,6,10
2014-03-09 21:00:00,3,2,1
2014-03-09 22:00:00,5,2,3
2014-03-09 23:00:00,4,2,2
2014-03-10 00:00:00,3,1,2
2014-03-10 01:00:00,1,1,0
2014-03-10 02:00:00,0,0,0
2014-03-10 03:00:00,1,1,0
2014-03-10 04:00:00,1,1,0
2014-03-10 05:00:00,4,3,1
2014-03-10 06:00:00,27,15,12
2014-03-10 07:00:00,32,12,20
2014-03-10 08:00:00,51,28,23
2014-03-10 09:00:00,53,25,28
2014-03-10 10:00:00,39,21,18
2014-03-10 11:00:00,92,50,42
2014-03-10 12:00:00,215,105,110
2014-03-10 13:00:00,102,45,57
2014-03-10 14:00:00,73,39,34
2014-03-10 15:00:00,107,55,52
2014-03-10 16:00:00,120,58,62
2014-03-10 17:00:00,98,60,38
2014-03-10 18:00:00,165,96,69
2014-03-10 19:00:00,142,65,77
2014-03-10 20:00:00,16,8,8
2014-03-10 21:00:00,5,5,0
2014-03-10 22:00:00,6,3,3
2014-03-10 23:00:00,7,2,5
2014-03-11 00:00:00,2,1,1
2014-03-11 01:00:00,1,0,1
2014-03-11 02:00:00,1,1,0
2014-03-11 03:00:00,0,0,0
2014-03-11 04:00:00,3,3,0
2014-03-11 05:00:00,10,7,3
2014-03-11 06:00:00,62,36,26
2014-03-11 07:00:00,90,46,44
2014-03-11 08:00:00,87,41,46
2014-03-11 09:00:00,79,40,39
2014-03-11 10:00:00,94,47,47
2014-03-11 11:00:00,167,94,73
2014-03-11 12:00:00,427,215,212
2014-03-11 13:00:00,265,129,136
2014-03-11 14:00:00,237,134,103
2014-03-11 15:00:00,250,127,123
2014-03-11 16:00:00,242,110,132
2014-03-11 17:00:00,377,212,165
2014-03-11 18:00:00,497,247,250
2014-03-11 19:00:00,229,89,140
2014-03-11 20:00:00,37,16,21
2014-03-11 21:00:00,6,3,3
2014-03-11 22:00:00,8,5,3
2014-03-11 23:00:00,2,2,0
2014-03-12 00:00:00,3,2,1
2014-03-12 01:00:00,0,0,0
2014-03-12 02:00:00,1,1,0
2014-03-12 03:00:00,0,0,0
2014-03-12 04:00:00,1,1,0
2014-03-12 05:00:00,12,8,4
2014-03-12 06:00:00,50,26,24
2014-03-12 07:00:00,91,41,50
2014-03-12 08:00:00,82,35,47
2014-03-12 09:00:00,87,44,43
2014-03-12 10:00:00,185,91,94
2014-03-12 11:00:00,150,88,62
2014-03-12 12:00:00,452,235,217
2014-03-12 13:00:00,293,140,153
2014-03-12 14:00:00,214,112,102
2014-03-12 15:00:00,275,161,114
2014-03-12 16:00:00,299,145,154
2014-03-12 17:00:00,394,228,166
2014-03-12 18:00:00,505,253,252
2014-03-12 19:00:00,272,108,164
2014-03-12 20:00:00,31,11,20
2014-03-12 21:00:00,13,10,3
2014-03-12 22:00:00,12,4,8
2014-03-12 23:00:00,6,1,5
2014-03-13 00:00:00,1,1,0
2014-03-13 01:00:00,3,1,2
2014-03-13 02:00:00,0,0,0
2014-03-13 03:00:00,2,1,1
2014-03-13 04:00:00,2,1,1
2014-03-13 05:00:00,12,8,4
2014-03-13 06:00:00,45,23,22
2014-03-13 07:00:00,74,40,34
2014-03-13 08:00:00,92,40,52
2014-03-13 09:00:00,75,36,39
2014-03-13 10:00:00,90,46,44
2014-03-13 11:00:00,152,85,67
2014-03-13 12:00:00,335,178,157
2014-03-13 13:00:00,182,77,105
2014-03-13 14:00:00,220,128,92
2014-03-13 15:00:00,174,81,93
2014-03-13 16:00:00,198,100,98
2014-03-13 17:00:00,203,110,93
2014-03-13 18:00:00,226,106,120
2014-03-13 19:00:00,99,34,65
2014-03-13 20:00:00,31,14,17
2014-03-13 21:00:00,10,5,5
2014-03-13 22:00:00,7,3,4
2014-03-13 23:00:00,6,3,3
2014-03-14 00:00:00,2,1,1
2014-03-14 01:00:00,5,3,2
2014-03-14 02:00:00,3,1,2
2014-03-14 03:00:00,0,0,0
2014-03-14 04:00:00,2,1,1
2014-03-14 05:00:00,5,3,2
2014-03-14 06:00:00,31,18,13
2014-03-14 07:00:00,43,18,25
2014-03-14 08:00:00,42,23,19
2014-03-14 09:00:00,34,14,20
2014-03-14 10:00:00,43,20,23
2014-03-14 11:00:00,106,62,44
2014-03-14 12:00:00,247,124,123
2014-03-14 13:00:00,170,71,99
2014-03-14 14:00:00,186,103,83
2014-03-14 15:00:00,136,61,75
2014-03-14 16:00:00,180,98,82
2014-03-14 17:00:00,263,124,139
2014-03-14 18:00:00,231,102,129
2014-03-14 19:00:00,124,56,68
2014-03-14 20:00:00,26,11,15
2014-03-14 21:00:00,11,10,1
2014-03-14 22:00:00,2,2,0
2014-03-14 23:00:00,1,0,1
2014-03-15 00:00:00,1,1,0
2014-03-15 01:00:00,7,3,4
2014-03-15 02:00:00,6,3,3
2014-03-15 03:00:00,9,7,2
2014-03-15 04:00:00,6,1,5
2014-03-15 05:00:00,2,1,1
2014-03-15 06:00:00,5,3,2
2014-03-15 07:00:00,25,12,13
2014-03-15 08:00:00,84,54,30
2014-03-15 09:00:00,140,64,76
2014-03-15 10:00:00,116,62,54
2014-03-15 11:00:00,172,86,86
2014-03-15 12:00:00,140,51,89
2014-03-15 13:00:00,104,53,51
2014-03-15 14:00:00,145,64,81
2014-03-15 15:00:00,115,49,66
2014-03-15 16:00:00,143,71,72
2014-03-15 17:00:00,116,47,69
2014-03-15 18:00:00,66,25,41
2014-03-15 19:00:00,18,8,10
2014-03-15 20:00:00,6,3,3
2014-03-15 21:00:00,3,0,3
2014-03-15 22:00:00,4,1,3
2014-03-15 23:00:00,2,1,1
2014-03-16 00:00:00,1,1,0
2014-03-16 01:00:00,1,0,1
2014-03-16 02:00:00,0,0,0
2014-03-16 03:00:00,3,1,2
2014-03-16 04:00:00,2,0,2
2014-03-16 05:00:00,2,1,1
2014-03-16 06:00:00,2,1,1
2014-03-16 07:00:00,24,17,7
2014-03-16 08:00:00,45,25,20
2014-03-16 09:00:00,70,40,30
2014-03-16 10:00:00,62,29,33
2014-03-16 11:00:00,59,22,37
2014-03-16 12:00:00,56,30,26
2014-03-16 13:00:00,46,22,24
2014-03-16 14:00:00,41,21,20
2014-03-16 15:00:00,54,19,35
2014-03-16 16:00:00,62,27,35
2014-03-16 17:00:00,41,18,23
2014-03-16 18:00:00,36,20,16
2014-03-16 19:00:00,16,5,11
2014-03-16 20:00:00,5,4,1
2014-03-16 21:00:00,2,0,2
2014-03-16 22:00:00,3,2,1
2014-03-16 23:00:00,2,1,1
2014-03-17 00:00:00,1,1,0
2014-03-17 01:00:00,0,0,0
2014-03-17 02:00:00,2,2,0
2014-03-17 03:00:00,2,1,1
2014-03-17 04:00:00,1,1,0
2014-03-17 05:00:00,4,2,2
2014-03-17 06:00:00,38,21,17
2014-03-17 07:00:00,66,36,30
2014-03-17 08:00:00,71,36,35
2014-03-17 09:00:00,92,39,53
2014-03-17 10:00:00,78,39,39
2014-03-17 11:00:00,159,86,73
2014-03-17 12:00:00,317,154,163
2014-03-17 13:00:00,168,89,79
2014-03-17 14:00:00,120,63,57
2014-03-17 15:00:00,145,72,73
2014-03-17 16:00:00,171,82,89
2014-03-17 17:00:00,193,105,88
2014-03-17 18:00:00,228,118,110
2014-03-17 19:00:00,143,59,84
2014-03-17 20:00:00,24,6,18
2014-03-17 21:00:00,8,5,3
2014-03-17 22:00:00,5,3,2
2014-03-17 23:00:00,6,3,3
2014-03-18 00:00:00,2,2,0
2014-03-18 01:00:00,1,0,1
2014-03-18 02:00:00,1,0,1
2014-03-18 03:00:00,2,1,1
2014-03-18 04:00:00,2,1,1
2014-03-18 05:00:00,13,11,2
2014-03-18 06:00:00,60,34,26
2014-03-18 07:00:00,89,38,51
2014-03-18 08:00:00,55,23,32
2014-03-18 09:00:00,74,34,40
2014-03-18 10:00:00,62,34,28
2014-03-18 11:00:00,117,63,54
2014-03-18 12:00:00,264,134,130
2014-03-18 13:00:00,127,56,71
2014-03-18 14:00:00,80,38,42
2014-03-18 15:00:00,97,50,47
2014-03-18 16:00:00,88,36,52
2014-03-18 17:00:00,135,75,60
2014-03-18 18:00:00,187,95,92
2014-03-18 19:00:00,101,40,61
2014-03-18 20:00:00,20,10,10
2014-03-18 21:00:00,3,3,0
2014-03-18 22:00:00,5,1,4
2014-03-18 23:00:00,3,3,0
2014-03-19 00:00:00,1,1,0
2014-03-19 01:00:00,3,2,1
2014-03-19 02:00:00,1,1,0
2014-03-19 03:00:00,0,0,0
2014-03-19 04:00:00,2,1,1
2014-03-19 05:00:00,14,10,4
2014-03-19 06:00:00,53,28,25
2014-03-19 07:00:00,92,39,53
2014-03-19 08:00:00,65,33,32
2014-03-19 09:00:00,58,33,25
2014-03-19 10:00:00,33,15,18
2014-03-19 11:00:00,75,45,30
2014-03-19 12:00:00,221,105,116
2014-03-19 13:00:00,86,36,50
2014-03-19 14:00:00,131,72,59
2014-03-19 15:00:00,84,45,39
2014-03-19 16:00:00,107,57,50
2014-03-19 17:00:00,124,68,56
2014-03-19 18:00:00,134,69,65
2014-03-19 19:00:00,88,39,49
2014-03-19 20:00:00,28,13,15
2014-03-19 21:00:00,1,1,0
2014-03-19 22:00:00,1,0,1
2014-03-19 23:00:00,3,2,1
2014-03-20 00:00:00,3,1,2
2014-03-20 01:00:00,3,0,3
2014-03-20 02:00:00,3,0,3
2014-03-20 03:00:00,0,0,0
2014-03-20 04:00:00,2,1,1
2014-03-20 05:00:00,16,10,6
2014-03-20 06:00:00,38,16,22
2014-03-20 07:00:00,79,40,39
2014-03-20 08:00:00,85,39,46
2014-03-20 09:00:00,73,39,34
2014-03-20 10:00:00,59,28,31
2014-03-20 11:00:00,114,58,56
2014-03-20 12:00:00,335,173,162
2014-03-20 13:00:00,207,88,119
2014-03-20 14:00:00,211,118,93
2014-03-20 15:00:00,178,104,74
2014-03-20 16:00:00,216,125,91
2014-03-20 17:00:00,257,131,126
2014-03-20 18:00:00,224,115,109
2014-03-20 19:00:00,143,70,73
2014-03-20 20:00:00,30,11,19
2014-03-20 21:00:00,5,3,2
2014-03-20 22:00:00,7,5,2
2014-03-20 23:00:00,6,2,4
2014-03-21 00:00:00,5,1,4
2014-03-21 01:00:00,1,0,1
2014-03-21 02:00:00,0,0,0
2014-03-21 03:00:00,1,0,1
2014-03-21 04:00:00,3,3,0
2014-03-21 05:00:00,7,3,4
2014-03-21 06:00:00,37,20,17
2014-03-21 07:00:00,78,40,38
2014-03-21 08:00:00,101,49,52
2014-03-21 09:00:00,97,44,53
2014-03-21 10:00:00,102,50,52
2014-03-21 11:00:00,146,72,74
2014-03-21 12:00:00,311,148,163
2014-03-21 13:00:00,174,87,87
2014-03-21 14:00:00,240,158,82
2014-03-21 15:00:00,262,155,107
2014-03-21 16:00:00,211,115,96
2014-03-21 17:00:00,205,106,99
2014-03-21 18:00:00,233,114,119
2014-03-21 19:00:00,152,56,96
2014-03-21 20:00:00,38,17,21
2014-03-21 21:00:00,5,2,3
2014-03-21 22:00:00,6,4,2
2014-03-21 23:00:00,1,0,1
2014-03-22 00:00:00,2,2,0
2014-03-22 01:00:00,2,0,2
2014-03-22 02:00:00,1,0,1
2014-03-22 03:00:00,0,0,0
2014-03-22 04:00:00,3,1,2
2014-03-22 05:00:00,0,0,0
2014-03-22 06:00:00,5,4,1
2014-03-22 07:00:00,48,31,17
2014-03-22 08:00:00,106,52,54
2014-03-22 09:00:00,158,87,71
2014-03-22 10:00:00,194,86,108
2014-03-22 11:00:00,189,93,96
2014-03-22 12:00:00,158,61,97
2014-03-22 13:00:00,154,76,78
2014-03-22 14:00:00,128,44,84
2014-03-22 15:00:00,193,100,93
2014-03-22 16:00:00,177,79,98
2014-03-22 17:00:00,150,69,81
2014-03-22 18:00:00,114,50,64
2014-03-22 19:00:00,96,32,64
2014-03-22 20:00:00,20,8,12
2014-03-22 21:00:00,8,5,3
2014-03-22 22:00:00,10,6,4
2014-03-22 23:00:00,8,1,7
2014-03-23 00:00:00,2,2,0
2014-03-23 01:00:00,0,0,0
2014-03-23 02:00:00,2,1,1
2014-03-23 03:00:00,2,1,1
2014-03-23 04:00:00,1,1,0
2014-03-23 05:00:00,4,2,2
2014-03-23 06:00:00,12,7,5
2014-03-23 07:00:00,48,24,24
2014-03-23 08:00:00,77,44,33
2014-03-23 09:00:00,141,78,63
2014-03-23 10:00:00,235,118,117
2014-03-23 11:00:00,260,115,145
2014-03-23 12:00:00,225,111,114
2014-03-23 13:00:00,256,128,128
2014-03-23 14:00:00,363,212,151
2014-03-23 15:00:00,405,188,217
2014-03-23 16:00:00,387,196,191
2014-03-23 17:00:00,336,151,185
2014-03-23 18:00:00,277,116,161
2014-03-23 19:00:00,138,63,75
2014-03-23 20:00:00,13,4,9
2014-03-23 21:00:00,4,2,2
2014-03-23 22:00:00,6,3,3
2014-03-23 23:00:00,1,0,1
2014-03-24 00:00:00,1,1,0
2014-03-24 01:00:00,0,0,0
2014-03-24 02:00:00,1,1,0
2014-03-24 03:00:00,1,1,0
2014-03-24 04:00:00,1,1,0
2014-03-24 05:00:00,7,5,2
2014-03-24 06:00:00,37,21,16
2014-03-24 07:00:00,71,38,33
2014-03-24 08:00:00,77,37,40
2014-03-24 09:00:00,74,30,44
2014-03-24 10:00:00,96,52,44
2014-03-24 11:00:00,183,90,93
2014-03-24 12:00:00,411,213,198
2014-03-24 13:00:00,258,117,141
2014-03-24 14:00:00,206,102,104
2014-03-24 15:00:00,215,112,103
2014-03-24 16:00:00,275,138,137
2014-03-24 17:00:00,317,162,155
2014-03-24 18:00:00,491,276,215
2014-03-24 19:00:00,268,98,170
2014-03-24 20:00:00,41,18,23
2014-03-24 21:00:00,11,5,6
2014-03-24 22:00:00,7,3,4
2014-03-24 23:00:00,5,3,2
2014-03-25 00:00:00,2,2,0
2014-03-25 01:00:00,4,3,1
2014-03-25 02:00:00,0,0,0
2014-03-25 03:00:00,2,2,0
2014-03-25 04:00:00,2,0,2
2014-03-25 05:00:00,13,11,2
2014-03-25 06:00:00,54,27,27
2014-03-25 07:00:00,68,31,37
2014-03-25 08:00:00,70,32,38
2014-03-25 09:00:00,42,18,24
2014-03-25 10:00:00,36,16,20
2014-03-25 11:00:00,59,29,30
2014-03-25 12:00:00,190,103,87
2014-03-25 13:00:00,64,21,43
2014-03-25 14:00:00,57,32,25
2014-03-25 15:00:00,78,35,43
2014-03-25 16:00:00,59,30,29
2014-03-25 17:00:00,84,49,35
2014-03-25 18:00:00,81,36,45
2014-03-25 19:00:00,24,14,10
2014-03-25 20:00:00,14,9,5
2014-03-25 21:00:00,3,1,2
2014-03-25 22:00:00,4,2,2
2014-03-25 23:00:00,2,1,1
2014-03-26 00:00:00,0,0,0
2014-03-26 01:00:00,0,0,0
2014-03-26 02:00:00,2,2,0
2014-03-26 03:00:00,0,0,0
2014-03-26 04:00:00,0,0,0
2014-03-26 05:00:00,10,7,3
2014-03-26 06:00:00,50,30,20
2014-03-26 07:00:00,94,42,52
2014-03-26 08:00:00,105,49,56
2014-03-26 09:00:00,86,36,50
2014-03-26 10:00:00,35,16,19
2014-03-26 11:00:00,60,36,24
2014-03-26 12:00:00,218,107,111
2014-03-26 13:00:00,119,53,66
2014-03-26 14:00:00,73,33,40
2014-03-26 15:00:00,69,28,41
2014-03-26 16:00:00,94,47,47
2014-03-26 17:00:00,83,41,42
2014-03-26 18:00:00,100,64,36
2014-03-26 19:00:00,75,36,39
2014-03-26 20:00:00,21,6,15
2014-03-26 21:00:00,6,6,0
2014-03-26 22:00:00,5,2,3
2014-03-26 23:00:00,3,1,2
2014-03-27 00:00:00,3,1,2
2014-03-27 01:00:00,4,1,3
2014-03-27 02:00:00,4,1,3
2014-03-27 03:00:00,1,0,1
2014-03-27 04:00:00,1,0,1
2014-03-27 05:00:00,14,11,3
2014-03-27 06:00:00,48,26,22
2014-03-27 07:00:00,107,48,59
2014-03-27 08:00:00,91,43,48
2014-03-27 09:00:00,49,21,28
2014-03-27 10:00:00,44,17,27
2014-03-27 11:00:00,75,40,35
2014-03-27 12:00:00,262,136,126
2014-03-27 13:00:00,130,55,75
2014-03-27 14:00:00,112,56,56
2014-03-27 15:00:00,117,57,60
2014-03-27 16:00:00,150,71,79
2014-03-27 17:00:00,219,125,94
2014-03-27 18:00:00,293,153,140
2014-03-27 19:00:00,190,78,112
2014-03-27 20:00:00,42,18,24
2014-03-27 21:00:00,5,3,2
2014-03-27 22:00:00,7,2,5
2014-03-27 23:00:00,3,2,1
2014-03-28 00:00:00,1,1,0
2014-03-28 01:00:00,5,2,3
2014-03-28 02:00:00,1,0,1
2014-03-28 03:00:00,4,2,2
2014-03-28 04:00:00,1,0,1
2014-03-28 05:00:00,15,8,7
2014-03-28 06:00:00,29,15,14
2014-03-28 07:00:00,31,13,18
2014-03-28 08:00:00,33,22,11
2014-03-28 09:00:00,50,20,30
2014-03-28 10:00:00,34,12,22
2014-03-28 11:00:00,47,26,21
2014-03-28 12:00:00,127,61,66
2014-03-28 13:00:00,59,24,35
2014-03-28 14:00:00,41,16,25
2014-03-28 15:00:00,33,16,17
2014-03-28 16:00:00,93,38,55
2014-03-28 17:00:00,88,43,45
2014-03-28 18:00:00,71,35,36
2014-03-28 19:00:00,121,49,72
2014-03-28 20:00:00,30,15,15
2014-03-28 21:00:00,6,2,4
2014-03-28 22:00:00,7,4,3
2014-03-28 23:00:00,5,1,4
2014-03-29 00:00:00,3,3,0
2014-03-29 01:00:00,0,0,0
2014-03-29 02:00:00,2,1,1
2014-03-29 03:00:00,1,1,0
2014-03-29 04:00:00,4,2,2
2014-03-29 05:00:00,4,3,1
2014-03-29 06:00:00,12,7,5
2014-03-29 07:00:00,41,21,20
2014-03-29 08:00:00,22,12,10
2014-03-29 09:00:00,63,37,26
2014-03-29 10:00:00,103,55,48
2014-03-29 11:00:00,93,41,52
2014-03-29 12:00:00,54,23,31
2014-03-29 13:00:00,52,29,23
2014-03-29 14:00:00,80,44,36
2014-03-29 15:00:00,117,44,73
2014-03-29 16:00:00,66,26,40
2014-03-29 17:00:00,32,14,18
2014-03-29 18:00:00,56,29,27
2014-03-29 19:00:00,21,13,8
2014-03-29 20:00:00,11,4,7
2014-03-29 21:00:00,2,1,1
2014-03-29 22:00:00,2,1,1
2014-03-29 23:00:00,3,2,1
2014-03-30 00:00:00,3,2,1
2014-03-30 01:00:00,2,1,1
2014-03-30 02:00:00,1,1,0
2014-03-30 03:00:00,2,2,0
2014-03-30 04:00:00,3,2,1
2014-03-30 05:00:00,3,1,2
2014-03-30 06:00:00,2,1,1
2014-03-30 07:00:00,44,31,13
2014-03-30 08:00:00,106,48,58
2014-03-30 09:00:00,125,57,68
2014-03-30 10:00:00,143,69,74
2014-03-30 11:00:00,150,68,82
2014-03-30 12:00:00,113,61,52
2014-03-30 13:00:00,20,19,1
2014-03-30 14:00:00,47,46,1
2014-03-30 15:00:00,352,173,179
2014-03-30 16:00:00,292,149,143
2014-03-30 17:00:00,133,53,80
2014-03-30 18:00:00,99,41,58
2014-03-30 19:00:00,77,29,48
2014-03-30 20:00:00,20,8,12
2014-03-30 21:00:00,12,7,5
2014-03-30 22:00:00,3,0,3
2014-03-30 23:00:00,60,35,25
2014-03-31 00:00:00,1,1,0
2014-03-31 01:00:00,0,0,0
2014-03-31 02:00:00,0,0,0
2014-03-31 03:00:00,2,2,0
2014-03-31 04:00:00,0,0,0
2014-03-31 05:00:00,8,6,2
2014-03-31 06:00:00,42,21,21
2014-03-31 07:00:00,90,43,47
2014-03-31 08:00:00,91,41,50
2014-03-31 09:00:00,78,35,43
2014-03-31 10:00:00,94,52,42
2014-03-31 11:00:00,133,68,65
2014-03-31 12:00:00,338,179,159
2014-03-31 13:00:00,276,122,154
2014-03-31 14:00:00,244,151,93
2014-03-31 15:00:00,291,195,96
2014-03-31 16:00:00,236,160,76
2014-03-31 17:00:00,309,192,117
2014-03-31 18:00:00,362,194,168
2014-03-31 19:00:00,237,100,137
2014-03-31 20:00:00,46,15,31
2014-03-31 21:00:00,8,6,2
2014-03-31 22:00:00,6,3,3
2014-03-31 23:00:00,8,2,6
2014-04-01 00:00:00,2,1,1
2014-04-01 01:00:00,1,0,1
2014-04-01 02:00:00,1,1,0
2014-04-01 03:00:00,7,0,7
2014-04-01 04:00:00,6,1,5
2014-04-01 05:00:00,9,7,2
2014-04-01 06:00:00,80,46,34
2014-04-01 07:00:00,158,72,86
2014-04-01 08:00:00,100,47,53
2014-04-01 09:00:00,86,37,49
2014-04-01 10:00:00,58,19,39
2014-04-01 11:00:00,112,68,44
2014-04-01 12:00:00,270,132,138
2014-04-01 13:00:00,162,73,89
2014-04-01 14:00:00,160,85,75
2014-04-01 15:00:00,217,127,90
2014-04-01 16:00:00,293,162,131
2014-04-01 17:00:00,372,206,166
2014-04-01 18:00:00,294,123,171
2014-04-01 19:00:00,68,30,38
2014-04-01 20:00:00,12,5,7
2014-04-01 21:00:00,6,1,5
2014-04-01 22:00:00,7,5,2
2014-04-01 23:00:00,4,1,3
2014-04-02 00:00:00,3,3,0
2014-04-02 01:00:00,2,0,2
2014-04-02 02:00:00,0,0,0
2014-04-02 03:00:00,2,2,0
2014-04-02 04:00:00,17,10,7
2014-04-02 05:00:00,55,33,22
2014-04-02 06:00:00,103,47,56
2014-04-02 07:00:00,91,47,44
2014-04-02 08:00:00,81,36,45
2014-04-02 09:00:00,59,28,31
2014-04-02 10:00:00,114,71,43
2014-04-02 11:00:00,276,143,133
2014-04-02 12:00:00,177,86,91
2014-04-02 13:00:00,161,90,71
2014-04-02 14:00:00,180,120,60
2014-04-02 15:00:00,214,108,106
2014-04-02 16:00:00,288,153,135
2014-04-02 17:00:00,311,165,146
2014-04-02 18:00:00,237,114,123
2014-04-02 19:00:00,56,17,39
2014-04-02 20:00:00,8,3,5
2014-04-02 21:00:00,9,5,4
2014-04-02 22:00:00,5,2,3
2014-04-02 23:00:00,1,1,0
2014-04-03 00:00:00,1,0,1
2014-04-03 01:00:00,3,2,1
2014-04-03 02:00:00,0,0,0
2014-04-03 03:00:00,2,1,1
2014-04-03 04:00:00,8,6,2
2014-04-03 05:00:00,52,30,22
2014-04-03 06:00:00,112,55,57
2014-04-03 07:00:00,97,49,48
2014-04-03 08:00:00,79,32,47
2014-04-03 09:00:00,63,33,30
2014-04-03 10:00:00,137,77,60
2014-04-03 11:00:00,278,141,137
2014-04-03 12:00:00,166,69,97
2014-04-03 13:00:00,55,26,29
2014-04-03 14:00:00,33,12,21
2014-04-03 15:00:00,48,23,25
2014-04-03 16:00:00,76,53,23
2014-04-03 17:00:00,73,43,30
2014-04-03 18:00:00,63,25,38
2014-04-03 19:00:00,21,10,11
2014-04-03 20:00:00,10,6,4
2014-04-03 21:00:00,7,4,3
2014-04-03 22:00:00,3,2,1
2014-04-03 23:00:00,2,1,1
2014-04-04 00:00:00,2,0,2
2014-04-04 01:00:00,2,1,1
2014-04-04 02:00:00,2,2,0
2014-04-04 03:00:00,6,3,3
2014-04-04 04:00:00,7,3,4
2014-04-04 05:00:00,48,26,22
2014-04-04 06:00:00,112,60,52
2014-04-04 07:00:00,119,56,63
2014-04-04 08:00:00,86,38,48
2014-04-04 09:00:00,116,62,54
2014-04-04 10:00:00,138,75,63
2014-04-04 11:00:00,262,117,145
2014-04-04 12:00:00,212,114,98
2014-04-04 13:00:00,146,70,76
2014-04-04 14:00:00,191,102,89
2014-04-04 15:00:00,187,93,94
2014-04-04 16:00:00,206,108,98
2014-04-04 17:00:00,196,92,104
2014-04-04 18:00:00,147,68,79
2014-04-04 19:00:00,38,16,22
2014-04-04 20:00:00,6,4,2
2014-04-04 21:00:00,9,3,6
2014-04-04 22:00:00,1,0,1
2014-04-04 23:00:00,0,0,0
2014-04-05 00:00:00,6,2,4
2014-04-05 01:00:00,0,0,0
2014-04-05 02:00:00,0,0,0
2014-04-05 03:00:00,0,0,0
2014-04-05 04:00:00,0,0,0
2014-04-05 05:00:00,9,8,1
2014-04-05 06:00:00,62,31,31
2014-04-05 07:00:00,136,81,55
2014-04-05 08:00:00,187,98,89
2014-04-05 09:00:00,197,98,99
2014-04-05 10:00:00,169,75,94
2014-04-05 11:00:00,100,35,65
2014-04-05 12:00:00,79,42,37
2014-04-05 13:00:00,94,41,53
2014-04-05 14:00:00,76,34,42
2014-04-05 15:00:00,61,26,35
2014-04-05 16:00:00,46,19,27
2014-04-05 17:00:00,44,18,26
2014-04-05 18:00:00,61,28,33
2014-04-05 19:00:00,17,9,8
2014-04-05 20:00:00,3,0,3
2014-04-05 21:00:00,2,1,1
2014-04-05 22:00:00,3,2,1
2014-04-05 23:00:00,2,1,1
2014-04-06 00:00:00,0,0,0
2014-04-06 01:00:00,0,0,0
2014-04-06 02:00:00,2,1,1
2014-04-06 03:00:00,1,0,1
2014-04-06 04:00:00,4,1,3
2014-04-06 05:00:00,14,10,4
2014-04-06 06:00:00,44,25,19
2014-04-06 07:00:00,76,41,35
2014-04-06 08:00:00,121,62,59
2014-04-06 09:00:00,122,53,69
2014-04-06 10:00:00,189,91,98
2014-04-06 11:00:00,194,90,104
2014-04-06 12:00:00,214,111,103
2014-04-06 13:00:00,177,88,89
2014-04-06 14:00:00,207,110,97
2014-04-06 15:00:00,214,87,127
2014-04-06 16:00:00,169,68,101
2014-04-06 17:00:00,150,70,80
2014-04-06 18:00:00,91,37,54
2014-04-06 19:00:00,44,20,24
2014-04-06 20:00:00,4,3,1
2014-04-06 21:00:00,3,0,3
2014-04-06 22:00:00,4,3,1
2014-04-06 23:00:00,3,0,3
2014-04-07 00:00:00,2,1,1
2014-04-07 01:00:00,0,0,0
2014-04-07 02:00:00,1,0,1
2014-04-07 03:00:00,2,1,1
2014-04-07 04:00:00,8,4,4
2014-04-07 05:00:00,46,26,20
2014-04-07 06:00:00,89,44,45
2014-04-07 07:00:00,88,43,45
2014-04-07 08:00:00,90,37,53
2014-04-07 09:00:00,127,67,60
2014-04-07 10:00:00,220,123,97
2014-04-07 11:00:00,527,255,272
2014-04-07 12:00:00,399,204,195
2014-04-07 13:00:00,318,156,162
2014-04-07 14:00:00,312,186,126
2014-04-07 15:00:00,369,211,158
2014-04-07 16:00:00,525,307,218
2014-04-07 17:00:00,581,309,272
2014-04-07 18:00:00,418,197,221
2014-04-07 19:00:00,164,67,97
2014-04-07 20:00:00,10,4,6
2014-04-07 21:00:00,12,7,5
2014-04-07 22:00:00,5,3,2
2014-04-07 23:00:00,2,0,2
2014-04-08 00:00:00,1,1,0
2014-04-08 01:00:00,83,46,37
2014-04-08 02:00:00,2,1,1
2014-04-08 03:00:00,2,0,2
2014-04-08 04:00:00,10,6,4
2014-04-08 05:00:00,81,45,36
2014-04-08 06:00:00,109,50,59
2014-04-08 07:00:00,103,59,44
2014-04-08 08:00:00,69,30,39
2014-04-08 09:00:00,71,38,33
2014-04-08 10:00:00,113,53,60
2014-04-08 11:00:00,275,147,128
2014-04-08 12:00:00,202,84,118
2014-04-08 13:00:00,95,48,47
2014-04-08 14:00:00,81,32,49
2014-04-08 15:00:00,39,22,17
2014-04-08 16:00:00,61,30,31
2014-04-08 17:00:00,84,40,44
2014-04-08 18:00:00,56,25,31
2014-04-08 19:00:00,17,9,8
2014-04-08 20:00:00,10,7,3
2014-04-08 21:00:00,5,0,5
2014-04-08 22:00:00,2,0,2
2014-04-08 23:00:00,0,0,0
2014-04-09 00:00:00,1,0,1
2014-04-09 01:00:00,2,1,1
2014-04-09 02:00:00,0,0,0
2014-04-09 03:00:00,3,1,2
2014-04-09 04:00:00,11,8,3
2014-04-09 05:00:00,89,51,38
2014-04-09 06:00:00,134,66,68
2014-04-09 07:00:00,87,37,50
2014-04-09 08:00:00,81,40,41
2014-04-09 09:00:00,92,36,56
2014-04-09 10:00:00,133,77,56
2014-04-09 11:00:00,311,145,166
2014-04-09 12:00:00,193,96,97
2014-04-09 13:00:00,205,108,97
2014-04-09 14:00:00,241,132,109
2014-04-09 15:00:00,256,121,135
2014-04-09 16:00:00,303,169,134
2014-04-09 17:00:00,313,152,161
2014-04-09 18:00:00,262,130,132
2014-04-09 19:00:00,58,16,42
2014-04-09 20:00:00,11,7,4
2014-04-09 21:00:00,6,1,5
2014-04-09 22:00:00,1,0,1
2014-04-09 23:00:00,3,1,2
2014-04-10 00:00:00,1,0,1
2014-04-10 01:00:00,5,3,2
2014-04-10 02:00:00,0,0,0
2014-04-10 03:00:00,2,1,1
2014-04-10 04:00:00,14,8,6
2014-04-10 05:00:00,89,54,35
2014-04-10 06:00:00,126,64,62
2014-04-10 07:00:00,111,50,61
2014-04-10 08:00:00,88,48,40
2014-04-10 09:00:00,108,56,52
2014-04-10 10:00:00,186,91,95
2014-04-10 11:00:00,470,248,222
2014-04-10 12:00:00,259,100,159
2014-04-10 13:00:00,137,71,66
2014-04-10 14:00:00,176,92,84
2014-04-10 15:00:00,190,100,90
2014-04-10 16:00:00,230,127,103
2014-04-10 17:00:00,286,147,139
2014-04-10 18:00:00,251,116,135
2014-04-10 19:00:00,61,25,36
2014-04-10 20:00:00,9,4,5
2014-04-10 21:00:00,9,3,6
2014-04-10 22:00:00,0,0,0
2014-04-10 23:00:00,2,1,1
2014-04-11 00:00:00,1,0,1
2014-04-11 01:00:00,2,1,1
2014-04-11 02:00:00,0,0,0
2014-04-11 03:00:00,1,0,1
2014-04-11 04:00:00,8,6,2
2014-04-11 05:00:00,77,39,38
2014-04-11 06:00:00,113,55,58
2014-04-11 07:00:00,135,65,70
2014-04-11 08:00:00,107,54,53
2014-04-11 09:00:00,97,44,53
2014-04-11 10:00:00,142,68,74
2014-04-11 11:00:00,328,169,159
2014-04-11 12:00:00,215,99,116
2014-04-11 13:00:00,153,70,83
2014-04-11 14:00:00,197,119,78
2014-04-11 15:00:00,277,164,113
2014-04-11 16:00:00,239,116,123
2014-04-11 17:00:00,230,111,119
2014-04-11 18:00:00,157,64,93
2014-04-11 19:00:00,67,26,41
2014-04-11 20:00:00,7,2,5
2014-04-11 21:00:00,14,9,5
2014-04-11 22:00:00,7,2,5
2014-04-11 23:00:00,4,1,3
2014-04-12 00:00:00,2,0,2
2014-04-12 01:00:00,0,0,0
2014-04-12 02:00:00,1,1,0
2014-04-12 03:00:00,3,1,2
2014-04-12 04:00:00,2,1,1
2014-04-12 05:00:00,15,9,6
2014-04-12 06:00:00,80,48,32
2014-04-12 07:00:00,195,109,86
2014-04-12 08:00:00,193,99,94
2014-04-12 09:00:00,224,127,97
2014-04-12 10:00:00,231,95,136
2014-04-12 11:00:00,195,93,102
2014-04-12 12:00:00,219,113,106
2014-04-12 13:00:00,340,205,135
2014-04-12 14:00:00,359,213,146
2014-04-12 15:00:00,450,259,191
2014-04-12 16:00:00,362,187,175
2014-04-12 17:00:00,264,129,135
2014-04-12 18:00:00,208,91,117
2014-04-12 19:00:00,81,34,47
2014-04-12 20:00:00,8,3,5
2014-04-12 21:00:00,10,7,3
2014-04-12 22:00:00,4,3,1
2014-04-12 23:00:00,1,1,0
2014-04-13 00:00:00,3,1,2
2014-04-13 01:00:00,3,1,2
2014-04-13 02:00:00,1,0,1
2014-04-13 03:00:00,1,0,1
2014-04-13 04:00:00,0,0,0
2014-04-13 05:00:00,17,11,6
2014-04-13 06:00:00,85,44,41
2014-04-13 07:00:00,137,70,67
2014-04-13 08:00:00,212,103,109
2014-04-13 09:00:00,241,112,129
2014-04-13 10:00:00,301,132,169
2014-04-13 11:00:00,386,182,204
2014-04-13 12:00:00,377,202,175
2014-04-13 13:00:00,539,295,244
2014-04-13 14:00:00,528,293,235
2014-04-13 15:00:00,537,310,227
2014-04-13 16:00:00,475,277,198
2014-04-13 17:00:00,327,179,148
2014-04-13 18:00:00,253,107,146
2014-04-13 19:00:00,113,40,73
2014-04-13 20:00:00,9,5,4
2014-04-13 21:00:00,4,2,2
2014-04-13 22:00:00,5,2,3
2014-04-13 23:00:00,1,1,0
2014-04-14 00:00:00,2,1,1
2014-04-14 01:00:00,1,1,0
2014-04-14 02:00:00,0,0,0
2014-04-14 03:00:00,2,1,1
2014-04-14 04:00:00,5,4,1
2014-04-14 05:00:00,62,32,30
2014-04-14 06:00:00,120,61,59
2014-04-14 07:00:00,108,51,57
2014-04-14 08:00:00,102,52,50
2014-04-14 09:00:00,123,45,78
2014-04-14 10:00:00,183,90,93
2014-04-14 11:00:00,439,239,200
2014-04-14 12:00:00,265,117,148
2014-04-14 13:00:00,187,91,96
2014-04-14 14:00:00,306,214,92
2014-04-14 15:00:00,395,249,146
2014-04-14 16:00:00,311,170,141
2014-04-14 17:00:00,346,178,168
2014-04-14 18:00:00,201,90,111
2014-04-14 19:00:00,71,19,52
2014-04-14 20:00:00,3,3,0
2014-04-14 21:00:00,3,1,2
2014-04-14 22:00:00,0,0,0
2014-04-14 23:00:00,6,2,4
2014-04-15 00:00:00,4,3,1
2014-04-15 01:00:00,2,0,2
2014-04-15 02:00:00,2,0,2
2014-04-15 03:00:00,2,1,1
2014-04-15 04:00:00,8,5,3
2014-04-15 05:00:00,88,47,41
2014-04-15 06:00:00,130,60,70
2014-04-15 07:00:00,136,66,70
2014-04-15 08:00:00,84,37,47
2014-04-15 09:00:00,127,68,59
2014-04-15 10:00:00,180,92,88
2014-04-15 11:00:00,396,204,192
2014-04-15 12:00:00,251,125,126
2014-04-15 13:00:00,180,97,83
2014-04-15 14:00:00,159,98,61
2014-04-15 15:00:00,135,71,64
2014-04-15 16:00:00,190,94,96
2014-04-15 17:00:00,196,100,96
2014-04-15 18:00:00,164,75,89
2014-04-15 19:00:00,44,16,28
2014-04-15 20:00:00,6,2,4
2014-04-15 21:00:00,8,5,3
2014-04-15 22:00:00,2,1,1
2014-04-15 23:00:00,0,0,0
2014-04-16 00:00:00,1,1,0
2014-04-16 01:00:00,0,0,0
2014-04-16 02:00:00,0,0,0
2014-04-16 03:00:00,3,3,0
2014-04-16 04:00:00,12,7,5
2014-04-16 05:00:00,83,48,35
2014-04-16 06:00:00,87,42,45
2014-04-16 07:00:00,70,30,40
2014-04-16 08:00:00,42,15,27
2014-04-16 09:00:00,39,22,17
2014-04-16 10:00:00,65,34,31
2014-04-16 11:00:00,172,87,85
2014-04-16 12:00:00,88,44,44
2014-04-16 13:00:00,55,30,25
2014-04-16 14:00:00,40,15,25
2014-04-16 15:00:00,53,22,31
2014-04-16 16:00:00,68,47,21
2014-04-16 17:00:00,70,37,33
2014-04-16 18:00:00,47,24,23
2014-04-16 19:00:00,19,8,11
2014-04-16 20:00:00,10,3,7
2014-04-16 21:00:00,3,1,2
2014-04-16 22:00:00,3,1,2
2014-04-16 23:00:00,0,0,0
2014-04-17 00:00:00,0,0,0
2014-04-17 01:00:00,0,0,0
2014-04-17 02:00:00,0,0,0
2014-04-17 03:00:00,2,1,1
2014-04-17 04:00:00,7,5,2
2014-04-17 05:00:00,61,35,26
2014-04-17 06:00:00,91,42,49
2014-04-17 07:00:00,65,24,41
2014-04-17 08:00:00,38,20,18
2014-04-17 09:00:00,35,17,18
2014-04-17 10:00:00,61,31,30
2014-04-17 11:00:00,118,56,62
2014-04-17 12:00:00,72,30,42
2014-04-17 13:00:00,36,17,19
2014-04-17 14:00:00,36,17,19
2014-04-17 15:00:00,43,22,21
2014-04-17 16:00:00,73,39,34
2014-04-17 17:00:00,59,29,30
2014-04-17 18:00:00,40,23,17
2014-04-17 19:00:00,29,14,15
2014-04-17 20:00:00,5,3,2
2014-04-17 21:00:00,3,2,1
2014-04-17 22:00:00,2,0,2
2014-04-17 23:00:00,1,0,1
2014-04-18 00:00:00,0,0,0
2014-04-18 01:00:00,1,1,0
2014-04-18 02:00:00,1,1,0
2014-04-18 03:00:00,2,0,2
2014-04-18 04:00:00,6,4,2
2014-04-18 05:00:00,63,35,28
2014-04-18 06:00:00,117,58,59
2014-04-18 07:00:00,120,53,67
2014-04-18 08:00:00,104,50,54
2014-04-18 09:00:00,125,57,68
2014-04-18 10:00:00,153,68,85
2014-04-18 11:00:00,315,160,155
2014-04-18 12:00:00,217,101,116
2014-04-18 13:00:00,141,60,81
2014-04-18 14:00:00,169,92,77
2014-04-18 15:00:00,223,119,104
2014-04-18 16:00:00,256,123,133
2014-04-18 17:00:00,222,112,110
2014-04-18 18:00:00,181,96,85
2014-04-18 19:00:00,88,36,52
2014-04-18 20:00:00,8,6,2
2014-04-18 21:00:00,20,14,6
2014-04-18 22:00:00,5,1,4
2014-04-18 23:00:00,3,1,2
2014-04-19 00:00:00,1,0,1
2014-04-19 01:00:00,2,1,1
2014-04-19 02:00:00,1,0,1
2014-04-19 03:00:00,1,0,1
2014-04-19 04:00:00,2,1,1
2014-04-19 05:00:00,17,11,6
2014-04-19 06:00:00,54,28,26
2014-04-19 07:00:00,116,67,49
2014-04-19 08:00:00,170,81,89
2014-04-19 09:00:00,229,115,114
2014-04-19 10:00:00,83,23,60
2014-04-19 11:00:00,32,10,22
2014-04-19 12:00:00,13,7,6
2014-04-19 13:00:00,23,13,10
2014-04-19 14:00:00,67,31,36
2014-04-19 15:00:00,47,24,23
2014-04-19 16:00:00,58,26,32
2014-04-19 17:00:00,66,34,32
2014-04-19 18:00:00,76,31,45
2014-04-19 19:00:00,32,13,19
2014-04-19 20:00:00,10,2,8
2014-04-19 21:00:00,1,0,1
2014-04-19 22:00:00,2,1,1
2014-04-19 23:00:00,2,1,1
2014-04-20 00:00:00,2,0,2
2014-04-20 01:00:00,0,0,0
2014-04-20 02:00:00,4,1,3
2014-04-20 03:00:00,4,2,2
2014-04-20 04:00:00,2,0,2
2014-04-20 05:00:00,63,37,26
2014-04-20 06:00:00,53,32,21
2014-04-20 07:00:00,123,123,0
2014-04-20 08:00:00,195,195,0
2014-04-20 09:00:00,225,225,0
2014-04-20 10:00:00,269,269,0
2014-04-20 11:00:00,216,216,0
2014-04-20 12:00:00,261,261,0
2014-04-20 13:00:00,232,232,0
2014-04-20 14:00:00,267,267,0
2014-04-20 15:00:00,229,229,0
2014-04-20 16:00:00,320,320,0
2014-04-20 17:00:00,306,306,0
2014-04-20 18:00:00,212,212,0
2014-04-20 19:00:00,94,94,0
2014-04-20 20:00:00,4,4,0
2014-04-20 21:00:00,5,5,0
2014-04-20 22:00:00,6,6,0
2014-04-20 23:00:00,0,0,0
2014-04-21 00:00:00,0,0,0
2014-04-21 01:00:00,1,1,0
2014-04-21 02:00:00,1,1,0
2014-04-21 03:00:00,1,1,0
2014-04-21 04:00:00,14,14,0
2014-04-21 05:00:00,60,60,0
2014-04-21 06:00:00,81,81,0
2014-04-21 07:00:00,126,126,0
2014-04-21 08:00:00,87,87,0
2014-04-21 09:00:00,71,71,0
2014-04-21 10:00:00,127,127,0
2014-04-21 11:00:00,312,312,0
2014-04-21 12:00:00,177,177,0
2014-04-21 13:00:00,209,209,0
2014-04-21 14:00:00,171,171,0
2014-04-21 15:00:00,174,174,0
2014-04-21 16:00:00,225,225,0
2014-04-21 17:00:00,201,201,0
2014-04-21 18:00:00,85,85,0
2014-04-21 19:00:00,42,42,0
2014-04-21 20:00:00,0,0,0
2014-04-21 21:00:00,4,4,0
2014-04-21 22:00:00,6,6,0
2014-04-21 23:00:00,1,1,0
2014-04-22 00:00:00,1,1,0
2014-04-22 01:00:00,1,1,0
2014-04-22 02:00:00,1,1,0
2014-04-22 03:00:00,1,1,0
2014-04-22 04:00:00,11,11,0
2014-04-22 05:00:00,71,71,0
2014-04-22 06:00:00,59,59,0
2014-04-22 07:00:00,58,58,0
2014-04-22 08:00:00,65,65,0
2014-04-22 09:00:00,69,69,0
2014-04-22 10:00:00,121,121,0
2014-04-22 11:00:00,309,309,0
2014-04-22 12:00:00,195,195,0
2014-04-22 13:00:00,93,93,0
2014-04-22 14:00:00,122,122,0
2014-04-22 15:00:00,130,130,0
2014-04-22 16:00:00,166,166,0
2014-04-22 17:00:00,179,179,0
2014-04-22 18:00:00,112,112,0
2014-04-22 19:00:00,25,25,0
2014-04-22 20:00:00,0,0,0
2014-04-22 21:00:00,2,2,0
2014-04-22 22:00:00,2,2,0
2014-04-22 23:00:00,6,6,0
2014-04-23 00:00:00,1,1,0
2014-04-23 01:00:00,2,2,0
2014-04-23 02:00:00,0,0,0
2014-04-23 03:00:00,1,1,0
2014-04-23 04:00:00,19,19,0
2014-04-23 05:00:00,97,97,0
2014-04-23 06:00:00,105,105,0
2014-04-23 07:00:00,92,92,0
2014-04-23 08:00:00,94,94,0
2014-04-23 09:00:00,105,105,0
2014-04-23 10:00:00,124,124,0
2014-04-23 11:00:00,229,229,0
2014-04-23 12:00:00,138,138,0
2014-04-23 13:00:00,81,81,0
2014-04-23 14:00:00,96,96,0
2014-04-23 15:00:00,99,99,0
2014-04-23 16:00:00,119,119,0
2014-04-23 17:00:00,107,107,0
2014-04-23 18:00:00,58,58,0
2014-04-23 19:00:00,26,26,0
2014-04-23 20:00:00,4,4,0
2014-04-23 21:00:00,3,3,0
2014-04-23 22:00:00,7,7,0
2014-04-23 23:00:00,3,3,0
2014-04-24 00:00:00,2,2,0
2014-04-24 01:00:00,3,3,0
2014-04-24 02:00:00,3,3,0
2014-04-24 03:00:00,2,2,0
2014-04-24 04:00:00,14,14,0
2014-04-24 05:00:00,62,62,0
2014-04-24 06:00:00,89,89,0
2014-04-24 07:00:00,92,92,0
2014-04-24 08:00:00,83,83,0
2014-04-24 09:00:00,87,87,0
2014-04-24 10:00:00,77,77,0
2014-04-24 11:00:00,136,136,0
2014-04-24 12:00:00,65,65,0
2014-04-24 13:00:00,55,55,0
2014-04-24 14:00:00,79,79,0
2014-04-24 15:00:00,86,86,0
2014-04-24 16:00:00,178,177,1
2014-04-24 17:00:00,243,227,16
2014-04-24 18:00:00,169,144,25
2014-04-24 19:00:00,68,62,6
2014-04-24 20:00:00,3,3,0
2014-04-24 21:00:00,3,3,0
2014-04-24 22:00:00,4,4,0
2014-04-24 23:00:00,2,2,0
2014-04-25 00:00:00,4,4,0
2014-04-25 01:00:00,1,1,0
2014-04-25 02:00:00,2,2,0
2014-04-25 03:00:00,3,3,0
2014-04-25 04:00:00,8,8,0
2014-04-25 05:00:00,82,82,0
2014-04-25 06:00:00,124,124,0
2014-04-25 07:00:00,121,121,0
2014-04-25 08:00:00,99,99,0
2014-04-25 09:00:00,112,108,4
2014-04-25 10:00:00,192,166,26
2014-04-25 11:00:00,354,242,112
2014-04-25 12:00:00,211,121,90
2014-04-25 13:00:00,195,113,82
2014-04-25 14:00:00,232,141,91
2014-04-25 15:00:00,283,162,121
2014-04-25 16:00:00,347,200,147
2014-04-25 17:00:00,232,119,113
2014-04-25 18:00:00,149,72,77
2014-04-25 19:00:00,80,44,36
2014-04-25 20:00:00,14,5,9
2014-04-25 21:00:00,8,7,1
2014-04-25 22:00:00,4,1,3
2014-04-25 23:00:00,3,3,0
2014-04-26 00:00:00,5,4,1
2014-04-26 01:00:00,3,3,0
2014-04-26 02:00:00,0,0,0
2014-04-26 03:00:00,1,1,0
2014-04-26 04:00:00,3,3,0
2014-04-26 05:00:00,35,32,3
2014-04-26 06:00:00,103,66,37
2014-04-26 07:00:00,164,111,53
2014-04-26 08:00:00,270,150,120
2014-04-26 09:00:00,231,125,106
2014-04-26 10:00:00,211,90,121
2014-04-26 11:00:00,187,73,114
2014-04-26 12:00:00,177,85,92
2014-04-26 13:00:00,239,153,86
2014-04-26 14:00:00,206,99,107
2014-04-26 15:00:00,265,154,111
2014-04-26 16:00:00,155,67,88
2014-04-26 17:00:00,100,55,45
2014-04-26 18:00:00,50,23,27
2014-04-26 19:00:00,24,13,11
2014-04-26 20:00:00,7,7,0
2014-04-26 21:00:00,6,6,0
2014-04-26 22:00:00,3,3,0
2014-04-26 23:00:00,10,10,0
2014-04-27 00:00:00,5,5,0
2014-04-27 01:00:00,2,2,0
2014-04-27 02:00:00,1,1,0
2014-04-27 03:00:00,1,1,0
2014-04-27 04:00:00,0,0,0
2014-04-27 05:00:00,12,12,0
2014-04-27 06:00:00,43,43,0
2014-04-27 07:00:00,95,95,0
2014-04-27 08:00:00,157,157,0
2014-04-27 09:00:00,161,160,1
2014-04-27 10:00:00,117,87,30
2014-04-27 11:00:00,125,61,64
2014-04-27 12:00:00,124,61,63
2014-04-27 13:00:00,176,85,91
2014-04-27 14:00:00,157,100,57
2014-04-27 15:00:00,184,86,98
2014-04-27 16:00:00,173,87,86
2014-04-27 17:00:00,110,40,70
2014-04-27 18:00:00,68,38,30
2014-04-27 19:00:00,29,13,16
2014-04-27 20:00:00,4,4,0
2014-04-27 21:00:00,5,3,2
2014-04-27 22:00:00,1,1,0
2014-04-27 23:00:00,3,0,3
2014-04-28 00:00:00,2,1,1
2014-04-28 01:00:00,1,0,1
2014-04-28 02:00:00,1,1,0
2014-04-28 03:00:00,1,0,1
2014-04-28 04:00:00,13,5,8
2014-04-28 05:00:00,67,54,13
2014-04-28 06:00:00,96,80,16
2014-04-28 07:00:00,107,67,40
2014-04-28 08:00:00,70,41,29
2014-04-28 09:00:00,71,36,35
2014-04-28 10:00:00,138,60,78
2014-04-28 11:00:00,392,194,198
2014-04-28 12:00:00,229,102,127
2014-04-28 13:00:00,188,100,88
2014-04-28 14:00:00,202,116,86
2014-04-28 15:00:00,253,154,99
2014-04-28 16:00:00,319,188,131
2014-04-28 17:00:00,389,197,192
2014-04-28 18:00:00,316,143,173
2014-04-28 19:00:00,124,42,82
2014-04-28 20:00:00,7,2,5
2014-04-28 21:00:00,7,2,5
2014-04-28 22:00:00,6,3,3
2014-04-28 23:00:00,6,4,2
2014-04-29 00:00:00,0,0,0
2014-04-29 01:00:00,2,1,1
2014-04-29 02:00:00,2,1,1
2014-04-29 03:00:00,1,1,0
2014-04-29 04:00:00,17,12,5
2014-04-29 05:00:00,118,53,65
2014-04-29 06:00:00,136,80,56
2014-04-29 07:00:00,111,65,46
2014-04-29 08:00:00,92,45,47
2014-04-29 09:00:00,92,46,46
2014-04-29 10:00:00,195,104,91
2014-04-29 11:00:00,456,221,235
2014-04-29 12:00:00,332,164,168
2014-04-29 13:00:00,220,110,110
2014-04-29 14:00:00,217,128,89
2014-04-29 15:00:00,300,195,105
2014-04-29 16:00:00,383,224,159
2014-04-29 17:00:00,512,269,243
2014-04-29 18:00:00,414,204,210
2014-04-29 19:00:00,222,88,134
2014-04-29 20:00:00,19,4,15
2014-04-29 21:00:00,7,4,3
2014-04-29 22:00:00,5,4,1
2014-04-29 23:00:00,3,1,2
2014-04-30 00:00:00,0,0,0
2014-04-30 01:00:00,1,1,0
2014-04-30 02:00:00,0,0,0
2014-04-30 03:00:00,2,2,0
2014-04-30 04:00:00,33,21,12
2014-04-30 05:00:00,139,59,80
2014-04-30 06:00:00,165,66,99
2014-04-30 07:00:00,136,49,87
2014-04-30 08:00:00,104,49,55
2014-04-30 09:00:00,172,82,90
2014-04-30 10:00:00,174,82,92
2014-04-30 11:00:00,609,314,295
2014-04-30 12:00:00,375,192,183
2014-04-30 13:00:00,273,157,116
2014-04-30 14:00:00,353,219,134
2014-04-30 15:00:00,367,235,132
2014-04-30 16:00:00,379,249,130
2014-04-30 17:00:00,501,317,184
2014-04-30 18:00:00,388,184,204
2014-04-30 19:00:00,296,133,163
2014-04-30 20:00:00,28,10,18
2014-04-30 21:00:00,11,6,5
2014-04-30 22:00:00,2,0,2
2014-04-30 23:00:00,2,2,0
2014-05-01 00:00:00,2,1,1
2014-05-01 01:00:00,3,2,1
2014-05-01 02:00:00,4,4,0
2014-05-01 03:00:00,7,3,4
2014-05-01 04:00:00,13,11,2
2014-05-01 05:00:00,155,69,86
2014-05-01 06:00:00,209,96,113
2014-05-01 07:00:00,143,50,93
2014-05-01 08:00:00,138,50,88
2014-05-01 09:00:00,109,50,59
2014-05-01 10:00:00,193,106,87
2014-05-01 11:00:00,440,234,206
2014-05-01 12:00:00,0,0,0
2014-05-01 13:00:00,275,140,135
2014-05-01 14:00:00,203,100,103
2014-05-01 15:00:00,214,116,98
2014-05-01 16:00:00,251,145,106
2014-05-01 17:00:00,366,218,148
2014-05-01 18:00:00,344,174,170
2014-05-01 19:00:00,306,138,168
2014-05-01 20:00:00,175,72,103
2014-05-01 21:00:00,18,5,13
2014-05-01 22:00:00,13,10,3
2014-05-01 23:00:00,11,7,4
2014-05-02 00:00:00,6,2,4
2014-05-02 01:00:00,7,7,0
2014-05-02 02:00:00,0,0,0
2014-05-02 03:00:00,2,1,1
2014-05-02 04:00:00,2,1,1
2014-05-02 05:00:00,26,17,9
2014-05-02 06:00:00,116,60,56
2014-05-02 07:00:00,159,68,91
2014-05-02 08:00:00,127,60,67
2014-05-02 09:00:00,144,65,79
2014-05-02 10:00:00,131,63,68
2014-05-02 11:00:00,149,73,76
2014-05-02 12:00:00,315,161,154
2014-05-02 13:00:00,232,107,125
2014-05-02 14:00:00,156,69,87
2014-05-02 15:00:00,130,67,63
2014-05-02 16:00:00,147,69,78
2014-05-02 17:00:00,181,87,94
2014-05-02 18:00:00,103,40,63
2014-05-02 19:00:00,121,56,65
2014-05-02 20:00:00,56,22,34
2014-05-02 21:00:00,6,3,3
2014-05-02 22:00:00,6,1,5
2014-05-02 23:00:00,3,2,1
2014-05-03 00:00:00,4,2,2
2014-05-03 01:00:00,3,1,2
2014-05-03 02:00:00,1,0,1
2014-05-03 03:00:00,3,2,1
2014-05-03 04:00:00,0,0,0
2014-05-03 05:00:00,9,7,2
2014-05-03 06:00:00,48,24,24
2014-05-03 07:00:00,78,42,36
2014-05-03 08:00:00,107,53,54
2014-05-03 09:00:00,160,77,83
2014-05-03 10:00:00,155,59,96
2014-05-03 11:00:00,153,65,88
2014-05-03 12:00:00,129,65,64
2014-05-03 13:00:00,94,27,67
2014-05-03 14:00:00,43,16,27
2014-05-03 15:00:00,65,32,33
2014-05-03 16:00:00,32,13,19
2014-05-03 17:00:00,12,8,4
2014-05-03 18:00:00,14,5,9
2014-05-03 19:00:00,7,5,2
2014-05-03 20:00:00,11,4,7
2014-05-03 21:00:00,0,0,0
2014-05-03 22:00:00,1,0,1
2014-05-03 23:00:00,3,2,1
2014-05-04 00:00:00,3,2,1
2014-05-04 01:00:00,2,1,1
2014-05-04 02:00:00,0,0,0
2014-05-04 03:00:00,1,1,0
2014-05-04 04:00:00,2,1,1
2014-05-04 05:00:00,1,1,0
2014-05-04 06:00:00,11,8,3
2014-05-04 07:00:00,52,29,23
2014-05-04 08:00:00,63,29,34
2014-05-04 09:00:00,71,43,28
2014-05-04 10:00:00,70,33,37
2014-05-04 11:00:00,76,40,36
2014-05-04 12:00:00,87,37,50
2014-05-04 13:00:00,92,42,50
2014-05-04 14:00:00,69,28,41
2014-05-04 15:00:00,85,38,47
2014-05-04 16:00:00,31,17,14
2014-05-04 17:00:00,49,27,22
2014-05-04 18:00:00,66,35,31
2014-05-04 19:00:00,53,21,32
2014-05-04 20:00:00,36,15,21
2014-05-04 21:00:00,5,2,3
2014-05-04 22:00:00,8,4,4
2014-05-04 23:00:00,0,0,0
2014-05-05 00:00:00,1,1,0
2014-05-05 01:00:00,0,0,0
2014-05-05 02:00:00,0,0,0
2014-05-05 03:00:00,1,1,0
2014-05-05 04:00:00,2,2,0
2014-05-05 05:00:00,17,11,6
2014-05-05 06:00:00,59,29,30
2014-05-05 07:00:00,65,32,33
2014-05-05 08:00:00,52,23,29
2014-05-05 09:00:00,83,39,44
2014-05-05 10:00:00,72,35,37
2014-05-05 11:00:00,85,47,38
2014-05-05 12:00:00,256,133,123
2014-05-05 13:00:00,133,55,78
2014-05-05 14:00:00,77,34,43
2014-05-05 15:00:00,67,36,31
2014-05-05 16:00:00,88,46,42
2014-05-05 17:00:00,220,131,89
2014-05-05 18:00:00,327,173,154
2014-05-05 19:00:00,242,112,130
2014-05-05 20:00:00,125,53,72
2014-05-05 21:00:00,23,8,15
2014-05-05 22:00:00,8,3,5
2014-05-05 23:00:00,2,1,1
2014-05-06 00:00:00,2,1,1
2014-05-06 01:00:00,4,2,2
2014-05-06 02:00:00,1,1,0
2014-05-06 03:00:00,2,1,1
2014-05-06 04:00:00,2,1,1
2014-05-06 05:00:00,29,20,9
2014-05-06 06:00:00,145,77,68
2014-05-06 07:00:00,150,71,79
2014-05-06 08:00:00,127,55,72
2014-05-06 09:00:00,97,42,55
2014-05-06 10:00:00,98,46,52
2014-05-06 11:00:00,151,80,71
2014-05-06 12:00:00,321,156,165
2014-05-06 13:00:00,187,89,98
2014-05-06 14:00:00,163,77,86
2014-05-06 15:00:00,153,90,63
2014-05-06 16:00:00,153,67,86
2014-05-06 17:00:00,258,143,115
2014-05-06 18:00:00,269,148,121
2014-05-06 19:00:00,254,123,131
2014-05-06 20:00:00,176,72,104
2014-05-06 21:00:00,10,2,8
2014-05-06 22:00:00,4,2,2
2014-05-06 23:00:00,3,2,1
2014-05-07 00:00:00,3,1,2
2014-05-07 01:00:00,0,0,0
2014-05-07 02:00:00,1,1,0
2014-05-07 03:00:00,1,1,0
2014-05-07 04:00:00,6,3,3
2014-05-07 05:00:00,31,22,9
2014-05-07 06:00:00,149,73,76
2014-05-07 07:00:00,171,81,90
2014-05-07 08:00:00,145,61,84
2014-05-07 09:00:00,93,42,51
2014-05-07 10:00:00,87,49,38
2014-05-07 11:00:00,188,103,85
2014-05-07 12:00:00,466,233,233
2014-05-07 13:00:00,255,123,132
2014-05-07 14:00:00,217,110,107
2014-05-07 15:00:00,235,119,116
2014-05-07 16:00:00,247,133,114
2014-05-07 17:00:00,281,155,126
2014-05-07 18:00:00,348,190,158
2014-05-07 19:00:00,349,165,184
2014-05-07 20:00:00,161,70,91
2014-05-07 21:00:00,24,10,14
2014-05-07 22:00:00,14,8,6
2014-05-07 23:00:00,3,1,2
2014-05-08 00:00:00,3,2,1
2014-05-08 01:00:00,1,1,0
2014-05-08 02:00:00,1,1,0
2014-05-08 03:00:00,3,1,2
2014-05-08 04:00:00,1,0,1
2014-05-08 05:00:00,20,12,8
2014-05-08 06:00:00,105,59,46
2014-05-08 07:00:00,114,45,69
2014-05-08 08:00:00,124,61,63
2014-05-08 09:00:00,105,46,59
2014-05-08 10:00:00,55,28,27
2014-05-08 11:00:00,103,51,52
2014-05-08 12:00:00,102,44,58
2014-05-08 13:00:00,25,13,12
2014-05-08 14:00:00,19,8,11
2014-05-08 15:00:00,16,5,11
2014-05-08 16:00:00,35,19,16
2014-05-08 17:00:00,57,36,21
2014-05-08 18:00:00,70,37,33
2014-05-08 19:00:00,32,18,14
2014-05-08 20:00:00,28,13,15
2014-05-08 21:00:00,4,3,1
2014-05-08 22:00:00,4,1,3
2014-05-08 23:00:00,0,0,0
2014-05-09 00:00:00,0,0,0
2014-05-09 01:00:00,9,6,3
2014-05-09 02:00:00,2,1,1
2014-05-09 03:00:00,0,0,0
2014-05-09 04:00:00,2,1,1
2014-05-09 05:00:00,15,10,5
2014-05-09 06:00:00,76,33,43
2014-05-09 07:00:00,96,55,41
2014-05-09 08:00:00,97,46,51
2014-05-09 09:00:00,90,45,45
2014-05-09 10:00:00,94,48,46
2014-05-09 11:00:00,100,47,53
2014-05-09 12:00:00,250,121,129
2014-05-09 13:00:00,55,18,37
2014-05-09 14:00:00,71,33,38
2014-05-09 15:00:00,85,34,51
2014-05-09 16:00:00,61,29,32
2014-05-09 17:00:00,88,37,51
2014-05-09 18:00:00,80,41,39
2014-05-09 19:00:00,87,47,40
2014-05-09 20:00:00,64,25,39
2014-05-09 21:00:00,11,6,5
2014-05-09 22:00:00,28,26,2
2014-05-09 23:00:00,2,1,1
2014-05-10 00:00:00,7,0,7
2014-05-10 01:00:00,2,0,2
2014-05-10 02:00:00,1,0,1
2014-05-10 03:00:00,0,0,0
2014-05-10 04:00:00,1,0,1
2014-05-10 05:00:00,6,4,2
2014-05-10 06:00:00,16,8,8
2014-05-10 07:00:00,66,36,30
2014-05-10 08:00:00,117,63,54
2014-05-10 09:00:00,186,97,89
2014-05-10 10:00:00,213,94,119
2014-05-10 11:00:00,255,128,127
2014-05-10 12:00:00,206,95,111
2014-05-10 13:00:00,159,74,85
2014-05-10 14:00:00,187,79,108
2014-05-10 15:00:00,131,57,74
2014-05-10 16:00:00,183,95,88
2014-05-10 17:00:00,167,65,102
2014-05-10 18:00:00,119,47,72
2014-05-10 19:00:00,102,45,57
2014-05-10 20:00:00,61,23,38
2014-05-10 21:00:00,20,10,10
2014-05-10 22:00:00,10,4,6
2014-05-10 23:00:00,4,0,4
2014-05-11 00:00:00,6,5,1
2014-05-11 01:00:00,1,0,1
2014-05-11 02:00:00,2,0,2
2014-05-11 03:00:00,2,2,0
2014-05-11 04:00:00,2,1,1
2014-05-11 05:00:00,2,1,1
2014-05-11 06:00:00,22,15,7
2014-05-11 07:00:00,55,28,27
2014-05-11 08:00:00,112,64,48
2014-05-11 09:00:00,181,98,83
2014-05-11 10:00:00,203,89,114
2014-05-11 11:00:00,225,110,115
2014-05-11 12:00:00,206,84,122
2014-05-11 13:00:00,268,109,159
2014-05-11 14:00:00,330,173,157
2014-05-11 15:00:00,359,182,177
2014-05-11 16:00:00,376,202,174
2014-05-11 17:00:00,430,217,213
2014-05-11 18:00:00,276,128,148
2014-05-11 19:00:00,251,118,133
2014-05-11 20:00:00,161,60,101
2014-05-11 21:00:00,14,5,9
2014-05-11 22:00:00,11,5,6
2014-05-11 23:00:00,5,3,2
2014-05-12 00:00:00,2,1,1
2014-05-12 01:00:00,0,0,0
2014-05-12 02:00:00,1,0,1
2014-05-12 03:00:00,2,1,1
2014-05-12 04:00:00,0,0,0
2014-05-12 05:00:00,23,13,10
2014-05-12 06:00:00,94,47,47
2014-05-12 07:00:00,125,65,60
2014-05-12 08:00:00,115,56,59
2014-05-12 09:00:00,134,64,70
2014-05-12 10:00:00,117,54,63
2014-05-12 11:00:00,201,112,89
2014-05-12 12:00:00,501,267,234
2014-05-12 13:00:00,290,135,155
2014-05-12 14:00:00,249,122,127
2014-05-12 15:00:00,250,129,121
2014-05-12 16:00:00,243,124,119
2014-05-12 17:00:00,384,212,172
2014-05-12 18:00:00,445,238,207
2014-05-12 19:00:00,387,177,210
2014-05-12 20:00:00,241,103,138
2014-05-12 21:00:00,44,19,25
2014-05-12 22:00:00,20,8,12
2014-05-12 23:00:00,1,1,0
2014-05-13 00:00:00,6,4,2
2014-05-13 01:00:00,2,1,1
2014-05-13 02:00:00,6,2,4
2014-05-13 03:00:00,3,1,2
2014-05-13 04:00:00,2,1,1
2014-05-13 05:00:00,51,38,13
2014-05-13 06:00:00,218,115,103
2014-05-13 07:00:00,239,104,135
2014-05-13 08:00:00,162,63,99
2014-05-13 09:00:00,128,61,67
2014-05-13 10:00:00,128,63,65
2014-05-13 11:00:00,263,143,120
2014-05-13 12:00:00,539,277,262
2014-05-13 13:00:00,351,165,186
2014-05-13 14:00:00,236,125,111
2014-05-13 15:00:00,269,168,101
2014-05-13 16:00:00,347,235,112
2014-05-13 17:00:00,351,214,137
2014-05-13 18:00:00,487,263,224
2014-05-13 19:00:00,419,207,212
2014-05-13 20:00:00,215,101,114
2014-05-13 21:00:00,30,13,17
2014-05-13 22:00:00,15,6,9
2014-05-13 23:00:00,4,3,1
2014-05-14 00:00:00,1,1,0
2014-05-14 01:00:00,0,0,0
2014-05-14 02:00:00,1,1,0
2014-05-14 03:00:00,2,1,1
2014-05-14 04:00:00,2,0,2
2014-05-14 05:00:00,37,28,9
2014-05-14 06:00:00,228,121,107
2014-05-14 07:00:00,210,85,125
2014-05-14 08:00:00,162,76,86
2014-05-14 09:00:00,115,62,53
2014-05-14 10:00:00,126,61,65
2014-05-14 11:00:00,195,93,102
2014-05-14 12:00:00,478,252,226
2014-05-14 13:00:00,282,135,147
2014-05-14 14:00:00,242,129,113
2014-05-14 15:00:00,260,166,94
2014-05-14 16:00:00,274,172,102
2014-05-14 17:00:00,349,224,125
2014-05-14 18:00:00,508,318,190
2014-05-14 19:00:00,390,206,184
2014-05-14 20:00:00,262,109,153
2014-05-14 21:00:00,47,18,29
2014-05-14 22:00:00,18,3,15
2014-05-14 23:00:00,4,1,3
2014-05-15 00:00:00,3,3,0
2014-05-15 01:00:00,3,2,1
2014-05-15 02:00:00,3,1,2
2014-05-15 03:00:00,3,1,2
2014-05-15 04:00:00,6,3,3
2014-05-15 05:00:00,48,34,14
2014-05-15 06:00:00,218,107,111
2014-05-15 07:00:00,209,96,113
2014-05-15 08:00:00,170,78,92
2014-05-15 09:00:00,158,71,87
2014-05-15 10:00:00,137,72,65
2014-05-15 11:00:00,212,114,98
2014-05-15 12:00:00,472,237,235
2014-05-15 13:00:00,286,131,155
2014-05-15 14:00:00,172,73,99
2014-05-15 15:00:00,151,68,83
2014-05-15 16:00:00,193,98,95
2014-05-15 17:00:00,223,116,107
2014-05-15 18:00:00,269,135,134
2014-05-15 19:00:00,286,136,150
2014-05-15 20:00:00,185,91,94
2014-05-15 21:00:00,44,15,29
2014-05-15 22:00:00,11,7,4
2014-05-15 23:00:00,4,2,2
2014-05-16 00:00:00,2,1,1
2014-05-16 01:00:00,4,1,3
2014-05-16 02:00:00,1,1,0
2014-05-16 03:00:00,0,0,0
2014-05-16 04:00:00,2,1,1
2014-05-16 05:00:00,22,13,9
2014-05-16 06:00:00,113,60,53
2014-05-16 07:00:00,136,60,76
2014-05-16 08:00:00,196,102,94
2014-05-16 09:00:00,97,46,51
2014-05-16 10:00:00,96,41,55
2014-05-16 11:00:00,157,94,63
2014-05-16 12:00:00,308,149,159
2014-05-16 13:00:00,194,94,100
2014-05-16 14:00:00,141,69,72
2014-05-16 15:00:00,148,70,78
2014-05-16 16:00:00,138,65,73
2014-05-16 17:00:00,149,75,74
2014-05-16 18:00:00,204,112,92
2014-05-16 19:00:00,158,72,86
2014-05-16 20:00:00,98,43,55
2014-05-16 21:00:00,30,12,18
2014-05-16 22:00:00,11,5,6
2014-05-16 23:00:00,3,3,0
2014-05-17 00:00:00,4,1,3
2014-05-17 01:00:00,2,1,1
2014-05-17 02:00:00,0,0,0
2014-05-17 03:00:00,0,0,0
2014-05-17 04:00:00,0,0,0
2014-05-17 05:00:00,9,4,5
2014-05-17 06:00:00,42,28,14
2014-05-17 07:00:00,99,54,45
2014-05-17 08:00:00,138,74,64
2014-05-17 09:00:00,163,87,76
2014-05-17 10:00:00,262,144,118
2014-05-17 11:00:00,232,105,127
2014-05-17 12:00:00,221,102,119
2014-05-17 13:00:00,169,84,85
2014-05-17 14:00:00,236,112,124
2014-05-17 15:00:00,221,103,118
2014-05-17 16:00:00,153,67,86
2014-05-17 17:00:00,160,75,85
2014-05-17 18:00:00,109,44,65
2014-05-17 19:00:00,162,70,92
2014-05-17 20:00:00,143,62,81
2014-05-17 21:00:00,32,13,19
2014-05-17 22:00:00,16,8,8
2014-05-17 23:00:00,10,4,6
2014-05-18 00:00:00,4,4,0
2014-05-18 01:00:00,5,1,4
2014-05-18 02:00:00,7,2,5
2014-05-18 03:00:00,1,1,0
2014-05-18 04:00:00,3,0,3
2014-05-18 05:00:00,8,4,4
2014-05-18 06:00:00,34,16,18
2014-05-18 07:00:00,83,49,34
2014-05-18 08:00:00,165,87,78
2014-05-18 09:00:00,202,99,103
2014-05-18 10:00:00,241,112,129
2014-05-18 11:00:00,257,115,142
2014-05-18 12:00:00,276,140,136
2014-05-18 13:00:00,689,195,494
2014-05-18 14:00:00,272,131,141
2014-05-18 15:00:00,299,140,159
2014-05-18 16:00:00,192,97,95
2014-05-18 17:00:00,174,70,104
2014-05-18 18:00:00,123,53,70
2014-05-18 19:00:00,43,18,25
2014-05-18 20:00:00,25,13,12
2014-05-18 21:00:00,17,6,11
2014-05-18 22:00:00,6,4,2
2014-05-18 23:00:00,3,2,1
2014-05-19 00:00:00,4,1,3
2014-05-19 01:00:00,1,1,0
2014-05-19 02:00:00,0,0,0
2014-05-19 03:00:00,1,1,0
2014-05-19 04:00:00,2,0,2
2014-05-19 05:00:00,22,12,10
2014-05-19 06:00:00,109,58,51
2014-05-19 07:00:00,153,69,84
2014-05-19 08:00:00,97,42,55
2014-05-19 09:00:00,92,43,49
2014-05-19 10:00:00,100,42,58
2014-05-19 11:00:00,135,70,65
2014-05-19 12:00:00,402,206,196
2014-05-19 13:00:00,197,83,114
2014-05-19 14:00:00,192,104,88
2014-05-19 15:00:00,209,126,83
2014-05-19 16:00:00,216,119,97
2014-05-19 17:00:00,285,165,120
2014-05-19 18:00:00,371,215,156
2014-05-19 19:00:00,361,180,181
2014-05-19 20:00:00,198,73,125
2014-05-19 21:00:00,38,20,18
2014-05-19 22:00:00,9,3,6
2014-05-19 23:00:00,8,3,5
2014-05-20 00:00:00,2,1,1
2014-05-20 01:00:00,1,1,0
2014-05-20 02:00:00,0,0,0
2014-05-20 03:00:00,0,0,0
2014-05-20 04:00:00,0,0,0
2014-05-20 05:00:00,39,22,17
2014-05-20 06:00:00,184,102,82
2014-05-20 07:00:00,195,85,110
2014-05-20 08:00:00,169,73,96
2014-05-20 09:00:00,138,72,66
2014-05-20 10:00:00,137,64,73
2014-05-20 11:00:00,219,117,102
2014-05-20 12:00:00,476,241,235
2014-05-20 13:00:00,314,140,174
2014-05-20 14:00:00,179,93,86
2014-05-20 15:00:00,237,134,103
2014-05-20 16:00:00,246,132,114
2014-05-20 17:00:00,285,172,113
2014-05-20 18:00:00,354,194,160
2014-05-20 19:00:00,301,150,151
2014-05-20 20:00:00,196,79,117
2014-05-20 21:00:00,43,15,28
2014-05-20 22:00:00,5,2,3
2014-05-20 23:00:00,5,3,2
2014-05-21 00:00:00,1,0,1
2014-05-21 01:00:00,5,2,3
2014-05-21 02:00:00,2,1,1
2014-05-21 03:00:00,0,0,0
2014-05-21 04:00:00,0,0,0
2014-05-21 05:00:00,27,15,12
2014-05-21 06:00:00,156,84,72
2014-05-21 07:00:00,183,81,102
2014-05-21 08:00:00,107,43,64
2014-05-21 09:00:00,89,39,50
2014-05-21 10:00:00,79,32,47
2014-05-21 11:00:00,147,80,67
2014-05-21 12:00:00,325,165,160
2014-05-21 13:00:00,199,96,103
2014-05-21 14:00:00,136,67,69
2014-05-21 15:00:00,164,72,92
2014-05-21 16:00:00,203,88,115
2014-05-21 17:00:00,241,114,127
2014-05-21 18:00:00,272,163,109
2014-05-21 19:00:00,284,130,154
2014-05-21 20:00:00,185,73,112
2014-05-21 21:00:00,50,16,34
2014-05-21 22:00:00,11,7,4
2014-05-21 23:00:00,4,2,2
2014-05-22 00:00:00,3,0,3
2014-05-22 01:00:00,1,1,0
2014-05-22 02:00:00,1,0,1
2014-05-22 03:00:00,0,0,0
2014-05-22 04:00:00,0,0,0
2014-05-22 05:00:00,43,30,13
2014-05-22 06:00:00,151,74,77
2014-05-22 07:00:00,143,67,76
2014-05-22 08:00:00,129,50,79
2014-05-22 09:00:00,91,42,49
2014-05-22 10:00:00,147,68,79
2014-05-22 11:00:00,229,121,108
2014-05-22 12:00:00,415,207,208
2014-05-22 13:00:00,253,116,137
2014-05-22 14:00:00,182,83,99
2014-05-22 15:00:00,174,81,93
2014-05-22 16:00:00,172,77,95
2014-05-22 17:00:00,199,98,101
2014-05-22 18:00:00,225,125,100
2014-05-22 19:00:00,183,84,99
2014-05-22 20:00:00,117,46,71
2014-05-22 21:00:00,31,13,18
2014-05-22 22:00:00,16,9,7
2014-05-22 23:00:00,10,5,5
2014-05-23 00:00:00,4,2,2
2014-05-23 01:00:00,1,0,1
2014-05-23 02:00:00,1,1,0
2014-05-23 03:00:00,0,0,0
2014-05-23 04:00:00,1,0,1
2014-05-23 05:00:00,21,15,6
2014-05-23 06:00:00,107,51,56
2014-05-23 07:00:00,81,38,43
2014-05-23 08:00:00,46,24,22
2014-05-23 09:00:00,51,30,21
2014-05-23 10:00:00,28,8,20
2014-05-23 11:00:00,56,28,28
2014-05-23 12:00:00,140,71,69
2014-05-23 13:00:00,86,36,50
2014-05-23 14:00:00,100,37,63
2014-05-23 15:00:00,115,55,60
2014-05-23 16:00:00,138,56,82
2014-05-23 17:00:00,139,70,69
2014-05-23 18:00:00,163,77,86
2014-05-23 19:00:00,152,73,79
2014-05-23 20:00:00,158,65,93
2014-05-23 21:00:00,40,23,17
2014-05-23 22:00:00,22,10,12
2014-05-23 23:00:00,23,3,20
2014-05-24 00:00:00,11,6,5
2014-05-24 01:00:00,5,2,3
2014-05-24 02:00:00,1,0,1
2014-05-24 03:00:00,2,2,0
2014-05-24 04:00:00,1,1,0
2014-05-24 05:00:00,6,5,1
2014-05-24 06:00:00,37,24,13
2014-05-24 07:00:00,102,62,40
2014-05-24 08:00:00,156,83,73
2014-05-24 09:00:00,211,97,114
2014-05-24 10:00:00,238,113,125
2014-05-24 11:00:00,202,84,118
2014-05-24 12:00:00,212,101,111
2014-05-24 13:00:00,173,65,108
2014-05-24 14:00:00,176,81,95
2014-05-24 15:00:00,195,80,115
2014-05-24 16:00:00,218,95,123
2014-05-24 17:00:00,166,68,98
2014-05-24 18:00:00,139,66,73
2014-05-24 19:00:00,145,60,85
2014-05-24 20:00:00,140,57,83
2014-05-24 21:00:00,29,9,20
2014-05-24 22:00:00,18,8,10
2014-05-24 23:00:00,16,11,5
2014-05-25 00:00:00,11,5,6
2014-05-25 01:00:00,4,0,4
2014-05-25 02:00:00,1,0,1
2014-05-25 03:00:00,6,3,3
2014-05-25 04:00:00,0,0,0
2014-05-25 05:00:00,5,3,2
2014-05-25 06:00:00,33,21,12
2014-05-25 07:00:00,73,39,34
2014-05-25 08:00:00,130,66,64
2014-05-25 09:00:00,141,66,75
2014-05-25 10:00:00,191,96,95
2014-05-25 11:00:00,198,88,110
2014-05-25 12:00:00,170,73,97
2014-05-25 13:00:00,106,52,54
2014-05-25 14:00:00,93,33,60
2014-05-25 15:00:00,52,26,26
2014-05-25 16:00:00,65,30,35
2014-05-25 17:00:00,46,17,29
2014-05-25 18:00:00,30,12,18
2014-05-25 19:00:00,19,9,10
2014-05-25 20:00:00,42,17,25
2014-05-25 21:00:00,7,1,6
2014-05-25 22:00:00,3,1,2
2014-05-25 23:00:00,3,1,2
2014-05-26 00:00:00,0,0,0
2014-05-26 01:00:00,2,1,1
2014-05-26 02:00:00,3,0,3
2014-05-26 03:00:00,0,0,0
2014-05-26 04:00:00,0,0,0
2014-05-26 05:00:00,8,4,4
2014-05-26 06:00:00,31,18,13
2014-05-26 07:00:00,57,33,24
2014-05-26 08:00:00,129,74,55
2014-05-26 09:00:00,214,122,92
2014-05-26 10:00:00,287,139,148
2014-05-26 11:00:00,305,135,170
2014-05-26 12:00:00,342,152,190
2014-05-26 13:00:00,260,117,143
2014-05-26 14:00:00,285,129,156
2014-05-26 15:00:00,256,131,125
2014-05-26 16:00:00,272,128,144
2014-05-26 17:00:00,252,117,135
2014-05-26 18:00:00,223,104,119
2014-05-26 19:00:00,193,90,103
2014-05-26 20:00:00,147,57,90
2014-05-26 21:00:00,39,9,30
2014-05-26 22:00:00,14,3,11
2014-05-26 23:00:00,8,1,7
2014-05-27 00:00:00,2,0,2
2014-05-27 01:00:00,4,1,3
2014-05-27 02:00:00,0,0,0
2014-05-27 03:00:00,0,0,0
2014-05-27 04:00:00,1,1,0
2014-05-27 05:00:00,23,12,11
2014-05-27 06:00:00,104,53,51
2014-05-27 07:00:00,111,60,51
2014-05-27 08:00:00,130,66,64
2014-05-27 09:00:00,111,43,68
2014-05-27 10:00:00,89,39,50
2014-05-27 11:00:00,108,61,47
2014-05-27 12:00:00,335,180,155
2014-05-27 13:00:00,250,118,132
2014-05-27 14:00:00,153,69,84
2014-05-27 15:00:00,168,85,83
2014-05-27 16:00:00,190,106,84
2014-05-27 17:00:00,253,138,115
2014-05-27 18:00:00,365,212,153
2014-05-27 19:00:00,296,142,154
2014-05-27 20:00:00,162,77,85
2014-05-27 21:00:00,31,11,20
2014-05-27 22:00:00,9,5,4
2014-05-27 23:00:00,6,3,3
2014-05-28 00:00:00,2,1,1
2014-05-28 01:00:00,0,0,0
2014-05-28 02:00:00,0,0,0
2014-05-28 03:00:00,0,0,0
2014-05-28 04:00:00,1,1,0
2014-05-28 05:00:00,31,20,11
2014-05-28 06:00:00,139,66,73
2014-05-28 07:00:00,142,64,78
2014-05-28 08:00:00,109,53,56
2014-05-28 09:00:00,72,37,35
2014-05-28 10:00:00,103,52,51
2014-05-28 11:00:00,204,98,106
2014-05-28 12:00:00,353,176,177
2014-05-28 13:00:00,224,109,115
2014-05-28 14:00:00,147,74,73
2014-05-28 15:00:00,143,73,70
2014-05-28 16:00:00,123,52,71
2014-05-28 17:00:00,137,74,63
2014-05-28 18:00:00,152,80,72
2014-05-28 19:00:00,166,81,85
2014-05-28 20:00:00,95,46,49
2014-05-28 21:00:00,35,13,22
2014-05-28 22:00:00,6,3,3
2014-05-28 23:00:00,4,2,2
2014-05-29 00:00:00,2,1,1
2014-05-29 01:00:00,3,0,3
2014-05-29 02:00:00,0,0,0
2014-05-29 03:00:00,3,1,2
2014-05-29 04:00:00,1,0,1
2014-05-29 05:00:00,27,19,8
2014-05-29 06:00:00,161,89,72
2014-05-29 07:00:00,142,59,83
2014-05-29 08:00:00,109,49,60
2014-05-29 09:00:00,116,57,59
2014-05-29 10:00:00,77,40,37
2014-05-29 11:00:00,151,89,62
2014-05-29 12:00:00,276,128,148
2014-05-29 13:00:00,177,74,103
2014-05-29 14:00:00,98,52,46
2014-05-29 15:00:00,110,56,54
2014-05-29 16:00:00,149,66,83
2014-05-29 17:00:00,154,78,76
2014-05-29 18:00:00,208,112,96
2014-05-29 19:00:00,159,71,88
2014-05-29 20:00:00,132,64,68
2014-05-29 21:00:00,45,17,28
2014-05-29 22:00:00,6,2,4
2014-05-29 23:00:00,6,3,3
2014-05-30 00:00:00,2,1,1
2014-05-30 01:00:00,3,0,3
2014-05-30 02:00:00,1,0,1
2014-05-30 03:00:00,0,0,0
2014-05-30 04:00:00,0,0,0
2014-05-30 05:00:00,37,17,20
2014-05-30 06:00:00,110,56,54
2014-05-30 07:00:00,152,64,88
2014-05-30 08:00:00,157,67,90
2014-05-30 09:00:00,147,77,70
2014-05-30 10:00:00,136,63,73
2014-05-30 11:00:00,225,122,103
2014-05-30 12:00:00,384,193,191
2014-05-30 13:00:00,246,125,121
2014-05-30 14:00:00,213,118,95
2014-05-30 15:00:00,194,98,96
2014-05-30 16:00:00,244,138,106
2014-05-30 17:00:00,259,139,120
2014-05-30 18:00:00,214,110,104
2014-05-30 19:00:00,223,109,114
2014-05-30 20:00:00,183,74,109
2014-05-30 21:00:00,61,27,34
2014-05-30 22:00:00,23,10,13
2014-05-30 23:00:00,8,5,3
2014-05-31 00:00:00,5,4,1
2014-05-31 01:00:00,5,3,2
2014-05-31 02:00:00,1,0,1
2014-05-31 03:00:00,0,0,0
2014-05-31 04:00:00,0,0,0
2014-05-31 05:00:00,13,9,4
2014-05-31 06:00:00,31,22,9
2014-05-31 07:00:00,100,47,53
2014-05-31 08:00:00,207,117,90
2014-05-31 09:00:00,285,142,143
2014-05-31 10:00:00,346,178,168
2014-05-31 11:00:00,331,147,184
2014-05-31 12:00:00,287,112,175
2014-05-31 13:00:00,285,139,146
2014-05-31 14:00:00,332,169,163
2014-05-31 15:00:00,340,179,161
2014-05-31 16:00:00,331,166,165
2014-05-31 17:00:00,303,156,147
2014-05-31 18:00:00,204,100,104
2014-05-31 19:00:00,185,84,101
2014-05-31 20:00:00,152,65,87
2014-05-31 21:00:00,85,24,61
2014-05-31 22:00:00,19,7,12
2014-05-31 23:00:00,11,6,5
2014-06-01 00:00:00,2,0,2
2014-06-01 01:00:00,2,2,0
2014-06-01 02:00:00,2,0,2
2014-06-01 03:00:00,0,0,0
2014-06-01 04:00:00,0,0,0
2014-06-01 05:00:00,7,6,1
2014-06-01 06:00:00,34,19,15
2014-06-01 07:00:00,60,33,27
2014-06-01 08:00:00,103,49,54
2014-06-01 09:00:00,153,78,75
2014-06-01 10:00:00,208,96,112
2014-06-01 11:00:00,220,110,110
2014-06-01 12:00:00,201,78,123
2014-06-01 13:00:00,230,110,120
2014-06-01 14:00:00,312,133,179
2014-06-01 15:00:00,316,162,154
2014-06-01 16:00:00,385,183,202
2014-06-01 17:00:00,370,172,198
2014-06-01 18:00:00,315,140,175
2014-06-01 19:00:00,255,123,132
2014-06-01 20:00:00,200,90,110
2014-06-01 21:00:00,63,23,40
2014-06-01 22:00:00,11,1,10
2014-06-01 23:00:00,6,1,5
2014-06-02 00:00:00,4,3,1
2014-06-02 01:00:00,0,0,0
2014-06-02 02:00:00,1,1,0
2014-06-02 03:00:00,1,1,0
2014-06-02 04:00:00,0,0,0
2014-06-02 05:00:00,26,16,10
2014-06-02 06:00:00,114,57,57
2014-06-02 07:00:00,135,65,70
2014-06-02 08:00:00,117,52,65
2014-06-02 09:00:00,126,59,67
2014-06-02 10:00:00,119,49,70
2014-06-02 11:00:00,198,98,100
2014-06-02 12:00:00,394,188,206
2014-06-02 13:00:00,305,137,168
2014-06-02 14:00:00,182,84,98
2014-06-02 15:00:00,196,99,97
2014-06-02 16:00:00,209,110,99
2014-06-02 17:00:00,322,204,118
2014-06-02 18:00:00,330,188,142
2014-06-02 19:00:00,372,172,200
2014-06-02 20:00:00,274,136,138
2014-06-02 21:00:00,82,26,56
2014-06-02 22:00:00,14,7,7
2014-06-02 23:00:00,5,5,0
2014-06-03 00:00:00,4,1,3
2014-06-03 01:00:00,0,0,0
2014-06-03 02:00:00,0,0,0
2014-06-03 03:00:00,1,1,0
2014-06-03 04:00:00,3,2,1
2014-06-03 05:00:00,48,25,23
2014-06-03 06:00:00,187,95,92
2014-06-03 07:00:00,140,62,78
2014-06-03 08:00:00,103,35,68
2014-06-03 09:00:00,76,38,38
2014-06-03 10:00:00,82,34,48
2014-06-03 11:00:00,152,80,72
2014-06-03 12:00:00,356,189,167
2014-06-03 13:00:00,169,80,89
2014-06-03 14:00:00,122,56,66
2014-06-03 15:00:00,138,74,64
2014-06-03 16:00:00,128,62,66
2014-06-03 17:00:00,189,109,80
2014-06-03 18:00:00,249,137,112
2014-06-03 19:00:00,199,81,118
2014-06-03 20:00:00,169,74,95
2014-06-03 21:00:00,58,23,35
2014-06-03 22:00:00,9,4,5
2014-06-03 23:00:00,2,0,2
2014-06-04 00:00:00,1,1,0
2014-06-04 01:00:00,1,1,0
2014-06-04 02:00:00,2,1,1
2014-06-04 03:00:00,1,1,0
2014-06-04 04:00:00,2,1,1
2014-06-04 05:00:00,43,28,15
2014-06-04 06:00:00,199,108,91
2014-06-04 07:00:00,162,72,90
2014-06-04 08:00:00,107,46,61
2014-06-04 09:00:00,77,38,39
2014-06-04 10:00:00,97,45,52
2014-06-04 11:00:00,133,65,68
2014-06-04 12:00:00,368,182,186
2014-06-04 13:00:00,290,125,165
2014-06-04 14:00:00,115,49,66
2014-06-04 15:00:00,155,81,74
2014-06-04 16:00:00,199,96,103
2014-06-04 17:00:00,292,169,123
2014-06-04 18:00:00,329,188,141
2014-06-04 19:00:00,324,154,170
2014-06-04 20:00:00,283,123,160
2014-06-04 21:00:00,66,26,40
2014-06-04 22:00:00,15,8,7
2014-06-04 23:00:00,4,1,3
2014-06-05 00:00:00,1,0,1
2014-06-05 01:00:00,2,2,0
2014-06-05 02:00:00,0,0,0
2014-06-05 03:00:00,0,0,0
2014-06-05 04:00:00,2,2,0
2014-06-05 05:00:00,45,24,21
2014-06-05 06:00:00,139,71,68
2014-06-05 07:00:00,158,74,84
2014-06-05 08:00:00,143,59,84
2014-06-05 09:00:00,102,53,49
2014-06-05 10:00:00,116,47,69
2014-06-05 11:00:00,244,134,110
2014-06-05 12:00:00,421,213,208
2014-06-05 13:00:00,290,134,156
2014-06-05 14:00:00,166,87,79
2014-06-05 15:00:00,151,74,77
2014-06-05 16:00:00,221,118,103
2014-06-05 17:00:00,278,151,127
2014-06-05 18:00:00,294,149,145
2014-06-05 19:00:00,257,135,122
2014-06-05 20:00:00,226,91,135
2014-06-05 21:00:00,76,33,43
2014-06-05 22:00:00,13,5,8
2014-06-05 23:00:00,3,1,2
2014-06-06 00:00:00,2,1,1
2014-06-06 01:00:00,0,0,0
2014-06-06 02:00:00,5,2,3
2014-06-06 03:00:00,0,0,0
2014-06-06 04:00:00,1,0,1
2014-06-06 05:00:00,43,26,17
2014-06-06 06:00:00,115,58,57
2014-06-06 07:00:00,167,83,84
2014-06-06 08:00:00,166,74,92
2014-06-06 09:00:00,137,65,72
2014-06-06 10:00:00,152,68,84
2014-06-06 11:00:00,213,103,110
2014-06-06 12:00:00,344,173,171
2014-06-06 13:00:00,278,132,146
2014-06-06 14:00:00,183,87,96
2014-06-06 15:00:00,172,90,82
2014-06-06 16:00:00,203,112,91
2014-06-06 17:00:00,329,195,134
2014-06-06 18:00:00,268,141,127
2014-06-06 19:00:00,197,92,105
2014-06-06 20:00:00,142,67,75
2014-06-06 21:00:00,68,23,45
2014-06-06 22:00:00,25,9,16
2014-06-06 23:00:00,8,4,4
2014-06-07 00:00:00,7,2,5
2014-06-07 01:00:00,5,3,2
2014-06-07 02:00:00,1,0,1
2014-06-07 03:00:00,0,0,0
2014-06-07 04:00:00,2,2,0
2014-06-07 05:00:00,12,9,3
2014-06-07 06:00:00,37,24,13
2014-06-07 07:00:00,108,56,52
2014-06-07 08:00:00,162,83,79
2014-06-07 09:00:00,229,123,106
2014-06-07 10:00:00,274,115,159
2014-06-07 11:00:00,292,156,136
2014-06-07 12:00:00,236,105,131
2014-06-07 13:00:00,229,114,115
2014-06-07 14:00:00,272,134,138
2014-06-07 15:00:00,292,157,135
2014-06-07 16:00:00,293,159,134
2014-06-07 17:00:00,282,131,151
2014-06-07 18:00:00,226,108,118
2014-06-07 19:00:00,200,96,104
2014-06-07 20:00:00,174,88,86
2014-06-07 21:00:00,94,39,55
2014-06-07 22:00:00,35,11,24
2014-06-07 23:00:00,2,2,0
2014-06-08 00:00:00,2,1,1
2014-06-08 01:00:00,1,1,0
2014-06-08 02:00:00,3,1,2
2014-06-08 03:00:00,1,1,0
2014-06-08 04:00:00,2,2,0
2014-06-08 05:00:00,10,5,5
2014-06-08 06:00:00,30,16,14
2014-06-08 07:00:00,70,37,33
2014-06-08 08:00:00,131,71,60
2014-06-08 09:00:00,162,83,79
2014-06-08 10:00:00,202,98,104
2014-06-08 11:00:00,185,96,89
2014-06-08 12:00:00,192,102,90
2014-06-08 13:00:00,225,114,111
2014-06-08 14:00:00,245,124,121
2014-06-08 15:00:00,268,122,146
2014-06-08 16:00:00,334,189,145
2014-06-08 17:00:00,329,143,186
2014-06-08 18:00:00,231,90,141
2014-06-08 19:00:00,228,110,118
2014-06-08 20:00:00,164,79,85
2014-06-08 21:00:00,41,14,27
2014-06-08 22:00:00,5,1,4
2014-06-08 23:00:00,0,0,0
2014-06-09 00:00:00,0,0,0
2014-06-09 01:00:00,1,1,0
2014-06-09 02:00:00,2,2,0
2014-06-09 03:00:00,2,1,1
2014-06-09 04:00:00,0,0,0
2014-06-09 05:00:00,31,16,15
2014-06-09 06:00:00,93,51,42
2014-06-09 07:00:00,114,52,62
2014-06-09 08:00:00,101,51,50
2014-06-09 09:00:00,106,42,64
2014-06-09 10:00:00,103,52,51
2014-06-09 11:00:00,141,80,61
2014-06-09 12:00:00,318,156,162
2014-06-09 13:00:00,204,96,108
2014-06-09 14:00:00,149,78,71
2014-06-09 15:00:00,147,67,80
2014-06-09 16:00:00,120,53,67
2014-06-09 17:00:00,200,111,89
2014-06-09 18:00:00,203,103,100
2014-06-09 19:00:00,174,87,87
2014-06-09 20:00:00,131,60,71
2014-06-09 21:00:00,42,12,30
2014-06-09 22:00:00,16,3,13
2014-06-09 23:00:00,2,1,1
2014-06-10 00:00:00,2,1,1
2014-06-10 01:00:00,0,0,0
2014-06-10 02:00:00,0,0,0
2014-06-10 03:00:00,0,0,0
2014-06-10 04:00:00,4,2,2
2014-06-10 05:00:00,52,32,20
2014-06-10 06:00:00,179,91,88
2014-06-10 07:00:00,179,78,101
2014-06-10 08:00:00,155,70,85
2014-06-10 09:00:00,84,32,52
2014-06-10 10:00:00,85,42,43
2014-06-10 11:00:00,142,81,61
2014-06-10 12:00:00,386,205,181
2014-06-10 13:00:00,227,103,124
2014-06-10 14:00:00,123,57,66
2014-06-10 15:00:00,156,92,64
2014-06-10 16:00:00,156,74,82
2014-06-10 17:00:00,196,98,98
2014-06-10 18:00:00,251,123,128
2014-06-10 19:00:00,227,115,112
2014-06-10 20:00:00,135,68,67
2014-06-10 21:00:00,56,26,30
2014-06-10 22:00:00,16,9,7
2014-06-10 23:00:00,7,5,2
2014-06-11 00:00:00,3,1,2
2014-06-11 01:00:00,1,1,0
2014-06-11 02:00:00,2,1,1
2014-06-11 03:00:00,0,0,0
2014-06-11 04:00:00,7,4,3
2014-06-11 05:00:00,45,25,20
2014-06-11 06:00:00,193,110,83
2014-06-11 07:00:00,223,86,137
2014-06-11 08:00:00,156,63,93
2014-06-11 09:00:00,150,59,91
2014-06-11 10:00:00,143,71,72
2014-06-11 11:00:00,197,110,87
2014-06-11 12:00:00,447,245,202
2014-06-11 13:00:00,262,115,147
2014-06-11 14:00:00,164,83,81
2014-06-11 15:00:00,198,106,92
2014-06-11 16:00:00,203,118,85
2014-06-11 17:00:00,272,159,113
2014-06-11 18:00:00,311,148,163
2014-06-11 19:00:00,203,97,106
2014-06-11 20:00:00,180,84,96
2014-06-11 21:00:00,48,14,34
2014-06-11 22:00:00,17,8,9
2014-06-11 23:00:00,4,3,1
2014-06-12 00:00:00,0,0,0
2014-06-12 01:00:00,1,1,0
2014-06-12 02:00:00,1,1,0
2014-06-12 03:00:00,2,1,1
2014-06-12 04:00:00,2,1,1
2014-06-12 05:00:00,43,22,21
2014-06-12 06:00:00,183,97,86
2014-06-12 07:00:00,202,80,122
2014-06-12 08:00:00,118,59,59
2014-06-12 09:00:00,123,59,64
2014-06-12 10:00:00,99,52,47
2014-06-12 11:00:00,175,95,80
2014-06-12 12:00:00,329,179,150
2014-06-12 13:00:00,194,79,115
2014-06-12 14:00:00,113,54,59
2014-06-12 15:00:00,143,73,70
2014-06-12 16:00:00,147,73,74
2014-06-12 17:00:00,234,110,124
2014-06-12 18:00:00,197,101,96
2014-06-12 19:00:00,132,57,75
2014-06-12 20:00:00,96,43,53
2014-06-12 21:00:00,18,9,9
2014-06-12 22:00:00,5,1,4
2014-06-12 23:00:00,2,1,1
2014-06-13 00:00:00,3,1,2
2014-06-13 01:00:00,1,0,1
2014-06-13 02:00:00,0,0,0
2014-06-13 03:00:00,1,1,0
2014-06-13 04:00:00,2,1,1
2014-06-13 05:00:00,19,9,10
2014-06-13 06:00:00,71,36,35
2014-06-13 07:00:00,80,33,47
2014-06-13 08:00:00,57,26,31
2014-06-13 09:00:00,46,18,28
2014-06-13 10:00:00,53,24,29
2014-06-13 11:00:00,64,31,33
2014-06-13 12:00:00,152,72,80
2014-06-13 13:00:00,87,45,42
2014-06-13 14:00:00,81,44,37
2014-06-13 15:00:00,102,53,49
2014-06-13 16:00:00,93,40,53
2014-06-13 17:00:00,119,76,43
2014-06-13 18:00:00,99,40,59
2014-06-13 19:00:00,74,34,40
2014-06-13 20:00:00,33,13,20
2014-06-13 21:00:00,24,9,15
2014-06-13 22:00:00,2,1,1
2014-06-13 23:00:00,8,3,5
2014-06-14 00:00:00,1,0,1
2014-06-14 01:00:00,1,1,0
2014-06-14 02:00:00,2,0,2
2014-06-14 03:00:00,0,0,0
2014-06-14 04:00:00,26,1,25
2014-06-14 05:00:00,3,3,0
2014-06-14 06:00:00,26,13,13
2014-06-14 07:00:00,65,41,24
2014-06-14 08:00:00,115,54,61
2014-06-14 09:00:00,188,94,94
2014-06-14 10:00:00,172,87,85
2014-06-14 11:00:00,150,65,85
2014-06-14 12:00:00,174,73,101
2014-06-14 13:00:00,154,76,78
2014-06-14 14:00:00,134,62,72
2014-06-14 15:00:00,172,71,101
2014-06-14 16:00:00,127,52,75
2014-06-14 17:00:00,116,53,63
2014-06-14 18:00:00,117,57,60
2014-06-14 19:00:00,325,280,45
2014-06-14 20:00:00,186,162,24
2014-06-14 21:00:00,9,4,5
2014-06-14 22:00:00,3,3,0
2014-06-14 23:00:00,6,2,4
2014-06-15 00:00:00,0,0,0
2014-06-15 01:00:00,0,0,0
2014-06-15 02:00:00,0,0,0
2014-06-15 03:00:00,2,1,1
2014-06-15 04:00:00,0,0,0
2014-06-15 05:00:00,5,2,3
2014-06-15 06:00:00,11,7,4
2014-06-15 07:00:00,67,42,25
2014-06-15 08:00:00,119,61,58
2014-06-15 09:00:00,145,69,76
2014-06-15 10:00:00,153,74,79
2014-06-15 11:00:00,175,72,103
2014-06-15 12:00:00,180,90,90
2014-06-15 13:00:00,162,77,85
2014-06-15 14:00:00,147,57,90
2014-06-15 15:00:00,181,78,103
2014-06-15 16:00:00,163,74,89
2014-06-15 17:00:00,117,50,67
2014-06-15 18:00:00,88,34,54
2014-06-15 19:00:00,36,17,19
2014-06-15 20:00:00,27,12,15
2014-06-15 21:00:00,8,0,8
2014-06-15 22:00:00,4,3,1
2014-06-15 23:00:00,1,0,1
2014-06-16 00:00:00,0,0,0
2014-06-16 01:00:00,0,0,0
2014-06-16 02:00:00,0,0,0
2014-06-16 03:00:00,0,0,0
2014-06-16 04:00:00,2,1,1
2014-06-16 05:00:00,38,19,19
2014-06-16 06:00:00,90,52,38
2014-06-16 07:00:00,110,54,56
2014-06-16 08:00:00,83,31,52
2014-06-16 09:00:00,54,24,30
2014-06-16 10:00:00,40,18,22
2014-06-16 11:00:00,97,58,39
2014-06-16 12:00:00,281,153,128
2014-06-16 13:00:00,203,90,113
2014-06-16 14:00:00,143,71,72
2014-06-16 15:00:00,287,152,135
2014-06-16 16:00:00,135,55,80
2014-06-16 17:00:00,223,115,108
2014-06-16 18:00:00,297,165,132
2014-06-16 19:00:00,283,141,142
2014-06-16 20:00:00,245,105,140
2014-06-16 21:00:00,108,37,71
2014-06-16 22:00:00,16,5,11
2014-06-16 23:00:00,4,1,3
2014-06-17 00:00:00,3,2,1
2014-06-17 01:00:00,1,0,1
2014-06-17 02:00:00,0,0,0
2014-06-17 03:00:00,2,0,2
2014-06-17 04:00:00,5,2,3
2014-06-17 05:00:00,38,24,14
2014-06-17 06:00:00,131,66,65
2014-06-17 07:00:00,135,65,70
2014-06-17 08:00:00,112,49,63
2014-06-17 09:00:00,82,35,47
2014-06-17 10:00:00,83,43,40
2014-06-17 11:00:00,141,73,68
2014-06-17 12:00:00,333,168,165
2014-06-17 13:00:00,204,100,104
2014-06-17 14:00:00,121,61,60
2014-06-17 15:00:00,138,66,72
2014-06-17 16:00:00,141,64,77
2014-06-17 17:00:00,183,99,84
2014-06-17 18:00:00,240,126,114
2014-06-17 19:00:00,210,112,98
2014-06-17 20:00:00,171,64,107
2014-06-17 21:00:00,47,15,32
2014-06-17 22:00:00,13,5,8
2014-06-17 23:00:00,4,1,3
2014-06-18 00:00:00,7,6,1
2014-06-18 01:00:00,1,0,1
2014-06-18 02:00:00,0,0,0
2014-06-18 03:00:00,1,1,0
2014-06-18 04:00:00,2,1,1
2014-06-18 05:00:00,36,22,14
2014-06-18 06:00:00,162,91,71
2014-06-18 07:00:00,186,88,98
2014-06-18 08:00:00,141,58,83
2014-06-18 09:00:00,97,49,48
2014-06-18 10:00:00,82,35,47
2014-06-18 11:00:00,161,92,69
2014-06-18 12:00:00,324,170,154
2014-06-18 13:00:00,207,100,107
2014-06-18 14:00:00,150,72,78
2014-06-18 15:00:00,141,67,74
2014-06-18 16:00:00,189,95,94
2014-06-18 17:00:00,271,151,120
2014-06-18 18:00:00,360,196,164
2014-06-18 19:00:00,326,162,164
2014-06-18 20:00:00,255,98,157
2014-06-18 21:00:00,83,27,56
2014-06-18 22:00:00,42,16,26
2014-06-18 23:00:00,3,2,1
2014-06-19 00:00:00,1,0,1
2014-06-19 01:00:00,5,0,5
2014-06-19 02:00:00,0,0,0
2014-06-19 03:00:00,0,0,0
2014-06-19 04:00:00,1,0,1
2014-06-19 05:00:00,33,18,15
2014-06-19 06:00:00,168,89,79
2014-06-19 07:00:00,169,78,91
2014-06-19 08:00:00,145,60,85
2014-06-19 09:00:00,92,48,44
2014-06-19 10:00:00,96,52,44
2014-06-19 11:00:00,223,99,124
2014-06-19 12:00:00,385,198,187
2014-06-19 13:00:00,290,140,150
2014-06-19 14:00:00,197,108,89
2014-06-19 15:00:00,193,94,99
2014-06-19 16:00:00,190,104,86
2014-06-19 17:00:00,266,143,123
2014-06-19 18:00:00,247,133,114
2014-06-19 19:00:00,181,82,99
2014-06-19 20:00:00,135,61,74
2014-06-19 21:00:00,21,7,14
2014-06-19 22:00:00,8,4,4
2014-06-19 23:00:00,5,3,2
2014-06-20 00:00:00,2,0,2
2014-06-20 01:00:00,1,1,0
2014-06-20 02:00:00,1,0,1
2014-06-20 03:00:00,0,0,0
2014-06-20 04:00:00,0,0,0
2014-06-20 05:00:00,41,21,20
2014-06-20 06:00:00,108,56,52
2014-06-20 07:00:00,131,59,72
2014-06-20 08:00:00,136,52,84
2014-06-20 09:00:00,93,44,49
2014-06-20 10:00:00,143,71,72
2014-06-20 11:00:00,181,82,99
2014-06-20 12:00:00,233,124,109
2014-06-20 13:00:00,181,67,114
2014-06-20 14:00:00,119,57,62
2014-06-20 15:00:00,128,56,72
2014-06-20 16:00:00,196,88,108
2014-06-20 17:00:00,188,92,96
2014-06-20 18:00:00,206,107,99
2014-06-20 19:00:00,202,76,126
2014-06-20 20:00:00,153,80,73
2014-06-20 21:00:00,49,14,35
2014-06-20 22:00:00,10,4,6
2014-06-20 23:00:00,10,6,4
2014-06-21 00:00:00,6,4,2
2014-06-21 01:00:00,1,0,1
2014-06-21 02:00:00,0,0,0
2014-06-21 03:00:00,0,0,0
2014-06-21 04:00:00,0,0,0
2014-06-21 05:00:00,15,8,7
2014-06-21 06:00:00,55,24,31
2014-06-21 07:00:00,108,65,43
2014-06-21 08:00:00,204,87,117
2014-06-21 09:00:00,209,104,105
2014-06-21 10:00:00,232,111,121
2014-06-21 11:00:00,241,112,129
2014-06-21 12:00:00,196,95,101
2014-06-21 13:00:00,199,80,119
2014-06-21 14:00:00,213,121,92
2014-06-21 15:00:00,226,113,113
2014-06-21 16:00:00,222,122,100
2014-06-21 17:00:00,235,121,114
2014-06-21 18:00:00,196,109,87
2014-06-21 19:00:00,193,77,116
2014-06-21 20:00:00,184,90,94
2014-06-21 21:00:00,41,9,32
2014-06-21 22:00:00,19,9,10
2014-06-21 23:00:00,9,5,4
2014-06-22 00:00:00,4,2,2
2014-06-22 01:00:00,6,5,1
2014-06-22 02:00:00,1,1,0
2014-06-22 03:00:00,2,2,0
2014-06-22 04:00:00,2,0,2
2014-06-22 05:00:00,9,6,3
2014-06-22 06:00:00,45,24,21
2014-06-22 07:00:00,115,57,58
2014-06-22 08:00:00,150,81,69
2014-06-22 09:00:00,208,106,102
2014-06-22 10:00:00,206,94,112
2014-06-22 11:00:00,227,104,123
2014-06-22 12:00:00,226,115,111
2014-06-22 13:00:00,255,118,137
2014-06-22 14:00:00,245,120,125
2014-06-22 15:00:00,207,104,103
2014-06-22 16:00:00,189,84,105
2014-06-22 17:00:00,219,115,104
2014-06-22 18:00:00,253,135,118
2014-06-22 19:00:00,213,100,113
2014-06-22 20:00:00,192,91,101
2014-06-22 21:00:00,88,30,58
2014-06-22 22:00:00,26,8,18
2014-06-22 23:00:00,6,1,5
2014-06-23 00:00:00,4,3,1
2014-06-23 01:00:00,1,0,1
2014-06-23 02:00:00,3,1,2
2014-06-23 03:00:00,2,1,1
2014-06-23 04:00:00,2,0,2
2014-06-23 05:00:00,37,16,21
2014-06-23 06:00:00,122,68,54
2014-06-23 07:00:00,119,54,65
2014-06-23 08:00:00,147,64,83
2014-06-23 09:00:00,132,59,73
2014-06-23 10:00:00,139,66,73
2014-06-23 11:00:00,187,106,81
2014-06-23 12:00:00,417,217,200
2014-06-23 13:00:00,264,122,142
2014-06-23 14:00:00,188,94,94
2014-06-23 15:00:00,155,71,84
2014-06-23 16:00:00,164,70,94
2014-06-23 17:00:00,212,124,88
2014-06-23 18:00:00,255,133,122
2014-06-23 19:00:00,206,97,109
2014-06-23 20:00:00,129,52,77
2014-06-23 21:00:00,56,19,37
2014-06-23 22:00:00,21,11,10
2014-06-23 23:00:00,2,2,0
2014-06-24 00:00:00,3,1,2
2014-06-24 01:00:00,1,1,0
2014-06-24 02:00:00,1,0,1
2014-06-24 03:00:00,2,0,2
2014-06-24 04:00:00,1,1,0
2014-06-24 05:00:00,45,27,18
2014-06-24 06:00:00,159,79,80
2014-06-24 07:00:00,181,83,98
2014-06-24 08:00:00,146,62,84
2014-06-24 09:00:00,91,44,47
2014-06-24 10:00:00,123,61,62
2014-06-24 11:00:00,208,101,107
2014-06-24 12:00:00,361,179,182
2014-06-24 13:00:00,218,102,116
2014-06-24 14:00:00,174,92,82
2014-06-24 15:00:00,199,99,100
2014-06-24 16:00:00,220,111,109
2014-06-24 17:00:00,288,152,136
2014-06-24 18:00:00,385,207,178
2014-06-24 19:00:00,305,134,171
2014-06-24 20:00:00,242,114,128
2014-06-24 21:00:00,101,41,60
2014-06-24 22:00:00,46,15,31
2014-06-24 23:00:00,7,4,3
2014-06-25 00:00:00,1,1,0
2014-06-25 01:00:00,4,2,2
2014-06-25 02:00:00,0,0,0
2014-06-25 03:00:00,0,0,0
2014-06-25 04:00:00,4,2,2
2014-06-25 05:00:00,62,37,25
2014-06-25 06:00:00,185,98,87
2014-06-25 07:00:00,169,77,92
2014-06-25 08:00:00,162,79,83
2014-06-25 09:00:00,116,51,65
2014-06-25 10:00:00,137,66,71
2014-06-25 11:00:00,222,121,101
2014-06-25 12:00:00,451,228,223
2014-06-25 13:00:00,229,108,121
2014-06-25 14:00:00,176,84,92
2014-06-25 15:00:00,190,91,99
2014-06-25 16:00:00,185,88,97
2014-06-25 17:00:00,210,116,94
2014-06-25 18:00:00,269,145,124
2014-06-25 19:00:00,267,134,133
2014-06-25 20:00:00,228,106,122
2014-06-25 21:00:00,90,41,49
2014-06-25 22:00:00,48,20,28
2014-06-25 23:00:00,12,7,5
2014-06-26 00:00:00,6,1,5
2014-06-26 01:00:00,0,0,0
2014-06-26 02:00:00,3,1,2
2014-06-26 03:00:00,0,0,0
2014-06-26 04:00:00,3,2,1
2014-06-26 05:00:00,42,24,18
2014-06-26 06:00:00,128,61,67
2014-06-26 07:00:00,141,65,76
2014-06-26 08:00:00,117,44,73
2014-06-26 09:00:00,109,64,45
2014-06-26 10:00:00,69,30,39
2014-06-26 11:00:00,129,53,76
2014-06-26 12:00:00,225,109,116
2014-06-26 13:00:00,172,70,102
2014-06-26 14:00:00,140,67,73
2014-06-26 15:00:00,137,65,72
2014-06-26 16:00:00,143,70,73
2014-06-26 17:00:00,193,111,82
2014-06-26 18:00:00,213,108,105
2014-06-26 19:00:00,192,97,95
2014-06-26 20:00:00,136,60,76
2014-06-26 21:00:00,41,21,20
2014-06-26 22:00:00,25,11,14
2014-06-26 23:00:00,7,5,2
2014-06-27 00:00:00,2,1,1
2014-06-27 01:00:00,2,1,1
2014-06-27 02:00:00,2,1,1
2014-06-27 03:00:00,1,0,1
2014-06-27 04:00:00,1,0,1
2014-06-27 05:00:00,13,6,7
2014-06-27 06:00:00,102,58,44
2014-06-27 07:00:00,149,63,86
2014-06-27 08:00:00,137,56,81
2014-06-27 09:00:00,94,49,45
2014-06-27 10:00:00,122,60,62
2014-06-27 11:00:00,132,57,75
2014-06-27 12:00:00,203,92,111
2014-06-27 13:00:00,112,49,63
2014-06-27 14:00:00,142,74,68
2014-06-27 15:00:00,172,79,93
2014-06-27 16:00:00,152,79,73
2014-06-27 17:00:00,172,65,107
2014-06-27 18:00:00,157,72,85
2014-06-27 19:00:00,98,44,54
2014-06-27 20:00:00,87,37,50
2014-06-27 21:00:00,38,13,25
2014-06-27 22:00:00,20,11,9
2014-06-27 23:00:00,11,4,7
2014-06-28 00:00:00,2,2,0
2014-06-28 01:00:00,0,0,0
2014-06-28 02:00:00,0,0,0
2014-06-28 03:00:00,2,1,1
2014-06-28 04:00:00,2,0,2
2014-06-28 05:00:00,13,6,7
2014-06-28 06:00:00,41,24,17
2014-06-28 07:00:00,113,67,46
2014-06-28 08:00:00,204,92,112
2014-06-28 09:00:00,194,99,95
2014-06-28 10:00:00,193,84,109
2014-06-28 11:00:00,159,75,84
2014-06-28 12:00:00,173,85,88
2014-06-28 13:00:00,171,75,96
2014-06-28 14:00:00,144,64,80
2014-06-28 15:00:00,160,83,77
2014-06-28 16:00:00,222,119,103
2014-06-28 17:00:00,198,82,116
2014-06-28 18:00:00,213,104,109
2014-06-28 19:00:00,110,50,60
2014-06-28 20:00:00,113,55,58
2014-06-28 21:00:00,52,22,30
2014-06-28 22:00:00,25,14,11
2014-06-28 23:00:00,4,2,2
2014-06-29 00:00:00,2,1,1
2014-06-29 01:00:00,2,0,2
2014-06-29 02:00:00,0,0,0
2014-06-29 03:00:00,0,0,0
2014-06-29 04:00:00,1,0,1
2014-06-29 05:00:00,11,7,4
2014-06-29 06:00:00,41,26,15
2014-06-29 07:00:00,90,49,41
2014-06-29 08:00:00,121,62,59
2014-06-29 09:00:00,158,76,82
2014-06-29 10:00:00,184,98,86
2014-06-29 11:00:00,134,52,82
2014-06-29 12:00:00,184,86,98
2014-06-29 13:00:00,170,83,87
2014-06-29 14:00:00,196,97,99
2014-06-29 15:00:00,187,93,94
2014-06-29 16:00:00,255,137,118
2014-06-29 17:00:00,212,95,117
2014-06-29 18:00:00,161,90,71
2014-06-29 19:00:00,160,70,90
2014-06-29 20:00:00,124,51,73
2014-06-29 21:00:00,98,44,54
2014-06-29 22:00:00,18,9,9
2014-06-29 23:00:00,4,1,3
2014-06-30 00:00:00,0,0,0
2014-06-30 01:00:00,0,0,0
2014-06-30 02:00:00,0,0,0
2014-06-30 03:00:00,2,1,1
2014-06-30 04:00:00,2,0,2
2014-06-30 05:00:00,31,17,14
2014-06-30 06:00:00,117,60,57
2014-06-30 07:00:00,126,54,72
2014-06-30 08:00:00,108,46,62
2014-06-30 09:00:00,135,63,72
2014-06-30 10:00:00,158,72,86
2014-06-30 11:00:00,215,117,98
2014-06-30 12:00:00,482,250,232
2014-06-30 13:00:00,289,120,169
2014-06-30 14:00:00,204,96,108
2014-06-30 15:00:00,173,86,87
2014-06-30 16:00:00,223,123,100
2014-06-30 17:00:00,323,182,141
2014-06-30 18:00:00,381,202,179
2014-06-30 19:00:00,399,207,192
2014-06-30 20:00:00,324,156,168
2014-06-30 21:00:00,113,40,73
2014-06-30 22:00:00,40,8,32
2014-06-30 23:00:00,10,5,5
2014-07-01 00:00:00,11,8,3
2014-07-01 01:00:00,0,0,0
2014-07-01 02:00:00,1,1,0
2014-07-01 03:00:00,1,0,1
2014-07-01 04:00:00,3,2,1
2014-07-01 05:00:00,33,20,13
2014-07-01 06:00:00,196,96,100
2014-07-01 07:00:00,204,94,110
2014-07-01 08:00:00,210,103,107
2014-07-01 09:00:00,170,70,100
2014-07-01 10:00:00,152,82,70
2014-07-01 11:00:00,216,102,114
2014-07-01 12:00:00,412,206,206
2014-07-01 13:00:00,211,98,113
2014-07-01 14:00:00,132,71,61
2014-07-01 15:00:00,152,86,66
2014-07-01 16:00:00,195,123,72
2014-07-01 17:00:00,255,163,92
2014-07-01 18:00:00,339,181,158
2014-07-01 19:00:00,310,166,144
2014-07-01 20:00:00,289,140,149
2014-07-01 21:00:00,122,53,69
2014-07-01 22:00:00,34,13,21
2014-07-01 23:00:00,14,6,8
2014-07-02 00:00:00,5,0,5
2014-07-02 01:00:00,2,1,1
2014-07-02 02:00:00,8,2,6
2014-07-02 03:00:00,0,0,0
2014-07-02 04:00:00,3,0,3
2014-07-02 05:00:00,47,30,17
2014-07-02 06:00:00,163,85,78
2014-07-02 07:00:00,140,56,84
2014-07-02 08:00:00,114,47,67
2014-07-02 09:00:00,105,50,55
2014-07-02 10:00:00,93,41,52
2014-07-02 11:00:00,179,96,83
2014-07-02 12:00:00,341,183,158
2014-07-02 13:00:00,236,104,132
2014-07-02 14:00:00,167,67,100
2014-07-02 15:00:00,158,87,71
2014-07-02 16:00:00,210,109,101
2014-07-02 17:00:00,283,166,117
2014-07-02 18:00:00,272,148,124
2014-07-02 19:00:00,323,179,144
2014-07-02 20:00:00,278,116,162
2014-07-02 21:00:00,96,43,53
2014-07-02 22:00:00,37,16,21
2014-07-02 23:00:00,13,9,4
2014-07-03 00:00:00,2,0,2
2014-07-03 01:00:00,2,2,0
2014-07-03 02:00:00,0,0,0
2014-07-03 03:00:00,3,2,1
2014-07-03 04:00:00,2,0,2
2014-07-03 05:00:00,21,12,9
2014-07-03 06:00:00,90,46,44
2014-07-03 07:00:00,117,55,62
2014-07-03 08:00:00,140,65,75
2014-07-03 09:00:00,120,58,62
2014-07-03 10:00:00,130,57,73
2014-07-03 11:00:00,148,72,76
2014-07-03 12:00:00,247,122,125
2014-07-03 13:00:00,287,164,123
2014-07-03 14:00:00,113,48,65
2014-07-03 15:00:00,131,71,60
2014-07-03 16:00:00,168,83,85
2014-07-03 17:00:00,178,88,90
2014-07-03 18:00:00,159,73,86
2014-07-03 19:00:00,155,73,82
2014-07-03 20:00:00,117,50,67
2014-07-03 21:00:00,56,26,30
2014-07-03 22:00:00,28,7,21
2014-07-03 23:00:00,9,4,5
2014-07-04 00:00:00,6,3,3
2014-07-04 01:00:00,1,0,1
2014-07-04 02:00:00,0,0,0
2014-07-04 03:00:00,0,0,0
2014-07-04 04:00:00,2,1,1
2014-07-04 05:00:00,8,4,4
2014-07-04 06:00:00,36,20,16
2014-07-04 07:00:00,97,50,47
2014-07-04 08:00:00,233,120,113
2014-07-04 09:00:00,208,90,118
2014-07-04 10:00:00,286,153,133
2014-07-04 11:00:00,294,146,148
2014-07-04 12:00:00,295,126,169
2014-07-04 13:00:00,237,107,130
2014-07-04 14:00:00,217,97,120
2014-07-04 15:00:00,224,116,108
2014-07-04 16:00:00,237,103,134
2014-07-04 17:00:00,142,52,90
2014-07-04 18:00:00,78,48,30
2014-07-04 19:00:00,83,39,44
2014-07-04 20:00:00,47,18,29
2014-07-04 21:00:00,35,10,25
2014-07-04 22:00:00,13,8,5
2014-07-04 23:00:00,21,1,20
2014-07-05 00:00:00,5,4,1
2014-07-05 01:00:00,1,0,1
2014-07-05 02:00:00,7,2,5
2014-07-05 03:00:00,0,0,0
2014-07-05 04:00:00,1,0,1
2014-07-05 05:00:00,10,7,3
2014-07-05 06:00:00,39,19,20
2014-07-05 07:00:00,101,48,53
2014-07-05 08:00:00,150,70,80
2014-07-05 09:00:00,152,71,81
2014-07-05 10:00:00,187,81,106
2014-07-05 11:00:00,205,80,125
2014-07-05 12:00:00,204,100,104
2014-07-05 13:00:00,173,79,94
2014-07-05 14:00:00,121,43,78
2014-07-05 15:00:00,118,62,56
2014-07-05 16:00:00,188,87,101
2014-07-05 17:00:00,207,92,115
2014-07-05 18:00:00,191,87,104
2014-07-05 19:00:00,129,64,65
2014-07-05 20:00:00,106,43,63
2014-07-05 21:00:00,60,29,31
2014-07-05 22:00:00,24,9,15
2014-07-05 23:00:00,4,3,1
2014-07-06 00:00:00,3,1,2
2014-07-06 01:00:00,2,1,1
2014-07-06 02:00:00,5,3,2
2014-07-06 03:00:00,1,1,0
2014-07-06 04:00:00,0,0,0
2014-07-06 05:00:00,4,3,1
2014-07-06 06:00:00,26,17,9
2014-07-06 07:00:00,75,38,37
2014-07-06 08:00:00,143,69,74
2014-07-06 09:00:00,218,120,98
2014-07-06 10:00:00,274,139,135
2014-07-06 11:00:00,288,143,145
2014-07-06 12:00:00,327,146,181
2014-07-06 13:00:00,304,142,162
2014-07-06 14:00:00,318,156,162
2014-07-06 15:00:00,294,118,176
2014-07-06 16:00:00,284,155,129
2014-07-06 17:00:00,290,131,159
2014-07-06 18:00:00,217,116,101
2014-07-06 19:00:00,263,127,136
2014-07-06 20:00:00,236,104,132
2014-07-06 21:00:00,96,30,66
2014-07-06 22:00:00,21,8,13
2014-07-06 23:00:00,14,4,10
2014-07-07 00:00:00,2,1,1
2014-07-07 01:00:00,2,2,0
2014-07-07 02:00:00,0,0,0
2014-07-07 03:00:00,0,0,0
2014-07-07 04:00:00,2,0,2
2014-07-07 05:00:00,52,28,24
2014-07-07 06:00:00,85,39,46
2014-07-07 07:00:00,130,67,63
2014-07-07 08:00:00,138,67,71
2014-07-07 09:00:00,118,62,56
2014-07-07 10:00:00,114,47,67
2014-07-07 11:00:00,180,92,88
2014-07-07 12:00:00,389,209,180
2014-07-07 13:00:00,254,110,144
2014-07-07 14:00:00,188,85,103
2014-07-07 15:00:00,197,100,97
2014-07-07 16:00:00,211,124,87
2014-07-07 17:00:00,299,164,135
2014-07-07 18:00:00,302,164,138
2014-07-07 19:00:00,318,161,157
2014-07-07 20:00:00,278,142,136
2014-07-07 21:00:00,136,51,85
2014-07-07 22:00:00,41,16,25
2014-07-07 23:00:00,15,6,9
2014-07-08 00:00:00,7,2,5
2014-07-08 01:00:00,3,2,1
2014-07-08 02:00:00,2,1,1
2014-07-08 03:00:00,0,0,0
2014-07-08 04:00:00,6,3,3
2014-07-08 05:00:00,49,31,18
2014-07-08 06:00:00,170,92,78
2014-07-08 07:00:00,210,100,110
2014-07-08 08:00:00,183,79,104
2014-07-08 09:00:00,164,70,94
2014-07-08 10:00:00,171,78,93
2014-07-08 11:00:00,234,123,111
2014-07-08 12:00:00,495,256,239
2014-07-08 13:00:00,241,99,142
2014-07-08 14:00:00,175,87,88
2014-07-08 15:00:00,145,73,72
2014-07-08 16:00:00,197,116,81
2014-07-08 17:00:00,254,163,91
2014-07-08 18:00:00,339,185,154
2014-07-08 19:00:00,297,156,141
2014-07-08 20:00:00,322,161,161
2014-07-08 21:00:00,141,54,87
2014-07-08 22:00:00,46,15,31
2014-07-08 23:00:00,16,8,8
2014-07-09 00:00:00,7,1,6
2014-07-09 01:00:00,2,0,2
2014-07-09 02:00:00,0,0,0
2014-07-09 03:00:00,1,1,0
2014-07-09 04:00:00,3,1,2
2014-07-09 05:00:00,28,20,8
2014-07-09 06:00:00,148,86,62
2014-07-09 07:00:00,196,90,106
2014-07-09 08:00:00,176,89,87
2014-07-09 09:00:00,147,72,75
2014-07-09 10:00:00,176,87,89
2014-07-09 11:00:00,270,148,122
2014-07-09 12:00:00,427,187,240
2014-07-09 13:00:00,245,113,132
2014-07-09 14:00:00,165,88,77
2014-07-09 15:00:00,148,73,75
2014-07-09 16:00:00,179,89,90
2014-07-09 17:00:00,257,142,115
2014-07-09 18:00:00,275,138,137
2014-07-09 19:00:00,310,156,154
2014-07-09 20:00:00,309,151,158
2014-07-09 21:00:00,120,49,71
2014-07-09 22:00:00,50,18,32
2014-07-09 23:00:00,18,5,13
2014-07-10 00:00:00,3,1,2
2014-07-10 01:00:00,4,2,2
2014-07-10 02:00:00,0,0,0
2014-07-10 03:00:00,1,0,1
2014-07-10 04:00:00,1,0,1
2014-07-10 05:00:00,35,27,8
2014-07-10 06:00:00,173,88,85
2014-07-10 07:00:00,211,96,115
2014-07-10 08:00:00,169,76,93
2014-07-10 09:00:00,159,74,85
2014-07-10 10:00:00,184,88,96
2014-07-10 11:00:00,214,119,95
2014-07-10 12:00:00,397,189,208
2014-07-10 13:00:00,263,131,132
2014-07-10 14:00:00,211,95,116
2014-07-10 15:00:00,208,113,95
2014-07-10 16:00:00,208,92,116
2014-07-10 17:00:00,272,132,140
2014-07-10 18:00:00,302,146,156
2014-07-10 19:00:00,280,145,135
2014-07-10 20:00:00,313,154,159
2014-07-10 21:00:00,133,52,81
2014-07-10 22:00:00,47,19,28
2014-07-10 23:00:00,9,6,3
2014-07-11 00:00:00,7,3,4
2014-07-11 01:00:00,4,3,1
2014-07-11 02:00:00,1,0,1
2014-07-11 03:00:00,1,0,1
2014-07-11 04:00:00,2,1,1
2014-07-11 05:00:00,46,26,20
2014-07-11 06:00:00,158,74,84
2014-07-11 07:00:00,169,74,95
2014-07-11 08:00:00,200,91,109
2014-07-11 09:00:00,178,92,86
2014-07-11 10:00:00,206,101,105
2014-07-11 11:00:00,213,102,111
2014-07-11 12:00:00,363,177,186
2014-07-11 13:00:00,276,152,124
2014-07-11 14:00:00,206,87,119
2014-07-11 15:00:00,148,76,72
2014-07-11 16:00:00,232,135,97
2014-07-11 17:00:00,242,144,98
2014-07-11 18:00:00,228,116,112
2014-07-11 19:00:00,174,84,90
2014-07-11 20:00:00,166,83,83
2014-07-11 21:00:00,113,40,73
2014-07-11 22:00:00,71,30,41
2014-07-11 23:00:00,18,11,7
2014-07-12 00:00:00,5,3,2
2014-07-12 01:00:00,3,3,0
2014-07-12 02:00:00,6,3,3
2014-07-12 03:00:00,7,3,4
2014-07-12 04:00:00,2,1,1
2014-07-12 05:00:00,22,13,9
2014-07-12 06:00:00,77,42,35
2014-07-12 07:00:00,175,98,77
2014-07-12 08:00:00,245,123,122
2014-07-12 09:00:00,320,184,136
2014-07-12 10:00:00,365,164,201
2014-07-12 11:00:00,334,164,170
2014-07-12 12:00:00,326,162,164
2014-07-12 13:00:00,286,132,154
2014-07-12 14:00:00,241,152,89
2014-07-12 15:00:00,233,97,136
2014-07-12 16:00:00,169,79,90
2014-07-12 17:00:00,204,98,106
2014-07-12 18:00:00,194,97,97
2014-07-12 19:00:00,156,80,76
2014-07-12 20:00:00,174,87,87
2014-07-12 21:00:00,131,43,88
2014-07-12 22:00:00,36,16,20
2014-07-12 23:00:00,18,9,9
2014-07-13 00:00:00,6,2,4
2014-07-13 01:00:00,4,3,1
2014-07-13 02:00:00,2,1,1
2014-07-13 03:00:00,4,3,1
2014-07-13 04:00:00,5,1,4
2014-07-13 05:00:00,11,7,4
2014-07-13 06:00:00,55,32,23
2014-07-13 07:00:00,142,83,59
2014-07-13 08:00:00,215,112,103
2014-07-13 09:00:00,304,148,156
2014-07-13 10:00:00,265,145,120
2014-07-13 11:00:00,296,125,171
2014-07-13 12:00:00,188,88,100
2014-07-13 13:00:00,108,50,58
2014-07-13 14:00:00,177,92,85
2014-07-13 15:00:00,190,96,94
2014-07-13 16:00:00,187,96,91
2014-07-13 17:00:00,200,89,111
2014-07-13 18:00:00,147,63,84
2014-07-13 19:00:00,175,88,87
2014-07-13 20:00:00,177,79,98
2014-07-13 21:00:00,71,29,42
2014-07-13 22:00:00,22,14,8
2014-07-13 23:00:00,2,1,1
2014-07-14 00:00:00,6,3,3
2014-07-14 01:00:00,7,4,3
2014-07-14 02:00:00,1,0,1
2014-07-14 03:00:00,1,1,0
2014-07-14 04:00:00,7,4,3
2014-07-14 05:00:00,37,21,16
2014-07-14 06:00:00,127,60,67
2014-07-14 07:00:00,172,89,83
2014-07-14 08:00:00,169,73,96
2014-07-14 09:00:00,134,64,70
2014-07-14 10:00:00,118,63,55
2014-07-14 11:00:00,208,94,114
2014-07-14 12:00:00,369,209,160
2014-07-14 13:00:00,259,116,143
2014-07-14 14:00:00,165,77,88
2014-07-14 15:00:00,155,75,80
2014-07-14 16:00:00,207,118,89
2014-07-14 17:00:00,192,101,91
2014-07-14 18:00:00,286,162,124
2014-07-14 19:00:00,266,133,133
2014-07-14 20:00:00,270,137,133
2014-07-14 21:00:00,166,62,104
2014-07-14 22:00:00,52,19,33
2014-07-14 23:00:00,12,6,6
2014-07-15 00:00:00,6,1,5
2014-07-15 01:00:00,6,3,3
2014-07-15 02:00:00,0,0,0
2014-07-15 03:00:00,1,1,0
2014-07-15 04:00:00,4,2,2
2014-07-15 05:00:00,48,28,20
2014-07-15 06:00:00,241,131,110
2014-07-15 07:00:00,265,123,142
2014-07-15 08:00:00,152,62,90
2014-07-15 09:00:00,142,73,69
2014-07-15 10:00:00,140,74,66
2014-07-15 11:00:00,214,111,103
2014-07-15 12:00:00,431,209,222
2014-07-15 13:00:00,273,125,148
2014-07-15 14:00:00,167,81,86
2014-07-15 15:00:00,178,85,93
2014-07-15 16:00:00,150,69,81
2014-07-15 17:00:00,226,144,82
2014-07-15 18:00:00,289,159,130
2014-07-15 19:00:00,309,162,147
2014-07-15 20:00:00,314,147,167
2014-07-15 21:00:00,135,50,85
2014-07-15 22:00:00,48,21,27
2014-07-15 23:00:00,9,1,8
2014-07-16 00:00:00,3,3,0
2014-07-16 01:00:00,2,1,1
2014-07-16 02:00:00,2,1,1
2014-07-16 03:00:00,1,0,1
2014-07-16 04:00:00,1,0,1
2014-07-16 05:00:00,44,29,15
2014-07-16 06:00:00,206,111,95
2014-07-16 07:00:00,237,105,132
2014-07-16 08:00:00,148,60,88
2014-07-16 09:00:00,153,76,77
2014-07-16 10:00:00,136,60,76
2014-07-16 11:00:00,192,92,100
2014-07-16 12:00:00,467,222,245
2014-07-16 13:00:00,267,125,142
2014-07-16 14:00:00,180,82,98
2014-07-16 15:00:00,172,78,94
2014-07-16 16:00:00,208,118,90
2014-07-16 17:00:00,234,146,88
2014-07-16 18:00:00,291,146,145
2014-07-16 19:00:00,283,144,139
2014-07-16 20:00:00,316,158,158
2014-07-16 21:00:00,129,55,74
2014-07-16 22:00:00,43,12,31
2014-07-16 23:00:00,1,0,1
2014-07-17 00:00:00,4,1,3
2014-07-17 01:00:00,0,0,0
2014-07-17 02:00:00,1,0,1
2014-07-17 03:00:00,0,0,0
2014-07-17 04:00:00,2,0,2
2014-07-17 05:00:00,34,20,14
2014-07-17 06:00:00,126,63,63
2014-07-17 07:00:00,186,93,93
2014-07-17 08:00:00,148,61,87
2014-07-17 09:00:00,134,61,73
2014-07-17 10:00:00,81,38,43
2014-07-17 11:00:00,189,101,88
2014-07-17 12:00:00,319,152,167
2014-07-17 13:00:00,178,89,89
2014-07-17 14:00:00,176,74,102
2014-07-17 15:00:00,159,72,87
2014-07-17 16:00:00,161,79,82
2014-07-17 17:00:00,223,132,91
2014-07-17 18:00:00,263,137,126
2014-07-17 19:00:00,285,144,141
2014-07-17 20:00:00,310,160,150
2014-07-17 21:00:00,139,49,90
2014-07-17 22:00:00,18,8,10
2014-07-17 23:00:00,11,5,6
2014-07-18 00:00:00,1,0,1
2014-07-18 01:00:00,0,0,0
2014-07-18 02:00:00,4,3,1
2014-07-18 03:00:00,1,0,1
2014-07-18 04:00:00,3,0,3
2014-07-18 05:00:00,22,14,8
2014-07-18 06:00:00,113,62,51
2014-07-18 07:00:00,162,78,84
2014-07-18 08:00:00,159,82,77
2014-07-18 09:00:00,136,58,78
2014-07-18 10:00:00,155,75,80
2014-07-18 11:00:00,174,80,94
2014-07-18 12:00:00,335,168,167
2014-07-18 13:00:00,214,106,108
2014-07-18 14:00:00,169,77,92
2014-07-18 15:00:00,169,84,85
2014-07-18 16:00:00,204,108,96
2014-07-18 17:00:00,188,94,94
2014-07-18 18:00:00,186,83,103
2014-07-18 19:00:00,209,109,100
2014-07-18 20:00:00,160,67,93
2014-07-18 21:00:00,86,28,58
2014-07-18 22:00:00,28,14,14
2014-07-18 23:00:00,7,4,3
2014-07-19 00:00:00,3,2,1
2014-07-19 01:00:00,3,2,1
2014-07-19 02:00:00,3,3,0
2014-07-19 03:00:00,6,2,4
2014-07-19 04:00:00,0,0,0
2014-07-19 05:00:00,10,8,2
2014-07-19 06:00:00,47,29,18
2014-07-19 07:00:00,84,42,42
2014-07-19 08:00:00,164,83,81
2014-07-19 09:00:00,204,100,104
2014-07-19 10:00:00,189,87,102
2014-07-19 11:00:00,159,73,86
2014-07-19 12:00:00,168,78,90
2014-07-19 13:00:00,151,59,92
2014-07-19 14:00:00,156,72,84
2014-07-19 15:00:00,187,88,99
2014-07-19 16:00:00,203,102,101
2014-07-19 17:00:00,172,77,95
2014-07-19 18:00:00,215,98,117
2014-07-19 19:00:00,169,78,91
2014-07-19 20:00:00,155,58,97
2014-07-19 21:00:00,59,18,41
2014-07-19 22:00:00,9,5,4
2014-07-19 23:00:00,4,1,3
2014-07-20 00:00:00,2,1,1
2014-07-20 01:00:00,1,1,0
2014-07-20 02:00:00,0,0,0
2014-07-20 03:00:00,0,0,0
2014-07-20 04:00:00,0,0,0
2014-07-20 05:00:00,8,5,3
2014-07-20 06:00:00,30,19,11
2014-07-20 07:00:00,75,39,36
2014-07-20 08:00:00,129,67,62
2014-07-20 09:00:00,176,90,86
2014-07-20 10:00:00,148,72,76
2014-07-20 11:00:00,185,86,99
2014-07-20 12:00:00,155,80,75
2014-07-20 13:00:00,182,84,98
2014-07-20 14:00:00,190,85,105
2014-07-20 15:00:00,187,80,107
2014-07-20 16:00:00,172,68,104
2014-07-20 17:00:00,133,57,76
2014-07-20 18:00:00,129,53,76
2014-07-20 19:00:00,117,51,66
2014-07-20 20:00:00,108,42,66
2014-07-20 21:00:00,47,21,26
2014-07-20 22:00:00,8,3,5
2014-07-20 23:00:00,6,5,1
2014-07-21 00:00:00,4,2,2
2014-07-21 01:00:00,0,0,0
2014-07-21 02:00:00,0,0,0
2014-07-21 03:00:00,2,1,1
2014-07-21 04:00:00,0,0,0
2014-07-21 05:00:00,24,13,11
2014-07-21 06:00:00,117,62,55
2014-07-21 07:00:00,153,69,84
2014-07-21 08:00:00,153,71,82
2014-07-21 09:00:00,107,51,56
2014-07-21 10:00:00,128,70,58
2014-07-21 11:00:00,187,78,109
2014-07-21 12:00:00,348,182,166
2014-07-21 13:00:00,240,109,131
2014-07-21 14:00:00,206,84,122
2014-07-21 15:00:00,182,90,92
2014-07-21 16:00:00,236,112,124
2014-07-21 17:00:00,313,166,147
2014-07-21 18:00:00,334,165,169
2014-07-21 19:00:00,316,163,153
2014-07-21 20:00:00,319,156,163
2014-07-21 21:00:00,103,42,61
2014-07-21 22:00:00,32,13,19
2014-07-21 23:00:00,6,2,4
2014-07-22 00:00:00,2,1,1
2014-07-22 01:00:00,3,0,3
2014-07-22 02:00:00,2,1,1
2014-07-22 03:00:00,0,0,0
2014-07-22 04:00:00,4,2,2
2014-07-22 05:00:00,26,18,8
2014-07-22 06:00:00,347,190,157
2014-07-22 07:00:00,186,89,97
2014-07-22 08:00:00,186,84,102
2014-07-22 09:00:00,123,55,68
2014-07-22 10:00:00,82,40,42
2014-07-22 11:00:00,128,72,56
2014-07-22 12:00:00,309,148,161
2014-07-22 13:00:00,210,105,105
2014-07-22 14:00:00,126,56,70
2014-07-22 15:00:00,123,60,63
2014-07-22 16:00:00,153,66,87
2014-07-22 17:00:00,203,109,94
2014-07-22 18:00:00,234,141,93
2014-07-22 19:00:00,215,104,111
2014-07-22 20:00:00,239,111,128
2014-07-22 21:00:00,98,30,68
2014-07-22 22:00:00,20,10,10
2014-07-22 23:00:00,10,7,3
2014-07-23 00:00:00,2,1,1
2014-07-23 01:00:00,3,1,2
2014-07-23 02:00:00,1,0,1
2014-07-23 03:00:00,1,1,0
2014-07-23 04:00:00,1,1,0
2014-07-23 05:00:00,31,19,12
2014-07-23 06:00:00,130,68,62
2014-07-23 07:00:00,61,24,37
2014-07-23 08:00:00,66,33,33
2014-07-23 09:00:00,60,34,26
2014-07-23 10:00:00,41,18,23
2014-07-23 11:00:00,43,22,21
2014-07-23 12:00:00,51,22,29
2014-07-23 13:00:00,62,26,36
2014-07-23 14:00:00,35,18,17
2014-07-23 15:00:00,26,12,14
2014-07-23 16:00:00,49,21,28
2014-07-23 17:00:00,126,74,52
2014-07-23 18:00:00,152,77,75
2014-07-23 19:00:00,180,91,89
2014-07-23 20:00:00,165,70,95
2014-07-23 21:00:00,37,19,18
2014-07-23 22:00:00,16,9,7
2014-07-23 23:00:00,8,4,4
2014-07-24 00:00:00,4,2,2
2014-07-24 01:00:00,1,0,1
2014-07-24 02:00:00,0,0,0
2014-07-24 03:00:00,1,0,1
2014-07-24 04:00:00,0,0,0
2014-07-24 05:00:00,19,14,5
2014-07-24 06:00:00,103,54,49
2014-07-24 07:00:00,115,53,62
2014-07-24 08:00:00,107,45,62
2014-07-24 09:00:00,70,38,32
2014-07-24 10:00:00,103,52,51
2014-07-24 11:00:00,124,69,55
2014-07-24 12:00:00,285,141,144
2014-07-24 13:00:00,177,73,104
2014-07-24 14:00:00,95,43,52
2014-07-24 15:00:00,110,57,53
2014-07-24 16:00:00,143,69,74
2014-07-24 17:00:00,180,89,91
2014-07-24 18:00:00,170,81,89
2014-07-24 19:00:00,140,63,77
2014-07-24 20:00:00,120,57,63
2014-07-24 21:00:00,27,8,19
2014-07-24 22:00:00,7,4,3
2014-07-24 23:00:00,7,6,1
2014-07-25 00:00:00,3,2,1
2014-07-25 01:00:00,3,1,2
2014-07-25 02:00:00,0,0,0
2014-07-25 03:00:00,1,0,1
2014-07-25 04:00:00,1,0,1
2014-07-25 05:00:00,28,15,13
2014-07-25 06:00:00,97,49,48
2014-07-25 07:00:00,152,69,83
2014-07-25 08:00:00,156,82,74
2014-07-25 09:00:00,135,57,78
2014-07-25 10:00:00,155,65,90
2014-07-25 11:00:00,207,91,116
2014-07-25 12:00:00,309,154,155
2014-07-25 13:00:00,242,109,133
2014-07-25 14:00:00,195,99,96
2014-07-25 15:00:00,185,84,101
2014-07-25 16:00:00,248,118,130
2014-07-25 17:00:00,234,119,115
2014-07-25 18:00:00,216,112,104
2014-07-25 19:00:00,202,109,93
2014-07-25 20:00:00,199,78,121
2014-07-25 21:00:00,55,21,34
2014-07-25 22:00:00,19,9,10
2014-07-25 23:00:00,5,3,2
2014-07-26 00:00:00,9,5,4
2014-07-26 01:00:00,7,2,5
2014-07-26 02:00:00,6,4,2
2014-07-26 03:00:00,2,0,2
2014-07-26 04:00:00,1,0,1
2014-07-26 05:00:00,4,3,1
2014-07-26 06:00:00,49,34,15
2014-07-26 07:00:00,115,59,56
2014-07-26 08:00:00,233,123,110
2014-07-26 09:00:00,278,144,134
2014-07-26 10:00:00,307,138,169
2014-07-26 11:00:00,326,150,176
2014-07-26 12:00:00,254,105,149
2014-07-26 13:00:00,275,114,161
2014-07-26 14:00:00,261,122,139
2014-07-26 15:00:00,288,125,163
2014-07-26 16:00:00,272,118,154
2014-07-26 17:00:00,275,143,132
2014-07-26 18:00:00,176,76,100
2014-07-26 19:00:00,185,85,100
2014-07-26 20:00:00,114,47,67
2014-07-26 21:00:00,55,26,29
2014-07-26 22:00:00,23,6,17
2014-07-26 23:00:00,12,9,3
2014-07-27 00:00:00,5,2,3
2014-07-27 01:00:00,3,1,2
2014-07-27 02:00:00,3,0,3
2014-07-27 03:00:00,1,0,1
2014-07-27 04:00:00,5,3,2
2014-07-27 05:00:00,10,3,7
2014-07-27 06:00:00,53,33,20
2014-07-27 07:00:00,95,43,52
2014-07-27 08:00:00,200,90,110
2014-07-27 09:00:00,224,116,108
2014-07-27 10:00:00,313,158,155
2014-07-27 11:00:00,282,137,145
2014-07-27 12:00:00,287,139,148
2014-07-27 13:00:00,250,123,127
2014-07-27 14:00:00,248,111,137
2014-07-27 15:00:00,284,147,137
2014-07-27 16:00:00,334,166,168
2014-07-27 17:00:00,268,130,138
2014-07-27 18:00:00,205,109,96
2014-07-27 19:00:00,230,110,120
2014-07-27 20:00:00,210,104,106
2014-07-27 21:00:00,102,37,65
2014-07-27 22:00:00,21,7,14
2014-07-27 23:00:00,3,1,2
2014-07-28 00:00:00,1,1,0
2014-07-28 01:00:00,1,0,1
2014-07-28 02:00:00,2,1,1
2014-07-28 03:00:00,0,0,0
2014-07-28 04:00:00,3,2,1
2014-07-28 05:00:00,39,26,13
2014-07-28 06:00:00,173,95,78
2014-07-28 07:00:00,181,84,97
2014-07-28 08:00:00,172,69,103
2014-07-28 09:00:00,130,64,66
2014-07-28 10:00:00,134,59,75
2014-07-28 11:00:00,253,118,135
2014-07-28 12:00:00,439,218,221
2014-07-28 13:00:00,272,121,151
2014-07-28 14:00:00,160,74,86
2014-07-28 15:00:00,142,71,71
2014-07-28 16:00:00,143,69,74
2014-07-28 17:00:00,217,114,103
2014-07-28 18:00:00,312,173,139
2014-07-28 19:00:00,295,152,143
2014-07-28 20:00:00,300,150,150
2014-07-28 21:00:00,113,41,72
2014-07-28 22:00:00,35,18,17
2014-07-28 23:00:00,13,6,7
2014-07-29 00:00:00,11,5,6
2014-07-29 01:00:00,5,0,5
2014-07-29 02:00:00,0,0,0
2014-07-29 03:00:00,0,0,0
2014-07-29 04:00:00,5,4,1
2014-07-29 05:00:00,40,25,15
2014-07-29 06:00:00,249,140,109
2014-07-29 07:00:00,227,93,134
2014-07-29 08:00:00,196,85,111
2014-07-29 09:00:00,158,79,79
2014-07-29 10:00:00,156,81,75
2014-07-29 11:00:00,230,106,124
2014-07-29 12:00:00,451,244,207
2014-07-29 13:00:00,294,145,149
2014-07-29 14:00:00,194,87,107
2014-07-29 15:00:00,153,75,78
2014-07-29 16:00:00,196,107,89
2014-07-29 17:00:00,246,136,110
2014-07-29 18:00:00,309,159,150
2014-07-29 19:00:00,287,137,150
2014-07-29 20:00:00,275,137,138
2014-07-29 21:00:00,115,49,66
2014-07-29 22:00:00,30,10,20
2014-07-29 23:00:00,9,7,2
2014-07-30 00:00:00,8,2,6
2014-07-30 01:00:00,2,0,2
2014-07-30 02:00:00,1,0,1
2014-07-30 03:00:00,0,0,0
2014-07-30 04:00:00,2,2,0
2014-07-30 05:00:00,47,32,15
2014-07-30 06:00:00,226,117,109
2014-07-30 07:00:00,237,98,139
2014-07-30 08:00:00,168,85,83
2014-07-30 09:00:00,178,88,90
2014-07-30 10:00:00,181,94,87
2014-07-30 11:00:00,254,109,145
2014-07-30 12:00:00,395,183,212
2014-07-30 13:00:00,264,125,139
2014-07-30 14:00:00,230,112,118
2014-07-30 15:00:00,194,105,89
2014-07-30 16:00:00,190,95,95
2014-07-30 17:00:00,252,144,108
2014-07-30 18:00:00,339,174,165
2014-07-30 19:00:00,306,160,146
2014-07-30 20:00:00,303,140,163
2014-07-30 21:00:00,115,45,70
2014-07-30 22:00:00,33,13,20
2014-07-30 23:00:00,17,6,11
2014-07-31 00:00:00,7,5,2
2014-07-31 01:00:00,5,2,3
2014-07-31 02:00:00,3,2,1
2014-07-31 03:00:00,4,2,2
2014-07-31 04:00:00,4,2,2
2014-07-31 05:00:00,44,30,14
2014-07-31 06:00:00,192,100,92
2014-07-31 07:00:00,240,109,131
2014-07-31 08:00:00,189,85,104
2014-07-31 09:00:00,181,68,113
2014-07-31 10:00:00,143,69,74
2014-07-31 11:00:00,190,106,84
2014-07-31 12:00:00,381,198,183
2014-07-31 13:00:00,247,115,132
2014-07-31 14:00:00,193,98,95
2014-07-31 15:00:00,181,83,98
2014-07-31 16:00:00,216,100,116
2014-07-31 17:00:00,223,116,107
2014-07-31 18:00:00,276,145,131
2014-07-31 19:00:00,298,143,155
2014-07-31 20:00:00,279,123,156
2014-07-31 21:00:00,119,42,77
2014-07-31 22:00:00,46,25,21
2014-07-31 23:00:00,6,3,3
2014-08-01 00:00:00,4,2,2
2014-08-01 01:00:00,5,5,0
2014-08-01 02:00:00,0,0,0
2014-08-01 03:00:00,3,1,2
2014-08-01 04:00:00,3,1,2
2014-08-01 05:00:00,24,16,8
2014-08-01 06:00:00,156,83,73
2014-08-01 07:00:00,159,75,84
2014-08-01 08:00:00,189,75,114
2014-08-01 09:00:00,175,80,95
2014-08-01 10:00:00,186,81,105
2014-08-01 11:00:00,213,116,97
2014-08-01 12:00:00,327,166,161
2014-08-01 13:00:00,247,110,137
2014-08-01 14:00:00,158,73,85
2014-08-01 15:00:00,110,52,58
2014-08-01 16:00:00,138,67,71
2014-08-01 17:00:00,185,89,96
2014-08-01 18:00:00,204,110,94
2014-08-01 19:00:00,192,103,89
2014-08-01 20:00:00,200,98,102
2014-08-01 21:00:00,78,33,45
2014-08-01 22:00:00,36,13,23
2014-08-01 23:00:00,20,7,13
2014-08-02 00:00:00,6,1,5
2014-08-02 01:00:00,0,0,0
2014-08-02 02:00:00,11,7,4
2014-08-02 03:00:00,0,0,0
2014-08-02 04:00:00,9,2,7
2014-08-02 05:00:00,16,8,8
2014-08-02 06:00:00,48,31,17
2014-08-02 07:00:00,144,76,68
2014-08-02 08:00:00,160,72,88
2014-08-02 09:00:00,237,129,108
2014-08-02 10:00:00,239,123,116
2014-08-02 11:00:00,294,138,156
2014-08-02 12:00:00,282,132,150
2014-08-02 13:00:00,220,107,113
2014-08-02 14:00:00,218,105,113
2014-08-02 15:00:00,243,113,130
2014-08-02 16:00:00,238,104,134
2014-08-02 17:00:00,227,100,127
2014-08-02 18:00:00,178,80,98
2014-08-02 19:00:00,203,95,108
2014-08-02 20:00:00,238,123,115
2014-08-02 21:00:00,75,26,49
2014-08-02 22:00:00,28,10,18
2014-08-02 23:00:00,7,2,5
2014-08-03 00:00:00,4,0,4
2014-08-03 01:00:00,2,1,1
2014-08-03 02:00:00,1,1,0
2014-08-03 03:00:00,1,0,1
2014-08-03 04:00:00,4,2,2
2014-08-03 05:00:00,7,2,5
2014-08-03 06:00:00,51,34,17
2014-08-03 07:00:00,125,61,64
2014-08-03 08:00:00,135,69,66
2014-08-03 09:00:00,257,133,124
2014-08-03 10:00:00,324,150,174
2014-08-03 11:00:00,266,122,144
2014-08-03 12:00:00,272,134,138
2014-08-03 13:00:00,301,169,132
2014-08-03 14:00:00,409,250,159
2014-08-03 15:00:00,459,270,189
2014-08-03 16:00:00,405,225,180
2014-08-03 17:00:00,419,220,199
2014-08-03 18:00:00,405,215,190
2014-08-03 19:00:00,456,236,220
2014-08-03 20:00:00,469,225,244
2014-08-03 21:00:00,203,64,139
2014-08-03 22:00:00,72,24,48
2014-08-03 23:00:00,18,7,11
2014-08-04 00:00:00,1,0,1
2014-08-04 01:00:00,12,6,6
2014-08-04 02:00:00,0,0,0
2014-08-04 03:00:00,2,1,1
2014-08-04 04:00:00,2,0,2
2014-08-04 05:00:00,27,18,9
2014-08-04 06:00:00,129,70,59
2014-08-04 07:00:00,185,86,99
2014-08-04 08:00:00,187,84,103
2014-08-04 09:00:00,126,54,72
2014-08-04 10:00:00,151,74,77
2014-08-04 11:00:00,237,104,133
2014-08-04 12:00:00,404,204,200
2014-08-04 13:00:00,252,114,138
2014-08-04 14:00:00,146,66,80
2014-08-04 15:00:00,147,72,75
2014-08-04 16:00:00,240,103,137
2014-08-04 17:00:00,200,112,88
2014-08-04 18:00:00,280,151,129
2014-08-04 19:00:00,280,140,140
2014-08-04 20:00:00,323,148,175
2014-08-04 21:00:00,113,34,79
2014-08-04 22:00:00,36,21,15
2014-08-04 23:00:00,9,2,7
2014-08-05 00:00:00,0,0,0
2014-08-05 01:00:00,6,3,3
2014-08-05 02:00:00,0,0,0
2014-08-05 03:00:00,0,0,0
2014-08-05 04:00:00,5,2,3
2014-08-05 05:00:00,29,18,11
2014-08-05 06:00:00,176,96,80
2014-08-05 07:00:00,180,71,109
2014-08-05 08:00:00,155,68,87
2014-08-05 09:00:00,124,63,61
2014-08-05 10:00:00,118,56,62
2014-08-05 11:00:00,172,84,88
2014-08-05 12:00:00,339,168,171
2014-08-05 13:00:00,248,109,139
2014-08-05 14:00:00,147,64,83
2014-08-05 15:00:00,159,76,83
2014-08-05 16:00:00,190,94,96
2014-08-05 17:00:00,174,96,78
2014-08-05 18:00:00,294,164,130
2014-08-05 19:00:00,281,138,143
2014-08-05 20:00:00,265,130,135
2014-08-05 21:00:00,89,36,53
2014-08-05 22:00:00,12,4,8
2014-08-05 23:00:00,4,3,1
2014-08-06 00:00:00,1,1,0
2014-08-06 01:00:00,0,0,0
2014-08-06 02:00:00,1,1,0
2014-08-06 03:00:00,3,3,0
2014-08-06 04:00:00,3,1,2
2014-08-06 05:00:00,24,19,5
2014-08-06 06:00:00,132,67,65
2014-08-06 07:00:00,174,83,91
2014-08-06 08:00:00,165,73,92
2014-08-06 09:00:00,110,54,56
2014-08-06 10:00:00,104,46,58
2014-08-06 11:00:00,180,87,93
2014-08-06 12:00:00,308,160,148
2014-08-06 13:00:00,268,126,142
2014-08-06 14:00:00,206,89,117
2014-08-06 15:00:00,172,91,81
2014-08-06 16:00:00,201,92,109
2014-08-06 17:00:00,205,120,85
2014-08-06 18:00:00,258,144,114
2014-08-06 19:00:00,293,155,138
2014-08-06 20:00:00,324,154,170
2014-08-06 21:00:00,78,24,54
2014-08-06 22:00:00,18,12,6
2014-08-06 23:00:00,8,3,5
2014-08-07 00:00:00,4,2,2
2014-08-07 01:00:00,2,2,0
2014-08-07 02:00:00,3,1,2
2014-08-07 03:00:00,1,0,1
2014-08-07 04:00:00,3,2,1
2014-08-07 05:00:00,26,18,8
2014-08-07 06:00:00,147,81,66
2014-08-07 07:00:00,204,92,112
2014-08-07 08:00:00,168,70,98
2014-08-07 09:00:00,113,55,58
2014-08-07 10:00:00,176,90,86
2014-08-07 11:00:00,180,93,87
2014-08-07 12:00:00,368,177,191
2014-08-07 13:00:00,257,111,146
2014-08-07 14:00:00,180,92,88
2014-08-07 15:00:00,155,78,77
2014-08-07 16:00:00,199,86,113
2014-08-07 17:00:00,226,102,124
2014-08-07 18:00:00,238,128,110
2014-08-07 19:00:00,260,139,121
2014-08-07 20:00:00,241,122,119
2014-08-07 21:00:00,68,28,40
2014-08-07 22:00:00,23,10,13
2014-08-07 23:00:00,5,2,3
2014-08-08 00:00:00,7,4,3
2014-08-08 01:00:00,5,5,0
2014-08-08 02:00:00,2,1,1
2014-08-08 03:00:00,2,2,0
2014-08-08 04:00:00,1,0,1
2014-08-08 05:00:00,17,11,6
2014-08-08 06:00:00,89,45,44
2014-08-08 07:00:00,152,78,74
2014-08-08 08:00:00,182,74,108
2014-08-08 09:00:00,147,73,74
2014-08-08 10:00:00,166,80,86
2014-08-08 11:00:00,186,92,94
2014-08-08 12:00:00,317,162,155
2014-08-08 13:00:00,238,113,125
2014-08-08 14:00:00,217,97,120
2014-08-08 15:00:00,231,94,137
2014-08-08 16:00:00,194,97,97
2014-08-08 17:00:00,214,117,97
2014-08-08 18:00:00,206,104,102
2014-08-08 19:00:00,173,84,89
2014-08-08 20:00:00,215,97,118
2014-08-08 21:00:00,50,17,33
2014-08-08 22:00:00,11,4,7
2014-08-08 23:00:00,4,1,3
2014-08-09 00:00:00,1,1,0
2014-08-09 01:00:00,8,5,3
2014-08-09 02:00:00,3,2,1
2014-08-09 03:00:00,2,0,2
2014-08-09 04:00:00,0,0,0
2014-08-09 05:00:00,4,2,2
2014-08-09 06:00:00,45,28,17
2014-08-09 07:00:00,143,74,69
2014-08-09 08:00:00,210,112,98
2014-08-09 09:00:00,314,155,159
2014-08-09 10:00:00,272,120,152
2014-08-09 11:00:00,305,145,160
2014-08-09 12:00:00,269,108,161
2014-08-09 13:00:00,243,119,124
2014-08-09 14:00:00,231,114,117
2014-08-09 15:00:00,266,134,132
2014-08-09 16:00:00,263,132,131
2014-08-09 17:00:00,248,120,128
2014-08-09 18:00:00,226,111,115
2014-08-09 19:00:00,209,89,120
2014-08-09 20:00:00,214,101,113
2014-08-09 21:00:00,41,12,29
2014-08-09 22:00:00,24,14,10
2014-08-09 23:00:00,9,3,6
2014-08-10 00:00:00,4,3,1
2014-08-10 01:00:00,6,3,3
2014-08-10 02:00:00,0,0,0
2014-08-10 03:00:00,14,8,6
2014-08-10 04:00:00,1,0,1
2014-08-10 05:00:00,5,2,3
2014-08-10 06:00:00,33,20,13
2014-08-10 07:00:00,102,54,48
2014-08-10 08:00:00,196,110,86
2014-08-10 09:00:00,246,116,130
2014-08-10 10:00:00,298,148,150
2014-08-10 11:00:00,304,149,155
2014-08-10 12:00:00,263,127,136
2014-08-10 13:00:00,230,106,124
2014-08-10 14:00:00,234,116,118
2014-08-10 15:00:00,244,129,115
2014-08-10 16:00:00,254,119,135
2014-08-10 17:00:00,219,104,115
2014-08-10 18:00:00,216,106,110
2014-08-10 19:00:00,225,97,128
2014-08-10 20:00:00,237,111,126
2014-08-10 21:00:00,66,24,42
2014-08-10 22:00:00,32,17,15
2014-08-10 23:00:00,14,6,8
2014-08-11 00:00:00,8,3,5
2014-08-11 01:00:00,7,3,4
2014-08-11 02:00:00,3,2,1
2014-08-11 03:00:00,4,1,3
2014-08-11 04:00:00,6,2,4
2014-08-11 05:00:00,29,16,13
2014-08-11 06:00:00,101,58,43
2014-08-11 07:00:00,184,91,93
2014-08-11 08:00:00,166,63,103
2014-08-11 09:00:00,175,73,102
2014-08-11 10:00:00,191,100,91
2014-08-11 11:00:00,302,172,130
2014-08-11 12:00:00,444,216,228
2014-08-11 13:00:00,277,127,150
2014-08-11 14:00:00,183,72,111
2014-08-11 15:00:00,216,91,125
2014-08-11 16:00:00,142,81,61
2014-08-11 17:00:00,190,91,99
2014-08-11 18:00:00,209,119,90
2014-08-11 19:00:00,272,145,127
2014-08-11 20:00:00,247,104,143
2014-08-11 21:00:00,50,8,42
2014-08-11 22:00:00,32,14,18
2014-08-11 23:00:00,19,6,13
2014-08-12 00:00:00,3,2,1
2014-08-12 01:00:00,6,4,2
2014-08-12 02:00:00,4,1,3
2014-08-12 03:00:00,3,2,1
2014-08-12 04:00:00,5,2,3
2014-08-12 05:00:00,27,16,11
2014-08-12 06:00:00,143,76,67
2014-08-12 07:00:00,164,72,92
2014-08-12 08:00:00,123,71,52
2014-08-12 09:00:00,106,50,56
2014-08-12 10:00:00,128,54,74
2014-08-12 11:00:00,148,69,79
2014-08-12 12:00:00,271,121,150
2014-08-12 13:00:00,177,71,106
2014-08-12 14:00:00,163,71,92
2014-08-12 15:00:00,136,74,62
2014-08-12 16:00:00,150,70,80
2014-08-12 17:00:00,219,125,94
2014-08-12 18:00:00,235,112,123
2014-08-12 19:00:00,195,102,93
2014-08-12 20:00:00,142,63,79
2014-08-12 21:00:00,30,16,14
2014-08-12 22:00:00,18,9,9
2014-08-12 23:00:00,3,3,0
2014-08-13 00:00:00,3,2,1
2014-08-13 01:00:00,0,0,0
2014-08-13 02:00:00,0,0,0
2014-08-13 03:00:00,1,0,1
2014-08-13 04:00:00,2,0,2
2014-08-13 05:00:00,10,8,2
2014-08-13 06:00:00,77,42,35
2014-08-13 07:00:00,113,57,56
2014-08-13 08:00:00,95,40,55
2014-08-13 09:00:00,115,52,63
2014-08-13 10:00:00,100,50,50
2014-08-13 11:00:00,143,79,64
2014-08-13 12:00:00,275,140,135
2014-08-13 13:00:00,197,94,103
2014-08-13 14:00:00,181,80,101
2014-08-13 15:00:00,152,73,79
2014-08-13 16:00:00,173,84,89
2014-08-13 17:00:00,236,125,111
2014-08-13 18:00:00,260,127,133
2014-08-13 19:00:00,257,136,121
2014-08-13 20:00:00,200,83,117
2014-08-13 21:00:00,60,23,37
2014-08-13 22:00:00,22,5,17
2014-08-13 23:00:00,14,1,13
2014-08-14 00:00:00,17,15,2
2014-08-14 01:00:00,8,2,6
2014-08-14 02:00:00,5,5,0
2014-08-14 03:00:00,3,2,1
2014-08-14 04:00:00,4,1,3
2014-08-14 05:00:00,13,9,4
2014-08-14 06:00:00,136,80,56
2014-08-14 07:00:00,202,85,117
2014-08-14 08:00:00,116,57,59
2014-08-14 09:00:00,144,70,74
2014-08-14 10:00:00,154,72,82
2014-08-14 11:00:00,164,82,82
2014-08-14 12:00:00,360,170,190
2014-08-14 13:00:00,272,132,140
2014-08-14 14:00:00,237,107,130
2014-08-14 15:00:00,179,84,95
2014-08-14 16:00:00,158,82,76
2014-08-14 17:00:00,227,110,117
2014-08-14 18:00:00,217,103,114
2014-08-14 19:00:00,223,102,121
2014-08-14 20:00:00,179,90,89
2014-08-14 21:00:00,45,18,27
2014-08-14 22:00:00,25,6,19
2014-08-14 23:00:00,12,6,6
2014-08-15 00:00:00,9,4,5
2014-08-15 01:00:00,7,1,6
2014-08-15 02:00:00,5,1,4
2014-08-15 03:00:00,5,1,4
2014-08-15 04:00:00,5,3,2
2014-08-15 05:00:00,6,1,5
2014-08-15 06:00:00,16,7,9
2014-08-15 07:00:00,125,76,49
2014-08-15 08:00:00,174,95,79
2014-08-15 09:00:00,183,120,63
2014-08-15 10:00:00,313,219,94
2014-08-15 11:00:00,293,211,82
2014-08-15 12:00:00,967,818,149
2014-08-15 13:00:00,1313,1038,275
2014-08-15 14:00:00,1456,1093,363
2014-08-15 15:00:00,1783,1197,586
2014-08-15 16:00:00,1891,1152,739
2014-08-15 17:00:00,2079,1069,1010
2014-08-15 18:00:00,1951,953,998
2014-08-15 19:00:00,1798,827,971
2014-08-15 20:00:00,1536,218,1318
2014-08-15 21:00:00,224,56,168
2014-08-15 22:00:00,140,27,113
2014-08-15 23:00:00,140,25,115
2014-08-16 00:00:00,19,4,15
2014-08-16 01:00:00,17,13,4
2014-08-16 02:00:00,3,2,1
2014-08-16 03:00:00,6,1,5
2014-08-16 04:00:00,1,1,0
2014-08-16 05:00:00,11,3,8
2014-08-16 06:00:00,25,16,9
2014-08-16 07:00:00,95,62,33
2014-08-16 08:00:00,185,122,63
2014-08-16 09:00:00,257,195,62
2014-08-16 10:00:00,914,809,105
2014-08-16 11:00:00,1250,1050,200
2014-08-16 12:00:00,1537,1170,367
2014-08-16 13:00:00,2023,1604,419
2014-08-16 14:00:00,2103,1497,606
2014-08-16 15:00:00,2267,1668,599
2014-08-16 16:00:00,2564,1709,855
2014-08-16 17:00:00,2497,1393,1104
2014-08-16 18:00:00,2410,1125,1285
2014-08-16 19:00:00,2398,866,1532
2014-08-16 20:00:00,2247,215,2032
2014-08-16 21:00:00,198,32,166
2014-08-16 22:00:00,63,7,56
2014-08-16 23:00:00,18,3,15
2014-08-17 00:00:00,13,6,7
2014-08-17 01:00:00,9,8,1
2014-08-17 02:00:00,4,3,1
2014-08-17 03:00:00,24,5,19
2014-08-17 04:00:00,10,1,9
2014-08-17 05:00:00,4,0,4
2014-08-17 06:00:00,10,8,2
2014-08-17 07:00:00,57,27,30
2014-08-17 08:00:00,138,69,69
2014-08-17 09:00:00,275,206,69
2014-08-17 10:00:00,862,792,70
2014-08-17 11:00:00,1066,939,127
2014-08-17 12:00:00,1481,1216,265
2014-08-17 13:00:00,1834,1409,425
2014-08-17 14:00:00,2031,1528,503
2014-08-17 15:00:00,2454,1899,555
2014-08-17 16:00:00,2476,1489,987
2014-08-17 17:00:00,2399,1395,1004
2014-08-17 18:00:00,2384,1166,1218
2014-08-17 19:00:00,2246,675,1571
2014-08-17 20:00:00,1926,204,1722
2014-08-17 21:00:00,197,24,173
2014-08-17 22:00:00,190,20,170
2014-08-17 23:00:00,58,11,47
2014-08-18 00:00:00,11,0,11
2014-08-18 01:00:00,7,4,3
2014-08-18 02:00:00,7,2,5
2014-08-18 03:00:00,7,6,1
2014-08-18 04:00:00,5,3,2
2014-08-18 05:00:00,16,10,6
2014-08-18 06:00:00,80,51,29
2014-08-18 07:00:00,146,75,71
2014-08-18 08:00:00,163,74,89
2014-08-18 09:00:00,137,75,62
2014-08-18 10:00:00,130,72,58
2014-08-18 11:00:00,217,95,122
2014-08-18 12:00:00,399,198,201
2014-08-18 13:00:00,350,167,183
2014-08-18 14:00:00,211,108,103
2014-08-18 15:00:00,196,98,98
2014-08-18 16:00:00,168,89,79
2014-08-18 17:00:00,201,113,88
2014-08-18 18:00:00,270,144,126
2014-08-18 19:00:00,289,149,140
2014-08-18 20:00:00,205,77,128
2014-08-18 21:00:00,46,16,30
2014-08-18 22:00:00,13,6,7
2014-08-18 23:00:00,9,5,4
2014-08-19 00:00:00,4,1,3
2014-08-19 01:00:00,4,2,2
2014-08-19 02:00:00,6,3,3
2014-08-19 03:00:00,6,3,3
2014-08-19 04:00:00,3,1,2
2014-08-19 05:00:00,16,11,5
2014-08-19 06:00:00,141,77,64
2014-08-19 07:00:00,203,94,109
2014-08-19 08:00:00,155,70,85
2014-08-19 09:00:00,172,64,108
2014-08-19 10:00:00,200,94,106
2014-08-19 11:00:00,188,104,84
2014-08-19 12:00:00,390,208,182
2014-08-19 13:00:00,245,102,143
2014-08-19 14:00:00,163,66,97
2014-08-19 15:00:00,141,68,73
2014-08-19 16:00:00,182,88,94
2014-08-19 17:00:00,226,130,96
2014-08-19 18:00:00,271,157,114
2014-08-19 19:00:00,308,153,155
2014-08-19 20:00:00,253,99,154
2014-08-19 21:00:00,43,20,23
2014-08-19 22:00:00,19,6,13
2014-08-19 23:00:00,12,7,5
2014-08-20 00:00:00,8,2,6
2014-08-20 01:00:00,0,0,0
2014-08-20 02:00:00,0,0,0
2014-08-20 03:00:00,5,3,2
2014-08-20 04:00:00,1,1,0
2014-08-20 05:00:00,17,11,6
2014-08-20 06:00:00,138,83,55
2014-08-20 07:00:00,190,92,98
2014-08-20 08:00:00,130,53,77
2014-08-20 09:00:00,105,54,51
2014-08-20 10:00:00,109,53,56
2014-08-20 11:00:00,159,72,87
2014-08-20 12:00:00,354,181,173
2014-08-20 13:00:00,228,101,127
2014-08-20 14:00:00,161,81,80
2014-08-20 15:00:00,138,61,77
2014-08-20 16:00:00,152,75,77
2014-08-20 17:00:00,251,137,114
2014-08-20 18:00:00,273,140,133
2014-08-20 19:00:00,253,133,120
2014-08-20 20:00:00,209,91,118
2014-08-20 21:00:00,33,14,19
2014-08-20 22:00:00,16,5,11
2014-08-20 23:00:00,4,2,2
2014-08-21 00:00:00,2,0,2
2014-08-21 01:00:00,4,3,1
2014-08-21 02:00:00,2,1,1
2014-08-21 03:00:00,1,0,1
2014-08-21 04:00:00,1,1,0
2014-08-21 05:00:00,20,13,7
2014-08-21 06:00:00,109,64,45
2014-08-21 07:00:00,175,89,86
2014-08-21 08:00:00,148,65,83
2014-08-21 09:00:00,106,39,67
2014-08-21 10:00:00,135,70,65
2014-08-21 11:00:00,164,73,91
2014-08-21 12:00:00,325,169,156
2014-08-21 13:00:00,255,111,144
2014-08-21 14:00:00,134,68,66
2014-08-21 15:00:00,190,89,101
2014-08-21 16:00:00,155,74,81
2014-08-21 17:00:00,235,119,116
2014-08-21 18:00:00,287,150,137
2014-08-21 19:00:00,284,149,135
2014-08-21 20:00:00,235,100,135
2014-08-21 21:00:00,40,17,23
2014-08-21 22:00:00,19,8,11
2014-08-21 23:00:00,11,6,5
2014-08-22 00:00:00,4,3,1
2014-08-22 01:00:00,2,0,2
2014-08-22 02:00:00,3,2,1
2014-08-22 03:00:00,1,0,1
2014-08-22 04:00:00,3,1,2
2014-08-22 05:00:00,8,6,2
2014-08-22 06:00:00,76,45,31
2014-08-22 07:00:00,165,74,91
2014-08-22 08:00:00,155,65,90
2014-08-22 09:00:00,158,81,77
2014-08-22 10:00:00,145,71,74
2014-08-22 11:00:00,192,98,94
2014-08-22 12:00:00,312,160,152
2014-08-22 13:00:00,196,91,105
2014-08-22 14:00:00,156,75,81
2014-08-22 15:00:00,197,91,106
2014-08-22 16:00:00,185,81,104
2014-08-22 17:00:00,213,112,101
2014-08-22 18:00:00,179,89,90
2014-08-22 19:00:00,202,98,104
2014-08-22 20:00:00,144,52,92
2014-08-22 21:00:00,32,20,12
2014-08-22 22:00:00,20,6,14
2014-08-22 23:00:00,27,16,11
2014-08-23 00:00:00,19,15,4
2014-08-23 01:00:00,2,0,2
2014-08-23 02:00:00,6,3,3
2014-08-23 03:00:00,4,2,2
2014-08-23 04:00:00,3,1,2
2014-08-23 05:00:00,3,1,2
2014-08-23 06:00:00,43,30,13
2014-08-23 07:00:00,113,52,61
2014-08-23 08:00:00,188,106,82
2014-08-23 09:00:00,245,122,123
2014-08-23 10:00:00,272,141,131
2014-08-23 11:00:00,271,117,154
2014-08-23 12:00:00,252,123,129
2014-08-23 13:00:00,222,100,122
2014-08-23 14:00:00,244,118,126
2014-08-23 15:00:00,224,100,124
2014-08-23 16:00:00,267,135,132
2014-08-23 17:00:00,257,124,133
2014-08-23 18:00:00,240,118,122
2014-08-23 19:00:00,184,85,99
2014-08-23 20:00:00,178,83,95
2014-08-23 21:00:00,19,9,10
2014-08-23 22:00:00,18,11,7
2014-08-23 23:00:00,17,13,4
2014-08-24 00:00:00,5,2,3
2014-08-24 01:00:00,0,0,0
2014-08-24 02:00:00,3,1,2
2014-08-24 03:00:00,6,2,4
2014-08-24 04:00:00,1,0,1
2014-08-24 05:00:00,2,0,2
2014-08-24 06:00:00,26,17,9
2014-08-24 07:00:00,116,61,55
2014-08-24 08:00:00,132,66,66
2014-08-24 09:00:00,168,79,89
2014-08-24 10:00:00,194,111,83
2014-08-24 11:00:00,197,85,112
2014-08-24 12:00:00,212,93,119
2014-08-24 13:00:00,215,100,115
2014-08-24 14:00:00,248,116,132
2014-08-24 15:00:00,285,152,133
2014-08-24 16:00:00,244,121,123
2014-08-24 17:00:00,257,116,141
2014-08-24 18:00:00,205,96,109
2014-08-24 19:00:00,205,88,117
2014-08-24 20:00:00,136,54,82
2014-08-24 21:00:00,23,8,15
2014-08-24 22:00:00,17,10,7
2014-08-24 23:00:00,7,7,0
2014-08-25 00:00:00,1,1,0
2014-08-25 01:00:00,1,1,0
2014-08-25 02:00:00,1,1,0
2014-08-25 03:00:00,0,0,0
2014-08-25 04:00:00,4,2,2
2014-08-25 05:00:00,12,7,5
2014-08-25 06:00:00,107,57,50
2014-08-25 07:00:00,170,79,91
2014-08-25 08:00:00,163,76,87
2014-08-25 09:00:00,149,72,77
2014-08-25 10:00:00,132,53,79
2014-08-25 11:00:00,196,106,90
2014-08-25 12:00:00,387,202,185
2014-08-25 13:00:00,266,116,150
2014-08-25 14:00:00,149,67,82
2014-08-25 15:00:00,168,86,82
2014-08-25 16:00:00,161,77,84
2014-08-25 17:00:00,186,106,80
2014-08-25 18:00:00,308,172,136
2014-08-25 19:00:00,292,156,136
2014-08-25 20:00:00,240,98,142
2014-08-25 21:00:00,25,11,14
2014-08-25 22:00:00,9,4,5
2014-08-25 23:00:00,7,5,2
2014-08-26 00:00:00,6,2,4
2014-08-26 01:00:00,0,0,0
2014-08-26 02:00:00,1,1,0
2014-08-26 03:00:00,2,1,1
2014-08-26 04:00:00,5,4,1
2014-08-26 05:00:00,16,10,6
2014-08-26 06:00:00,144,78,66
2014-08-26 07:00:00,174,87,87
2014-08-26 08:00:00,163,74,89
2014-08-26 09:00:00,159,80,79
2014-08-26 10:00:00,140,80,60
2014-08-26 11:00:00,179,88,91
2014-08-26 12:00:00,352,181,171
2014-08-26 13:00:00,267,138,129
2014-08-26 14:00:00,161,68,93
2014-08-26 15:00:00,129,62,67
2014-08-26 16:00:00,136,72,64
2014-08-26 17:00:00,208,112,96
2014-08-26 18:00:00,315,175,140
2014-08-26 19:00:00,272,145,127
2014-08-26 20:00:00,272,119,153
2014-08-26 21:00:00,39,20,19
2014-08-26 22:00:00,16,4,12
2014-08-26 23:00:00,9,7,2
2014-08-27 00:00:00,3,1,2
2014-08-27 01:00:00,3,2,1
2014-08-27 02:00:00,2,0,2
2014-08-27 03:00:00,1,1,0
2014-08-27 04:00:00,2,1,1
2014-08-27 05:00:00,16,11,5
2014-08-27 06:00:00,125,66,59
2014-08-27 07:00:00,185,88,97
2014-08-27 08:00:00,168,82,86
2014-08-27 09:00:00,124,55,69
2014-08-27 10:00:00,148,61,87
2014-08-27 11:00:00,176,82,94
2014-08-27 12:00:00,326,158,168
2014-08-27 13:00:00,230,112,118
2014-08-27 14:00:00,127,64,63
2014-08-27 15:00:00,133,72,61
2014-08-27 16:00:00,167,88,79
2014-08-27 17:00:00,255,143,112
2014-08-27 18:00:00,270,144,126
2014-08-27 19:00:00,270,120,150
2014-08-27 20:00:00,225,105,120
2014-08-27 21:00:00,44,17,27
2014-08-27 22:00:00,28,11,17
2014-08-27 23:00:00,7,3,4
2014-08-28 00:00:00,15,7,8
2014-08-28 01:00:00,2,1,1
2014-08-28 02:00:00,1,0,1
2014-08-28 03:00:00,1,1,0
2014-08-28 04:00:00,0,0,0
2014-08-28 05:00:00,11,8,3
2014-08-28 06:00:00,110,62,48
2014-08-28 07:00:00,180,94,86
2014-08-28 08:00:00,150,64,86
2014-08-28 09:00:00,119,65,54
2014-08-28 10:00:00,102,36,66
2014-08-28 11:00:00,133,61,72
2014-08-28 12:00:00,273,145,128
2014-08-28 13:00:00,179,85,94
2014-08-28 14:00:00,142,66,76
2014-08-28 15:00:00,135,69,66
2014-08-28 16:00:00,146,84,62
2014-08-28 17:00:00,213,113,100
2014-08-28 18:00:00,207,102,105
2014-08-28 19:00:00,240,117,123
2014-08-28 20:00:00,197,91,106
2014-08-28 21:00:00,22,10,12
2014-08-28 22:00:00,16,9,7
2014-08-28 23:00:00,3,1,2
2014-08-29 00:00:00,3,3,0
2014-08-29 01:00:00,1,0,1
2014-08-29 02:00:00,1,0,1
2014-08-29 03:00:00,0,0,0
2014-08-29 04:00:00,2,0,2
2014-08-29 05:00:00,8,6,2
2014-08-29 06:00:00,69,34,35
2014-08-29 07:00:00,141,69,72
2014-08-29 08:00:00,149,67,82
2014-08-29 09:00:00,145,64,81
2014-08-29 10:00:00,127,52,75
2014-08-29 11:00:00,162,72,90
2014-08-29 12:00:00,165,76,89
2014-08-29 13:00:00,136,59,77
2014-08-29 14:00:00,136,64,72
2014-08-29 15:00:00,102,46,56
2014-08-29 16:00:00,132,66,66
2014-08-29 17:00:00,135,80,55
2014-08-29 18:00:00,142,73,69
2014-08-29 19:00:00,146,75,71
2014-08-29 20:00:00,103,33,70
2014-08-29 21:00:00,16,8,8
2014-08-29 22:00:00,15,9,6
2014-08-29 23:00:00,5,3,2
2014-08-30 00:00:00,3,2,1
2014-08-30 01:00:00,6,3,3
2014-08-30 02:00:00,16,16,0
2014-08-30 03:00:00,20,3,17
2014-08-30 04:00:00,0,0,0
2014-08-30 05:00:00,3,1,2
2014-08-30 06:00:00,30,19,11
2014-08-30 07:00:00,106,52,54
2014-08-30 08:00:00,125,66,59
2014-08-30 09:00:00,142,66,76
2014-08-30 10:00:00,107,42,65
2014-08-30 11:00:00,77,31,46
2014-08-30 12:00:00,91,45,46
2014-08-30 13:00:00,102,56,46
2014-08-30 14:00:00,98,38,60
2014-08-30 15:00:00,78,37,41
2014-08-30 16:00:00,102,50,52
2014-08-30 17:00:00,143,73,70
2014-08-30 18:00:00,130,53,77
2014-08-30 19:00:00,151,68,83
2014-08-30 20:00:00,70,25,45
2014-08-30 21:00:00,16,10,6
2014-08-30 22:00:00,17,10,7
2014-08-30 23:00:00,17,7,10
2014-08-31 00:00:00,10,5,5
2014-08-31 01:00:00,6,2,4
2014-08-31 02:00:00,0,0,0
2014-08-31 03:00:00,1,1,0
2014-08-31 04:00:00,1,0,1
2014-08-31 05:00:00,0,0,0
2014-08-31 06:00:00,17,11,6
2014-08-31 07:00:00,59,32,27
2014-08-31 08:00:00,117,62,55
2014-08-31 09:00:00,164,86,78
2014-08-31 10:00:00,189,84,105
2014-08-31 11:00:00,193,88,105
2014-08-31 12:00:00,179,80,99
2014-08-31 13:00:00,190,87,103
2014-08-31 14:00:00,205,107,98
2014-08-31 15:00:00,234,106,128
2014-08-31 16:00:00,227,111,116
2014-08-31 17:00:00,201,104,97
2014-08-31 18:00:00,175,79,96
2014-08-31 19:00:00,157,74,83
2014-08-31 20:00:00,89,31,58
2014-08-31 21:00:00,19,13,6
2014-08-31 22:00:00,12,7,5
2014-08-31 23:00:00,5,3,2
2014-09-01 00:00:00,13,7,6
2014-09-01 01:00:00,4,1,3
2014-09-01 02:00:00,2,1,1
2014-09-01 03:00:00,0,0,0
2014-09-01 04:00:00,0,0,0
2014-09-01 05:00:00,6,2,4
2014-09-01 06:00:00,28,16,12
2014-09-01 07:00:00,65,34,31
2014-09-01 08:00:00,124,68,56
2014-09-01 09:00:00,195,92,103
2014-09-01 10:00:00,195,101,94
2014-09-01 11:00:00,269,123,146
2014-09-01 12:00:00,242,110,132
2014-09-01 13:00:00,280,115,165
2014-09-01 14:00:00,320,146,174
2014-09-01 15:00:00,311,155,156
2014-09-01 16:00:00,316,167,149
2014-09-01 17:00:00,306,130,176
2014-09-01 18:00:00,264,134,130
2014-09-01 19:00:00,226,100,126
2014-09-01 20:00:00,130,49,81
2014-09-01 21:00:00,16,10,6
2014-09-01 22:00:00,14,4,10
2014-09-01 23:00:00,8,4,4
2014-09-02 00:00:00,10,3,7
2014-09-02 01:00:00,2,1,1
2014-09-02 02:00:00,1,0,1
2014-09-02 03:00:00,0,0,0
2014-09-02 04:00:00,5,2,3
2014-09-02 05:00:00,14,9,5
2014-09-02 06:00:00,74,36,38
2014-09-02 07:00:00,123,54,69
2014-09-02 08:00:00,119,56,63
2014-09-02 09:00:00,105,50,55
2014-09-02 10:00:00,114,55,59
2014-09-02 11:00:00,129,59,70
2014-09-02 12:00:00,269,144,125
2014-09-02 13:00:00,183,89,94
2014-09-02 14:00:00,114,50,64
2014-09-02 15:00:00,75,37,38
2014-09-02 16:00:00,87,42,45
2014-09-02 17:00:00,171,97,74
2014-09-02 18:00:00,174,82,92
2014-09-02 19:00:00,21,12,9
2014-09-02 20:00:00,37,21,16
2014-09-02 21:00:00,4,2,2
2014-09-02 22:00:00,7,6,1
2014-09-02 23:00:00,4,2,2
2014-09-03 00:00:00,3,1,2
2014-09-03 01:00:00,0,0,0
2014-09-03 02:00:00,1,1,0
2014-09-03 03:00:00,0,0,0
2014-09-03 04:00:00,0,0,0
2014-09-03 05:00:00,7,5,2
2014-09-03 06:00:00,95,54,41
2014-09-03 07:00:00,146,64,82
2014-09-03 08:00:00,130,58,72
2014-09-03 09:00:00,100,45,55
2014-09-03 10:00:00,112,52,60
2014-09-03 11:00:00,158,82,76
2014-09-03 12:00:00,262,139,123
2014-09-03 13:00:00,206,106,100
2014-09-03 14:00:00,148,68,80
2014-09-03 15:00:00,137,66,71
2014-09-03 16:00:00,187,89,98
2014-09-03 17:00:00,223,119,104
2014-09-03 18:00:00,301,165,136
2014-09-03 19:00:00,289,149,140
2014-09-03 20:00:00,180,63,117
2014-09-03 21:00:00,20,7,13
2014-09-03 22:00:00,15,9,6
2014-09-03 23:00:00,5,2,3
2014-09-04 00:00:00,6,3,3
2014-09-04 01:00:00,6,1,5
2014-09-04 02:00:00,1,0,1
2014-09-04 03:00:00,3,1,2
2014-09-04 04:00:00,0,0,0
2014-09-04 05:00:00,15,10,5
2014-09-04 06:00:00,118,64,54
2014-09-04 07:00:00,161,70,91
2014-09-04 08:00:00,160,69,91
2014-09-04 09:00:00,144,62,82
2014-09-04 10:00:00,147,70,77
2014-09-04 11:00:00,158,80,78
2014-09-04 12:00:00,285,150,135
2014-09-04 13:00:00,214,97,117
2014-09-04 14:00:00,122,50,72
2014-09-04 15:00:00,125,55,70
2014-09-04 16:00:00,157,90,67
2014-09-04 17:00:00,180,97,83
2014-09-04 18:00:00,181,104,77
2014-09-04 19:00:00,172,86,86
2014-09-04 20:00:00,122,48,74
2014-09-04 21:00:00,25,18,7
2014-09-04 22:00:00,21,12,9
2014-09-04 23:00:00,12,7,5
2014-09-05 00:00:00,3,2,1
2014-09-05 01:00:00,1,1,0
2014-09-05 02:00:00,3,1,2
2014-09-05 03:00:00,0,0,0
2014-09-05 04:00:00,2,0,2
2014-09-05 05:00:00,8,2,6
2014-09-05 06:00:00,62,37,25
2014-09-05 07:00:00,136,67,69
2014-09-05 08:00:00,168,83,85
2014-09-05 09:00:00,130,54,76
2014-09-05 10:00:00,162,72,90
2014-09-05 11:00:00,180,86,94
2014-09-05 12:00:00,345,171,174
2014-09-05 13:00:00,260,127,133
2014-09-05 14:00:00,187,81,106
2014-09-05 15:00:00,156,69,87
2014-09-05 16:00:00,181,101,80
2014-09-05 17:00:00,240,134,106
2014-09-05 18:00:00,222,142,80
2014-09-05 19:00:00,229,98,131
2014-09-05 20:00:00,139,60,79
2014-09-05 21:00:00,35,19,16
2014-09-05 22:00:00,27,17,10
2014-09-05 23:00:00,9,6,3
2014-09-06 00:00:00,0,0,0
2014-09-06 01:00:00,2,0,2
2014-09-06 02:00:00,8,5,3
2014-09-06 03:00:00,1,0,1
2014-09-06 04:00:00,5,3,2
2014-09-06 05:00:00,3,1,2
2014-09-06 06:00:00,45,24,21
2014-09-06 07:00:00,102,55,47
2014-09-06 08:00:00,206,118,88
2014-09-06 09:00:00,292,133,159
2014-09-06 10:00:00,293,144,149
2014-09-06 11:00:00,249,117,132
2014-09-06 12:00:00,231,116,115
2014-09-06 13:00:00,184,82,102
2014-09-06 14:00:00,231,118,113
2014-09-06 15:00:00,253,108,145
2014-09-06 16:00:00,195,88,107
2014-09-06 17:00:00,223,103,120
2014-09-06 18:00:00,199,90,109
2014-09-06 19:00:00,193,95,98
2014-09-06 20:00:00,146,50,96
2014-09-06 21:00:00,18,10,8
2014-09-06 22:00:00,14,7,7
2014-09-06 23:00:00,11,6,5
2014-09-07 00:00:00,8,4,4
2014-09-07 01:00:00,1,1,0
2014-09-07 02:00:00,5,4,1
2014-09-07 03:00:00,2,1,1
2014-09-07 04:00:00,2,1,1
2014-09-07 05:00:00,10,6,4
2014-09-07 06:00:00,36,20,16
2014-09-07 07:00:00,69,41,28
2014-09-07 08:00:00,170,88,82
2014-09-07 09:00:00,223,117,106
2014-09-07 10:00:00,279,137,142
2014-09-07 11:00:00,233,106,127
2014-09-07 12:00:00,229,110,119
2014-09-07 13:00:00,233,111,122
2014-09-07 14:00:00,242,113,129
2014-09-07 15:00:00,251,119,132
2014-09-07 16:00:00,268,125,143
2014-09-07 17:00:00,239,125,114
2014-09-07 18:00:00,241,113,128
2014-09-07 19:00:00,280,137,143
2014-09-07 20:00:00,154,41,113
2014-09-07 21:00:00,12,3,9
2014-09-07 22:00:00,12,10,2
2014-09-07 23:00:00,6,6,0
2014-09-08 00:00:00,7,3,4
2014-09-08 01:00:00,3,0,3
2014-09-08 02:00:00,1,0,1
2014-09-08 03:00:00,2,1,1
2014-09-08 04:00:00,0,0,0
2014-09-08 05:00:00,15,10,5
2014-09-08 06:00:00,72,45,27
2014-09-08 07:00:00,121,56,65
2014-09-08 08:00:00,117,51,66
2014-09-08 09:00:00,90,39,51
2014-09-08 10:00:00,86,34,52
2014-09-08 11:00:00,147,77,70
2014-09-08 12:00:00,201,107,94
2014-09-08 13:00:00,143,61,82
2014-09-08 14:00:00,101,46,55
2014-09-08 15:00:00,168,88,80
2014-09-08 16:00:00,160,69,91
2014-09-08 17:00:00,231,132,99
2014-09-08 18:00:00,211,102,109
2014-09-08 19:00:00,88,35,53
2014-09-08 20:00:00,35,16,19
2014-09-08 21:00:00,13,7,6
2014-09-08 22:00:00,8,4,4
2014-09-08 23:00:00,4,1,3
2014-09-09 00:00:00,0,0,0
2014-09-09 01:00:00,1,0,1
2014-09-09 02:00:00,0,0,0
2014-09-09 03:00:00,1,0,1
2014-09-09 04:00:00,1,1,0
2014-09-09 05:00:00,26,19,7
2014-09-09 06:00:00,125,64,61
2014-09-09 07:00:00,147,70,77
2014-09-09 08:00:00,135,57,78
2014-09-09 09:00:00,79,35,44
2014-09-09 10:00:00,96,48,48
2014-09-09 11:00:00,145,68,77
2014-09-09 12:00:00,316,179,137
2014-09-09 13:00:00,202,86,116
2014-09-09 14:00:00,163,85,78
2014-09-09 15:00:00,146,67,79
2014-09-09 16:00:00,165,93,72
2014-09-09 17:00:00,222,115,107
2014-09-09 18:00:00,288,155,133
2014-09-09 19:00:00,264,128,136
2014-09-09 20:00:00,127,47,80
2014-09-09 21:00:00,20,10,10
2014-09-09 22:00:00,17,12,5
2014-09-09 23:00:00,4,1,3
2014-09-10 00:00:00,2,0,2
2014-09-10 01:00:00,3,0,3
2014-09-10 02:00:00,2,0,2
2014-09-10 03:00:00,0,0,0
2014-09-10 04:00:00,1,1,0
2014-09-10 05:00:00,13,10,3
2014-09-10 06:00:00,105,60,45
2014-09-10 07:00:00,202,90,112
2014-09-10 08:00:00,130,56,74
2014-09-10 09:00:00,98,52,46
2014-09-10 10:00:00,74,30,44
2014-09-10 11:00:00,122,64,58
2014-09-10 12:00:00,288,157,131
2014-09-10 13:00:00,217,93,124
2014-09-10 14:00:00,160,81,79
2014-09-10 15:00:00,165,81,84
2014-09-10 16:00:00,192,96,96
2014-09-10 17:00:00,234,123,111
2014-09-10 18:00:00,281,157,124
2014-09-10 19:00:00,278,123,155
2014-09-10 20:00:00,111,44,67
2014-09-10 21:00:00,20,12,8
2014-09-10 22:00:00,17,7,10
2014-09-10 23:00:00,6,2,4
2014-09-11 00:00:00,4,1,3
2014-09-11 01:00:00,0,0,0
2014-09-11 02:00:00,3,2,1
2014-09-11 03:00:00,1,0,1
2014-09-11 04:00:00,3,2,1
2014-09-11 05:00:00,16,14,2
2014-09-11 06:00:00,92,52,40
2014-09-11 07:00:00,186,88,98
2014-09-11 08:00:00,133,55,78
2014-09-11 09:00:00,111,50,61
2014-09-11 10:00:00,119,67,52
2014-09-11 11:00:00,183,88,95
2014-09-11 12:00:00,394,203,191
2014-09-11 13:00:00,230,114,116
2014-09-11 14:00:00,163,77,86
2014-09-11 15:00:00,153,75,78
2014-09-11 16:00:00,218,106,112
2014-09-11 17:00:00,249,118,131
2014-09-11 18:00:00,259,137,122
2014-09-11 19:00:00,248,116,132
2014-09-11 20:00:00,102,39,63
2014-09-11 21:00:00,14,7,7
2014-09-11 22:00:00,7,3,4
2014-09-11 23:00:00,7,4,3
2014-09-12 00:00:00,3,3,0
2014-09-12 01:00:00,1,1,0
2014-09-12 02:00:00,1,0,1
2014-09-12 03:00:00,0,0,0
2014-09-12 04:00:00,2,1,1
2014-09-12 05:00:00,7,4,3
2014-09-12 06:00:00,67,34,33
2014-09-12 07:00:00,149,81,68
2014-09-12 08:00:00,127,51,76
2014-09-12 09:00:00,126,63,63
2014-09-12 10:00:00,158,71,87
2014-09-12 11:00:00,174,86,88
2014-09-12 12:00:00,327,158,169
2014-09-12 13:00:00,220,105,115
2014-09-12 14:00:00,182,86,96
2014-09-12 15:00:00,170,79,91
2014-09-12 16:00:00,167,77,90
2014-09-12 17:00:00,206,98,108
2014-09-12 18:00:00,250,136,114
2014-09-12 19:00:00,214,95,119
2014-09-12 20:00:00,74,29,45
2014-09-12 21:00:00,13,9,4
2014-09-12 22:00:00,31,24,7
2014-09-12 23:00:00,24,14,10
2014-09-13 00:00:00,19,11,8
2014-09-13 01:00:00,5,2,3
2014-09-13 02:00:00,0,0,0
2014-09-13 03:00:00,2,0,2
2014-09-13 04:00:00,2,1,1
2014-09-13 05:00:00,3,1,2
2014-09-13 06:00:00,111,77,34
2014-09-13 07:00:00,162,58,104
2014-09-13 08:00:00,201,102,99
2014-09-13 09:00:00,267,142,125
2014-09-13 10:00:00,304,146,158
2014-09-13 11:00:00,218,97,121
2014-09-13 12:00:00,237,110,127
2014-09-13 13:00:00,186,88,98
2014-09-13 14:00:00,211,95,116
2014-09-13 15:00:00,232,109,123
2014-09-13 16:00:00,273,136,137
2014-09-13 17:00:00,249,106,143
2014-09-13 18:00:00,208,99,109
2014-09-13 19:00:00,220,107,113
2014-09-13 20:00:00,104,35,69
2014-09-13 21:00:00,25,11,14
2014-09-13 22:00:00,11,5,6
2014-09-13 23:00:00,6,5,1
2014-09-14 00:00:00,14,6,8
2014-09-14 01:00:00,4,3,1
2014-09-14 02:00:00,4,0,4
2014-09-14 03:00:00,2,1,1
2014-09-14 04:00:00,1,1,0
2014-09-14 05:00:00,2,2,0
2014-09-14 06:00:00,14,7,7
2014-09-14 07:00:00,92,57,35
2014-09-14 08:00:00,172,88,84
2014-09-14 09:00:00,230,125,105
2014-09-14 10:00:00,263,123,140
2014-09-14 11:00:00,227,107,120
2014-09-14 12:00:00,230,97,133
2014-09-14 13:00:00,188,87,101
2014-09-14 14:00:00,198,106,92
2014-09-14 15:00:00,175,64,111
2014-09-14 16:00:00,211,92,119
2014-09-14 17:00:00,242,111,131
2014-09-14 18:00:00,249,136,113
2014-09-14 19:00:00,256,108,148
2014-09-14 20:00:00,77,26,51
2014-09-14 21:00:00,7,2,5
2014-09-14 22:00:00,6,5,1
2014-09-14 23:00:00,4,1,3
2014-09-15 00:00:00,1,1,0
2014-09-15 01:00:00,1,0,1
2014-09-15 02:00:00,1,1,0
2014-09-15 03:00:00,1,0,1
2014-09-15 04:00:00,1,1,0
2014-09-15 05:00:00,12,7,5
2014-09-15 06:00:00,75,39,36
2014-09-15 07:00:00,141,77,64
2014-09-15 08:00:00,150,63,87
2014-09-15 09:00:00,137,60,77
2014-09-15 10:00:00,138,64,74
2014-09-15 11:00:00,199,108,91
2014-09-15 12:00:00,370,196,174
2014-09-15 13:00:00,231,95,136
2014-09-15 14:00:00,163,81,82
2014-09-15 15:00:00,150,82,68
2014-09-15 16:00:00,148,63,85
2014-09-15 17:00:00,210,118,92
2014-09-15 18:00:00,267,150,117
2014-09-15 19:00:00,329,150,179
2014-09-15 20:00:00,115,39,76
2014-09-15 21:00:00,20,9,11
2014-09-15 22:00:00,19,14,5
2014-09-15 23:00:00,6,3,3
2014-09-16 00:00:00,4,3,1
2014-09-16 01:00:00,1,0,1
2014-09-16 02:00:00,4,3,1
2014-09-16 03:00:00,2,1,1
2014-09-16 04:00:00,0,0,0
2014-09-16 05:00:00,19,12,7
2014-09-16 06:00:00,84,45,39
2014-09-16 07:00:00,172,90,82
2014-09-16 08:00:00,127,45,82
2014-09-16 09:00:00,96,48,48
2014-09-16 10:00:00,106,56,50
2014-09-16 11:00:00,152,72,80
2014-09-16 12:00:00,365,192,173
2014-09-16 13:00:00,244,112,132
2014-09-16 14:00:00,145,72,73
2014-09-16 15:00:00,130,61,69
2014-09-16 16:00:00,170,75,95
2014-09-16 17:00:00,200,118,82
2014-09-16 18:00:00,254,140,114
2014-09-16 19:00:00,220,103,117
2014-09-16 20:00:00,64,18,46
2014-09-16 21:00:00,22,9,13
2014-09-16 22:00:00,12,7,5
2014-09-16 23:00:00,3,0,3
2014-09-17 00:00:00,5,4,1
2014-09-17 01:00:00,5,1,4
2014-09-17 02:00:00,0,0,0
2014-09-17 03:00:00,2,2,0
2014-09-17 04:00:00,1,1,0
2014-09-17 05:00:00,14,7,7
2014-09-17 06:00:00,96,52,44
2014-09-17 07:00:00,181,88,93
2014-09-17 08:00:00,132,57,75
2014-09-17 09:00:00,95,43,52
2014-09-17 10:00:00,108,49,59
2014-09-17 11:00:00,128,63,65
2014-09-17 12:00:00,286,146,140
2014-09-17 13:00:00,200,92,108
2014-09-17 14:00:00,123,61,62
2014-09-17 15:00:00,116,53,63
2014-09-17 16:00:00,106,49,57
2014-09-17 17:00:00,167,89,78
2014-09-17 18:00:00,230,116,114
2014-09-17 19:00:00,185,77,108
2014-09-17 20:00:00,53,23,30
2014-09-17 21:00:00,23,14,9
2014-09-17 22:00:00,8,3,5
2014-09-17 23:00:00,5,4,1
2014-09-18 00:00:00,2,2,0
2014-09-18 01:00:00,2,1,1
2014-09-18 02:00:00,0,0,0
2014-09-18 03:00:00,0,0,0
2014-09-18 04:00:00,2,1,1
2014-09-18 05:00:00,18,10,8
2014-09-18 06:00:00,77,44,33
2014-09-18 07:00:00,156,78,78
2014-09-18 08:00:00,134,55,79
2014-09-18 09:00:00,69,34,35
2014-09-18 10:00:00,86,39,47
2014-09-18 11:00:00,116,56,60
2014-09-18 12:00:00,216,110,106
2014-09-18 13:00:00,143,62,81
2014-09-18 14:00:00,95,46,49
2014-09-18 15:00:00,99,49,50
2014-09-18 16:00:00,105,50,55
2014-09-18 17:00:00,148,78,70
2014-09-18 18:00:00,162,88,74
2014-09-18 19:00:00,146,72,74
2014-09-18 20:00:00,39,18,21
2014-09-18 21:00:00,9,6,3
2014-09-18 22:00:00,14,6,8
2014-09-18 23:00:00,6,3,3
2014-09-19 00:00:00,1,1,0
2014-09-19 01:00:00,1,1,0
2014-09-19 02:00:00,0,0,0
2014-09-19 03:00:00,3,0,3
2014-09-19 04:00:00,2,2,0
2014-09-19 05:00:00,10,6,4
2014-09-19 06:00:00,75,44,31
2014-09-19 07:00:00,157,70,87
2014-09-19 08:00:00,139,71,68
2014-09-19 09:00:00,111,49,62
2014-09-19 10:00:00,99,45,54
2014-09-19 11:00:00,144,73,71
2014-09-19 12:00:00,258,144,114
2014-09-19 13:00:00,199,86,113
2014-09-19 14:00:00,149,75,74
2014-09-19 15:00:00,147,60,87
2014-09-19 16:00:00,191,103,88
2014-09-19 17:00:00,222,113,109
2014-09-19 18:00:00,192,96,96
2014-09-19 19:00:00,128,50,78
2014-09-19 20:00:00,30,13,17
2014-09-19 21:00:00,13,5,8
2014-09-19 22:00:00,2,2,0
2014-09-19 23:00:00,8,6,2
2014-09-20 00:00:00,4,2,2
2014-09-20 01:00:00,10,4,6
2014-09-20 02:00:00,3,1,2
2014-09-20 03:00:00,1,1,0
2014-09-20 04:00:00,1,1,0
2014-09-20 05:00:00,5,4,1
2014-09-20 06:00:00,19,10,9
2014-09-20 07:00:00,104,55,49
2014-09-20 08:00:00,203,101,102
2014-09-20 09:00:00,208,110,98
2014-09-20 10:00:00,232,108,124
2014-09-20 11:00:00,217,115,102
2014-09-20 12:00:00,205,113,92
2014-09-20 13:00:00,230,102,128
2014-09-20 14:00:00,225,116,109
2014-09-20 15:00:00,264,124,140
2014-09-20 16:00:00,282,134,148
2014-09-20 17:00:00,237,109,128
2014-09-20 18:00:00,255,123,132
2014-09-20 19:00:00,196,77,119
2014-09-20 20:00:00,53,19,34
2014-09-20 21:00:00,8,2,6
2014-09-20 22:00:00,15,9,6
2014-09-20 23:00:00,4,1,3
2014-09-21 00:00:00,7,4,3
2014-09-21 01:00:00,0,0,0
2014-09-21 02:00:00,0,0,0
2014-09-21 03:00:00,2,0,2
2014-09-21 04:00:00,1,0,1
2014-09-21 05:00:00,2,1,1
2014-09-21 06:00:00,19,12,7
2014-09-21 07:00:00,82,45,37
2014-09-21 08:00:00,225,134,91
2014-09-21 09:00:00,250,125,125
2014-09-21 10:00:00,285,132,153
2014-09-21 11:00:00,304,129,175
2014-09-21 12:00:00,405,151,254
2014-09-21 13:00:00,422,116,306
2014-09-21 14:00:00,329,119,210
2014-09-21 15:00:00,297,201,96
2014-09-21 16:00:00,278,114,164
2014-09-21 17:00:00,295,160,135
2014-09-21 18:00:00,336,159,177
2014-09-21 19:00:00,243,109,134
2014-09-21 20:00:00,54,23,31
2014-09-21 21:00:00,10,4,6
2014-09-21 22:00:00,3,1,2
2014-09-21 23:00:00,4,3,1
2014-09-22 00:00:00,3,0,3
2014-09-22 01:00:00,0,0,0
2014-09-22 02:00:00,1,1,0
2014-09-22 03:00:00,0,0,0
2014-09-22 04:00:00,0,0,0
2014-09-22 05:00:00,13,8,5
2014-09-22 06:00:00,60,29,31
2014-09-22 07:00:00,99,52,47
2014-09-22 08:00:00,115,53,62
2014-09-22 09:00:00,85,38,47
2014-09-22 10:00:00,86,47,39
2014-09-22 11:00:00,153,83,70
2014-09-22 12:00:00,358,186,172
2014-09-22 13:00:00,215,94,121
2014-09-22 14:00:00,125,67,58
2014-09-22 15:00:00,143,69,74
2014-09-22 16:00:00,146,70,76
2014-09-22 17:00:00,197,110,87
2014-09-22 18:00:00,274,140,134
2014-09-22 19:00:00,212,93,119
2014-09-22 20:00:00,55,24,31
2014-09-22 21:00:00,17,14,3
2014-09-22 22:00:00,6,2,4
2014-09-22 23:00:00,10,5,5
2014-09-23 00:00:00,3,0,3
2014-09-23 01:00:00,3,2,1
2014-09-23 02:00:00,1,0,1
2014-09-23 03:00:00,0,0,0
2014-09-23 04:00:00,0,0,0
2014-09-23 05:00:00,14,10,4
2014-09-23 06:00:00,93,54,39
2014-09-23 07:00:00,148,76,72
2014-09-23 08:00:00,135,60,75
2014-09-23 09:00:00,103,45,58
2014-09-23 10:00:00,98,51,47
2014-09-23 11:00:00,134,76,58
2014-09-23 12:00:00,275,137,138
2014-09-23 13:00:00,94,37,57
2014-09-23 14:00:00,71,39,32
2014-09-23 15:00:00,93,46,47
2014-09-23 16:00:00,84,42,42
2014-09-23 17:00:00,138,81,57
2014-09-23 18:00:00,132,64,68
2014-09-23 19:00:00,48,18,30
2014-09-23 20:00:00,19,10,9
2014-09-23 21:00:00,4,2,2
2014-09-23 22:00:00,5,2,3
2014-09-23 23:00:00,4,2,2
2014-09-24 00:00:00,3,2,1
2014-09-24 01:00:00,3,1,2
2014-09-24 02:00:00,2,2,0
2014-09-24 03:00:00,3,1,2
2014-09-24 04:00:00,0,0,0
2014-09-24 05:00:00,6,4,2
2014-09-24 06:00:00,38,19,19
2014-09-24 07:00:00,27,13,14
2014-09-24 08:00:00,41,22,19
2014-09-24 09:00:00,28,12,16
2014-09-24 10:00:00,26,16,10
2014-09-24 11:00:00,69,39,30
2014-09-24 12:00:00,213,107,106
2014-09-24 13:00:00,115,53,62
2014-09-24 14:00:00,83,40,43
2014-09-24 15:00:00,97,48,49
2014-09-24 16:00:00,131,62,69
2014-09-24 17:00:00,173,95,78
2014-09-24 18:00:00,210,111,99
2014-09-24 19:00:00,162,79,83
2014-09-24 20:00:00,37,14,23
2014-09-24 21:00:00,12,6,6
2014-09-24 22:00:00,13,6,7
2014-09-24 23:00:00,5,3,2
2014-09-25 00:00:00,4,1,3
2014-09-25 01:00:00,4,1,3
2014-09-25 02:00:00,1,0,1
2014-09-25 03:00:00,0,0,0
2014-09-25 04:00:00,2,0,2
2014-09-25 05:00:00,7,6,1
2014-09-25 06:00:00,79,41,38
2014-09-25 07:00:00,78,30,48
2014-09-25 08:00:00,76,35,41
2014-09-25 09:00:00,109,56,53
2014-09-25 10:00:00,53,25,28
2014-09-25 11:00:00,70,33,37
2014-09-25 12:00:00,240,132,108
2014-09-25 13:00:00,182,87,95
2014-09-25 14:00:00,150,71,79
2014-09-25 15:00:00,154,76,78
2014-09-25 16:00:00,171,76,95
2014-09-25 17:00:00,200,97,103
2014-09-25 18:00:00,175,89,86
2014-09-25 19:00:00,97,42,55
2014-09-25 20:00:00,21,10,11
2014-09-25 21:00:00,1,0,1
2014-09-25 22:00:00,5,4,1
2014-09-25 23:00:00,7,2,5
2014-09-26 00:00:00,3,1,2
2014-09-26 01:00:00,1,0,1
2014-09-26 02:00:00,0,0,0
2014-09-26 03:00:00,6,2,4
2014-09-26 04:00:00,2,0,2
2014-09-26 05:00:00,1,1,0
2014-09-26 06:00:00,42,19,23
2014-09-26 07:00:00,49,25,24
2014-09-26 08:00:00,61,24,37
2014-09-26 09:00:00,72,37,35
2014-09-26 10:00:00,89,40,49
2014-09-26 11:00:00,106,62,44
2014-09-26 12:00:00,289,154,135
2014-09-26 13:00:00,201,99,102
2014-09-26 14:00:00,119,63,56
2014-09-26 15:00:00,135,58,77
2014-09-26 16:00:00,153,83,70
2014-09-26 17:00:00,166,76,90
2014-09-26 18:00:00,158,68,90
2014-09-26 19:00:00,100,51,49
2014-09-26 20:00:00,11,6,5
2014-09-26 21:00:00,14,10,4
2014-09-26 22:00:00,11,7,4
2014-09-26 23:00:00,3,2,1
2014-09-27 00:00:00,2,0,2
2014-09-27 01:00:00,3,2,1
2014-09-27 02:00:00,1,0,1
2014-09-27 03:00:00,5,3,2
2014-09-27 04:00:00,0,0,0
2014-09-27 05:00:00,2,1,1
2014-09-27 06:00:00,8,6,2
2014-09-27 07:00:00,73,46,27
2014-09-27 08:00:00,166,87,79
2014-09-27 09:00:00,210,112,98
2014-09-27 10:00:00,215,97,118
2014-09-27 11:00:00,230,98,132
2014-09-27 12:00:00,187,96,91
2014-09-27 13:00:00,206,107,99
2014-09-27 14:00:00,255,126,129
2014-09-27 15:00:00,273,122,151
2014-09-27 16:00:00,245,117,128
2014-09-27 17:00:00,221,109,112
2014-09-27 18:00:00,229,109,120
2014-09-27 19:00:00,171,67,104
2014-09-27 20:00:00,34,11,23
2014-09-27 21:00:00,5,2,3
2014-09-27 22:00:00,11,6,5
2014-09-27 23:00:00,6,1,5
2014-09-28 00:00:00,9,2,7
2014-09-28 01:00:00,2,1,1
2014-09-28 02:00:00,1,1,0
2014-09-28 03:00:00,4,2,2
2014-09-28 04:00:00,0,0,0
2014-09-28 05:00:00,0,0,0
2014-09-28 06:00:00,8,5,3
2014-09-28 07:00:00,54,31,23
2014-09-28 08:00:00,180,92,88
2014-09-28 09:00:00,222,115,107
2014-09-28 10:00:00,223,102,121
2014-09-28 11:00:00,155,73,82
2014-09-28 12:00:00,150,65,85
2014-09-28 13:00:00,177,91,86
2014-09-28 14:00:00,171,77,94
2014-09-28 15:00:00,218,107,111
2014-09-28 16:00:00,260,137,123
2014-09-28 17:00:00,319,152,167
2014-09-28 18:00:00,264,132,132
2014-09-28 19:00:00,149,59,90
2014-09-28 20:00:00,20,6,14
2014-09-28 21:00:00,11,5,6
2014-09-28 22:00:00,8,5,3
2014-09-28 23:00:00,7,1,6
2014-09-29 00:00:00,0,0,0
2014-09-29 01:00:00,1,0,1
2014-09-29 02:00:00,1,1,0
2014-09-29 03:00:00,5,1,4
2014-09-29 04:00:00,3,1,2
2014-09-29 05:00:00,8,4,4
2014-09-29 06:00:00,54,29,25
2014-09-29 07:00:00,89,41,48
2014-09-29 08:00:00,95,52,43
2014-09-29 09:00:00,90,41,49
2014-09-29 10:00:00,83,34,49
2014-09-29 11:00:00,99,51,48
2014-09-29 12:00:00,228,114,114
2014-09-29 13:00:00,129,58,71
2014-09-29 14:00:00,72,39,33
2014-09-29 15:00:00,78,38,40
2014-09-29 16:00:00,61,26,35
2014-09-29 17:00:00,109,62,47
2014-09-29 18:00:00,83,37,46
2014-09-29 19:00:00,26,14,12
2014-09-29 20:00:00,24,11,13
2014-09-29 21:00:00,10,6,4
2014-09-29 22:00:00,6,2,4
2014-09-29 23:00:00,4,2,2
2014-09-30 00:00:00,0,0,0
2014-09-30 01:00:00,0,0,0
2014-09-30 02:00:00,0,0,0
2014-09-30 03:00:00,2,2,0
2014-09-30 04:00:00,1,0,1
2014-09-30 05:00:00,14,11,3
2014-09-30 06:00:00,86,44,42
2014-09-30 07:00:00,111,54,57
2014-09-30 08:00:00,112,52,60
2014-09-30 09:00:00,122,71,51
2014-09-30 10:00:00,103,49,54
2014-09-30 11:00:00,160,82,78
2014-09-30 12:00:00,388,206,182
2014-09-30 13:00:00,186,82,104
2014-09-30 14:00:00,141,76,65
2014-09-30 15:00:00,120,52,68
2014-09-30 16:00:00,142,76,66
2014-09-30 17:00:00,235,116,119
2014-09-30 18:00:00,307,169,138
2014-09-30 19:00:00,185,74,111
2014-09-30 20:00:00,38,15,23
2014-09-30 21:00:00,8,2,6
2014-09-30 22:00:00,11,3,8
2014-09-30 23:00:00,0,0,0
2014-10-01 00:00:00,6,3,3
2014-10-01 01:00:00,6,3,3
2014-10-01 02:00:00,1,1,0
2014-10-01 03:00:00,2,1,1
2014-10-01 04:00:00,0,0,0
2014-10-01 05:00:00,10,9,1
2014-10-01 06:00:00,87,50,37
2014-10-01 07:00:00,159,75,84
2014-10-01 08:00:00,127,57,70
2014-10-01 09:00:00,92,40,52
2014-10-01 10:00:00,68,31,37
2014-10-01 11:00:00,114,61,53
2014-10-01 12:00:00,257,138,119
2014-10-01 13:00:00,211,107,104
2014-10-01 14:00:00,152,82,70
2014-10-01 15:00:00,152,74,78
2014-10-01 16:00:00,170,76,94
2014-10-01 17:00:00,174,91,83
2014-10-01 18:00:00,252,129,123
2014-10-01 19:00:00,103,46,57
2014-10-01 20:00:00,17,10,7
2014-10-01 21:00:00,15,9,6
2014-10-01 22:00:00,13,6,7
2014-10-01 23:00:00,2,2,0
2014-10-02 00:00:00,2,1,1
2014-10-02 01:00:00,0,0,0
2014-10-02 02:00:00,1,1,0
2014-10-02 03:00:00,1,1,0
2014-10-02 04:00:00,1,1,0
2014-10-02 05:00:00,10,7,3
2014-10-02 06:00:00,67,38,29
2014-10-02 07:00:00,126,60,66
2014-10-02 08:00:00,120,49,71
2014-10-02 09:00:00,105,56,49
2014-10-02 10:00:00,118,58,60
2014-10-02 11:00:00,136,67,69
2014-10-02 12:00:00,385,210,175
2014-10-02 13:00:00,235,109,126
2014-10-02 14:00:00,141,59,82
2014-10-02 15:00:00,144,66,78
2014-10-02 16:00:00,136,66,70
2014-10-02 17:00:00,258,141,117
2014-10-02 18:00:00,260,129,131
2014-10-02 19:00:00,121,50,71
2014-10-02 20:00:00,9,8,1
2014-10-02 21:00:00,9,6,3
2014-10-02 22:00:00,14,7,7
2014-10-02 23:00:00,1,1,0
2014-10-03 00:00:00,1,1,0
2014-10-03 01:00:00,1,1,0
2014-10-03 02:00:00,0,0,0
2014-10-03 03:00:00,0,0,0
2014-10-03 04:00:00,1,1,0
2014-10-03 05:00:00,1,1,0
2014-10-03 06:00:00,40,22,18
2014-10-03 07:00:00,114,61,53
2014-10-03 08:00:00,121,54,67
2014-10-03 09:00:00,134,62,72
2014-10-03 10:00:00,126,64,62
2014-10-03 11:00:00,126,62,64
2014-10-03 12:00:00,306,149,157
2014-10-03 13:00:00,193,89,104
2014-10-03 14:00:00,157,68,89
2014-10-03 15:00:00,167,82,85
2014-10-03 16:00:00,178,96,82
2014-10-03 17:00:00,225,103,122
2014-10-03 18:00:00,205,103,102
2014-10-03 19:00:00,115,59,56
2014-10-03 20:00:00,31,16,15
2014-10-03 21:00:00,4,3,1
2014-10-03 22:00:00,13,9,4
2014-10-03 23:00:00,8,3,5
2014-10-04 00:00:00,0,0,0
2014-10-04 01:00:00,2,1,1
2014-10-04 02:00:00,0,0,0
2014-10-04 03:00:00,1,1,0
2014-10-04 04:00:00,0,0,0
2014-10-04 05:00:00,3,1,2
2014-10-04 06:00:00,10,6,4
2014-10-04 07:00:00,66,37,29
2014-10-04 08:00:00,135,69,66
2014-10-04 09:00:00,167,83,84
2014-10-04 10:00:00,182,76,106
2014-10-04 11:00:00,185,94,91
2014-10-04 12:00:00,141,63,78
2014-10-04 13:00:00,137,73,64
2014-10-04 14:00:00,143,65,78
2014-10-04 15:00:00,229,117,112
2014-10-04 16:00:00,234,133,101
2014-10-04 17:00:00,281,144,137
2014-10-04 18:00:00,219,101,118
2014-10-04 19:00:00,123,43,80
2014-10-04 20:00:00,28,11,17
2014-10-04 21:00:00,9,6,3
2014-10-04 22:00:00,4,1,3
2014-10-04 23:00:00,3,2,1
2014-10-05 00:00:00,5,3,2
2014-10-05 01:00:00,0,0,0
2014-10-05 02:00:00,1,0,1
2014-10-05 03:00:00,0,0,0
2014-10-05 04:00:00,0,0,0
2014-10-05 05:00:00,0,0,0
2014-10-05 06:00:00,9,6,3
2014-10-05 07:00:00,54,33,21
2014-10-05 08:00:00,121,63,58
2014-10-05 09:00:00,182,92,90
2014-10-05 10:00:00,238,122,116
2014-10-05 11:00:00,238,100,138
2014-10-05 12:00:00,240,111,129
2014-10-05 13:00:00,209,84,125
2014-10-05 14:00:00,304,162,142
2014-10-05 15:00:00,329,169,160
2014-10-05 16:00:00,300,149,151
2014-10-05 17:00:00,295,147,148
2014-10-05 18:00:00,316,145,171
2014-10-05 19:00:00,128,38,90
2014-10-05 20:00:00,27,15,12
2014-10-05 21:00:00,9,5,4
2014-10-05 22:00:00,6,5,1
2014-10-05 23:00:00,4,2,2
2014-10-06 00:00:00,0,0,0
2014-10-06 01:00:00,0,0,0
2014-10-06 02:00:00,0,0,0
2014-10-06 03:00:00,0,0,0
2014-10-06 04:00:00,0,0,0
2014-10-06 05:00:00,10,6,4
2014-10-06 06:00:00,55,32,23
2014-10-06 07:00:00,112,53,59
2014-10-06 08:00:00,134,55,79
2014-10-06 09:00:00,89,41,48
2014-10-06 10:00:00,119,53,66
2014-10-06 11:00:00,139,72,67
2014-10-06 12:00:00,360,189,171
2014-10-06 13:00:00,215,103,112
2014-10-06 14:00:00,187,89,98
2014-10-06 15:00:00,142,65,77
2014-10-06 16:00:00,164,70,94
2014-10-06 17:00:00,245,155,90
2014-10-06 18:00:00,307,159,148
2014-10-06 19:00:00,153,59,94
2014-10-06 20:00:00,31,13,18
2014-10-06 21:00:00,12,5,7
2014-10-06 22:00:00,9,2,7
2014-10-06 23:00:00,0,0,0
2014-10-07 00:00:00,1,1,0
2014-10-07 01:00:00,1,1,0
2014-10-07 02:00:00,0,0,0
2014-10-07 03:00:00,0,0,0
2014-10-07 04:00:00,4,1,3
2014-10-07 05:00:00,22,16,6
2014-10-07 06:00:00,79,41,38
2014-10-07 07:00:00,143,69,74
2014-10-07 08:00:00,103,40,63
2014-10-07 09:00:00,64,33,31
2014-10-07 10:00:00,88,39,49
2014-10-07 11:00:00,108,58,50
2014-10-07 12:00:00,322,179,143
2014-10-07 13:00:00,226,110,116
2014-10-07 14:00:00,185,88,97
2014-10-07 15:00:00,147,71,76
2014-10-07 16:00:00,142,66,76
2014-10-07 17:00:00,228,140,88
2014-10-07 18:00:00,319,154,165
2014-10-07 19:00:00,112,43,69
2014-10-07 20:00:00,43,22,21
2014-10-07 21:00:00,12,6,6
2014-10-07 22:00:00,5,1,4
2014-10-07 23:00:00,4,2,2
2014-10-08 00:00:00,2,1,1
2014-10-08 01:00:00,1,0,1
2014-10-08 02:00:00,0,0,0
2014-10-08 03:00:00,0,0,0
2014-10-08 04:00:00,2,1,1
2014-10-08 05:00:00,17,13,4
2014-10-08 06:00:00,88,51,37
2014-10-08 07:00:00,113,50,63
2014-10-08 08:00:00,116,54,62
2014-10-08 09:00:00,78,30,48
2014-10-08 10:00:00,90,50,40
2014-10-08 11:00:00,92,52,40
2014-10-08 12:00:00,245,131,114
2014-10-08 13:00:00,206,88,118
2014-10-08 14:00:00,125,57,68
2014-10-08 15:00:00,149,76,73
2014-10-08 16:00:00,177,81,96
2014-10-08 17:00:00,229,133,96
2014-10-08 18:00:00,301,162,139
2014-10-08 19:00:00,118,45,73
2014-10-08 20:00:00,29,13,16
2014-10-08 21:00:00,7,4,3
2014-10-08 22:00:00,5,3,2
2014-10-08 23:00:00,2,1,1
2014-10-09 00:00:00,2,1,1
2014-10-09 01:00:00,0,0,0
2014-10-09 02:00:00,1,1,0
2014-10-09 03:00:00,1,0,1
2014-10-09 04:00:00,0,0,0
2014-10-09 05:00:00,9,8,1
2014-10-09 06:00:00,63,33,30
2014-10-09 07:00:00,122,59,63
2014-10-09 08:00:00,113,54,59
2014-10-09 09:00:00,78,34,44
2014-10-09 10:00:00,99,52,47
2014-10-09 11:00:00,102,54,48
2014-10-09 12:00:00,256,134,122
2014-10-09 13:00:00,155,67,88
2014-10-09 14:00:00,116,60,56
2014-10-09 15:00:00,93,42,51
2014-10-09 16:00:00,134,70,64
2014-10-09 17:00:00,221,128,93
2014-10-09 18:00:00,302,146,156
2014-10-09 19:00:00,112,40,72
2014-10-09 20:00:00,21,9,12
2014-10-09 21:00:00,10,2,8
2014-10-09 22:00:00,6,4,2
2014-10-09 23:00:00,2,2,0
2014-10-10 00:00:00,2,2,0
2014-10-10 01:00:00,2,1,1
2014-10-10 02:00:00,0,0,0
2014-10-10 03:00:00,0,0,0
2014-10-10 04:00:00,0,0,0
2014-10-10 05:00:00,7,3,4
2014-10-10 06:00:00,55,34,21
2014-10-10 07:00:00,87,43,44
2014-10-10 08:00:00,118,59,59
2014-10-10 09:00:00,97,45,52
2014-10-10 10:00:00,91,48,43
2014-10-10 11:00:00,118,62,56
2014-10-10 12:00:00,212,101,111
2014-10-10 13:00:00,127,63,64
2014-10-10 14:00:00,89,43,46
2014-10-10 15:00:00,99,38,61
2014-10-10 16:00:00,125,60,65
2014-10-10 17:00:00,131,64,67
2014-10-10 18:00:00,115,57,58
2014-10-10 19:00:00,48,17,31
2014-10-10 20:00:00,22,13,9
2014-10-10 21:00:00,12,6,6
2014-10-10 22:00:00,10,6,4
2014-10-10 23:00:00,5,3,2
2014-10-11 00:00:00,4,0,4
2014-10-11 01:00:00,2,2,0
2014-10-11 02:00:00,2,1,1
2014-10-11 03:00:00,1,1,0
2014-10-11 04:00:00,0,0,0
2014-10-11 05:00:00,0,0,0
2014-10-11 06:00:00,8,7,1
2014-10-11 07:00:00,50,32,18
2014-10-11 08:00:00,109,55,54
2014-10-11 09:00:00,153,80,73
2014-10-11 10:00:00,167,81,86
2014-10-11 11:00:00,197,96,101
2014-10-11 12:00:00,125,42,83
2014-10-11 13:00:00,53,26,27
2014-10-11 14:00:00,121,49,72
2014-10-11 15:00:00,170,79,91
2014-10-11 16:00:00,202,98,104
2014-10-11 17:00:00,182,61,121
2014-10-11 18:00:00,89,53,36
2014-10-11 19:00:00,50,20,30
2014-10-11 20:00:00,13,6,7
2014-10-11 21:00:00,3,1,2
2014-10-11 22:00:00,5,1,4
2014-10-11 23:00:00,5,3,2
2014-10-12 00:00:00,3,1,2
2014-10-12 01:00:00,0,0,0
2014-10-12 02:00:00,0,0,0
2014-10-12 03:00:00,3,2,1
2014-10-12 04:00:00,0,0,0
2014-10-12 05:00:00,2,1,1
2014-10-12 06:00:00,21,13,8
2014-10-12 07:00:00,45,28,17
2014-10-12 08:00:00,138,77,61
2014-10-12 09:00:00,191,101,90
2014-10-12 10:00:00,173,79,94
2014-10-12 11:00:00,180,82,98
2014-10-12 12:00:00,172,73,99
2014-10-12 13:00:00,149,67,82
2014-10-12 14:00:00,131,59,72
2014-10-12 15:00:00,129,68,61
2014-10-12 16:00:00,118,51,67
2014-10-12 17:00:00,161,86,75
2014-10-12 18:00:00,100,41,59
2014-10-12 19:00:00,31,10,21
2014-10-12 20:00:00,9,4,5
2014-10-12 21:00:00,3,1,2
2014-10-12 22:00:00,9,9,0
2014-10-12 23:00:00,5,3,2
2014-10-13 00:00:00,1,0,1
2014-10-13 01:00:00,0,0,0
2014-10-13 02:00:00,0,0,0
2014-10-13 03:00:00,0,0,0
2014-10-13 04:00:00,0,0,0
2014-10-13 05:00:00,17,9,8
2014-10-13 06:00:00,63,37,26
2014-10-13 07:00:00,82,38,44
2014-10-13 08:00:00,109,50,59
2014-10-13 09:00:00,113,52,61
2014-10-13 10:00:00,114,53,61
2014-10-13 11:00:00,151,77,74
2014-10-13 12:00:00,179,0,179
2014-10-13 13:00:00,237,116,121
2014-10-13 14:00:00,87,0,87
2014-10-13 15:00:00,64,0,64
2014-10-13 16:00:00,71,0,71
2014-10-13 17:00:00,90,0,90
2014-10-13 18:00:00,100,0,100
2014-10-13 19:00:00,44,0,44
2014-10-13 20:00:00,6,0,6
2014-10-13 21:00:00,3,1,2
2014-10-13 22:00:00,3,0,3
2014-10-13 23:00:00,2,1,1
2014-10-14 00:00:00,1,0,1
2014-10-14 01:00:00,0,0,0
2014-10-14 02:00:00,0,0,0
2014-10-14 03:00:00,0,0,0
2014-10-14 04:00:00,2,1,1
2014-10-14 05:00:00,3,0,3
2014-10-14 06:00:00,39,0,39
2014-10-14 07:00:00,121,58,63
2014-10-14 08:00:00,66,0,66
2014-10-14 09:00:00,35,0,35
2014-10-14 10:00:00,30,0,30
2014-10-14 11:00:00,56,0,56
2014-10-14 12:00:00,162,0,162
2014-10-14 13:00:00,97,0,97
2014-10-14 14:00:00,130,59,71
2014-10-14 15:00:00,47,0,47
2014-10-14 16:00:00,65,0,65
2014-10-14 17:00:00,171,93,78
2014-10-14 18:00:00,198,101,97
2014-10-14 19:00:00,68,23,45
2014-10-14 20:00:00,25,12,13
2014-10-14 21:00:00,9,2,7
2014-10-14 22:00:00,15,9,6
2014-10-14 23:00:00,1,1,0
2014-10-15 00:00:00,1,0,1
2014-10-15 01:00:00,0,0,0
2014-10-15 02:00:00,0,0,0
2014-10-15 03:00:00,0,0,0
2014-10-15 04:00:00,2,0,2
2014-10-15 05:00:00,10,7,3
2014-10-15 06:00:00,63,38,25
2014-10-15 07:00:00,116,52,64
2014-10-15 08:00:00,54,16,38
2014-10-15 09:00:00,51,19,32
2014-10-15 10:00:00,56,26,30
2014-10-15 11:00:00,58,30,28
2014-10-15 12:00:00,71,0,71
2014-10-15 13:00:00,59,26,33
2014-10-15 14:00:00,29,0,29
2014-10-15 15:00:00,44,0,44
2014-10-15 16:00:00,60,0,60
2014-10-15 17:00:00,78,0,78
2014-10-15 18:00:00,111,0,111
2014-10-15 19:00:00,37,0,37
2014-10-15 20:00:00,4,0,4
2014-10-15 21:00:00,6,0,6
2014-10-15 22:00:00,3,0,3
2014-10-15 23:00:00,3,0,3
2014-10-16 00:00:00,0,0,0
2014-10-16 01:00:00,0,0,0
2014-10-16 02:00:00,0,0,0
2014-10-16 03:00:00,0,0,0
2014-10-16 04:00:00,7,5,2
2014-10-16 05:00:00,4,3,1
2014-10-16 06:00:00,48,26,22
2014-10-16 07:00:00,75,37,38
2014-10-16 08:00:00,83,40,43
2014-10-16 09:00:00,85,39,46
2014-10-16 10:00:00,46,0,46
2014-10-16 11:00:00,68,0,68
2014-10-16 12:00:00,126,0,126
2014-10-16 13:00:00,287,124,163
2014-10-16 14:00:00,87,0,87
2014-10-16 15:00:00,89,0,89
2014-10-16 16:00:00,82,0,82
2014-10-16 17:00:00,104,0,104
2014-10-16 18:00:00,137,0,137
2014-10-16 19:00:00,88,33,55
2014-10-16 20:00:00,10,0,10
2014-10-16 21:00:00,4,0,4
2014-10-16 22:00:00,4,1,3
2014-10-16 23:00:00,0,0,0
2014-10-17 00:00:00,2,1,1
2014-10-17 01:00:00,0,0,0
2014-10-17 02:00:00,0,0,0
2014-10-17 03:00:00,1,1,0
2014-10-17 04:00:00,2,0,2
2014-10-17 05:00:00,2,1,1
2014-10-17 06:00:00,11,0,11
2014-10-17 07:00:00,57,26,31
2014-10-17 08:00:00,41,0,41
2014-10-17 09:00:00,50,0,50
2014-10-17 10:00:00,66,30,36
2014-10-17 11:00:00,82,43,39
2014-10-17 12:00:00,154,82,72
2014-10-17 13:00:00,114,53,61
2014-10-17 14:00:00,61,26,35
2014-10-17 15:00:00,35,19,16
2014-10-17 16:00:00,20,0,20
2014-10-17 17:00:00,74,40,34
2014-10-17 18:00:00,68,30,38
2014-10-17 19:00:00,29,14,15
2014-10-17 20:00:00,15,8,7
2014-10-17 21:00:00,6,4,2
2014-10-17 22:00:00,7,4,3
2014-10-17 23:00:00,5,3,2
2014-10-18 00:00:00,4,2,2
2014-10-18 01:00:00,3,2,1
2014-10-18 02:00:00,3,1,2
2014-10-18 03:00:00,1,0,1
2014-10-18 04:00:00,4,3,1
2014-10-18 05:00:00,2,0,2
2014-10-18 06:00:00,14,11,3
2014-10-18 07:00:00,36,18,18
2014-10-18 08:00:00,90,47,43
2014-10-18 09:00:00,163,85,78
2014-10-18 10:00:00,203,94,109
2014-10-18 11:00:00,185,90,95
2014-10-18 12:00:00,147,66,81
2014-10-18 13:00:00,133,62,71
2014-10-18 14:00:00,172,87,85
2014-10-18 15:00:00,160,80,80
2014-10-18 16:00:00,178,81,97
2014-10-18 17:00:00,143,71,72
2014-10-18 18:00:00,166,72,94
2014-10-18 19:00:00,50,16,34
2014-10-18 20:00:00,10,6,4
2014-10-18 21:00:00,16,8,8
2014-10-18 22:00:00,11,4,7
2014-10-18 23:00:00,5,3,2
2014-10-19 00:00:00,1,0,1
2014-10-19 01:00:00,2,0,2
2014-10-19 02:00:00,5,2,3
2014-10-19 03:00:00,4,0,4
2014-10-19 04:00:00,1,0,1
2014-10-19 05:00:00,1,1,0
2014-10-19 06:00:00,11,6,5
2014-10-19 07:00:00,44,25,19
2014-10-19 08:00:00,147,73,74
2014-10-19 09:00:00,200,105,95
2014-10-19 10:00:00,190,89,101
2014-10-19 11:00:00,211,101,110
2014-10-19 12:00:00,198,96,102
2014-10-19 13:00:00,274,139,135
2014-10-19 14:00:00,300,163,137
2014-10-19 15:00:00,358,160,198
2014-10-19 16:00:00,357,182,175
2014-10-19 17:00:00,330,145,185
2014-10-19 18:00:00,248,104,144
2014-10-19 19:00:00,68,25,43
2014-10-19 20:00:00,10,3,7
2014-10-19 21:00:00,8,5,3
2014-10-19 22:00:00,13,9,4
2014-10-19 23:00:00,5,1,4
2014-10-20 00:00:00,2,1,1
2014-10-20 01:00:00,1,1,0
2014-10-20 02:00:00,1,0,1
2014-10-20 03:00:00,0,0,0
2014-10-20 04:00:00,0,0,0
2014-10-20 05:00:00,9,7,2
2014-10-20 06:00:00,40,23,17
2014-10-20 07:00:00,45,18,27
2014-10-20 08:00:00,72,36,36
2014-10-20 09:00:00,60,35,25
2014-10-20 10:00:00,81,40,41
2014-10-20 11:00:00,111,51,60
2014-10-20 12:00:00,217,117,100
2014-10-20 13:00:00,148,70,78
2014-10-20 14:00:00,69,38,31
2014-10-20 15:00:00,53,0,53
2014-10-20 16:00:00,63,0,63
2014-10-20 17:00:00,102,0,102
2014-10-20 18:00:00,123,0,123
2014-10-20 19:00:00,45,0,45
2014-10-20 20:00:00,18,0,18
2014-10-20 21:00:00,8,0,8
2014-10-20 22:00:00,2,0,2
2014-10-20 23:00:00,1,0,1
2014-10-21 00:00:00,4,2,2
2014-10-21 01:00:00,0,0,0
2014-10-21 02:00:00,2,2,0
2014-10-21 03:00:00,1,0,1
2014-10-21 04:00:00,0,0,0
2014-10-21 05:00:00,11,7,4
2014-10-21 06:00:00,67,35,32
2014-10-21 07:00:00,103,50,53
2014-10-21 08:00:00,124,54,70
2014-10-21 09:00:00,76,38,38
2014-10-21 10:00:00,70,38,32
2014-10-21 11:00:00,122,64,58
2014-10-21 12:00:00,316,167,149
2014-10-21 13:00:00,155,63,92
2014-10-21 14:00:00,104,51,53
2014-10-21 15:00:00,80,37,43
2014-10-21 16:00:00,97,51,46
2014-10-21 17:00:00,171,86,85
2014-10-21 18:00:00,188,95,93
2014-10-21 19:00:00,48,20,28
2014-10-21 20:00:00,31,13,18
2014-10-21 21:00:00,9,3,6
2014-10-21 22:00:00,10,4,6
2014-10-21 23:00:00,6,2,4
2014-10-22 00:00:00,3,2,1
2014-10-22 01:00:00,3,0,3
2014-10-22 02:00:00,0,0,0
2014-10-22 03:00:00,0,0,0
2014-10-22 04:00:00,3,3,0
2014-10-22 05:00:00,10,4,6
2014-10-22 06:00:00,14,9,5
2014-10-22 07:00:00,38,19,19
2014-10-22 08:00:00,49,24,25
2014-10-22 09:00:00,56,29,27
2014-10-22 10:00:00,24,9,15
2014-10-22 11:00:00,37,19,18
2014-10-22 12:00:00,92,46,46
2014-10-22 13:00:00,45,20,25
2014-10-22 14:00:00,29,15,14
2014-10-22 15:00:00,46,24,22
2014-10-22 16:00:00,52,27,25
2014-10-22 17:00:00,45,22,23
2014-10-22 18:00:00,55,34,21
2014-10-22 19:00:00,31,10,21
2014-10-22 20:00:00,10,4,6
2014-10-22 21:00:00,7,4,3
2014-10-22 22:00:00,5,3,2
2014-10-22 23:00:00,4,2,2
2014-10-23 00:00:00,0,0,0
2014-10-23 01:00:00,1,1,0
2014-10-23 02:00:00,0,0,0
2014-10-23 03:00:00,0,0,0
2014-10-23 04:00:00,2,1,1
2014-10-23 05:00:00,12,7,5
2014-10-23 06:00:00,50,27,23
2014-10-23 07:00:00,64,29,35
2014-10-23 08:00:00,66,31,35
2014-10-23 09:00:00,49,26,23
2014-10-23 10:00:00,46,25,21
2014-10-23 11:00:00,83,48,35
2014-10-23 12:00:00,245,121,124
2014-10-23 13:00:00,154,59,95
2014-10-23 14:00:00,54,31,23
2014-10-23 15:00:00,72,37,35
2014-10-23 16:00:00,47,23,24
2014-10-23 17:00:00,125,68,57
2014-10-23 18:00:00,142,70,72
2014-10-23 19:00:00,42,18,24
2014-10-23 20:00:00,23,11,12
2014-10-23 21:00:00,2,0,2
2014-10-23 22:00:00,1,1,0
2014-10-23 23:00:00,3,1,2
2014-10-24 00:00:00,0,0,0
2014-10-24 01:00:00,0,0,0
2014-10-24 02:00:00,0,0,0
2014-10-24 03:00:00,0,0,0
2014-10-24 04:00:00,1,0,1
2014-10-24 05:00:00,7,5,2
2014-10-24 06:00:00,30,14,16
2014-10-24 07:00:00,54,28,26
2014-10-24 08:00:00,85,41,44
2014-10-24 09:00:00,88,41,47
2014-10-24 10:00:00,101,50,51
2014-10-24 11:00:00,115,56,59
2014-10-24 12:00:00,240,125,115
2014-10-24 13:00:00,170,82,88
2014-10-24 14:00:00,95,41,54
2014-10-24 15:00:00,99,44,55
2014-10-24 16:00:00,98,46,52
2014-10-24 17:00:00,120,70,50
2014-10-24 18:00:00,122,59,63
2014-10-24 19:00:00,31,15,16
2014-10-24 20:00:00,12,6,6
2014-10-24 21:00:00,3,3,0
2014-10-24 22:00:00,1,1,0
2014-10-24 23:00:00,4,2,2
2014-10-25 00:00:00,0,0,0
2014-10-25 01:00:00,3,1,2
2014-10-25 02:00:00,0,0,0
2014-10-25 03:00:00,0,0,0
2014-10-25 04:00:00,1,1,0
2014-10-25 05:00:00,5,4,1
2014-10-25 06:00:00,7,5,2
2014-10-25 07:00:00,25,14,11
2014-10-25 08:00:00,86,48,38
2014-10-25 09:00:00,100,49,51
2014-10-25 10:00:00,160,96,64
2014-10-25 11:00:00,174,71,103
2014-10-25 12:00:00,125,52,73
2014-10-25 13:00:00,90,45,45
2014-10-25 14:00:00,81,37,44
2014-10-25 15:00:00,51,29,22
2014-10-25 16:00:00,38,13,25
2014-10-25 17:00:00,64,30,34
2014-10-25 18:00:00,20,12,8
2014-10-25 19:00:00,3,1,2
2014-10-25 20:00:00,2,1,1
2014-10-25 21:00:00,1,0,1
2014-10-25 22:00:00,2,1,1
2014-10-25 23:00:00,1,1,0
2014-10-26 00:00:00,3,1,2
2014-10-26 01:00:00,2,1,1
2014-10-26 02:00:00,3,0,3
2014-10-26 03:00:00,0,0,0
2014-10-26 04:00:00,0,0,0
2014-10-26 05:00:00,1,1,0
2014-10-26 06:00:00,5,2,3
2014-10-26 07:00:00,15,11,4
2014-10-26 08:00:00,85,49,36
2014-10-26 09:00:00,131,69,62
2014-10-26 10:00:00,154,77,77
2014-10-26 11:00:00,131,55,76
2014-10-26 12:00:00,90,44,46
2014-10-26 13:00:00,101,49,52
2014-10-26 14:00:00,84,37,47
2014-10-26 15:00:00,142,62,80
2014-10-26 16:00:00,218,112,106
2014-10-26 17:00:00,230,110,120
2014-10-26 18:00:00,145,56,89
2014-10-26 19:00:00,23,9,14
2014-10-26 20:00:00,13,7,6
2014-10-26 21:00:00,4,2,2
2014-10-26 22:00:00,4,2,2
2014-10-26 23:00:00,7,3,4
2014-10-27 00:00:00,0,0,0
2014-10-27 01:00:00,0,0,0
2014-10-27 02:00:00,1,0,1
2014-10-27 03:00:00,0,0,0
2014-10-27 04:00:00,1,1,0
2014-10-27 05:00:00,6,3,3
2014-10-27 06:00:00,50,29,21
2014-10-27 07:00:00,63,31,32
2014-10-27 08:00:00,100,47,53
2014-10-27 09:00:00,82,28,54
2014-10-27 10:00:00,103,57,46
2014-10-27 11:00:00,159,75,84
2014-10-27 12:00:00,328,159,169
2014-10-27 13:00:00,208,99,109
2014-10-27 14:00:00,160,68,92
2014-10-27 15:00:00,120,58,62
2014-10-27 16:00:00,152,70,82
2014-10-27 17:00:00,162,90,72
2014-10-27 18:00:00,143,72,71
2014-10-27 19:00:00,52,22,30
2014-10-27 20:00:00,18,9,9
2014-10-27 21:00:00,16,8,8
2014-10-27 22:00:00,10,4,6
2014-10-27 23:00:00,2,1,1
2014-10-28 00:00:00,0,0,0
2014-10-28 01:00:00,1,1,0
2014-10-28 02:00:00,0,0,0
2014-10-28 03:00:00,0,0,0
2014-10-28 04:00:00,0,0,0
2014-10-28 05:00:00,2,1,1
2014-10-28 06:00:00,48,25,23
2014-10-28 07:00:00,47,25,22
2014-10-28 08:00:00,33,14,19
2014-10-28 09:00:00,34,12,22
2014-10-28 10:00:00,18,10,8
2014-10-28 11:00:00,26,16,10
2014-10-28 12:00:00,124,57,67
2014-10-28 13:00:00,59,28,31
2014-10-28 14:00:00,52,30,22
2014-10-28 15:00:00,59,29,30
2014-10-28 16:00:00,111,55,56
2014-10-28 17:00:00,163,88,75
2014-10-28 18:00:00,152,64,88
2014-10-28 19:00:00,33,10,23
2014-10-28 20:00:00,24,15,9
2014-10-28 21:00:00,4,2,2
2014-10-28 22:00:00,4,1,3
2014-10-28 23:00:00,0,0,0
2014-10-29 00:00:00,2,1,1
2014-10-29 01:00:00,0,0,0
2014-10-29 02:00:00,2,1,1
2014-10-29 03:00:00,0,0,0
2014-10-29 04:00:00,0,0,0
2014-10-29 05:00:00,11,6,5
2014-10-29 06:00:00,52,31,21
2014-10-29 07:00:00,58,0,58
2014-10-29 08:00:00,78,34,44
2014-10-29 09:00:00,52,0,52
2014-10-29 10:00:00,48,0,48
2014-10-29 11:00:00,75,0,75
2014-10-29 12:00:00,135,0,135
2014-10-29 13:00:00,231,97,134
2014-10-29 14:00:00,162,75,87
2014-10-29 15:00:00,144,64,80
2014-10-29 16:00:00,70,0,70
2014-10-29 17:00:00,218,120,98
2014-10-29 18:00:00,92,0,92
2014-10-29 19:00:00,27,0,27
2014-10-29 20:00:00,14,0,14
2014-10-29 21:00:00,7,0,7
2014-10-29 22:00:00,7,3,4
2014-10-29 23:00:00,4,4,0
2014-10-30 00:00:00,4,2,2
2014-10-30 01:00:00,0,0,0
2014-10-30 02:00:00,1,1,0
2014-10-30 03:00:00,1,0,1
2014-10-30 04:00:00,1,0,1
2014-10-30 05:00:00,3,0,3
2014-10-30 06:00:00,31,0,31
2014-10-30 07:00:00,42,0,42
2014-10-30 08:00:00,86,38,48
2014-10-30 09:00:00,38,0,38
2014-10-30 10:00:00,24,0,24
2014-10-30 11:00:00,24,0,24
2014-10-30 12:00:00,63,0,63
2014-10-30 13:00:00,30,0,30
2014-10-30 14:00:00,29,0,29
2014-10-30 15:00:00,14,0,14
2014-10-30 16:00:00,68,32,36
2014-10-30 17:00:00,43,0,43
2014-10-30 18:00:00,22,0,22
2014-10-30 19:00:00,9,0,9
2014-10-30 20:00:00,3,0,3
2014-10-30 21:00:00,3,0,3
2014-10-30 22:00:00,8,2,6
2014-10-30 23:00:00,2,1,1
2014-10-31 00:00:00,1,0,1
2014-10-31 01:00:00,0,0,0
2014-10-31 02:00:00,0,0,0
2014-10-31 03:00:00,0,0,0
2014-10-31 04:00:00,0,0,0
2014-10-31 05:00:00,0,0,0
2014-10-31 06:00:00,15,0,15
2014-10-31 07:00:00,15,0,15
2014-10-31 08:00:00,14,0,14
2014-10-31 09:00:00,28,9,19
2014-10-31 10:00:00,21,13,8
2014-10-31 11:00:00,45,25,20
2014-10-31 12:00:00,114,62,52
2014-10-31 13:00:00,75,31,44
2014-10-31 14:00:00,69,30,39
2014-10-31 15:00:00,76,35,41
2014-10-31 16:00:00,86,41,45
2014-10-31 17:00:00,151,78,73
2014-10-31 18:00:00,153,68,85
2014-10-31 19:00:00,18,9,9
2014-10-31 20:00:00,10,3,7
2014-10-31 21:00:00,4,1,3
2014-10-31 22:00:00,20,11,9
2014-10-31 23:00:00,2,1,1
2014-11-01 00:00:00,6,0,6
2014-11-01 01:00:00,0,0,0
2014-11-01 02:00:00,1,1,0
2014-11-01 03:00:00,1,0,1
2014-11-01 04:00:00,4,2,2
2014-11-01 05:00:00,3,1,2
2014-11-01 06:00:00,8,4,4
2014-11-01 07:00:00,25,11,14
2014-11-01 08:00:00,89,49,40
2014-11-01 09:00:00,162,90,72
2014-11-01 10:00:00,144,69,75
2014-11-01 11:00:00,147,67,80
2014-11-01 12:00:00,113,53,60
2014-11-01 13:00:00,133,56,77
2014-11-01 14:00:00,171,78,93
2014-11-01 15:00:00,167,89,78
2014-11-01 16:00:00,158,86,72
2014-11-01 17:00:00,177,88,89
2014-11-01 18:00:00,128,52,76
2014-11-01 19:00:00,25,10,15
2014-11-01 20:00:00,18,8,10
2014-11-01 21:00:00,9,6,3
2014-11-01 22:00:00,4,2,2
2014-11-01 23:00:00,7,3,4
2014-11-02 00:00:00,12,4,8
2014-11-02 01:00:00,5,2,3
2014-11-02 02:00:00,2,0,2
2014-11-02 03:00:00,0,0,0
2014-11-02 04:00:00,2,2,0
2014-11-02 05:00:00,1,1,0
2014-11-02 06:00:00,9,4,5
2014-11-02 07:00:00,56,35,21
2014-11-02 08:00:00,140,73,67
2014-11-02 09:00:00,209,112,97
2014-11-02 10:00:00,203,95,108
2014-11-02 11:00:00,183,82,101
2014-11-02 12:00:00,171,62,109
2014-11-02 13:00:00,99,46,53
2014-11-02 14:00:00,66,29,37
2014-11-02 15:00:00,57,25,32
2014-11-02 16:00:00,60,30,30
2014-11-02 17:00:00,41,24,17
2014-11-02 18:00:00,13,5,8
2014-11-02 19:00:00,7,7,0
2014-11-02 20:00:00,10,5,5
2014-11-02 21:00:00,12,6,6
2014-11-02 22:00:00,4,3,1
2014-11-02 23:00:00,2,1,1
2014-11-03 00:00:00,2,0,2
2014-11-03 01:00:00,0,0,0
2014-11-03 02:00:00,1,0,1
2014-11-03 03:00:00,0,0,0
2014-11-03 04:00:00,0,0,0
2014-11-03 05:00:00,12,5,7
2014-11-03 06:00:00,52,28,24
2014-11-03 07:00:00,106,48,58
2014-11-03 08:00:00,81,34,47
2014-11-03 09:00:00,34,17,17
2014-11-03 10:00:00,50,26,24
2014-11-03 11:00:00,96,48,48
2014-11-03 12:00:00,185,86,99
2014-11-03 13:00:00,105,45,60
2014-11-03 14:00:00,67,32,35
2014-11-03 15:00:00,41,19,22
2014-11-03 16:00:00,56,33,23
2014-11-03 17:00:00,69,41,28
2014-11-03 18:00:00,52,30,22
2014-11-03 19:00:00,28,12,16
2014-11-03 20:00:00,15,10,5
2014-11-03 21:00:00,4,3,1
2014-11-03 22:00:00,6,2,4
2014-11-03 23:00:00,7,3,4
2014-11-04 00:00:00,0,0,0
2014-11-04 01:00:00,0,0,0
2014-11-04 02:00:00,0,0,0
2014-11-04 03:00:00,0,0,0
2014-11-04 04:00:00,0,0,0
2014-11-04 05:00:00,10,7,3
2014-11-04 06:00:00,52,27,25
2014-11-04 07:00:00,77,39,38
2014-11-04 08:00:00,106,43,63
2014-11-04 09:00:00,71,33,38
2014-11-04 10:00:00,54,25,29
2014-11-04 11:00:00,76,41,35
2014-11-04 12:00:00,261,140,121
2014-11-04 13:00:00,144,59,85
2014-11-04 14:00:00,104,50,54
2014-11-04 15:00:00,104,54,50
2014-11-04 16:00:00,123,66,57
2014-11-04 17:00:00,126,69,57
2014-11-04 18:00:00,65,26,39
2014-11-04 19:00:00,48,26,22
2014-11-04 20:00:00,18,7,11
2014-11-04 21:00:00,11,7,4
2014-11-04 22:00:00,8,2,6
2014-11-04 23:00:00,5,4,1
2014-11-05 00:00:00,1,0,1
2014-11-05 01:00:00,2,1,1
2014-11-05 02:00:00,2,2,0
2014-11-05 03:00:00,0,0,0
2014-11-05 04:00:00,3,1,2
2014-11-05 05:00:00,16,13,3
2014-11-05 06:00:00,149,82,67
2014-11-05 07:00:00,122,55,67
2014-11-05 08:00:00,127,53,74
2014-11-05 09:00:00,74,37,37
2014-11-05 10:00:00,60,27,33
2014-11-05 11:00:00,105,57,48
2014-11-05 12:00:00,253,133,120
2014-11-05 13:00:00,110,37,73
2014-11-05 14:00:00,68,35,33
2014-11-05 15:00:00,97,52,45
2014-11-05 16:00:00,64,24,40
2014-11-05 17:00:00,56,37,19
2014-11-05 18:00:00,73,44,29
2014-11-05 19:00:00,26,11,15
2014-11-05 20:00:00,11,4,7
2014-11-05 21:00:00,7,5,2
2014-11-05 22:00:00,7,3,4
2014-11-05 23:00:00,3,1,2
2014-11-06 00:00:00,0,0,0
2014-11-06 01:00:00,1,1,0
2014-11-06 02:00:00,0,0,0
2014-11-06 03:00:00,0,0,0
2014-11-06 04:00:00,3,1,2
2014-11-06 05:00:00,13,7,6
2014-11-06 06:00:00,58,29,29
2014-11-06 07:00:00,103,51,52
2014-11-06 08:00:00,36,16,20
2014-11-06 09:00:00,43,24,19
2014-11-06 10:00:00,81,48,33
2014-11-06 11:00:00,99,48,51
2014-11-06 12:00:00,131,60,71
2014-11-06 13:00:00,45,20,25
2014-11-06 14:00:00,46,27,19
2014-11-06 15:00:00,56,29,27
2014-11-06 16:00:00,83,44,39
2014-11-06 17:00:00,83,43,40
2014-11-06 18:00:00,52,29,23
2014-11-06 19:00:00,11,4,7
2014-11-06 20:00:00,11,6,5
2014-11-06 21:00:00,10,7,3
2014-11-06 22:00:00,3,1,2
2014-11-06 23:00:00,6,4,2
2014-11-07 00:00:00,5,2,3
2014-11-07 01:00:00,2,1,1
2014-11-07 02:00:00,1,0,1
2014-11-07 03:00:00,0,0,0
2014-11-07 04:00:00,1,0,1
2014-11-07 05:00:00,5,3,2
2014-11-07 06:00:00,59,36,23
2014-11-07 07:00:00,105,53,52
2014-11-07 08:00:00,137,62,75
2014-11-07 09:00:00,139,60,79
2014-11-07 10:00:00,149,66,83
2014-11-07 11:00:00,175,99,76
2014-11-07 12:00:00,299,157,142
2014-11-07 13:00:00,261,133,128
2014-11-07 14:00:00,164,80,84
2014-11-07 15:00:00,237,113,124
2014-11-07 16:00:00,228,103,125
2014-11-07 17:00:00,125,60,65
2014-11-07 18:00:00,53,21,32
2014-11-07 19:00:00,19,9,10
2014-11-07 20:00:00,11,5,6
2014-11-07 21:00:00,16,7,9
2014-11-07 22:00:00,14,5,9
2014-11-07 23:00:00,2,1,1
2014-11-08 00:00:00,9,6,3
2014-11-08 01:00:00,1,0,1
2014-11-08 02:00:00,1,1,0
2014-11-08 03:00:00,1,0,1
2014-11-08 04:00:00,0,0,0
2014-11-08 05:00:00,1,1,0
2014-11-08 06:00:00,12,7,5
2014-11-08 07:00:00,57,33,24
2014-11-08 08:00:00,174,99,75
2014-11-08 09:00:00,172,92,80
2014-11-08 10:00:00,241,112,129
2014-11-08 11:00:00,232,111,121
2014-11-08 12:00:00,186,83,103
2014-11-08 13:00:00,215,93,122
2014-11-08 14:00:00,242,106,136
2014-11-08 15:00:00,226,98,128
2014-11-08 16:00:00,234,106,128
2014-11-08 17:00:00,117,44,73
2014-11-08 18:00:00,26,11,15
2014-11-08 19:00:00,20,11,9
2014-11-08 20:00:00,7,4,3
2014-11-08 21:00:00,14,4,10
2014-11-08 22:00:00,5,2,3
2014-11-08 23:00:00,2,0,2
2014-11-09 00:00:00,4,2,2
2014-11-09 01:00:00,1,0,1
2014-11-09 02:00:00,0,0,0
2014-11-09 03:00:00,0,0,0
2014-11-09 04:00:00,0,0,0
2014-11-09 05:00:00,0,0,0
2014-11-09 06:00:00,5,4,1
2014-11-09 07:00:00,33,18,15
2014-11-09 08:00:00,102,59,43
2014-11-09 09:00:00,119,62,57
2014-11-09 10:00:00,136,67,69
2014-11-09 11:00:00,134,68,66
2014-11-09 12:00:00,143,70,73
2014-11-09 13:00:00,138,53,85
2014-11-09 14:00:00,83,38,45
2014-11-09 15:00:00,110,49,61
2014-11-09 16:00:00,45,21,24
2014-11-09 17:00:00,66,31,35
2014-11-09 18:00:00,10,3,7
2014-11-09 19:00:00,12,6,6
2014-11-09 20:00:00,6,5,1
2014-11-09 21:00:00,3,0,3
2014-11-09 22:00:00,5,3,2
2014-11-09 23:00:00,2,1,1
2014-11-10 00:00:00,2,0,2
2014-11-10 01:00:00,1,1,0
2014-11-10 02:00:00,3,3,0
2014-11-10 03:00:00,0,0,0
2014-11-10 04:00:00,1,0,1
2014-11-10 05:00:00,8,7,1
2014-11-10 06:00:00,59,35,24
2014-11-10 07:00:00,86,41,45
2014-11-10 08:00:00,137,61,76
2014-11-10 09:00:00,108,51,57
2014-11-10 10:00:00,73,38,35
2014-11-10 11:00:00,132,70,62
2014-11-10 12:00:00,340,179,161
2014-11-10 13:00:00,269,124,145
2014-11-10 14:00:00,175,96,79
2014-11-10 15:00:00,283,169,114
2014-11-10 16:00:00,211,95,116
2014-11-10 17:00:00,138,54,84
2014-11-10 18:00:00,48,28,20
2014-11-10 19:00:00,25,12,13
2014-11-10 20:00:00,12,6,6
2014-11-10 21:00:00,14,8,6
2014-11-10 22:00:00,3,2,1
2014-11-10 23:00:00,5,2,3
2014-11-11 00:00:00,1,0,1
2014-11-11 01:00:00,0,0,0
2014-11-11 02:00:00,0,0,0
2014-11-11 03:00:00,0,0,0
2014-11-11 04:00:00,2,1,1
2014-11-11 05:00:00,16,11,5
2014-11-11 06:00:00,101,61,40
2014-11-11 07:00:00,139,56,83
2014-11-11 08:00:00,120,61,59
2014-11-11 09:00:00,119,52,67
2014-11-11 10:00:00,132,66,66
2014-11-11 11:00:00,164,94,70
2014-11-11 12:00:00,337,170,167
2014-11-11 13:00:00,294,132,162
2014-11-11 14:00:00,188,91,97
2014-11-11 15:00:00,274,129,145
2014-11-11 16:00:00,204,117,87
2014-11-11 17:00:00,118,50,68
2014-11-11 18:00:00,44,21,23
2014-11-11 19:00:00,9,5,4
2014-11-11 20:00:00,14,10,4
2014-11-11 21:00:00,8,4,4
2014-11-11 22:00:00,0,0,0
2014-11-11 23:00:00,3,0,3
2014-11-12 00:00:00,0,0,0
2014-11-12 01:00:00,0,0,0
2014-11-12 02:00:00,0,0,0
2014-11-12 03:00:00,0,0,0
2014-11-12 04:00:00,1,1,0
2014-11-12 05:00:00,8,6,2
2014-11-12 06:00:00,76,44,32
2014-11-12 07:00:00,94,40,54
2014-11-12 08:00:00,84,35,49
2014-11-12 09:00:00,63,26,37
2014-11-12 10:00:00,65,36,29
2014-11-12 11:00:00,84,48,36
2014-11-12 12:00:00,277,144,133
2014-11-12 13:00:00,192,85,107
2014-11-12 14:00:00,126,61,65
2014-11-12 15:00:00,193,97,96
2014-11-12 16:00:00,191,112,79
2014-11-12 17:00:00,109,52,57
2014-11-12 18:00:00,43,24,19
2014-11-12 19:00:00,22,16,6
2014-11-12 20:00:00,10,4,6
2014-11-12 21:00:00,9,2,7
2014-11-12 22:00:00,1,0,1
2014-11-12 23:00:00,0,0,0
2014-11-13 00:00:00,1,0,1
2014-11-13 01:00:00,0,0,0
2014-11-13 02:00:00,2,2,0
2014-11-13 03:00:00,1,0,1
2014-11-13 04:00:00,1,0,1
2014-11-13 05:00:00,4,4,0
2014-11-13 06:00:00,61,36,25
2014-11-13 07:00:00,107,50,57
2014-11-13 08:00:00,105,45,60
2014-11-13 09:00:00,73,31,42
2014-11-13 10:00:00,83,41,42
2014-11-13 11:00:00,116,60,56
2014-11-13 12:00:00,228,115,113
2014-11-13 13:00:00,175,77,98
2014-11-13 14:00:00,115,49,66
2014-11-13 15:00:00,220,95,125
2014-11-13 16:00:00,145,75,70
2014-11-13 17:00:00,98,52,46
2014-11-13 18:00:00,44,24,20
2014-11-13 19:00:00,21,13,8
2014-11-13 20:00:00,11,6,5
2014-11-13 21:00:00,9,4,5
2014-11-13 22:00:00,1,0,1
2014-11-13 23:00:00,1,1,0
2014-11-14 00:00:00,0,0,0
2014-11-14 01:00:00,0,0,0
2014-11-14 02:00:00,1,1,0
2014-11-14 03:00:00,0,0,0
2014-11-14 04:00:00,0,0,0
2014-11-14 05:00:00,4,2,2
2014-11-14 06:00:00,39,24,15
2014-11-14 07:00:00,52,29,23
2014-11-14 08:00:00,109,52,57
2014-11-14 09:00:00,107,50,57
2014-11-14 10:00:00,90,42,48
2014-11-14 11:00:00,94,45,49
2014-11-14 12:00:00,217,118,99
2014-11-14 13:00:00,145,62,83
2014-11-14 14:00:00,89,45,44
2014-11-14 15:00:00,246,108,138
2014-11-14 16:00:00,149,55,94
2014-11-14 17:00:00,73,29,44
2014-11-14 18:00:00,27,13,14
2014-11-14 19:00:00,10,7,3
2014-11-14 20:00:00,11,6,5
2014-11-14 21:00:00,11,6,5
2014-11-14 22:00:00,4,0,4
2014-11-14 23:00:00,0,0,0
2014-11-15 00:00:00,0,0,0
2014-11-15 01:00:00,0,0,0
2014-11-15 02:00:00,2,2,0
2014-11-15 03:00:00,1,1,0
2014-11-15 04:00:00,0,0,0
2014-11-15 05:00:00,0,0,0
2014-11-15 06:00:00,7,3,4
2014-11-15 07:00:00,53,31,22
2014-11-15 08:00:00,95,47,48
2014-11-15 09:00:00,153,82,71
2014-11-15 10:00:00,182,83,99
2014-11-15 11:00:00,201,98,103
2014-11-15 12:00:00,214,109,105
2014-11-15 13:00:00,210,97,113
2014-11-15 14:00:00,212,102,110
2014-11-15 15:00:00,363,188,175
2014-11-15 16:00:00,262,104,158
2014-11-15 17:00:00,50,21,29
2014-11-15 18:00:00,8,3,5
2014-11-15 19:00:00,3,3,0
2014-11-15 20:00:00,8,5,3
2014-11-15 21:00:00,3,2,1
2014-11-15 22:00:00,3,1,2
2014-11-15 23:00:00,4,2,2
2014-11-16 00:00:00,0,0,0
2014-11-16 01:00:00,0,0,0
2014-11-16 02:00:00,0,0,0
2014-11-16 03:00:00,0,0,0
2014-11-16 04:00:00,0,0,0
2014-11-16 05:00:00,0,0,0
2014-11-16 06:00:00,7,4,3
2014-11-16 07:00:00,36,23,13
2014-11-16 08:00:00,96,59,37
2014-11-16 09:00:00,159,74,85
2014-11-16 10:00:00,137,60,77
2014-11-16 11:00:00,159,80,79
2014-11-16 12:00:00,176,87,89
2014-11-16 13:00:00,153,64,89
2014-11-16 14:00:00,250,119,131
2014-11-16 15:00:00,458,207,251
2014-11-16 16:00:00,304,125,179
2014-11-16 17:00:00,98,35,63
2014-11-16 18:00:00,15,7,8
2014-11-16 19:00:00,8,7,1
2014-11-16 20:00:00,4,3,1
2014-11-16 21:00:00,2,1,1
2014-11-16 22:00:00,1,0,1
2014-11-16 23:00:00,0,0,0
2014-11-17 00:00:00,0,0,0
2014-11-17 01:00:00,0,0,0
2014-11-17 02:00:00,1,1,0
2014-11-17 03:00:00,0,0,0
2014-11-17 04:00:00,0,0,0
2014-11-17 05:00:00,10,5,5
2014-11-17 06:00:00,50,27,23
2014-11-17 07:00:00,61,32,29
2014-11-17 08:00:00,77,41,36
2014-11-17 09:00:00,63,28,35
2014-11-17 10:00:00,67,33,34
2014-11-17 11:00:00,94,51,43
2014-11-17 12:00:00,251,127,124
2014-11-17 13:00:00,198,92,106
2014-11-17 14:00:00,136,68,68
2014-11-17 15:00:00,218,113,105
2014-11-17 16:00:00,208,92,116
2014-11-17 17:00:00,111,44,67
2014-11-17 18:00:00,60,32,28
2014-11-17 19:00:00,23,13,10
2014-11-17 20:00:00,18,7,11
2014-11-17 21:00:00,9,6,3
2014-11-17 22:00:00,4,3,1
2014-11-17 23:00:00,3,2,1
2014-11-18 00:00:00,1,1,0
2014-11-18 01:00:00,3,1,2
2014-11-18 02:00:00,1,1,0
2014-11-18 03:00:00,0,0,0
2014-11-18 04:00:00,0,0,0
2014-11-18 05:00:00,8,5,3
2014-11-18 06:00:00,57,32,25
2014-11-18 07:00:00,100,45,55
2014-11-18 08:00:00,82,36,46
2014-11-18 09:00:00,72,29,43
2014-11-18 10:00:00,67,33,34
2014-11-18 11:00:00,75,38,37
2014-11-18 12:00:00,260,142,118
2014-11-18 13:00:00,180,72,108
2014-11-18 14:00:00,116,53,63
2014-11-18 15:00:00,105,57,48
2014-11-18 16:00:00,94,49,45
2014-11-18 17:00:00,94,44,50
2014-11-18 18:00:00,53,32,21
2014-11-18 19:00:00,40,20,20
2014-11-18 20:00:00,22,11,11
2014-11-18 21:00:00,14,7,7
2014-11-18 22:00:00,4,2,2
2014-11-18 23:00:00,4,2,2
2014-11-19 00:00:00,3,0,3
2014-11-19 01:00:00,0,0,0
2014-11-19 02:00:00,2,1,1
2014-11-19 03:00:00,0,0,0
2014-11-19 04:00:00,0,0,0
2014-11-19 05:00:00,11,7,4
2014-11-19 06:00:00,49,26,23
2014-11-19 07:00:00,101,41,60
2014-11-19 08:00:00,86,47,39
2014-11-19 09:00:00,60,28,32
2014-11-19 10:00:00,84,34,50
2014-11-19 11:00:00,97,50,47
2014-11-19 12:00:00,236,124,112
2014-11-19 13:00:00,157,70,87
2014-11-19 14:00:00,102,51,51
2014-11-19 15:00:00,112,62,50
2014-11-19 16:00:00,104,49,55
2014-11-19 17:00:00,103,54,49
2014-11-19 18:00:00,66,33,33
2014-11-19 19:00:00,28,11,17
2014-11-19 20:00:00,15,7,8
2014-11-19 21:00:00,7,4,3
2014-11-19 22:00:00,7,3,4
2014-11-19 23:00:00,0,0,0
2014-11-20 00:00:00,1,0,1
2014-11-20 01:00:00,2,0,2
2014-11-20 02:00:00,0,0,0
2014-11-20 03:00:00,0,0,0
2014-11-20 04:00:00,2,1,1
2014-11-20 05:00:00,10,5,5
2014-11-20 06:00:00,50,28,22
2014-11-20 07:00:00,96,50,46
2014-11-20 08:00:00,110,56,54
2014-11-20 09:00:00,79,36,43
2014-11-20 10:00:00,70,39,31
2014-11-20 11:00:00,75,35,40
2014-11-20 12:00:00,207,105,102
2014-11-20 13:00:00,148,68,80
2014-11-20 14:00:00,98,48,50
2014-11-20 15:00:00,74,39,35
2014-11-20 16:00:00,88,36,52
2014-11-20 17:00:00,49,25,24
2014-11-20 18:00:00,53,31,22
2014-11-20 19:00:00,33,16,17
2014-11-20 20:00:00,18,9,9
2014-11-20 21:00:00,4,3,1
2014-11-20 22:00:00,4,0,4
2014-11-20 23:00:00,8,4,4
2014-11-21 00:00:00,6,3,3
2014-11-21 01:00:00,2,1,1
2014-11-21 02:00:00,0,0,0
2014-11-21 03:00:00,0,0,0
2014-11-21 04:00:00,0,0,0
2014-11-21 05:00:00,6,3,3
2014-11-21 06:00:00,35,18,17
2014-11-21 07:00:00,53,25,28
2014-11-21 08:00:00,39,20,19
2014-11-21 09:00:00,76,36,40
2014-11-21 10:00:00,50,23,27
2014-11-21 11:00:00,40,22,18
2014-11-21 12:00:00,91,45,46
2014-11-21 13:00:00,47,23,24
2014-11-21 14:00:00,23,17,6
2014-11-21 15:00:00,34,16,18
2014-11-21 16:00:00,37,17,20
2014-11-21 17:00:00,18,9,9
2014-11-21 18:00:00,19,11,8
2014-11-21 19:00:00,14,7,7
2014-11-21 20:00:00,3,2,1
2014-11-21 21:00:00,5,3,2
2014-11-21 22:00:00,6,1,5
2014-11-21 23:00:00,4,1,3
2014-11-22 00:00:00,3,2,1
2014-11-22 01:00:00,0,0,0
2014-11-22 02:00:00,3,1,2
2014-11-22 03:00:00,0,0,0
2014-11-22 04:00:00,3,2,1
2014-11-22 05:00:00,0,0,0
2014-11-22 06:00:00,5,2,3
2014-11-22 07:00:00,39,22,17
2014-11-22 08:00:00,93,50,43
2014-11-22 09:00:00,126,72,54
2014-11-22 10:00:00,154,76,78
2014-11-22 11:00:00,127,71,56
2014-11-22 12:00:00,124,55,69
2014-11-22 13:00:00,142,68,74
2014-11-22 14:00:00,175,83,92
2014-11-22 15:00:00,188,77,111
2014-11-22 16:00:00,213,103,110
2014-11-22 17:00:00,76,25,51
2014-11-22 18:00:00,30,16,14
2014-11-22 19:00:00,6,4,2
2014-11-22 20:00:00,10,5,5
2014-11-22 21:00:00,12,6,6
2014-11-22 22:00:00,6,3,3
2014-11-22 23:00:00,0,0,0
2014-11-23 00:00:00,3,1,2
2014-11-23 01:00:00,2,1,1
2014-11-23 02:00:00,0,0,0
2014-11-23 03:00:00,0,0,0
2014-11-23 04:00:00,0,0,0
2014-11-23 05:00:00,1,0,1
2014-11-23 06:00:00,5,3,2
2014-11-23 07:00:00,6,4,2
2014-11-23 08:00:00,41,27,14
2014-11-23 09:00:00,96,49,47
2014-11-23 10:00:00,103,54,49
2014-11-23 11:00:00,123,53,70
2014-11-23 12:00:00,216,99,117
2014-11-23 13:00:00,169,73,96
2014-11-23 14:00:00,201,105,96
2014-11-23 15:00:00,263,129,134
2014-11-23 16:00:00,258,110,148
2014-11-23 17:00:00,128,56,72
2014-11-23 18:00:00,14,7,7
2014-11-23 19:00:00,12,7,5
2014-11-23 20:00:00,6,4,2
2014-11-23 21:00:00,7,4,3
2014-11-23 22:00:00,3,2,1
2014-11-23 23:00:00,4,1,3
2014-11-24 00:00:00,0,0,0
2014-11-24 01:00:00,0,0,0
2014-11-24 02:00:00,0,0,0
2014-11-24 03:00:00,1,0,1
2014-11-24 04:00:00,0,0,0
2014-11-24 05:00:00,8,6,2
2014-11-24 06:00:00,41,21,20
2014-11-24 07:00:00,74,38,36
2014-11-24 08:00:00,89,44,45
2014-11-24 09:00:00,68,29,39
2014-11-24 10:00:00,68,31,37
2014-11-24 11:00:00,109,47,62
2014-11-24 12:00:00,193,106,87
2014-11-24 13:00:00,111,48,63
2014-11-24 14:00:00,85,40,45
2014-11-24 15:00:00,62,32,30
2014-11-24 16:00:00,76,33,43
2014-11-24 17:00:00,48,23,25
2014-11-24 18:00:00,46,31,15
2014-11-24 19:00:00,30,15,15
2014-11-24 20:00:00,13,5,8
2014-11-24 21:00:00,6,3,3
2014-11-24 22:00:00,6,4,2
2014-11-24 23:00:00,3,1,2
2014-11-25 00:00:00,1,0,1
2014-11-25 01:00:00,0,0,0
2014-11-25 02:00:00,1,1,0
2014-11-25 03:00:00,1,1,0
2014-11-25 04:00:00,1,0,1
2014-11-25 05:00:00,3,2,1
2014-11-25 06:00:00,36,22,14
2014-11-25 07:00:00,37,15,22
2014-11-25 08:00:00,55,25,30
2014-11-25 09:00:00,53,25,28
2014-11-25 10:00:00,37,12,25
2014-11-25 11:00:00,49,23,26
2014-11-25 12:00:00,143,82,61
2014-11-25 13:00:00,62,22,40
2014-11-25 14:00:00,64,30,34
2014-11-25 15:00:00,43,22,21
2014-11-25 16:00:00,69,27,42
2014-11-25 17:00:00,63,35,28
2014-11-25 18:00:00,42,25,17
2014-11-25 19:00:00,22,13,9
2014-11-25 20:00:00,12,6,6
2014-11-25 21:00:00,9,4,5
2014-11-25 22:00:00,5,3,2
2014-11-25 23:00:00,3,2,1
2014-11-26 00:00:00,0,0,0
2014-11-26 01:00:00,1,1,0
2014-11-26 02:00:00,3,1,2
2014-11-26 03:00:00,0,0,0
2014-11-26 04:00:00,2,1,1
2014-11-26 05:00:00,3,2,1
2014-11-26 06:00:00,25,15,10
2014-11-26 07:00:00,50,26,24
2014-11-26 08:00:00,90,46,44
2014-11-26 09:00:00,95,48,47
2014-11-26 10:00:00,74,35,39
2014-11-26 11:00:00,73,30,43
2014-11-26 12:00:00,185,97,88
2014-11-26 13:00:00,130,61,69
2014-11-26 14:00:00,107,47,60
2014-11-26 15:00:00,112,55,57
2014-11-26 16:00:00,140,52,88
2014-11-26 17:00:00,54,22,32
2014-11-26 18:00:00,31,15,16
2014-11-26 19:00:00,14,5,9
2014-11-26 20:00:00,6,3,3
2014-11-26 21:00:00,9,7,2
2014-11-26 22:00:00,1,0,1
2014-11-26 23:00:00,5,1,4
2014-11-27 00:00:00,0,0,0
2014-11-27 01:00:00,1,1,0
2014-11-27 02:00:00,1,0,1
2014-11-27 03:00:00,1,1,0
2014-11-27 04:00:00,0,0,0
2014-11-27 05:00:00,1,1,0
2014-11-27 06:00:00,8,4,4
2014-11-27 07:00:00,22,11,11
2014-11-27 08:00:00,63,40,23
2014-11-27 09:00:00,142,80,62
2014-11-27 10:00:00,130,63,67
2014-11-27 11:00:00,199,92,107
2014-11-27 12:00:00,117,53,64
2014-11-27 13:00:00,109,41,68
2014-11-27 14:00:00,91,40,51
2014-11-27 15:00:00,90,43,47
2014-11-27 16:00:00,85,40,45
2014-11-27 17:00:00,25,10,15
2014-11-27 18:00:00,14,6,8
2014-11-27 19:00:00,4,2,2
2014-11-27 20:00:00,6,5,1
2014-11-27 21:00:00,5,4,1
2014-11-27 22:00:00,5,2,3
2014-11-27 23:00:00,5,1,4
2014-11-28 00:00:00,1,1,0
2014-11-28 01:00:00,0,0,0
2014-11-28 02:00:00,1,0,1
2014-11-28 03:00:00,0,0,0
2014-11-28 04:00:00,0,0,0
2014-11-28 05:00:00,2,1,1
2014-11-28 06:00:00,6,2,4
2014-11-28 07:00:00,17,10,7
2014-11-28 08:00:00,23,9,14
2014-11-28 09:00:00,28,15,13
2014-11-28 10:00:00,19,10,9
2014-11-28 11:00:00,31,14,17
2014-11-28 12:00:00,18,7,11
2014-11-28 13:00:00,16,6,10
2014-11-28 14:00:00,12,6,6
2014-11-28 15:00:00,33,14,19
2014-11-28 16:00:00,30,15,15
2014-11-28 17:00:00,9,4,5
2014-11-28 18:00:00,6,3,3
2014-11-28 19:00:00,9,3,6
2014-11-28 20:00:00,5,5,0
2014-11-28 21:00:00,3,1,2
2014-11-28 22:00:00,7,4,3
2014-11-28 23:00:00,0,0,0
2014-11-29 00:00:00,5,3,2
2014-11-29 01:00:00,0,0,0
2014-11-29 02:00:00,2,1,1
2014-11-29 03:00:00,1,1,0
2014-11-29 04:00:00,0,0,0
2014-11-29 05:00:00,0,0,0
2014-11-29 06:00:00,3,2,1
2014-11-29 07:00:00,10,6,4
2014-11-29 08:00:00,53,25,28
2014-11-29 09:00:00,85,46,39
2014-11-29 10:00:00,83,42,41
2014-11-29 11:00:00,87,37,50
2014-11-29 12:00:00,88,41,47
2014-11-29 13:00:00,47,24,23
2014-11-29 14:00:00,49,23,26
2014-11-29 15:00:00,142,68,74
2014-11-29 16:00:00,140,59,81
2014-11-29 17:00:00,20,8,12
2014-11-29 18:00:00,13,8,5
2014-11-29 19:00:00,9,3,6
2014-11-29 20:00:00,3,2,1
2014-11-29 21:00:00,3,1,2
2014-11-29 22:00:00,1,1,0
2014-11-29 23:00:00,1,0,1
2014-11-30 00:00:00,1,1,0
2014-11-30 01:00:00,0,0,0
2014-11-30 02:00:00,0,0,0
2014-11-30 03:00:00,0,0,0
2014-11-30 04:00:00,1,1,0
2014-11-30 05:00:00,0,0,0
2014-11-30 06:00:00,14,4,10
2014-11-30 07:00:00,19,13,6
2014-11-30 08:00:00,56,30,26
2014-11-30 09:00:00,65,31,34
2014-11-30 10:00:00,87,37,50
2014-11-30 11:00:00,115,58,57
2014-11-30 12:00:00,147,67,80
2014-11-30 13:00:00,163,66,97
2014-11-30 14:00:00,168,84,84
2014-11-30 15:00:00,275,124,151
2014-11-30 16:00:00,167,68,99
2014-11-30 17:00:00,38,18,20
2014-11-30 18:00:00,9,5,4
2014-11-30 19:00:00,8,5,3
2014-11-30 20:00:00,4,1,3
2014-11-30 21:00:00,8,5,3
2014-11-30 22:00:00,1,0,1
2014-11-30 23:00:00,0,0,0
2014-12-01 00:00:00,0,0,0
2014-12-01 01:00:00,0,0,0
2014-12-01 02:00:00,3,2,1
2014-12-01 03:00:00,0,0,0
2014-12-01 04:00:00,1,1,0
2014-12-01 05:00:00,3,2,1
2014-12-01 06:00:00,27,15,12
2014-12-01 07:00:00,41,17,24
2014-12-01 08:00:00,63,29,34
2014-12-01 09:00:00,50,21,29
2014-12-01 10:00:00,61,32,29
2014-12-01 11:00:00,68,36,32
2014-12-01 12:00:00,221,121,100
2014-12-01 13:00:00,152,66,86
2014-12-01 14:00:00,103,50,53
2014-12-01 15:00:00,173,82,91
2014-12-01 16:00:00,123,54,69
2014-12-01 17:00:00,68,29,39
2014-12-01 18:00:00,55,31,24
2014-12-01 19:00:00,22,10,12
2014-12-01 20:00:00,4,0,4
2014-12-01 21:00:00,6,3,3
2014-12-01 22:00:00,0,0,0
2014-12-01 23:00:00,4,3,1
2014-12-02 00:00:00,2,0,2
2014-12-02 01:00:00,0,0,0
2014-12-02 02:00:00,0,0,0
2014-12-02 03:00:00,1,1,0
2014-12-02 04:00:00,1,0,1
2014-12-02 05:00:00,8,6,2
2014-12-02 06:00:00,39,25,14
2014-12-02 07:00:00,50,22,28
2014-12-02 08:00:00,65,32,33
2014-12-02 09:00:00,41,16,25
2014-12-02 10:00:00,81,42,39
2014-12-02 11:00:00,88,40,48
2014-12-02 12:00:00,247,139,108
2014-12-02 13:00:00,149,67,82
2014-12-02 14:00:00,112,52,60
2014-12-02 15:00:00,105,56,49
2014-12-02 16:00:00,111,46,65
2014-12-02 17:00:00,39,20,19
2014-12-02 18:00:00,32,15,17
2014-12-02 19:00:00,23,13,10
2014-12-02 20:00:00,10,6,4
2014-12-02 21:00:00,11,5,6
2014-12-02 22:00:00,9,6,3
2014-12-02 23:00:00,3,2,1
2014-12-03 00:00:00,0,0,0
2014-12-03 01:00:00,0,0,0
2014-12-03 02:00:00,1,0,1
2014-12-03 03:00:00,0,0,0
2014-12-03 04:00:00,0,0,0
2014-12-03 05:00:00,8,4,4
2014-12-03 06:00:00,26,18,8
2014-12-03 07:00:00,55,26,29
2014-12-03 08:00:00,76,32,44
2014-12-03 09:00:00,70,31,39
2014-12-03 10:00:00,60,31,29
2014-12-03 11:00:00,75,40,35
2014-12-03 12:00:00,258,147,111
2014-12-03 13:00:00,182,67,115
2014-12-03 14:00:00,122,64,58
2014-12-03 15:00:00,127,60,67
2014-12-03 16:00:00,120,52,68
2014-12-03 17:00:00,65,37,28
2014-12-03 18:00:00,40,21,19
2014-12-03 19:00:00,19,9,10
2014-12-03 20:00:00,17,9,8
2014-12-03 21:00:00,4,2,2
2014-12-03 22:00:00,3,1,2
2014-12-03 23:00:00,4,4,0
2014-12-04 00:00:00,5,2,3
2014-12-04 01:00:00,1,1,0
2014-12-04 02:00:00,1,0,1
2014-12-04 03:00:00,1,1,0
2014-12-04 04:00:00,1,0,1
2014-12-04 05:00:00,10,6,4
2014-12-04 06:00:00,39,20,19
2014-12-04 07:00:00,65,28,37
2014-12-04 08:00:00,76,41,35
2014-12-04 09:00:00,45,16,29
2014-12-04 10:00:00,49,27,22
2014-12-04 11:00:00,57,30,27
2014-12-04 12:00:00,182,94,88
2014-12-04 13:00:00,113,50,63
2014-12-04 14:00:00,76,33,43
2014-12-04 15:00:00,49,28,21
2014-12-04 16:00:00,61,25,36
2014-12-04 17:00:00,49,35,14
2014-12-04 18:00:00,32,13,19
2014-12-04 19:00:00,20,10,10
2014-12-04 20:00:00,4,4,0
2014-12-04 21:00:00,5,2,3
2014-12-04 22:00:00,4,2,2
2014-12-04 23:00:00,3,2,1
2014-12-05 00:00:00,0,0,0
2014-12-05 01:00:00,0,0,0
2014-12-05 02:00:00,0,0,0
2014-12-05 03:00:00,2,2,0
2014-12-05 04:00:00,1,0,1
2014-12-05 05:00:00,3,3,0
2014-12-05 06:00:00,29,15,14
2014-12-05 07:00:00,54,29,25
2014-12-05 08:00:00,65,26,39
2014-12-05 09:00:00,61,29,32
2014-12-05 10:00:00,35,13,22
2014-12-05 11:00:00,61,30,31
2014-12-05 12:00:00,148,82,66
2014-12-05 13:00:00,132,61,71
2014-12-05 14:00:00,79,36,43
2014-12-05 15:00:00,88,47,41
2014-12-05 16:00:00,105,49,56
2014-12-05 17:00:00,58,22,36
2014-12-05 18:00:00,28,19,9
2014-12-05 19:00:00,16,10,6
2014-12-05 20:00:00,8,3,5
2014-12-05 21:00:00,6,4,2
2014-12-05 22:00:00,9,3,6
2014-12-05 23:00:00,3,2,1
2014-12-06 00:00:00,6,1,5
2014-12-06 01:00:00,0,0,0
2014-12-06 02:00:00,1,0,1
2014-12-06 03:00:00,0,0,0
2014-12-06 04:00:00,0,0,0
2014-12-06 05:00:00,4,1,3
2014-12-06 06:00:00,10,6,4
2014-12-06 07:00:00,23,13,10
2014-12-06 08:00:00,96,50,46
2014-12-06 09:00:00,162,85,77
2014-12-06 10:00:00,149,70,79
2014-12-06 11:00:00,120,55,65
2014-12-06 12:00:00,112,59,53
2014-12-06 13:00:00,90,39,51
2014-12-06 14:00:00,105,60,45
2014-12-06 15:00:00,179,78,101
2014-12-06 16:00:00,191,92,99
2014-12-06 17:00:00,76,29,47
2014-12-06 18:00:00,22,10,12
2014-12-06 19:00:00,14,8,6
2014-12-06 20:00:00,7,2,5
2014-12-06 21:00:00,7,6,1
2014-12-06 22:00:00,3,2,1
2014-12-06 23:00:00,5,4,1
2014-12-07 00:00:00,1,0,1
2014-12-07 01:00:00,1,0,1
2014-12-07 02:00:00,0,0,0
2014-12-07 03:00:00,3,2,1
2014-12-07 04:00:00,0,0,0
2014-12-07 05:00:00,0,0,0
2014-12-07 06:00:00,13,8,5
2014-12-07 07:00:00,29,16,13
2014-12-07 08:00:00,108,61,47
2014-12-07 09:00:00,157,78,79
2014-12-07 10:00:00,154,80,74
2014-12-07 11:00:00,215,100,115
2014-12-07 12:00:00,194,81,113
2014-12-07 13:00:00,183,85,98
2014-12-07 14:00:00,158,82,76
2014-12-07 15:00:00,184,80,104
2014-12-07 16:00:00,182,80,102
2014-12-07 17:00:00,58,23,35
2014-12-07 18:00:00,32,20,12
2014-12-07 19:00:00,9,5,4
2014-12-07 20:00:00,9,3,6
2014-12-07 21:00:00,10,6,4
2014-12-07 22:00:00,4,1,3
2014-12-07 23:00:00,6,4,2
2014-12-08 00:00:00,1,0,1
2014-12-08 01:00:00,5,2,3
2014-12-08 02:00:00,0,0,0
2014-12-08 03:00:00,1,1,0
2014-12-08 04:00:00,0,0,0
2014-12-08 05:00:00,9,7,2
2014-12-08 06:00:00,51,27,24
2014-12-08 07:00:00,59,27,32
2014-12-08 08:00:00,106,54,52
2014-12-08 09:00:00,93,49,44
2014-12-08 10:00:00,77,39,38
2014-12-08 11:00:00,129,66,63
2014-12-08 12:00:00,289,155,134
2014-12-08 13:00:00,204,90,114
2014-12-08 14:00:00,97,44,53
2014-12-08 15:00:00,56,25,31
2014-12-08 16:00:00,56,29,27
2014-12-08 17:00:00,45,22,23
2014-12-08 18:00:00,36,23,13
2014-12-08 19:00:00,9,4,5
2014-12-08 20:00:00,2,2,0
2014-12-08 21:00:00,6,3,3
2014-12-08 22:00:00,7,1,6
2014-12-08 23:00:00,4,2,2
2014-12-09 00:00:00,0,0,0
2014-12-09 01:00:00,0,0,0
2014-12-09 02:00:00,0,0,0
2014-12-09 03:00:00,0,0,0
2014-12-09 04:00:00,3,1,2
2014-12-09 05:00:00,6,4,2
2014-12-09 06:00:00,50,33,17
2014-12-09 07:00:00,69,26,43
2014-12-09 08:00:00,83,41,42
2014-12-09 09:00:00,63,27,36
2014-12-09 10:00:00,30,15,15
2014-12-09 11:00:00,30,16,14
2014-12-09 12:00:00,165,89,76
2014-12-09 13:00:00,149,67,82
2014-12-09 14:00:00,130,68,62
2014-12-09 15:00:00,136,73,63
2014-12-09 16:00:00,129,55,74
2014-12-09 17:00:00,75,38,37
2014-12-09 18:00:00,67,39,28
2014-12-09 19:00:00,25,14,11
2014-12-09 20:00:00,19,11,8
2014-12-09 21:00:00,17,7,10
2014-12-09 22:00:00,5,2,3
2014-12-09 23:00:00,2,0,2
2014-12-10 00:00:00,0,0,0
2014-12-10 01:00:00,0,0,0
2014-12-10 02:00:00,0,0,0
2014-12-10 03:00:00,0,0,0
2014-12-10 04:00:00,0,0,0
2014-12-10 05:00:00,12,9,3
2014-12-10 06:00:00,41,21,20
2014-12-10 07:00:00,77,39,38
2014-12-10 08:00:00,60,27,33
2014-12-10 09:00:00,67,26,41
2014-12-10 10:00:00,50,24,26
2014-12-10 11:00:00,64,26,38
2014-12-10 12:00:00,120,57,63
2014-12-10 13:00:00,60,31,29
2014-12-10 14:00:00,33,15,18
2014-12-10 15:00:00,46,26,20
2014-12-10 16:00:00,35,19,16
2014-12-10 17:00:00,26,15,11
2014-12-10 18:00:00,31,21,10
2014-12-10 19:00:00,11,2,9
2014-12-10 20:00:00,9,4,5
2014-12-10 21:00:00,1,0,1
2014-12-10 22:00:00,6,5,1
2014-12-10 23:00:00,0,0,0
2014-12-11 00:00:00,1,0,1
2014-12-11 01:00:00,1,1,0
2014-12-11 02:00:00,0,0,0
2014-12-11 03:00:00,2,2,0
2014-12-11 04:00:00,2,2,0
2014-12-11 05:00:00,15,8,7
2014-12-11 06:00:00,46,25,21
2014-12-11 07:00:00,61,24,37
2014-12-11 08:00:00,75,37,38
2014-12-11 09:00:00,53,28,25
2014-12-11 10:00:00,54,26,28
2014-12-11 11:00:00,33,19,14
2014-12-11 12:00:00,142,75,67
2014-12-11 13:00:00,48,20,28
2014-12-11 14:00:00,49,26,23
2014-12-11 15:00:00,61,32,29
2014-12-11 16:00:00,82,37,45
2014-12-11 17:00:00,79,33,46
2014-12-11 18:00:00,60,27,33
2014-12-11 19:00:00,30,13,17
2014-12-11 20:00:00,11,5,6
2014-12-11 21:00:00,2,1,1
2014-12-11 22:00:00,7,6,1
2014-12-11 23:00:00,2,2,0
2014-12-12 00:00:00,2,0,2
2014-12-12 01:00:00,1,1,0
2014-12-12 02:00:00,5,0,5
2014-12-12 03:00:00,1,1,0
2014-12-12 04:00:00,3,1,2
2014-12-12 05:00:00,8,3,5
2014-12-12 06:00:00,33,16,17
2014-12-12 07:00:00,45,19,26
2014-12-12 08:00:00,85,52,33
2014-12-12 09:00:00,82,38,44
2014-12-12 10:00:00,87,47,40
2014-12-12 11:00:00,101,53,48
2014-12-12 12:00:00,217,118,99
2014-12-12 13:00:00,160,68,92
2014-12-12 14:00:00,127,66,61
2014-12-12 15:00:00,138,65,73
2014-12-12 16:00:00,129,54,75
2014-12-12 17:00:00,77,31,46
2014-12-12 18:00:00,49,25,24
2014-12-12 19:00:00,16,7,9
2014-12-12 20:00:00,10,4,6
2014-12-12 21:00:00,14,8,6
2014-12-12 22:00:00,8,5,3
2014-12-12 23:00:00,4,2,2
2014-12-13 00:00:00,2,1,1
2014-12-13 01:00:00,3,2,1
2014-12-13 02:00:00,1,0,1
2014-12-13 03:00:00,4,3,1
2014-12-13 04:00:00,2,1,1
2014-12-13 05:00:00,1,0,1
2014-12-13 06:00:00,2,1,1
2014-12-13 07:00:00,22,13,9
2014-12-13 08:00:00,92,54,38
2014-12-13 09:00:00,157,90,67
2014-12-13 10:00:00,159,79,80
2014-12-13 11:00:00,166,86,80
2014-12-13 12:00:00,189,91,98
2014-12-13 13:00:00,203,86,117
2014-12-13 14:00:00,230,128,102
2014-12-13 15:00:00,317,153,164
2014-12-13 16:00:00,195,88,107
2014-12-13 17:00:00,75,35,40
2014-12-13 18:00:00,18,6,12
2014-12-13 19:00:00,9,5,4
2014-12-13 20:00:00,6,4,2
2014-12-13 21:00:00,9,6,3
2014-12-13 22:00:00,8,4,4
2014-12-13 23:00:00,8,2,6
2014-12-14 00:00:00,0,0,0
2014-12-14 01:00:00,3,2,1
2014-12-14 02:00:00,1,0,1
2014-12-14 03:00:00,0,0,0
2014-12-14 04:00:00,1,1,0
2014-12-14 05:00:00,1,1,0
2014-12-14 06:00:00,11,8,3
2014-12-14 07:00:00,23,18,5
2014-12-14 08:00:00,98,50,48
2014-12-14 09:00:00,169,86,83
2014-12-14 10:00:00,173,80,93
2014-12-14 11:00:00,188,93,95
2014-12-14 12:00:00,271,118,153
2014-12-14 13:00:00,205,100,105
2014-12-14 14:00:00,244,130,114
2014-12-14 15:00:00,401,197,204
2014-12-14 16:00:00,234,99,135
2014-12-14 17:00:00,113,51,62
2014-12-14 18:00:00,21,11,10
2014-12-14 19:00:00,11,7,4
2014-12-14 20:00:00,9,3,6
2014-12-14 21:00:00,7,2,5
2014-12-14 22:00:00,2,1,1
2014-12-14 23:00:00,5,2,3
2014-12-15 00:00:00,0,0,0
2014-12-15 01:00:00,0,0,0
2014-12-15 02:00:00,0,0,0
2014-12-15 03:00:00,2,1,1
2014-12-15 04:00:00,0,0,0
2014-12-15 05:00:00,6,2,4
2014-12-15 06:00:00,31,17,14
2014-12-15 07:00:00,46,23,23
2014-12-15 08:00:00,70,36,34
2014-12-15 09:00:00,74,30,44
2014-12-15 10:00:00,58,27,31
2014-12-15 11:00:00,90,49,41
2014-12-15 12:00:00,285,143,142
2014-12-15 13:00:00,177,78,99
2014-12-15 14:00:00,125,60,65
2014-12-15 15:00:00,109,56,53
2014-12-15 16:00:00,130,71,59
2014-12-15 17:00:00,72,33,39
2014-12-15 18:00:00,44,26,18
2014-12-15 19:00:00,25,15,10
2014-12-15 20:00:00,10,3,7
2014-12-15 21:00:00,9,9,0
2014-12-15 22:00:00,8,3,5
2014-12-15 23:00:00,5,2,3
2014-12-16 00:00:00,1,1,0
2014-12-16 01:00:00,1,1,0
2014-12-16 02:00:00,3,2,1
2014-12-16 03:00:00,2,1,1
2014-12-16 04:00:00,3,1,2
2014-12-16 05:00:00,7,6,1
2014-12-16 06:00:00,42,25,17
2014-12-16 07:00:00,70,28,42
2014-12-16 08:00:00,98,40,58
2014-12-16 09:00:00,63,27,36
2014-12-16 10:00:00,66,37,29
2014-12-16 11:00:00,108,69,39
2014-12-16 12:00:00,196,101,95
2014-12-16 13:00:00,132,61,71
2014-12-16 14:00:00,80,40,40
2014-12-16 15:00:00,84,39,45
2014-12-16 16:00:00,105,46,59
2014-12-16 17:00:00,53,31,22
2014-12-16 18:00:00,43,24,19
2014-12-16 19:00:00,34,15,19
2014-12-16 20:00:00,6,4,2
2014-12-16 21:00:00,10,5,5
2014-12-16 22:00:00,10,5,5
2014-12-16 23:00:00,6,3,3
2014-12-17 00:00:00,1,0,1
2014-12-17 01:00:00,2,1,1
2014-12-17 02:00:00,8,5,3
2014-12-17 03:00:00,0,0,0
2014-12-17 04:00:00,1,1,0
2014-12-17 05:00:00,10,7,3
2014-12-17 06:00:00,35,21,14
2014-12-17 07:00:00,65,35,30
2014-12-17 08:00:00,89,38,51
2014-12-17 09:00:00,58,24,34
2014-12-17 10:00:00,69,39,30
2014-12-17 11:00:00,77,39,38
2014-12-17 12:00:00,178,96,82
2014-12-17 13:00:00,122,54,68
2014-12-17 14:00:00,77,40,37
2014-12-17 15:00:00,79,46,33
2014-12-17 16:00:00,133,68,65
2014-12-17 17:00:00,76,36,40
2014-12-17 18:00:00,44,27,17
2014-12-17 19:00:00,30,13,17
2014-12-17 20:00:00,9,5,4
2014-12-17 21:00:00,3,1,2
2014-12-17 22:00:00,8,4,4
2014-12-17 23:00:00,2,0,2
2014-12-18 00:00:00,2,1,1
2014-12-18 01:00:00,1,0,1
2014-12-18 02:00:00,1,1,0
2014-12-18 03:00:00,0,0,0
2014-12-18 04:00:00,1,0,1
2014-12-18 05:00:00,10,6,4
2014-12-18 06:00:00,33,18,15
2014-12-18 07:00:00,55,24,31
2014-12-18 08:00:00,108,54,54
2014-12-18 09:00:00,74,32,42
2014-12-18 10:00:00,86,41,45
2014-12-18 11:00:00,71,39,32
2014-12-18 12:00:00,186,92,94
2014-12-18 13:00:00,117,50,67
2014-12-18 14:00:00,78,41,37
2014-12-18 15:00:00,64,32,32
2014-12-18 16:00:00,57,20,37
2014-12-18 17:00:00,53,21,32
2014-12-18 18:00:00,30,12,18
2014-12-18 19:00:00,28,10,18
2014-12-18 20:00:00,6,3,3
2014-12-18 21:00:00,0,0,0
2014-12-18 22:00:00,9,6,3
2014-12-18 23:00:00,2,0,2
2014-12-19 00:00:00,0,0,0
2014-12-19 01:00:00,2,1,1
2014-12-19 02:00:00,1,0,1
2014-12-19 03:00:00,2,1,1
2014-12-19 04:00:00,0,0,0
2014-12-19 05:00:00,0,0,0
2014-12-19 06:00:00,21,11,10
2014-12-19 07:00:00,32,14,18
2014-12-19 08:00:00,59,33,26
2014-12-19 09:00:00,75,36,39
2014-12-19 10:00:00,90,48,42
2014-12-19 11:00:00,158,93,65
2014-12-19 12:00:00,207,104,103
2014-12-19 13:00:00,169,84,85
2014-12-19 14:00:00,133,70,63
2014-12-19 15:00:00,124,62,62
2014-12-19 16:00:00,111,46,65
2014-12-19 17:00:00,67,30,37
2014-12-19 18:00:00,28,13,15
2014-12-19 19:00:00,13,10,3
2014-12-19 20:00:00,10,6,4
2014-12-19 21:00:00,9,5,4
2014-12-19 22:00:00,7,3,4
2014-12-19 23:00:00,8,6,2
2014-12-20 00:00:00,1,1,0
2014-12-20 01:00:00,0,0,0
2014-12-20 02:00:00,0,0,0
2014-12-20 03:00:00,0,0,0
2014-12-20 04:00:00,4,4,0
2014-12-20 05:00:00,2,0,2
2014-12-20 06:00:00,3,2,1
2014-12-20 07:00:00,14,7,7
2014-12-20 08:00:00,42,26,16
2014-12-20 09:00:00,68,33,35
2014-12-20 10:00:00,81,42,39
2014-12-20 11:00:00,52,25,27
2014-12-20 12:00:00,34,23,11
2014-12-20 13:00:00,25,11,14
2014-12-20 14:00:00,41,18,23
2014-12-20 15:00:00,44,27,17
2014-12-20 16:00:00,47,18,29
2014-12-20 17:00:00,17,7,10
2014-12-20 18:00:00,9,3,6
2014-12-20 19:00:00,8,4,4
2014-12-20 20:00:00,1,0,1
2014-12-20 21:00:00,8,6,2
2014-12-20 22:00:00,2,1,1
2014-12-20 23:00:00,1,1,0
2014-12-21 00:00:00,2,1,1
2014-12-21 01:00:00,0,0,0
2014-12-21 02:00:00,1,1,0
2014-12-21 03:00:00,1,0,1
2014-12-21 04:00:00,0,0,0
2014-12-21 05:00:00,1,1,0
2014-12-21 06:00:00,11,5,6
2014-12-21 07:00:00,17,9,8
2014-12-21 08:00:00,70,42,28
2014-12-21 09:00:00,156,87,69
2014-12-21 10:00:00,170,90,80
2014-12-21 11:00:00,169,89,80
2014-12-21 12:00:00,199,106,93
2014-12-21 13:00:00,169,78,91
2014-12-21 14:00:00,190,103,87
2014-12-21 15:00:00,195,94,101
2014-12-21 16:00:00,177,76,101
2014-12-21 17:00:00,49,19,30
2014-12-21 18:00:00,9,5,4
2014-12-21 19:00:00,7,5,2
2014-12-21 20:00:00,6,3,3
2014-12-21 21:00:00,2,2,0
2014-12-21 22:00:00,7,2,5
2014-12-21 23:00:00,2,1,1
2014-12-22 00:00:00,3,2,1
2014-12-22 01:00:00,2,0,2
2014-12-22 02:00:00,0,0,0
2014-12-22 03:00:00,2,1,1
2014-12-22 04:00:00,3,2,1
2014-12-22 05:00:00,5,3,2
2014-12-22 06:00:00,18,11,7
2014-12-22 07:00:00,51,28,23
2014-12-22 08:00:00,79,35,44
2014-12-22 09:00:00,104,42,62
2014-12-22 10:00:00,54,29,25
2014-12-22 11:00:00,95,47,48
2014-12-22 12:00:00,204,101,103
2014-12-22 13:00:00,138,57,81
2014-12-22 14:00:00,122,63,59
2014-12-22 15:00:00,137,68,69
2014-12-22 16:00:00,132,61,71
2014-12-22 17:00:00,66,28,38
2014-12-22 18:00:00,39,19,20
2014-12-22 19:00:00,22,11,11
2014-12-22 20:00:00,5,4,1
2014-12-22 21:00:00,9,3,6
2014-12-22 22:00:00,4,3,1
2014-12-22 23:00:00,7,5,2
2014-12-23 00:00:00,1,1,0
2014-12-23 01:00:00,3,1,2
2014-12-23 02:00:00,0,0,0
2014-12-23 03:00:00,0,0,0
2014-12-23 04:00:00,3,2,1
2014-12-23 05:00:00,3,2,1
2014-12-23 06:00:00,34,18,16
2014-12-23 07:00:00,48,25,23
2014-12-23 08:00:00,75,36,39
2014-12-23 09:00:00,52,21,31
2014-12-23 10:00:00,62,27,35
2014-12-23 11:00:00,74,34,40
2014-12-23 12:00:00,167,87,80
2014-12-23 13:00:00,88,37,51
2014-12-23 14:00:00,56,24,32
2014-12-23 15:00:00,36,18,18
2014-12-23 16:00:00,14,6,8
2014-12-23 17:00:00,17,10,7
2014-12-23 18:00:00,8,5,3
2014-12-23 19:00:00,0,0,0
2014-12-23 20:00:00,1,0,1
2014-12-23 21:00:00,0,0,0
2014-12-23 22:00:00,0,0,0
2014-12-23 23:00:00,0,0,0
2014-12-24 00:00:00,0,0,0
2014-12-24 01:00:00,3,2,1
2014-12-24 02:00:00,4,2,2
2014-12-24 03:00:00,1,0,1
2014-12-24 04:00:00,2,1,1
2014-12-24 05:00:00,0,0,0
2014-12-24 06:00:00,6,5,1
2014-12-24 07:00:00,21,9,12
2014-12-24 08:00:00,35,16,19
2014-12-24 09:00:00,80,42,38
2014-12-24 10:00:00,60,28,32
2014-12-24 11:00:00,90,43,47
2014-12-24 12:00:00,113,63,50
2014-12-24 13:00:00,100,45,55
2014-12-24 14:00:00,82,43,39
2014-12-24 15:00:00,123,67,56
2014-12-24 16:00:00,113,48,65
2014-12-24 17:00:00,22,5,17
2014-12-24 18:00:00,8,4,4
2014-12-24 19:00:00,7,2,5
2014-12-24 20:00:00,4,3,1
2014-12-24 21:00:00,4,0,4
2014-12-24 22:00:00,3,2,1
2014-12-24 23:00:00,2,2,0
2014-12-25 00:00:00,0,0,0
2014-12-25 01:00:00,1,0,1
2014-12-25 02:00:00,0,0,0
2014-12-25 03:00:00,0,0,0
2014-12-25 04:00:00,1,0,1
2014-12-25 05:00:00,1,1,0
2014-12-25 06:00:00,2,1,1
2014-12-25 07:00:00,7,4,3
2014-12-25 08:00:00,44,27,17
2014-12-25 09:00:00,85,49,36
2014-12-25 10:00:00,124,63,61
2014-12-25 11:00:00,181,97,84
2014-12-25 12:00:00,235,101,134
2014-12-25 13:00:00,222,117,105
2014-12-25 14:00:00,315,157,158
2014-12-25 15:00:00,317,132,185
2014-12-25 16:00:00,254,114,140
2014-12-25 17:00:00,74,19,55
2014-12-25 18:00:00,13,7,6
2014-12-25 19:00:00,4,2,2
2014-12-25 20:00:00,18,12,6
2014-12-25 21:00:00,3,1,2
2014-12-25 22:00:00,2,1,1
2014-12-25 23:00:00,5,2,3
2014-12-26 00:00:00,0,0,0
2014-12-26 01:00:00,4,4,0
2014-12-26 02:00:00,4,0,4
2014-12-26 03:00:00,1,0,1
2014-12-26 04:00:00,2,1,1
2014-12-26 05:00:00,2,2,0
2014-12-26 06:00:00,2,1,1
2014-12-26 07:00:00,6,3,3
2014-12-26 08:00:00,36,20,16
2014-12-26 09:00:00,81,48,33
2014-12-26 10:00:00,81,35,46
2014-12-26 11:00:00,103,51,52
2014-12-26 12:00:00,158,77,81
2014-12-26 13:00:00,139,77,62
2014-12-26 14:00:00,217,95,122
2014-12-26 15:00:00,169,77,92
2014-12-26 16:00:00,157,72,85
2014-12-26 17:00:00,52,13,39
2014-12-26 18:00:00,6,4,2
2014-12-26 19:00:00,5,2,3
2014-12-26 20:00:00,1,0,1
2014-12-26 21:00:00,4,1,3
2014-12-26 22:00:00,6,1,5
2014-12-26 23:00:00,0,0,0
2014-12-27 00:00:00,2,0,2
2014-12-27 01:00:00,8,5,3
2014-12-27 02:00:00,0,0,0
2014-12-27 03:00:00,0,0,0
2014-12-27 04:00:00,1,0,1
2014-12-27 05:00:00,0,0,0
2014-12-27 06:00:00,1,1,0
2014-12-27 07:00:00,11,6,5
2014-12-27 08:00:00,42,26,16
2014-12-27 09:00:00,73,40,33
2014-12-27 10:00:00,82,37,45
2014-12-27 11:00:00,98,45,53
2014-12-27 12:00:00,102,49,53
2014-12-27 13:00:00,123,47,76
2014-12-27 14:00:00,128,50,78
2014-12-27 15:00:00,71,37,34
2014-12-27 16:00:00,104,48,56
2014-12-27 17:00:00,41,16,25
2014-12-27 18:00:00,9,2,7
2014-12-27 19:00:00,7,2,5
2014-12-27 20:00:00,6,3,3
2014-12-27 21:00:00,4,3,1
2014-12-27 22:00:00,1,1,0
2014-12-27 23:00:00,2,1,1
2014-12-28 00:00:00,0,0,0
2014-12-28 01:00:00,0,0,0
2014-12-28 02:00:00,2,2,0
2014-12-28 03:00:00,4,1,3
2014-12-28 04:00:00,2,1,1
2014-12-28 05:00:00,0,0,0
2014-12-28 06:00:00,3,2,1
2014-12-28 07:00:00,17,6,11
2014-12-28 08:00:00,67,36,31
2014-12-28 09:00:00,117,64,53
2014-12-28 10:00:00,129,65,64
2014-12-28 11:00:00,122,53,69
2014-12-28 12:00:00,161,74,87
2014-12-28 13:00:00,150,78,72
2014-12-28 14:00:00,127,58,69
2014-12-28 15:00:00,158,79,79
2014-12-28 16:00:00,78,29,49
2014-12-28 17:00:00,64,39,25
2014-12-28 18:00:00,24,10,14
2014-12-28 19:00:00,22,16,6
2014-12-28 20:00:00,5,1,4
2014-12-28 21:00:00,3,3,0
2014-12-28 22:00:00,1,1,0
2014-12-28 23:00:00,0,0,0
2014-12-29 00:00:00,2,0,2
2014-12-29 01:00:00,0,0,0
2014-12-29 02:00:00,0,0,0
2014-12-29 03:00:00,0,0,0
2014-12-29 04:00:00,0,0,0
2014-12-29 05:00:00,3,2,1
2014-12-29 06:00:00,18,10,8
2014-12-29 07:00:00,27,13,14
2014-12-29 08:00:00,71,40,31
2014-12-29 09:00:00,83,32,51
2014-12-29 10:00:00,81,43,38
2014-12-29 11:00:00,138,73,65
2014-12-29 12:00:00,278,137,141
2014-12-29 13:00:00,245,112,133
2014-12-29 14:00:00,142,53,89
2014-12-29 15:00:00,213,95,118
2014-12-29 16:00:00,271,143,128
2014-12-29 17:00:00,58,27,31
2014-12-29 18:00:00,22,11,11
2014-12-29 19:00:00,15,9,6
2014-12-29 20:00:00,9,4,5
2014-12-29 21:00:00,7,3,4
2014-12-29 22:00:00,3,2,1
2014-12-29 23:00:00,7,4,3
2014-12-30 00:00:00,1,1,0
2014-12-30 01:00:00,0,0,0
2014-12-30 02:00:00,0,0,0
2014-12-30 03:00:00,0,0,0
2014-12-30 04:00:00,1,1,0
2014-12-30 05:00:00,6,4,2
2014-12-30 06:00:00,15,8,7
2014-12-30 07:00:00,23,12,11
2014-12-30 08:00:00,75,36,39
2014-12-30 09:00:00,69,33,36
2014-12-30 10:00:00,84,39,45
2014-12-30 11:00:00,118,61,57
2014-12-30 12:00:00,248,124,124
2014-12-30 13:00:00,201,85,116
2014-12-30 14:00:00,148,72,76
2014-12-30 15:00:00,213,101,112
2014-12-30 16:00:00,217,99,118
2014-12-30 17:00:00,72,33,39
2014-12-30 18:00:00,31,17,14
2014-12-30 19:00:00,12,3,9
2014-12-30 20:00:00,9,1,8
2014-12-30 21:00:00,11,8,3
2014-12-30 22:00:00,3,2,1
2014-12-30 23:00:00,0,0,0
2014-12-31 00:00:00,0,0,0
2014-12-31 01:00:00,4,2,2
2014-12-31 02:00:00,1,1,0
2014-12-31 03:00:00,0,0,0
2014-12-31 04:00:00,0,0,0
2014-12-31 05:00:00,1,0,1
2014-12-31 06:00:00,13,9,4
2014-12-31 07:00:00,25,12,13
2014-12-31 08:00:00,63,31,32
2014-12-31 09:00:00,86,42,44
2014-12-31 10:00:00,89,51,38
2014-12-31 11:00:00,134,63,71
2014-12-31 12:00:00,203,107,96
2014-12-31 13:00:00,174,76,98
2014-12-31 14:00:00,158,81,77
2014-12-31 15:00:00,244,117,127
2014-12-31 16:00:00,253,116,137
2014-12-31 17:00:00,53,27,26
2014-12-31 18:00:00,16,7,9
2014-12-31 19:00:00,13,9,4
2014-12-31 20:00:00,12,6,6
2014-12-31 21:00:00,4,2,2
2014-12-31 22:00:00,13,5,8
2014-12-31 23:00:00,11,4,7
2015-01-01 00:00:00,5,3,2
2015-01-01 01:00:00,3,1,2
2015-01-01 02:00:00,2,2,0
2015-01-01 03:00:00,2,0,2
2015-01-01 04:00:00,0,0,0
2015-01-01 05:00:00,0,0,0
2015-01-01 06:00:00,1,1,0
2015-01-01 07:00:00,16,10,6
2015-01-01 08:00:00,36,19,17
2015-01-01 09:00:00,102,56,46
2015-01-01 10:00:00,145,74,71
2015-01-01 11:00:00,189,93,96
2015-01-01 12:00:00,273,126,147
2015-01-01 13:00:00,351,175,176
2015-01-01 14:00:00,438,227,211
2015-01-01 15:00:00,517,226,291
2015-01-01 16:00:00,357,136,221
2015-01-01 17:00:00,124,43,81
2015-01-01 18:00:00,19,9,10
2015-01-01 19:00:00,11,2,9
2015-01-01 20:00:00,4,3,1
2015-01-01 21:00:00,4,4,0
2015-01-01 22:00:00,3,2,1
2015-01-01 23:00:00,4,1,3
2015-01-02 00:00:00,1,0,1
2015-01-02 01:00:00,0,0,0
2015-01-02 02:00:00,0,0,0
2015-01-02 03:00:00,0,0,0
2015-01-02 04:00:00,0,0,0
2015-01-02 05:00:00,0,0,0
2015-01-02 06:00:00,16,9,7
2015-01-02 07:00:00,14,5,9
2015-01-02 08:00:00,53,26,27
2015-01-02 09:00:00,83,42,41
2015-01-02 10:00:00,72,34,38
2015-01-02 11:00:00,102,45,57
2015-01-02 12:00:00,108,58,50
2015-01-02 13:00:00,92,46,46
2015-01-02 14:00:00,86,45,41
2015-01-02 15:00:00,109,48,61
2015-01-02 16:00:00,84,39,45
2015-01-02 17:00:00,36,10,26
2015-01-02 18:00:00,13,7,6
2015-01-02 19:00:00,6,3,3
2015-01-02 20:00:00,3,1,2
2015-01-02 21:00:00,6,5,1
2015-01-02 22:00:00,4,1,3
2015-01-02 23:00:00,5,2,3
2015-01-03 00:00:00,2,1,1
2015-01-03 01:00:00,2,0,2
2015-01-03 02:00:00,0,0,0
2015-01-03 03:00:00,1,1,0
2015-01-03 04:00:00,2,1,1
2015-01-03 05:00:00,0,0,0
2015-01-03 06:00:00,1,0,1
2015-01-03 07:00:00,15,8,7
2015-01-03 08:00:00,44,23,21
2015-01-03 09:00:00,94,51,43
2015-01-03 10:00:00,173,79,94
2015-01-03 11:00:00,168,79,89
2015-01-03 12:00:00,156,75,81
2015-01-03 13:00:00,134,64,70
2015-01-03 14:00:00,140,73,67
2015-01-03 15:00:00,149,74,75
2015-01-03 16:00:00,163,70,93
2015-01-03 17:00:00,55,20,35
2015-01-03 18:00:00,14,7,7
2015-01-03 19:00:00,6,5,1
2015-01-03 20:00:00,10,3,7
2015-01-03 21:00:00,9,5,4
2015-01-03 22:00:00,3,3,0
2015-01-03 23:00:00,2,1,1
2015-01-04 00:00:00,5,4,1
2015-01-04 01:00:00,0,0,0
2015-01-04 02:00:00,0,0,0
2015-01-04 03:00:00,0,0,0
2015-01-04 04:00:00,0,0,0
2015-01-04 05:00:00,0,0,0
2015-01-04 06:00:00,6,4,2
2015-01-04 07:00:00,26,15,11
2015-01-04 08:00:00,53,33,20
2015-01-04 09:00:00,64,27,37
2015-01-04 10:00:00,61,32,29
2015-01-04 11:00:00,81,42,39
2015-01-04 12:00:00,93,48,45
2015-01-04 13:00:00,68,31,37
2015-01-04 14:00:00,59,27,32
2015-01-04 15:00:00,67,36,31
2015-01-04 16:00:00,86,37,49
2015-01-04 17:00:00,32,13,19
2015-01-04 18:00:00,26,8,18
2015-01-04 19:00:00,7,4,3
2015-01-04 20:00:00,0,0,0
2015-01-04 21:00:00,7,3,4
2015-01-04 22:00:00,1,0,1
2015-01-04 23:00:00,1,0,1
2015-01-05 00:00:00,3,1,2
2015-01-05 01:00:00,0,0,0
2015-01-05 02:00:00,0,0,0
2015-01-05 03:00:00,1,1,0
2015-01-05 04:00:00,0,0,0
2015-01-05 05:00:00,4,3,1
2015-01-05 06:00:00,24,14,10
2015-01-05 07:00:00,38,16,22
2015-01-05 08:00:00,56,32,24
2015-01-05 09:00:00,56,30,26
2015-01-05 10:00:00,36,17,19
2015-01-05 11:00:00,57,28,29
2015-01-05 12:00:00,225,125,100
2015-01-05 13:00:00,132,58,74
2015-01-05 14:00:00,53,29,24
2015-01-05 15:00:00,79,46,33
2015-01-05 16:00:00,91,47,44
2015-01-05 17:00:00,81,35,46
2015-01-05 18:00:00,59,35,24
2015-01-05 19:00:00,44,20,24
2015-01-05 20:00:00,28,17,11
2015-01-05 21:00:00,11,6,5
2015-01-05 22:00:00,3,0,3
2015-01-05 23:00:00,2,1,1
2015-01-06 00:00:00,2,1,1
2015-01-06 01:00:00,4,3,1
2015-01-06 02:00:00,0,0,0
2015-01-06 03:00:00,0,0,0
2015-01-06 04:00:00,1,0,1
2015-01-06 05:00:00,13,9,4
2015-01-06 06:00:00,52,28,24
2015-01-06 07:00:00,78,33,45
2015-01-06 08:00:00,106,54,52
2015-01-06 09:00:00,111,53,58
2015-01-06 10:00:00,113,63,50
2015-01-06 11:00:00,144,84,60
2015-01-06 12:00:00,399,226,173
2015-01-06 13:00:00,263,110,153
2015-01-06 14:00:00,192,96,96
2015-01-06 15:00:00,149,81,68
2015-01-06 16:00:00,195,100,95
2015-01-06 17:00:00,129,67,62
2015-01-06 18:00:00,64,33,31
2015-01-06 19:00:00,41,20,21
2015-01-06 20:00:00,11,4,7
2015-01-06 21:00:00,13,9,4
2015-01-06 22:00:00,5,3,2
2015-01-06 23:00:00,4,3,1
2015-01-07 00:00:00,1,1,0
2015-01-07 01:00:00,4,2,2
2015-01-07 02:00:00,2,0,2
2015-01-07 03:00:00,2,0,2
2015-01-07 04:00:00,3,1,2
2015-01-07 05:00:00,14,8,6
2015-01-07 06:00:00,44,28,16
2015-01-07 07:00:00,87,41,46
2015-01-07 08:00:00,99,50,49
2015-01-07 09:00:00,81,39,42
2015-01-07 10:00:00,66,29,37
2015-01-07 11:00:00,106,53,53
2015-01-07 12:00:00,287,156,131
2015-01-07 13:00:00,191,83,108
2015-01-07 14:00:00,122,58,64
2015-01-07 15:00:00,226,101,125
2015-01-07 16:00:00,259,110,149
2015-01-07 17:00:00,142,63,79
2015-01-07 18:00:00,76,40,36
2015-01-07 19:00:00,38,15,23
2015-01-07 20:00:00,16,7,9
2015-01-07 21:00:00,19,9,10
2015-01-07 22:00:00,3,2,1
2015-01-07 23:00:00,2,2,0
2015-01-08 00:00:00,1,1,0
2015-01-08 01:00:00,1,0,1
2015-01-08 02:00:00,1,1,0
2015-01-08 03:00:00,0,0,0
2015-01-08 04:00:00,1,0,1
2015-01-08 05:00:00,9,4,5
2015-01-08 06:00:00,48,27,21
2015-01-08 07:00:00,63,28,35
2015-01-08 08:00:00,82,35,47
2015-01-08 09:00:00,71,30,41
2015-01-08 10:00:00,69,37,32
2015-01-08 11:00:00,119,74,45
2015-01-08 12:00:00,294,163,131
2015-01-08 13:00:00,226,96,130
2015-01-08 14:00:00,144,70,74
2015-01-08 15:00:00,168,81,87
2015-01-08 16:00:00,168,79,89
2015-01-08 17:00:00,118,58,60
2015-01-08 18:00:00,57,27,30
2015-01-08 19:00:00,32,18,14
2015-01-08 20:00:00,9,4,5
2015-01-08 21:00:00,18,9,9
2015-01-08 22:00:00,9,4,5
2015-01-08 23:00:00,3,1,2
2015-01-09 00:00:00,1,0,1
2015-01-09 01:00:00,1,1,0
2015-01-09 02:00:00,0,0,0
2015-01-09 03:00:00,0,0,0
2015-01-09 04:00:00,0,0,0
2015-01-09 05:00:00,6,4,2
2015-01-09 06:00:00,22,12,10
2015-01-09 07:00:00,38,18,20
2015-01-09 08:00:00,77,41,36
2015-01-09 09:00:00,80,41,39
2015-01-09 10:00:00,64,24,40
2015-01-09 11:00:00,92,44,48
2015-01-09 12:00:00,252,128,124
2015-01-09 13:00:00,159,73,86
2015-01-09 14:00:00,121,62,59
2015-01-09 15:00:00,146,69,77
2015-01-09 16:00:00,266,126,140
2015-01-09 17:00:00,155,79,76
2015-01-09 18:00:00,42,20,22
2015-01-09 19:00:00,31,16,15
2015-01-09 20:00:00,27,18,9
2015-01-09 21:00:00,18,12,6
2015-01-09 22:00:00,4,3,1
2015-01-09 23:00:00,0,0,0
2015-01-10 00:00:00,2,1,1
2015-01-10 01:00:00,0,0,0
2015-01-10 02:00:00,1,1,0
2015-01-10 03:00:00,1,1,0
2015-01-10 04:00:00,3,1,2
2015-01-10 05:00:00,0,0,0
2015-01-10 06:00:00,19,11,8
2015-01-10 07:00:00,13,6,7
2015-01-10 08:00:00,79,49,30
2015-01-10 09:00:00,153,79,74
2015-01-10 10:00:00,197,111,86
2015-01-10 11:00:00,201,97,104
2015-01-10 12:00:00,136,62,74
2015-01-10 13:00:00,144,78,66
2015-01-10 14:00:00,136,78,58
2015-01-10 15:00:00,119,58,61
2015-01-10 16:00:00,85,38,47
2015-01-10 17:00:00,47,18,29
2015-01-10 18:00:00,13,8,5
2015-01-10 19:00:00,13,6,7
2015-01-10 20:00:00,8,5,3
2015-01-10 21:00:00,9,7,2
2015-01-10 22:00:00,3,1,2
2015-01-10 23:00:00,9,8,1
2015-01-11 00:00:00,10,7,3
2015-01-11 01:00:00,0,0,0
2015-01-11 02:00:00,0,0,0
2015-01-11 03:00:00,7,5,2
2015-01-11 04:00:00,1,1,0
2015-01-11 05:00:00,1,0,1
2015-01-11 06:00:00,16,8,8
2015-01-11 07:00:00,18,11,7
2015-01-11 08:00:00,90,57,33
2015-01-11 09:00:00,153,79,74
2015-01-11 10:00:00,172,89,83
2015-01-11 11:00:00,144,65,79
2015-01-11 12:00:00,182,94,88
2015-01-11 13:00:00,178,101,77
2015-01-11 14:00:00,210,105,105
2015-01-11 15:00:00,177,92,85
2015-01-11 16:00:00,181,100,81
2015-01-11 17:00:00,77,29,48
2015-01-11 18:00:00,16,7,9
2015-01-11 19:00:00,21,12,9
2015-01-11 20:00:00,11,8,3
2015-01-11 21:00:00,18,8,10
2015-01-11 22:00:00,11,6,5
2015-01-11 23:00:00,5,1,4
2015-01-12 00:00:00,3,1,2
2015-01-12 01:00:00,1,0,1
2015-01-12 02:00:00,2,1,1
2015-01-12 03:00:00,3,1,2
2015-01-12 04:00:00,2,2,0
2015-01-12 05:00:00,5,4,1
2015-01-12 06:00:00,52,28,24
2015-01-12 07:00:00,52,24,28
2015-01-12 08:00:00,96,48,48
2015-01-12 09:00:00,82,36,46
2015-01-12 10:00:00,74,41,33
2015-01-12 11:00:00,141,78,63
2015-01-12 12:00:00,435,229,206
2015-01-12 13:00:00,370,183,187
2015-01-12 14:00:00,181,96,85
2015-01-12 15:00:00,187,108,79
2015-01-12 16:00:00,217,103,114
2015-01-12 17:00:00,126,58,68
2015-01-12 18:00:00,61,38,23
2015-01-12 19:00:00,43,20,23
2015-01-12 20:00:00,17,5,12
2015-01-12 21:00:00,4,3,1
2015-01-12 22:00:00,11,7,4
2015-01-12 23:00:00,10,5,5
2015-01-13 00:00:00,2,0,2
2015-01-13 01:00:00,2,1,1
2015-01-13 02:00:00,0,0,0
2015-01-13 03:00:00,0,0,0
2015-01-13 04:00:00,5,3,2
2015-01-13 05:00:00,15,8,7
2015-01-13 06:00:00,75,47,28
2015-01-13 07:00:00,82,31,51
2015-01-13 08:00:00,106,43,63
2015-01-13 09:00:00,90,44,46
2015-01-13 10:00:00,121,68,53
2015-01-13 11:00:00,136,69,67
2015-01-13 12:00:00,439,246,193
2015-01-13 13:00:00,307,143,164
2015-01-13 14:00:00,201,105,96
2015-01-13 15:00:00,253,126,127
2015-01-13 16:00:00,359,180,179
2015-01-13 17:00:00,168,82,86
2015-01-13 18:00:00,68,32,36
2015-01-13 19:00:00,21,10,11
2015-01-13 20:00:00,21,12,9
2015-01-13 21:00:00,7,4,3
2015-01-13 22:00:00,1,0,1
2015-01-13 23:00:00,6,3,3
2015-01-14 00:00:00,0,0,0
2015-01-14 01:00:00,3,2,1
2015-01-14 02:00:00,2,1,1
2015-01-14 03:00:00,1,1,0
2015-01-14 04:00:00,3,2,1
2015-01-14 05:00:00,16,7,9
2015-01-14 06:00:00,50,29,21
2015-01-14 07:00:00,71,37,34
2015-01-14 08:00:00,83,38,45
2015-01-14 09:00:00,87,46,41
2015-01-14 10:00:00,103,52,51
2015-01-14 11:00:00,134,81,53
2015-01-14 12:00:00,397,213,184
2015-01-14 13:00:00,312,157,155
2015-01-14 14:00:00,200,97,103
2015-01-14 15:00:00,200,100,100
2015-01-14 16:00:00,254,134,120
2015-01-14 17:00:00,170,76,94
2015-01-14 18:00:00,71,37,34
2015-01-14 19:00:00,27,14,13
2015-01-14 20:00:00,20,13,7
2015-01-14 21:00:00,14,8,6
2015-01-14 22:00:00,9,5,4
2015-01-14 23:00:00,2,2,0
2015-01-15 00:00:00,2,1,1
2015-01-15 01:00:00,2,1,1
2015-01-15 02:00:00,0,0,0
2015-01-15 03:00:00,2,1,1
2015-01-15 04:00:00,0,0,0
2015-01-15 05:00:00,16,10,6
2015-01-15 06:00:00,61,35,26
2015-01-15 07:00:00,81,38,43
2015-01-15 08:00:00,95,46,49
2015-01-15 09:00:00,63,28,35
2015-01-15 10:00:00,61,32,29
2015-01-15 11:00:00,90,41,49
2015-01-15 12:00:00,204,106,98
2015-01-15 13:00:00,140,65,75
2015-01-15 14:00:00,33,15,18
2015-01-15 15:00:00,51,32,19
2015-01-15 16:00:00,59,27,32
2015-01-15 17:00:00,53,24,29
2015-01-15 18:00:00,32,17,15
2015-01-15 19:00:00,10,5,5
2015-01-15 20:00:00,6,2,4
2015-01-15 21:00:00,2,1,1
2015-01-15 22:00:00,0,0,0
2015-01-15 23:00:00,0,0,0
2015-01-16 00:00:00,1,0,1
2015-01-16 01:00:00,2,2,0
2015-01-16 02:00:00,0,0,0
2015-01-16 03:00:00,0,0,0
2015-01-16 04:00:00,1,0,1
2015-01-16 05:00:00,12,7,5
2015-01-16 06:00:00,30,20,10
2015-01-16 07:00:00,50,23,27
2015-01-16 08:00:00,67,37,30
2015-01-16 09:00:00,59,25,34
2015-01-16 10:00:00,92,48,44
2015-01-16 11:00:00,106,53,53
2015-01-16 12:00:00,265,141,124
2015-01-16 13:00:00,186,79,107
2015-01-16 14:00:00,159,85,74
2015-01-16 15:00:00,204,97,107
2015-01-16 16:00:00,358,185,173
2015-01-16 17:00:00,158,67,91
2015-01-16 18:00:00,51,22,29
2015-01-16 19:00:00,26,11,15
2015-01-16 20:00:00,7,5,2
2015-01-16 21:00:00,11,5,6
2015-01-16 22:00:00,8,4,4
2015-01-16 23:00:00,10,7,3
2015-01-17 00:00:00,6,0,6
2015-01-17 01:00:00,0,0,0
2015-01-17 02:00:00,3,1,2
2015-01-17 03:00:00,3,1,2
2015-01-17 04:00:00,1,0,1
2015-01-17 05:00:00,2,1,1
2015-01-17 06:00:00,8,5,3
2015-01-17 07:00:00,22,10,12
2015-01-17 08:00:00,90,52,38
2015-01-17 09:00:00,153,81,72
2015-01-17 10:00:00,135,57,78
2015-01-17 11:00:00,99,39,60
2015-01-17 12:00:00,108,62,46
2015-01-17 13:00:00,93,38,55
2015-01-17 14:00:00,89,41,48
2015-01-17 15:00:00,102,52,50
2015-01-17 16:00:00,86,37,49
2015-01-17 17:00:00,15,5,10
2015-01-17 18:00:00,4,3,1
2015-01-17 19:00:00,4,3,1
2015-01-17 20:00:00,3,1,2
2015-01-17 21:00:00,2,1,1
2015-01-17 22:00:00,4,1,3
2015-01-17 23:00:00,0,0,0
2015-01-18 00:00:00,2,2,0
2015-01-18 01:00:00,3,2,1
2015-01-18 02:00:00,0,0,0
2015-01-18 03:00:00,2,1,1
2015-01-18 04:00:00,1,0,1
2015-01-18 05:00:00,0,0,0
2015-01-18 06:00:00,5,3,2
2015-01-18 07:00:00,9,6,3
2015-01-18 08:00:00,64,34,30
2015-01-18 09:00:00,78,39,39
2015-01-18 10:00:00,50,19,31
2015-01-18 11:00:00,33,16,17
2015-01-18 12:00:00,21,6,15
2015-01-18 13:00:00,44,26,18
2015-01-18 14:00:00,47,19,28
2015-01-18 15:00:00,31,14,17
2015-01-18 16:00:00,79,35,44
2015-01-18 17:00:00,93,36,57
2015-01-18 18:00:00,21,10,11
2015-01-18 19:00:00,22,15,7
2015-01-18 20:00:00,10,5,5
2015-01-18 21:00:00,10,4,6
2015-01-18 22:00:00,1,0,1
2015-01-18 23:00:00,1,1,0
2015-01-19 00:00:00,1,0,1
2015-01-19 01:00:00,0,0,0
2015-01-19 02:00:00,0,0,0
2015-01-19 03:00:00,6,4,2
2015-01-19 04:00:00,5,1,4
2015-01-19 05:00:00,3,3,0
2015-01-19 06:00:00,20,11,9
2015-01-19 07:00:00,47,23,24
2015-01-19 08:00:00,94,50,44
2015-01-19 09:00:00,109,53,56
2015-01-19 10:00:00,121,56,65
2015-01-19 11:00:00,123,56,67
2015-01-19 12:00:00,275,141,134
2015-01-19 13:00:00,185,85,100
2015-01-19 14:00:00,225,113,112
2015-01-19 15:00:00,298,143,155
2015-01-19 16:00:00,463,204,259
2015-01-19 17:00:00,256,110,146
2015-01-19 18:00:00,51,22,29
2015-01-19 19:00:00,39,19,20
2015-01-19 20:00:00,17,8,9
2015-01-19 21:00:00,20,6,14
2015-01-19 22:00:00,6,3,3
2015-01-19 23:00:00,5,2,3
2015-01-20 00:00:00,3,1,2
2015-01-20 01:00:00,2,1,1
2015-01-20 02:00:00,2,1,1
2015-01-20 03:00:00,0,0,0
2015-01-20 04:00:00,3,2,1
2015-01-20 05:00:00,15,9,6
2015-01-20 06:00:00,41,18,23
2015-01-20 07:00:00,61,25,36
2015-01-20 08:00:00,90,41,49
2015-01-20 09:00:00,72,29,43
2015-01-20 10:00:00,92,51,41
2015-01-20 11:00:00,119,60,59
2015-01-20 12:00:00,403,214,189
2015-01-20 13:00:00,275,120,155
2015-01-20 14:00:00,161,86,75
2015-01-20 15:00:00,206,105,101
2015-01-20 16:00:00,235,103,132
2015-01-20 17:00:00,175,87,88
2015-01-20 18:00:00,52,27,25
2015-01-20 19:00:00,19,10,9
2015-01-20 20:00:00,24,17,7
2015-01-20 21:00:00,7,4,3
2015-01-20 22:00:00,7,2,5
2015-01-20 23:00:00,4,2,2
2015-01-21 00:00:00,3,1,2
2015-01-21 01:00:00,4,1,3
2015-01-21 02:00:00,1,1,0
2015-01-21 03:00:00,0,0,0
2015-01-21 04:00:00,5,3,2
2015-01-21 05:00:00,11,5,6
2015-01-21 06:00:00,52,32,20
2015-01-21 07:00:00,97,43,54
2015-01-21 08:00:00,86,36,50
2015-01-21 09:00:00,72,34,38
2015-01-21 10:00:00,70,32,38
2015-01-21 11:00:00,117,59,58
2015-01-21 12:00:00,344,185,159
2015-01-21 13:00:00,232,114,118
2015-01-21 14:00:00,149,70,79
2015-01-21 15:00:00,125,66,59
2015-01-21 16:00:00,127,64,63
2015-01-21 17:00:00,95,40,55
2015-01-21 18:00:00,62,32,30
2015-01-21 19:00:00,31,19,12
2015-01-21 20:00:00,13,6,7
2015-01-21 21:00:00,16,8,8
2015-01-21 22:00:00,6,4,2
2015-01-21 23:00:00,1,1,0
2015-01-22 00:00:00,2,0,2
2015-01-22 01:00:00,8,5,3
2015-01-22 02:00:00,2,2,0
2015-01-22 03:00:00,0,0,0
2015-01-22 04:00:00,2,1,1
2015-01-22 05:00:00,12,6,6
2015-01-22 06:00:00,61,31,30
2015-01-22 07:00:00,70,27,43
2015-01-22 08:00:00,75,34,41
2015-01-22 09:00:00,60,30,30
2015-01-22 10:00:00,53,26,27
2015-01-22 11:00:00,53,27,26
2015-01-22 12:00:00,199,106,93
2015-01-22 13:00:00,139,57,82
2015-01-22 14:00:00,82,38,44
2015-01-22 15:00:00,94,53,41
2015-01-22 16:00:00,110,52,58
2015-01-22 17:00:00,105,48,57
2015-01-22 18:00:00,61,30,31
2015-01-22 19:00:00,24,16,8
2015-01-22 20:00:00,18,10,8
2015-01-22 21:00:00,17,7,10
2015-01-22 22:00:00,5,3,2
2015-01-22 23:00:00,4,2,2
2015-01-23 00:00:00,3,1,2
2015-01-23 01:00:00,0,0,0
2015-01-23 02:00:00,0,0,0
2015-01-23 03:00:00,0,0,0
2015-01-23 04:00:00,3,0,3
2015-01-23 05:00:00,12,8,4
2015-01-23 06:00:00,36,19,17
2015-01-23 07:00:00,53,25,28
2015-01-23 08:00:00,64,36,28
2015-01-23 09:00:00,77,34,43
2015-01-23 10:00:00,77,33,44
2015-01-23 11:00:00,51,25,26
2015-01-23 12:00:00,155,84,71
2015-01-23 13:00:00,92,40,52
2015-01-23 14:00:00,61,31,30
2015-01-23 15:00:00,62,33,29
2015-01-23 16:00:00,78,38,40
2015-01-23 17:00:00,109,51,58
2015-01-23 18:00:00,35,15,20
2015-01-23 19:00:00,13,6,7
2015-01-23 20:00:00,9,4,5
2015-01-23 21:00:00,3,2,1
2015-01-23 22:00:00,14,7,7
2015-01-23 23:00:00,4,0,4
2015-01-24 00:00:00,7,2,5
2015-01-24 01:00:00,1,0,1
2015-01-24 02:00:00,1,0,1
2015-01-24 03:00:00,0,0,0
2015-01-24 04:00:00,0,0,0
2015-01-24 05:00:00,3,2,1
2015-01-24 06:00:00,7,4,3
2015-01-24 07:00:00,25,17,8
2015-01-24 08:00:00,73,38,35
2015-01-24 09:00:00,164,86,78
2015-01-24 10:00:00,190,100,90
2015-01-24 11:00:00,222,104,118
2015-01-24 12:00:00,194,89,105
2015-01-24 13:00:00,169,67,102
2015-01-24 14:00:00,156,75,81
2015-01-24 15:00:00,279,146,133
2015-01-24 16:00:00,393,192,201
2015-01-24 17:00:00,284,111,173
2015-01-24 18:00:00,44,22,22
2015-01-24 19:00:00,15,7,8
2015-01-24 20:00:00,19,9,10
2015-01-24 21:00:00,4,2,2
2015-01-24 22:00:00,2,1,1
2015-01-24 23:00:00,2,1,1
2015-01-25 00:00:00,9,7,2
2015-01-25 01:00:00,5,0,5
2015-01-25 02:00:00,1,0,1
2015-01-25 03:00:00,4,2,2
2015-01-25 04:00:00,0,0,0
2015-01-25 05:00:00,4,3,1
2015-01-25 06:00:00,13,6,7
2015-01-25 07:00:00,36,23,13
2015-01-25 08:00:00,94,58,36
2015-01-25 09:00:00,171,88,83
2015-01-25 10:00:00,202,113,89
2015-01-25 11:00:00,270,128,142
2015-01-25 12:00:00,328,162,166
2015-01-25 13:00:00,483,235,248
2015-01-25 14:00:00,604,309,295
2015-01-25 15:00:00,671,346,325
2015-01-25 16:00:00,808,342,466
2015-01-25 17:00:00,353,138,215
2015-01-25 18:00:00,55,18,37
2015-01-25 19:00:00,9,4,5
2015-01-25 20:00:00,17,9,8
2015-01-25 21:00:00,8,4,4
2015-01-25 22:00:00,4,2,2
2015-01-25 23:00:00,6,3,3
2015-01-26 00:00:00,0,0,0
2015-01-26 01:00:00,0,0,0
2015-01-26 02:00:00,0,0,0
2015-01-26 03:00:00,2,1,1
2015-01-26 04:00:00,2,2,0
2015-01-26 05:00:00,17,10,7
2015-01-26 06:00:00,65,33,32
2015-01-26 07:00:00,46,22,24
2015-01-26 08:00:00,102,43,59
2015-01-26 09:00:00,120,61,59
2015-01-26 10:00:00,113,47,66
2015-01-26 11:00:00,177,94,83
2015-01-26 12:00:00,447,241,206
2015-01-26 13:00:00,393,207,186
2015-01-26 14:00:00,284,117,167
2015-01-26 15:00:00,296,141,155
2015-01-26 16:00:00,362,186,176
2015-01-26 17:00:00,321,142,179
2015-01-26 18:00:00,119,70,49
2015-01-26 19:00:00,36,19,17
2015-01-26 20:00:00,15,6,9
2015-01-26 21:00:00,16,12,4
2015-01-26 22:00:00,8,4,4
2015-01-26 23:00:00,4,3,1
2015-01-27 00:00:00,3,2,1
2015-01-27 01:00:00,3,1,2
2015-01-27 02:00:00,1,1,0
2015-01-27 03:00:00,1,1,0
2015-01-27 04:00:00,12,5,7
2015-01-27 05:00:00,20,12,8
2015-01-27 06:00:00,59,37,22
2015-01-27 07:00:00,114,47,67
2015-01-27 08:00:00,117,57,60
2015-01-27 09:00:00,96,46,50
2015-01-27 10:00:00,70,27,43
2015-01-27 11:00:00,86,41,45
2015-01-27 12:00:00,253,139,114
2015-01-27 13:00:00,155,72,83
2015-01-27 14:00:00,74,37,37
2015-01-27 15:00:00,89,47,42
2015-01-27 16:00:00,109,57,52
2015-01-27 17:00:00,94,49,45
2015-01-27 18:00:00,48,28,20
2015-01-27 19:00:00,28,14,14
2015-01-27 20:00:00,7,3,4
2015-01-27 21:00:00,10,6,4
2015-01-27 22:00:00,2,1,1
2015-01-27 23:00:00,3,1,2
2015-01-28 00:00:00,2,1,1
2015-01-28 01:00:00,3,1,2
2015-01-28 02:00:00,0,0,0
2015-01-28 03:00:00,1,1,0
2015-01-28 04:00:00,4,3,1
2015-01-28 05:00:00,13,6,7
2015-01-28 06:00:00,58,33,25
2015-01-28 07:00:00,77,38,39
2015-01-28 08:00:00,125,62,63
2015-01-28 09:00:00,133,63,70
2015-01-28 10:00:00,80,43,37
2015-01-28 11:00:00,137,84,53
2015-01-28 12:00:00,325,166,159
2015-01-28 13:00:00,249,122,127
2015-01-28 14:00:00,177,99,78
2015-01-28 15:00:00,277,149,128
2015-01-28 16:00:00,366,175,191
2015-01-28 17:00:00,263,128,135
2015-01-28 18:00:00,100,53,47
2015-01-28 19:00:00,53,28,25
2015-01-28 20:00:00,18,10,8
2015-01-28 21:00:00,12,6,6
2015-01-28 22:00:00,2,1,1
2015-01-28 23:00:00,0,0,0
2015-01-29 00:00:00,0,0,0
2015-01-29 01:00:00,1,1,0
2015-01-29 02:00:00,2,1,1
2015-01-29 03:00:00,3,2,1
2015-01-29 04:00:00,1,0,1
2015-01-29 05:00:00,20,9,11
2015-01-29 06:00:00,71,44,27
2015-01-29 07:00:00,100,44,56
2015-01-29 08:00:00,132,57,75
2015-01-29 09:00:00,106,48,58
2015-01-29 10:00:00,115,62,53
2015-01-29 11:00:00,138,71,67
2015-01-29 12:00:00,376,204,172
2015-01-29 13:00:00,276,124,152
2015-01-29 14:00:00,211,109,102
2015-01-29 15:00:00,243,125,118
2015-01-29 16:00:00,326,167,159
2015-01-29 17:00:00,272,135,137
2015-01-29 18:00:00,93,50,43
2015-01-29 19:00:00,30,16,14
2015-01-29 20:00:00,14,7,7
2015-01-29 21:00:00,25,18,7
2015-01-29 22:00:00,3,2,1
2015-01-29 23:00:00,2,1,1
2015-01-30 00:00:00,1,0,1
2015-01-30 01:00:00,0,0,0
2015-01-30 02:00:00,0,0,0
2015-01-30 03:00:00,0,0,0
2015-01-30 04:00:00,6,4,2
2015-01-30 05:00:00,9,4,5
2015-01-30 06:00:00,41,21,20
2015-01-30 07:00:00,68,29,39
2015-01-30 08:00:00,81,40,41
2015-01-30 09:00:00,103,51,52
2015-01-30 10:00:00,105,54,51
2015-01-30 11:00:00,120,66,54
2015-01-30 12:00:00,228,122,106
2015-01-30 13:00:00,180,78,102
2015-01-30 14:00:00,132,55,77
2015-01-30 15:00:00,171,81,90
2015-01-30 16:00:00,119,51,68
2015-01-30 17:00:00,125,56,69
2015-01-30 18:00:00,54,28,26
2015-01-30 19:00:00,20,11,9
2015-01-30 20:00:00,12,5,7
2015-01-30 21:00:00,5,4,1
2015-01-30 22:00:00,4,1,3
2015-01-30 23:00:00,3,2,1
2015-01-31 00:00:00,1,1,0
2015-01-31 01:00:00,2,1,1
2015-01-31 02:00:00,1,0,1
2015-01-31 03:00:00,2,1,1
2015-01-31 04:00:00,0,0,0
2015-01-31 05:00:00,3,3,0
2015-01-31 06:00:00,9,4,5
2015-01-31 07:00:00,34,22,12
2015-01-31 08:00:00,83,49,34
2015-01-31 09:00:00,150,81,69
2015-01-31 10:00:00,161,74,87
2015-01-31 11:00:00,177,80,97
2015-01-31 12:00:00,183,83,100
2015-01-31 13:00:00,157,75,82
2015-01-31 14:00:00,155,66,89
2015-01-31 15:00:00,166,83,83
2015-01-31 16:00:00,175,81,94
2015-01-31 17:00:00,141,65,76
2015-01-31 18:00:00,31,16,15
2015-01-31 19:00:00,15,6,9
2015-01-31 20:00:00,7,5,2
2015-01-31 21:00:00,6,5,1
2015-01-31 22:00:00,9,6,3
2015-01-31 23:00:00,4,2,2
2015-02-01 00:00:00,2,0,2
2015-02-01 01:00:00,2,2,0
2015-02-01 02:00:00,0,0,0
2015-02-01 03:00:00,1,1,0
2015-02-01 04:00:00,0,0,0
2015-02-01 05:00:00,0,0,0
2015-02-01 06:00:00,10,5,5
2015-02-01 07:00:00,23,13,10
2015-02-01 08:00:00,106,58,48
2015-02-01 09:00:00,139,69,70
2015-02-01 10:00:00,136,66,70
2015-02-01 11:00:00,124,63,61
2015-02-01 12:00:00,111,51,60
2015-02-01 13:00:00,87,36,51
2015-02-01 14:00:00,62,28,34
2015-02-01 15:00:00,40,17,23
2015-02-01 16:00:00,24,12,12
2015-02-01 17:00:00,31,14,17
2015-02-01 18:00:00,7,4,3
2015-02-01 19:00:00,11,3,8
2015-02-01 20:00:00,18,13,5
2015-02-01 21:00:00,20,7,13
2015-02-01 22:00:00,5,2,3
2015-02-01 23:00:00,2,2,0
2015-02-02 00:00:00,0,0,0
2015-02-02 01:00:00,2,0,2
2015-02-02 02:00:00,2,2,0
2015-02-02 03:00:00,0,0,0
2015-02-02 04:00:00,0,0,0
2015-02-02 05:00:00,6,3,3
2015-02-02 06:00:00,25,15,10
2015-02-02 07:00:00,32,17,15
2015-02-02 08:00:00,32,13,19
2015-02-02 09:00:00,19,9,10
2015-02-02 10:00:00,24,13,11
2015-02-02 11:00:00,42,22,20
2015-02-02 12:00:00,151,77,74
2015-02-02 13:00:00,102,45,57
2015-02-02 14:00:00,96,54,42
2015-02-02 15:00:00,72,25,47
2015-02-02 16:00:00,94,45,49
2015-02-02 17:00:00,178,88,90
2015-02-02 18:00:00,61,28,33
2015-02-02 19:00:00,37,15,22
2015-02-02 20:00:00,15,9,6
2015-02-02 21:00:00,8,4,4
2015-02-02 22:00:00,6,3,3
2015-02-02 23:00:00,4,2,2
2015-02-03 00:00:00,2,0,2
2015-02-03 01:00:00,1,0,1
2015-02-03 02:00:00,1,1,0
2015-02-03 03:00:00,1,1,0
2015-02-03 04:00:00,8,3,5
2015-02-03 05:00:00,12,6,6
2015-02-03 06:00:00,55,30,25
2015-02-03 07:00:00,89,44,45
2015-02-03 08:00:00,116,50,66
2015-02-03 09:00:00,89,49,40
2015-02-03 10:00:00,76,37,39
2015-02-03 11:00:00,88,36,52
2015-02-03 12:00:00,200,110,90
2015-02-03 13:00:00,133,53,80
2015-02-03 14:00:00,62,28,34
2015-02-03 15:00:00,51,27,24
2015-02-03 16:00:00,111,59,52
2015-02-03 17:00:00,175,91,84
2015-02-03 18:00:00,72,36,36
2015-02-03 19:00:00,32,16,16
2015-02-03 20:00:00,20,8,12
2015-02-03 21:00:00,17,10,7
2015-02-03 22:00:00,9,4,5
2015-02-03 23:00:00,3,1,2
2015-02-04 00:00:00,2,1,1
2015-02-04 01:00:00,1,0,1
2015-02-04 02:00:00,1,1,0
2015-02-04 03:00:00,0,0,0
2015-02-04 04:00:00,1,0,1
2015-02-04 05:00:00,22,14,8
2015-02-04 06:00:00,51,27,24
2015-02-04 07:00:00,78,39,39
2015-02-04 08:00:00,101,41,60
2015-02-04 09:00:00,44,24,20
2015-02-04 10:00:00,53,22,31
2015-02-04 11:00:00,65,40,25
2015-02-04 12:00:00,274,152,122
2015-02-04 13:00:00,147,63,84
2015-02-04 14:00:00,76,37,39
2015-02-04 15:00:00,96,42,54
2015-02-04 16:00:00,116,58,58
2015-02-04 17:00:00,102,55,47
2015-02-04 18:00:00,44,20,24
2015-02-04 19:00:00,16,11,5
2015-02-04 20:00:00,5,2,3
2015-02-04 21:00:00,8,7,1
2015-02-04 22:00:00,5,2,3
2015-02-04 23:00:00,1,1,0
2015-02-05 00:00:00,1,1,0
2015-02-05 01:00:00,0,0,0
2015-02-05 02:00:00,1,1,0
2015-02-05 03:00:00,0,0,0
2015-02-05 04:00:00,0,0,0
2015-02-05 05:00:00,3,0,3
2015-02-05 06:00:00,23,13,10
2015-02-05 07:00:00,45,19,26
2015-02-05 08:00:00,56,25,31
2015-02-05 09:00:00,43,19,24
2015-02-05 10:00:00,32,14,18
2015-02-05 11:00:00,77,46,31
2015-02-05 12:00:00,174,92,82
2015-02-05 13:00:00,128,63,65
2015-02-05 14:00:00,71,37,34
2015-02-05 15:00:00,89,42,47
2015-02-05 16:00:00,68,30,38
2015-02-05 17:00:00,87,41,46
2015-02-05 18:00:00,45,24,21
2015-02-05 19:00:00,21,10,11
2015-02-05 20:00:00,13,7,6
2015-02-05 21:00:00,2,0,2
2015-02-05 22:00:00,2,1,1
2015-02-05 23:00:00,4,2,2
2015-02-06 00:00:00,1,0,1
2015-02-06 01:00:00,1,1,0
2015-02-06 02:00:00,1,1,0
2015-02-06 03:00:00,0,0,0
2015-02-06 04:00:00,1,0,1
2015-02-06 05:00:00,4,3,1
2015-02-06 06:00:00,26,14,12
2015-02-06 07:00:00,35,14,21
2015-02-06 08:00:00,58,29,29
2015-02-06 09:00:00,43,12,31
2015-02-06 10:00:00,32,15,17
2015-02-06 11:00:00,44,24,20
2015-02-06 12:00:00,109,62,47
2015-02-06 13:00:00,49,18,31
2015-02-06 14:00:00,28,13,15
2015-02-06 15:00:00,69,46,23
2015-02-06 16:00:00,136,75,61
2015-02-06 17:00:00,209,99,110
2015-02-06 18:00:00,77,33,44
2015-02-06 19:00:00,22,14,8
2015-02-06 20:00:00,14,10,4
2015-02-06 21:00:00,9,4,5
2015-02-06 22:00:00,12,4,8
2015-02-06 23:00:00,3,1,2
2015-02-07 00:00:00,1,0,1
2015-02-07 01:00:00,6,1,5
2015-02-07 02:00:00,0,0,0
2015-02-07 03:00:00,2,1,1
2015-02-07 04:00:00,0,0,0
2015-02-07 05:00:00,1,1,0
2015-02-07 06:00:00,12,6,6
2015-02-07 07:00:00,17,9,8
2015-02-07 08:00:00,51,33,18
2015-02-07 09:00:00,93,52,41
2015-02-07 10:00:00,115,54,61
2015-02-07 11:00:00,114,64,50
2015-02-07 12:00:00,132,65,67
2015-02-07 13:00:00,108,48,60
2015-02-07 14:00:00,112,51,61
2015-02-07 15:00:00,62,23,39
2015-02-07 16:00:00,43,19,24
2015-02-07 17:00:00,67,36,31
2015-02-07 18:00:00,35,13,22
2015-02-07 19:00:00,12,7,5
2015-02-07 20:00:00,8,4,4
2015-02-07 21:00:00,4,2,2
2015-02-07 22:00:00,4,3,1
2015-02-07 23:00:00,1,0,1
2015-02-08 00:00:00,0,0,0
2015-02-08 01:00:00,1,1,0
2015-02-08 02:00:00,1,0,1
2015-02-08 03:00:00,1,1,0
2015-02-08 04:00:00,0,0,0
2015-02-08 05:00:00,0,0,0
2015-02-08 06:00:00,12,9,3
2015-02-08 07:00:00,31,13,18
2015-02-08 08:00:00,112,58,54
2015-02-08 09:00:00,204,114,90
2015-02-08 10:00:00,262,138,124
2015-02-08 11:00:00,418,203,215
2015-02-08 12:00:00,392,158,234
2015-02-08 13:00:00,341,148,193
2015-02-08 14:00:00,227,102,125
2015-02-08 15:00:00,287,145,142
2015-02-08 16:00:00,238,110,128
2015-02-08 17:00:00,172,65,107
2015-02-08 18:00:00,41,13,28
2015-02-08 19:00:00,10,8,2
2015-02-08 20:00:00,8,3,5
2015-02-08 21:00:00,11,5,6
2015-02-08 22:00:00,2,2,0
2015-02-08 23:00:00,1,0,1
2015-02-09 00:00:00,2,1,1
2015-02-09 01:00:00,1,0,1
2015-02-09 02:00:00,2,2,0
2015-02-09 03:00:00,0,0,0
2015-02-09 04:00:00,2,1,1
2015-02-09 05:00:00,11,5,6
2015-02-09 06:00:00,32,18,14
2015-02-09 07:00:00,46,25,21
2015-02-09 08:00:00,79,36,43
2015-02-09 09:00:00,49,22,27
2015-02-09 10:00:00,38,22,16
2015-02-09 11:00:00,59,29,30
2015-02-09 12:00:00,203,108,95
2015-02-09 13:00:00,151,72,79
2015-02-09 14:00:00,136,68,68
2015-02-09 15:00:00,118,60,58
2015-02-09 16:00:00,139,78,61
2015-02-09 17:00:00,200,104,96
2015-02-09 18:00:00,76,35,41
2015-02-09 19:00:00,40,23,17
2015-02-09 20:00:00,14,6,8
2015-02-09 21:00:00,11,9,2
2015-02-09 22:00:00,4,1,3
2015-02-09 23:00:00,0,0,0
2015-02-10 00:00:00,2,1,1
2015-02-10 01:00:00,0,0,0
2015-02-10 02:00:00,0,0,0
2015-02-10 03:00:00,0,0,0
2015-02-10 04:00:00,4,1,3
2015-02-10 05:00:00,4,1,3
2015-02-10 06:00:00,50,31,19
2015-02-10 07:00:00,66,28,38
2015-02-10 08:00:00,86,47,39
2015-02-10 09:00:00,89,45,44
2015-02-10 10:00:00,60,28,32
2015-02-10 11:00:00,108,54,54
2015-02-10 12:00:00,298,161,137
2015-02-10 13:00:00,204,101,103
2015-02-10 14:00:00,139,69,70
2015-02-10 15:00:00,160,76,84
2015-02-10 16:00:00,185,98,87
2015-02-10 17:00:00,218,106,112
2015-02-10 18:00:00,132,71,61
2015-02-10 19:00:00,42,21,21
2015-02-10 20:00:00,20,13,7
2015-02-10 21:00:00,19,9,10
2015-02-10 22:00:00,4,1,3
2015-02-10 23:00:00,3,2,1
2015-02-11 00:00:00,2,1,1
2015-02-11 01:00:00,0,0,0
2015-02-11 02:00:00,1,1,0
2015-02-11 03:00:00,1,1,0
2015-02-11 04:00:00,2,0,2
2015-02-11 05:00:00,13,8,5
2015-02-11 06:00:00,53,30,23
2015-02-11 07:00:00,90,41,49
2015-02-11 08:00:00,118,55,63
2015-02-11 09:00:00,86,42,44
2015-02-11 10:00:00,69,32,37
2015-02-11 11:00:00,83,49,34
2015-02-11 12:00:00,276,145,131
2015-02-11 13:00:00,174,83,91
2015-02-11 14:00:00,99,50,49
2015-02-11 15:00:00,134,71,63
2015-02-11 16:00:00,148,74,74
2015-02-11 17:00:00,147,79,68
2015-02-11 18:00:00,101,48,53
2015-02-11 19:00:00,20,7,13
2015-02-11 20:00:00,11,3,8
2015-02-11 21:00:00,22,10,12
2015-02-11 22:00:00,12,4,8
2015-02-11 23:00:00,2,2,0
2015-02-12 00:00:00,1,0,1
2015-02-12 01:00:00,1,0,1
2015-02-12 02:00:00,1,1,0
2015-02-12 03:00:00,0,0,0
2015-02-12 04:00:00,1,0,1
2015-02-12 05:00:00,10,3,7
2015-02-12 06:00:00,50,30,20
2015-02-12 07:00:00,91,43,48
2015-02-12 08:00:00,108,46,62
2015-02-12 09:00:00,100,45,55
2015-02-12 10:00:00,104,53,51
2015-02-12 11:00:00,131,64,67
2015-02-12 12:00:00,269,140,129
2015-02-12 13:00:00,205,94,111
2015-02-12 14:00:00,166,92,74
2015-02-12 15:00:00,179,95,84
2015-02-12 16:00:00,170,84,86
2015-02-12 17:00:00,228,113,115
2015-02-12 18:00:00,123,60,63
2015-02-12 19:00:00,45,20,25
2015-02-12 20:00:00,12,7,5
2015-02-12 21:00:00,24,13,11
2015-02-12 22:00:00,19,6,13
2015-02-12 23:00:00,9,3,6
2015-02-13 00:00:00,2,1,1
2015-02-13 01:00:00,1,0,1
2015-02-13 02:00:00,0,0,0
2015-02-13 03:00:00,1,0,1
2015-02-13 04:00:00,0,0,0
2015-02-13 05:00:00,9,5,4
2015-02-13 06:00:00,25,16,9
2015-02-13 07:00:00,76,32,44
2015-02-13 08:00:00,114,55,59
2015-02-13 09:00:00,78,40,38
2015-02-13 10:00:00,96,43,53
2015-02-13 11:00:00,109,54,55
2015-02-13 12:00:00,269,144,125
2015-02-13 13:00:00,210,94,116
2015-02-13 14:00:00,130,61,69
2015-02-13 15:00:00,164,71,93
2015-02-13 16:00:00,172,82,90
2015-02-13 17:00:00,178,89,89
2015-02-13 18:00:00,103,48,55
2015-02-13 19:00:00,28,10,18
2015-02-13 20:00:00,8,5,3
2015-02-13 21:00:00,7,5,2
2015-02-13 22:00:00,15,4,11
2015-02-13 23:00:00,8,6,2
2015-02-14 00:00:00,3,1,2
2015-02-14 01:00:00,1,0,1
2015-02-14 02:00:00,1,1,0
2015-02-14 03:00:00,4,2,2
2015-02-14 04:00:00,0,0,0
2015-02-14 05:00:00,2,1,1
2015-02-14 06:00:00,12,8,4
2015-02-14 07:00:00,44,25,19
2015-02-14 08:00:00,109,60,49
2015-02-14 09:00:00,173,89,84
2015-02-14 10:00:00,176,84,92
2015-02-14 11:00:00,216,107,109
2015-02-14 12:00:00,216,92,124
2015-02-14 13:00:00,212,94,118
2015-02-14 14:00:00,270,120,150
2015-02-14 15:00:00,361,183,178
2015-02-14 16:00:00,462,209,253
2015-02-14 17:00:00,338,141,197
2015-02-14 18:00:00,109,38,71
2015-02-14 19:00:00,24,11,13
2015-02-14 20:00:00,19,9,10
2015-02-14 21:00:00,15,6,9
2015-02-14 22:00:00,11,5,6
2015-02-14 23:00:00,4,2,2
2015-02-15 00:00:00,0,0,0
2015-02-15 01:00:00,0,0,0
2015-02-15 02:00:00,1,1,0
2015-02-15 03:00:00,2,1,1
2015-02-15 04:00:00,0,0,0
2015-02-15 05:00:00,0,0,0
2015-02-15 06:00:00,4,2,2
2015-02-15 07:00:00,41,22,19
2015-02-15 08:00:00,141,78,63
2015-02-15 09:00:00,207,110,97
2015-02-15 10:00:00,250,122,128
2015-02-15 11:00:00,304,124,180
2015-02-15 12:00:00,389,182,207
2015-02-15 13:00:00,365,185,180
2015-02-15 14:00:00,415,193,222
2015-02-15 15:00:00,494,216,278
2015-02-15 16:00:00,554,242,312
2015-02-15 17:00:00,303,123,180
2015-02-15 18:00:00,89,33,56
2015-02-15 19:00:00,16,10,6
2015-02-15 20:00:00,5,3,2
2015-02-15 21:00:00,9,6,3
2015-02-15 22:00:00,7,4,3
2015-02-15 23:00:00,9,6,3
2015-02-16 00:00:00,4,2,2
2015-02-16 01:00:00,4,2,2
2015-02-16 02:00:00,3,2,1
2015-02-16 03:00:00,1,1,0
2015-02-16 04:00:00,4,2,2
2015-02-16 05:00:00,6,3,3
2015-02-16 06:00:00,25,15,10
2015-02-16 07:00:00,44,19,25
2015-02-16 08:00:00,108,52,56
2015-02-16 09:00:00,137,70,67
2015-02-16 10:00:00,175,83,92
2015-02-16 11:00:00,217,103,114
2015-02-16 12:00:00,299,135,164
2015-02-16 13:00:00,274,124,150
2015-02-16 14:00:00,252,129,123
2015-02-16 15:00:00,311,149,162
2015-02-16 16:00:00,324,152,172
2015-02-16 17:00:00,330,156,174
2015-02-16 18:00:00,109,37,72
2015-02-16 19:00:00,30,16,14
2015-02-16 20:00:00,31,17,14
2015-02-16 21:00:00,10,2,8
2015-02-16 22:00:00,1,1,0
2015-02-16 23:00:00,0,0,0
2015-02-17 00:00:00,1,0,1
2015-02-17 01:00:00,0,0,0
2015-02-17 02:00:00,2,1,1
2015-02-17 03:00:00,1,1,0
2015-02-17 04:00:00,2,0,2
2015-02-17 05:00:00,14,9,5
2015-02-17 06:00:00,33,17,16
2015-02-17 07:00:00,94,45,49
2015-02-17 08:00:00,103,59,44
2015-02-17 09:00:00,111,40,71
2015-02-17 10:00:00,104,44,60
2015-02-17 11:00:00,147,75,72
2015-02-17 12:00:00,420,230,190
2015-02-17 13:00:00,359,174,185
2015-02-17 14:00:00,274,127,147
2015-02-17 15:00:00,254,122,132
2015-02-17 16:00:00,297,148,149
2015-02-17 17:00:00,396,207,189
2015-02-17 18:00:00,218,90,128
2015-02-17 19:00:00,32,14,18
2015-02-17 20:00:00,18,11,7
2015-02-17 21:00:00,11,6,5
2015-02-17 22:00:00,9,4,5
2015-02-17 23:00:00,1,1,0
2015-02-18 00:00:00,0,0,0
2015-02-18 01:00:00,2,1,1
2015-02-18 02:00:00,3,2,1
2015-02-18 03:00:00,1,0,1
2015-02-18 04:00:00,1,0,1
2015-02-18 05:00:00,18,11,7
2015-02-18 06:00:00,51,32,19
2015-02-18 07:00:00,110,51,59
2015-02-18 08:00:00,112,50,62
2015-02-18 09:00:00,82,40,42
2015-02-18 10:00:00,71,36,35
2015-02-18 11:00:00,104,50,54
2015-02-18 12:00:00,236,121,115
2015-02-18 13:00:00,189,85,104
2015-02-18 14:00:00,91,49,42
2015-02-18 15:00:00,151,78,73
2015-02-18 16:00:00,174,87,87
2015-02-18 17:00:00,212,111,101
2015-02-18 18:00:00,161,67,94
2015-02-18 19:00:00,40,20,20
2015-02-18 20:00:00,16,7,9
2015-02-18 21:00:00,11,6,5
2015-02-18 22:00:00,5,1,4
2015-02-18 23:00:00,3,0,3
2015-02-19 00:00:00,5,4,1
2015-02-19 01:00:00,2,1,1
2015-02-19 02:00:00,0,0,0
2015-02-19 03:00:00,0,0,0
2015-02-19 04:00:00,0,0,0
2015-02-19 05:00:00,13,9,4
2015-02-19 06:00:00,45,23,22
2015-02-19 07:00:00,103,54,49
2015-02-19 08:00:00,116,53,63
2015-02-19 09:00:00,93,43,50
2015-02-19 10:00:00,91,40,51
2015-02-19 11:00:00,68,28,40
2015-02-19 12:00:00,188,103,85
2015-02-19 13:00:00,88,37,51
2015-02-19 14:00:00,78,36,42
2015-02-19 15:00:00,66,31,35
2015-02-19 16:00:00,89,45,44
2015-02-19 17:00:00,107,62,45
2015-02-19 18:00:00,79,36,43
2015-02-19 19:00:00,37,20,17
2015-02-19 20:00:00,17,8,9
2015-02-19 21:00:00,10,7,3
2015-02-19 22:00:00,8,4,4
2015-02-19 23:00:00,2,0,2
2015-02-20 00:00:00,1,1,0
2015-02-20 01:00:00,2,1,1
2015-02-20 02:00:00,0,0,0
2015-02-20 03:00:00,2,2,0
2015-02-20 04:00:00,1,0,1
2015-02-20 05:00:00,11,7,4
2015-02-20 06:00:00,28,17,11
2015-02-20 07:00:00,74,35,39
2015-02-20 08:00:00,74,36,38
2015-02-20 09:00:00,79,38,41
2015-02-20 10:00:00,85,45,40
2015-02-20 11:00:00,93,53,40
2015-02-20 12:00:00,211,109,102
2015-02-20 13:00:00,153,73,80
2015-02-20 14:00:00,78,29,49
2015-02-20 15:00:00,118,60,58
2015-02-20 16:00:00,121,71,50
2015-02-20 17:00:00,171,80,91
2015-02-20 18:00:00,78,31,47
2015-02-20 19:00:00,27,13,14
2015-02-20 20:00:00,13,8,5
2015-02-20 21:00:00,5,2,3
2015-02-20 22:00:00,3,0,3
2015-02-20 23:00:00,19,11,8
2015-02-21 00:00:00,0,0,0
2015-02-21 01:00:00,5,2,3
2015-02-21 02:00:00,1,0,1
2015-02-21 03:00:00,0,0,0
2015-02-21 04:00:00,2,1,1
2015-02-21 05:00:00,4,2,2
2015-02-21 06:00:00,2,0,2
2015-02-21 07:00:00,39,22,17
2015-02-21 08:00:00,111,66,45
2015-02-21 09:00:00,162,92,70
2015-02-21 10:00:00,203,93,110
2015-02-21 11:00:00,199,86,113
2015-02-21 12:00:00,282,140,142
2015-02-21 13:00:00,241,106,135
2015-02-21 14:00:00,307,145,162
2015-02-21 15:00:00,371,188,183
2015-02-21 16:00:00,361,178,183
2015-02-21 17:00:00,336,157,179
2015-02-21 18:00:00,157,55,102
2015-02-21 19:00:00,25,13,12
2015-02-21 20:00:00,12,7,5
2015-02-21 21:00:00,8,3,5
2015-02-21 22:00:00,9,3,6
2015-02-21 23:00:00,1,1,0
2015-02-22 00:00:00,1,0,1
2015-02-22 01:00:00,0,0,0
2015-02-22 02:00:00,0,0,0
2015-02-22 03:00:00,1,0,1
2015-02-22 04:00:00,1,0,1
2015-02-22 05:00:00,0,0,0
2015-02-22 06:00:00,8,5,3
2015-02-22 07:00:00,44,23,21
2015-02-22 08:00:00,125,71,54
2015-02-22 09:00:00,194,83,111
2015-02-22 10:00:00,261,134,127
2015-02-22 11:00:00,265,119,146
2015-02-22 12:00:00,252,118,134
2015-02-22 13:00:00,214,96,118
2015-02-22 14:00:00,261,128,133
2015-02-22 15:00:00,244,94,150
2015-02-22 16:00:00,315,155,160
2015-02-22 17:00:00,239,120,119
2015-02-22 18:00:00,110,41,69
2015-02-22 19:00:00,17,8,9
2015-02-22 20:00:00,4,1,3
2015-02-22 21:00:00,2,1,1
2015-02-22 22:00:00,1,0,1
2015-02-22 23:00:00,0,0,0
2015-02-23 00:00:00,1,1,0
2015-02-23 01:00:00,1,0,1
2015-02-23 02:00:00,0,0,0
2015-02-23 03:00:00,0,0,0
2015-02-23 04:00:00,1,1,0
2015-02-23 05:00:00,7,5,2
2015-02-23 06:00:00,30,14,16
2015-02-23 07:00:00,85,48,37
2015-02-23 08:00:00,93,42,51
2015-02-23 09:00:00,102,44,58
2015-02-23 10:00:00,83,42,41
2015-02-23 11:00:00,155,67,88
2015-02-23 12:00:00,397,209,188
2015-02-23 13:00:00,279,136,143
2015-02-23 14:00:00,206,109,97
2015-02-23 15:00:00,255,133,122
2015-02-23 16:00:00,251,117,134
2015-02-23 17:00:00,347,183,164
2015-02-23 18:00:00,230,107,123
2015-02-23 19:00:00,44,19,25
2015-02-23 20:00:00,25,10,15
2015-02-23 21:00:00,17,8,9
2015-02-23 22:00:00,4,2,2
2015-02-23 23:00:00,1,1,0
2015-02-24 00:00:00,2,1,1
2015-02-24 01:00:00,0,0,0
2015-02-24 02:00:00,0,0,0
2015-02-24 03:00:00,2,2,0
2015-02-24 04:00:00,4,2,2
2015-02-24 05:00:00,22,13,9
2015-02-24 06:00:00,89,48,41
2015-02-24 07:00:00,130,57,73
2015-02-24 08:00:00,104,44,60
2015-02-24 09:00:00,87,39,48
2015-02-24 10:00:00,111,56,55
2015-02-24 11:00:00,141,66,75
2015-02-24 12:00:00,362,198,164
2015-02-24 13:00:00,249,125,124
2015-02-24 14:00:00,136,67,69
2015-02-24 15:00:00,168,76,92
2015-02-24 16:00:00,152,75,77
2015-02-24 17:00:00,275,157,118
2015-02-24 18:00:00,233,98,135
2015-02-24 19:00:00,46,20,26
2015-02-24 20:00:00,13,7,6
2015-02-24 21:00:00,15,9,6
2015-02-24 22:00:00,7,3,4
2015-02-24 23:00:00,3,1,2
2015-02-25 00:00:00,1,0,1
2015-02-25 01:00:00,0,0,0
2015-02-25 02:00:00,4,1,3
2015-02-25 03:00:00,0,0,0
2015-02-25 04:00:00,2,2,0
2015-02-25 05:00:00,13,7,6
2015-02-25 06:00:00,64,38,26
2015-02-25 07:00:00,118,64,54
2015-02-25 08:00:00,150,65,85
2015-02-25 09:00:00,76,31,45
2015-02-25 10:00:00,54,29,25
2015-02-25 11:00:00,117,61,56
2015-02-25 12:00:00,261,145,116
2015-02-25 13:00:00,149,63,86
2015-02-25 14:00:00,69,33,36
2015-02-25 15:00:00,68,32,36
2015-02-25 16:00:00,102,53,49
2015-02-25 17:00:00,130,63,67
2015-02-25 18:00:00,120,62,58
2015-02-25 19:00:00,28,16,12
2015-02-25 20:00:00,10,5,5
2015-02-25 21:00:00,19,9,10
2015-02-25 22:00:00,8,5,3
2015-02-25 23:00:00,3,1,2
2015-02-26 00:00:00,0,0,0
2015-02-26 01:00:00,1,0,1
2015-02-26 02:00:00,1,1,0
2015-02-26 03:00:00,1,0,1
2015-02-26 04:00:00,0,0,0
2015-02-26 05:00:00,9,5,4
2015-02-26 06:00:00,69,38,31
2015-02-26 07:00:00,113,54,59
2015-02-26 08:00:00,95,36,59
2015-02-26 09:00:00,74,42,32
2015-02-26 10:00:00,89,45,44
2015-02-26 11:00:00,95,56,39
2015-02-26 12:00:00,261,128,133
2015-02-26 13:00:00,198,91,107
2015-02-26 14:00:00,82,34,48
2015-02-26 15:00:00,113,67,46
2015-02-26 16:00:00,136,64,72
2015-02-26 17:00:00,168,93,75
2015-02-26 18:00:00,126,59,67
2015-02-26 19:00:00,50,26,24
2015-02-26 20:00:00,23,13,10
2015-02-26 21:00:00,7,3,4
2015-02-26 22:00:00,4,3,1
2015-02-26 23:00:00,0,0,0
2015-02-27 00:00:00,0,0,0
2015-02-27 01:00:00,1,1,0
2015-02-27 02:00:00,1,1,0
2015-02-27 03:00:00,0,0,0
2015-02-27 04:00:00,2,1,1
2015-02-27 05:00:00,2,2,0
2015-02-27 06:00:00,23,12,11
2015-02-27 07:00:00,70,32,38
2015-02-27 08:00:00,71,36,35
2015-02-27 09:00:00,52,27,25
2015-02-27 10:00:00,64,28,36
2015-02-27 11:00:00,63,33,30
2015-02-27 12:00:00,166,89,77
2015-02-27 13:00:00,128,57,71
2015-02-27 14:00:00,88,39,49
2015-02-27 15:00:00,84,41,43
2015-02-27 16:00:00,115,59,56
2015-02-27 17:00:00,123,64,59
2015-02-27 18:00:00,102,49,53
2015-02-27 19:00:00,39,20,19
2015-02-27 20:00:00,8,3,5
2015-02-27 21:00:00,7,3,4
2015-02-27 22:00:00,4,1,3
2015-02-27 23:00:00,3,2,1
2015-02-28 00:00:00,2,1,1
2015-02-28 01:00:00,2,2,0
2015-02-28 02:00:00,0,0,0
2015-02-28 03:00:00,0,0,0
2015-02-28 04:00:00,0,0,0
2015-02-28 05:00:00,2,1,1
2015-02-28 06:00:00,16,11,5
2015-02-28 07:00:00,57,33,24
2015-02-28 08:00:00,132,84,48
2015-02-28 09:00:00,232,108,124
2015-02-28 10:00:00,271,137,134
2015-02-28 11:00:00,294,143,151
2015-02-28 12:00:00,293,140,153
2015-02-28 13:00:00,273,128,145
2015-02-28 14:00:00,331,165,166
2015-02-28 15:00:00,350,172,178
2015-02-28 16:00:00,345,158,187
2015-02-28 17:00:00,321,148,173
2015-02-28 18:00:00,147,59,88
2015-02-28 19:00:00,39,21,18
2015-02-28 20:00:00,11,5,6
2015-02-28 21:00:00,3,1,2
2015-02-28 22:00:00,7,2,5
2015-02-28 23:00:00,1,0,1
2015-03-01 00:00:00,0,0,0
2015-03-01 01:00:00,0,0,0
2015-03-01 02:00:00,3,1,2
2015-03-01 03:00:00,0,0,0
2015-03-01 04:00:00,2,1,1
2015-03-01 05:00:00,0,0,0
2015-03-01 06:00:00,9,6,3
2015-03-01 07:00:00,35,16,19
2015-03-01 08:00:00,84,47,37
2015-03-01 09:00:00,159,88,71
2015-03-01 10:00:00,200,88,112
2015-03-01 11:00:00,255,154,101
2015-03-01 12:00:00,13,8,5
2015-03-01 13:00:00,2,1,1
2015-03-01 14:00:00,8,4,4
2015-03-01 15:00:00,36,28,8
2015-03-01 16:00:00,81,39,42
2015-03-01 17:00:00,104,22,82
2015-03-01 18:00:00,22,8,14
2015-03-01 19:00:00,44,35,9
2015-03-01 20:00:00,49,18,31
2015-03-01 21:00:00,10,5,5
2015-03-01 22:00:00,78,22,56
2015-03-01 23:00:00,4,2,2
2015-03-02 00:00:00,96,62,34
2015-03-02 01:00:00,2,1,1
2015-03-02 02:00:00,26,4,22
2015-03-02 03:00:00,6,3,3
2015-03-02 04:00:00,29,18,11
2015-03-02 05:00:00,38,12,26
2015-03-02 06:00:00,0,0,0
2015-03-02 07:00:00,0,0,0
2015-03-02 08:00:00,0,0,0
2015-03-02 09:00:00,0,0,0
2015-03-02 10:00:00,6,3,3
2015-03-02 11:00:00,2,1,1
2015-03-02 12:00:00,62,36,26
2015-03-02 13:00:00,0,0,0
2015-03-02 14:00:00,4,2,2
2015-03-02 15:00:00,0,0,0
2015-03-02 16:00:00,2,1,1
2015-03-02 17:00:00,0,0,0
2015-03-02 18:00:00,4,2,2
2015-03-02 19:00:00,6,3,3
2015-03-02 20:00:00,22,5,17
2015-03-02 21:00:00,13,1,12
2015-03-02 22:00:00,4,2,2
2015-03-02 23:00:00,0,0,0
2015-03-03 00:00:00,0,0,0
2015-03-03 01:00:00,0,0,0
2015-03-03 02:00:00,0,0,0
2015-03-03 03:00:00,0,0,0
2015-03-03 04:00:00,2,1,1
2015-03-03 05:00:00,0,0,0
2015-03-03 06:00:00,0,0,0
2015-03-03 07:00:00,0,0,0
2015-03-03 08:00:00,0,0,0
2015-03-03 09:00:00,0,0,0
2015-03-03 10:00:00,0,0,0
2015-03-03 11:00:00,0,0,0
2015-03-03 12:00:00,0,0,0
2015-03-03 13:00:00,0,0,0
2015-03-03 14:00:00,4,2,2
2015-03-03 15:00:00,2,1,1
2015-03-03 16:00:00,0,0,0
2015-03-03 17:00:00,0,0,0
2015-03-03 18:00:00,0,0,0
2015-03-03 19:00:00,0,0,0
2015-03-03 20:00:00,0,0,0
2015-03-03 21:00:00,0,0,0
2015-03-03 22:00:00,0,0,0
2015-03-03 23:00:00,0,0,0
2015-03-04 00:00:00,0,0,0
2015-03-04 01:00:00,0,0,0
2015-03-04 02:00:00,0,0,0
2015-03-04 03:00:00,0,0,0
2015-03-04 04:00:00,0,0,0
2015-03-04 05:00:00,0,0,0
2015-03-04 06:00:00,0,0,0
2015-03-04 07:00:00,0,0,0
2015-03-04 08:00:00,0,0,0
2015-03-04 09:00:00,0,0,0
2015-03-04 10:00:00,0,0,0
2015-03-04 11:00:00,0,0,0
2015-03-04 12:00:00,0,0,0
2015-03-04 13:00:00,0,0,0
2015-03-04 14:00:00,0,0,0
2015-03-04 15:00:00,0,0,0
2015-03-04 16:00:00,0,0,0
2015-03-04 17:00:00,0,0,0
2015-03-04 18:00:00,0,0,0
2015-03-04 19:00:00,0,0,0
2015-03-04 20:00:00,0,0,0
2015-03-04 21:00:00,0,0,0
2015-03-04 22:00:00,0,0,0
2015-03-04 23:00:00,0,0,0
2015-03-05 00:00:00,0,0,0
2015-03-05 01:00:00,0,0,0
2015-03-05 02:00:00,0,0,0
2015-03-05 03:00:00,0,0,0
2015-03-05 04:00:00,0,0,0
2015-03-05 05:00:00,0,0,0
2015-03-05 06:00:00,0,0,0
2015-03-05 07:00:00,0,0,0
2015-03-05 08:00:00,0,0,0
2015-03-05 09:00:00,0,0,0
2015-03-05 10:00:00,0,0,0
2015-03-05 11:00:00,0,0,0
2015-03-05 12:00:00,0,0,0
2015-03-05 13:00:00,2,1,1
2015-03-05 14:00:00,0,0,0
2015-03-05 15:00:00,0,0,0
2015-03-05 16:00:00,0,0,0
2015-03-05 17:00:00,0,0,0
2015-03-05 18:00:00,2,1,1
2015-03-05 19:00:00,0,0,0
2015-03-05 20:00:00,0,0,0
2015-03-05 21:00:00,0,0,0
2015-03-05 22:00:00,0,0,0
2015-03-05 23:00:00,0,0,0
2015-03-06 00:00:00,0,0,0
2015-03-06 01:00:00,0,0,0
2015-03-06 02:00:00,0,0,0
2015-03-06 03:00:00,0,0,0
2015-03-06 04:00:00,0,0,0
2015-03-06 05:00:00,0,0,0
2015-03-06 06:00:00,0,0,0
2015-03-06 07:00:00,0,0,0
2015-03-06 08:00:00,0,0,0
2015-03-06 09:00:00,0,0,0
2015-03-06 10:00:00,0,0,0
2015-03-06 11:00:00,0,0,0
2015-03-06 12:00:00,0,0,0
2015-03-06 13:00:00,0,0,0
2015-03-06 14:00:00,0,0,0
2015-03-06 15:00:00,0,0,0
2015-03-06 16:00:00,0,0,0
2015-03-06 17:00:00,0,0,0
2015-03-06 18:00:00,0,0,0
2015-03-06 19:00:00,0,0,0
2015-03-06 20:00:00,0,0,0
2015-03-06 21:00:00,0,0,0
2015-03-06 22:00:00,0,0,0
2015-03-06 23:00:00,0,0,0
2015-03-07 00:00:00,0,0,0
2015-03-07 01:00:00,0,0,0
2015-03-07 02:00:00,0,0,0
2015-03-07 03:00:00,0,0,0
2015-03-07 04:00:00,0,0,0
2015-03-07 05:00:00,0,0,0
2015-03-07 06:00:00,0,0,0
2015-03-07 07:00:00,0,0,0
2015-03-07 08:00:00,0,0,0
2015-03-07 09:00:00,0,0,0
2015-03-07 10:00:00,0,0,0
2015-03-07 11:00:00,0,0,0
2015-03-07 12:00:00,0,0,0
2015-03-07 13:00:00,0,0,0
2015-03-07 14:00:00,0,0,0
2015-03-07 15:00:00,0,0,0
2015-03-07 16:00:00,0,0,0
2015-03-07 17:00:00,0,0,0
2015-03-07 18:00:00,0,0,0
2015-03-07 19:00:00,0,0,0
2015-03-07 20:00:00,0,0,0
2015-03-07 21:00:00,0,0,0
2015-03-07 22:00:00,0,0,0
2015-03-07 23:00:00,0,0,0
2015-03-08 00:00:00,0,0,0
2015-03-08 01:00:00,0,0,0
2015-03-08 02:00:00,0,0,0
2015-03-08 03:00:00,0,0,0
2015-03-08 04:00:00,0,0,0
2015-03-08 05:00:00,0,0,0
2015-03-08 06:00:00,0,0,0
2015-03-08 07:00:00,0,0,0
2015-03-08 08:00:00,4,2,2
2015-03-08 09:00:00,0,0,0
2015-03-08 10:00:00,6,3,3
2015-03-08 11:00:00,44,37,7
2015-03-08 12:00:00,0,0,0
2015-03-08 13:00:00,0,0,0
2015-03-08 14:00:00,2,1,1
2015-03-08 15:00:00,0,0,0
2015-03-08 16:00:00,0,0,0
2015-03-08 17:00:00,0,0,0
2015-03-08 18:00:00,0,0,0
2015-03-08 19:00:00,0,0,0
2015-03-08 20:00:00,0,0,0
2015-03-08 21:00:00,0,0,0
2015-03-08 22:00:00,0,0,0
2015-03-08 23:00:00,0,0,0
2015-03-09 00:00:00,0,0,0
2015-03-09 01:00:00,0,0,0
2015-03-09 02:00:00,0,0,0
2015-03-09 03:00:00,4,2,2
2015-03-09 04:00:00,84,53,31
2015-03-09 05:00:00,0,0,0
2015-03-09 06:00:00,0,0,0
2015-03-09 07:00:00,1,0,1
2015-03-09 08:00:00,45,17,28
2015-03-09 09:00:00,26,21,5
2015-03-09 10:00:00,0,0,0
2015-03-09 11:00:00,0,0,0
2015-03-09 12:00:00,0,0,0
2015-03-09 13:00:00,0,0,0
2015-03-09 14:00:00,0,0,0
2015-03-09 15:00:00,0,0,0
2015-03-09 16:00:00,3,0,3
2015-03-09 17:00:00,2,1,1
2015-03-09 18:00:00,44,3,41
2015-03-09 19:00:00,4,2,2
2015-03-09 20:00:00,4,2,2
2015-03-09 21:00:00,36,32,4
2015-03-09 22:00:00,49,24,25
2015-03-09 23:00:00,0,0,0
2015-03-10 00:00:00,0,0,0
2015-03-10 01:00:00,0,0,0
2015-03-10 02:00:00,0,0,0
2015-03-10 03:00:00,0,0,0
2015-03-10 04:00:00,0,0,0
2015-03-10 05:00:00,0,0,0
2015-03-10 06:00:00,0,0,0
2015-03-10 07:00:00,0,0,0
2015-03-10 08:00:00,0,0,0
2015-03-10 09:00:00,0,0,0
2015-03-10 10:00:00,0,0,0
2015-03-10 11:00:00,0,0,0
2015-03-10 12:00:00,0,0,0
2015-03-10 13:00:00,0,0,0
2015-03-10 14:00:00,0,0,0
2015-03-10 15:00:00,0,0,0
2015-03-10 16:00:00,0,0,0
2015-03-10 17:00:00,0,0,0
2015-03-10 18:00:00,0,0,0
2015-03-10 19:00:00,0,0,0
2015-03-10 20:00:00,0,0,0
2015-03-10 21:00:00,0,0,0
2015-03-10 22:00:00,0,0,0
2015-03-10 23:00:00,0,0,0
2015-03-11 00:00:00,0,0,0
2015-03-11 01:00:00,0,0,0
2015-03-11 02:00:00,0,0,0
2015-03-11 03:00:00,0,0,0
2015-03-11 04:00:00,0,0,0
2015-03-11 05:00:00,0,0,0
2015-03-11 06:00:00,0,0,0
2015-03-11 07:00:00,0,0,0
2015-03-11 08:00:00,0,0,0
2015-03-11 09:00:00,0,0,0
2015-03-11 10:00:00,0,0,0
2015-03-11 11:00:00,0,0,0
2015-03-11 12:00:00,0,0,0
2015-03-11 13:00:00,0,0,0
2015-03-11 14:00:00,0,0,0
2015-03-11 15:00:00,0,0,0
2015-03-11 16:00:00,0,0,0
2015-03-11 17:00:00,0,0,0
2015-03-11 18:00:00,0,0,0
2015-03-11 19:00:00,0,0,0
2015-03-11 20:00:00,0,0,0
2015-03-11 21:00:00,0,0,0
2015-03-11 22:00:00,0,0,0
2015-03-11 23:00:00,0,0,0
2015-03-12 00:00:00,0,0,0
2015-03-12 01:00:00,0,0,0
2015-03-12 02:00:00,0,0,0
2015-03-12 03:00:00,0,0,0
2015-03-12 04:00:00,0,0,0
2015-03-12 05:00:00,0,0,0
2015-03-12 06:00:00,0,0,0
2015-03-12 07:00:00,0,0,0
2015-03-12 08:00:00,0,0,0
2015-03-12 09:00:00,0,0,0
2015-03-12 10:00:00,0,0,0
2015-03-12 11:00:00,0,0,0
2015-03-12 12:00:00,0,0,0
2015-03-12 13:00:00,0,0,0
2015-03-12 14:00:00,0,0,0
2015-03-12 15:00:00,0,0,0
2015-03-12 16:00:00,0,0,0
2015-03-12 17:00:00,0,0,0
2015-03-12 18:00:00,0,0,0
2015-03-12 19:00:00,0,0,0
2015-03-12 20:00:00,0,0,0
2015-03-12 21:00:00,0,0,0
2015-03-12 22:00:00,0,0,0
2015-03-12 23:00:00,0,0,0
2015-03-13 00:00:00,0,0,0
2015-03-13 01:00:00,0,0,0
2015-03-13 02:00:00,0,0,0
2015-03-13 03:00:00,0,0,0
2015-03-13 04:00:00,0,0,0
2015-03-13 05:00:00,0,0,0
2015-03-13 06:00:00,0,0,0
2015-03-13 07:00:00,0,0,0
2015-03-13 08:00:00,0,0,0
2015-03-13 09:00:00,0,0,0
2015-03-13 10:00:00,0,0,0
2015-03-13 11:00:00,0,0,0
2015-03-13 12:00:00,0,0,0
2015-03-13 13:00:00,0,0,0
2015-03-13 14:00:00,0,0,0
2015-03-13 15:00:00,0,0,0
2015-03-13 16:00:00,0,0,0
2015-03-13 17:00:00,0,0,0
2015-03-13 18:00:00,0,0,0
2015-03-13 19:00:00,0,0,0
2015-03-13 20:00:00,0,0,0
2015-03-13 21:00:00,0,0,0
2015-03-13 22:00:00,0,0,0
2015-03-13 23:00:00,0,0,0
2015-03-14 00:00:00,0,0,0
2015-03-14 01:00:00,0,0,0
2015-03-14 02:00:00,0,0,0
2015-03-14 03:00:00,0,0,0
2015-03-14 04:00:00,0,0,0
2015-03-14 05:00:00,0,0,0
2015-03-14 06:00:00,0,0,0
2015-03-14 07:00:00,0,0,0
2015-03-14 08:00:00,0,0,0
2015-03-14 09:00:00,0,0,0
2015-03-14 10:00:00,0,0,0
2015-03-14 11:00:00,0,0,0
2015-03-14 12:00:00,0,0,0
2015-03-14 13:00:00,0,0,0
2015-03-14 14:00:00,0,0,0
2015-03-14 15:00:00,0,0,0
2015-03-14 16:00:00,0,0,0
2015-03-14 17:00:00,0,0,0
2015-03-14 18:00:00,0,0,0
2015-03-14 19:00:00,0,0,0
2015-03-14 20:00:00,0,0,0
2015-03-14 21:00:00,0,0,0
2015-03-14 22:00:00,0,0,0
2015-03-14 23:00:00,0,0,0
2015-03-15 00:00:00,0,0,0
2015-03-15 01:00:00,0,0,0
2015-03-15 02:00:00,0,0,0
2015-03-15 03:00:00,0,0,0
2015-03-15 04:00:00,0,0,0
2015-03-15 05:00:00,0,0,0
2015-03-15 06:00:00,0,0,0
2015-03-15 07:00:00,0,0,0
2015-03-15 08:00:00,0,0,0
2015-03-15 09:00:00,0,0,0
2015-03-15 10:00:00,0,0,0
2015-03-15 11:00:00,0,0,0
2015-03-15 12:00:00,0,0,0
2015-03-15 13:00:00,0,0,0
2015-03-15 14:00:00,0,0,0
2015-03-15 15:00:00,0,0,0
2015-03-15 16:00:00,0,0,0
2015-03-15 17:00:00,0,0,0
2015-03-15 18:00:00,0,0,0
2015-03-15 19:00:00,0,0,0
2015-03-15 20:00:00,0,0,0
2015-03-15 21:00:00,0,0,0
2015-03-15 22:00:00,0,0,0
2015-03-15 23:00:00,0,0,0
2015-03-16 00:00:00,0,0,0
2015-03-16 01:00:00,0,0,0
2015-03-16 02:00:00,0,0,0
2015-03-16 03:00:00,0,0,0
2015-03-16 04:00:00,0,0,0
2015-03-16 05:00:00,0,0,0
2015-03-16 06:00:00,0,0,0
2015-03-16 07:00:00,0,0,0
2015-03-16 08:00:00,0,0,0
2015-03-16 09:00:00,0,0,0
2015-03-16 10:00:00,0,0,0
2015-03-16 11:00:00,0,0,0
2015-03-16 12:00:00,0,0,0
2015-03-16 13:00:00,0,0,0
2015-03-16 14:00:00,0,0,0
2015-03-16 15:00:00,0,0,0
2015-03-16 16:00:00,0,0,0
2015-03-16 17:00:00,0,0,0
2015-03-16 18:00:00,0,0,0
2015-03-16 19:00:00,0,0,0
2015-03-16 20:00:00,0,0,0
2015-03-16 21:00:00,0,0,0
2015-03-16 22:00:00,0,0,0
2015-03-16 23:00:00,0,0,0
2015-03-17 00:00:00,0,0,0
2015-03-17 01:00:00,0,0,0
2015-03-17 02:00:00,0,0,0
2015-03-17 03:00:00,0,0,0
2015-03-17 04:00:00,0,0,0
2015-03-17 05:00:00,0,0,0
2015-03-17 06:00:00,0,0,0
2015-03-17 07:00:00,0,0,0
2015-03-17 08:00:00,0,0,0
2015-03-17 09:00:00,0,0,0
2015-03-17 10:00:00,0,0,0
2015-03-17 11:00:00,0,0,0
2015-03-17 12:00:00,0,0,0
2015-03-17 13:00:00,0,0,0
2015-03-17 14:00:00,0,0,0
2015-03-17 15:00:00,0,0,0
2015-03-17 16:00:00,0,0,0
2015-03-17 17:00:00,0,0,0
2015-03-17 18:00:00,0,0,0
2015-03-17 19:00:00,0,0,0
2015-03-17 20:00:00,0,0,0
2015-03-17 21:00:00,0,0,0
2015-03-17 22:00:00,0,0,0
2015-03-17 23:00:00,0,0,0
2015-03-18 00:00:00,0,0,0
2015-03-18 01:00:00,0,0,0
2015-03-18 02:00:00,0,0,0
2015-03-18 03:00:00,0,0,0
2015-03-18 04:00:00,0,0,0
2015-03-18 05:00:00,0,0,0
2015-03-18 06:00:00,0,0,0
2015-03-18 07:00:00,0,0,0
2015-03-18 08:00:00,0,0,0
2015-03-18 09:00:00,0,0,0
2015-03-18 10:00:00,0,0,0
2015-03-18 11:00:00,0,0,0
2015-03-18 12:00:00,0,0,0
2015-03-18 13:00:00,0,0,0
2015-03-18 14:00:00,0,0,0
2015-03-18 15:00:00,0,0,0
2015-03-18 16:00:00,0,0,0
2015-03-18 17:00:00,0,0,0
2015-03-18 18:00:00,0,0,0
2015-03-18 19:00:00,0,0,0
2015-03-18 20:00:00,0,0,0
2015-03-18 21:00:00,0,0,0
2015-03-18 22:00:00,0,0,0
2015-03-18 23:00:00,0,0,0
2015-03-19 00:00:00,0,0,0
2015-03-19 01:00:00,0,0,0
2015-03-19 02:00:00,0,0,0
2015-03-19 03:00:00,0,0,0
2015-03-19 04:00:00,0,0,0
2015-03-19 05:00:00,0,0,0
2015-03-19 06:00:00,0,0,0
2015-03-19 07:00:00,0,0,0
2015-03-19 08:00:00,0,0,0
2015-03-19 09:00:00,0,0,0
2015-03-19 10:00:00,0,0,0
2015-03-19 11:00:00,0,0,0
2015-03-19 12:00:00,0,0,0
2015-03-19 13:00:00,0,0,0
2015-03-19 14:00:00,0,0,0
2015-03-19 15:00:00,0,0,0
2015-03-19 16:00:00,0,0,0
2015-03-19 17:00:00,0,0,0
2015-03-19 18:00:00,0,0,0
2015-03-19 19:00:00,0,0,0
2015-03-19 20:00:00,0,0,0
2015-03-19 21:00:00,0,0,0
2015-03-19 22:00:00,0,0,0
2015-03-19 23:00:00,0,0,0
2015-03-20 00:00:00,0,0,0
2015-03-20 01:00:00,0,0,0
2015-03-20 02:00:00,0,0,0
2015-03-20 03:00:00,0,0,0
2015-03-20 04:00:00,0,0,0
2015-03-20 05:00:00,0,0,0
2015-03-20 06:00:00,0,0,0
2015-03-20 07:00:00,0,0,0
2015-03-20 08:00:00,0,0,0
2015-03-20 09:00:00,0,0,0
2015-03-20 10:00:00,0,0,0
2015-03-20 11:00:00,0,0,0
2015-03-20 12:00:00,0,0,0
2015-03-20 13:00:00,0,0,0
2015-03-20 14:00:00,0,0,0
2015-03-20 15:00:00,0,0,0
2015-03-20 16:00:00,0,0,0
2015-03-20 17:00:00,0,0,0
2015-03-20 18:00:00,0,0,0
2015-03-20 19:00:00,0,0,0
2015-03-20 20:00:00,0,0,0
2015-03-20 21:00:00,0,0,0
2015-03-20 22:00:00,0,0,0
2015-03-20 23:00:00,0,0,0
2015-03-21 00:00:00,0,0,0
2015-03-21 01:00:00,0,0,0
2015-03-21 02:00:00,0,0,0
2015-03-21 03:00:00,0,0,0
2015-03-21 04:00:00,0,0,0
2015-03-21 05:00:00,0,0,0
2015-03-21 06:00:00,0,0,0
2015-03-21 07:00:00,0,0,0
2015-03-21 08:00:00,0,0,0
2015-03-21 09:00:00,0,0,0
2015-03-21 10:00:00,0,0,0
2015-03-21 11:00:00,0,0,0
2015-03-21 12:00:00,0,0,0
2015-03-21 13:00:00,0,0,0
2015-03-21 14:00:00,0,0,0
2015-03-21 15:00:00,0,0,0
2015-03-21 16:00:00,0,0,0
2015-03-21 17:00:00,0,0,0
2015-03-21 18:00:00,0,0,0
2015-03-21 19:00:00,0,0,0
2015-03-21 20:00:00,0,0,0
2015-03-21 21:00:00,0,0,0
2015-03-21 22:00:00,0,0,0
2015-03-21 23:00:00,0,0,0
2015-03-22 00:00:00,0,0,0
2015-03-22 01:00:00,0,0,0
2015-03-22 02:00:00,0,0,0
2015-03-22 03:00:00,0,0,0
2015-03-22 04:00:00,0,0,0
2015-03-22 05:00:00,0,0,0
2015-03-22 06:00:00,0,0,0
2015-03-22 07:00:00,0,0,0
2015-03-22 08:00:00,0,0,0
2015-03-22 09:00:00,0,0,0
2015-03-22 10:00:00,0,0,0
2015-03-22 11:00:00,0,0,0
2015-03-22 12:00:00,0,0,0
2015-03-22 13:00:00,0,0,0
2015-03-22 14:00:00,0,0,0
2015-03-22 15:00:00,0,0,0
2015-03-22 16:00:00,0,0,0
2015-03-22 17:00:00,0,0,0
2015-03-22 18:00:00,0,0,0
2015-03-22 19:00:00,0,0,0
2015-03-22 20:00:00,0,0,0
2015-03-22 21:00:00,0,0,0
2015-03-22 22:00:00,0,0,0
2015-03-22 23:00:00,0,0,0
2015-03-23 00:00:00,0,0,0
2015-03-23 01:00:00,0,0,0
2015-03-23 02:00:00,0,0,0
2015-03-23 03:00:00,0,0,0
2015-03-23 04:00:00,0,0,0
2015-03-23 05:00:00,0,0,0
2015-03-23 06:00:00,0,0,0
2015-03-23 07:00:00,0,0,0
2015-03-23 08:00:00,0,0,0
2015-03-23 09:00:00,0,0,0
2015-03-23 10:00:00,0,0,0
2015-03-23 11:00:00,0,0,0
2015-03-23 12:00:00,0,0,0
2015-03-23 13:00:00,0,0,0
2015-03-23 14:00:00,0,0,0
2015-03-23 15:00:00,0,0,0
2015-03-23 16:00:00,0,0,0
2015-03-23 17:00:00,0,0,0
2015-03-23 18:00:00,0,0,0
2015-03-23 19:00:00,0,0,0
2015-03-23 20:00:00,0,0,0
2015-03-23 21:00:00,0,0,0
2015-03-23 22:00:00,0,0,0
2015-03-23 23:00:00,0,0,0
2015-03-24 00:00:00,0,0,0
2015-03-24 01:00:00,0,0,0
2015-03-24 02:00:00,0,0,0
2015-03-24 03:00:00,0,0,0
2015-03-24 04:00:00,0,0,0
2015-03-24 05:00:00,0,0,0
2015-03-24 06:00:00,0,0,0
2015-03-24 07:00:00,0,0,0
2015-03-24 08:00:00,0,0,0
2015-03-24 09:00:00,0,0,0
2015-03-24 10:00:00,0,0,0
2015-03-24 11:00:00,0,0,0
2015-03-24 12:00:00,0,0,0
2015-03-24 13:00:00,0,0,0
2015-03-24 14:00:00,0,0,0
2015-03-24 15:00:00,0,0,0
2015-03-24 16:00:00,0,0,0
2015-03-24 17:00:00,0,0,0
2015-03-24 18:00:00,0,0,0
2015-03-24 19:00:00,0,0,0
2015-03-24 20:00:00,0,0,0
2015-03-24 21:00:00,0,0,0
2015-03-24 22:00:00,0,0,0
2015-03-24 23:00:00,0,0,0
2015-03-25 00:00:00,0,0,0
2015-03-25 01:00:00,0,0,0
2015-03-25 02:00:00,0,0,0
2015-03-25 03:00:00,0,0,0
2015-03-25 04:00:00,0,0,0
2015-03-25 05:00:00,0,0,0
2015-03-25 06:00:00,0,0,0
2015-03-25 07:00:00,0,0,0
2015-03-25 08:00:00,0,0,0
2015-03-25 09:00:00,0,0,0
2015-03-25 10:00:00,0,0,0
2015-03-25 11:00:00,0,0,0
2015-03-25 12:00:00,0,0,0
2015-03-25 13:00:00,0,0,0
2015-03-25 14:00:00,0,0,0
2015-03-25 15:00:00,0,0,0
2015-03-25 16:00:00,0,0,0
2015-03-25 17:00:00,0,0,0
2015-03-25 18:00:00,0,0,0
2015-03-25 19:00:00,0,0,0
2015-03-25 20:00:00,0,0,0
2015-03-25 21:00:00,0,0,0
2015-03-25 22:00:00,0,0,0
2015-03-25 23:00:00,0,0,0
2015-03-26 00:00:00,0,0,0
2015-03-26 01:00:00,0,0,0
2015-03-26 02:00:00,0,0,0
2015-03-26 03:00:00,0,0,0
2015-03-26 04:00:00,0,0,0
2015-03-26 05:00:00,0,0,0
2015-03-26 06:00:00,0,0,0
2015-03-26 07:00:00,0,0,0
2015-03-26 08:00:00,0,0,0
2015-03-26 09:00:00,0,0,0
2015-03-26 10:00:00,0,0,0
2015-03-26 11:00:00,0,0,0
2015-03-26 12:00:00,0,0,0
2015-03-26 13:00:00,0,0,0
2015-03-26 14:00:00,0,0,0
2015-03-26 15:00:00,0,0,0
2015-03-26 16:00:00,0,0,0
2015-03-26 17:00:00,0,0,0
2015-03-26 18:00:00,0,0,0
2015-03-26 19:00:00,0,0,0
2015-03-26 20:00:00,0,0,0
2015-03-26 21:00:00,0,0,0
2015-03-26 22:00:00,0,0,0
2015-03-26 23:00:00,0,0,0
2015-03-27 00:00:00,0,0,0
2015-03-27 01:00:00,0,0,0
2015-03-27 02:00:00,0,0,0
2015-03-27 03:00:00,0,0,0
2015-03-27 04:00:00,0,0,0
2015-03-27 05:00:00,0,0,0
2015-03-27 06:00:00,0,0,0
2015-03-27 07:00:00,0,0,0
2015-03-27 08:00:00,0,0,0
2015-03-27 09:00:00,0,0,0
2015-03-27 10:00:00,0,0,0
2015-03-27 11:00:00,0,0,0
2015-03-27 12:00:00,0,0,0
2015-03-27 13:00:00,0,0,0
2015-03-27 14:00:00,0,0,0
2015-03-27 15:00:00,0,0,0
2015-03-27 16:00:00,0,0,0
2015-03-27 17:00:00,0,0,0
2015-03-27 18:00:00,0,0,0
2015-03-27 19:00:00,0,0,0
2015-03-27 20:00:00,0,0,0
2015-03-27 21:00:00,0,0,0
2015-03-27 22:00:00,0,0,0
2015-03-27 23:00:00,0,0,0
2015-03-28 00:00:00,0,0,0
2015-03-28 01:00:00,0,0,0
2015-03-28 02:00:00,0,0,0
2015-03-28 03:00:00,0,0,0
2015-03-28 04:00:00,0,0,0
2015-03-28 05:00:00,0,0,0
2015-03-28 06:00:00,0,0,0
2015-03-28 07:00:00,0,0,0
2015-03-28 08:00:00,0,0,0
2015-03-28 09:00:00,0,0,0
2015-03-28 10:00:00,0,0,0
2015-03-28 11:00:00,0,0,0
2015-03-28 12:00:00,0,0,0
2015-03-28 13:00:00,0,0,0
2015-03-28 14:00:00,0,0,0
2015-03-28 15:00:00,0,0,0
2015-03-28 16:00:00,0,0,0
2015-03-28 17:00:00,0,0,0
2015-03-28 18:00:00,0,0,0
2015-03-28 19:00:00,0,0,0
2015-03-28 20:00:00,0,0,0
2015-03-28 21:00:00,0,0,0
2015-03-28 22:00:00,0,0,0
2015-03-28 23:00:00,0,0,0
2015-03-29 00:00:00,0,0,0
2015-03-29 01:00:00,0,0,0
2015-03-29 02:00:00,0,0,0
2015-03-29 03:00:00,0,0,0
2015-03-29 04:00:00,0,0,0
2015-03-29 05:00:00,0,0,0
2015-03-29 06:00:00,0,0,0
2015-03-29 07:00:00,0,0,0
2015-03-29 08:00:00,0,0,0
2015-03-29 09:00:00,0,0,0
2015-03-29 10:00:00,0,0,0
2015-03-29 11:00:00,0,0,0
2015-03-29 12:00:00,0,0,0
2015-03-29 13:00:00,0,0,0
2015-03-29 14:00:00,0,0,0
2015-03-29 15:00:00,0,0,0
2015-03-29 16:00:00,0,0,0
2015-03-29 17:00:00,0,0,0
2015-03-29 18:00:00,0,0,0
2015-03-29 19:00:00,0,0,0
2015-03-29 20:00:00,0,0,0
2015-03-29 21:00:00,0,0,0
2015-03-29 22:00:00,0,0,0
2015-03-29 23:00:00,0,0,0
2015-03-30 00:00:00,0,0,0
2015-03-30 01:00:00,0,0,0
2015-03-30 02:00:00,0,0,0
2015-03-30 03:00:00,0,0,0
2015-03-30 04:00:00,0,0,0
2015-03-30 05:00:00,0,0,0
2015-03-30 06:00:00,0,0,0
2015-03-30 07:00:00,0,0,0
2015-03-30 08:00:00,0,0,0
2015-03-30 09:00:00,0,0,0
2015-03-30 10:00:00,0,0,0
2015-03-30 11:00:00,0,0,0
2015-03-30 12:00:00,0,0,0
2015-03-30 13:00:00,0,0,0
2015-03-30 14:00:00,0,0,0
2015-03-30 15:00:00,0,0,0
2015-03-30 16:00:00,0,0,0
2015-03-30 17:00:00,0,0,0
2015-03-30 18:00:00,0,0,0
2015-03-30 19:00:00,0,0,0
2015-03-30 20:00:00,0,0,0
2015-03-30 21:00:00,0,0,0
2015-03-30 22:00:00,0,0,0
2015-03-30 23:00:00,0,0,0
2015-03-31 00:00:00,0,0,0
2015-03-31 01:00:00,0,0,0
2015-03-31 02:00:00,0,0,0
2015-03-31 03:00:00,0,0,0
2015-03-31 04:00:00,0,0,0
2015-03-31 05:00:00,0,0,0
2015-03-31 06:00:00,0,0,0
2015-03-31 07:00:00,0,0,0
2015-03-31 08:00:00,0,0,0
2015-03-31 09:00:00,0,0,0
2015-03-31 10:00:00,0,0,0
2015-03-31 11:00:00,0,0,0
2015-03-31 12:00:00,0,0,0
2015-03-31 13:00:00,0,0,0
2015-03-31 14:00:00,0,0,0
2015-03-31 15:00:00,0,0,0
2015-03-31 16:00:00,0,0,0
2015-03-31 17:00:00,0,0,0
2015-03-31 18:00:00,0,0,0
2015-03-31 19:00:00,0,0,0
2015-03-31 20:00:00,0,0,0
2015-03-31 21:00:00,0,0,0
2015-03-31 22:00:00,0,0,0
2015-03-31 23:00:00,0,0,0
2015-04-01 00:00:00,0,0,0
2015-04-01 01:00:00,0,0,0
2015-04-01 02:00:00,0,0,0
2015-04-01 03:00:00,0,0,0
2015-04-01 04:00:00,0,0,0
2015-04-01 05:00:00,0,0,0
2015-04-01 06:00:00,0,0,0
2015-04-01 07:00:00,0,0,0
2015-04-01 08:00:00,0,0,0
2015-04-01 09:00:00,0,0,0
2015-04-01 10:00:00,0,0,0
2015-04-01 11:00:00,0,0,0
2015-04-01 12:00:00,0,0,0
2015-04-01 13:00:00,0,0,0
2015-04-01 14:00:00,0,0,0
2015-04-01 15:00:00,0,0,0
2015-04-01 16:00:00,0,0,0
2015-04-01 17:00:00,0,0,0
2015-04-01 18:00:00,0,0,0
2015-04-01 19:00:00,0,0,0
2015-04-01 20:00:00,0,0,0
2015-04-01 21:00:00,0,0,0
2015-04-01 22:00:00,0,0,0
2015-04-01 23:00:00,0,0,0
2015-04-02 00:00:00,0,0,0
2015-04-02 01:00:00,0,0,0
2015-04-02 02:00:00,0,0,0
2015-04-02 03:00:00,0,0,0
2015-04-02 04:00:00,0,0,0
2015-04-02 05:00:00,0,0,0
2015-04-02 06:00:00,0,0,0
2015-04-02 07:00:00,0,0,0
2015-04-02 08:00:00,0,0,0
2015-04-02 09:00:00,0,0,0
2015-04-02 10:00:00,0,0,0
2015-04-02 11:00:00,0,0,0
2015-04-02 12:00:00,0,0,0
2015-04-02 13:00:00,136,72,64
2015-04-02 14:00:00,148,79,69
2015-04-02 15:00:00,162,81,81
2015-04-02 16:00:00,192,95,97
2015-04-02 17:00:00,283,156,127
2015-04-02 18:00:00,279,136,143
2015-04-02 19:00:00,248,105,143
2015-04-02 20:00:00,81,31,50
2015-04-02 21:00:00,9,4,5
2015-04-02 22:00:00,9,5,4
2015-04-02 23:00:00,6,3,3
2015-04-03 00:00:00,1,0,1
2015-04-03 01:00:00,1,1,0
2015-04-03 02:00:00,1,0,1
2015-04-03 03:00:00,0,0,0
2015-04-03 04:00:00,0,0,0
2015-04-03 05:00:00,8,5,3
2015-04-03 06:00:00,40,22,18
2015-04-03 07:00:00,74,39,35
2015-04-03 08:00:00,112,50,62
2015-04-03 09:00:00,104,46,58
2015-04-03 10:00:00,113,49,64
2015-04-03 11:00:00,93,40,53
2015-04-03 12:00:00,142,75,67
2015-04-03 13:00:00,83,31,52
2015-04-03 14:00:00,45,20,25
2015-04-03 15:00:00,72,38,34
2015-04-03 16:00:00,142,79,63
2015-04-03 17:00:00,204,113,91
2015-04-03 18:00:00,224,118,106
2015-04-03 19:00:00,153,70,83
2015-04-03 20:00:00,59,23,36
2015-04-03 21:00:00,6,2,4
2015-04-03 22:00:00,17,9,8
2015-04-03 23:00:00,1,0,1
2015-04-04 00:00:00,6,4,2
2015-04-04 01:00:00,1,0,1
2015-04-04 02:00:00,2,1,1
2015-04-04 03:00:00,0,0,0
2015-04-04 04:00:00,3,0,3
2015-04-04 05:00:00,2,1,1
2015-04-04 06:00:00,5,5,0
2015-04-04 07:00:00,42,26,16
2015-04-04 08:00:00,118,69,49
2015-04-04 09:00:00,181,85,96
2015-04-04 10:00:00,211,96,115
2015-04-04 11:00:00,279,135,144
2015-04-04 12:00:00,258,133,125
2015-04-04 13:00:00,243,119,124
2015-04-04 14:00:00,218,114,104
2015-04-04 15:00:00,223,112,111
2015-04-04 16:00:00,254,119,135
2015-04-04 17:00:00,289,137,152
2015-04-04 18:00:00,251,129,122
2015-04-04 19:00:00,167,61,106
2015-04-04 20:00:00,69,29,40
2015-04-04 21:00:00,9,5,4
2015-04-04 22:00:00,4,2,2
2015-04-04 23:00:00,10,7,3
2015-04-05 00:00:00,2,0,2
2015-04-05 01:00:00,4,1,3
2015-04-05 02:00:00,0,0,0
2015-04-05 03:00:00,2,2,0
2015-04-05 04:00:00,0,0,0
2015-04-05 05:00:00,1,0,1
2015-04-05 06:00:00,24,21,3
2015-04-05 07:00:00,84,39,45
2015-04-05 08:00:00,109,57,52
2015-04-05 09:00:00,168,98,70
2015-04-05 10:00:00,247,117,130
2015-04-05 11:00:00,227,111,116
2015-04-05 12:00:00,240,116,124
2015-04-05 13:00:00,221,102,119
2015-04-05 14:00:00,238,117,121
2015-04-05 15:00:00,347,178,169
2015-04-05 16:00:00,386,186,200
2015-04-05 17:00:00,286,141,145
2015-04-05 18:00:00,263,120,143
2015-04-05 19:00:00,171,71,100
2015-04-05 20:00:00,54,18,36
2015-04-05 21:00:00,9,6,3
2015-04-05 22:00:00,6,4,2
2015-04-05 23:00:00,1,1,0
2015-04-06 00:00:00,2,0,2
2015-04-06 01:00:00,0,0,0
2015-04-06 02:00:00,1,0,1
2015-04-06 03:00:00,0,0,0
2015-04-06 04:00:00,0,0,0
2015-04-06 05:00:00,9,6,3
2015-04-06 06:00:00,29,18,11
2015-04-06 07:00:00,79,35,44
2015-04-06 08:00:00,103,45,58
2015-04-06 09:00:00,93,38,55
2015-04-06 10:00:00,67,30,37
2015-04-06 11:00:00,67,29,38
2015-04-06 12:00:00,233,116,117
2015-04-06 13:00:00,201,103,98
2015-04-06 14:00:00,103,43,60
2015-04-06 15:00:00,125,52,73
2015-04-06 16:00:00,170,100,70
2015-04-06 17:00:00,287,160,127
2015-04-06 18:00:00,366,207,159
2015-04-06 19:00:00,284,128,156
2015-04-06 20:00:00,108,42,66
2015-04-06 21:00:00,10,6,4
2015-04-06 22:00:00,7,4,3
2015-04-06 23:00:00,5,1,4
2015-04-07 00:00:00,1,0,1
2015-04-07 01:00:00,0,0,0
2015-04-07 02:00:00,1,0,1
2015-04-07 03:00:00,1,0,1
2015-04-07 04:00:00,1,0,1
2015-04-07 05:00:00,19,10,9
2015-04-07 06:00:00,64,38,26
2015-04-07 07:00:00,135,56,79
2015-04-07 08:00:00,127,66,61
2015-04-07 09:00:00,66,25,41
2015-04-07 10:00:00,47,24,23
2015-04-07 11:00:00,73,36,37
2015-04-07 12:00:00,185,95,90
2015-04-07 13:00:00,151,69,82
2015-04-07 14:00:00,108,51,57
2015-04-07 15:00:00,139,59,80
2015-04-07 16:00:00,155,65,90
2015-04-07 17:00:00,219,132,87
2015-04-07 18:00:00,266,139,127
2015-04-07 19:00:00,210,95,115
2015-04-07 20:00:00,73,27,46
2015-04-07 21:00:00,10,6,4
2015-04-07 22:00:00,15,10,5
2015-04-07 23:00:00,5,3,2
2015-04-08 00:00:00,2,1,1
2015-04-08 01:00:00,0,0,0
2015-04-08 02:00:00,0,0,0
2015-04-08 03:00:00,0,0,0
2015-04-08 04:00:00,0,0,0
2015-04-08 05:00:00,10,6,4
2015-04-08 06:00:00,58,34,24
2015-04-08 07:00:00,132,64,68
2015-04-08 08:00:00,109,51,58
2015-04-08 09:00:00,91,37,54
2015-04-08 10:00:00,92,46,46
2015-04-08 11:00:00,94,44,50
2015-04-08 12:00:00,383,212,171
2015-04-08 13:00:00,256,121,135
2015-04-08 14:00:00,174,80,94
2015-04-08 15:00:00,163,79,84
2015-04-08 16:00:00,227,110,117
2015-04-08 17:00:00,314,178,136
2015-04-08 18:00:00,337,177,160
2015-04-08 19:00:00,320,159,161
2015-04-08 20:00:00,141,48,93
2015-04-08 21:00:00,24,11,13
2015-04-08 22:00:00,8,4,4
2015-04-08 23:00:00,7,3,4
2015-04-09 00:00:00,1,1,0
2015-04-09 01:00:00,0,0,0
2015-04-09 02:00:00,0,0,0
2015-04-09 03:00:00,1,1,0
2015-04-09 04:00:00,4,2,2
2015-04-09 05:00:00,14,7,7
2015-04-09 06:00:00,67,42,25
2015-04-09 07:00:00,146,63,83
2015-04-09 08:00:00,115,45,70
2015-04-09 09:00:00,97,45,52
2015-04-09 10:00:00,95,48,47
2015-04-09 11:00:00,145,68,77
2015-04-09 12:00:00,380,205,175
2015-04-09 13:00:00,330,145,185
2015-04-09 14:00:00,228,117,111
2015-04-09 15:00:00,210,109,101
2015-04-09 16:00:00,292,137,155
2015-04-09 17:00:00,378,225,153
2015-04-09 18:00:00,411,225,186
2015-04-09 19:00:00,333,151,182
2015-04-09 20:00:00,146,63,83
2015-04-09 21:00:00,13,7,6
2015-04-09 22:00:00,5,3,2
2015-04-09 23:00:00,5,1,4
2015-04-10 00:00:00,5,2,3
2015-04-10 01:00:00,1,1,0
2015-04-10 02:00:00,1,1,0
2015-04-10 03:00:00,0,0,0
2015-04-10 04:00:00,0,0,0
2015-04-10 05:00:00,7,5,2
2015-04-10 06:00:00,44,30,14
2015-04-10 07:00:00,96,41,55
2015-04-10 08:00:00,127,52,75
2015-04-10 09:00:00,86,37,49
2015-04-10 10:00:00,122,50,72
2015-04-10 11:00:00,115,59,56
2015-04-10 12:00:00,205,107,98
2015-04-10 13:00:00,155,65,90
2015-04-10 14:00:00,97,50,47
2015-04-10 15:00:00,78,42,36
2015-04-10 16:00:00,44,24,20
2015-04-10 17:00:00,47,25,22
2015-04-10 18:00:00,36,21,15
2015-04-10 19:00:00,19,12,7
2015-04-10 20:00:00,11,4,7
2015-04-10 21:00:00,2,1,1
2015-04-10 22:00:00,3,2,1
2015-04-10 23:00:00,1,0,1
2015-04-11 00:00:00,0,0,0
2015-04-11 01:00:00,1,1,0
2015-04-11 02:00:00,1,0,1
2015-04-11 03:00:00,1,0,1
2015-04-11 04:00:00,0,0,0
2015-04-11 05:00:00,2,1,1
2015-04-11 06:00:00,22,14,8
2015-04-11 07:00:00,67,39,28
2015-04-11 08:00:00,114,56,58
2015-04-11 09:00:00,167,90,77
2015-04-11 10:00:00,196,92,104
2015-04-11 11:00:00,176,83,93
2015-04-11 12:00:00,212,95,117
2015-04-11 13:00:00,223,104,119
2015-04-11 14:00:00,141,65,76
2015-04-11 15:00:00,144,55,89
2015-04-11 16:00:00,100,37,63
2015-04-11 17:00:00,137,79,58
2015-04-11 18:00:00,143,67,76
2015-04-11 19:00:00,147,67,80
2015-04-11 20:00:00,82,33,49
2015-04-11 21:00:00,8,6,2
2015-04-11 22:00:00,10,4,6
2015-04-11 23:00:00,0,0,0
2015-04-12 00:00:00,0,0,0
2015-04-12 01:00:00,0,0,0
2015-04-12 02:00:00,0,0,0
2015-04-12 03:00:00,1,1,0
2015-04-12 04:00:00,0,0,0
2015-04-12 05:00:00,0,0,0
2015-04-12 06:00:00,11,6,5
2015-04-12 07:00:00,43,24,19
2015-04-12 08:00:00,117,56,61
2015-04-12 09:00:00,191,104,87
2015-04-12 10:00:00,203,89,114
2015-04-12 11:00:00,253,120,133
2015-04-12 12:00:00,242,103,139
2015-04-12 13:00:00,241,114,127
2015-04-12 14:00:00,219,108,111
2015-04-12 15:00:00,197,86,111
2015-04-12 16:00:00,232,120,112
2015-04-12 17:00:00,187,82,105
2015-04-12 18:00:00,104,43,61
2015-04-12 19:00:00,109,51,58
2015-04-12 20:00:00,72,26,46
2015-04-12 21:00:00,7,5,2
2015-04-12 22:00:00,4,3,1
2015-04-12 23:00:00,1,1,0
2015-04-13 00:00:00,0,0,0
2015-04-13 01:00:00,0,0,0
2015-04-13 02:00:00,0,0,0
2015-04-13 03:00:00,0,0,0
2015-04-13 04:00:00,0,0,0
2015-04-13 05:00:00,15,9,6
2015-04-13 06:00:00,47,29,18
2015-04-13 07:00:00,93,36,57
2015-04-13 08:00:00,76,28,48
2015-04-13 09:00:00,64,35,29
2015-04-13 10:00:00,67,29,38
2015-04-13 11:00:00,79,34,45
2015-04-13 12:00:00,195,109,86
2015-04-13 13:00:00,101,43,58
2015-04-13 14:00:00,28,10,18
2015-04-13 15:00:00,36,20,16
2015-04-13 16:00:00,36,25,11
2015-04-13 17:00:00,40,24,16
2015-04-13 18:00:00,48,29,19
2015-04-13 19:00:00,29,13,16
2015-04-13 20:00:00,8,5,3
2015-04-13 21:00:00,1,0,1
2015-04-13 22:00:00,0,0,0
2015-04-13 23:00:00,0,0,0
2015-04-14 00:00:00,0,0,0
2015-04-14 01:00:00,0,0,0
2015-04-14 02:00:00,0,0,0
2015-04-14 03:00:00,0,0,0
2015-04-14 04:00:00,1,1,0
2015-04-14 05:00:00,10,4,6
2015-04-14 06:00:00,61,38,23
2015-04-14 07:00:00,127,61,66
2015-04-14 08:00:00,126,54,72
2015-04-14 09:00:00,72,34,38
2015-04-14 10:00:00,80,44,36
2015-04-14 11:00:00,123,64,59
2015-04-14 12:00:00,336,171,165
2015-04-14 13:00:00,220,101,119
2015-04-14 14:00:00,158,83,75
2015-04-14 15:00:00,110,42,68
2015-04-14 16:00:00,44,25,19
2015-04-14 17:00:00,98,50,48
2015-04-14 18:00:00,105,64,41
2015-04-14 19:00:00,116,59,57
2015-04-14 20:00:00,63,29,34
2015-04-14 21:00:00,6,4,2
2015-04-14 22:00:00,3,0,3
2015-04-14 23:00:00,4,3,1
2015-04-15 00:00:00,5,1,4
2015-04-15 01:00:00,0,0,0
2015-04-15 02:00:00,0,0,0
2015-04-15 03:00:00,0,0,0
2015-04-15 04:00:00,2,1,1
2015-04-15 05:00:00,10,5,5
2015-04-15 06:00:00,67,45,22
2015-04-15 07:00:00,141,60,81
2015-04-15 08:00:00,111,46,65
2015-04-15 09:00:00,84,44,40
2015-04-15 10:00:00,112,47,65
2015-04-15 11:00:00,97,52,45
2015-04-15 12:00:00,368,194,174
2015-04-15 13:00:00,268,130,138
2015-04-15 14:00:00,156,72,84
2015-04-15 15:00:00,203,117,86
2015-04-15 16:00:00,237,121,116
2015-04-15 17:00:00,296,158,138
2015-04-15 18:00:00,383,202,181
2015-04-15 19:00:00,251,114,137
2015-04-15 20:00:00,143,59,84
2015-04-15 21:00:00,7,4,3
2015-04-15 22:00:00,7,3,4
2015-04-15 23:00:00,7,2,5
2015-04-16 00:00:00,3,0,3
2015-04-16 01:00:00,1,1,0
2015-04-16 02:00:00,0,0,0
2015-04-16 03:00:00,0,0,0
2015-04-16 04:00:00,0,0,0
2015-04-16 05:00:00,14,7,7
2015-04-16 06:00:00,48,32,16
2015-04-16 07:00:00,124,55,69
2015-04-16 08:00:00,121,42,79
2015-04-16 09:00:00,112,53,59
2015-04-16 10:00:00,123,60,63
2015-04-16 11:00:00,185,89,96
2015-04-16 12:00:00,341,182,159
2015-04-16 13:00:00,281,137,144
2015-04-16 14:00:00,215,103,112
2015-04-16 15:00:00,219,101,118
2015-04-16 16:00:00,214,115,99
2015-04-16 17:00:00,337,176,161
2015-04-16 18:00:00,376,200,176
2015-04-16 19:00:00,315,150,165
2015-04-16 20:00:00,171,65,106
2015-04-16 21:00:00,12,3,9
2015-04-16 22:00:00,9,5,4
2015-04-16 23:00:00,6,3,3
2015-04-17 00:00:00,5,1,4
2015-04-17 01:00:00,0,0,0
2015-04-17 02:00:00,0,0,0
2015-04-17 03:00:00,3,3,0
2015-04-17 04:00:00,1,1,0
2015-04-17 05:00:00,11,7,4
2015-04-17 06:00:00,64,42,22
2015-04-17 07:00:00,121,46,75
2015-04-17 08:00:00,137,61,76
2015-04-17 09:00:00,113,51,62
2015-04-17 10:00:00,111,49,62
2015-04-17 11:00:00,138,70,68
2015-04-17 12:00:00,341,177,164
2015-04-17 13:00:00,255,121,134
2015-04-17 14:00:00,189,99,90
2015-04-17 15:00:00,220,114,106
2015-04-17 16:00:00,244,114,130
2015-04-17 17:00:00,257,131,126
2015-04-17 18:00:00,235,124,111
2015-04-17 19:00:00,199,89,110
2015-04-17 20:00:00,88,33,55
2015-04-17 21:00:00,19,11,8
2015-04-17 22:00:00,6,2,4
2015-04-17 23:00:00,5,4,1
2015-04-18 00:00:00,5,3,2
2015-04-18 01:00:00,4,1,3
2015-04-18 02:00:00,4,2,2
2015-04-18 03:00:00,1,1,0
2015-04-18 04:00:00,0,0,0
2015-04-18 05:00:00,0,0,0
2015-04-18 06:00:00,21,15,6
2015-04-18 07:00:00,78,42,36
2015-04-18 08:00:00,168,97,71
2015-04-18 09:00:00,207,94,113
2015-04-18 10:00:00,263,141,122
2015-04-18 11:00:00,295,122,173
2015-04-18 12:00:00,289,131,158
2015-04-18 13:00:00,250,114,136
2015-04-18 14:00:00,280,143,137
2015-04-18 15:00:00,333,155,178
2015-04-18 16:00:00,348,164,184
2015-04-18 17:00:00,330,147,183
2015-04-18 18:00:00,248,123,125
2015-04-18 19:00:00,190,80,110
2015-04-18 20:00:00,128,42,86
2015-04-18 21:00:00,16,9,7
2015-04-18 22:00:00,4,3,1
2015-04-18 23:00:00,1,0,1
2015-04-19 00:00:00,3,0,3
2015-04-19 01:00:00,3,1,2
2015-04-19 02:00:00,1,1,0
2015-04-19 03:00:00,1,1,0
2015-04-19 04:00:00,1,0,1
2015-04-19 05:00:00,2,2,0
2015-04-19 06:00:00,34,18,16
2015-04-19 07:00:00,81,43,38
2015-04-19 08:00:00,160,93,67
2015-04-19 09:00:00,232,109,123
2015-04-19 10:00:00,218,95,123
2015-04-19 11:00:00,292,124,168
2015-04-19 12:00:00,247,119,128
2015-04-19 13:00:00,311,150,161
2015-04-19 14:00:00,324,168,156
2015-04-19 15:00:00,379,177,202
2015-04-19 16:00:00,388,182,206
2015-04-19 17:00:00,336,177,159
2015-04-19 18:00:00,337,149,188
2015-04-19 19:00:00,203,86,117
2015-04-19 20:00:00,146,50,96
2015-04-19 21:00:00,20,6,14
2015-04-19 22:00:00,25,10,15
2015-04-19 23:00:00,3,1,2
2015-04-20 00:00:00,5,3,2
2015-04-20 01:00:00,2,1,1
2015-04-20 02:00:00,0,0,0
2015-04-20 03:00:00,0,0,0
2015-04-20 04:00:00,3,1,2
2015-04-20 05:00:00,14,9,5
2015-04-20 06:00:00,80,48,32
2015-04-20 07:00:00,139,64,75
2015-04-20 08:00:00,98,48,50
2015-04-20 09:00:00,126,54,72
2015-04-20 10:00:00,110,59,51
2015-04-20 11:00:00,168,83,85
2015-04-20 12:00:00,430,243,187
2015-04-20 13:00:00,379,183,196
2015-04-20 14:00:00,259,131,128
2015-04-20 15:00:00,225,110,115
2015-04-20 16:00:00,301,152,149
2015-04-20 17:00:00,356,196,160
2015-04-20 18:00:00,541,313,228
2015-04-20 19:00:00,440,231,209
2015-04-20 20:00:00,224,76,148
2015-04-20 21:00:00,31,13,18
2015-04-20 22:00:00,14,5,9
2015-04-20 23:00:00,3,1,2
2015-04-21 00:00:00,4,2,2
2015-04-21 01:00:00,3,1,2
2015-04-21 02:00:00,2,2,0
2015-04-21 03:00:00,1,0,1
2015-04-21 04:00:00,2,0,2
2015-04-21 05:00:00,11,8,3
2015-04-21 06:00:00,150,83,67
2015-04-21 07:00:00,203,100,103
2015-04-21 08:00:00,176,81,95
2015-04-21 09:00:00,150,59,91
2015-04-21 10:00:00,128,74,54
2015-04-21 11:00:00,160,79,81
2015-04-21 12:00:00,324,165,159
2015-04-21 13:00:00,235,115,120
2015-04-21 14:00:00,145,68,77
2015-04-21 15:00:00,118,58,60
2015-04-21 16:00:00,100,46,54
2015-04-21 17:00:00,131,72,59
2015-04-21 18:00:00,100,47,53
2015-04-21 19:00:00,42,17,25
2015-04-21 20:00:00,17,10,7
2015-04-21 21:00:00,9,8,1
2015-04-21 22:00:00,3,0,3
2015-04-21 23:00:00,0,0,0
2015-04-22 00:00:00,2,0,2
2015-04-22 01:00:00,0,0,0
2015-04-22 02:00:00,1,0,1
2015-04-22 03:00:00,0,0,0
2015-04-22 04:00:00,2,0,2
2015-04-22 05:00:00,17,10,7
2015-04-22 06:00:00,127,66,61
2015-04-22 07:00:00,145,64,81
2015-04-22 08:00:00,119,52,67
2015-04-22 09:00:00,96,45,51
2015-04-22 10:00:00,73,36,37
2015-04-22 11:00:00,132,69,63
2015-04-22 12:00:00,288,141,147
2015-04-22 13:00:00,233,104,129
2015-04-22 14:00:00,204,107,97
2015-04-22 15:00:00,153,74,79
2015-04-22 16:00:00,169,79,90
2015-04-22 17:00:00,281,151,130
2015-04-22 18:00:00,318,170,148
2015-04-22 19:00:00,223,106,117
2015-04-22 20:00:00,126,48,78
2015-04-22 21:00:00,18,7,11
2015-04-22 22:00:00,6,2,4
2015-04-22 23:00:00,0,0,0
2015-04-23 00:00:00,4,0,4
2015-04-23 01:00:00,2,1,1
2015-04-23 02:00:00,0,0,0
2015-04-23 03:00:00,0,0,0
2015-04-23 04:00:00,2,1,1
2015-04-23 05:00:00,8,4,4
2015-04-23 06:00:00,76,47,29
2015-04-23 07:00:00,141,59,82
2015-04-23 08:00:00,105,39,66
2015-04-23 09:00:00,89,41,48
2015-04-23 10:00:00,100,43,57
2015-04-23 11:00:00,82,40,42
2015-04-23 12:00:00,196,97,99
2015-04-23 13:00:00,68,30,38
2015-04-23 14:00:00,35,18,17
2015-04-23 15:00:00,42,20,22
2015-04-23 16:00:00,55,32,23
2015-04-23 17:00:00,80,42,38
2015-04-23 18:00:00,132,72,60
2015-04-23 19:00:00,104,43,61
2015-04-23 20:00:00,53,28,25
2015-04-23 21:00:00,15,9,6
2015-04-23 22:00:00,4,2,2
2015-04-23 23:00:00,3,0,3
2015-04-24 00:00:00,0,0,0
2015-04-24 01:00:00,0,0,0
2015-04-24 02:00:00,1,1,0
2015-04-24 03:00:00,0,0,0
2015-04-24 04:00:00,2,1,1
2015-04-24 05:00:00,3,3,0
2015-04-24 06:00:00,51,32,19
2015-04-24 07:00:00,103,43,60
2015-04-24 08:00:00,85,33,52
2015-04-24 09:00:00,79,36,43
2015-04-24 10:00:00,49,23,26
2015-04-24 11:00:00,88,44,44
2015-04-24 12:00:00,230,116,114
2015-04-24 13:00:00,111,49,62
2015-04-24 14:00:00,125,71,54
2015-04-24 15:00:00,111,56,55
2015-04-24 16:00:00,111,39,72
2015-04-24 17:00:00,101,70,31
2015-04-24 18:00:00,196,108,88
2015-04-24 19:00:00,129,46,83
2015-04-24 20:00:00,86,32,54
2015-04-24 21:00:00,14,5,9
2015-04-24 22:00:00,8,5,3
2015-04-24 23:00:00,1,0,1
2015-04-25 00:00:00,0,0,0
2015-04-25 01:00:00,0,0,0
2015-04-25 02:00:00,2,0,2
2015-04-25 03:00:00,0,0,0
2015-04-25 04:00:00,0,0,0
2015-04-25 05:00:00,3,1,2
2015-04-25 06:00:00,19,12,7
2015-04-25 07:00:00,63,31,32
2015-04-25 08:00:00,135,78,57
2015-04-25 09:00:00,204,103,101
2015-04-25 10:00:00,220,103,117
2015-04-25 11:00:00,225,110,115
2015-04-25 12:00:00,250,115,135
2015-04-25 13:00:00,227,107,120
2015-04-25 14:00:00,216,96,120
2015-04-25 15:00:00,184,73,111
2015-04-25 16:00:00,182,104,78
2015-04-25 17:00:00,244,114,130
2015-04-25 18:00:00,242,105,137
2015-04-25 19:00:00,162,70,92
2015-04-25 20:00:00,147,59,88
2015-04-25 21:00:00,12,4,8
2015-04-25 22:00:00,8,3,5
2015-04-25 23:00:00,5,2,3
2015-04-26 00:00:00,1,0,1
2015-04-26 01:00:00,1,0,1
2015-04-26 02:00:00,3,2,1
2015-04-26 03:00:00,2,1,1
2015-04-26 04:00:00,0,0,0
2015-04-26 05:00:00,2,0,2
2015-04-26 06:00:00,10,8,2
2015-04-26 07:00:00,63,35,28
2015-04-26 08:00:00,125,64,61
2015-04-26 09:00:00,173,83,90
2015-04-26 10:00:00,212,98,114
2015-04-26 11:00:00,190,87,103
2015-04-26 12:00:00,213,97,116
2015-04-26 13:00:00,242,138,104
2015-04-26 14:00:00,481,369,112
2015-04-26 15:00:00,504,210,294
2015-04-26 16:00:00,581,248,333
2015-04-26 17:00:00,220,100,120
2015-04-26 18:00:00,124,47,77
2015-04-26 19:00:00,71,33,38
2015-04-26 20:00:00,33,14,19
2015-04-26 21:00:00,4,2,2
2015-04-26 22:00:00,2,0,2
2015-04-26 23:00:00,9,5,4
2015-04-27 00:00:00,0,0,0
2015-04-27 01:00:00,0,0,0
2015-04-27 02:00:00,0,0,0
2015-04-27 03:00:00,0,0,0
2015-04-27 04:00:00,0,0,0
2015-04-27 05:00:00,10,8,2
2015-04-27 06:00:00,62,33,29
2015-04-27 07:00:00,123,63,60
2015-04-27 08:00:00,93,42,51
2015-04-27 09:00:00,99,43,56
2015-04-27 10:00:00,86,55,31
2015-04-27 11:00:00,174,90,84
2015-04-27 12:00:00,414,227,187
2015-04-27 13:00:00,405,191,214
2015-04-27 14:00:00,272,134,138
2015-04-27 15:00:00,250,116,134
2015-04-27 16:00:00,299,160,139
2015-04-27 17:00:00,407,225,182
2015-04-27 18:00:00,568,327,241
2015-04-27 19:00:00,571,293,278
2015-04-27 20:00:00,300,121,179
2015-04-27 21:00:00,24,5,19
2015-04-27 22:00:00,26,11,15
2015-04-27 23:00:00,4,2,2
2015-04-28 00:00:00,5,3,2
2015-04-28 01:00:00,0,0,0
2015-04-28 02:00:00,1,1,0
2015-04-28 03:00:00,2,1,1
2015-04-28 04:00:00,0,0,0
2015-04-28 05:00:00,11,7,4
2015-04-28 06:00:00,101,53,48
2015-04-28 07:00:00,168,84,84
2015-04-28 08:00:00,118,51,67
2015-04-28 09:00:00,76,37,39
2015-04-28 10:00:00,78,39,39
2015-04-28 11:00:00,85,42,43
2015-04-28 12:00:00,227,116,111
2015-04-28 13:00:00,99,40,59
2015-04-28 14:00:00,71,34,37
2015-04-28 15:00:00,63,35,28
2015-04-28 16:00:00,78,32,46
2015-04-28 17:00:00,102,53,49
2015-04-28 18:00:00,73,39,34
2015-04-28 19:00:00,41,24,17
2015-04-28 20:00:00,44,23,21
2015-04-28 21:00:00,11,7,4
2015-04-28 22:00:00,12,7,5
2015-04-28 23:00:00,6,2,4
2015-04-29 00:00:00,1,0,1
2015-04-29 01:00:00,0,0,0
2015-04-29 02:00:00,2,2,0
2015-04-29 03:00:00,0,0,0
2015-04-29 04:00:00,3,2,1
2015-04-29 05:00:00,15,7,8
2015-04-29 06:00:00,69,41,28
2015-04-29 07:00:00,150,71,79
2015-04-29 08:00:00,102,44,58
2015-04-29 09:00:00,88,41,47
2015-04-29 10:00:00,93,52,41
2015-04-29 11:00:00,145,64,81
2015-04-29 12:00:00,347,187,160
2015-04-29 13:00:00,281,127,154
2015-04-29 14:00:00,123,59,64
2015-04-29 15:00:00,141,70,71
2015-04-29 16:00:00,130,69,61
2015-04-29 17:00:00,263,167,96
2015-04-29 18:00:00,316,175,141
2015-04-29 19:00:00,352,175,177
2015-04-29 20:00:00,196,72,124
2015-04-29 21:00:00,18,8,10
2015-04-29 22:00:00,6,3,3
2015-04-29 23:00:00,4,2,2
2015-04-30 00:00:00,5,1,4
2015-04-30 01:00:00,2,0,2
2015-04-30 02:00:00,0,0,0
2015-04-30 03:00:00,0,0,0
2015-04-30 04:00:00,2,0,2
2015-04-30 05:00:00,5,2,3
2015-04-30 06:00:00,86,50,36
2015-04-30 07:00:00,130,62,68
2015-04-30 08:00:00,106,38,68
2015-04-30 09:00:00,78,45,33
2015-04-30 10:00:00,93,49,44
2015-04-30 11:00:00,144,77,67
2015-04-30 12:00:00,352,184,168
2015-04-30 13:00:00,244,116,128
2015-04-30 14:00:00,159,76,83
2015-04-30 15:00:00,168,92,76
2015-04-30 16:00:00,225,119,106
2015-04-30 17:00:00,243,129,114
2015-04-30 18:00:00,306,154,152
2015-04-30 19:00:00,195,94,101
2015-04-30 20:00:00,89,39,50
2015-04-30 21:00:00,25,10,15
2015-04-30 22:00:00,8,3,5
2015-04-30 23:00:00,4,3,1
2015-05-01 00:00:00,1,1,0
2015-05-01 01:00:00,3,2,1
2015-05-01 02:00:00,0,0,0
2015-05-01 03:00:00,1,0,1
2015-05-01 04:00:00,0,0,0
2015-05-01 05:00:00,5,3,2
2015-05-01 06:00:00,71,41,30
2015-05-01 07:00:00,140,62,78
2015-05-01 08:00:00,110,46,64
2015-05-01 09:00:00,87,41,46
2015-05-01 10:00:00,109,52,57
2015-05-01 11:00:00,162,75,87
2015-05-01 12:00:00,237,122,115
2015-05-01 13:00:00,259,134,125
2015-05-01 14:00:00,158,77,81
2015-05-01 15:00:00,139,60,79
2015-05-01 16:00:00,189,93,96
2015-05-01 17:00:00,247,111,136
2015-05-01 18:00:00,175,92,83
2015-05-01 19:00:00,154,65,89
2015-05-01 20:00:00,82,25,57
2015-05-01 21:00:00,15,8,7
2015-05-01 22:00:00,8,7,1
2015-05-01 23:00:00,8,3,5
2015-05-02 00:00:00,2,1,1
2015-05-02 01:00:00,2,1,1
2015-05-02 02:00:00,1,1,0
2015-05-02 03:00:00,0,0,0
2015-05-02 04:00:00,3,1,2
2015-05-02 05:00:00,1,0,1
2015-05-02 06:00:00,23,13,10
2015-05-02 07:00:00,70,37,33
2015-05-02 08:00:00,141,74,67
2015-05-02 09:00:00,199,100,99
2015-05-02 10:00:00,243,119,124
2015-05-02 11:00:00,251,100,151
2015-05-02 12:00:00,268,139,129
2015-05-02 13:00:00,266,125,141
2015-05-02 14:00:00,262,117,145
2015-05-02 15:00:00,280,132,148
2015-05-02 16:00:00,281,125,156
2015-05-02 17:00:00,274,142,132
2015-05-02 18:00:00,225,98,127
2015-05-02 19:00:00,166,77,89
2015-05-02 20:00:00,153,55,98
2015-05-02 21:00:00,13,4,9
2015-05-02 22:00:00,15,7,8
2015-05-02 23:00:00,6,3,3
2015-05-03 00:00:00,1,1,0
2015-05-03 01:00:00,2,1,1
2015-05-03 02:00:00,2,1,1
2015-05-03 03:00:00,0,0,0
2015-05-03 04:00:00,0,0,0
2015-05-03 05:00:00,2,1,1
2015-05-03 06:00:00,17,12,5
2015-05-03 07:00:00,82,44,38
2015-05-03 08:00:00,150,74,76
2015-05-03 09:00:00,211,104,107
2015-05-03 10:00:00,293,149,144
2015-05-03 11:00:00,311,139,172
2015-05-03 12:00:00,227,111,116
2015-05-03 13:00:00,256,123,133
2015-05-03 14:00:00,309,139,170
2015-05-03 15:00:00,344,174,170
2015-05-03 16:00:00,377,166,211
2015-05-03 17:00:00,340,161,179
2015-05-03 18:00:00,318,142,176
2015-05-03 19:00:00,227,96,131
2015-05-03 20:00:00,205,95,110
2015-05-03 21:00:00,42,14,28
2015-05-03 22:00:00,9,2,7
2015-05-03 23:00:00,1,0,1
2015-05-04 00:00:00,0,0,0
2015-05-04 01:00:00,0,0,0
2015-05-04 02:00:00,1,1,0
2015-05-04 03:00:00,1,1,0
2015-05-04 04:00:00,0,0,0
2015-05-04 05:00:00,21,11,10
2015-05-04 06:00:00,76,42,34
2015-05-04 07:00:00,102,51,51
2015-05-04 08:00:00,117,50,67
2015-05-04 09:00:00,115,52,63
2015-05-04 10:00:00,91,48,43
2015-05-04 11:00:00,108,50,58
2015-05-04 12:00:00,358,195,163
2015-05-04 13:00:00,234,101,133
2015-05-04 14:00:00,134,71,63
2015-05-04 15:00:00,200,102,98
2015-05-04 16:00:00,200,118,82
2015-05-04 17:00:00,274,155,119
2015-05-04 18:00:00,318,193,125
2015-05-04 19:00:00,283,142,141
2015-05-04 20:00:00,100,43,57
2015-05-04 21:00:00,10,3,7
2015-05-04 22:00:00,2,1,1
2015-05-04 23:00:00,0,0,0
2015-05-05 00:00:00,0,0,0
2015-05-05 01:00:00,3,1,2
2015-05-05 02:00:00,2,0,2
2015-05-05 03:00:00,0,0,0
2015-05-05 04:00:00,0,0,0
2015-05-05 05:00:00,15,8,7
2015-05-05 06:00:00,62,36,26
2015-05-05 07:00:00,105,50,55
2015-05-05 08:00:00,80,37,43
2015-05-05 09:00:00,81,41,40
2015-05-05 10:00:00,76,38,38
2015-05-05 11:00:00,90,49,41
2015-05-05 12:00:00,197,100,97
2015-05-05 13:00:00,151,68,83
2015-05-05 14:00:00,60,28,32
2015-05-05 15:00:00,63,30,33
2015-05-05 16:00:00,76,32,44
2015-05-05 17:00:00,109,64,45
2015-05-05 18:00:00,60,31,29
2015-05-05 19:00:00,39,22,17
2015-05-05 20:00:00,54,31,23
2015-05-05 21:00:00,4,3,1
2015-05-05 22:00:00,6,3,3
2015-05-05 23:00:00,2,1,1
2015-05-06 00:00:00,0,0,0
2015-05-06 01:00:00,1,0,1
2015-05-06 02:00:00,2,1,1
2015-05-06 03:00:00,0,0,0
2015-05-06 04:00:00,1,1,0
2015-05-06 05:00:00,18,12,6
2015-05-06 06:00:00,107,58,49
2015-05-06 07:00:00,153,66,87
2015-05-06 08:00:00,117,53,64
2015-05-06 09:00:00,87,38,49
2015-05-06 10:00:00,70,29,41
2015-05-06 11:00:00,122,54,68
2015-05-06 12:00:00,247,135,112
2015-05-06 13:00:00,196,90,106
2015-05-06 14:00:00,147,76,71
2015-05-06 15:00:00,165,84,81
2015-05-06 16:00:00,200,104,96
2015-05-06 17:00:00,274,162,112
2015-05-06 18:00:00,350,181,169
2015-05-06 19:00:00,317,145,172
2015-05-06 20:00:00,211,91,120
2015-05-06 21:00:00,31,13,18
2015-05-06 22:00:00,9,5,4
2015-05-06 23:00:00,2,0,2
2015-05-07 00:00:00,1,0,1
2015-05-07 01:00:00,2,1,1
2015-05-07 02:00:00,1,1,0
2015-05-07 03:00:00,1,0,1
2015-05-07 04:00:00,1,0,1
2015-05-07 05:00:00,11,6,5
2015-05-07 06:00:00,109,70,39
2015-05-07 07:00:00,180,79,101
2015-05-07 08:00:00,151,68,83
2015-05-07 09:00:00,140,55,85
2015-05-07 10:00:00,124,64,60
2015-05-07 11:00:00,141,60,81
2015-05-07 12:00:00,356,202,154
2015-05-07 13:00:00,300,148,152
2015-05-07 14:00:00,227,102,125
2015-05-07 15:00:00,191,92,99
2015-05-07 16:00:00,226,108,118
2015-05-07 17:00:00,273,151,122
2015-05-07 18:00:00,329,184,145
2015-05-07 19:00:00,335,173,162
2015-05-07 20:00:00,182,78,104
2015-05-07 21:00:00,34,14,20
2015-05-07 22:00:00,12,6,6
2015-05-07 23:00:00,4,0,4
2015-05-08 00:00:00,4,4,0
2015-05-08 01:00:00,2,0,2
2015-05-08 02:00:00,0,0,0
2015-05-08 03:00:00,1,0,1
2015-05-08 04:00:00,2,0,2
2015-05-08 05:00:00,12,7,5
2015-05-08 06:00:00,88,46,42
2015-05-08 07:00:00,164,82,82
2015-05-08 08:00:00,137,54,83
2015-05-08 09:00:00,125,59,66
2015-05-08 10:00:00,133,71,62
2015-05-08 11:00:00,186,88,98
2015-05-08 12:00:00,382,196,186
2015-05-08 13:00:00,260,122,138
2015-05-08 14:00:00,200,105,95
2015-05-08 15:00:00,218,110,108
2015-05-08 16:00:00,211,113,98
2015-05-08 17:00:00,283,160,123
2015-05-08 18:00:00,248,127,121
2015-05-08 19:00:00,248,124,124
2015-05-08 20:00:00,175,70,105
2015-05-08 21:00:00,31,10,21
2015-05-08 22:00:00,17,7,10
2015-05-08 23:00:00,25,14,11
2015-05-09 00:00:00,0,0,0
2015-05-09 01:00:00,2,0,2
2015-05-09 02:00:00,2,0,2
2015-05-09 03:00:00,0,0,0
2015-05-09 04:00:00,7,7,0
2015-05-09 05:00:00,1,0,1
2015-05-09 06:00:00,19,14,5
2015-05-09 07:00:00,97,54,43
2015-05-09 08:00:00,148,79,69
2015-05-09 09:00:00,282,141,141
2015-05-09 10:00:00,300,156,144
2015-05-09 11:00:00,302,147,155
2015-05-09 12:00:00,308,144,164
2015-05-09 13:00:00,229,113,116
2015-05-09 14:00:00,341,173,168
2015-05-09 15:00:00,320,170,150
2015-05-09 16:00:00,368,172,196
2015-05-09 17:00:00,310,149,161
2015-05-09 18:00:00,211,86,125
2015-05-09 19:00:00,205,105,100
2015-05-09 20:00:00,125,45,80
2015-05-09 21:00:00,25,11,14
2015-05-09 22:00:00,20,11,9
2015-05-09 23:00:00,9,4,5
2015-05-10 00:00:00,6,3,3
2015-05-10 01:00:00,3,1,2
2015-05-10 02:00:00,0,0,0
2015-05-10 03:00:00,0,0,0
2015-05-10 04:00:00,0,0,0
2015-05-10 05:00:00,4,2,2
2015-05-10 06:00:00,25,15,10
2015-05-10 07:00:00,69,36,33
2015-05-10 08:00:00,129,67,62
2015-05-10 09:00:00,197,98,99
2015-05-10 10:00:00,247,119,128
2015-05-10 11:00:00,198,95,103
2015-05-10 12:00:00,255,122,133
2015-05-10 13:00:00,279,145,134
2015-05-10 14:00:00,336,153,183
2015-05-10 15:00:00,317,161,156
2015-05-10 16:00:00,322,140,182
2015-05-10 17:00:00,281,145,136
2015-05-10 18:00:00,255,119,136
2015-05-10 19:00:00,217,99,118
2015-05-10 20:00:00,112,47,65
2015-05-10 21:00:00,17,5,12
2015-05-10 22:00:00,7,4,3
2015-05-10 23:00:00,5,2,3
2015-05-11 00:00:00,2,1,1
2015-05-11 01:00:00,3,2,1
2015-05-11 02:00:00,0,0,0
2015-05-11 03:00:00,0,0,0
2015-05-11 04:00:00,2,2,0
2015-05-11 05:00:00,27,12,15
2015-05-11 06:00:00,77,40,37
2015-05-11 07:00:00,105,54,51
2015-05-11 08:00:00,96,40,56
2015-05-11 09:00:00,91,44,47
2015-05-11 10:00:00,56,26,30
2015-05-11 11:00:00,59,29,30
2015-05-11 12:00:00,211,121,90
2015-05-11 13:00:00,211,97,114
2015-05-11 14:00:00,111,56,55
2015-05-11 15:00:00,87,45,42
2015-05-11 16:00:00,114,56,58
2015-05-11 17:00:00,170,94,76
2015-05-11 18:00:00,257,142,115
2015-05-11 19:00:00,172,80,92
2015-05-11 20:00:00,96,53,43
2015-05-11 21:00:00,34,9,25
2015-05-11 22:00:00,4,1,3
2015-05-11 23:00:00,4,3,1
2015-05-12 00:00:00,0,0,0
2015-05-12 01:00:00,1,0,1
2015-05-12 02:00:00,0,0,0
2015-05-12 03:00:00,1,0,1
2015-05-12 04:00:00,0,0,0
2015-05-12 05:00:00,21,14,7
2015-05-12 06:00:00,146,75,71
2015-05-12 07:00:00,176,79,97
2015-05-12 08:00:00,88,37,51
2015-05-12 09:00:00,96,44,52
2015-05-12 10:00:00,87,46,41
2015-05-12 11:00:00,102,46,56
2015-05-12 12:00:00,259,145,114
2015-05-12 13:00:00,186,81,105
2015-05-12 14:00:00,72,39,33
2015-05-12 15:00:00,58,27,31
2015-05-12 16:00:00,108,51,57
2015-05-12 17:00:00,190,117,73
2015-05-12 18:00:00,224,110,114
2015-05-12 19:00:00,189,86,103
2015-05-12 20:00:00,128,69,59
2015-05-12 21:00:00,36,8,28
2015-05-12 22:00:00,3,1,2
2015-05-12 23:00:00,1,1,0
2015-05-13 00:00:00,0,0,0
2015-05-13 01:00:00,4,3,1
2015-05-13 02:00:00,1,1,0
2015-05-13 03:00:00,0,0,0
2015-05-13 04:00:00,1,0,1
2015-05-13 05:00:00,22,14,8
2015-05-13 06:00:00,114,65,49
2015-05-13 07:00:00,148,73,75
2015-05-13 08:00:00,104,46,58
2015-05-13 09:00:00,52,25,27
2015-05-13 10:00:00,62,35,27
2015-05-13 11:00:00,107,56,51
2015-05-13 12:00:00,197,106,91
2015-05-13 13:00:00,113,46,67
2015-05-13 14:00:00,51,24,27
2015-05-13 15:00:00,41,20,21
2015-05-13 16:00:00,47,24,23
2015-05-13 17:00:00,93,55,38
2015-05-13 18:00:00,108,59,49
2015-05-13 19:00:00,71,36,35
2015-05-13 20:00:00,39,17,22
2015-05-13 21:00:00,10,4,6
2015-05-13 22:00:00,4,3,1
2015-05-13 23:00:00,4,1,3
2015-05-14 00:00:00,3,3,0
2015-05-14 01:00:00,4,1,3
2015-05-14 02:00:00,0,0,0
2015-05-14 03:00:00,0,0,0
2015-05-14 04:00:00,3,1,2
2015-05-14 05:00:00,21,14,7
2015-05-14 06:00:00,122,65,57
2015-05-14 07:00:00,158,68,90
2015-05-14 08:00:00,102,40,62
2015-05-14 09:00:00,92,49,43
2015-05-14 10:00:00,71,31,40
2015-05-14 11:00:00,90,47,43
2015-05-14 12:00:00,236,119,117
2015-05-14 13:00:00,226,106,120
2015-05-14 14:00:00,120,59,61
2015-05-14 15:00:00,135,65,70
2015-05-14 16:00:00,163,85,78
2015-05-14 17:00:00,251,129,122
2015-05-14 18:00:00,337,176,161
2015-05-14 19:00:00,282,135,147
2015-05-14 20:00:00,218,100,118
2015-05-14 21:00:00,69,19,50
2015-05-14 22:00:00,16,3,13
2015-05-14 23:00:00,7,4,3
2015-05-15 00:00:00,6,4,2
2015-05-15 01:00:00,2,1,1
2015-05-15 02:00:00,5,2,3
2015-05-15 03:00:00,0,0,0
2015-05-15 04:00:00,1,0,1
2015-05-15 05:00:00,13,12,1
2015-05-15 06:00:00,87,47,40
2015-05-15 07:00:00,126,54,72
2015-05-15 08:00:00,133,58,75
2015-05-15 09:00:00,100,40,60
2015-05-15 10:00:00,105,55,50
2015-05-15 11:00:00,132,65,67
2015-05-15 12:00:00,282,139,143
2015-05-15 13:00:00,233,126,107
2015-05-15 14:00:00,214,92,122
2015-05-15 15:00:00,166,81,85
2015-05-15 16:00:00,242,120,122
2015-05-15 17:00:00,235,119,116
2015-05-15 18:00:00,246,102,144
2015-05-15 19:00:00,145,66,79
2015-05-15 20:00:00,40,0,40
2015-05-15 21:00:00,21,0,21
2015-05-15 22:00:00,7,0,7
2015-05-15 23:00:00,6,0,6
2015-05-16 00:00:00,4,1,3
2015-05-16 01:00:00,0,0,0
2015-05-16 02:00:00,0,0,0
2015-05-16 03:00:00,2,1,1
2015-05-16 04:00:00,2,1,1
2015-05-16 05:00:00,2,1,1
2015-05-16 06:00:00,33,22,11
2015-05-16 07:00:00,72,36,36
2015-05-16 08:00:00,130,77,53
2015-05-16 09:00:00,194,101,93
2015-05-16 10:00:00,102,0,102
2015-05-16 11:00:00,88,0,88
2015-05-16 12:00:00,172,68,104
2015-05-16 13:00:00,81,0,81
2015-05-16 14:00:00,91,0,91
2015-05-16 15:00:00,104,0,104
2015-05-16 16:00:00,79,0,79
2015-05-16 17:00:00,88,0,88
2015-05-16 18:00:00,88,0,88
2015-05-16 19:00:00,58,0,58
2015-05-16 20:00:00,56,0,56
2015-05-16 21:00:00,17,0,17
2015-05-16 22:00:00,6,0,6
2015-05-16 23:00:00,2,1,1
2015-05-17 00:00:00,5,1,4
2015-05-17 01:00:00,1,1,0
2015-05-17 02:00:00,2,1,1
2015-05-17 03:00:00,2,2,0
2015-05-17 04:00:00,0,0,0
2015-05-17 05:00:00,3,2,1
2015-05-17 06:00:00,24,14,10
2015-05-17 07:00:00,58,34,24
2015-05-17 08:00:00,112,59,53
2015-05-17 09:00:00,150,69,81
2015-05-17 10:00:00,213,101,112
2015-05-17 11:00:00,210,100,110
2015-05-17 12:00:00,185,79,106
2015-05-17 13:00:00,363,0,363
2015-05-17 14:00:00,114,0,114
2015-05-17 15:00:00,139,0,139
2015-05-17 16:00:00,154,0,154
2015-05-17 17:00:00,158,0,158
2015-05-17 18:00:00,187,0,187
2015-05-17 19:00:00,131,0,131
2015-05-17 20:00:00,174,64,110
2015-05-17 21:00:00,53,15,38
2015-05-17 22:00:00,16,7,9
2015-05-17 23:00:00,11,4,7
2015-05-18 00:00:00,3,0,3
2015-05-18 01:00:00,2,1,1
2015-05-18 02:00:00,1,1,0
2015-05-18 03:00:00,0,0,0
2015-05-18 04:00:00,3,1,2
2015-05-18 05:00:00,6,3,3
2015-05-18 06:00:00,93,52,41
2015-05-18 07:00:00,104,47,57
2015-05-18 08:00:00,113,50,63
2015-05-18 09:00:00,130,63,67
2015-05-18 10:00:00,111,42,69
2015-05-18 11:00:00,197,105,92
2015-05-18 12:00:00,428,235,193
2015-05-18 13:00:00,201,0,201
2015-05-18 14:00:00,238,116,122
2015-05-18 15:00:00,198,105,93
2015-05-18 16:00:00,230,110,120
2015-05-18 17:00:00,308,177,131
2015-05-18 18:00:00,422,230,192
2015-05-18 19:00:00,428,210,218
2015-05-18 20:00:00,150,0,150
2015-05-18 21:00:00,91,33,58
2015-05-18 22:00:00,17,0,17
2015-05-18 23:00:00,8,4,4
2015-05-19 00:00:00,2,0,2
2015-05-19 01:00:00,5,3,2
2015-05-19 02:00:00,0,0,0
2015-05-19 03:00:00,0,0,0
2015-05-19 04:00:00,2,0,2
2015-05-19 05:00:00,20,14,6
2015-05-19 06:00:00,133,69,64
2015-05-19 07:00:00,169,73,96
2015-05-19 08:00:00,115,44,71
2015-05-19 09:00:00,80,33,47
2015-05-19 10:00:00,71,36,35
2015-05-19 11:00:00,102,50,52
2015-05-19 12:00:00,120,0,120
2015-05-19 13:00:00,154,0,154
2015-05-19 14:00:00,89,0,89
2015-05-19 15:00:00,91,0,91
2015-05-19 16:00:00,113,0,113
2015-05-19 17:00:00,116,0,116
2015-05-19 18:00:00,397,224,173
2015-05-19 19:00:00,170,0,170
2015-05-19 20:00:00,160,0,160
2015-05-19 21:00:00,83,28,55
2015-05-19 22:00:00,15,0,15
2015-05-19 23:00:00,5,2,3
2015-05-20 00:00:00,3,2,1
2015-05-20 01:00:00,5,2,3
2015-05-20 02:00:00,2,2,0
2015-05-20 03:00:00,1,0,1
2015-05-20 04:00:00,0,0,0
2015-05-20 05:00:00,13,6,7
2015-05-20 06:00:00,141,80,61
2015-05-20 07:00:00,152,63,89
2015-05-20 08:00:00,116,48,68
2015-05-20 09:00:00,89,36,53
2015-05-20 10:00:00,69,29,40
2015-05-20 11:00:00,112,55,57
2015-05-20 12:00:00,277,153,124
2015-05-20 13:00:00,239,109,130
2015-05-20 14:00:00,182,81,101
2015-05-20 15:00:00,94,0,94
2015-05-20 16:00:00,97,0,97
2015-05-20 17:00:00,121,0,121
2015-05-20 18:00:00,320,165,155
2015-05-20 19:00:00,313,151,162
2015-05-20 20:00:00,237,121,116
2015-05-20 21:00:00,88,29,59
2015-05-20 22:00:00,14,5,9
2015-05-20 23:00:00,8,3,5
2015-05-21 00:00:00,3,1,2
2015-05-21 01:00:00,2,1,1
2015-05-21 02:00:00,2,1,1
2015-05-21 03:00:00,0,0,0
2015-05-21 04:00:00,4,3,1
2015-05-21 05:00:00,15,10,5
2015-05-21 06:00:00,132,76,56
2015-05-21 07:00:00,187,88,99
2015-05-21 08:00:00,178,69,109
2015-05-21 09:00:00,136,79,57
2015-05-21 10:00:00,166,60,106
2015-05-21 11:00:00,163,86,77
2015-05-21 12:00:00,410,210,200
2015-05-21 13:00:00,331,130,201
2015-05-21 14:00:00,182,87,95
2015-05-21 15:00:00,190,99,91
2015-05-21 16:00:00,180,95,85
2015-05-21 17:00:00,275,145,130
2015-05-21 18:00:00,327,170,157
2015-05-21 19:00:00,261,122,139
2015-05-21 20:00:00,184,92,92
2015-05-21 21:00:00,96,35,61
2015-05-21 22:00:00,35,13,22
2015-05-21 23:00:00,6,5,1
2015-05-22 00:00:00,4,1,3
2015-05-22 01:00:00,3,1,2
2015-05-22 02:00:00,0,0,0
2015-05-22 03:00:00,0,0,0
2015-05-22 04:00:00,0,0,0
2015-05-22 05:00:00,14,9,5
2015-05-22 06:00:00,95,56,39
2015-05-22 07:00:00,206,59,147
2015-05-22 08:00:00,128,63,65
2015-05-22 09:00:00,117,53,64
2015-05-22 10:00:00,98,51,47
2015-05-22 11:00:00,112,50,62
2015-05-22 12:00:00,197,109,88
2015-05-22 13:00:00,193,90,103
2015-05-22 14:00:00,134,62,72
2015-05-22 15:00:00,128,67,61
2015-05-22 16:00:00,126,58,68
2015-05-22 17:00:00,137,84,53
2015-05-22 18:00:00,107,57,50
2015-05-22 19:00:00,92,39,53
2015-05-22 20:00:00,89,42,47
2015-05-22 21:00:00,27,12,15
2015-05-22 22:00:00,24,11,13
2015-05-22 23:00:00,7,3,4
2015-05-23 00:00:00,10,0,10
2015-05-23 01:00:00,3,1,2
2015-05-23 02:00:00,0,0,0
2015-05-23 03:00:00,2,1,1
2015-05-23 04:00:00,2,0,2
2015-05-23 05:00:00,7,7,0
2015-05-23 06:00:00,31,18,13
2015-05-23 07:00:00,85,40,45
2015-05-23 08:00:00,126,63,63
2015-05-23 09:00:00,122,71,51
2015-05-23 10:00:00,167,82,85
2015-05-23 11:00:00,143,64,79
2015-05-23 12:00:00,134,68,66
2015-05-23 13:00:00,132,55,77
2015-05-23 14:00:00,140,67,73
2015-05-23 15:00:00,188,86,102
2015-05-23 16:00:00,153,76,77
2015-05-23 17:00:00,206,86,120
2015-05-23 18:00:00,166,66,100
2015-05-23 19:00:00,119,54,65
2015-05-23 20:00:00,87,38,49
2015-05-23 21:00:00,37,17,20
2015-05-23 22:00:00,29,15,14
2015-05-23 23:00:00,12,5,7
2015-05-24 00:00:00,1,0,1
2015-05-24 01:00:00,5,3,2
2015-05-24 02:00:00,1,1,0
2015-05-24 03:00:00,4,2,2
2015-05-24 04:00:00,1,0,1
2015-05-24 05:00:00,3,3,0
2015-05-24 06:00:00,41,21,20
2015-05-24 07:00:00,91,46,45
2015-05-24 08:00:00,96,48,48
2015-05-24 09:00:00,185,101,84
2015-05-24 10:00:00,174,71,103
2015-05-24 11:00:00,125,53,72
2015-05-24 12:00:00,155,80,75
2015-05-24 13:00:00,206,104,102
2015-05-24 14:00:00,190,84,106
2015-05-24 15:00:00,204,87,117
2015-05-24 16:00:00,241,119,122
2015-05-24 17:00:00,208,105,103
2015-05-24 18:00:00,189,78,111
2015-05-24 19:00:00,139,63,76
2015-05-24 20:00:00,112,45,67
2015-05-24 21:00:00,45,17,28
2015-05-24 22:00:00,16,4,12
2015-05-24 23:00:00,13,8,5
2015-05-25 00:00:00,6,2,4
2015-05-25 01:00:00,8,5,3
2015-05-25 02:00:00,1,0,1
2015-05-25 03:00:00,2,1,1
2015-05-25 04:00:00,2,0,2
2015-05-25 05:00:00,0,0,0
2015-05-25 06:00:00,22,14,8
2015-05-25 07:00:00,70,37,33
2015-05-25 08:00:00,99,47,52
2015-05-25 09:00:00,142,77,65
2015-05-25 10:00:00,183,85,98
2015-05-25 11:00:00,195,76,119
2015-05-25 12:00:00,182,84,98
2015-05-25 13:00:00,180,75,105
2015-05-25 14:00:00,181,85,96
2015-05-25 15:00:00,216,101,115
2015-05-25 16:00:00,234,97,137
2015-05-25 17:00:00,182,79,103
2015-05-25 18:00:00,145,68,77
2015-05-25 19:00:00,150,66,84
2015-05-25 20:00:00,82,33,49
2015-05-25 21:00:00,28,9,19
2015-05-25 22:00:00,18,9,9
2015-05-25 23:00:00,4,2,2
2015-05-26 00:00:00,5,4,1
2015-05-26 01:00:00,1,1,0
2015-05-26 02:00:00,0,0,0
2015-05-26 03:00:00,0,0,0
2015-05-26 04:00:00,0,0,0
2015-05-26 05:00:00,20,10,10
2015-05-26 06:00:00,67,36,31
2015-05-26 07:00:00,122,56,66
2015-05-26 08:00:00,104,36,68
2015-05-26 09:00:00,81,44,37
2015-05-26 10:00:00,103,52,51
2015-05-26 11:00:00,153,85,68
2015-05-26 12:00:00,321,174,147
2015-05-26 13:00:00,266,123,143
2015-05-26 14:00:00,191,100,91
2015-05-26 15:00:00,198,94,104
2015-05-26 16:00:00,194,98,96
2015-05-26 17:00:00,290,164,126
2015-05-26 18:00:00,336,175,161
2015-05-26 19:00:00,302,147,155
2015-05-26 20:00:00,226,105,121
2015-05-26 21:00:00,62,13,49
2015-05-26 22:00:00,24,14,10
2015-05-26 23:00:00,8,4,4
2015-05-27 00:00:00,6,1,5
2015-05-27 01:00:00,3,2,1
2015-05-27 02:00:00,0,0,0
2015-05-27 03:00:00,1,0,1
2015-05-27 04:00:00,1,0,1
2015-05-27 05:00:00,27,18,9
2015-05-27 06:00:00,142,82,60
2015-05-27 07:00:00,172,77,95
2015-05-27 08:00:00,132,44,88
2015-05-27 09:00:00,86,34,52
2015-05-27 10:00:00,95,52,43
2015-05-27 11:00:00,138,76,62
2015-05-27 12:00:00,344,178,166
2015-05-27 13:00:00,360,173,187
2015-05-27 14:00:00,204,96,108
2015-05-27 15:00:00,180,94,86
2015-05-27 16:00:00,213,100,113
2015-05-27 17:00:00,297,165,132
2015-05-27 18:00:00,345,177,168
2015-05-27 19:00:00,350,184,166
2015-05-27 20:00:00,295,139,156
2015-05-27 21:00:00,94,34,60
2015-05-27 22:00:00,34,10,24
2015-05-27 23:00:00,7,3,4
2015-05-28 00:00:00,6,2,4
2015-05-28 01:00:00,2,0,2
2015-05-28 02:00:00,1,0,1
2015-05-28 03:00:00,0,0,0
2015-05-28 04:00:00,2,1,1
2015-05-28 05:00:00,19,12,7
2015-05-28 06:00:00,170,91,79
2015-05-28 07:00:00,212,93,119
2015-05-28 08:00:00,196,76,120
2015-05-28 09:00:00,110,47,63
2015-05-28 10:00:00,120,70,50
2015-05-28 11:00:00,185,94,91
2015-05-28 12:00:00,468,252,216
2015-05-28 13:00:00,317,139,178
2015-05-28 14:00:00,213,95,118
2015-05-28 15:00:00,211,117,94
2015-05-28 16:00:00,215,115,100
2015-05-28 17:00:00,309,172,137
2015-05-28 18:00:00,334,171,163
2015-05-28 19:00:00,365,174,191
2015-05-28 20:00:00,282,134,148
2015-05-28 21:00:00,105,37,68
2015-05-28 22:00:00,38,9,29
2015-05-28 23:00:00,10,5,5
2015-05-29 00:00:00,4,1,3
2015-05-29 01:00:00,1,1,0
2015-05-29 02:00:00,3,3,0
2015-05-29 03:00:00,3,2,1
2015-05-29 04:00:00,0,0,0
2015-05-29 05:00:00,18,11,7
2015-05-29 06:00:00,105,58,47
2015-05-29 07:00:00,167,75,92
2015-05-29 08:00:00,164,70,94
2015-05-29 09:00:00,167,74,93
2015-05-29 10:00:00,152,85,67
2015-05-29 11:00:00,184,81,103
2015-05-29 12:00:00,360,179,181
2015-05-29 13:00:00,291,149,142
2015-05-29 14:00:00,194,77,117
2015-05-29 15:00:00,201,88,113
2015-05-29 16:00:00,185,94,91
2015-05-29 17:00:00,246,159,87
2015-05-29 18:00:00,253,140,113
2015-05-29 19:00:00,244,112,132
2015-05-29 20:00:00,265,115,150
2015-05-29 21:00:00,93,44,49
2015-05-29 22:00:00,40,14,26
2015-05-29 23:00:00,11,4,7
2015-05-30 00:00:00,4,1,3
2015-05-30 01:00:00,1,1,0
2015-05-30 02:00:00,1,0,1
2015-05-30 03:00:00,2,1,1
2015-05-30 04:00:00,0,0,0
2015-05-30 05:00:00,3,2,1
2015-05-30 06:00:00,36,25,11
2015-05-30 07:00:00,145,69,76
2015-05-30 08:00:00,130,63,67
2015-05-30 09:00:00,236,132,104
2015-05-30 10:00:00,370,183,187
2015-05-30 11:00:00,242,96,146
2015-05-30 12:00:00,209,110,99
2015-05-30 13:00:00,245,112,133
2015-05-30 14:00:00,253,129,124
2015-05-30 15:00:00,312,136,176
2015-05-30 16:00:00,316,162,154
2015-05-30 17:00:00,279,106,173
2015-05-30 18:00:00,253,121,132
2015-05-30 19:00:00,224,98,126
2015-05-30 20:00:00,222,109,113
2015-05-30 21:00:00,106,37,69
2015-05-30 22:00:00,41,18,23
2015-05-30 23:00:00,18,4,14
2015-05-31 00:00:00,5,2,3
2015-05-31 01:00:00,11,4,7
2015-05-31 02:00:00,1,0,1
2015-05-31 03:00:00,1,1,0
2015-05-31 04:00:00,0,0,0
2015-05-31 05:00:00,3,3,0
2015-05-31 06:00:00,25,15,10
2015-05-31 07:00:00,73,40,33
2015-05-31 08:00:00,133,77,56
2015-05-31 09:00:00,187,89,98
2015-05-31 10:00:00,248,122,126
2015-05-31 11:00:00,235,103,132
2015-05-31 12:00:00,215,103,112
2015-05-31 13:00:00,198,90,108
2015-05-31 14:00:00,216,105,111
2015-05-31 15:00:00,240,111,129
2015-05-31 16:00:00,245,128,117
2015-05-31 17:00:00,247,139,108
2015-05-31 18:00:00,201,97,104
2015-05-31 19:00:00,194,87,107
2015-05-31 20:00:00,198,96,102
2015-05-31 21:00:00,72,25,47
2015-05-31 22:00:00,15,7,8
2015-05-31 23:00:00,7,3,4
2015-06-01 00:00:00,1,1,0
2015-06-01 01:00:00,0,0,0
2015-06-01 02:00:00,7,4,3
2015-06-01 03:00:00,1,0,1
2015-06-01 04:00:00,1,1,0
2015-06-01 05:00:00,28,18,10
2015-06-01 06:00:00,119,64,55
2015-06-01 07:00:00,99,45,54
2015-06-01 08:00:00,96,40,56
2015-06-01 09:00:00,47,20,27
2015-06-01 10:00:00,28,13,15
2015-06-01 11:00:00,53,32,21
2015-06-01 12:00:00,131,71,60
2015-06-01 13:00:00,157,70,87
2015-06-01 14:00:00,102,49,53
2015-06-01 15:00:00,117,64,53
2015-06-01 16:00:00,119,57,62
2015-06-01 17:00:00,183,97,86
2015-06-01 18:00:00,196,112,84
2015-06-01 19:00:00,154,70,84
2015-06-01 20:00:00,74,32,42
2015-06-01 21:00:00,31,10,21
2015-06-01 22:00:00,14,4,10
2015-06-01 23:00:00,6,2,4
2015-06-02 00:00:00,3,1,2
2015-06-02 01:00:00,1,0,1
2015-06-02 02:00:00,2,2,0
2015-06-02 03:00:00,0,0,0
2015-06-02 04:00:00,1,1,0
2015-06-02 05:00:00,21,9,12
2015-06-02 06:00:00,126,72,54
2015-06-02 07:00:00,177,86,91
2015-06-02 08:00:00,97,33,64
2015-06-02 09:00:00,91,52,39
2015-06-02 10:00:00,93,41,52
2015-06-02 11:00:00,106,54,52
2015-06-02 12:00:00,228,126,102
2015-06-02 13:00:00,179,75,104
2015-06-02 14:00:00,90,36,54
2015-06-02 15:00:00,79,43,36
2015-06-02 16:00:00,111,56,55
2015-06-02 17:00:00,178,92,86
2015-06-02 18:00:00,180,98,82
2015-06-02 19:00:00,134,68,66
2015-06-02 20:00:00,131,60,71
2015-06-02 21:00:00,34,15,19
2015-06-02 22:00:00,17,7,10
2015-06-02 23:00:00,9,3,6
2015-06-03 00:00:00,0,0,0
2015-06-03 01:00:00,3,1,2
2015-06-03 02:00:00,1,1,0
2015-06-03 03:00:00,0,0,0
2015-06-03 04:00:00,2,1,1
2015-06-03 05:00:00,26,17,9
2015-06-03 06:00:00,121,65,56
2015-06-03 07:00:00,154,71,83
2015-06-03 08:00:00,109,40,69
2015-06-03 09:00:00,81,36,45
2015-06-03 10:00:00,73,41,32
2015-06-03 11:00:00,124,61,63
2015-06-03 12:00:00,260,126,134
2015-06-03 13:00:00,213,95,118
2015-06-03 14:00:00,168,85,83
2015-06-03 15:00:00,178,87,91
2015-06-03 16:00:00,210,102,108
2015-06-03 17:00:00,266,150,116
2015-06-03 18:00:00,309,157,152
2015-06-03 19:00:00,299,148,151
2015-06-03 20:00:00,181,75,106
2015-06-03 21:00:00,68,26,42
2015-06-03 22:00:00,31,18,13
2015-06-03 23:00:00,8,3,5
2015-06-04 00:00:00,4,3,1
2015-06-04 01:00:00,2,0,2
2015-06-04 02:00:00,2,2,0
2015-06-04 03:00:00,0,0,0
2015-06-04 04:00:00,1,0,1
2015-06-04 05:00:00,18,12,6
2015-06-04 06:00:00,141,75,66
2015-06-04 07:00:00,134,60,74
2015-06-04 08:00:00,157,75,82
2015-06-04 09:00:00,118,54,64
2015-06-04 10:00:00,106,49,57
2015-06-04 11:00:00,154,71,83
2015-06-04 12:00:00,353,185,168
2015-06-04 13:00:00,281,120,161
2015-06-04 14:00:00,192,94,98
2015-06-04 15:00:00,202,93,109
2015-06-04 16:00:00,223,118,105
2015-06-04 17:00:00,294,162,132
2015-06-04 18:00:00,317,180,137
2015-06-04 19:00:00,269,130,139
2015-06-04 20:00:00,286,142,144
2015-06-04 21:00:00,108,42,66
2015-06-04 22:00:00,39,12,27
2015-06-04 23:00:00,8,5,3
2015-06-05 00:00:00,1,1,0
2015-06-05 01:00:00,2,1,1
2015-06-05 02:00:00,1,0,1
2015-06-05 03:00:00,1,0,1
2015-06-05 04:00:00,2,2,0
2015-06-05 05:00:00,22,15,7
2015-06-05 06:00:00,125,66,59
2015-06-05 07:00:00,156,76,80
2015-06-05 08:00:00,165,75,90
2015-06-05 09:00:00,146,61,85
2015-06-05 10:00:00,162,73,89
2015-06-05 11:00:00,175,93,82
2015-06-05 12:00:00,373,188,185
2015-06-05 13:00:00,310,148,162
2015-06-05 14:00:00,196,98,98
2015-06-05 15:00:00,209,97,112
2015-06-05 16:00:00,210,105,105
2015-06-05 17:00:00,252,125,127
2015-06-05 18:00:00,268,140,128
2015-06-05 19:00:00,230,118,112
2015-06-05 20:00:00,223,102,121
2015-06-05 21:00:00,111,29,82
2015-06-05 22:00:00,51,18,33
2015-06-05 23:00:00,25,8,17
2015-06-06 00:00:00,9,9,0
2015-06-06 01:00:00,10,4,6
2015-06-06 02:00:00,3,1,2
2015-06-06 03:00:00,4,1,3
2015-06-06 04:00:00,1,1,0
2015-06-06 05:00:00,5,2,3
2015-06-06 06:00:00,48,28,20
2015-06-06 07:00:00,116,60,56
2015-06-06 08:00:00,190,91,99
2015-06-06 09:00:00,267,138,129
2015-06-06 10:00:00,297,137,160
2015-06-06 11:00:00,316,159,157
2015-06-06 12:00:00,265,115,150
2015-06-06 13:00:00,242,120,122
2015-06-06 14:00:00,278,134,144
2015-06-06 15:00:00,277,127,150
2015-06-06 16:00:00,260,133,127
2015-06-06 17:00:00,215,104,111
2015-06-06 18:00:00,204,85,119
2015-06-06 19:00:00,170,83,87
2015-06-06 20:00:00,223,104,119
2015-06-06 21:00:00,128,38,90
2015-06-06 22:00:00,35,13,22
2015-06-06 23:00:00,8,6,2
2015-06-07 00:00:00,6,2,4
2015-06-07 01:00:00,3,1,2
2015-06-07 02:00:00,4,2,2
2015-06-07 03:00:00,0,0,0
2015-06-07 04:00:00,0,0,0
2015-06-07 05:00:00,10,8,2
2015-06-07 06:00:00,41,21,20
2015-06-07 07:00:00,83,38,45
2015-06-07 08:00:00,167,96,71
2015-06-07 09:00:00,272,133,139
2015-06-07 10:00:00,345,162,183
2015-06-07 11:00:00,277,124,153
2015-06-07 12:00:00,294,129,165
2015-06-07 13:00:00,270,119,151
2015-06-07 14:00:00,241,117,124
2015-06-07 15:00:00,261,119,142
2015-06-07 16:00:00,266,114,152
2015-06-07 17:00:00,236,116,120
2015-06-07 18:00:00,203,96,107
2015-06-07 19:00:00,206,78,128
2015-06-07 20:00:00,227,121,106
2015-06-07 21:00:00,152,52,100
2015-06-07 22:00:00,49,17,32
2015-06-07 23:00:00,13,3,10
2015-06-08 00:00:00,1,0,1
2015-06-08 01:00:00,1,0,1
2015-06-08 02:00:00,1,0,1
2015-06-08 03:00:00,1,1,0
2015-06-08 04:00:00,1,0,1
2015-06-08 05:00:00,28,21,7
2015-06-08 06:00:00,159,83,76
2015-06-08 07:00:00,158,75,83
2015-06-08 08:00:00,161,73,88
2015-06-08 09:00:00,173,82,91
2015-06-08 10:00:00,184,89,95
2015-06-08 11:00:00,197,82,115
2015-06-08 12:00:00,419,230,189
2015-06-08 13:00:00,330,155,175
2015-06-08 14:00:00,173,88,85
2015-06-08 15:00:00,186,97,89
2015-06-08 16:00:00,174,91,83
2015-06-08 17:00:00,221,123,98
2015-06-08 18:00:00,332,198,134
2015-06-08 19:00:00,370,203,167
2015-06-08 20:00:00,317,158,159
2015-06-08 21:00:00,158,60,98
2015-06-08 22:00:00,73,25,48
2015-06-08 23:00:00,21,9,12
2015-06-09 00:00:00,10,7,3
2015-06-09 01:00:00,6,2,4
2015-06-09 02:00:00,0,0,0
2015-06-09 03:00:00,0,0,0
2015-06-09 04:00:00,0,0,0
2015-06-09 05:00:00,44,26,18
2015-06-09 06:00:00,194,100,94
2015-06-09 07:00:00,252,120,132
2015-06-09 08:00:00,206,86,120
2015-06-09 09:00:00,191,102,89
2015-06-09 10:00:00,155,66,89
2015-06-09 11:00:00,182,85,97
2015-06-09 12:00:00,460,248,212
2015-06-09 13:00:00,313,130,183
2015-06-09 14:00:00,153,69,84
2015-06-09 15:00:00,170,92,78
2015-06-09 16:00:00,191,90,101
2015-06-09 17:00:00,272,149,123
2015-06-09 18:00:00,331,179,152
2015-06-09 19:00:00,307,156,151
2015-06-09 20:00:00,322,159,163
2015-06-09 21:00:00,139,55,84
2015-06-09 22:00:00,68,28,40
2015-06-09 23:00:00,14,4,10
2015-06-10 00:00:00,3,2,1
2015-06-10 01:00:00,0,0,0
2015-06-10 02:00:00,1,0,1
2015-06-10 03:00:00,0,0,0
2015-06-10 04:00:00,1,0,1
2015-06-10 05:00:00,32,21,11
2015-06-10 06:00:00,165,93,72
2015-06-10 07:00:00,223,101,122
2015-06-10 08:00:00,189,71,118
2015-06-10 09:00:00,160,69,91
2015-06-10 10:00:00,134,69,65
2015-06-10 11:00:00,167,80,87
2015-06-10 12:00:00,350,177,173
2015-06-10 13:00:00,283,122,161
2015-06-10 14:00:00,194,93,101
2015-06-10 15:00:00,152,74,78
2015-06-10 16:00:00,169,86,83
2015-06-10 17:00:00,262,146,116
2015-06-10 18:00:00,282,144,138
2015-06-10 19:00:00,291,135,156
2015-06-10 20:00:00,268,138,130
2015-06-10 21:00:00,137,51,86
2015-06-10 22:00:00,68,24,44
2015-06-10 23:00:00,16,7,9
2015-06-11 00:00:00,3,1,2
2015-06-11 01:00:00,1,1,0
2015-06-11 02:00:00,3,2,1
2015-06-11 03:00:00,0,0,0
2015-06-11 04:00:00,1,0,1
2015-06-11 05:00:00,30,17,13
2015-06-11 06:00:00,149,84,65
2015-06-11 07:00:00,181,89,92
2015-06-11 08:00:00,258,119,139
2015-06-11 09:00:00,148,63,85
2015-06-11 10:00:00,128,59,69
2015-06-11 11:00:00,170,93,77
2015-06-11 12:00:00,327,164,163
2015-06-11 13:00:00,297,135,162
2015-06-11 14:00:00,207,93,114
2015-06-11 15:00:00,161,78,83
2015-06-11 16:00:00,192,103,89
2015-06-11 17:00:00,229,134,95
2015-06-11 18:00:00,302,154,148
2015-06-11 19:00:00,229,115,114
2015-06-11 20:00:00,191,82,109
2015-06-11 21:00:00,89,38,51
2015-06-11 22:00:00,38,15,23
2015-06-11 23:00:00,12,6,6
2015-06-12 00:00:00,5,3,2
2015-06-12 01:00:00,0,0,0
2015-06-12 02:00:00,0,0,0
2015-06-12 03:00:00,0,0,0
2015-06-12 04:00:00,0,0,0
2015-06-12 05:00:00,21,13,8
2015-06-12 06:00:00,89,48,41
2015-06-12 07:00:00,152,65,87
2015-06-12 08:00:00,133,65,68
2015-06-12 09:00:00,149,75,74
2015-06-12 10:00:00,122,52,70
2015-06-12 11:00:00,102,48,54
2015-06-12 12:00:00,220,116,104
2015-06-12 13:00:00,194,86,108
2015-06-12 14:00:00,160,86,74
2015-06-12 15:00:00,175,79,96
2015-06-12 16:00:00,199,95,104
2015-06-12 17:00:00,177,98,79
2015-06-12 18:00:00,189,90,99
2015-06-12 19:00:00,174,88,86
2015-06-12 20:00:00,113,51,62
2015-06-12 21:00:00,87,36,51
2015-06-12 22:00:00,30,13,17
2015-06-12 23:00:00,10,4,6
2015-06-13 00:00:00,9,6,3
2015-06-13 01:00:00,2,0,2
2015-06-13 02:00:00,2,0,2
2015-06-13 03:00:00,0,0,0
2015-06-13 04:00:00,0,0,0
2015-06-13 05:00:00,6,5,1
2015-06-13 06:00:00,33,16,17
2015-06-13 07:00:00,93,56,37
2015-06-13 08:00:00,181,90,91
2015-06-13 09:00:00,243,122,121
2015-06-13 10:00:00,243,125,118
2015-06-13 11:00:00,231,104,127
2015-06-13 12:00:00,205,99,106
2015-06-13 13:00:00,202,97,105
2015-06-13 14:00:00,213,104,109
2015-06-13 15:00:00,221,111,110
2015-06-13 16:00:00,247,119,128
2015-06-13 17:00:00,232,104,128
2015-06-13 18:00:00,180,80,100
2015-06-13 19:00:00,212,106,106
2015-06-13 20:00:00,181,78,103
2015-06-13 21:00:00,80,29,51
2015-06-13 22:00:00,52,19,33
2015-06-13 23:00:00,9,4,5
2015-06-14 00:00:00,13,6,7
2015-06-14 01:00:00,2,0,2
2015-06-14 02:00:00,5,2,3
2015-06-14 03:00:00,0,0,0
2015-06-14 04:00:00,0,0,0
2015-06-14 05:00:00,3,2,1
2015-06-14 06:00:00,43,26,17
2015-06-14 07:00:00,87,42,45
2015-06-14 08:00:00,133,75,58
2015-06-14 09:00:00,205,102,103
2015-06-14 10:00:00,253,131,122
2015-06-14 11:00:00,313,163,150
2015-06-14 12:00:00,250,117,133
2015-06-14 13:00:00,285,128,157
2015-06-14 14:00:00,292,143,149
2015-06-14 15:00:00,351,183,168
2015-06-14 16:00:00,323,166,157
2015-06-14 17:00:00,267,121,146
2015-06-14 18:00:00,242,101,141
2015-06-14 19:00:00,202,99,103
2015-06-14 20:00:00,214,97,117
2015-06-14 21:00:00,116,34,82
2015-06-14 22:00:00,35,11,24
2015-06-14 23:00:00,11,5,6
2015-06-15 00:00:00,4,3,1
2015-06-15 01:00:00,6,3,3
2015-06-15 02:00:00,0,0,0
2015-06-15 03:00:00,2,2,0
2015-06-15 04:00:00,3,1,2
2015-06-15 05:00:00,25,18,7
2015-06-15 06:00:00,140,75,65
2015-06-15 07:00:00,155,74,81
2015-06-15 08:00:00,153,65,88
2015-06-15 09:00:00,140,58,82
2015-06-15 10:00:00,154,78,76
2015-06-15 11:00:00,174,77,97
2015-06-15 12:00:00,344,177,167
2015-06-15 13:00:00,322,152,170
2015-06-15 14:00:00,163,68,95
2015-06-15 15:00:00,159,82,77
2015-06-15 16:00:00,169,84,85
2015-06-15 17:00:00,235,127,108
2015-06-15 18:00:00,306,158,148
2015-06-15 19:00:00,307,161,146
2015-06-15 20:00:00,266,137,129
2015-06-15 21:00:00,108,42,66
2015-06-15 22:00:00,57,20,37
2015-06-15 23:00:00,9,3,6
2015-06-16 00:00:00,7,3,4
2015-06-16 01:00:00,2,0,2
2015-06-16 02:00:00,1,0,1
2015-06-16 03:00:00,5,3,2
2015-06-16 04:00:00,0,0,0
2015-06-16 05:00:00,30,19,11
2015-06-16 06:00:00,183,100,83
2015-06-16 07:00:00,205,88,117
2015-06-16 08:00:00,123,52,71
2015-06-16 09:00:00,115,44,71
2015-06-16 10:00:00,117,59,58
2015-06-16 11:00:00,132,80,52
2015-06-16 12:00:00,328,167,161
2015-06-16 13:00:00,251,122,129
2015-06-16 14:00:00,161,82,79
2015-06-16 15:00:00,167,74,93
2015-06-16 16:00:00,168,89,79
2015-06-16 17:00:00,256,141,115
2015-06-16 18:00:00,253,121,132
2015-06-16 19:00:00,243,115,128
2015-06-16 20:00:00,189,82,107
2015-06-16 21:00:00,89,38,51
2015-06-16 22:00:00,54,18,36
2015-06-16 23:00:00,5,2,3
2015-06-17 00:00:00,4,2,2
2015-06-17 01:00:00,4,2,2
2015-06-17 02:00:00,0,0,0
2015-06-17 03:00:00,2,1,1
2015-06-17 04:00:00,0,0,0
2015-06-17 05:00:00,28,17,11
2015-06-17 06:00:00,151,83,68
2015-06-17 07:00:00,220,110,110
2015-06-17 08:00:00,181,85,96
2015-06-17 09:00:00,108,52,56
2015-06-17 10:00:00,147,77,70
2015-06-17 11:00:00,198,90,108
2015-06-17 12:00:00,366,212,154
2015-06-17 13:00:00,299,123,176
2015-06-17 14:00:00,183,98,85
2015-06-17 15:00:00,193,92,101
2015-06-17 16:00:00,183,86,97
2015-06-17 17:00:00,256,123,133
2015-06-17 18:00:00,290,148,142
2015-06-17 19:00:00,277,135,142
2015-06-17 20:00:00,271,135,136
2015-06-17 21:00:00,91,32,59
2015-06-17 22:00:00,41,13,28
2015-06-17 23:00:00,10,5,5
2015-06-18 00:00:00,6,3,3
2015-06-18 01:00:00,6,2,4
2015-06-18 02:00:00,0,0,0
2015-06-18 03:00:00,5,2,3
2015-06-18 04:00:00,1,0,1
2015-06-18 05:00:00,27,20,7
2015-06-18 06:00:00,126,69,57
2015-06-18 07:00:00,184,80,104
2015-06-18 08:00:00,142,66,76
2015-06-18 09:00:00,133,59,74
2015-06-18 10:00:00,122,65,57
2015-06-18 11:00:00,178,84,94
2015-06-18 12:00:00,294,152,142
2015-06-18 13:00:00,254,101,153
2015-06-18 14:00:00,100,37,63
2015-06-18 15:00:00,143,65,78
2015-06-18 16:00:00,157,68,89
2015-06-18 17:00:00,203,110,93
2015-06-18 18:00:00,244,136,108
2015-06-18 19:00:00,211,97,114
2015-06-18 20:00:00,151,70,81
2015-06-18 21:00:00,47,19,28
2015-06-18 22:00:00,19,10,9
2015-06-18 23:00:00,13,6,7
2015-06-19 00:00:00,11,6,5
2015-06-19 01:00:00,2,2,0
2015-06-19 02:00:00,0,0,0
2015-06-19 03:00:00,0,0,0
2015-06-19 04:00:00,1,0,1
2015-06-19 05:00:00,7,4,3
2015-06-19 06:00:00,87,52,35
2015-06-19 07:00:00,135,63,72
2015-06-19 08:00:00,143,62,81
2015-06-19 09:00:00,105,57,48
2015-06-19 10:00:00,127,54,73
2015-06-19 11:00:00,157,79,78
2015-06-19 12:00:00,254,123,131
2015-06-19 13:00:00,244,125,119
2015-06-19 14:00:00,197,97,100
2015-06-19 15:00:00,156,77,79
2015-06-19 16:00:00,177,90,87
2015-06-19 17:00:00,222,133,89
2015-06-19 18:00:00,215,94,121
2015-06-19 19:00:00,180,102,78
2015-06-19 20:00:00,324,135,189
2015-06-19 21:00:00,109,50,59
2015-06-19 22:00:00,54,28,26
2015-06-19 23:00:00,13,7,6
2015-06-20 00:00:00,6,3,3
2015-06-20 01:00:00,8,3,5
2015-06-20 02:00:00,4,4,0
2015-06-20 03:00:00,5,3,2
2015-06-20 04:00:00,0,0,0
2015-06-20 05:00:00,5,2,3
2015-06-20 06:00:00,39,22,17
2015-06-20 07:00:00,111,57,54
2015-06-20 08:00:00,167,87,80
2015-06-20 09:00:00,209,104,105
2015-06-20 10:00:00,235,97,138
2015-06-20 11:00:00,260,129,131
2015-06-20 12:00:00,239,93,146
2015-06-20 13:00:00,222,103,119
2015-06-20 14:00:00,204,96,108
2015-06-20 15:00:00,205,101,104
2015-06-20 16:00:00,201,101,100
2015-06-20 17:00:00,243,119,124
2015-06-20 18:00:00,195,78,117
2015-06-20 19:00:00,152,58,94
2015-06-20 20:00:00,154,69,85
2015-06-20 21:00:00,76,34,42
2015-06-20 22:00:00,24,7,17
2015-06-20 23:00:00,20,7,13
2015-06-21 00:00:00,9,3,6
2015-06-21 01:00:00,2,1,1
2015-06-21 02:00:00,2,2,0
2015-06-21 03:00:00,0,0,0
2015-06-21 04:00:00,0,0,0
2015-06-21 05:00:00,3,2,1
2015-06-21 06:00:00,43,29,14
2015-06-21 07:00:00,66,31,35
2015-06-21 08:00:00,128,72,56
2015-06-21 09:00:00,205,109,96
2015-06-21 10:00:00,202,97,105
2015-06-21 11:00:00,191,87,104
2015-06-21 12:00:00,219,99,120
2015-06-21 13:00:00,215,101,114
2015-06-21 14:00:00,225,123,102
2015-06-21 15:00:00,251,116,135
2015-06-21 16:00:00,280,153,127
2015-06-21 17:00:00,223,98,125
2015-06-21 18:00:00,217,117,100
2015-06-21 19:00:00,241,104,137
2015-06-21 20:00:00,247,117,130
2015-06-21 21:00:00,125,47,78
2015-06-21 22:00:00,34,5,29
2015-06-21 23:00:00,14,7,7
2015-06-22 00:00:00,1,1,0
2015-06-22 01:00:00,4,3,1
2015-06-22 02:00:00,0,0,0
2015-06-22 03:00:00,0,0,0
2015-06-22 04:00:00,3,0,3
2015-06-22 05:00:00,26,15,11
2015-06-22 06:00:00,81,49,32
2015-06-22 07:00:00,128,55,73
2015-06-22 08:00:00,118,59,59
2015-06-22 09:00:00,119,59,60
2015-06-22 10:00:00,108,41,67
2015-06-22 11:00:00,126,64,62
2015-06-22 12:00:00,401,218,183
2015-06-22 13:00:00,295,145,150
2015-06-22 14:00:00,169,73,96
2015-06-22 15:00:00,159,77,82
2015-06-22 16:00:00,172,82,90
2015-06-22 17:00:00,241,139,102
2015-06-22 18:00:00,289,159,130
2015-06-22 19:00:00,334,178,156
2015-06-22 20:00:00,272,120,152
2015-06-22 21:00:00,153,53,100
2015-06-22 22:00:00,41,17,24
2015-06-22 23:00:00,8,5,3
2015-06-23 00:00:00,6,2,4
2015-06-23 01:00:00,3,1,2
2015-06-23 02:00:00,0,0,0
2015-06-23 03:00:00,1,1,0
2015-06-23 04:00:00,4,1,3
2015-06-23 05:00:00,30,19,11
2015-06-23 06:00:00,163,85,78
2015-06-23 07:00:00,213,103,110
2015-06-23 08:00:00,165,65,100
2015-06-23 09:00:00,149,70,79
2015-06-23 10:00:00,197,106,91
2015-06-23 11:00:00,231,101,130
2015-06-23 12:00:00,410,233,177
2015-06-23 13:00:00,323,130,193
2015-06-23 14:00:00,240,123,117
2015-06-23 15:00:00,177,86,91
2015-06-23 16:00:00,177,93,84
2015-06-23 17:00:00,291,152,139
2015-06-23 18:00:00,320,196,124
2015-06-23 19:00:00,294,138,156
2015-06-23 20:00:00,281,137,144
2015-06-23 21:00:00,128,52,76
2015-06-23 22:00:00,36,12,24
2015-06-23 23:00:00,21,10,11
2015-06-24 00:00:00,4,2,2
2015-06-24 01:00:00,3,1,2
2015-06-24 02:00:00,1,0,1
2015-06-24 03:00:00,2,1,1
2015-06-24 04:00:00,2,2,0
2015-06-24 05:00:00,46,26,20
2015-06-24 06:00:00,182,93,89
2015-06-24 07:00:00,221,98,123
2015-06-24 08:00:00,204,96,108
2015-06-24 09:00:00,144,61,83
2015-06-24 10:00:00,151,65,86
2015-06-24 11:00:00,192,88,104
2015-06-24 12:00:00,335,170,165
2015-06-24 13:00:00,195,78,117
2015-06-24 14:00:00,124,62,62
2015-06-24 15:00:00,115,60,55
2015-06-24 16:00:00,143,73,70
2015-06-24 17:00:00,200,118,82
2015-06-24 18:00:00,275,138,137
2015-06-24 19:00:00,293,153,140
2015-06-24 20:00:00,259,133,126
2015-06-24 21:00:00,139,55,84
2015-06-24 22:00:00,59,28,31
2015-06-24 23:00:00,12,5,7
2015-06-25 00:00:00,8,4,4
2015-06-25 01:00:00,0,0,0
2015-06-25 02:00:00,6,3,3
2015-06-25 03:00:00,1,1,0
2015-06-25 04:00:00,3,1,2
2015-06-25 05:00:00,31,19,12
2015-06-25 06:00:00,154,86,68
2015-06-25 07:00:00,209,98,111
2015-06-25 08:00:00,253,121,132
2015-06-25 09:00:00,153,52,101
2015-06-25 10:00:00,166,71,95
2015-06-25 11:00:00,170,82,88
2015-06-25 12:00:00,350,195,155
2015-06-25 13:00:00,293,133,160
2015-06-25 14:00:00,147,70,77
2015-06-25 15:00:00,140,58,82
2015-06-25 16:00:00,181,89,92
2015-06-25 17:00:00,196,113,83
2015-06-25 18:00:00,234,131,103
2015-06-25 19:00:00,267,134,133
2015-06-25 20:00:00,284,145,139
2015-06-25 21:00:00,178,61,117
2015-06-25 22:00:00,73,29,44
2015-06-25 23:00:00,22,10,12
2015-06-26 00:00:00,10,5,5
2015-06-26 01:00:00,2,1,1
2015-06-26 02:00:00,4,2,2
2015-06-26 03:00:00,1,0,1
2015-06-26 04:00:00,3,1,2
2015-06-26 05:00:00,29,22,7
2015-06-26 06:00:00,161,86,75
2015-06-26 07:00:00,201,93,108
2015-06-26 08:00:00,220,114,106
2015-06-26 09:00:00,224,108,116
2015-06-26 10:00:00,156,78,78
2015-06-26 11:00:00,193,103,90
2015-06-26 12:00:00,319,163,156
2015-06-26 13:00:00,267,156,111
2015-06-26 14:00:00,160,76,84
2015-06-26 15:00:00,131,74,57
2015-06-26 16:00:00,151,81,70
2015-06-26 17:00:00,184,88,96
2015-06-26 18:00:00,165,75,90
2015-06-26 19:00:00,199,99,100
2015-06-26 20:00:00,218,112,106
2015-06-26 21:00:00,166,59,107
2015-06-26 22:00:00,74,21,53
2015-06-26 23:00:00,29,9,20
2015-06-27 00:00:00,19,15,4
2015-06-27 01:00:00,9,0,9
2015-06-27 02:00:00,2,0,2
2015-06-27 03:00:00,3,1,2
2015-06-27 04:00:00,0,0,0
2015-06-27 05:00:00,13,7,6
2015-06-27 06:00:00,54,27,27
2015-06-27 07:00:00,124,62,62
2015-06-27 08:00:00,212,115,97
2015-06-27 09:00:00,264,121,143
2015-06-27 10:00:00,243,123,120
2015-06-27 11:00:00,300,146,154
2015-06-27 12:00:00,201,93,108
2015-06-27 13:00:00,200,93,107
2015-06-27 14:00:00,164,72,92
2015-06-27 15:00:00,135,65,70
2015-06-27 16:00:00,154,64,90
2015-06-27 17:00:00,133,56,77
2015-06-27 18:00:00,115,54,61
2015-06-27 19:00:00,164,94,70
2015-06-27 20:00:00,167,68,99
2015-06-27 21:00:00,126,53,73
2015-06-27 22:00:00,58,16,42
2015-06-27 23:00:00,17,7,10
2015-06-28 00:00:00,23,14,9
2015-06-28 01:00:00,6,2,4
2015-06-28 02:00:00,7,5,2
2015-06-28 03:00:00,7,3,4
2015-06-28 04:00:00,1,1,0
2015-06-28 05:00:00,9,4,5
2015-06-28 06:00:00,38,23,15
2015-06-28 07:00:00,100,54,46
2015-06-28 08:00:00,145,80,65
2015-06-28 09:00:00,223,133,90
2015-06-28 10:00:00,201,79,122
2015-06-28 11:00:00,124,57,67
2015-06-28 12:00:00,127,63,64
2015-06-28 13:00:00,118,64,54
2015-06-28 14:00:00,144,68,76
2015-06-28 15:00:00,150,66,84
2015-06-28 16:00:00,159,82,77
2015-06-28 17:00:00,173,78,95
2015-06-28 18:00:00,192,90,102
2015-06-28 19:00:00,181,82,99
2015-06-28 20:00:00,149,71,78
2015-06-28 21:00:00,72,31,41
2015-06-28 22:00:00,23,7,16
2015-06-28 23:00:00,6,2,4
2015-06-29 00:00:00,4,2,2
2015-06-29 01:00:00,11,6,5
2015-06-29 02:00:00,3,2,1
2015-06-29 03:00:00,1,0,1
2015-06-29 04:00:00,1,0,1
2015-06-29 05:00:00,18,13,5
2015-06-29 06:00:00,124,64,60
2015-06-29 07:00:00,130,62,68
2015-06-29 08:00:00,144,64,80
2015-06-29 09:00:00,142,66,76
2015-06-29 10:00:00,180,77,103
2015-06-29 11:00:00,174,92,82
2015-06-29 12:00:00,342,173,169
2015-06-29 13:00:00,233,98,135
2015-06-29 14:00:00,164,70,94
2015-06-29 15:00:00,162,72,90
2015-06-29 16:00:00,138,78,60
2015-06-29 17:00:00,199,119,80
2015-06-29 18:00:00,221,119,102
2015-06-29 19:00:00,256,132,124
2015-06-29 20:00:00,292,173,119
2015-06-29 21:00:00,212,100,112
2015-06-29 22:00:00,102,36,66
2015-06-29 23:00:00,19,8,11
2015-06-30 00:00:00,17,9,8
2015-06-30 01:00:00,2,1,1
2015-06-30 02:00:00,2,1,1
2015-06-30 03:00:00,0,0,0
2015-06-30 04:00:00,0,0,0
2015-06-30 05:00:00,18,9,9
2015-06-30 06:00:00,128,71,57
2015-06-30 07:00:00,223,105,118
2015-06-30 08:00:00,179,76,103
2015-06-30 09:00:00,145,71,74
2015-06-30 10:00:00,191,91,100
2015-06-30 11:00:00,165,85,80
2015-06-30 12:00:00,349,189,160
2015-06-30 13:00:00,302,134,168
2015-06-30 14:00:00,171,75,96
2015-06-30 15:00:00,162,86,76
2015-06-30 16:00:00,181,82,99
2015-06-30 17:00:00,169,100,69
2015-06-30 18:00:00,227,128,99
2015-06-30 19:00:00,229,115,114
2015-06-30 20:00:00,248,132,116
2015-06-30 21:00:00,164,66,98
2015-06-30 22:00:00,73,27,46
2015-06-30 23:00:00,22,9,13
2015-07-01 00:00:00,11,6,5
2015-07-01 01:00:00,1,0,1
2015-07-01 02:00:00,3,3,0
2015-07-01 03:00:00,4,1,3
2015-07-01 04:00:00,7,4,3
2015-07-01 05:00:00,24,15,9
2015-07-01 06:00:00,137,70,67
2015-07-01 07:00:00,258,132,126
2015-07-01 08:00:00,213,83,130
2015-07-01 09:00:00,168,75,93
2015-07-01 10:00:00,147,76,71
2015-07-01 11:00:00,223,114,109
2015-07-01 12:00:00,297,159,138
2015-07-01 13:00:00,289,144,145
2015-07-01 14:00:00,121,55,66
2015-07-01 15:00:00,147,80,67
2015-07-01 16:00:00,133,72,61
2015-07-01 17:00:00,192,101,91
2015-07-01 18:00:00,204,109,95
2015-07-01 19:00:00,206,109,97
2015-07-01 20:00:00,235,127,108
2015-07-01 21:00:00,181,70,111
2015-07-01 22:00:00,85,25,60
2015-07-01 23:00:00,26,9,17
2015-07-02 00:00:00,8,4,4
2015-07-02 01:00:00,5,0,5
2015-07-02 02:00:00,5,1,4
2015-07-02 03:00:00,1,0,1
2015-07-02 04:00:00,0,0,0
2015-07-02 05:00:00,30,18,12
2015-07-02 06:00:00,139,77,62
2015-07-02 07:00:00,209,111,98
2015-07-02 08:00:00,225,105,120
2015-07-02 09:00:00,217,92,125
2015-07-02 10:00:00,164,76,88
2015-07-02 11:00:00,185,94,91
2015-07-02 12:00:00,244,121,123
2015-07-02 13:00:00,220,101,119
2015-07-02 14:00:00,105,54,51
2015-07-02 15:00:00,146,65,81
2015-07-02 16:00:00,166,75,91
2015-07-02 17:00:00,160,90,70
2015-07-02 18:00:00,141,78,63
2015-07-02 19:00:00,125,59,66
2015-07-02 20:00:00,171,100,71
2015-07-02 21:00:00,158,69,89
2015-07-02 22:00:00,103,33,70
2015-07-02 23:00:00,12,7,5
2015-07-03 00:00:00,18,11,7
2015-07-03 01:00:00,4,2,2
2015-07-03 02:00:00,2,0,2
2015-07-03 03:00:00,1,0,1
2015-07-03 04:00:00,1,1,0
2015-07-03 05:00:00,10,5,5
2015-07-03 06:00:00,74,39,35
2015-07-03 07:00:00,159,90,69
2015-07-03 08:00:00,216,105,111
2015-07-03 09:00:00,263,130,133
2015-07-03 10:00:00,247,122,125
2015-07-03 11:00:00,274,128,146
2015-07-03 12:00:00,242,98,144
2015-07-03 13:00:00,189,97,92
2015-07-03 14:00:00,188,89,99
2015-07-03 15:00:00,128,57,71
2015-07-03 16:00:00,161,82,79
2015-07-03 17:00:00,124,64,60
2015-07-03 18:00:00,127,54,73
2015-07-03 19:00:00,144,72,72
2015-07-03 20:00:00,103,51,52
2015-07-03 21:00:00,159,69,90
2015-07-03 22:00:00,83,32,51
2015-07-03 23:00:00,20,12,8
2015-07-04 00:00:00,14,9,5
2015-07-04 01:00:00,8,3,5
2015-07-04 02:00:00,2,1,1
2015-07-04 03:00:00,1,0,1
2015-07-04 04:00:00,19,4,15
2015-07-04 05:00:00,6,2,4
2015-07-04 06:00:00,32,21,11
2015-07-04 07:00:00,108,53,55
2015-07-04 08:00:00,187,99,88
2015-07-04 09:00:00,311,156,155
2015-07-04 10:00:00,301,139,162
2015-07-04 11:00:00,276,131,145
2015-07-04 12:00:00,258,106,152
2015-07-04 13:00:00,202,99,103
2015-07-04 14:00:00,194,87,107
2015-07-04 15:00:00,149,73,76
2015-07-04 16:00:00,152,52,100
2015-07-04 17:00:00,158,78,80
2015-07-04 18:00:00,138,73,65
2015-07-04 19:00:00,118,55,63
2015-07-04 20:00:00,126,60,66
2015-07-04 21:00:00,87,45,42
2015-07-04 22:00:00,82,38,44
2015-07-04 23:00:00,28,14,14
2015-07-05 00:00:00,25,12,13
2015-07-05 01:00:00,5,2,3
2015-07-05 02:00:00,4,1,3
2015-07-05 03:00:00,5,2,3
2015-07-05 04:00:00,0,0,0
2015-07-05 05:00:00,12,8,4
2015-07-05 06:00:00,27,17,10
2015-07-05 07:00:00,96,57,39
2015-07-05 08:00:00,157,82,75
2015-07-05 09:00:00,223,121,102
2015-07-05 10:00:00,255,111,144
2015-07-05 11:00:00,228,107,121
2015-07-05 12:00:00,175,83,92
2015-07-05 13:00:00,173,79,94
2015-07-05 14:00:00,181,96,85
2015-07-05 15:00:00,193,77,116
2015-07-05 16:00:00,117,47,70
2015-07-05 17:00:00,130,55,75
2015-07-05 18:00:00,131,68,63
2015-07-05 19:00:00,209,108,101
2015-07-05 20:00:00,200,87,113
2015-07-05 21:00:00,158,59,99
2015-07-05 22:00:00,53,30,23
2015-07-05 23:00:00,8,5,3
2015-07-06 00:00:00,0,0,0
2015-07-06 01:00:00,5,3,2
2015-07-06 02:00:00,1,0,1
2015-07-06 03:00:00,0,0,0
2015-07-06 04:00:00,2,1,1
2015-07-06 05:00:00,14,10,4
2015-07-06 06:00:00,97,50,47
2015-07-06 07:00:00,168,91,77
2015-07-06 08:00:00,168,80,88
2015-07-06 09:00:00,182,80,102
2015-07-06 10:00:00,179,91,88
2015-07-06 11:00:00,167,84,83
2015-07-06 12:00:00,267,154,113
2015-07-06 13:00:00,233,109,124
2015-07-06 14:00:00,152,63,89
2015-07-06 15:00:00,116,54,62
2015-07-06 16:00:00,137,65,72
2015-07-06 17:00:00,194,100,94
2015-07-06 18:00:00,221,123,98
2015-07-06 19:00:00,249,127,122
2015-07-06 20:00:00,249,132,117
2015-07-06 21:00:00,170,65,105
2015-07-06 22:00:00,60,16,44
2015-07-06 23:00:00,9,5,4
2015-07-07 00:00:00,5,2,3
2015-07-07 01:00:00,1,0,1
2015-07-07 02:00:00,3,2,1
2015-07-07 03:00:00,0,0,0
2015-07-07 04:00:00,1,0,1
2015-07-07 05:00:00,37,22,15
2015-07-07 06:00:00,171,102,69
2015-07-07 07:00:00,234,111,123
2015-07-07 08:00:00,157,72,85
2015-07-07 09:00:00,132,55,77
2015-07-07 10:00:00,161,81,80
2015-07-07 11:00:00,162,79,83
2015-07-07 12:00:00,317,169,148
2015-07-07 13:00:00,295,134,161
2015-07-07 14:00:00,191,99,92
2015-07-07 15:00:00,138,59,79
2015-07-07 16:00:00,168,88,80
2015-07-07 17:00:00,229,110,119
2015-07-07 18:00:00,237,140,97
2015-07-07 19:00:00,278,135,143
2015-07-07 20:00:00,233,116,117
2015-07-07 21:00:00,116,43,73
2015-07-07 22:00:00,44,11,33
2015-07-07 23:00:00,12,6,6
2015-07-08 00:00:00,4,2,2
2015-07-08 01:00:00,3,1,2
2015-07-08 02:00:00,1,1,0
2015-07-08 03:00:00,0,0,0
2015-07-08 04:00:00,1,0,1
2015-07-08 05:00:00,25,16,9
2015-07-08 06:00:00,147,83,64
2015-07-08 07:00:00,207,94,113
2015-07-08 08:00:00,185,83,102
2015-07-08 09:00:00,146,77,69
2015-07-08 10:00:00,188,85,103
2015-07-08 11:00:00,161,80,81
2015-07-08 12:00:00,298,156,142
2015-07-08 13:00:00,279,110,169
2015-07-08 14:00:00,139,66,73
2015-07-08 15:00:00,115,58,57
2015-07-08 16:00:00,133,60,73
2015-07-08 17:00:00,195,127,68
2015-07-08 18:00:00,241,128,113
2015-07-08 19:00:00,249,133,116
2015-07-08 20:00:00,214,111,103
2015-07-08 21:00:00,137,63,74
2015-07-08 22:00:00,50,20,30
2015-07-08 23:00:00,12,7,5
2015-07-09 00:00:00,5,3,2
2015-07-09 01:00:00,7,3,4
2015-07-09 02:00:00,2,1,1
2015-07-09 03:00:00,3,1,2
2015-07-09 04:00:00,2,1,1
2015-07-09 05:00:00,13,9,4
2015-07-09 06:00:00,119,62,57
2015-07-09 07:00:00,191,91,100
2015-07-09 08:00:00,205,91,114
2015-07-09 09:00:00,138,64,74
2015-07-09 10:00:00,135,62,73
2015-07-09 11:00:00,162,71,91
2015-07-09 12:00:00,322,176,146
2015-07-09 13:00:00,259,122,137
2015-07-09 14:00:00,149,73,76
2015-07-09 15:00:00,144,76,68
2015-07-09 16:00:00,145,81,64
2015-07-09 17:00:00,181,88,93
2015-07-09 18:00:00,270,144,126
2015-07-09 19:00:00,308,149,159
2015-07-09 20:00:00,302,148,154
2015-07-09 21:00:00,165,81,84
2015-07-09 22:00:00,79,33,46
2015-07-09 23:00:00,12,7,5
2015-07-10 00:00:00,6,2,4
2015-07-10 01:00:00,1,0,1
2015-07-10 02:00:00,0,0,0
2015-07-10 03:00:00,1,0,1
2015-07-10 04:00:00,0,0,0
2015-07-10 05:00:00,10,6,4
2015-07-10 06:00:00,98,58,40
2015-07-10 07:00:00,148,70,78
2015-07-10 08:00:00,191,90,101
2015-07-10 09:00:00,126,58,68
2015-07-10 10:00:00,146,76,70
2015-07-10 11:00:00,157,78,79
2015-07-10 12:00:00,234,132,102
2015-07-10 13:00:00,236,106,130
2015-07-10 14:00:00,148,74,74
2015-07-10 15:00:00,148,60,88
2015-07-10 16:00:00,161,66,95
2015-07-10 17:00:00,158,81,77
2015-07-10 18:00:00,163,77,86
2015-07-10 19:00:00,146,75,71
2015-07-10 20:00:00,122,61,61
2015-07-10 21:00:00,54,21,33
2015-07-10 22:00:00,30,12,18
2015-07-10 23:00:00,14,10,4
2015-07-11 00:00:00,7,2,5
2015-07-11 01:00:00,6,3,3
2015-07-11 02:00:00,4,1,3
2015-07-11 03:00:00,2,1,1
2015-07-11 04:00:00,0,0,0
2015-07-11 05:00:00,7,6,1
2015-07-11 06:00:00,32,18,14
2015-07-11 07:00:00,166,85,81
2015-07-11 08:00:00,168,83,85
2015-07-11 09:00:00,224,110,114
2015-07-11 10:00:00,215,98,117
2015-07-11 11:00:00,216,96,120
2015-07-11 12:00:00,184,90,94
2015-07-11 13:00:00,127,55,72
2015-07-11 14:00:00,144,74,70
2015-07-11 15:00:00,176,94,82
2015-07-11 16:00:00,190,75,115
2015-07-11 17:00:00,166,81,85
2015-07-11 18:00:00,160,72,88
2015-07-11 19:00:00,156,70,86
2015-07-11 20:00:00,115,60,55
2015-07-11 21:00:00,53,19,34
2015-07-11 22:00:00,32,17,15
2015-07-11 23:00:00,9,5,4
2015-07-12 00:00:00,11,6,5
2015-07-12 01:00:00,1,0,1
2015-07-12 02:00:00,1,1,0
2015-07-12 03:00:00,0,0,0
2015-07-12 04:00:00,2,1,1
2015-07-12 05:00:00,2,1,1
2015-07-12 06:00:00,24,16,8
2015-07-12 07:00:00,88,50,38
2015-07-12 08:00:00,126,63,63
2015-07-12 09:00:00,155,74,81
2015-07-12 10:00:00,209,101,108
2015-07-12 11:00:00,244,104,140
2015-07-12 12:00:00,239,123,116
2015-07-12 13:00:00,213,87,126
2015-07-12 14:00:00,195,89,106
2015-07-12 15:00:00,221,111,110
2015-07-12 16:00:00,275,154,121
2015-07-12 17:00:00,265,134,131
2015-07-12 18:00:00,278,114,164
2015-07-12 19:00:00,207,94,113
2015-07-12 20:00:00,247,112,135
2015-07-12 21:00:00,109,41,68
2015-07-12 22:00:00,55,25,30
2015-07-12 23:00:00,9,4,5
2015-07-13 00:00:00,5,3,2
2015-07-13 01:00:00,7,5,2
2015-07-13 02:00:00,0,0,0
2015-07-13 03:00:00,0,0,0
2015-07-13 04:00:00,2,2,0
2015-07-13 05:00:00,18,12,6
2015-07-13 06:00:00,109,59,50
2015-07-13 07:00:00,166,78,88
2015-07-13 08:00:00,180,78,102
2015-07-13 09:00:00,131,57,74
2015-07-13 10:00:00,108,45,63
2015-07-13 11:00:00,123,65,58
2015-07-13 12:00:00,302,168,134
2015-07-13 13:00:00,288,132,156
2015-07-13 14:00:00,161,73,88
2015-07-13 15:00:00,184,75,109
2015-07-13 16:00:00,192,103,89
2015-07-13 17:00:00,221,115,106
2015-07-13 18:00:00,251,142,109
2015-07-13 19:00:00,286,152,134
2015-07-13 20:00:00,225,116,109
2015-07-13 21:00:00,112,36,76
2015-07-13 22:00:00,47,20,27
2015-07-13 23:00:00,15,8,7
2015-07-14 00:00:00,9,6,3
2015-07-14 01:00:00,3,1,2
2015-07-14 02:00:00,1,1,0
2015-07-14 03:00:00,2,1,1
2015-07-14 04:00:00,0,0,0
2015-07-14 05:00:00,13,8,5
2015-07-14 06:00:00,183,97,86
2015-07-14 07:00:00,245,114,131
2015-07-14 08:00:00,190,76,114
2015-07-14 09:00:00,148,70,78
2015-07-14 10:00:00,190,88,102
2015-07-14 11:00:00,174,83,91
2015-07-14 12:00:00,384,199,185
2015-07-14 13:00:00,290,152,138
2015-07-14 14:00:00,195,84,111
2015-07-14 15:00:00,165,90,75
2015-07-14 16:00:00,181,81,100
2015-07-14 17:00:00,248,143,105
2015-07-14 18:00:00,301,153,148
2015-07-14 19:00:00,305,159,146
2015-07-14 20:00:00,306,163,143
2015-07-14 21:00:00,146,55,91
2015-07-14 22:00:00,52,25,27
2015-07-14 23:00:00,17,10,7
2015-07-15 00:00:00,2,1,1
2015-07-15 01:00:00,8,4,4
2015-07-15 02:00:00,5,2,3
2015-07-15 03:00:00,0,0,0
2015-07-15 04:00:00,0,0,0
2015-07-15 05:00:00,22,13,9
2015-07-15 06:00:00,180,110,70
2015-07-15 07:00:00,268,126,142
2015-07-15 08:00:00,194,82,112
2015-07-15 09:00:00,145,63,82
2015-07-15 10:00:00,138,70,68
2015-07-15 11:00:00,190,89,101
2015-07-15 12:00:00,315,164,151
2015-07-15 13:00:00,299,126,173
2015-07-15 14:00:00,160,73,87
2015-07-15 15:00:00,148,68,80
2015-07-15 16:00:00,161,85,76
2015-07-15 17:00:00,230,132,98
2015-07-15 18:00:00,264,136,128
2015-07-15 19:00:00,257,135,122
2015-07-15 20:00:00,247,118,129
2015-07-15 21:00:00,98,31,67
2015-07-15 22:00:00,41,21,20
2015-07-15 23:00:00,16,8,8
2015-07-16 00:00:00,7,4,3
2015-07-16 01:00:00,3,1,2
2015-07-16 02:00:00,1,0,1
2015-07-16 03:00:00,0,0,0
2015-07-16 04:00:00,2,2,0
2015-07-16 05:00:00,16,12,4
2015-07-16 06:00:00,141,77,64
2015-07-16 07:00:00,192,95,97
2015-07-16 08:00:00,175,83,92
2015-07-16 09:00:00,143,71,72
2015-07-16 10:00:00,135,69,66
2015-07-16 11:00:00,203,95,108
2015-07-16 12:00:00,294,153,141
2015-07-16 13:00:00,241,105,136
2015-07-16 14:00:00,183,89,94
2015-07-16 15:00:00,174,82,92
2015-07-16 16:00:00,173,88,85
2015-07-16 17:00:00,193,99,94
2015-07-16 18:00:00,255,135,120
2015-07-16 19:00:00,265,144,121
2015-07-16 20:00:00,288,155,133
2015-07-16 21:00:00,171,60,111
2015-07-16 22:00:00,44,12,32
2015-07-16 23:00:00,13,6,7
2015-07-17 00:00:00,3,1,2
2015-07-17 01:00:00,7,5,2
2015-07-17 02:00:00,2,1,1
2015-07-17 03:00:00,5,2,3
2015-07-17 04:00:00,1,0,1
2015-07-17 05:00:00,13,7,6
2015-07-17 06:00:00,119,70,49
2015-07-17 07:00:00,199,85,114
2015-07-17 08:00:00,146,60,86
2015-07-17 09:00:00,136,69,67
2015-07-17 10:00:00,175,87,88
2015-07-17 11:00:00,178,74,104
2015-07-17 12:00:00,262,123,139
2015-07-17 13:00:00,260,137,123
2015-07-17 14:00:00,189,84,105
2015-07-17 15:00:00,151,66,85
2015-07-17 16:00:00,174,89,85
2015-07-17 17:00:00,182,96,86
2015-07-17 18:00:00,209,95,114
2015-07-17 19:00:00,193,97,96
2015-07-17 20:00:00,221,114,107
2015-07-17 21:00:00,141,52,89
2015-07-17 22:00:00,64,20,44
2015-07-17 23:00:00,22,14,8
2015-07-18 00:00:00,11,6,5
2015-07-18 01:00:00,3,0,3
2015-07-18 02:00:00,2,2,0
2015-07-18 03:00:00,4,1,3
2015-07-18 04:00:00,3,2,1
2015-07-18 05:00:00,4,1,3
2015-07-18 06:00:00,49,24,25
2015-07-18 07:00:00,125,74,51
2015-07-18 08:00:00,222,117,105
2015-07-18 09:00:00,344,156,188
2015-07-18 10:00:00,284,139,145
2015-07-18 11:00:00,232,107,125
2015-07-18 12:00:00,244,122,122
2015-07-18 13:00:00,220,98,122
2015-07-18 14:00:00,195,95,100
2015-07-18 15:00:00,271,150,121
2015-07-18 16:00:00,267,147,120
2015-07-18 17:00:00,234,123,111
2015-07-18 18:00:00,278,156,122
2015-07-18 19:00:00,209,105,104
2015-07-18 20:00:00,239,124,115
2015-07-18 21:00:00,226,117,109
2015-07-18 22:00:00,275,55,220
2015-07-18 23:00:00,39,17,22
2015-07-19 00:00:00,8,5,3
2015-07-19 01:00:00,3,0,3
2015-07-19 02:00:00,2,2,0
2015-07-19 03:00:00,6,3,3
2015-07-19 04:00:00,1,0,1
2015-07-19 05:00:00,3,1,2
2015-07-19 06:00:00,35,22,13
2015-07-19 07:00:00,108,60,48
2015-07-19 08:00:00,186,98,88
2015-07-19 09:00:00,243,128,115
2015-07-19 10:00:00,338,173,165
2015-07-19 11:00:00,223,96,127
2015-07-19 12:00:00,220,111,109
2015-07-19 13:00:00,184,90,94
2015-07-19 14:00:00,152,71,81
2015-07-19 15:00:00,200,79,121
2015-07-19 16:00:00,154,68,86
2015-07-19 17:00:00,122,63,59
2015-07-19 18:00:00,138,64,74
2015-07-19 19:00:00,146,70,76
2015-07-19 20:00:00,222,117,105
2015-07-19 21:00:00,199,84,115
2015-07-19 22:00:00,70,28,42
2015-07-19 23:00:00,13,6,7
2015-07-20 00:00:00,5,3,2
2015-07-20 01:00:00,4,2,2
2015-07-20 02:00:00,2,2,0
2015-07-20 03:00:00,2,1,1
2015-07-20 04:00:00,2,1,1
2015-07-20 05:00:00,16,9,7
2015-07-20 06:00:00,91,52,39
2015-07-20 07:00:00,132,61,71
2015-07-20 08:00:00,132,58,74
2015-07-20 09:00:00,95,45,50
2015-07-20 10:00:00,116,49,67
2015-07-20 11:00:00,115,57,58
2015-07-20 12:00:00,303,159,144
2015-07-20 13:00:00,278,139,139
2015-07-20 14:00:00,175,76,99
2015-07-20 15:00:00,196,100,96
2015-07-20 16:00:00,147,69,78
2015-07-20 17:00:00,208,111,97
2015-07-20 18:00:00,279,160,119
2015-07-20 19:00:00,307,158,149
2015-07-20 20:00:00,333,195,138
2015-07-20 21:00:00,172,60,112
2015-07-20 22:00:00,62,23,39
2015-07-20 23:00:00,12,4,8
2015-07-21 00:00:00,5,2,3
2015-07-21 01:00:00,7,3,4
2015-07-21 02:00:00,0,0,0
2015-07-21 03:00:00,1,1,0
2015-07-21 04:00:00,1,0,1
2015-07-21 05:00:00,29,14,15
2015-07-21 06:00:00,156,88,68
2015-07-21 07:00:00,191,83,108
2015-07-21 08:00:00,159,73,86
2015-07-21 09:00:00,87,30,57
2015-07-21 10:00:00,98,42,56
2015-07-21 11:00:00,157,88,69
2015-07-21 12:00:00,304,171,133
2015-07-21 13:00:00,257,116,141
2015-07-21 14:00:00,176,81,95
2015-07-21 15:00:00,173,86,87
2015-07-21 16:00:00,141,54,87
2015-07-21 17:00:00,199,105,94
2015-07-21 18:00:00,256,160,96
2015-07-21 19:00:00,322,161,161
2015-07-21 20:00:00,244,106,138
2015-07-21 21:00:00,110,42,68
2015-07-21 22:00:00,38,14,24
2015-07-21 23:00:00,15,9,6
2015-07-22 00:00:00,6,5,1
2015-07-22 01:00:00,5,2,3
2015-07-22 02:00:00,1,1,0
2015-07-22 03:00:00,3,1,2
2015-07-22 04:00:00,0,0,0
2015-07-22 05:00:00,21,12,9
2015-07-22 06:00:00,166,92,74
2015-07-22 07:00:00,196,82,114
2015-07-22 08:00:00,145,65,80
2015-07-22 09:00:00,126,61,65
2015-07-22 10:00:00,145,55,90
2015-07-22 11:00:00,137,64,73
2015-07-22 12:00:00,329,167,162
2015-07-22 13:00:00,280,129,151
2015-07-22 14:00:00,217,98,119
2015-07-22 15:00:00,169,85,84
2015-07-22 16:00:00,165,78,87
2015-07-22 17:00:00,214,122,92
2015-07-22 18:00:00,254,142,112
2015-07-22 19:00:00,279,125,154
2015-07-22 20:00:00,247,124,123
2015-07-22 21:00:00,98,44,54
2015-07-22 22:00:00,39,15,24
2015-07-22 23:00:00,9,6,3
2015-07-23 00:00:00,6,3,3
2015-07-23 01:00:00,2,2,0
2015-07-23 02:00:00,9,4,5
2015-07-23 03:00:00,0,0,0
2015-07-23 04:00:00,2,2,0
2015-07-23 05:00:00,9,5,4
2015-07-23 06:00:00,146,80,66
2015-07-23 07:00:00,211,100,111
2015-07-23 08:00:00,194,84,110
2015-07-23 09:00:00,153,74,79
2015-07-23 10:00:00,134,58,76
2015-07-23 11:00:00,160,68,92
2015-07-23 12:00:00,320,177,143
2015-07-23 13:00:00,262,117,145
2015-07-23 14:00:00,196,87,109
2015-07-23 15:00:00,171,95,76
2015-07-23 16:00:00,166,82,84
2015-07-23 17:00:00,237,135,102
2015-07-23 18:00:00,280,141,139
2015-07-23 19:00:00,276,127,149
2015-07-23 20:00:00,220,100,120
2015-07-23 21:00:00,98,36,62
2015-07-23 22:00:00,28,13,15
2015-07-23 23:00:00,10,5,5
2015-07-24 00:00:00,7,4,3
2015-07-24 01:00:00,7,3,4
2015-07-24 02:00:00,2,1,1
2015-07-24 03:00:00,0,0,0
2015-07-24 04:00:00,4,2,2
2015-07-24 05:00:00,11,4,7
2015-07-24 06:00:00,98,52,46
2015-07-24 07:00:00,155,72,83
2015-07-24 08:00:00,167,78,89
2015-07-24 09:00:00,132,57,75
2015-07-24 10:00:00,117,45,72
2015-07-24 11:00:00,110,54,56
2015-07-24 12:00:00,147,68,79
2015-07-24 13:00:00,174,90,84
2015-07-24 14:00:00,132,62,70
2015-07-24 15:00:00,130,72,58
2015-07-24 16:00:00,160,79,81
2015-07-24 17:00:00,169,86,83
2015-07-24 18:00:00,129,62,67
2015-07-24 19:00:00,150,76,74
2015-07-24 20:00:00,128,69,59
2015-07-24 21:00:00,71,27,44
2015-07-24 22:00:00,41,18,23
2015-07-24 23:00:00,13,4,9
2015-07-25 00:00:00,4,3,1
2015-07-25 01:00:00,6,3,3
2015-07-25 02:00:00,2,1,1
2015-07-25 03:00:00,4,2,2
2015-07-25 04:00:00,9,3,6
2015-07-25 05:00:00,4,3,1
2015-07-25 06:00:00,31,20,11
2015-07-25 07:00:00,96,49,47
2015-07-25 08:00:00,131,75,56
2015-07-25 09:00:00,202,100,102
2015-07-25 10:00:00,159,70,89
2015-07-25 11:00:00,165,78,87
2015-07-25 12:00:00,161,73,88
2015-07-25 13:00:00,160,75,85
2015-07-25 14:00:00,150,60,90
2015-07-25 15:00:00,146,80,66
2015-07-25 16:00:00,126,63,63
2015-07-25 17:00:00,184,91,93
2015-07-25 18:00:00,160,74,86
2015-07-25 19:00:00,143,58,85
2015-07-25 20:00:00,80,27,53
2015-07-25 21:00:00,35,15,20
2015-07-25 22:00:00,17,12,5
2015-07-25 23:00:00,12,11,1
2015-07-26 00:00:00,7,5,2
2015-07-26 01:00:00,3,0,3
2015-07-26 02:00:00,0,0,0
2015-07-26 03:00:00,1,0,1
2015-07-26 04:00:00,2,2,0
2015-07-26 05:00:00,6,2,4
2015-07-26 06:00:00,29,22,7
2015-07-26 07:00:00,73,40,33
2015-07-26 08:00:00,156,82,74
2015-07-26 09:00:00,166,82,84
2015-07-26 10:00:00,196,101,95
2015-07-26 11:00:00,219,98,121
2015-07-26 12:00:00,205,84,121
2015-07-26 13:00:00,178,87,91
2015-07-26 14:00:00,170,80,90
2015-07-26 15:00:00,196,83,113
2015-07-26 16:00:00,118,46,72
2015-07-26 17:00:00,46,19,27
2015-07-26 18:00:00,39,23,16
2015-07-26 19:00:00,148,74,74
2015-07-26 20:00:00,183,93,90
2015-07-26 21:00:00,109,44,65
2015-07-26 22:00:00,27,10,17
2015-07-26 23:00:00,4,0,4
2015-07-27 00:00:00,4,3,1
2015-07-27 01:00:00,6,2,4
2015-07-27 02:00:00,2,1,1
2015-07-27 03:00:00,0,0,0
2015-07-27 04:00:00,1,1,0
2015-07-27 05:00:00,15,10,5
2015-07-27 06:00:00,127,74,53
2015-07-27 07:00:00,157,74,83
2015-07-27 08:00:00,158,73,85
2015-07-27 09:00:00,133,61,72
2015-07-27 10:00:00,118,49,69
2015-07-27 11:00:00,175,90,85
2015-07-27 12:00:00,367,193,174
2015-07-27 13:00:00,319,152,167
2015-07-27 14:00:00,193,91,102
2015-07-27 15:00:00,177,89,88
2015-07-27 16:00:00,153,74,79
2015-07-27 17:00:00,237,126,111
2015-07-27 18:00:00,317,175,142
2015-07-27 19:00:00,343,180,163
2015-07-27 20:00:00,267,133,134
2015-07-27 21:00:00,137,62,75
2015-07-27 22:00:00,46,16,30
2015-07-27 23:00:00,9,5,4
2015-07-28 00:00:00,6,3,3
2015-07-28 01:00:00,3,1,2
2015-07-28 02:00:00,1,0,1
2015-07-28 03:00:00,0,0,0
2015-07-28 04:00:00,2,1,1
2015-07-28 05:00:00,26,17,9
2015-07-28 06:00:00,193,115,78
2015-07-28 07:00:00,257,121,136
2015-07-28 08:00:00,192,77,115
2015-07-28 09:00:00,172,79,93
2015-07-28 10:00:00,137,61,76
2015-07-28 11:00:00,201,92,109
2015-07-28 12:00:00,395,208,187
2015-07-28 13:00:00,287,126,161
2015-07-28 14:00:00,193,93,100
2015-07-28 15:00:00,177,91,86
2015-07-28 16:00:00,185,105,80
2015-07-28 17:00:00,235,127,108
2015-07-28 18:00:00,296,169,127
2015-07-28 19:00:00,302,156,146
2015-07-28 20:00:00,272,132,140
2015-07-28 21:00:00,133,46,87
2015-07-28 22:00:00,46,20,26
2015-07-28 23:00:00,23,9,14
2015-07-29 00:00:00,4,1,3
2015-07-29 01:00:00,5,1,4
2015-07-29 02:00:00,0,0,0
2015-07-29 03:00:00,3,1,2
2015-07-29 04:00:00,2,1,1
2015-07-29 05:00:00,36,25,11
2015-07-29 06:00:00,206,111,95
2015-07-29 07:00:00,226,106,120
2015-07-29 08:00:00,210,87,123
2015-07-29 09:00:00,193,84,109
2015-07-29 10:00:00,139,57,82
2015-07-29 11:00:00,193,107,86
2015-07-29 12:00:00,352,179,173
2015-07-29 13:00:00,281,125,156
2015-07-29 14:00:00,232,111,121
2015-07-29 15:00:00,185,78,107
2015-07-29 16:00:00,170,100,70
2015-07-29 17:00:00,228,119,109
2015-07-29 18:00:00,294,158,136
2015-07-29 19:00:00,249,132,117
2015-07-29 20:00:00,288,153,135
2015-07-29 21:00:00,146,52,94
2015-07-29 22:00:00,50,22,28
2015-07-29 23:00:00,15,10,5
2015-07-30 00:00:00,1,1,0
2015-07-30 01:00:00,10,6,4
2015-07-30 02:00:00,7,5,2
2015-07-30 03:00:00,6,2,4
2015-07-30 04:00:00,2,1,1
2015-07-30 05:00:00,22,13,9
2015-07-30 06:00:00,158,90,68
2015-07-30 07:00:00,240,112,128
2015-07-30 08:00:00,227,102,125
2015-07-30 09:00:00,177,74,103
2015-07-30 10:00:00,189,81,108
2015-07-30 11:00:00,151,71,80
2015-07-30 12:00:00,341,170,171
2015-07-30 13:00:00,263,119,144
2015-07-30 14:00:00,132,66,66
2015-07-30 15:00:00,136,66,70
2015-07-30 16:00:00,145,68,77
2015-07-30 17:00:00,221,106,115
2015-07-30 18:00:00,254,124,130
2015-07-30 19:00:00,236,110,126
2015-07-30 20:00:00,265,150,115
2015-07-30 21:00:00,171,69,102
2015-07-30 22:00:00,72,31,41
2015-07-30 23:00:00,20,12,8
2015-07-31 00:00:00,11,5,6
2015-07-31 01:00:00,3,0,3
2015-07-31 02:00:00,8,6,2
2015-07-31 03:00:00,4,1,3
2015-07-31 04:00:00,1,0,1
2015-07-31 05:00:00,26,12,14
2015-07-31 06:00:00,139,75,64
2015-07-31 07:00:00,231,111,120
2015-07-31 08:00:00,212,103,109
2015-07-31 09:00:00,198,88,110
2015-07-31 10:00:00,185,81,104
2015-07-31 11:00:00,185,94,91
2015-07-31 12:00:00,283,152,131
2015-07-31 13:00:00,214,94,120
2015-07-31 14:00:00,135,72,63
2015-07-31 15:00:00,119,53,66
2015-07-31 16:00:00,152,61,91
2015-07-31 17:00:00,178,114,64
2015-07-31 18:00:00,177,101,76
2015-07-31 19:00:00,158,83,75
2015-07-31 20:00:00,225,125,100
2015-07-31 21:00:00,162,67,95
2015-07-31 22:00:00,57,18,39
2015-07-31 23:00:00,19,12,7
2015-08-01 00:00:00,16,9,7
2015-08-01 01:00:00,13,5,8
2015-08-01 02:00:00,6,3,3
2015-08-01 03:00:00,5,2,3
2015-08-01 04:00:00,3,1,2
2015-08-01 05:00:00,10,6,4
2015-08-01 06:00:00,57,32,25
2015-08-01 07:00:00,159,85,74
2015-08-01 08:00:00,222,110,112
2015-08-01 09:00:00,361,180,181
2015-08-01 10:00:00,399,186,213
2015-08-01 11:00:00,322,145,177
2015-08-01 12:00:00,234,122,112
2015-08-01 13:00:00,192,94,98
2015-08-01 14:00:00,210,116,94
2015-08-01 15:00:00,176,74,102
2015-08-01 16:00:00,191,84,107
2015-08-01 17:00:00,150,51,99
2015-08-01 18:00:00,128,57,71
2015-08-01 19:00:00,131,72,59
2015-08-01 20:00:00,147,68,79
2015-08-01 21:00:00,126,54,72
2015-08-01 22:00:00,44,16,28
2015-08-01 23:00:00,10,6,4
2015-08-02 00:00:00,13,7,6
2015-08-02 01:00:00,3,1,2
2015-08-02 02:00:00,2,0,2
2015-08-02 03:00:00,6,3,3
2015-08-02 04:00:00,5,2,3
2015-08-02 05:00:00,8,4,4
2015-08-02 06:00:00,54,33,21
2015-08-02 07:00:00,146,84,62
2015-08-02 08:00:00,213,118,95
2015-08-02 09:00:00,264,131,133
2015-08-02 10:00:00,261,114,147
2015-08-02 11:00:00,263,117,146
2015-08-02 12:00:00,277,135,142
2015-08-02 13:00:00,275,146,129
2015-08-02 14:00:00,327,187,140
2015-08-02 15:00:00,360,203,157
2015-08-02 16:00:00,424,236,188
2015-08-02 17:00:00,464,232,232
2015-08-02 18:00:00,409,218,191
2015-08-02 19:00:00,459,230,229
2015-08-02 20:00:00,467,245,222
2015-08-02 21:00:00,244,71,173
2015-08-02 22:00:00,60,18,42
2015-08-02 23:00:00,8,4,4
2015-08-03 00:00:00,8,4,4
2015-08-03 01:00:00,2,0,2
2015-08-03 02:00:00,1,0,1
2015-08-03 03:00:00,3,1,2
2015-08-03 04:00:00,2,0,2
2015-08-03 05:00:00,25,16,9
2015-08-03 06:00:00,114,66,48
2015-08-03 07:00:00,223,101,122
2015-08-03 08:00:00,156,63,93
2015-08-03 09:00:00,129,63,66
2015-08-03 10:00:00,140,66,74
2015-08-03 11:00:00,125,59,66
2015-08-03 12:00:00,347,193,154
2015-08-03 13:00:00,263,114,149
2015-08-03 14:00:00,154,65,89
2015-08-03 15:00:00,130,66,64
2015-08-03 16:00:00,130,69,61
2015-08-03 17:00:00,168,103,65
2015-08-03 18:00:00,248,148,100
2015-08-03 19:00:00,272,142,130
2015-08-03 20:00:00,325,169,156
2015-08-03 21:00:00,159,51,108
2015-08-03 22:00:00,33,12,21
2015-08-03 23:00:00,16,10,6
2015-08-04 00:00:00,14,4,10
2015-08-04 01:00:00,9,3,6
2015-08-04 02:00:00,4,2,2
2015-08-04 03:00:00,6,1,5
2015-08-04 04:00:00,3,0,3
2015-08-04 05:00:00,21,12,9
2015-08-04 06:00:00,152,95,57
2015-08-04 07:00:00,286,138,148
2015-08-04 08:00:00,205,93,112
2015-08-04 09:00:00,152,74,78
2015-08-04 10:00:00,140,63,77
2015-08-04 11:00:00,162,77,85
2015-08-04 12:00:00,347,185,162
2015-08-04 13:00:00,282,127,155
2015-08-04 14:00:00,170,89,81
2015-08-04 15:00:00,128,48,80
2015-08-04 16:00:00,165,81,84
2015-08-04 17:00:00,215,121,94
2015-08-04 18:00:00,242,137,105
2015-08-04 19:00:00,280,130,150
2015-08-04 20:00:00,305,163,142
2015-08-04 21:00:00,124,51,73
2015-08-04 22:00:00,37,14,23
2015-08-04 23:00:00,17,13,4
2015-08-05 00:00:00,8,4,4
2015-08-05 01:00:00,8,3,5
2015-08-05 02:00:00,2,1,1
2015-08-05 03:00:00,1,1,0
2015-08-05 04:00:00,3,2,1
2015-08-05 05:00:00,41,25,16
2015-08-05 06:00:00,211,112,99
2015-08-05 07:00:00,264,144,120
2015-08-05 08:00:00,189,86,103
2015-08-05 09:00:00,130,56,74
2015-08-05 10:00:00,119,59,60
2015-08-05 11:00:00,112,50,62
2015-08-05 12:00:00,296,159,137
2015-08-05 13:00:00,242,103,139
2015-08-05 14:00:00,146,69,77
2015-08-05 15:00:00,177,93,84
2015-08-05 16:00:00,143,69,74
2015-08-05 17:00:00,182,102,80
2015-08-05 18:00:00,227,113,114
2015-08-05 19:00:00,194,104,90
2015-08-05 20:00:00,173,82,91
2015-08-05 21:00:00,59,28,31
2015-08-05 22:00:00,16,7,9
2015-08-05 23:00:00,10,5,5
2015-08-06 00:00:00,1,1,0
2015-08-06 01:00:00,1,0,1
2015-08-06 02:00:00,2,1,1
2015-08-06 03:00:00,0,0,0
2015-08-06 04:00:00,4,3,1
2015-08-06 05:00:00,25,17,8
2015-08-06 06:00:00,132,78,54
2015-08-06 07:00:00,178,86,92
2015-08-06 08:00:00,186,79,107
2015-08-06 09:00:00,151,61,90
2015-08-06 10:00:00,117,49,68
2015-08-06 11:00:00,159,76,83
2015-08-06 12:00:00,362,190,172
2015-08-06 13:00:00,291,124,167
2015-08-06 14:00:00,201,75,126
2015-08-06 15:00:00,167,89,78
2015-08-06 16:00:00,190,94,96
2015-08-06 17:00:00,244,124,120
2015-08-06 18:00:00,263,124,139
2015-08-06 19:00:00,247,124,123
2015-08-06 20:00:00,272,143,129
2015-08-06 21:00:00,115,48,67
2015-08-06 22:00:00,36,14,22
2015-08-06 23:00:00,9,6,3
2015-08-07 00:00:00,8,4,4
2015-08-07 01:00:00,5,4,1
2015-08-07 02:00:00,3,2,1
2015-08-07 03:00:00,2,0,2
2015-08-07 04:00:00,1,0,1
2015-08-07 05:00:00,17,10,7
2015-08-07 06:00:00,90,47,43
2015-08-07 07:00:00,182,97,85
2015-08-07 08:00:00,218,87,131
2015-08-07 09:00:00,180,71,109
2015-08-07 10:00:00,162,75,87
2015-08-07 11:00:00,192,97,95
2015-08-07 12:00:00,325,161,164
2015-08-07 13:00:00,275,123,152
2015-08-07 14:00:00,224,102,122
2015-08-07 15:00:00,144,62,82
2015-08-07 16:00:00,186,100,86
2015-08-07 17:00:00,184,93,91
2015-08-07 18:00:00,202,111,91
2015-08-07 19:00:00,205,99,106
2015-08-07 20:00:00,206,86,120
2015-08-07 21:00:00,92,47,45
2015-08-07 22:00:00,33,15,18
2015-08-07 23:00:00,12,8,4
2015-08-08 00:00:00,14,7,7
2015-08-08 01:00:00,9,4,5
2015-08-08 02:00:00,7,3,4
2015-08-08 03:00:00,4,2,2
2015-08-08 04:00:00,1,1,0
2015-08-08 05:00:00,7,3,4
2015-08-08 06:00:00,21,12,9
2015-08-08 07:00:00,125,70,55
2015-08-08 08:00:00,180,93,87
2015-08-08 09:00:00,216,118,98
2015-08-08 10:00:00,260,116,144
2015-08-08 11:00:00,195,83,112
2015-08-08 12:00:00,204,93,111
2015-08-08 13:00:00,185,88,97
2015-08-08 14:00:00,265,130,135
2015-08-08 15:00:00,196,84,112
2015-08-08 16:00:00,174,79,95
2015-08-08 17:00:00,173,77,96
2015-08-08 18:00:00,180,78,102
2015-08-08 19:00:00,125,60,65
2015-08-08 20:00:00,124,56,68
2015-08-08 21:00:00,53,17,36
2015-08-08 22:00:00,26,13,13
2015-08-08 23:00:00,15,10,5
2015-08-09 00:00:00,8,6,2
2015-08-09 01:00:00,5,3,2
2015-08-09 02:00:00,4,3,1
2015-08-09 03:00:00,6,2,4
2015-08-09 04:00:00,1,1,0
2015-08-09 05:00:00,2,1,1
2015-08-09 06:00:00,35,23,12
2015-08-09 07:00:00,127,69,58
2015-08-09 08:00:00,196,110,86
2015-08-09 09:00:00,238,112,126
2015-08-09 10:00:00,305,140,165
2015-08-09 11:00:00,292,134,158
2015-08-09 12:00:00,251,106,145
2015-08-09 13:00:00,241,105,136
2015-08-09 14:00:00,290,144,146
2015-08-09 15:00:00,267,136,131
2015-08-09 16:00:00,321,138,183
2015-08-09 17:00:00,254,112,142
2015-08-09 18:00:00,237,121,116
2015-08-09 19:00:00,263,128,135
2015-08-09 20:00:00,249,117,132
2015-08-09 21:00:00,74,27,47
2015-08-09 22:00:00,36,14,22
2015-08-09 23:00:00,10,3,7
2015-08-10 00:00:00,7,6,1
2015-08-10 01:00:00,8,3,5
2015-08-10 02:00:00,1,0,1
2015-08-10 03:00:00,3,2,1
2015-08-10 04:00:00,2,1,1
2015-08-10 05:00:00,21,15,6
2015-08-10 06:00:00,133,72,61
2015-08-10 07:00:00,179,77,102
2015-08-10 08:00:00,125,59,66
2015-08-10 09:00:00,127,55,72
2015-08-10 10:00:00,164,77,87
2015-08-10 11:00:00,186,92,94
2015-08-10 12:00:00,377,193,184
2015-08-10 13:00:00,348,163,185
2015-08-10 14:00:00,194,90,104
2015-08-10 15:00:00,249,111,138
2015-08-10 16:00:00,152,70,82
2015-08-10 17:00:00,186,94,92
2015-08-10 18:00:00,288,156,132
2015-08-10 19:00:00,276,143,133
2015-08-10 20:00:00,282,143,139
2015-08-10 21:00:00,111,35,76
2015-08-10 22:00:00,25,12,13
2015-08-10 23:00:00,19,9,10
2015-08-11 00:00:00,7,6,1
2015-08-11 01:00:00,2,1,1
2015-08-11 02:00:00,4,2,2
2015-08-11 03:00:00,2,2,0
2015-08-11 04:00:00,2,1,1
2015-08-11 05:00:00,22,15,7
2015-08-11 06:00:00,178,106,72
2015-08-11 07:00:00,271,120,151
2015-08-11 08:00:00,247,104,143
2015-08-11 09:00:00,170,75,95
2015-08-11 10:00:00,168,73,95
2015-08-11 11:00:00,225,114,111
2015-08-11 12:00:00,336,168,168
2015-08-11 13:00:00,285,126,159
2015-08-11 14:00:00,177,101,76
2015-08-11 15:00:00,197,88,109
2015-08-11 16:00:00,170,79,91
2015-08-11 17:00:00,218,125,93
2015-08-11 18:00:00,251,138,113
2015-08-11 19:00:00,276,146,130
2015-08-11 20:00:00,319,159,160
2015-08-11 21:00:00,111,40,71
2015-08-11 22:00:00,36,22,14
2015-08-11 23:00:00,21,8,13
2015-08-12 00:00:00,9,1,8
2015-08-12 01:00:00,10,6,4
2015-08-12 02:00:00,4,1,3
2015-08-12 03:00:00,2,2,0
2015-08-12 04:00:00,5,0,5
2015-08-12 05:00:00,22,14,8
2015-08-12 06:00:00,152,89,63
2015-08-12 07:00:00,263,131,132
2015-08-12 08:00:00,218,100,118
2015-08-12 09:00:00,137,64,73
2015-08-12 10:00:00,162,74,88
2015-08-12 11:00:00,171,84,87
2015-08-12 12:00:00,195,93,102
2015-08-12 13:00:00,179,81,98
2015-08-12 14:00:00,81,38,43
2015-08-12 15:00:00,130,75,55
2015-08-12 16:00:00,154,74,80
2015-08-12 17:00:00,190,93,97
2015-08-12 18:00:00,218,114,104
2015-08-12 19:00:00,253,123,130
2015-08-12 20:00:00,269,136,133
2015-08-12 21:00:00,111,42,69
2015-08-12 22:00:00,47,21,26
2015-08-12 23:00:00,23,8,15
2015-08-13 00:00:00,10,6,4
2015-08-13 01:00:00,2,1,1
2015-08-13 02:00:00,3,1,2
2015-08-13 03:00:00,2,2,0
2015-08-13 04:00:00,13,2,11
2015-08-13 05:00:00,18,12,6
2015-08-13 06:00:00,131,74,57
2015-08-13 07:00:00,222,118,104
2015-08-13 08:00:00,197,94,103
2015-08-13 09:00:00,164,80,84
2015-08-13 10:00:00,152,72,80
2015-08-13 11:00:00,202,96,106
2015-08-13 12:00:00,357,189,168
2015-08-13 13:00:00,321,147,174
2015-08-13 14:00:00,224,97,127
2015-08-13 15:00:00,223,101,122
2015-08-13 16:00:00,250,129,121
2015-08-13 17:00:00,253,111,142
2015-08-13 18:00:00,285,143,142
2015-08-13 19:00:00,324,156,168
2015-08-13 20:00:00,297,149,148
2015-08-13 21:00:00,105,42,63
2015-08-13 22:00:00,47,17,30
2015-08-13 23:00:00,30,16,14
2015-08-14 00:00:00,13,7,6
2015-08-14 01:00:00,16,9,7
2015-08-14 02:00:00,7,3,4
2015-08-14 03:00:00,8,4,4
2015-08-14 04:00:00,4,2,2
2015-08-14 05:00:00,7,4,3
2015-08-14 06:00:00,80,44,36
2015-08-14 07:00:00,139,78,61
2015-08-14 08:00:00,166,96,70
2015-08-14 09:00:00,219,127,92
2015-08-14 10:00:00,268,172,96
2015-08-14 11:00:00,266,175,91
2015-08-14 12:00:00,683,590,93
2015-08-14 13:00:00,906,616,290
2015-08-14 14:00:00,939,429,510
2015-08-14 15:00:00,744,480,264
2015-08-14 16:00:00,695,373,322
2015-08-14 17:00:00,500,245,255
2015-08-14 18:00:00,470,250,220
2015-08-14 19:00:00,410,214,196
2015-08-14 20:00:00,378,144,234
2015-08-14 21:00:00,93,28,65
2015-08-14 22:00:00,52,19,33
2015-08-14 23:00:00,60,16,44
2015-08-15 00:00:00,12,2,10
2015-08-15 01:00:00,4,4,0
2015-08-15 02:00:00,1,0,1
2015-08-15 03:00:00,0,0,0
2015-08-15 04:00:00,0,0,0
2015-08-15 05:00:00,1,1,0
2015-08-15 06:00:00,14,8,6
2015-08-15 07:00:00,80,49,31
2015-08-15 08:00:00,195,121,74
2015-08-15 09:00:00,307,194,113
2015-08-15 10:00:00,476,397,79
2015-08-15 11:00:00,707,578,129
2015-08-15 12:00:00,1056,816,240
2015-08-15 13:00:00,1478,1137,341
2015-08-15 14:00:00,2027,1424,603
2015-08-15 15:00:00,1964,1340,624
2015-08-15 16:00:00,2337,1555,782
2015-08-15 17:00:00,2663,1536,1127
2015-08-15 18:00:00,2702,1270,1432
2015-08-15 19:00:00,2326,841,1485
2015-08-15 20:00:00,1954,186,1768
2015-08-15 21:00:00,150,20,130
2015-08-15 22:00:00,39,11,28
2015-08-15 23:00:00,21,7,14
2015-08-16 00:00:00,10,2,8
2015-08-16 01:00:00,2,0,2
2015-08-16 02:00:00,4,1,3
2015-08-16 03:00:00,1,0,1
2015-08-16 04:00:00,0,0,0
2015-08-16 05:00:00,0,0,0
2015-08-16 06:00:00,4,2,2
2015-08-16 07:00:00,32,14,18
2015-08-16 08:00:00,107,67,40
2015-08-16 09:00:00,201,114,87
2015-08-16 10:00:00,465,405,60
2015-08-16 11:00:00,656,533,123
2015-08-16 12:00:00,1023,826,197
2015-08-16 13:00:00,1642,1250,392
2015-08-16 14:00:00,1730,1156,574
2015-08-16 15:00:00,2084,1372,712
2015-08-16 16:00:00,2325,1455,870
2015-08-16 17:00:00,2271,1351,920
2015-08-16 18:00:00,2305,1189,1116
2015-08-16 19:00:00,2183,858,1325
2015-08-16 20:00:00,1720,239,1481
2015-08-16 21:00:00,114,19,95
2015-08-16 22:00:00,108,23,85
2015-08-16 23:00:00,65,8,57
2015-08-17 00:00:00,10,0,10
2015-08-17 01:00:00,2,0,2
2015-08-17 02:00:00,1,1,0
2015-08-17 03:00:00,1,0,1
2015-08-17 04:00:00,1,0,1
2015-08-17 05:00:00,11,5,6
2015-08-17 06:00:00,102,62,40
2015-08-17 07:00:00,181,91,90
2015-08-17 08:00:00,170,68,102
2015-08-17 09:00:00,149,74,75
2015-08-17 10:00:00,143,74,69
2015-08-17 11:00:00,172,86,86
2015-08-17 12:00:00,351,187,164
2015-08-17 13:00:00,333,143,190
2015-08-17 14:00:00,181,83,98
2015-08-17 15:00:00,185,100,85
2015-08-17 16:00:00,215,115,100
2015-08-17 17:00:00,226,116,110
2015-08-17 18:00:00,258,133,125
2015-08-17 19:00:00,294,153,141
2015-08-17 20:00:00,259,122,137
2015-08-17 21:00:00,77,19,58
2015-08-17 22:00:00,20,6,14
2015-08-17 23:00:00,8,2,6
2015-08-18 00:00:00,1,1,0
2015-08-18 01:00:00,6,1,5
2015-08-18 02:00:00,0,0,0
2015-08-18 03:00:00,0,0,0
2015-08-18 04:00:00,0,0,0
2015-08-18 05:00:00,15,9,6
2015-08-18 06:00:00,153,89,64
2015-08-18 07:00:00,252,131,121
2015-08-18 08:00:00,188,78,110
2015-08-18 09:00:00,160,66,94
2015-08-18 10:00:00,151,69,82
2015-08-18 11:00:00,138,72,66
2015-08-18 12:00:00,370,183,187
2015-08-18 13:00:00,267,122,145
2015-08-18 14:00:00,159,77,82
2015-08-18 15:00:00,151,59,92
2015-08-18 16:00:00,178,95,83
2015-08-18 17:00:00,202,123,79
2015-08-18 18:00:00,288,157,131
2015-08-18 19:00:00,272,134,138
2015-08-18 20:00:00,260,132,128
2015-08-18 21:00:00,74,17,57
2015-08-18 22:00:00,32,15,17
2015-08-18 23:00:00,13,7,6
2015-08-19 00:00:00,3,1,2
2015-08-19 01:00:00,1,0,1
2015-08-19 02:00:00,3,1,2
2015-08-19 03:00:00,3,1,2
2015-08-19 04:00:00,0,0,0
2015-08-19 05:00:00,23,13,10
2015-08-19 06:00:00,121,66,55
2015-08-19 07:00:00,204,104,100
2015-08-19 08:00:00,164,65,99
2015-08-19 09:00:00,141,58,83
2015-08-19 10:00:00,128,54,74
2015-08-19 11:00:00,179,87,92
2015-08-19 12:00:00,332,181,151
2015-08-19 13:00:00,245,107,138
2015-08-19 14:00:00,166,66,100
2015-08-19 15:00:00,128,68,60
2015-08-19 16:00:00,134,66,68
2015-08-19 17:00:00,183,122,61
2015-08-19 18:00:00,239,131,108
2015-08-19 19:00:00,241,120,121
2015-08-19 20:00:00,251,116,135
2015-08-19 21:00:00,78,31,47
2015-08-19 22:00:00,40,20,20
2015-08-19 23:00:00,6,2,4
2015-08-20 00:00:00,4,3,1
2015-08-20 01:00:00,4,1,3
2015-08-20 02:00:00,6,4,2
2015-08-20 03:00:00,3,1,2
2015-08-20 04:00:00,0,0,0
2015-08-20 05:00:00,19,10,9
2015-08-20 06:00:00,99,58,41
2015-08-20 07:00:00,209,98,111
2015-08-20 08:00:00,155,62,93
2015-08-20 09:00:00,131,58,73
2015-08-20 10:00:00,114,56,58
2015-08-20 11:00:00,130,54,76
2015-08-20 12:00:00,249,139,110
2015-08-20 13:00:00,210,88,122
2015-08-20 14:00:00,140,56,84
2015-08-20 15:00:00,141,69,72
2015-08-20 16:00:00,165,81,84
2015-08-20 17:00:00,289,155,134
2015-08-20 18:00:00,264,125,139
2015-08-20 19:00:00,253,130,123
2015-08-20 20:00:00,289,152,137
2015-08-20 21:00:00,44,19,25
2015-08-20 22:00:00,26,14,12
2015-08-20 23:00:00,7,5,2
2015-08-21 00:00:00,2,1,1
2015-08-21 01:00:00,0,0,0
2015-08-21 02:00:00,5,3,2
2015-08-21 03:00:00,0,0,0
2015-08-21 04:00:00,0,0,0
2015-08-21 05:00:00,12,7,5
2015-08-21 06:00:00,100,58,42
2015-08-21 07:00:00,154,75,79
2015-08-21 08:00:00,178,73,105
2015-08-21 09:00:00,151,79,72
2015-08-21 10:00:00,171,90,81
2015-08-21 11:00:00,134,57,77
2015-08-21 12:00:00,297,154,143
2015-08-21 13:00:00,214,97,117
2015-08-21 14:00:00,154,62,92
2015-08-21 15:00:00,155,83,72
2015-08-21 16:00:00,192,89,103
2015-08-21 17:00:00,202,101,101
2015-08-21 18:00:00,214,118,96
2015-08-21 19:00:00,182,79,103
2015-08-21 20:00:00,209,101,108
2015-08-21 21:00:00,56,24,32
2015-08-21 22:00:00,17,5,12
2015-08-21 23:00:00,17,10,7
2015-08-22 00:00:00,9,3,6
2015-08-22 01:00:00,0,0,0
2015-08-22 02:00:00,0,0,0
2015-08-22 03:00:00,0,0,0
2015-08-22 04:00:00,2,2,0
2015-08-22 05:00:00,3,2,1
2015-08-22 06:00:00,24,13,11
2015-08-22 07:00:00,94,47,47
2015-08-22 08:00:00,134,76,58
2015-08-22 09:00:00,235,119,116
2015-08-22 10:00:00,236,110,126
2015-08-22 11:00:00,253,127,126
2015-08-22 12:00:00,191,92,99
2015-08-22 13:00:00,178,70,108
2015-08-22 14:00:00,177,92,85
2015-08-22 15:00:00,182,86,96
2015-08-22 16:00:00,204,93,111
2015-08-22 17:00:00,181,73,108
2015-08-22 18:00:00,178,72,106
2015-08-22 19:00:00,180,94,86
2015-08-22 20:00:00,182,79,103
2015-08-22 21:00:00,44,15,29
2015-08-22 22:00:00,22,11,11
2015-08-22 23:00:00,10,5,5
2015-08-23 00:00:00,6,2,4
2015-08-23 01:00:00,6,4,2
2015-08-23 02:00:00,1,1,0
2015-08-23 03:00:00,1,0,1
2015-08-23 04:00:00,2,1,1
2015-08-23 05:00:00,5,1,4
2015-08-23 06:00:00,34,20,14
2015-08-23 07:00:00,94,53,41
2015-08-23 08:00:00,153,79,74
2015-08-23 09:00:00,212,113,99
2015-08-23 10:00:00,271,131,140
2015-08-23 11:00:00,249,113,136
2015-08-23 12:00:00,239,102,137
2015-08-23 13:00:00,245,108,137
2015-08-23 14:00:00,198,91,107
2015-08-23 15:00:00,225,127,98
2015-08-23 16:00:00,211,101,110
2015-08-23 17:00:00,228,118,110
2015-08-23 18:00:00,179,70,109
2015-08-23 19:00:00,176,86,90
2015-08-23 20:00:00,168,80,88
2015-08-23 21:00:00,45,20,25
2015-08-23 22:00:00,23,10,13
2015-08-23 23:00:00,11,6,5
2015-08-24 00:00:00,5,2,3
2015-08-24 01:00:00,3,1,2
2015-08-24 02:00:00,3,1,2
2015-08-24 03:00:00,5,1,4
2015-08-24 04:00:00,1,1,0
2015-08-24 05:00:00,12,9,3
2015-08-24 06:00:00,99,52,47
2015-08-24 07:00:00,157,82,75
2015-08-24 08:00:00,167,67,100
2015-08-24 09:00:00,147,74,73
2015-08-24 10:00:00,135,62,73
2015-08-24 11:00:00,156,67,89
2015-08-24 12:00:00,386,212,174
2015-08-24 13:00:00,268,116,152
2015-08-24 14:00:00,120,59,61
2015-08-24 15:00:00,164,76,88
2015-08-24 16:00:00,184,91,93
2015-08-24 17:00:00,219,104,115
2015-08-24 18:00:00,248,133,115
2015-08-24 19:00:00,281,146,135
2015-08-24 20:00:00,202,84,118
2015-08-24 21:00:00,28,15,13
2015-08-24 22:00:00,12,3,9
2015-08-24 23:00:00,7,3,4
2015-08-25 00:00:00,3,2,1
2015-08-25 01:00:00,5,4,1
2015-08-25 02:00:00,2,0,2
2015-08-25 03:00:00,1,0,1
2015-08-25 04:00:00,0,0,0
2015-08-25 05:00:00,19,12,7
2015-08-25 06:00:00,122,71,51
2015-08-25 07:00:00,226,118,108
2015-08-25 08:00:00,142,58,84
2015-08-25 09:00:00,123,63,60
2015-08-25 10:00:00,127,52,75
2015-08-25 11:00:00,166,76,90
2015-08-25 12:00:00,336,175,161
2015-08-25 13:00:00,271,117,154
2015-08-25 14:00:00,138,59,79
2015-08-25 15:00:00,164,85,79
2015-08-25 16:00:00,207,85,122
2015-08-25 17:00:00,234,126,108
2015-08-25 18:00:00,253,150,103
2015-08-25 19:00:00,289,146,143
2015-08-25 20:00:00,242,114,128
2015-08-25 21:00:00,59,26,33
2015-08-25 22:00:00,26,13,13
2015-08-25 23:00:00,13,7,6
2015-08-26 00:00:00,4,1,3
2015-08-26 01:00:00,4,3,1
2015-08-26 02:00:00,5,2,3
2015-08-26 03:00:00,2,1,1
2015-08-26 04:00:00,4,1,3
2015-08-26 05:00:00,13,9,4
2015-08-26 06:00:00,124,64,60
2015-08-26 07:00:00,197,93,104
2015-08-26 08:00:00,146,67,79
2015-08-26 09:00:00,131,60,71
2015-08-26 10:00:00,125,50,75
2015-08-26 11:00:00,147,67,80
2015-08-26 12:00:00,322,169,153
2015-08-26 13:00:00,252,122,130
2015-08-26 14:00:00,162,83,79
2015-08-26 15:00:00,136,71,65
2015-08-26 16:00:00,161,82,79
2015-08-26 17:00:00,204,107,97
2015-08-26 18:00:00,272,151,121
2015-08-26 19:00:00,266,138,128
2015-08-26 20:00:00,251,116,135
2015-08-26 21:00:00,48,23,25
2015-08-26 22:00:00,22,11,11
2015-08-26 23:00:00,6,4,2
2015-08-27 00:00:00,2,0,2
2015-08-27 01:00:00,0,0,0
2015-08-27 02:00:00,3,1,2
2015-08-27 03:00:00,0,0,0
2015-08-27 04:00:00,3,1,2
2015-08-27 05:00:00,16,11,5
2015-08-27 06:00:00,123,69,54
2015-08-27 07:00:00,200,100,100
2015-08-27 08:00:00,170,74,96
2015-08-27 09:00:00,125,56,69
2015-08-27 10:00:00,126,63,63
2015-08-27 11:00:00,159,84,75
2015-08-27 12:00:00,288,156,132
2015-08-27 13:00:00,224,107,117
2015-08-27 14:00:00,178,88,90
2015-08-27 15:00:00,147,72,75
2015-08-27 16:00:00,161,87,74
2015-08-27 17:00:00,227,104,123
2015-08-27 18:00:00,305,194,111
2015-08-27 19:00:00,306,164,142
2015-08-27 20:00:00,282,113,169
2015-08-27 21:00:00,52,22,30
2015-08-27 22:00:00,12,5,7
2015-08-27 23:00:00,11,5,6
2015-08-28 00:00:00,4,1,3
2015-08-28 01:00:00,5,0,5
2015-08-28 02:00:00,2,1,1
2015-08-28 03:00:00,0,0,0
2015-08-28 04:00:00,1,1,0
2015-08-28 05:00:00,17,7,10
2015-08-28 06:00:00,81,44,37
2015-08-28 07:00:00,100,49,51
2015-08-28 08:00:00,156,68,88
2015-08-28 09:00:00,97,43,54
2015-08-28 10:00:00,119,55,64
2015-08-28 11:00:00,131,55,76
2015-08-28 12:00:00,218,108,110
2015-08-28 13:00:00,195,99,96
2015-08-28 14:00:00,117,48,69
2015-08-28 15:00:00,133,60,73
2015-08-28 16:00:00,134,64,70
2015-08-28 17:00:00,130,64,66
2015-08-28 18:00:00,121,55,66
2015-08-28 19:00:00,103,55,48
2015-08-28 20:00:00,67,29,38
2015-08-28 21:00:00,21,14,7
2015-08-28 22:00:00,17,10,7
2015-08-28 23:00:00,8,4,4
2015-08-29 00:00:00,5,4,1
2015-08-29 01:00:00,0,0,0
2015-08-29 02:00:00,2,0,2
2015-08-29 03:00:00,0,0,0
2015-08-29 04:00:00,1,1,0
2015-08-29 05:00:00,5,2,3
2015-08-29 06:00:00,9,6,3
2015-08-29 07:00:00,32,15,17
2015-08-29 08:00:00,63,38,25
2015-08-29 09:00:00,163,94,69
2015-08-29 10:00:00,222,107,115
2015-08-29 11:00:00,134,48,86
2015-08-29 12:00:00,85,39,46
2015-08-29 13:00:00,89,34,55
2015-08-29 14:00:00,82,43,39
2015-08-29 15:00:00,137,58,79
2015-08-29 16:00:00,117,58,59
2015-08-29 17:00:00,140,57,83
2015-08-29 18:00:00,81,32,49
2015-08-29 19:00:00,51,20,31
2015-08-29 20:00:00,48,21,27
2015-08-29 21:00:00,1,0,1
2015-08-29 22:00:00,1,1,0
2015-08-29 23:00:00,3,0,3
2015-08-30 00:00:00,0,0,0
2015-08-30 01:00:00,9,5,4
2015-08-30 02:00:00,2,1,1
2015-08-30 03:00:00,1,1,0
2015-08-30 04:00:00,0,0,0
2015-08-30 05:00:00,0,0,0
2015-08-30 06:00:00,13,8,5
2015-08-30 07:00:00,28,16,12
2015-08-30 08:00:00,81,43,38
2015-08-30 09:00:00,80,47,33
2015-08-30 10:00:00,189,93,96
2015-08-30 11:00:00,193,91,102
2015-08-30 12:00:00,133,59,74
2015-08-30 13:00:00,131,58,73
2015-08-30 14:00:00,143,67,76
2015-08-30 15:00:00,210,94,116
2015-08-30 16:00:00,193,100,93
2015-08-30 17:00:00,215,119,96
2015-08-30 18:00:00,203,94,109
2015-08-30 19:00:00,184,88,96
2015-08-30 20:00:00,110,45,65
2015-08-30 21:00:00,11,4,7
2015-08-30 22:00:00,12,5,7
2015-08-30 23:00:00,8,3,5
2015-08-31 00:00:00,2,2,0
2015-08-31 01:00:00,1,0,1
2015-08-31 02:00:00,1,0,1
2015-08-31 03:00:00,0,0,0
2015-08-31 04:00:00,1,1,0
2015-08-31 05:00:00,11,6,5
2015-08-31 06:00:00,88,49,39
2015-08-31 07:00:00,108,58,50
2015-08-31 08:00:00,83,28,55
2015-08-31 09:00:00,52,24,28
2015-08-31 10:00:00,63,30,33
2015-08-31 11:00:00,74,36,38
2015-08-31 12:00:00,144,78,66
2015-08-31 13:00:00,143,73,70
2015-08-31 14:00:00,83,47,36
2015-08-31 15:00:00,61,30,31
2015-08-31 16:00:00,118,59,59
2015-08-31 17:00:00,138,80,58
2015-08-31 18:00:00,186,102,84
2015-08-31 19:00:00,145,73,72
2015-08-31 20:00:00,119,52,67
2015-08-31 21:00:00,13,5,8
2015-08-31 22:00:00,8,4,4
2015-08-31 23:00:00,6,2,4
2015-09-01 00:00:00,3,1,2
2015-09-01 01:00:00,2,1,1
2015-09-01 02:00:00,2,0,2
2015-09-01 03:00:00,3,3,0
2015-09-01 04:00:00,0,0,0
2015-09-01 05:00:00,12,8,4
2015-09-01 06:00:00,76,44,32
2015-09-01 07:00:00,199,101,98
2015-09-01 08:00:00,131,45,86
2015-09-01 09:00:00,41,17,24
2015-09-01 10:00:00,64,34,30
2015-09-01 11:00:00,82,36,46
2015-09-01 12:00:00,200,114,86
2015-09-01 13:00:00,161,66,95
2015-09-01 14:00:00,108,56,52
2015-09-01 15:00:00,70,31,39
2015-09-01 16:00:00,88,45,43
2015-09-01 17:00:00,145,79,66
2015-09-01 18:00:00,156,86,70
2015-09-01 19:00:00,162,87,75
2015-09-01 20:00:00,104,37,67
2015-09-01 21:00:00,19,9,10
2015-09-01 22:00:00,9,5,4
2015-09-01 23:00:00,11,6,5
2015-09-02 00:00:00,0,0,0
2015-09-02 01:00:00,6,2,4
2015-09-02 02:00:00,0,0,0
2015-09-02 03:00:00,0,0,0
2015-09-02 04:00:00,1,0,1
2015-09-02 05:00:00,19,13,6
2015-09-02 06:00:00,127,72,55
2015-09-02 07:00:00,185,93,92
2015-09-02 08:00:00,136,59,77
2015-09-02 09:00:00,90,42,48
2015-09-02 10:00:00,123,59,64
2015-09-02 11:00:00,117,66,51
2015-09-02 12:00:00,323,171,152
2015-09-02 13:00:00,178,86,92
2015-09-02 14:00:00,118,48,70
2015-09-02 15:00:00,144,59,85
2015-09-02 16:00:00,167,85,82
2015-09-02 17:00:00,228,124,104
2015-09-02 18:00:00,238,116,122
2015-09-02 19:00:00,209,98,111
2015-09-02 20:00:00,115,51,64
2015-09-02 21:00:00,22,10,12
2015-09-02 22:00:00,10,9,1
2015-09-02 23:00:00,9,4,5
2015-09-03 00:00:00,10,6,4
2015-09-03 01:00:00,2,0,2
2015-09-03 02:00:00,4,0,4
2015-09-03 03:00:00,1,0,1
2015-09-03 04:00:00,2,1,1
2015-09-03 05:00:00,11,5,6
2015-09-03 06:00:00,78,47,31
2015-09-03 07:00:00,154,77,77
2015-09-03 08:00:00,127,45,82
2015-09-03 09:00:00,85,35,50
2015-09-03 10:00:00,75,38,37
2015-09-03 11:00:00,102,50,52
2015-09-03 12:00:00,221,121,100
2015-09-03 13:00:00,261,123,138
2015-09-03 14:00:00,134,52,82
2015-09-03 15:00:00,126,57,69
2015-09-03 16:00:00,155,82,73
2015-09-03 17:00:00,152,79,73
2015-09-03 18:00:00,182,97,85
2015-09-03 19:00:00,213,103,110
2015-09-03 20:00:00,112,44,68
2015-09-03 21:00:00,15,8,7
2015-09-03 22:00:00,5,4,1
2015-09-03 23:00:00,6,4,2
2015-09-04 00:00:00,6,4,2
2015-09-04 01:00:00,3,3,0
2015-09-04 02:00:00,0,0,0
2015-09-04 03:00:00,1,1,0
2015-09-04 04:00:00,1,0,1
2015-09-04 05:00:00,5,3,2
2015-09-04 06:00:00,61,33,28
2015-09-04 07:00:00,99,50,49
2015-09-04 08:00:00,154,63,91
2015-09-04 09:00:00,93,36,57
2015-09-04 10:00:00,78,36,42
2015-09-04 11:00:00,88,36,52
2015-09-04 12:00:00,196,102,94
2015-09-04 13:00:00,183,81,102
2015-09-04 14:00:00,123,56,67
2015-09-04 15:00:00,120,55,65
2015-09-04 16:00:00,145,68,77
2015-09-04 17:00:00,143,76,67
2015-09-04 18:00:00,182,94,88
2015-09-04 19:00:00,129,66,63
2015-09-04 20:00:00,96,39,57
2015-09-04 21:00:00,17,7,10
2015-09-04 22:00:00,9,4,5
2015-09-04 23:00:00,7,3,4
2015-09-05 00:00:00,6,4,2
2015-09-05 01:00:00,7,4,3
2015-09-05 02:00:00,2,1,1
2015-09-05 03:00:00,0,0,0
2015-09-05 04:00:00,0,0,0
2015-09-05 05:00:00,2,1,1
2015-09-05 06:00:00,13,7,6
2015-09-05 07:00:00,51,32,19
2015-09-05 08:00:00,148,72,76
2015-09-05 09:00:00,215,108,107
2015-09-05 10:00:00,237,118,119
2015-09-05 11:00:00,208,108,100
2015-09-05 12:00:00,230,106,124
2015-09-05 13:00:00,206,94,112
2015-09-05 14:00:00,230,104,126
2015-09-05 15:00:00,221,100,121
2015-09-05 16:00:00,214,86,128
2015-09-05 17:00:00,82,43,39
2015-09-05 18:00:00,24,9,15
2015-09-05 19:00:00,23,12,11
2015-09-05 20:00:00,26,10,16
2015-09-05 21:00:00,14,6,8
2015-09-05 22:00:00,16,9,7
2015-09-05 23:00:00,4,2,2
2015-09-06 00:00:00,8,3,5
2015-09-06 01:00:00,2,2,0
2015-09-06 02:00:00,1,0,1
2015-09-06 03:00:00,1,1,0
2015-09-06 04:00:00,0,0,0
2015-09-06 05:00:00,2,1,1
2015-09-06 06:00:00,8,4,4
2015-09-06 07:00:00,16,10,6
2015-09-06 08:00:00,64,42,22
2015-09-06 09:00:00,138,72,66
2015-09-06 10:00:00,175,95,80
2015-09-06 11:00:00,160,71,89
2015-09-06 12:00:00,157,74,83
2015-09-06 13:00:00,177,84,93
2015-09-06 14:00:00,134,69,65
2015-09-06 15:00:00,202,99,103
2015-09-06 16:00:00,165,66,99
2015-09-06 17:00:00,150,59,91
2015-09-06 18:00:00,127,62,65
2015-09-06 19:00:00,97,41,56
2015-09-06 20:00:00,47,17,30
2015-09-06 21:00:00,12,4,8
2015-09-06 22:00:00,7,3,4
2015-09-06 23:00:00,9,6,3
2015-09-07 00:00:00,2,1,1
2015-09-07 01:00:00,4,1,3
2015-09-07 02:00:00,2,2,0
2015-09-07 03:00:00,0,0,0
2015-09-07 04:00:00,2,1,1
2015-09-07 05:00:00,6,1,5
2015-09-07 06:00:00,15,8,7
2015-09-07 07:00:00,67,40,27
2015-09-07 08:00:00,114,59,55
2015-09-07 09:00:00,183,94,89
2015-09-07 10:00:00,232,108,124
2015-09-07 11:00:00,265,130,135
2015-09-07 12:00:00,261,113,148
2015-09-07 13:00:00,321,160,161
2015-09-07 14:00:00,315,159,156
2015-09-07 15:00:00,374,202,172
2015-09-07 16:00:00,317,154,163
2015-09-07 17:00:00,305,132,173
2015-09-07 18:00:00,212,117,95
2015-09-07 19:00:00,227,107,120
2015-09-07 20:00:00,131,51,80
2015-09-07 21:00:00,12,8,4
2015-09-07 22:00:00,15,7,8
2015-09-07 23:00:00,3,1,2
2015-09-08 00:00:00,2,1,1
2015-09-08 01:00:00,2,0,2
2015-09-08 02:00:00,2,0,2
2015-09-08 03:00:00,2,2,0
2015-09-08 04:00:00,4,1,3
2015-09-08 05:00:00,6,4,2
2015-09-08 06:00:00,91,54,37
2015-09-08 07:00:00,121,55,66
2015-09-08 08:00:00,105,54,51
2015-09-08 09:00:00,95,37,58
2015-09-08 10:00:00,83,37,46
2015-09-08 11:00:00,113,62,51
2015-09-08 12:00:00,250,140,110
2015-09-08 13:00:00,225,108,117
2015-09-08 14:00:00,141,71,70
2015-09-08 15:00:00,109,54,55
2015-09-08 16:00:00,165,88,77
2015-09-08 17:00:00,233,121,112
2015-09-08 18:00:00,265,151,114
2015-09-08 19:00:00,305,153,152
2015-09-08 20:00:00,169,65,104
2015-09-08 21:00:00,32,16,16
2015-09-08 22:00:00,14,8,6
2015-09-08 23:00:00,3,0,3
2015-09-09 00:00:00,2,1,1
2015-09-09 01:00:00,2,1,1
2015-09-09 02:00:00,1,1,0
2015-09-09 03:00:00,0,0,0
2015-09-09 04:00:00,3,2,1
2015-09-09 05:00:00,11,8,3
2015-09-09 06:00:00,92,53,39
2015-09-09 07:00:00,208,105,103
2015-09-09 08:00:00,159,64,95
2015-09-09 09:00:00,89,38,51
2015-09-09 10:00:00,122,47,75
2015-09-09 11:00:00,138,66,72
2015-09-09 12:00:00,333,184,149
2015-09-09 13:00:00,285,126,159
2015-09-09 14:00:00,169,81,88
2015-09-09 15:00:00,167,88,79
2015-09-09 16:00:00,201,93,108
2015-09-09 17:00:00,238,129,109
2015-09-09 18:00:00,319,151,168
2015-09-09 19:00:00,303,168,135
2015-09-09 20:00:00,206,84,122
2015-09-09 21:00:00,20,7,13
2015-09-09 22:00:00,21,12,9
2015-09-09 23:00:00,9,3,6
2015-09-10 00:00:00,3,1,2
2015-09-10 01:00:00,0,0,0
2015-09-10 02:00:00,3,2,1
2015-09-10 03:00:00,2,1,1
2015-09-10 04:00:00,0,0,0
2015-09-10 05:00:00,16,8,8
2015-09-10 06:00:00,124,77,47
2015-09-10 07:00:00,193,90,103
2015-09-10 08:00:00,195,76,119
2015-09-10 09:00:00,168,77,91
2015-09-10 10:00:00,139,61,78
2015-09-10 11:00:00,150,68,82
2015-09-10 12:00:00,297,156,141
2015-09-10 13:00:00,262,120,142
2015-09-10 14:00:00,183,85,98
2015-09-10 15:00:00,171,76,95
2015-09-10 16:00:00,168,84,84
2015-09-10 17:00:00,211,115,96
2015-09-10 18:00:00,240,124,116
2015-09-10 19:00:00,277,141,136
2015-09-10 20:00:00,172,66,106
2015-09-10 21:00:00,16,5,11
2015-09-10 22:00:00,17,10,7
2015-09-10 23:00:00,9,4,5
2015-09-11 00:00:00,7,4,3
2015-09-11 01:00:00,3,1,2
2015-09-11 02:00:00,7,3,4
2015-09-11 03:00:00,0,0,0
2015-09-11 04:00:00,2,0,2
2015-09-11 05:00:00,20,8,12
2015-09-11 06:00:00,75,44,31
2015-09-11 07:00:00,213,112,101
2015-09-11 08:00:00,194,83,111
2015-09-11 09:00:00,154,76,78
2015-09-11 10:00:00,152,75,77
2015-09-11 11:00:00,191,87,104
2015-09-11 12:00:00,295,144,151
2015-09-11 13:00:00,246,124,122
2015-09-11 14:00:00,145,69,76
2015-09-11 15:00:00,187,92,95
2015-09-11 16:00:00,218,113,105
2015-09-11 17:00:00,208,119,89
2015-09-11 18:00:00,215,94,121
2015-09-11 19:00:00,252,125,127
2015-09-11 20:00:00,122,52,70
2015-09-11 21:00:00,12,2,10
2015-09-11 22:00:00,22,9,13
2015-09-11 23:00:00,9,3,6
2015-09-12 00:00:00,12,5,7
2015-09-12 01:00:00,6,2,4
2015-09-12 02:00:00,5,4,1
2015-09-12 03:00:00,0,0,0
2015-09-12 04:00:00,2,1,1
2015-09-12 05:00:00,11,6,5
2015-09-12 06:00:00,20,14,6
2015-09-12 07:00:00,99,57,42
2015-09-12 08:00:00,211,124,87
2015-09-12 09:00:00,281,122,159
2015-09-12 10:00:00,282,140,142
2015-09-12 11:00:00,279,127,152
2015-09-12 12:00:00,224,109,115
2015-09-12 13:00:00,222,104,118
2015-09-12 14:00:00,230,96,134
2015-09-12 15:00:00,198,89,109
2015-09-12 16:00:00,206,92,114
2015-09-12 17:00:00,256,122,134
2015-09-12 18:00:00,222,117,105
2015-09-12 19:00:00,232,98,134
2015-09-12 20:00:00,128,49,79
2015-09-12 21:00:00,9,4,5
2015-09-12 22:00:00,10,8,2
2015-09-12 23:00:00,11,6,5
2015-09-13 00:00:00,5,3,2
2015-09-13 01:00:00,3,1,2
2015-09-13 02:00:00,1,0,1
2015-09-13 03:00:00,2,2,0
2015-09-13 04:00:00,3,2,1
2015-09-13 05:00:00,3,1,2
2015-09-13 06:00:00,18,10,8
2015-09-13 07:00:00,75,47,28
2015-09-13 08:00:00,157,76,81
2015-09-13 09:00:00,192,95,97
2015-09-13 10:00:00,136,59,77
2015-09-13 11:00:00,88,43,45
2015-09-13 12:00:00,68,36,32
2015-09-13 13:00:00,107,48,59
2015-09-13 14:00:00,128,62,66
2015-09-13 15:00:00,139,73,66
2015-09-13 16:00:00,175,85,90
2015-09-13 17:00:00,198,92,106
2015-09-13 18:00:00,159,80,79
2015-09-13 19:00:00,172,80,92
2015-09-13 20:00:00,68,21,47
2015-09-13 21:00:00,14,8,6
2015-09-13 22:00:00,3,1,2
2015-09-13 23:00:00,4,3,1
2015-09-14 00:00:00,10,5,5
2015-09-14 01:00:00,2,0,2
2015-09-14 02:00:00,5,3,2
2015-09-14 03:00:00,0,0,0
2015-09-14 04:00:00,1,1,0
2015-09-14 05:00:00,10,6,4
2015-09-14 06:00:00,55,32,23
2015-09-14 07:00:00,143,76,67
2015-09-14 08:00:00,108,49,59
2015-09-14 09:00:00,108,55,53
2015-09-14 10:00:00,85,34,51
2015-09-14 11:00:00,99,50,49
2015-09-14 12:00:00,296,158,138
2015-09-14 13:00:00,233,109,124
2015-09-14 14:00:00,149,72,77
2015-09-14 15:00:00,139,79,60
2015-09-14 16:00:00,116,49,67
2015-09-14 17:00:00,169,96,73
2015-09-14 18:00:00,190,114,76
2015-09-14 19:00:00,196,94,102
2015-09-14 20:00:00,81,30,51
2015-09-14 21:00:00,21,11,10
2015-09-14 22:00:00,14,8,6
2015-09-14 23:00:00,5,1,4
2015-09-15 00:00:00,4,3,1
2015-09-15 01:00:00,4,0,4
2015-09-15 02:00:00,1,0,1
2015-09-15 03:00:00,4,2,2
2015-09-15 04:00:00,1,0,1
2015-09-15 05:00:00,16,11,5
2015-09-15 06:00:00,89,49,40
2015-09-15 07:00:00,169,83,86
2015-09-15 08:00:00,124,50,74
2015-09-15 09:00:00,101,47,54
2015-09-15 10:00:00,102,42,60
2015-09-15 11:00:00,107,60,47
2015-09-15 12:00:00,302,155,147
2015-09-15 13:00:00,227,91,136
2015-09-15 14:00:00,133,75,58
2015-09-15 15:00:00,135,59,76
2015-09-15 16:00:00,133,70,63
2015-09-15 17:00:00,171,93,78
2015-09-15 18:00:00,253,135,118
2015-09-15 19:00:00,210,101,109
2015-09-15 20:00:00,79,31,48
2015-09-15 21:00:00,18,9,9
2015-09-15 22:00:00,10,5,5
2015-09-15 23:00:00,4,3,1
2015-09-16 00:00:00,2,2,0
2015-09-16 01:00:00,6,2,4
2015-09-16 02:00:00,2,2,0
2015-09-16 03:00:00,0,0,0
2015-09-16 04:00:00,1,0,1
2015-09-16 05:00:00,11,6,5
2015-09-16 06:00:00,82,50,32
2015-09-16 07:00:00,176,73,103
2015-09-16 08:00:00,124,51,73
2015-09-16 09:00:00,102,49,53
2015-09-16 10:00:00,91,44,47
2015-09-16 11:00:00,152,76,76
2015-09-16 12:00:00,326,186,140
2015-09-16 13:00:00,320,144,176
2015-09-16 14:00:00,165,91,74
2015-09-16 15:00:00,173,96,77
2015-09-16 16:00:00,271,133,138
2015-09-16 17:00:00,174,88,86
2015-09-16 18:00:00,270,153,117
2015-09-16 19:00:00,219,104,115
2015-09-16 20:00:00,84,32,52
2015-09-16 21:00:00,13,7,6
2015-09-16 22:00:00,12,8,4
2015-09-16 23:00:00,2,0,2
2015-09-17 00:00:00,4,1,3
2015-09-17 01:00:00,6,3,3
2015-09-17 02:00:00,1,1,0
2015-09-17 03:00:00,0,0,0
2015-09-17 04:00:00,2,1,1
2015-09-17 05:00:00,5,3,2
2015-09-17 06:00:00,77,46,31
2015-09-17 07:00:00,171,76,95
2015-09-17 08:00:00,123,54,69
2015-09-17 09:00:00,68,32,36
2015-09-17 10:00:00,56,30,26
2015-09-17 11:00:00,62,31,31
2015-09-17 12:00:00,144,78,66
2015-09-17 13:00:00,86,39,47
2015-09-17 14:00:00,69,33,36
2015-09-17 15:00:00,44,25,19
2015-09-17 16:00:00,61,26,35
2015-09-17 17:00:00,73,42,31
2015-09-17 18:00:00,89,51,38
2015-09-17 19:00:00,100,52,48
2015-09-17 20:00:00,45,19,26
2015-09-17 21:00:00,19,9,10
2015-09-17 22:00:00,3,2,1
2015-09-17 23:00:00,4,1,3
2015-09-18 00:00:00,3,3,0
2015-09-18 01:00:00,3,1,2
2015-09-18 02:00:00,1,1,0
2015-09-18 03:00:00,1,0,1
2015-09-18 04:00:00,1,1,0
2015-09-18 05:00:00,10,6,4
2015-09-18 06:00:00,60,36,24
2015-09-18 07:00:00,121,58,63
2015-09-18 08:00:00,127,50,77
2015-09-18 09:00:00,147,71,76
2015-09-18 10:00:00,90,41,49
2015-09-18 11:00:00,152,60,92
2015-09-18 12:00:00,203,107,96
2015-09-18 13:00:00,223,100,123
2015-09-18 14:00:00,129,69,60
2015-09-18 15:00:00,102,51,51
2015-09-18 16:00:00,131,53,78
2015-09-18 17:00:00,165,85,80
2015-09-18 18:00:00,163,102,61
2015-09-18 19:00:00,162,74,88
2015-09-18 20:00:00,73,32,41
2015-09-18 21:00:00,8,1,7
2015-09-18 22:00:00,11,9,2
2015-09-18 23:00:00,16,11,5
2015-09-19 00:00:00,6,4,2
2015-09-19 01:00:00,2,1,1
2015-09-19 02:00:00,0,0,0
2015-09-19 03:00:00,3,1,2
2015-09-19 04:00:00,3,3,0
2015-09-19 05:00:00,5,2,3
2015-09-19 06:00:00,14,10,4
2015-09-19 07:00:00,71,40,31
2015-09-19 08:00:00,166,90,76
2015-09-19 09:00:00,207,110,97
2015-09-19 10:00:00,205,106,99
2015-09-19 11:00:00,203,100,103
2015-09-19 12:00:00,183,82,101
2015-09-19 13:00:00,140,68,72
2015-09-19 14:00:00,107,55,52
2015-09-19 15:00:00,197,104,93
2015-09-19 16:00:00,197,85,112
2015-09-19 17:00:00,192,85,107
2015-09-19 18:00:00,188,95,93
2015-09-19 19:00:00,174,82,92
2015-09-19 20:00:00,39,15,24
2015-09-19 21:00:00,10,5,5
2015-09-19 22:00:00,17,9,8
2015-09-19 23:00:00,16,11,5
2015-09-20 00:00:00,4,2,2
2015-09-20 01:00:00,3,3,0
2015-09-20 02:00:00,3,2,1
2015-09-20 03:00:00,2,0,2
2015-09-20 04:00:00,1,1,0
2015-09-20 05:00:00,4,0,4
2015-09-20 06:00:00,14,11,3
2015-09-20 07:00:00,59,39,20
2015-09-20 08:00:00,134,79,55
2015-09-20 09:00:00,177,86,91
2015-09-20 10:00:00,191,98,93
2015-09-20 11:00:00,209,93,116
2015-09-20 12:00:00,268,88,180
2015-09-20 13:00:00,398,94,304
2015-09-20 14:00:00,329,89,240
2015-09-20 15:00:00,188,91,97
2015-09-20 16:00:00,209,89,120
2015-09-20 17:00:00,162,75,87
2015-09-20 18:00:00,123,64,59
2015-09-20 19:00:00,94,42,52
2015-09-20 20:00:00,29,10,19
2015-09-20 21:00:00,11,6,5
2015-09-20 22:00:00,8,3,5
2015-09-20 23:00:00,0,0,0
2015-09-21 00:00:00,0,0,0
2015-09-21 01:00:00,3,1,2
2015-09-21 02:00:00,0,0,0
2015-09-21 03:00:00,2,0,2
2015-09-21 04:00:00,0,0,0
2015-09-21 05:00:00,17,11,6
2015-09-21 06:00:00,32,19,13
2015-09-21 07:00:00,128,69,59
2015-09-21 08:00:00,149,64,85
2015-09-21 09:00:00,121,56,65
2015-09-21 10:00:00,94,42,52
2015-09-21 11:00:00,139,70,69
2015-09-21 12:00:00,338,185,153
2015-09-21 13:00:00,287,124,163
2015-09-21 14:00:00,164,77,87
2015-09-21 15:00:00,165,75,90
2015-09-21 16:00:00,155,89,66
2015-09-21 17:00:00,264,130,134
2015-09-21 18:00:00,319,182,137
2015-09-21 19:00:00,303,126,177
2015-09-21 20:00:00,81,33,48
2015-09-21 21:00:00,12,6,6
2015-09-21 22:00:00,11,7,4
2015-09-21 23:00:00,3,1,2
2015-09-22 00:00:00,2,2,0
2015-09-22 01:00:00,2,0,2
2015-09-22 02:00:00,0,0,0
2015-09-22 03:00:00,3,2,1
2015-09-22 04:00:00,4,2,2
2015-09-22 05:00:00,18,8,10
2015-09-22 06:00:00,57,34,23
2015-09-22 07:00:00,166,79,87
2015-09-22 08:00:00,142,52,90
2015-09-22 09:00:00,115,46,69
2015-09-22 10:00:00,112,57,55
2015-09-22 11:00:00,131,61,70
2015-09-22 12:00:00,274,153,121
2015-09-22 13:00:00,261,122,139
2015-09-22 14:00:00,143,73,70
2015-09-22 15:00:00,127,60,67
2015-09-22 16:00:00,176,87,89
2015-09-22 17:00:00,254,146,108
2015-09-22 18:00:00,327,171,156
2015-09-22 19:00:00,314,144,170
2015-09-22 20:00:00,94,39,55
2015-09-22 21:00:00,6,5,1
2015-09-22 22:00:00,16,6,10
2015-09-22 23:00:00,4,2,2
2015-09-23 00:00:00,2,1,1
2015-09-23 01:00:00,3,1,2
2015-09-23 02:00:00,1,1,0
2015-09-23 03:00:00,1,0,1
2015-09-23 04:00:00,3,1,2
2015-09-23 05:00:00,18,8,10
2015-09-23 06:00:00,74,47,27
2015-09-23 07:00:00,154,71,83
2015-09-23 08:00:00,154,75,79
2015-09-23 09:00:00,104,44,60
2015-09-23 10:00:00,92,40,52
2015-09-23 11:00:00,117,64,53
2015-09-23 12:00:00,252,139,113
2015-09-23 13:00:00,229,104,125
2015-09-23 14:00:00,175,83,92
2015-09-23 15:00:00,151,65,86
2015-09-23 16:00:00,149,78,71
2015-09-23 17:00:00,239,129,110
2015-09-23 18:00:00,303,160,143
2015-09-23 19:00:00,249,117,132
2015-09-23 20:00:00,86,35,51
2015-09-23 21:00:00,12,6,6
2015-09-23 22:00:00,17,11,6
2015-09-23 23:00:00,8,4,4
2015-09-24 00:00:00,3,1,2
2015-09-24 01:00:00,3,1,2
2015-09-24 02:00:00,5,3,2
2015-09-24 03:00:00,0,0,0
2015-09-24 04:00:00,1,0,1
2015-09-24 05:00:00,7,4,3
2015-09-24 06:00:00,80,52,28
2015-09-24 07:00:00,162,67,95
2015-09-24 08:00:00,135,68,67
2015-09-24 09:00:00,118,56,62
2015-09-24 10:00:00,130,52,78
2015-09-24 11:00:00,136,74,62
2015-09-24 12:00:00,273,148,125
2015-09-24 13:00:00,261,122,139
2015-09-24 14:00:00,157,86,71
2015-09-24 15:00:00,131,64,67
2015-09-24 16:00:00,149,68,81
2015-09-24 17:00:00,163,79,84
2015-09-24 18:00:00,235,133,102
2015-09-24 19:00:00,177,80,97
2015-09-24 20:00:00,59,22,37
2015-09-24 21:00:00,20,9,11
2015-09-24 22:00:00,18,8,10
2015-09-24 23:00:00,3,1,2
2015-09-25 00:00:00,2,2,0
2015-09-25 01:00:00,5,2,3
2015-09-25 02:00:00,0,0,0
2015-09-25 03:00:00,3,0,3
2015-09-25 04:00:00,0,0,0
2015-09-25 05:00:00,10,6,4
2015-09-25 06:00:00,47,26,21
2015-09-25 07:00:00,100,51,49
2015-09-25 08:00:00,97,43,54
2015-09-25 09:00:00,70,34,36
2015-09-25 10:00:00,85,38,47
2015-09-25 11:00:00,88,46,42
2015-09-25 12:00:00,178,81,97
2015-09-25 13:00:00,148,66,82
2015-09-25 14:00:00,87,36,51
2015-09-25 15:00:00,71,31,40
2015-09-25 16:00:00,105,49,56
2015-09-25 17:00:00,130,67,63
2015-09-25 18:00:00,146,74,72
2015-09-25 19:00:00,103,39,64
2015-09-25 20:00:00,29,21,8
2015-09-25 21:00:00,8,7,1
2015-09-25 22:00:00,13,5,8
2015-09-25 23:00:00,4,1,3
2015-09-26 00:00:00,4,3,1
2015-09-26 01:00:00,1,1,0
2015-09-26 02:00:00,0,0,0
2015-09-26 03:00:00,1,0,1
2015-09-26 04:00:00,0,0,0
2015-09-26 05:00:00,1,0,1
2015-09-26 06:00:00,9,5,4
2015-09-26 07:00:00,72,48,24
2015-09-26 08:00:00,145,80,65
2015-09-26 09:00:00,233,110,123
2015-09-26 10:00:00,186,78,108
2015-09-26 11:00:00,191,98,93
2015-09-26 12:00:00,231,111,120
2015-09-26 13:00:00,196,94,102
2015-09-26 14:00:00,223,98,125
2015-09-26 15:00:00,207,111,96
2015-09-26 16:00:00,204,100,104
2015-09-26 17:00:00,256,124,132
2015-09-26 18:00:00,202,94,108
2015-09-26 19:00:00,136,49,87
2015-09-26 20:00:00,26,11,15
2015-09-26 21:00:00,9,5,4
2015-09-26 22:00:00,7,2,5
2015-09-26 23:00:00,5,2,3
2015-09-27 00:00:00,1,1,0
2015-09-27 01:00:00,1,1,0
2015-09-27 02:00:00,0,0,0
2015-09-27 03:00:00,1,1,0
2015-09-27 04:00:00,2,0,2
2015-09-27 05:00:00,4,3,1
2015-09-27 06:00:00,11,6,5
2015-09-27 07:00:00,81,50,31
2015-09-27 08:00:00,170,84,86
2015-09-27 09:00:00,214,106,108
2015-09-27 10:00:00,220,99,121
2015-09-27 11:00:00,226,99,127
2015-09-27 12:00:00,205,91,114
2015-09-27 13:00:00,186,91,95
2015-09-27 14:00:00,176,78,98
2015-09-27 15:00:00,196,95,101
2015-09-27 16:00:00,202,89,113
2015-09-27 17:00:00,273,150,123
2015-09-27 18:00:00,227,115,112
2015-09-27 19:00:00,180,79,101
2015-09-27 20:00:00,39,13,26
2015-09-27 21:00:00,10,2,8
2015-09-27 22:00:00,8,4,4
2015-09-27 23:00:00,4,2,2
2015-09-28 00:00:00,6,3,3
2015-09-28 01:00:00,0,0,0
2015-09-28 02:00:00,0,0,0
2015-09-28 03:00:00,0,0,0
2015-09-28 04:00:00,2,1,1
2015-09-28 05:00:00,9,6,3
2015-09-28 06:00:00,37,21,16
2015-09-28 07:00:00,135,66,69
2015-09-28 08:00:00,132,52,80
2015-09-28 09:00:00,88,42,46
2015-09-28 10:00:00,115,58,57
2015-09-28 11:00:00,120,57,63
2015-09-28 12:00:00,276,157,119
2015-09-28 13:00:00,278,115,163
2015-09-28 14:00:00,164,80,84
2015-09-28 15:00:00,148,83,65
2015-09-28 16:00:00,167,86,81
2015-09-28 17:00:00,203,109,94
2015-09-28 18:00:00,339,198,141
2015-09-28 19:00:00,284,120,164
2015-09-28 20:00:00,74,29,45
2015-09-28 21:00:00,17,9,8
2015-09-28 22:00:00,4,1,3
2015-09-28 23:00:00,5,2,3
2015-09-29 00:00:00,1,1,0
2015-09-29 01:00:00,0,0,0
2015-09-29 02:00:00,0,0,0
2015-09-29 03:00:00,0,0,0
2015-09-29 04:00:00,1,1,0
2015-09-29 05:00:00,15,8,7
2015-09-29 06:00:00,86,58,28
2015-09-29 07:00:00,198,91,107
2015-09-29 08:00:00,132,47,85
2015-09-29 09:00:00,122,62,60
2015-09-29 10:00:00,136,65,71
2015-09-29 11:00:00,147,69,78
2015-09-29 12:00:00,318,166,152
2015-09-29 13:00:00,296,144,152
2015-09-29 14:00:00,185,87,98
2015-09-29 15:00:00,171,90,81
2015-09-29 16:00:00,208,93,115
2015-09-29 17:00:00,245,145,100
2015-09-29 18:00:00,339,178,161
2015-09-29 19:00:00,285,138,147
2015-09-29 20:00:00,88,35,53
2015-09-29 21:00:00,20,9,11
2015-09-29 22:00:00,9,4,5
2015-09-29 23:00:00,8,5,3
2015-09-30 00:00:00,2,1,1
2015-09-30 01:00:00,0,0,0
2015-09-30 02:00:00,0,0,0
2015-09-30 03:00:00,2,1,1
2015-09-30 04:00:00,2,0,2
2015-09-30 05:00:00,16,11,5
2015-09-30 06:00:00,71,40,31
2015-09-30 07:00:00,156,77,79
2015-09-30 08:00:00,129,54,75
2015-09-30 09:00:00,92,35,57
2015-09-30 10:00:00,71,33,38
2015-09-30 11:00:00,82,36,46
2015-09-30 12:00:00,222,120,102
2015-09-30 13:00:00,198,85,113
2015-09-30 14:00:00,131,75,56
2015-09-30 15:00:00,126,56,70
2015-09-30 16:00:00,143,72,71
2015-09-30 17:00:00,215,123,92
2015-09-30 18:00:00,310,165,145
2015-09-30 19:00:00,238,104,134
2015-09-30 20:00:00,51,24,27
2015-09-30 21:00:00,16,8,8
2015-09-30 22:00:00,15,9,6
2015-09-30 23:00:00,9,5,4
2015-10-01 00:00:00,6,2,4
2015-10-01 01:00:00,1,0,1
2015-10-01 02:00:00,0,0,0
2015-10-01 03:00:00,1,1,0
2015-10-01 04:00:00,0,0,0
2015-10-01 05:00:00,10,5,5
2015-10-01 06:00:00,53,32,21
2015-10-01 07:00:00,144,78,66
2015-10-01 08:00:00,120,48,72
2015-10-01 09:00:00,100,48,52
2015-10-01 10:00:00,95,47,48
2015-10-01 11:00:00,126,64,62
2015-10-01 12:00:00,280,147,133
2015-10-01 13:00:00,296,148,148
2015-10-01 14:00:00,155,70,85
2015-10-01 15:00:00,142,75,67
2015-10-01 16:00:00,173,86,87
2015-10-01 17:00:00,194,98,96
2015-10-01 18:00:00,256,139,117
2015-10-01 19:00:00,224,105,119
2015-10-01 20:00:00,45,20,25
2015-10-01 21:00:00,22,14,8
2015-10-01 22:00:00,12,7,5
2015-10-01 23:00:00,10,4,6
2015-10-02 00:00:00,9,3,6
2015-10-02 01:00:00,4,2,2
2015-10-02 02:00:00,0,0,0
2015-10-02 03:00:00,2,0,2
2015-10-02 04:00:00,3,1,2
2015-10-02 05:00:00,4,2,2
2015-10-02 06:00:00,42,29,13
2015-10-02 07:00:00,109,53,56
2015-10-02 08:00:00,109,47,62
2015-10-02 09:00:00,107,51,56
2015-10-02 10:00:00,81,43,38
2015-10-02 11:00:00,90,44,46
2015-10-02 12:00:00,174,88,86
2015-10-02 13:00:00,181,89,92
2015-10-02 14:00:00,85,46,39
2015-10-02 15:00:00,81,36,45
2015-10-02 16:00:00,105,50,55
2015-10-02 17:00:00,112,70,42
2015-10-02 18:00:00,139,62,77
2015-10-02 19:00:00,80,38,42
2015-10-02 20:00:00,16,5,11
2015-10-02 21:00:00,8,5,3
2015-10-02 22:00:00,8,1,7
2015-10-02 23:00:00,2,1,1
2015-10-03 00:00:00,5,1,4
2015-10-03 01:00:00,3,1,2
2015-10-03 02:00:00,0,0,0
2015-10-03 03:00:00,0,0,0
2015-10-03 04:00:00,3,1,2
2015-10-03 05:00:00,3,2,1
2015-10-03 06:00:00,13,8,5
2015-10-03 07:00:00,60,33,27
2015-10-03 08:00:00,119,64,55
2015-10-03 09:00:00,178,90,88
2015-10-03 10:00:00,247,110,137
2015-10-03 11:00:00,195,86,109
2015-10-03 12:00:00,191,81,110
2015-10-03 13:00:00,196,87,109
2015-10-03 14:00:00,173,85,88
2015-10-03 15:00:00,216,96,120
2015-10-03 16:00:00,269,129,140
2015-10-03 17:00:00,231,110,121
2015-10-03 18:00:00,247,108,139
2015-10-03 19:00:00,164,73,91
2015-10-03 20:00:00,33,7,26
2015-10-03 21:00:00,1,1,0
2015-10-03 22:00:00,7,4,3
2015-10-03 23:00:00,6,5,1
2015-10-04 00:00:00,1,1,0
2015-10-04 01:00:00,0,0,0
2015-10-04 02:00:00,0,0,0
2015-10-04 03:00:00,5,3,2
2015-10-04 04:00:00,0,0,0
2015-10-04 05:00:00,2,1,1
2015-10-04 06:00:00,7,5,2
2015-10-04 07:00:00,46,26,20
2015-10-04 08:00:00,93,52,41
2015-10-04 09:00:00,188,103,85
2015-10-04 10:00:00,180,86,94
2015-10-04 11:00:00,237,118,119
2015-10-04 12:00:00,175,78,97
2015-10-04 13:00:00,203,93,110
2015-10-04 14:00:00,234,116,118
2015-10-04 15:00:00,242,110,132
2015-10-04 16:00:00,283,145,138
2015-10-04 17:00:00,333,140,193
2015-10-04 18:00:00,247,129,118
2015-10-04 19:00:00,171,62,109
2015-10-04 20:00:00,31,14,17
2015-10-04 21:00:00,13,6,7
2015-10-04 22:00:00,13,7,6
2015-10-04 23:00:00,9,5,4
2015-10-05 00:00:00,1,1,0
2015-10-05 01:00:00,0,0,0
2015-10-05 02:00:00,4,2,2
2015-10-05 03:00:00,6,3,3
2015-10-05 04:00:00,3,0,3
2015-10-05 05:00:00,8,5,3
2015-10-05 06:00:00,31,20,11
2015-10-05 07:00:00,95,43,52
2015-10-05 08:00:00,118,53,65
2015-10-05 09:00:00,131,63,68
2015-10-05 10:00:00,141,63,78
2015-10-05 11:00:00,140,69,71
2015-10-05 12:00:00,300,164,136
2015-10-05 13:00:00,281,121,160
2015-10-05 14:00:00,159,80,79
2015-10-05 15:00:00,161,62,99
2015-10-05 16:00:00,156,70,86
2015-10-05 17:00:00,237,124,113
2015-10-05 18:00:00,242,133,109
2015-10-05 19:00:00,199,84,115
2015-10-05 20:00:00,30,12,18
2015-10-05 21:00:00,16,12,4
2015-10-05 22:00:00,11,5,6
2015-10-05 23:00:00,3,2,1
2015-10-06 00:00:00,7,5,2
2015-10-06 01:00:00,8,3,5
2015-10-06 02:00:00,0,0,0
2015-10-06 03:00:00,0,0,0
2015-10-06 04:00:00,2,1,1
2015-10-06 05:00:00,8,6,2
2015-10-06 06:00:00,87,54,33
2015-10-06 07:00:00,165,71,94
2015-10-06 08:00:00,123,58,65
2015-10-06 09:00:00,102,56,46
2015-10-06 10:00:00,105,45,60
2015-10-06 11:00:00,105,56,49
2015-10-06 12:00:00,255,142,113
2015-10-06 13:00:00,185,84,101
2015-10-06 14:00:00,127,60,67
2015-10-06 15:00:00,111,56,55
2015-10-06 16:00:00,105,52,53
2015-10-06 17:00:00,183,101,82
2015-10-06 18:00:00,188,88,100
2015-10-06 19:00:00,113,56,57
2015-10-06 20:00:00,30,16,14
2015-10-06 21:00:00,11,5,6
2015-10-06 22:00:00,10,7,3
2015-10-06 23:00:00,1,1,0
2015-10-07 00:00:00,5,3,2
2015-10-07 01:00:00,0,0,0
2015-10-07 02:00:00,2,0,2
2015-10-07 03:00:00,1,1,0
2015-10-07 04:00:00,4,1,3
2015-10-07 05:00:00,7,5,2
2015-10-07 06:00:00,38,21,17
2015-10-07 07:00:00,89,45,44
2015-10-07 08:00:00,99,39,60
2015-10-07 09:00:00,51,23,28
2015-10-07 10:00:00,25,11,14
2015-10-07 11:00:00,30,18,12
2015-10-07 12:00:00,133,69,64
2015-10-07 13:00:00,84,34,50
2015-10-07 14:00:00,43,23,20
2015-10-07 15:00:00,46,15,31
2015-10-07 16:00:00,67,32,35
2015-10-07 17:00:00,115,63,52
2015-10-07 18:00:00,159,103,56
2015-10-07 19:00:00,90,34,56
2015-10-07 20:00:00,29,14,15
2015-10-07 21:00:00,15,9,6
2015-10-07 22:00:00,16,8,8
2015-10-07 23:00:00,8,6,2
2015-10-08 00:00:00,3,0,3
2015-10-08 01:00:00,0,0,0
2015-10-08 02:00:00,2,1,1
2015-10-08 03:00:00,1,1,0
2015-10-08 04:00:00,1,0,1
2015-10-08 05:00:00,7,4,3
2015-10-08 06:00:00,72,43,29
2015-10-08 07:00:00,118,56,62
2015-10-08 08:00:00,144,68,76
2015-10-08 09:00:00,118,54,64
2015-10-08 10:00:00,97,42,55
2015-10-08 11:00:00,75,33,42
2015-10-08 12:00:00,234,133,101
2015-10-08 13:00:00,193,90,103
2015-10-08 14:00:00,136,68,68
2015-10-08 15:00:00,124,60,64
2015-10-08 16:00:00,168,86,82
2015-10-08 17:00:00,203,109,94
2015-10-08 18:00:00,214,109,105
2015-10-08 19:00:00,121,49,72
2015-10-08 20:00:00,28,16,12
2015-10-08 21:00:00,14,7,7
2015-10-08 22:00:00,13,6,7
2015-10-08 23:00:00,4,1,3
2015-10-09 00:00:00,3,2,1
2015-10-09 01:00:00,0,0,0
2015-10-09 02:00:00,1,1,0
2015-10-09 03:00:00,3,1,2
2015-10-09 04:00:00,6,4,2
2015-10-09 05:00:00,12,5,7
2015-10-09 06:00:00,34,20,14
2015-10-09 07:00:00,107,51,56
2015-10-09 08:00:00,132,58,74
2015-10-09 09:00:00,116,52,64
2015-10-09 10:00:00,80,38,42
2015-10-09 11:00:00,91,49,42
2015-10-09 12:00:00,168,87,81
2015-10-09 13:00:00,186,87,99
2015-10-09 14:00:00,115,58,57
2015-10-09 15:00:00,54,28,26
2015-10-09 16:00:00,117,64,53
2015-10-09 17:00:00,153,78,75
2015-10-09 18:00:00,175,87,88
2015-10-09 19:00:00,78,29,49
2015-10-09 20:00:00,31,14,17
2015-10-09 21:00:00,17,10,7
2015-10-09 22:00:00,15,6,9
2015-10-09 23:00:00,4,0,4
2015-10-10 00:00:00,3,1,2
2015-10-10 01:00:00,5,1,4
2015-10-10 02:00:00,0,0,0
2015-10-10 03:00:00,0,0,0
2015-10-10 04:00:00,0,0,0
2015-10-10 05:00:00,7,4,3
2015-10-10 06:00:00,13,6,7
2015-10-10 07:00:00,32,19,13
2015-10-10 08:00:00,120,67,53
2015-10-10 09:00:00,157,71,86
2015-10-10 10:00:00,67,29,38
2015-10-10 11:00:00,32,12,20
2015-10-10 12:00:00,51,30,21
2015-10-10 13:00:00,73,34,39
2015-10-10 14:00:00,56,22,34
2015-10-10 15:00:00,23,11,12
2015-10-10 16:00:00,81,42,39
2015-10-10 17:00:00,116,58,58
2015-10-10 18:00:00,94,38,56
2015-10-10 19:00:00,41,18,23
2015-10-10 20:00:00,7,2,5
2015-10-10 21:00:00,5,1,4
2015-10-10 22:00:00,7,4,3
2015-10-10 23:00:00,6,3,3
2015-10-11 00:00:00,11,3,8
2015-10-11 01:00:00,0,0,0
2015-10-11 02:00:00,1,0,1
2015-10-11 03:00:00,8,6,2
2015-10-11 04:00:00,4,0,4
2015-10-11 05:00:00,2,1,1
2015-10-11 06:00:00,4,3,1
2015-10-11 07:00:00,61,40,21
2015-10-11 08:00:00,153,92,61
2015-10-11 09:00:00,206,103,103
2015-10-11 10:00:00,204,90,114
2015-10-11 11:00:00,209,110,99
2015-10-11 12:00:00,209,92,117
2015-10-11 13:00:00,220,110,110
2015-10-11 14:00:00,266,135,131
2015-10-11 15:00:00,254,118,136
2015-10-11 16:00:00,217,106,111
2015-10-11 17:00:00,251,113,138
2015-10-11 18:00:00,181,66,115
2015-10-11 19:00:00,92,41,51
2015-10-11 20:00:00,21,6,15
2015-10-11 21:00:00,8,4,4
2015-10-11 22:00:00,8,4,4
2015-10-11 23:00:00,20,9,11
2015-10-12 00:00:00,4,2,2
2015-10-12 01:00:00,0,0,0
2015-10-12 02:00:00,0,0,0
2015-10-12 03:00:00,1,1,0
2015-10-12 04:00:00,1,1,0
2015-10-12 05:00:00,2,2,0
2015-10-12 06:00:00,39,26,13
2015-10-12 07:00:00,82,40,42
2015-10-12 08:00:00,133,63,70
2015-10-12 09:00:00,97,49,48
2015-10-12 10:00:00,92,39,53
2015-10-12 11:00:00,104,56,48
2015-10-12 12:00:00,282,147,135
2015-10-12 13:00:00,220,98,122
2015-10-12 14:00:00,112,56,56
2015-10-12 15:00:00,119,57,62
2015-10-12 16:00:00,111,55,56
2015-10-12 17:00:00,171,90,81
2015-10-12 18:00:00,211,115,96
2015-10-12 19:00:00,89,35,54
2015-10-12 20:00:00,19,12,7
2015-10-12 21:00:00,6,3,3
2015-10-12 22:00:00,2,1,1
2015-10-12 23:00:00,1,1,0
2015-10-13 00:00:00,7,3,4
2015-10-13 01:00:00,2,2,0
2015-10-13 02:00:00,0,0,0
2015-10-13 03:00:00,1,1,0
2015-10-13 04:00:00,3,0,3
2015-10-13 05:00:00,14,7,7
2015-10-13 06:00:00,48,31,17
2015-10-13 07:00:00,100,40,60
2015-10-13 08:00:00,102,44,58
2015-10-13 09:00:00,84,41,43
2015-10-13 10:00:00,76,29,47
2015-10-13 11:00:00,89,44,45
2015-10-13 12:00:00,225,133,92
2015-10-13 13:00:00,187,82,105
2015-10-13 14:00:00,116,57,59
2015-10-13 15:00:00,122,58,64
2015-10-13 16:00:00,149,70,79
2015-10-13 17:00:00,193,105,88
2015-10-13 18:00:00,242,132,110
2015-10-13 19:00:00,184,76,108
2015-10-13 20:00:00,31,16,15
2015-10-13 21:00:00,13,8,5
2015-10-13 22:00:00,9,4,5
2015-10-13 23:00:00,4,3,1
2015-10-14 00:00:00,4,3,1
2015-10-14 01:00:00,0,0,0
2015-10-14 02:00:00,3,2,1
2015-10-14 03:00:00,0,0,0
2015-10-14 04:00:00,2,1,1
2015-10-14 05:00:00,16,12,4
2015-10-14 06:00:00,64,36,28
2015-10-14 07:00:00,119,52,67
2015-10-14 08:00:00,124,58,66
2015-10-14 09:00:00,91,41,50
2015-10-14 10:00:00,78,30,48
2015-10-14 11:00:00,77,39,38
2015-10-14 12:00:00,213,122,91
2015-10-14 13:00:00,225,101,124
2015-10-14 14:00:00,127,62,65
2015-10-14 15:00:00,123,58,65
2015-10-14 16:00:00,134,62,72
2015-10-14 17:00:00,214,125,89
2015-10-14 18:00:00,293,163,130
2015-10-14 19:00:00,157,58,99
2015-10-14 20:00:00,27,12,15
2015-10-14 21:00:00,14,10,4
2015-10-14 22:00:00,20,10,10
2015-10-14 23:00:00,11,5,6
2015-10-15 00:00:00,2,2,0
2015-10-15 01:00:00,1,1,0
2015-10-15 02:00:00,1,0,1
2015-10-15 03:00:00,0,0,0
2015-10-15 04:00:00,1,0,1
2015-10-15 05:00:00,13,8,5
2015-10-15 06:00:00,65,44,21
2015-10-15 07:00:00,118,53,65
2015-10-15 08:00:00,113,51,62
2015-10-15 09:00:00,107,49,58
2015-10-15 10:00:00,91,45,46
2015-10-15 11:00:00,104,48,56
2015-10-15 12:00:00,274,140,134
2015-10-15 13:00:00,277,131,146
2015-10-15 14:00:00,167,84,83
2015-10-15 15:00:00,166,89,77
2015-10-15 16:00:00,151,73,78
2015-10-15 17:00:00,236,121,115
2015-10-15 18:00:00,271,135,136
2015-10-15 19:00:00,147,63,84
2015-10-15 20:00:00,31,14,17
2015-10-15 21:00:00,12,9,3
2015-10-15 22:00:00,14,8,6
2015-10-15 23:00:00,4,3,1
2015-10-16 00:00:00,2,0,2
2015-10-16 01:00:00,8,1,7
2015-10-16 02:00:00,0,0,0
2015-10-16 03:00:00,1,1,0
2015-10-16 04:00:00,3,1,2
2015-10-16 05:00:00,8,5,3
2015-10-16 06:00:00,42,22,20
2015-10-16 07:00:00,95,47,48
2015-10-16 08:00:00,148,76,72
2015-10-16 09:00:00,145,70,75
2015-10-16 10:00:00,94,40,54
2015-10-16 11:00:00,125,63,62
2015-10-16 12:00:00,241,129,112
2015-10-16 13:00:00,256,114,142
2015-10-16 14:00:00,175,80,95
2015-10-16 15:00:00,142,68,74
2015-10-16 16:00:00,173,73,100
2015-10-16 17:00:00,234,113,121
2015-10-16 18:00:00,254,129,125
2015-10-16 19:00:00,88,38,50
2015-10-16 20:00:00,21,11,10
2015-10-16 21:00:00,7,2,5
2015-10-16 22:00:00,5,2,3
2015-10-16 23:00:00,7,6,1
2015-10-17 00:00:00,6,5,1
2015-10-17 01:00:00,5,3,2
2015-10-17 02:00:00,6,2,4
2015-10-17 03:00:00,2,1,1
2015-10-17 04:00:00,2,1,1
2015-10-17 05:00:00,2,0,2
2015-10-17 06:00:00,16,8,8
2015-10-17 07:00:00,34,22,12
2015-10-17 08:00:00,117,67,50
2015-10-17 09:00:00,249,129,120
2015-10-17 10:00:00,227,110,117
2015-10-17 11:00:00,195,82,113
2015-10-17 12:00:00,198,90,108
2015-10-17 13:00:00,172,80,92
2015-10-17 14:00:00,182,84,98
2015-10-17 15:00:00,179,90,89
2015-10-17 16:00:00,157,78,79
2015-10-17 17:00:00,162,71,91
2015-10-17 18:00:00,86,28,58
2015-10-17 19:00:00,21,9,12
2015-10-17 20:00:00,10,2,8
2015-10-17 21:00:00,7,2,5
2015-10-17 22:00:00,5,3,2
2015-10-17 23:00:00,15,5,10
2015-10-18 00:00:00,3,3,0
2015-10-18 01:00:00,4,1,3
2015-10-18 02:00:00,0,0,0
2015-10-18 03:00:00,4,3,1
2015-10-18 04:00:00,0,0,0
2015-10-18 05:00:00,0,0,0
2015-10-18 06:00:00,7,4,3
2015-10-18 07:00:00,26,15,11
2015-10-18 08:00:00,85,51,34
2015-10-18 09:00:00,176,91,85
2015-10-18 10:00:00,141,67,74
2015-10-18 11:00:00,160,76,84
2015-10-18 12:00:00,133,64,69
2015-10-18 13:00:00,122,54,68
2015-10-18 14:00:00,105,36,69
2015-10-18 15:00:00,75,34,41
2015-10-18 16:00:00,74,32,42
2015-10-18 17:00:00,142,77,65
2015-10-18 18:00:00,99,41,58
2015-10-18 19:00:00,37,18,19
2015-10-18 20:00:00,13,5,8
2015-10-18 21:00:00,4,1,3
2015-10-18 22:00:00,9,6,3
2015-10-18 23:00:00,7,1,6
2015-10-19 00:00:00,2,2,0
2015-10-19 01:00:00,3,2,1
2015-10-19 02:00:00,1,1,0
2015-10-19 03:00:00,0,0,0
2015-10-19 04:00:00,1,1,0
2015-10-19 05:00:00,6,4,2
2015-10-19 06:00:00,36,22,14
2015-10-19 07:00:00,75,35,40
2015-10-19 08:00:00,98,44,54
2015-10-19 09:00:00,81,38,43
2015-10-19 10:00:00,86,40,46
2015-10-19 11:00:00,104,49,55
2015-10-19 12:00:00,252,137,115
2015-10-19 13:00:00,218,95,123
2015-10-19 14:00:00,104,55,49
2015-10-19 15:00:00,133,58,75
2015-10-19 16:00:00,118,59,59
2015-10-19 17:00:00,177,94,83
2015-10-19 18:00:00,199,109,90
2015-10-19 19:00:00,81,30,51
2015-10-19 20:00:00,24,13,11
2015-10-19 21:00:00,8,4,4
2015-10-19 22:00:00,14,8,6
2015-10-19 23:00:00,13,7,6
2015-10-20 00:00:00,2,1,1
2015-10-20 01:00:00,2,0,2
2015-10-20 02:00:00,1,1,0
2015-10-20 03:00:00,5,3,2
2015-10-20 04:00:00,1,0,1
2015-10-20 05:00:00,19,11,8
2015-10-20 06:00:00,101,55,46
2015-10-20 07:00:00,139,57,82
2015-10-20 08:00:00,130,58,72
2015-10-20 09:00:00,99,49,50
2015-10-20 10:00:00,84,40,44
2015-10-20 11:00:00,124,63,61
2015-10-20 12:00:00,340,180,160
2015-10-20 13:00:00,281,129,152
2015-10-20 14:00:00,152,76,76
2015-10-20 15:00:00,161,86,75
2015-10-20 16:00:00,186,94,92
2015-10-20 17:00:00,306,177,129
2015-10-20 18:00:00,321,164,157
2015-10-20 19:00:00,164,59,105
2015-10-20 20:00:00,40,21,19
2015-10-20 21:00:00,12,5,7
2015-10-20 22:00:00,3,2,1
2015-10-20 23:00:00,7,3,4
2015-10-21 00:00:00,4,3,1
2015-10-21 01:00:00,1,0,1
2015-10-21 02:00:00,3,2,1
2015-10-21 03:00:00,0,0,0
2015-10-21 04:00:00,0,0,0
2015-10-21 05:00:00,17,11,6
2015-10-21 06:00:00,76,48,28
2015-10-21 07:00:00,131,57,74
2015-10-21 08:00:00,120,48,72
2015-10-21 09:00:00,97,40,57
2015-10-21 10:00:00,79,39,40
2015-10-21 11:00:00,101,43,58
2015-10-21 12:00:00,248,140,108
2015-10-21 13:00:00,222,94,128
2015-10-21 14:00:00,144,71,73
2015-10-21 15:00:00,117,55,62
2015-10-21 16:00:00,118,64,54
2015-10-21 17:00:00,177,94,83
2015-10-21 18:00:00,227,122,105
2015-10-21 19:00:00,89,41,48
2015-10-21 20:00:00,35,16,19
2015-10-21 21:00:00,7,4,3
2015-10-21 22:00:00,8,6,2
2015-10-21 23:00:00,7,2,5
2015-10-22 00:00:00,5,2,3
2015-10-22 01:00:00,2,0,2
2015-10-22 02:00:00,4,3,1
2015-10-22 03:00:00,2,1,1
2015-10-22 04:00:00,2,1,1
2015-10-22 05:00:00,12,5,7
2015-10-22 06:00:00,56,36,20
2015-10-22 07:00:00,113,53,60
2015-10-22 08:00:00,120,58,62
2015-10-22 09:00:00,111,50,61
2015-10-22 10:00:00,97,50,47
2015-10-22 11:00:00,117,58,59
2015-10-22 12:00:00,256,146,110
2015-10-22 13:00:00,253,114,139
2015-10-22 14:00:00,152,77,75
2015-10-22 15:00:00,156,78,78
2015-10-22 16:00:00,159,80,79
2015-10-22 17:00:00,173,91,82
2015-10-22 18:00:00,214,102,112
2015-10-22 19:00:00,82,38,44
2015-10-22 20:00:00,25,16,9
2015-10-22 21:00:00,8,3,5
2015-10-22 22:00:00,7,4,3
2015-10-22 23:00:00,8,5,3
2015-10-23 00:00:00,1,0,1
2015-10-23 01:00:00,4,4,0
2015-10-23 02:00:00,3,0,3
2015-10-23 03:00:00,0,0,0
2015-10-23 04:00:00,0,0,0
2015-10-23 05:00:00,6,3,3
2015-10-23 06:00:00,37,22,15
2015-10-23 07:00:00,77,30,47
2015-10-23 08:00:00,96,48,48
2015-10-23 09:00:00,87,31,56
2015-10-23 10:00:00,112,46,66
2015-10-23 11:00:00,94,43,51
2015-10-23 12:00:00,206,101,105
2015-10-23 13:00:00,162,68,94
2015-10-23 14:00:00,106,47,59
2015-10-23 15:00:00,73,37,36
2015-10-23 16:00:00,129,71,58
2015-10-23 17:00:00,166,87,79
2015-10-23 18:00:00,148,75,73
2015-10-23 19:00:00,65,27,38
2015-10-23 20:00:00,7,3,4
2015-10-23 21:00:00,10,7,3
2015-10-23 22:00:00,12,9,3
2015-10-23 23:00:00,8,2,6
2015-10-24 00:00:00,1,1,0
2015-10-24 01:00:00,2,1,1
2015-10-24 02:00:00,1,0,1
2015-10-24 03:00:00,1,1,0
2015-10-24 04:00:00,0,0,0
2015-10-24 05:00:00,3,3,0
2015-10-24 06:00:00,15,7,8
2015-10-24 07:00:00,24,11,13
2015-10-24 08:00:00,92,57,35
2015-10-24 09:00:00,168,82,86
2015-10-24 10:00:00,162,76,86
2015-10-24 11:00:00,137,61,76
2015-10-24 12:00:00,83,34,49
2015-10-24 13:00:00,103,50,53
2015-10-24 14:00:00,128,49,79
2015-10-24 15:00:00,179,92,87
2015-10-24 16:00:00,200,90,110
2015-10-24 17:00:00,204,97,107
2015-10-24 18:00:00,151,55,96
2015-10-24 19:00:00,59,23,36
2015-10-24 20:00:00,15,8,7
2015-10-24 21:00:00,8,4,4
2015-10-24 22:00:00,6,4,2
2015-10-24 23:00:00,10,4,6
2015-10-25 00:00:00,1,0,1
2015-10-25 01:00:00,0,0,0
2015-10-25 02:00:00,1,1,0
2015-10-25 03:00:00,0,0,0
2015-10-25 04:00:00,0,0,0
2015-10-25 05:00:00,1,0,1
2015-10-25 06:00:00,14,9,5
2015-10-25 07:00:00,19,10,9
2015-10-25 08:00:00,80,48,32
2015-10-25 09:00:00,158,86,72
2015-10-25 10:00:00,164,88,76
2015-10-25 11:00:00,183,94,89
2015-10-25 12:00:00,205,84,121
2015-10-25 13:00:00,169,90,79
2015-10-25 14:00:00,160,67,93
2015-10-25 15:00:00,142,60,82
2015-10-25 16:00:00,77,41,36
2015-10-25 17:00:00,64,24,40
2015-10-25 18:00:00,46,21,25
2015-10-25 19:00:00,15,7,8
2015-10-25 20:00:00,8,4,4
2015-10-25 21:00:00,0,0,0
2015-10-25 22:00:00,1,1,0
2015-10-25 23:00:00,1,1,0
2015-10-26 00:00:00,1,0,1
2015-10-26 01:00:00,1,1,0
2015-10-26 02:00:00,0,0,0
2015-10-26 03:00:00,2,1,1
2015-10-26 04:00:00,1,0,1
2015-10-26 05:00:00,3,3,0
2015-10-26 06:00:00,17,10,7
2015-10-26 07:00:00,41,15,26
2015-10-26 08:00:00,50,29,21
2015-10-26 09:00:00,60,26,34
2015-10-26 10:00:00,36,14,22
2015-10-26 11:00:00,45,22,23
2015-10-26 12:00:00,114,62,52
2015-10-26 13:00:00,110,51,59
2015-10-26 14:00:00,68,29,39
2015-10-26 15:00:00,55,25,30
2015-10-26 16:00:00,71,39,32
2015-10-26 17:00:00,145,82,63
2015-10-26 18:00:00,161,81,80
2015-10-26 19:00:00,57,22,35
2015-10-26 20:00:00,28,19,9
2015-10-26 21:00:00,16,8,8
2015-10-26 22:00:00,8,2,6
2015-10-26 23:00:00,9,5,4
2015-10-27 00:00:00,4,2,2
2015-10-27 01:00:00,2,1,1
2015-10-27 02:00:00,2,1,1
2015-10-27 03:00:00,0,0,0
2015-10-27 04:00:00,4,1,3
2015-10-27 05:00:00,10,7,3
2015-10-27 06:00:00,57,31,26
2015-10-27 07:00:00,92,43,49
2015-10-27 08:00:00,101,47,54
2015-10-27 09:00:00,98,48,50
2015-10-27 10:00:00,89,55,34
2015-10-27 11:00:00,111,61,50
2015-10-27 12:00:00,290,151,139
2015-10-27 13:00:00,222,103,119
2015-10-27 14:00:00,152,80,72
2015-10-27 15:00:00,160,66,94
2015-10-27 16:00:00,166,86,80
2015-10-27 17:00:00,235,119,116
2015-10-27 18:00:00,252,125,127
2015-10-27 19:00:00,82,37,45
2015-10-27 20:00:00,34,17,17
2015-10-27 21:00:00,7,4,3
2015-10-27 22:00:00,7,4,3
2015-10-27 23:00:00,11,4,7
2015-10-28 00:00:00,5,3,2
2015-10-28 01:00:00,3,1,2
2015-10-28 02:00:00,2,1,1
2015-10-28 03:00:00,0,0,0
2015-10-28 04:00:00,3,1,2
2015-10-28 05:00:00,9,6,3
2015-10-28 06:00:00,74,46,28
2015-10-28 07:00:00,113,47,66
2015-10-28 08:00:00,103,54,49
2015-10-28 09:00:00,70,31,39
2015-10-28 10:00:00,45,22,23
2015-10-28 11:00:00,53,27,26
2015-10-28 12:00:00,169,93,76
2015-10-28 13:00:00,91,35,56
2015-10-28 14:00:00,45,24,21
2015-10-28 15:00:00,59,32,27
2015-10-28 16:00:00,104,55,49
2015-10-28 17:00:00,127,67,60
2015-10-28 18:00:00,134,61,73
2015-10-28 19:00:00,63,27,36
2015-10-28 20:00:00,30,16,14
2015-10-28 21:00:00,5,4,1
2015-10-28 22:00:00,11,6,5
2015-10-28 23:00:00,2,2,0
2015-10-29 00:00:00,0,0,0
2015-10-29 01:00:00,1,1,0
2015-10-29 02:00:00,2,2,0
2015-10-29 03:00:00,0,0,0
2015-10-29 04:00:00,2,1,1
2015-10-29 05:00:00,7,4,3
2015-10-29 06:00:00,53,30,23
2015-10-29 07:00:00,88,47,41
2015-10-29 08:00:00,120,50,70
2015-10-29 09:00:00,90,46,44
2015-10-29 10:00:00,79,32,47
2015-10-29 11:00:00,64,31,33
2015-10-29 12:00:00,177,103,74
2015-10-29 13:00:00,176,75,101
2015-10-29 14:00:00,66,27,39
2015-10-29 15:00:00,70,31,39
2015-10-29 16:00:00,99,56,43
2015-10-29 17:00:00,152,69,83
2015-10-29 18:00:00,153,82,71
2015-10-29 19:00:00,70,30,40
2015-10-29 20:00:00,28,11,17
2015-10-29 21:00:00,16,9,7
2015-10-29 22:00:00,8,7,1
2015-10-29 23:00:00,6,1,5
2015-10-30 00:00:00,2,1,1
2015-10-30 01:00:00,0,0,0
2015-10-30 02:00:00,3,1,2
2015-10-30 03:00:00,0,0,0
2015-10-30 04:00:00,3,1,2
2015-10-30 05:00:00,3,2,1
2015-10-30 06:00:00,40,22,18
2015-10-30 07:00:00,54,24,30
2015-10-30 08:00:00,44,23,21
2015-10-30 09:00:00,65,26,39
2015-10-30 10:00:00,48,18,30
2015-10-30 11:00:00,62,31,31
2015-10-30 12:00:00,155,79,76
2015-10-30 13:00:00,147,66,81
2015-10-30 14:00:00,95,48,47
2015-10-30 15:00:00,112,49,63
2015-10-30 16:00:00,105,51,54
2015-10-30 17:00:00,109,59,50
2015-10-30 18:00:00,115,54,61
2015-10-30 19:00:00,51,20,31
2015-10-30 20:00:00,32,18,14
2015-10-30 21:00:00,3,2,1
2015-10-30 22:00:00,6,4,2
2015-10-30 23:00:00,1,1,0
2015-10-31 00:00:00,1,0,1
2015-10-31 01:00:00,1,1,0
2015-10-31 02:00:00,1,0,1
2015-10-31 03:00:00,2,2,0
2015-10-31 04:00:00,1,0,1
2015-10-31 05:00:00,1,1,0
2015-10-31 06:00:00,7,5,2
2015-10-31 07:00:00,15,9,6
2015-10-31 08:00:00,30,13,17
2015-10-31 09:00:00,40,22,18
2015-10-31 10:00:00,53,27,26
2015-10-31 11:00:00,53,24,29
2015-10-31 12:00:00,55,25,30
2015-10-31 13:00:00,50,22,28
2015-10-31 14:00:00,64,27,37
2015-10-31 15:00:00,78,37,41
2015-10-31 16:00:00,91,49,42
2015-10-31 17:00:00,76,32,44
2015-10-31 18:00:00,24,12,12
2015-10-31 19:00:00,14,10,4
2015-10-31 20:00:00,6,2,4
2015-10-31 21:00:00,4,2,2
2015-10-31 22:00:00,8,4,4
2015-10-31 23:00:00,0,0,0
2015-11-01 00:00:00,3,1,2
2015-11-01 01:00:00,0,0,0
2015-11-01 02:00:00,0,0,0
2015-11-01 03:00:00,1,1,0
2015-11-01 04:00:00,0,0,0
2015-11-01 05:00:00,0,0,0
2015-11-01 06:00:00,12,7,5
2015-11-01 07:00:00,31,18,13
2015-11-01 08:00:00,118,63,55
2015-11-01 09:00:00,148,75,73
2015-11-01 10:00:00,91,38,53
2015-11-01 11:00:00,92,45,47
2015-11-01 12:00:00,46,21,25
2015-11-01 13:00:00,62,25,37
2015-11-01 14:00:00,66,27,39
2015-11-01 15:00:00,33,14,19
2015-11-01 16:00:00,92,45,47
2015-11-01 17:00:00,94,40,54
2015-11-01 18:00:00,23,10,13
2015-11-01 19:00:00,8,5,3
2015-11-01 20:00:00,7,4,3
2015-11-01 21:00:00,9,5,4
2015-11-01 22:00:00,3,2,1
2015-11-01 23:00:00,0,0,0
2015-11-02 00:00:00,4,2,2
2015-11-02 01:00:00,1,1,0
2015-11-02 02:00:00,0,0,0
2015-11-02 03:00:00,0,0,0
2015-11-02 04:00:00,2,0,2
2015-11-02 05:00:00,10,6,4
2015-11-02 06:00:00,42,26,16
2015-11-02 07:00:00,65,28,37
2015-11-02 08:00:00,81,36,45
2015-11-02 09:00:00,88,55,33
2015-11-02 10:00:00,55,19,36
2015-11-02 11:00:00,40,21,19
2015-11-02 12:00:00,166,87,79
2015-11-02 13:00:00,190,86,104
2015-11-02 14:00:00,98,43,55
2015-11-02 15:00:00,119,54,65
2015-11-02 16:00:00,124,64,60
2015-11-02 17:00:00,135,62,73
2015-11-02 18:00:00,75,37,38
2015-11-02 19:00:00,36,20,16
2015-11-02 20:00:00,16,10,6
2015-11-02 21:00:00,10,4,6
2015-11-02 22:00:00,5,3,2
2015-11-02 23:00:00,5,2,3
2015-11-03 00:00:00,2,2,0
2015-11-03 01:00:00,2,1,1
2015-11-03 02:00:00,1,1,0
2015-11-03 03:00:00,2,1,1
2015-11-03 04:00:00,6,3,3
2015-11-03 05:00:00,4,2,2
2015-11-03 06:00:00,64,38,26
2015-11-03 07:00:00,126,57,69
2015-11-03 08:00:00,102,52,50
2015-11-03 09:00:00,77,37,40
2015-11-03 10:00:00,33,13,20
2015-11-03 11:00:00,73,44,29
2015-11-03 12:00:00,258,132,126
2015-11-03 13:00:00,232,116,116
2015-11-03 14:00:00,120,58,62
2015-11-03 15:00:00,120,57,63
2015-11-03 16:00:00,177,87,90
2015-11-03 17:00:00,215,104,111
2015-11-03 18:00:00,92,47,45
2015-11-03 19:00:00,45,23,22
2015-11-03 20:00:00,18,8,10
2015-11-03 21:00:00,10,6,4
2015-11-03 22:00:00,8,5,3
2015-11-03 23:00:00,2,2,0
2015-11-04 00:00:00,1,0,1
2015-11-04 01:00:00,0,0,0
2015-11-04 02:00:00,1,1,0
2015-11-04 03:00:00,0,0,0
2015-11-04 04:00:00,1,0,1
2015-11-04 05:00:00,18,13,5
2015-11-04 06:00:00,65,35,30
2015-11-04 07:00:00,141,73,68
2015-11-04 08:00:00,139,58,81
2015-11-04 09:00:00,84,42,42
2015-11-04 10:00:00,98,49,49
2015-11-04 11:00:00,81,39,42
2015-11-04 12:00:00,286,158,128
2015-11-04 13:00:00,244,106,138
2015-11-04 14:00:00,113,48,65
2015-11-04 15:00:00,104,49,55
2015-11-04 16:00:00,178,88,90
2015-11-04 17:00:00,139,56,83
2015-11-04 18:00:00,71,41,30
2015-11-04 19:00:00,41,23,18
2015-11-04 20:00:00,13,8,5
2015-11-04 21:00:00,9,4,5
2015-11-04 22:00:00,5,2,3
2015-11-04 23:00:00,5,2,3
2015-11-05 00:00:00,1,1,0
2015-11-05 01:00:00,3,2,1
2015-11-05 02:00:00,2,1,1
2015-11-05 03:00:00,1,0,1
2015-11-05 04:00:00,3,1,2
2015-11-05 05:00:00,4,2,2
2015-11-05 06:00:00,54,37,17
2015-11-05 07:00:00,135,63,72
2015-11-05 08:00:00,126,55,71
2015-11-05 09:00:00,89,41,48
2015-11-05 10:00:00,62,33,29
2015-11-05 11:00:00,81,36,45
2015-11-05 12:00:00,203,117,86
2015-11-05 13:00:00,234,102,132
2015-11-05 14:00:00,103,55,48
2015-11-05 15:00:00,83,46,37
2015-11-05 16:00:00,113,59,54
2015-11-05 17:00:00,104,50,54
2015-11-05 18:00:00,62,30,32
2015-11-05 19:00:00,54,26,28
2015-11-05 20:00:00,9,4,5
2015-11-05 21:00:00,14,7,7
2015-11-05 22:00:00,13,5,8
2015-11-05 23:00:00,3,1,2
2015-11-06 00:00:00,5,2,3
2015-11-06 01:00:00,0,0,0
2015-11-06 02:00:00,0,0,0
2015-11-06 03:00:00,0,0,0
2015-11-06 04:00:00,4,2,2
2015-11-06 05:00:00,9,4,5
2015-11-06 06:00:00,51,33,18
2015-11-06 07:00:00,84,40,44
2015-11-06 08:00:00,88,41,47
2015-11-06 09:00:00,80,41,39
2015-11-06 10:00:00,47,16,31
2015-11-06 11:00:00,70,42,28
2015-11-06 12:00:00,196,109,87
2015-11-06 13:00:00,198,91,107
2015-11-06 14:00:00,116,55,61
2015-11-06 15:00:00,133,57,76
2015-11-06 16:00:00,139,71,68
2015-11-06 17:00:00,130,56,74
2015-11-06 18:00:00,44,19,25
2015-11-06 19:00:00,39,19,20
2015-11-06 20:00:00,12,6,6
2015-11-06 21:00:00,13,6,7
2015-11-06 22:00:00,12,8,4
2015-11-06 23:00:00,2,1,1
2015-11-07 00:00:00,4,3,1
2015-11-07 01:00:00,2,0,2
2015-11-07 02:00:00,2,2,0
2015-11-07 03:00:00,3,1,2
2015-11-07 04:00:00,8,2,6
2015-11-07 05:00:00,2,1,1
2015-11-07 06:00:00,14,9,5
2015-11-07 07:00:00,74,44,30
2015-11-07 08:00:00,101,50,51
2015-11-07 09:00:00,96,39,57
2015-11-07 10:00:00,71,41,30
2015-11-07 11:00:00,69,31,38
2015-11-07 12:00:00,106,49,57
2015-11-07 13:00:00,50,21,29
2015-11-07 14:00:00,71,28,43
2015-11-07 15:00:00,53,21,32
2015-11-07 16:00:00,67,34,33
2015-11-07 17:00:00,49,16,33
2015-11-07 18:00:00,12,7,5
2015-11-07 19:00:00,13,7,6
2015-11-07 20:00:00,3,1,2
2015-11-07 21:00:00,8,5,3
2015-11-07 22:00:00,6,1,5
2015-11-07 23:00:00,0,0,0
2015-11-08 00:00:00,1,1,0
2015-11-08 01:00:00,1,0,1
2015-11-08 02:00:00,0,0,0
2015-11-08 03:00:00,2,1,1
2015-11-08 04:00:00,0,0,0
2015-11-08 05:00:00,6,3,3
2015-11-08 06:00:00,4,3,1
2015-11-08 07:00:00,40,20,20
2015-11-08 08:00:00,116,67,49
2015-11-08 09:00:00,210,99,111
2015-11-08 10:00:00,110,53,57
2015-11-08 11:00:00,71,31,40
2015-11-08 12:00:00,83,41,42
2015-11-08 13:00:00,144,68,76
2015-11-08 14:00:00,185,101,84
2015-11-08 15:00:00,299,138,161
2015-11-08 16:00:00,458,229,229
2015-11-08 17:00:00,224,82,142
2015-11-08 18:00:00,34,12,22
2015-11-08 19:00:00,14,9,5
2015-11-08 20:00:00,5,1,4
2015-11-08 21:00:00,6,2,4
2015-11-08 22:00:00,3,2,1
2015-11-08 23:00:00,6,3,3
2015-11-09 00:00:00,1,1,0
2015-11-09 01:00:00,2,1,1
2015-11-09 02:00:00,1,1,0
2015-11-09 03:00:00,1,0,1
2015-11-09 04:00:00,1,0,1
2015-11-09 05:00:00,9,7,2
2015-11-09 06:00:00,26,14,12
2015-11-09 07:00:00,59,27,32
2015-11-09 08:00:00,65,35,30
2015-11-09 09:00:00,62,33,29
2015-11-09 10:00:00,27,14,13
2015-11-09 11:00:00,47,24,23
2015-11-09 12:00:00,150,79,71
2015-11-09 13:00:00,180,84,96
2015-11-09 14:00:00,101,47,54
2015-11-09 15:00:00,101,53,48
2015-11-09 16:00:00,122,60,62
2015-11-09 17:00:00,139,63,76
2015-11-09 18:00:00,84,49,35
2015-11-09 19:00:00,50,27,23
2015-11-09 20:00:00,18,9,9
2015-11-09 21:00:00,17,11,6
2015-11-09 22:00:00,9,3,6
2015-11-09 23:00:00,0,0,0
2015-11-10 00:00:00,2,1,1
2015-11-10 01:00:00,1,1,0
2015-11-10 02:00:00,1,0,1
2015-11-10 03:00:00,4,4,0
2015-11-10 04:00:00,1,0,1
2015-11-10 05:00:00,11,9,2
2015-11-10 06:00:00,74,42,32
2015-11-10 07:00:00,109,49,60
2015-11-10 08:00:00,117,58,59
2015-11-10 09:00:00,85,36,49
2015-11-10 10:00:00,65,29,36
2015-11-10 11:00:00,105,58,47
2015-11-10 12:00:00,268,145,123
2015-11-10 13:00:00,212,89,123
2015-11-10 14:00:00,97,49,48
2015-11-10 15:00:00,99,53,46
2015-11-10 16:00:00,123,61,62
2015-11-10 17:00:00,146,72,74
2015-11-10 18:00:00,62,34,28
2015-11-10 19:00:00,48,26,22
2015-11-10 20:00:00,12,5,7
2015-11-10 21:00:00,8,5,3
2015-11-10 22:00:00,11,4,7
2015-11-10 23:00:00,2,0,2
2015-11-11 00:00:00,1,1,0
2015-11-11 01:00:00,0,0,0
2015-11-11 02:00:00,0,0,0
2015-11-11 03:00:00,1,0,1
2015-11-11 04:00:00,2,1,1
2015-11-11 05:00:00,6,4,2
2015-11-11 06:00:00,61,34,27
2015-11-11 07:00:00,90,45,45
2015-11-11 08:00:00,107,45,62
2015-11-11 09:00:00,113,50,63
2015-11-11 10:00:00,111,44,67
2015-11-11 11:00:00,118,63,55
2015-11-11 12:00:00,292,159,133
2015-11-11 13:00:00,284,128,156
2015-11-11 14:00:00,193,90,103
2015-11-11 15:00:00,178,83,95
2015-11-11 16:00:00,142,76,66
2015-11-11 17:00:00,150,71,79
2015-11-11 18:00:00,59,29,30
2015-11-11 19:00:00,47,21,26
2015-11-11 20:00:00,16,5,11
2015-11-11 21:00:00,8,4,4
2015-11-11 22:00:00,9,4,5
2015-11-11 23:00:00,2,0,2
2015-11-12 00:00:00,4,0,4
2015-11-12 01:00:00,4,0,4
2015-11-12 02:00:00,0,0,0
2015-11-12 03:00:00,4,3,1
2015-11-12 04:00:00,4,1,3
2015-11-12 05:00:00,11,7,4
2015-11-12 06:00:00,45,26,19
2015-11-12 07:00:00,132,68,64
2015-11-12 08:00:00,113,51,62
2015-11-12 09:00:00,77,40,37
2015-11-12 10:00:00,49,19,30
2015-11-12 11:00:00,87,42,45
2015-11-12 12:00:00,168,89,79
2015-11-12 13:00:00,127,54,73
2015-11-12 14:00:00,64,25,39
2015-11-12 15:00:00,35,12,23
2015-11-12 16:00:00,55,30,25
2015-11-12 17:00:00,45,26,19
2015-11-12 18:00:00,25,13,12
2015-11-12 19:00:00,14,6,8
2015-11-12 20:00:00,7,6,1
2015-11-12 21:00:00,10,7,3
2015-11-12 22:00:00,4,2,2
2015-11-12 23:00:00,1,0,1
2015-11-13 00:00:00,0,0,0
2015-11-13 01:00:00,0,0,0
2015-11-13 02:00:00,0,0,0
2015-11-13 03:00:00,0,0,0
2015-11-13 04:00:00,1,1,0
2015-11-13 05:00:00,3,2,1
2015-11-13 06:00:00,18,12,6
2015-11-13 07:00:00,37,14,23
2015-11-13 08:00:00,63,32,31
2015-11-13 09:00:00,71,32,39
2015-11-13 10:00:00,69,35,34
2015-11-13 11:00:00,56,22,34
2015-11-13 12:00:00,44,24,20
2015-11-13 13:00:00,41,20,21
2015-11-13 14:00:00,20,11,9
2015-11-13 15:00:00,32,16,16
2015-11-13 16:00:00,79,40,39
2015-11-13 17:00:00,75,39,36
2015-11-13 18:00:00,48,24,24
2015-11-13 19:00:00,23,10,13
2015-11-13 20:00:00,8,3,5
2015-11-13 21:00:00,4,2,2
2015-11-13 22:00:00,0,0,0
2015-11-13 23:00:00,2,1,1
2015-11-14 00:00:00,3,2,1
2015-11-14 01:00:00,1,0,1
2015-11-14 02:00:00,0,0,0
2015-11-14 03:00:00,0,0,0
2015-11-14 04:00:00,4,2,2
2015-11-14 05:00:00,1,0,1
2015-11-14 06:00:00,2,2,0
2015-11-14 07:00:00,20,10,10
2015-11-14 08:00:00,52,27,25
2015-11-14 09:00:00,72,36,36
2015-11-14 10:00:00,69,31,38
2015-11-14 11:00:00,98,42,56
2015-11-14 12:00:00,87,43,44
2015-11-14 13:00:00,56,24,32
2015-11-14 14:00:00,50,22,28
2015-11-14 15:00:00,38,18,20
2015-11-14 16:00:00,52,28,24
2015-11-14 17:00:00,32,14,18
2015-11-14 18:00:00,11,6,5
2015-11-14 19:00:00,2,1,1
2015-11-14 20:00:00,1,0,1
2015-11-14 21:00:00,2,1,1
2015-11-14 22:00:00,4,2,2
2015-11-14 23:00:00,3,2,1
2015-11-15 00:00:00,0,0,0
2015-11-15 01:00:00,0,0,0
2015-11-15 02:00:00,1,0,1
2015-11-15 03:00:00,0,0,0
2015-11-15 04:00:00,0,0,0
2015-11-15 05:00:00,0,0,0
2015-11-15 06:00:00,10,6,4
2015-11-15 07:00:00,13,8,5
2015-11-15 08:00:00,61,40,21
2015-11-15 09:00:00,96,44,52
2015-11-15 10:00:00,128,78,50
2015-11-15 11:00:00,198,98,100
2015-11-15 12:00:00,289,148,141
2015-11-15 13:00:00,248,132,116
2015-11-15 14:00:00,273,140,133
2015-11-15 15:00:00,418,180,238
2015-11-15 16:00:00,345,155,190
2015-11-15 17:00:00,153,55,98
2015-11-15 18:00:00,25,9,16
2015-11-15 19:00:00,5,3,2
2015-11-15 20:00:00,2,2,0
2015-11-15 21:00:00,6,3,3
2015-11-15 22:00:00,8,5,3
2015-11-15 23:00:00,3,2,1
2015-11-16 00:00:00,2,0,2
2015-11-16 01:00:00,0,0,0
2015-11-16 02:00:00,0,0,0
2015-11-16 03:00:00,0,0,0
2015-11-16 04:00:00,2,0,2
2015-11-16 05:00:00,6,5,1
2015-11-16 06:00:00,35,19,16
2015-11-16 07:00:00,59,29,30
2015-11-16 08:00:00,85,43,42
2015-11-16 09:00:00,73,40,33
2015-11-16 10:00:00,49,21,28
2015-11-16 11:00:00,54,35,19
2015-11-16 12:00:00,113,58,55
2015-11-16 13:00:00,88,38,50
2015-11-16 14:00:00,31,15,16
2015-11-16 15:00:00,38,18,20
2015-11-16 16:00:00,41,19,22
2015-11-16 17:00:00,41,21,20
2015-11-16 18:00:00,45,29,16
2015-11-16 19:00:00,28,16,12
2015-11-16 20:00:00,12,6,6
2015-11-16 21:00:00,4,2,2
2015-11-16 22:00:00,3,2,1
2015-11-16 23:00:00,2,2,0
2015-11-17 00:00:00,0,0,0
2015-11-17 01:00:00,0,0,0
2015-11-17 02:00:00,1,1,0
2015-11-17 03:00:00,0,0,0
2015-11-17 04:00:00,0,0,0
2015-11-17 05:00:00,4,3,1
2015-11-17 06:00:00,26,16,10
2015-11-17 07:00:00,65,28,37
2015-11-17 08:00:00,41,20,21
2015-11-17 09:00:00,34,19,15
2015-11-17 10:00:00,8,2,6
2015-11-17 11:00:00,11,7,4
2015-11-17 12:00:00,56,33,23
2015-11-17 13:00:00,45,17,28
2015-11-17 14:00:00,25,12,13
2015-11-17 15:00:00,24,13,11
2015-11-17 16:00:00,74,44,30
2015-11-17 17:00:00,98,47,51
2015-11-17 18:00:00,59,30,29
2015-11-17 19:00:00,25,11,14
2015-11-17 20:00:00,11,5,6
2015-11-17 21:00:00,4,1,3
2015-11-17 22:00:00,5,4,1
2015-11-17 23:00:00,2,1,1
2015-11-18 00:00:00,4,1,3
2015-11-18 01:00:00,1,1,0
2015-11-18 02:00:00,0,0,0
2015-11-18 03:00:00,0,0,0
2015-11-18 04:00:00,2,1,1
2015-11-18 05:00:00,8,7,1
2015-11-18 06:00:00,54,32,22
2015-11-18 07:00:00,107,44,63
2015-11-18 08:00:00,115,60,55
2015-11-18 09:00:00,97,35,62
2015-11-18 10:00:00,75,32,43
2015-11-18 11:00:00,91,47,44
2015-11-18 12:00:00,211,115,96
2015-11-18 13:00:00,228,114,114
2015-11-18 14:00:00,101,47,54
2015-11-18 15:00:00,87,42,45
2015-11-18 16:00:00,123,62,61
2015-11-18 17:00:00,103,52,51
2015-11-18 18:00:00,65,30,35
2015-11-18 19:00:00,50,29,21
2015-11-18 20:00:00,8,5,3
2015-11-18 21:00:00,5,2,3
2015-11-18 22:00:00,4,2,2
2015-11-18 23:00:00,2,0,2
2015-11-19 00:00:00,0,0,0
2015-11-19 01:00:00,0,0,0
2015-11-19 02:00:00,0,0,0
2015-11-19 03:00:00,0,0,0
2015-11-19 04:00:00,3,1,2
2015-11-19 05:00:00,8,4,4
2015-11-19 06:00:00,45,32,13
2015-11-19 07:00:00,109,52,57
2015-11-19 08:00:00,102,43,59
2015-11-19 09:00:00,87,45,42
2015-11-19 10:00:00,103,54,49
2015-11-19 11:00:00,83,38,45
2015-11-19 12:00:00,235,131,104
2015-11-19 13:00:00,238,102,136
2015-11-19 14:00:00,147,80,67
2015-11-19 15:00:00,174,77,97
2015-11-19 16:00:00,183,71,112
2015-11-19 17:00:00,115,52,63
2015-11-19 18:00:00,44,26,18
2015-11-19 19:00:00,49,22,27
2015-11-19 20:00:00,8,5,3
2015-11-19 21:00:00,9,6,3
2015-11-19 22:00:00,7,4,3
2015-11-19 23:00:00,1,0,1
2015-11-20 00:00:00,2,0,2
2015-11-20 01:00:00,0,0,0
2015-11-20 02:00:00,0,0,0
2015-11-20 03:00:00,2,1,1
2015-11-20 04:00:00,1,0,1
2015-11-20 05:00:00,4,3,1
2015-11-20 06:00:00,23,15,8
2015-11-20 07:00:00,85,44,41
2015-11-20 08:00:00,80,30,50
2015-11-20 09:00:00,78,38,40
2015-11-20 10:00:00,71,32,39
2015-11-20 11:00:00,85,40,45
2015-11-20 12:00:00,163,90,73
2015-11-20 13:00:00,208,89,119
2015-11-20 14:00:00,121,59,62
2015-11-20 15:00:00,160,71,89
2015-11-20 16:00:00,233,109,124
2015-11-20 17:00:00,105,46,59
2015-11-20 18:00:00,48,26,22
2015-11-20 19:00:00,19,12,7
2015-11-20 20:00:00,5,4,1
2015-11-20 21:00:00,4,1,3
2015-11-20 22:00:00,8,4,4
2015-11-20 23:00:00,6,3,3
2015-11-21 00:00:00,0,0,0
2015-11-21 01:00:00,0,0,0
2015-11-21 02:00:00,0,0,0
2015-11-21 03:00:00,0,0,0
2015-11-21 04:00:00,1,1,0
2015-11-21 05:00:00,3,3,0
2015-11-21 06:00:00,6,5,1
2015-11-21 07:00:00,32,18,14
2015-11-21 08:00:00,88,47,41
2015-11-21 09:00:00,121,64,57
2015-11-21 10:00:00,155,78,77
2015-11-21 11:00:00,186,94,92
2015-11-21 12:00:00,223,111,112
2015-11-21 13:00:00,199,91,108
2015-11-21 14:00:00,205,98,107
2015-11-21 15:00:00,362,161,201
2015-11-21 16:00:00,392,167,225
2015-11-21 17:00:00,139,51,88
2015-11-21 18:00:00,28,13,15
2015-11-21 19:00:00,6,3,3
2015-11-21 20:00:00,3,2,1
2015-11-21 21:00:00,6,1,5
2015-11-21 22:00:00,5,2,3
2015-11-21 23:00:00,2,1,1
2015-11-22 00:00:00,3,2,1
2015-11-22 01:00:00,2,1,1
2015-11-22 02:00:00,0,0,0
2015-11-22 03:00:00,0,0,0
2015-11-22 04:00:00,0,0,0
2015-11-22 05:00:00,0,0,0
2015-11-22 06:00:00,5,4,1
2015-11-22 07:00:00,26,14,12
2015-11-22 08:00:00,77,43,34
2015-11-22 09:00:00,154,84,70
2015-11-22 10:00:00,188,96,92
2015-11-22 11:00:00,225,95,130
2015-11-22 12:00:00,223,103,120
2015-11-22 13:00:00,195,92,103
2015-11-22 14:00:00,191,90,101
2015-11-22 15:00:00,261,98,163
2015-11-22 16:00:00,264,120,144
2015-11-22 17:00:00,107,45,62
2015-11-22 18:00:00,22,9,13
2015-11-22 19:00:00,12,8,4
2015-11-22 20:00:00,9,6,3
2015-11-22 21:00:00,5,1,4
2015-11-22 22:00:00,6,3,3
2015-11-22 23:00:00,3,2,1
2015-11-23 00:00:00,1,1,0
2015-11-23 01:00:00,0,0,0
2015-11-23 02:00:00,0,0,0
2015-11-23 03:00:00,0,0,0
2015-11-23 04:00:00,0,0,0
2015-11-23 05:00:00,8,7,1
2015-11-23 06:00:00,28,15,13
2015-11-23 07:00:00,69,36,33
2015-11-23 08:00:00,77,37,40
2015-11-23 09:00:00,79,36,43
2015-11-23 10:00:00,58,21,37
2015-11-23 11:00:00,82,49,33
2015-11-23 12:00:00,184,94,90
2015-11-23 13:00:00,153,61,92
2015-11-23 14:00:00,73,35,38
2015-11-23 15:00:00,66,35,31
2015-11-23 16:00:00,41,10,31
2015-11-23 17:00:00,54,35,19
2015-11-23 18:00:00,27,17,10
2015-11-23 19:00:00,27,14,13
2015-11-23 20:00:00,8,5,3
2015-11-23 21:00:00,6,2,4
2015-11-23 22:00:00,0,0,0
2015-11-23 23:00:00,0,0,0
2015-11-24 00:00:00,1,1,0
2015-11-24 01:00:00,0,0,0
2015-11-24 02:00:00,0,0,0
2015-11-24 03:00:00,0,0,0
2015-11-24 04:00:00,1,1,0
2015-11-24 05:00:00,9,5,4
2015-11-24 06:00:00,25,13,12
2015-11-24 07:00:00,67,33,34
2015-11-24 08:00:00,52,18,34
2015-11-24 09:00:00,39,20,19
2015-11-24 10:00:00,42,15,27
2015-11-24 11:00:00,46,25,21
2015-11-24 12:00:00,160,85,75
2015-11-24 13:00:00,146,69,77
2015-11-24 14:00:00,79,33,46
2015-11-24 15:00:00,92,40,52
2015-11-24 16:00:00,158,84,74
2015-11-24 17:00:00,100,47,53
2015-11-24 18:00:00,54,33,21
2015-11-24 19:00:00,24,9,15
2015-11-24 20:00:00,9,5,4
2015-11-24 21:00:00,10,4,6
2015-11-24 22:00:00,6,3,3
2015-11-24 23:00:00,3,2,1
2015-11-25 00:00:00,0,0,0
2015-11-25 01:00:00,1,0,1
2015-11-25 02:00:00,0,0,0
2015-11-25 03:00:00,1,1,0
2015-11-25 04:00:00,0,0,0
2015-11-25 05:00:00,1,1,0
2015-11-25 06:00:00,26,16,10
2015-11-25 07:00:00,58,30,28
2015-11-25 08:00:00,83,42,41
2015-11-25 09:00:00,73,43,30
2015-11-25 10:00:00,75,28,47
2015-11-25 11:00:00,108,49,59
2015-11-25 12:00:00,193,101,92
2015-11-25 13:00:00,155,59,96
2015-11-25 14:00:00,131,55,76
2015-11-25 15:00:00,192,75,117
2015-11-25 16:00:00,247,123,124
2015-11-25 17:00:00,90,35,55
2015-11-25 18:00:00,29,13,16
2015-11-25 19:00:00,25,15,10
2015-11-25 20:00:00,9,6,3
2015-11-25 21:00:00,5,2,3
2015-11-25 22:00:00,1,1,0
2015-11-25 23:00:00,3,2,1
2015-11-26 00:00:00,1,0,1
2015-11-26 01:00:00,0,0,0
2015-11-26 02:00:00,0,0,0
2015-11-26 03:00:00,1,1,0
2015-11-26 04:00:00,1,0,1
2015-11-26 05:00:00,4,3,1
2015-11-26 06:00:00,2,1,1
2015-11-26 07:00:00,26,17,9
2015-11-26 08:00:00,86,45,41
2015-11-26 09:00:00,116,65,51
2015-11-26 10:00:00,204,110,94
2015-11-26 11:00:00,237,109,128
2015-11-26 12:00:00,255,111,144
2015-11-26 13:00:00,256,114,142
2015-11-26 14:00:00,164,73,91
2015-11-26 15:00:00,209,84,125
2015-11-26 16:00:00,221,87,134
2015-11-26 17:00:00,59,15,44
2015-11-26 18:00:00,28,13,15
2015-11-26 19:00:00,16,9,7
2015-11-26 20:00:00,11,5,6
2015-11-26 21:00:00,8,6,2
2015-11-26 22:00:00,5,3,2
2015-11-26 23:00:00,0,0,0
2015-11-27 00:00:00,3,2,1
2015-11-27 01:00:00,0,0,0
2015-11-27 02:00:00,0,0,0
2015-11-27 03:00:00,1,0,1
2015-11-27 04:00:00,1,1,0
2015-11-27 05:00:00,1,0,1
2015-11-27 06:00:00,3,1,2
2015-11-27 07:00:00,31,15,16
2015-11-27 08:00:00,57,29,28
2015-11-27 09:00:00,87,43,44
2015-11-27 10:00:00,122,55,67
2015-11-27 11:00:00,131,63,68
2015-11-27 12:00:00,165,71,94
2015-11-27 13:00:00,198,90,108
2015-11-27 14:00:00,202,89,113
2015-11-27 15:00:00,267,119,148
2015-11-27 16:00:00,323,138,185
2015-11-27 17:00:00,74,27,47
2015-11-27 18:00:00,13,7,6
2015-11-27 19:00:00,23,16,7
2015-11-27 20:00:00,4,3,1
2015-11-27 21:00:00,8,6,2
2015-11-27 22:00:00,7,4,3
2015-11-27 23:00:00,4,3,1
2015-11-28 00:00:00,0,0,0
2015-11-28 01:00:00,2,1,1
2015-11-28 02:00:00,2,2,0
2015-11-28 03:00:00,1,1,0
2015-11-28 04:00:00,2,1,1
2015-11-28 05:00:00,3,1,2
2015-11-28 06:00:00,5,3,2
2015-11-28 07:00:00,22,12,10
2015-11-28 08:00:00,60,30,30
2015-11-28 09:00:00,107,56,51
2015-11-28 10:00:00,173,98,75
2015-11-28 11:00:00,141,68,73
2015-11-28 12:00:00,202,88,114
2015-11-28 13:00:00,213,98,115
2015-11-28 14:00:00,210,110,100
2015-11-28 15:00:00,337,160,177
2015-11-28 16:00:00,369,136,233
2015-11-28 17:00:00,92,29,63
2015-11-28 18:00:00,19,12,7
2015-11-28 19:00:00,13,6,7
2015-11-28 20:00:00,4,2,2
2015-11-28 21:00:00,9,7,2
2015-11-28 22:00:00,3,2,1
2015-11-28 23:00:00,4,2,2
2015-11-29 00:00:00,0,0,0
2015-11-29 01:00:00,0,0,0
2015-11-29 02:00:00,0,0,0
2015-11-29 03:00:00,0,0,0
2015-11-29 04:00:00,0,0,0
2015-11-29 05:00:00,0,0,0
2015-11-29 06:00:00,6,5,1
2015-11-29 07:00:00,15,10,5
2015-11-29 08:00:00,53,22,31
2015-11-29 09:00:00,99,49,50
2015-11-29 10:00:00,103,54,49
2015-11-29 11:00:00,97,46,51
2015-11-29 12:00:00,101,43,58
2015-11-29 13:00:00,78,29,49
2015-11-29 14:00:00,79,33,46
2015-11-29 15:00:00,110,58,52
2015-11-29 16:00:00,129,68,61
2015-11-29 17:00:00,60,23,37
2015-11-29 18:00:00,16,9,7
2015-11-29 19:00:00,7,3,4
2015-11-29 20:00:00,11,5,6
2015-11-29 21:00:00,6,4,2
2015-11-29 22:00:00,3,2,1
2015-11-29 23:00:00,0,0,0
2015-11-30 00:00:00,0,0,0
2015-11-30 01:00:00,0,0,0
2015-11-30 02:00:00,1,1,0
2015-11-30 03:00:00,2,2,0
2015-11-30 04:00:00,2,0,2
2015-11-30 05:00:00,4,4,0
2015-11-30 06:00:00,21,12,9
2015-11-30 07:00:00,54,27,27
2015-11-30 08:00:00,56,26,30
2015-11-30 09:00:00,59,30,29
2015-11-30 10:00:00,57,25,32
2015-11-30 11:00:00,82,43,39
2015-11-30 12:00:00,189,108,81
2015-11-30 13:00:00,225,101,124
2015-11-30 14:00:00,97,41,56
2015-11-30 15:00:00,67,27,40
2015-11-30 16:00:00,66,29,37
2015-11-30 17:00:00,34,20,14
2015-11-30 18:00:00,44,26,18
2015-11-30 19:00:00,38,18,20
2015-11-30 20:00:00,11,4,7
2015-11-30 21:00:00,14,7,7
2015-11-30 22:00:00,5,3,2
2015-11-30 23:00:00,2,0,2
2015-12-01 00:00:00,1,1,0
2015-12-01 01:00:00,0,0,0
2015-12-01 02:00:00,0,0,0
2015-12-01 03:00:00,1,1,0
2015-12-01 04:00:00,1,0,1
2015-12-01 05:00:00,8,5,3
2015-12-01 06:00:00,28,16,12
2015-12-01 07:00:00,73,39,34
2015-12-01 08:00:00,74,35,39
2015-12-01 09:00:00,64,31,33
2015-12-01 10:00:00,61,33,28
2015-12-01 11:00:00,95,47,48
2015-12-01 12:00:00,229,113,116
2015-12-01 13:00:00,218,104,114
2015-12-01 14:00:00,92,42,50
2015-12-01 15:00:00,72,36,36
2015-12-01 16:00:00,111,51,60
2015-12-01 17:00:00,90,47,43
2015-12-01 18:00:00,32,19,13
2015-12-01 19:00:00,22,12,10
2015-12-01 20:00:00,4,2,2
2015-12-01 21:00:00,2,0,2
2015-12-01 22:00:00,3,2,1
2015-12-01 23:00:00,0,0,0
2015-12-02 00:00:00,0,0,0
2015-12-02 01:00:00,0,0,0
2015-12-02 02:00:00,0,0,0
2015-12-02 03:00:00,0,0,0
2015-12-02 04:00:00,0,0,0
2015-12-02 05:00:00,11,6,5
2015-12-02 06:00:00,45,24,21
2015-12-02 07:00:00,80,42,38
2015-12-02 08:00:00,71,28,43
2015-12-02 09:00:00,84,43,41
2015-12-02 10:00:00,64,34,30
2015-12-02 11:00:00,86,42,44
2015-12-02 12:00:00,163,87,76
2015-12-02 13:00:00,129,54,75
2015-12-02 14:00:00,92,47,45
2015-12-02 15:00:00,82,48,34
2015-12-02 16:00:00,136,63,73
2015-12-02 17:00:00,77,38,39
2015-12-02 18:00:00,44,22,22
2015-12-02 19:00:00,30,21,9
2015-12-02 20:00:00,12,6,6
2015-12-02 21:00:00,17,10,7
2015-12-02 22:00:00,3,2,1
2015-12-02 23:00:00,5,0,5
2015-12-03 00:00:00,2,2,0
2015-12-03 01:00:00,0,0,0
2015-12-03 02:00:00,0,0,0
2015-12-03 03:00:00,1,1,0
2015-12-03 04:00:00,1,0,1
2015-12-03 05:00:00,6,3,3
2015-12-03 06:00:00,27,18,9
2015-12-03 07:00:00,52,24,28
2015-12-03 08:00:00,39,17,22
2015-12-03 09:00:00,63,34,29
2015-12-03 10:00:00,48,21,27
2015-12-03 11:00:00,45,21,24
2015-12-03 12:00:00,153,88,65
2015-12-03 13:00:00,109,47,62
2015-12-03 14:00:00,79,35,44
2015-12-03 15:00:00,63,31,32
2015-12-03 16:00:00,68,25,43
2015-12-03 17:00:00,28,15,13
2015-12-03 18:00:00,28,20,8
2015-12-03 19:00:00,29,15,14
2015-12-03 20:00:00,4,2,2
2015-12-03 21:00:00,11,5,6
2015-12-03 22:00:00,5,4,1
2015-12-03 23:00:00,7,4,3
2015-12-04 00:00:00,2,1,1
2015-12-04 01:00:00,1,0,1
2015-12-04 02:00:00,2,2,0
2015-12-04 03:00:00,0,0,0
2015-12-04 04:00:00,1,0,1
2015-12-04 05:00:00,1,1,0
2015-12-04 06:00:00,39,24,15
2015-12-04 07:00:00,75,36,39
2015-12-04 08:00:00,88,39,49
2015-12-04 09:00:00,77,35,42
2015-12-04 10:00:00,79,40,39
2015-12-04 11:00:00,88,42,46
2015-12-04 12:00:00,184,96,88
2015-12-04 13:00:00,190,89,101
2015-12-04 14:00:00,93,43,50
2015-12-04 15:00:00,126,60,66
2015-12-04 16:00:00,133,58,75
2015-12-04 17:00:00,74,30,44
2015-12-04 18:00:00,30,20,10
2015-12-04 19:00:00,23,12,11
2015-12-04 20:00:00,7,2,5
2015-12-04 21:00:00,7,5,2
2015-12-04 22:00:00,3,0,3
2015-12-04 23:00:00,5,3,2
2015-12-05 00:00:00,4,2,2
2015-12-05 01:00:00,0,0,0
2015-12-05 02:00:00,0,0,0
2015-12-05 03:00:00,6,4,2
2015-12-05 04:00:00,1,0,1
2015-12-05 05:00:00,3,2,1
2015-12-05 06:00:00,4,2,2
2015-12-05 07:00:00,21,12,9
2015-12-05 08:00:00,97,51,46
2015-12-05 09:00:00,116,52,64
2015-12-05 10:00:00,67,28,39
2015-12-05 11:00:00,36,16,20
2015-12-05 12:00:00,50,22,28
2015-12-05 13:00:00,41,16,25
2015-12-05 14:00:00,22,11,11
2015-12-05 15:00:00,34,20,14
2015-12-05 16:00:00,41,15,26
2015-12-05 17:00:00,29,14,15
2015-12-05 18:00:00,15,5,10
2015-12-05 19:00:00,5,3,2
2015-12-05 20:00:00,2,1,1
2015-12-05 21:00:00,0,0,0
2015-12-05 22:00:00,0,0,0
2015-12-05 23:00:00,2,0,2
2015-12-06 00:00:00,0,0,0
2015-12-06 01:00:00,0,0,0
2015-12-06 02:00:00,0,0,0
2015-12-06 03:00:00,0,0,0
2015-12-06 04:00:00,0,0,0
2015-12-06 05:00:00,0,0,0
2015-12-06 06:00:00,4,2,2
2015-12-06 07:00:00,5,3,2
2015-12-06 08:00:00,46,25,21
2015-12-06 09:00:00,78,41,37
2015-12-06 10:00:00,101,47,54
2015-12-06 11:00:00,96,45,51
2015-12-06 12:00:00,120,66,54
2015-12-06 13:00:00,147,60,87
2015-12-06 14:00:00,139,60,79
2015-12-06 15:00:00,148,72,76
2015-12-06 16:00:00,91,32,59
2015-12-06 17:00:00,40,21,19
2015-12-06 18:00:00,13,5,8
2015-12-06 19:00:00,10,5,5
2015-12-06 20:00:00,8,4,4
2015-12-06 21:00:00,2,2,0
2015-12-06 22:00:00,0,0,0
2015-12-06 23:00:00,0,0,0
2015-12-07 00:00:00,0,0,0
2015-12-07 01:00:00,2,1,1
2015-12-07 02:00:00,0,0,0
2015-12-07 03:00:00,0,0,0
2015-12-07 04:00:00,2,1,1
2015-12-07 05:00:00,8,5,3
2015-12-07 06:00:00,38,22,16
2015-12-07 07:00:00,66,31,35
2015-12-07 08:00:00,76,38,38
2015-12-07 09:00:00,49,17,32
2015-12-07 10:00:00,15,7,8
2015-12-07 11:00:00,23,10,13
2015-12-07 12:00:00,67,36,31
2015-12-07 13:00:00,38,17,21
2015-12-07 14:00:00,21,9,12
2015-12-07 15:00:00,36,18,18
2015-12-07 16:00:00,60,31,29
2015-12-07 17:00:00,70,40,30
2015-12-07 18:00:00,56,33,23
2015-12-07 19:00:00,33,20,13
2015-12-07 20:00:00,9,2,7
2015-12-07 21:00:00,13,8,5
2015-12-07 22:00:00,2,2,0
2015-12-07 23:00:00,1,1,0
2015-12-08 00:00:00,0,0,0
2015-12-08 01:00:00,0,0,0
2015-12-08 02:00:00,0,0,0
2015-12-08 03:00:00,1,1,0
2015-12-08 04:00:00,1,0,1
2015-12-08 05:00:00,5,3,2
2015-12-08 06:00:00,35,23,12
2015-12-08 07:00:00,45,12,33
2015-12-08 08:00:00,38,22,16
2015-12-08 09:00:00,48,25,23
2015-12-08 10:00:00,35,17,18
2015-12-08 11:00:00,12,6,6
2015-12-08 12:00:00,65,40,25
2015-12-08 13:00:00,50,21,29
2015-12-08 14:00:00,22,13,9
2015-12-08 15:00:00,29,19,10
2015-12-08 16:00:00,56,22,34
2015-12-08 17:00:00,40,23,17
2015-12-08 18:00:00,35,21,14
2015-12-08 19:00:00,27,14,13
2015-12-08 20:00:00,4,2,2
2015-12-08 21:00:00,1,1,0
2015-12-08 22:00:00,2,1,1
2015-12-08 23:00:00,2,0,2
2015-12-09 00:00:00,0,0,0
2015-12-09 01:00:00,0,0,0
2015-12-09 02:00:00,0,0,0
2015-12-09 03:00:00,0,0,0
2015-12-09 04:00:00,0,0,0
2015-12-09 05:00:00,3,1,2
2015-12-09 06:00:00,25,12,13
2015-12-09 07:00:00,33,18,15
2015-12-09 08:00:00,42,18,24
2015-12-09 09:00:00,62,28,34
2015-12-09 10:00:00,83,39,44
2015-12-09 11:00:00,82,46,36
2015-12-09 12:00:00,173,94,79
2015-12-09 13:00:00,189,99,90
2015-12-09 14:00:00,107,48,59
2015-12-09 15:00:00,137,59,78
2015-12-09 16:00:00,144,69,75
2015-12-09 17:00:00,91,43,48
2015-12-09 18:00:00,61,31,30
2015-12-09 19:00:00,31,18,13
2015-12-09 20:00:00,9,4,5
2015-12-09 21:00:00,10,5,5
2015-12-09 22:00:00,15,7,8
2015-12-09 23:00:00,7,2,5
2015-12-10 00:00:00,4,2,2
2015-12-10 01:00:00,1,1,0
2015-12-10 02:00:00,0,0,0
2015-12-10 03:00:00,0,0,0
2015-12-10 04:00:00,3,1,2
2015-12-10 05:00:00,6,5,1
2015-12-10 06:00:00,33,19,14
2015-12-10 07:00:00,76,39,37
2015-12-10 08:00:00,87,42,45
2015-12-10 09:00:00,57,23,34
2015-12-10 10:00:00,25,9,16
2015-12-10 11:00:00,16,8,8
2015-12-10 12:00:00,31,17,14
2015-12-10 13:00:00,35,17,18
2015-12-10 14:00:00,35,18,17
2015-12-10 15:00:00,46,30,16
2015-12-10 16:00:00,51,17,34
2015-12-10 17:00:00,28,19,9
2015-12-10 18:00:00,21,12,9
2015-12-10 19:00:00,23,12,11
2015-12-10 20:00:00,9,4,5
2015-12-10 21:00:00,4,2,2
2015-12-10 22:00:00,3,1,2
2015-12-10 23:00:00,2,1,1
2015-12-11 00:00:00,1,1,0
2015-12-11 01:00:00,2,2,0
2015-12-11 02:00:00,1,0,1
2015-12-11 03:00:00,1,1,0
2015-12-11 04:00:00,2,1,1
2015-12-11 05:00:00,8,5,3
2015-12-11 06:00:00,27,18,9
2015-12-11 07:00:00,71,36,35
2015-12-11 08:00:00,62,31,31
2015-12-11 09:00:00,72,36,36
2015-12-11 10:00:00,78,36,42
2015-12-11 11:00:00,73,36,37
2015-12-11 12:00:00,165,101,64
2015-12-11 13:00:00,168,65,103
2015-12-11 14:00:00,114,50,64
2015-12-11 15:00:00,126,60,66
2015-12-11 16:00:00,123,60,63
2015-12-11 17:00:00,66,30,36
2015-12-11 18:00:00,35,22,13
2015-12-11 19:00:00,22,12,10
2015-12-11 20:00:00,14,8,6
2015-12-11 21:00:00,5,2,3
2015-12-11 22:00:00,6,3,3
2015-12-11 23:00:00,5,3,2
2015-12-12 00:00:00,1,0,1
2015-12-12 01:00:00,2,2,0
2015-12-12 02:00:00,4,3,1
2015-12-12 03:00:00,3,0,3
2015-12-12 04:00:00,2,1,1
2015-12-12 05:00:00,0,0,0
2015-12-12 06:00:00,6,5,1
2015-12-12 07:00:00,14,7,7
2015-12-12 08:00:00,55,29,26
2015-12-12 09:00:00,81,44,37
2015-12-12 10:00:00,96,53,43
2015-12-12 11:00:00,50,18,32
2015-12-12 12:00:00,40,17,23
2015-12-12 13:00:00,25,12,13
2015-12-12 14:00:00,24,10,14
2015-12-12 15:00:00,54,29,25
2015-12-12 16:00:00,52,22,30
2015-12-12 17:00:00,26,13,13
2015-12-12 18:00:00,13,4,9
2015-12-12 19:00:00,10,6,4
2015-12-12 20:00:00,1,1,0
2015-12-12 21:00:00,1,0,1
2015-12-12 22:00:00,1,0,1
2015-12-12 23:00:00,3,0,3
2015-12-13 00:00:00,1,1,0
2015-12-13 01:00:00,0,0,0
2015-12-13 02:00:00,1,1,0
2015-12-13 03:00:00,0,0,0
2015-12-13 04:00:00,0,0,0
2015-12-13 05:00:00,1,0,1
2015-12-13 06:00:00,3,2,1
2015-12-13 07:00:00,8,3,5
2015-12-13 08:00:00,50,34,16
2015-12-13 09:00:00,79,40,39
2015-12-13 10:00:00,69,30,39
2015-12-13 11:00:00,87,38,49
2015-12-13 12:00:00,86,36,50
2015-12-13 13:00:00,84,40,44
2015-12-13 14:00:00,126,60,66
2015-12-13 15:00:00,131,65,66
2015-12-13 16:00:00,107,45,62
2015-12-13 17:00:00,40,17,23
2015-12-13 18:00:00,15,8,7
2015-12-13 19:00:00,5,2,3
2015-12-13 20:00:00,3,2,1
2015-12-13 21:00:00,8,3,5
2015-12-13 22:00:00,1,1,0
2015-12-13 23:00:00,6,2,4
2015-12-14 00:00:00,3,1,2
2015-12-14 01:00:00,2,1,1
2015-12-14 02:00:00,2,1,1
2015-12-14 03:00:00,0,0,0
2015-12-14 04:00:00,1,0,1
2015-12-14 05:00:00,2,2,0
2015-12-14 06:00:00,25,13,12
2015-12-14 07:00:00,50,26,24
2015-12-14 08:00:00,63,29,34
2015-12-14 09:00:00,77,39,38
2015-12-14 10:00:00,85,40,45
2015-12-14 11:00:00,86,39,47
2015-12-14 12:00:00,192,111,81
2015-12-14 13:00:00,219,101,118
2015-12-14 14:00:00,116,56,60
2015-12-14 15:00:00,146,71,75
2015-12-14 16:00:00,183,89,94
2015-12-14 17:00:00,96,41,55
2015-12-14 18:00:00,60,28,32
2015-12-14 19:00:00,26,11,15
2015-12-14 20:00:00,4,2,2
2015-12-14 21:00:00,8,3,5
2015-12-14 22:00:00,2,0,2
2015-12-14 23:00:00,2,1,1
2015-12-15 00:00:00,0,0,0
2015-12-15 01:00:00,0,0,0
2015-12-15 02:00:00,0,0,0
2015-12-15 03:00:00,0,0,0
2015-12-15 04:00:00,1,0,1
2015-12-15 05:00:00,4,2,2
2015-12-15 06:00:00,56,30,26
2015-12-15 07:00:00,92,39,53
2015-12-15 08:00:00,60,35,25
2015-12-15 09:00:00,69,32,37
2015-12-15 10:00:00,43,17,26
2015-12-15 11:00:00,60,27,33
2015-12-15 12:00:00,153,83,70
2015-12-15 13:00:00,138,59,79
2015-12-15 14:00:00,68,34,34
2015-12-15 15:00:00,82,40,42
2015-12-15 16:00:00,91,46,45
2015-12-15 17:00:00,59,32,27
2015-12-15 18:00:00,44,25,19
2015-12-15 19:00:00,43,19,24
2015-12-15 20:00:00,11,6,5
2015-12-15 21:00:00,10,6,4
2015-12-15 22:00:00,10,4,6
2015-12-15 23:00:00,2,1,1
2015-12-16 00:00:00,2,0,2
2015-12-16 01:00:00,0,0,0
2015-12-16 02:00:00,0,0,0
2015-12-16 03:00:00,0,0,0
2015-12-16 04:00:00,0,0,0
2015-12-16 05:00:00,5,3,2
2015-12-16 06:00:00,36,21,15
2015-12-16 07:00:00,77,43,34
2015-12-16 08:00:00,79,38,41
2015-12-16 09:00:00,69,25,44
2015-12-16 10:00:00,63,29,34
2015-12-16 11:00:00,75,42,33
2015-12-16 12:00:00,201,107,94
2015-12-16 13:00:00,180,85,95
2015-12-16 14:00:00,119,59,60
2015-12-16 15:00:00,119,59,60
2015-12-16 16:00:00,81,40,41
2015-12-16 17:00:00,75,36,39
2015-12-16 18:00:00,51,31,20
2015-12-16 19:00:00,33,16,17
2015-12-16 20:00:00,14,5,9
2015-12-16 21:00:00,7,4,3
2015-12-16 22:00:00,7,3,4
2015-12-16 23:00:00,6,3,3
2015-12-17 00:00:00,1,0,1
2015-12-17 01:00:00,1,1,0
2015-12-17 02:00:00,1,0,1
2015-12-17 03:00:00,0,0,0
2015-12-17 04:00:00,4,3,1
2015-12-17 05:00:00,10,7,3
2015-12-17 06:00:00,32,20,12
2015-12-17 07:00:00,41,16,25
2015-12-17 08:00:00,42,20,22
2015-12-17 09:00:00,33,16,17
2015-12-17 10:00:00,18,10,8
2015-12-17 11:00:00,30,14,16
2015-12-17 12:00:00,63,38,25
2015-12-17 13:00:00,78,31,47
2015-12-17 14:00:00,29,16,13
2015-12-17 15:00:00,42,23,19
2015-12-17 16:00:00,39,14,25
2015-12-17 17:00:00,21,7,14
2015-12-17 18:00:00,32,10,22
2015-12-17 19:00:00,52,17,35
2015-12-17 20:00:00,57,33,24
2015-12-17 21:00:00,18,8,10
2015-12-17 22:00:00,2,2,0
2015-12-17 23:00:00,1,1,0
2015-12-18 00:00:00,3,2,1
2015-12-18 01:00:00,1,0,1
2015-12-18 02:00:00,0,0,0
2015-12-18 03:00:00,0,0,0
2015-12-18 04:00:00,0,0,0
2015-12-18 05:00:00,4,3,1
2015-12-18 06:00:00,24,16,8
2015-12-18 07:00:00,45,19,26
2015-12-18 08:00:00,66,31,35
2015-12-18 09:00:00,59,29,30
2015-12-18 10:00:00,50,19,31
2015-12-18 11:00:00,62,34,28
2015-12-18 12:00:00,119,59,60
2015-12-18 13:00:00,115,62,53
2015-12-18 14:00:00,78,41,37
2015-12-18 15:00:00,89,40,49
2015-12-18 16:00:00,93,36,57
2015-12-18 17:00:00,34,17,17
2015-12-18 18:00:00,19,13,6
2015-12-18 19:00:00,13,5,8
2015-12-18 20:00:00,5,1,4
2015-12-18 21:00:00,5,3,2
2015-12-18 22:00:00,2,1,1
2015-12-18 23:00:00,2,1,1
2015-12-19 00:00:00,1,1,0
2015-12-19 01:00:00,0,0,0
2015-12-19 02:00:00,0,0,0
2015-12-19 03:00:00,0,0,0
2015-12-19 04:00:00,2,1,1
2015-12-19 05:00:00,1,1,0
2015-12-19 06:00:00,2,0,2
2015-12-19 07:00:00,12,8,4
2015-12-19 08:00:00,72,40,32
2015-12-19 09:00:00,123,65,58
2015-12-19 10:00:00,168,91,77
2015-12-19 11:00:00,188,78,110
2015-12-19 12:00:00,183,80,103
2015-12-19 13:00:00,111,41,70
2015-12-19 14:00:00,124,55,69
2015-12-19 15:00:00,158,67,91
2015-12-19 16:00:00,144,72,72
2015-12-19 17:00:00,65,27,38
2015-12-19 18:00:00,3,2,1
2015-12-19 19:00:00,11,4,7
2015-12-19 20:00:00,11,6,5
2015-12-19 21:00:00,0,0,0
2015-12-19 22:00:00,5,1,4
2015-12-19 23:00:00,0,0,0
2015-12-20 00:00:00,2,2,0
2015-12-20 01:00:00,0,0,0
2015-12-20 02:00:00,3,1,2
2015-12-20 03:00:00,0,0,0
2015-12-20 04:00:00,0,0,0
2015-12-20 05:00:00,0,0,0
2015-12-20 06:00:00,3,2,1
2015-12-20 07:00:00,10,7,3
2015-12-20 08:00:00,53,33,20
2015-12-20 09:00:00,85,50,35
2015-12-20 10:00:00,130,62,68
2015-12-20 11:00:00,91,48,43
2015-12-20 12:00:00,125,59,66
2015-12-20 13:00:00,100,42,58
2015-12-20 14:00:00,59,26,33
2015-12-20 15:00:00,20,19,1
2015-12-20 16:00:00,14,14,0
2015-12-20 17:00:00,3,1,2
2015-12-20 18:00:00,1,1,0
2015-12-20 19:00:00,2,2,0
2015-12-20 20:00:00,0,0,0
2015-12-20 21:00:00,3,3,0
2015-12-20 22:00:00,0,0,0
2015-12-20 23:00:00,0,0,0
2015-12-21 00:00:00,0,0,0
2015-12-21 01:00:00,0,0,0
2015-12-21 02:00:00,0,0,0
2015-12-21 03:00:00,0,0,0
2015-12-21 04:00:00,0,0,0
2015-12-21 05:00:00,0,0,0
2015-12-21 06:00:00,2,2,0
2015-12-21 07:00:00,6,6,0
2015-12-21 08:00:00,9,9,0
2015-12-21 09:00:00,5,5,0
2015-12-21 10:00:00,3,3,0
2015-12-21 11:00:00,7,7,0
2015-12-21 12:00:00,7,7,0
2015-12-21 13:00:00,8,7,1
2015-12-21 14:00:00,0,0,0
2015-12-21 15:00:00,4,4,0
2015-12-21 16:00:00,6,4,2
2015-12-21 17:00:00,6,6,0
2015-12-21 18:00:00,7,7,0
2015-12-21 19:00:00,3,3,0
2015-12-21 20:00:00,0,0,0
2015-12-21 21:00:00,2,2,0
2015-12-21 22:00:00,11,6,5
2015-12-21 23:00:00,2,1,1
2015-12-22 00:00:00,5,2,3
2015-12-22 01:00:00,0,0,0
2015-12-22 02:00:00,0,0,0
2015-12-22 03:00:00,2,1,1
2015-12-22 04:00:00,1,1,0
2015-12-22 05:00:00,10,8,2
2015-12-22 06:00:00,24,13,11
2015-12-22 07:00:00,52,23,29
2015-12-22 08:00:00,80,39,41
2015-12-22 09:00:00,73,33,40
2015-12-22 10:00:00,50,21,29
2015-12-22 11:00:00,83,38,45
2015-12-22 12:00:00,182,91,91
2015-12-22 13:00:00,161,75,86
2015-12-22 14:00:00,82,35,47
2015-12-22 15:00:00,87,44,43
2015-12-22 16:00:00,90,38,52
2015-12-22 17:00:00,38,16,22
2015-12-22 18:00:00,14,8,6
2015-12-22 19:00:00,9,6,3
2015-12-22 20:00:00,8,4,4
2015-12-22 21:00:00,10,4,6
2015-12-22 22:00:00,4,2,2
2015-12-22 23:00:00,1,0,1
2015-12-23 00:00:00,1,0,1
2015-12-23 01:00:00,0,0,0
2015-12-23 02:00:00,0,0,0
2015-12-23 03:00:00,1,1,0
2015-12-23 04:00:00,1,0,1
2015-12-23 05:00:00,5,3,2
2015-12-23 06:00:00,16,9,7
2015-12-23 07:00:00,44,23,21
2015-12-23 08:00:00,68,29,39
2015-12-23 09:00:00,60,27,33
2015-12-23 10:00:00,53,30,23
2015-12-23 11:00:00,77,34,43
2015-12-23 12:00:00,67,35,32
2015-12-23 13:00:00,60,28,32
2015-12-23 14:00:00,40,17,23
2015-12-23 15:00:00,38,18,20
2015-12-23 16:00:00,27,15,12
2015-12-23 17:00:00,37,23,14
2015-12-23 18:00:00,10,5,5
2015-12-23 19:00:00,14,6,8
2015-12-23 20:00:00,7,6,1
2015-12-23 21:00:00,4,2,2
2015-12-23 22:00:00,1,0,1
2015-12-23 23:00:00,0,0,0
2015-12-24 00:00:00,2,1,1
2015-12-24 01:00:00,0,0,0
2015-12-24 02:00:00,0,0,0
2015-12-24 03:00:00,0,0,0
2015-12-24 04:00:00,0,0,0
2015-12-24 05:00:00,2,2,0
2015-12-24 06:00:00,5,3,2
2015-12-24 07:00:00,20,12,8
2015-12-24 08:00:00,33,14,19
2015-12-24 09:00:00,59,32,27
2015-12-24 10:00:00,55,23,32
2015-12-24 11:00:00,64,31,33
2015-12-24 12:00:00,67,32,35
2015-12-24 13:00:00,89,40,49
2015-12-24 14:00:00,61,31,30
2015-12-24 15:00:00,41,21,20
2015-12-24 16:00:00,70,37,33
2015-12-24 17:00:00,32,15,17
2015-12-24 18:00:00,10,4,6
2015-12-24 19:00:00,9,6,3
2015-12-24 20:00:00,7,2,5
2015-12-24 21:00:00,4,1,3
2015-12-24 22:00:00,0,0,0
2015-12-24 23:00:00,1,1,0
2015-12-25 00:00:00,1,0,1
2015-12-25 01:00:00,0,0,0
2015-12-25 02:00:00,0,0,0
2015-12-25 03:00:00,0,0,0
2015-12-25 04:00:00,1,1,0
2015-12-25 05:00:00,2,0,2
2015-12-25 06:00:00,0,0,0
2015-12-25 07:00:00,1,1,0
2015-12-25 08:00:00,27,15,12
2015-12-25 09:00:00,59,27,32
2015-12-25 10:00:00,81,45,36
2015-12-25 11:00:00,157,84,73
2015-12-25 12:00:00,136,55,81
2015-12-25 13:00:00,143,72,71
2015-12-25 14:00:00,164,86,78
2015-12-25 15:00:00,195,87,108
2015-12-25 16:00:00,212,96,116
2015-12-25 17:00:00,75,19,56
2015-12-25 18:00:00,11,6,5
2015-12-25 19:00:00,19,12,7
2015-12-25 20:00:00,4,1,3
2015-12-25 21:00:00,4,2,2
2015-12-25 22:00:00,2,1,1
2015-12-25 23:00:00,0,0,0
2015-12-26 00:00:00,2,1,1
2015-12-26 01:00:00,0,0,0
2015-12-26 02:00:00,0,0,0
2015-12-26 03:00:00,0,0,0
2015-12-26 04:00:00,3,1,2
2015-12-26 05:00:00,1,0,1
2015-12-26 06:00:00,5,3,2
2015-12-26 07:00:00,14,8,6
2015-12-26 08:00:00,35,20,15
2015-12-26 09:00:00,73,42,31
2015-12-26 10:00:00,103,45,58
2015-12-26 11:00:00,101,54,47
2015-12-26 12:00:00,105,40,65
2015-12-26 13:00:00,93,36,57
2015-12-26 14:00:00,101,44,57
2015-12-26 15:00:00,121,66,55
2015-12-26 16:00:00,145,63,82
2015-12-26 17:00:00,55,17,38
2015-12-26 18:00:00,24,8,16
2015-12-26 19:00:00,8,5,3
2015-12-26 20:00:00,3,3,0
2015-12-26 21:00:00,8,3,5
2015-12-26 22:00:00,6,2,4
2015-12-26 23:00:00,2,2,0
2015-12-27 00:00:00,2,1,1
2015-12-27 01:00:00,1,1,0
2015-12-27 02:00:00,0,0,0
2015-12-27 03:00:00,1,0,1
2015-12-27 04:00:00,2,1,1
2015-12-27 05:00:00,1,0,1
2015-12-27 06:00:00,8,5,3
2015-12-27 07:00:00,18,10,8
2015-12-27 08:00:00,52,32,20
2015-12-27 09:00:00,79,41,38
2015-12-27 10:00:00,66,30,36
2015-12-27 11:00:00,35,17,18
2015-12-27 12:00:00,16,7,9
2015-12-27 13:00:00,25,14,11
2015-12-27 14:00:00,29,15,14
2015-12-27 15:00:00,15,6,9
2015-12-27 16:00:00,38,20,18
2015-12-27 17:00:00,21,10,11
2015-12-27 18:00:00,5,3,2
2015-12-27 19:00:00,1,1,0
2015-12-27 20:00:00,3,1,2
2015-12-27 21:00:00,5,3,2
2015-12-27 22:00:00,10,4,6
2015-12-27 23:00:00,1,0,1
2015-12-28 00:00:00,1,1,0
2015-12-28 01:00:00,2,0,2
2015-12-28 02:00:00,0,0,0
2015-12-28 03:00:00,0,0,0
2015-12-28 04:00:00,0,0,0
2015-12-28 05:00:00,3,2,1
2015-12-28 06:00:00,13,8,5
2015-12-28 07:00:00,42,22,20
2015-12-28 08:00:00,50,27,23
2015-12-28 09:00:00,70,37,33
2015-12-28 10:00:00,62,23,39
2015-12-28 11:00:00,87,42,45
2015-12-28 12:00:00,160,85,75
2015-12-28 13:00:00,166,63,103
2015-12-28 14:00:00,123,64,59
2015-12-28 15:00:00,101,41,60
2015-12-28 16:00:00,115,54,61
2015-12-28 17:00:00,62,29,33
2015-12-28 18:00:00,29,15,14
2015-12-28 19:00:00,29,12,17
2015-12-28 20:00:00,6,2,4
2015-12-28 21:00:00,6,3,3
2015-12-28 22:00:00,3,2,1
2015-12-28 23:00:00,1,0,1
2015-12-29 00:00:00,1,0,1
2015-12-29 01:00:00,1,0,1
2015-12-29 02:00:00,0,0,0
2015-12-29 03:00:00,0,0,0
2015-12-29 04:00:00,0,0,0
2015-12-29 05:00:00,7,4,3
2015-12-29 06:00:00,22,14,8
2015-12-29 07:00:00,48,20,28
2015-12-29 08:00:00,76,46,30
2015-12-29 09:00:00,87,42,45
2015-12-29 10:00:00,81,32,49
2015-12-29 11:00:00,104,57,47
2015-12-29 12:00:00,188,106,82
2015-12-29 13:00:00,214,106,108
2015-12-29 14:00:00,141,61,80
2015-12-29 15:00:00,119,62,57
2015-12-29 16:00:00,235,111,124
2015-12-29 17:00:00,105,49,56
2015-12-29 18:00:00,22,8,14
2015-12-29 19:00:00,19,8,11
2015-12-29 20:00:00,9,5,4
2015-12-29 21:00:00,10,7,3
2015-12-29 22:00:00,7,3,4
2015-12-29 23:00:00,2,2,0
2015-12-30 00:00:00,5,3,2
2015-12-30 01:00:00,1,0,1
2015-12-30 02:00:00,0,0,0
2015-12-30 03:00:00,0,0,0
2015-12-30 04:00:00,0,0,0
2015-12-30 05:00:00,3,1,2
2015-12-30 06:00:00,14,9,5
2015-12-30 07:00:00,43,26,17
2015-12-30 08:00:00,84,44,40
2015-12-30 09:00:00,72,34,38
2015-12-30 10:00:00,87,37,50
2015-12-30 11:00:00,158,75,83
2015-12-30 12:00:00,235,114,121
2015-12-30 13:00:00,237,106,131
2015-12-30 14:00:00,198,92,106
2015-12-30 15:00:00,255,110,145
2015-12-30 16:00:00,296,139,157
2015-12-30 17:00:00,114,54,60
2015-12-30 18:00:00,32,11,21
2015-12-30 19:00:00,27,19,8
2015-12-30 20:00:00,7,2,5
2015-12-30 21:00:00,7,2,5
2015-12-30 22:00:00,8,4,4
2015-12-30 23:00:00,3,1,2
2015-12-31 00:00:00,3,2,1
2015-12-31 01:00:00,1,1,0
2015-12-31 02:00:00,1,0,1
2015-12-31 03:00:00,0,0,0
2015-12-31 04:00:00,2,1,1
2015-12-31 05:00:00,4,3,1
2015-12-31 06:00:00,9,5,4
2015-12-31 07:00:00,28,19,9
2015-12-31 08:00:00,65,30,35
2015-12-31 09:00:00,92,43,49
2015-12-31 10:00:00,106,46,60
2015-12-31 11:00:00,125,60,65
2015-12-31 12:00:00,193,89,104
2015-12-31 13:00:00,250,117,133
2015-12-31 14:00:00,188,79,109
2015-12-31 15:00:00,255,116,139
2015-12-31 16:00:00,343,179,164
2015-12-31 17:00:00,112,41,71
2015-12-31 18:00:00,15,8,7
2015-12-31 19:00:00,12,7,5
2015-12-31 20:00:00,4,2,2
2015-12-31 21:00:00,2,0,2
2015-12-31 22:00:00,6,1,5
2015-12-31 23:00:00,9,4,5
2016-01-01 00:00:00,24,13,11
2016-01-01 01:00:00,2,1,1
2016-01-01 02:00:00,1,1,0
2016-01-01 03:00:00,2,2,0
2016-01-01 04:00:00,0,0,0
2016-01-01 05:00:00,2,1,1
2016-01-01 06:00:00,1,1,0
2016-01-01 07:00:00,9,5,4
2016-01-01 08:00:00,37,24,13
2016-01-01 09:00:00,78,40,38
2016-01-01 10:00:00,147,81,66
2016-01-01 11:00:00,172,86,86
2016-01-01 12:00:00,250,117,133
2016-01-01 13:00:00,302,130,172
2016-01-01 14:00:00,414,190,224
2016-01-01 15:00:00,533,241,292
2016-01-01 16:00:00,734,337,397
2016-01-01 17:00:00,205,68,137
2016-01-01 18:00:00,29,11,18
2016-01-01 19:00:00,14,5,9
2016-01-01 20:00:00,3,2,1
2016-01-01 21:00:00,7,5,2
2016-01-01 22:00:00,2,1,1
2016-01-01 23:00:00,1,1,0
2016-01-02 00:00:00,0,0,0
2016-01-02 01:00:00,0,0,0
2016-01-02 02:00:00,0,0,0
2016-01-02 03:00:00,0,0,0
2016-01-02 04:00:00,0,0,0
2016-01-02 05:00:00,0,0,0
2016-01-02 06:00:00,6,4,2
2016-01-02 07:00:00,13,9,4
2016-01-02 08:00:00,56,27,29
2016-01-02 09:00:00,99,63,36
2016-01-02 10:00:00,141,65,76
2016-01-02 11:00:00,163,74,89
2016-01-02 12:00:00,191,78,113
2016-01-02 13:00:00,224,108,116
2016-01-02 14:00:00,316,142,174
2016-01-02 15:00:00,351,163,188
2016-01-02 16:00:00,589,289,300
2016-01-02 17:00:00,156,52,104
2016-01-02 18:00:00,30,18,12
2016-01-02 19:00:00,11,6,5
2016-01-02 20:00:00,8,4,4
2016-01-02 21:00:00,7,3,4
2016-01-02 22:00:00,6,4,2
2016-01-02 23:00:00,2,1,1
2016-01-03 00:00:00,1,1,0
2016-01-03 01:00:00,0,0,0
2016-01-03 02:00:00,1,1,0
2016-01-03 03:00:00,2,1,1
2016-01-03 04:00:00,0,0,0
2016-01-03 05:00:00,1,1,0
2016-01-03 06:00:00,5,2,3
2016-01-03 07:00:00,16,8,8
2016-01-03 08:00:00,42,25,17
2016-01-03 09:00:00,128,73,55
2016-01-03 10:00:00,147,84,63
2016-01-03 11:00:00,171,70,101
2016-01-03 12:00:00,154,76,78
2016-01-03 13:00:00,133,46,87
2016-01-03 14:00:00,56,24,32
2016-01-03 15:00:00,58,29,29
2016-01-03 16:00:00,80,39,41
2016-01-03 17:00:00,42,16,26
2016-01-03 18:00:00,14,8,6
2016-01-03 19:00:00,7,3,4
2016-01-03 20:00:00,11,5,6
2016-01-03 21:00:00,4,4,0
2016-01-03 22:00:00,2,1,1
2016-01-03 23:00:00,3,1,2
2016-01-04 00:00:00,1,0,1
2016-01-04 01:00:00,0,0,0
2016-01-04 02:00:00,0,0,0
2016-01-04 03:00:00,0,0,0
2016-01-04 04:00:00,0,0,0
2016-01-04 05:00:00,7,5,2
2016-01-04 06:00:00,20,14,6
2016-01-04 07:00:00,51,24,27
2016-01-04 08:00:00,60,29,31
2016-01-04 09:00:00,73,36,37
2016-01-04 10:00:00,40,20,20
2016-01-04 11:00:00,44,22,22
2016-01-04 12:00:00,146,78,68
2016-01-04 13:00:00,109,44,65
2016-01-04 14:00:00,41,18,23
2016-01-04 15:00:00,63,33,30
2016-01-04 16:00:00,73,32,41
2016-01-04 17:00:00,76,36,40
2016-01-04 18:00:00,53,35,18
2016-01-04 19:00:00,38,18,20
2016-01-04 20:00:00,10,4,6
2016-01-04 21:00:00,7,4,3
2016-01-04 22:00:00,2,0,2
2016-01-04 23:00:00,1,1,0
2016-01-05 00:00:00,1,0,1
2016-01-05 01:00:00,1,1,0
2016-01-05 02:00:00,0,0,0
2016-01-05 03:00:00,2,1,1
2016-01-05 04:00:00,5,1,4
2016-01-05 05:00:00,7,5,2
2016-01-05 06:00:00,55,33,22
2016-01-05 07:00:00,68,33,35
2016-01-05 08:00:00,69,31,38
2016-01-05 09:00:00,59,28,31
2016-01-05 10:00:00,38,20,18
2016-01-05 11:00:00,55,34,21
2016-01-05 12:00:00,159,82,77
2016-01-05 13:00:00,140,69,71
2016-01-05 14:00:00,57,28,29
2016-01-05 15:00:00,58,28,30
2016-01-05 16:00:00,82,37,45
2016-01-05 17:00:00,77,36,41
2016-01-05 18:00:00,50,34,16
2016-01-05 19:00:00,38,17,21
2016-01-05 20:00:00,10,6,4
2016-01-05 21:00:00,15,7,8
2016-01-05 22:00:00,3,2,1
2016-01-05 23:00:00,0,0,0
2016-01-06 00:00:00,0,0,0
2016-01-06 01:00:00,1,1,0
2016-01-06 02:00:00,0,0,0
2016-01-06 03:00:00,1,1,0
2016-01-06 04:00:00,5,4,1
2016-01-06 05:00:00,10,8,2
2016-01-06 06:00:00,57,30,27
2016-01-06 07:00:00,80,41,39
2016-01-06 08:00:00,94,44,50
2016-01-06 09:00:00,66,32,34
2016-01-06 10:00:00,78,41,37
2016-01-06 11:00:00,118,56,62
2016-01-06 12:00:00,270,142,128
2016-01-06 13:00:00,272,125,147
2016-01-06 14:00:00,183,83,100
2016-01-06 15:00:00,188,87,101
2016-01-06 16:00:00,229,103,126
2016-01-06 17:00:00,163,74,89
2016-01-06 18:00:00,80,47,33
2016-01-06 19:00:00,42,23,19
2016-01-06 20:00:00,9,5,4
2016-01-06 21:00:00,15,9,6
2016-01-06 22:00:00,4,2,2
2016-01-06 23:00:00,1,1,0
2016-01-07 00:00:00,1,1,0
2016-01-07 01:00:00,0,0,0
2016-01-07 02:00:00,1,0,1
2016-01-07 03:00:00,0,0,0
2016-01-07 04:00:00,1,1,0
2016-01-07 05:00:00,10,6,4
2016-01-07 06:00:00,45,25,20
2016-01-07 07:00:00,86,45,41
2016-01-07 08:00:00,99,40,59
2016-01-07 09:00:00,69,27,42
2016-01-07 10:00:00,55,27,28
2016-01-07 11:00:00,80,34,46
2016-01-07 12:00:00,183,103,80
2016-01-07 13:00:00,188,90,98
2016-01-07 14:00:00,73,29,44
2016-01-07 15:00:00,92,50,42
2016-01-07 16:00:00,112,47,65
2016-01-07 17:00:00,108,51,57
2016-01-07 18:00:00,47,28,19
2016-01-07 19:00:00,35,15,20
2016-01-07 20:00:00,13,7,6
2016-01-07 21:00:00,12,8,4
2016-01-07 22:00:00,10,6,4
2016-01-07 23:00:00,2,1,1
2016-01-08 00:00:00,1,1,0
2016-01-08 01:00:00,1,0,1
2016-01-08 02:00:00,1,1,0
2016-01-08 03:00:00,2,1,1
2016-01-08 04:00:00,8,5,3
2016-01-08 05:00:00,12,4,8
2016-01-08 06:00:00,26,15,11
2016-01-08 07:00:00,72,40,32
2016-01-08 08:00:00,101,42,59
2016-01-08 09:00:00,77,34,43
2016-01-08 10:00:00,82,36,46
2016-01-08 11:00:00,64,26,38
2016-01-08 12:00:00,209,117,92
2016-01-08 13:00:00,241,112,129
2016-01-08 14:00:00,184,88,96
2016-01-08 15:00:00,187,89,98
2016-01-08 16:00:00,245,95,150
2016-01-08 17:00:00,182,86,96
2016-01-08 18:00:00,63,31,32
2016-01-08 19:00:00,26,14,12
2016-01-08 20:00:00,16,7,9
2016-01-08 21:00:00,15,9,6
2016-01-08 22:00:00,6,1,5
2016-01-08 23:00:00,3,2,1
2016-01-09 00:00:00,1,0,1
2016-01-09 01:00:00,0,0,0
2016-01-09 02:00:00,0,0,0
2016-01-09 03:00:00,1,1,0
2016-01-09 04:00:00,1,1,0
2016-01-09 05:00:00,3,1,2
2016-01-09 06:00:00,9,6,3
2016-01-09 07:00:00,47,28,19
2016-01-09 08:00:00,64,34,30
2016-01-09 09:00:00,105,58,47
2016-01-09 10:00:00,105,45,60
2016-01-09 11:00:00,148,82,66
2016-01-09 12:00:00,166,74,92
2016-01-09 13:00:00,176,85,91
2016-01-09 14:00:00,238,120,118
2016-01-09 15:00:00,320,153,167
2016-01-09 16:00:00,384,181,203
2016-01-09 17:00:00,161,55,106
2016-01-09 18:00:00,26,15,11
2016-01-09 19:00:00,18,11,7
2016-01-09 20:00:00,11,8,3
2016-01-09 21:00:00,18,6,12
2016-01-09 22:00:00,8,3,5
2016-01-09 23:00:00,4,2,2
2016-01-10 00:00:00,8,4,4
2016-01-10 01:00:00,1,0,1
2016-01-10 02:00:00,0,0,0
2016-01-10 03:00:00,0,0,0
2016-01-10 04:00:00,0,0,0
2016-01-10 05:00:00,0,0,0
2016-01-10 06:00:00,13,8,5
2016-01-10 07:00:00,29,16,13
2016-01-10 08:00:00,101,59,42
2016-01-10 09:00:00,154,83,71
2016-01-10 10:00:00,144,64,80
2016-01-10 11:00:00,129,58,71
2016-01-10 12:00:00,186,89,97
2016-01-10 13:00:00,259,120,139
2016-01-10 14:00:00,380,187,193
2016-01-10 15:00:00,541,252,289
2016-01-10 16:00:00,684,314,370
2016-01-10 17:00:00,236,84,152
2016-01-10 18:00:00,27,9,18
2016-01-10 19:00:00,20,12,8
2016-01-10 20:00:00,6,2,4
2016-01-10 21:00:00,3,1,2
2016-01-10 22:00:00,4,1,3
2016-01-10 23:00:00,1,1,0
2016-01-11 00:00:00,1,1,0
2016-01-11 01:00:00,8,2,6
2016-01-11 02:00:00,0,0,0
2016-01-11 03:00:00,0,0,0
2016-01-11 04:00:00,1,0,1
2016-01-11 05:00:00,9,6,3
2016-01-11 06:00:00,29,15,14
2016-01-11 07:00:00,59,33,26
2016-01-11 08:00:00,72,32,40
2016-01-11 09:00:00,48,17,31
2016-01-11 10:00:00,36,19,17
2016-01-11 11:00:00,38,19,19
2016-01-11 12:00:00,91,47,44
2016-01-11 13:00:00,119,57,62
2016-01-11 14:00:00,76,34,42
2016-01-11 15:00:00,77,32,45
2016-01-11 16:00:00,76,36,40
2016-01-11 17:00:00,57,31,26
2016-01-11 18:00:00,42,23,19
2016-01-11 19:00:00,40,22,18
2016-01-11 20:00:00,18,9,9
2016-01-11 21:00:00,16,11,5
2016-01-11 22:00:00,8,5,3
2016-01-11 23:00:00,3,0,3
2016-01-12 00:00:00,0,0,0
2016-01-12 01:00:00,0,0,0
2016-01-12 02:00:00,2,2,0
2016-01-12 03:00:00,1,0,1
2016-01-12 04:00:00,0,0,0
2016-01-12 05:00:00,6,4,2
2016-01-12 06:00:00,33,17,16
2016-01-12 07:00:00,68,32,36
2016-01-12 08:00:00,81,44,37
2016-01-12 09:00:00,56,24,32
2016-01-12 10:00:00,38,14,24
2016-01-12 11:00:00,41,25,16
2016-01-12 12:00:00,126,66,60
2016-01-12 13:00:00,99,46,53
2016-01-12 14:00:00,54,30,24
2016-01-12 15:00:00,48,23,25
2016-01-12 16:00:00,57,27,30
2016-01-12 17:00:00,41,19,22
2016-01-12 18:00:00,23,16,7
2016-01-12 19:00:00,13,8,5
2016-01-12 20:00:00,10,6,4
2016-01-12 21:00:00,6,1,5
2016-01-12 22:00:00,2,1,1
2016-01-12 23:00:00,2,2,0
2016-01-13 00:00:00,0,0,0
2016-01-13 01:00:00,0,0,0
2016-01-13 02:00:00,0,0,0
2016-01-13 03:00:00,0,0,0
2016-01-13 04:00:00,2,1,1
2016-01-13 05:00:00,8,6,2
2016-01-13 06:00:00,47,26,21
2016-01-13 07:00:00,61,28,33
2016-01-13 08:00:00,38,14,24
2016-01-13 09:00:00,39,18,21
2016-01-13 10:00:00,20,9,11
2016-01-13 11:00:00,25,14,11
2016-01-13 12:00:00,120,65,55
2016-01-13 13:00:00,124,61,63
2016-01-13 14:00:00,94,43,51
2016-01-13 15:00:00,102,55,47
2016-01-13 16:00:00,112,52,60
2016-01-13 17:00:00,104,45,59
2016-01-13 18:00:00,38,21,17
2016-01-13 19:00:00,32,16,16
2016-01-13 20:00:00,14,8,6
2016-01-13 21:00:00,10,5,5
2016-01-13 22:00:00,11,7,4
2016-01-13 23:00:00,6,3,3
2016-01-14 00:00:00,0,0,0
2016-01-14 01:00:00,0,0,0
2016-01-14 02:00:00,0,0,0
2016-01-14 03:00:00,0,0,0
2016-01-14 04:00:00,0,0,0
2016-01-14 05:00:00,8,4,4
2016-01-14 06:00:00,38,26,12
2016-01-14 07:00:00,82,38,44
2016-01-14 08:00:00,93,46,47
2016-01-14 09:00:00,75,41,34
2016-01-14 10:00:00,90,45,45
2016-01-14 11:00:00,126,76,50
2016-01-14 12:00:00,320,180,140
2016-01-14 13:00:00,299,134,165
2016-01-14 14:00:00,201,109,92
2016-01-14 15:00:00,176,82,94
2016-01-14 16:00:00,220,107,113
2016-01-14 17:00:00,146,69,77
2016-01-14 18:00:00,66,37,29
2016-01-14 19:00:00,42,21,21
2016-01-14 20:00:00,10,4,6
2016-01-14 21:00:00,14,7,7
2016-01-14 22:00:00,5,2,3
2016-01-14 23:00:00,0,0,0
2016-01-15 00:00:00,0,0,0
2016-01-15 01:00:00,0,0,0
2016-01-15 02:00:00,2,1,1
2016-01-15 03:00:00,0,0,0
2016-01-15 04:00:00,3,1,2
2016-01-15 05:00:00,11,6,5
2016-01-15 06:00:00,39,25,14
2016-01-15 07:00:00,60,25,35
2016-01-15 08:00:00,67,36,31
2016-01-15 09:00:00,56,25,31
2016-01-15 10:00:00,54,26,28
2016-01-15 11:00:00,60,34,26
2016-01-15 12:00:00,117,63,54
2016-01-15 13:00:00,92,41,51
2016-01-15 14:00:00,76,30,46
2016-01-15 15:00:00,77,42,35
2016-01-15 16:00:00,76,35,41
2016-01-15 17:00:00,91,38,53
2016-01-15 18:00:00,42,26,16
2016-01-15 19:00:00,13,5,8
2016-01-15 20:00:00,18,12,6
2016-01-15 21:00:00,6,3,3
2016-01-15 22:00:00,8,4,4
2016-01-15 23:00:00,2,2,0
2016-01-16 00:00:00,0,0,0
2016-01-16 01:00:00,0,0,0
2016-01-16 02:00:00,1,0,1
2016-01-16 03:00:00,0,0,0
2016-01-16 04:00:00,0,0,0
2016-01-16 05:00:00,2,1,1
2016-01-16 06:00:00,7,4,3
2016-01-16 07:00:00,11,5,6
2016-01-16 08:00:00,45,28,17
2016-01-16 09:00:00,105,56,49
2016-01-16 10:00:00,117,60,57
2016-01-16 11:00:00,168,83,85
2016-01-16 12:00:00,212,123,89
2016-01-16 13:00:00,169,58,111
2016-01-16 14:00:00,113,54,59
2016-01-16 15:00:00,59,16,43
2016-01-16 16:00:00,85,50,35
2016-01-16 17:00:00,83,36,47
2016-01-16 18:00:00,19,11,8
2016-01-16 19:00:00,21,9,12
2016-01-16 20:00:00,2,1,1
2016-01-16 21:00:00,14,9,5
2016-01-16 22:00:00,8,4,4
2016-01-16 23:00:00,5,1,4
2016-01-17 00:00:00,6,2,4
2016-01-17 01:00:00,0,0,0
2016-01-17 02:00:00,0,0,0
2016-01-17 03:00:00,2,2,0
2016-01-17 04:00:00,1,0,1
2016-01-17 05:00:00,2,1,1
2016-01-17 06:00:00,11,7,4
2016-01-17 07:00:00,9,4,5
2016-01-17 08:00:00,27,17,10
2016-01-17 09:00:00,63,31,32
2016-01-17 10:00:00,36,18,18
2016-01-17 11:00:00,55,24,31
2016-01-17 12:00:00,67,30,37
2016-01-17 13:00:00,73,38,35
2016-01-17 14:00:00,135,67,68
2016-01-17 15:00:00,136,63,73
2016-01-17 16:00:00,206,108,98
2016-01-17 17:00:00,160,64,96
2016-01-17 18:00:00,33,9,24
2016-01-17 19:00:00,15,8,7
2016-01-17 20:00:00,8,3,5
2016-01-17 21:00:00,10,7,3
2016-01-17 22:00:00,6,4,2
2016-01-17 23:00:00,3,0,3
2016-01-18 00:00:00,2,1,1
2016-01-18 01:00:00,0,0,0
2016-01-18 02:00:00,0,0,0
2016-01-18 03:00:00,1,0,1
2016-01-18 04:00:00,0,0,0
2016-01-18 05:00:00,2,2,0
2016-01-18 06:00:00,20,10,10
2016-01-18 07:00:00,46,26,20
2016-01-18 08:00:00,65,42,23
2016-01-18 09:00:00,105,52,53
2016-01-18 10:00:00,108,48,60
2016-01-18 11:00:00,171,89,82
2016-01-18 12:00:00,280,151,129
2016-01-18 13:00:00,287,128,159
2016-01-18 14:00:00,231,128,103
2016-01-18 15:00:00,200,86,114
2016-01-18 16:00:00,174,79,95
2016-01-18 17:00:00,156,73,83
2016-01-18 18:00:00,61,27,34
2016-01-18 19:00:00,29,14,15
2016-01-18 20:00:00,6,5,1
2016-01-18 21:00:00,7,3,4
2016-01-18 22:00:00,5,3,2
2016-01-18 23:00:00,4,2,2
2016-01-19 00:00:00,4,2,2
2016-01-19 01:00:00,0,0,0
2016-01-19 02:00:00,0,0,0
2016-01-19 03:00:00,0,0,0
2016-01-19 04:00:00,2,1,1
2016-01-19 05:00:00,8,4,4
2016-01-19 06:00:00,46,26,20
2016-01-19 07:00:00,74,32,42
2016-01-19 08:00:00,79,32,47
2016-01-19 09:00:00,82,33,49
2016-01-19 10:00:00,88,42,46
2016-01-19 11:00:00,84,44,40
2016-01-19 12:00:00,196,106,90
2016-01-19 13:00:00,146,56,90
2016-01-19 14:00:00,46,22,24
2016-01-19 15:00:00,30,14,16
2016-01-19 16:00:00,38,17,21
2016-01-19 17:00:00,43,25,18
2016-01-19 18:00:00,25,17,8
2016-01-19 19:00:00,18,12,6
2016-01-19 20:00:00,1,1,0
2016-01-19 21:00:00,11,6,5
2016-01-19 22:00:00,6,1,5
2016-01-19 23:00:00,1,1,0
2016-01-20 00:00:00,0,0,0
2016-01-20 01:00:00,0,0,0
2016-01-20 02:00:00,1,0,1
2016-01-20 03:00:00,1,1,0
2016-01-20 04:00:00,1,0,1
2016-01-20 05:00:00,5,4,1
2016-01-20 06:00:00,55,39,16
2016-01-20 07:00:00,82,37,45
2016-01-20 08:00:00,88,42,46
2016-01-20 09:00:00,75,30,45
2016-01-20 10:00:00,59,30,29
2016-01-20 11:00:00,80,43,37
2016-01-20 12:00:00,204,115,89
2016-01-20 13:00:00,238,109,129
2016-01-20 14:00:00,132,62,70
2016-01-20 15:00:00,122,61,61
2016-01-20 16:00:00,121,58,63
2016-01-20 17:00:00,145,62,83
2016-01-20 18:00:00,80,35,45
2016-01-20 19:00:00,34,20,14
2016-01-20 20:00:00,21,4,17
2016-01-20 21:00:00,4,4,0
2016-01-20 22:00:00,7,4,3
2016-01-20 23:00:00,0,0,0
2016-01-21 00:00:00,0,0,0
2016-01-21 01:00:00,0,0,0
2016-01-21 02:00:00,0,0,0
2016-01-21 03:00:00,0,0,0
2016-01-21 04:00:00,1,0,1
2016-01-21 05:00:00,4,3,1
2016-01-21 06:00:00,30,17,13
2016-01-21 07:00:00,31,16,15
2016-01-21 08:00:00,38,17,21
2016-01-21 09:00:00,31,16,15
2016-01-21 10:00:00,23,8,15
2016-01-21 11:00:00,16,10,6
2016-01-21 12:00:00,50,27,23
2016-01-21 13:00:00,52,20,32
2016-01-21 14:00:00,49,27,22
2016-01-21 15:00:00,43,19,24
2016-01-21 16:00:00,32,17,15
2016-01-21 17:00:00,52,24,28
2016-01-21 18:00:00,33,20,13
2016-01-21 19:00:00,22,10,12
2016-01-21 20:00:00,9,5,4
2016-01-21 21:00:00,2,2,0
2016-01-21 22:00:00,1,1,0
2016-01-21 23:00:00,0,0,0
2016-01-22 00:00:00,2,2,0
2016-01-22 01:00:00,2,0,2
2016-01-22 02:00:00,0,0,0
2016-01-22 03:00:00,0,0,0
2016-01-22 04:00:00,4,2,2
2016-01-22 05:00:00,3,2,1
2016-01-22 06:00:00,14,8,6
2016-01-22 07:00:00,41,21,20
2016-01-22 08:00:00,64,29,35
2016-01-22 09:00:00,57,26,31
2016-01-22 10:00:00,55,30,25
2016-01-22 11:00:00,99,52,47
2016-01-22 12:00:00,226,117,109
2016-01-22 13:00:00,164,70,94
2016-01-22 14:00:00,144,73,71
2016-01-22 15:00:00,166,86,80
2016-01-22 16:00:00,254,123,131
2016-01-22 17:00:00,188,81,107
2016-01-22 18:00:00,55,19,36
2016-01-22 19:00:00,20,11,9
2016-01-22 20:00:00,10,4,6
2016-01-22 21:00:00,13,6,7
2016-01-22 22:00:00,7,6,1
2016-01-22 23:00:00,9,2,7
2016-01-23 00:00:00,5,4,1
2016-01-23 01:00:00,1,0,1
2016-01-23 02:00:00,0,0,0
2016-01-23 03:00:00,0,0,0
2016-01-23 04:00:00,2,1,1
2016-01-23 05:00:00,1,0,1
2016-01-23 06:00:00,2,1,1
2016-01-23 07:00:00,12,5,7
2016-01-23 08:00:00,40,26,14
2016-01-23 09:00:00,65,40,25
2016-01-23 10:00:00,77,33,44
2016-01-23 11:00:00,62,27,35
2016-01-23 12:00:00,29,12,17
2016-01-23 13:00:00,25,11,14
2016-01-23 14:00:00,48,21,27
2016-01-23 15:00:00,65,33,32
2016-01-23 16:00:00,88,46,42
2016-01-23 17:00:00,87,36,51
2016-01-23 18:00:00,27,9,18
2016-01-23 19:00:00,14,7,7
2016-01-23 20:00:00,6,1,5
2016-01-23 21:00:00,8,5,3
2016-01-23 22:00:00,8,5,3
2016-01-23 23:00:00,3,1,2
2016-01-24 00:00:00,0,0,0
2016-01-24 01:00:00,0,0,0
2016-01-24 02:00:00,0,0,0
2016-01-24 03:00:00,0,0,0
2016-01-24 04:00:00,0,0,0
2016-01-24 05:00:00,0,0,0
2016-01-24 06:00:00,7,3,4
2016-01-24 07:00:00,17,12,5
2016-01-24 08:00:00,81,41,40
2016-01-24 09:00:00,164,97,67
2016-01-24 10:00:00,260,127,133
2016-01-24 11:00:00,340,177,163
2016-01-24 12:00:00,340,171,169
2016-01-24 13:00:00,339,155,184
2016-01-24 14:00:00,302,139,163
2016-01-24 15:00:00,313,146,167
2016-01-24 16:00:00,501,253,248
2016-01-24 17:00:00,308,128,180
2016-01-24 18:00:00,64,23,41
2016-01-24 19:00:00,8,6,2
2016-01-24 20:00:00,14,8,6
2016-01-24 21:00:00,9,5,4
2016-01-24 22:00:00,7,2,5
2016-01-24 23:00:00,0,0,0
2016-01-25 00:00:00,1,0,1
2016-01-25 01:00:00,1,1,0
2016-01-25 02:00:00,2,1,1
2016-01-25 03:00:00,0,0,0
2016-01-25 04:00:00,1,1,0
2016-01-25 05:00:00,10,9,1
2016-01-25 06:00:00,40,22,18
2016-01-25 07:00:00,67,29,38
2016-01-25 08:00:00,87,45,42
2016-01-25 09:00:00,75,35,40
2016-01-25 10:00:00,70,30,40
2016-01-25 11:00:00,107,60,47
2016-01-25 12:00:00,252,130,122
2016-01-25 13:00:00,268,134,134
2016-01-25 14:00:00,132,62,70
2016-01-25 15:00:00,144,70,74
2016-01-25 16:00:00,222,115,107
2016-01-25 17:00:00,194,77,117
2016-01-25 18:00:00,100,60,40
2016-01-25 19:00:00,66,32,34
2016-01-25 20:00:00,22,13,9
2016-01-25 21:00:00,10,1,9
2016-01-25 22:00:00,7,4,3
2016-01-25 23:00:00,8,4,4
2016-01-26 00:00:00,2,2,0
2016-01-26 01:00:00,1,0,1
2016-01-26 02:00:00,4,2,2
2016-01-26 03:00:00,0,0,0
2016-01-26 04:00:00,1,1,0
2016-01-26 05:00:00,8,6,2
2016-01-26 06:00:00,47,27,20
2016-01-26 07:00:00,92,46,46
2016-01-26 08:00:00,49,19,30
2016-01-26 09:00:00,41,22,19
2016-01-26 10:00:00,19,9,10
2016-01-26 11:00:00,36,18,18
2016-01-26 12:00:00,144,81,63
2016-01-26 13:00:00,135,68,67
2016-01-26 14:00:00,88,45,43
2016-01-26 15:00:00,73,37,36
2016-01-26 16:00:00,89,44,45
2016-01-26 17:00:00,94,45,49
2016-01-26 18:00:00,63,35,28
2016-01-26 19:00:00,32,15,17
2016-01-26 20:00:00,9,5,4
2016-01-26 21:00:00,17,5,12
2016-01-26 22:00:00,5,4,1
2016-01-26 23:00:00,3,1,2
2016-01-27 00:00:00,0,0,0
2016-01-27 01:00:00,6,3,3
2016-01-27 02:00:00,1,1,0
2016-01-27 03:00:00,0,0,0
2016-01-27 04:00:00,0,0,0
2016-01-27 05:00:00,6,4,2
2016-01-27 06:00:00,45,28,17
2016-01-27 07:00:00,104,49,55
2016-01-27 08:00:00,96,45,51
2016-01-27 09:00:00,93,42,51
2016-01-27 10:00:00,70,27,43
2016-01-27 11:00:00,74,42,32
2016-01-27 12:00:00,238,141,97
2016-01-27 13:00:00,228,101,127
2016-01-27 14:00:00,116,55,61
2016-01-27 15:00:00,94,41,53
2016-01-27 16:00:00,72,32,40
2016-01-27 17:00:00,70,39,31
2016-01-27 18:00:00,39,21,18
2016-01-27 19:00:00,40,25,15
2016-01-27 20:00:00,5,3,2
2016-01-27 21:00:00,7,4,3
2016-01-27 22:00:00,4,3,1
2016-01-27 23:00:00,2,1,1
2016-01-28 00:00:00,0,0,0
2016-01-28 01:00:00,1,1,0
2016-01-28 02:00:00,0,0,0
2016-01-28 03:00:00,0,0,0
2016-01-28 04:00:00,0,0,0
2016-01-28 05:00:00,5,3,2
2016-01-28 06:00:00,16,13,3
2016-01-28 07:00:00,49,22,27
2016-01-28 08:00:00,60,28,32
2016-01-28 09:00:00,51,30,21
2016-01-28 10:00:00,35,16,19
2016-01-28 11:00:00,43,26,17
2016-01-28 12:00:00,151,81,70
2016-01-28 13:00:00,218,104,114
2016-01-28 14:00:00,111,53,58
2016-01-28 15:00:00,157,80,77
2016-01-28 16:00:00,266,124,142
2016-01-28 17:00:00,236,105,131
2016-01-28 18:00:00,91,43,48
2016-01-28 19:00:00,33,15,18
2016-01-28 20:00:00,19,8,11
2016-01-28 21:00:00,4,2,2
2016-01-28 22:00:00,8,6,2
2016-01-28 23:00:00,4,1,3
2016-01-29 00:00:00,0,0,0
2016-01-29 01:00:00,0,0,0
2016-01-29 02:00:00,1,1,0
2016-01-29 03:00:00,1,1,0
2016-01-29 04:00:00,0,0,0
2016-01-29 05:00:00,1,0,1
2016-01-29 06:00:00,23,15,8
2016-01-29 07:00:00,76,37,39
2016-01-29 08:00:00,66,28,38
2016-01-29 09:00:00,40,16,24
2016-01-29 10:00:00,32,17,15
2016-01-29 11:00:00,43,25,18
2016-01-29 12:00:00,130,68,62
2016-01-29 13:00:00,187,85,102
2016-01-29 14:00:00,107,54,53
2016-01-29 15:00:00,161,76,85
2016-01-29 16:00:00,160,74,86
2016-01-29 17:00:00,132,70,62
2016-01-29 18:00:00,50,20,30
2016-01-29 19:00:00,25,14,11
2016-01-29 20:00:00,16,12,4
2016-01-29 21:00:00,16,8,8
2016-01-29 22:00:00,10,3,7
2016-01-29 23:00:00,5,0,5
2016-01-30 00:00:00,5,3,2
2016-01-30 01:00:00,1,0,1
2016-01-30 02:00:00,4,3,1
2016-01-30 03:00:00,1,1,0
2016-01-30 04:00:00,4,1,3
2016-01-30 05:00:00,0,0,0
2016-01-30 06:00:00,5,3,2
2016-01-30 07:00:00,17,7,10
2016-01-30 08:00:00,74,39,35
2016-01-30 09:00:00,125,73,52
2016-01-30 10:00:00,142,69,73
2016-01-30 11:00:00,163,79,84
2016-01-30 12:00:00,193,91,102
2016-01-30 13:00:00,191,75,116
2016-01-30 14:00:00,153,77,76
2016-01-30 15:00:00,223,106,117
2016-01-30 16:00:00,299,135,164
2016-01-30 17:00:00,194,84,110
2016-01-30 18:00:00,50,17,33
2016-01-30 19:00:00,12,6,6
2016-01-30 20:00:00,6,5,1
2016-01-30 21:00:00,1,1,0
2016-01-30 22:00:00,3,2,1
2016-01-30 23:00:00,4,1,3
2016-01-31 00:00:00,2,0,2
2016-01-31 01:00:00,2,2,0
2016-01-31 02:00:00,0,0,0
2016-01-31 03:00:00,0,0,0
2016-01-31 04:00:00,0,0,0
2016-01-31 05:00:00,0,0,0
2016-01-31 06:00:00,5,3,2
2016-01-31 07:00:00,25,16,9
2016-01-31 08:00:00,88,50,38
2016-01-31 09:00:00,123,71,52
2016-01-31 10:00:00,165,80,85
2016-01-31 11:00:00,194,89,105
2016-01-31 12:00:00,155,69,86
2016-01-31 13:00:00,133,52,81
2016-01-31 14:00:00,156,75,81
2016-01-31 15:00:00,123,65,58
2016-01-31 16:00:00,157,71,86
2016-01-31 17:00:00,155,58,97
2016-01-31 18:00:00,43,21,22
2016-01-31 19:00:00,17,6,11
2016-01-31 20:00:00,6,5,1
2016-01-31 21:00:00,4,2,2
2016-01-31 22:00:00,1,0,1
2016-01-31 23:00:00,6,5,1
2016-02-01 00:00:00,3,2,1
2016-02-01 01:00:00,0,0,0
2016-02-01 02:00:00,2,1,1
2016-02-01 03:00:00,0,0,0
2016-02-01 04:00:00,0,0,0
2016-02-01 05:00:00,8,8,0
2016-02-01 06:00:00,46,24,22
2016-02-01 07:00:00,75,32,43
2016-02-01 08:00:00,65,31,34
2016-02-01 09:00:00,63,29,34
2016-02-01 10:00:00,61,30,31
2016-02-01 11:00:00,56,31,25
2016-02-01 12:00:00,213,125,88
2016-02-01 13:00:00,203,92,111
2016-02-01 14:00:00,116,56,60
2016-02-01 15:00:00,96,52,44
2016-02-01 16:00:00,127,62,65
2016-02-01 17:00:00,164,87,77
2016-02-01 18:00:00,60,30,30
2016-02-01 19:00:00,51,32,19
2016-02-01 20:00:00,21,11,10
2016-02-01 21:00:00,10,4,6
2016-02-01 22:00:00,2,1,1
2016-02-01 23:00:00,4,1,3
2016-02-02 00:00:00,1,0,1
2016-02-02 01:00:00,0,0,0
2016-02-02 02:00:00,1,1,0
2016-02-02 03:00:00,0,0,0
2016-02-02 04:00:00,3,1,2
2016-02-02 05:00:00,14,10,4
2016-02-02 06:00:00,82,46,36
2016-02-02 07:00:00,144,66,78
2016-02-02 08:00:00,92,45,47
2016-02-02 09:00:00,91,52,39
2016-02-02 10:00:00,75,28,47
2016-02-02 11:00:00,120,68,52
2016-02-02 12:00:00,313,185,128
2016-02-02 13:00:00,304,147,157
2016-02-02 14:00:00,188,86,102
2016-02-02 15:00:00,200,111,89
2016-02-02 16:00:00,209,93,116
2016-02-02 17:00:00,208,91,117
2016-02-02 18:00:00,115,55,60
2016-02-02 19:00:00,39,21,18
2016-02-02 20:00:00,17,6,11
2016-02-02 21:00:00,12,6,6
2016-02-02 22:00:00,3,1,2
2016-02-02 23:00:00,1,0,1
2016-02-03 00:00:00,2,2,0
2016-02-03 01:00:00,1,0,1
2016-02-03 02:00:00,0,0,0
2016-02-03 03:00:00,0,0,0
2016-02-03 04:00:00,0,0,0
2016-02-03 05:00:00,8,5,3
2016-02-03 06:00:00,60,35,25
2016-02-03 07:00:00,109,50,59
2016-02-03 08:00:00,102,48,54
2016-02-03 09:00:00,77,40,37
2016-02-03 10:00:00,50,26,24
2016-02-03 11:00:00,90,44,46
2016-02-03 12:00:00,169,86,83
2016-02-03 13:00:00,118,51,67
2016-02-03 14:00:00,47,22,25
2016-02-03 15:00:00,35,18,17
2016-02-03 16:00:00,30,13,17
2016-02-03 17:00:00,48,31,17
2016-02-03 18:00:00,35,18,17
2016-02-03 19:00:00,23,13,10
2016-02-03 20:00:00,14,8,6
2016-02-03 21:00:00,9,4,5
2016-02-03 22:00:00,0,0,0
2016-02-03 23:00:00,1,0,1
2016-02-04 00:00:00,1,1,0
2016-02-04 01:00:00,0,0,0
2016-02-04 02:00:00,0,0,0
2016-02-04 03:00:00,0,0,0
2016-02-04 04:00:00,2,2,0
2016-02-04 05:00:00,13,6,7
2016-02-04 06:00:00,47,31,16
2016-02-04 07:00:00,96,46,50
2016-02-04 08:00:00,103,43,60
2016-02-04 09:00:00,87,38,49
2016-02-04 10:00:00,49,24,25
2016-02-04 11:00:00,73,38,35
2016-02-04 12:00:00,158,88,70
2016-02-04 13:00:00,173,76,97
2016-02-04 14:00:00,101,49,52
2016-02-04 15:00:00,64,35,29
2016-02-04 16:00:00,121,60,61
2016-02-04 17:00:00,136,73,63
2016-02-04 18:00:00,84,42,42
2016-02-04 19:00:00,44,25,19
2016-02-04 20:00:00,22,11,11
2016-02-04 21:00:00,8,5,3
2016-02-04 22:00:00,8,5,3
2016-02-04 23:00:00,0,0,0
2016-02-05 00:00:00,1,1,0
2016-02-05 01:00:00,1,0,1
2016-02-05 02:00:00,1,0,1
2016-02-05 03:00:00,3,3,0
2016-02-05 04:00:00,1,0,1
2016-02-05 05:00:00,7,3,4
2016-02-05 06:00:00,36,23,13
2016-02-05 07:00:00,82,42,40
2016-02-05 08:00:00,97,35,62
2016-02-05 09:00:00,85,52,33
2016-02-05 10:00:00,82,39,43
2016-02-05 11:00:00,100,55,45
2016-02-05 12:00:00,186,89,97
2016-02-05 13:00:00,179,77,102
2016-02-05 14:00:00,109,52,57
2016-02-05 15:00:00,99,49,50
2016-02-05 16:00:00,87,45,42
2016-02-05 17:00:00,50,24,26
2016-02-05 18:00:00,16,7,9
2016-02-05 19:00:00,15,9,6
2016-02-05 20:00:00,6,3,3
2016-02-05 21:00:00,0,0,0
2016-02-05 22:00:00,0,0,0
2016-02-05 23:00:00,7,4,3
2016-02-06 00:00:00,3,1,2
2016-02-06 01:00:00,0,0,0
2016-02-06 02:00:00,0,0,0
2016-02-06 03:00:00,0,0,0
2016-02-06 04:00:00,2,1,1
2016-02-06 05:00:00,5,3,2
2016-02-06 06:00:00,3,2,1
2016-02-06 07:00:00,25,17,8
2016-02-06 08:00:00,90,52,38
2016-02-06 09:00:00,164,87,77
2016-02-06 10:00:00,188,94,94
2016-02-06 11:00:00,118,54,64
2016-02-06 12:00:00,148,68,80
2016-02-06 13:00:00,179,93,86
2016-02-06 14:00:00,146,69,77
2016-02-06 15:00:00,187,98,89
2016-02-06 16:00:00,190,97,93
2016-02-06 17:00:00,195,87,108
2016-02-06 18:00:00,81,37,44
2016-02-06 19:00:00,28,11,17
2016-02-06 20:00:00,9,6,3
2016-02-06 21:00:00,9,2,7
2016-02-06 22:00:00,7,4,3
2016-02-06 23:00:00,5,3,2
2016-02-07 00:00:00,1,1,0
2016-02-07 01:00:00,2,2,0
2016-02-07 02:00:00,1,1,0
2016-02-07 03:00:00,0,0,0
2016-02-07 04:00:00,0,0,0
2016-02-07 05:00:00,2,1,1
2016-02-07 06:00:00,4,3,1
2016-02-07 07:00:00,18,9,9
2016-02-07 08:00:00,64,38,26
2016-02-07 09:00:00,157,88,69
2016-02-07 10:00:00,214,113,101
2016-02-07 11:00:00,208,95,113
2016-02-07 12:00:00,214,103,111
2016-02-07 13:00:00,241,119,122
2016-02-07 14:00:00,219,109,110
2016-02-07 15:00:00,202,103,99
2016-02-07 16:00:00,137,58,79
2016-02-07 17:00:00,134,57,77
2016-02-07 18:00:00,66,15,51
2016-02-07 19:00:00,14,6,8
2016-02-07 20:00:00,13,5,8
2016-02-07 21:00:00,15,8,7
2016-02-07 22:00:00,4,1,3
2016-02-07 23:00:00,4,2,2
2016-02-08 00:00:00,2,1,1
2016-02-08 01:00:00,0,0,0
2016-02-08 02:00:00,0,0,0
2016-02-08 03:00:00,0,0,0
2016-02-08 04:00:00,0,0,0
2016-02-08 05:00:00,7,5,2
2016-02-08 06:00:00,29,17,12
2016-02-08 07:00:00,77,40,37
2016-02-08 08:00:00,91,46,45
2016-02-08 09:00:00,109,51,58
2016-02-08 10:00:00,77,36,41
2016-02-08 11:00:00,121,62,59
2016-02-08 12:00:00,343,193,150
2016-02-08 13:00:00,355,177,178
2016-02-08 14:00:00,253,110,143
2016-02-08 15:00:00,260,128,132
2016-02-08 16:00:00,283,152,131
2016-02-08 17:00:00,393,202,191
2016-02-08 18:00:00,218,90,128
2016-02-08 19:00:00,45,25,20
2016-02-08 20:00:00,19,14,5
2016-02-08 21:00:00,10,4,6
2016-02-08 22:00:00,9,4,5
2016-02-08 23:00:00,4,3,1
2016-02-09 00:00:00,0,0,0
2016-02-09 01:00:00,0,0,0
2016-02-09 02:00:00,0,0,0
2016-02-09 03:00:00,1,0,1
2016-02-09 04:00:00,2,1,1
2016-02-09 05:00:00,8,7,1
2016-02-09 06:00:00,49,27,22
2016-02-09 07:00:00,129,62,67
2016-02-09 08:00:00,113,42,71
2016-02-09 09:00:00,73,35,38
2016-02-09 10:00:00,55,28,27
2016-02-09 11:00:00,94,50,44
2016-02-09 12:00:00,304,169,135
2016-02-09 13:00:00,375,187,188
2016-02-09 14:00:00,201,89,112
2016-02-09 15:00:00,196,87,109
2016-02-09 16:00:00,266,122,144
2016-02-09 17:00:00,313,167,146
2016-02-09 18:00:00,196,95,101
2016-02-09 19:00:00,61,30,31
2016-02-09 20:00:00,23,11,12
2016-02-09 21:00:00,12,9,3
2016-02-09 22:00:00,7,3,4
2016-02-09 23:00:00,3,3,0
2016-02-10 00:00:00,1,0,1
2016-02-10 01:00:00,0,0,0
2016-02-10 02:00:00,4,3,1
2016-02-10 03:00:00,0,0,0
2016-02-10 04:00:00,1,0,1
2016-02-10 05:00:00,7,5,2
2016-02-10 06:00:00,43,25,18
2016-02-10 07:00:00,118,62,56
2016-02-10 08:00:00,125,52,73
2016-02-10 09:00:00,89,39,50
2016-02-10 10:00:00,43,16,27
2016-02-10 11:00:00,37,19,18
2016-02-10 12:00:00,109,67,42
2016-02-10 13:00:00,149,65,84
2016-02-10 14:00:00,105,53,52
2016-02-10 15:00:00,99,48,51
2016-02-10 16:00:00,63,28,35
2016-02-10 17:00:00,110,54,56
2016-02-10 18:00:00,84,38,46
2016-02-10 19:00:00,31,18,13
2016-02-10 20:00:00,11,6,5
2016-02-10 21:00:00,9,5,4
2016-02-10 22:00:00,5,3,2
2016-02-10 23:00:00,0,0,0
2016-02-11 00:00:00,2,1,1
2016-02-11 01:00:00,0,0,0
2016-02-11 02:00:00,0,0,0
2016-02-11 03:00:00,0,0,0
2016-02-11 04:00:00,3,1,2
2016-02-11 05:00:00,11,6,5
2016-02-11 06:00:00,40,27,13
2016-02-11 07:00:00,93,45,48
2016-02-11 08:00:00,115,50,65
2016-02-11 09:00:00,74,36,38
2016-02-11 10:00:00,52,22,30
2016-02-11 11:00:00,72,37,35
2016-02-11 12:00:00,206,115,91
2016-02-11 13:00:00,215,100,115
2016-02-11 14:00:00,95,39,56
2016-02-11 15:00:00,67,28,39
2016-02-11 16:00:00,49,25,24
2016-02-11 17:00:00,86,49,37
2016-02-11 18:00:00,53,23,30
2016-02-11 19:00:00,21,11,10
2016-02-11 20:00:00,15,12,3
2016-02-11 21:00:00,16,6,10
2016-02-11 22:00:00,1,1,0
2016-02-11 23:00:00,0,0,0
2016-02-12 00:00:00,0,0,0
2016-02-12 01:00:00,0,0,0
2016-02-12 02:00:00,0,0,0
2016-02-12 03:00:00,0,0,0
2016-02-12 04:00:00,0,0,0
2016-02-12 05:00:00,3,2,1
2016-02-12 06:00:00,18,11,7
2016-02-12 07:00:00,58,30,28
2016-02-12 08:00:00,95,51,44
2016-02-12 09:00:00,58,24,34
2016-02-12 10:00:00,27,13,14
2016-02-12 11:00:00,42,24,18
2016-02-12 12:00:00,137,69,68
2016-02-12 13:00:00,182,87,95
2016-02-12 14:00:00,133,59,74
2016-02-12 15:00:00,174,90,84
2016-02-12 16:00:00,205,90,115
2016-02-12 17:00:00,257,125,132
2016-02-12 18:00:00,126,60,66
2016-02-12 19:00:00,38,14,24
2016-02-12 20:00:00,7,3,4
2016-02-12 21:00:00,8,3,5
2016-02-12 22:00:00,5,2,3
2016-02-12 23:00:00,5,4,1
2016-02-13 00:00:00,2,0,2
2016-02-13 01:00:00,0,0,0
2016-02-13 02:00:00,0,0,0
2016-02-13 03:00:00,0,0,0
2016-02-13 04:00:00,0,0,0
2016-02-13 05:00:00,0,0,0
2016-02-13 06:00:00,7,3,4
2016-02-13 07:00:00,31,22,9
2016-02-13 08:00:00,91,49,42
2016-02-13 09:00:00,175,90,85
2016-02-13 10:00:00,190,93,97
2016-02-13 11:00:00,147,59,88
2016-02-13 12:00:00,133,59,74
2016-02-13 13:00:00,72,34,38
2016-02-13 14:00:00,48,19,29
2016-02-13 15:00:00,35,15,20
2016-02-13 16:00:00,36,17,19
2016-02-13 17:00:00,28,11,17
2016-02-13 18:00:00,18,6,12
2016-02-13 19:00:00,14,7,7
2016-02-13 20:00:00,4,1,3
2016-02-13 21:00:00,7,4,3
2016-02-13 22:00:00,6,4,2
2016-02-13 23:00:00,3,0,3
2016-02-14 00:00:00,2,0,2
2016-02-14 01:00:00,0,0,0
2016-02-14 02:00:00,0,0,0
2016-02-14 03:00:00,0,0,0
2016-02-14 04:00:00,1,0,1
2016-02-14 05:00:00,1,0,1
2016-02-14 06:00:00,8,5,3
2016-02-14 07:00:00,17,10,7
2016-02-14 08:00:00,46,29,17
2016-02-14 09:00:00,101,59,42
2016-02-14 10:00:00,135,68,67
2016-02-14 11:00:00,133,48,85
2016-02-14 12:00:00,121,48,73
2016-02-14 13:00:00,122,52,70
2016-02-14 14:00:00,123,61,62
2016-02-14 15:00:00,128,63,65
2016-02-14 16:00:00,161,70,91
2016-02-14 17:00:00,156,63,93
2016-02-14 18:00:00,54,20,34
2016-02-14 19:00:00,17,7,10
2016-02-14 20:00:00,9,6,3
2016-02-14 21:00:00,6,3,3
2016-02-14 22:00:00,6,4,2
2016-02-14 23:00:00,1,0,1
2016-02-15 00:00:00,1,0,1
2016-02-15 01:00:00,0,0,0
2016-02-15 02:00:00,2,1,1
2016-02-15 03:00:00,0,0,0
2016-02-15 04:00:00,0,0,0
2016-02-15 05:00:00,4,3,1
2016-02-15 06:00:00,18,13,5
2016-02-15 07:00:00,41,17,24
2016-02-15 08:00:00,105,54,51
2016-02-15 09:00:00,79,35,44
2016-02-15 10:00:00,44,21,23
2016-02-15 11:00:00,42,20,22
2016-02-15 12:00:00,71,39,32
2016-02-15 13:00:00,83,36,47
2016-02-15 14:00:00,55,28,27
2016-02-15 15:00:00,55,25,30
2016-02-15 16:00:00,52,26,26
2016-02-15 17:00:00,92,45,47
2016-02-15 18:00:00,44,23,21
2016-02-15 19:00:00,33,15,18
2016-02-15 20:00:00,7,2,5
2016-02-15 21:00:00,6,4,2
2016-02-15 22:00:00,3,2,1
2016-02-15 23:00:00,2,1,1
2016-02-16 00:00:00,1,0,1
2016-02-16 01:00:00,0,0,0
2016-02-16 02:00:00,0,0,0
2016-02-16 03:00:00,0,0,0
2016-02-16 04:00:00,3,2,1
2016-02-16 05:00:00,10,6,4
2016-02-16 06:00:00,36,22,14
2016-02-16 07:00:00,69,33,36
2016-02-16 08:00:00,73,28,45
2016-02-16 09:00:00,55,25,30
2016-02-16 10:00:00,63,36,27
2016-02-16 11:00:00,86,47,39
2016-02-16 12:00:00,288,165,123
2016-02-16 13:00:00,247,112,135
2016-02-16 14:00:00,154,79,75
2016-02-16 15:00:00,158,84,74
2016-02-16 16:00:00,143,71,72
2016-02-16 17:00:00,157,82,75
2016-02-16 18:00:00,130,61,69
2016-02-16 19:00:00,75,44,31
2016-02-16 20:00:00,18,10,8
2016-02-16 21:00:00,12,4,8
2016-02-16 22:00:00,5,3,2
2016-02-16 23:00:00,8,3,5
2016-02-17 00:00:00,3,1,2
2016-02-17 01:00:00,2,1,1
2016-02-17 02:00:00,0,0,0
2016-02-17 03:00:00,0,0,0
2016-02-17 04:00:00,3,2,1
2016-02-17 05:00:00,4,2,2
2016-02-17 06:00:00,47,33,14
2016-02-17 07:00:00,127,61,66
2016-02-17 08:00:00,120,59,61
2016-02-17 09:00:00,112,53,59
2016-02-17 10:00:00,70,28,42
2016-02-17 11:00:00,83,42,41
2016-02-17 12:00:00,227,128,99
2016-02-17 13:00:00,248,112,136
2016-02-17 14:00:00,93,41,52
2016-02-17 15:00:00,52,29,23
2016-02-17 16:00:00,76,38,38
2016-02-17 17:00:00,164,92,72
2016-02-17 18:00:00,157,73,84
2016-02-17 19:00:00,32,14,18
2016-02-17 20:00:00,1,0,1
2016-02-17 21:00:00,8,4,4
2016-02-17 22:00:00,0,0,0
2016-02-17 23:00:00,3,2,1
2016-02-18 00:00:00,2,1,1
2016-02-18 01:00:00,0,0,0
2016-02-18 02:00:00,1,0,1
2016-02-18 03:00:00,0,0,0
2016-02-18 04:00:00,0,0,0
2016-02-18 05:00:00,10,5,5
2016-02-18 06:00:00,34,23,11
2016-02-18 07:00:00,100,48,52
2016-02-18 08:00:00,108,53,55
2016-02-18 09:00:00,118,65,53
2016-02-18 10:00:00,89,41,48
2016-02-18 11:00:00,82,39,43
2016-02-18 12:00:00,170,94,76
2016-02-18 13:00:00,168,79,89
2016-02-18 14:00:00,135,65,70
2016-02-18 15:00:00,117,55,62
2016-02-18 16:00:00,152,68,84
2016-02-18 17:00:00,166,84,82
2016-02-18 18:00:00,126,60,66
2016-02-18 19:00:00,44,22,22
2016-02-18 20:00:00,4,2,2
2016-02-18 21:00:00,9,7,2
2016-02-18 22:00:00,4,0,4
2016-02-18 23:00:00,2,2,0
2016-02-19 00:00:00,5,2,3
2016-02-19 01:00:00,0,0,0
2016-02-19 02:00:00,0,0,0
2016-02-19 03:00:00,0,0,0
2016-02-19 04:00:00,3,2,1
2016-02-19 05:00:00,4,3,1
2016-02-19 06:00:00,21,11,10
2016-02-19 07:00:00,41,22,19
2016-02-19 08:00:00,66,32,34
2016-02-19 09:00:00,41,17,24
2016-02-19 10:00:00,55,28,27
2016-02-19 11:00:00,57,24,33
2016-02-19 12:00:00,104,54,50
2016-02-19 13:00:00,72,28,44
2016-02-19 14:00:00,25,11,14
2016-02-19 15:00:00,41,20,21
2016-02-19 16:00:00,53,21,32
2016-02-19 17:00:00,57,34,23
2016-02-19 18:00:00,49,23,26
2016-02-19 19:00:00,17,12,5
2016-02-19 20:00:00,13,7,6
2016-02-19 21:00:00,7,2,5
2016-02-19 22:00:00,5,3,2
2016-02-19 23:00:00,1,0,1
2016-02-20 00:00:00,0,0,0
2016-02-20 01:00:00,0,0,0
2016-02-20 02:00:00,0,0,0
2016-02-20 03:00:00,1,1,0
2016-02-20 04:00:00,5,2,3
2016-02-20 05:00:00,3,2,1
2016-02-20 06:00:00,8,3,5
2016-02-20 07:00:00,45,28,17
2016-02-20 08:00:00,115,61,54
2016-02-20 09:00:00,183,95,88
2016-02-20 10:00:00,249,135,114
2016-02-20 11:00:00,276,133,143
2016-02-20 12:00:00,328,158,170
2016-02-20 13:00:00,334,149,185
2016-02-20 14:00:00,311,151,160
2016-02-20 15:00:00,367,193,174
2016-02-20 16:00:00,344,168,176
2016-02-20 17:00:00,280,111,169
2016-02-20 18:00:00,139,45,94
2016-02-20 19:00:00,33,13,20
2016-02-20 20:00:00,3,2,1
2016-02-20 21:00:00,10,5,5
2016-02-20 22:00:00,10,6,4
2016-02-20 23:00:00,11,5,6
2016-02-21 00:00:00,1,0,1
2016-02-21 01:00:00,2,2,0
2016-02-21 02:00:00,0,0,0
2016-02-21 03:00:00,0,0,0
2016-02-21 04:00:00,1,1,0
2016-02-21 05:00:00,2,0,2
2016-02-21 06:00:00,8,4,4
2016-02-21 07:00:00,34,23,11
2016-02-21 08:00:00,98,54,44
2016-02-21 09:00:00,139,73,66
2016-02-21 10:00:00,159,83,76
2016-02-21 11:00:00,170,77,93
2016-02-21 12:00:00,82,27,55
2016-02-21 13:00:00,36,24,12
2016-02-21 14:00:00,106,54,52
2016-02-21 15:00:00,120,52,68
2016-02-21 16:00:00,161,81,80
2016-02-21 17:00:00,282,139,143
2016-02-21 18:00:00,137,53,84
2016-02-21 19:00:00,14,6,8
2016-02-21 20:00:00,4,1,3
2016-02-21 21:00:00,9,6,3
2016-02-21 22:00:00,5,3,2
2016-02-21 23:00:00,2,1,1
2016-02-22 00:00:00,0,0,0
2016-02-22 01:00:00,0,0,0
2016-02-22 02:00:00,0,0,0
2016-02-22 03:00:00,0,0,0
2016-02-22 04:00:00,1,1,0
2016-02-22 05:00:00,11,7,4
2016-02-22 06:00:00,21,14,7
2016-02-22 07:00:00,83,46,37
2016-02-22 08:00:00,78,35,43
2016-02-22 09:00:00,68,27,41
2016-02-22 10:00:00,42,23,19
2016-02-22 11:00:00,80,43,37
2016-02-22 12:00:00,185,103,82
2016-02-22 13:00:00,232,119,113
2016-02-22 14:00:00,153,76,77
2016-02-22 15:00:00,148,67,81
2016-02-22 16:00:00,223,121,102
2016-02-22 17:00:00,290,153,137
2016-02-22 18:00:00,245,121,124
2016-02-22 19:00:00,65,32,33
2016-02-22 20:00:00,25,11,14
2016-02-22 21:00:00,7,3,4
2016-02-22 22:00:00,2,1,1
2016-02-22 23:00:00,2,1,1
2016-02-23 00:00:00,0,0,0
2016-02-23 01:00:00,0,0,0
2016-02-23 02:00:00,0,0,0
2016-02-23 03:00:00,0,0,0
2016-02-23 04:00:00,1,1,0
2016-02-23 05:00:00,5,3,2
2016-02-23 06:00:00,57,32,25
2016-02-23 07:00:00,106,48,58
2016-02-23 08:00:00,116,55,61
2016-02-23 09:00:00,92,35,57
2016-02-23 10:00:00,67,32,35
2016-02-23 11:00:00,145,72,73
2016-02-23 12:00:00,360,198,162
2016-02-23 13:00:00,368,172,196
2016-02-23 14:00:00,224,103,121
2016-02-23 15:00:00,192,100,92
2016-02-23 16:00:00,209,96,113
2016-02-23 17:00:00,243,125,118
2016-02-23 18:00:00,202,98,104
2016-02-23 19:00:00,65,26,39
2016-02-23 20:00:00,14,3,11
2016-02-23 21:00:00,16,8,8
2016-02-23 22:00:00,10,6,4
2016-02-23 23:00:00,2,1,1
2016-02-24 00:00:00,0,0,0
2016-02-24 01:00:00,1,0,1
2016-02-24 02:00:00,0,0,0
2016-02-24 03:00:00,0,0,0
2016-02-24 04:00:00,2,0,2
2016-02-24 05:00:00,6,3,3
2016-02-24 06:00:00,48,29,19
2016-02-24 07:00:00,141,68,73
2016-02-24 08:00:00,105,45,60
2016-02-24 09:00:00,82,40,42
2016-02-24 10:00:00,71,28,43
2016-02-24 11:00:00,99,48,51
2016-02-24 12:00:00,245,139,106
2016-02-24 13:00:00,267,124,143
2016-02-24 14:00:00,175,81,94
2016-02-24 15:00:00,126,64,62
2016-02-24 16:00:00,130,74,56
2016-02-24 17:00:00,211,107,104
2016-02-24 18:00:00,143,62,81
2016-02-24 19:00:00,36,15,21
2016-02-24 20:00:00,11,3,8
2016-02-24 21:00:00,8,5,3
2016-02-24 22:00:00,5,1,4
2016-02-24 23:00:00,5,1,4
2016-02-25 00:00:00,1,1,0
2016-02-25 01:00:00,1,0,1
2016-02-25 02:00:00,1,0,1
2016-02-25 03:00:00,1,1,0
2016-02-25 04:00:00,2,2,0
2016-02-25 05:00:00,6,3,3
2016-02-25 06:00:00,40,27,13
2016-02-25 07:00:00,135,72,63
2016-02-25 08:00:00,133,64,69
2016-02-25 09:00:00,110,46,64
2016-02-25 10:00:00,104,51,53
2016-02-25 11:00:00,134,63,71
2016-02-25 12:00:00,303,174,129
2016-02-25 13:00:00,387,179,208
2016-02-25 14:00:00,258,139,119
2016-02-25 15:00:00,233,123,110
2016-02-25 16:00:00,242,125,117
2016-02-25 17:00:00,369,210,159
2016-02-25 18:00:00,306,140,166
2016-02-25 19:00:00,115,57,58
2016-02-25 20:00:00,16,8,8
2016-02-25 21:00:00,24,13,11
2016-02-25 22:00:00,4,2,2
2016-02-25 23:00:00,4,3,1
2016-02-26 00:00:00,1,0,1
2016-02-26 01:00:00,1,0,1
2016-02-26 02:00:00,0,0,0
2016-02-26 03:00:00,1,1,0
2016-02-26 04:00:00,2,1,1
2016-02-26 05:00:00,3,2,1
2016-02-26 06:00:00,28,16,12
2016-02-26 07:00:00,113,54,59
2016-02-26 08:00:00,134,61,73
2016-02-26 09:00:00,102,40,62
2016-02-26 10:00:00,120,65,55
2016-02-26 11:00:00,131,60,71
2016-02-26 12:00:00,235,116,119
2016-02-26 13:00:00,238,118,120
2016-02-26 14:00:00,102,45,57
2016-02-26 15:00:00,96,38,58
2016-02-26 16:00:00,59,30,29
2016-02-26 17:00:00,61,30,31
2016-02-26 18:00:00,32,20,12
2016-02-26 19:00:00,17,8,9
2016-02-26 20:00:00,8,5,3
2016-02-26 21:00:00,10,4,6
2016-02-26 22:00:00,8,5,3
2016-02-26 23:00:00,3,2,1
2016-02-27 00:00:00,8,3,5
2016-02-27 01:00:00,5,4,1
2016-02-27 02:00:00,2,1,1
2016-02-27 03:00:00,1,0,1
2016-02-27 04:00:00,3,1,2
2016-02-27 05:00:00,0,0,0
2016-02-27 06:00:00,7,3,4
2016-02-27 07:00:00,21,14,7
2016-02-27 08:00:00,91,51,40
2016-02-27 09:00:00,170,99,71
2016-02-27 10:00:00,173,91,82
2016-02-27 11:00:00,202,112,90
2016-02-27 12:00:00,225,102,123
2016-02-27 13:00:00,184,94,90
2016-02-27 14:00:00,318,156,162
2016-02-27 15:00:00,359,194,165
2016-02-27 16:00:00,386,180,206
2016-02-27 17:00:00,344,163,181
2016-02-27 18:00:00,192,86,106
2016-02-27 19:00:00,35,11,24
2016-02-27 20:00:00,7,4,3
2016-02-27 21:00:00,6,3,3
2016-02-27 22:00:00,5,5,0
2016-02-27 23:00:00,9,5,4
2016-02-28 00:00:00,2,0,2
2016-02-28 01:00:00,0,0,0
2016-02-28 02:00:00,8,4,4
2016-02-28 03:00:00,4,2,2
2016-02-28 04:00:00,0,0,0
2016-02-28 05:00:00,1,1,0
2016-02-28 06:00:00,4,1,3
2016-02-28 07:00:00,25,14,11
2016-02-28 08:00:00,52,28,24
2016-02-28 09:00:00,76,41,35
2016-02-28 10:00:00,97,54,43
2016-02-28 11:00:00,136,67,69
2016-02-28 12:00:00,228,101,127
2016-02-28 13:00:00,59,27,32
2016-02-28 14:00:00,41,21,20
2016-02-28 15:00:00,57,29,28
2016-02-28 16:00:00,83,38,45
2016-02-28 17:00:00,113,62,51
2016-02-28 18:00:00,102,39,63
2016-02-28 19:00:00,17,5,12
2016-02-28 20:00:00,4,3,1
2016-02-28 21:00:00,4,3,1
2016-02-28 22:00:00,2,0,2
2016-02-28 23:00:00,1,0,1
2016-02-29 00:00:00,1,1,0
2016-02-29 01:00:00,0,0,0
2016-02-29 02:00:00,0,0,0
2016-02-29 03:00:00,0,0,0
2016-02-29 04:00:00,0,0,0
2016-02-29 05:00:00,6,4,2
2016-02-29 06:00:00,37,21,16
2016-02-29 07:00:00,70,32,38
2016-02-29 08:00:00,59,26,33
2016-02-29 09:00:00,59,32,27
2016-02-29 10:00:00,64,30,34
2016-02-29 11:00:00,111,52,59
2016-02-29 12:00:00,247,126,121
2016-02-29 13:00:00,288,147,141
2016-02-29 14:00:00,163,87,76
2016-02-29 15:00:00,163,73,90
2016-02-29 16:00:00,131,63,68
2016-02-29 17:00:00,174,92,82
2016-02-29 18:00:00,191,94,97
2016-02-29 19:00:00,74,35,39
2016-02-29 20:00:00,7,5,2
2016-02-29 21:00:00,9,4,5
2016-02-29 22:00:00,4,2,2
2016-02-29 23:00:00,2,1,1
2016-03-01 00:00:00,2,1,1
2016-03-01 01:00:00,1,0,1
2016-03-01 02:00:00,0,0,0
2016-03-01 03:00:00,0,0,0
2016-03-01 04:00:00,0,0,0
2016-03-01 05:00:00,8,4,4
2016-03-01 06:00:00,35,20,15
2016-03-01 07:00:00,57,31,26
2016-03-01 08:00:00,74,35,39
2016-03-01 09:00:00,65,29,36
2016-03-01 10:00:00,34,12,22
2016-03-01 11:00:00,34,14,20
2016-03-01 12:00:00,96,58,38
2016-03-01 13:00:00,118,57,61
2016-03-01 14:00:00,46,20,26
2016-03-01 15:00:00,38,16,22
2016-03-01 16:00:00,56,26,30
2016-03-01 17:00:00,81,42,39
2016-03-01 18:00:00,64,35,29
2016-03-01 19:00:00,25,12,13
2016-03-01 20:00:00,8,4,4
2016-03-01 21:00:00,7,2,5
2016-03-01 22:00:00,5,2,3
2016-03-01 23:00:00,0,0,0
2016-03-02 00:00:00,0,0,0
2016-03-02 01:00:00,2,1,1
2016-03-02 02:00:00,2,0,2
2016-03-02 03:00:00,2,2,0
2016-03-02 04:00:00,1,0,1
2016-03-02 05:00:00,9,5,4
2016-03-02 06:00:00,45,29,16
2016-03-02 07:00:00,100,50,50
2016-03-02 08:00:00,136,68,68
2016-03-02 09:00:00,66,27,39
2016-03-02 10:00:00,60,31,29
2016-03-02 11:00:00,71,32,39
2016-03-02 12:00:00,266,141,125
2016-03-02 13:00:00,261,120,141
2016-03-02 14:00:00,130,71,59
2016-03-02 15:00:00,115,50,65
2016-03-02 16:00:00,124,54,70
2016-03-02 17:00:00,152,84,68
2016-03-02 18:00:00,95,46,49
2016-03-02 19:00:00,19,6,13
2016-03-02 20:00:00,10,5,5
2016-03-02 21:00:00,7,5,2
2016-03-02 22:00:00,3,2,1
2016-03-02 23:00:00,0,0,0
2016-03-03 00:00:00,0,0,0
2016-03-03 01:00:00,1,0,1
2016-03-03 02:00:00,0,0,0
2016-03-03 03:00:00,1,1,0
2016-03-03 04:00:00,0,0,0
2016-03-03 05:00:00,6,4,2
2016-03-03 06:00:00,51,33,18
2016-03-03 07:00:00,88,47,41
2016-03-03 08:00:00,123,62,61
2016-03-03 09:00:00,83,33,50
2016-03-03 10:00:00,52,23,29
2016-03-03 11:00:00,62,32,30
2016-03-03 12:00:00,154,80,74
2016-03-03 13:00:00,139,63,76
2016-03-03 14:00:00,83,41,42
2016-03-03 15:00:00,78,35,43
2016-03-03 16:00:00,89,51,38
2016-03-03 17:00:00,212,113,99
2016-03-03 18:00:00,203,102,101
2016-03-03 19:00:00,77,33,44
2016-03-03 20:00:00,31,14,17
2016-03-03 21:00:00,9,4,5
2016-03-03 22:00:00,3,2,1
2016-03-03 23:00:00,4,2,2
2016-03-04 00:00:00,3,1,2
2016-03-04 01:00:00,1,0,1
2016-03-04 02:00:00,3,1,2
2016-03-04 03:00:00,0,0,0
2016-03-04 04:00:00,1,0,1
2016-03-04 05:00:00,2,1,1
2016-03-04 06:00:00,24,16,8
2016-03-04 07:00:00,108,59,49
2016-03-04 08:00:00,142,60,82
2016-03-04 09:00:00,100,58,42
2016-03-04 10:00:00,82,36,46
2016-03-04 11:00:00,71,31,40
2016-03-04 12:00:00,158,84,74
2016-03-04 13:00:00,152,72,80
2016-03-04 14:00:00,63,28,35
2016-03-04 15:00:00,38,16,22
2016-03-04 16:00:00,44,23,21
2016-03-04 17:00:00,40,22,18
2016-03-04 18:00:00,34,16,18
2016-03-04 19:00:00,15,9,6
2016-03-04 20:00:00,7,3,4
2016-03-04 21:00:00,8,4,4
2016-03-04 22:00:00,7,4,3
2016-03-04 23:00:00,5,3,2
2016-03-05 00:00:00,0,0,0
2016-03-05 01:00:00,3,0,3
2016-03-05 02:00:00,0,0,0
2016-03-05 03:00:00,1,1,0
2016-03-05 04:00:00,1,1,0
2016-03-05 05:00:00,3,1,2
2016-03-05 06:00:00,9,5,4
2016-03-05 07:00:00,69,44,25
2016-03-05 08:00:00,120,64,56
2016-03-05 09:00:00,213,110,103
2016-03-05 10:00:00,282,158,124
2016-03-05 11:00:00,297,128,169
2016-03-05 12:00:00,355,158,197
2016-03-05 13:00:00,373,164,209
2016-03-05 14:00:00,360,188,172
2016-03-05 15:00:00,431,229,202
2016-03-05 16:00:00,332,137,195
2016-03-05 17:00:00,250,100,150
2016-03-05 18:00:00,102,41,61
2016-03-05 19:00:00,26,11,15
2016-03-05 20:00:00,4,1,3
2016-03-05 21:00:00,3,0,3
2016-03-05 22:00:00,1,1,0
2016-03-05 23:00:00,5,3,2
2016-03-06 00:00:00,1,0,1
2016-03-06 01:00:00,0,0,0
2016-03-06 02:00:00,0,0,0
2016-03-06 03:00:00,2,0,2
2016-03-06 04:00:00,0,0,0
2016-03-06 05:00:00,1,1,0
2016-03-06 06:00:00,10,7,3
2016-03-06 07:00:00,48,26,22
2016-03-06 08:00:00,66,33,33
2016-03-06 09:00:00,86,43,43
2016-03-06 10:00:00,87,31,56
2016-03-06 11:00:00,96,52,44
2016-03-06 12:00:00,107,42,65
2016-03-06 13:00:00,27,12,15
2016-03-06 14:00:00,113,65,48
2016-03-06 15:00:00,217,102,115
2016-03-06 16:00:00,279,131,148
2016-03-06 17:00:00,192,83,109
2016-03-06 18:00:00,48,9,39
2016-03-06 19:00:00,15,10,5
2016-03-06 20:00:00,0,0,0
2016-03-06 21:00:00,6,2,4
2016-03-06 22:00:00,6,4,2
2016-03-06 23:00:00,1,1,0
2016-03-07 00:00:00,1,0,1
2016-03-07 01:00:00,0,0,0
2016-03-07 02:00:00,0,0,0
2016-03-07 03:00:00,0,0,0
2016-03-07 04:00:00,0,0,0
2016-03-07 05:00:00,10,6,4
2016-03-07 06:00:00,36,20,16
2016-03-07 07:00:00,73,37,36
2016-03-07 08:00:00,41,16,25
2016-03-07 09:00:00,26,11,15
2016-03-07 10:00:00,35,17,18
2016-03-07 11:00:00,45,23,22
2016-03-07 12:00:00,207,122,85
2016-03-07 13:00:00,208,99,109
2016-03-07 14:00:00,122,57,65
2016-03-07 15:00:00,140,74,66
2016-03-07 16:00:00,222,130,92
2016-03-07 17:00:00,225,125,100
2016-03-07 18:00:00,270,127,143
2016-03-07 19:00:00,73,30,43
2016-03-07 20:00:00,15,9,6
2016-03-07 21:00:00,14,5,9
2016-03-07 22:00:00,4,2,2
2016-03-07 23:00:00,2,0,2
2016-03-08 00:00:00,3,1,2
2016-03-08 01:00:00,0,0,0
2016-03-08 02:00:00,0,0,0
2016-03-08 03:00:00,0,0,0
2016-03-08 04:00:00,0,0,0
2016-03-08 05:00:00,13,7,6
2016-03-08 06:00:00,56,37,19
2016-03-08 07:00:00,165,76,89
2016-03-08 08:00:00,105,47,58
2016-03-08 09:00:00,75,40,35
2016-03-08 10:00:00,64,27,37
2016-03-08 11:00:00,87,45,42
2016-03-08 12:00:00,238,137,101
2016-03-08 13:00:00,227,109,118
2016-03-08 14:00:00,156,74,82
2016-03-08 15:00:00,133,74,59
2016-03-08 16:00:00,166,70,96
2016-03-08 17:00:00,168,97,71
2016-03-08 18:00:00,199,96,103
2016-03-08 19:00:00,74,29,45
2016-03-08 20:00:00,6,3,3
2016-03-08 21:00:00,4,3,1
2016-03-08 22:00:00,4,3,1
2016-03-08 23:00:00,3,2,1
2016-03-09 00:00:00,1,0,1
2016-03-09 01:00:00,0,0,0
2016-03-09 02:00:00,0,0,0
2016-03-09 03:00:00,0,0,0
2016-03-09 04:00:00,0,0,0
2016-03-09 05:00:00,7,4,3
2016-03-09 06:00:00,47,30,17
2016-03-09 07:00:00,150,80,70
2016-03-09 08:00:00,86,35,51
2016-03-09 09:00:00,61,35,26
2016-03-09 10:00:00,70,32,38
2016-03-09 11:00:00,86,40,46
2016-03-09 12:00:00,150,82,68
2016-03-09 13:00:00,105,41,64
2016-03-09 14:00:00,36,20,16
2016-03-09 15:00:00,31,18,13
2016-03-09 16:00:00,27,10,17
2016-03-09 17:00:00,38,24,14
2016-03-09 18:00:00,33,18,15
2016-03-09 19:00:00,23,12,11
2016-03-09 20:00:00,3,2,1
2016-03-09 21:00:00,7,1,6
2016-03-09 22:00:00,1,0,1
2016-03-09 23:00:00,3,2,1
2016-03-10 00:00:00,2,1,1
2016-03-10 01:00:00,1,0,1
2016-03-10 02:00:00,0,0,0
2016-03-10 03:00:00,0,0,0
2016-03-10 04:00:00,3,1,2
2016-03-10 05:00:00,5,4,1
2016-03-10 06:00:00,32,20,12
2016-03-10 07:00:00,95,54,41
2016-03-10 08:00:00,78,37,41
2016-03-10 09:00:00,57,27,30
2016-03-10 10:00:00,59,28,31
2016-03-10 11:00:00,69,33,36
2016-03-10 12:00:00,110,65,45
2016-03-10 13:00:00,122,46,76
2016-03-10 14:00:00,78,33,45
2016-03-10 15:00:00,51,27,24
2016-03-10 16:00:00,47,27,20
2016-03-10 17:00:00,167,96,71
2016-03-10 18:00:00,222,111,111
2016-03-10 19:00:00,76,37,39
2016-03-10 20:00:00,21,10,11
2016-03-10 21:00:00,11,5,6
2016-03-10 22:00:00,4,2,2
2016-03-10 23:00:00,1,0,1
2016-03-11 00:00:00,2,2,0
2016-03-11 01:00:00,0,0,0
2016-03-11 02:00:00,0,0,0
2016-03-11 03:00:00,4,3,1
2016-03-11 04:00:00,3,1,2
2016-03-11 05:00:00,7,5,2
2016-03-11 06:00:00,35,22,13
2016-03-11 07:00:00,106,55,51
2016-03-11 08:00:00,159,68,91
2016-03-11 09:00:00,116,57,59
2016-03-11 10:00:00,124,58,66
2016-03-11 11:00:00,175,101,74
2016-03-11 12:00:00,265,132,133
2016-03-11 13:00:00,153,57,96
2016-03-11 14:00:00,39,14,25
2016-03-11 15:00:00,33,20,13
2016-03-11 16:00:00,74,33,41
2016-03-11 17:00:00,72,36,36
2016-03-11 18:00:00,34,20,14
2016-03-11 19:00:00,28,16,12
2016-03-11 20:00:00,3,3,0
2016-03-11 21:00:00,7,5,2
2016-03-11 22:00:00,1,0,1
2016-03-11 23:00:00,1,0,1
2016-03-12 00:00:00,3,0,3
2016-03-12 01:00:00,0,0,0
2016-03-12 02:00:00,0,0,0
2016-03-12 03:00:00,0,0,0
2016-03-12 04:00:00,3,1,2
2016-03-12 05:00:00,1,1,0
2016-03-12 06:00:00,6,4,2
2016-03-12 07:00:00,29,14,15
2016-03-12 08:00:00,54,28,26
2016-03-12 09:00:00,81,39,42
2016-03-12 10:00:00,95,56,39
2016-03-12 11:00:00,199,101,98
2016-03-12 12:00:00,213,89,124
2016-03-12 13:00:00,120,52,68
2016-03-12 14:00:00,143,67,76
2016-03-12 15:00:00,129,55,74
2016-03-12 16:00:00,112,53,59
2016-03-12 17:00:00,91,43,48
2016-03-12 18:00:00,44,22,22
2016-03-12 19:00:00,14,8,6
2016-03-12 20:00:00,10,4,6
2016-03-12 21:00:00,5,1,4
2016-03-12 22:00:00,1,1,0
2016-03-12 23:00:00,2,2,0
2016-03-13 00:00:00,5,3,2
2016-03-13 01:00:00,1,1,0
2016-03-13 02:00:00,0,0,0
2016-03-13 03:00:00,0,0,0
2016-03-13 04:00:00,0,0,0
2016-03-13 05:00:00,0,0,0
2016-03-13 06:00:00,0,0,0
2016-03-13 07:00:00,11,9,2
2016-03-13 08:00:00,54,32,22
2016-03-13 09:00:00,87,46,41
2016-03-13 10:00:00,56,22,34
2016-03-13 11:00:00,43,20,23
2016-03-13 12:00:00,48,28,20
2016-03-13 13:00:00,106,52,54
2016-03-13 14:00:00,58,22,36
2016-03-13 15:00:00,61,23,38
2016-03-13 16:00:00,42,15,27
2016-03-13 17:00:00,42,20,22
2016-03-13 18:00:00,62,28,34
2016-03-13 19:00:00,40,18,22
2016-03-13 20:00:00,8,3,5
2016-03-13 21:00:00,3,3,0
2016-03-13 22:00:00,4,1,3
2016-03-13 23:00:00,1,1,0
2016-03-14 00:00:00,1,0,1
2016-03-14 01:00:00,0,0,0
2016-03-14 02:00:00,2,1,1
2016-03-14 03:00:00,0,0,0
2016-03-14 04:00:00,0,0,0
2016-03-14 05:00:00,4,3,1
2016-03-14 06:00:00,20,12,8
2016-03-14 07:00:00,48,26,22
2016-03-14 08:00:00,79,36,43
2016-03-14 09:00:00,72,41,31
2016-03-14 10:00:00,64,24,40
2016-03-14 11:00:00,61,30,31
2016-03-14 12:00:00,150,77,73
2016-03-14 13:00:00,170,75,95
2016-03-14 14:00:00,94,47,47
2016-03-14 15:00:00,77,34,43
2016-03-14 16:00:00,115,57,58
2016-03-14 17:00:00,78,41,37
2016-03-14 18:00:00,123,75,48
2016-03-14 19:00:00,86,36,50
2016-03-14 20:00:00,19,9,10
2016-03-14 21:00:00,11,7,4
2016-03-14 22:00:00,7,2,5
2016-03-14 23:00:00,4,2,2
2016-03-15 00:00:00,2,0,2
2016-03-15 01:00:00,2,2,0
2016-03-15 02:00:00,1,1,0
2016-03-15 03:00:00,0,0,0
2016-03-15 04:00:00,0,0,0
2016-03-15 05:00:00,4,2,2
2016-03-15 06:00:00,34,21,13
2016-03-15 07:00:00,98,52,46
2016-03-15 08:00:00,105,50,55
2016-03-15 09:00:00,68,32,36
2016-03-15 10:00:00,70,30,40
2016-03-15 11:00:00,84,50,34
2016-03-15 12:00:00,203,118,85
2016-03-15 13:00:00,192,79,113
2016-03-15 14:00:00,123,61,62
2016-03-15 15:00:00,113,63,50
2016-03-15 16:00:00,180,86,94
2016-03-15 17:00:00,249,132,117
2016-03-15 18:00:00,303,166,137
2016-03-15 19:00:00,191,91,100
2016-03-15 20:00:00,57,22,35
2016-03-15 21:00:00,10,6,4
2016-03-15 22:00:00,7,3,4
2016-03-15 23:00:00,5,4,1
2016-03-16 00:00:00,0,0,0
2016-03-16 01:00:00,0,0,0
2016-03-16 02:00:00,0,0,0
2016-03-16 03:00:00,0,0,0
2016-03-16 04:00:00,0,0,0
2016-03-16 05:00:00,7,4,3
2016-03-16 06:00:00,45,30,15
2016-03-16 07:00:00,124,63,61
2016-03-16 08:00:00,108,54,54
2016-03-16 09:00:00,100,44,56
2016-03-16 10:00:00,73,36,37
2016-03-16 11:00:00,96,51,45
2016-03-16 12:00:00,215,113,102
2016-03-16 13:00:00,237,115,122
2016-03-16 14:00:00,158,82,76
2016-03-16 15:00:00,170,82,88
2016-03-16 16:00:00,202,101,101
2016-03-16 17:00:00,271,128,143
2016-03-16 18:00:00,320,173,147
2016-03-16 19:00:00,310,151,159
2016-03-16 20:00:00,84,36,48
2016-03-16 21:00:00,4,4,0
2016-03-16 22:00:00,10,6,4
2016-03-16 23:00:00,3,3,0
2016-03-17 00:00:00,7,2,5
2016-03-17 01:00:00,2,1,1
2016-03-17 02:00:00,0,0,0
2016-03-17 03:00:00,0,0,0
2016-03-17 04:00:00,0,0,0
2016-03-17 05:00:00,4,2,2
2016-03-17 06:00:00,34,19,15
2016-03-17 07:00:00,92,52,40
2016-03-17 08:00:00,118,50,68
2016-03-17 09:00:00,100,44,56
2016-03-17 10:00:00,93,49,44
2016-03-17 11:00:00,139,66,73
2016-03-17 12:00:00,317,158,159
2016-03-17 13:00:00,310,154,156
2016-03-17 14:00:00,226,110,116
2016-03-17 15:00:00,176,86,90
2016-03-17 16:00:00,255,120,135
2016-03-17 17:00:00,286,145,141
2016-03-17 18:00:00,383,205,178
2016-03-17 19:00:00,250,104,146
2016-03-17 20:00:00,70,30,40
2016-03-17 21:00:00,7,3,4
2016-03-17 22:00:00,4,3,1
2016-03-17 23:00:00,1,1,0
2016-03-18 00:00:00,1,0,1
2016-03-18 01:00:00,2,2,0
2016-03-18 02:00:00,0,0,0
2016-03-18 03:00:00,0,0,0
2016-03-18 04:00:00,0,0,0
2016-03-18 05:00:00,4,1,3
2016-03-18 06:00:00,13,9,4
2016-03-18 07:00:00,83,43,40
2016-03-18 08:00:00,93,39,54
2016-03-18 09:00:00,90,43,47
2016-03-18 10:00:00,109,61,48
2016-03-18 11:00:00,147,66,81
2016-03-18 12:00:00,256,128,128
2016-03-18 13:00:00,274,129,145
2016-03-18 14:00:00,204,96,108
2016-03-18 15:00:00,197,115,82
2016-03-18 16:00:00,231,108,123
2016-03-18 17:00:00,233,113,120
2016-03-18 18:00:00,281,139,142
2016-03-18 19:00:00,246,110,136
2016-03-18 20:00:00,67,16,51
2016-03-18 21:00:00,7,2,5
2016-03-18 22:00:00,5,4,1
2016-03-18 23:00:00,12,7,5
2016-03-19 00:00:00,4,3,1
2016-03-19 01:00:00,7,5,2
2016-03-19 02:00:00,3,1,2
2016-03-19 03:00:00,1,0,1
2016-03-19 04:00:00,3,0,3
2016-03-19 05:00:00,3,2,1
2016-03-19 06:00:00,5,3,2
2016-03-19 07:00:00,30,20,10
2016-03-19 08:00:00,106,57,49
2016-03-19 09:00:00,183,88,95
2016-03-19 10:00:00,199,109,90
2016-03-19 11:00:00,197,81,116
2016-03-19 12:00:00,178,90,88
2016-03-19 13:00:00,168,71,97
2016-03-19 14:00:00,146,62,84
2016-03-19 15:00:00,194,95,99
2016-03-19 16:00:00,199,93,106
2016-03-19 17:00:00,255,131,124
2016-03-19 18:00:00,153,60,93
2016-03-19 19:00:00,144,67,77
2016-03-19 20:00:00,54,16,38
2016-03-19 21:00:00,14,7,7
2016-03-19 22:00:00,16,13,3
2016-03-19 23:00:00,5,3,2
2016-03-20 00:00:00,2,1,1
2016-03-20 01:00:00,3,2,1
2016-03-20 02:00:00,0,0,0
2016-03-20 03:00:00,1,1,0
2016-03-20 04:00:00,0,0,0
2016-03-20 05:00:00,0,0,0
2016-03-20 06:00:00,2,2,0
2016-03-20 07:00:00,31,21,10
2016-03-20 08:00:00,109,64,45
2016-03-20 09:00:00,143,79,64
2016-03-20 10:00:00,196,82,114
2016-03-20 11:00:00,161,64,97
2016-03-20 12:00:00,128,69,59
2016-03-20 13:00:00,80,36,44
2016-03-20 14:00:00,64,34,30
2016-03-20 15:00:00,102,52,50
2016-03-20 16:00:00,85,34,51
2016-03-20 17:00:00,77,38,39
2016-03-20 18:00:00,98,44,54
2016-03-20 19:00:00,105,53,52
2016-03-20 20:00:00,82,30,52
2016-03-20 21:00:00,9,6,3
2016-03-20 22:00:00,6,1,5
2016-03-20 23:00:00,3,1,2
2016-03-21 00:00:00,0,0,0
2016-03-21 01:00:00,1,1,0
2016-03-21 02:00:00,0,0,0
2016-03-21 03:00:00,0,0,0
2016-03-21 04:00:00,0,0,0
2016-03-21 05:00:00,4,3,1
2016-03-21 06:00:00,31,18,13
2016-03-21 07:00:00,56,30,26
2016-03-21 08:00:00,76,38,38
2016-03-21 09:00:00,74,39,35
2016-03-21 10:00:00,42,14,28
2016-03-21 11:00:00,53,29,24
2016-03-21 12:00:00,145,73,72
2016-03-21 13:00:00,124,54,70
2016-03-21 14:00:00,78,40,38
2016-03-21 15:00:00,50,21,29
2016-03-21 16:00:00,79,46,33
2016-03-21 17:00:00,182,91,91
2016-03-21 18:00:00,120,68,52
2016-03-21 19:00:00,62,27,35
2016-03-21 20:00:00,28,12,16
2016-03-21 21:00:00,4,2,2
2016-03-21 22:00:00,3,1,2
2016-03-21 23:00:00,4,2,2
2016-03-22 00:00:00,4,2,2
2016-03-22 01:00:00,2,1,1
2016-03-22 02:00:00,2,1,1
2016-03-22 03:00:00,0,0,0
2016-03-22 04:00:00,0,0,0
2016-03-22 05:00:00,7,5,2
2016-03-22 06:00:00,54,33,21
2016-03-22 07:00:00,125,60,65
2016-03-22 08:00:00,109,43,66
2016-03-22 09:00:00,82,43,39
2016-03-22 10:00:00,62,32,30
2016-03-22 11:00:00,101,55,46
2016-03-22 12:00:00,235,120,115
2016-03-22 13:00:00,248,116,132
2016-03-22 14:00:00,163,72,91
2016-03-22 15:00:00,190,83,107
2016-03-22 16:00:00,154,83,71
2016-03-22 17:00:00,145,71,74
2016-03-22 18:00:00,198,118,80
2016-03-22 19:00:00,214,97,117
2016-03-22 20:00:00,73,28,45
2016-03-22 21:00:00,12,9,3
2016-03-22 22:00:00,7,2,5
2016-03-22 23:00:00,6,3,3
2016-03-23 00:00:00,4,0,4
2016-03-23 01:00:00,3,2,1
2016-03-23 02:00:00,0,0,0
2016-03-23 03:00:00,2,0,2
2016-03-23 04:00:00,2,1,1
2016-03-23 05:00:00,10,7,3
2016-03-23 06:00:00,52,30,22
2016-03-23 07:00:00,87,40,47
2016-03-23 08:00:00,112,53,59
2016-03-23 09:00:00,93,39,54
2016-03-23 10:00:00,72,33,39
2016-03-23 11:00:00,68,29,39
2016-03-23 12:00:00,200,111,89
2016-03-23 13:00:00,180,86,94
2016-03-23 14:00:00,79,35,44
2016-03-23 15:00:00,72,33,39
2016-03-23 16:00:00,76,34,42
2016-03-23 17:00:00,131,72,59
2016-03-23 18:00:00,88,46,42
2016-03-23 19:00:00,61,29,32
2016-03-23 20:00:00,22,7,15
2016-03-23 21:00:00,9,8,1
2016-03-23 22:00:00,6,2,4
2016-03-23 23:00:00,1,1,0
2016-03-24 00:00:00,0,0,0
2016-03-24 01:00:00,3,1,2
2016-03-24 02:00:00,0,0,0
2016-03-24 03:00:00,0,0,0
2016-03-24 04:00:00,2,1,1
2016-03-24 05:00:00,4,2,2
2016-03-24 06:00:00,41,26,15
2016-03-24 07:00:00,104,49,55
2016-03-24 08:00:00,100,47,53
2016-03-24 09:00:00,97,45,52
2016-03-24 10:00:00,96,47,49
2016-03-24 11:00:00,76,34,42
2016-03-24 12:00:00,202,114,88
2016-03-24 13:00:00,220,93,127
2016-03-24 14:00:00,142,72,70
2016-03-24 15:00:00,113,56,57
2016-03-24 16:00:00,145,74,71
2016-03-24 17:00:00,171,90,81
2016-03-24 18:00:00,231,128,103
2016-03-24 19:00:00,179,76,103
2016-03-24 20:00:00,84,36,48
2016-03-24 21:00:00,15,9,6
2016-03-24 22:00:00,7,4,3
2016-03-24 23:00:00,8,5,3
2016-03-25 00:00:00,2,2,0
2016-03-25 01:00:00,2,2,0
2016-03-25 02:00:00,0,0,0
2016-03-25 03:00:00,0,0,0
2016-03-25 04:00:00,2,1,1
2016-03-25 05:00:00,1,0,1
2016-03-25 06:00:00,26,14,12
2016-03-25 07:00:00,82,43,39
2016-03-25 08:00:00,132,57,75
2016-03-25 09:00:00,93,54,39
2016-03-25 10:00:00,120,39,81
2016-03-25 11:00:00,136,69,67
2016-03-25 12:00:00,197,105,92
2016-03-25 13:00:00,225,102,123
2016-03-25 14:00:00,153,81,72
2016-03-25 15:00:00,249,113,136
2016-03-25 16:00:00,227,112,115
2016-03-25 17:00:00,272,135,137
2016-03-25 18:00:00,303,160,143
2016-03-25 19:00:00,285,136,149
2016-03-25 20:00:00,103,40,63
2016-03-25 21:00:00,6,2,4
2016-03-25 22:00:00,11,7,4
2016-03-25 23:00:00,6,4,2
2016-03-26 00:00:00,0,0,0
2016-03-26 01:00:00,3,3,0
2016-03-26 02:00:00,0,0,0
2016-03-26 03:00:00,4,4,0
2016-03-26 04:00:00,3,1,2
2016-03-26 05:00:00,1,0,1
2016-03-26 06:00:00,8,8,0
2016-03-26 07:00:00,39,24,15
2016-03-26 08:00:00,119,59,60
2016-03-26 09:00:00,164,74,90
2016-03-26 10:00:00,181,85,96
2016-03-26 11:00:00,224,109,115
2016-03-26 12:00:00,268,134,134
2016-03-26 13:00:00,280,141,139
2016-03-26 14:00:00,287,127,160
2016-03-26 15:00:00,235,118,117
2016-03-26 16:00:00,266,113,153
2016-03-26 17:00:00,227,106,121
2016-03-26 18:00:00,220,103,117
2016-03-26 19:00:00,137,55,82
2016-03-26 20:00:00,50,20,30
2016-03-26 21:00:00,4,2,2
2016-03-26 22:00:00,4,2,2
2016-03-26 23:00:00,2,0,2
2016-03-27 00:00:00,2,1,1
2016-03-27 01:00:00,0,0,0
2016-03-27 02:00:00,0,0,0
2016-03-27 03:00:00,0,0,0
2016-03-27 04:00:00,0,0,0
2016-03-27 05:00:00,0,0,0
2016-03-27 06:00:00,5,3,2
2016-03-27 07:00:00,46,23,23
2016-03-27 08:00:00,81,47,34
2016-03-27 09:00:00,139,71,68
2016-03-27 10:00:00,149,75,74
2016-03-27 11:00:00,83,33,50
2016-03-27 12:00:00,61,35,26
2016-03-27 13:00:00,118,62,56
2016-03-27 14:00:00,155,69,86
2016-03-27 15:00:00,113,48,65
2016-03-27 16:00:00,108,56,52
2016-03-27 17:00:00,39,10,29
2016-03-27 18:00:00,31,17,14
2016-03-27 19:00:00,75,40,35
2016-03-27 20:00:00,47,14,33
2016-03-27 21:00:00,14,10,4
2016-03-27 22:00:00,0,0,0
2016-03-27 23:00:00,4,1,3
2016-03-28 00:00:00,2,1,1
2016-03-28 01:00:00,0,0,0
2016-03-28 02:00:00,2,2,0
2016-03-28 03:00:00,1,0,1
2016-03-28 04:00:00,0,0,0
2016-03-28 05:00:00,3,2,1
2016-03-28 06:00:00,26,16,10
2016-03-28 07:00:00,77,37,40
2016-03-28 08:00:00,102,46,56
2016-03-28 09:00:00,82,38,44
2016-03-28 10:00:00,68,29,39
2016-03-28 11:00:00,71,31,40
2016-03-28 12:00:00,181,107,74
2016-03-28 13:00:00,172,75,97
2016-03-28 14:00:00,145,72,73
2016-03-28 15:00:00,170,93,77
2016-03-28 16:00:00,195,98,97
2016-03-28 17:00:00,287,155,132
2016-03-28 18:00:00,456,261,195
2016-03-28 19:00:00,418,203,215
2016-03-28 20:00:00,184,69,115
2016-03-28 21:00:00,9,7,2
2016-03-28 22:00:00,12,4,8
2016-03-28 23:00:00,0,0,0
2016-03-29 00:00:00,0,0,0
2016-03-29 01:00:00,0,0,0
2016-03-29 02:00:00,1,1,0
2016-03-29 03:00:00,0,0,0
2016-03-29 04:00:00,2,1,1
2016-03-29 05:00:00,12,6,6
2016-03-29 06:00:00,51,32,19
2016-03-29 07:00:00,142,78,64
2016-03-29 08:00:00,125,53,72
2016-03-29 09:00:00,97,43,54
2016-03-29 10:00:00,124,70,54
2016-03-29 11:00:00,138,65,73
2016-03-29 12:00:00,406,218,188
2016-03-29 13:00:00,405,194,211
2016-03-29 14:00:00,263,127,136
2016-03-29 15:00:00,213,106,107
2016-03-29 16:00:00,255,117,138
2016-03-29 17:00:00,380,225,155
2016-03-29 18:00:00,522,296,226
2016-03-29 19:00:00,468,227,241
2016-03-29 20:00:00,193,72,121
2016-03-29 21:00:00,26,9,17
2016-03-29 22:00:00,3,1,2
2016-03-29 23:00:00,6,2,4
2016-03-30 00:00:00,1,1,0
2016-03-30 01:00:00,0,0,0
2016-03-30 02:00:00,0,0,0
2016-03-30 03:00:00,0,0,0
2016-03-30 04:00:00,0,0,0
2016-03-30 05:00:00,19,11,8
2016-03-30 06:00:00,56,35,21
2016-03-30 07:00:00,168,85,83
2016-03-30 08:00:00,139,58,81
2016-03-30 09:00:00,121,56,65
2016-03-30 10:00:00,101,44,57
2016-03-30 11:00:00,135,67,68
2016-03-30 12:00:00,360,183,177
2016-03-30 13:00:00,389,213,176
2016-03-30 14:00:00,287,140,147
2016-03-30 15:00:00,252,124,128
2016-03-30 16:00:00,285,157,128
2016-03-30 17:00:00,417,223,194
2016-03-30 18:00:00,560,308,252
2016-03-30 19:00:00,503,269,234
2016-03-30 20:00:00,253,92,161
2016-03-30 21:00:00,18,9,9
2016-03-30 22:00:00,20,8,12
2016-03-30 23:00:00,5,1,4
2016-03-31 00:00:00,1,0,1
2016-03-31 01:00:00,0,0,0
2016-03-31 02:00:00,0,0,0
2016-03-31 03:00:00,0,0,0
2016-03-31 04:00:00,2,1,1
2016-03-31 05:00:00,2,2,0
2016-03-31 06:00:00,47,31,16
2016-03-31 07:00:00,176,94,82
2016-03-31 08:00:00,184,85,99
2016-03-31 09:00:00,123,55,68
2016-03-31 10:00:00,109,47,62
2016-03-31 11:00:00,123,65,58
2016-03-31 12:00:00,331,188,143
2016-03-31 13:00:00,380,182,198
2016-03-31 14:00:00,253,128,125
2016-03-31 15:00:00,285,147,138
2016-03-31 16:00:00,285,149,136
2016-03-31 17:00:00,398,219,179
2016-03-31 18:00:00,484,289,195
2016-03-31 19:00:00,520,265,255
2016-03-31 20:00:00,264,90,174
2016-03-31 21:00:00,20,11,9
2016-03-31 22:00:00,11,6,5
2016-03-31 23:00:00,10,7,3
2016-04-01 00:00:00,5,2,3
2016-04-01 01:00:00,1,1,0
2016-04-01 02:00:00,1,0,1
2016-04-01 03:00:00,1,1,0
2016-04-01 04:00:00,8,6,2
2016-04-01 05:00:00,7,6,1
2016-04-01 06:00:00,39,21,18
2016-04-01 07:00:00,131,66,65
2016-04-01 08:00:00,157,66,91
2016-04-01 09:00:00,129,56,73
2016-04-01 10:00:00,137,67,70
2016-04-01 11:00:00,161,81,80
2016-04-01 12:00:00,291,154,137
2016-04-01 13:00:00,402,201,201
2016-04-01 14:00:00,252,129,123
2016-04-01 15:00:00,285,137,148
2016-04-01 16:00:00,297,163,134
2016-04-01 17:00:00,323,188,135
2016-04-01 18:00:00,387,212,175
2016-04-01 19:00:00,385,198,187
2016-04-01 20:00:00,243,91,152
2016-04-01 21:00:00,11,8,3
2016-04-01 22:00:00,9,3,6
2016-04-01 23:00:00,8,5,3
2016-04-02 00:00:00,3,1,2
2016-04-02 01:00:00,3,1,2
2016-04-02 02:00:00,1,1,0
2016-04-02 03:00:00,1,0,1
2016-04-02 04:00:00,2,1,1
2016-04-02 05:00:00,3,2,1
2016-04-02 06:00:00,8,4,4
2016-04-02 07:00:00,69,42,27
2016-04-02 08:00:00,124,67,57
2016-04-02 09:00:00,160,83,77
2016-04-02 10:00:00,141,63,78
2016-04-02 11:00:00,124,54,70
2016-04-02 12:00:00,146,63,83
2016-04-02 13:00:00,216,117,99
2016-04-02 14:00:00,265,139,126
2016-04-02 15:00:00,332,160,172
2016-04-02 16:00:00,331,161,170
2016-04-02 17:00:00,348,181,167
2016-04-02 18:00:00,336,165,171
2016-04-02 19:00:00,288,130,158
2016-04-02 20:00:00,139,53,86
2016-04-02 21:00:00,16,11,5
2016-04-02 22:00:00,6,3,3
2016-04-02 23:00:00,1,0,1
2016-04-03 00:00:00,1,1,0
2016-04-03 01:00:00,1,1,0
2016-04-03 02:00:00,4,3,1
2016-04-03 03:00:00,0,0,0
2016-04-03 04:00:00,2,1,1
2016-04-03 05:00:00,0,0,0
2016-04-03 06:00:00,5,3,2
2016-04-03 07:00:00,50,32,18
2016-04-03 08:00:00,120,64,56
2016-04-03 09:00:00,180,102,78
2016-04-03 10:00:00,282,137,145
2016-04-03 11:00:00,295,145,150
2016-04-03 12:00:00,288,138,150
2016-04-03 13:00:00,276,135,141
2016-04-03 14:00:00,321,169,152
2016-04-03 15:00:00,462,236,226
2016-04-03 16:00:00,386,184,202
2016-04-03 17:00:00,415,200,215
2016-04-03 18:00:00,296,144,152
2016-04-03 19:00:00,236,104,132
2016-04-03 20:00:00,101,36,65
2016-04-03 21:00:00,12,8,4
2016-04-03 22:00:00,8,3,5
2016-04-03 23:00:00,1,0,1
2016-04-04 00:00:00,1,1,0
2016-04-04 01:00:00,0,0,0
2016-04-04 02:00:00,0,0,0
2016-04-04 03:00:00,0,0,0
2016-04-04 04:00:00,1,0,1
2016-04-04 05:00:00,1,1,0
2016-04-04 06:00:00,25,18,7
2016-04-04 07:00:00,86,43,43
2016-04-04 08:00:00,102,41,61
2016-04-04 09:00:00,90,35,55
2016-04-04 10:00:00,77,38,39
2016-04-04 11:00:00,85,44,41
2016-04-04 12:00:00,209,104,105
2016-04-04 13:00:00,228,102,126
2016-04-04 14:00:00,134,72,62
2016-04-04 15:00:00,107,48,59
2016-04-04 16:00:00,109,57,52
2016-04-04 17:00:00,212,118,94
2016-04-04 18:00:00,236,128,108
2016-04-04 19:00:00,270,134,136
2016-04-04 20:00:00,118,45,73
2016-04-04 21:00:00,13,7,6
2016-04-04 22:00:00,5,3,2
2016-04-04 23:00:00,3,2,1
2016-04-05 00:00:00,2,1,1
2016-04-05 01:00:00,5,4,1
2016-04-05 02:00:00,2,0,2
2016-04-05 03:00:00,0,0,0
2016-04-05 04:00:00,0,0,0
2016-04-05 05:00:00,8,3,5
2016-04-05 06:00:00,58,39,19
2016-04-05 07:00:00,148,69,79
2016-04-05 08:00:00,114,43,71
2016-04-05 09:00:00,84,42,42
2016-04-05 10:00:00,53,27,26
2016-04-05 11:00:00,123,62,61
2016-04-05 12:00:00,202,106,96
2016-04-05 13:00:00,180,76,104
2016-04-05 14:00:00,122,66,56
2016-04-05 15:00:00,100,49,51
2016-04-05 16:00:00,148,73,75
2016-04-05 17:00:00,171,98,73
2016-04-05 18:00:00,245,148,97
2016-04-05 19:00:00,252,127,125
2016-04-05 20:00:00,146,63,83
2016-04-05 21:00:00,17,7,10
2016-04-05 22:00:00,9,5,4
2016-04-05 23:00:00,4,1,3
2016-04-06 00:00:00,1,1,0
2016-04-06 01:00:00,1,1,0
2016-04-06 02:00:00,1,1,0
2016-04-06 03:00:00,0,0,0
2016-04-06 04:00:00,2,2,0
2016-04-06 05:00:00,12,7,5
2016-04-06 06:00:00,61,35,26
2016-04-06 07:00:00,160,87,73
2016-04-06 08:00:00,139,58,81
2016-04-06 09:00:00,132,58,74
2016-04-06 10:00:00,119,60,59
2016-04-06 11:00:00,150,79,71
2016-04-06 12:00:00,320,178,142
2016-04-06 13:00:00,350,155,195
2016-04-06 14:00:00,237,124,113
2016-04-06 15:00:00,235,110,125
2016-04-06 16:00:00,271,136,135
2016-04-06 17:00:00,341,198,143
2016-04-06 18:00:00,465,254,211
2016-04-06 19:00:00,382,177,205
2016-04-06 20:00:00,166,69,97
2016-04-06 21:00:00,30,16,14
2016-04-06 22:00:00,16,9,7
2016-04-06 23:00:00,5,4,1
2016-04-07 00:00:00,2,0,2
2016-04-07 01:00:00,0,0,0
2016-04-07 02:00:00,0,0,0
2016-04-07 03:00:00,1,1,0
2016-04-07 04:00:00,1,1,0
2016-04-07 05:00:00,2,0,2
2016-04-07 06:00:00,78,46,32
2016-04-07 07:00:00,190,93,97
2016-04-07 08:00:00,169,69,100
2016-04-07 09:00:00,129,60,69
2016-04-07 10:00:00,125,52,73
2016-04-07 11:00:00,164,90,74
2016-04-07 12:00:00,346,191,155
2016-04-07 13:00:00,443,204,239
2016-04-07 14:00:00,270,138,132
2016-04-07 15:00:00,254,117,137
2016-04-07 16:00:00,255,134,121
2016-04-07 17:00:00,410,239,171
2016-04-07 18:00:00,480,273,207
2016-04-07 19:00:00,523,271,252
2016-04-07 20:00:00,298,115,183
2016-04-07 21:00:00,33,19,14
2016-04-07 22:00:00,7,5,2
2016-04-07 23:00:00,7,3,4
2016-04-08 00:00:00,3,2,1
2016-04-08 01:00:00,1,0,1
2016-04-08 02:00:00,1,0,1
2016-04-08 03:00:00,0,0,0
2016-04-08 04:00:00,6,4,2
2016-04-08 05:00:00,4,2,2
2016-04-08 06:00:00,56,37,19
2016-04-08 07:00:00,167,83,84
2016-04-08 08:00:00,147,68,79
2016-04-08 09:00:00,147,71,76
2016-04-08 10:00:00,134,61,73
2016-04-08 11:00:00,196,105,91
2016-04-08 12:00:00,357,180,177
2016-04-08 13:00:00,360,190,170
2016-04-08 14:00:00,224,108,116
2016-04-08 15:00:00,162,69,93
2016-04-08 16:00:00,238,113,125
2016-04-08 17:00:00,297,152,145
2016-04-08 18:00:00,305,182,123
2016-04-08 19:00:00,260,135,125
2016-04-08 20:00:00,195,70,125
2016-04-08 21:00:00,23,8,15
2016-04-08 22:00:00,15,9,6
2016-04-08 23:00:00,9,7,2
2016-04-09 00:00:00,2,0,2
2016-04-09 01:00:00,3,3,0
2016-04-09 02:00:00,3,1,2
2016-04-09 03:00:00,0,0,0
2016-04-09 04:00:00,1,0,1
2016-04-09 05:00:00,0,0,0
2016-04-09 06:00:00,16,11,5
2016-04-09 07:00:00,79,44,35
2016-04-09 08:00:00,162,83,79
2016-04-09 09:00:00,230,130,100
2016-04-09 10:00:00,260,122,138
2016-04-09 11:00:00,233,122,111
2016-04-09 12:00:00,263,120,143
2016-04-09 13:00:00,273,130,143
2016-04-09 14:00:00,317,153,164
2016-04-09 15:00:00,368,195,173
2016-04-09 16:00:00,322,166,156
2016-04-09 17:00:00,353,162,191
2016-04-09 18:00:00,288,146,142
2016-04-09 19:00:00,301,143,158
2016-04-09 20:00:00,173,69,104
2016-04-09 21:00:00,26,11,15
2016-04-09 22:00:00,13,7,6
2016-04-09 23:00:00,2,1,1
2016-04-10 00:00:00,3,3,0
2016-04-10 01:00:00,3,2,1
2016-04-10 02:00:00,2,0,2
2016-04-10 03:00:00,1,1,0
2016-04-10 04:00:00,0,0,0
2016-04-10 05:00:00,2,0,2
2016-04-10 06:00:00,14,8,6
2016-04-10 07:00:00,38,21,17
2016-04-10 08:00:00,96,51,45
2016-04-10 09:00:00,124,68,56
2016-04-10 10:00:00,174,77,97
2016-04-10 11:00:00,170,83,87
2016-04-10 12:00:00,166,71,95
2016-04-10 13:00:00,179,84,95
2016-04-10 14:00:00,144,66,78
2016-04-10 15:00:00,208,93,115
2016-04-10 16:00:00,213,112,101
2016-04-10 17:00:00,299,150,149
2016-04-10 18:00:00,285,139,146
2016-04-10 19:00:00,272,118,154
2016-04-10 20:00:00,156,55,101
2016-04-10 21:00:00,19,5,14
2016-04-10 22:00:00,3,1,2
2016-04-10 23:00:00,0,0,0
2016-04-11 00:00:00,2,1,1
2016-04-11 01:00:00,0,0,0
2016-04-11 02:00:00,1,1,0
2016-04-11 03:00:00,0,0,0
2016-04-11 04:00:00,0,0,0
2016-04-11 05:00:00,1,1,0
2016-04-11 06:00:00,35,20,15
2016-04-11 07:00:00,104,55,49
2016-04-11 08:00:00,114,46,68
2016-04-11 09:00:00,70,36,34
2016-04-11 10:00:00,76,42,34
2016-04-11 11:00:00,88,39,49
2016-04-11 12:00:00,265,139,126
2016-04-11 13:00:00,187,87,100
2016-04-11 14:00:00,106,56,50
2016-04-11 15:00:00,103,53,50
2016-04-11 16:00:00,117,53,64
2016-04-11 17:00:00,201,109,92
2016-04-11 18:00:00,219,113,106
2016-04-11 19:00:00,201,105,96
2016-04-11 20:00:00,113,48,65
2016-04-11 21:00:00,16,8,8
2016-04-11 22:00:00,6,2,4
2016-04-11 23:00:00,6,3,3
2016-04-12 00:00:00,0,0,0
2016-04-12 01:00:00,3,2,1
2016-04-12 02:00:00,0,0,0
2016-04-12 03:00:00,1,1,0
2016-04-12 04:00:00,1,1,0
2016-04-12 05:00:00,14,6,8
2016-04-12 06:00:00,76,43,33
2016-04-12 07:00:00,171,80,91
2016-04-12 08:00:00,136,60,76
2016-04-12 09:00:00,77,32,45
2016-04-12 10:00:00,85,43,42
2016-04-12 11:00:00,119,56,63
2016-04-12 12:00:00,214,125,89
2016-04-12 13:00:00,203,82,121
2016-04-12 14:00:00,71,35,36
2016-04-12 15:00:00,57,33,24
2016-04-12 16:00:00,43,22,21
2016-04-12 17:00:00,39,21,18
2016-04-12 18:00:00,38,23,15
2016-04-12 19:00:00,59,34,25
2016-04-12 20:00:00,23,9,14
2016-04-12 21:00:00,1,1,0
2016-04-12 22:00:00,1,0,1
2016-04-12 23:00:00,3,2,1
2016-04-13 00:00:00,1,1,0
2016-04-13 01:00:00,3,2,1
2016-04-13 02:00:00,1,0,1
2016-04-13 03:00:00,1,1,0
2016-04-13 04:00:00,3,2,1
2016-04-13 05:00:00,15,8,7
2016-04-13 06:00:00,64,33,31
2016-04-13 07:00:00,136,72,64
2016-04-13 08:00:00,130,55,75
2016-04-13 09:00:00,83,45,38
2016-04-13 10:00:00,103,51,52
2016-04-13 11:00:00,112,53,59
2016-04-13 12:00:00,232,115,117
2016-04-13 13:00:00,210,101,109
2016-04-13 14:00:00,116,63,53
2016-04-13 15:00:00,108,53,55
2016-04-13 16:00:00,100,42,58
2016-04-13 17:00:00,216,118,98
2016-04-13 18:00:00,262,155,107
2016-04-13 19:00:00,339,153,186
2016-04-13 20:00:00,104,37,67
2016-04-13 21:00:00,24,11,13
2016-04-13 22:00:00,3,1,2
2016-04-13 23:00:00,4,2,2
2016-04-14 00:00:00,1,0,1
2016-04-14 01:00:00,0,0,0
2016-04-14 02:00:00,0,0,0
2016-04-14 03:00:00,1,0,1
2016-04-14 04:00:00,1,0,1
2016-04-14 05:00:00,8,5,3
2016-04-14 06:00:00,42,28,14
2016-04-14 07:00:00,146,74,72
2016-04-14 08:00:00,146,64,82
2016-04-14 09:00:00,108,48,60
2016-04-14 10:00:00,89,43,46
2016-04-14 11:00:00,135,63,72
2016-04-14 12:00:00,206,115,91
2016-04-14 13:00:00,289,133,156
2016-04-14 14:00:00,185,89,96
2016-04-14 15:00:00,169,93,76
2016-04-14 16:00:00,192,101,91
2016-04-14 17:00:00,288,143,145
2016-04-14 18:00:00,375,208,167
2016-04-14 19:00:00,344,163,181
2016-04-14 20:00:00,105,34,71
2016-04-14 21:00:00,21,9,12
2016-04-14 22:00:00,11,5,6
2016-04-14 23:00:00,5,4,1
2016-04-15 00:00:00,4,1,3
2016-04-15 01:00:00,0,0,0
2016-04-15 02:00:00,1,1,0
2016-04-15 03:00:00,1,0,1
2016-04-15 04:00:00,1,0,1
2016-04-15 05:00:00,5,4,1
2016-04-15 06:00:00,46,30,16
2016-04-15 07:00:00,127,67,60
2016-04-15 08:00:00,150,73,77
2016-04-15 09:00:00,111,50,61
2016-04-15 10:00:00,90,48,42
2016-04-15 11:00:00,116,56,60
2016-04-15 12:00:00,176,97,79
2016-04-15 13:00:00,149,56,93
2016-04-15 14:00:00,130,67,63
2016-04-15 15:00:00,158,75,83
2016-04-15 16:00:00,135,72,63
2016-04-15 17:00:00,169,88,81
2016-04-15 18:00:00,201,105,96
2016-04-15 19:00:00,165,78,87
2016-04-15 20:00:00,132,61,71
2016-04-15 21:00:00,15,2,13
2016-04-15 22:00:00,5,4,1
2016-04-15 23:00:00,12,8,4
2016-04-16 00:00:00,1,0,1
2016-04-16 01:00:00,1,1,0
2016-04-16 02:00:00,0,0,0
2016-04-16 03:00:00,1,0,1
2016-04-16 04:00:00,0,0,0
2016-04-16 05:00:00,0,0,0
2016-04-16 06:00:00,22,15,7
2016-04-16 07:00:00,128,61,67
2016-04-16 08:00:00,150,92,58
2016-04-16 09:00:00,240,119,121
2016-04-16 10:00:00,254,121,133
2016-04-16 11:00:00,251,115,136
2016-04-16 12:00:00,233,101,132
2016-04-16 13:00:00,252,114,138
2016-04-16 14:00:00,317,178,139
2016-04-16 15:00:00,323,167,156
2016-04-16 16:00:00,303,160,143
2016-04-16 17:00:00,320,140,180
2016-04-16 18:00:00,265,133,132
2016-04-16 19:00:00,225,104,121
2016-04-16 20:00:00,185,68,117
2016-04-16 21:00:00,28,7,21
2016-04-16 22:00:00,10,6,4
2016-04-16 23:00:00,2,0,2
2016-04-17 00:00:00,2,2,0
2016-04-17 01:00:00,3,0,3
2016-04-17 02:00:00,1,1,0
2016-04-17 03:00:00,3,2,1
2016-04-17 04:00:00,2,1,1
2016-04-17 05:00:00,2,1,1
2016-04-17 06:00:00,13,10,3
2016-04-17 07:00:00,53,29,24
2016-04-17 08:00:00,119,59,60
2016-04-17 09:00:00,212,119,93
2016-04-17 10:00:00,262,140,122
2016-04-17 11:00:00,294,145,149
2016-04-17 12:00:00,326,179,147
2016-04-17 13:00:00,373,169,204
2016-04-17 14:00:00,377,203,174
2016-04-17 15:00:00,410,201,209
2016-04-17 16:00:00,407,212,195
2016-04-17 17:00:00,406,189,217
2016-04-17 18:00:00,318,146,172
2016-04-17 19:00:00,284,139,145
2016-04-17 20:00:00,197,68,129
2016-04-17 21:00:00,32,9,23
2016-04-17 22:00:00,16,6,10
2016-04-17 23:00:00,6,4,2
2016-04-18 00:00:00,1,1,0
2016-04-18 01:00:00,3,1,2
2016-04-18 02:00:00,1,0,1
2016-04-18 03:00:00,6,2,4
2016-04-18 04:00:00,3,2,1
2016-04-18 05:00:00,2,1,1
2016-04-18 06:00:00,77,42,35
2016-04-18 07:00:00,156,84,72
2016-04-18 08:00:00,166,81,85
2016-04-18 09:00:00,125,44,81
2016-04-18 10:00:00,107,53,54
2016-04-18 11:00:00,177,96,81
2016-04-18 12:00:00,413,226,187
2016-04-18 13:00:00,388,178,210
2016-04-18 14:00:00,264,137,127
2016-04-18 15:00:00,218,108,110
2016-04-18 16:00:00,251,138,113
2016-04-18 17:00:00,365,239,126
2016-04-18 18:00:00,427,257,170
2016-04-18 19:00:00,495,264,231
2016-04-18 20:00:00,364,153,211
2016-04-18 21:00:00,59,19,40
2016-04-18 22:00:00,18,8,10
2016-04-18 23:00:00,7,5,2
2016-04-19 00:00:00,5,3,2
2016-04-19 01:00:00,3,2,1
2016-04-19 02:00:00,2,1,1
2016-04-19 03:00:00,0,0,0
2016-04-19 04:00:00,3,2,1
2016-04-19 05:00:00,17,10,7
2016-04-19 06:00:00,95,57,38
2016-04-19 07:00:00,244,122,122
2016-04-19 08:00:00,174,72,102
2016-04-19 09:00:00,125,62,63
2016-04-19 10:00:00,135,61,74
2016-04-19 11:00:00,189,90,99
2016-04-19 12:00:00,381,199,182
2016-04-19 13:00:00,406,195,211
2016-04-19 14:00:00,214,110,104
2016-04-19 15:00:00,191,95,96
2016-04-19 16:00:00,230,111,119
2016-04-19 17:00:00,340,198,142
2016-04-19 18:00:00,462,271,191
2016-04-19 19:00:00,481,252,229
2016-04-19 20:00:00,376,164,212
2016-04-19 21:00:00,50,23,27
2016-04-19 22:00:00,27,11,16
2016-04-19 23:00:00,9,5,4
2016-04-20 00:00:00,2,1,1
2016-04-20 01:00:00,3,2,1
2016-04-20 02:00:00,0,0,0
2016-04-20 03:00:00,2,1,1
2016-04-20 04:00:00,5,1,4
2016-04-20 05:00:00,6,3,3
2016-04-20 06:00:00,116,70,46
2016-04-20 07:00:00,250,119,131
2016-04-20 08:00:00,231,125,106
2016-04-20 09:00:00,165,77,88
2016-04-20 10:00:00,171,86,85
2016-04-20 11:00:00,196,99,97
2016-04-20 12:00:00,416,235,181
2016-04-20 13:00:00,381,171,210
2016-04-20 14:00:00,220,107,113
2016-04-20 15:00:00,228,113,115
2016-04-20 16:00:00,240,117,123
2016-04-20 17:00:00,355,218,137
2016-04-20 18:00:00,447,250,197
2016-04-20 19:00:00,446,248,198
2016-04-20 20:00:00,331,150,181
2016-04-20 21:00:00,64,16,48
2016-04-20 22:00:00,25,13,12
2016-04-20 23:00:00,5,3,2
2016-04-21 00:00:00,4,0,4
2016-04-21 01:00:00,0,0,0
2016-04-21 02:00:00,0,0,0
2016-04-21 03:00:00,0,0,0
2016-04-21 04:00:00,2,1,1
2016-04-21 05:00:00,10,8,2
2016-04-21 06:00:00,103,60,43
2016-04-21 07:00:00,230,120,110
2016-04-21 08:00:00,232,111,121
2016-04-21 09:00:00,152,85,67
2016-04-21 10:00:00,144,70,74
2016-04-21 11:00:00,144,61,83
2016-04-21 12:00:00,272,162,110
2016-04-21 13:00:00,324,156,168
2016-04-21 14:00:00,172,92,80
2016-04-21 15:00:00,193,110,83
2016-04-21 16:00:00,202,93,109
2016-04-21 17:00:00,286,154,132
2016-04-21 18:00:00,354,197,157
2016-04-21 19:00:00,331,168,163
2016-04-21 20:00:00,256,118,138
2016-04-21 21:00:00,32,10,22
2016-04-21 22:00:00,11,7,4
2016-04-21 23:00:00,17,11,6
2016-04-22 00:00:00,4,3,1
2016-04-22 01:00:00,3,1,2
2016-04-22 02:00:00,2,0,2
2016-04-22 03:00:00,0,0,0
2016-04-22 04:00:00,4,2,2
2016-04-22 05:00:00,6,4,2
2016-04-22 06:00:00,66,42,24
2016-04-22 07:00:00,131,64,67
2016-04-22 08:00:00,158,72,86
2016-04-22 09:00:00,116,58,58
2016-04-22 10:00:00,127,60,67
2016-04-22 11:00:00,136,79,57
2016-04-22 12:00:00,209,91,118
2016-04-22 13:00:00,141,63,78
2016-04-22 14:00:00,57,28,29
2016-04-22 15:00:00,77,37,40
2016-04-22 16:00:00,67,25,42
2016-04-22 17:00:00,116,69,47
2016-04-22 18:00:00,128,71,57
2016-04-22 19:00:00,102,51,51
2016-04-22 20:00:00,76,35,41
2016-04-22 21:00:00,16,6,10
2016-04-22 22:00:00,3,2,1
2016-04-22 23:00:00,3,1,2
2016-04-23 00:00:00,3,2,1
2016-04-23 01:00:00,2,2,0
2016-04-23 02:00:00,2,0,2
2016-04-23 03:00:00,0,0,0
2016-04-23 04:00:00,0,0,0
2016-04-23 05:00:00,4,3,1
2016-04-23 06:00:00,32,22,10
2016-04-23 07:00:00,72,30,42
2016-04-23 08:00:00,113,72,41
2016-04-23 09:00:00,212,101,111
2016-04-23 10:00:00,203,114,89
2016-04-23 11:00:00,229,115,114
2016-04-23 12:00:00,216,95,121
2016-04-23 13:00:00,193,86,107
2016-04-23 14:00:00,212,110,102
2016-04-23 15:00:00,252,138,114
2016-04-23 16:00:00,301,150,151
2016-04-23 17:00:00,228,94,134
2016-04-23 18:00:00,104,46,58
2016-04-23 19:00:00,86,42,44
2016-04-23 20:00:00,82,34,48
2016-04-23 21:00:00,7,4,3
2016-04-23 22:00:00,5,4,1
2016-04-23 23:00:00,4,2,2
2016-04-24 00:00:00,2,2,0
2016-04-24 01:00:00,2,0,2
2016-04-24 02:00:00,2,1,1
2016-04-24 03:00:00,2,2,0
2016-04-24 04:00:00,2,1,1
2016-04-24 05:00:00,1,1,0
2016-04-24 06:00:00,18,11,7
2016-04-24 07:00:00,47,23,24
2016-04-24 08:00:00,99,51,48
2016-04-24 09:00:00,69,33,36
2016-04-24 10:00:00,37,18,19
2016-04-24 11:00:00,36,20,16
2016-04-24 12:00:00,26,15,11
2016-04-24 13:00:00,46,30,16
2016-04-24 14:00:00,99,49,50
2016-04-24 15:00:00,88,44,44
2016-04-24 16:00:00,193,105,88
2016-04-24 17:00:00,145,60,85
2016-04-24 18:00:00,105,49,56
2016-04-24 19:00:00,80,41,39
2016-04-24 20:00:00,92,44,48
2016-04-24 21:00:00,22,10,12
2016-04-24 22:00:00,7,5,2
2016-04-24 23:00:00,1,0,1
2016-04-25 00:00:00,2,1,1
2016-04-25 01:00:00,1,1,0
2016-04-25 02:00:00,0,0,0
2016-04-25 03:00:00,3,2,1
2016-04-25 04:00:00,1,0,1
2016-04-25 05:00:00,6,5,1
2016-04-25 06:00:00,65,36,29
2016-04-25 07:00:00,113,54,59
2016-04-25 08:00:00,95,41,54
2016-04-25 09:00:00,56,26,30
2016-04-25 10:00:00,110,60,50
2016-04-25 11:00:00,98,46,52
2016-04-25 12:00:00,216,129,87
2016-04-25 13:00:00,227,103,124
2016-04-25 14:00:00,175,93,82
2016-04-25 15:00:00,179,87,92
2016-04-25 16:00:00,170,96,74
2016-04-25 17:00:00,256,133,123
2016-04-25 18:00:00,305,156,149
2016-04-25 19:00:00,315,158,157
2016-04-25 20:00:00,184,86,98
2016-04-25 21:00:00,38,17,21
2016-04-25 22:00:00,13,9,4
2016-04-25 23:00:00,4,1,3
2016-04-26 00:00:00,1,1,0
2016-04-26 01:00:00,3,1,2
2016-04-26 02:00:00,0,0,0
2016-04-26 03:00:00,0,0,0
2016-04-26 04:00:00,4,2,2
2016-04-26 05:00:00,9,6,3
2016-04-26 06:00:00,101,59,42
2016-04-26 07:00:00,199,87,112
2016-04-26 08:00:00,158,70,88
2016-04-26 09:00:00,104,52,52
2016-04-26 10:00:00,104,45,59
2016-04-26 11:00:00,128,68,60
2016-04-26 12:00:00,319,182,137
2016-04-26 13:00:00,300,149,151
2016-04-26 14:00:00,174,94,80
2016-04-26 15:00:00,181,88,93
2016-04-26 16:00:00,197,97,100
2016-04-26 17:00:00,235,127,108
2016-04-26 18:00:00,232,113,119
2016-04-26 19:00:00,258,123,135
2016-04-26 20:00:00,133,62,71
2016-04-26 21:00:00,35,12,23
2016-04-26 22:00:00,9,5,4
2016-04-26 23:00:00,6,2,4
2016-04-27 00:00:00,3,1,2
2016-04-27 01:00:00,3,2,1
2016-04-27 02:00:00,0,0,0
2016-04-27 03:00:00,0,0,0
2016-04-27 04:00:00,3,3,0
2016-04-27 05:00:00,10,6,4
2016-04-27 06:00:00,78,48,30
2016-04-27 07:00:00,167,84,83
2016-04-27 08:00:00,136,65,71
2016-04-27 09:00:00,117,61,56
2016-04-27 10:00:00,81,39,42
2016-04-27 11:00:00,101,52,49
2016-04-27 12:00:00,222,120,102
2016-04-27 13:00:00,240,111,129
2016-04-27 14:00:00,128,74,54
2016-04-27 15:00:00,115,56,59
2016-04-27 16:00:00,157,81,76
2016-04-27 17:00:00,193,95,98
2016-04-27 18:00:00,246,131,115
2016-04-27 19:00:00,181,87,94
2016-04-27 20:00:00,142,65,77
2016-04-27 21:00:00,20,1,19
2016-04-27 22:00:00,24,13,11
2016-04-27 23:00:00,4,3,1
2016-04-28 00:00:00,0,0,0
2016-04-28 01:00:00,2,0,2
2016-04-28 02:00:00,1,1,0
2016-04-28 03:00:00,0,0,0
2016-04-28 04:00:00,4,2,2
2016-04-28 05:00:00,16,10,6
2016-04-28 06:00:00,69,42,27
2016-04-28 07:00:00,180,90,90
2016-04-28 08:00:00,147,67,80
2016-04-28 09:00:00,124,48,76
2016-04-28 10:00:00,92,43,49
2016-04-28 11:00:00,109,53,56
2016-04-28 12:00:00,279,143,136
2016-04-28 13:00:00,248,106,142
2016-04-28 14:00:00,119,65,54
2016-04-28 15:00:00,162,88,74
2016-04-28 16:00:00,160,73,87
2016-04-28 17:00:00,232,115,117
2016-04-28 18:00:00,181,100,81
2016-04-28 19:00:00,174,85,89
2016-04-28 20:00:00,94,41,53
2016-04-28 21:00:00,23,9,14
2016-04-28 22:00:00,15,7,8
2016-04-28 23:00:00,7,4,3
2016-04-29 00:00:00,2,0,2
2016-04-29 01:00:00,4,2,2
2016-04-29 02:00:00,0,0,0
2016-04-29 03:00:00,1,0,1
2016-04-29 04:00:00,4,2,2
2016-04-29 05:00:00,9,8,1
2016-04-29 06:00:00,54,30,24
2016-04-29 07:00:00,150,72,78
2016-04-29 08:00:00,101,46,55
2016-04-29 09:00:00,54,22,32
2016-04-29 10:00:00,45,23,22
2016-04-29 11:00:00,94,46,48
2016-04-29 12:00:00,174,92,82
2016-04-29 13:00:00,160,72,88
2016-04-29 14:00:00,107,55,52
2016-04-29 15:00:00,133,65,68
2016-04-29 16:00:00,166,91,75
2016-04-29 17:00:00,207,108,99
2016-04-29 18:00:00,259,140,119
2016-04-29 19:00:00,205,95,110
2016-04-29 20:00:00,186,89,97
2016-04-29 21:00:00,40,10,30
2016-04-29 22:00:00,20,10,10
2016-04-29 23:00:00,7,5,2
2016-04-30 00:00:00,3,0,3
2016-04-30 01:00:00,0,0,0
2016-04-30 02:00:00,0,0,0
2016-04-30 03:00:00,0,0,0
2016-04-30 04:00:00,0,0,0
2016-04-30 05:00:00,4,2,2
2016-04-30 06:00:00,23,16,7
2016-04-30 07:00:00,89,49,40
2016-04-30 08:00:00,145,80,65
2016-04-30 09:00:00,208,102,106
2016-04-30 10:00:00,250,124,126
2016-04-30 11:00:00,244,122,122
2016-04-30 12:00:00,259,124,135
2016-04-30 13:00:00,267,119,148
2016-04-30 14:00:00,272,125,147
2016-04-30 15:00:00,283,102,181
2016-04-30 16:00:00,319,178,141
2016-04-30 17:00:00,349,189,160
2016-04-30 18:00:00,294,133,161
2016-04-30 19:00:00,225,97,128
2016-04-30 20:00:00,207,80,127
2016-04-30 21:00:00,36,10,26
2016-04-30 22:00:00,7,4,3
2016-04-30 23:00:00,8,4,4
2016-05-01 00:00:00,3,2,1
2016-05-01 01:00:00,2,2,0
2016-05-01 02:00:00,1,0,1
2016-05-01 03:00:00,4,2,2
2016-05-01 04:00:00,1,0,1
2016-05-01 05:00:00,4,3,1
2016-05-01 06:00:00,36,23,13
2016-05-01 07:00:00,115,58,57
2016-05-01 08:00:00,153,75,78
2016-05-01 09:00:00,226,131,95
2016-05-01 10:00:00,278,146,132
2016-05-01 11:00:00,335,160,175
2016-05-01 12:00:00,350,176,174
2016-05-01 13:00:00,273,125,148
2016-05-01 14:00:00,315,145,170
2016-05-01 15:00:00,359,194,165
2016-05-01 16:00:00,363,179,184
2016-05-01 17:00:00,358,188,170
2016-05-01 18:00:00,320,152,168
2016-05-01 19:00:00,274,139,135
2016-05-01 20:00:00,310,133,177
2016-05-01 21:00:00,52,18,34
2016-05-01 22:00:00,28,10,18
2016-05-01 23:00:00,7,2,5
2016-05-02 00:00:00,3,3,0
2016-05-02 01:00:00,0,0,0
2016-05-02 02:00:00,2,2,0
2016-05-02 03:00:00,4,2,2
2016-05-02 04:00:00,0,0,0
2016-05-02 05:00:00,8,6,2
2016-05-02 06:00:00,106,66,40
2016-05-02 07:00:00,246,118,128
2016-05-02 08:00:00,183,88,95
2016-05-02 09:00:00,147,67,80
2016-05-02 10:00:00,142,69,73
2016-05-02 11:00:00,189,95,94
2016-05-02 12:00:00,378,221,157
2016-05-02 13:00:00,364,159,205
2016-05-02 14:00:00,223,100,123
2016-05-02 15:00:00,178,73,105
2016-05-02 16:00:00,236,131,105
2016-05-02 17:00:00,317,185,132
2016-05-02 18:00:00,347,193,154
2016-05-02 19:00:00,425,217,208
2016-05-02 20:00:00,366,174,192
2016-05-02 21:00:00,94,33,61
2016-05-02 22:00:00,20,9,11
2016-05-02 23:00:00,6,2,4
2016-05-03 00:00:00,2,1,1
2016-05-03 01:00:00,3,3,0
2016-05-03 02:00:00,5,3,2
2016-05-03 03:00:00,3,0,3
2016-05-03 04:00:00,4,4,0
2016-05-03 05:00:00,13,8,5
2016-05-03 06:00:00,145,88,57
2016-05-03 07:00:00,283,137,146
2016-05-03 08:00:00,186,72,114
2016-05-03 09:00:00,108,50,58
2016-05-03 10:00:00,107,55,52
2016-05-03 11:00:00,130,64,66
2016-05-03 12:00:00,289,172,117
2016-05-03 13:00:00,304,129,175
2016-05-03 14:00:00,163,74,89
2016-05-03 15:00:00,158,77,81
2016-05-03 16:00:00,202,103,99
2016-05-03 17:00:00,259,141,118
2016-05-03 18:00:00,304,161,143
2016-05-03 19:00:00,291,148,143
2016-05-03 20:00:00,186,83,103
2016-05-03 21:00:00,34,15,19
2016-05-03 22:00:00,8,2,6
2016-05-03 23:00:00,4,2,2
2016-05-04 00:00:00,1,0,1
2016-05-04 01:00:00,6,5,1
2016-05-04 02:00:00,7,2,5
2016-05-04 03:00:00,3,2,1
2016-05-04 04:00:00,3,2,1
2016-05-04 05:00:00,15,8,7
2016-05-04 06:00:00,94,53,41
2016-05-04 07:00:00,203,96,107
2016-05-04 08:00:00,141,57,84
2016-05-04 09:00:00,109,50,59
2016-05-04 10:00:00,74,37,37
2016-05-04 11:00:00,77,38,39
2016-05-04 12:00:00,194,104,90
2016-05-04 13:00:00,196,92,104
2016-05-04 14:00:00,134,69,65
2016-05-04 15:00:00,109,55,54
2016-05-04 16:00:00,105,43,62
2016-05-04 17:00:00,158,87,71
2016-05-04 18:00:00,194,98,96
2016-05-04 19:00:00,174,88,86
2016-05-04 20:00:00,151,66,85
2016-05-04 21:00:00,36,14,22
2016-05-04 22:00:00,9,5,4
2016-05-04 23:00:00,7,4,3
2016-05-05 00:00:00,0,0,0
2016-05-05 01:00:00,2,2,0
2016-05-05 02:00:00,1,1,0
2016-05-05 03:00:00,5,2,3
2016-05-05 04:00:00,1,0,1
2016-05-05 05:00:00,4,3,1
2016-05-05 06:00:00,86,51,35
2016-05-05 07:00:00,234,116,118
2016-05-05 08:00:00,176,71,105
2016-05-05 09:00:00,104,52,52
2016-05-05 10:00:00,101,49,52
2016-05-05 11:00:00,127,58,69
2016-05-05 12:00:00,276,151,125
2016-05-05 13:00:00,258,117,141
2016-05-05 14:00:00,170,82,88
2016-05-05 15:00:00,151,79,72
2016-05-05 16:00:00,197,110,87
2016-05-05 17:00:00,256,153,103
2016-05-05 18:00:00,322,169,153
2016-05-05 19:00:00,271,136,135
2016-05-05 20:00:00,219,97,122
2016-05-05 21:00:00,62,24,38
2016-05-05 22:00:00,23,10,13
2016-05-05 23:00:00,2,0,2
2016-05-06 00:00:00,1,1,0
2016-05-06 01:00:00,2,0,2
2016-05-06 02:00:00,0,0,0
2016-05-06 03:00:00,0,0,0
2016-05-06 04:00:00,0,0,0
2016-05-06 05:00:00,3,2,1
2016-05-06 06:00:00,71,38,33
2016-05-06 07:00:00,133,63,70
2016-05-06 08:00:00,179,85,94
2016-05-06 09:00:00,114,54,60
2016-05-06 10:00:00,109,50,59
2016-05-06 11:00:00,169,72,97
2016-05-06 12:00:00,254,137,117
2016-05-06 13:00:00,321,160,161
2016-05-06 14:00:00,187,82,105
2016-05-06 15:00:00,220,102,118
2016-05-06 16:00:00,207,97,110
2016-05-06 17:00:00,278,146,132
2016-05-06 18:00:00,245,132,113
2016-05-06 19:00:00,268,134,134
2016-05-06 20:00:00,227,107,120
2016-05-06 21:00:00,85,34,51
2016-05-06 22:00:00,35,11,24
2016-05-06 23:00:00,11,4,7
2016-05-07 00:00:00,3,1,2
2016-05-07 01:00:00,1,0,1
2016-05-07 02:00:00,0,0,0
2016-05-07 03:00:00,1,1,0
2016-05-07 04:00:00,2,1,1
2016-05-07 05:00:00,1,0,1
2016-05-07 06:00:00,26,15,11
2016-05-07 07:00:00,121,62,59
2016-05-07 08:00:00,154,76,78
2016-05-07 09:00:00,199,91,108
2016-05-07 10:00:00,307,158,149
2016-05-07 11:00:00,248,108,140
2016-05-07 12:00:00,278,140,138
2016-05-07 13:00:00,294,129,165
2016-05-07 14:00:00,244,115,129
2016-05-07 15:00:00,293,137,156
2016-05-07 16:00:00,330,161,169
2016-05-07 17:00:00,272,134,138
2016-05-07 18:00:00,277,146,131
2016-05-07 19:00:00,253,121,132
2016-05-07 20:00:00,173,84,89
2016-05-07 21:00:00,66,22,44
2016-05-07 22:00:00,35,20,15
2016-05-07 23:00:00,15,6,9
2016-05-08 00:00:00,5,4,1
2016-05-08 01:00:00,2,1,1
2016-05-08 02:00:00,0,0,0
2016-05-08 03:00:00,3,2,1
2016-05-08 04:00:00,1,1,0
2016-05-08 05:00:00,0,0,0
2016-05-08 06:00:00,15,9,6
2016-05-08 07:00:00,39,20,19
2016-05-08 08:00:00,65,29,36
2016-05-08 09:00:00,129,69,60
2016-05-08 10:00:00,155,75,80
2016-05-08 11:00:00,179,82,97
2016-05-08 12:00:00,117,49,68
2016-05-08 13:00:00,132,61,71
2016-05-08 14:00:00,150,71,79
2016-05-08 15:00:00,200,88,112
2016-05-08 16:00:00,215,100,115
2016-05-08 17:00:00,246,108,138
2016-05-08 18:00:00,180,82,98
2016-05-08 19:00:00,106,46,60
2016-05-08 20:00:00,59,25,34
2016-05-08 21:00:00,17,12,5
2016-05-08 22:00:00,6,2,4
2016-05-08 23:00:00,0,0,0
2016-05-09 00:00:00,2,2,0
2016-05-09 01:00:00,0,0,0
2016-05-09 02:00:00,1,0,1
2016-05-09 03:00:00,2,2,0
2016-05-09 04:00:00,0,0,0
2016-05-09 05:00:00,5,3,2
2016-05-09 06:00:00,68,43,25
2016-05-09 07:00:00,103,52,51
2016-05-09 08:00:00,118,50,68
2016-05-09 09:00:00,115,59,56
2016-05-09 10:00:00,76,31,45
2016-05-09 11:00:00,116,56,60
2016-05-09 12:00:00,263,148,115
2016-05-09 13:00:00,319,153,166
2016-05-09 14:00:00,175,80,95
2016-05-09 15:00:00,191,88,103
2016-05-09 16:00:00,194,90,104
2016-05-09 17:00:00,272,156,116
2016-05-09 18:00:00,341,197,144
2016-05-09 19:00:00,365,197,168
2016-05-09 20:00:00,320,156,164
2016-05-09 21:00:00,76,19,57
2016-05-09 22:00:00,24,14,10
2016-05-09 23:00:00,9,5,4
2016-05-10 00:00:00,4,0,4
2016-05-10 01:00:00,2,2,0
2016-05-10 02:00:00,0,0,0
2016-05-10 03:00:00,1,0,1
2016-05-10 04:00:00,2,2,0
2016-05-10 05:00:00,14,11,3
2016-05-10 06:00:00,165,98,67
2016-05-10 07:00:00,265,113,152
2016-05-10 08:00:00,155,72,83
2016-05-10 09:00:00,131,64,67
2016-05-10 10:00:00,120,58,62
2016-05-10 11:00:00,144,67,77
2016-05-10 12:00:00,314,171,143
2016-05-10 13:00:00,362,165,197
2016-05-10 14:00:00,207,84,123
2016-05-10 15:00:00,220,121,99
2016-05-10 16:00:00,200,103,97
2016-05-10 17:00:00,298,155,143
2016-05-10 18:00:00,403,233,170
2016-05-10 19:00:00,418,208,210
2016-05-10 20:00:00,308,147,161
2016-05-10 21:00:00,86,31,55
2016-05-10 22:00:00,27,10,17
2016-05-10 23:00:00,4,1,3
2016-05-11 00:00:00,5,3,2
2016-05-11 01:00:00,10,7,3
2016-05-11 02:00:00,1,1,0
2016-05-11 03:00:00,1,0,1
2016-05-11 04:00:00,2,2,0
2016-05-11 05:00:00,14,10,4
2016-05-11 06:00:00,187,107,80
2016-05-11 07:00:00,247,109,138
2016-05-11 08:00:00,192,93,99
2016-05-11 09:00:00,143,68,75
2016-05-11 10:00:00,122,44,78
2016-05-11 11:00:00,160,79,81
2016-05-11 12:00:00,293,158,135
2016-05-11 13:00:00,303,141,162
2016-05-11 14:00:00,205,100,105
2016-05-11 15:00:00,199,104,95
2016-05-11 16:00:00,197,109,88
2016-05-11 17:00:00,268,155,113
2016-05-11 18:00:00,387,235,152
2016-05-11 19:00:00,374,170,204
2016-05-11 20:00:00,315,156,159
2016-05-11 21:00:00,91,29,62
2016-05-11 22:00:00,34,15,19
2016-05-11 23:00:00,7,3,4
2016-05-12 00:00:00,6,3,3
2016-05-12 01:00:00,8,4,4
2016-05-12 02:00:00,2,1,1
2016-05-12 03:00:00,2,1,1
2016-05-12 04:00:00,1,0,1
2016-05-12 05:00:00,11,6,5
2016-05-12 06:00:00,140,84,56
2016-05-12 07:00:00,223,99,124
2016-05-12 08:00:00,169,71,98
2016-05-12 09:00:00,168,89,79
2016-05-12 10:00:00,118,57,61
2016-05-12 11:00:00,154,73,81
2016-05-12 12:00:00,288,165,123
2016-05-12 13:00:00,306,133,173
2016-05-12 14:00:00,208,101,107
2016-05-12 15:00:00,211,102,109
2016-05-12 16:00:00,248,118,130
2016-05-12 17:00:00,273,142,131
2016-05-12 18:00:00,341,183,158
2016-05-12 19:00:00,304,132,172
2016-05-12 20:00:00,273,127,146
2016-05-12 21:00:00,97,40,57
2016-05-12 22:00:00,18,6,12
2016-05-12 23:00:00,4,1,3
2016-05-13 00:00:00,4,2,2
2016-05-13 01:00:00,2,2,0
2016-05-13 02:00:00,0,0,0
2016-05-13 03:00:00,0,0,0
2016-05-13 04:00:00,2,0,2
2016-05-13 05:00:00,7,7,0
2016-05-13 06:00:00,117,64,53
2016-05-13 07:00:00,203,105,98
2016-05-13 08:00:00,196,80,116
2016-05-13 09:00:00,150,71,79
2016-05-13 10:00:00,198,87,111
2016-05-13 11:00:00,171,84,87
2016-05-13 12:00:00,278,137,141
2016-05-13 13:00:00,323,149,174
2016-05-13 14:00:00,188,87,101
2016-05-13 15:00:00,215,107,108
2016-05-13 16:00:00,217,101,116
2016-05-13 17:00:00,215,122,93
2016-05-13 18:00:00,257,146,111
2016-05-13 19:00:00,223,104,119
2016-05-13 20:00:00,228,126,102
2016-05-13 21:00:00,117,29,88
2016-05-13 22:00:00,42,16,26
2016-05-13 23:00:00,16,9,7
2016-05-14 00:00:00,13,6,7
2016-05-14 01:00:00,9,6,3
2016-05-14 02:00:00,6,4,2
2016-05-14 03:00:00,1,1,0
2016-05-14 04:00:00,0,0,0
2016-05-14 05:00:00,2,1,1
2016-05-14 06:00:00,29,22,7
2016-05-14 07:00:00,97,42,55
2016-05-14 08:00:00,121,63,58
2016-05-14 09:00:00,170,82,88
2016-05-14 10:00:00,216,104,112
2016-05-14 11:00:00,174,68,106
2016-05-14 12:00:00,99,41,58
2016-05-14 13:00:00,84,41,43
2016-05-14 14:00:00,85,44,41
2016-05-14 15:00:00,79,38,41
2016-05-14 16:00:00,107,60,47
2016-05-14 17:00:00,168,68,100
2016-05-14 18:00:00,155,76,79
2016-05-14 19:00:00,106,45,61
2016-05-14 20:00:00,55,20,35
2016-05-14 21:00:00,33,13,20
2016-05-14 22:00:00,7,3,4
2016-05-14 23:00:00,2,2,0
2016-05-15 00:00:00,2,1,1
2016-05-15 01:00:00,3,2,1
2016-05-15 02:00:00,1,0,1
2016-05-15 03:00:00,2,2,0
2016-05-15 04:00:00,0,0,0
2016-05-15 05:00:00,1,0,1
2016-05-15 06:00:00,19,13,6
2016-05-15 07:00:00,70,36,34
2016-05-15 08:00:00,67,38,29
2016-05-15 09:00:00,116,67,49
2016-05-15 10:00:00,146,65,81
2016-05-15 11:00:00,138,63,75
2016-05-15 12:00:00,147,77,70
2016-05-15 13:00:00,104,40,64
2016-05-15 14:00:00,124,60,64
2016-05-15 15:00:00,121,50,71
2016-05-15 16:00:00,164,79,85
2016-05-15 17:00:00,162,80,82
2016-05-15 18:00:00,123,52,71
2016-05-15 19:00:00,99,42,57
2016-05-15 20:00:00,55,23,32
2016-05-15 21:00:00,22,7,15
2016-05-15 22:00:00,4,2,2
2016-05-15 23:00:00,4,1,3
2016-05-16 00:00:00,4,2,2
2016-05-16 01:00:00,3,2,1
2016-05-16 02:00:00,2,0,2
2016-05-16 03:00:00,2,2,0
2016-05-16 04:00:00,0,0,0
2016-05-16 05:00:00,9,5,4
2016-05-16 06:00:00,88,54,34
2016-05-16 07:00:00,168,77,91
2016-05-16 08:00:00,109,42,67
2016-05-16 09:00:00,94,48,46
2016-05-16 10:00:00,76,30,46
2016-05-16 11:00:00,77,44,33
2016-05-16 12:00:00,169,90,79
2016-05-16 13:00:00,216,103,113
2016-05-16 14:00:00,146,73,73
2016-05-16 15:00:00,150,74,76
2016-05-16 16:00:00,132,61,71
2016-05-16 17:00:00,163,85,78
2016-05-16 18:00:00,216,117,99
2016-05-16 19:00:00,204,91,113
2016-05-16 20:00:00,144,63,81
2016-05-16 21:00:00,53,22,31
2016-05-16 22:00:00,24,16,8
2016-05-16 23:00:00,9,2,7
2016-05-17 00:00:00,9,6,3
2016-05-17 01:00:00,5,3,2
2016-05-17 02:00:00,5,0,5
2016-05-17 03:00:00,2,1,1
2016-05-17 04:00:00,2,2,0
2016-05-17 05:00:00,15,11,4
2016-05-17 06:00:00,125,69,56
2016-05-17 07:00:00,263,131,132
2016-05-17 08:00:00,193,83,110
2016-05-17 09:00:00,134,61,73
2016-05-17 10:00:00,99,47,52
2016-05-17 11:00:00,203,97,106
2016-05-17 12:00:00,348,188,160
2016-05-17 13:00:00,351,157,194
2016-05-17 14:00:00,230,115,115
2016-05-17 15:00:00,242,127,115
2016-05-17 16:00:00,194,89,105
2016-05-17 17:00:00,207,99,108
2016-05-17 18:00:00,331,182,149
2016-05-17 19:00:00,323,178,145
2016-05-17 20:00:00,325,155,170
2016-05-17 21:00:00,95,26,69
2016-05-17 22:00:00,28,10,18
2016-05-17 23:00:00,7,3,4
2016-05-18 00:00:00,4,2,2
2016-05-18 01:00:00,2,2,0
2016-05-18 02:00:00,0,0,0
2016-05-18 03:00:00,2,0,2
2016-05-18 04:00:00,2,2,0
2016-05-18 05:00:00,10,6,4
2016-05-18 06:00:00,140,83,57
2016-05-18 07:00:00,228,109,119
2016-05-18 08:00:00,161,57,104
2016-05-18 09:00:00,127,69,58
2016-05-18 10:00:00,122,55,67
2016-05-18 11:00:00,117,41,76
2016-05-18 12:00:00,267,144,123
2016-05-18 13:00:00,288,124,164
2016-05-18 14:00:00,126,65,61
2016-05-18 15:00:00,114,52,62
2016-05-18 16:00:00,131,53,78
2016-05-18 17:00:00,126,69,57
2016-05-18 18:00:00,210,119,91
2016-05-18 19:00:00,191,102,89
2016-05-18 20:00:00,172,79,93
2016-05-18 21:00:00,56,23,33
2016-05-18 22:00:00,24,11,13
2016-05-18 23:00:00,4,2,2
2016-05-19 00:00:00,3,2,1
2016-05-19 01:00:00,0,0,0
2016-05-19 02:00:00,0,0,0
2016-05-19 03:00:00,0,0,0
2016-05-19 04:00:00,1,0,1
2016-05-19 05:00:00,11,5,6
2016-05-19 06:00:00,68,46,22
2016-05-19 07:00:00,174,80,94
2016-05-19 08:00:00,130,58,72
2016-05-19 09:00:00,95,37,58
2016-05-19 10:00:00,65,33,32
2016-05-19 11:00:00,118,62,56
2016-05-19 12:00:00,230,118,112
2016-05-19 13:00:00,273,128,145
2016-05-19 14:00:00,166,73,93
2016-05-19 15:00:00,147,72,75
2016-05-19 16:00:00,126,54,72
2016-05-19 17:00:00,183,91,92
2016-05-19 18:00:00,197,104,93
2016-05-19 19:00:00,165,86,79
2016-05-19 20:00:00,79,28,51
2016-05-19 21:00:00,3,2,1
2016-05-19 22:00:00,1,0,1
2016-05-19 23:00:00,2,2,0
2016-05-20 00:00:00,0,0,0
2016-05-20 01:00:00,0,0,0
2016-05-20 02:00:00,2,1,1
2016-05-20 03:00:00,0,0,0
2016-05-20 04:00:00,2,1,1
2016-05-20 05:00:00,9,7,2
2016-05-20 06:00:00,68,39,29
2016-05-20 07:00:00,110,48,62
2016-05-20 08:00:00,140,67,73
2016-05-20 09:00:00,90,43,47
2016-05-20 10:00:00,97,49,48
2016-05-20 11:00:00,134,69,65
2016-05-20 12:00:00,208,113,95
2016-05-20 13:00:00,263,129,134
2016-05-20 14:00:00,176,81,95
2016-05-20 15:00:00,188,90,98
2016-05-20 16:00:00,216,107,109
2016-05-20 17:00:00,224,116,108
2016-05-20 18:00:00,205,103,102
2016-05-20 19:00:00,168,84,84
2016-05-20 20:00:00,134,50,84
2016-05-20 21:00:00,62,24,38
2016-05-20 22:00:00,30,10,20
2016-05-20 23:00:00,6,3,3
2016-05-21 00:00:00,5,4,1
2016-05-21 01:00:00,6,2,4
2016-05-21 02:00:00,3,1,2
2016-05-21 03:00:00,2,0,2
2016-05-21 04:00:00,1,0,1
2016-05-21 05:00:00,5,4,1
2016-05-21 06:00:00,31,16,15
2016-05-21 07:00:00,49,24,25
2016-05-21 08:00:00,58,29,29
2016-05-21 09:00:00,80,40,40
2016-05-21 10:00:00,70,29,41
2016-05-21 11:00:00,59,27,32
2016-05-21 12:00:00,89,50,39
2016-05-21 13:00:00,101,42,59
2016-05-21 14:00:00,140,60,80
2016-05-21 15:00:00,155,83,72
2016-05-21 16:00:00,160,67,93
2016-05-21 17:00:00,183,71,112
2016-05-21 18:00:00,104,45,59
2016-05-21 19:00:00,89,37,52
2016-05-21 20:00:00,55,20,35
2016-05-21 21:00:00,14,5,9
2016-05-21 22:00:00,19,9,10
2016-05-21 23:00:00,7,5,2
2016-05-22 00:00:00,2,2,0
2016-05-22 01:00:00,1,0,1
2016-05-22 02:00:00,1,0,1
2016-05-22 03:00:00,2,2,0
2016-05-22 04:00:00,0,0,0
2016-05-22 05:00:00,2,1,1
2016-05-22 06:00:00,27,16,11
2016-05-22 07:00:00,60,34,26
2016-05-22 08:00:00,110,57,53
2016-05-22 09:00:00,130,64,66
2016-05-22 10:00:00,182,102,80
2016-05-22 11:00:00,232,107,125
2016-05-22 12:00:00,274,133,141
2016-05-22 13:00:00,546,124,422
2016-05-22 14:00:00,322,132,190
2016-05-22 15:00:00,282,121,161
2016-05-22 16:00:00,280,119,161
2016-05-22 17:00:00,250,107,143
2016-05-22 18:00:00,209,89,120
2016-05-22 19:00:00,187,77,110
2016-05-22 20:00:00,149,67,82
2016-05-22 21:00:00,84,39,45
2016-05-22 22:00:00,18,9,9
2016-05-22 23:00:00,10,4,6
2016-05-23 00:00:00,2,2,0
2016-05-23 01:00:00,0,0,0
2016-05-23 02:00:00,2,1,1
2016-05-23 03:00:00,4,2,2
2016-05-23 04:00:00,0,0,0
2016-05-23 05:00:00,7,4,3
2016-05-23 06:00:00,56,39,17
2016-05-23 07:00:00,144,74,70
2016-05-23 08:00:00,136,55,81
2016-05-23 09:00:00,101,50,51
2016-05-23 10:00:00,83,32,51
2016-05-23 11:00:00,110,59,51
2016-05-23 12:00:00,289,153,136
2016-05-23 13:00:00,283,127,156
2016-05-23 14:00:00,151,74,77
2016-05-23 15:00:00,130,62,68
2016-05-23 16:00:00,144,70,74
2016-05-23 17:00:00,191,104,87
2016-05-23 18:00:00,235,120,115
2016-05-23 19:00:00,215,102,113
2016-05-23 20:00:00,172,81,91
2016-05-23 21:00:00,62,15,47
2016-05-23 22:00:00,17,5,12
2016-05-23 23:00:00,4,2,2
2016-05-24 00:00:00,3,1,2
2016-05-24 01:00:00,2,2,0
2016-05-24 02:00:00,0,0,0
2016-05-24 03:00:00,1,1,0
2016-05-24 04:00:00,2,2,0
2016-05-24 05:00:00,17,10,7
2016-05-24 06:00:00,131,81,50
2016-05-24 07:00:00,221,99,122
2016-05-24 08:00:00,126,57,69
2016-05-24 09:00:00,102,41,61
2016-05-24 10:00:00,86,39,47
2016-05-24 11:00:00,105,61,44
2016-05-24 12:00:00,228,129,99
2016-05-24 13:00:00,257,121,136
2016-05-24 14:00:00,165,78,87
2016-05-24 15:00:00,149,77,72
2016-05-24 16:00:00,165,71,94
2016-05-24 17:00:00,171,83,88
2016-05-24 18:00:00,242,135,107
2016-05-24 19:00:00,225,109,116
2016-05-24 20:00:00,185,84,101
2016-05-24 21:00:00,83,33,50
2016-05-24 22:00:00,21,8,13
2016-05-24 23:00:00,15,8,7
2016-05-25 00:00:00,8,1,7
2016-05-25 01:00:00,4,2,2
2016-05-25 02:00:00,0,0,0
2016-05-25 03:00:00,3,2,1
2016-05-25 04:00:00,3,2,1
2016-05-25 05:00:00,13,6,7
2016-05-25 06:00:00,123,75,48
2016-05-25 07:00:00,184,89,95
2016-05-25 08:00:00,131,56,75
2016-05-25 09:00:00,105,50,55
2016-05-25 10:00:00,88,42,46
2016-05-25 11:00:00,123,61,62
2016-05-25 12:00:00,298,157,141
2016-05-25 13:00:00,241,109,132
2016-05-25 14:00:00,113,54,59
2016-05-25 15:00:00,106,53,53
2016-05-25 16:00:00,171,72,99
2016-05-25 17:00:00,178,90,88
2016-05-25 18:00:00,230,109,121
2016-05-25 19:00:00,193,98,95
2016-05-25 20:00:00,130,51,79
2016-05-25 21:00:00,57,15,42
2016-05-25 22:00:00,13,6,7
2016-05-25 23:00:00,7,2,5
2016-05-26 00:00:00,1,1,0
2016-05-26 01:00:00,3,3,0
2016-05-26 02:00:00,1,1,0
2016-05-26 03:00:00,5,2,3
2016-05-26 04:00:00,3,3,0
2016-05-26 05:00:00,12,5,7
2016-05-26 06:00:00,99,63,36
2016-05-26 07:00:00,168,75,93
2016-05-26 08:00:00,131,54,77
2016-05-26 09:00:00,95,46,49
2016-05-26 10:00:00,81,34,47
2016-05-26 11:00:00,84,38,46
2016-05-26 12:00:00,196,117,79
2016-05-26 13:00:00,237,107,130
2016-05-26 14:00:00,136,65,71
2016-05-26 15:00:00,151,68,83
2016-05-26 16:00:00,153,69,84
2016-05-26 17:00:00,172,92,80
2016-05-26 18:00:00,192,100,92
2016-05-26 19:00:00,113,54,59
2016-05-26 20:00:00,107,42,65
2016-05-26 21:00:00,42,15,27
2016-05-26 22:00:00,25,12,13
2016-05-26 23:00:00,1,0,1
2016-05-27 00:00:00,1,1,0
2016-05-27 01:00:00,3,2,1
2016-05-27 02:00:00,2,2,0
2016-05-27 03:00:00,0,0,0
2016-05-27 04:00:00,2,2,0
2016-05-27 05:00:00,2,1,1
2016-05-27 06:00:00,32,18,14
2016-05-27 07:00:00,91,48,43
2016-05-27 08:00:00,111,55,56
2016-05-27 09:00:00,136,57,79
2016-05-27 10:00:00,97,47,50
2016-05-27 11:00:00,120,58,62
2016-05-27 12:00:00,227,124,103
2016-05-27 13:00:00,219,103,116
2016-05-27 14:00:00,143,64,79
2016-05-27 15:00:00,151,72,79
2016-05-27 16:00:00,142,48,94
2016-05-27 17:00:00,97,49,48
2016-05-27 18:00:00,110,57,53
2016-05-27 19:00:00,90,51,39
2016-05-27 20:00:00,86,31,55
2016-05-27 21:00:00,27,12,15
2016-05-27 22:00:00,11,5,6
2016-05-27 23:00:00,10,6,4
2016-05-28 00:00:00,4,2,2
2016-05-28 01:00:00,5,3,2
2016-05-28 02:00:00,1,1,0
2016-05-28 03:00:00,3,1,2
2016-05-28 04:00:00,1,0,1
2016-05-28 05:00:00,2,2,0
2016-05-28 06:00:00,22,15,7
2016-05-28 07:00:00,69,33,36
2016-05-28 08:00:00,89,47,42
2016-05-28 09:00:00,96,41,55
2016-05-28 10:00:00,164,77,87
2016-05-28 11:00:00,170,69,101
2016-05-28 12:00:00,109,42,67
2016-05-28 13:00:00,90,41,49
2016-05-28 14:00:00,143,72,71
2016-05-28 15:00:00,133,62,71
2016-05-28 16:00:00,118,52,66
2016-05-28 17:00:00,127,55,72
2016-05-28 18:00:00,128,46,82
2016-05-28 19:00:00,68,22,46
2016-05-28 20:00:00,46,25,21
2016-05-28 21:00:00,32,10,22
2016-05-28 22:00:00,26,14,12
2016-05-28 23:00:00,13,6,7
2016-05-29 00:00:00,3,2,1
2016-05-29 01:00:00,0,0,0
2016-05-29 02:00:00,2,2,0
2016-05-29 03:00:00,6,3,3
2016-05-29 04:00:00,4,1,3
2016-05-29 05:00:00,2,2,0
2016-05-29 06:00:00,22,14,8
2016-05-29 07:00:00,51,26,25
2016-05-29 08:00:00,84,40,44
2016-05-29 09:00:00,61,31,30
2016-05-29 10:00:00,50,22,28
2016-05-29 11:00:00,69,30,39
2016-05-29 12:00:00,85,38,47
2016-05-29 13:00:00,92,37,55
2016-05-29 14:00:00,110,55,55
2016-05-29 15:00:00,109,51,58
2016-05-29 16:00:00,192,90,102
2016-05-29 17:00:00,180,80,100
2016-05-29 18:00:00,186,79,107
2016-05-29 19:00:00,143,60,83
2016-05-29 20:00:00,133,65,68
2016-05-29 21:00:00,113,47,66
2016-05-29 22:00:00,26,9,17
2016-05-29 23:00:00,9,2,7
2016-05-30 00:00:00,5,2,3
2016-05-30 01:00:00,2,1,1
2016-05-30 02:00:00,1,0,1
2016-05-30 03:00:00,3,3,0
2016-05-30 04:00:00,1,1,0
2016-05-30 05:00:00,3,2,1
2016-05-30 06:00:00,40,29,11
2016-05-30 07:00:00,59,26,33
2016-05-30 08:00:00,125,70,55
2016-05-30 09:00:00,244,114,130
2016-05-30 10:00:00,307,172,135
2016-05-30 11:00:00,357,172,185
2016-05-30 12:00:00,311,139,172
2016-05-30 13:00:00,339,158,181
2016-05-30 14:00:00,325,154,171
2016-05-30 15:00:00,365,172,193
2016-05-30 16:00:00,341,153,188
2016-05-30 17:00:00,347,174,173
2016-05-30 18:00:00,275,138,137
2016-05-30 19:00:00,234,102,132
2016-05-30 20:00:00,213,81,132
2016-05-30 21:00:00,72,24,48
2016-05-30 22:00:00,30,13,17
2016-05-30 23:00:00,12,6,6
2016-05-31 00:00:00,6,1,5
2016-05-31 01:00:00,2,2,0
2016-05-31 02:00:00,1,1,0
2016-05-31 03:00:00,2,1,1
2016-05-31 04:00:00,2,1,1
2016-05-31 05:00:00,10,7,3
2016-05-31 06:00:00,84,50,34
2016-05-31 07:00:00,160,85,75
2016-05-31 08:00:00,153,65,88
2016-05-31 09:00:00,139,72,67
2016-05-31 10:00:00,109,55,54
2016-05-31 11:00:00,146,69,77
2016-05-31 12:00:00,346,179,167
2016-05-31 13:00:00,339,164,175
2016-05-31 14:00:00,202,95,107
2016-05-31 15:00:00,208,97,111
2016-05-31 16:00:00,208,97,111
2016-05-31 17:00:00,231,118,113
2016-05-31 18:00:00,328,185,143
2016-05-31 19:00:00,313,176,137
2016-05-31 20:00:00,283,137,146
2016-05-31 21:00:00,111,40,71
2016-05-31 22:00:00,33,11,22
2016-05-31 23:00:00,5,1,4
2016-06-01 00:00:00,1,1,0
2016-06-01 01:00:00,2,2,0
2016-06-01 02:00:00,2,2,0
2016-06-01 03:00:00,3,1,2
2016-06-01 04:00:00,4,2,2
2016-06-01 05:00:00,18,10,8
2016-06-01 06:00:00,127,69,58
2016-06-01 07:00:00,222,109,113
2016-06-01 08:00:00,147,62,85
2016-06-01 09:00:00,146,68,78
2016-06-01 10:00:00,119,55,64
2016-06-01 11:00:00,148,69,79
2016-06-01 12:00:00,286,171,115
2016-06-01 13:00:00,329,157,172
2016-06-01 14:00:00,163,80,83
2016-06-01 15:00:00,157,77,80
2016-06-01 16:00:00,139,70,69
2016-06-01 17:00:00,231,129,102
2016-06-01 18:00:00,246,134,112
2016-06-01 19:00:00,259,136,123
2016-06-01 20:00:00,205,78,127
2016-06-01 21:00:00,42,22,20
2016-06-01 22:00:00,12,5,7
2016-06-01 23:00:00,5,2,3
2016-06-02 00:00:00,4,2,2
2016-06-02 01:00:00,4,3,1
2016-06-02 02:00:00,0,0,0
2016-06-02 03:00:00,0,0,0
2016-06-02 04:00:00,4,4,0
2016-06-02 05:00:00,8,1,7
2016-06-02 06:00:00,88,54,34
2016-06-02 07:00:00,173,86,87
2016-06-02 08:00:00,184,73,111
2016-06-02 09:00:00,112,47,65
2016-06-02 10:00:00,82,36,46
2016-06-02 11:00:00,107,55,52
2016-06-02 12:00:00,242,135,107
2016-06-02 13:00:00,237,88,149
2016-06-02 14:00:00,127,62,65
2016-06-02 15:00:00,145,74,71
2016-06-02 16:00:00,180,104,76
2016-06-02 17:00:00,194,87,107
2016-06-02 18:00:00,201,113,88
2016-06-02 19:00:00,206,105,101
2016-06-02 20:00:00,170,74,96
2016-06-02 21:00:00,58,24,34
2016-06-02 22:00:00,20,5,15
2016-06-02 23:00:00,7,6,1
2016-06-03 00:00:00,5,4,1
2016-06-03 01:00:00,5,4,1
2016-06-03 02:00:00,2,1,1
2016-06-03 03:00:00,1,0,1
2016-06-03 04:00:00,6,3,3
2016-06-03 05:00:00,10,6,4
2016-06-03 06:00:00,120,73,47
2016-06-03 07:00:00,196,87,109
2016-06-03 08:00:00,161,77,84
2016-06-03 09:00:00,156,67,89
2016-06-03 10:00:00,139,65,74
2016-06-03 11:00:00,155,83,72
2016-06-03 12:00:00,314,175,139
2016-06-03 13:00:00,320,148,172
2016-06-03 14:00:00,190,105,85
2016-06-03 15:00:00,198,97,101
2016-06-03 16:00:00,201,86,115
2016-06-03 17:00:00,244,118,126
2016-06-03 18:00:00,286,154,132
2016-06-03 19:00:00,253,122,131
2016-06-03 20:00:00,228,112,116
2016-06-03 21:00:00,145,48,97
2016-06-03 22:00:00,52,17,35
2016-06-03 23:00:00,17,7,10
2016-06-04 00:00:00,5,3,2
2016-06-04 01:00:00,3,0,3
2016-06-04 02:00:00,2,1,1
2016-06-04 03:00:00,1,0,1
2016-06-04 04:00:00,0,0,0
2016-06-04 05:00:00,6,5,1
2016-06-04 06:00:00,40,22,18
2016-06-04 07:00:00,115,65,50
2016-06-04 08:00:00,181,80,101
2016-06-04 09:00:00,266,113,153
2016-06-04 10:00:00,348,181,167
2016-06-04 11:00:00,307,133,174
2016-06-04 12:00:00,292,152,140
2016-06-04 13:00:00,289,144,145
2016-06-04 14:00:00,253,116,137
2016-06-04 15:00:00,238,125,113
2016-06-04 16:00:00,279,139,140
2016-06-04 17:00:00,245,105,140
2016-06-04 18:00:00,220,101,119
2016-06-04 19:00:00,234,110,124
2016-06-04 20:00:00,256,125,131
2016-06-04 21:00:00,160,70,90
2016-06-04 22:00:00,94,22,72
2016-06-04 23:00:00,15,8,7
2016-06-05 00:00:00,19,10,9
2016-06-05 01:00:00,5,2,3
2016-06-05 02:00:00,5,2,3
2016-06-05 03:00:00,3,0,3
2016-06-05 04:00:00,4,2,2
2016-06-05 05:00:00,8,3,5
2016-06-05 06:00:00,44,29,15
2016-06-05 07:00:00,114,65,49
2016-06-05 08:00:00,160,90,70
2016-06-05 09:00:00,263,125,138
2016-06-05 10:00:00,242,114,128
2016-06-05 11:00:00,319,161,158
2016-06-05 12:00:00,271,133,138
2016-06-05 13:00:00,251,128,123
2016-06-05 14:00:00,255,112,143
2016-06-05 15:00:00,228,106,122
2016-06-05 16:00:00,261,114,147
2016-06-05 17:00:00,214,94,120
2016-06-05 18:00:00,164,92,72
2016-06-05 19:00:00,239,118,121
2016-06-05 20:00:00,189,101,88
2016-06-05 21:00:00,201,87,114
2016-06-05 22:00:00,80,24,56
2016-06-05 23:00:00,18,7,11
2016-06-06 00:00:00,6,5,1
2016-06-06 01:00:00,15,10,5
2016-06-06 02:00:00,5,3,2
2016-06-06 03:00:00,2,1,1
2016-06-06 04:00:00,3,2,1
2016-06-06 05:00:00,17,12,5
2016-06-06 06:00:00,114,65,49
2016-06-06 07:00:00,190,94,96
2016-06-06 08:00:00,186,87,99
2016-06-06 09:00:00,181,92,89
2016-06-06 10:00:00,162,68,94
2016-06-06 11:00:00,154,69,85
2016-06-06 12:00:00,357,211,146
2016-06-06 13:00:00,286,129,157
2016-06-06 14:00:00,145,64,81
2016-06-06 15:00:00,162,73,89
2016-06-06 16:00:00,130,63,67
2016-06-06 17:00:00,204,111,93
2016-06-06 18:00:00,281,162,119
2016-06-06 19:00:00,333,173,160
2016-06-06 20:00:00,362,202,160
2016-06-06 21:00:00,211,89,122
2016-06-06 22:00:00,60,16,44
2016-06-06 23:00:00,8,3,5
2016-06-07 00:00:00,3,3,0
2016-06-07 01:00:00,3,2,1
2016-06-07 02:00:00,3,3,0
2016-06-07 03:00:00,3,1,2
2016-06-07 04:00:00,2,2,0
2016-06-07 05:00:00,21,13,8
2016-06-07 06:00:00,161,99,62
2016-06-07 07:00:00,313,150,163
2016-06-07 08:00:00,216,89,127
2016-06-07 09:00:00,164,78,86
2016-06-07 10:00:00,139,62,77
2016-06-07 11:00:00,133,68,65
2016-06-07 12:00:00,329,165,164
2016-06-07 13:00:00,373,182,191
2016-06-07 14:00:00,194,101,93
2016-06-07 15:00:00,177,92,85
2016-06-07 16:00:00,170,78,92
2016-06-07 17:00:00,230,126,104
2016-06-07 18:00:00,271,143,128
2016-06-07 19:00:00,299,152,147
2016-06-07 20:00:00,289,150,139
2016-06-07 21:00:00,141,56,85
2016-06-07 22:00:00,39,19,20
2016-06-07 23:00:00,18,7,11
2016-06-08 00:00:00,4,0,4
2016-06-08 01:00:00,4,4,0
2016-06-08 02:00:00,1,1,0
2016-06-08 03:00:00,1,0,1
2016-06-08 04:00:00,4,3,1
2016-06-08 05:00:00,16,9,7
2016-06-08 06:00:00,148,85,63
2016-06-08 07:00:00,256,114,142
2016-06-08 08:00:00,146,66,80
2016-06-08 09:00:00,146,63,83
2016-06-08 10:00:00,154,65,89
2016-06-08 11:00:00,123,57,66
2016-06-08 12:00:00,236,123,113
2016-06-08 13:00:00,250,112,138
2016-06-08 14:00:00,112,56,56
2016-06-08 15:00:00,84,43,41
2016-06-08 16:00:00,81,40,41
2016-06-08 17:00:00,127,69,58
2016-06-08 18:00:00,191,105,86
2016-06-08 19:00:00,194,92,102
2016-06-08 20:00:00,199,104,95
2016-06-08 21:00:00,99,35,64
2016-06-08 22:00:00,30,13,17
2016-06-08 23:00:00,12,4,8
2016-06-09 00:00:00,0,0,0
2016-06-09 01:00:00,1,1,0
2016-06-09 02:00:00,2,0,2
2016-06-09 03:00:00,8,5,3
2016-06-09 04:00:00,3,1,2
2016-06-09 05:00:00,17,11,6
2016-06-09 06:00:00,84,50,34
2016-06-09 07:00:00,224,107,117
2016-06-09 08:00:00,188,78,110
2016-06-09 09:00:00,136,66,70
2016-06-09 10:00:00,105,47,58
2016-06-09 11:00:00,110,55,55
2016-06-09 12:00:00,229,117,112
2016-06-09 13:00:00,254,126,128
2016-06-09 14:00:00,189,79,110
2016-06-09 15:00:00,129,70,59
2016-06-09 16:00:00,132,60,72
2016-06-09 17:00:00,169,82,87
2016-06-09 18:00:00,248,132,116
2016-06-09 19:00:00,209,103,106
2016-06-09 20:00:00,234,113,121
2016-06-09 21:00:00,81,28,53
2016-06-09 22:00:00,9,4,5
2016-06-09 23:00:00,3,1,2
2016-06-10 00:00:00,3,2,1
2016-06-10 01:00:00,1,0,1
2016-06-10 02:00:00,1,1,0
2016-06-10 03:00:00,0,0,0
2016-06-10 04:00:00,2,1,1
2016-06-10 05:00:00,4,3,1
2016-06-10 06:00:00,119,66,53
2016-06-10 07:00:00,181,89,92
2016-06-10 08:00:00,161,77,84
2016-06-10 09:00:00,129,60,69
2016-06-10 10:00:00,138,65,73
2016-06-10 11:00:00,156,72,84
2016-06-10 12:00:00,228,122,106
2016-06-10 13:00:00,271,125,146
2016-06-10 14:00:00,184,84,100
2016-06-10 15:00:00,130,52,78
2016-06-10 16:00:00,99,51,48
2016-06-10 17:00:00,117,51,66
2016-06-10 18:00:00,80,39,41
2016-06-10 19:00:00,87,47,40
2016-06-10 20:00:00,72,31,41
2016-06-10 21:00:00,47,19,28
2016-06-10 22:00:00,16,4,12
2016-06-10 23:00:00,2,1,1
2016-06-11 00:00:00,3,1,2
2016-06-11 01:00:00,3,2,1
2016-06-11 02:00:00,6,5,1
2016-06-11 03:00:00,0,0,0
2016-06-11 04:00:00,2,0,2
2016-06-11 05:00:00,12,6,6
2016-06-11 06:00:00,44,25,19
2016-06-11 07:00:00,87,46,41
2016-06-11 08:00:00,139,74,65
2016-06-11 09:00:00,170,87,83
2016-06-11 10:00:00,236,126,110
2016-06-11 11:00:00,202,92,110
2016-06-11 12:00:00,195,83,112
2016-06-11 13:00:00,222,105,117
2016-06-11 14:00:00,167,80,87
2016-06-11 15:00:00,157,58,99
2016-06-11 16:00:00,171,66,105
2016-06-11 17:00:00,73,35,38
2016-06-11 18:00:00,131,55,76
2016-06-11 19:00:00,176,81,95
2016-06-11 20:00:00,156,73,83
2016-06-11 21:00:00,86,28,58
2016-06-11 22:00:00,38,9,29
2016-06-11 23:00:00,6,3,3
2016-06-12 00:00:00,7,3,4
2016-06-12 01:00:00,8,7,1
2016-06-12 02:00:00,6,0,6
2016-06-12 03:00:00,3,3,0
2016-06-12 04:00:00,2,1,1
2016-06-12 05:00:00,16,8,8
2016-06-12 06:00:00,35,23,12
2016-06-12 07:00:00,74,41,33
2016-06-12 08:00:00,131,68,63
2016-06-12 09:00:00,166,76,90
2016-06-12 10:00:00,232,111,121
2016-06-12 11:00:00,223,103,120
2016-06-12 12:00:00,222,93,129
2016-06-12 13:00:00,203,86,117
2016-06-12 14:00:00,240,124,116
2016-06-12 15:00:00,293,134,159
2016-06-12 16:00:00,335,170,165
2016-06-12 17:00:00,243,114,129
2016-06-12 18:00:00,261,118,143
2016-06-12 19:00:00,271,119,152
2016-06-12 20:00:00,266,122,144
2016-06-12 21:00:00,108,33,75
2016-06-12 22:00:00,59,26,33
2016-06-12 23:00:00,5,3,2
2016-06-13 00:00:00,9,7,2
2016-06-13 01:00:00,0,0,0
2016-06-13 02:00:00,3,2,1
2016-06-13 03:00:00,2,2,0
2016-06-13 04:00:00,4,3,1
2016-06-13 05:00:00,11,7,4
2016-06-13 06:00:00,84,52,32
2016-06-13 07:00:00,159,77,82
2016-06-13 08:00:00,104,38,66
2016-06-13 09:00:00,76,38,38
2016-06-13 10:00:00,85,38,47
2016-06-13 11:00:00,77,38,39
2016-06-13 12:00:00,211,121,90
2016-06-13 13:00:00,255,115,140
2016-06-13 14:00:00,159,71,88
2016-06-13 15:00:00,144,65,79
2016-06-13 16:00:00,175,84,91
2016-06-13 17:00:00,188,93,95
2016-06-13 18:00:00,245,140,105
2016-06-13 19:00:00,192,105,87
2016-06-13 20:00:00,182,81,101
2016-06-13 21:00:00,80,30,50
2016-06-13 22:00:00,17,3,14
2016-06-13 23:00:00,0,0,0
2016-06-14 00:00:00,4,3,1
2016-06-14 01:00:00,2,2,0
2016-06-14 02:00:00,0,0,0
2016-06-14 03:00:00,2,1,1
2016-06-14 04:00:00,4,3,1
2016-06-14 05:00:00,23,15,8
2016-06-14 06:00:00,100,58,42
2016-06-14 07:00:00,218,105,113
2016-06-14 08:00:00,134,54,80
2016-06-14 09:00:00,98,49,49
2016-06-14 10:00:00,93,44,49
2016-06-14 11:00:00,96,49,47
2016-06-14 12:00:00,189,105,84
2016-06-14 13:00:00,237,110,127
2016-06-14 14:00:00,114,44,70
2016-06-14 15:00:00,63,34,29
2016-06-14 16:00:00,78,37,41
2016-06-14 17:00:00,150,83,67
2016-06-14 18:00:00,185,99,86
2016-06-14 19:00:00,178,101,77
2016-06-14 20:00:00,156,74,82
2016-06-14 21:00:00,37,15,22
2016-06-14 22:00:00,23,11,12
2016-06-14 23:00:00,5,3,2
2016-06-15 00:00:00,0,0,0
2016-06-15 01:00:00,3,2,1
2016-06-15 02:00:00,1,1,0
2016-06-15 03:00:00,2,1,1
2016-06-15 04:00:00,2,2,0
2016-06-15 05:00:00,18,12,6
2016-06-15 06:00:00,111,64,47
2016-06-15 07:00:00,234,122,112
2016-06-15 08:00:00,162,69,93
2016-06-15 09:00:00,109,44,65
2016-06-15 10:00:00,104,47,57
2016-06-15 11:00:00,104,51,53
2016-06-15 12:00:00,211,114,97
2016-06-15 13:00:00,256,119,137
2016-06-15 14:00:00,154,71,83
2016-06-15 15:00:00,165,82,83
2016-06-15 16:00:00,171,83,88
2016-06-15 17:00:00,205,110,95
2016-06-15 18:00:00,316,189,127
2016-06-15 19:00:00,336,158,178
2016-06-15 20:00:00,185,87,98
2016-06-15 21:00:00,92,38,54
2016-06-15 22:00:00,24,12,12
2016-06-15 23:00:00,10,2,8
2016-06-16 00:00:00,1,1,0
2016-06-16 01:00:00,0,0,0
2016-06-16 02:00:00,2,0,2
2016-06-16 03:00:00,2,1,1
2016-06-16 04:00:00,0,0,0
2016-06-16 05:00:00,11,5,6
2016-06-16 06:00:00,123,67,56
2016-06-16 07:00:00,171,86,85
2016-06-16 08:00:00,149,72,77
2016-06-16 09:00:00,141,62,79
2016-06-16 10:00:00,132,53,79
2016-06-16 11:00:00,133,69,64
2016-06-16 12:00:00,272,131,141
2016-06-16 13:00:00,285,133,152
2016-06-16 14:00:00,176,82,94
2016-06-16 15:00:00,169,79,90
2016-06-16 16:00:00,179,80,99
2016-06-16 17:00:00,185,86,99
2016-06-16 18:00:00,258,133,125
2016-06-16 19:00:00,187,85,102
2016-06-16 20:00:00,158,65,93
2016-06-16 21:00:00,101,52,49
2016-06-16 22:00:00,64,26,38
2016-06-16 23:00:00,12,3,9
2016-06-17 00:00:00,2,2,0
2016-06-17 01:00:00,1,1,0
2016-06-17 02:00:00,5,1,4
2016-06-17 03:00:00,2,1,1
2016-06-17 04:00:00,3,1,2
2016-06-17 05:00:00,11,7,4
2016-06-17 06:00:00,73,41,32
2016-06-17 07:00:00,207,103,104
2016-06-17 08:00:00,173,73,100
2016-06-17 09:00:00,137,59,78
2016-06-17 10:00:00,148,72,76
2016-06-17 11:00:00,201,88,113
2016-06-17 12:00:00,254,144,110
2016-06-17 13:00:00,263,115,148
2016-06-17 14:00:00,147,63,84
2016-06-17 15:00:00,140,55,85
2016-06-17 16:00:00,82,36,46
2016-06-17 17:00:00,81,40,41
2016-06-17 18:00:00,74,38,36
2016-06-17 19:00:00,113,60,53
2016-06-17 20:00:00,111,51,60
2016-06-17 21:00:00,59,23,36
2016-06-17 22:00:00,30,10,20
2016-06-17 23:00:00,5,1,4
2016-06-18 00:00:00,3,3,0
2016-06-18 01:00:00,0,0,0
2016-06-18 02:00:00,2,0,2
2016-06-18 03:00:00,0,0,0
2016-06-18 04:00:00,0,0,0
2016-06-18 05:00:00,6,3,3
2016-06-18 06:00:00,21,12,9
2016-06-18 07:00:00,61,37,24
2016-06-18 08:00:00,99,50,49
2016-06-18 09:00:00,137,62,75
2016-06-18 10:00:00,139,72,67
2016-06-18 11:00:00,96,40,56
2016-06-18 12:00:00,118,57,61
2016-06-18 13:00:00,105,50,55
2016-06-18 14:00:00,120,58,62
2016-06-18 15:00:00,155,65,90
2016-06-18 16:00:00,74,23,51
2016-06-18 17:00:00,151,73,78
2016-06-18 18:00:00,182,83,99
2016-06-18 19:00:00,90,35,55
2016-06-18 20:00:00,109,47,62
2016-06-18 21:00:00,63,20,43
2016-06-18 22:00:00,20,4,16
2016-06-18 23:00:00,5,3,2
2016-06-19 00:00:00,2,2,0
2016-06-19 01:00:00,1,1,0
2016-06-19 02:00:00,0,0,0
2016-06-19 03:00:00,2,2,0
2016-06-19 04:00:00,4,2,2
2016-06-19 05:00:00,6,3,3
2016-06-19 06:00:00,31,17,14
2016-06-19 07:00:00,86,54,32
2016-06-19 08:00:00,152,79,73
2016-06-19 09:00:00,212,113,99
2016-06-19 10:00:00,297,139,158
2016-06-19 11:00:00,321,156,165
2016-06-19 12:00:00,360,168,192
2016-06-19 13:00:00,368,170,198
2016-06-19 14:00:00,291,141,150
2016-06-19 15:00:00,322,157,165
2016-06-19 16:00:00,342,147,195
2016-06-19 17:00:00,333,166,167
2016-06-19 18:00:00,232,87,145
2016-06-19 19:00:00,179,81,98
2016-06-19 20:00:00,132,56,76
2016-06-19 21:00:00,94,39,55
2016-06-19 22:00:00,26,4,22
2016-06-19 23:00:00,0,0,0
2016-06-20 00:00:00,2,2,0
2016-06-20 01:00:00,0,0,0
2016-06-20 02:00:00,1,0,1
2016-06-20 03:00:00,6,4,2
2016-06-20 04:00:00,0,0,0
2016-06-20 05:00:00,8,4,4
2016-06-20 06:00:00,90,52,38
2016-06-20 07:00:00,186,97,89
2016-06-20 08:00:00,130,50,80
2016-06-20 09:00:00,131,58,73
2016-06-20 10:00:00,113,57,56
2016-06-20 11:00:00,113,47,66
2016-06-20 12:00:00,234,122,112
2016-06-20 13:00:00,245,111,134
2016-06-20 14:00:00,189,103,86
2016-06-20 15:00:00,133,63,70
2016-06-20 16:00:00,201,85,116
2016-06-20 17:00:00,239,129,110
2016-06-20 18:00:00,339,192,147
2016-06-20 19:00:00,345,162,183
2016-06-20 20:00:00,319,160,159
2016-06-20 21:00:00,171,60,111
2016-06-20 22:00:00,58,14,44
2016-06-20 23:00:00,0,0,0
2016-06-21 00:00:00,0,0,0
2016-06-21 01:00:00,3,2,1
2016-06-21 02:00:00,1,0,1
2016-06-21 03:00:00,5,4,1
2016-06-21 04:00:00,3,3,0
2016-06-21 05:00:00,13,8,5
2016-06-21 06:00:00,120,68,52
2016-06-21 07:00:00,211,107,104
2016-06-21 08:00:00,156,63,93
2016-06-21 09:00:00,100,45,55
2016-06-21 10:00:00,77,33,44
2016-06-21 11:00:00,129,73,56
2016-06-21 12:00:00,279,135,144
2016-06-21 13:00:00,284,137,147
2016-06-21 14:00:00,153,81,72
2016-06-21 15:00:00,174,78,96
2016-06-21 16:00:00,198,94,104
2016-06-21 17:00:00,249,127,122
2016-06-21 18:00:00,309,176,133
2016-06-21 19:00:00,275,144,131
2016-06-21 20:00:00,255,126,129
2016-06-21 21:00:00,118,38,80
2016-06-21 22:00:00,44,18,26
2016-06-21 23:00:00,9,3,6
2016-06-22 00:00:00,0,0,0
2016-06-22 01:00:00,2,2,0
2016-06-22 02:00:00,4,4,0
2016-06-22 03:00:00,1,0,1
2016-06-22 04:00:00,5,3,2
2016-06-22 05:00:00,14,10,4
2016-06-22 06:00:00,115,69,46
2016-06-22 07:00:00,222,109,113
2016-06-22 08:00:00,183,81,102
2016-06-22 09:00:00,121,56,65
2016-06-22 10:00:00,139,67,72
2016-06-22 11:00:00,152,74,78
2016-06-22 12:00:00,318,155,163
2016-06-22 13:00:00,315,163,152
2016-06-22 14:00:00,194,93,101
2016-06-22 15:00:00,181,94,87
2016-06-22 16:00:00,173,71,102
2016-06-22 17:00:00,208,113,95
2016-06-22 18:00:00,288,136,152
2016-06-22 19:00:00,238,118,120
2016-06-22 20:00:00,207,88,119
2016-06-22 21:00:00,88,35,53
2016-06-22 22:00:00,37,17,20
2016-06-22 23:00:00,10,7,3
2016-06-23 00:00:00,2,0,2
2016-06-23 01:00:00,4,0,4
2016-06-23 02:00:00,0,0,0
2016-06-23 03:00:00,3,2,1
2016-06-23 04:00:00,1,1,0
2016-06-23 05:00:00,7,3,4
2016-06-23 06:00:00,51,31,20
2016-06-23 07:00:00,104,54,50
2016-06-23 08:00:00,136,60,76
2016-06-23 09:00:00,109,53,56
2016-06-23 10:00:00,101,46,55
2016-06-23 11:00:00,107,45,62
2016-06-23 12:00:00,219,114,105
2016-06-23 13:00:00,249,106,143
2016-06-23 14:00:00,101,50,51
2016-06-23 15:00:00,80,43,37
2016-06-23 16:00:00,48,24,24
2016-06-23 17:00:00,86,45,41
2016-06-23 18:00:00,114,57,57
2016-06-23 19:00:00,124,66,58
2016-06-23 20:00:00,100,46,54
2016-06-23 21:00:00,39,14,25
2016-06-23 22:00:00,7,1,6
2016-06-23 23:00:00,5,2,3
2016-06-24 00:00:00,0,0,0
2016-06-24 01:00:00,0,0,0
2016-06-24 02:00:00,2,1,1
2016-06-24 03:00:00,3,1,2
2016-06-24 04:00:00,0,0,0
2016-06-24 05:00:00,12,9,3
2016-06-24 06:00:00,61,32,29
2016-06-24 07:00:00,118,55,63
2016-06-24 08:00:00,131,65,66
2016-06-24 09:00:00,114,48,66
2016-06-24 10:00:00,68,30,38
2016-06-24 11:00:00,88,41,47
2016-06-24 12:00:00,215,105,110
2016-06-24 13:00:00,211,95,116
2016-06-24 14:00:00,199,106,93
2016-06-24 15:00:00,148,73,75
2016-06-24 16:00:00,164,82,82
2016-06-24 17:00:00,168,78,90
2016-06-24 18:00:00,194,85,109
2016-06-24 19:00:00,89,40,49
2016-06-24 20:00:00,129,60,69
2016-06-24 21:00:00,45,15,30
2016-06-24 22:00:00,22,7,15
2016-06-24 23:00:00,9,5,4
2016-06-25 00:00:00,1,1,0
2016-06-25 01:00:00,1,0,1
2016-06-25 02:00:00,2,1,1
2016-06-25 03:00:00,0,0,0
2016-06-25 04:00:00,1,1,0
2016-06-25 05:00:00,15,8,7
2016-06-25 06:00:00,30,19,11
2016-06-25 07:00:00,98,50,48
2016-06-25 08:00:00,168,86,82
2016-06-25 09:00:00,164,78,86
2016-06-25 10:00:00,281,154,127
2016-06-25 11:00:00,230,94,136
2016-06-25 12:00:00,200,92,108
2016-06-25 13:00:00,222,104,118
2016-06-25 14:00:00,232,92,140
2016-06-25 15:00:00,235,115,120
2016-06-25 16:00:00,320,164,156
2016-06-25 17:00:00,302,141,161
2016-06-25 18:00:00,242,131,111
2016-06-25 19:00:00,268,145,123
2016-06-25 20:00:00,245,99,146
2016-06-25 21:00:00,142,58,84
2016-06-25 22:00:00,42,13,29
2016-06-25 23:00:00,15,9,6
2016-06-26 00:00:00,7,6,1
2016-06-26 01:00:00,2,1,1
2016-06-26 02:00:00,4,1,3
2016-06-26 03:00:00,4,4,0
2016-06-26 04:00:00,2,2,0
2016-06-26 05:00:00,5,4,1
2016-06-26 06:00:00,35,23,12
2016-06-26 07:00:00,85,44,41
2016-06-26 08:00:00,159,90,69
2016-06-26 09:00:00,246,109,137
2016-06-26 10:00:00,241,101,140
2016-06-26 11:00:00,204,80,124
2016-06-26 12:00:00,251,114,137
2016-06-26 13:00:00,197,87,110
2016-06-26 14:00:00,203,102,101
2016-06-26 15:00:00,243,116,127
2016-06-26 16:00:00,251,121,130
2016-06-26 17:00:00,224,121,103
2016-06-26 18:00:00,260,108,152
2016-06-26 19:00:00,247,111,136
2016-06-26 20:00:00,213,98,115
2016-06-26 21:00:00,141,59,82
2016-06-26 22:00:00,81,20,61
2016-06-26 23:00:00,5,2,3
2016-06-27 00:00:00,6,3,3
2016-06-27 01:00:00,5,2,3
2016-06-27 02:00:00,2,1,1
2016-06-27 03:00:00,2,1,1
2016-06-27 04:00:00,0,0,0
2016-06-27 05:00:00,13,10,3
2016-06-27 06:00:00,106,63,43
2016-06-27 07:00:00,155,75,80
2016-06-27 08:00:00,150,65,85
2016-06-27 09:00:00,139,71,68
2016-06-27 10:00:00,108,51,57
2016-06-27 11:00:00,159,78,81
2016-06-27 12:00:00,335,192,143
2016-06-27 13:00:00,334,146,188
2016-06-27 14:00:00,228,109,119
2016-06-27 15:00:00,222,96,126
2016-06-27 16:00:00,186,97,89
2016-06-27 17:00:00,216,120,96
2016-06-27 18:00:00,291,176,115
2016-06-27 19:00:00,346,186,160
2016-06-27 20:00:00,341,142,199
2016-06-27 21:00:00,219,97,122
2016-06-27 22:00:00,107,24,83
2016-06-27 23:00:00,16,6,10
2016-06-28 00:00:00,2,1,1
2016-06-28 01:00:00,3,3,0
2016-06-28 02:00:00,1,0,1
2016-06-28 03:00:00,3,1,2
2016-06-28 04:00:00,3,2,1
2016-06-28 05:00:00,9,4,5
2016-06-28 06:00:00,159,95,64
2016-06-28 07:00:00,242,109,133
2016-06-28 08:00:00,148,66,82
2016-06-28 09:00:00,126,62,64
2016-06-28 10:00:00,105,48,57
2016-06-28 11:00:00,146,69,77
2016-06-28 12:00:00,286,166,120
2016-06-28 13:00:00,305,141,164
2016-06-28 14:00:00,217,102,115
2016-06-28 15:00:00,207,89,118
2016-06-28 16:00:00,174,81,93
2016-06-28 17:00:00,263,147,116
2016-06-28 18:00:00,354,184,170
2016-06-28 19:00:00,345,192,153
2016-06-28 20:00:00,315,157,158
2016-06-28 21:00:00,179,80,99
2016-06-28 22:00:00,104,35,69
2016-06-28 23:00:00,20,8,12
2016-06-29 00:00:00,5,2,3
2016-06-29 01:00:00,2,2,0
2016-06-29 02:00:00,0,0,0
2016-06-29 03:00:00,2,1,1
2016-06-29 04:00:00,5,4,1
2016-06-29 05:00:00,12,5,7
2016-06-29 06:00:00,105,61,44
2016-06-29 07:00:00,207,98,109
2016-06-29 08:00:00,156,68,88
2016-06-29 09:00:00,136,57,79
2016-06-29 10:00:00,118,52,66
2016-06-29 11:00:00,119,56,63
2016-06-29 12:00:00,216,113,103
2016-06-29 13:00:00,279,126,153
2016-06-29 14:00:00,154,74,80
2016-06-29 15:00:00,166,74,92
2016-06-29 16:00:00,183,85,98
2016-06-29 17:00:00,202,103,99
2016-06-29 18:00:00,312,170,142
2016-06-29 19:00:00,283,143,140
2016-06-29 20:00:00,272,135,137
2016-06-29 21:00:00,170,74,96
2016-06-29 22:00:00,82,22,60
2016-06-29 23:00:00,12,5,7
2016-06-30 00:00:00,6,3,3
2016-06-30 01:00:00,0,0,0
2016-06-30 02:00:00,1,1,0
2016-06-30 03:00:00,2,1,1
2016-06-30 04:00:00,2,1,1
2016-06-30 05:00:00,12,7,5
2016-06-30 06:00:00,95,54,41
2016-06-30 07:00:00,192,92,100
2016-06-30 08:00:00,151,69,82
2016-06-30 09:00:00,138,70,68
2016-06-30 10:00:00,105,42,63
2016-06-30 11:00:00,116,61,55
2016-06-30 12:00:00,261,139,122
2016-06-30 13:00:00,248,100,148
2016-06-30 14:00:00,171,82,89
2016-06-30 15:00:00,178,81,97
2016-06-30 16:00:00,168,82,86
2016-06-30 17:00:00,266,128,138
2016-06-30 18:00:00,258,133,125
2016-06-30 19:00:00,281,139,142
2016-06-30 20:00:00,261,118,143
2016-06-30 21:00:00,147,65,82
2016-06-30 22:00:00,68,21,47
2016-06-30 23:00:00,17,7,10
2016-07-01 00:00:00,6,4,2
2016-07-01 01:00:00,0,0,0
2016-07-01 02:00:00,1,0,1
2016-07-01 03:00:00,4,3,1
2016-07-01 04:00:00,2,1,1
2016-07-01 05:00:00,16,10,6
2016-07-01 06:00:00,73,39,34
2016-07-01 07:00:00,137,66,71
2016-07-01 08:00:00,174,78,96
2016-07-01 09:00:00,125,60,65
2016-07-01 10:00:00,107,49,58
2016-07-01 11:00:00,131,62,69
2016-07-01 12:00:00,173,94,79
2016-07-01 13:00:00,277,139,138
2016-07-01 14:00:00,191,91,100
2016-07-01 15:00:00,222,102,120
2016-07-01 16:00:00,186,92,94
2016-07-01 17:00:00,208,103,105
2016-07-01 18:00:00,239,113,126
2016-07-01 19:00:00,224,115,109
2016-07-01 20:00:00,233,107,126
2016-07-01 21:00:00,127,53,74
2016-07-01 22:00:00,73,26,47
2016-07-01 23:00:00,13,7,6
2016-07-02 00:00:00,9,4,5
2016-07-02 01:00:00,5,1,4
2016-07-02 02:00:00,1,0,1
2016-07-02 03:00:00,2,1,1
2016-07-02 04:00:00,3,2,1
2016-07-02 05:00:00,3,2,1
2016-07-02 06:00:00,37,23,14
2016-07-02 07:00:00,83,45,38
2016-07-02 08:00:00,160,78,82
2016-07-02 09:00:00,201,89,112
2016-07-02 10:00:00,211,100,111
2016-07-02 11:00:00,234,100,134
2016-07-02 12:00:00,234,108,126
2016-07-02 13:00:00,189,85,104
2016-07-02 14:00:00,203,102,101
2016-07-02 15:00:00,215,89,126
2016-07-02 16:00:00,275,116,159
2016-07-02 17:00:00,232,102,130
2016-07-02 18:00:00,189,81,108
2016-07-02 19:00:00,175,78,97
2016-07-02 20:00:00,189,85,104
2016-07-02 21:00:00,139,59,80
2016-07-02 22:00:00,60,19,41
2016-07-02 23:00:00,19,8,11
2016-07-03 00:00:00,11,7,4
2016-07-03 01:00:00,4,3,1
2016-07-03 02:00:00,4,3,1
2016-07-03 03:00:00,3,2,1
2016-07-03 04:00:00,1,0,1
2016-07-03 05:00:00,3,2,1
2016-07-03 06:00:00,25,19,6
2016-07-03 07:00:00,63,27,36
2016-07-03 08:00:00,94,46,48
2016-07-03 09:00:00,165,84,81
2016-07-03 10:00:00,169,82,87
2016-07-03 11:00:00,178,81,97
2016-07-03 12:00:00,148,76,72
2016-07-03 13:00:00,192,83,109
2016-07-03 14:00:00,195,91,104
2016-07-03 15:00:00,286,141,145
2016-07-03 16:00:00,215,93,122
2016-07-03 17:00:00,232,95,137
2016-07-03 18:00:00,187,81,106
2016-07-03 19:00:00,185,90,95
2016-07-03 20:00:00,171,79,92
2016-07-03 21:00:00,133,54,79
2016-07-03 22:00:00,73,24,49
2016-07-03 23:00:00,17,8,9
2016-07-04 00:00:00,12,3,9
2016-07-04 01:00:00,3,2,1
2016-07-04 02:00:00,1,0,1
2016-07-04 03:00:00,5,3,2
2016-07-04 04:00:00,2,1,1
2016-07-04 05:00:00,5,4,1
2016-07-04 06:00:00,21,12,9
2016-07-04 07:00:00,54,34,20
2016-07-04 08:00:00,99,50,49
2016-07-04 09:00:00,174,86,88
2016-07-04 10:00:00,207,106,101
2016-07-04 11:00:00,215,99,116
2016-07-04 12:00:00,217,93,124
2016-07-04 13:00:00,222,114,108
2016-07-04 14:00:00,206,95,111
2016-07-04 15:00:00,217,107,110
2016-07-04 16:00:00,194,90,104
2016-07-04 17:00:00,154,65,89
2016-07-04 18:00:00,130,57,73
2016-07-04 19:00:00,135,63,72
2016-07-04 20:00:00,99,44,55
2016-07-04 21:00:00,48,23,25
2016-07-04 22:00:00,34,11,23
2016-07-04 23:00:00,17,5,12
2016-07-05 00:00:00,8,5,3
2016-07-05 01:00:00,14,7,7
2016-07-05 02:00:00,1,0,1
2016-07-05 03:00:00,2,1,1
2016-07-05 04:00:00,3,3,0
2016-07-05 05:00:00,5,3,2
2016-07-05 06:00:00,43,22,21
2016-07-05 07:00:00,71,35,36
2016-07-05 08:00:00,88,44,44
2016-07-05 09:00:00,90,39,51
2016-07-05 10:00:00,93,42,51
2016-07-05 11:00:00,105,57,48
2016-07-05 12:00:00,171,86,85
2016-07-05 13:00:00,229,100,129
2016-07-05 14:00:00,144,61,83
2016-07-05 15:00:00,140,62,78
2016-07-05 16:00:00,143,61,82
2016-07-05 17:00:00,184,98,86
2016-07-05 18:00:00,247,122,125
2016-07-05 19:00:00,251,136,115
2016-07-05 20:00:00,225,99,126
2016-07-05 21:00:00,100,39,61
2016-07-05 22:00:00,33,10,23
2016-07-05 23:00:00,4,1,3
2016-07-06 00:00:00,2,1,1
2016-07-06 01:00:00,3,2,1
2016-07-06 02:00:00,0,0,0
2016-07-06 03:00:00,0,0,0
2016-07-06 04:00:00,3,2,1
2016-07-06 05:00:00,9,5,4
2016-07-06 06:00:00,94,58,36
2016-07-06 07:00:00,212,108,104
2016-07-06 08:00:00,156,56,100
2016-07-06 09:00:00,124,67,57
2016-07-06 10:00:00,146,66,80
2016-07-06 11:00:00,146,68,78
2016-07-06 12:00:00,297,148,149
2016-07-06 13:00:00,341,163,178
2016-07-06 14:00:00,212,101,111
2016-07-06 15:00:00,231,119,112
2016-07-06 16:00:00,207,106,101
2016-07-06 17:00:00,280,153,127
2016-07-06 18:00:00,313,158,155
2016-07-06 19:00:00,335,163,172
2016-07-06 20:00:00,352,186,166
2016-07-06 21:00:00,181,73,108
2016-07-06 22:00:00,68,17,51
2016-07-06 23:00:00,16,7,9
2016-07-07 00:00:00,7,2,5
2016-07-07 01:00:00,3,2,1
2016-07-07 02:00:00,0,0,0
2016-07-07 03:00:00,0,0,0
2016-07-07 04:00:00,2,2,0
2016-07-07 05:00:00,4,2,2
2016-07-07 06:00:00,83,47,36
2016-07-07 07:00:00,174,89,85
2016-07-07 08:00:00,145,56,89
2016-07-07 09:00:00,118,54,64
2016-07-07 10:00:00,100,51,49
2016-07-07 11:00:00,103,51,52
2016-07-07 12:00:00,223,108,115
2016-07-07 13:00:00,222,92,130
2016-07-07 14:00:00,101,57,44
2016-07-07 15:00:00,83,38,45
2016-07-07 16:00:00,108,49,59
2016-07-07 17:00:00,123,61,62
2016-07-07 18:00:00,156,83,73
2016-07-07 19:00:00,73,37,36
2016-07-07 20:00:00,106,55,51
2016-07-07 21:00:00,61,28,33
2016-07-07 22:00:00,47,15,32
2016-07-07 23:00:00,9,4,5
2016-07-08 00:00:00,6,3,3
2016-07-08 01:00:00,4,2,2
2016-07-08 02:00:00,2,0,2
2016-07-08 03:00:00,1,0,1
2016-07-08 04:00:00,2,1,1
2016-07-08 05:00:00,7,4,3
2016-07-08 06:00:00,38,23,15
2016-07-08 07:00:00,133,71,62
2016-07-08 08:00:00,137,51,86
2016-07-08 09:00:00,106,41,65
2016-07-08 10:00:00,91,45,46
2016-07-08 11:00:00,111,52,59
2016-07-08 12:00:00,210,107,103
2016-07-08 13:00:00,237,104,133
2016-07-08 14:00:00,171,78,93
2016-07-08 15:00:00,206,95,111
2016-07-08 16:00:00,219,101,118
2016-07-08 17:00:00,208,105,103
2016-07-08 18:00:00,253,134,119
2016-07-08 19:00:00,232,109,123
2016-07-08 20:00:00,170,85,85
2016-07-08 21:00:00,70,24,46
2016-07-08 22:00:00,60,28,32
2016-07-08 23:00:00,11,3,8
2016-07-09 00:00:00,2,0,2
2016-07-09 01:00:00,2,2,0
2016-07-09 02:00:00,2,1,1
2016-07-09 03:00:00,2,2,0
2016-07-09 04:00:00,0,0,0
2016-07-09 05:00:00,3,1,2
2016-07-09 06:00:00,29,18,11
2016-07-09 07:00:00,95,55,40
2016-07-09 08:00:00,150,86,64
2016-07-09 09:00:00,232,106,126
2016-07-09 10:00:00,221,104,117
2016-07-09 11:00:00,227,96,131
2016-07-09 12:00:00,207,99,108
2016-07-09 13:00:00,196,78,118
2016-07-09 14:00:00,203,102,101
2016-07-09 15:00:00,279,134,145
2016-07-09 16:00:00,245,116,129
2016-07-09 17:00:00,231,107,124
2016-07-09 18:00:00,245,105,140
2016-07-09 19:00:00,211,91,120
2016-07-09 20:00:00,157,73,84
2016-07-09 21:00:00,58,21,37
2016-07-09 22:00:00,56,19,37
2016-07-09 23:00:00,27,18,9
2016-07-10 00:00:00,11,6,5
2016-07-10 01:00:00,1,0,1
2016-07-10 02:00:00,5,3,2
2016-07-10 03:00:00,5,1,4
2016-07-10 04:00:00,3,1,2
2016-07-10 05:00:00,4,3,1
2016-07-10 06:00:00,18,11,7
2016-07-10 07:00:00,67,39,28
2016-07-10 08:00:00,106,50,56
2016-07-10 09:00:00,150,79,71
2016-07-10 10:00:00,180,89,91
2016-07-10 11:00:00,267,121,146
2016-07-10 12:00:00,236,94,142
2016-07-10 13:00:00,273,117,156
2016-07-10 14:00:00,267,141,126
2016-07-10 15:00:00,282,132,150
2016-07-10 16:00:00,327,155,172
2016-07-10 17:00:00,288,141,147
2016-07-10 18:00:00,295,136,159
2016-07-10 19:00:00,215,94,121
2016-07-10 20:00:00,217,99,118
2016-07-10 21:00:00,130,45,85
2016-07-10 22:00:00,68,28,40
2016-07-10 23:00:00,9,4,5
2016-07-11 00:00:00,5,3,2
2016-07-11 01:00:00,1,1,0
2016-07-11 02:00:00,2,1,1
2016-07-11 03:00:00,3,1,2
2016-07-11 04:00:00,0,0,0
2016-07-11 05:00:00,6,2,4
2016-07-11 06:00:00,68,45,23
2016-07-11 07:00:00,148,78,70
2016-07-11 08:00:00,128,45,83
2016-07-11 09:00:00,106,50,56
2016-07-11 10:00:00,99,53,46
2016-07-11 11:00:00,123,59,64
2016-07-11 12:00:00,235,132,103
2016-07-11 13:00:00,261,121,140
2016-07-11 14:00:00,175,79,96
2016-07-11 15:00:00,198,104,94
2016-07-11 16:00:00,166,82,84
2016-07-11 17:00:00,234,109,125
2016-07-11 18:00:00,303,170,133
2016-07-11 19:00:00,341,187,154
2016-07-11 20:00:00,339,139,200
2016-07-11 21:00:00,168,60,108
2016-07-11 22:00:00,66,22,44
2016-07-11 23:00:00,16,5,11
2016-07-12 00:00:00,10,4,6
2016-07-12 01:00:00,2,1,1
2016-07-12 02:00:00,2,0,2
2016-07-12 03:00:00,2,1,1
2016-07-12 04:00:00,2,2,0
2016-07-12 05:00:00,12,8,4
2016-07-12 06:00:00,118,67,51
2016-07-12 07:00:00,211,107,104
2016-07-12 08:00:00,184,94,90
2016-07-12 09:00:00,94,38,56
2016-07-12 10:00:00,131,63,68
2016-07-12 11:00:00,153,77,76
2016-07-12 12:00:00,315,166,149
2016-07-12 13:00:00,347,158,189
2016-07-12 14:00:00,230,106,124
2016-07-12 15:00:00,216,94,122
2016-07-12 16:00:00,193,89,104
2016-07-12 17:00:00,292,143,149
2016-07-12 18:00:00,294,162,132
2016-07-12 19:00:00,293,151,142
2016-07-12 20:00:00,320,165,155
2016-07-12 21:00:00,184,67,117
2016-07-12 22:00:00,84,28,56
2016-07-12 23:00:00,29,10,19
2016-07-13 00:00:00,6,3,3
2016-07-13 01:00:00,2,2,0
2016-07-13 02:00:00,1,0,1
2016-07-13 03:00:00,6,4,2
2016-07-13 04:00:00,6,3,3
2016-07-13 05:00:00,16,11,5
2016-07-13 06:00:00,109,62,47
2016-07-13 07:00:00,263,138,125
2016-07-13 08:00:00,211,101,110
2016-07-13 09:00:00,113,52,61
2016-07-13 10:00:00,113,49,64
2016-07-13 11:00:00,124,67,57
2016-07-13 12:00:00,323,180,143
2016-07-13 13:00:00,371,176,195
2016-07-13 14:00:00,231,119,112
2016-07-13 15:00:00,217,102,115
2016-07-13 16:00:00,234,107,127
2016-07-13 17:00:00,311,150,161
2016-07-13 18:00:00,358,187,171
2016-07-13 19:00:00,318,145,173
2016-07-13 20:00:00,349,163,186
2016-07-13 21:00:00,196,76,120
2016-07-13 22:00:00,121,41,80
2016-07-13 23:00:00,15,9,6
2016-07-14 00:00:00,9,3,6
2016-07-14 01:00:00,4,2,2
2016-07-14 02:00:00,2,1,1
2016-07-14 03:00:00,3,2,1
2016-07-14 04:00:00,1,1,0
2016-07-14 05:00:00,8,3,5
2016-07-14 06:00:00,84,50,34
2016-07-14 07:00:00,213,95,118
2016-07-14 08:00:00,198,107,91
2016-07-14 09:00:00,170,74,96
2016-07-14 10:00:00,136,64,72
2016-07-14 11:00:00,182,84,98
2016-07-14 12:00:00,281,144,137
2016-07-14 13:00:00,378,182,196
2016-07-14 14:00:00,245,129,116
2016-07-14 15:00:00,215,95,120
2016-07-14 16:00:00,246,104,142
2016-07-14 17:00:00,256,113,143
2016-07-14 18:00:00,277,137,140
2016-07-14 19:00:00,322,142,180
2016-07-14 20:00:00,324,178,146
2016-07-14 21:00:00,116,55,61
2016-07-14 22:00:00,30,9,21
2016-07-14 23:00:00,16,8,8
2016-07-15 00:00:00,10,3,7
2016-07-15 01:00:00,1,1,0
2016-07-15 02:00:00,5,2,3
2016-07-15 03:00:00,2,1,1
2016-07-15 04:00:00,0,0,0
2016-07-15 05:00:00,12,7,5
2016-07-15 06:00:00,70,45,25
2016-07-15 07:00:00,188,95,93
2016-07-15 08:00:00,155,63,92
2016-07-15 09:00:00,137,64,73
2016-07-15 10:00:00,150,67,83
2016-07-15 11:00:00,192,96,96
2016-07-15 12:00:00,212,110,102
2016-07-15 13:00:00,338,174,164
2016-07-15 14:00:00,224,89,135
2016-07-15 15:00:00,193,87,106
2016-07-15 16:00:00,184,97,87
2016-07-15 17:00:00,264,139,125
2016-07-15 18:00:00,267,124,143
2016-07-15 19:00:00,247,130,117
2016-07-15 20:00:00,241,124,117
2016-07-15 21:00:00,174,86,88
2016-07-15 22:00:00,132,40,92
2016-07-15 23:00:00,20,8,12
2016-07-16 00:00:00,5,1,4
2016-07-16 01:00:00,8,4,4
2016-07-16 02:00:00,6,4,2
2016-07-16 03:00:00,3,2,1
2016-07-16 04:00:00,5,1,4
2016-07-16 05:00:00,6,3,3
2016-07-16 06:00:00,38,19,19
2016-07-16 07:00:00,94,44,50
2016-07-16 08:00:00,131,63,68
2016-07-16 09:00:00,186,99,87
2016-07-16 10:00:00,232,124,108
2016-07-16 11:00:00,216,98,118
2016-07-16 12:00:00,234,96,138
2016-07-16 13:00:00,218,84,134
2016-07-16 14:00:00,166,88,78
2016-07-16 15:00:00,195,84,111
2016-07-16 16:00:00,230,102,128
2016-07-16 17:00:00,242,120,122
2016-07-16 18:00:00,250,103,147
2016-07-16 19:00:00,195,100,95
2016-07-16 20:00:00,172,85,87
2016-07-16 21:00:00,180,78,102
2016-07-16 22:00:00,108,32,76
2016-07-16 23:00:00,32,15,17
2016-07-17 00:00:00,22,7,15
2016-07-17 01:00:00,16,10,6
2016-07-17 02:00:00,5,3,2
2016-07-17 03:00:00,15,5,10
2016-07-17 04:00:00,3,1,2
2016-07-17 05:00:00,0,0,0
2016-07-17 06:00:00,34,20,14
2016-07-17 07:00:00,97,52,45
2016-07-17 08:00:00,130,68,62
2016-07-17 09:00:00,183,93,90
2016-07-17 10:00:00,298,151,147
2016-07-17 11:00:00,254,107,147
2016-07-17 12:00:00,308,151,157
2016-07-17 13:00:00,302,132,170
2016-07-17 14:00:00,319,177,142
2016-07-17 15:00:00,329,151,178
2016-07-17 16:00:00,310,143,167
2016-07-17 17:00:00,341,162,179
2016-07-17 18:00:00,278,124,154
2016-07-17 19:00:00,291,138,153
2016-07-17 20:00:00,297,140,157
2016-07-17 21:00:00,182,75,107
2016-07-17 22:00:00,85,33,52
2016-07-17 23:00:00,20,11,9
2016-07-18 00:00:00,8,3,5
2016-07-18 01:00:00,0,0,0
2016-07-18 02:00:00,5,1,4
2016-07-18 03:00:00,3,3,0
2016-07-18 04:00:00,2,1,1
2016-07-18 05:00:00,13,8,5
2016-07-18 06:00:00,77,48,29
2016-07-18 07:00:00,183,91,92
2016-07-18 08:00:00,158,63,95
2016-07-18 09:00:00,109,47,62
2016-07-18 10:00:00,127,61,66
2016-07-18 11:00:00,129,51,78
2016-07-18 12:00:00,239,137,102
2016-07-18 13:00:00,283,134,149
2016-07-18 14:00:00,179,91,88
2016-07-18 15:00:00,103,40,63
2016-07-18 16:00:00,97,56,41
2016-07-18 17:00:00,206,101,105
2016-07-18 18:00:00,243,146,97
2016-07-18 19:00:00,295,148,147
2016-07-18 20:00:00,321,168,153
2016-07-18 21:00:00,83,30,53
2016-07-18 22:00:00,7,2,5
2016-07-18 23:00:00,0,0,0
2016-07-19 00:00:00,2,2,0
2016-07-19 01:00:00,2,2,0
2016-07-19 02:00:00,3,2,1
2016-07-19 03:00:00,7,4,3
2016-07-19 04:00:00,10,6,4
2016-07-19 05:00:00,144,82,62
2016-07-19 06:00:00,231,117,114
2016-07-19 07:00:00,198,87,111
2016-07-19 08:00:00,142,60,82
2016-07-19 09:00:00,129,56,73
2016-07-19 10:00:00,143,78,65
2016-07-19 11:00:00,345,184,161
2016-07-19 12:00:00,322,156,166
2016-07-19 13:00:00,206,99,107
2016-07-19 14:00:00,181,78,103
2016-07-19 15:00:00,207,91,116
2016-07-19 16:00:00,261,133,128
2016-07-19 17:00:00,341,177,164
2016-07-19 18:00:00,366,202,164
2016-07-19 19:00:00,337,152,185
2016-07-19 20:00:00,0,0,0
2016-07-19 21:00:00,190,66,124
2016-07-19 22:00:00,89,31,58
2016-07-19 23:00:00,19,6,13
2016-07-20 00:00:00,5,3,2
2016-07-20 01:00:00,4,3,1
2016-07-20 02:00:00,2,1,1
2016-07-20 03:00:00,4,2,2
2016-07-20 04:00:00,5,4,1
2016-07-20 05:00:00,12,7,5
2016-07-20 06:00:00,147,88,59
2016-07-20 07:00:00,243,120,123
2016-07-20 08:00:00,215,91,124
2016-07-20 09:00:00,158,73,85
2016-07-20 10:00:00,141,68,73
2016-07-20 11:00:00,170,89,81
2016-07-20 12:00:00,300,160,140
2016-07-20 13:00:00,382,178,204
2016-07-20 14:00:00,226,104,122
2016-07-20 15:00:00,199,99,100
2016-07-20 16:00:00,188,90,98
2016-07-20 17:00:00,246,140,106
2016-07-20 18:00:00,321,188,133
2016-07-20 19:00:00,356,187,169
2016-07-20 20:00:00,335,148,187
2016-07-20 21:00:00,182,74,108
2016-07-20 22:00:00,81,35,46
2016-07-20 23:00:00,25,12,13
2016-07-21 00:00:00,14,7,7
2016-07-21 01:00:00,2,2,0
2016-07-21 02:00:00,1,0,1
2016-07-21 03:00:00,3,3,0
2016-07-21 04:00:00,4,0,4
2016-07-21 05:00:00,13,6,7
2016-07-21 06:00:00,149,93,56
2016-07-21 07:00:00,290,139,151
2016-07-21 08:00:00,236,96,140
2016-07-21 09:00:00,165,80,85
2016-07-21 10:00:00,173,94,79
2016-07-21 11:00:00,202,105,97
2016-07-21 12:00:00,292,151,141
2016-07-21 13:00:00,395,195,200
2016-07-21 14:00:00,262,117,145
2016-07-21 15:00:00,198,93,105
2016-07-21 16:00:00,241,118,123
2016-07-21 17:00:00,233,131,102
2016-07-21 18:00:00,291,143,148
2016-07-21 19:00:00,308,169,139
2016-07-21 20:00:00,320,139,181
2016-07-21 21:00:00,72,26,46
2016-07-21 22:00:00,24,12,12
2016-07-21 23:00:00,5,3,2
2016-07-22 00:00:00,3,1,2
2016-07-22 01:00:00,2,1,1
2016-07-22 02:00:00,3,1,2
2016-07-22 03:00:00,3,2,1
2016-07-22 04:00:00,11,7,4
2016-07-22 05:00:00,37,25,12
2016-07-22 06:00:00,78,37,41
2016-07-22 07:00:00,46,20,26
2016-07-22 08:00:00,45,20,25
2016-07-22 09:00:00,69,38,31
2016-07-22 10:00:00,102,47,55
2016-07-22 11:00:00,142,76,66
2016-07-22 12:00:00,211,104,107
2016-07-22 13:00:00,141,62,79
2016-07-22 14:00:00,142,60,82
2016-07-22 15:00:00,134,66,68
2016-07-22 16:00:00,223,109,114
2016-07-22 17:00:00,238,112,126
2016-07-22 18:00:00,169,67,102
2016-07-22 19:00:00,149,62,87
2016-07-22 20:00:00,66,27,39
2016-07-22 21:00:00,42,19,23
2016-07-22 22:00:00,15,4,11
2016-07-22 23:00:00,6,3,3
2016-07-23 00:00:00,7,3,4
2016-07-23 01:00:00,4,3,1
2016-07-23 02:00:00,1,1,0
2016-07-23 03:00:00,0,0,0
2016-07-23 04:00:00,7,5,2
2016-07-23 05:00:00,35,21,14
2016-07-23 06:00:00,80,35,45
2016-07-23 07:00:00,171,96,75
2016-07-23 08:00:00,169,79,90
2016-07-23 09:00:00,223,108,115
2016-07-23 10:00:00,258,123,135
2016-07-23 11:00:00,258,110,148
2016-07-23 12:00:00,262,122,140
2016-07-23 13:00:00,303,134,169
2016-07-23 14:00:00,355,180,175
2016-07-23 15:00:00,335,132,203
2016-07-23 16:00:00,324,173,151
2016-07-23 17:00:00,315,142,173
2016-07-23 18:00:00,284,156,128
2016-07-23 19:00:00,249,107,142
2016-07-23 20:00:00,0,0,0
2016-07-23 21:00:00,164,59,105
2016-07-23 22:00:00,73,24,49
2016-07-23 23:00:00,23,11,12
2016-07-24 00:00:00,15,10,5
2016-07-24 01:00:00,8,2,6
2016-07-24 02:00:00,13,10,3
2016-07-24 03:00:00,3,2,1
2016-07-24 04:00:00,1,0,1
2016-07-24 05:00:00,5,3,2
2016-07-24 06:00:00,40,25,15
2016-07-24 07:00:00,89,47,42
2016-07-24 08:00:00,174,92,82
2016-07-24 09:00:00,220,107,113
2016-07-24 10:00:00,322,153,169
2016-07-24 11:00:00,323,160,163
2016-07-24 12:00:00,316,146,170
2016-07-24 13:00:00,271,111,160
2016-07-24 14:00:00,326,153,173
2016-07-24 15:00:00,362,181,181
2016-07-24 16:00:00,366,175,191
2016-07-24 17:00:00,331,159,172
2016-07-24 18:00:00,315,160,155
2016-07-24 19:00:00,315,159,156
2016-07-24 20:00:00,272,119,153
2016-07-24 21:00:00,78,29,49
2016-07-24 22:00:00,25,11,14
2016-07-24 23:00:00,4,2,2
2016-07-25 00:00:00,3,2,1
2016-07-25 01:00:00,1,1,0
2016-07-25 02:00:00,4,3,1
2016-07-25 03:00:00,1,0,1
2016-07-25 04:00:00,10,8,2
2016-07-25 05:00:00,121,75,46
2016-07-25 06:00:00,199,88,111
2016-07-25 07:00:00,139,61,78
2016-07-25 08:00:00,200,92,108
2016-07-25 09:00:00,134,63,71
2016-07-25 10:00:00,158,69,89
2016-07-25 11:00:00,319,156,163
2016-07-25 12:00:00,309,141,168
2016-07-25 13:00:00,218,96,122
2016-07-25 14:00:00,198,89,109
2016-07-25 15:00:00,239,134,105
2016-07-25 16:00:00,235,140,95
2016-07-25 17:00:00,321,201,120
2016-07-25 18:00:00,393,195,198
2016-07-25 19:00:00,344,166,178
2016-07-25 20:00:00,223,81,142
2016-07-25 21:00:00,84,26,58
2016-07-25 22:00:00,11,4,7
2016-07-25 23:00:00,2,2,0
2016-07-26 00:00:00,5,2,3
2016-07-26 01:00:00,0,0,0
2016-07-26 02:00:00,2,1,1
2016-07-26 03:00:00,5,4,1
2016-07-26 04:00:00,14,8,6
2016-07-26 05:00:00,168,104,64
2016-07-26 06:00:00,252,100,152
2016-07-26 07:00:00,153,69,84
2016-07-26 08:00:00,105,46,59
2016-07-26 09:00:00,142,65,77
2016-07-26 10:00:00,112,55,57
2016-07-26 11:00:00,298,166,132
2016-07-26 12:00:00,326,160,166
2016-07-26 13:00:00,221,89,132
2016-07-26 14:00:00,231,101,130
2016-07-26 15:00:00,220,109,111
2016-07-26 16:00:00,269,137,132
2016-07-26 17:00:00,343,184,159
2016-07-26 18:00:00,339,184,155
2016-07-26 19:00:00,300,158,142
2016-07-26 20:00:00,189,70,119
2016-07-26 21:00:00,87,22,65
2016-07-26 22:00:00,27,11,16
2016-07-26 23:00:00,6,3,3
2016-07-27 00:00:00,6,4,2
2016-07-27 01:00:00,1,1,0
2016-07-27 02:00:00,4,2,2
2016-07-27 03:00:00,3,3,0
2016-07-27 04:00:00,11,3,8
2016-07-27 05:00:00,108,71,37
2016-07-27 06:00:00,231,115,116
2016-07-27 07:00:00,201,89,112
2016-07-27 08:00:00,185,90,95
2016-07-27 09:00:00,158,82,76
2016-07-27 10:00:00,169,84,85
2016-07-27 11:00:00,321,173,148
2016-07-27 12:00:00,317,157,160
2016-07-27 13:00:00,215,111,104
2016-07-27 14:00:00,220,104,116
2016-07-27 15:00:00,210,113,97
2016-07-27 16:00:00,238,129,109
2016-07-27 17:00:00,263,168,95
2016-07-27 18:00:00,323,163,160
2016-07-27 19:00:00,328,162,166
2016-07-27 20:00:00,177,74,103
2016-07-27 21:00:00,87,33,54
2016-07-27 22:00:00,15,7,8
2016-07-27 23:00:00,5,3,2
2016-07-28 00:00:00,2,1,1
2016-07-28 01:00:00,1,0,1
2016-07-28 02:00:00,4,2,2
2016-07-28 03:00:00,2,1,1
2016-07-28 04:00:00,4,2,2
2016-07-28 05:00:00,114,76,38
2016-07-28 06:00:00,271,133,138
2016-07-28 07:00:00,190,79,111
2016-07-28 08:00:00,176,83,93
2016-07-28 09:00:00,156,72,84
2016-07-28 10:00:00,163,82,81
2016-07-28 11:00:00,307,159,148
2016-07-28 12:00:00,375,181,194
2016-07-28 13:00:00,183,91,92
2016-07-28 14:00:00,179,77,102
2016-07-28 15:00:00,174,91,83
2016-07-28 16:00:00,204,107,97
2016-07-28 17:00:00,273,162,111
2016-07-28 18:00:00,304,156,148
2016-07-28 19:00:00,345,176,169
2016-07-28 20:00:00,228,106,122
2016-07-28 21:00:00,120,40,80
2016-07-28 22:00:00,25,13,12
2016-07-28 23:00:00,17,6,11
2016-07-29 00:00:00,7,4,3
2016-07-29 01:00:00,2,2,0
2016-07-29 02:00:00,1,1,0
2016-07-29 03:00:00,1,0,1
2016-07-29 04:00:00,5,3,2
2016-07-29 05:00:00,78,48,30
2016-07-29 06:00:00,185,99,86
2016-07-29 07:00:00,188,86,102
2016-07-29 08:00:00,178,85,93
2016-07-29 09:00:00,184,98,86
2016-07-29 10:00:00,197,90,107
2016-07-29 11:00:00,251,138,113
2016-07-29 12:00:00,279,125,154
2016-07-29 13:00:00,205,96,109
2016-07-29 14:00:00,139,66,73
2016-07-29 15:00:00,184,96,88
2016-07-29 16:00:00,237,120,117
2016-07-29 17:00:00,234,130,104
2016-07-29 18:00:00,240,108,132
2016-07-29 19:00:00,222,112,110
2016-07-29 20:00:00,190,63,127
2016-07-29 21:00:00,72,28,44
2016-07-29 22:00:00,50,27,23
2016-07-29 23:00:00,23,11,12
2016-07-30 00:00:00,4,2,2
2016-07-30 01:00:00,0,0,0
2016-07-30 02:00:00,1,0,1
2016-07-30 03:00:00,1,0,1
2016-07-30 04:00:00,1,1,0
2016-07-30 05:00:00,37,24,13
2016-07-30 06:00:00,113,62,51
2016-07-30 07:00:00,174,87,87
2016-07-30 08:00:00,257,131,126
2016-07-30 09:00:00,280,137,143
2016-07-30 10:00:00,196,87,109
2016-07-30 11:00:00,217,91,126
2016-07-30 12:00:00,201,102,99
2016-07-30 13:00:00,201,79,122
2016-07-30 14:00:00,249,123,126
2016-07-30 15:00:00,237,103,134
2016-07-30 16:00:00,245,108,137
2016-07-30 17:00:00,192,85,107
2016-07-30 18:00:00,200,92,108
2016-07-30 19:00:00,199,88,111
2016-07-30 20:00:00,116,47,69
2016-07-30 21:00:00,52,21,31
2016-07-30 22:00:00,13,7,6
2016-07-30 23:00:00,7,3,4
2016-07-31 00:00:00,4,3,1
2016-07-31 01:00:00,0,0,0
2016-07-31 02:00:00,3,2,1
2016-07-31 03:00:00,1,0,1
2016-07-31 04:00:00,2,2,0
2016-07-31 05:00:00,22,13,9
2016-07-31 06:00:00,65,35,30
2016-07-31 07:00:00,130,68,62
2016-07-31 08:00:00,180,98,82
2016-07-31 09:00:00,194,98,96
2016-07-31 10:00:00,229,93,136
2016-07-31 11:00:00,236,111,125
2016-07-31 12:00:00,199,86,113
2016-07-31 13:00:00,259,130,129
2016-07-31 14:00:00,268,127,141
2016-07-31 15:00:00,305,141,164
2016-07-31 16:00:00,327,147,180
2016-07-31 17:00:00,260,124,136
2016-07-31 18:00:00,276,127,149
2016-07-31 19:00:00,261,129,132
2016-07-31 20:00:00,140,48,92
2016-07-31 21:00:00,49,15,34
2016-07-31 22:00:00,13,7,6
2016-07-31 23:00:00,9,3,6
2016-08-01 00:00:00,0,0,0
2016-08-01 01:00:00,0,0,0
2016-08-01 02:00:00,6,3,3
2016-08-01 03:00:00,0,0,0
2016-08-01 04:00:00,8,5,3
2016-08-01 05:00:00,55,34,21
2016-08-01 06:00:00,171,81,90
2016-08-01 07:00:00,152,61,91
2016-08-01 08:00:00,119,52,67
2016-08-01 09:00:00,111,58,53
2016-08-01 10:00:00,123,60,63
2016-08-01 11:00:00,277,153,124
2016-08-01 12:00:00,345,156,189
2016-08-01 13:00:00,224,96,128
2016-08-01 14:00:00,210,104,106
2016-08-01 15:00:00,228,112,116
2016-08-01 16:00:00,261,119,142
2016-08-01 17:00:00,307,177,130
2016-08-01 18:00:00,319,169,150
2016-08-01 19:00:00,319,166,153
2016-08-01 20:00:00,196,77,119
2016-08-01 21:00:00,62,21,41
2016-08-01 22:00:00,17,11,6
2016-08-01 23:00:00,3,0,3
2016-08-02 00:00:00,6,6,0
2016-08-02 01:00:00,1,0,1
2016-08-02 02:00:00,5,1,4
2016-08-02 03:00:00,2,2,0
2016-08-02 04:00:00,10,5,5
2016-08-02 05:00:00,89,55,34
2016-08-02 06:00:00,207,100,107
2016-08-02 07:00:00,152,65,87
2016-08-02 08:00:00,102,49,53
2016-08-02 09:00:00,85,39,46
2016-08-02 10:00:00,102,53,49
2016-08-02 11:00:00,245,139,106
2016-08-02 12:00:00,329,154,175
2016-08-02 13:00:00,135,61,74
2016-08-02 14:00:00,205,102,103
2016-08-02 15:00:00,213,100,113
2016-08-02 16:00:00,232,122,110
2016-08-02 17:00:00,272,126,146
2016-08-02 18:00:00,260,126,134
2016-08-02 19:00:00,241,114,127
2016-08-02 20:00:00,128,61,67
2016-08-02 21:00:00,195,165,30
2016-08-02 22:00:00,247,155,92
2016-08-02 23:00:00,75,54,21
2016-08-03 00:00:00,246,194,52
2016-08-03 01:00:00,295,191,104
2016-08-03 02:00:00,55,38,17
2016-08-03 03:00:00,207,156,51
2016-08-03 04:00:00,240,168,72
2016-08-03 05:00:00,314,143,171
2016-08-03 06:00:00,310,210,100
2016-08-03 07:00:00,495,254,241
2016-08-03 08:00:00,686,393,293
2016-08-03 09:00:00,289,138,151
2016-08-03 10:00:00,391,229,162
2016-08-03 11:00:00,207,112,95
2016-08-03 12:00:00,285,160,125
2016-08-03 13:00:00,261,98,163
2016-08-03 14:00:00,429,221,208
2016-08-03 15:00:00,610,386,224
2016-08-03 16:00:00,688,542,146
2016-08-03 17:00:00,601,331,270
2016-08-03 18:00:00,339,181,158
2016-08-03 19:00:00,376,242,134
2016-08-03 20:00:00,134,48,86
2016-08-03 21:00:00,208,151,57
2016-08-03 22:00:00,175,103,72
2016-08-03 23:00:00,175,99,76
2016-08-04 00:00:00,330,191,139
2016-08-04 01:00:00,191,152,39
2016-08-04 02:00:00,269,163,106
2016-08-04 03:00:00,147,119,28
2016-08-04 04:00:00,114,47,67
2016-08-04 05:00:00,84,15,69
2016-08-04 06:00:00,89,73,16
2016-08-04 07:00:00,84,60,24
2016-08-04 08:00:00,18,9,9
2016-08-04 09:00:00,63,28,35
2016-08-04 10:00:00,30,22,8
2016-08-04 11:00:00,6,4,2
2016-08-04 12:00:00,19,5,14
2016-08-04 13:00:00,42,32,10
2016-08-04 14:00:00,14,7,7
2016-08-04 15:00:00,60,45,15
2016-08-04 16:00:00,62,16,46
2016-08-04 17:00:00,24,12,12
2016-08-04 18:00:00,167,99,68
2016-08-04 19:00:00,144,98,46
2016-08-04 20:00:00,67,29,38
2016-08-04 21:00:00,52,13,39
2016-08-04 22:00:00,18,9,9
2016-08-04 23:00:00,14,7,7
2016-08-05 00:00:00,95,35,60
2016-08-05 01:00:00,10,5,5
2016-08-05 02:00:00,10,5,5
2016-08-05 03:00:00,16,13,3
2016-08-05 04:00:00,69,30,39
2016-08-05 05:00:00,36,16,20
2016-08-05 06:00:00,26,23,3
2016-08-05 07:00:00,2,1,1
2016-08-05 08:00:00,2,1,1
2016-08-05 09:00:00,2,1,1
2016-08-05 10:00:00,49,23,26
2016-08-05 11:00:00,309,163,146
2016-08-05 12:00:00,288,142,146
2016-08-05 13:00:00,221,93,128
2016-08-05 14:00:00,210,101,109
2016-08-05 15:00:00,211,87,124
2016-08-05 16:00:00,203,103,100
2016-08-05 17:00:00,251,138,113
2016-08-05 18:00:00,242,118,124
2016-08-05 19:00:00,245,125,120
2016-08-05 20:00:00,101,40,61
2016-08-05 21:00:00,51,17,34
2016-08-05 22:00:00,16,10,6
2016-08-05 23:00:00,10,7,3
2016-08-06 00:00:00,6,0,6
2016-08-06 01:00:00,3,0,3
2016-08-06 02:00:00,1,1,0
2016-08-06 03:00:00,0,0,0
2016-08-06 04:00:00,2,2,0
2016-08-06 05:00:00,16,8,8
2016-08-06 06:00:00,87,54,33
2016-08-06 07:00:00,149,78,71
2016-08-06 08:00:00,186,97,89
2016-08-06 09:00:00,241,112,129
2016-08-06 10:00:00,234,89,145
2016-08-06 11:00:00,206,91,115
2016-08-06 12:00:00,203,97,106
2016-08-06 13:00:00,222,97,125
2016-08-06 14:00:00,282,141,141
2016-08-06 15:00:00,242,99,143
2016-08-06 16:00:00,243,120,123
2016-08-06 17:00:00,207,94,113
2016-08-06 18:00:00,241,120,121
2016-08-06 19:00:00,229,122,107
2016-08-06 20:00:00,100,23,77
2016-08-06 21:00:00,35,15,20
2016-08-06 22:00:00,10,5,5
2016-08-06 23:00:00,14,13,1
2016-08-07 00:00:00,5,2,3
2016-08-07 01:00:00,7,5,2
2016-08-07 02:00:00,10,4,6
2016-08-07 03:00:00,0,0,0
2016-08-07 04:00:00,6,2,4
2016-08-07 05:00:00,19,16,3
2016-08-07 06:00:00,77,39,38
2016-08-07 07:00:00,130,68,62
2016-08-07 08:00:00,160,87,73
2016-08-07 09:00:00,200,94,106
2016-08-07 10:00:00,228,116,112
2016-08-07 11:00:00,217,98,119
2016-08-07 12:00:00,164,76,88
2016-08-07 13:00:00,256,125,131
2016-08-07 14:00:00,366,190,176
2016-08-07 15:00:00,402,227,175
2016-08-07 16:00:00,386,194,192
2016-08-07 17:00:00,378,175,203
2016-08-07 18:00:00,282,149,133
2016-08-07 19:00:00,229,93,136
2016-08-07 20:00:00,56,13,43
2016-08-07 21:00:00,43,13,30
2016-08-07 22:00:00,6,1,5
2016-08-07 23:00:00,2,2,0
2016-08-08 00:00:00,1,1,0
2016-08-08 01:00:00,4,2,2
2016-08-08 02:00:00,2,2,0
2016-08-08 03:00:00,1,1,0
2016-08-08 04:00:00,14,8,6
2016-08-08 05:00:00,35,23,12
2016-08-08 06:00:00,131,68,63
2016-08-08 07:00:00,133,61,72
2016-08-08 08:00:00,127,66,61
2016-08-08 09:00:00,119,52,67
2016-08-08 10:00:00,121,62,59
2016-08-08 11:00:00,262,148,114
2016-08-08 12:00:00,313,136,177
2016-08-08 13:00:00,170,79,91
2016-08-08 14:00:00,200,79,121
2016-08-08 15:00:00,211,118,93
2016-08-08 16:00:00,235,125,110
2016-08-08 17:00:00,313,170,143
2016-08-08 18:00:00,293,153,140
2016-08-08 19:00:00,261,122,139
2016-08-08 20:00:00,88,27,61
2016-08-08 21:00:00,30,12,18
2016-08-08 22:00:00,8,4,4
2016-08-08 23:00:00,3,0,3
2016-08-09 00:00:00,2,2,0
2016-08-09 01:00:00,0,0,0
2016-08-09 02:00:00,0,0,0
2016-08-09 03:00:00,3,2,1
2016-08-09 04:00:00,9,5,4
2016-08-09 05:00:00,108,64,44
2016-08-09 06:00:00,226,118,108
2016-08-09 07:00:00,165,70,95
2016-08-09 08:00:00,123,61,62
2016-08-09 09:00:00,110,50,60
2016-08-09 10:00:00,132,65,67
2016-08-09 11:00:00,261,136,125
2016-08-09 12:00:00,268,116,152
2016-08-09 13:00:00,121,55,66
2016-08-09 14:00:00,146,83,63
2016-08-09 15:00:00,197,80,117
2016-08-09 16:00:00,229,120,109
2016-08-09 17:00:00,239,136,103
2016-08-09 18:00:00,284,136,148
2016-08-09 19:00:00,231,123,108
2016-08-09 20:00:00,79,32,47
2016-08-09 21:00:00,29,14,15
2016-08-09 22:00:00,14,4,10
2016-08-09 23:00:00,5,3,2
2016-08-10 00:00:00,17,9,8
2016-08-10 01:00:00,5,2,3
2016-08-10 02:00:00,1,0,1
2016-08-10 03:00:00,2,2,0
2016-08-10 04:00:00,6,3,3
2016-08-10 05:00:00,89,55,34
2016-08-10 06:00:00,190,93,97
2016-08-10 07:00:00,147,51,96
2016-08-10 08:00:00,154,73,81
2016-08-10 09:00:00,131,58,73
2016-08-10 10:00:00,162,81,81
2016-08-10 11:00:00,257,124,133
2016-08-10 12:00:00,320,137,183
2016-08-10 13:00:00,253,131,122
2016-08-10 14:00:00,223,115,108
2016-08-10 15:00:00,185,89,96
2016-08-10 16:00:00,248,130,118
2016-08-10 17:00:00,317,173,144
2016-08-10 18:00:00,306,146,160
2016-08-10 19:00:00,296,151,145
2016-08-10 20:00:00,122,51,71
2016-08-10 21:00:00,48,21,27
2016-08-10 22:00:00,23,10,13
2016-08-10 23:00:00,3,2,1
2016-08-11 00:00:00,3,1,2
2016-08-11 01:00:00,1,0,1
2016-08-11 02:00:00,5,1,4
2016-08-11 03:00:00,1,1,0
2016-08-11 04:00:00,7,2,5
2016-08-11 05:00:00,69,43,26
2016-08-11 06:00:00,225,117,108
2016-08-11 07:00:00,158,61,97
2016-08-11 08:00:00,156,75,81
2016-08-11 09:00:00,165,68,97
2016-08-11 10:00:00,166,76,90
2016-08-11 11:00:00,362,205,157
2016-08-11 12:00:00,366,159,207
2016-08-11 13:00:00,232,119,113
2016-08-11 14:00:00,192,91,101
2016-08-11 15:00:00,236,108,128
2016-08-11 16:00:00,241,119,122
2016-08-11 17:00:00,420,156,264
2016-08-11 18:00:00,415,235,180
2016-08-11 19:00:00,434,272,162
2016-08-11 20:00:00,178,59,119
2016-08-11 21:00:00,47,26,21
2016-08-11 22:00:00,19,10,9
2016-08-11 23:00:00,16,8,8
2016-08-12 00:00:00,14,10,4
2016-08-12 01:00:00,4,2,2
2016-08-12 02:00:00,1,0,1
2016-08-12 03:00:00,1,0,1
2016-08-12 04:00:00,1,1,0
2016-08-12 05:00:00,53,30,23
2016-08-12 06:00:00,162,89,73
2016-08-12 07:00:00,174,80,94
2016-08-12 08:00:00,214,114,100
2016-08-12 09:00:00,186,83,103
2016-08-12 10:00:00,205,99,106
2016-08-12 11:00:00,260,137,123
2016-08-12 12:00:00,337,150,187
2016-08-12 13:00:00,215,100,115
2016-08-12 14:00:00,184,78,106
2016-08-12 15:00:00,159,67,92
2016-08-12 16:00:00,203,115,88
2016-08-12 17:00:00,199,95,104
2016-08-12 18:00:00,175,89,86
2016-08-12 19:00:00,221,97,124
2016-08-12 20:00:00,128,55,73
2016-08-12 21:00:00,39,13,26
2016-08-12 22:00:00,42,26,16
2016-08-12 23:00:00,9,6,3
2016-08-13 00:00:00,11,6,5
2016-08-13 01:00:00,7,6,1
2016-08-13 02:00:00,3,0,3
2016-08-13 03:00:00,1,1,0
2016-08-13 04:00:00,6,1,5
2016-08-13 05:00:00,30,19,11
2016-08-13 06:00:00,109,58,51
2016-08-13 07:00:00,198,108,90
2016-08-13 08:00:00,277,135,142
2016-08-13 09:00:00,269,125,144
2016-08-13 10:00:00,380,201,179
2016-08-13 11:00:00,257,112,145
2016-08-13 12:00:00,242,110,132
2016-08-13 13:00:00,171,76,95
2016-08-13 14:00:00,221,108,113
2016-08-13 15:00:00,189,68,121
2016-08-13 16:00:00,194,84,110
2016-08-13 17:00:00,181,77,104
2016-08-13 18:00:00,187,81,106
2016-08-13 19:00:00,177,76,101
2016-08-13 20:00:00,132,47,85
2016-08-13 21:00:00,56,21,35
2016-08-13 22:00:00,22,9,13
2016-08-13 23:00:00,10,7,3
2016-08-14 00:00:00,11,7,4
2016-08-14 01:00:00,3,1,2
2016-08-14 02:00:00,4,2,2
2016-08-14 03:00:00,0,0,0
2016-08-14 04:00:00,3,2,1
2016-08-14 05:00:00,18,12,6
2016-08-14 06:00:00,89,47,42
2016-08-14 07:00:00,140,78,62
2016-08-14 08:00:00,228,116,112
2016-08-14 09:00:00,300,136,164
2016-08-14 10:00:00,296,118,178
2016-08-14 11:00:00,291,129,162
2016-08-14 12:00:00,297,127,170
2016-08-14 13:00:00,277,133,144
2016-08-14 14:00:00,301,148,153
2016-08-14 15:00:00,310,148,162
2016-08-14 16:00:00,242,112,130
2016-08-14 17:00:00,250,113,137
2016-08-14 18:00:00,235,115,120
2016-08-14 19:00:00,267,111,156
2016-08-14 20:00:00,108,40,68
2016-08-14 21:00:00,35,14,21
2016-08-14 22:00:00,12,5,7
2016-08-14 23:00:00,6,4,2
2016-08-15 00:00:00,2,1,1
2016-08-15 01:00:00,0,0,0
2016-08-15 02:00:00,5,2,3
2016-08-15 03:00:00,0,0,0
2016-08-15 04:00:00,7,4,3
2016-08-15 05:00:00,73,48,25
2016-08-15 06:00:00,177,94,83
2016-08-15 07:00:00,183,79,104
2016-08-15 08:00:00,169,79,90
2016-08-15 09:00:00,163,83,80
2016-08-15 10:00:00,219,121,98
2016-08-15 11:00:00,351,177,174
2016-08-15 12:00:00,355,162,193
2016-08-15 13:00:00,222,102,120
2016-08-15 14:00:00,167,74,93
2016-08-15 15:00:00,228,107,121
2016-08-15 16:00:00,255,138,117
2016-08-15 17:00:00,331,193,138
2016-08-15 18:00:00,371,189,182
2016-08-15 19:00:00,371,185,186
2016-08-15 20:00:00,159,56,103
2016-08-15 21:00:00,48,17,31
2016-08-15 22:00:00,6,3,3
2016-08-15 23:00:00,10,3,7
2016-08-16 00:00:00,2,2,0
2016-08-16 01:00:00,1,0,1
2016-08-16 02:00:00,4,2,2
2016-08-16 03:00:00,2,2,0
2016-08-16 04:00:00,11,3,8
2016-08-16 05:00:00,98,67,31
2016-08-16 06:00:00,256,121,135
2016-08-16 07:00:00,194,82,112
2016-08-16 08:00:00,117,45,72
2016-08-16 09:00:00,128,61,67
2016-08-16 10:00:00,170,79,91
2016-08-16 11:00:00,273,151,122
2016-08-16 12:00:00,371,177,194
2016-08-16 13:00:00,237,125,112
2016-08-16 14:00:00,235,97,138
2016-08-16 15:00:00,210,93,117
2016-08-16 16:00:00,239,130,109
2016-08-16 17:00:00,347,187,160
2016-08-16 18:00:00,328,179,149
2016-08-16 19:00:00,384,194,190
2016-08-16 20:00:00,144,59,85
2016-08-16 21:00:00,46,20,26
2016-08-16 22:00:00,26,9,17
2016-08-16 23:00:00,8,6,2
2016-08-17 00:00:00,7,3,4
2016-08-17 01:00:00,2,1,1
2016-08-17 02:00:00,10,1,9
2016-08-17 03:00:00,2,2,0
2016-08-17 04:00:00,10,5,5
2016-08-17 05:00:00,94,60,34
2016-08-17 06:00:00,214,109,105
2016-08-17 07:00:00,195,80,115
2016-08-17 08:00:00,160,72,88
2016-08-17 09:00:00,231,93,138
2016-08-17 10:00:00,189,92,97
2016-08-17 11:00:00,287,150,137
2016-08-17 12:00:00,314,139,175
2016-08-17 13:00:00,239,108,131
2016-08-17 14:00:00,201,107,94
2016-08-17 15:00:00,221,93,128
2016-08-17 16:00:00,228,104,124
2016-08-17 17:00:00,306,160,146
2016-08-17 18:00:00,234,130,104
2016-08-17 19:00:00,357,180,177
2016-08-17 20:00:00,151,51,100
2016-08-17 21:00:00,45,17,28
2016-08-17 22:00:00,22,14,8
2016-08-17 23:00:00,17,7,10
2016-08-18 00:00:00,11,4,7
2016-08-18 01:00:00,16,11,5
2016-08-18 02:00:00,3,2,1
2016-08-18 03:00:00,2,2,0
2016-08-18 04:00:00,2,1,1
2016-08-18 05:00:00,64,39,25
2016-08-18 06:00:00,240,132,108
2016-08-18 07:00:00,194,87,107
2016-08-18 08:00:00,181,100,81
2016-08-18 09:00:00,157,68,89
2016-08-18 10:00:00,180,72,108
2016-08-18 11:00:00,294,147,147
2016-08-18 12:00:00,394,168,226
2016-08-18 13:00:00,190,69,121
2016-08-18 14:00:00,200,101,99
2016-08-18 15:00:00,181,78,103
2016-08-18 16:00:00,215,108,107
2016-08-18 17:00:00,274,112,162
2016-08-18 18:00:00,240,102,138
2016-08-18 19:00:00,344,191,153
2016-08-18 20:00:00,132,50,82
2016-08-18 21:00:00,69,18,51
2016-08-18 22:00:00,20,7,13
2016-08-18 23:00:00,12,5,7
2016-08-19 00:00:00,13,7,6
2016-08-19 01:00:00,4,0,4
2016-08-19 02:00:00,3,2,1
2016-08-19 03:00:00,2,1,1
2016-08-19 04:00:00,7,4,3
2016-08-19 05:00:00,68,45,23
2016-08-19 06:00:00,232,112,120
2016-08-19 07:00:00,267,139,128
2016-08-19 08:00:00,262,140,122
2016-08-19 09:00:00,326,181,145
2016-08-19 10:00:00,391,232,159
2016-08-19 11:00:00,612,467,145
2016-08-19 12:00:00,784,598,186
2016-08-19 13:00:00,869,598,271
2016-08-19 14:00:00,1254,897,357
2016-08-19 15:00:00,1316,838,478
2016-08-19 16:00:00,1242,749,493
2016-08-19 17:00:00,1236,712,524
2016-08-19 18:00:00,1265,657,608
2016-08-19 19:00:00,1095,158,937
2016-08-19 20:00:00,177,53,124
2016-08-19 21:00:00,130,28,102
2016-08-19 22:00:00,84,17,67
2016-08-19 23:00:00,55,12,43
2016-08-20 00:00:00,13,5,8
2016-08-20 01:00:00,14,2,12
2016-08-20 02:00:00,22,15,7
2016-08-20 03:00:00,4,4,0
2016-08-20 04:00:00,3,1,2
2016-08-20 05:00:00,3,1,2
2016-08-20 06:00:00,61,37,24
2016-08-20 07:00:00,194,102,92
2016-08-20 08:00:00,289,174,115
2016-08-20 09:00:00,469,382,87
2016-08-20 10:00:00,658,545,113
2016-08-20 11:00:00,967,795,172
2016-08-20 12:00:00,1347,1057,290
2016-08-20 13:00:00,1682,1183,499
2016-08-20 14:00:00,1865,1369,496
2016-08-20 15:00:00,1789,1232,557
2016-08-20 16:00:00,1915,1087,828
2016-08-20 17:00:00,1769,1019,750
2016-08-20 18:00:00,1614,768,846
2016-08-20 19:00:00,1506,196,1310
2016-08-20 20:00:00,125,22,103
2016-08-20 21:00:00,70,10,60
2016-08-20 22:00:00,11,6,5
2016-08-20 23:00:00,3,3,0
2016-08-21 00:00:00,5,3,2
2016-08-21 01:00:00,3,3,0
2016-08-21 02:00:00,3,1,2
2016-08-21 03:00:00,14,2,12
2016-08-21 04:00:00,3,1,2
2016-08-21 05:00:00,3,1,2
2016-08-21 06:00:00,13,4,9
2016-08-21 07:00:00,66,30,36
2016-08-21 08:00:00,125,74,51
2016-08-21 09:00:00,336,284,52
2016-08-21 10:00:00,591,475,116
2016-08-21 11:00:00,816,649,167
2016-08-21 12:00:00,1233,1001,232
2016-08-21 13:00:00,1603,1118,485
2016-08-21 14:00:00,2142,1430,712
2016-08-21 15:00:00,2163,1471,692
2016-08-21 16:00:00,2297,1231,1066
2016-08-21 17:00:00,2202,1032,1170
2016-08-21 18:00:00,1935,776,1159
2016-08-21 19:00:00,1621,186,1435
2016-08-21 20:00:00,94,13,81
2016-08-21 21:00:00,108,8,100
2016-08-21 22:00:00,53,6,47
2016-08-21 23:00:00,35,5,30
2016-08-22 00:00:00,17,4,13
2016-08-22 01:00:00,6,4,2
2016-08-22 02:00:00,7,0,7
2016-08-22 03:00:00,4,2,2
2016-08-22 04:00:00,11,6,5
2016-08-22 05:00:00,57,27,30
2016-08-22 06:00:00,179,96,83
2016-08-22 07:00:00,164,77,87
2016-08-22 08:00:00,144,66,78
2016-08-22 09:00:00,103,48,55
2016-08-22 10:00:00,167,70,97
2016-08-22 11:00:00,282,164,118
2016-08-22 12:00:00,325,147,178
2016-08-22 13:00:00,198,98,100
2016-08-22 14:00:00,185,93,92
2016-08-22 15:00:00,195,81,114
2016-08-22 16:00:00,240,127,113
2016-08-22 17:00:00,307,182,125
2016-08-22 18:00:00,307,159,148
2016-08-22 19:00:00,308,143,165
2016-08-22 20:00:00,62,25,37
2016-08-22 21:00:00,27,13,14
2016-08-22 22:00:00,9,6,3
2016-08-22 23:00:00,4,1,3
2016-08-23 00:00:00,2,2,0
2016-08-23 01:00:00,4,2,2
2016-08-23 02:00:00,5,2,3
2016-08-23 03:00:00,3,2,1
2016-08-23 04:00:00,14,8,6
2016-08-23 05:00:00,97,60,37
2016-08-23 06:00:00,244,118,126
2016-08-23 07:00:00,204,98,106
2016-08-23 08:00:00,148,66,82
2016-08-23 09:00:00,136,60,76
2016-08-23 10:00:00,156,78,78
2016-08-23 11:00:00,315,165,150
2016-08-23 12:00:00,370,182,188
2016-08-23 13:00:00,242,110,132
2016-08-23 14:00:00,198,88,110
2016-08-23 15:00:00,203,97,106
2016-08-23 16:00:00,238,119,119
2016-08-23 17:00:00,271,147,124
2016-08-23 18:00:00,325,171,154
2016-08-23 19:00:00,335,148,187
2016-08-23 20:00:00,89,31,58
2016-08-23 21:00:00,31,16,15
2016-08-23 22:00:00,13,5,8
2016-08-23 23:00:00,3,0,3
2016-08-24 00:00:00,5,4,1
2016-08-24 01:00:00,3,1,2
2016-08-24 02:00:00,0,0,0
2016-08-24 03:00:00,4,3,1
2016-08-24 04:00:00,8,4,4
2016-08-24 05:00:00,66,43,23
2016-08-24 06:00:00,221,112,109
2016-08-24 07:00:00,206,93,113
2016-08-24 08:00:00,143,61,82
2016-08-24 09:00:00,146,68,78
2016-08-24 10:00:00,166,74,92
2016-08-24 11:00:00,260,136,124
2016-08-24 12:00:00,282,120,162
2016-08-24 13:00:00,177,82,95
2016-08-24 14:00:00,172,83,89
2016-08-24 15:00:00,169,76,93
2016-08-24 16:00:00,208,121,87
2016-08-24 17:00:00,243,129,114
2016-08-24 18:00:00,360,195,165
2016-08-24 19:00:00,340,155,185
2016-08-24 20:00:00,101,32,69
2016-08-24 21:00:00,34,19,15
2016-08-24 22:00:00,8,6,2
2016-08-24 23:00:00,2,2,0
2016-08-25 00:00:00,2,2,0
2016-08-25 01:00:00,6,1,5
2016-08-25 02:00:00,5,1,4
2016-08-25 03:00:00,1,1,0
2016-08-25 04:00:00,9,5,4
2016-08-25 05:00:00,70,39,31
2016-08-25 06:00:00,209,109,100
2016-08-25 07:00:00,200,99,101
2016-08-25 08:00:00,141,68,73
2016-08-25 09:00:00,165,78,87
2016-08-25 10:00:00,129,65,64
2016-08-25 11:00:00,237,130,107
2016-08-25 12:00:00,320,156,164
2016-08-25 13:00:00,159,70,89
2016-08-25 14:00:00,127,51,76
2016-08-25 15:00:00,126,50,76
2016-08-25 16:00:00,163,76,87
2016-08-25 17:00:00,223,124,99
2016-08-25 18:00:00,208,105,103
2016-08-25 19:00:00,273,134,139
2016-08-25 20:00:00,116,34,82
2016-08-25 21:00:00,28,14,14
2016-08-25 22:00:00,17,8,9
2016-08-25 23:00:00,7,6,1
2016-08-26 00:00:00,1,1,0
2016-08-26 01:00:00,2,2,0
2016-08-26 02:00:00,0,0,0
2016-08-26 03:00:00,3,2,1
2016-08-26 04:00:00,8,3,5
2016-08-26 05:00:00,53,30,23
2016-08-26 06:00:00,183,98,85
2016-08-26 07:00:00,188,83,105
2016-08-26 08:00:00,164,90,74
2016-08-26 09:00:00,182,84,98
2016-08-26 10:00:00,163,73,90
2016-08-26 11:00:00,263,122,141
2016-08-26 12:00:00,233,114,119
2016-08-26 13:00:00,159,64,95
2016-08-26 14:00:00,187,86,101
2016-08-26 15:00:00,179,81,98
2016-08-26 16:00:00,188,86,102
2016-08-26 17:00:00,209,109,100
2016-08-26 18:00:00,161,91,70
2016-08-26 19:00:00,253,105,148
2016-08-26 20:00:00,85,25,60
2016-08-26 21:00:00,34,18,16
2016-08-26 22:00:00,26,11,15
2016-08-26 23:00:00,5,3,2
2016-08-27 00:00:00,13,4,9
2016-08-27 01:00:00,2,1,1
2016-08-27 02:00:00,0,0,0
2016-08-27 03:00:00,0,0,0
2016-08-27 04:00:00,7,5,2
2016-08-27 05:00:00,10,8,2
2016-08-27 06:00:00,66,40,26
2016-08-27 07:00:00,140,76,64
2016-08-27 08:00:00,186,78,108
2016-08-27 09:00:00,209,94,115
2016-08-27 10:00:00,211,103,108
2016-08-27 11:00:00,187,73,114
2016-08-27 12:00:00,196,91,105
2016-08-27 13:00:00,186,95,91
2016-08-27 14:00:00,209,91,118
2016-08-27 15:00:00,172,78,94
2016-08-27 16:00:00,181,97,84
2016-08-27 17:00:00,184,84,100
2016-08-27 18:00:00,180,83,97
2016-08-27 19:00:00,150,46,104
2016-08-27 20:00:00,24,12,12
2016-08-27 21:00:00,14,8,6
2016-08-27 22:00:00,9,3,6
2016-08-27 23:00:00,5,4,1
2016-08-28 00:00:00,1,0,1
2016-08-28 01:00:00,8,5,3
2016-08-28 02:00:00,8,4,4
2016-08-28 03:00:00,1,0,1
2016-08-28 04:00:00,3,3,0
2016-08-28 05:00:00,12,8,4
2016-08-28 06:00:00,50,31,19
2016-08-28 07:00:00,111,61,50
2016-08-28 08:00:00,159,73,86
2016-08-28 09:00:00,165,81,84
2016-08-28 10:00:00,234,110,124
2016-08-28 11:00:00,220,93,127
2016-08-28 12:00:00,200,89,111
2016-08-28 13:00:00,229,94,135
2016-08-28 14:00:00,172,86,86
2016-08-28 15:00:00,155,57,98
2016-08-28 16:00:00,191,96,95
2016-08-28 17:00:00,176,81,95
2016-08-28 18:00:00,179,88,91
2016-08-28 19:00:00,127,50,77
2016-08-28 20:00:00,35,12,23
2016-08-28 21:00:00,38,19,19
2016-08-28 22:00:00,16,8,8
2016-08-28 23:00:00,11,4,7
2016-08-29 00:00:00,0,0,0
2016-08-29 01:00:00,0,0,0
2016-08-29 02:00:00,2,2,0
2016-08-29 03:00:00,1,1,0
2016-08-29 04:00:00,6,5,1
2016-08-29 05:00:00,38,26,12
2016-08-29 06:00:00,166,82,84
2016-08-29 07:00:00,146,61,85
2016-08-29 08:00:00,129,60,69
2016-08-29 09:00:00,168,81,87
2016-08-29 10:00:00,172,83,89
2016-08-29 11:00:00,296,144,152
2016-08-29 12:00:00,370,172,198
2016-08-29 13:00:00,218,96,122
2016-08-29 14:00:00,190,95,95
2016-08-29 15:00:00,169,68,101
2016-08-29 16:00:00,210,112,98
2016-08-29 17:00:00,260,156,104
2016-08-29 18:00:00,339,178,161
2016-08-29 19:00:00,352,143,209
2016-08-29 20:00:00,56,23,33
2016-08-29 21:00:00,17,9,8
2016-08-29 22:00:00,7,3,4
2016-08-29 23:00:00,4,2,2
2016-08-30 00:00:00,4,3,1
2016-08-30 01:00:00,0,0,0
2016-08-30 02:00:00,0,0,0
2016-08-30 03:00:00,2,1,1
2016-08-30 04:00:00,14,6,8
2016-08-30 05:00:00,80,47,33
2016-08-30 06:00:00,185,102,83
2016-08-30 07:00:00,186,74,112
2016-08-30 08:00:00,117,60,57
2016-08-30 09:00:00,102,48,54
2016-08-30 10:00:00,106,56,50
2016-08-30 11:00:00,240,138,102
2016-08-30 12:00:00,296,140,156
2016-08-30 13:00:00,180,83,97
2016-08-30 14:00:00,144,73,71
2016-08-30 15:00:00,150,62,88
2016-08-30 16:00:00,194,112,82
2016-08-30 17:00:00,249,131,118
2016-08-30 18:00:00,319,171,148
2016-08-30 19:00:00,223,100,123
2016-08-30 20:00:00,47,24,23
2016-08-30 21:00:00,15,6,9
2016-08-30 22:00:00,7,4,3
2016-08-30 23:00:00,6,4,2
2016-08-31 00:00:00,9,4,5
2016-08-31 01:00:00,3,1,2
2016-08-31 02:00:00,0,0,0
2016-08-31 03:00:00,3,2,1
2016-08-31 04:00:00,10,6,4
2016-08-31 05:00:00,54,31,23
2016-08-31 06:00:00,191,98,93
2016-08-31 07:00:00,174,70,104
2016-08-31 08:00:00,120,58,62
2016-08-31 09:00:00,114,51,63
2016-08-31 10:00:00,109,57,52
2016-08-31 11:00:00,153,93,60
2016-08-31 12:00:00,145,59,86
2016-08-31 13:00:00,97,44,53
2016-08-31 14:00:00,86,38,48
2016-08-31 15:00:00,125,68,57
2016-08-31 16:00:00,175,82,93
2016-08-31 17:00:00,185,98,87
2016-08-31 18:00:00,201,98,103
2016-08-31 19:00:00,169,72,97
2016-08-31 20:00:00,30,13,17
2016-08-31 21:00:00,20,9,11
2016-08-31 22:00:00,5,4,1
2016-08-31 23:00:00,4,1,3
2016-09-01 00:00:00,2,1,1
2016-09-01 01:00:00,3,2,1
2016-09-01 02:00:00,0,0,0
2016-09-01 03:00:00,1,0,1
2016-09-01 04:00:00,1,1,0
2016-09-01 05:00:00,55,34,21
2016-09-01 06:00:00,163,92,71
2016-09-01 07:00:00,182,77,105
2016-09-01 08:00:00,128,56,72
2016-09-01 09:00:00,111,48,63
2016-09-01 10:00:00,104,47,57
2016-09-01 11:00:00,202,110,92
2016-09-01 12:00:00,212,89,123
2016-09-01 13:00:00,119,51,68
2016-09-01 14:00:00,104,43,61
2016-09-01 15:00:00,142,67,75
2016-09-01 16:00:00,121,65,56
2016-09-01 17:00:00,143,76,67
2016-09-01 18:00:00,142,68,74
2016-09-01 19:00:00,95,40,55
2016-09-01 20:00:00,18,9,9
2016-09-01 21:00:00,5,1,4
2016-09-01 22:00:00,1,0,1
2016-09-01 23:00:00,1,0,1
2016-09-02 00:00:00,2,0,2
2016-09-02 01:00:00,1,0,1
2016-09-02 02:00:00,0,0,0
2016-09-02 03:00:00,0,0,0
2016-09-02 04:00:00,4,1,3
2016-09-02 05:00:00,39,26,13
2016-09-02 06:00:00,123,63,60
2016-09-02 07:00:00,145,63,82
2016-09-02 08:00:00,108,47,61
2016-09-02 09:00:00,34,12,22
2016-09-02 10:00:00,29,14,15
2016-09-02 11:00:00,121,68,53
2016-09-02 12:00:00,170,69,101
2016-09-02 13:00:00,151,75,76
2016-09-02 14:00:00,170,76,94
2016-09-02 15:00:00,130,52,78
2016-09-02 16:00:00,130,73,57
2016-09-02 17:00:00,163,72,91
2016-09-02 18:00:00,108,57,51
2016-09-02 19:00:00,114,42,72
2016-09-02 20:00:00,19,7,12
2016-09-02 21:00:00,5,4,1
2016-09-02 22:00:00,11,7,4
2016-09-02 23:00:00,4,3,1
2016-09-03 00:00:00,9,1,8
2016-09-03 01:00:00,2,2,0
2016-09-03 02:00:00,1,1,0
2016-09-03 03:00:00,1,0,1
2016-09-03 04:00:00,0,0,0
2016-09-03 05:00:00,16,10,6
2016-09-03 06:00:00,57,31,26
2016-09-03 07:00:00,110,65,45
2016-09-03 08:00:00,132,55,77
2016-09-03 09:00:00,115,55,60
2016-09-03 10:00:00,124,54,70
2016-09-03 11:00:00,111,49,62
2016-09-03 12:00:00,147,69,78
2016-09-03 13:00:00,200,97,103
2016-09-03 14:00:00,236,112,124
2016-09-03 15:00:00,309,141,168
2016-09-03 16:00:00,258,108,150
2016-09-03 17:00:00,313,134,179
2016-09-03 18:00:00,238,127,111
2016-09-03 19:00:00,207,83,124
2016-09-03 20:00:00,24,14,10
2016-09-03 21:00:00,18,6,12
2016-09-03 22:00:00,9,8,1
2016-09-03 23:00:00,13,6,7
2016-09-04 00:00:00,3,0,3
2016-09-04 01:00:00,2,0,2
2016-09-04 02:00:00,2,1,1
2016-09-04 03:00:00,2,2,0
2016-09-04 04:00:00,2,2,0
2016-09-04 05:00:00,8,5,3
2016-09-04 06:00:00,57,33,24
2016-09-04 07:00:00,107,57,50
2016-09-04 08:00:00,139,60,79
2016-09-04 09:00:00,144,71,73
2016-09-04 10:00:00,237,112,125
2016-09-04 11:00:00,219,105,114
2016-09-04 12:00:00,251,106,145
2016-09-04 13:00:00,254,130,124
2016-09-04 14:00:00,260,116,144
2016-09-04 15:00:00,348,160,188
2016-09-04 16:00:00,292,121,171
2016-09-04 17:00:00,247,126,121
2016-09-04 18:00:00,218,95,123
2016-09-04 19:00:00,162,62,100
2016-09-04 20:00:00,17,4,13
2016-09-04 21:00:00,17,8,9
2016-09-04 22:00:00,9,5,4
2016-09-04 23:00:00,10,5,5
2016-09-05 00:00:00,4,1,3
2016-09-05 01:00:00,5,2,3
2016-09-05 02:00:00,2,1,1
2016-09-05 03:00:00,1,1,0
2016-09-05 04:00:00,1,1,0
2016-09-05 05:00:00,8,2,6
2016-09-05 06:00:00,43,28,15
2016-09-05 07:00:00,91,47,44
2016-09-05 08:00:00,135,70,65
2016-09-05 09:00:00,201,89,112
2016-09-05 10:00:00,193,91,102
2016-09-05 11:00:00,227,86,141
2016-09-05 12:00:00,189,81,108
2016-09-05 13:00:00,171,68,103
2016-09-05 14:00:00,223,109,114
2016-09-05 15:00:00,249,103,146
2016-09-05 16:00:00,197,90,107
2016-09-05 17:00:00,195,90,105
2016-09-05 18:00:00,191,93,98
2016-09-05 19:00:00,92,33,59
2016-09-05 20:00:00,12,6,6
2016-09-05 21:00:00,9,2,7
2016-09-05 22:00:00,3,2,1
2016-09-05 23:00:00,4,1,3
2016-09-06 00:00:00,2,2,0
2016-09-06 01:00:00,1,1,0
2016-09-06 02:00:00,0,0,0
2016-09-06 03:00:00,1,1,0
2016-09-06 04:00:00,2,0,2
2016-09-06 05:00:00,18,9,9
2016-09-06 06:00:00,80,43,37
2016-09-06 07:00:00,98,45,53
2016-09-06 08:00:00,101,48,53
2016-09-06 09:00:00,85,42,43
2016-09-06 10:00:00,113,61,52
2016-09-06 11:00:00,164,89,75
2016-09-06 12:00:00,237,109,128
2016-09-06 13:00:00,152,73,79
2016-09-06 14:00:00,126,62,64
2016-09-06 15:00:00,152,77,75
2016-09-06 16:00:00,178,93,85
2016-09-06 17:00:00,244,133,111
2016-09-06 18:00:00,245,121,124
2016-09-06 19:00:00,174,71,103
2016-09-06 20:00:00,31,15,16
2016-09-06 21:00:00,12,7,5
2016-09-06 22:00:00,6,1,5
2016-09-06 23:00:00,3,2,1
2016-09-07 00:00:00,11,5,6
2016-09-07 01:00:00,1,0,1
2016-09-07 02:00:00,4,2,2
2016-09-07 03:00:00,2,2,0
2016-09-07 04:00:00,9,4,5
2016-09-07 05:00:00,66,38,28
2016-09-07 06:00:00,180,84,96
2016-09-07 07:00:00,141,75,66
2016-09-07 08:00:00,104,48,56
2016-09-07 09:00:00,105,47,58
2016-09-07 10:00:00,94,46,48
2016-09-07 11:00:00,191,104,87
2016-09-07 12:00:00,221,108,113
2016-09-07 13:00:00,130,65,65
2016-09-07 14:00:00,96,44,52
2016-09-07 15:00:00,84,38,46
2016-09-07 16:00:00,71,38,33
2016-09-07 17:00:00,120,70,50
2016-09-07 18:00:00,141,83,58
2016-09-07 19:00:00,145,60,85
2016-09-07 20:00:00,19,10,9
2016-09-07 21:00:00,17,8,9
2016-09-07 22:00:00,4,2,2
2016-09-07 23:00:00,3,1,2
2016-09-08 00:00:00,2,2,0
2016-09-08 01:00:00,0,0,0
2016-09-08 02:00:00,0,0,0
2016-09-08 03:00:00,0,0,0
2016-09-08 04:00:00,8,5,3
2016-09-08 05:00:00,53,29,24
2016-09-08 06:00:00,163,84,79
2016-09-08 07:00:00,137,52,85
2016-09-08 08:00:00,92,51,41
2016-09-08 09:00:00,102,52,50
2016-09-08 10:00:00,108,52,56
2016-09-08 11:00:00,202,104,98
2016-09-08 12:00:00,278,132,146
2016-09-08 13:00:00,194,95,99
2016-09-08 14:00:00,179,89,90
2016-09-08 15:00:00,201,96,105
2016-09-08 16:00:00,213,90,123
2016-09-08 17:00:00,242,122,120
2016-09-08 18:00:00,214,103,111
2016-09-08 19:00:00,156,66,90
2016-09-08 20:00:00,30,11,19
2016-09-08 21:00:00,11,5,6
2016-09-08 22:00:00,8,1,7
2016-09-08 23:00:00,2,1,1
2016-09-09 00:00:00,3,3,0
2016-09-09 01:00:00,3,2,1
2016-09-09 02:00:00,0,0,0
2016-09-09 03:00:00,1,1,0
2016-09-09 04:00:00,5,4,1
2016-09-09 05:00:00,65,32,33
2016-09-09 06:00:00,120,61,59
2016-09-09 07:00:00,176,78,98
2016-09-09 08:00:00,138,65,73
2016-09-09 09:00:00,135,67,68
2016-09-09 10:00:00,136,61,75
2016-09-09 11:00:00,280,149,131
2016-09-09 12:00:00,301,138,163
2016-09-09 13:00:00,171,87,84
2016-09-09 14:00:00,190,75,115
2016-09-09 15:00:00,209,90,119
2016-09-09 16:00:00,256,137,119
2016-09-09 17:00:00,261,141,120
2016-09-09 18:00:00,226,106,120
2016-09-09 19:00:00,206,82,124
2016-09-09 20:00:00,32,17,15
2016-09-09 21:00:00,22,10,12
2016-09-09 22:00:00,17,9,8
2016-09-09 23:00:00,3,1,2
2016-09-10 00:00:00,0,0,0
2016-09-10 01:00:00,5,1,4
2016-09-10 02:00:00,3,3,0
2016-09-10 03:00:00,2,1,1
2016-09-10 04:00:00,1,1,0
2016-09-10 05:00:00,17,11,6
2016-09-10 06:00:00,75,38,37
2016-09-10 07:00:00,158,85,73
2016-09-10 08:00:00,258,135,123
2016-09-10 09:00:00,283,124,159
2016-09-10 10:00:00,248,112,136
2016-09-10 11:00:00,247,121,126
2016-09-10 12:00:00,263,132,131
2016-09-10 13:00:00,259,124,135
2016-09-10 14:00:00,264,130,134
2016-09-10 15:00:00,308,136,172
2016-09-10 16:00:00,250,122,128
2016-09-10 17:00:00,240,105,135
2016-09-10 18:00:00,263,116,147
2016-09-10 19:00:00,139,43,96
2016-09-10 20:00:00,21,11,10
2016-09-10 21:00:00,17,8,9
2016-09-10 22:00:00,7,4,3
2016-09-10 23:00:00,7,5,2
2016-09-11 00:00:00,2,1,1
2016-09-11 01:00:00,6,3,3
2016-09-11 02:00:00,2,1,1
2016-09-11 03:00:00,0,0,0
2016-09-11 04:00:00,1,1,0
2016-09-11 05:00:00,7,6,1
2016-09-11 06:00:00,62,36,26
2016-09-11 07:00:00,152,82,70
2016-09-11 08:00:00,233,119,114
2016-09-11 09:00:00,212,91,121
2016-09-11 10:00:00,176,82,94
2016-09-11 11:00:00,195,94,101
2016-09-11 12:00:00,155,74,81
2016-09-11 13:00:00,133,52,81
2016-09-11 14:00:00,240,119,121
2016-09-11 15:00:00,262,126,136
2016-09-11 16:00:00,292,160,132
2016-09-11 17:00:00,301,134,167
2016-09-11 18:00:00,274,124,150
2016-09-11 19:00:00,161,54,107
2016-09-11 20:00:00,34,22,12
2016-09-11 21:00:00,10,3,7
2016-09-11 22:00:00,7,4,3
2016-09-11 23:00:00,4,3,1
2016-09-12 00:00:00,0,0,0
2016-09-12 01:00:00,3,1,2
2016-09-12 02:00:00,3,3,0
2016-09-12 03:00:00,1,1,0
2016-09-12 04:00:00,9,5,4
2016-09-12 05:00:00,42,26,16
2016-09-12 06:00:00,169,88,81
2016-09-12 07:00:00,160,62,98
2016-09-12 08:00:00,117,55,62
2016-09-12 09:00:00,96,46,50
2016-09-12 10:00:00,126,68,58
2016-09-12 11:00:00,279,151,128
2016-09-12 12:00:00,376,181,195
2016-09-12 13:00:00,194,94,100
2016-09-12 14:00:00,178,97,81
2016-09-12 15:00:00,253,141,112
2016-09-12 16:00:00,215,111,104
2016-09-12 17:00:00,304,169,135
2016-09-12 18:00:00,327,169,158
2016-09-12 19:00:00,237,95,142
2016-09-12 20:00:00,31,11,20
2016-09-12 21:00:00,17,6,11
2016-09-12 22:00:00,5,5,0
2016-09-12 23:00:00,2,0,2
2016-09-13 00:00:00,3,2,1
2016-09-13 01:00:00,1,1,0
2016-09-13 02:00:00,1,1,0
2016-09-13 03:00:00,2,2,0
2016-09-13 04:00:00,14,7,7
2016-09-13 05:00:00,65,40,25
2016-09-13 06:00:00,218,115,103
2016-09-13 07:00:00,164,65,99
2016-09-13 08:00:00,139,66,73
2016-09-13 09:00:00,133,62,71
2016-09-13 10:00:00,135,77,58
2016-09-13 11:00:00,305,167,138
2016-09-13 12:00:00,315,146,169
2016-09-13 13:00:00,209,100,109
2016-09-13 14:00:00,189,93,96
2016-09-13 15:00:00,191,87,104
2016-09-13 16:00:00,216,113,103
2016-09-13 17:00:00,325,174,151
2016-09-13 18:00:00,356,186,170
2016-09-13 19:00:00,230,84,146
2016-09-13 20:00:00,31,10,21
2016-09-13 21:00:00,11,6,5
2016-09-13 22:00:00,5,3,2
2016-09-13 23:00:00,1,0,1
2016-09-14 00:00:00,3,2,1
2016-09-14 01:00:00,1,1,0
2016-09-14 02:00:00,2,1,1
2016-09-14 03:00:00,2,2,0
2016-09-14 04:00:00,13,10,3
2016-09-14 05:00:00,59,35,24
2016-09-14 06:00:00,225,116,109
2016-09-14 07:00:00,192,75,117
2016-09-14 08:00:00,130,60,70
2016-09-14 09:00:00,126,56,70
2016-09-14 10:00:00,142,69,73
2016-09-14 11:00:00,277,156,121
2016-09-14 12:00:00,324,155,169
2016-09-14 13:00:00,230,105,125
2016-09-14 14:00:00,203,98,105
2016-09-14 15:00:00,185,84,101
2016-09-14 16:00:00,210,106,104
2016-09-14 17:00:00,289,157,132
2016-09-14 18:00:00,355,191,164
2016-09-14 19:00:00,220,80,140
2016-09-14 20:00:00,29,13,16
2016-09-14 21:00:00,17,8,9
2016-09-14 22:00:00,11,8,3
2016-09-14 23:00:00,2,2,0
2016-09-15 00:00:00,3,1,2
2016-09-15 01:00:00,0,0,0
2016-09-15 02:00:00,1,1,0
2016-09-15 03:00:00,0,0,0
2016-09-15 04:00:00,4,2,2
2016-09-15 05:00:00,55,32,23
2016-09-15 06:00:00,134,67,67
2016-09-15 07:00:00,150,69,81
2016-09-15 08:00:00,108,49,59
2016-09-15 09:00:00,97,43,54
2016-09-15 10:00:00,104,50,54
2016-09-15 11:00:00,199,110,89
2016-09-15 12:00:00,274,130,144
2016-09-15 13:00:00,206,95,111
2016-09-15 14:00:00,190,106,84
2016-09-15 15:00:00,211,102,109
2016-09-15 16:00:00,242,120,122
2016-09-15 17:00:00,286,148,138
2016-09-15 18:00:00,277,150,127
2016-09-15 19:00:00,162,54,108
2016-09-15 20:00:00,24,10,14
2016-09-15 21:00:00,10,6,4
2016-09-15 22:00:00,5,4,1
2016-09-15 23:00:00,5,2,3
2016-09-16 00:00:00,1,1,0
2016-09-16 01:00:00,1,0,1
2016-09-16 02:00:00,1,1,0
2016-09-16 03:00:00,0,0,0
2016-09-16 04:00:00,4,2,2
2016-09-16 05:00:00,52,33,19
2016-09-16 06:00:00,153,79,74
2016-09-16 07:00:00,198,102,96
2016-09-16 08:00:00,135,47,88
2016-09-16 09:00:00,105,49,56
2016-09-16 10:00:00,149,73,76
2016-09-16 11:00:00,269,138,131
2016-09-16 12:00:00,290,133,157
2016-09-16 13:00:00,150,65,85
2016-09-16 14:00:00,140,62,78
2016-09-16 15:00:00,158,78,80
2016-09-16 16:00:00,190,90,100
2016-09-16 17:00:00,192,108,84
2016-09-16 18:00:00,190,87,103
2016-09-16 19:00:00,96,43,53
2016-09-16 20:00:00,15,10,5
2016-09-16 21:00:00,29,22,7
2016-09-16 22:00:00,6,3,3
2016-09-16 23:00:00,2,2,0
2016-09-17 00:00:00,3,1,2
2016-09-17 01:00:00,1,1,0
2016-09-17 02:00:00,1,0,1
2016-09-17 03:00:00,1,0,1
2016-09-17 04:00:00,1,0,1
2016-09-17 05:00:00,8,4,4
2016-09-17 06:00:00,25,14,11
2016-09-17 07:00:00,76,41,35
2016-09-17 08:00:00,113,61,52
2016-09-17 09:00:00,97,46,51
2016-09-17 10:00:00,82,42,40
2016-09-17 11:00:00,124,49,75
2016-09-17 12:00:00,108,51,57
2016-09-17 13:00:00,126,57,69
2016-09-17 14:00:00,160,85,75
2016-09-17 15:00:00,129,62,67
2016-09-17 16:00:00,92,47,45
2016-09-17 17:00:00,125,61,64
2016-09-17 18:00:00,119,52,67
2016-09-17 19:00:00,35,9,26
2016-09-17 20:00:00,11,7,4
2016-09-17 21:00:00,13,7,6
2016-09-17 22:00:00,13,8,5
2016-09-17 23:00:00,9,3,6
2016-09-18 00:00:00,0,0,0
2016-09-18 01:00:00,0,0,0
2016-09-18 02:00:00,5,3,2
2016-09-18 03:00:00,0,0,0
2016-09-18 04:00:00,1,0,1
2016-09-18 05:00:00,6,5,1
2016-09-18 06:00:00,43,29,14
2016-09-18 07:00:00,144,81,63
2016-09-18 08:00:00,203,97,106
2016-09-18 09:00:00,254,126,128
2016-09-18 10:00:00,271,115,156
2016-09-18 11:00:00,318,167,151
2016-09-18 12:00:00,343,194,149
2016-09-18 13:00:00,458,334,124
2016-09-18 14:00:00,297,151,146
2016-09-18 15:00:00,189,89,100
2016-09-18 16:00:00,288,157,131
2016-09-18 17:00:00,301,145,156
2016-09-18 18:00:00,218,84,134
2016-09-18 19:00:00,107,35,72
2016-09-18 20:00:00,7,3,4
2016-09-18 21:00:00,12,7,5
2016-09-18 22:00:00,9,3,6
2016-09-18 23:00:00,7,2,5
2016-09-19 00:00:00,3,0,3
2016-09-19 01:00:00,1,1,0
2016-09-19 02:00:00,3,2,1
2016-09-19 03:00:00,1,1,0
2016-09-19 04:00:00,8,4,4
2016-09-19 05:00:00,38,23,15
2016-09-19 06:00:00,54,30,24
2016-09-19 07:00:00,61,33,28
2016-09-19 08:00:00,94,44,50
2016-09-19 09:00:00,88,34,54
2016-09-19 10:00:00,93,50,43
2016-09-19 11:00:00,186,105,81
2016-09-19 12:00:00,260,130,130
2016-09-19 13:00:00,156,75,81
2016-09-19 14:00:00,197,127,70
2016-09-19 15:00:00,188,115,73
2016-09-19 16:00:00,197,104,93
2016-09-19 17:00:00,306,166,140
2016-09-19 18:00:00,257,126,131
2016-09-19 19:00:00,135,56,79
2016-09-19 20:00:00,14,5,9
2016-09-19 21:00:00,12,4,8
2016-09-19 22:00:00,8,4,4
2016-09-19 23:00:00,1,1,0
2016-09-20 00:00:00,3,2,1
2016-09-20 01:00:00,2,1,1
2016-09-20 02:00:00,1,0,1
2016-09-20 03:00:00,4,3,1
2016-09-20 04:00:00,6,4,2
2016-09-20 05:00:00,50,30,20
2016-09-20 06:00:00,188,96,92
2016-09-20 07:00:00,163,77,86
2016-09-20 08:00:00,146,70,76
2016-09-20 09:00:00,105,49,56
2016-09-20 10:00:00,130,65,65
2016-09-20 11:00:00,269,144,125
2016-09-20 12:00:00,304,146,158
2016-09-20 13:00:00,202,100,102
2016-09-20 14:00:00,169,73,96
2016-09-20 15:00:00,190,97,93
2016-09-20 16:00:00,254,149,105
2016-09-20 17:00:00,282,168,114
2016-09-20 18:00:00,309,170,139
2016-09-20 19:00:00,140,51,89
2016-09-20 20:00:00,20,13,7
2016-09-20 21:00:00,14,6,8
2016-09-20 22:00:00,2,1,1
2016-09-20 23:00:00,4,0,4
2016-09-21 00:00:00,3,3,0
2016-09-21 01:00:00,3,2,1
2016-09-21 02:00:00,1,0,1
2016-09-21 03:00:00,5,3,2
2016-09-21 04:00:00,5,4,1
2016-09-21 05:00:00,54,33,21
2016-09-21 06:00:00,148,73,75
2016-09-21 07:00:00,158,71,87
2016-09-21 08:00:00,115,49,66
2016-09-21 09:00:00,86,34,52
2016-09-21 10:00:00,75,35,40
2016-09-21 11:00:00,246,131,115
2016-09-21 12:00:00,251,125,126
2016-09-21 13:00:00,161,75,86
2016-09-21 14:00:00,131,70,61
2016-09-21 15:00:00,184,79,105
2016-09-21 16:00:00,223,133,90
2016-09-21 17:00:00,334,184,150
2016-09-21 18:00:00,290,149,141
2016-09-21 19:00:00,134,40,94
2016-09-21 20:00:00,14,6,8
2016-09-21 21:00:00,18,11,7
2016-09-21 22:00:00,6,4,2
2016-09-21 23:00:00,4,2,2
2016-09-22 00:00:00,5,2,3
2016-09-22 01:00:00,0,0,0
2016-09-22 02:00:00,1,0,1
2016-09-22 03:00:00,2,1,1
2016-09-22 04:00:00,3,1,2
2016-09-22 05:00:00,42,28,14
2016-09-22 06:00:00,145,72,73
2016-09-22 07:00:00,156,71,85
2016-09-22 08:00:00,125,53,72
2016-09-22 09:00:00,117,61,56
2016-09-22 10:00:00,139,55,84
2016-09-22 11:00:00,232,135,97
2016-09-22 12:00:00,291,135,156
2016-09-22 13:00:00,190,93,97
2016-09-22 14:00:00,193,88,105
2016-09-22 15:00:00,168,90,78
2016-09-22 16:00:00,225,121,104
2016-09-22 17:00:00,265,129,136
2016-09-22 18:00:00,245,133,112
2016-09-22 19:00:00,90,33,57
2016-09-22 20:00:00,30,17,13
2016-09-22 21:00:00,10,5,5
2016-09-22 22:00:00,7,5,2
2016-09-22 23:00:00,2,1,1
2016-09-23 00:00:00,2,1,1
2016-09-23 01:00:00,0,0,0
2016-09-23 02:00:00,0,0,0
2016-09-23 03:00:00,0,0,0
2016-09-23 04:00:00,4,2,2
2016-09-23 05:00:00,28,18,10
2016-09-23 06:00:00,88,44,44
2016-09-23 07:00:00,134,65,69
2016-09-23 08:00:00,104,41,63
2016-09-23 09:00:00,113,54,59
2016-09-23 10:00:00,68,30,38
2016-09-23 11:00:00,99,50,49
2016-09-23 12:00:00,160,72,88
2016-09-23 13:00:00,97,45,52
2016-09-23 14:00:00,87,50,37
2016-09-23 15:00:00,102,44,58
2016-09-23 16:00:00,124,59,65
2016-09-23 17:00:00,183,85,98
2016-09-23 18:00:00,152,66,86
2016-09-23 19:00:00,49,17,32
2016-09-23 20:00:00,17,6,11
2016-09-23 21:00:00,8,4,4
2016-09-23 22:00:00,5,5,0
2016-09-23 23:00:00,5,4,1
2016-09-24 00:00:00,2,2,0
2016-09-24 01:00:00,1,0,1
2016-09-24 02:00:00,0,0,0
2016-09-24 03:00:00,0,0,0
2016-09-24 04:00:00,5,2,3
2016-09-24 05:00:00,11,6,5
2016-09-24 06:00:00,47,32,15
2016-09-24 07:00:00,149,74,75
2016-09-24 08:00:00,160,76,84
2016-09-24 09:00:00,222,112,110
2016-09-24 10:00:00,225,108,117
2016-09-24 11:00:00,213,95,118
2016-09-24 12:00:00,199,93,106
2016-09-24 13:00:00,187,82,105
2016-09-24 14:00:00,233,112,121
2016-09-24 15:00:00,208,93,115
2016-09-24 16:00:00,209,99,110
2016-09-24 17:00:00,154,64,90
2016-09-24 18:00:00,124,47,77
2016-09-24 19:00:00,55,17,38
2016-09-24 20:00:00,13,8,5
2016-09-24 21:00:00,20,13,7
2016-09-24 22:00:00,7,3,4
2016-09-24 23:00:00,14,7,7
2016-09-25 00:00:00,0,0,0
2016-09-25 01:00:00,0,0,0
2016-09-25 02:00:00,3,3,0
2016-09-25 03:00:00,3,2,1
2016-09-25 04:00:00,2,1,1
2016-09-25 05:00:00,6,4,2
2016-09-25 06:00:00,45,25,20
2016-09-25 07:00:00,124,74,50
2016-09-25 08:00:00,195,96,99
2016-09-25 09:00:00,209,97,112
2016-09-25 10:00:00,199,91,108
2016-09-25 11:00:00,253,113,140
2016-09-25 12:00:00,199,84,115
2016-09-25 13:00:00,220,103,117
2016-09-25 14:00:00,250,117,133
2016-09-25 15:00:00,309,159,150
2016-09-25 16:00:00,355,195,160
2016-09-25 17:00:00,316,132,184
2016-09-25 18:00:00,261,97,164
2016-09-25 19:00:00,77,27,50
2016-09-25 20:00:00,18,10,8
2016-09-25 21:00:00,5,2,3
2016-09-25 22:00:00,7,7,0
2016-09-25 23:00:00,10,4,6
2016-09-26 00:00:00,0,0,0
2016-09-26 01:00:00,2,0,2
2016-09-26 02:00:00,5,4,1
2016-09-26 03:00:00,0,0,0
2016-09-26 04:00:00,3,2,1
2016-09-26 05:00:00,27,17,10
2016-09-26 06:00:00,82,44,38
2016-09-26 07:00:00,154,73,81
2016-09-26 08:00:00,126,61,65
2016-09-26 09:00:00,114,46,68
2016-09-26 10:00:00,150,73,77
2016-09-26 11:00:00,300,176,124
2016-09-26 12:00:00,360,164,196
2016-09-26 13:00:00,201,91,110
2016-09-26 14:00:00,174,89,85
2016-09-26 15:00:00,180,91,89
2016-09-26 16:00:00,290,176,114
2016-09-26 17:00:00,332,188,144
2016-09-26 18:00:00,274,122,152
2016-09-26 19:00:00,89,31,58
2016-09-26 20:00:00,16,8,8
2016-09-26 21:00:00,9,5,4
2016-09-26 22:00:00,2,1,1
2016-09-26 23:00:00,1,0,1
2016-09-27 00:00:00,7,4,3
2016-09-27 01:00:00,1,1,0
2016-09-27 02:00:00,4,3,1
2016-09-27 03:00:00,6,4,2
2016-09-27 04:00:00,13,7,6
2016-09-27 05:00:00,62,32,30
2016-09-27 06:00:00,166,85,81
2016-09-27 07:00:00,159,66,93
2016-09-27 08:00:00,110,56,54
2016-09-27 09:00:00,88,40,48
2016-09-27 10:00:00,138,74,64
2016-09-27 11:00:00,283,142,141
2016-09-27 12:00:00,296,150,146
2016-09-27 13:00:00,162,76,86
2016-09-27 14:00:00,169,89,80
2016-09-27 15:00:00,179,86,93
2016-09-27 16:00:00,241,130,111
2016-09-27 17:00:00,271,140,131
2016-09-27 18:00:00,289,129,160
2016-09-27 19:00:00,100,40,60
2016-09-27 20:00:00,14,7,7
2016-09-27 21:00:00,5,1,4
2016-09-27 22:00:00,8,4,4
2016-09-27 23:00:00,2,0,2
2016-09-28 00:00:00,4,4,0
2016-09-28 01:00:00,1,0,1
2016-09-28 02:00:00,3,1,2
2016-09-28 03:00:00,4,3,1
2016-09-28 04:00:00,10,5,5
2016-09-28 05:00:00,62,42,20
2016-09-28 06:00:00,175,93,82
2016-09-28 07:00:00,152,62,90
2016-09-28 08:00:00,116,54,62
2016-09-28 09:00:00,120,58,62
2016-09-28 10:00:00,132,61,71
2016-09-28 11:00:00,228,120,108
2016-09-28 12:00:00,263,129,134
2016-09-28 13:00:00,169,78,91
2016-09-28 14:00:00,191,92,99
2016-09-28 15:00:00,156,67,89
2016-09-28 16:00:00,202,117,85
2016-09-28 17:00:00,285,163,122
2016-09-28 18:00:00,333,149,184
2016-09-28 19:00:00,95,27,68
2016-09-28 20:00:00,17,10,7
2016-09-28 21:00:00,8,7,1
2016-09-28 22:00:00,4,2,2
2016-09-28 23:00:00,0,0,0
2016-09-29 00:00:00,0,0,0
2016-09-29 01:00:00,2,0,2
2016-09-29 02:00:00,0,0,0
2016-09-29 03:00:00,1,1,0
2016-09-29 04:00:00,5,2,3
2016-09-29 05:00:00,45,28,17
2016-09-29 06:00:00,158,86,72
2016-09-29 07:00:00,165,58,107
2016-09-29 08:00:00,104,43,61
2016-09-29 09:00:00,112,59,53
2016-09-29 10:00:00,112,48,64
2016-09-29 11:00:00,238,131,107
2016-09-29 12:00:00,247,110,137
2016-09-29 13:00:00,159,78,81
2016-09-29 14:00:00,149,70,79
2016-09-29 15:00:00,156,66,90
2016-09-29 16:00:00,188,98,90
2016-09-29 17:00:00,240,129,111
2016-09-29 18:00:00,242,115,127
2016-09-29 19:00:00,66,23,43
2016-09-29 20:00:00,7,5,2
2016-09-29 21:00:00,10,6,4
2016-09-29 22:00:00,10,5,5
2016-09-29 23:00:00,1,1,0
2016-09-30 00:00:00,1,0,1
2016-09-30 01:00:00,0,0,0
2016-09-30 02:00:00,0,0,0
2016-09-30 03:00:00,0,0,0
2016-09-30 04:00:00,3,1,2
2016-09-30 05:00:00,24,15,9
2016-09-30 06:00:00,144,82,62
2016-09-30 07:00:00,151,74,77
2016-09-30 08:00:00,133,70,63
2016-09-30 09:00:00,136,58,78
2016-09-30 10:00:00,108,53,55
2016-09-30 11:00:00,190,89,101
2016-09-30 12:00:00,226,108,118
2016-09-30 13:00:00,141,58,83
2016-09-30 14:00:00,168,84,84
2016-09-30 15:00:00,145,64,81
2016-09-30 16:00:00,203,97,106
2016-09-30 17:00:00,200,103,97
2016-09-30 18:00:00,186,75,111
2016-09-30 19:00:00,41,16,25
2016-09-30 20:00:00,16,7,9
2016-09-30 21:00:00,4,4,0
2016-09-30 22:00:00,4,3,1
2016-09-30 23:00:00,5,3,2
2016-10-01 00:00:00,4,1,3
2016-10-01 01:00:00,0,0,0
2016-10-01 02:00:00,0,0,0
2016-10-01 03:00:00,0,0,0
2016-10-01 04:00:00,1,1,0
2016-10-01 05:00:00,8,4,4
2016-10-01 06:00:00,44,30,14
2016-10-01 07:00:00,147,82,65
2016-10-01 08:00:00,166,79,87
2016-10-01 09:00:00,194,96,98
2016-10-01 10:00:00,185,85,100
2016-10-01 11:00:00,126,51,75
2016-10-01 12:00:00,87,37,50
2016-10-01 13:00:00,51,24,27
2016-10-01 14:00:00,102,48,54
2016-10-01 15:00:00,150,67,83
2016-10-01 16:00:00,186,83,103
2016-10-01 17:00:00,63,18,45
2016-10-01 18:00:00,39,22,17
2016-10-01 19:00:00,19,8,11
2016-10-01 20:00:00,10,5,5
2016-10-01 21:00:00,4,3,1
2016-10-01 22:00:00,2,1,1
2016-10-01 23:00:00,7,5,2
2016-10-02 00:00:00,0,0,0
2016-10-02 01:00:00,0,0,0
2016-10-02 02:00:00,3,3,0
2016-10-02 03:00:00,2,1,1
2016-10-02 04:00:00,0,0,0
2016-10-02 05:00:00,11,8,3
2016-10-02 06:00:00,31,20,11
2016-10-02 07:00:00,87,44,43
2016-10-02 08:00:00,158,81,77
2016-10-02 09:00:00,169,84,85
2016-10-02 10:00:00,181,87,94
2016-10-02 11:00:00,173,83,90
2016-10-02 12:00:00,158,75,83
2016-10-02 13:00:00,290,150,140
2016-10-02 14:00:00,260,130,130
2016-10-02 15:00:00,355,181,174
2016-10-02 16:00:00,339,151,188
2016-10-02 17:00:00,273,126,147
2016-10-02 18:00:00,180,65,115
2016-10-02 19:00:00,31,11,20
2016-10-02 20:00:00,3,0,3
2016-10-02 21:00:00,3,1,2
2016-10-02 22:00:00,1,1,0
2016-10-02 23:00:00,1,0,1
2016-10-03 00:00:00,0,0,0
2016-10-03 01:00:00,3,0,3
2016-10-03 02:00:00,1,0,1
2016-10-03 03:00:00,2,2,0
2016-10-03 04:00:00,5,4,1
2016-10-03 05:00:00,31,18,13
2016-10-03 06:00:00,95,52,43
2016-10-03 07:00:00,90,39,51
2016-10-03 08:00:00,89,37,52
2016-10-03 09:00:00,97,41,56
2016-10-03 10:00:00,92,45,47
2016-10-03 11:00:00,174,101,73
2016-10-03 12:00:00,274,123,151
2016-10-03 13:00:00,155,87,68
2016-10-03 14:00:00,129,57,72
2016-10-03 15:00:00,127,56,71
2016-10-03 16:00:00,147,70,77
2016-10-03 17:00:00,243,138,105
2016-10-03 18:00:00,164,77,87
2016-10-03 19:00:00,64,35,29
2016-10-03 20:00:00,18,10,8
2016-10-03 21:00:00,4,1,3
2016-10-03 22:00:00,1,0,1
2016-10-03 23:00:00,1,1,0
2016-10-04 00:00:00,0,0,0
2016-10-04 01:00:00,0,0,0
2016-10-04 02:00:00,0,0,0
2016-10-04 03:00:00,0,0,0
2016-10-04 04:00:00,5,3,2
2016-10-04 05:00:00,41,21,20
2016-10-04 06:00:00,119,58,61
2016-10-04 07:00:00,92,45,47
2016-10-04 08:00:00,86,39,47
2016-10-04 09:00:00,99,41,58
2016-10-04 10:00:00,95,53,42
2016-10-04 11:00:00,187,102,85
2016-10-04 12:00:00,202,86,116
2016-10-04 13:00:00,74,39,35
2016-10-04 14:00:00,77,39,38
2016-10-04 15:00:00,83,46,37
2016-10-04 16:00:00,102,55,47
2016-10-04 17:00:00,128,71,57
2016-10-04 18:00:00,115,52,63
2016-10-04 19:00:00,31,14,17
2016-10-04 20:00:00,9,4,5
2016-10-04 21:00:00,6,4,2
2016-10-04 22:00:00,3,2,1
2016-10-04 23:00:00,1,1,0
2016-10-05 00:00:00,2,2,0
2016-10-05 01:00:00,1,1,0
2016-10-05 02:00:00,0,0,0
2016-10-05 03:00:00,1,1,0
2016-10-05 04:00:00,8,4,4
2016-10-05 05:00:00,39,25,14
2016-10-05 06:00:00,121,63,58
2016-10-05 07:00:00,105,45,60
2016-10-05 08:00:00,96,46,50
2016-10-05 09:00:00,81,39,42
2016-10-05 10:00:00,68,39,29
2016-10-05 11:00:00,154,87,67
2016-10-05 12:00:00,263,129,134
2016-10-05 13:00:00,142,62,80
2016-10-05 14:00:00,152,73,79
2016-10-05 15:00:00,155,72,83
2016-10-05 16:00:00,214,108,106
2016-10-05 17:00:00,303,165,138
2016-10-05 18:00:00,306,134,172
2016-10-05 19:00:00,56,20,36
2016-10-05 20:00:00,11,6,5
2016-10-05 21:00:00,10,7,3
2016-10-05 22:00:00,2,1,1
2016-10-05 23:00:00,0,0,0
2016-10-06 00:00:00,3,1,2
2016-10-06 01:00:00,0,0,0
2016-10-06 02:00:00,0,0,0
2016-10-06 03:00:00,0,0,0
2016-10-06 04:00:00,4,2,2
2016-10-06 05:00:00,45,28,17
2016-10-06 06:00:00,122,58,64
2016-10-06 07:00:00,128,63,65
2016-10-06 08:00:00,120,55,65
2016-10-06 09:00:00,121,53,68
2016-10-06 10:00:00,105,45,60
2016-10-06 11:00:00,214,118,96
2016-10-06 12:00:00,221,101,120
2016-10-06 13:00:00,118,61,57
2016-10-06 14:00:00,106,44,62
2016-10-06 15:00:00,104,47,57
2016-10-06 16:00:00,100,42,58
2016-10-06 17:00:00,129,76,53
2016-10-06 18:00:00,83,41,42
2016-10-06 19:00:00,22,11,11
2016-10-06 20:00:00,3,2,1
2016-10-06 21:00:00,8,5,3
2016-10-06 22:00:00,1,1,0
2016-10-06 23:00:00,2,0,2
2016-10-07 00:00:00,0,0,0
2016-10-07 01:00:00,2,1,1
2016-10-07 02:00:00,0,0,0
2016-10-07 03:00:00,0,0,0
2016-10-07 04:00:00,5,3,2
2016-10-07 05:00:00,22,13,9
2016-10-07 06:00:00,79,36,43
2016-10-07 07:00:00,83,44,39
2016-10-07 08:00:00,71,34,37
2016-10-07 09:00:00,55,24,31
2016-10-07 10:00:00,65,31,34
2016-10-07 11:00:00,127,70,57
2016-10-07 12:00:00,163,71,92
2016-10-07 13:00:00,134,62,72
2016-10-07 14:00:00,120,59,61
2016-10-07 15:00:00,120,54,66
2016-10-07 16:00:00,138,71,67
2016-10-07 17:00:00,138,65,73
2016-10-07 18:00:00,117,56,61
2016-10-07 19:00:00,46,13,33
2016-10-07 20:00:00,5,2,3
2016-10-07 21:00:00,5,3,2
2016-10-07 22:00:00,2,2,0
2016-10-07 23:00:00,4,3,1
2016-10-08 00:00:00,3,1,2
2016-10-08 01:00:00,1,0,1
2016-10-08 02:00:00,3,3,0
2016-10-08 03:00:00,0,0,0
2016-10-08 04:00:00,2,0,2
2016-10-08 05:00:00,5,3,2
2016-10-08 06:00:00,36,23,13
2016-10-08 07:00:00,77,36,41
2016-10-08 08:00:00,117,64,53
2016-10-08 09:00:00,131,62,69
2016-10-08 10:00:00,129,57,72
2016-10-08 11:00:00,173,88,85
2016-10-08 12:00:00,152,55,97
2016-10-08 13:00:00,37,10,27
2016-10-08 14:00:00,73,38,35
2016-10-08 15:00:00,36,17,19
2016-10-08 16:00:00,34,19,15
2016-10-08 17:00:00,29,14,15
2016-10-08 18:00:00,26,13,13
2016-10-08 19:00:00,6,3,3
2016-10-08 20:00:00,5,1,4
2016-10-08 21:00:00,2,1,1
2016-10-08 22:00:00,2,1,1
2016-10-08 23:00:00,0,0,0
2016-10-09 00:00:00,0,0,0
2016-10-09 01:00:00,0,0,0
2016-10-09 02:00:00,2,2,0
2016-10-09 03:00:00,0,0,0
2016-10-09 04:00:00,2,1,1
2016-10-09 05:00:00,3,2,1
2016-10-09 06:00:00,19,13,6
2016-10-09 07:00:00,64,32,32
2016-10-09 08:00:00,167,88,79
2016-10-09 09:00:00,202,89,113
2016-10-09 10:00:00,204,100,104
2016-10-09 11:00:00,182,87,95
2016-10-09 12:00:00,191,95,96
2016-10-09 13:00:00,168,78,90
2016-10-09 14:00:00,166,74,92
2016-10-09 15:00:00,226,111,115
2016-10-09 16:00:00,185,69,116
2016-10-09 17:00:00,110,42,68
2016-10-09 18:00:00,17,5,12
2016-10-09 19:00:00,10,5,5
2016-10-09 20:00:00,0,0,0
2016-10-09 21:00:00,0,0,0
2016-10-09 22:00:00,4,2,2
2016-10-09 23:00:00,4,2,2
2016-10-10 00:00:00,1,1,0
2016-10-10 01:00:00,4,3,1
2016-10-10 02:00:00,2,0,2
2016-10-10 03:00:00,0,0,0
2016-10-10 04:00:00,1,0,1
2016-10-10 05:00:00,28,20,8
2016-10-10 06:00:00,74,33,41
2016-10-10 07:00:00,103,51,52
2016-10-10 08:00:00,83,35,48
2016-10-10 09:00:00,84,42,42
2016-10-10 10:00:00,96,49,47
2016-10-10 11:00:00,208,110,98
2016-10-10 12:00:00,316,150,166
2016-10-10 13:00:00,179,77,102
2016-10-10 14:00:00,140,68,72
2016-10-10 15:00:00,192,77,115
2016-10-10 16:00:00,221,128,93
2016-10-10 17:00:00,314,167,147
2016-10-10 18:00:00,210,80,130
2016-10-10 19:00:00,43,18,25
2016-10-10 20:00:00,7,6,1
2016-10-10 21:00:00,4,2,2
2016-10-10 22:00:00,3,1,2
2016-10-10 23:00:00,0,0,0
2016-10-11 00:00:00,3,3,0
2016-10-11 01:00:00,0,0,0
2016-10-11 02:00:00,0,0,0
2016-10-11 03:00:00,2,2,0
2016-10-11 04:00:00,5,2,3
2016-10-11 05:00:00,31,19,12
2016-10-11 06:00:00,121,62,59
2016-10-11 07:00:00,124,55,69
2016-10-11 08:00:00,77,41,36
2016-10-11 09:00:00,119,55,64
2016-10-11 10:00:00,140,71,69
2016-10-11 11:00:00,269,127,142
2016-10-11 12:00:00,295,144,151
2016-10-11 13:00:00,224,112,112
2016-10-11 14:00:00,168,71,97
2016-10-11 15:00:00,204,99,105
2016-10-11 16:00:00,276,149,127
2016-10-11 17:00:00,328,185,143
2016-10-11 18:00:00,215,90,125
2016-10-11 19:00:00,34,12,22
2016-10-11 20:00:00,13,5,8
2016-10-11 21:00:00,6,3,3
2016-10-11 22:00:00,3,1,2
2016-10-11 23:00:00,3,3,0
2016-10-12 00:00:00,2,1,1
2016-10-12 01:00:00,1,0,1
2016-10-12 02:00:00,4,2,2
2016-10-12 03:00:00,0,0,0
2016-10-12 04:00:00,4,2,2
2016-10-12 05:00:00,32,23,9
2016-10-12 06:00:00,126,67,59
2016-10-12 07:00:00,135,64,71
2016-10-12 08:00:00,103,51,52
2016-10-12 09:00:00,88,43,45
2016-10-12 10:00:00,108,56,52
2016-10-12 11:00:00,267,148,119
2016-10-12 12:00:00,305,139,166
2016-10-12 13:00:00,141,69,72
2016-10-12 14:00:00,174,84,90
2016-10-12 15:00:00,142,61,81
2016-10-12 16:00:00,182,109,73
2016-10-12 17:00:00,213,106,107
2016-10-12 18:00:00,133,58,75
2016-10-12 19:00:00,44,18,26
2016-10-12 20:00:00,23,9,14
2016-10-12 21:00:00,8,5,3
2016-10-12 22:00:00,7,2,5
2016-10-12 23:00:00,0,0,0
2016-10-13 00:00:00,2,1,1
2016-10-13 01:00:00,2,0,2
2016-10-13 02:00:00,0,0,0
2016-10-13 03:00:00,0,0,0
2016-10-13 04:00:00,1,0,1
2016-10-13 05:00:00,17,12,5
2016-10-13 06:00:00,47,26,21
2016-10-13 07:00:00,46,24,22
2016-10-13 08:00:00,35,17,18
2016-10-13 09:00:00,28,13,15
2016-10-13 10:00:00,28,13,15
2016-10-13 11:00:00,73,41,32
2016-10-13 12:00:00,76,32,44
2016-10-13 13:00:00,46,26,20
2016-10-13 14:00:00,36,14,22
2016-10-13 15:00:00,34,15,19
2016-10-13 16:00:00,40,21,19
2016-10-13 17:00:00,39,22,17
2016-10-13 18:00:00,28,14,14
2016-10-13 19:00:00,9,4,5
2016-10-13 20:00:00,0,0,0
2016-10-13 21:00:00,2,1,1
2016-10-13 22:00:00,0,0,0
2016-10-13 23:00:00,1,1,0
2016-10-14 00:00:00,0,0,0
2016-10-14 01:00:00,1,1,0
2016-10-14 02:00:00,2,0,2
2016-10-14 03:00:00,3,2,1
2016-10-14 04:00:00,4,2,2
2016-10-14 05:00:00,10,5,5
2016-10-14 06:00:00,15,8,7
2016-10-14 07:00:00,18,8,10
2016-10-14 08:00:00,28,17,11
2016-10-14 09:00:00,23,9,14
2016-10-14 10:00:00,27,15,12
2016-10-14 11:00:00,17,8,9
2016-10-14 12:00:00,31,15,16
2016-10-14 13:00:00,18,10,8
2016-10-14 14:00:00,23,12,11
2016-10-14 15:00:00,86,47,39
2016-10-14 16:00:00,122,56,66
2016-10-14 17:00:00,89,37,52
2016-10-14 18:00:00,61,24,37
2016-10-14 19:00:00,17,8,9
2016-10-14 20:00:00,10,6,4
2016-10-14 21:00:00,9,3,6
2016-10-14 22:00:00,0,0,0
2016-10-14 23:00:00,0,0,0
2016-10-15 00:00:00,0,0,0
2016-10-15 01:00:00,1,1,0
2016-10-15 02:00:00,0,0,0
2016-10-15 03:00:00,1,0,1
2016-10-15 04:00:00,0,0,0
2016-10-15 05:00:00,10,8,2
2016-10-15 06:00:00,15,8,7
2016-10-15 07:00:00,32,15,17
2016-10-15 08:00:00,124,71,53
2016-10-15 09:00:00,101,45,56
2016-10-15 10:00:00,67,27,40
2016-10-15 11:00:00,59,28,31
2016-10-15 12:00:00,41,16,25
2016-10-15 13:00:00,57,27,30
2016-10-15 14:00:00,87,44,43
2016-10-15 15:00:00,83,41,42
2016-10-15 16:00:00,114,46,68
2016-10-15 17:00:00,52,16,36
2016-10-15 18:00:00,18,12,6
2016-10-15 19:00:00,15,4,11
2016-10-15 20:00:00,7,4,3
2016-10-15 21:00:00,1,1,0
2016-10-15 22:00:00,2,1,1
2016-10-15 23:00:00,5,2,3
2016-10-16 00:00:00,2,1,1
2016-10-16 01:00:00,1,0,1
2016-10-16 02:00:00,2,2,0
2016-10-16 03:00:00,0,0,0
2016-10-16 04:00:00,1,0,1
2016-10-16 05:00:00,10,9,1
2016-10-16 06:00:00,11,6,5
2016-10-16 07:00:00,27,12,15
2016-10-16 08:00:00,62,32,30
2016-10-16 09:00:00,97,46,51
2016-10-16 10:00:00,119,49,70
2016-10-16 11:00:00,113,53,60
2016-10-16 12:00:00,70,31,39
2016-10-16 13:00:00,84,37,47
2016-10-16 14:00:00,138,61,77
2016-10-16 15:00:00,173,74,99
2016-10-16 16:00:00,181,103,78
2016-10-16 17:00:00,144,52,92
2016-10-16 18:00:00,28,10,18
2016-10-16 19:00:00,10,4,6
2016-10-16 20:00:00,6,4,2
2016-10-16 21:00:00,3,1,2
2016-10-16 22:00:00,8,4,4
2016-10-16 23:00:00,1,1,0
2016-10-17 00:00:00,0,0,0
2016-10-17 01:00:00,2,1,1
2016-10-17 02:00:00,2,1,1
2016-10-17 03:00:00,0,0,0
2016-10-17 04:00:00,8,5,3
2016-10-17 05:00:00,11,3,8
2016-10-17 06:00:00,50,29,21
2016-10-17 07:00:00,65,35,30
2016-10-17 08:00:00,105,56,49
2016-10-17 09:00:00,69,31,38
2016-10-17 10:00:00,62,21,41
2016-10-17 11:00:00,140,83,57
2016-10-17 12:00:00,201,93,108
2016-10-17 13:00:00,95,50,45
2016-10-17 14:00:00,132,65,67
2016-10-17 15:00:00,136,67,69
2016-10-17 16:00:00,192,109,83
2016-10-17 17:00:00,261,147,114
2016-10-17 18:00:00,148,57,91
2016-10-17 19:00:00,38,17,21
2016-10-17 20:00:00,18,10,8
2016-10-17 21:00:00,14,7,7
2016-10-17 22:00:00,7,3,4
2016-10-17 23:00:00,2,0,2
2016-10-18 00:00:00,3,3,0
2016-10-18 01:00:00,2,2,0
2016-10-18 02:00:00,3,1,2
2016-10-18 03:00:00,3,1,2
2016-10-18 04:00:00,1,0,1
2016-10-18 05:00:00,28,16,12
2016-10-18 06:00:00,96,47,49
2016-10-18 07:00:00,101,47,54
2016-10-18 08:00:00,74,45,29
2016-10-18 09:00:00,112,55,57
2016-10-18 10:00:00,86,39,47
2016-10-18 11:00:00,215,114,101
2016-10-18 12:00:00,263,131,132
2016-10-18 13:00:00,170,92,78
2016-10-18 14:00:00,143,77,66
2016-10-18 15:00:00,163,83,80
2016-10-18 16:00:00,173,87,86
2016-10-18 17:00:00,286,155,131
2016-10-18 18:00:00,160,68,92
2016-10-18 19:00:00,39,17,22
2016-10-18 20:00:00,21,11,10
2016-10-18 21:00:00,9,4,5
2016-10-18 22:00:00,14,7,7
2016-10-18 23:00:00,2,2,0
2016-10-19 00:00:00,3,3,0
2016-10-19 01:00:00,2,0,2
2016-10-19 02:00:00,1,0,1
2016-10-19 03:00:00,2,1,1
2016-10-19 04:00:00,8,6,2
2016-10-19 05:00:00,41,21,20
2016-10-19 06:00:00,124,64,60
2016-10-19 07:00:00,131,65,66
2016-10-19 08:00:00,89,44,45
2016-10-19 09:00:00,103,51,52
2016-10-19 10:00:00,118,64,54
2016-10-19 11:00:00,201,98,103
2016-10-19 12:00:00,269,131,138
2016-10-19 13:00:00,121,53,68
2016-10-19 14:00:00,119,58,61
2016-10-19 15:00:00,128,59,69
2016-10-19 16:00:00,166,88,78
2016-10-19 17:00:00,123,63,60
2016-10-19 18:00:00,114,68,46
2016-10-19 19:00:00,44,7,37
2016-10-19 20:00:00,8,3,5
2016-10-19 21:00:00,2,2,0
2016-10-19 22:00:00,5,3,2
2016-10-19 23:00:00,2,0,2
2016-10-20 00:00:00,1,1,0
2016-10-20 01:00:00,0,0,0
2016-10-20 02:00:00,0,0,0
2016-10-20 03:00:00,0,0,0
2016-10-20 04:00:00,1,0,1
2016-10-20 05:00:00,13,8,5
2016-10-20 06:00:00,38,19,19
2016-10-20 07:00:00,33,14,19
2016-10-20 08:00:00,36,20,16
2016-10-20 09:00:00,7,6,1
2016-10-20 10:00:00,7,6,1
2016-10-20 11:00:00,23,19,4
2016-10-20 12:00:00,54,47,7
2016-10-20 13:00:00,35,27,8
2016-10-20 14:00:00,36,26,10
2016-10-20 15:00:00,49,42,7
2016-10-20 16:00:00,87,59,28
2016-10-20 17:00:00,217,119,98
2016-10-20 18:00:00,93,36,57
2016-10-20 19:00:00,26,10,16
2016-10-20 20:00:00,13,8,5
2016-10-20 21:00:00,11,4,7
2016-10-20 22:00:00,3,2,1
2016-10-20 23:00:00,1,0,1
2016-10-21 00:00:00,0,0,0
2016-10-21 01:00:00,0,0,0
2016-10-21 02:00:00,0,0,0
2016-10-21 03:00:00,2,1,1
2016-10-21 04:00:00,2,1,1
2016-10-21 05:00:00,19,12,7
2016-10-21 06:00:00,80,47,33
2016-10-21 07:00:00,103,53,50
2016-10-21 08:00:00,111,47,64
2016-10-21 09:00:00,89,41,48
2016-10-21 10:00:00,132,58,74
2016-10-21 11:00:00,147,77,70
2016-10-21 12:00:00,230,125,105
2016-10-21 13:00:00,122,54,68
2016-10-21 14:00:00,135,70,65
2016-10-21 15:00:00,119,53,66
2016-10-21 16:00:00,121,59,62
2016-10-21 17:00:00,104,46,58
2016-10-21 18:00:00,49,24,25
2016-10-21 19:00:00,30,12,18
2016-10-21 20:00:00,9,4,5
2016-10-21 21:00:00,4,2,2
2016-10-21 22:00:00,16,6,10
2016-10-21 23:00:00,2,1,1
2016-10-22 00:00:00,2,1,1
2016-10-22 01:00:00,1,1,0
2016-10-22 02:00:00,1,0,1
2016-10-22 03:00:00,2,2,0
2016-10-22 04:00:00,7,1,6
2016-10-22 05:00:00,2,1,1
2016-10-22 06:00:00,27,18,9
2016-10-22 07:00:00,90,48,42
2016-10-22 08:00:00,168,87,81
2016-10-22 09:00:00,170,92,78
2016-10-22 10:00:00,244,112,132
2016-10-22 11:00:00,231,121,110
2016-10-22 12:00:00,219,100,119
2016-10-22 13:00:00,261,135,126
2016-10-22 14:00:00,287,129,158
2016-10-22 15:00:00,339,153,186
2016-10-22 16:00:00,265,101,164
2016-10-22 17:00:00,216,93,123
2016-10-22 18:00:00,60,25,35
2016-10-22 19:00:00,14,8,6
2016-10-22 20:00:00,11,5,6
2016-10-22 21:00:00,5,2,3
2016-10-22 22:00:00,7,3,4
2016-10-22 23:00:00,9,6,3
2016-10-23 00:00:00,1,0,1
2016-10-23 01:00:00,1,0,1
2016-10-23 02:00:00,0,0,0
2016-10-23 03:00:00,0,0,0
2016-10-23 04:00:00,1,1,0
2016-10-23 05:00:00,5,2,3
2016-10-23 06:00:00,17,12,5
2016-10-23 07:00:00,49,23,26
2016-10-23 08:00:00,101,61,40
2016-10-23 09:00:00,181,101,80
2016-10-23 10:00:00,237,126,111
2016-10-23 11:00:00,177,86,91
2016-10-23 12:00:00,227,103,124
2016-10-23 13:00:00,254,117,137
2016-10-23 14:00:00,256,139,117
2016-10-23 15:00:00,231,106,125
2016-10-23 16:00:00,198,98,100
2016-10-23 17:00:00,155,70,85
2016-10-23 18:00:00,58,21,37
2016-10-23 19:00:00,11,5,6
2016-10-23 20:00:00,6,4,2
2016-10-23 21:00:00,10,6,4
2016-10-23 22:00:00,8,5,3
2016-10-23 23:00:00,2,1,1
2016-10-24 00:00:00,6,3,3
2016-10-24 01:00:00,7,1,6
2016-10-24 02:00:00,2,2,0
2016-10-24 03:00:00,1,1,0
2016-10-24 04:00:00,8,6,2
2016-10-24 05:00:00,20,12,8
2016-10-24 06:00:00,82,43,39
2016-10-24 07:00:00,77,36,41
2016-10-24 08:00:00,87,47,40
2016-10-24 09:00:00,86,41,45
2016-10-24 10:00:00,69,30,39
2016-10-24 11:00:00,219,117,102
2016-10-24 12:00:00,199,85,114
2016-10-24 13:00:00,136,69,67
2016-10-24 14:00:00,96,48,48
2016-10-24 15:00:00,81,34,47
2016-10-24 16:00:00,84,45,39
2016-10-24 17:00:00,60,36,24
2016-10-24 18:00:00,33,18,15
2016-10-24 19:00:00,20,10,10
2016-10-24 20:00:00,4,3,1
2016-10-24 21:00:00,11,7,4
2016-10-24 22:00:00,4,2,2
2016-10-24 23:00:00,3,1,2
2016-10-25 00:00:00,2,2,0
2016-10-25 01:00:00,0,0,0
2016-10-25 02:00:00,2,1,1
2016-10-25 03:00:00,2,2,0
2016-10-25 04:00:00,7,4,3
2016-10-25 05:00:00,35,21,14
2016-10-25 06:00:00,92,44,48
2016-10-25 07:00:00,105,53,52
2016-10-25 08:00:00,99,45,54
2016-10-25 09:00:00,81,37,44
2016-10-25 10:00:00,94,54,40
2016-10-25 11:00:00,228,128,100
2016-10-25 12:00:00,236,109,127
2016-10-25 13:00:00,171,89,82
2016-10-25 14:00:00,202,129,73
2016-10-25 15:00:00,210,116,94
2016-10-25 16:00:00,203,101,102
2016-10-25 17:00:00,260,136,124
2016-10-25 18:00:00,113,47,66
2016-10-25 19:00:00,38,20,18
2016-10-25 20:00:00,14,7,7
2016-10-25 21:00:00,14,6,8
2016-10-25 22:00:00,2,1,1
2016-10-25 23:00:00,2,1,1
2016-10-26 00:00:00,2,2,0
2016-10-26 01:00:00,0,0,0
2016-10-26 02:00:00,0,0,0
2016-10-26 03:00:00,2,1,1
2016-10-26 04:00:00,9,4,5
2016-10-26 05:00:00,48,33,15
2016-10-26 06:00:00,88,40,48
2016-10-26 07:00:00,68,36,32
2016-10-26 08:00:00,37,16,21
2016-10-26 09:00:00,20,9,11
2016-10-26 10:00:00,25,12,13
2016-10-26 11:00:00,84,46,38
2016-10-26 12:00:00,104,48,56
2016-10-26 13:00:00,31,14,17
2016-10-26 14:00:00,34,16,18
2016-10-26 15:00:00,26,13,13
2016-10-26 16:00:00,60,30,30
2016-10-26 17:00:00,68,33,35
2016-10-26 18:00:00,39,22,17
2016-10-26 19:00:00,17,9,8
2016-10-26 20:00:00,15,8,7
2016-10-26 21:00:00,4,2,2
2016-10-26 22:00:00,0,0,0
2016-10-26 23:00:00,4,3,1
2016-10-27 00:00:00,2,1,1
2016-10-27 01:00:00,1,1,0
2016-10-27 02:00:00,4,3,1
2016-10-27 03:00:00,2,0,2
2016-10-27 04:00:00,5,2,3
2016-10-27 05:00:00,37,24,13
2016-10-27 06:00:00,90,46,44
2016-10-27 07:00:00,113,53,60
2016-10-27 08:00:00,98,52,46
2016-10-27 09:00:00,106,52,54
2016-10-27 10:00:00,91,40,51
2016-10-27 11:00:00,164,89,75
2016-10-27 12:00:00,210,97,113
2016-10-27 13:00:00,142,70,72
2016-10-27 14:00:00,91,35,56
2016-10-27 15:00:00,93,52,41
2016-10-27 16:00:00,135,64,71
2016-10-27 17:00:00,171,88,83
2016-10-27 18:00:00,51,25,26
2016-10-27 19:00:00,39,33,6
2016-10-27 20:00:00,8,5,3
2016-10-27 21:00:00,8,2,6
2016-10-27 22:00:00,4,2,2
2016-10-27 23:00:00,0,0,0
2016-10-28 00:00:00,0,0,0
2016-10-28 01:00:00,0,0,0
2016-10-28 02:00:00,0,0,0
2016-10-28 03:00:00,0,0,0
2016-10-28 04:00:00,4,2,2
2016-10-28 05:00:00,33,18,15
2016-10-28 06:00:00,80,43,37
2016-10-28 07:00:00,101,48,53
2016-10-28 08:00:00,104,52,52
2016-10-28 09:00:00,88,36,52
2016-10-28 10:00:00,118,68,50
2016-10-28 11:00:00,198,111,87
2016-10-28 12:00:00,291,127,164
2016-10-28 13:00:00,139,63,76
2016-10-28 14:00:00,145,69,76
2016-10-28 15:00:00,206,103,103
2016-10-28 16:00:00,243,115,128
2016-10-28 17:00:00,270,132,138
2016-10-28 18:00:00,100,31,69
2016-10-28 19:00:00,24,11,13
2016-10-28 20:00:00,13,6,7
2016-10-28 21:00:00,12,6,6
2016-10-28 22:00:00,7,5,2
2016-10-28 23:00:00,3,2,1
2016-10-29 00:00:00,4,2,2
2016-10-29 01:00:00,4,2,2
2016-10-29 02:00:00,2,0,2
2016-10-29 03:00:00,3,2,1
2016-10-29 04:00:00,2,0,2
2016-10-29 05:00:00,11,7,4
2016-10-29 06:00:00,13,8,5
2016-10-29 07:00:00,59,33,26
2016-10-29 08:00:00,72,36,36
2016-10-29 09:00:00,80,49,31
2016-10-29 10:00:00,66,34,32
2016-10-29 11:00:00,69,27,42
2016-10-29 12:00:00,62,31,31
2016-10-29 13:00:00,147,87,60
2016-10-29 14:00:00,157,64,93
2016-10-29 15:00:00,202,95,107
2016-10-29 16:00:00,215,90,125
2016-10-29 17:00:00,219,86,133
2016-10-29 18:00:00,57,27,30
2016-10-29 19:00:00,10,4,6
2016-10-29 20:00:00,9,6,3
2016-10-29 21:00:00,10,5,5
2016-10-29 22:00:00,0,0,0
2016-10-29 23:00:00,5,3,2
2016-10-30 00:00:00,2,1,1
2016-10-30 01:00:00,2,1,1
2016-10-30 02:00:00,1,0,1
2016-10-30 03:00:00,2,1,1
2016-10-30 04:00:00,1,1,0
2016-10-30 05:00:00,8,6,2
2016-10-30 06:00:00,8,5,3
2016-10-30 07:00:00,49,31,18
2016-10-30 08:00:00,127,67,60
2016-10-30 09:00:00,170,78,92
2016-10-30 10:00:00,170,83,87
2016-10-30 11:00:00,134,63,71
2016-10-30 12:00:00,131,61,70
2016-10-30 13:00:00,124,57,67
2016-10-30 14:00:00,91,41,50
2016-10-30 15:00:00,92,41,51
2016-10-30 16:00:00,98,45,53
2016-10-30 17:00:00,65,29,36
2016-10-30 18:00:00,11,7,4
2016-10-30 19:00:00,8,5,3
2016-10-30 20:00:00,4,4,0
2016-10-30 21:00:00,2,0,2
2016-10-30 22:00:00,0,0,0
2016-10-30 23:00:00,2,1,1
2016-10-31 00:00:00,0,0,0
2016-10-31 01:00:00,0,0,0
2016-10-31 02:00:00,2,2,0
2016-10-31 03:00:00,0,0,0
2016-10-31 04:00:00,3,2,1
2016-10-31 05:00:00,16,8,8
2016-10-31 06:00:00,60,35,25
2016-10-31 07:00:00,53,20,33
2016-10-31 08:00:00,21,12,9
2016-10-31 09:00:00,18,8,10
2016-10-31 10:00:00,36,21,15
2016-10-31 11:00:00,102,56,46
2016-10-31 12:00:00,152,70,82
2016-10-31 13:00:00,88,34,54
2016-10-31 14:00:00,88,34,54
2016-10-31 15:00:00,62,35,27
2016-10-31 16:00:00,130,66,64
2016-10-31 17:00:00,181,95,86
2016-10-31 18:00:00,33,13,20
2016-10-31 19:00:00,14,8,6
2016-10-31 20:00:00,7,2,5
2016-10-31 21:00:00,4,3,1
2016-10-31 22:00:00,1,1,0
2016-10-31 23:00:00,7,5,2
2016-11-01 00:00:00,2,2,0
2016-11-01 01:00:00,1,1,0
2016-11-01 02:00:00,0,0,0
2016-11-01 03:00:00,1,1,0
2016-11-01 04:00:00,1,0,1
2016-11-01 05:00:00,18,10,8
2016-11-01 06:00:00,56,30,26
2016-11-01 07:00:00,58,26,32
2016-11-01 08:00:00,43,21,22
2016-11-01 09:00:00,45,21,24
2016-11-01 10:00:00,35,19,16
2016-11-01 11:00:00,115,58,57
2016-11-01 12:00:00,158,80,78
2016-11-01 13:00:00,117,55,62
2016-11-01 14:00:00,80,37,43
2016-11-01 15:00:00,94,53,41
2016-11-01 16:00:00,162,81,81
2016-11-01 17:00:00,115,57,58
2016-11-01 18:00:00,44,19,25
2016-11-01 19:00:00,21,13,8
2016-11-01 20:00:00,8,4,4
2016-11-01 21:00:00,5,4,1
2016-11-01 22:00:00,2,0,2
2016-11-01 23:00:00,0,0,0
2016-11-02 00:00:00,2,2,0
2016-11-02 01:00:00,1,0,1
2016-11-02 02:00:00,3,0,3
2016-11-02 03:00:00,2,2,0
2016-11-02 04:00:00,5,4,1
2016-11-02 05:00:00,18,10,8
2016-11-02 06:00:00,64,34,30
2016-11-02 07:00:00,48,21,27
2016-11-02 08:00:00,34,14,20
2016-11-02 09:00:00,24,12,12
2016-11-02 10:00:00,57,29,28
2016-11-02 11:00:00,99,56,43
2016-11-02 12:00:00,103,46,57
2016-11-02 13:00:00,61,32,29
2016-11-02 14:00:00,95,53,42
2016-11-02 15:00:00,71,30,41
2016-11-02 16:00:00,154,73,81
2016-11-02 17:00:00,142,74,68
2016-11-02 18:00:00,59,25,34
2016-11-02 19:00:00,30,16,14
2016-11-02 20:00:00,10,5,5
2016-11-02 21:00:00,2,1,1
2016-11-02 22:00:00,0,0,0
2016-11-02 23:00:00,1,1,0
2016-11-03 00:00:00,6,2,4
2016-11-03 01:00:00,0,0,0
2016-11-03 02:00:00,0,0,0
2016-11-03 03:00:00,0,0,0
2016-11-03 04:00:00,5,2,3
2016-11-03 05:00:00,24,17,7
2016-11-03 06:00:00,67,36,31
2016-11-03 07:00:00,88,36,52
2016-11-03 08:00:00,90,50,40
2016-11-03 09:00:00,89,41,48
2016-11-03 10:00:00,119,70,49
2016-11-03 11:00:00,254,144,110
2016-11-03 12:00:00,355,176,179
2016-11-03 13:00:00,175,91,84
2016-11-03 14:00:00,187,96,91
2016-11-03 15:00:00,216,112,104
2016-11-03 16:00:00,314,163,151
2016-11-03 17:00:00,317,157,160
2016-11-03 18:00:00,160,69,91
2016-11-03 19:00:00,33,15,18
2016-11-03 20:00:00,16,8,8
2016-11-03 21:00:00,8,4,4
2016-11-03 22:00:00,2,2,0
2016-11-03 23:00:00,2,1,1
2016-11-04 00:00:00,1,1,0
2016-11-04 01:00:00,0,0,0
2016-11-04 02:00:00,0,0,0
2016-11-04 03:00:00,0,0,0
2016-11-04 04:00:00,1,0,1
2016-11-04 05:00:00,28,15,13
2016-11-04 06:00:00,65,36,29
2016-11-04 07:00:00,117,61,56
2016-11-04 08:00:00,110,50,60
2016-11-04 09:00:00,109,44,65
2016-11-04 10:00:00,108,54,54
2016-11-04 11:00:00,207,118,89
2016-11-04 12:00:00,248,117,131
2016-11-04 13:00:00,209,100,109
2016-11-04 14:00:00,161,74,87
2016-11-04 15:00:00,189,103,86
2016-11-04 16:00:00,187,99,88
2016-11-04 17:00:00,193,99,94
2016-11-04 18:00:00,66,30,36
2016-11-04 19:00:00,25,8,17
2016-11-04 20:00:00,13,6,7
2016-11-04 21:00:00,7,4,3
2016-11-04 22:00:00,14,8,6
2016-11-04 23:00:00,7,2,5
2016-11-05 00:00:00,1,0,1
2016-11-05 01:00:00,3,2,1
2016-11-05 02:00:00,0,0,0
2016-11-05 03:00:00,1,0,1
2016-11-05 04:00:00,0,0,0
2016-11-05 05:00:00,4,3,1
2016-11-05 06:00:00,15,8,7
2016-11-05 07:00:00,33,18,15
2016-11-05 08:00:00,51,23,28
2016-11-05 09:00:00,74,40,34
2016-11-05 10:00:00,45,21,24
2016-11-05 11:00:00,45,26,19
2016-11-05 12:00:00,56,32,24
2016-11-05 13:00:00,83,37,46
2016-11-05 14:00:00,63,26,37
2016-11-05 15:00:00,59,27,32
2016-11-05 16:00:00,67,34,33
2016-11-05 17:00:00,26,5,21
2016-11-05 18:00:00,12,8,4
2016-11-05 19:00:00,4,1,3
2016-11-05 20:00:00,6,3,3
2016-11-05 21:00:00,7,4,3
2016-11-05 22:00:00,2,0,2
2016-11-05 23:00:00,5,3,2
2016-11-06 00:00:00,3,1,2
2016-11-06 01:00:00,1,1,0
2016-11-06 02:00:00,0,0,0
2016-11-06 03:00:00,1,0,1
2016-11-06 04:00:00,1,1,0
2016-11-06 05:00:00,10,5,5
2016-11-06 06:00:00,26,17,9
2016-11-06 07:00:00,130,72,58
2016-11-06 08:00:00,307,169,138
2016-11-06 09:00:00,237,116,121
2016-11-06 10:00:00,247,123,124
2016-11-06 11:00:00,268,131,137
2016-11-06 12:00:00,288,139,149
2016-11-06 13:00:00,421,230,191
2016-11-06 14:00:00,485,283,202
2016-11-06 15:00:00,352,160,192
2016-11-06 16:00:00,216,81,135
2016-11-06 17:00:00,39,16,23
2016-11-06 18:00:00,13,6,7
2016-11-06 19:00:00,8,5,3
2016-11-06 20:00:00,10,4,6
2016-11-06 21:00:00,2,1,1
2016-11-06 22:00:00,2,2,0
2016-11-06 23:00:00,5,4,1
2016-11-07 00:00:00,0,0,0
2016-11-07 01:00:00,0,0,0
2016-11-07 02:00:00,2,2,0
2016-11-07 03:00:00,1,0,1
2016-11-07 04:00:00,5,4,1
2016-11-07 05:00:00,22,16,6
2016-11-07 06:00:00,71,40,31
2016-11-07 07:00:00,109,53,56
2016-11-07 08:00:00,88,47,41
2016-11-07 09:00:00,95,41,54
2016-11-07 10:00:00,88,37,51
2016-11-07 11:00:00,172,93,79
2016-11-07 12:00:00,237,105,132
2016-11-07 13:00:00,126,72,54
2016-11-07 14:00:00,111,57,54
2016-11-07 15:00:00,135,59,76
2016-11-07 16:00:00,138,69,69
2016-11-07 17:00:00,93,51,42
2016-11-07 18:00:00,34,16,18
2016-11-07 19:00:00,10,4,6
2016-11-07 20:00:00,12,4,8
2016-11-07 21:00:00,12,10,2
2016-11-07 22:00:00,5,2,3
2016-11-07 23:00:00,0,0,0
2016-11-08 00:00:00,2,2,0
2016-11-08 01:00:00,1,0,1
2016-11-08 02:00:00,0,0,0
2016-11-08 03:00:00,5,4,1
2016-11-08 04:00:00,9,5,4
2016-11-08 05:00:00,63,49,14
2016-11-08 06:00:00,184,85,99
2016-11-08 07:00:00,160,61,99
2016-11-08 08:00:00,112,56,56
2016-11-08 09:00:00,128,66,62
2016-11-08 10:00:00,139,68,71
2016-11-08 11:00:00,313,168,145
2016-11-08 12:00:00,429,216,213
2016-11-08 13:00:00,322,175,147
2016-11-08 14:00:00,403,258,145
2016-11-08 15:00:00,334,196,138
2016-11-08 16:00:00,282,138,144
2016-11-08 17:00:00,107,48,59
2016-11-08 18:00:00,55,21,34
2016-11-08 19:00:00,31,16,15
2016-11-08 20:00:00,12,9,3
2016-11-08 21:00:00,10,6,4
2016-11-08 22:00:00,8,4,4
2016-11-08 23:00:00,0,0,0
2016-11-09 00:00:00,4,3,1
2016-11-09 01:00:00,0,0,0
2016-11-09 02:00:00,2,2,0
2016-11-09 03:00:00,2,2,0
2016-11-09 04:00:00,7,4,3
2016-11-09 05:00:00,27,19,8
2016-11-09 06:00:00,92,42,50
2016-11-09 07:00:00,74,34,40
2016-11-09 08:00:00,54,25,29
2016-11-09 09:00:00,46,23,23
2016-11-09 10:00:00,58,34,24
2016-11-09 11:00:00,186,103,83
2016-11-09 12:00:00,219,105,114
2016-11-09 13:00:00,147,71,76
2016-11-09 14:00:00,127,64,63
2016-11-09 15:00:00,191,101,90
2016-11-09 16:00:00,221,103,118
2016-11-09 17:00:00,91,38,53
2016-11-09 18:00:00,52,29,23
2016-11-09 19:00:00,16,7,9
2016-11-09 20:00:00,24,15,9
2016-11-09 21:00:00,4,2,2
2016-11-09 22:00:00,3,1,2
2016-11-09 23:00:00,3,2,1
2016-11-10 00:00:00,1,0,1
2016-11-10 01:00:00,2,1,1
2016-11-10 02:00:00,1,0,1
2016-11-10 03:00:00,0,0,0
2016-11-10 04:00:00,5,2,3
2016-11-10 05:00:00,28,19,9
2016-11-10 06:00:00,114,60,54
2016-11-10 07:00:00,140,62,78
2016-11-10 08:00:00,93,43,50
2016-11-10 09:00:00,81,38,43
2016-11-10 10:00:00,75,31,44
2016-11-10 11:00:00,197,116,81
2016-11-10 12:00:00,298,139,159
2016-11-10 13:00:00,189,105,84
2016-11-10 14:00:00,183,88,95
2016-11-10 15:00:00,183,86,97
2016-11-10 16:00:00,187,85,102
2016-11-10 17:00:00,106,58,48
2016-11-10 18:00:00,48,22,26
2016-11-10 19:00:00,13,9,4
2016-11-10 20:00:00,18,13,5
2016-11-10 21:00:00,8,4,4
2016-11-10 22:00:00,6,2,4
2016-11-10 23:00:00,7,4,3
2016-11-11 00:00:00,2,1,1
2016-11-11 01:00:00,1,0,1
2016-11-11 02:00:00,2,1,1
2016-11-11 03:00:00,0,0,0
2016-11-11 04:00:00,3,1,2
2016-11-11 05:00:00,35,23,12
2016-11-11 06:00:00,106,58,48
2016-11-11 07:00:00,171,81,90
2016-11-11 08:00:00,134,72,62
2016-11-11 09:00:00,117,46,71
2016-11-11 10:00:00,112,60,52
2016-11-11 11:00:00,182,75,107
2016-11-11 12:00:00,235,109,126
2016-11-11 13:00:00,151,73,78
2016-11-11 14:00:00,199,89,110
2016-11-11 15:00:00,241,106,135
2016-11-11 16:00:00,191,85,106
2016-11-11 17:00:00,67,26,41
2016-11-11 18:00:00,45,21,24
2016-11-11 19:00:00,24,8,16
2016-11-11 20:00:00,12,8,4
2016-11-11 21:00:00,13,7,6
2016-11-11 22:00:00,7,5,2
2016-11-11 23:00:00,15,7,8
2016-11-12 00:00:00,7,3,4
2016-11-12 01:00:00,7,7,0
2016-11-12 02:00:00,5,0,5
2016-11-12 03:00:00,0,0,0
2016-11-12 04:00:00,0,0,0
2016-11-12 05:00:00,3,2,1
2016-11-12 06:00:00,82,49,33
2016-11-12 07:00:00,80,42,38
2016-11-12 08:00:00,106,55,51
2016-11-12 09:00:00,99,43,56
2016-11-12 10:00:00,104,59,45
2016-11-12 11:00:00,107,43,64
2016-11-12 12:00:00,144,72,72
2016-11-12 13:00:00,159,74,85
2016-11-12 14:00:00,137,57,80
2016-11-12 15:00:00,158,69,89
2016-11-12 16:00:00,114,49,65
2016-11-12 17:00:00,39,15,24
2016-11-12 18:00:00,30,18,12
2016-11-12 19:00:00,15,4,11
2016-11-12 20:00:00,9,6,3
2016-11-12 21:00:00,7,3,4
2016-11-12 22:00:00,18,13,5
2016-11-12 23:00:00,4,2,2
2016-11-13 00:00:00,2,2,0
2016-11-13 01:00:00,1,0,1
2016-11-13 02:00:00,11,5,6
2016-11-13 03:00:00,1,0,1
2016-11-13 04:00:00,0,0,0
2016-11-13 05:00:00,19,15,4
2016-11-13 06:00:00,52,28,24
2016-11-13 07:00:00,90,44,46
2016-11-13 08:00:00,96,57,39
2016-11-13 09:00:00,102,44,58
2016-11-13 10:00:00,180,94,86
2016-11-13 11:00:00,168,90,78
2016-11-13 12:00:00,96,45,51
2016-11-13 13:00:00,115,54,61
2016-11-13 14:00:00,113,59,54
2016-11-13 15:00:00,115,54,61
2016-11-13 16:00:00,127,52,75
2016-11-13 17:00:00,31,13,18
2016-11-13 18:00:00,9,4,5
2016-11-13 19:00:00,7,2,5
2016-11-13 20:00:00,7,5,2
2016-11-13 21:00:00,2,0,2
2016-11-13 22:00:00,5,2,3
2016-11-13 23:00:00,8,3,5
2016-11-14 00:00:00,0,0,0
2016-11-14 01:00:00,0,0,0
2016-11-14 02:00:00,1,1,0
2016-11-14 03:00:00,0,0,0
2016-11-14 04:00:00,3,1,2
2016-11-14 05:00:00,19,13,6
2016-11-14 06:00:00,84,46,38
2016-11-14 07:00:00,112,56,56
2016-11-14 08:00:00,88,40,48
2016-11-14 09:00:00,81,41,40
2016-11-14 10:00:00,112,52,60
2016-11-14 11:00:00,221,126,95
2016-11-14 12:00:00,261,125,136
2016-11-14 13:00:00,173,100,73
2016-11-14 14:00:00,186,82,104
2016-11-14 15:00:00,190,91,99
2016-11-14 16:00:00,161,75,86
2016-11-14 17:00:00,100,54,46
2016-11-14 18:00:00,59,31,28
2016-11-14 19:00:00,41,23,18
2016-11-14 20:00:00,26,13,13
2016-11-14 21:00:00,12,4,8
2016-11-14 22:00:00,10,5,5
2016-11-14 23:00:00,2,1,1
2016-11-15 00:00:00,2,1,1
2016-11-15 01:00:00,0,0,0
2016-11-15 02:00:00,0,0,0
2016-11-15 03:00:00,2,0,2
2016-11-15 04:00:00,4,2,2
2016-11-15 05:00:00,21,13,8
2016-11-15 06:00:00,93,46,47
2016-11-15 07:00:00,101,49,52
2016-11-15 08:00:00,83,42,41
2016-11-15 09:00:00,79,39,40
2016-11-15 10:00:00,87,44,43
2016-11-15 11:00:00,197,105,92
2016-11-15 12:00:00,246,118,128
2016-11-15 13:00:00,123,62,61
2016-11-15 14:00:00,84,37,47
2016-11-15 15:00:00,40,16,24
2016-11-15 16:00:00,82,37,45
2016-11-15 17:00:00,48,31,17
2016-11-15 18:00:00,34,19,15
2016-11-15 19:00:00,6,3,3
2016-11-15 20:00:00,5,1,4
2016-11-15 21:00:00,5,5,0
2016-11-15 22:00:00,2,2,0
2016-11-15 23:00:00,3,2,1
2016-11-16 00:00:00,2,2,0
2016-11-16 01:00:00,0,0,0
2016-11-16 02:00:00,0,0,0
2016-11-16 03:00:00,2,2,0
2016-11-16 04:00:00,10,5,5
2016-11-16 05:00:00,34,21,13
2016-11-16 06:00:00,104,49,55
2016-11-16 07:00:00,108,55,53
2016-11-16 08:00:00,96,46,50
2016-11-16 09:00:00,66,34,32
2016-11-16 10:00:00,78,47,31
2016-11-16 11:00:00,154,82,72
2016-11-16 12:00:00,202,86,116
2016-11-16 13:00:00,118,53,65
2016-11-16 14:00:00,100,49,51
2016-11-16 15:00:00,155,75,80
2016-11-16 16:00:00,141,69,72
2016-11-16 17:00:00,80,38,42
2016-11-16 18:00:00,39,22,17
2016-11-16 19:00:00,25,15,10
2016-11-16 20:00:00,14,6,8
2016-11-16 21:00:00,6,4,2
2016-11-16 22:00:00,4,3,1
2016-11-16 23:00:00,2,0,2
2016-11-17 00:00:00,0,0,0
2016-11-17 01:00:00,0,0,0
2016-11-17 02:00:00,0,0,0
2016-11-17 03:00:00,4,2,2
2016-11-17 04:00:00,8,4,4
2016-11-17 05:00:00,21,16,5
2016-11-17 06:00:00,102,53,49
2016-11-17 07:00:00,128,55,73
2016-11-17 08:00:00,100,51,49
2016-11-17 09:00:00,115,58,57
2016-11-17 10:00:00,72,36,36
2016-11-17 11:00:00,179,100,79
2016-11-17 12:00:00,245,118,127
2016-11-17 13:00:00,194,123,71
2016-11-17 14:00:00,193,107,86
2016-11-17 15:00:00,237,134,103
2016-11-17 16:00:00,160,69,91
2016-11-17 17:00:00,54,25,29
2016-11-17 18:00:00,46,29,17
2016-11-17 19:00:00,13,6,7
2016-11-17 20:00:00,7,3,4
2016-11-17 21:00:00,5,1,4
2016-11-17 22:00:00,7,2,5
2016-11-17 23:00:00,4,2,2
2016-11-18 00:00:00,2,0,2
2016-11-18 01:00:00,0,0,0
2016-11-18 02:00:00,0,0,0
2016-11-18 03:00:00,0,0,0
2016-11-18 04:00:00,5,2,3
2016-11-18 05:00:00,18,9,9
2016-11-18 06:00:00,73,40,33
2016-11-18 07:00:00,130,55,75
2016-11-18 08:00:00,83,36,47
2016-11-18 09:00:00,77,42,35
2016-11-18 10:00:00,74,36,38
2016-11-18 11:00:00,140,73,67
2016-11-18 12:00:00,215,96,119
2016-11-18 13:00:00,93,44,49
2016-11-18 14:00:00,99,52,47
2016-11-18 15:00:00,105,49,56
2016-11-18 16:00:00,102,47,55
2016-11-18 17:00:00,32,19,13
2016-11-18 18:00:00,31,16,15
2016-11-18 19:00:00,18,7,11
2016-11-18 20:00:00,26,14,12
2016-11-18 21:00:00,10,6,4
2016-11-18 22:00:00,5,3,2
2016-11-18 23:00:00,4,1,3
2016-11-19 00:00:00,0,0,0
2016-11-19 01:00:00,2,1,1
2016-11-19 02:00:00,7,1,6
2016-11-19 03:00:00,0,0,0
2016-11-19 04:00:00,0,0,0
2016-11-19 05:00:00,3,2,1
2016-11-19 06:00:00,28,18,10
2016-11-19 07:00:00,72,40,32
2016-11-19 08:00:00,78,39,39
2016-11-19 09:00:00,100,53,47
2016-11-19 10:00:00,170,87,83
2016-11-19 11:00:00,132,64,68
2016-11-19 12:00:00,108,53,55
2016-11-19 13:00:00,112,59,53
2016-11-19 14:00:00,179,90,89
2016-11-19 15:00:00,229,98,131
2016-11-19 16:00:00,113,43,70
2016-11-19 17:00:00,35,15,20
2016-11-19 18:00:00,15,6,9
2016-11-19 19:00:00,20,10,10
2016-11-19 20:00:00,16,6,10
2016-11-19 21:00:00,7,3,4
2016-11-19 22:00:00,3,1,2
2016-11-19 23:00:00,6,5,1
2016-11-20 00:00:00,2,1,1
2016-11-20 01:00:00,2,1,1
2016-11-20 02:00:00,0,0,0
2016-11-20 03:00:00,4,3,1
2016-11-20 04:00:00,0,0,0
2016-11-20 05:00:00,2,1,1
2016-11-20 06:00:00,19,8,11
2016-11-20 07:00:00,68,38,30
2016-11-20 08:00:00,101,56,45
2016-11-20 09:00:00,101,55,46
2016-11-20 10:00:00,109,51,58
2016-11-20 11:00:00,127,66,61
2016-11-20 12:00:00,134,65,69
2016-11-20 13:00:00,88,38,50
2016-11-20 14:00:00,83,37,46
2016-11-20 15:00:00,110,57,53
2016-11-20 16:00:00,87,34,53
2016-11-20 17:00:00,31,15,16
2016-11-20 18:00:00,25,11,14
2016-11-20 19:00:00,9,7,2
2016-11-20 20:00:00,8,6,2
2016-11-20 21:00:00,9,4,5
2016-11-20 22:00:00,3,2,1
2016-11-20 23:00:00,3,3,0
2016-11-21 00:00:00,3,1,2
2016-11-21 01:00:00,3,2,1
2016-11-21 02:00:00,1,1,0
2016-11-21 03:00:00,0,0,0
2016-11-21 04:00:00,4,1,3
2016-11-21 05:00:00,18,12,6
2016-11-21 06:00:00,80,42,38
2016-11-21 07:00:00,76,34,42
2016-11-21 08:00:00,97,48,49
2016-11-21 09:00:00,65,29,36
2016-11-21 10:00:00,103,50,53
2016-11-21 11:00:00,177,99,78
2016-11-21 12:00:00,259,137,122
2016-11-21 13:00:00,175,93,82
2016-11-21 14:00:00,178,106,72
2016-11-21 15:00:00,261,136,125
2016-11-21 16:00:00,132,55,77
2016-11-21 17:00:00,72,38,34
2016-11-21 18:00:00,37,17,20
2016-11-21 19:00:00,22,10,12
2016-11-21 20:00:00,24,11,13
2016-11-21 21:00:00,15,7,8
2016-11-21 22:00:00,1,0,1
2016-11-21 23:00:00,0,0,0
2016-11-22 00:00:00,2,2,0
2016-11-22 01:00:00,0,0,0
2016-11-22 02:00:00,4,2,2
2016-11-22 03:00:00,3,2,1
2016-11-22 04:00:00,3,1,2
2016-11-22 05:00:00,21,15,6
2016-11-22 06:00:00,66,30,36
2016-11-22 07:00:00,80,38,42
2016-11-22 08:00:00,64,28,36
2016-11-22 09:00:00,70,37,33
2016-11-22 10:00:00,72,40,32
2016-11-22 11:00:00,150,82,68
2016-11-22 12:00:00,187,82,105
2016-11-22 13:00:00,113,56,57
2016-11-22 14:00:00,70,34,36
2016-11-22 15:00:00,31,15,16
2016-11-22 16:00:00,35,15,20
2016-11-22 17:00:00,20,11,9
2016-11-22 18:00:00,13,5,8
2016-11-22 19:00:00,6,3,3
2016-11-22 20:00:00,10,4,6
2016-11-22 21:00:00,6,5,1
2016-11-22 22:00:00,1,1,0
2016-11-22 23:00:00,0,0,0
2016-11-23 00:00:00,1,1,0
2016-11-23 01:00:00,0,0,0
2016-11-23 02:00:00,1,0,1
2016-11-23 03:00:00,4,3,1
2016-11-23 04:00:00,5,3,2
2016-11-23 05:00:00,8,6,2
2016-11-23 06:00:00,41,23,18
2016-11-23 07:00:00,64,31,33
2016-11-23 08:00:00,98,47,51
2016-11-23 09:00:00,87,40,47
2016-11-23 10:00:00,104,46,58
2016-11-23 11:00:00,132,67,65
2016-11-23 12:00:00,121,51,70
2016-11-23 13:00:00,65,37,28
2016-11-23 14:00:00,89,42,47
2016-11-23 15:00:00,91,43,48
2016-11-23 16:00:00,41,26,15
2016-11-23 17:00:00,27,13,14
2016-11-23 18:00:00,14,7,7
2016-11-23 19:00:00,6,4,2
2016-11-23 20:00:00,4,1,3
2016-11-23 21:00:00,3,1,2
2016-11-23 22:00:00,0,0,0
2016-11-23 23:00:00,0,0,0
2016-11-24 00:00:00,0,0,0
2016-11-24 01:00:00,0,0,0
2016-11-24 02:00:00,1,0,1
2016-11-24 03:00:00,0,0,0
2016-11-24 04:00:00,0,0,0
2016-11-24 05:00:00,1,0,1
2016-11-24 06:00:00,3,2,1
2016-11-24 07:00:00,40,20,20
2016-11-24 08:00:00,48,24,24
2016-11-24 09:00:00,45,27,18
2016-11-24 10:00:00,65,32,33
2016-11-24 11:00:00,61,30,31
2016-11-24 12:00:00,47,13,34
2016-11-24 13:00:00,25,12,13
2016-11-24 14:00:00,28,15,13
2016-11-24 15:00:00,41,18,23
2016-11-24 16:00:00,20,8,12
2016-11-24 17:00:00,12,10,2
2016-11-24 18:00:00,8,4,4
2016-11-24 19:00:00,1,0,1
2016-11-24 20:00:00,3,1,2
2016-11-24 21:00:00,3,2,1
2016-11-24 22:00:00,0,0,0
2016-11-24 23:00:00,1,0,1
2016-11-25 00:00:00,1,1,0
2016-11-25 01:00:00,0,0,0
2016-11-25 02:00:00,0,0,0
2016-11-25 03:00:00,2,0,2
2016-11-25 04:00:00,0,0,0
2016-11-25 05:00:00,4,2,2
2016-11-25 06:00:00,16,11,5
2016-11-25 07:00:00,75,40,35
2016-11-25 08:00:00,112,56,56
2016-11-25 09:00:00,147,79,68
2016-11-25 10:00:00,203,99,104
2016-11-25 11:00:00,286,134,152
2016-11-25 12:00:00,235,90,145
2016-11-25 13:00:00,211,94,117
2016-11-25 14:00:00,187,79,108
2016-11-25 15:00:00,149,71,78
2016-11-25 16:00:00,105,38,67
2016-11-25 17:00:00,23,9,14
2016-11-25 18:00:00,20,14,6
2016-11-25 19:00:00,12,6,6
2016-11-25 20:00:00,7,2,5
2016-11-25 21:00:00,3,2,1
2016-11-25 22:00:00,6,5,1
2016-11-25 23:00:00,2,1,1
2016-11-26 00:00:00,1,0,1
2016-11-26 01:00:00,1,0,1
2016-11-26 02:00:00,0,0,0
2016-11-26 03:00:00,2,2,0
2016-11-26 04:00:00,0,0,0
2016-11-26 05:00:00,3,2,1
2016-11-26 06:00:00,7,4,3
2016-11-26 07:00:00,34,20,14
2016-11-26 08:00:00,55,23,32
2016-11-26 09:00:00,48,25,23
2016-11-26 10:00:00,50,23,27
2016-11-26 11:00:00,61,26,35
2016-11-26 12:00:00,93,51,42
2016-11-26 13:00:00,134,61,73
2016-11-26 14:00:00,140,68,72
2016-11-26 15:00:00,101,50,51
2016-11-26 16:00:00,51,21,30
2016-11-26 17:00:00,8,4,4
2016-11-26 18:00:00,7,4,3
2016-11-26 19:00:00,5,3,2
2016-11-26 20:00:00,4,3,1
2016-11-26 21:00:00,1,0,1
2016-11-26 22:00:00,3,3,0
2016-11-26 23:00:00,2,1,1
2016-11-27 00:00:00,4,0,4
2016-11-27 01:00:00,0,0,0
2016-11-27 02:00:00,1,1,0
2016-11-27 03:00:00,0,0,0
2016-11-27 04:00:00,2,1,1
2016-11-27 05:00:00,2,2,0
2016-11-27 06:00:00,12,6,6
2016-11-27 07:00:00,57,33,24
2016-11-27 08:00:00,119,69,50
2016-11-27 09:00:00,126,55,71
2016-11-27 10:00:00,144,74,70
2016-11-27 11:00:00,100,39,61
2016-11-27 12:00:00,78,32,46
2016-11-27 13:00:00,58,21,37
2016-11-27 14:00:00,32,19,13
2016-11-27 15:00:00,30,14,16
2016-11-27 16:00:00,30,14,16
2016-11-27 17:00:00,7,3,4
2016-11-27 18:00:00,4,3,1
2016-11-27 19:00:00,4,2,2
2016-11-27 20:00:00,9,4,5
2016-11-27 21:00:00,5,2,3
2016-11-27 22:00:00,3,2,1
2016-11-27 23:00:00,6,4,2
2016-11-28 00:00:00,2,0,2
2016-11-28 01:00:00,0,0,0
2016-11-28 02:00:00,2,2,0
2016-11-28 03:00:00,0,0,0
2016-11-28 04:00:00,2,0,2
2016-11-28 05:00:00,14,12,2
2016-11-28 06:00:00,57,32,25
2016-11-28 07:00:00,68,31,37
2016-11-28 08:00:00,67,29,38
2016-11-28 09:00:00,69,35,34
2016-11-28 10:00:00,96,51,45
2016-11-28 11:00:00,196,115,81
2016-11-28 12:00:00,268,136,132
2016-11-28 13:00:00,152,73,79
2016-11-28 14:00:00,173,75,98
2016-11-28 15:00:00,175,82,93
2016-11-28 16:00:00,132,54,78
2016-11-28 17:00:00,59,35,24
2016-11-28 18:00:00,49,24,25
2016-11-28 19:00:00,12,6,6
2016-11-28 20:00:00,15,7,8
2016-11-28 21:00:00,3,2,1
2016-11-28 22:00:00,4,2,2
2016-11-28 23:00:00,1,0,1
2016-11-29 00:00:00,2,2,0
2016-11-29 01:00:00,0,0,0
2016-11-29 02:00:00,2,1,1
2016-11-29 03:00:00,2,2,0
2016-11-29 04:00:00,3,2,1
2016-11-29 05:00:00,31,19,12
2016-11-29 06:00:00,66,33,33
2016-11-29 07:00:00,103,44,59
2016-11-29 08:00:00,83,38,45
2016-11-29 09:00:00,74,45,29
2016-11-29 10:00:00,112,54,58
2016-11-29 11:00:00,157,93,64
2016-11-29 12:00:00,223,98,125
2016-11-29 13:00:00,121,63,58
2016-11-29 14:00:00,149,79,70
2016-11-29 15:00:00,147,65,82
2016-11-29 16:00:00,117,48,69
2016-11-29 17:00:00,58,34,24
2016-11-29 18:00:00,26,15,11
2016-11-29 19:00:00,17,9,8
2016-11-29 20:00:00,18,10,8
2016-11-29 21:00:00,4,3,1
2016-11-29 22:00:00,3,2,1
2016-11-29 23:00:00,3,2,1
2016-11-30 00:00:00,4,1,3
2016-11-30 01:00:00,0,0,0
2016-11-30 02:00:00,0,0,0
2016-11-30 03:00:00,3,3,0
2016-11-30 04:00:00,1,1,0
2016-11-30 05:00:00,17,11,6
2016-11-30 06:00:00,74,42,32
2016-11-30 07:00:00,57,27,30
2016-11-30 08:00:00,63,29,34
2016-11-30 09:00:00,37,18,19
2016-11-30 10:00:00,35,19,16
2016-11-30 11:00:00,129,76,53
2016-11-30 12:00:00,145,68,77
2016-11-30 13:00:00,78,37,41
2016-11-30 14:00:00,99,56,43
2016-11-30 15:00:00,72,33,39
2016-11-30 16:00:00,66,30,36
2016-11-30 17:00:00,51,26,25
2016-11-30 18:00:00,26,12,14
2016-11-30 19:00:00,20,11,9
2016-11-30 20:00:00,15,7,8
2016-11-30 21:00:00,12,6,6
2016-11-30 22:00:00,2,2,0
2016-11-30 23:00:00,0,0,0
2016-12-01 00:00:00,0,0,0
2016-12-01 01:00:00,0,0,0
2016-12-01 02:00:00,0,0,0
2016-12-01 03:00:00,0,0,0
2016-12-01 04:00:00,5,3,2
2016-12-01 05:00:00,33,20,13
2016-12-01 06:00:00,83,41,42
2016-12-01 07:00:00,101,44,57
2016-12-01 08:00:00,106,58,48
2016-12-01 09:00:00,116,54,62
2016-12-01 10:00:00,82,36,46
2016-12-01 11:00:00,159,100,59
2016-12-01 12:00:00,204,97,107
2016-12-01 13:00:00,95,46,49
2016-12-01 14:00:00,87,46,41
2016-12-01 15:00:00,95,43,52
2016-12-01 16:00:00,90,35,55
2016-12-01 17:00:00,64,39,25
2016-12-01 18:00:00,29,17,12
2016-12-01 19:00:00,19,8,11
2016-12-01 20:00:00,7,4,3
2016-12-01 21:00:00,3,1,2
2016-12-01 22:00:00,2,2,0
2016-12-01 23:00:00,8,4,4
2016-12-02 00:00:00,1,0,1
2016-12-02 01:00:00,1,0,1
2016-12-02 02:00:00,0,0,0
2016-12-02 03:00:00,1,1,0
2016-12-02 04:00:00,3,2,1
2016-12-02 05:00:00,16,9,7
2016-12-02 06:00:00,40,20,20
2016-12-02 07:00:00,61,29,32
2016-12-02 08:00:00,47,21,26
2016-12-02 09:00:00,43,22,21
2016-12-02 10:00:00,43,19,24
2016-12-02 11:00:00,90,48,42
2016-12-02 12:00:00,145,67,78
2016-12-02 13:00:00,47,22,25
2016-12-02 14:00:00,42,22,20
2016-12-02 15:00:00,43,19,24
2016-12-02 16:00:00,27,13,14
2016-12-02 17:00:00,25,15,10
2016-12-02 18:00:00,19,8,11
2016-12-02 19:00:00,5,1,4
2016-12-02 20:00:00,5,4,1
2016-12-02 21:00:00,2,0,2
2016-12-02 22:00:00,3,2,1
2016-12-02 23:00:00,0,0,0
2016-12-03 00:00:00,6,4,2
2016-12-03 01:00:00,0,0,0
2016-12-03 02:00:00,1,0,1
2016-12-03 03:00:00,1,0,1
2016-12-03 04:00:00,0,0,0
2016-12-03 05:00:00,10,6,4
2016-12-03 06:00:00,16,8,8
2016-12-03 07:00:00,75,45,30
2016-12-03 08:00:00,126,59,67
2016-12-03 09:00:00,177,97,80
2016-12-03 10:00:00,148,77,71
2016-12-03 11:00:00,113,46,67
2016-12-03 12:00:00,109,43,66
2016-12-03 13:00:00,100,47,53
2016-12-03 14:00:00,93,41,52
2016-12-03 15:00:00,93,46,47
2016-12-03 16:00:00,43,22,21
2016-12-03 17:00:00,11,2,9
2016-12-03 18:00:00,10,5,5
2016-12-03 19:00:00,5,2,3
2016-12-03 20:00:00,7,6,1
2016-12-03 21:00:00,2,2,0
2016-12-03 22:00:00,1,1,0
2016-12-03 23:00:00,3,2,1
2016-12-04 00:00:00,0,0,0
2016-12-04 01:00:00,2,0,2
2016-12-04 02:00:00,2,2,0
2016-12-04 03:00:00,0,0,0
2016-12-04 04:00:00,2,2,0
2016-12-04 05:00:00,4,1,3
2016-12-04 06:00:00,5,4,1
2016-12-04 07:00:00,49,30,19
2016-12-04 08:00:00,91,45,46
2016-12-04 09:00:00,173,96,77
2016-12-04 10:00:00,240,124,116
2016-12-04 11:00:00,269,111,158
2016-12-04 12:00:00,247,129,118
2016-12-04 13:00:00,357,212,145
2016-12-04 14:00:00,424,233,191
2016-12-04 15:00:00,492,242,250
2016-12-04 16:00:00,146,53,93
2016-12-04 17:00:00,19,8,11
2016-12-04 18:00:00,15,7,8
2016-12-04 19:00:00,9,5,4
2016-12-04 20:00:00,7,6,1
2016-12-04 21:00:00,1,1,0
2016-12-04 22:00:00,1,1,0
2016-12-04 23:00:00,3,2,1
2016-12-05 00:00:00,0,0,0
2016-12-05 01:00:00,0,0,0
2016-12-05 02:00:00,3,2,1
2016-12-05 03:00:00,0,0,0
2016-12-05 04:00:00,2,2,0
2016-12-05 05:00:00,12,8,4
2016-12-05 06:00:00,27,13,14
2016-12-05 07:00:00,33,16,17
2016-12-05 08:00:00,25,9,16
2016-12-05 09:00:00,30,14,16
2016-12-05 10:00:00,34,19,15
2016-12-05 11:00:00,66,36,30
2016-12-05 12:00:00,159,74,85
2016-12-05 13:00:00,69,30,39
2016-12-05 14:00:00,50,23,27
2016-12-05 15:00:00,39,18,21
2016-12-05 16:00:00,53,27,26
2016-12-05 17:00:00,32,20,12
2016-12-05 18:00:00,36,20,16
2016-12-05 19:00:00,20,9,11
2016-12-05 20:00:00,4,2,2
2016-12-05 21:00:00,8,4,4
2016-12-05 22:00:00,1,0,1
2016-12-05 23:00:00,3,1,2
2016-12-06 00:00:00,2,2,0
2016-12-06 01:00:00,0,0,0
2016-12-06 02:00:00,0,0,0
2016-12-06 03:00:00,2,1,1
2016-12-06 04:00:00,6,4,2
2016-12-06 05:00:00,21,14,7
2016-12-06 06:00:00,65,34,31
2016-12-06 07:00:00,81,39,42
2016-12-06 08:00:00,79,38,41
2016-12-06 09:00:00,56,26,30
2016-12-06 10:00:00,81,43,38
2016-12-06 11:00:00,173,88,85
2016-12-06 12:00:00,254,117,137
2016-12-06 13:00:00,185,102,83
2016-12-06 14:00:00,136,71,65
2016-12-06 15:00:00,223,122,101
2016-12-06 16:00:00,104,45,59
2016-12-06 17:00:00,48,26,22
2016-12-06 18:00:00,35,16,19
2016-12-06 19:00:00,11,5,6
2016-12-06 20:00:00,3,3,0
2016-12-06 21:00:00,9,4,5
2016-12-06 22:00:00,0,0,0
2016-12-06 23:00:00,1,0,1
2016-12-07 00:00:00,3,2,1
2016-12-07 01:00:00,0,0,0
2016-12-07 02:00:00,1,0,1
2016-12-07 03:00:00,1,1,0
2016-12-07 04:00:00,9,7,2
2016-12-07 05:00:00,10,4,6
2016-12-07 06:00:00,61,28,33
2016-12-07 07:00:00,81,40,41
2016-12-07 08:00:00,72,32,40
2016-12-07 09:00:00,58,29,29
2016-12-07 10:00:00,58,27,31
2016-12-07 11:00:00,160,95,65
2016-12-07 12:00:00,192,88,104
2016-12-07 13:00:00,201,139,62
2016-12-07 14:00:00,290,228,62
2016-12-07 15:00:00,158,86,72
2016-12-07 16:00:00,71,27,44
2016-12-07 17:00:00,49,32,17
2016-12-07 18:00:00,28,16,12
2016-12-07 19:00:00,18,8,10
2016-12-07 20:00:00,2,0,2
2016-12-07 21:00:00,1,1,0
2016-12-07 22:00:00,1,1,0
2016-12-07 23:00:00,1,1,0
2016-12-08 00:00:00,1,0,1
2016-12-08 01:00:00,0,0,0
2016-12-08 02:00:00,0,0,0
2016-12-08 03:00:00,1,1,0
2016-12-08 04:00:00,3,1,2
2016-12-08 05:00:00,6,3,3
2016-12-08 06:00:00,47,30,17
2016-12-08 07:00:00,84,30,54
2016-12-08 08:00:00,49,23,26
2016-12-08 09:00:00,63,35,28
2016-12-08 10:00:00,62,31,31
2016-12-08 11:00:00,96,45,51
2016-12-08 12:00:00,168,79,89
2016-12-08 13:00:00,138,93,45
2016-12-08 14:00:00,94,42,52
2016-12-08 15:00:00,69,34,35
2016-12-08 16:00:00,61,20,41
2016-12-08 17:00:00,37,20,17
2016-12-08 18:00:00,38,20,18
2016-12-08 19:00:00,14,10,4
2016-12-08 20:00:00,7,2,5
2016-12-08 21:00:00,16,4,12
2016-12-08 22:00:00,9,3,6
2016-12-08 23:00:00,6,5,1
2016-12-09 00:00:00,5,4,1
2016-12-09 01:00:00,4,0,4
2016-12-09 02:00:00,2,1,1
2016-12-09 03:00:00,1,0,1
2016-12-09 04:00:00,1,0,1
2016-12-09 05:00:00,11,7,4
2016-12-09 06:00:00,17,10,7
2016-12-09 07:00:00,32,12,20
2016-12-09 08:00:00,35,15,20
2016-12-09 09:00:00,32,16,16
2016-12-09 10:00:00,20,8,12
2016-12-09 11:00:00,41,16,25
2016-12-09 12:00:00,75,35,40
2016-12-09 13:00:00,58,28,30
2016-12-09 14:00:00,28,18,10
2016-12-09 15:00:00,44,18,26
2016-12-09 16:00:00,35,18,17
2016-12-09 17:00:00,17,6,11
2016-12-09 18:00:00,22,10,12
2016-12-09 19:00:00,5,4,1
2016-12-09 20:00:00,7,5,2
2016-12-09 21:00:00,3,2,1
2016-12-09 22:00:00,1,1,0
2016-12-09 23:00:00,1,1,0
2016-12-10 00:00:00,0,0,0
2016-12-10 01:00:00,0,0,0
2016-12-10 02:00:00,1,1,0
2016-12-10 03:00:00,0,0,0
2016-12-10 04:00:00,1,1,0
2016-12-10 05:00:00,2,1,1
2016-12-10 06:00:00,13,7,6
2016-12-10 07:00:00,39,26,13
2016-12-10 08:00:00,101,52,49
2016-12-10 09:00:00,108,54,54
2016-12-10 10:00:00,130,71,59
2016-12-10 11:00:00,67,19,48
2016-12-10 12:00:00,34,19,15
2016-12-10 13:00:00,20,10,10
2016-12-10 14:00:00,43,21,22
2016-12-10 15:00:00,52,28,24
2016-12-10 16:00:00,51,20,31
2016-12-10 17:00:00,19,9,10
2016-12-10 18:00:00,7,3,4
2016-12-10 19:00:00,5,2,3
2016-12-10 20:00:00,11,6,5
2016-12-10 21:00:00,4,1,3
2016-12-10 22:00:00,4,4,0
2016-12-10 23:00:00,2,1,1
2016-12-11 00:00:00,0,0,0
2016-12-11 01:00:00,0,0,0
2016-12-11 02:00:00,2,2,0
2016-12-11 03:00:00,2,1,1
2016-12-11 04:00:00,2,1,1
2016-12-11 05:00:00,3,3,0
2016-12-11 06:00:00,3,2,1
2016-12-11 07:00:00,27,16,11
2016-12-11 08:00:00,62,35,27
2016-12-11 09:00:00,78,36,42
2016-12-11 10:00:00,100,52,48
2016-12-11 11:00:00,95,52,43
2016-12-11 12:00:00,85,38,47
2016-12-11 13:00:00,64,37,27
2016-12-11 14:00:00,55,22,33
2016-12-11 15:00:00,61,28,33
2016-12-11 16:00:00,64,31,33
2016-12-11 17:00:00,28,13,15
2016-12-11 18:00:00,10,6,4
2016-12-11 19:00:00,8,3,5
2016-12-11 20:00:00,6,3,3
2016-12-11 21:00:00,6,4,2
2016-12-11 22:00:00,4,1,3
2016-12-11 23:00:00,1,1,0
2016-12-12 00:00:00,0,0,0
2016-12-12 01:00:00,0,0,0
2016-12-12 02:00:00,4,2,2
2016-12-12 03:00:00,0,0,0
2016-12-12 04:00:00,4,4,0
2016-12-12 05:00:00,13,10,3
2016-12-12 06:00:00,55,32,23
2016-12-12 07:00:00,66,33,33
2016-12-12 08:00:00,54,22,32
2016-12-12 09:00:00,41,19,22
2016-12-12 10:00:00,38,19,19
2016-12-12 11:00:00,99,52,47
2016-12-12 12:00:00,129,61,68
2016-12-12 13:00:00,90,43,47
2016-12-12 14:00:00,72,34,38
2016-12-12 15:00:00,69,32,37
2016-12-12 16:00:00,68,34,34
2016-12-12 17:00:00,54,33,21
2016-12-12 18:00:00,41,24,17
2016-12-12 19:00:00,7,4,3
2016-12-12 20:00:00,9,4,5
2016-12-12 21:00:00,6,4,2
2016-12-12 22:00:00,0,0,0
2016-12-12 23:00:00,0,0,0
2016-12-13 00:00:00,2,2,0
2016-12-13 01:00:00,0,0,0
2016-12-13 02:00:00,0,0,0
2016-12-13 03:00:00,1,1,0
2016-12-13 04:00:00,6,4,2
2016-12-13 05:00:00,34,19,15
2016-12-13 06:00:00,61,31,30
2016-12-13 07:00:00,80,43,37
2016-12-13 08:00:00,73,35,38
2016-12-13 09:00:00,49,24,25
2016-12-13 10:00:00,63,31,32
2016-12-13 11:00:00,124,71,53
2016-12-13 12:00:00,185,99,86
2016-12-13 13:00:00,87,41,46
2016-12-13 14:00:00,117,61,56
2016-12-13 15:00:00,116,52,64
2016-12-13 16:00:00,79,36,43
2016-12-13 17:00:00,51,25,26
2016-12-13 18:00:00,21,13,8
2016-12-13 19:00:00,12,5,7
2016-12-13 20:00:00,5,3,2
2016-12-13 21:00:00,9,3,6
2016-12-13 22:00:00,1,0,1
2016-12-13 23:00:00,2,2,0
2016-12-14 00:00:00,2,2,0
2016-12-14 01:00:00,1,1,0
2016-12-14 02:00:00,0,0,0
2016-12-14 03:00:00,2,1,1
2016-12-14 04:00:00,1,1,0
2016-12-14 05:00:00,24,15,9
2016-12-14 06:00:00,58,35,23
2016-12-14 07:00:00,74,31,43
2016-12-14 08:00:00,54,22,32
2016-12-14 09:00:00,50,25,25
2016-12-14 10:00:00,61,33,28
2016-12-14 11:00:00,109,58,51
2016-12-14 12:00:00,169,76,93
2016-12-14 13:00:00,74,31,43
2016-12-14 14:00:00,67,34,33
2016-12-14 15:00:00,64,31,33
2016-12-14 16:00:00,70,29,41
2016-12-14 17:00:00,45,21,24
2016-12-14 18:00:00,22,15,7
2016-12-14 19:00:00,13,7,6
2016-12-14 20:00:00,8,3,5
2016-12-14 21:00:00,1,1,0
2016-12-14 22:00:00,5,1,4
2016-12-14 23:00:00,1,0,1
2016-12-15 00:00:00,0,0,0
2016-12-15 01:00:00,0,0,0
2016-12-15 02:00:00,0,0,0
2016-12-15 03:00:00,1,1,0
2016-12-15 04:00:00,1,0,1
2016-12-15 05:00:00,20,13,7
2016-12-15 06:00:00,46,27,19
2016-12-15 07:00:00,57,26,31
2016-12-15 08:00:00,64,28,36
2016-12-15 09:00:00,59,27,32
2016-12-15 10:00:00,62,34,28
2016-12-15 11:00:00,118,65,53
2016-12-15 12:00:00,162,79,83
2016-12-15 13:00:00,80,35,45
2016-12-15 14:00:00,50,23,27
2016-12-15 15:00:00,65,33,32
2016-12-15 16:00:00,55,25,30
2016-12-15 17:00:00,40,10,30
2016-12-15 18:00:00,62,27,35
2016-12-15 19:00:00,29,14,15
2016-12-15 20:00:00,11,4,7
2016-12-15 21:00:00,3,1,2
2016-12-15 22:00:00,2,2,0
2016-12-15 23:00:00,1,0,1
2016-12-16 00:00:00,0,0,0
2016-12-16 01:00:00,2,0,2
2016-12-16 02:00:00,3,2,1
2016-12-16 03:00:00,1,0,1
2016-12-16 04:00:00,0,0,0
2016-12-16 05:00:00,10,7,3
2016-12-16 06:00:00,35,18,17
2016-12-16 07:00:00,62,28,34
2016-12-16 08:00:00,66,33,33
2016-12-16 09:00:00,43,24,19
2016-12-16 10:00:00,56,26,30
2016-12-16 11:00:00,111,56,55
2016-12-16 12:00:00,171,76,95
2016-12-16 13:00:00,169,113,56
2016-12-16 14:00:00,188,132,56
2016-12-16 15:00:00,188,98,90
2016-12-16 16:00:00,80,35,45
2016-12-16 17:00:00,43,24,19
2016-12-16 18:00:00,11,5,6
2016-12-16 19:00:00,2,1,1
2016-12-16 20:00:00,7,2,5
2016-12-16 21:00:00,1,1,0
2016-12-16 22:00:00,1,1,0
2016-12-16 23:00:00,0,0,0
2016-12-17 00:00:00,1,1,0
2016-12-17 01:00:00,0,0,0
2016-12-17 02:00:00,2,1,1
2016-12-17 03:00:00,1,0,1
2016-12-17 04:00:00,0,0,0
2016-12-17 05:00:00,2,1,1
2016-12-17 06:00:00,9,7,2
2016-12-17 07:00:00,26,13,13
2016-12-17 08:00:00,83,39,44
2016-12-17 09:00:00,92,51,41
2016-12-17 10:00:00,82,41,41
2016-12-17 11:00:00,93,45,48
2016-12-17 12:00:00,78,36,42
2016-12-17 13:00:00,71,24,47
2016-12-17 14:00:00,109,56,53
2016-12-17 15:00:00,142,65,77
2016-12-17 16:00:00,55,22,33
2016-12-17 17:00:00,11,3,8
2016-12-17 18:00:00,3,0,3
2016-12-17 19:00:00,2,1,1
2016-12-17 20:00:00,5,4,1
2016-12-17 21:00:00,2,0,2
2016-12-17 22:00:00,8,5,3
2016-12-17 23:00:00,4,3,1
2016-12-18 00:00:00,0,0,0
2016-12-18 01:00:00,3,1,2
2016-12-18 02:00:00,3,2,1
2016-12-18 03:00:00,1,1,0
2016-12-18 04:00:00,3,2,1
2016-12-18 05:00:00,3,2,1
2016-12-18 06:00:00,10,5,5
2016-12-18 07:00:00,21,12,9
2016-12-18 08:00:00,60,36,24
2016-12-18 09:00:00,90,43,47
2016-12-18 10:00:00,142,55,87
2016-12-18 11:00:00,144,67,77
2016-12-18 12:00:00,120,53,67
2016-12-18 13:00:00,116,59,57
2016-12-18 14:00:00,99,37,62
2016-12-18 15:00:00,101,50,51
2016-12-18 16:00:00,59,16,43
2016-12-18 17:00:00,16,12,4
2016-12-18 18:00:00,10,1,9
2016-12-18 19:00:00,4,1,3
2016-12-18 20:00:00,6,4,2
2016-12-18 21:00:00,5,0,5
2016-12-18 22:00:00,2,2,0
2016-12-18 23:00:00,2,2,0
2016-12-19 00:00:00,2,1,1
2016-12-19 01:00:00,0,0,0
2016-12-19 02:00:00,1,1,0
2016-12-19 03:00:00,0,0,0
2016-12-19 04:00:00,0,0,0
2016-12-19 05:00:00,7,5,2
2016-12-19 06:00:00,23,13,10
2016-12-19 07:00:00,19,8,11
2016-12-19 08:00:00,37,20,17
2016-12-19 09:00:00,28,13,15
2016-12-19 10:00:00,28,14,14
2016-12-19 11:00:00,87,47,40
2016-12-19 12:00:00,101,45,56
2016-12-19 13:00:00,71,32,39
2016-12-19 14:00:00,47,22,25
2016-12-19 15:00:00,59,26,33
2016-12-19 16:00:00,78,42,36
2016-12-19 17:00:00,56,32,24
2016-12-19 18:00:00,43,19,24
2016-12-19 19:00:00,14,7,7
2016-12-19 20:00:00,6,4,2
2016-12-19 21:00:00,2,0,2
2016-12-19 22:00:00,2,1,1
2016-12-19 23:00:00,0,0,0
2016-12-20 00:00:00,2,2,0
2016-12-20 01:00:00,0,0,0
2016-12-20 02:00:00,0,0,0
2016-12-20 03:00:00,2,2,0
2016-12-20 04:00:00,3,2,1
2016-12-20 05:00:00,9,6,3
2016-12-20 06:00:00,41,25,16
2016-12-20 07:00:00,56,27,29
2016-12-20 08:00:00,55,24,31
2016-12-20 09:00:00,56,30,26
2016-12-20 10:00:00,79,41,38
2016-12-20 11:00:00,161,87,74
2016-12-20 12:00:00,247,123,124
2016-12-20 13:00:00,379,299,80
2016-12-20 14:00:00,341,257,84
2016-12-20 15:00:00,220,122,98
2016-12-20 16:00:00,120,53,67
2016-12-20 17:00:00,54,29,25
2016-12-20 18:00:00,30,10,20
2016-12-20 19:00:00,18,10,8
2016-12-20 20:00:00,8,4,4
2016-12-20 21:00:00,4,1,3
2016-12-20 22:00:00,0,0,0
2016-12-20 23:00:00,0,0,0
2016-12-21 00:00:00,7,3,4
2016-12-21 01:00:00,2,1,1
2016-12-21 02:00:00,0,0,0
2016-12-21 03:00:00,1,1,0
2016-12-21 04:00:00,5,2,3
2016-12-21 05:00:00,10,4,6
2016-12-21 06:00:00,35,21,14
2016-12-21 07:00:00,75,40,35
2016-12-21 08:00:00,74,34,40
2016-12-21 09:00:00,70,42,28
2016-12-21 10:00:00,101,47,54
2016-12-21 11:00:00,175,92,83
2016-12-21 12:00:00,239,121,118
2016-12-21 13:00:00,142,61,81
2016-12-21 14:00:00,139,80,59
2016-12-21 15:00:00,207,85,122
2016-12-21 16:00:00,96,44,52
2016-12-21 17:00:00,55,30,25
2016-12-21 18:00:00,28,13,15
2016-12-21 19:00:00,8,3,5
2016-12-21 20:00:00,18,11,7
2016-12-21 21:00:00,7,2,5
2016-12-21 22:00:00,7,3,4
2016-12-21 23:00:00,3,2,1
2016-12-22 00:00:00,1,0,1
2016-12-22 01:00:00,3,2,1
2016-12-22 02:00:00,0,0,0
2016-12-22 03:00:00,0,0,0
2016-12-22 04:00:00,5,2,3
2016-12-22 05:00:00,15,8,7
2016-12-22 06:00:00,21,13,8
2016-12-22 07:00:00,55,25,30
2016-12-22 08:00:00,70,31,39
2016-12-22 09:00:00,54,23,31
2016-12-22 10:00:00,66,38,28
2016-12-22 11:00:00,80,43,37
2016-12-22 12:00:00,143,66,77
2016-12-22 13:00:00,78,30,48
2016-12-22 14:00:00,87,47,40
2016-12-22 15:00:00,76,37,39
2016-12-22 16:00:00,45,20,25
2016-12-22 17:00:00,36,19,17
2016-12-22 18:00:00,26,14,12
2016-12-22 19:00:00,4,2,2
2016-12-22 20:00:00,5,2,3
2016-12-22 21:00:00,0,0,0
2016-12-22 22:00:00,1,1,0
2016-12-22 23:00:00,3,2,1
2016-12-23 00:00:00,0,0,0
2016-12-23 01:00:00,0,0,0
2016-12-23 02:00:00,0,0,0
2016-12-23 03:00:00,0,0,0
2016-12-23 04:00:00,1,1,0
2016-12-23 05:00:00,6,4,2
2016-12-23 06:00:00,21,10,11
2016-12-23 07:00:00,12,5,7
2016-12-23 08:00:00,33,17,16
2016-12-23 09:00:00,24,9,15
2016-12-23 10:00:00,27,11,16
2016-12-23 11:00:00,29,15,14
2016-12-23 12:00:00,25,12,13
2016-12-23 13:00:00,24,14,10
2016-12-23 14:00:00,20,9,11
2016-12-23 15:00:00,32,15,17
2016-12-23 16:00:00,19,8,11
2016-12-23 17:00:00,16,7,9
2016-12-23 18:00:00,6,2,4
2016-12-23 19:00:00,7,4,3
2016-12-23 20:00:00,13,9,4
2016-12-23 21:00:00,6,2,4
2016-12-23 22:00:00,1,1,0
2016-12-23 23:00:00,5,2,3
2016-12-24 00:00:00,0,0,0
2016-12-24 01:00:00,0,0,0
2016-12-24 02:00:00,2,1,1
2016-12-24 03:00:00,3,2,1
2016-12-24 04:00:00,1,1,0
2016-12-24 05:00:00,5,1,4
2016-12-24 06:00:00,14,8,6
2016-12-24 07:00:00,27,12,15
2016-12-24 08:00:00,81,42,39
2016-12-24 09:00:00,77,33,44
2016-12-24 10:00:00,49,27,22
2016-12-24 11:00:00,146,78,68
2016-12-24 12:00:00,94,44,50
2016-12-24 13:00:00,96,44,52
2016-12-24 14:00:00,80,37,43
2016-12-24 15:00:00,80,35,45
2016-12-24 16:00:00,51,18,33
2016-12-24 17:00:00,17,10,7
2016-12-24 18:00:00,9,6,3
2016-12-24 19:00:00,3,1,2
2016-12-24 20:00:00,5,4,1
2016-12-24 21:00:00,3,2,1
2016-12-24 22:00:00,2,0,2
2016-12-24 23:00:00,3,2,1
2016-12-25 00:00:00,0,0,0
2016-12-25 01:00:00,2,1,1
2016-12-25 02:00:00,4,2,2
2016-12-25 03:00:00,0,0,0
2016-12-25 04:00:00,1,1,0
2016-12-25 05:00:00,3,2,1
2016-12-25 06:00:00,8,6,2
2016-12-25 07:00:00,23,14,9
2016-12-25 08:00:00,66,30,36
2016-12-25 09:00:00,77,42,35
2016-12-25 10:00:00,82,40,42
2016-12-25 11:00:00,102,55,47
2016-12-25 12:00:00,204,103,101
2016-12-25 13:00:00,161,64,97
2016-12-25 14:00:00,212,109,103
2016-12-25 15:00:00,199,84,115
2016-12-25 16:00:00,103,30,73
2016-12-25 17:00:00,23,9,14
2016-12-25 18:00:00,2,0,2
2016-12-25 19:00:00,6,4,2
2016-12-25 20:00:00,5,3,2
2016-12-25 21:00:00,1,0,1
2016-12-25 22:00:00,2,1,1
2016-12-25 23:00:00,1,1,0
2016-12-26 00:00:00,0,0,0
2016-12-26 01:00:00,0,0,0
2016-12-26 02:00:00,1,1,0
2016-12-26 03:00:00,0,0,0
2016-12-26 04:00:00,2,1,1
2016-12-26 05:00:00,2,1,1
2016-12-26 06:00:00,3,2,1
2016-12-26 07:00:00,30,14,16
2016-12-26 08:00:00,63,32,31
2016-12-26 09:00:00,97,49,48
2016-12-26 10:00:00,93,39,54
2016-12-26 11:00:00,123,49,74
2016-12-26 12:00:00,113,61,52
2016-12-26 13:00:00,94,39,55
2016-12-26 14:00:00,111,48,63
2016-12-26 15:00:00,53,23,30
2016-12-26 16:00:00,17,6,11
2016-12-26 17:00:00,7,5,2
2016-12-26 18:00:00,8,3,5
2016-12-26 19:00:00,1,0,1
2016-12-26 20:00:00,2,1,1
2016-12-26 21:00:00,3,1,2
2016-12-26 22:00:00,0,0,0
2016-12-26 23:00:00,0,0,0
2016-12-27 00:00:00,2,1,1
2016-12-27 01:00:00,0,0,0
2016-12-27 02:00:00,0,0,0
2016-12-27 03:00:00,2,1,1
2016-12-27 04:00:00,2,1,1
2016-12-27 05:00:00,3,3,0
2016-12-27 06:00:00,20,13,7
2016-12-27 07:00:00,41,17,24
2016-12-27 08:00:00,52,22,30
2016-12-27 09:00:00,59,30,29
2016-12-27 10:00:00,123,62,61
2016-12-27 11:00:00,170,87,83
2016-12-27 12:00:00,158,58,100
2016-12-27 13:00:00,78,36,42
2016-12-27 14:00:00,97,48,49
2016-12-27 15:00:00,124,55,69
2016-12-27 16:00:00,57,28,29
2016-12-27 17:00:00,29,16,13
2016-12-27 18:00:00,25,15,10
2016-12-27 19:00:00,11,7,4
2016-12-27 20:00:00,4,0,4
2016-12-27 21:00:00,2,1,1
2016-12-27 22:00:00,3,2,1
2016-12-27 23:00:00,0,0,0
2016-12-28 00:00:00,1,1,0
2016-12-28 01:00:00,0,0,0
2016-12-28 02:00:00,0,0,0
2016-12-28 03:00:00,5,2,3
2016-12-28 04:00:00,2,1,1
2016-12-28 05:00:00,7,5,2
2016-12-28 06:00:00,37,22,15
2016-12-28 07:00:00,52,23,29
2016-12-28 08:00:00,69,36,33
2016-12-28 09:00:00,74,38,36
2016-12-28 10:00:00,95,42,53
2016-12-28 11:00:00,170,85,85
2016-12-28 12:00:00,178,83,95
2016-12-28 13:00:00,233,128,105
2016-12-28 14:00:00,193,106,87
2016-12-28 15:00:00,170,72,98
2016-12-28 16:00:00,138,54,84
2016-12-28 17:00:00,45,22,23
2016-12-28 18:00:00,32,18,14
2016-12-28 19:00:00,10,4,6
2016-12-28 20:00:00,11,7,4
2016-12-28 21:00:00,1,1,0
2016-12-28 22:00:00,0,0,0
2016-12-28 23:00:00,0,0,0
2016-12-29 00:00:00,1,0,1
2016-12-29 01:00:00,0,0,0
2016-12-29 02:00:00,1,1,0
2016-12-29 03:00:00,0,0,0
2016-12-29 04:00:00,0,0,0
2016-12-29 05:00:00,8,5,3
2016-12-29 06:00:00,23,13,10
2016-12-29 07:00:00,53,25,28
2016-12-29 08:00:00,82,45,37
2016-12-29 09:00:00,92,49,43
2016-12-29 10:00:00,104,49,55
2016-12-29 11:00:00,109,56,53
2016-12-29 12:00:00,121,53,68
2016-12-29 13:00:00,69,31,38
2016-12-29 14:00:00,86,42,44
2016-12-29 15:00:00,66,29,37
2016-12-29 16:00:00,63,24,39
2016-12-29 17:00:00,26,18,8
2016-12-29 18:00:00,17,7,10
2016-12-29 19:00:00,9,6,3
2016-12-29 20:00:00,8,2,6
2016-12-29 21:00:00,5,2,3
2016-12-29 22:00:00,0,0,0
2016-12-29 23:00:00,0,0,0
2016-12-30 00:00:00,0,0,0
2016-12-30 01:00:00,0,0,0
2016-12-30 02:00:00,0,0,0
2016-12-30 03:00:00,0,0,0
2016-12-30 04:00:00,4,2,2
2016-12-30 05:00:00,6,4,2
2016-12-30 06:00:00,19,11,8
2016-12-30 07:00:00,46,18,28
2016-12-30 08:00:00,55,31,24
2016-12-30 09:00:00,98,56,42
2016-12-30 10:00:00,134,52,82
2016-12-30 11:00:00,167,94,73
2016-12-30 12:00:00,202,92,110
2016-12-30 13:00:00,142,71,71
2016-12-30 14:00:00,168,80,88
2016-12-30 15:00:00,157,82,75
2016-12-30 16:00:00,95,41,54
2016-12-30 17:00:00,33,13,20
2016-12-30 18:00:00,9,4,5
2016-12-30 19:00:00,9,6,3
2016-12-30 20:00:00,9,4,5
2016-12-30 21:00:00,9,3,6
2016-12-30 22:00:00,1,1,0
2016-12-30 23:00:00,0,0,0
2016-12-31 00:00:00,0,0,0
2016-12-31 01:00:00,1,1,0
2016-12-31 02:00:00,1,1,0
2016-12-31 03:00:00,1,0,1
2016-12-31 04:00:00,0,0,0
2016-12-31 05:00:00,2,1,1
2016-12-31 06:00:00,5,2,3
2016-12-31 07:00:00,28,19,9
2016-12-31 08:00:00,101,53,48
2016-12-31 09:00:00,145,56,89
2016-12-31 10:00:00,125,67,58
2016-12-31 11:00:00,116,53,63
2016-12-31 12:00:00,67,25,42
2016-12-31 13:00:00,97,46,51
2016-12-31 14:00:00,76,34,42
2016-12-31 15:00:00,107,58,49
2016-12-31 16:00:00,34,9,25
2016-12-31 17:00:00,15,9,6
2016-12-31 18:00:00,7,4,3
2016-12-31 19:00:00,1,0,1
2016-12-31 20:00:00,5,2,3
2016-12-31 21:00:00,11,2,9
2016-12-31 22:00:00,3,3,0
2016-12-31 23:00:00,8,2,6
2017-01-01 00:00:00,1,0,1
2017-01-01 01:00:00,2,1,1
2017-01-01 02:00:00,2,2,0
2017-01-01 03:00:00,0,0,0
2017-01-01 04:00:00,2,1,1
2017-01-01 05:00:00,5,4,1
2017-01-01 06:00:00,8,4,4
2017-01-01 07:00:00,10,6,4
2017-01-01 08:00:00,56,25,31
2017-01-01 09:00:00,88,50,38
2017-01-01 10:00:00,133,76,57
2017-01-01 11:00:00,195,102,93
2017-01-01 12:00:00,220,118,102
2017-01-01 13:00:00,236,120,116
2017-01-01 14:00:00,240,125,115
2017-01-01 15:00:00,207,104,103
2017-01-01 16:00:00,185,69,116
2017-01-01 17:00:00,30,11,19
2017-01-01 18:00:00,5,3,2
2017-01-01 19:00:00,5,0,5
2017-01-01 20:00:00,5,3,2
2017-01-01 21:00:00,1,1,0
2017-01-01 22:00:00,1,0,1
2017-01-01 23:00:00,4,2,2
2017-01-02 00:00:00,0,0,0
2017-01-02 01:00:00,0,0,0
2017-01-02 02:00:00,2,2,0
2017-01-02 03:00:00,0,0,0
2017-01-02 04:00:00,0,0,0
2017-01-02 05:00:00,2,1,1
2017-01-02 06:00:00,8,6,2
2017-01-02 07:00:00,38,19,19
2017-01-02 08:00:00,72,36,36
2017-01-02 09:00:00,113,66,47
2017-01-02 10:00:00,155,77,78
2017-01-02 11:00:00,198,97,101
2017-01-02 12:00:00,210,100,110
2017-01-02 13:00:00,269,127,142
2017-01-02 14:00:00,244,139,105
2017-01-02 15:00:00,282,135,147
2017-01-02 16:00:00,170,68,102
2017-01-02 17:00:00,24,13,11
2017-01-02 18:00:00,20,9,11
2017-01-02 19:00:00,3,1,2
2017-01-02 20:00:00,4,2,2
2017-01-02 21:00:00,2,2,0
2017-01-02 22:00:00,2,1,1
2017-01-02 23:00:00,0,0,0
2017-01-03 00:00:00,4,2,2
2017-01-03 01:00:00,0,0,0
2017-01-03 02:00:00,0,0,0
2017-01-03 03:00:00,3,2,1
2017-01-03 04:00:00,3,1,2
2017-01-03 05:00:00,14,11,3
2017-01-03 06:00:00,38,21,17
2017-01-03 07:00:00,67,29,38
2017-01-03 08:00:00,56,28,28
2017-01-03 09:00:00,55,28,27
2017-01-03 10:00:00,69,36,33
2017-01-03 11:00:00,197,104,93
2017-01-03 12:00:00,255,127,128
2017-01-03 13:00:00,214,130,84
2017-01-03 14:00:00,275,196,79
2017-01-03 15:00:00,174,92,82
2017-01-03 16:00:00,103,41,62
2017-01-03 17:00:00,43,26,17
2017-01-03 18:00:00,28,18,10
2017-01-03 19:00:00,9,2,7
2017-01-03 20:00:00,9,5,4
2017-01-03 21:00:00,8,3,5
2017-01-03 22:00:00,0,0,0
2017-01-03 23:00:00,0,0,0
2017-01-04 00:00:00,4,2,2
2017-01-04 01:00:00,0,0,0
2017-01-04 02:00:00,3,3,0
2017-01-04 03:00:00,3,2,1
2017-01-04 04:00:00,6,2,4
2017-01-04 05:00:00,12,6,6
2017-01-04 06:00:00,39,22,17
2017-01-04 07:00:00,71,31,40
2017-01-04 08:00:00,80,37,43
2017-01-04 09:00:00,39,22,17
2017-01-04 10:00:00,60,30,30
2017-01-04 11:00:00,156,89,67
2017-01-04 12:00:00,254,123,131
2017-01-04 13:00:00,201,130,71
2017-01-04 14:00:00,298,221,77
2017-01-04 15:00:00,312,213,99
2017-01-04 16:00:00,114,43,71
2017-01-04 17:00:00,58,33,25
2017-01-04 18:00:00,16,8,8
2017-01-04 19:00:00,10,5,5
2017-01-04 20:00:00,11,7,4
2017-01-04 21:00:00,4,1,3
2017-01-04 22:00:00,3,2,1
2017-01-04 23:00:00,1,1,0
2017-01-05 00:00:00,0,0,0
2017-01-05 01:00:00,0,0,0
2017-01-05 02:00:00,0,0,0
2017-01-05 03:00:00,0,0,0
2017-01-05 04:00:00,2,0,2
2017-01-05 05:00:00,13,10,3
2017-01-05 06:00:00,29,16,13
2017-01-05 07:00:00,60,26,34
2017-01-05 08:00:00,65,35,30
2017-01-05 09:00:00,43,22,21
2017-01-05 10:00:00,62,34,28
2017-01-05 11:00:00,124,72,52
2017-01-05 12:00:00,207,97,110
2017-01-05 13:00:00,204,142,62
2017-01-05 14:00:00,350,274,76
2017-01-05 15:00:00,334,186,148
2017-01-05 16:00:00,136,53,83
2017-01-05 17:00:00,34,17,17
2017-01-05 18:00:00,34,18,16
2017-01-05 19:00:00,10,2,8
2017-01-05 20:00:00,10,4,6
2017-01-05 21:00:00,4,2,2
2017-01-05 22:00:00,2,2,0
2017-01-05 23:00:00,1,1,0
2017-01-06 00:00:00,1,1,0
2017-01-06 01:00:00,0,0,0
2017-01-06 02:00:00,0,0,0
2017-01-06 03:00:00,0,0,0
2017-01-06 04:00:00,1,0,1
2017-01-06 05:00:00,14,10,4
2017-01-06 06:00:00,31,16,15
2017-01-06 07:00:00,44,21,23
2017-01-06 08:00:00,54,27,27
2017-01-06 09:00:00,51,28,23
2017-01-06 10:00:00,77,38,39
2017-01-06 11:00:00,115,67,48
2017-01-06 12:00:00,213,110,103
2017-01-06 13:00:00,110,53,57
2017-01-06 14:00:00,135,91,44
2017-01-06 15:00:00,215,122,93
2017-01-06 16:00:00,129,49,80
2017-01-06 17:00:00,49,20,29
2017-01-06 18:00:00,18,7,11
2017-01-06 19:00:00,9,7,2
2017-01-06 20:00:00,13,8,5
2017-01-06 21:00:00,6,2,4
2017-01-06 22:00:00,0,0,0
2017-01-06 23:00:00,0,0,0
2017-01-07 00:00:00,0,0,0
2017-01-07 01:00:00,0,0,0
2017-01-07 02:00:00,0,0,0
2017-01-07 03:00:00,1,1,0
2017-01-07 04:00:00,1,1,0
2017-01-07 05:00:00,0,0,0
2017-01-07 06:00:00,9,6,3
2017-01-07 07:00:00,41,23,18
2017-01-07 08:00:00,125,62,63
2017-01-07 09:00:00,117,59,58
2017-01-07 10:00:00,141,65,76
2017-01-07 11:00:00,154,79,75
2017-01-07 12:00:00,132,64,68
2017-01-07 13:00:00,120,61,59
2017-01-07 14:00:00,134,68,66
2017-01-07 15:00:00,106,48,58
2017-01-07 16:00:00,57,20,37
2017-01-07 17:00:00,20,7,13
2017-01-07 18:00:00,13,5,8
2017-01-07 19:00:00,1,1,0
2017-01-07 20:00:00,11,6,5
2017-01-07 21:00:00,5,4,1
2017-01-07 22:00:00,3,1,2
2017-01-07 23:00:00,6,4,2
2017-01-08 00:00:00,1,0,1
2017-01-08 01:00:00,0,0,0
2017-01-08 02:00:00,1,1,0
2017-01-08 03:00:00,1,1,0
2017-01-08 04:00:00,2,1,1
2017-01-08 05:00:00,4,2,2
2017-01-08 06:00:00,6,3,3
2017-01-08 07:00:00,38,23,15
2017-01-08 08:00:00,101,46,55
2017-01-08 09:00:00,124,69,55
2017-01-08 10:00:00,93,35,58
2017-01-08 11:00:00,46,20,26
2017-01-08 12:00:00,56,25,31
2017-01-08 13:00:00,35,16,19
2017-01-08 14:00:00,26,9,17
2017-01-08 15:00:00,56,30,26
2017-01-08 16:00:00,40,15,25
2017-01-08 17:00:00,10,2,8
2017-01-08 18:00:00,2,0,2
2017-01-08 19:00:00,0,0,0
2017-01-08 20:00:00,4,2,2
2017-01-08 21:00:00,6,3,3
2017-01-08 22:00:00,1,0,1
2017-01-08 23:00:00,2,0,2
2017-01-09 00:00:00,6,4,2
2017-01-09 01:00:00,0,0,0
2017-01-09 02:00:00,0,0,0
2017-01-09 03:00:00,4,2,2
2017-01-09 04:00:00,0,0,0
2017-01-09 05:00:00,7,3,4
2017-01-09 06:00:00,16,10,6
2017-01-09 07:00:00,52,27,25
2017-01-09 08:00:00,75,36,39
2017-01-09 09:00:00,79,38,41
2017-01-09 10:00:00,60,31,29
2017-01-09 11:00:00,75,40,35
2017-01-09 12:00:00,146,86,60
2017-01-09 13:00:00,214,110,104
2017-01-09 14:00:00,92,43,49
2017-01-09 15:00:00,73,43,30
2017-01-09 16:00:00,73,33,40
2017-01-09 17:00:00,67,29,38
2017-01-09 18:00:00,52,30,22
2017-01-09 19:00:00,48,24,24
2017-01-09 20:00:00,14,7,7
2017-01-09 21:00:00,10,6,4
2017-01-09 22:00:00,9,3,6
2017-01-09 23:00:00,1,0,1
2017-01-10 00:00:00,5,2,3
2017-01-10 01:00:00,4,2,2
2017-01-10 02:00:00,1,0,1
2017-01-10 03:00:00,0,0,0
2017-01-10 04:00:00,2,1,1
2017-01-10 05:00:00,6,2,4
2017-01-10 06:00:00,25,15,10
2017-01-10 07:00:00,60,31,29
2017-01-10 08:00:00,54,20,34
2017-01-10 09:00:00,60,32,28
2017-01-10 10:00:00,38,21,17
2017-01-10 11:00:00,72,41,31
2017-01-10 12:00:00,172,92,80
2017-01-10 13:00:00,198,87,111
2017-01-10 14:00:00,100,47,53
2017-01-10 15:00:00,118,64,54
2017-01-10 16:00:00,128,64,64
2017-01-10 17:00:00,123,60,63
2017-01-10 18:00:00,67,31,36
2017-01-10 19:00:00,10,5,5
2017-01-10 20:00:00,15,10,5
2017-01-10 21:00:00,2,2,0
2017-01-10 22:00:00,6,4,2
2017-01-10 23:00:00,1,0,1
2017-01-11 00:00:00,4,2,2
2017-01-11 01:00:00,0,0,0
2017-01-11 02:00:00,0,0,0
2017-01-11 03:00:00,2,1,1
2017-01-11 04:00:00,1,0,1
2017-01-11 05:00:00,16,12,4
2017-01-11 06:00:00,62,37,25
2017-01-11 07:00:00,86,41,45
2017-01-11 08:00:00,74,32,42
2017-01-11 09:00:00,44,24,20
2017-01-11 10:00:00,64,33,31
2017-01-11 11:00:00,135,84,51
2017-01-11 12:00:00,185,84,101
2017-01-11 13:00:00,134,67,67
2017-01-11 14:00:00,123,60,63
2017-01-11 15:00:00,105,49,56
2017-01-11 16:00:00,95,40,55
2017-01-11 17:00:00,80,39,41
2017-01-11 18:00:00,38,16,22
2017-01-11 19:00:00,15,6,9
2017-01-11 20:00:00,12,7,5
2017-01-11 21:00:00,8,4,4
2017-01-11 22:00:00,1,0,1
2017-01-11 23:00:00,0,0,0
2017-01-12 00:00:00,5,2,3
2017-01-12 01:00:00,2,0,2
2017-01-12 02:00:00,0,0,0
2017-01-12 03:00:00,3,2,1
2017-01-12 04:00:00,5,4,1
2017-01-12 05:00:00,17,12,5
2017-01-12 06:00:00,41,21,20
2017-01-12 07:00:00,87,42,45
2017-01-12 08:00:00,73,34,39
2017-01-12 09:00:00,54,26,28
2017-01-12 10:00:00,82,42,40
2017-01-12 11:00:00,176,96,80
2017-01-12 12:00:00,276,133,143
2017-01-12 13:00:00,247,176,71
2017-01-12 14:00:00,362,282,80
2017-01-12 15:00:00,442,287,155
2017-01-12 16:00:00,164,73,91
2017-01-12 17:00:00,70,33,37
2017-01-12 18:00:00,27,11,16
2017-01-12 19:00:00,17,8,9
2017-01-12 20:00:00,16,5,11
2017-01-12 21:00:00,5,3,2
2017-01-12 22:00:00,3,3,0
2017-01-12 23:00:00,0,0,0
2017-01-13 00:00:00,1,0,1
2017-01-13 01:00:00,2,1,1
2017-01-13 02:00:00,1,1,0
2017-01-13 03:00:00,0,0,0
2017-01-13 04:00:00,3,2,1
2017-01-13 05:00:00,9,7,2
2017-01-13 06:00:00,32,17,15
2017-01-13 07:00:00,66,33,33
2017-01-13 08:00:00,79,35,44
2017-01-13 09:00:00,48,27,21
2017-01-13 10:00:00,74,38,36
2017-01-13 11:00:00,168,96,72
2017-01-13 12:00:00,218,105,113
2017-01-13 13:00:00,154,79,75
2017-01-13 14:00:00,101,52,49
2017-01-13 15:00:00,139,71,68
2017-01-13 16:00:00,120,52,68
2017-01-13 17:00:00,44,24,20
2017-01-13 18:00:00,14,9,5
2017-01-13 19:00:00,15,10,5
2017-01-13 20:00:00,10,4,6
2017-01-13 21:00:00,4,0,4
2017-01-13 22:00:00,6,3,3
2017-01-13 23:00:00,2,2,0
2017-01-14 00:00:00,1,0,1
2017-01-14 01:00:00,2,1,1
2017-01-14 02:00:00,0,0,0
2017-01-14 03:00:00,0,0,0
2017-01-14 04:00:00,1,0,1
2017-01-14 05:00:00,4,3,1
2017-01-14 06:00:00,9,4,5
2017-01-14 07:00:00,51,30,21
2017-01-14 08:00:00,122,64,58
2017-01-14 09:00:00,195,109,86
2017-01-14 10:00:00,228,127,101
2017-01-14 11:00:00,296,154,142
2017-01-14 12:00:00,279,130,149
2017-01-14 13:00:00,439,292,147
2017-01-14 14:00:00,437,275,162
2017-01-14 15:00:00,594,331,263
2017-01-14 16:00:00,224,94,130
2017-01-14 17:00:00,59,21,38
2017-01-14 18:00:00,7,5,2
2017-01-14 19:00:00,14,7,7
2017-01-14 20:00:00,10,4,6
2017-01-14 21:00:00,6,3,3
2017-01-14 22:00:00,0,0,0
2017-01-14 23:00:00,2,1,1
2017-01-15 00:00:00,1,1,0
2017-01-15 01:00:00,1,0,1
2017-01-15 02:00:00,3,2,1
2017-01-15 03:00:00,1,0,1
2017-01-15 04:00:00,0,0,0
2017-01-15 05:00:00,8,5,3
2017-01-15 06:00:00,6,3,3
2017-01-15 07:00:00,51,36,15
2017-01-15 08:00:00,104,47,57
2017-01-15 09:00:00,171,97,74
2017-01-15 10:00:00,280,152,128
2017-01-15 11:00:00,373,202,171
2017-01-15 12:00:00,404,221,183
2017-01-15 13:00:00,465,254,211
2017-01-15 14:00:00,549,312,237
2017-01-15 15:00:00,710,364,346
2017-01-15 16:00:00,353,141,212
2017-01-15 17:00:00,52,22,30
2017-01-15 18:00:00,17,12,5
2017-01-15 19:00:00,6,3,3
2017-01-15 20:00:00,7,3,4
2017-01-15 21:00:00,7,4,3
2017-01-15 22:00:00,6,3,3
2017-01-15 23:00:00,3,1,2
2017-01-16 00:00:00,0,0,0
2017-01-16 01:00:00,2,1,1
2017-01-16 02:00:00,6,5,1
2017-01-16 03:00:00,1,0,1
2017-01-16 04:00:00,9,5,4
2017-01-16 05:00:00,5,4,1
2017-01-16 06:00:00,32,19,13
2017-01-16 07:00:00,73,38,35
2017-01-16 08:00:00,116,63,53
2017-01-16 09:00:00,123,63,60
2017-01-16 10:00:00,180,101,79
2017-01-16 11:00:00,269,148,121
2017-01-16 12:00:00,289,157,132
2017-01-16 13:00:00,239,128,111
2017-01-16 14:00:00,227,136,91
2017-01-16 15:00:00,254,128,126
2017-01-16 16:00:00,226,110,116
2017-01-16 17:00:00,60,30,30
2017-01-16 18:00:00,29,17,12
2017-01-16 19:00:00,22,10,12
2017-01-16 20:00:00,18,10,8
2017-01-16 21:00:00,8,3,5
2017-01-16 22:00:00,5,4,1
2017-01-16 23:00:00,0,0,0
2017-01-17 00:00:00,4,2,2
2017-01-17 01:00:00,0,0,0
2017-01-17 02:00:00,1,1,0
2017-01-17 03:00:00,1,1,0
2017-01-17 04:00:00,2,0,2
2017-01-17 05:00:00,18,13,5
2017-01-17 06:00:00,62,33,29
2017-01-17 07:00:00,73,32,41
2017-01-17 08:00:00,74,45,29
2017-01-17 09:00:00,73,38,35
2017-01-17 10:00:00,76,32,44
2017-01-17 11:00:00,105,60,45
2017-01-17 12:00:00,111,55,56
2017-01-17 13:00:00,36,17,19
2017-01-17 14:00:00,28,15,13
2017-01-17 15:00:00,20,9,11
2017-01-17 16:00:00,31,15,16
2017-01-17 17:00:00,28,18,10
2017-01-17 18:00:00,13,7,6
2017-01-17 19:00:00,6,5,1
2017-01-17 20:00:00,6,4,2
2017-01-17 21:00:00,2,1,1
2017-01-17 22:00:00,3,1,2
2017-01-17 23:00:00,1,1,0
2017-01-18 00:00:00,2,1,1
2017-01-18 01:00:00,0,0,0
2017-01-18 02:00:00,2,2,0
2017-01-18 03:00:00,1,1,0
2017-01-18 04:00:00,2,1,1
2017-01-18 05:00:00,22,15,7
2017-01-18 06:00:00,55,28,27
2017-01-18 07:00:00,39,15,24
2017-01-18 08:00:00,30,17,13
2017-01-18 09:00:00,24,14,10
2017-01-18 10:00:00,24,19,5
2017-01-18 11:00:00,131,86,45
2017-01-18 12:00:00,192,89,103
2017-01-18 13:00:00,58,30,28
2017-01-18 14:00:00,78,49,29
2017-01-18 15:00:00,91,39,52
2017-01-18 16:00:00,73,33,40
2017-01-18 17:00:00,60,29,31
2017-01-18 18:00:00,21,12,9
2017-01-18 19:00:00,8,4,4
2017-01-18 20:00:00,3,2,1
2017-01-18 21:00:00,3,1,2
2017-01-18 22:00:00,2,1,1
2017-01-18 23:00:00,0,0,0
2017-01-19 00:00:00,0,0,0
2017-01-19 01:00:00,0,0,0
2017-01-19 02:00:00,2,1,1
2017-01-19 03:00:00,3,1,2
2017-01-19 04:00:00,5,2,3
2017-01-19 05:00:00,41,27,14
2017-01-19 06:00:00,64,34,30
2017-01-19 07:00:00,82,39,43
2017-01-19 08:00:00,62,33,29
2017-01-19 09:00:00,69,37,32
2017-01-19 10:00:00,62,30,32
2017-01-19 11:00:00,148,90,58
2017-01-19 12:00:00,242,113,129
2017-01-19 13:00:00,76,38,38
2017-01-19 14:00:00,36,14,22
2017-01-19 15:00:00,47,25,22
2017-01-19 16:00:00,69,36,33
2017-01-19 17:00:00,65,36,29
2017-01-19 18:00:00,25,11,14
2017-01-19 19:00:00,13,5,8
2017-01-19 20:00:00,6,3,3
2017-01-19 21:00:00,4,2,2
2017-01-19 22:00:00,8,4,4
2017-01-19 23:00:00,2,2,0
2017-01-20 00:00:00,2,0,2
2017-01-20 01:00:00,1,1,0
2017-01-20 02:00:00,0,0,0
2017-01-20 03:00:00,3,0,3
2017-01-20 04:00:00,5,2,3
2017-01-20 05:00:00,23,14,9
2017-01-20 06:00:00,68,42,26
2017-01-20 07:00:00,111,47,64
2017-01-20 08:00:00,74,33,41
2017-01-20 09:00:00,59,32,27
2017-01-20 10:00:00,71,34,37
2017-01-20 11:00:00,154,82,72
2017-01-20 12:00:00,224,108,116
2017-01-20 13:00:00,123,60,63
2017-01-20 14:00:00,107,54,53
2017-01-20 15:00:00,138,60,78
2017-01-20 16:00:00,111,57,54
2017-01-20 17:00:00,47,24,23
2017-01-20 18:00:00,19,9,10
2017-01-20 19:00:00,12,8,4
2017-01-20 20:00:00,25,14,11
2017-01-20 21:00:00,6,5,1
2017-01-20 22:00:00,6,3,3
2017-01-20 23:00:00,4,2,2
2017-01-21 00:00:00,0,0,0
2017-01-21 01:00:00,0,0,0
2017-01-21 02:00:00,1,1,0
2017-01-21 03:00:00,2,1,1
2017-01-21 04:00:00,2,0,2
2017-01-21 05:00:00,3,1,2
2017-01-21 06:00:00,17,9,8
2017-01-21 07:00:00,46,28,18
2017-01-21 08:00:00,112,63,49
2017-01-21 09:00:00,129,58,71
2017-01-21 10:00:00,109,53,56
2017-01-21 11:00:00,178,85,93
2017-01-21 12:00:00,208,101,107
2017-01-21 13:00:00,310,186,124
2017-01-21 14:00:00,241,115,126
2017-01-21 15:00:00,179,83,96
2017-01-21 16:00:00,119,54,65
2017-01-21 17:00:00,35,13,22
2017-01-21 18:00:00,19,11,8
2017-01-21 19:00:00,4,1,3
2017-01-21 20:00:00,14,8,6
2017-01-21 21:00:00,7,3,4
2017-01-21 22:00:00,14,7,7
2017-01-21 23:00:00,5,1,4
2017-01-22 00:00:00,0,0,0
2017-01-22 01:00:00,0,0,0
2017-01-22 02:00:00,2,1,1
2017-01-22 03:00:00,0,0,0
2017-01-22 04:00:00,0,0,0
2017-01-22 05:00:00,6,3,3
2017-01-22 06:00:00,16,9,7
2017-01-22 07:00:00,40,28,12
2017-01-22 08:00:00,79,38,41
2017-01-22 09:00:00,90,43,47
2017-01-22 10:00:00,93,47,46
2017-01-22 11:00:00,74,28,46
2017-01-22 12:00:00,85,43,42
2017-01-22 13:00:00,112,60,52
2017-01-22 14:00:00,164,78,86
2017-01-22 15:00:00,274,142,132
2017-01-22 16:00:00,283,113,170
2017-01-22 17:00:00,69,19,50
2017-01-22 18:00:00,11,4,7
2017-01-22 19:00:00,6,4,2
2017-01-22 20:00:00,18,9,9
2017-01-22 21:00:00,6,3,3
2017-01-22 22:00:00,1,0,1
2017-01-22 23:00:00,2,1,1
2017-01-23 00:00:00,2,1,1
2017-01-23 01:00:00,0,0,0
2017-01-23 02:00:00,2,2,0
2017-01-23 03:00:00,3,2,1
2017-01-23 04:00:00,2,1,1
2017-01-23 05:00:00,33,21,12
2017-01-23 06:00:00,54,26,28
2017-01-23 07:00:00,78,37,41
2017-01-23 08:00:00,81,43,38
2017-01-23 09:00:00,91,45,46
2017-01-23 10:00:00,123,67,56
2017-01-23 11:00:00,220,119,101
2017-01-23 12:00:00,317,160,157
2017-01-23 13:00:00,209,107,102
2017-01-23 14:00:00,145,78,67
2017-01-23 15:00:00,181,84,97
2017-01-23 16:00:00,213,115,98
2017-01-23 17:00:00,100,49,51
2017-01-23 18:00:00,41,20,21
2017-01-23 19:00:00,19,10,9
2017-01-23 20:00:00,10,4,6
2017-01-23 21:00:00,10,4,6
2017-01-23 22:00:00,7,5,2
2017-01-23 23:00:00,2,2,0
2017-01-24 00:00:00,3,2,1
2017-01-24 01:00:00,1,0,1
2017-01-24 02:00:00,0,0,0
2017-01-24 03:00:00,4,2,2
2017-01-24 04:00:00,3,1,2
2017-01-24 05:00:00,50,29,21
2017-01-24 06:00:00,97,49,48
2017-01-24 07:00:00,95,44,51
2017-01-24 08:00:00,71,33,38
2017-01-24 09:00:00,62,27,35
2017-01-24 10:00:00,84,48,36
2017-01-24 11:00:00,131,75,56
2017-01-24 12:00:00,256,127,129
2017-01-24 13:00:00,141,71,70
2017-01-24 14:00:00,167,90,77
2017-01-24 15:00:00,159,74,85
2017-01-24 16:00:00,166,88,78
2017-01-24 17:00:00,78,40,38
2017-01-24 18:00:00,38,16,22
2017-01-24 19:00:00,15,6,9
2017-01-24 20:00:00,11,7,4
2017-01-24 21:00:00,9,5,4
2017-01-24 22:00:00,1,1,0
2017-01-24 23:00:00,1,0,1
2017-01-25 00:00:00,3,2,1
2017-01-25 01:00:00,0,0,0
2017-01-25 02:00:00,0,0,0
2017-01-25 03:00:00,4,2,2
2017-01-25 04:00:00,3,2,1
2017-01-25 05:00:00,34,26,8
2017-01-25 06:00:00,81,43,38
2017-01-25 07:00:00,92,39,53
2017-01-25 08:00:00,68,33,35
2017-01-25 09:00:00,73,36,37
2017-01-25 10:00:00,55,29,26
2017-01-25 11:00:00,152,79,73
2017-01-25 12:00:00,175,91,84
2017-01-25 13:00:00,106,52,54
2017-01-25 14:00:00,73,40,33
2017-01-25 15:00:00,94,52,42
2017-01-25 16:00:00,97,42,55
2017-01-25 17:00:00,76,43,33
2017-01-25 18:00:00,33,15,18
2017-01-25 19:00:00,10,2,8
2017-01-25 20:00:00,15,11,4
2017-01-25 21:00:00,9,6,3
2017-01-25 22:00:00,4,3,1
2017-01-25 23:00:00,4,2,2
2017-01-26 00:00:00,1,0,1
2017-01-26 01:00:00,1,1,0
2017-01-26 02:00:00,0,0,0
2017-01-26 03:00:00,0,0,0
2017-01-26 04:00:00,1,0,1
2017-01-26 05:00:00,32,23,9
2017-01-26 06:00:00,84,43,41
2017-01-26 07:00:00,115,54,61
2017-01-26 08:00:00,78,40,38
2017-01-26 09:00:00,72,34,38
2017-01-26 10:00:00,85,41,44
2017-01-26 11:00:00,129,74,55
2017-01-26 12:00:00,212,97,115
2017-01-26 13:00:00,116,60,56
2017-01-26 14:00:00,130,61,69
2017-01-26 15:00:00,172,85,87
2017-01-26 16:00:00,178,84,94
2017-01-26 17:00:00,110,52,58
2017-01-26 18:00:00,34,21,13
2017-01-26 19:00:00,12,5,7
2017-01-26 20:00:00,11,5,6
2017-01-26 21:00:00,0,0,0
2017-01-26 22:00:00,7,5,2
2017-01-26 23:00:00,9,4,5
2017-01-27 00:00:00,1,1,0
2017-01-27 01:00:00,1,0,1
2017-01-27 02:00:00,2,1,1
2017-01-27 03:00:00,0,0,0
2017-01-27 04:00:00,3,1,2
2017-01-27 05:00:00,21,15,6
2017-01-27 06:00:00,58,27,31
2017-01-27 07:00:00,101,48,53
2017-01-27 08:00:00,89,46,43
2017-01-27 09:00:00,99,47,52
2017-01-27 10:00:00,119,57,62
2017-01-27 11:00:00,237,136,101
2017-01-27 12:00:00,326,148,178
2017-01-27 13:00:00,380,256,124
2017-01-27 14:00:00,398,296,102
2017-01-27 15:00:00,235,106,129
2017-01-27 16:00:00,207,102,105
2017-01-27 17:00:00,61,19,42
2017-01-27 18:00:00,31,17,14
2017-01-27 19:00:00,8,5,3
2017-01-27 20:00:00,3,1,2
2017-01-27 21:00:00,9,7,2
2017-01-27 22:00:00,1,1,0
2017-01-27 23:00:00,2,1,1
2017-01-28 00:00:00,0,0,0
2017-01-28 01:00:00,3,2,1
2017-01-28 02:00:00,2,0,2
2017-01-28 03:00:00,0,0,0
2017-01-28 04:00:00,1,1,0
2017-01-28 05:00:00,3,2,1
2017-01-28 06:00:00,18,9,9
2017-01-28 07:00:00,90,57,33
2017-01-28 08:00:00,168,83,85
2017-01-28 09:00:00,169,87,82
2017-01-28 10:00:00,227,107,120
2017-01-28 11:00:00,214,106,108
2017-01-28 12:00:00,205,92,113
2017-01-28 13:00:00,214,121,93
2017-01-28 14:00:00,271,142,129
2017-01-28 15:00:00,278,123,155
2017-01-28 16:00:00,226,98,128
2017-01-28 17:00:00,80,35,45
2017-01-28 18:00:00,23,9,14
2017-01-28 19:00:00,15,6,9
2017-01-28 20:00:00,9,5,4
2017-01-28 21:00:00,2,0,2
2017-01-28 22:00:00,6,4,2
2017-01-28 23:00:00,8,5,3
2017-01-29 00:00:00,0,0,0
2017-01-29 01:00:00,2,1,1
2017-01-29 02:00:00,2,2,0
2017-01-29 03:00:00,2,1,1
2017-01-29 04:00:00,3,2,1
2017-01-29 05:00:00,7,6,1
2017-01-29 06:00:00,13,10,3
2017-01-29 07:00:00,56,32,24
2017-01-29 08:00:00,124,64,60
2017-01-29 09:00:00,144,73,71
2017-01-29 10:00:00,211,104,107
2017-01-29 11:00:00,203,93,110
2017-01-29 12:00:00,162,73,89
2017-01-29 13:00:00,106,53,53
2017-01-29 14:00:00,140,68,72
2017-01-29 15:00:00,133,67,66
2017-01-29 16:00:00,120,55,65
2017-01-29 17:00:00,43,16,27
2017-01-29 18:00:00,16,8,8
2017-01-29 19:00:00,6,2,4
2017-01-29 20:00:00,14,9,5
2017-01-29 21:00:00,7,4,3
2017-01-29 22:00:00,3,3,0
2017-01-29 23:00:00,4,2,2
2017-01-30 00:00:00,1,1,0
2017-01-30 01:00:00,0,0,0
2017-01-30 02:00:00,5,3,2
2017-01-30 03:00:00,1,0,1
2017-01-30 04:00:00,1,0,1
2017-01-30 05:00:00,30,20,10
2017-01-30 06:00:00,48,29,19
2017-01-30 07:00:00,91,41,50
2017-01-30 08:00:00,70,29,41
2017-01-30 09:00:00,75,42,33
2017-01-30 10:00:00,85,44,41
2017-01-30 11:00:00,162,94,68
2017-01-30 12:00:00,222,112,110
2017-01-30 13:00:00,110,53,57
2017-01-30 14:00:00,84,36,48
2017-01-30 15:00:00,97,43,54
2017-01-30 16:00:00,130,60,70
2017-01-30 17:00:00,93,46,47
2017-01-30 18:00:00,50,26,24
2017-01-30 19:00:00,12,5,7
2017-01-30 20:00:00,18,12,6
2017-01-30 21:00:00,9,4,5
2017-01-30 22:00:00,1,0,1
2017-01-30 23:00:00,0,0,0
2017-01-31 00:00:00,1,1,0
2017-01-31 01:00:00,0,0,0
2017-01-31 02:00:00,3,2,1
2017-01-31 03:00:00,1,1,0
2017-01-31 04:00:00,10,5,5
2017-01-31 05:00:00,38,25,13
2017-01-31 06:00:00,89,44,45
2017-01-31 07:00:00,103,48,55
2017-01-31 08:00:00,81,39,42
2017-01-31 09:00:00,63,29,34
2017-01-31 10:00:00,62,34,28
2017-01-31 11:00:00,141,75,66
2017-01-31 12:00:00,288,155,133
2017-01-31 13:00:00,225,141,84
2017-01-31 14:00:00,316,225,91
2017-01-31 15:00:00,337,233,104
2017-01-31 16:00:00,237,114,123
2017-01-31 17:00:00,83,31,52
2017-01-31 18:00:00,49,25,24
2017-01-31 19:00:00,11,6,5
2017-01-31 20:00:00,5,3,2
2017-01-31 21:00:00,6,4,2
2017-01-31 22:00:00,4,3,1
2017-01-31 23:00:00,2,0,2
2017-02-01 00:00:00,2,1,1
2017-02-01 01:00:00,0,0,0
2017-02-01 02:00:00,0,0,0
2017-02-01 03:00:00,2,1,1
2017-02-01 04:00:00,10,5,5
2017-02-01 05:00:00,21,15,6
2017-02-01 06:00:00,57,28,29
2017-02-01 07:00:00,111,50,61
2017-02-01 08:00:00,70,37,33
2017-02-01 09:00:00,64,33,31
2017-02-01 10:00:00,95,45,50
2017-02-01 11:00:00,206,112,94
2017-02-01 12:00:00,291,156,135
2017-02-01 13:00:00,331,248,83
2017-02-01 14:00:00,355,291,64
2017-02-01 15:00:00,304,206,98
2017-02-01 16:00:00,209,103,106
2017-02-01 17:00:00,117,51,66
2017-02-01 18:00:00,42,23,19
2017-02-01 19:00:00,6,4,2
2017-02-01 20:00:00,7,4,3
2017-02-01 21:00:00,6,4,2
2017-02-01 22:00:00,1,1,0
2017-02-01 23:00:00,1,1,0
2017-02-02 00:00:00,3,1,2
2017-02-02 01:00:00,0,0,0
2017-02-02 02:00:00,0,0,0
2017-02-02 03:00:00,3,3,0
2017-02-02 04:00:00,4,2,2
2017-02-02 05:00:00,24,15,9
2017-02-02 06:00:00,55,30,25
2017-02-02 07:00:00,92,42,50
2017-02-02 08:00:00,69,27,42
2017-02-02 09:00:00,73,30,43
2017-02-02 10:00:00,101,55,46
2017-02-02 11:00:00,172,89,83
2017-02-02 12:00:00,270,133,137
2017-02-02 13:00:00,239,149,90
2017-02-02 14:00:00,348,277,71
2017-02-02 15:00:00,144,70,74
2017-02-02 16:00:00,153,77,76
2017-02-02 17:00:00,116,59,57
2017-02-02 18:00:00,39,20,19
2017-02-02 19:00:00,14,7,7
2017-02-02 20:00:00,11,6,5
2017-02-02 21:00:00,1,0,1
2017-02-02 22:00:00,0,0,0
2017-02-02 23:00:00,2,1,1
2017-02-03 00:00:00,1,0,1
2017-02-03 01:00:00,0,0,0
2017-02-03 02:00:00,0,0,0
2017-02-03 03:00:00,0,0,0
2017-02-03 04:00:00,3,1,2
2017-02-03 05:00:00,14,9,5
2017-02-03 06:00:00,33,16,17
2017-02-03 07:00:00,45,22,23
2017-02-03 08:00:00,52,27,25
2017-02-03 09:00:00,35,17,18
2017-02-03 10:00:00,59,28,31
2017-02-03 11:00:00,70,36,34
2017-02-03 12:00:00,82,30,52
2017-02-03 13:00:00,33,19,14
2017-02-03 14:00:00,22,11,11
2017-02-03 15:00:00,12,4,8
2017-02-03 16:00:00,24,16,8
2017-02-03 17:00:00,19,10,9
2017-02-03 18:00:00,18,12,6
2017-02-03 19:00:00,12,3,9
2017-02-03 20:00:00,5,3,2
2017-02-03 21:00:00,1,1,0
2017-02-03 22:00:00,0,0,0
2017-02-03 23:00:00,1,0,1
2017-02-04 00:00:00,0,0,0
2017-02-04 01:00:00,0,0,0
2017-02-04 02:00:00,0,0,0
2017-02-04 03:00:00,1,1,0
2017-02-04 04:00:00,4,1,3
2017-02-04 05:00:00,3,2,1
2017-02-04 06:00:00,17,10,7
2017-02-04 07:00:00,50,34,16
2017-02-04 08:00:00,92,44,48
2017-02-04 09:00:00,90,46,44
2017-02-04 10:00:00,96,51,45
2017-02-04 11:00:00,91,44,47
2017-02-04 12:00:00,57,19,38
2017-02-04 13:00:00,47,21,26
2017-02-04 14:00:00,38,18,20
2017-02-04 15:00:00,44,20,24
2017-02-04 16:00:00,59,32,27
2017-02-04 17:00:00,30,11,19
2017-02-04 18:00:00,14,5,9
2017-02-04 19:00:00,4,2,2
2017-02-04 20:00:00,7,3,4
2017-02-04 21:00:00,2,1,1
2017-02-04 22:00:00,3,1,2
2017-02-04 23:00:00,0,0,0
2017-02-05 00:00:00,0,0,0
2017-02-05 01:00:00,2,2,0
2017-02-05 02:00:00,4,2,2
2017-02-05 03:00:00,1,0,1
2017-02-05 04:00:00,2,1,1
2017-02-05 05:00:00,6,5,1
2017-02-05 06:00:00,13,7,6
2017-02-05 07:00:00,56,29,27
2017-02-05 08:00:00,92,52,40
2017-02-05 09:00:00,121,58,63
2017-02-05 10:00:00,115,62,53
2017-02-05 11:00:00,116,57,59
2017-02-05 12:00:00,86,37,49
2017-02-05 13:00:00,59,28,31
2017-02-05 14:00:00,29,13,16
2017-02-05 15:00:00,23,10,13
2017-02-05 16:00:00,31,18,13
2017-02-05 17:00:00,18,7,11
2017-02-05 18:00:00,5,4,1
2017-02-05 19:00:00,2,1,1
2017-02-05 20:00:00,4,2,2
2017-02-05 21:00:00,0,0,0
2017-02-05 22:00:00,0,0,0
2017-02-05 23:00:00,1,1,0
2017-02-06 00:00:00,0,0,0
2017-02-06 01:00:00,0,0,0
2017-02-06 02:00:00,2,1,1
2017-02-06 03:00:00,0,0,0
2017-02-06 04:00:00,2,1,1
2017-02-06 05:00:00,32,17,15
2017-02-06 06:00:00,17,6,11
2017-02-06 07:00:00,60,27,33
2017-02-06 08:00:00,64,27,37
2017-02-06 09:00:00,54,21,33
2017-02-06 10:00:00,61,27,34
2017-02-06 11:00:00,66,25,41
2017-02-06 12:00:00,77,38,39
2017-02-06 13:00:00,37,17,20
2017-02-06 14:00:00,43,26,17
2017-02-06 15:00:00,108,53,55
2017-02-06 16:00:00,107,57,50
2017-02-06 17:00:00,65,31,34
2017-02-06 18:00:00,24,8,16
2017-02-06 19:00:00,6,3,3
2017-02-06 20:00:00,8,5,3
2017-02-06 21:00:00,7,3,4
2017-02-06 22:00:00,1,0,1
2017-02-06 23:00:00,1,0,1
2017-02-07 00:00:00,3,2,1
2017-02-07 01:00:00,0,0,0
2017-02-07 02:00:00,2,1,1
2017-02-07 03:00:00,3,2,1
2017-02-07 04:00:00,6,4,2
2017-02-07 05:00:00,27,18,9
2017-02-07 06:00:00,47,22,25
2017-02-07 07:00:00,73,35,38
2017-02-07 08:00:00,49,25,24
2017-02-07 09:00:00,46,24,22
2017-02-07 10:00:00,51,33,18
2017-02-07 11:00:00,86,48,38
2017-02-07 12:00:00,202,107,95
2017-02-07 13:00:00,124,64,60
2017-02-07 14:00:00,96,49,47
2017-02-07 15:00:00,107,52,55
2017-02-07 16:00:00,116,59,57
2017-02-07 17:00:00,129,60,69
2017-02-07 18:00:00,78,37,41
2017-02-07 19:00:00,32,17,15
2017-02-07 20:00:00,14,10,4
2017-02-07 21:00:00,16,7,9
2017-02-07 22:00:00,6,5,1
2017-02-07 23:00:00,4,2,2
2017-02-08 00:00:00,1,1,0
2017-02-08 01:00:00,1,1,0
2017-02-08 02:00:00,0,0,0
2017-02-08 03:00:00,1,1,0
2017-02-08 04:00:00,2,1,1
2017-02-08 05:00:00,19,16,3
2017-02-08 06:00:00,52,27,25
2017-02-08 07:00:00,95,49,46
2017-02-08 08:00:00,70,31,39
2017-02-08 09:00:00,32,15,17
2017-02-08 10:00:00,29,13,16
2017-02-08 11:00:00,45,20,25
2017-02-08 12:00:00,96,49,47
2017-02-08 13:00:00,54,25,29
2017-02-08 14:00:00,29,14,15
2017-02-08 15:00:00,35,20,15
2017-02-08 16:00:00,35,14,21
2017-02-08 17:00:00,46,22,24
2017-02-08 18:00:00,33,17,16
2017-02-08 19:00:00,10,1,9
2017-02-08 20:00:00,5,4,1
2017-02-08 21:00:00,8,4,4
2017-02-08 22:00:00,4,2,2
2017-02-08 23:00:00,0,0,0
2017-02-09 00:00:00,1,0,1
2017-02-09 01:00:00,0,0,0
2017-02-09 02:00:00,0,0,0
2017-02-09 03:00:00,0,0,0
2017-02-09 04:00:00,2,0,2
2017-02-09 05:00:00,14,10,4
2017-02-09 06:00:00,31,21,10
2017-02-09 07:00:00,24,14,10
2017-02-09 08:00:00,23,12,11
2017-02-09 09:00:00,7,6,1
2017-02-09 10:00:00,32,14,18
2017-02-09 11:00:00,59,34,25
2017-02-09 12:00:00,141,71,70
2017-02-09 13:00:00,84,42,42
2017-02-09 14:00:00,88,39,49
2017-02-09 15:00:00,49,19,30
2017-02-09 16:00:00,74,40,34
2017-02-09 17:00:00,80,40,40
2017-02-09 18:00:00,31,13,18
2017-02-09 19:00:00,14,7,7
2017-02-09 20:00:00,10,7,3
2017-02-09 21:00:00,10,6,4
2017-02-09 22:00:00,4,2,2
2017-02-09 23:00:00,4,3,1
2017-02-10 00:00:00,1,0,1
2017-02-10 01:00:00,2,2,0
2017-02-10 02:00:00,0,0,0
2017-02-10 03:00:00,3,2,1
2017-02-10 04:00:00,0,0,0
2017-02-10 05:00:00,13,9,4
2017-02-10 06:00:00,32,14,18
2017-02-10 07:00:00,56,33,23
2017-02-10 08:00:00,79,42,37
2017-02-10 09:00:00,83,40,43
2017-02-10 10:00:00,56,32,24
2017-02-10 11:00:00,52,26,26
2017-02-10 12:00:00,111,55,56
2017-02-10 13:00:00,73,36,37
2017-02-10 14:00:00,68,40,28
2017-02-10 15:00:00,70,32,38
2017-02-10 16:00:00,160,87,73
2017-02-10 17:00:00,121,58,63
2017-02-10 18:00:00,39,12,27
2017-02-10 19:00:00,12,6,6
2017-02-10 20:00:00,10,5,5
2017-02-10 21:00:00,5,0,5
2017-02-10 22:00:00,7,3,4
2017-02-10 23:00:00,2,2,0
2017-02-11 00:00:00,4,2,2
2017-02-11 01:00:00,0,0,0
2017-02-11 02:00:00,0,0,0
2017-02-11 03:00:00,1,1,0
2017-02-11 04:00:00,0,0,0
2017-02-11 05:00:00,4,1,3
2017-02-11 06:00:00,16,9,7
2017-02-11 07:00:00,47,24,23
2017-02-11 08:00:00,111,64,47
2017-02-11 09:00:00,155,82,73
2017-02-11 10:00:00,158,81,77
2017-02-11 11:00:00,185,89,96
2017-02-11 12:00:00,200,91,109
2017-02-11 13:00:00,185,97,88
2017-02-11 14:00:00,246,111,135
2017-02-11 15:00:00,247,129,118
2017-02-11 16:00:00,307,116,191
2017-02-11 17:00:00,200,78,122
2017-02-11 18:00:00,46,12,34
2017-02-11 19:00:00,11,6,5
2017-02-11 20:00:00,12,8,4
2017-02-11 21:00:00,1,1,0
2017-02-11 22:00:00,12,7,5
2017-02-11 23:00:00,6,3,3
2017-02-12 00:00:00,3,0,3
2017-02-12 01:00:00,1,0,1
2017-02-12 02:00:00,4,2,2
2017-02-12 03:00:00,1,1,0
2017-02-12 04:00:00,0,0,0
2017-02-12 05:00:00,3,3,0
2017-02-12 06:00:00,17,13,4
2017-02-12 07:00:00,50,28,22
2017-02-12 08:00:00,93,47,46
2017-02-12 09:00:00,114,60,54
2017-02-12 10:00:00,150,85,65
2017-02-12 11:00:00,201,98,103
2017-02-12 12:00:00,303,153,150
2017-02-12 13:00:00,387,198,189
2017-02-12 14:00:00,444,242,202
2017-02-12 15:00:00,516,254,262
2017-02-12 16:00:00,603,293,310
2017-02-12 17:00:00,356,149,207
2017-02-12 18:00:00,69,22,47
2017-02-12 19:00:00,3,1,2
2017-02-12 20:00:00,11,7,4
2017-02-12 21:00:00,5,2,3
2017-02-12 22:00:00,3,2,1
2017-02-12 23:00:00,2,2,0
2017-02-13 00:00:00,1,0,1
2017-02-13 01:00:00,0,0,0
2017-02-13 02:00:00,1,1,0
2017-02-13 03:00:00,1,1,0
2017-02-13 04:00:00,4,3,1
2017-02-13 05:00:00,15,9,6
2017-02-13 06:00:00,44,25,19
2017-02-13 07:00:00,100,51,49
2017-02-13 08:00:00,111,50,61
2017-02-13 09:00:00,91,49,42
2017-02-13 10:00:00,93,45,48
2017-02-13 11:00:00,180,96,84
2017-02-13 12:00:00,392,202,190
2017-02-13 13:00:00,247,132,115
2017-02-13 14:00:00,234,122,112
2017-02-13 15:00:00,280,158,122
2017-02-13 16:00:00,343,205,138
2017-02-13 17:00:00,320,150,170
2017-02-13 18:00:00,124,53,71
2017-02-13 19:00:00,43,18,25
2017-02-13 20:00:00,12,5,7
2017-02-13 21:00:00,7,6,1
2017-02-13 22:00:00,3,2,1
2017-02-13 23:00:00,0,0,0
2017-02-14 00:00:00,1,1,0
2017-02-14 01:00:00,0,0,0
2017-02-14 02:00:00,2,1,1
2017-02-14 03:00:00,1,1,0
2017-02-14 04:00:00,5,4,1
2017-02-14 05:00:00,28,23,5
2017-02-14 06:00:00,89,41,48
2017-02-14 07:00:00,139,65,74
2017-02-14 08:00:00,108,54,54
2017-02-14 09:00:00,77,37,40
2017-02-14 10:00:00,65,35,30
2017-02-14 11:00:00,121,63,58
2017-02-14 12:00:00,282,145,137
2017-02-14 13:00:00,147,66,81
2017-02-14 14:00:00,149,78,71
2017-02-14 15:00:00,138,68,70
2017-02-14 16:00:00,150,68,82
2017-02-14 17:00:00,165,84,81
2017-02-14 18:00:00,64,24,40
2017-02-14 19:00:00,31,13,18
2017-02-14 20:00:00,14,6,8
2017-02-14 21:00:00,12,8,4
2017-02-14 22:00:00,4,3,1
2017-02-14 23:00:00,2,1,1
2017-02-15 00:00:00,0,0,0
2017-02-15 01:00:00,2,1,1
2017-02-15 02:00:00,0,0,0
2017-02-15 03:00:00,0,0,0
2017-02-15 04:00:00,1,0,1
2017-02-15 05:00:00,4,4,0
2017-02-15 06:00:00,44,26,18
2017-02-15 07:00:00,59,35,24
2017-02-15 08:00:00,56,26,30
2017-02-15 09:00:00,32,14,18
2017-02-15 10:00:00,39,21,18
2017-02-15 11:00:00,61,30,31
2017-02-15 12:00:00,91,46,45
2017-02-15 13:00:00,43,20,23
2017-02-15 14:00:00,29,15,14
2017-02-15 15:00:00,25,13,12
2017-02-15 16:00:00,32,16,16
2017-02-15 17:00:00,53,27,26
2017-02-15 18:00:00,38,20,18
2017-02-15 19:00:00,21,11,10
2017-02-15 20:00:00,7,3,4
2017-02-15 21:00:00,8,5,3
2017-02-15 22:00:00,8,2,6
2017-02-15 23:00:00,1,1,0
2017-02-16 00:00:00,0,0,0
2017-02-16 01:00:00,0,0,0
2017-02-16 02:00:00,0,0,0
2017-02-16 03:00:00,0,0,0
2017-02-16 04:00:00,3,3,0
2017-02-16 05:00:00,13,11,2
2017-02-16 06:00:00,83,52,31
2017-02-16 07:00:00,134,68,66
2017-02-16 08:00:00,103,50,53
2017-02-16 09:00:00,110,49,61
2017-02-16 10:00:00,107,68,39
2017-02-16 11:00:00,137,64,73
2017-02-16 12:00:00,280,145,135
2017-02-16 13:00:00,163,80,83
2017-02-16 14:00:00,145,71,74
2017-02-16 15:00:00,120,66,54
2017-02-16 16:00:00,182,91,91
2017-02-16 17:00:00,194,99,95
2017-02-16 18:00:00,86,38,48
2017-02-16 19:00:00,23,10,13
2017-02-16 20:00:00,28,14,14
2017-02-16 21:00:00,11,3,8
2017-02-16 22:00:00,5,1,4
2017-02-16 23:00:00,2,1,1
2017-02-17 00:00:00,0,0,0
2017-02-17 01:00:00,0,0,0
2017-02-17 02:00:00,0,0,0
2017-02-17 03:00:00,1,1,0
2017-02-17 04:00:00,1,1,0
2017-02-17 05:00:00,12,10,2
2017-02-17 06:00:00,46,27,19
2017-02-17 07:00:00,128,67,61
2017-02-17 08:00:00,133,59,74
2017-02-17 09:00:00,80,40,40
2017-02-17 10:00:00,124,59,65
2017-02-17 11:00:00,163,75,88
2017-02-17 12:00:00,298,157,141
2017-02-17 13:00:00,280,148,132
2017-02-17 14:00:00,337,191,146
2017-02-17 15:00:00,275,133,142
2017-02-17 16:00:00,278,125,153
2017-02-17 17:00:00,293,141,152
2017-02-17 18:00:00,91,43,48
2017-02-17 19:00:00,13,6,7
2017-02-17 20:00:00,16,9,7
2017-02-17 21:00:00,5,2,3
2017-02-17 22:00:00,5,4,1
2017-02-17 23:00:00,1,1,0
2017-02-18 00:00:00,2,0,2
2017-02-18 01:00:00,2,0,2
2017-02-18 02:00:00,4,3,1
2017-02-18 03:00:00,2,1,1
2017-02-18 04:00:00,0,0,0
2017-02-18 05:00:00,3,2,1
2017-02-18 06:00:00,10,5,5
2017-02-18 07:00:00,37,23,14
2017-02-18 08:00:00,73,43,30
2017-02-18 09:00:00,123,68,55
2017-02-18 10:00:00,96,47,49
2017-02-18 11:00:00,115,53,62
2017-02-18 12:00:00,91,38,53
2017-02-18 13:00:00,73,42,31
2017-02-18 14:00:00,91,45,46
2017-02-18 15:00:00,95,54,41
2017-02-18 16:00:00,103,48,55
2017-02-18 17:00:00,134,57,77
2017-02-18 18:00:00,50,17,33
2017-02-18 19:00:00,13,8,5
2017-02-18 20:00:00,12,9,3
2017-02-18 21:00:00,14,6,8
2017-02-18 22:00:00,4,1,3
2017-02-18 23:00:00,2,2,0
2017-02-19 00:00:00,4,4,0
2017-02-19 01:00:00,3,1,2
2017-02-19 02:00:00,4,3,1
2017-02-19 03:00:00,1,1,0
2017-02-19 04:00:00,4,1,3
2017-02-19 05:00:00,1,1,0
2017-02-19 06:00:00,6,4,2
2017-02-19 07:00:00,18,9,9
2017-02-19 08:00:00,76,48,28
2017-02-19 09:00:00,119,67,52
2017-02-19 10:00:00,232,131,101
2017-02-19 11:00:00,207,84,123
2017-02-19 12:00:00,159,76,83
2017-02-19 13:00:00,104,47,57
2017-02-19 14:00:00,56,30,26
2017-02-19 15:00:00,59,26,33
2017-02-19 16:00:00,59,26,33
2017-02-19 17:00:00,73,30,43
2017-02-19 18:00:00,19,8,11
2017-02-19 19:00:00,11,3,8
2017-02-19 20:00:00,7,5,2
2017-02-19 21:00:00,16,10,6
2017-02-19 22:00:00,14,7,7
2017-02-19 23:00:00,10,4,6
2017-02-20 00:00:00,2,0,2
2017-02-20 01:00:00,0,0,0
2017-02-20 02:00:00,1,1,0
2017-02-20 03:00:00,0,0,0
2017-02-20 04:00:00,4,3,1
2017-02-20 05:00:00,5,4,1
2017-02-20 06:00:00,16,8,8
2017-02-20 07:00:00,38,21,17
2017-02-20 08:00:00,76,38,38
2017-02-20 09:00:00,80,35,45
2017-02-20 10:00:00,57,25,32
2017-02-20 11:00:00,66,33,33
2017-02-20 12:00:00,63,30,33
2017-02-20 13:00:00,45,22,23
2017-02-20 14:00:00,34,17,17
2017-02-20 15:00:00,67,33,34
2017-02-20 16:00:00,101,54,47
2017-02-20 17:00:00,110,56,54
2017-02-20 18:00:00,44,21,23
2017-02-20 19:00:00,19,10,9
2017-02-20 20:00:00,8,4,4
2017-02-20 21:00:00,10,5,5
2017-02-20 22:00:00,2,1,1
2017-02-20 23:00:00,0,0,0
2017-02-21 00:00:00,4,2,2
2017-02-21 01:00:00,4,2,2
2017-02-21 02:00:00,1,0,1
2017-02-21 03:00:00,1,1,0
2017-02-21 04:00:00,4,4,0
2017-02-21 05:00:00,10,7,3
2017-02-21 06:00:00,42,22,20
2017-02-21 07:00:00,82,40,42
2017-02-21 08:00:00,76,37,39
2017-02-21 09:00:00,70,33,37
2017-02-21 10:00:00,39,18,21
2017-02-21 11:00:00,74,39,35
2017-02-21 12:00:00,153,82,71
2017-02-21 13:00:00,120,60,60
2017-02-21 14:00:00,90,44,46
2017-02-21 15:00:00,95,51,44
2017-02-21 16:00:00,145,56,89
2017-02-21 17:00:00,106,51,55
2017-02-21 18:00:00,47,19,28
2017-02-21 19:00:00,24,12,12
2017-02-21 20:00:00,13,6,7
2017-02-21 21:00:00,2,0,2
2017-02-21 22:00:00,1,1,0
2017-02-21 23:00:00,2,1,1
2017-02-22 00:00:00,1,1,0
2017-02-22 01:00:00,0,0,0
2017-02-22 02:00:00,2,1,1
2017-02-22 03:00:00,3,2,1
2017-02-22 04:00:00,2,1,1
2017-02-22 05:00:00,15,8,7
2017-02-22 06:00:00,44,24,20
2017-02-22 07:00:00,103,48,55
2017-02-22 08:00:00,71,28,43
2017-02-22 09:00:00,52,29,23
2017-02-22 10:00:00,87,44,43
2017-02-22 11:00:00,115,67,48
2017-02-22 12:00:00,332,169,163
2017-02-22 13:00:00,204,108,96
2017-02-22 14:00:00,185,103,82
2017-02-22 15:00:00,304,200,104
2017-02-22 16:00:00,258,146,112
2017-02-22 17:00:00,259,131,128
2017-02-22 18:00:00,129,59,70
2017-02-22 19:00:00,29,14,15
2017-02-22 20:00:00,16,7,9
2017-02-22 21:00:00,2,1,1
2017-02-22 22:00:00,4,2,2
2017-02-22 23:00:00,2,1,1
2017-02-23 00:00:00,0,0,0
2017-02-23 01:00:00,0,0,0
2017-02-23 02:00:00,1,1,0
2017-02-23 03:00:00,0,0,0
2017-02-23 04:00:00,1,0,1
2017-02-23 05:00:00,10,5,5
2017-02-23 06:00:00,44,28,16
2017-02-23 07:00:00,97,50,47
2017-02-23 08:00:00,79,39,40
2017-02-23 09:00:00,54,28,26
2017-02-23 10:00:00,48,24,24
2017-02-23 11:00:00,77,41,36
2017-02-23 12:00:00,197,98,99
2017-02-23 13:00:00,138,64,74
2017-02-23 14:00:00,102,54,48
2017-02-23 15:00:00,184,109,75
2017-02-23 16:00:00,189,99,90
2017-02-23 17:00:00,226,106,120
2017-02-23 18:00:00,83,28,55
2017-02-23 19:00:00,17,9,8
2017-02-23 20:00:00,12,4,8
2017-02-23 21:00:00,4,1,3
2017-02-23 22:00:00,3,1,2
2017-02-23 23:00:00,5,3,2
2017-02-24 00:00:00,0,0,0
2017-02-24 01:00:00,0,0,0
2017-02-24 02:00:00,0,0,0
2017-02-24 03:00:00,1,1,0
2017-02-24 04:00:00,3,1,2
2017-02-24 05:00:00,7,5,2
2017-02-24 06:00:00,32,16,16
2017-02-24 07:00:00,77,41,36
2017-02-24 08:00:00,61,27,34
2017-02-24 09:00:00,51,26,25
2017-02-24 10:00:00,50,25,25
2017-02-24 11:00:00,81,44,37
2017-02-24 12:00:00,212,104,108
2017-02-24 13:00:00,143,61,82
2017-02-24 14:00:00,109,47,62
2017-02-24 15:00:00,142,81,61
2017-02-24 16:00:00,180,99,81
2017-02-24 17:00:00,246,133,113
2017-02-24 18:00:00,98,35,63
2017-02-24 19:00:00,22,9,13
2017-02-24 20:00:00,9,2,7
2017-02-24 21:00:00,3,1,2
2017-02-24 22:00:00,4,3,1
2017-02-24 23:00:00,4,3,1
2017-02-25 00:00:00,1,1,0
2017-02-25 01:00:00,1,1,0
2017-02-25 02:00:00,1,1,0
2017-02-25 03:00:00,1,0,1
2017-02-25 04:00:00,1,1,0
2017-02-25 05:00:00,0,0,0
2017-02-25 06:00:00,24,13,11
2017-02-25 07:00:00,76,44,32
2017-02-25 08:00:00,113,59,54
2017-02-25 09:00:00,154,79,75
2017-02-25 10:00:00,173,86,87
2017-02-25 11:00:00,250,114,136
2017-02-25 12:00:00,231,107,124
2017-02-25 13:00:00,206,89,117
2017-02-25 14:00:00,165,70,95
2017-02-25 15:00:00,193,75,118
2017-02-25 16:00:00,165,87,78
2017-02-25 17:00:00,119,48,71
2017-02-25 18:00:00,34,10,24
2017-02-25 19:00:00,18,12,6
2017-02-25 20:00:00,11,8,3
2017-02-25 21:00:00,9,3,6
2017-02-25 22:00:00,4,1,3
2017-02-25 23:00:00,7,4,3
2017-02-26 00:00:00,4,2,2
2017-02-26 01:00:00,1,1,0
2017-02-26 02:00:00,1,0,1
2017-02-26 03:00:00,1,1,0
2017-02-26 04:00:00,0,0,0
2017-02-26 05:00:00,2,1,1
2017-02-26 06:00:00,7,3,4
2017-02-26 07:00:00,16,7,9
2017-02-26 08:00:00,59,32,27
2017-02-26 09:00:00,91,47,44
2017-02-26 10:00:00,89,42,47
2017-02-26 11:00:00,93,44,49
2017-02-26 12:00:00,75,39,36
2017-02-26 13:00:00,65,28,37
2017-02-26 14:00:00,73,42,31
2017-02-26 15:00:00,125,66,59
2017-02-26 16:00:00,182,93,89
2017-02-26 17:00:00,122,47,75
2017-02-26 18:00:00,35,13,22
2017-02-26 19:00:00,6,3,3
2017-02-26 20:00:00,7,4,3
2017-02-26 21:00:00,6,2,4
2017-02-26 22:00:00,5,2,3
2017-02-26 23:00:00,2,2,0
2017-02-27 00:00:00,1,1,0
2017-02-27 01:00:00,1,0,1
2017-02-27 02:00:00,5,1,4
2017-02-27 03:00:00,0,0,0
2017-02-27 04:00:00,0,0,0
2017-02-27 05:00:00,4,3,1
2017-02-27 06:00:00,21,12,9
2017-02-27 07:00:00,39,20,19
2017-02-27 08:00:00,44,23,21
2017-02-27 09:00:00,25,11,14
2017-02-27 10:00:00,26,12,14
2017-02-27 11:00:00,56,33,23
2017-02-27 12:00:00,128,69,59
2017-02-27 13:00:00,79,37,42
2017-02-27 14:00:00,59,30,29
2017-02-27 15:00:00,34,12,22
2017-02-27 16:00:00,47,12,35
2017-02-27 17:00:00,80,46,34
2017-02-27 18:00:00,47,18,29
2017-02-27 19:00:00,9,6,3
2017-02-27 20:00:00,7,4,3
2017-02-27 21:00:00,7,3,4
2017-02-27 22:00:00,3,3,0
2017-02-27 23:00:00,1,1,0
2017-02-28 00:00:00,2,2,0
2017-02-28 01:00:00,1,0,1
2017-02-28 02:00:00,0,0,0
2017-02-28 03:00:00,1,1,0
2017-02-28 04:00:00,1,1,0
2017-02-28 05:00:00,11,7,4
2017-02-28 06:00:00,52,26,26
2017-02-28 07:00:00,94,48,46
2017-02-28 08:00:00,59,27,32
2017-02-28 09:00:00,52,27,25
2017-02-28 10:00:00,80,46,34
2017-02-28 11:00:00,105,56,49
2017-02-28 12:00:00,245,128,117
2017-02-28 13:00:00,158,79,79
2017-02-28 14:00:00,143,76,67
2017-02-28 15:00:00,203,98,105
2017-02-28 16:00:00,155,81,74
2017-02-28 17:00:00,169,93,76
2017-02-28 18:00:00,75,36,39
2017-02-28 19:00:00,25,10,15
2017-02-28 20:00:00,23,12,11
2017-02-28 21:00:00,8,1,7
2017-02-28 22:00:00,1,1,0
2017-02-28 23:00:00,1,1,0
2017-03-01 00:00:00,2,1,1
2017-03-01 01:00:00,0,0,0
2017-03-01 02:00:00,1,1,0
2017-03-01 03:00:00,1,1,0
2017-03-01 04:00:00,1,0,1
2017-03-01 05:00:00,10,8,2
2017-03-01 06:00:00,49,27,22
2017-03-01 07:00:00,110,55,55
2017-03-01 08:00:00,58,22,36
2017-03-01 09:00:00,36,14,22
2017-03-01 10:00:00,62,27,35
2017-03-01 11:00:00,71,40,31
2017-03-01 12:00:00,176,86,90
2017-03-01 13:00:00,97,47,50
2017-03-01 14:00:00,84,40,44
2017-03-01 15:00:00,93,50,43
2017-03-01 16:00:00,133,65,68
2017-03-01 17:00:00,176,91,85
2017-03-01 18:00:00,94,41,53
2017-03-01 19:00:00,23,12,11
2017-03-01 20:00:00,18,12,6
2017-03-01 21:00:00,5,2,3
2017-03-01 22:00:00,4,2,2
2017-03-01 23:00:00,4,3,1
2017-03-02 00:00:00,1,0,1
2017-03-02 01:00:00,0,0,0
2017-03-02 02:00:00,0,0,0
2017-03-02 03:00:00,0,0,0
2017-03-02 04:00:00,0,0,0
2017-03-02 05:00:00,7,6,1
2017-03-02 06:00:00,56,31,25
2017-03-02 07:00:00,87,36,51
2017-03-02 08:00:00,49,21,28
2017-03-02 09:00:00,50,24,26
2017-03-02 10:00:00,55,26,29
2017-03-02 11:00:00,97,44,53
2017-03-02 12:00:00,195,105,90
2017-03-02 13:00:00,108,47,61
2017-03-02 14:00:00,76,35,41
2017-03-02 15:00:00,76,35,41
2017-03-02 16:00:00,68,28,40
2017-03-02 17:00:00,77,46,31
2017-03-02 18:00:00,45,26,19
2017-03-02 19:00:00,27,5,22
2017-03-02 20:00:00,11,4,7
2017-03-02 21:00:00,7,7,0
2017-03-02 22:00:00,5,2,3
2017-03-02 23:00:00,0,0,0
2017-03-03 00:00:00,1,1,0
2017-03-03 01:00:00,0,0,0
2017-03-03 02:00:00,1,1,0
2017-03-03 03:00:00,0,0,0
2017-03-03 04:00:00,0,0,0
2017-03-03 05:00:00,3,2,1
2017-03-03 06:00:00,31,20,11
2017-03-03 07:00:00,72,38,34
2017-03-03 08:00:00,65,30,35
2017-03-03 09:00:00,37,18,19
2017-03-03 10:00:00,58,35,23
2017-03-03 11:00:00,55,30,25
2017-03-03 12:00:00,94,43,51
2017-03-03 13:00:00,53,27,26
2017-03-03 14:00:00,65,29,36
2017-03-03 15:00:00,22,12,10
2017-03-03 16:00:00,22,11,11
2017-03-03 17:00:00,33,16,17
2017-03-03 18:00:00,38,23,15
2017-03-03 19:00:00,12,4,8
2017-03-03 20:00:00,6,3,3
2017-03-03 21:00:00,6,4,2
2017-03-03 22:00:00,4,2,2
2017-03-03 23:00:00,1,0,1
2017-03-04 00:00:00,1,1,0
2017-03-04 01:00:00,0,0,0
2017-03-04 02:00:00,2,2,0
2017-03-04 03:00:00,6,4,2
2017-03-04 04:00:00,1,1,0
2017-03-04 05:00:00,1,0,1
2017-03-04 06:00:00,13,9,4
2017-03-04 07:00:00,72,44,28
2017-03-04 08:00:00,167,88,79
2017-03-04 09:00:00,211,100,111
2017-03-04 10:00:00,234,104,130
2017-03-04 11:00:00,306,145,161
2017-03-04 12:00:00,242,108,134
2017-03-04 13:00:00,179,76,103
2017-03-04 14:00:00,166,72,94
2017-03-04 15:00:00,217,100,117
2017-03-04 16:00:00,161,75,86
2017-03-04 17:00:00,133,66,67
2017-03-04 18:00:00,46,12,34
2017-03-04 19:00:00,24,12,12
2017-03-04 20:00:00,9,6,3
2017-03-04 21:00:00,3,0,3
2017-03-04 22:00:00,12,5,7
2017-03-04 23:00:00,6,4,2
2017-03-05 00:00:00,1,1,0
2017-03-05 01:00:00,1,1,0
2017-03-05 02:00:00,1,1,0
2017-03-05 03:00:00,0,0,0
2017-03-05 04:00:00,1,0,1
2017-03-05 05:00:00,2,1,1
2017-03-05 06:00:00,5,4,1
2017-03-05 07:00:00,59,30,29
2017-03-05 08:00:00,100,47,53
2017-03-05 09:00:00,146,81,65
2017-03-05 10:00:00,152,74,78
2017-03-05 11:00:00,97,42,55
2017-03-05 12:00:00,78,35,43
2017-03-05 13:00:00,78,33,45
2017-03-05 14:00:00,55,22,33
2017-03-05 15:00:00,93,44,49
2017-03-05 16:00:00,92,44,48
2017-03-05 17:00:00,49,21,28
2017-03-05 18:00:00,18,9,9
2017-03-05 19:00:00,2,2,0
2017-03-05 20:00:00,4,3,1
2017-03-05 21:00:00,3,1,2
2017-03-05 22:00:00,1,1,0
2017-03-05 23:00:00,1,1,0
2017-03-06 00:00:00,0,0,0
2017-03-06 01:00:00,0,0,0
2017-03-06 02:00:00,1,1,0
2017-03-06 03:00:00,0,0,0
2017-03-06 04:00:00,3,3,0
2017-03-06 05:00:00,13,11,2
2017-03-06 06:00:00,45,27,18
2017-03-06 07:00:00,65,32,33
2017-03-06 08:00:00,66,31,35
2017-03-06 09:00:00,56,26,30
2017-03-06 10:00:00,53,30,23
2017-03-06 11:00:00,82,44,38
2017-03-06 12:00:00,214,101,113
2017-03-06 13:00:00,154,77,77
2017-03-06 14:00:00,132,73,59
2017-03-06 15:00:00,116,63,53
2017-03-06 16:00:00,129,59,70
2017-03-06 17:00:00,199,119,80
2017-03-06 18:00:00,150,60,90
2017-03-06 19:00:00,16,7,9
2017-03-06 20:00:00,9,6,3
2017-03-06 21:00:00,11,5,6
2017-03-06 22:00:00,4,4,0
2017-03-06 23:00:00,3,0,3
2017-03-07 00:00:00,1,1,0
2017-03-07 01:00:00,2,1,1
2017-03-07 02:00:00,1,0,1
2017-03-07 03:00:00,3,2,1
2017-03-07 04:00:00,1,0,1
2017-03-07 05:00:00,25,20,5
2017-03-07 06:00:00,53,21,32
2017-03-07 07:00:00,67,35,32
2017-03-07 08:00:00,43,20,23
2017-03-07 09:00:00,24,11,13
2017-03-07 10:00:00,28,15,13
2017-03-07 11:00:00,45,21,24
2017-03-07 12:00:00,80,42,38
2017-03-07 13:00:00,35,18,17
2017-03-07 14:00:00,32,16,16
2017-03-07 15:00:00,30,16,14
2017-03-07 16:00:00,59,26,33
2017-03-07 17:00:00,106,60,46
2017-03-07 18:00:00,86,33,53
2017-03-07 19:00:00,28,18,10
2017-03-07 20:00:00,22,8,14
2017-03-07 21:00:00,2,1,1
2017-03-07 22:00:00,2,0,2
2017-03-07 23:00:00,1,1,0
2017-03-08 00:00:00,5,1,4
2017-03-08 01:00:00,1,1,0
2017-03-08 02:00:00,0,0,0
2017-03-08 03:00:00,1,1,0
2017-03-08 04:00:00,1,1,0
2017-03-08 05:00:00,20,12,8
2017-03-08 06:00:00,82,47,35
2017-03-08 07:00:00,117,57,60
2017-03-08 08:00:00,83,37,46
2017-03-08 09:00:00,68,34,34
2017-03-08 10:00:00,60,29,31
2017-03-08 11:00:00,93,53,40
2017-03-08 12:00:00,224,112,112
2017-03-08 13:00:00,113,52,61
2017-03-08 14:00:00,61,30,31
2017-03-08 15:00:00,49,25,24
2017-03-08 16:00:00,53,24,29
2017-03-08 17:00:00,74,38,36
2017-03-08 18:00:00,57,25,32
2017-03-08 19:00:00,18,11,7
2017-03-08 20:00:00,10,3,7
2017-03-08 21:00:00,5,2,3
2017-03-08 22:00:00,7,5,2
2017-03-08 23:00:00,7,3,4
2017-03-09 00:00:00,1,0,1
2017-03-09 01:00:00,0,0,0
2017-03-09 02:00:00,0,0,0
2017-03-09 03:00:00,1,1,0
2017-03-09 04:00:00,1,1,0
2017-03-09 05:00:00,16,13,3
2017-03-09 06:00:00,81,48,33
2017-03-09 07:00:00,82,36,46
2017-03-09 08:00:00,67,34,33
2017-03-09 09:00:00,71,30,41
2017-03-09 10:00:00,33,18,15
2017-03-09 11:00:00,74,36,38
2017-03-09 12:00:00,136,74,62
2017-03-09 13:00:00,116,71,45
2017-03-09 14:00:00,45,20,25
2017-03-09 15:00:00,22,12,10
2017-03-09 16:00:00,34,17,17
2017-03-09 17:00:00,56,23,33
2017-03-09 18:00:00,28,14,14
2017-03-09 19:00:00,10,6,4
2017-03-09 20:00:00,6,4,2
2017-03-09 21:00:00,5,2,3
2017-03-09 22:00:00,2,1,1
2017-03-09 23:00:00,3,1,2
2017-03-10 00:00:00,2,1,1
2017-03-10 01:00:00,0,0,0
2017-03-10 02:00:00,0,0,0
2017-03-10 03:00:00,0,0,0
2017-03-10 04:00:00,0,0,0
2017-03-10 05:00:00,3,3,0
2017-03-10 06:00:00,40,27,13
2017-03-10 07:00:00,88,38,50
2017-03-10 08:00:00,56,24,32
2017-03-10 09:00:00,40,19,21
2017-03-10 10:00:00,51,23,28
2017-03-10 11:00:00,122,67,55
2017-03-10 12:00:00,421,304,117
2017-03-10 13:00:00,175,81,94
2017-03-10 14:00:00,160,83,77
2017-03-10 15:00:00,175,92,83
2017-03-10 16:00:00,201,110,91
2017-03-10 17:00:00,230,113,117
2017-03-10 18:00:00,178,73,105
2017-03-10 19:00:00,35,17,18
2017-03-10 20:00:00,14,7,7
2017-03-10 21:00:00,6,3,3
2017-03-10 22:00:00,9,5,4
2017-03-10 23:00:00,5,3,2
2017-03-11 00:00:00,6,3,3
2017-03-11 01:00:00,1,0,1
2017-03-11 02:00:00,1,1,0
2017-03-11 03:00:00,1,1,0
2017-03-11 04:00:00,1,0,1
2017-03-11 05:00:00,2,1,1
2017-03-11 06:00:00,29,17,12
2017-03-11 07:00:00,72,43,29
2017-03-11 08:00:00,122,57,65
2017-03-11 09:00:00,101,49,52
2017-03-11 10:00:00,71,31,40
2017-03-11 11:00:00,61,31,30
2017-03-11 12:00:00,49,21,28
2017-03-11 13:00:00,66,36,30
2017-03-11 14:00:00,71,37,34
2017-03-11 15:00:00,152,87,65
2017-03-11 16:00:00,137,56,81
2017-03-11 17:00:00,139,59,80
2017-03-11 18:00:00,46,15,31
2017-03-11 19:00:00,16,8,8
2017-03-11 20:00:00,7,5,2
2017-03-11 21:00:00,7,3,4
2017-03-11 22:00:00,6,5,1
2017-03-11 23:00:00,1,0,1
2017-03-12 00:00:00,1,0,1
2017-03-12 01:00:00,0,0,0
2017-03-12 02:00:00,0,0,0
2017-03-12 03:00:00,1,1,0
2017-03-12 04:00:00,1,0,1
2017-03-12 05:00:00,3,2,1
2017-03-12 06:00:00,6,4,2
2017-03-12 07:00:00,34,20,14
2017-03-12 08:00:00,72,40,32
2017-03-12 09:00:00,105,60,45
2017-03-12 10:00:00,144,67,77
2017-03-12 11:00:00,179,89,90
2017-03-12 12:00:00,152,72,80
2017-03-12 13:00:00,127,57,70
2017-03-12 14:00:00,127,65,62
2017-03-12 15:00:00,165,96,69
2017-03-12 16:00:00,166,74,92
2017-03-12 17:00:00,176,84,92
2017-03-12 18:00:00,199,95,104
2017-03-12 19:00:00,89,30,59
2017-03-12 20:00:00,15,6,9
2017-03-12 21:00:00,14,9,5
2017-03-12 22:00:00,4,1,3
2017-03-12 23:00:00,3,2,1
2017-03-13 00:00:00,3,2,1
2017-03-13 01:00:00,0,0,0
2017-03-13 02:00:00,1,1,0
2017-03-13 03:00:00,1,1,0
2017-03-13 04:00:00,1,0,1
2017-03-13 05:00:00,6,5,1
2017-03-13 06:00:00,20,12,8
2017-03-13 07:00:00,53,28,25
2017-03-13 08:00:00,45,25,20
2017-03-13 09:00:00,38,19,19
2017-03-13 10:00:00,51,25,26
2017-03-13 11:00:00,70,34,36
2017-03-13 12:00:00,119,59,60
2017-03-13 13:00:00,52,31,21
2017-03-13 14:00:00,39,18,21
2017-03-13 15:00:00,23,12,11
2017-03-13 16:00:00,60,33,27
2017-03-13 17:00:00,98,53,45
2017-03-13 18:00:00,165,88,77
2017-03-13 19:00:00,96,42,54
2017-03-13 20:00:00,24,10,14
2017-03-13 21:00:00,26,11,15
2017-03-13 22:00:00,12,9,3
2017-03-13 23:00:00,6,1,5
2017-03-14 00:00:00,1,1,0
2017-03-14 01:00:00,3,2,1
2017-03-14 02:00:00,1,0,1
2017-03-14 03:00:00,1,1,0
2017-03-14 04:00:00,3,2,1
2017-03-14 05:00:00,12,8,4
2017-03-14 06:00:00,38,18,20
2017-03-14 07:00:00,60,33,27
2017-03-14 08:00:00,72,36,36
2017-03-14 09:00:00,39,25,14
2017-03-14 10:00:00,40,23,17
2017-03-14 11:00:00,67,41,26
2017-03-14 12:00:00,68,31,37
2017-03-14 13:00:00,65,35,30
2017-03-14 14:00:00,81,42,39
2017-03-14 15:00:00,74,39,35
2017-03-14 16:00:00,107,61,46
2017-03-14 17:00:00,117,65,52
2017-03-14 18:00:00,200,91,109
2017-03-14 19:00:00,93,41,52
2017-03-14 20:00:00,30,17,13
2017-03-14 21:00:00,9,6,3
2017-03-14 22:00:00,17,10,7
2017-03-14 23:00:00,2,0,2
2017-03-15 00:00:00,4,3,1
2017-03-15 01:00:00,3,2,1
2017-03-15 02:00:00,1,1,0
2017-03-15 03:00:00,2,0,2
2017-03-15 04:00:00,1,1,0
2017-03-15 05:00:00,14,8,6
2017-03-15 06:00:00,30,16,14
2017-03-15 07:00:00,55,28,27
2017-03-15 08:00:00,49,18,31
2017-03-15 09:00:00,26,12,14
2017-03-15 10:00:00,18,8,10
2017-03-15 11:00:00,44,29,15
2017-03-15 12:00:00,113,56,57
2017-03-15 13:00:00,70,38,32
2017-03-15 14:00:00,101,58,43
2017-03-15 15:00:00,81,35,46
2017-03-15 16:00:00,138,63,75
2017-03-15 17:00:00,164,85,79
2017-03-15 18:00:00,156,78,78
2017-03-15 19:00:00,93,43,50
2017-03-15 20:00:00,11,6,5
2017-03-15 21:00:00,8,5,3
2017-03-15 22:00:00,3,1,2
2017-03-15 23:00:00,0,0,0
2017-03-16 00:00:00,0,0,0
2017-03-16 01:00:00,0,0,0
2017-03-16 02:00:00,0,0,0
2017-03-16 03:00:00,0,0,0
2017-03-16 04:00:00,3,1,2
2017-03-16 05:00:00,13,10,3
2017-03-16 06:00:00,37,22,15
2017-03-16 07:00:00,109,51,58
2017-03-16 08:00:00,105,57,48
2017-03-16 09:00:00,93,45,48
2017-03-16 10:00:00,134,64,70
2017-03-16 11:00:00,203,97,106
2017-03-16 12:00:00,397,209,188
2017-03-16 13:00:00,222,106,116
2017-03-16 14:00:00,166,81,85
2017-03-16 15:00:00,188,90,98
2017-03-16 16:00:00,286,161,125
2017-03-16 17:00:00,381,203,178
2017-03-16 18:00:00,319,161,158
2017-03-16 19:00:00,241,101,140
2017-03-16 20:00:00,44,13,31
2017-03-16 21:00:00,15,9,6
2017-03-16 22:00:00,8,4,4
2017-03-16 23:00:00,5,2,3
2017-03-17 00:00:00,3,1,2
2017-03-17 01:00:00,0,0,0
2017-03-17 02:00:00,5,4,1
2017-03-17 03:00:00,1,1,0
2017-03-17 04:00:00,1,0,1
2017-03-17 05:00:00,13,8,5
2017-03-17 06:00:00,25,14,11
2017-03-17 07:00:00,114,68,46
2017-03-17 08:00:00,87,39,48
2017-03-17 09:00:00,72,34,38
2017-03-17 10:00:00,81,44,37
2017-03-17 11:00:00,117,54,63
2017-03-17 12:00:00,172,80,92
2017-03-17 13:00:00,62,30,32
2017-03-17 14:00:00,26,15,11
2017-03-17 15:00:00,17,8,9
2017-03-17 16:00:00,44,20,24
2017-03-17 17:00:00,39,19,20
2017-03-17 18:00:00,33,12,21
2017-03-17 19:00:00,21,12,9
2017-03-17 20:00:00,10,5,5
2017-03-17 21:00:00,3,0,3
2017-03-17 22:00:00,1,1,0
2017-03-17 23:00:00,2,0,2
2017-03-18 00:00:00,1,1,0
2017-03-18 01:00:00,0,0,0
2017-03-18 02:00:00,1,1,0
2017-03-18 03:00:00,0,0,0
2017-03-18 04:00:00,1,1,0
2017-03-18 05:00:00,1,1,0
2017-03-18 06:00:00,11,8,3
2017-03-18 07:00:00,40,21,19
2017-03-18 08:00:00,66,34,32
2017-03-18 09:00:00,62,25,37
2017-03-18 10:00:00,40,22,18
2017-03-18 11:00:00,60,31,29
2017-03-18 12:00:00,81,38,43
2017-03-18 13:00:00,151,70,81
2017-03-18 14:00:00,238,124,114
2017-03-18 15:00:00,324,153,171
2017-03-18 16:00:00,378,171,207
2017-03-18 17:00:00,249,119,130
2017-03-18 18:00:00,113,44,69
2017-03-18 19:00:00,65,29,36
2017-03-18 20:00:00,21,8,13
2017-03-18 21:00:00,9,4,5
2017-03-18 22:00:00,3,1,2
2017-03-18 23:00:00,2,2,0
2017-03-19 00:00:00,3,2,1
2017-03-19 01:00:00,4,1,3
2017-03-19 02:00:00,4,2,2
2017-03-19 03:00:00,0,0,0
2017-03-19 04:00:00,0,0,0
2017-03-19 05:00:00,3,2,1
2017-03-19 06:00:00,12,9,3
2017-03-19 07:00:00,51,23,28
2017-03-19 08:00:00,134,80,54
2017-03-19 09:00:00,212,118,94
2017-03-19 10:00:00,255,122,133
2017-03-19 11:00:00,407,201,206
2017-03-19 12:00:00,412,176,236
2017-03-19 13:00:00,506,240,266
2017-03-19 14:00:00,509,230,279
2017-03-19 15:00:00,492,234,258
2017-03-19 16:00:00,475,230,245
2017-03-19 17:00:00,433,192,241
2017-03-19 18:00:00,251,109,142
2017-03-19 19:00:00,137,39,98
2017-03-19 20:00:00,20,7,13
2017-03-19 21:00:00,15,10,5
2017-03-19 22:00:00,12,11,1
2017-03-19 23:00:00,4,2,2
2017-03-20 00:00:00,0,0,0
2017-03-20 01:00:00,0,0,0
2017-03-20 02:00:00,2,1,1
2017-03-20 03:00:00,0,0,0
2017-03-20 04:00:00,3,2,1
2017-03-20 05:00:00,7,3,4
2017-03-20 06:00:00,38,18,20
2017-03-20 07:00:00,71,34,37
2017-03-20 08:00:00,73,35,38
2017-03-20 09:00:00,71,38,33
2017-03-20 10:00:00,85,40,45
2017-03-20 11:00:00,103,51,52
2017-03-20 12:00:00,301,154,147
2017-03-20 13:00:00,153,68,85
2017-03-20 14:00:00,111,52,59
2017-03-20 15:00:00,98,43,55
2017-03-20 16:00:00,100,51,49
2017-03-20 17:00:00,138,75,63
2017-03-20 18:00:00,118,61,57
2017-03-20 19:00:00,57,25,32
2017-03-20 20:00:00,21,6,15
2017-03-20 21:00:00,7,4,3
2017-03-20 22:00:00,3,2,1
2017-03-20 23:00:00,6,4,2
2017-03-21 00:00:00,3,2,1
2017-03-21 01:00:00,7,4,3
2017-03-21 02:00:00,1,1,0
2017-03-21 03:00:00,4,2,2
2017-03-21 04:00:00,0,0,0
2017-03-21 05:00:00,10,9,1
2017-03-21 06:00:00,58,25,33
2017-03-21 07:00:00,73,40,33
2017-03-21 08:00:00,91,33,58
2017-03-21 09:00:00,67,29,38
2017-03-21 10:00:00,77,42,35
2017-03-21 11:00:00,107,51,56
2017-03-21 12:00:00,167,84,83
2017-03-21 13:00:00,115,56,59
2017-03-21 14:00:00,77,31,46
2017-03-21 15:00:00,65,26,39
2017-03-21 16:00:00,91,49,42
2017-03-21 17:00:00,226,135,91
2017-03-21 18:00:00,346,174,172
2017-03-21 19:00:00,114,47,67
2017-03-21 20:00:00,34,13,21
2017-03-21 21:00:00,8,3,5
2017-03-21 22:00:00,4,2,2
2017-03-21 23:00:00,2,1,1
2017-03-22 00:00:00,3,3,0
2017-03-22 01:00:00,1,0,1
2017-03-22 02:00:00,2,1,1
2017-03-22 03:00:00,1,1,0
2017-03-22 04:00:00,4,4,0
2017-03-22 05:00:00,15,7,8
2017-03-22 06:00:00,60,36,24
2017-03-22 07:00:00,106,48,58
2017-03-22 08:00:00,101,48,53
2017-03-22 09:00:00,72,36,36
2017-03-22 10:00:00,84,50,34
2017-03-22 11:00:00,142,70,72
2017-03-22 12:00:00,183,96,87
2017-03-22 13:00:00,125,56,69
2017-03-22 14:00:00,95,56,39
2017-03-22 15:00:00,120,48,72
2017-03-22 16:00:00,129,66,63
2017-03-22 17:00:00,187,102,85
2017-03-22 18:00:00,178,84,94
2017-03-22 19:00:00,131,58,73
2017-03-22 20:00:00,30,11,19
2017-03-22 21:00:00,8,5,3
2017-03-22 22:00:00,2,2,0
2017-03-22 23:00:00,1,0,1
2017-03-23 00:00:00,7,4,3
2017-03-23 01:00:00,0,0,0
2017-03-23 02:00:00,0,0,0
2017-03-23 03:00:00,0,0,0
2017-03-23 04:00:00,2,1,1
2017-03-23 05:00:00,24,20,4
2017-03-23 06:00:00,54,29,25
2017-03-23 07:00:00,112,49,63
2017-03-23 08:00:00,78,33,45
2017-03-23 09:00:00,88,43,45
2017-03-23 10:00:00,96,54,42
2017-03-23 11:00:00,140,68,72
2017-03-23 12:00:00,263,142,121
2017-03-23 13:00:00,153,72,81
2017-03-23 14:00:00,151,66,85
2017-03-23 15:00:00,169,84,85
2017-03-23 16:00:00,213,109,104
2017-03-23 17:00:00,218,107,111
2017-03-23 18:00:00,190,91,99
2017-03-23 19:00:00,82,34,48
2017-03-23 20:00:00,21,9,12
2017-03-23 21:00:00,5,3,2
2017-03-23 22:00:00,2,2,0
2017-03-23 23:00:00,3,2,1
2017-03-24 00:00:00,0,0,0
2017-03-24 01:00:00,0,0,0
2017-03-24 02:00:00,3,1,2
2017-03-24 03:00:00,0,0,0
2017-03-24 04:00:00,2,1,1
2017-03-24 05:00:00,12,7,5
2017-03-24 06:00:00,44,20,24
2017-03-24 07:00:00,67,27,40
2017-03-24 08:00:00,49,25,24
2017-03-24 09:00:00,32,15,17
2017-03-24 10:00:00,58,32,26
2017-03-24 11:00:00,113,60,53
2017-03-24 12:00:00,209,110,99
2017-03-24 13:00:00,96,31,65
2017-03-24 14:00:00,35,21,14
2017-03-24 15:00:00,53,29,24
2017-03-24 16:00:00,106,51,55
2017-03-24 17:00:00,54,32,22
2017-03-24 18:00:00,47,28,19
2017-03-24 19:00:00,44,24,20
2017-03-24 20:00:00,17,7,10
2017-03-24 21:00:00,4,2,2
2017-03-24 22:00:00,6,4,2
2017-03-24 23:00:00,6,5,1
2017-03-25 00:00:00,8,4,4
2017-03-25 01:00:00,4,3,1
2017-03-25 02:00:00,2,2,0
2017-03-25 03:00:00,0,0,0
2017-03-25 04:00:00,2,2,0
2017-03-25 05:00:00,1,1,0
2017-03-25 06:00:00,12,6,6
2017-03-25 07:00:00,59,35,24
2017-03-25 08:00:00,141,72,69
2017-03-25 09:00:00,175,97,78
2017-03-25 10:00:00,233,119,114
2017-03-25 11:00:00,270,121,149
2017-03-25 12:00:00,275,121,154
2017-03-25 13:00:00,207,95,112
2017-03-25 14:00:00,310,172,138
2017-03-25 15:00:00,223,96,127
2017-03-25 16:00:00,226,122,104
2017-03-25 17:00:00,247,117,130
2017-03-25 18:00:00,198,70,128
2017-03-25 19:00:00,88,29,59
2017-03-25 20:00:00,23,14,9
2017-03-25 21:00:00,8,7,1
2017-03-25 22:00:00,7,4,3
2017-03-25 23:00:00,4,1,3
2017-03-26 00:00:00,1,0,1
2017-03-26 01:00:00,2,2,0
2017-03-26 02:00:00,1,1,0
2017-03-26 03:00:00,1,0,1
2017-03-26 04:00:00,2,2,0
2017-03-26 05:00:00,6,3,3
2017-03-26 06:00:00,11,4,7
2017-03-26 07:00:00,49,26,23
2017-03-26 08:00:00,82,42,40
2017-03-26 09:00:00,81,42,39
2017-03-26 10:00:00,57,24,33
2017-03-26 11:00:00,62,28,34
2017-03-26 12:00:00,87,47,40
2017-03-26 13:00:00,75,28,47
2017-03-26 14:00:00,62,29,33
2017-03-26 15:00:00,54,27,27
2017-03-26 16:00:00,64,38,26
2017-03-26 17:00:00,115,48,67
2017-03-26 18:00:00,92,45,47
2017-03-26 19:00:00,64,28,36
2017-03-26 20:00:00,27,13,14
2017-03-26 21:00:00,0,0,0
2017-03-26 22:00:00,1,1,0
2017-03-26 23:00:00,1,1,0
2017-03-27 00:00:00,1,1,0
2017-03-27 01:00:00,2,1,1
2017-03-27 02:00:00,1,1,0
2017-03-27 03:00:00,0,0,0
2017-03-27 04:00:00,3,2,1
2017-03-27 05:00:00,12,7,5
2017-03-27 06:00:00,34,23,11
2017-03-27 07:00:00,87,47,40
2017-03-27 08:00:00,82,43,39
2017-03-27 09:00:00,69,29,40
2017-03-27 10:00:00,80,37,43
2017-03-27 11:00:00,123,63,60
2017-03-27 12:00:00,283,154,129
2017-03-27 13:00:00,180,92,88
2017-03-27 14:00:00,115,57,58
2017-03-27 15:00:00,104,51,53
2017-03-27 16:00:00,144,73,71
2017-03-27 17:00:00,179,100,79
2017-03-27 18:00:00,200,103,97
2017-03-27 19:00:00,140,57,83
2017-03-27 20:00:00,31,15,16
2017-03-27 21:00:00,4,2,2
2017-03-27 22:00:00,7,2,5
2017-03-27 23:00:00,0,0,0
2017-03-28 00:00:00,2,2,0
2017-03-28 01:00:00,2,1,1
2017-03-28 02:00:00,2,2,0
2017-03-28 03:00:00,1,1,0
2017-03-28 04:00:00,5,3,2
2017-03-28 05:00:00,18,13,5
2017-03-28 06:00:00,66,34,32
2017-03-28 07:00:00,94,46,48
2017-03-28 08:00:00,65,31,34
2017-03-28 09:00:00,75,36,39
2017-03-28 10:00:00,55,30,25
2017-03-28 11:00:00,82,49,33
2017-03-28 12:00:00,188,89,99
2017-03-28 13:00:00,87,43,44
2017-03-28 14:00:00,75,39,36
2017-03-28 15:00:00,88,49,39
2017-03-28 16:00:00,100,48,52
2017-03-28 17:00:00,155,93,62
2017-03-28 18:00:00,141,71,70
2017-03-28 19:00:00,76,36,40
2017-03-28 20:00:00,15,8,7
2017-03-28 21:00:00,14,7,7
2017-03-28 22:00:00,8,5,3
2017-03-28 23:00:00,0,0,0
2017-03-29 00:00:00,1,1,0
2017-03-29 01:00:00,0,0,0
2017-03-29 02:00:00,0,0,0
2017-03-29 03:00:00,0,0,0
2017-03-29 04:00:00,0,0,0
2017-03-29 05:00:00,6,5,1
2017-03-29 06:00:00,48,27,21
2017-03-29 07:00:00,57,29,28
2017-03-29 08:00:00,62,25,37
2017-03-29 09:00:00,35,15,20
2017-03-29 10:00:00,34,18,16
2017-03-29 11:00:00,71,36,35
2017-03-29 12:00:00,176,94,82
2017-03-29 13:00:00,58,20,38
2017-03-29 14:00:00,51,24,27
2017-03-29 15:00:00,133,71,62
2017-03-29 16:00:00,191,101,90
2017-03-29 17:00:00,326,188,138
2017-03-29 18:00:00,288,141,147
2017-03-29 19:00:00,220,95,125
2017-03-29 20:00:00,31,11,20
2017-03-29 21:00:00,13,8,5
2017-03-29 22:00:00,11,6,5
2017-03-29 23:00:00,1,0,1
2017-03-30 00:00:00,1,0,1
2017-03-30 01:00:00,3,0,3
2017-03-30 02:00:00,1,0,1
2017-03-30 03:00:00,2,0,2
2017-03-30 04:00:00,2,1,1
2017-03-30 05:00:00,15,10,5
2017-03-30 06:00:00,68,41,27
2017-03-30 07:00:00,100,50,50
2017-03-30 08:00:00,101,53,48
2017-03-30 09:00:00,74,37,37
2017-03-30 10:00:00,86,39,47
2017-03-30 11:00:00,183,84,99
2017-03-30 12:00:00,369,188,181
2017-03-30 13:00:00,194,82,112
2017-03-30 14:00:00,85,37,48
2017-03-30 15:00:00,106,47,59
2017-03-30 16:00:00,153,76,77
2017-03-30 17:00:00,225,120,105
2017-03-30 18:00:00,292,143,149
2017-03-30 19:00:00,192,80,112
2017-03-30 20:00:00,49,21,28
2017-03-30 21:00:00,24,5,19
2017-03-30 22:00:00,7,2,5
2017-03-30 23:00:00,6,2,4
2017-03-31 00:00:00,0,0,0
2017-03-31 01:00:00,2,1,1
2017-03-31 02:00:00,0,0,0
2017-03-31 03:00:00,0,0,0
2017-03-31 04:00:00,7,3,4
2017-03-31 05:00:00,14,9,5
2017-03-31 06:00:00,59,35,24
2017-03-31 07:00:00,158,89,69
2017-03-31 08:00:00,128,47,81
2017-03-31 09:00:00,65,28,37
2017-03-31 10:00:00,82,40,42
2017-03-31 11:00:00,120,61,59
2017-03-31 12:00:00,304,159,145
2017-03-31 13:00:00,184,68,116
2017-03-31 14:00:00,168,80,88
2017-03-31 15:00:00,182,89,93
2017-03-31 16:00:00,234,107,127
2017-03-31 17:00:00,284,147,137
2017-03-31 18:00:00,234,116,118
2017-03-31 19:00:00,154,65,89
2017-03-31 20:00:00,50,21,29
2017-03-31 21:00:00,20,10,10
2017-03-31 22:00:00,6,3,3
2017-03-31 23:00:00,2,0,2
2017-04-01 00:00:00,4,3,1
2017-04-01 01:00:00,1,1,0
2017-04-01 02:00:00,0,0,0
2017-04-01 03:00:00,1,0,1
2017-04-01 04:00:00,2,1,1
2017-04-01 05:00:00,2,1,1
2017-04-01 06:00:00,9,4,5
2017-04-01 07:00:00,57,32,25
2017-04-01 08:00:00,87,53,34
2017-04-01 09:00:00,144,66,78
2017-04-01 10:00:00,158,78,80
2017-04-01 11:00:00,160,80,80
2017-04-01 12:00:00,161,87,74
2017-04-01 13:00:00,173,80,93
2017-04-01 14:00:00,224,101,123
2017-04-01 15:00:00,190,84,106
2017-04-01 16:00:00,206,93,113
2017-04-01 17:00:00,161,74,87
2017-04-01 18:00:00,157,82,75
2017-04-01 19:00:00,112,42,70
2017-04-01 20:00:00,27,7,20
2017-04-01 21:00:00,19,9,10
2017-04-01 22:00:00,16,13,3
2017-04-01 23:00:00,3,2,1
2017-04-02 00:00:00,2,1,1
2017-04-02 01:00:00,1,1,0
2017-04-02 02:00:00,4,2,2
2017-04-02 03:00:00,1,1,0
2017-04-02 04:00:00,1,1,0
2017-04-02 05:00:00,3,2,1
2017-04-02 06:00:00,11,8,3
2017-04-02 07:00:00,55,28,27
2017-04-02 08:00:00,117,66,51
2017-04-02 09:00:00,209,106,103
2017-04-02 10:00:00,277,143,134
2017-04-02 11:00:00,295,137,158
2017-04-02 12:00:00,337,152,185
2017-04-02 13:00:00,288,111,177
2017-04-02 14:00:00,304,161,143
2017-04-02 15:00:00,299,131,168
2017-04-02 16:00:00,289,132,157
2017-04-02 17:00:00,213,89,124
2017-04-02 18:00:00,108,39,69
2017-04-02 19:00:00,57,29,28
2017-04-02 20:00:00,32,12,20
2017-04-02 21:00:00,3,2,1
2017-04-02 22:00:00,4,1,3
2017-04-02 23:00:00,2,2,0
2017-04-03 00:00:00,1,1,0
2017-04-03 01:00:00,1,1,0
2017-04-03 02:00:00,1,1,0
2017-04-03 03:00:00,3,2,1
2017-04-03 04:00:00,5,3,2
2017-04-03 05:00:00,13,10,3
2017-04-03 06:00:00,59,31,28
2017-04-03 07:00:00,111,51,60
2017-04-03 08:00:00,99,49,50
2017-04-03 09:00:00,85,46,39
2017-04-03 10:00:00,81,36,45
2017-04-03 11:00:00,126,63,63
2017-04-03 12:00:00,327,161,166
2017-04-03 13:00:00,184,92,92
2017-04-03 14:00:00,159,79,80
2017-04-03 15:00:00,199,90,109
2017-04-03 16:00:00,247,121,126
2017-04-03 17:00:00,336,196,140
2017-04-03 18:00:00,369,196,173
2017-04-03 19:00:00,247,102,145
2017-04-03 20:00:00,55,15,40
2017-04-03 21:00:00,9,5,4
2017-04-03 22:00:00,11,6,5
2017-04-03 23:00:00,1,0,1
2017-04-04 00:00:00,1,1,0
2017-04-04 01:00:00,2,0,2
2017-04-04 02:00:00,0,0,0
2017-04-04 03:00:00,3,1,2
2017-04-04 04:00:00,6,3,3
2017-04-04 05:00:00,16,13,3
2017-04-04 06:00:00,109,59,50
2017-04-04 07:00:00,130,65,65
2017-04-04 08:00:00,136,85,51
2017-04-04 09:00:00,80,41,39
2017-04-04 10:00:00,58,28,30
2017-04-04 11:00:00,120,56,64
2017-04-04 12:00:00,301,173,128
2017-04-04 13:00:00,207,91,116
2017-04-04 14:00:00,165,84,81
2017-04-04 15:00:00,122,49,73
2017-04-04 16:00:00,185,76,109
2017-04-04 17:00:00,239,135,104
2017-04-04 18:00:00,238,110,128
2017-04-04 19:00:00,106,50,56
2017-04-04 20:00:00,43,18,25
2017-04-04 21:00:00,6,2,4
2017-04-04 22:00:00,9,4,5
2017-04-04 23:00:00,0,0,0
2017-04-05 00:00:00,3,2,1
2017-04-05 01:00:00,0,0,0
2017-04-05 02:00:00,0,0,0
2017-04-05 03:00:00,1,1,0
2017-04-05 04:00:00,4,3,1
2017-04-05 05:00:00,5,4,1
2017-04-05 06:00:00,49,24,25
2017-04-05 07:00:00,64,34,30
2017-04-05 08:00:00,61,34,27
2017-04-05 09:00:00,27,16,11
2017-04-05 10:00:00,28,13,15
2017-04-05 11:00:00,33,19,14
2017-04-05 12:00:00,130,66,64
2017-04-05 13:00:00,53,20,33
2017-04-05 14:00:00,40,23,17
2017-04-05 15:00:00,70,38,32
2017-04-05 16:00:00,95,38,57
2017-04-05 17:00:00,164,93,71
2017-04-05 18:00:00,138,60,78
2017-04-05 19:00:00,100,41,59
2017-04-05 20:00:00,32,13,19
2017-04-05 21:00:00,7,4,3
2017-04-05 22:00:00,4,2,2
2017-04-05 23:00:00,1,0,1
2017-04-06 00:00:00,1,1,0
2017-04-06 01:00:00,1,0,1
2017-04-06 02:00:00,1,0,1
2017-04-06 03:00:00,0,0,0
2017-04-06 04:00:00,2,1,1
2017-04-06 05:00:00,12,12,0
2017-04-06 06:00:00,48,27,21
2017-04-06 07:00:00,65,30,35
2017-04-06 08:00:00,55,34,21
2017-04-06 09:00:00,34,15,19
2017-04-06 10:00:00,21,11,10
2017-04-06 11:00:00,61,29,32
2017-04-06 12:00:00,183,101,82
2017-04-06 13:00:00,142,71,71
2017-04-06 14:00:00,146,69,77
2017-04-06 15:00:00,162,80,82
2017-04-06 16:00:00,200,106,94
2017-04-06 17:00:00,373,230,143
2017-04-06 18:00:00,419,225,194
2017-04-06 19:00:00,333,145,188
2017-04-06 20:00:00,89,30,59
2017-04-06 21:00:00,16,8,8
2017-04-06 22:00:00,9,3,6
2017-04-06 23:00:00,3,0,3
2017-04-07 00:00:00,0,0,0
2017-04-07 01:00:00,1,0,1
2017-04-07 02:00:00,1,1,0
2017-04-07 03:00:00,0,0,0
2017-04-07 04:00:00,1,1,0
2017-04-07 05:00:00,9,7,2
2017-04-07 06:00:00,64,38,26
2017-04-07 07:00:00,102,54,48
2017-04-07 08:00:00,89,37,52
2017-04-07 09:00:00,36,13,23
2017-04-07 10:00:00,62,30,32
2017-04-07 11:00:00,73,33,40
2017-04-07 12:00:00,119,60,59
2017-04-07 13:00:00,66,34,32
2017-04-07 14:00:00,78,38,40
2017-04-07 15:00:00,24,9,15
2017-04-07 16:00:00,52,26,26
2017-04-07 17:00:00,42,25,17
2017-04-07 18:00:00,22,12,10
2017-04-07 19:00:00,17,11,6
2017-04-07 20:00:00,11,7,4
2017-04-07 21:00:00,4,2,2
2017-04-07 22:00:00,5,2,3
2017-04-07 23:00:00,0,0,0
2017-04-08 00:00:00,4,2,2
2017-04-08 01:00:00,1,1,0
2017-04-08 02:00:00,1,1,0
2017-04-08 03:00:00,3,1,2
2017-04-08 04:00:00,2,1,1
2017-04-08 05:00:00,2,1,1
2017-04-08 06:00:00,19,9,10
2017-04-08 07:00:00,48,27,21
2017-04-08 08:00:00,126,63,63
2017-04-08 09:00:00,169,96,73
2017-04-08 10:00:00,158,64,94
2017-04-08 11:00:00,142,67,75
2017-04-08 12:00:00,111,53,58
2017-04-08 13:00:00,132,55,77
2017-04-08 14:00:00,85,42,43
2017-04-08 15:00:00,156,71,85
2017-04-08 16:00:00,201,97,104
2017-04-08 17:00:00,160,77,83
2017-04-08 18:00:00,211,102,109
2017-04-08 19:00:00,127,55,72
2017-04-08 20:00:00,46,16,30
2017-04-08 21:00:00,14,8,6
2017-04-08 22:00:00,8,3,5
2017-04-08 23:00:00,1,1,0
2017-04-09 00:00:00,1,1,0
2017-04-09 01:00:00,0,0,0
2017-04-09 02:00:00,2,1,1
2017-04-09 03:00:00,0,0,0
2017-04-09 04:00:00,1,1,0
2017-04-09 05:00:00,3,2,1
2017-04-09 06:00:00,21,13,8
2017-04-09 07:00:00,59,32,27
2017-04-09 08:00:00,148,75,73
2017-04-09 09:00:00,166,82,84
2017-04-09 10:00:00,260,125,135
2017-04-09 11:00:00,251,126,125
2017-04-09 12:00:00,230,103,127
2017-04-09 13:00:00,233,119,114
2017-04-09 14:00:00,327,162,165
2017-04-09 15:00:00,318,153,165
2017-04-09 16:00:00,278,130,148
2017-04-09 17:00:00,244,111,133
2017-04-09 18:00:00,195,92,103
2017-04-09 19:00:00,120,51,69
2017-04-09 20:00:00,38,13,25
2017-04-09 21:00:00,15,9,6
2017-04-09 22:00:00,1,0,1
2017-04-09 23:00:00,2,1,1
2017-04-10 00:00:00,0,0,0
2017-04-10 01:00:00,0,0,0
2017-04-10 02:00:00,0,0,0
2017-04-10 03:00:00,0,0,0
2017-04-10 04:00:00,3,3,0
2017-04-10 05:00:00,14,10,4
2017-04-10 06:00:00,46,24,22
2017-04-10 07:00:00,80,43,37
2017-04-10 08:00:00,99,41,58
2017-04-10 09:00:00,99,51,48
2017-04-10 10:00:00,73,32,41
2017-04-10 11:00:00,84,41,43
2017-04-10 12:00:00,126,67,59
2017-04-10 13:00:00,102,41,61
2017-04-10 14:00:00,71,30,41
2017-04-10 15:00:00,68,35,33
2017-04-10 16:00:00,53,23,30
2017-04-10 17:00:00,86,57,29
2017-04-10 18:00:00,94,54,40
2017-04-10 19:00:00,106,52,54
2017-04-10 20:00:00,47,15,32
2017-04-10 21:00:00,4,2,2
2017-04-10 22:00:00,6,4,2
2017-04-10 23:00:00,5,2,3
2017-04-11 00:00:00,1,0,1
2017-04-11 01:00:00,1,1,0
2017-04-11 02:00:00,4,1,3
2017-04-11 03:00:00,1,0,1
2017-04-11 04:00:00,2,1,1
2017-04-11 05:00:00,23,16,7
2017-04-11 06:00:00,130,66,64
2017-04-11 07:00:00,157,74,83
2017-04-11 08:00:00,114,53,61
2017-04-11 09:00:00,113,59,54
2017-04-11 10:00:00,136,77,59
2017-04-11 11:00:00,219,104,115
2017-04-11 12:00:00,378,180,198
2017-04-11 13:00:00,218,99,119
2017-04-11 14:00:00,161,91,70
2017-04-11 15:00:00,160,81,79
2017-04-11 16:00:00,173,80,93
2017-04-11 17:00:00,236,131,105
2017-04-11 18:00:00,249,137,112
2017-04-11 19:00:00,153,62,91
2017-04-11 20:00:00,55,25,30
2017-04-11 21:00:00,18,9,9
2017-04-11 22:00:00,12,5,7
2017-04-11 23:00:00,1,0,1
2017-04-12 00:00:00,3,1,2
2017-04-12 01:00:00,1,1,0
2017-04-12 02:00:00,0,0,0
2017-04-12 03:00:00,0,0,0
2017-04-12 04:00:00,3,2,1
2017-04-12 05:00:00,11,9,2
2017-04-12 06:00:00,52,27,25
2017-04-12 07:00:00,54,28,26
2017-04-12 08:00:00,56,23,33
2017-04-12 09:00:00,54,17,37
2017-04-12 10:00:00,60,25,35
2017-04-12 11:00:00,74,44,30
2017-04-12 12:00:00,166,82,84
2017-04-12 13:00:00,110,52,58
2017-04-12 14:00:00,127,57,70
2017-04-12 15:00:00,81,40,41
2017-04-12 16:00:00,155,91,64
2017-04-12 17:00:00,196,108,88
2017-04-12 18:00:00,228,107,121
2017-04-12 19:00:00,83,40,43
2017-04-12 20:00:00,18,5,13
2017-04-12 21:00:00,11,5,6
2017-04-12 22:00:00,1,1,0
2017-04-12 23:00:00,3,0,3
2017-04-13 00:00:00,0,0,0
2017-04-13 01:00:00,0,0,0
2017-04-13 02:00:00,0,0,0
2017-04-13 03:00:00,1,1,0
2017-04-13 04:00:00,1,1,0
2017-04-13 05:00:00,9,7,2
2017-04-13 06:00:00,96,58,38
2017-04-13 07:00:00,152,70,82
2017-04-13 08:00:00,103,47,56
2017-04-13 09:00:00,90,49,41
2017-04-13 10:00:00,88,46,42
2017-04-13 11:00:00,138,68,70
2017-04-13 12:00:00,231,103,128
2017-04-13 13:00:00,105,45,60
2017-04-13 14:00:00,93,41,52
2017-04-13 15:00:00,114,52,62
2017-04-13 16:00:00,117,55,62
2017-04-13 17:00:00,148,78,70
2017-04-13 18:00:00,114,65,49
2017-04-13 19:00:00,128,63,65
2017-04-13 20:00:00,59,21,38
2017-04-13 21:00:00,20,10,10
2017-04-13 22:00:00,4,2,2
2017-04-13 23:00:00,5,1,4
2017-04-14 00:00:00,1,0,1
2017-04-14 01:00:00,1,0,1
2017-04-14 02:00:00,0,0,0
2017-04-14 03:00:00,1,0,1
2017-04-14 04:00:00,1,1,0
2017-04-14 05:00:00,4,4,0
2017-04-14 06:00:00,62,37,25
2017-04-14 07:00:00,113,63,50
2017-04-14 08:00:00,119,51,68
2017-04-14 09:00:00,91,47,44
2017-04-14 10:00:00,107,57,50
2017-04-14 11:00:00,130,61,69
2017-04-14 12:00:00,183,91,92
2017-04-14 13:00:00,105,42,63
2017-04-14 14:00:00,107,51,56
2017-04-14 15:00:00,130,67,63
2017-04-14 16:00:00,142,75,67
2017-04-14 17:00:00,196,102,94
2017-04-14 18:00:00,200,105,95
2017-04-14 19:00:00,136,53,83
2017-04-14 20:00:00,40,14,26
2017-04-14 21:00:00,9,5,4
2017-04-14 22:00:00,7,4,3
2017-04-14 23:00:00,3,3,0
2017-04-15 00:00:00,3,0,3
2017-04-15 01:00:00,2,1,1
2017-04-15 02:00:00,0,0,0
2017-04-15 03:00:00,0,0,0
2017-04-15 04:00:00,0,0,0
2017-04-15 05:00:00,0,0,0
2017-04-15 06:00:00,11,8,3
2017-04-15 07:00:00,78,45,33
2017-04-15 08:00:00,155,74,81
2017-04-15 09:00:00,186,98,88
2017-04-15 10:00:00,217,107,110
2017-04-15 11:00:00,229,103,126
2017-04-15 12:00:00,203,76,127
2017-04-15 13:00:00,236,116,120
2017-04-15 14:00:00,247,114,133
2017-04-15 15:00:00,356,162,194
2017-04-15 16:00:00,402,197,205
2017-04-15 17:00:00,297,127,170
2017-04-15 18:00:00,278,128,150
2017-04-15 19:00:00,241,96,145
2017-04-15 20:00:00,107,29,78
2017-04-15 21:00:00,20,11,9
2017-04-15 22:00:00,1,0,1
2017-04-15 23:00:00,6,4,2
2017-04-16 00:00:00,4,2,2
2017-04-16 01:00:00,0,0,0
2017-04-16 02:00:00,1,1,0
2017-04-16 03:00:00,2,1,1
2017-04-16 04:00:00,0,0,0
2017-04-16 05:00:00,3,2,1
2017-04-16 06:00:00,56,36,20
2017-04-16 07:00:00,62,32,30
2017-04-16 08:00:00,111,65,46
2017-04-16 09:00:00,190,93,97
2017-04-16 10:00:00,213,103,110
2017-04-16 11:00:00,221,109,112
2017-04-16 12:00:00,245,104,141
2017-04-16 13:00:00,325,155,170
2017-04-16 14:00:00,333,141,192
2017-04-16 15:00:00,261,113,148
2017-04-16 16:00:00,282,141,141
2017-04-16 17:00:00,259,112,147
2017-04-16 18:00:00,172,77,95
2017-04-16 19:00:00,144,52,92
2017-04-16 20:00:00,74,19,55
2017-04-16 21:00:00,17,10,7
2017-04-16 22:00:00,8,5,3
2017-04-16 23:00:00,12,5,7
2017-04-17 00:00:00,1,1,0
2017-04-17 01:00:00,0,0,0
2017-04-17 02:00:00,2,1,1
2017-04-17 03:00:00,0,0,0
2017-04-17 04:00:00,1,0,1
2017-04-17 05:00:00,6,5,1
2017-04-17 06:00:00,52,31,21
2017-04-17 07:00:00,95,53,42
2017-04-17 08:00:00,75,36,39
2017-04-17 09:00:00,83,38,45
2017-04-17 10:00:00,101,55,46
2017-04-17 11:00:00,133,73,60
2017-04-17 12:00:00,264,140,124
2017-04-17 13:00:00,201,99,102
2017-04-17 14:00:00,125,61,64
2017-04-17 15:00:00,83,34,49
2017-04-17 16:00:00,83,39,44
2017-04-17 17:00:00,76,43,33
2017-04-17 18:00:00,73,40,33
2017-04-17 19:00:00,70,37,33
2017-04-17 20:00:00,39,15,24
2017-04-17 21:00:00,11,5,6
2017-04-17 22:00:00,11,10,1
2017-04-17 23:00:00,0,0,0
2017-04-18 00:00:00,0,0,0
2017-04-18 01:00:00,1,0,1
2017-04-18 02:00:00,0,0,0
2017-04-18 03:00:00,0,0,0
2017-04-18 04:00:00,0,0,0
2017-04-18 05:00:00,10,7,3
2017-04-18 06:00:00,96,52,44
2017-04-18 07:00:00,133,62,71
2017-04-18 08:00:00,95,42,53
2017-04-18 09:00:00,67,35,32
2017-04-18 10:00:00,68,32,36
2017-04-18 11:00:00,171,91,80
2017-04-18 12:00:00,308,149,159
2017-04-18 13:00:00,109,51,58
2017-04-18 14:00:00,112,66,46
2017-04-18 15:00:00,104,48,56
2017-04-18 16:00:00,161,91,70
2017-04-18 17:00:00,160,81,79
2017-04-18 18:00:00,138,72,66
2017-04-18 19:00:00,99,54,45
2017-04-18 20:00:00,88,34,54
2017-04-18 21:00:00,27,8,19
2017-04-18 22:00:00,9,7,2
2017-04-18 23:00:00,1,1,0
2017-04-19 00:00:00,2,1,1
2017-04-19 01:00:00,0,0,0
2017-04-19 02:00:00,0,0,0
2017-04-19 03:00:00,2,2,0
2017-04-19 04:00:00,4,1,3
2017-04-19 05:00:00,19,12,7
2017-04-19 06:00:00,124,69,55
2017-04-19 07:00:00,126,56,70
2017-04-19 08:00:00,75,28,47
2017-04-19 09:00:00,60,31,29
2017-04-19 10:00:00,43,19,24
2017-04-19 11:00:00,61,31,30
2017-04-19 12:00:00,97,44,53
2017-04-19 13:00:00,51,22,29
2017-04-19 14:00:00,86,45,41
2017-04-19 15:00:00,85,49,36
2017-04-19 16:00:00,121,56,65
2017-04-19 17:00:00,168,95,73
2017-04-19 18:00:00,215,112,103
2017-04-19 19:00:00,159,82,77
2017-04-19 20:00:00,61,19,42
2017-04-19 21:00:00,8,5,3
2017-04-19 22:00:00,1,0,1
2017-04-19 23:00:00,0,0,0
2017-04-20 00:00:00,0,0,0
2017-04-20 01:00:00,0,0,0
2017-04-20 02:00:00,2,2,0
2017-04-20 03:00:00,0,0,0
2017-04-20 04:00:00,2,1,1
2017-04-20 05:00:00,14,12,2
2017-04-20 06:00:00,85,46,39
2017-04-20 07:00:00,157,76,81
2017-04-20 08:00:00,99,40,59
2017-04-20 09:00:00,58,22,36
2017-04-20 10:00:00,88,47,41
2017-04-20 11:00:00,114,65,49
2017-04-20 12:00:00,296,151,145
2017-04-20 13:00:00,190,94,96
2017-04-20 14:00:00,170,71,99
2017-04-20 15:00:00,182,102,80
2017-04-20 16:00:00,307,197,110
2017-04-20 17:00:00,262,162,100
2017-04-20 18:00:00,289,152,137
2017-04-20 19:00:00,253,125,128
2017-04-20 20:00:00,97,34,63
2017-04-20 21:00:00,17,6,11
2017-04-20 22:00:00,6,5,1
2017-04-20 23:00:00,4,3,1
2017-04-21 00:00:00,1,1,0
2017-04-21 01:00:00,0,0,0
2017-04-21 02:00:00,1,1,0
2017-04-21 03:00:00,0,0,0
2017-04-21 04:00:00,9,9,0
2017-04-21 05:00:00,10,9,1
2017-04-21 06:00:00,116,68,48
2017-04-21 07:00:00,196,97,99
2017-04-21 08:00:00,151,69,82
2017-04-21 09:00:00,124,56,68
2017-04-21 10:00:00,139,62,77
2017-04-21 11:00:00,187,89,98
2017-04-21 12:00:00,383,205,178
2017-04-21 13:00:00,294,141,153
2017-04-21 14:00:00,341,216,125
2017-04-21 15:00:00,733,582,151
2017-04-21 16:00:00,379,248,131
2017-04-21 17:00:00,399,220,179
2017-04-21 18:00:00,432,231,201
2017-04-21 19:00:00,296,124,172
2017-04-21 20:00:00,150,58,92
2017-04-21 21:00:00,26,9,17
2017-04-21 22:00:00,13,6,7
2017-04-21 23:00:00,9,6,3
2017-04-22 00:00:00,8,5,3
2017-04-22 01:00:00,3,2,1
2017-04-22 02:00:00,3,1,2
2017-04-22 03:00:00,0,0,0
2017-04-22 04:00:00,0,0,0
2017-04-22 05:00:00,1,0,1
2017-04-22 06:00:00,47,33,14
2017-04-22 07:00:00,113,55,58
2017-04-22 08:00:00,142,73,69
2017-04-22 09:00:00,180,86,94
2017-04-22 10:00:00,165,67,98
2017-04-22 11:00:00,95,39,56
2017-04-22 12:00:00,52,23,29
2017-04-22 13:00:00,87,46,41
2017-04-22 14:00:00,56,19,37
2017-04-22 15:00:00,65,32,33
2017-04-22 16:00:00,117,56,61
2017-04-22 17:00:00,177,75,102
2017-04-22 18:00:00,192,94,98
2017-04-22 19:00:00,173,80,93
2017-04-22 20:00:00,87,37,50
2017-04-22 21:00:00,15,8,7
2017-04-22 22:00:00,8,4,4
2017-04-22 23:00:00,9,4,5
2017-04-23 00:00:00,3,2,1
2017-04-23 01:00:00,1,0,1
2017-04-23 02:00:00,3,2,1
2017-04-23 03:00:00,2,1,1
2017-04-23 04:00:00,1,0,1
2017-04-23 05:00:00,1,1,0
2017-04-23 06:00:00,30,20,10
2017-04-23 07:00:00,70,35,35
2017-04-23 08:00:00,129,64,65
2017-04-23 09:00:00,177,96,81
2017-04-23 10:00:00,174,75,99
2017-04-23 11:00:00,96,52,44
2017-04-23 12:00:00,87,42,45
2017-04-23 13:00:00,80,29,51
2017-04-23 14:00:00,57,25,32
2017-04-23 15:00:00,46,24,22
2017-04-23 16:00:00,34,20,14
2017-04-23 17:00:00,50,31,19
2017-04-23 18:00:00,72,32,40
2017-04-23 19:00:00,51,25,26
2017-04-23 20:00:00,31,13,18
2017-04-23 21:00:00,4,2,2
2017-04-23 22:00:00,4,3,1
2017-04-23 23:00:00,2,2,0
2017-04-24 00:00:00,1,0,1
2017-04-24 01:00:00,2,2,0
2017-04-24 02:00:00,2,1,1
2017-04-24 03:00:00,0,0,0
2017-04-24 04:00:00,3,2,1
2017-04-24 05:00:00,11,7,4
2017-04-24 06:00:00,69,40,29
2017-04-24 07:00:00,110,55,55
2017-04-24 08:00:00,86,41,45
2017-04-24 09:00:00,65,35,30
2017-04-24 10:00:00,108,42,66
2017-04-24 11:00:00,141,75,66
2017-04-24 12:00:00,255,127,128
2017-04-24 13:00:00,147,75,72
2017-04-24 14:00:00,133,62,71
2017-04-24 15:00:00,113,57,56
2017-04-24 16:00:00,136,68,68
2017-04-24 17:00:00,263,148,115
2017-04-24 18:00:00,392,214,178
2017-04-24 19:00:00,297,127,170
2017-04-24 20:00:00,165,67,98
2017-04-24 21:00:00,29,12,17
2017-04-24 22:00:00,11,5,6
2017-04-24 23:00:00,5,3,2
2017-04-25 00:00:00,3,2,1
2017-04-25 01:00:00,1,1,0
2017-04-25 02:00:00,0,0,0
2017-04-25 03:00:00,1,1,0
2017-04-25 04:00:00,3,1,2
2017-04-25 05:00:00,23,15,8
2017-04-25 06:00:00,120,62,58
2017-04-25 07:00:00,131,59,72
2017-04-25 08:00:00,92,33,59
2017-04-25 09:00:00,85,42,43
2017-04-25 10:00:00,81,35,46
2017-04-25 11:00:00,130,70,60
2017-04-25 12:00:00,249,120,129
2017-04-25 13:00:00,158,90,68
2017-04-25 14:00:00,114,57,57
2017-04-25 15:00:00,121,60,61
2017-04-25 16:00:00,134,67,67
2017-04-25 17:00:00,166,95,71
2017-04-25 18:00:00,169,83,86
2017-04-25 19:00:00,47,18,29
2017-04-25 20:00:00,42,21,21
2017-04-25 21:00:00,19,10,9
2017-04-25 22:00:00,9,6,3
2017-04-25 23:00:00,2,1,1
2017-04-26 00:00:00,3,1,2
2017-04-26 01:00:00,0,0,0
2017-04-26 02:00:00,0,0,0
2017-04-26 03:00:00,1,1,0
2017-04-26 04:00:00,2,1,1
2017-04-26 05:00:00,14,11,3
2017-04-26 06:00:00,126,70,56
2017-04-26 07:00:00,144,66,78
2017-04-26 08:00:00,94,44,50
2017-04-26 09:00:00,48,25,23
2017-04-26 10:00:00,62,33,29
2017-04-26 11:00:00,132,71,61
2017-04-26 12:00:00,252,129,123
2017-04-26 13:00:00,57,24,33
2017-04-26 14:00:00,75,44,31
2017-04-26 15:00:00,107,50,57
2017-04-26 16:00:00,72,24,48
2017-04-26 17:00:00,104,50,54
2017-04-26 18:00:00,93,55,38
2017-04-26 19:00:00,116,70,46
2017-04-26 20:00:00,66,25,41
2017-04-26 21:00:00,8,3,5
2017-04-26 22:00:00,10,4,6
2017-04-26 23:00:00,0,0,0
2017-04-27 00:00:00,0,0,0
2017-04-27 01:00:00,0,0,0
2017-04-27 02:00:00,0,0,0
2017-04-27 03:00:00,1,0,1
2017-04-27 04:00:00,2,0,2
2017-04-27 05:00:00,14,11,3
2017-04-27 06:00:00,112,58,54
2017-04-27 07:00:00,141,67,74
2017-04-27 08:00:00,93,50,43
2017-04-27 09:00:00,79,38,41
2017-04-27 10:00:00,115,60,55
2017-04-27 11:00:00,130,60,70
2017-04-27 12:00:00,305,156,149
2017-04-27 13:00:00,247,118,129
2017-04-27 14:00:00,168,77,91
2017-04-27 15:00:00,150,74,76
2017-04-27 16:00:00,194,103,91
2017-04-27 17:00:00,205,114,91
2017-04-27 18:00:00,184,87,97
2017-04-27 19:00:00,125,56,69
2017-04-27 20:00:00,59,25,34
2017-04-27 21:00:00,12,6,6
2017-04-27 22:00:00,7,2,5
2017-04-27 23:00:00,2,1,1
2017-04-28 00:00:00,2,1,1
2017-04-28 01:00:00,1,0,1
2017-04-28 02:00:00,0,0,0
2017-04-28 03:00:00,0,0,0
2017-04-28 04:00:00,1,0,1
2017-04-28 05:00:00,20,14,6
2017-04-28 06:00:00,78,44,34
2017-04-28 07:00:00,122,59,63
2017-04-28 08:00:00,107,44,63
2017-04-28 09:00:00,87,44,43
2017-04-28 10:00:00,81,36,45
2017-04-28 11:00:00,153,78,75
2017-04-28 12:00:00,273,129,144
2017-04-28 13:00:00,195,97,98
2017-04-28 14:00:00,172,92,80
2017-04-28 15:00:00,195,93,102
2017-04-28 16:00:00,207,109,98
2017-04-28 17:00:00,303,168,135
2017-04-28 18:00:00,285,147,138
2017-04-28 19:00:00,251,121,130
2017-04-28 20:00:00,142,46,96
2017-04-28 21:00:00,30,17,13
2017-04-28 22:00:00,16,8,8
2017-04-28 23:00:00,6,3,3
2017-04-29 00:00:00,3,2,1
2017-04-29 01:00:00,5,1,4
2017-04-29 02:00:00,2,1,1
2017-04-29 03:00:00,0,0,0
2017-04-29 04:00:00,3,3,0
2017-04-29 05:00:00,4,1,3
2017-04-29 06:00:00,44,23,21
2017-04-29 07:00:00,82,42,40
2017-04-29 08:00:00,147,73,74
2017-04-29 09:00:00,194,95,99
2017-04-29 10:00:00,201,111,90
2017-04-29 11:00:00,182,72,110
2017-04-29 12:00:00,160,70,90
2017-04-29 13:00:00,139,62,77
2017-04-29 14:00:00,177,81,96
2017-04-29 15:00:00,196,101,95
2017-04-29 16:00:00,162,78,84
2017-04-29 17:00:00,115,50,65
2017-04-29 18:00:00,64,30,34
2017-04-29 19:00:00,35,16,19
2017-04-29 20:00:00,13,5,8
2017-04-29 21:00:00,9,6,3
2017-04-29 22:00:00,5,1,4
2017-04-29 23:00:00,3,2,1
2017-04-30 00:00:00,1,1,0
2017-04-30 01:00:00,3,3,0
2017-04-30 02:00:00,0,0,0
2017-04-30 03:00:00,1,1,0
2017-04-30 04:00:00,1,1,0
2017-04-30 05:00:00,3,3,0
2017-04-30 06:00:00,31,18,13
2017-04-30 07:00:00,84,41,43
2017-04-30 08:00:00,105,54,51
2017-04-30 09:00:00,147,69,78
2017-04-30 10:00:00,148,76,72
2017-04-30 11:00:00,158,81,77
2017-04-30 12:00:00,275,130,145
2017-04-30 13:00:00,257,118,139
2017-04-30 14:00:00,239,113,126
2017-04-30 15:00:00,231,109,122
2017-04-30 16:00:00,216,87,129
2017-04-30 17:00:00,235,114,121
2017-04-30 18:00:00,142,64,78
2017-04-30 19:00:00,111,54,57
2017-04-30 20:00:00,77,28,49
2017-04-30 21:00:00,8,2,6
2017-04-30 22:00:00,3,2,1
2017-04-30 23:00:00,2,1,1
2017-05-01 00:00:00,1,1,0
2017-05-01 01:00:00,0,0,0
2017-05-01 02:00:00,1,1,0
2017-05-01 03:00:00,2,2,0
2017-05-01 04:00:00,0,0,0
2017-05-01 05:00:00,14,7,7
2017-05-01 06:00:00,87,49,38
2017-05-01 07:00:00,72,33,39
2017-05-01 08:00:00,82,35,47
2017-05-01 09:00:00,35,14,21
2017-05-01 10:00:00,51,24,27
2017-05-01 11:00:00,46,22,24
2017-05-01 12:00:00,110,54,56
2017-05-01 13:00:00,94,44,50
2017-05-01 14:00:00,80,50,30
2017-05-01 15:00:00,78,35,43
2017-05-01 16:00:00,123,65,58
2017-05-01 17:00:00,157,98,59
2017-05-01 18:00:00,169,94,75
2017-05-01 19:00:00,120,60,60
2017-05-01 20:00:00,81,39,42
2017-05-01 21:00:00,31,16,15
2017-05-01 22:00:00,12,4,8
2017-05-01 23:00:00,2,1,1
2017-05-02 00:00:00,5,3,2
2017-05-02 01:00:00,1,1,0
2017-05-02 02:00:00,3,1,2
2017-05-02 03:00:00,3,2,1
2017-05-02 04:00:00,1,1,0
2017-05-02 05:00:00,38,28,10
2017-05-02 06:00:00,147,77,70
2017-05-02 07:00:00,179,77,102
2017-05-02 08:00:00,96,36,60
2017-05-02 09:00:00,84,41,43
2017-05-02 10:00:00,90,51,39
2017-05-02 11:00:00,131,66,65
2017-05-02 12:00:00,365,200,165
2017-05-02 13:00:00,263,124,139
2017-05-02 14:00:00,155,75,80
2017-05-02 15:00:00,125,63,62
2017-05-02 16:00:00,158,72,86
2017-05-02 17:00:00,168,87,81
2017-05-02 18:00:00,145,65,80
2017-05-02 19:00:00,72,35,37
2017-05-02 20:00:00,31,12,19
2017-05-02 21:00:00,14,7,7
2017-05-02 22:00:00,5,1,4
2017-05-02 23:00:00,2,0,2
2017-05-03 00:00:00,1,0,1
2017-05-03 01:00:00,2,1,1
2017-05-03 02:00:00,3,2,1
2017-05-03 03:00:00,0,0,0
2017-05-03 04:00:00,1,1,0
2017-05-03 05:00:00,23,17,6
2017-05-03 06:00:00,118,63,55
2017-05-03 07:00:00,152,73,79
2017-05-03 08:00:00,125,51,74
2017-05-03 09:00:00,81,33,48
2017-05-03 10:00:00,85,36,49
2017-05-03 11:00:00,122,61,61
2017-05-03 12:00:00,315,168,147
2017-05-03 13:00:00,181,90,91
2017-05-03 14:00:00,237,128,109
2017-05-03 15:00:00,283,151,132
2017-05-03 16:00:00,355,200,155
2017-05-03 17:00:00,437,257,180
2017-05-03 18:00:00,532,284,248
2017-05-03 19:00:00,449,214,235
2017-05-03 20:00:00,283,108,175
2017-05-03 21:00:00,41,12,29
2017-05-03 22:00:00,10,5,5
2017-05-03 23:00:00,6,2,4
2017-05-04 00:00:00,2,1,1
2017-05-04 01:00:00,1,0,1
2017-05-04 02:00:00,0,0,0
2017-05-04 03:00:00,4,3,1
2017-05-04 04:00:00,2,1,1
2017-05-04 05:00:00,26,19,7
2017-05-04 06:00:00,151,82,69
2017-05-04 07:00:00,173,91,82
2017-05-04 08:00:00,125,46,79
2017-05-04 09:00:00,91,38,53
2017-05-04 10:00:00,125,70,55
2017-05-04 11:00:00,208,102,106
2017-05-04 12:00:00,458,241,217
2017-05-04 13:00:00,315,160,155
2017-05-04 14:00:00,203,89,114
2017-05-04 15:00:00,191,89,102
2017-05-04 16:00:00,87,40,47
2017-05-04 17:00:00,71,38,33
2017-05-04 18:00:00,34,21,13
2017-05-04 19:00:00,73,40,33
2017-05-04 20:00:00,58,24,34
2017-05-04 21:00:00,14,4,10
2017-05-04 22:00:00,3,3,0
2017-05-04 23:00:00,9,4,5
2017-05-05 00:00:00,0,0,0
2017-05-05 01:00:00,5,3,2
2017-05-05 02:00:00,1,0,1
2017-05-05 03:00:00,0,0,0
2017-05-05 04:00:00,2,1,1
2017-05-05 05:00:00,16,10,6
2017-05-05 06:00:00,114,61,53
2017-05-05 07:00:00,135,63,72
2017-05-05 08:00:00,125,49,76
2017-05-05 09:00:00,68,37,31
2017-05-05 10:00:00,66,29,37
2017-05-05 11:00:00,76,36,40
2017-05-05 12:00:00,226,112,114
2017-05-05 13:00:00,133,60,73
2017-05-05 14:00:00,104,40,64
2017-05-05 15:00:00,82,41,41
2017-05-05 16:00:00,126,68,58
2017-05-05 17:00:00,155,74,81
2017-05-05 18:00:00,145,74,71
2017-05-05 19:00:00,148,77,71
2017-05-05 20:00:00,121,45,76
2017-05-05 21:00:00,17,7,10
2017-05-05 22:00:00,7,4,3
2017-05-05 23:00:00,6,3,3
2017-05-06 00:00:00,5,2,3
2017-05-06 01:00:00,0,0,0
2017-05-06 02:00:00,0,0,0
2017-05-06 03:00:00,2,1,1
2017-05-06 04:00:00,1,0,1
2017-05-06 05:00:00,8,6,2
2017-05-06 06:00:00,37,19,18
2017-05-06 07:00:00,89,46,43
2017-05-06 08:00:00,152,68,84
2017-05-06 09:00:00,168,83,85
2017-05-06 10:00:00,204,96,108
2017-05-06 11:00:00,245,109,136
2017-05-06 12:00:00,248,124,124
2017-05-06 13:00:00,228,99,129
2017-05-06 14:00:00,296,154,142
2017-05-06 15:00:00,338,157,181
2017-05-06 16:00:00,273,140,133
2017-05-06 17:00:00,318,157,161
2017-05-06 18:00:00,244,89,155
2017-05-06 19:00:00,144,64,80
2017-05-06 20:00:00,100,30,70
2017-05-06 21:00:00,27,9,18
2017-05-06 22:00:00,6,1,5
2017-05-06 23:00:00,5,3,2
2017-05-07 00:00:00,0,0,0
2017-05-07 01:00:00,3,0,3
2017-05-07 02:00:00,1,1,0
2017-05-07 03:00:00,0,0,0
2017-05-07 04:00:00,1,1,0
2017-05-07 05:00:00,2,2,0
2017-05-07 06:00:00,42,26,16
2017-05-07 07:00:00,73,34,39
2017-05-07 08:00:00,100,50,50
2017-05-07 09:00:00,197,121,76
2017-05-07 10:00:00,255,133,122
2017-05-07 11:00:00,281,126,155
2017-05-07 12:00:00,226,103,123
2017-05-07 13:00:00,250,124,126
2017-05-07 14:00:00,321,166,155
2017-05-07 15:00:00,378,182,196
2017-05-07 16:00:00,358,182,176
2017-05-07 17:00:00,396,203,193
2017-05-07 18:00:00,342,144,198
2017-05-07 19:00:00,216,86,130
2017-05-07 20:00:00,95,42,53
2017-05-07 21:00:00,21,5,16
2017-05-07 22:00:00,10,7,3
2017-05-07 23:00:00,3,2,1
2017-05-08 00:00:00,4,1,3
2017-05-08 01:00:00,0,0,0
2017-05-08 02:00:00,2,1,1
2017-05-08 03:00:00,3,3,0
2017-05-08 04:00:00,0,0,0
2017-05-08 05:00:00,31,20,11
2017-05-08 06:00:00,133,73,60
2017-05-08 07:00:00,137,64,73
2017-05-08 08:00:00,102,44,58
2017-05-08 09:00:00,75,33,42
2017-05-08 10:00:00,63,25,38
2017-05-08 11:00:00,142,71,71
2017-05-08 12:00:00,255,133,122
2017-05-08 13:00:00,190,87,103
2017-05-08 14:00:00,139,75,64
2017-05-08 15:00:00,183,84,99
2017-05-08 16:00:00,255,146,109
2017-05-08 17:00:00,275,135,140
2017-05-08 18:00:00,277,141,136
2017-05-08 19:00:00,240,114,126
2017-05-08 20:00:00,134,55,79
2017-05-08 21:00:00,43,14,29
2017-05-08 22:00:00,14,9,5
2017-05-08 23:00:00,4,2,2
2017-05-09 00:00:00,3,2,1
2017-05-09 01:00:00,3,1,2
2017-05-09 02:00:00,0,0,0
2017-05-09 03:00:00,1,1,0
2017-05-09 04:00:00,4,3,1
2017-05-09 05:00:00,43,30,13
2017-05-09 06:00:00,195,92,103
2017-05-09 07:00:00,210,93,117
2017-05-09 08:00:00,161,70,91
2017-05-09 09:00:00,141,69,72
2017-05-09 10:00:00,114,54,60
2017-05-09 11:00:00,201,110,91
2017-05-09 12:00:00,449,224,225
2017-05-09 13:00:00,290,138,152
2017-05-09 14:00:00,243,117,126
2017-05-09 15:00:00,206,95,111
2017-05-09 16:00:00,302,172,130
2017-05-09 17:00:00,416,210,206
2017-05-09 18:00:00,403,208,195
2017-05-09 19:00:00,331,176,155
2017-05-09 20:00:00,202,86,116
2017-05-09 21:00:00,39,12,27
2017-05-09 22:00:00,15,7,8
2017-05-09 23:00:00,6,3,3
2017-05-10 00:00:00,3,2,1
2017-05-10 01:00:00,1,1,0
2017-05-10 02:00:00,2,1,1
2017-05-10 03:00:00,1,1,0
2017-05-10 04:00:00,1,1,0
2017-05-10 05:00:00,41,30,11
2017-05-10 06:00:00,216,114,102
2017-05-10 07:00:00,163,74,89
2017-05-10 08:00:00,147,74,73
2017-05-10 09:00:00,86,41,45
2017-05-10 10:00:00,102,53,49
2017-05-10 11:00:00,154,76,78
2017-05-10 12:00:00,415,215,200
2017-05-10 13:00:00,254,112,142
2017-05-10 14:00:00,178,81,97
2017-05-10 15:00:00,232,111,121
2017-05-10 16:00:00,230,115,115
2017-05-10 17:00:00,324,185,139
2017-05-10 18:00:00,336,168,168
2017-05-10 19:00:00,285,122,163
2017-05-10 20:00:00,149,61,88
2017-05-10 21:00:00,50,19,31
2017-05-10 22:00:00,12,6,6
2017-05-10 23:00:00,4,2,2
2017-05-11 00:00:00,1,1,0
2017-05-11 01:00:00,0,0,0
2017-05-11 02:00:00,5,4,1
2017-05-11 03:00:00,3,0,3
2017-05-11 04:00:00,0,0,0
2017-05-11 05:00:00,26,15,11
2017-05-11 06:00:00,134,68,66
2017-05-11 07:00:00,141,64,77
2017-05-11 08:00:00,127,61,66
2017-05-11 09:00:00,61,32,29
2017-05-11 10:00:00,66,30,36
2017-05-11 11:00:00,36,13,23
2017-05-11 12:00:00,70,36,34
2017-05-11 13:00:00,50,21,29
2017-05-11 14:00:00,40,19,21
2017-05-11 15:00:00,67,34,33
2017-05-11 16:00:00,70,39,31
2017-05-11 17:00:00,135,64,71
2017-05-11 18:00:00,83,41,42
2017-05-11 19:00:00,58,32,26
2017-05-11 20:00:00,77,35,42
2017-05-11 21:00:00,25,14,11
2017-05-11 22:00:00,8,3,5
2017-05-11 23:00:00,3,1,2
2017-05-12 00:00:00,3,1,2
2017-05-12 01:00:00,1,0,1
2017-05-12 02:00:00,1,1,0
2017-05-12 03:00:00,1,1,0
2017-05-12 04:00:00,1,1,0
2017-05-12 05:00:00,22,11,11
2017-05-12 06:00:00,129,71,58
2017-05-12 07:00:00,202,99,103
2017-05-12 08:00:00,138,63,75
2017-05-12 09:00:00,105,48,57
2017-05-12 10:00:00,99,46,53
2017-05-12 11:00:00,167,87,80
2017-05-12 12:00:00,141,58,83
2017-05-12 13:00:00,73,36,37
2017-05-12 14:00:00,94,43,51
2017-05-12 15:00:00,102,57,45
2017-05-12 16:00:00,142,64,78
2017-05-12 17:00:00,120,63,57
2017-05-12 18:00:00,131,61,70
2017-05-12 19:00:00,111,47,64
2017-05-12 20:00:00,38,17,21
2017-05-12 21:00:00,7,2,5
2017-05-12 22:00:00,11,6,5
2017-05-12 23:00:00,3,1,2
2017-05-13 00:00:00,0,0,0
2017-05-13 01:00:00,0,0,0
2017-05-13 02:00:00,1,1,0
2017-05-13 03:00:00,1,0,1
2017-05-13 04:00:00,0,0,0
2017-05-13 05:00:00,7,2,5
2017-05-13 06:00:00,29,20,9
2017-05-13 07:00:00,71,36,35
2017-05-13 08:00:00,127,65,62
2017-05-13 09:00:00,170,93,77
2017-05-13 10:00:00,200,103,97
2017-05-13 11:00:00,218,93,125
2017-05-13 12:00:00,164,73,91
2017-05-13 13:00:00,151,67,84
2017-05-13 14:00:00,216,116,100
2017-05-13 15:00:00,244,106,138
2017-05-13 16:00:00,214,93,121
2017-05-13 17:00:00,153,67,86
2017-05-13 18:00:00,139,49,90
2017-05-13 19:00:00,64,28,36
2017-05-13 20:00:00,16,7,9
2017-05-13 21:00:00,6,2,4
2017-05-13 22:00:00,1,0,1
2017-05-13 23:00:00,4,2,2
2017-05-14 00:00:00,1,0,1
2017-05-14 01:00:00,2,1,1
2017-05-14 02:00:00,3,2,1
2017-05-14 03:00:00,1,1,0
2017-05-14 04:00:00,1,1,0
2017-05-14 05:00:00,6,4,2
2017-05-14 06:00:00,23,14,9
2017-05-14 07:00:00,68,40,28
2017-05-14 08:00:00,131,63,68
2017-05-14 09:00:00,137,66,71
2017-05-14 10:00:00,161,76,85
2017-05-14 11:00:00,157,63,94
2017-05-14 12:00:00,194,81,113
2017-05-14 13:00:00,186,100,86
2017-05-14 14:00:00,251,111,140
2017-05-14 15:00:00,282,129,153
2017-05-14 16:00:00,207,91,116
2017-05-14 17:00:00,199,85,114
2017-05-14 18:00:00,169,78,91
2017-05-14 19:00:00,161,67,94
2017-05-14 20:00:00,73,32,41
2017-05-14 21:00:00,22,5,17
2017-05-14 22:00:00,3,0,3
2017-05-14 23:00:00,7,6,1
2017-05-15 00:00:00,4,2,2
2017-05-15 01:00:00,0,0,0
2017-05-15 02:00:00,3,2,1
2017-05-15 03:00:00,1,1,0
2017-05-15 04:00:00,0,0,0
2017-05-15 05:00:00,25,14,11
2017-05-15 06:00:00,107,63,44
2017-05-15 07:00:00,137,66,71
2017-05-15 08:00:00,106,49,57
2017-05-15 09:00:00,82,37,45
2017-05-15 10:00:00,80,33,47
2017-05-15 11:00:00,127,64,63
2017-05-15 12:00:00,207,99,108
2017-05-15 13:00:00,98,45,53
2017-05-15 14:00:00,50,20,30
2017-05-15 15:00:00,24,15,9
2017-05-15 16:00:00,52,25,27
2017-05-15 17:00:00,61,40,21
2017-05-15 18:00:00,48,27,21
2017-05-15 19:00:00,34,16,18
2017-05-15 20:00:00,19,10,9
2017-05-15 21:00:00,14,5,9
2017-05-15 22:00:00,2,2,0
2017-05-15 23:00:00,2,1,1
2017-05-16 00:00:00,3,2,1
2017-05-16 01:00:00,1,1,0
2017-05-16 02:00:00,0,0,0
2017-05-16 03:00:00,1,1,0
2017-05-16 04:00:00,0,0,0
2017-05-16 05:00:00,12,9,3
2017-05-16 06:00:00,63,33,30
2017-05-16 07:00:00,85,35,50
2017-05-16 08:00:00,75,32,43
2017-05-16 09:00:00,41,21,20
2017-05-16 10:00:00,19,8,11
2017-05-16 11:00:00,96,55,41
2017-05-16 12:00:00,263,130,133
2017-05-16 13:00:00,139,63,76
2017-05-16 14:00:00,120,56,64
2017-05-16 15:00:00,144,75,69
2017-05-16 16:00:00,155,65,90
2017-05-16 17:00:00,165,92,73
2017-05-16 18:00:00,177,96,81
2017-05-16 19:00:00,116,53,63
2017-05-16 20:00:00,61,23,38
2017-05-16 21:00:00,22,12,10
2017-05-16 22:00:00,13,7,6
2017-05-16 23:00:00,4,0,4
2017-05-17 00:00:00,3,3,0
2017-05-17 01:00:00,2,1,1
2017-05-17 02:00:00,0,0,0
2017-05-17 03:00:00,2,2,0
2017-05-17 04:00:00,3,2,1
2017-05-17 05:00:00,34,21,13
2017-05-17 06:00:00,158,85,73
2017-05-17 07:00:00,158,65,93
2017-05-17 08:00:00,116,54,62
2017-05-17 09:00:00,102,45,57
2017-05-17 10:00:00,95,45,50
2017-05-17 11:00:00,162,82,80
2017-05-17 12:00:00,336,180,156
2017-05-17 13:00:00,205,89,116
2017-05-17 14:00:00,181,93,88
2017-05-17 15:00:00,147,68,79
2017-05-17 16:00:00,138,62,76
2017-05-17 17:00:00,218,126,92
2017-05-17 18:00:00,165,85,80
2017-05-17 19:00:00,165,80,85
2017-05-17 20:00:00,114,52,62
2017-05-17 21:00:00,41,17,24
2017-05-17 22:00:00,6,3,3
2017-05-17 23:00:00,5,2,3
2017-05-18 00:00:00,2,1,1
2017-05-18 01:00:00,1,1,0
2017-05-18 02:00:00,0,0,0
2017-05-18 03:00:00,0,0,0
2017-05-18 04:00:00,5,2,3
2017-05-18 05:00:00,36,21,15
2017-05-18 06:00:00,147,81,66
2017-05-18 07:00:00,186,80,106
2017-05-18 08:00:00,135,57,78
2017-05-18 09:00:00,86,41,45
2017-05-18 10:00:00,87,40,47
2017-05-18 11:00:00,146,75,71
2017-05-18 12:00:00,316,162,154
2017-05-18 13:00:00,244,114,130
2017-05-18 14:00:00,167,74,93
2017-05-18 15:00:00,147,64,83
2017-05-18 16:00:00,192,95,97
2017-05-18 17:00:00,210,107,103
2017-05-18 18:00:00,272,133,139
2017-05-18 19:00:00,219,111,108
2017-05-18 20:00:00,143,64,79
2017-05-18 21:00:00,65,21,44
2017-05-18 22:00:00,18,10,8
2017-05-18 23:00:00,6,3,3
2017-05-19 00:00:00,3,1,2
2017-05-19 01:00:00,0,0,0
2017-05-19 02:00:00,4,2,2
2017-05-19 03:00:00,0,0,0
2017-05-19 04:00:00,2,1,1
2017-05-19 05:00:00,28,13,15
2017-05-19 06:00:00,115,63,52
2017-05-19 07:00:00,171,84,87
2017-05-19 08:00:00,147,60,87
2017-05-19 09:00:00,107,48,59
2017-05-19 10:00:00,140,66,74
2017-05-19 11:00:00,178,93,85
2017-05-19 12:00:00,368,202,166
2017-05-19 13:00:00,294,136,158
2017-05-19 14:00:00,235,118,117
2017-05-19 15:00:00,208,106,102
2017-05-19 16:00:00,225,107,118
2017-05-19 17:00:00,261,142,119
2017-05-19 18:00:00,202,96,106
2017-05-19 19:00:00,155,68,87
2017-05-19 20:00:00,95,43,52
2017-05-19 21:00:00,43,16,27
2017-05-19 22:00:00,20,9,11
2017-05-19 23:00:00,5,3,2
2017-05-20 00:00:00,2,1,1
2017-05-20 01:00:00,3,1,2
2017-05-20 02:00:00,4,2,2
2017-05-20 03:00:00,0,0,0
2017-05-20 04:00:00,3,1,2
2017-05-20 05:00:00,6,5,1
2017-05-20 06:00:00,63,36,27
2017-05-20 07:00:00,117,68,49
2017-05-20 08:00:00,214,95,119
2017-05-20 09:00:00,239,120,119
2017-05-20 10:00:00,248,125,123
2017-05-20 11:00:00,354,171,183
2017-05-20 12:00:00,413,197,216
2017-05-20 13:00:00,261,110,151
2017-05-20 14:00:00,317,132,185
2017-05-20 15:00:00,376,190,186
2017-05-20 16:00:00,382,181,201
2017-05-20 17:00:00,315,163,152
2017-05-20 18:00:00,262,116,146
2017-05-20 19:00:00,238,113,125
2017-05-20 20:00:00,194,79,115
2017-05-20 21:00:00,83,26,57
2017-05-20 22:00:00,11,5,6
2017-05-20 23:00:00,8,7,1
2017-05-21 00:00:00,19,6,13
2017-05-21 01:00:00,1,1,0
2017-05-21 02:00:00,1,0,1
2017-05-21 03:00:00,1,1,0
2017-05-21 04:00:00,2,1,1
2017-05-21 05:00:00,9,8,1
2017-05-21 06:00:00,60,33,27
2017-05-21 07:00:00,114,56,58
2017-05-21 08:00:00,195,95,100
2017-05-21 09:00:00,237,129,108
2017-05-21 10:00:00,345,168,177
2017-05-21 11:00:00,364,160,204
2017-05-21 12:00:00,286,124,162
2017-05-21 13:00:00,588,198,390
2017-05-21 14:00:00,346,174,172
2017-05-21 15:00:00,414,203,211
2017-05-21 16:00:00,383,181,202
2017-05-21 17:00:00,341,147,194
2017-05-21 18:00:00,282,144,138
2017-05-21 19:00:00,279,130,149
2017-05-21 20:00:00,197,91,106
2017-05-21 21:00:00,95,28,67
2017-05-21 22:00:00,11,1,10
2017-05-21 23:00:00,8,6,2
2017-05-22 00:00:00,5,2,3
2017-05-22 01:00:00,1,1,0
2017-05-22 02:00:00,1,1,0
2017-05-22 03:00:00,1,1,0
2017-05-22 04:00:00,5,1,4
2017-05-22 05:00:00,37,23,14
2017-05-22 06:00:00,134,69,65
2017-05-22 07:00:00,197,98,99
2017-05-22 08:00:00,160,68,92
2017-05-22 09:00:00,118,54,64
2017-05-22 10:00:00,129,57,72
2017-05-22 11:00:00,221,124,97
2017-05-22 12:00:00,388,200,188
2017-05-22 13:00:00,256,131,125
2017-05-22 14:00:00,226,96,130
2017-05-22 15:00:00,200,95,105
2017-05-22 16:00:00,268,142,126
2017-05-22 17:00:00,406,244,162
2017-05-22 18:00:00,463,246,217
2017-05-22 19:00:00,418,225,193
2017-05-22 20:00:00,384,180,204
2017-05-22 21:00:00,131,43,88
2017-05-22 22:00:00,25,8,17
2017-05-22 23:00:00,6,3,3
2017-05-23 00:00:00,3,1,2
2017-05-23 01:00:00,1,0,1
2017-05-23 02:00:00,1,0,1
2017-05-23 03:00:00,1,1,0
2017-05-23 04:00:00,5,1,4
2017-05-23 05:00:00,72,53,19
2017-05-23 06:00:00,250,122,128
2017-05-23 07:00:00,255,125,130
2017-05-23 08:00:00,150,57,93
2017-05-23 09:00:00,134,61,73
2017-05-23 10:00:00,142,71,71
2017-05-23 11:00:00,260,129,131
2017-05-23 12:00:00,470,237,233
2017-05-23 13:00:00,281,142,139
2017-05-23 14:00:00,233,116,117
2017-05-23 15:00:00,202,103,99
2017-05-23 16:00:00,290,167,123
2017-05-23 17:00:00,352,212,140
2017-05-23 18:00:00,344,195,149
2017-05-23 19:00:00,268,130,138
2017-05-23 20:00:00,148,62,86
2017-05-23 21:00:00,34,11,23
2017-05-23 22:00:00,9,3,6
2017-05-23 23:00:00,5,1,4
2017-05-24 00:00:00,3,3,0
2017-05-24 01:00:00,0,0,0
2017-05-24 02:00:00,1,1,0
2017-05-24 03:00:00,1,1,0
2017-05-24 04:00:00,4,2,2
2017-05-24 05:00:00,46,28,18
2017-05-24 06:00:00,157,87,70
2017-05-24 07:00:00,181,89,92
2017-05-24 08:00:00,134,53,81
2017-05-24 09:00:00,86,37,49
2017-05-24 10:00:00,95,58,37
2017-05-24 11:00:00,166,88,78
2017-05-24 12:00:00,350,189,161
2017-05-24 13:00:00,173,80,93
2017-05-24 14:00:00,138,70,68
2017-05-24 15:00:00,126,54,72
2017-05-24 16:00:00,152,72,80
2017-05-24 17:00:00,156,89,67
2017-05-24 18:00:00,241,127,114
2017-05-24 19:00:00,281,148,133
2017-05-24 20:00:00,165,67,98
2017-05-24 21:00:00,78,25,53
2017-05-24 22:00:00,38,29,9
2017-05-24 23:00:00,8,3,5
2017-05-25 00:00:00,5,2,3
2017-05-25 01:00:00,0,0,0
2017-05-25 02:00:00,0,0,0
2017-05-25 03:00:00,0,0,0
2017-05-25 04:00:00,1,0,1
2017-05-25 05:00:00,29,18,11
2017-05-25 06:00:00,156,88,68
2017-05-25 07:00:00,205,95,110
2017-05-25 08:00:00,146,62,84
2017-05-25 09:00:00,159,71,88
2017-05-25 10:00:00,140,57,83
2017-05-25 11:00:00,222,115,107
2017-05-25 12:00:00,398,188,210
2017-05-25 13:00:00,264,125,139
2017-05-25 14:00:00,207,103,104
2017-05-25 15:00:00,225,110,115
2017-05-25 16:00:00,267,143,124
2017-05-25 17:00:00,334,196,138
2017-05-25 18:00:00,308,163,145
2017-05-25 19:00:00,311,152,159
2017-05-25 20:00:00,264,128,136
2017-05-25 21:00:00,118,43,75
2017-05-25 22:00:00,19,9,10
2017-05-25 23:00:00,10,5,5
2017-05-26 00:00:00,2,0,2
2017-05-26 01:00:00,1,0,1
2017-05-26 02:00:00,0,0,0
2017-05-26 03:00:00,2,1,1
2017-05-26 04:00:00,2,2,0
2017-05-26 05:00:00,33,20,13
2017-05-26 06:00:00,117,62,55
2017-05-26 07:00:00,172,91,81
2017-05-26 08:00:00,152,60,92
2017-05-26 09:00:00,180,82,98
2017-05-26 10:00:00,170,75,95
2017-05-26 11:00:00,212,120,92
2017-05-26 12:00:00,325,167,158
2017-05-26 13:00:00,265,141,124
2017-05-26 14:00:00,193,86,107
2017-05-26 15:00:00,235,115,120
2017-05-26 16:00:00,275,139,136
2017-05-26 17:00:00,287,156,131
2017-05-26 18:00:00,283,149,134
2017-05-26 19:00:00,226,101,125
2017-05-26 20:00:00,229,96,133
2017-05-26 21:00:00,108,39,69
2017-05-26 22:00:00,30,17,13
2017-05-26 23:00:00,9,6,3
2017-05-27 00:00:00,6,4,2
2017-05-27 01:00:00,3,1,2
2017-05-27 02:00:00,2,2,0
2017-05-27 03:00:00,3,1,2
2017-05-27 04:00:00,1,0,1
2017-05-27 05:00:00,17,12,5
2017-05-27 06:00:00,65,33,32
2017-05-27 07:00:00,129,72,57
2017-05-27 08:00:00,223,106,117
2017-05-27 09:00:00,254,130,124
2017-05-27 10:00:00,284,124,160
2017-05-27 11:00:00,280,128,152
2017-05-27 12:00:00,292,152,140
2017-05-27 13:00:00,259,126,133
2017-05-27 14:00:00,336,161,175
2017-05-27 15:00:00,300,146,154
2017-05-27 16:00:00,281,129,152
2017-05-27 17:00:00,299,167,132
2017-05-27 18:00:00,258,109,149
2017-05-27 19:00:00,250,103,147
2017-05-27 20:00:00,225,111,114
2017-05-27 21:00:00,123,44,79
2017-05-27 22:00:00,28,10,18
2017-05-27 23:00:00,12,4,8
2017-05-28 00:00:00,6,3,3
2017-05-28 01:00:00,3,3,0
2017-05-28 02:00:00,2,1,1
2017-05-28 03:00:00,0,0,0
2017-05-28 04:00:00,1,0,1
2017-05-28 05:00:00,15,9,6
2017-05-28 06:00:00,66,35,31
2017-05-28 07:00:00,138,80,58
2017-05-28 08:00:00,239,112,127
2017-05-28 09:00:00,229,104,125
2017-05-28 10:00:00,283,149,134
2017-05-28 11:00:00,313,142,171
2017-05-28 12:00:00,296,139,157
2017-05-28 13:00:00,290,127,163
2017-05-28 14:00:00,315,127,188
2017-05-28 15:00:00,290,142,148
2017-05-28 16:00:00,271,131,140
2017-05-28 17:00:00,286,131,155
2017-05-28 18:00:00,208,92,116
2017-05-28 19:00:00,231,102,129
2017-05-28 20:00:00,250,106,144
2017-05-28 21:00:00,103,32,71
2017-05-28 22:00:00,24,12,12
2017-05-28 23:00:00,11,7,4
2017-05-29 00:00:00,3,1,2
2017-05-29 01:00:00,0,0,0
2017-05-29 02:00:00,2,2,0
2017-05-29 03:00:00,0,0,0
2017-05-29 04:00:00,0,0,0
2017-05-29 05:00:00,14,9,5
2017-05-29 06:00:00,52,27,25
2017-05-29 07:00:00,93,53,40
2017-05-29 08:00:00,146,74,72
2017-05-29 09:00:00,174,95,79
2017-05-29 10:00:00,223,109,114
2017-05-29 11:00:00,194,91,103
2017-05-29 12:00:00,238,114,124
2017-05-29 13:00:00,271,137,134
2017-05-29 14:00:00,302,119,183
2017-05-29 15:00:00,378,192,186
2017-05-29 16:00:00,332,149,183
2017-05-29 17:00:00,313,123,190
2017-05-29 18:00:00,264,131,133
2017-05-29 19:00:00,243,96,147
2017-05-29 20:00:00,237,104,133
2017-05-29 21:00:00,102,33,69
2017-05-29 22:00:00,10,3,7
2017-05-29 23:00:00,4,2,2
2017-05-30 00:00:00,3,2,1
2017-05-30 01:00:00,2,1,1
2017-05-30 02:00:00,1,1,0
2017-05-30 03:00:00,1,1,0
2017-05-30 04:00:00,4,2,2
2017-05-30 05:00:00,29,21,8
2017-05-30 06:00:00,136,71,65
2017-05-30 07:00:00,134,61,73
2017-05-30 08:00:00,126,61,65
2017-05-30 09:00:00,67,28,39
2017-05-30 10:00:00,61,23,38
2017-05-30 11:00:00,136,64,72
2017-05-30 12:00:00,246,133,113
2017-05-30 13:00:00,130,61,69
2017-05-30 14:00:00,64,27,37
2017-05-30 15:00:00,88,48,40
2017-05-30 16:00:00,116,57,59
2017-05-30 17:00:00,169,92,77
2017-05-30 18:00:00,114,60,54
2017-05-30 19:00:00,121,63,58
2017-05-30 20:00:00,107,53,54
2017-05-30 21:00:00,52,20,32
2017-05-30 22:00:00,18,5,13
2017-05-30 23:00:00,2,1,1
2017-05-31 00:00:00,3,3,0
2017-05-31 01:00:00,1,1,0
2017-05-31 02:00:00,0,0,0
2017-05-31 03:00:00,2,1,1
2017-05-31 04:00:00,2,0,2
2017-05-31 05:00:00,30,21,9
2017-05-31 06:00:00,152,90,62
2017-05-31 07:00:00,196,84,112
2017-05-31 08:00:00,114,44,70
2017-05-31 09:00:00,108,53,55
2017-05-31 10:00:00,98,49,49
2017-05-31 11:00:00,151,67,84
2017-05-31 12:00:00,346,174,172
2017-05-31 13:00:00,231,121,110
2017-05-31 14:00:00,181,86,95
2017-05-31 15:00:00,191,89,102
2017-05-31 16:00:00,205,97,108
2017-05-31 17:00:00,221,126,95
2017-05-31 18:00:00,213,105,108
2017-05-31 19:00:00,172,80,92
2017-05-31 20:00:00,100,47,53
2017-05-31 21:00:00,39,13,26
2017-05-31 22:00:00,7,4,3
2017-05-31 23:00:00,5,3,2
2017-06-01 00:00:00,1,0,1
2017-06-01 01:00:00,0,0,0
2017-06-01 02:00:00,0,0,0
2017-06-01 03:00:00,2,1,1
2017-06-01 04:00:00,3,2,1
2017-06-01 05:00:00,40,24,16
2017-06-01 06:00:00,133,68,65
2017-06-01 07:00:00,149,66,83
2017-06-01 08:00:00,99,45,54
2017-06-01 09:00:00,86,43,43
2017-06-01 10:00:00,103,48,55
2017-06-01 11:00:00,128,55,73
2017-06-01 12:00:00,315,166,149
2017-06-01 13:00:00,197,79,118
2017-06-01 14:00:00,162,74,88
2017-06-01 15:00:00,147,74,73
2017-06-01 16:00:00,196,110,86
2017-06-01 17:00:00,256,147,109
2017-06-01 18:00:00,219,111,108
2017-06-01 19:00:00,189,103,86
2017-06-01 20:00:00,145,68,77
2017-06-01 21:00:00,47,15,32
2017-06-01 22:00:00,12,7,5
2017-06-01 23:00:00,5,3,2
2017-06-02 00:00:00,3,1,2
2017-06-02 01:00:00,0,0,0
2017-06-02 02:00:00,1,1,0
2017-06-02 03:00:00,0,0,0
2017-06-02 04:00:00,0,0,0
2017-06-02 05:00:00,24,12,12
2017-06-02 06:00:00,74,47,27
2017-06-02 07:00:00,144,68,76
2017-06-02 08:00:00,120,47,73
2017-06-02 09:00:00,103,53,50
2017-06-02 10:00:00,145,65,80
2017-06-02 11:00:00,135,72,63
2017-06-02 12:00:00,253,126,127
2017-06-02 13:00:00,176,84,92
2017-06-02 14:00:00,174,82,92
2017-06-02 15:00:00,181,99,82
2017-06-02 16:00:00,223,103,120
2017-06-02 17:00:00,215,124,91
2017-06-02 18:00:00,197,100,97
2017-06-02 19:00:00,243,124,119
2017-06-02 20:00:00,260,110,150
2017-06-02 21:00:00,106,37,69
2017-06-02 22:00:00,16,4,12
2017-06-02 23:00:00,6,3,3
2017-06-03 00:00:00,3,0,3
2017-06-03 01:00:00,5,3,2
2017-06-03 02:00:00,3,1,2
2017-06-03 03:00:00,0,0,0
2017-06-03 04:00:00,1,0,1
2017-06-03 05:00:00,10,4,6
2017-06-03 06:00:00,53,24,29
2017-06-03 07:00:00,95,48,47
2017-06-03 08:00:00,148,79,69
2017-06-03 09:00:00,194,101,93
2017-06-03 10:00:00,193,84,109
2017-06-03 11:00:00,198,87,111
2017-06-03 12:00:00,198,89,109
2017-06-03 13:00:00,170,80,90
2017-06-03 14:00:00,172,70,102
2017-06-03 15:00:00,178,79,99
2017-06-03 16:00:00,235,129,106
2017-06-03 17:00:00,272,139,133
2017-06-03 18:00:00,242,118,124
2017-06-03 19:00:00,215,99,116
2017-06-03 20:00:00,176,71,105
2017-06-03 21:00:00,83,31,52
2017-06-03 22:00:00,23,5,18
2017-06-03 23:00:00,9,4,5
2017-06-04 00:00:00,5,4,1
2017-06-04 01:00:00,7,0,7
2017-06-04 02:00:00,5,4,1
2017-06-04 03:00:00,0,0,0
2017-06-04 04:00:00,1,1,0
2017-06-04 05:00:00,11,8,3
2017-06-04 06:00:00,49,27,22
2017-06-04 07:00:00,87,46,41
2017-06-04 08:00:00,158,80,78
2017-06-04 09:00:00,187,95,92
2017-06-04 10:00:00,209,96,113
2017-06-04 11:00:00,176,81,95
2017-06-04 12:00:00,243,116,127
2017-06-04 13:00:00,219,104,115
2017-06-04 14:00:00,225,105,120
2017-06-04 15:00:00,267,122,145
2017-06-04 16:00:00,310,135,175
2017-06-04 17:00:00,257,118,139
2017-06-04 18:00:00,185,76,109
2017-06-04 19:00:00,175,67,108
2017-06-04 20:00:00,167,66,101
2017-06-04 21:00:00,93,32,61
2017-06-04 22:00:00,13,3,10
2017-06-04 23:00:00,2,1,1
2017-06-05 00:00:00,1,1,0
2017-06-05 01:00:00,1,0,1
2017-06-05 02:00:00,1,1,0
2017-06-05 03:00:00,2,2,0
2017-06-05 04:00:00,0,0,0
2017-06-05 05:00:00,47,32,15
2017-06-05 06:00:00,133,67,66
2017-06-05 07:00:00,158,76,82
2017-06-05 08:00:00,128,62,66
2017-06-05 09:00:00,127,62,65
2017-06-05 10:00:00,136,68,68
2017-06-05 11:00:00,211,105,106
2017-06-05 12:00:00,463,252,211
2017-06-05 13:00:00,252,108,144
2017-06-05 14:00:00,166,82,84
2017-06-05 15:00:00,207,104,103
2017-06-05 16:00:00,243,124,119
2017-06-05 17:00:00,301,172,129
2017-06-05 18:00:00,385,187,198
2017-06-05 19:00:00,295,142,153
2017-06-05 20:00:00,242,108,134
2017-06-05 21:00:00,95,40,55
2017-06-05 22:00:00,24,7,17
2017-06-05 23:00:00,4,2,2
2017-06-06 00:00:00,1,1,0
2017-06-06 01:00:00,3,1,2
2017-06-06 02:00:00,0,0,0
2017-06-06 03:00:00,1,0,1
2017-06-06 04:00:00,3,1,2
2017-06-06 05:00:00,43,24,19
2017-06-06 06:00:00,219,121,98
2017-06-06 07:00:00,476,181,295
2017-06-06 08:00:00,181,73,108
2017-06-06 09:00:00,116,49,67
2017-06-06 10:00:00,166,83,83
2017-06-06 11:00:00,218,125,93
2017-06-06 12:00:00,450,232,218
2017-06-06 13:00:00,287,136,151
2017-06-06 14:00:00,199,90,109
2017-06-06 15:00:00,182,81,101
2017-06-06 16:00:00,228,134,94
2017-06-06 17:00:00,336,187,149
2017-06-06 18:00:00,344,196,148
2017-06-06 19:00:00,342,163,179
2017-06-06 20:00:00,278,138,140
2017-06-06 21:00:00,142,42,100
2017-06-06 22:00:00,18,8,10
2017-06-06 23:00:00,4,2,2
2017-06-07 00:00:00,6,4,2
2017-06-07 01:00:00,0,0,0
2017-06-07 02:00:00,1,0,1
2017-06-07 03:00:00,2,2,0
2017-06-07 04:00:00,2,1,1
2017-06-07 05:00:00,50,30,20
2017-06-07 06:00:00,184,95,89
2017-06-07 07:00:00,215,99,116
2017-06-07 08:00:00,175,86,89
2017-06-07 09:00:00,137,44,93
2017-06-07 10:00:00,148,72,76
2017-06-07 11:00:00,192,100,92
2017-06-07 12:00:00,383,201,182
2017-06-07 13:00:00,274,129,145
2017-06-07 14:00:00,176,71,105
2017-06-07 15:00:00,160,84,76
2017-06-07 16:00:00,200,101,99
2017-06-07 17:00:00,283,161,122
2017-06-07 18:00:00,236,133,103
2017-06-07 19:00:00,248,113,135
2017-06-07 20:00:00,143,64,79
2017-06-07 21:00:00,58,20,38
2017-06-07 22:00:00,14,9,5
2017-06-07 23:00:00,4,2,2
2017-06-08 00:00:00,1,0,1
2017-06-08 01:00:00,0,0,0
2017-06-08 02:00:00,1,1,0
2017-06-08 03:00:00,0,0,0
2017-06-08 04:00:00,3,1,2
2017-06-08 05:00:00,10,5,5
2017-06-08 06:00:00,76,42,34
2017-06-08 07:00:00,81,36,45
2017-06-08 08:00:00,51,27,24
2017-06-08 09:00:00,51,28,23
2017-06-08 10:00:00,37,13,24
2017-06-08 11:00:00,73,43,30
2017-06-08 12:00:00,203,98,105
2017-06-08 13:00:00,166,67,99
2017-06-08 14:00:00,119,60,59
2017-06-08 15:00:00,113,51,62
2017-06-08 16:00:00,154,69,85
2017-06-08 17:00:00,206,91,115
2017-06-08 18:00:00,203,102,101
2017-06-08 19:00:00,152,72,80
2017-06-08 20:00:00,206,98,108
2017-06-08 21:00:00,89,21,68
2017-06-08 22:00:00,4,0,4
2017-06-08 23:00:00,7,4,3
2017-06-09 00:00:00,3,2,1
2017-06-09 01:00:00,3,0,3
2017-06-09 02:00:00,0,0,0
2017-06-09 03:00:00,0,0,0
2017-06-09 04:00:00,4,3,1
2017-06-09 05:00:00,27,12,15
2017-06-09 06:00:00,89,50,39
2017-06-09 07:00:00,171,86,85
2017-06-09 08:00:00,132,60,72
2017-06-09 09:00:00,131,58,73
2017-06-09 10:00:00,138,54,84
2017-06-09 11:00:00,143,74,69
2017-06-09 12:00:00,285,148,137
2017-06-09 13:00:00,182,83,99
2017-06-09 14:00:00,114,52,62
2017-06-09 15:00:00,100,49,51
2017-06-09 16:00:00,173,80,93
2017-06-09 17:00:00,200,98,102
2017-06-09 18:00:00,117,59,58
2017-06-09 19:00:00,119,62,57
2017-06-09 20:00:00,74,34,40
2017-06-09 21:00:00,53,24,29
2017-06-09 22:00:00,12,7,5
2017-06-09 23:00:00,8,4,4
2017-06-10 00:00:00,0,0,0
2017-06-10 01:00:00,2,2,0
2017-06-10 02:00:00,5,5,0
2017-06-10 03:00:00,0,0,0
2017-06-10 04:00:00,3,2,1
2017-06-10 05:00:00,14,7,7
2017-06-10 06:00:00,44,24,20
2017-06-10 07:00:00,115,57,58
2017-06-10 08:00:00,177,88,89
2017-06-10 09:00:00,257,121,136
2017-06-10 10:00:00,294,148,146
2017-06-10 11:00:00,281,114,167
2017-06-10 12:00:00,302,135,167
2017-06-10 13:00:00,246,105,141
2017-06-10 14:00:00,289,147,142
2017-06-10 15:00:00,313,140,173
2017-06-10 16:00:00,267,122,145
2017-06-10 17:00:00,275,138,137
2017-06-10 18:00:00,253,112,141
2017-06-10 19:00:00,224,92,132
2017-06-10 20:00:00,162,65,97
2017-06-10 21:00:00,77,25,52
2017-06-10 22:00:00,14,7,7
2017-06-10 23:00:00,13,10,3
2017-06-11 00:00:00,6,4,2
2017-06-11 01:00:00,4,3,1
2017-06-11 02:00:00,6,5,1
2017-06-11 03:00:00,0,0,0
2017-06-11 04:00:00,19,9,10
2017-06-11 05:00:00,70,61,9
2017-06-11 06:00:00,95,20,75
2017-06-11 07:00:00,105,54,51
2017-06-11 08:00:00,155,81,74
2017-06-11 09:00:00,176,84,92
2017-06-11 10:00:00,236,109,127
2017-06-11 11:00:00,244,110,134
2017-06-11 12:00:00,267,114,153
2017-06-11 13:00:00,244,138,106
2017-06-11 14:00:00,288,122,166
2017-06-11 15:00:00,377,182,195
2017-06-11 16:00:00,394,213,181
2017-06-11 17:00:00,313,150,163
2017-06-11 18:00:00,208,88,120
2017-06-11 19:00:00,208,110,98
2017-06-11 20:00:00,221,99,122
2017-06-11 21:00:00,82,24,58
2017-06-11 22:00:00,11,5,6
2017-06-11 23:00:00,2,1,1
2017-06-12 00:00:00,6,4,2
2017-06-12 01:00:00,0,0,0
2017-06-12 02:00:00,2,2,0
2017-06-12 03:00:00,1,1,0
2017-06-12 04:00:00,2,1,1
2017-06-12 05:00:00,23,19,4
2017-06-12 06:00:00,114,57,57
2017-06-12 07:00:00,161,78,83
2017-06-12 08:00:00,103,52,51
2017-06-12 09:00:00,79,39,40
2017-06-12 10:00:00,104,41,63
2017-06-12 11:00:00,111,59,52
2017-06-12 12:00:00,267,128,139
2017-06-12 13:00:00,187,93,94
2017-06-12 14:00:00,124,55,69
2017-06-12 15:00:00,122,56,66
2017-06-12 16:00:00,173,77,96
2017-06-12 17:00:00,161,99,62
2017-06-12 18:00:00,234,112,122
2017-06-12 19:00:00,144,70,74
2017-06-12 20:00:00,84,33,51
2017-06-12 21:00:00,39,21,18
2017-06-12 22:00:00,17,6,11
2017-06-12 23:00:00,2,1,1
2017-06-13 00:00:00,1,1,0
2017-06-13 01:00:00,1,0,1
2017-06-13 02:00:00,0,0,0
2017-06-13 03:00:00,4,3,1
2017-06-13 04:00:00,8,3,5
2017-06-13 05:00:00,27,12,15
2017-06-13 06:00:00,135,76,59
2017-06-13 07:00:00,161,74,87
2017-06-13 08:00:00,127,62,65
2017-06-13 09:00:00,96,40,56
2017-06-13 10:00:00,106,51,55
2017-06-13 11:00:00,138,71,67
2017-06-13 12:00:00,270,142,128
2017-06-13 13:00:00,158,64,94
2017-06-13 14:00:00,126,60,66
2017-06-13 15:00:00,168,77,91
2017-06-13 16:00:00,189,87,102
2017-06-13 17:00:00,215,116,99
2017-06-13 18:00:00,241,124,117
2017-06-13 19:00:00,239,110,129
2017-06-13 20:00:00,185,76,109
2017-06-13 21:00:00,56,18,38
2017-06-13 22:00:00,11,3,8
2017-06-13 23:00:00,5,4,1
2017-06-14 00:00:00,2,1,1
2017-06-14 01:00:00,1,1,0
2017-06-14 02:00:00,0,0,0
2017-06-14 03:00:00,1,1,0
2017-06-14 04:00:00,5,2,3
2017-06-14 05:00:00,36,24,12
2017-06-14 06:00:00,158,81,77
2017-06-14 07:00:00,203,94,109
2017-06-14 08:00:00,141,55,86
2017-06-14 09:00:00,115,54,61
2017-06-14 10:00:00,155,70,85
2017-06-14 11:00:00,163,79,84
2017-06-14 12:00:00,318,147,171
2017-06-14 13:00:00,170,80,90
2017-06-14 14:00:00,145,73,72
2017-06-14 15:00:00,148,69,79
2017-06-14 16:00:00,149,75,74
2017-06-14 17:00:00,273,162,111
2017-06-14 18:00:00,273,150,123
2017-06-14 19:00:00,259,109,150
2017-06-14 20:00:00,170,83,87
2017-06-14 21:00:00,86,34,52
2017-06-14 22:00:00,21,10,11
2017-06-14 23:00:00,5,3,2
2017-06-15 00:00:00,3,2,1
2017-06-15 01:00:00,0,0,0
2017-06-15 02:00:00,1,1,0
2017-06-15 03:00:00,1,0,1
2017-06-15 04:00:00,4,0,4
2017-06-15 05:00:00,20,12,8
2017-06-15 06:00:00,84,44,40
2017-06-15 07:00:00,113,53,60
2017-06-15 08:00:00,94,48,46
2017-06-15 09:00:00,61,24,37
2017-06-15 10:00:00,39,17,22
2017-06-15 11:00:00,63,31,32
2017-06-15 12:00:00,104,57,47
2017-06-15 13:00:00,48,18,30
2017-06-15 14:00:00,32,13,19
2017-06-15 15:00:00,41,22,19
2017-06-15 16:00:00,67,26,41
2017-06-15 17:00:00,79,47,32
2017-06-15 18:00:00,77,40,37
2017-06-15 19:00:00,28,18,10
2017-06-15 20:00:00,28,11,17
2017-06-15 21:00:00,4,3,1
2017-06-15 22:00:00,0,0,0
2017-06-15 23:00:00,5,4,1
2017-06-16 00:00:00,2,1,1
2017-06-16 01:00:00,3,1,2
2017-06-16 02:00:00,0,0,0
2017-06-16 03:00:00,0,0,0
2017-06-16 04:00:00,7,2,5
2017-06-16 05:00:00,27,17,10
2017-06-16 06:00:00,113,60,53
2017-06-16 07:00:00,164,78,86
2017-06-16 08:00:00,124,55,69
2017-06-16 09:00:00,124,46,78
2017-06-16 10:00:00,158,84,74
2017-06-16 11:00:00,182,92,90
2017-06-16 12:00:00,282,149,133
2017-06-16 13:00:00,192,87,105
2017-06-16 14:00:00,179,93,86
2017-06-16 15:00:00,207,102,105
2017-06-16 16:00:00,178,81,97
2017-06-16 17:00:00,238,118,120
2017-06-16 18:00:00,209,98,111
2017-06-16 19:00:00,172,78,94
2017-06-16 20:00:00,137,59,78
2017-06-16 21:00:00,111,46,65
2017-06-16 22:00:00,27,11,16
2017-06-16 23:00:00,1,1,0
2017-06-17 00:00:00,5,4,1
2017-06-17 01:00:00,3,1,2
2017-06-17 02:00:00,3,0,3
2017-06-17 03:00:00,0,0,0
2017-06-17 04:00:00,1,0,1
2017-06-17 05:00:00,11,7,4
2017-06-17 06:00:00,68,38,30
2017-06-17 07:00:00,114,58,56
2017-06-17 08:00:00,142,78,64
2017-06-17 09:00:00,234,106,128
2017-06-17 10:00:00,242,119,123
2017-06-17 11:00:00,206,94,112
2017-06-17 12:00:00,187,81,106
2017-06-17 13:00:00,156,75,81
2017-06-17 14:00:00,177,65,112
2017-06-17 15:00:00,168,79,89
2017-06-17 16:00:00,88,32,56
2017-06-17 17:00:00,106,45,61
2017-06-17 18:00:00,70,36,34
2017-06-17 19:00:00,68,31,37
2017-06-17 20:00:00,77,34,43
2017-06-17 21:00:00,46,20,26
2017-06-17 22:00:00,27,6,21
2017-06-17 23:00:00,3,2,1
2017-06-18 00:00:00,2,0,2
2017-06-18 01:00:00,0,0,0
2017-06-18 02:00:00,4,1,3
2017-06-18 03:00:00,0,0,0
2017-06-18 04:00:00,4,1,3
2017-06-18 05:00:00,13,7,6
2017-06-18 06:00:00,53,33,20
2017-06-18 07:00:00,67,31,36
2017-06-18 08:00:00,119,59,60
2017-06-18 09:00:00,155,78,77
2017-06-18 10:00:00,163,79,84
2017-06-18 11:00:00,162,75,87
2017-06-18 12:00:00,170,89,81
2017-06-18 13:00:00,166,71,95
2017-06-18 14:00:00,186,71,115
2017-06-18 15:00:00,214,100,114
2017-06-18 16:00:00,213,99,114
2017-06-18 17:00:00,175,83,92
2017-06-18 18:00:00,169,63,106
2017-06-18 19:00:00,174,78,96
2017-06-18 20:00:00,146,62,84
2017-06-18 21:00:00,93,41,52
2017-06-18 22:00:00,18,7,11
2017-06-18 23:00:00,5,3,2
2017-06-19 00:00:00,1,0,1
2017-06-19 01:00:00,0,0,0
2017-06-19 02:00:00,1,1,0
2017-06-19 03:00:00,1,0,1
2017-06-19 04:00:00,4,1,3
2017-06-19 05:00:00,30,16,14
2017-06-19 06:00:00,81,42,39
2017-06-19 07:00:00,140,63,77
2017-06-19 08:00:00,125,65,60
2017-06-19 09:00:00,116,53,63
2017-06-19 10:00:00,114,61,53
2017-06-19 11:00:00,198,94,104
2017-06-19 12:00:00,355,172,183
2017-06-19 13:00:00,218,109,109
2017-06-19 14:00:00,183,85,98
2017-06-19 15:00:00,162,72,90
2017-06-19 16:00:00,177,85,92
2017-06-19 17:00:00,208,134,74
2017-06-19 18:00:00,223,114,109
2017-06-19 19:00:00,256,132,124
2017-06-19 20:00:00,187,79,108
2017-06-19 21:00:00,116,51,65
2017-06-19 22:00:00,20,5,15
2017-06-19 23:00:00,3,2,1
2017-06-20 00:00:00,1,1,0
2017-06-20 01:00:00,1,0,1
2017-06-20 02:00:00,0,0,0
2017-06-20 03:00:00,1,1,0
2017-06-20 04:00:00,4,2,2
2017-06-20 05:00:00,58,35,23
2017-06-20 06:00:00,209,102,107
2017-06-20 07:00:00,174,83,91
2017-06-20 08:00:00,128,65,63
2017-06-20 09:00:00,99,44,55
2017-06-20 10:00:00,92,39,53
2017-06-20 11:00:00,145,69,76
2017-06-20 12:00:00,281,138,143
2017-06-20 13:00:00,172,84,88
2017-06-20 14:00:00,129,62,67
2017-06-20 15:00:00,123,61,62
2017-06-20 16:00:00,153,76,77
2017-06-20 17:00:00,207,113,94
2017-06-20 18:00:00,181,88,93
2017-06-20 19:00:00,148,72,76
2017-06-20 20:00:00,118,50,68
2017-06-20 21:00:00,54,28,26
2017-06-20 22:00:00,15,7,8
2017-06-20 23:00:00,3,0,3
2017-06-21 00:00:00,2,2,0
2017-06-21 01:00:00,9,7,2
2017-06-21 02:00:00,0,0,0
2017-06-21 03:00:00,2,1,1
2017-06-21 04:00:00,2,2,0
2017-06-21 05:00:00,43,25,18
2017-06-21 06:00:00,239,117,122
2017-06-21 07:00:00,188,90,98
2017-06-21 08:00:00,112,41,71
2017-06-21 09:00:00,107,61,46
2017-06-21 10:00:00,121,58,63
2017-06-21 11:00:00,189,81,108
2017-06-21 12:00:00,380,190,190
2017-06-21 13:00:00,213,99,114
2017-06-21 14:00:00,183,90,93
2017-06-21 15:00:00,184,78,106
2017-06-21 16:00:00,225,128,97
2017-06-21 17:00:00,271,140,131
2017-06-21 18:00:00,323,164,159
2017-06-21 19:00:00,348,176,172
2017-06-21 20:00:00,271,118,153
2017-06-21 21:00:00,170,55,115
2017-06-21 22:00:00,37,18,19
2017-06-21 23:00:00,4,2,2
2017-06-22 00:00:00,3,0,3
2017-06-22 01:00:00,1,1,0
2017-06-22 02:00:00,1,0,1
2017-06-22 03:00:00,0,0,0
2017-06-22 04:00:00,6,3,3
2017-06-22 05:00:00,41,30,11
2017-06-22 06:00:00,202,109,93
2017-06-22 07:00:00,212,102,110
2017-06-22 08:00:00,146,67,79
2017-06-22 09:00:00,141,60,81
2017-06-22 10:00:00,171,85,86
2017-06-22 11:00:00,250,129,121
2017-06-22 12:00:00,437,219,218
2017-06-22 13:00:00,236,103,133
2017-06-22 14:00:00,245,122,123
2017-06-22 15:00:00,212,109,103
2017-06-22 16:00:00,266,128,138
2017-06-22 17:00:00,305,167,138
2017-06-22 18:00:00,332,181,151
2017-06-22 19:00:00,290,133,157
2017-06-22 20:00:00,268,127,141
2017-06-22 21:00:00,162,59,103
2017-06-22 22:00:00,32,14,18
2017-06-22 23:00:00,7,1,6
2017-06-23 00:00:00,7,3,4
2017-06-23 01:00:00,1,1,0
2017-06-23 02:00:00,1,0,1
2017-06-23 03:00:00,2,2,0
2017-06-23 04:00:00,5,3,2
2017-06-23 05:00:00,40,23,17
2017-06-23 06:00:00,152,86,66
2017-06-23 07:00:00,212,90,122
2017-06-23 08:00:00,159,70,89
2017-06-23 09:00:00,171,78,93
2017-06-23 10:00:00,182,86,96
2017-06-23 11:00:00,227,104,123
2017-06-23 12:00:00,367,189,178
2017-06-23 13:00:00,255,120,135
2017-06-23 14:00:00,207,89,118
2017-06-23 15:00:00,208,101,107
2017-06-23 16:00:00,250,132,118
2017-06-23 17:00:00,267,136,131
2017-06-23 18:00:00,247,130,117
2017-06-23 19:00:00,241,126,115
2017-06-23 20:00:00,223,96,127
2017-06-23 21:00:00,204,71,133
2017-06-23 22:00:00,42,20,22
2017-06-23 23:00:00,12,2,10
2017-06-24 00:00:00,5,3,2
2017-06-24 01:00:00,7,2,5
2017-06-24 02:00:00,1,1,0
2017-06-24 03:00:00,0,0,0
2017-06-24 04:00:00,0,0,0
2017-06-24 05:00:00,20,7,13
2017-06-24 06:00:00,70,40,30
2017-06-24 07:00:00,151,79,72
2017-06-24 08:00:00,228,111,117
2017-06-24 09:00:00,284,116,168
2017-06-24 10:00:00,446,217,229
2017-06-24 11:00:00,266,120,146
2017-06-24 12:00:00,229,86,143
2017-06-24 13:00:00,228,120,108
2017-06-24 14:00:00,285,116,169
2017-06-24 15:00:00,260,122,138
2017-06-24 16:00:00,224,110,114
2017-06-24 17:00:00,227,111,116
2017-06-24 18:00:00,207,95,112
2017-06-24 19:00:00,207,90,117
2017-06-24 20:00:00,220,114,106
2017-06-24 21:00:00,158,54,104
2017-06-24 22:00:00,50,18,32
2017-06-24 23:00:00,27,16,11
2017-06-25 00:00:00,7,5,2
2017-06-25 01:00:00,4,4,0
2017-06-25 02:00:00,3,3,0
2017-06-25 03:00:00,5,1,4
2017-06-25 04:00:00,3,2,1
2017-06-25 05:00:00,14,11,3
2017-06-25 06:00:00,54,27,27
2017-06-25 07:00:00,135,78,57
2017-06-25 08:00:00,251,112,139
2017-06-25 09:00:00,319,155,164
2017-06-25 10:00:00,256,113,143
2017-06-25 11:00:00,201,77,124
2017-06-25 12:00:00,178,83,95
2017-06-25 13:00:00,144,68,76
2017-06-25 14:00:00,160,84,76
2017-06-25 15:00:00,222,108,114
2017-06-25 16:00:00,219,111,108
2017-06-25 17:00:00,161,74,87
2017-06-25 18:00:00,197,88,109
2017-06-25 19:00:00,218,109,109
2017-06-25 20:00:00,258,133,125
2017-06-25 21:00:00,161,51,110
2017-06-25 22:00:00,43,12,31
2017-06-25 23:00:00,9,4,5
2017-06-26 00:00:00,3,1,2
2017-06-26 01:00:00,3,2,1
2017-06-26 02:00:00,1,1,0
2017-06-26 03:00:00,0,0,0
2017-06-26 04:00:00,3,1,2
2017-06-26 05:00:00,21,13,8
2017-06-26 06:00:00,123,63,60
2017-06-26 07:00:00,158,72,86
2017-06-26 08:00:00,130,51,79
2017-06-26 09:00:00,94,46,48
2017-06-26 10:00:00,97,60,37
2017-06-26 11:00:00,159,82,77
2017-06-26 12:00:00,362,178,184
2017-06-26 13:00:00,198,94,104
2017-06-26 14:00:00,160,74,86
2017-06-26 15:00:00,183,93,90
2017-06-26 16:00:00,194,89,105
2017-06-26 17:00:00,230,138,92
2017-06-26 18:00:00,286,152,134
2017-06-26 19:00:00,305,143,162
2017-06-26 20:00:00,289,137,152
2017-06-26 21:00:00,167,59,108
2017-06-26 22:00:00,35,13,22
2017-06-26 23:00:00,9,5,4
2017-06-27 00:00:00,3,1,2
2017-06-27 01:00:00,1,1,0
2017-06-27 02:00:00,0,0,0
2017-06-27 03:00:00,0,0,0
2017-06-27 04:00:00,8,5,3
2017-06-27 05:00:00,46,26,20
2017-06-27 06:00:00,178,99,79
2017-06-27 07:00:00,211,99,112
2017-06-27 08:00:00,147,65,82
2017-06-27 09:00:00,85,29,56
2017-06-27 10:00:00,118,58,60
2017-06-27 11:00:00,154,68,86
2017-06-27 12:00:00,297,161,136
2017-06-27 13:00:00,185,83,102
2017-06-27 14:00:00,198,104,94
2017-06-27 15:00:00,197,87,110
2017-06-27 16:00:00,227,116,111
2017-06-27 17:00:00,254,147,107
2017-06-27 18:00:00,327,172,155
2017-06-27 19:00:00,354,172,182
2017-06-27 20:00:00,263,129,134
2017-06-27 21:00:00,149,64,85
2017-06-27 22:00:00,37,13,24
2017-06-27 23:00:00,7,5,2
2017-06-28 00:00:00,6,4,2
2017-06-28 01:00:00,2,1,1
2017-06-28 02:00:00,1,0,1
2017-06-28 03:00:00,4,2,2
2017-06-28 04:00:00,6,2,4
2017-06-28 05:00:00,47,29,18
2017-06-28 06:00:00,209,108,101
2017-06-28 07:00:00,196,94,102
2017-06-28 08:00:00,131,47,84
2017-06-28 09:00:00,119,62,57
2017-06-28 10:00:00,102,62,40
2017-06-28 11:00:00,127,58,69
2017-06-28 12:00:00,279,143,136
2017-06-28 13:00:00,179,94,85
2017-06-28 14:00:00,169,81,88
2017-06-28 15:00:00,166,67,99
2017-06-28 16:00:00,178,95,83
2017-06-28 17:00:00,270,158,112
2017-06-28 18:00:00,304,136,168
2017-06-28 19:00:00,281,141,140
2017-06-28 20:00:00,227,108,119
2017-06-28 21:00:00,137,57,80
2017-06-28 22:00:00,28,9,19
2017-06-28 23:00:00,6,5,1
2017-06-29 00:00:00,5,1,4
2017-06-29 01:00:00,0,0,0
2017-06-29 02:00:00,0,0,0
2017-06-29 03:00:00,1,0,1
2017-06-29 04:00:00,2,0,2
2017-06-29 05:00:00,27,17,10
2017-06-29 06:00:00,156,85,71
2017-06-29 07:00:00,198,97,101
2017-06-29 08:00:00,193,103,90
2017-06-29 09:00:00,153,66,87
2017-06-29 10:00:00,168,68,100
2017-06-29 11:00:00,176,86,90
2017-06-29 12:00:00,369,194,175
2017-06-29 13:00:00,281,128,153
2017-06-29 14:00:00,236,125,111
2017-06-29 15:00:00,217,104,113
2017-06-29 16:00:00,229,109,120
2017-06-29 17:00:00,287,143,144
2017-06-29 18:00:00,283,153,130
2017-06-29 19:00:00,332,153,179
2017-06-29 20:00:00,269,134,135
2017-06-29 21:00:00,172,63,109
2017-06-29 22:00:00,40,15,25
2017-06-29 23:00:00,13,5,8
2017-06-30 00:00:00,4,1,3
2017-06-30 01:00:00,1,1,0
2017-06-30 02:00:00,1,1,0
2017-06-30 03:00:00,1,1,0
2017-06-30 04:00:00,4,1,3
2017-06-30 05:00:00,27,17,10
2017-06-30 06:00:00,126,71,55
2017-06-30 07:00:00,161,78,83
2017-06-30 08:00:00,157,64,93
2017-06-30 09:00:00,160,77,83
2017-06-30 10:00:00,155,71,84
2017-06-30 11:00:00,242,115,127
2017-06-30 12:00:00,347,168,179
2017-06-30 13:00:00,269,123,146
2017-06-30 14:00:00,217,97,120
2017-06-30 15:00:00,220,104,116
2017-06-30 16:00:00,200,110,90
2017-06-30 17:00:00,232,122,110
2017-06-30 18:00:00,219,103,116
2017-06-30 19:00:00,212,108,104
2017-06-30 20:00:00,221,105,116
2017-06-30 21:00:00,193,70,123
2017-06-30 22:00:00,70,27,43
2017-06-30 23:00:00,4,1,3
2017-07-01 00:00:00,3,0,3
2017-07-01 01:00:00,9,4,5
2017-07-01 02:00:00,5,2,3
2017-07-01 03:00:00,7,4,3
2017-07-01 04:00:00,1,0,1
2017-07-01 05:00:00,8,6,2
2017-07-01 06:00:00,49,25,24
2017-07-01 07:00:00,96,51,45
2017-07-01 08:00:00,131,71,60
2017-07-01 09:00:00,201,98,103
2017-07-01 10:00:00,199,85,114
2017-07-01 11:00:00,226,102,124
2017-07-01 12:00:00,152,70,82
2017-07-01 13:00:00,169,60,109
2017-07-01 14:00:00,202,98,104
2017-07-01 15:00:00,246,112,134
2017-07-01 16:00:00,294,125,169
2017-07-01 17:00:00,279,114,165
2017-07-01 18:00:00,224,112,112
2017-07-01 19:00:00,211,95,116
2017-07-01 20:00:00,197,91,106
2017-07-01 21:00:00,151,54,97
2017-07-01 22:00:00,29,9,20
2017-07-01 23:00:00,10,5,5
2017-07-02 00:00:00,2,1,1
2017-07-02 01:00:00,4,4,0
2017-07-02 02:00:00,2,2,0
2017-07-02 03:00:00,1,0,1
2017-07-02 04:00:00,3,3,0
2017-07-02 05:00:00,14,9,5
2017-07-02 06:00:00,44,21,23
2017-07-02 07:00:00,90,59,31
2017-07-02 08:00:00,132,67,65
2017-07-02 09:00:00,167,68,99
2017-07-02 10:00:00,156,77,79
2017-07-02 11:00:00,230,111,119
2017-07-02 12:00:00,287,135,152
2017-07-02 13:00:00,282,134,148
2017-07-02 14:00:00,310,137,173
2017-07-02 15:00:00,346,166,180
2017-07-02 16:00:00,333,161,172
2017-07-02 17:00:00,291,132,159
2017-07-02 18:00:00,266,115,151
2017-07-02 19:00:00,247,113,134
2017-07-02 20:00:00,228,102,126
2017-07-02 21:00:00,132,40,92
2017-07-02 22:00:00,42,9,33
2017-07-02 23:00:00,14,5,9
2017-07-03 00:00:00,14,3,11
2017-07-03 01:00:00,3,3,0
2017-07-03 02:00:00,2,1,1
2017-07-03 03:00:00,4,3,1
2017-07-03 04:00:00,2,0,2
2017-07-03 05:00:00,18,10,8
2017-07-03 06:00:00,57,28,29
2017-07-03 07:00:00,108,55,53
2017-07-03 08:00:00,123,64,59
2017-07-03 09:00:00,139,65,74
2017-07-03 10:00:00,114,64,50
2017-07-03 11:00:00,145,60,85
2017-07-03 12:00:00,226,119,107
2017-07-03 13:00:00,185,77,108
2017-07-03 14:00:00,199,96,103
2017-07-03 15:00:00,218,97,121
2017-07-03 16:00:00,210,101,109
2017-07-03 17:00:00,280,136,144
2017-07-03 18:00:00,255,107,148
2017-07-03 19:00:00,213,102,111
2017-07-03 20:00:00,193,90,103
2017-07-03 21:00:00,117,36,81
2017-07-03 22:00:00,21,10,11
2017-07-03 23:00:00,13,7,6
2017-07-04 00:00:00,7,2,5
2017-07-04 01:00:00,2,1,1
2017-07-04 02:00:00,0,0,0
2017-07-04 03:00:00,4,3,1
2017-07-04 04:00:00,1,1,0
2017-07-04 05:00:00,11,6,5
2017-07-04 06:00:00,45,24,21
2017-07-04 07:00:00,118,73,45
2017-07-04 08:00:00,190,80,110
2017-07-04 09:00:00,288,160,128
2017-07-04 10:00:00,296,138,158
2017-07-04 11:00:00,313,141,172
2017-07-04 12:00:00,292,140,152
2017-07-04 13:00:00,276,130,146
2017-07-04 14:00:00,316,152,164
2017-07-04 15:00:00,317,165,152
2017-07-04 16:00:00,269,120,149
2017-07-04 17:00:00,225,112,113
2017-07-04 18:00:00,230,117,113
2017-07-04 19:00:00,223,113,110
2017-07-04 20:00:00,195,75,120
2017-07-04 21:00:00,93,30,63
2017-07-04 22:00:00,32,9,23
2017-07-04 23:00:00,12,6,6
2017-07-05 00:00:00,5,3,2
2017-07-05 01:00:00,2,1,1
2017-07-05 02:00:00,1,0,1
2017-07-05 03:00:00,4,2,2
2017-07-05 04:00:00,3,2,1
2017-07-05 05:00:00,17,10,7
2017-07-05 06:00:00,117,66,51
2017-07-05 07:00:00,123,54,69
2017-07-05 08:00:00,126,49,77
2017-07-05 09:00:00,136,63,73
2017-07-05 10:00:00,146,62,84
2017-07-05 11:00:00,170,84,86
2017-07-05 12:00:00,375,181,194
2017-07-05 13:00:00,247,103,144
2017-07-05 14:00:00,181,87,94
2017-07-05 15:00:00,156,71,85
2017-07-05 16:00:00,208,103,105
2017-07-05 17:00:00,286,159,127
2017-07-05 18:00:00,299,167,132
2017-07-05 19:00:00,334,163,171
2017-07-05 20:00:00,288,146,142
2017-07-05 21:00:00,172,61,111
2017-07-05 22:00:00,43,10,33
2017-07-05 23:00:00,14,7,7
2017-07-06 00:00:00,4,2,2
2017-07-06 01:00:00,1,0,1
2017-07-06 02:00:00,2,0,2
2017-07-06 03:00:00,4,1,3
2017-07-06 04:00:00,8,4,4
2017-07-06 05:00:00,22,14,8
2017-07-06 06:00:00,128,66,62
2017-07-06 07:00:00,183,84,99
2017-07-06 08:00:00,146,71,75
2017-07-06 09:00:00,143,59,84
2017-07-06 10:00:00,163,81,82
2017-07-06 11:00:00,209,111,98
2017-07-06 12:00:00,394,196,198
2017-07-06 13:00:00,246,109,137
2017-07-06 14:00:00,217,102,115
2017-07-06 15:00:00,162,78,84
2017-07-06 16:00:00,200,97,103
2017-07-06 17:00:00,255,162,93
2017-07-06 18:00:00,270,147,123
2017-07-06 19:00:00,277,141,136
2017-07-06 20:00:00,272,133,139
2017-07-06 21:00:00,205,82,123
2017-07-06 22:00:00,39,16,23
2017-07-06 23:00:00,12,7,5
2017-07-07 00:00:00,10,6,4
2017-07-07 01:00:00,1,1,0
2017-07-07 02:00:00,3,2,1
2017-07-07 03:00:00,5,2,3
2017-07-07 04:00:00,5,2,3
2017-07-07 05:00:00,25,12,13
2017-07-07 06:00:00,103,56,47
2017-07-07 07:00:00,157,74,83
2017-07-07 08:00:00,140,56,84
2017-07-07 09:00:00,131,59,72
2017-07-07 10:00:00,163,74,89
2017-07-07 11:00:00,177,83,94
2017-07-07 12:00:00,316,161,155
2017-07-07 13:00:00,241,112,129
2017-07-07 14:00:00,167,71,96
2017-07-07 15:00:00,188,90,98
2017-07-07 16:00:00,184,90,94
2017-07-07 17:00:00,207,110,97
2017-07-07 18:00:00,233,120,113
2017-07-07 19:00:00,212,101,111
2017-07-07 20:00:00,218,103,115
2017-07-07 21:00:00,128,37,91
2017-07-07 22:00:00,23,8,15
2017-07-07 23:00:00,18,7,11
2017-07-08 00:00:00,4,4,0
2017-07-08 01:00:00,2,0,2
2017-07-08 02:00:00,0,0,0
2017-07-08 03:00:00,5,3,2
2017-07-08 04:00:00,5,1,4
2017-07-08 05:00:00,9,6,3
2017-07-08 06:00:00,75,39,36
2017-07-08 07:00:00,102,52,50
2017-07-08 08:00:00,215,108,107
2017-07-08 09:00:00,306,138,168
2017-07-08 10:00:00,286,144,142
2017-07-08 11:00:00,316,132,184
2017-07-08 12:00:00,273,115,158
2017-07-08 13:00:00,262,137,125
2017-07-08 14:00:00,246,119,127
2017-07-08 15:00:00,275,124,151
2017-07-08 16:00:00,248,119,129
2017-07-08 17:00:00,216,99,117
2017-07-08 18:00:00,243,120,123
2017-07-08 19:00:00,211,89,122
2017-07-08 20:00:00,224,123,101
2017-07-08 21:00:00,149,57,92
2017-07-08 22:00:00,37,17,20
2017-07-08 23:00:00,14,6,8
2017-07-09 00:00:00,10,4,6
2017-07-09 01:00:00,2,1,1
2017-07-09 02:00:00,6,4,2
2017-07-09 03:00:00,0,0,0
2017-07-09 04:00:00,0,0,0
2017-07-09 05:00:00,11,6,5
2017-07-09 06:00:00,44,22,22
2017-07-09 07:00:00,81,42,39
2017-07-09 08:00:00,155,76,79
2017-07-09 09:00:00,256,124,132
2017-07-09 10:00:00,269,136,133
2017-07-09 11:00:00,307,144,163
2017-07-09 12:00:00,265,113,152
2017-07-09 13:00:00,243,107,136
2017-07-09 14:00:00,257,122,135
2017-07-09 15:00:00,293,147,146
2017-07-09 16:00:00,250,121,129
2017-07-09 17:00:00,281,134,147
2017-07-09 18:00:00,254,149,105
2017-07-09 19:00:00,259,136,123
2017-07-09 20:00:00,285,131,154
2017-07-09 21:00:00,183,63,120
2017-07-09 22:00:00,40,13,27
2017-07-09 23:00:00,6,3,3
2017-07-10 00:00:00,2,1,1
2017-07-10 01:00:00,1,0,1
2017-07-10 02:00:00,3,2,1
2017-07-10 03:00:00,1,0,1
2017-07-10 04:00:00,4,3,1
2017-07-10 05:00:00,18,12,6
2017-07-10 06:00:00,121,66,55
2017-07-10 07:00:00,148,71,77
2017-07-10 08:00:00,151,67,84
2017-07-10 09:00:00,143,63,80
2017-07-10 10:00:00,119,61,58
2017-07-10 11:00:00,187,94,93
2017-07-10 12:00:00,310,167,143
2017-07-10 13:00:00,192,84,108
2017-07-10 14:00:00,120,59,61
2017-07-10 15:00:00,125,54,71
2017-07-10 16:00:00,149,71,78
2017-07-10 17:00:00,260,144,116
2017-07-10 18:00:00,254,130,124
2017-07-10 19:00:00,289,144,145
2017-07-10 20:00:00,218,104,114
2017-07-10 21:00:00,134,53,81
2017-07-10 22:00:00,21,7,14
2017-07-10 23:00:00,10,4,6
2017-07-11 00:00:00,2,1,1
2017-07-11 01:00:00,4,2,2
2017-07-11 02:00:00,2,2,0
2017-07-11 03:00:00,4,3,1
2017-07-11 04:00:00,2,1,1
2017-07-11 05:00:00,33,24,9
2017-07-11 06:00:00,151,80,71
2017-07-11 07:00:00,193,102,91
2017-07-11 08:00:00,154,68,86
2017-07-11 09:00:00,111,59,52
2017-07-11 10:00:00,112,44,68
2017-07-11 11:00:00,162,78,84
2017-07-11 12:00:00,362,191,171
2017-07-11 13:00:00,250,123,127
2017-07-11 14:00:00,205,106,99
2017-07-11 15:00:00,181,76,105
2017-07-11 16:00:00,230,109,121
2017-07-11 17:00:00,301,155,146
2017-07-11 18:00:00,354,188,166
2017-07-11 19:00:00,284,130,154
2017-07-11 20:00:00,284,145,139
2017-07-11 21:00:00,185,64,121
2017-07-11 22:00:00,16,8,8
2017-07-11 23:00:00,2,0,2
2017-07-12 00:00:00,4,3,1
2017-07-12 01:00:00,2,0,2
2017-07-12 02:00:00,6,6,0
2017-07-12 03:00:00,6,2,4
2017-07-12 04:00:00,4,2,2
2017-07-12 05:00:00,54,32,22
2017-07-12 06:00:00,200,107,93
2017-07-12 07:00:00,195,98,97
2017-07-12 08:00:00,159,79,80
2017-07-12 09:00:00,147,63,84
2017-07-12 10:00:00,115,67,48
2017-07-12 11:00:00,201,99,102
2017-07-12 12:00:00,395,221,174
2017-07-12 13:00:00,260,108,152
2017-07-12 14:00:00,192,87,105
2017-07-12 15:00:00,201,94,107
2017-07-12 16:00:00,219,95,124
2017-07-12 17:00:00,294,178,116
2017-07-12 18:00:00,287,143,144
2017-07-12 19:00:00,279,140,139
2017-07-12 20:00:00,306,142,164
2017-07-12 21:00:00,157,63,94
2017-07-12 22:00:00,32,10,22
2017-07-12 23:00:00,11,4,7
2017-07-13 00:00:00,6,3,3
2017-07-13 01:00:00,0,0,0
2017-07-13 02:00:00,1,1,0
2017-07-13 03:00:00,5,1,4
2017-07-13 04:00:00,7,3,4
2017-07-13 05:00:00,37,25,12
2017-07-13 06:00:00,155,74,81
2017-07-13 07:00:00,204,93,111
2017-07-13 08:00:00,142,73,69
2017-07-13 09:00:00,136,65,71
2017-07-13 10:00:00,107,43,64
2017-07-13 11:00:00,151,92,59
2017-07-13 12:00:00,320,158,162
2017-07-13 13:00:00,211,92,119
2017-07-13 14:00:00,137,62,75
2017-07-13 15:00:00,173,75,98
2017-07-13 16:00:00,166,66,100
2017-07-13 17:00:00,252,146,106
2017-07-13 18:00:00,301,138,163
2017-07-13 19:00:00,321,153,168
2017-07-13 20:00:00,295,156,139
2017-07-13 21:00:00,130,42,88
2017-07-13 22:00:00,27,10,17
2017-07-13 23:00:00,7,5,2
2017-07-14 00:00:00,4,2,2
2017-07-14 01:00:00,4,2,2
2017-07-14 02:00:00,3,3,0
2017-07-14 03:00:00,7,2,5
2017-07-14 04:00:00,1,0,1
2017-07-14 05:00:00,26,12,14
2017-07-14 06:00:00,148,83,65
2017-07-14 07:00:00,166,68,98
2017-07-14 08:00:00,166,72,94
2017-07-14 09:00:00,149,73,76
2017-07-14 10:00:00,144,71,73
2017-07-14 11:00:00,207,101,106
2017-07-14 12:00:00,291,137,154
2017-07-14 13:00:00,205,94,111
2017-07-14 14:00:00,207,102,105
2017-07-14 15:00:00,179,77,102
2017-07-14 16:00:00,282,176,106
2017-07-14 17:00:00,303,155,148
2017-07-14 18:00:00,255,126,129
2017-07-14 19:00:00,209,103,106
2017-07-14 20:00:00,198,99,99
2017-07-14 21:00:00,153,50,103
2017-07-14 22:00:00,20,8,12
2017-07-14 23:00:00,12,6,6
2017-07-15 00:00:00,6,1,5
2017-07-15 01:00:00,11,9,2
2017-07-15 02:00:00,2,0,2
2017-07-15 03:00:00,5,2,3
2017-07-15 04:00:00,5,1,4
2017-07-15 05:00:00,16,7,9
2017-07-15 06:00:00,67,37,30
2017-07-15 07:00:00,126,68,58
2017-07-15 08:00:00,225,99,126
2017-07-15 09:00:00,253,122,131
2017-07-15 10:00:00,291,132,159
2017-07-15 11:00:00,299,140,159
2017-07-15 12:00:00,271,121,150
2017-07-15 13:00:00,224,112,112
2017-07-15 14:00:00,239,116,123
2017-07-15 15:00:00,236,111,125
2017-07-15 16:00:00,272,106,166
2017-07-15 17:00:00,232,114,118
2017-07-15 18:00:00,226,104,122
2017-07-15 19:00:00,216,94,122
2017-07-15 20:00:00,183,80,103
2017-07-15 21:00:00,104,38,66
2017-07-15 22:00:00,17,9,8
2017-07-15 23:00:00,8,3,5
2017-07-16 00:00:00,4,2,2
2017-07-16 01:00:00,8,2,6
2017-07-16 02:00:00,3,1,2
2017-07-16 03:00:00,2,1,1
2017-07-16 04:00:00,6,3,3
2017-07-16 05:00:00,9,6,3
2017-07-16 06:00:00,44,24,20
2017-07-16 07:00:00,95,55,40
2017-07-16 08:00:00,158,85,73
2017-07-16 09:00:00,218,111,107
2017-07-16 10:00:00,292,138,154
2017-07-16 11:00:00,282,145,137
2017-07-16 12:00:00,256,123,133
2017-07-16 13:00:00,273,129,144
2017-07-16 14:00:00,240,108,132
2017-07-16 15:00:00,273,129,144
2017-07-16 16:00:00,280,142,138
2017-07-16 17:00:00,297,148,149
2017-07-16 18:00:00,258,124,134
2017-07-16 19:00:00,234,115,119
2017-07-16 20:00:00,171,77,94
2017-07-16 21:00:00,114,37,77
2017-07-16 22:00:00,13,7,6
2017-07-16 23:00:00,13,6,7
2017-07-17 00:00:00,5,2,3
2017-07-17 01:00:00,1,1,0
2017-07-17 02:00:00,4,2,2
2017-07-17 03:00:00,0,0,0
2017-07-17 04:00:00,3,2,1
2017-07-17 05:00:00,30,22,8
2017-07-17 06:00:00,135,69,66
2017-07-17 07:00:00,175,84,91
2017-07-17 08:00:00,127,57,70
2017-07-17 09:00:00,154,75,79
2017-07-17 10:00:00,165,76,89
2017-07-17 11:00:00,191,88,103
2017-07-17 12:00:00,395,200,195
2017-07-17 13:00:00,238,106,132
2017-07-17 14:00:00,185,99,86
2017-07-17 15:00:00,195,100,95
2017-07-17 16:00:00,191,89,102
2017-07-17 17:00:00,247,132,115
2017-07-17 18:00:00,324,171,153
2017-07-17 19:00:00,294,142,152
2017-07-17 20:00:00,271,132,139
2017-07-17 21:00:00,150,50,100
2017-07-17 22:00:00,29,13,16
2017-07-17 23:00:00,8,2,6
2017-07-18 00:00:00,8,4,4
2017-07-18 01:00:00,3,2,1
2017-07-18 02:00:00,2,1,1
2017-07-18 03:00:00,5,2,3
2017-07-18 04:00:00,4,1,3
2017-07-18 05:00:00,49,35,14
2017-07-18 06:00:00,248,130,118
2017-07-18 07:00:00,251,121,130
2017-07-18 08:00:00,157,66,91
2017-07-18 09:00:00,160,66,94
2017-07-18 10:00:00,166,89,77
2017-07-18 11:00:00,200,97,103
2017-07-18 12:00:00,417,213,204
2017-07-18 13:00:00,275,123,152
2017-07-18 14:00:00,182,89,93
2017-07-18 15:00:00,182,87,95
2017-07-18 16:00:00,224,132,92
2017-07-18 17:00:00,316,178,138
2017-07-18 18:00:00,279,152,127
2017-07-18 19:00:00,316,156,160
2017-07-18 20:00:00,290,132,158
2017-07-18 21:00:00,203,74,129
2017-07-18 22:00:00,28,6,22
2017-07-18 23:00:00,7,5,2
2017-07-19 00:00:00,5,4,1
2017-07-19 01:00:00,0,0,0
2017-07-19 02:00:00,1,1,0
2017-07-19 03:00:00,8,4,4
2017-07-19 04:00:00,3,3,0
2017-07-19 05:00:00,38,25,13
2017-07-19 06:00:00,183,98,85
2017-07-19 07:00:00,235,111,124
2017-07-19 08:00:00,166,69,97
2017-07-19 09:00:00,143,73,70
2017-07-19 10:00:00,165,70,95
2017-07-19 11:00:00,199,95,104
2017-07-19 12:00:00,418,193,225
2017-07-19 13:00:00,230,108,122
2017-07-19 14:00:00,207,102,105
2017-07-19 15:00:00,185,81,104
2017-07-19 16:00:00,190,98,92
2017-07-19 17:00:00,260,128,132
2017-07-19 18:00:00,257,134,123
2017-07-19 19:00:00,305,150,155
2017-07-19 20:00:00,264,128,136
2017-07-19 21:00:00,137,50,87
2017-07-19 22:00:00,27,11,16
2017-07-19 23:00:00,4,2,2
2017-07-20 00:00:00,5,2,3
2017-07-20 01:00:00,0,0,0
2017-07-20 02:00:00,4,1,3
2017-07-20 03:00:00,5,1,4
2017-07-20 04:00:00,1,0,1
2017-07-20 05:00:00,28,14,14
2017-07-20 06:00:00,172,100,72
2017-07-20 07:00:00,220,100,120
2017-07-20 08:00:00,158,71,87
2017-07-20 09:00:00,126,59,67
2017-07-20 10:00:00,122,63,59
2017-07-20 11:00:00,146,72,74
2017-07-20 12:00:00,282,142,140
2017-07-20 13:00:00,225,105,120
2017-07-20 14:00:00,147,65,82
2017-07-20 15:00:00,151,75,76
2017-07-20 16:00:00,190,94,96
2017-07-20 17:00:00,219,116,103
2017-07-20 18:00:00,255,133,122
2017-07-20 19:00:00,280,147,133
2017-07-20 20:00:00,294,137,157
2017-07-20 21:00:00,113,35,78
2017-07-20 22:00:00,16,10,6
2017-07-20 23:00:00,15,8,7
2017-07-21 00:00:00,6,1,5
2017-07-21 01:00:00,1,1,0
2017-07-21 02:00:00,5,3,2
2017-07-21 03:00:00,4,1,3
2017-07-21 04:00:00,2,2,0
2017-07-21 05:00:00,28,15,13
2017-07-21 06:00:00,127,66,61
2017-07-21 07:00:00,156,78,78
2017-07-21 08:00:00,153,63,90
2017-07-21 09:00:00,145,70,75
2017-07-21 10:00:00,162,81,81
2017-07-21 11:00:00,221,105,116
2017-07-21 12:00:00,288,140,148
2017-07-21 13:00:00,187,78,109
2017-07-21 14:00:00,184,103,81
2017-07-21 15:00:00,211,103,108
2017-07-21 16:00:00,218,97,121
2017-07-21 17:00:00,257,112,145
2017-07-21 18:00:00,265,108,157
2017-07-21 19:00:00,214,112,102
2017-07-21 20:00:00,148,75,73
2017-07-21 21:00:00,82,32,50
2017-07-21 22:00:00,28,13,15
2017-07-21 23:00:00,11,6,5
2017-07-22 00:00:00,16,7,9
2017-07-22 01:00:00,1,0,1
2017-07-22 02:00:00,3,0,3
2017-07-22 03:00:00,4,1,3
2017-07-22 04:00:00,2,1,1
2017-07-22 05:00:00,14,6,8
2017-07-22 06:00:00,53,31,22
2017-07-22 07:00:00,122,63,59
2017-07-22 08:00:00,199,90,109
2017-07-22 09:00:00,221,107,114
2017-07-22 10:00:00,267,126,141
2017-07-22 11:00:00,292,131,161
2017-07-22 12:00:00,297,135,162
2017-07-22 13:00:00,260,126,134
2017-07-22 14:00:00,241,99,142
2017-07-22 15:00:00,241,117,124
2017-07-22 16:00:00,239,100,139
2017-07-22 17:00:00,300,168,132
2017-07-22 18:00:00,266,129,137
2017-07-22 19:00:00,217,117,100
2017-07-22 20:00:00,215,92,123
2017-07-22 21:00:00,104,33,71
2017-07-22 22:00:00,29,13,16
2017-07-22 23:00:00,11,4,7
2017-07-23 00:00:00,6,4,2
2017-07-23 01:00:00,7,3,4
2017-07-23 02:00:00,4,4,0
2017-07-23 03:00:00,5,2,3
2017-07-23 04:00:00,3,1,2
2017-07-23 05:00:00,6,2,4
2017-07-23 06:00:00,35,20,15
2017-07-23 07:00:00,97,52,45
2017-07-23 08:00:00,141,74,67
2017-07-23 09:00:00,200,99,101
2017-07-23 10:00:00,209,96,113
2017-07-23 11:00:00,252,106,146
2017-07-23 12:00:00,251,121,130
2017-07-23 13:00:00,258,106,152
2017-07-23 14:00:00,282,137,145
2017-07-23 15:00:00,262,117,145
2017-07-23 16:00:00,287,154,133
2017-07-23 17:00:00,338,186,152
2017-07-23 18:00:00,248,135,113
2017-07-23 19:00:00,209,88,121
2017-07-23 20:00:00,233,115,118
2017-07-23 21:00:00,163,50,113
2017-07-23 22:00:00,33,18,15
2017-07-23 23:00:00,7,4,3
2017-07-24 00:00:00,5,3,2
2017-07-24 01:00:00,9,2,7
2017-07-24 02:00:00,2,1,1
2017-07-24 03:00:00,7,3,4
2017-07-24 04:00:00,2,0,2
2017-07-24 05:00:00,22,15,7
2017-07-24 06:00:00,121,63,58
2017-07-24 07:00:00,179,86,93
2017-07-24 08:00:00,163,69,94
2017-07-24 09:00:00,154,69,85
2017-07-24 10:00:00,168,79,89
2017-07-24 11:00:00,256,127,129
2017-07-24 12:00:00,382,173,209
2017-07-24 13:00:00,245,97,148
2017-07-24 14:00:00,180,86,94
2017-07-24 15:00:00,237,110,127
2017-07-24 16:00:00,213,123,90
2017-07-24 17:00:00,294,173,121
2017-07-24 18:00:00,334,189,145
2017-07-24 19:00:00,282,137,145
2017-07-24 20:00:00,320,163,157
2017-07-24 21:00:00,143,47,96
2017-07-24 22:00:00,26,13,13
2017-07-24 23:00:00,11,6,5
2017-07-25 00:00:00,9,5,4
2017-07-25 01:00:00,2,1,1
2017-07-25 02:00:00,3,2,1
2017-07-25 03:00:00,3,0,3
2017-07-25 04:00:00,5,3,2
2017-07-25 05:00:00,46,35,11
2017-07-25 06:00:00,227,122,105
2017-07-25 07:00:00,215,98,117
2017-07-25 08:00:00,167,65,102
2017-07-25 09:00:00,208,92,116
2017-07-25 10:00:00,236,121,115
2017-07-25 11:00:00,219,107,112
2017-07-25 12:00:00,411,214,197
2017-07-25 13:00:00,264,132,132
2017-07-25 14:00:00,234,94,140
2017-07-25 15:00:00,227,109,118
2017-07-25 16:00:00,225,128,97
2017-07-25 17:00:00,260,172,88
2017-07-25 18:00:00,282,148,134
2017-07-25 19:00:00,327,181,146
2017-07-25 20:00:00,316,151,165
2017-07-25 21:00:00,178,66,112
2017-07-25 22:00:00,25,9,16
2017-07-25 23:00:00,9,6,3
2017-07-26 00:00:00,3,1,2
2017-07-26 01:00:00,3,1,2
2017-07-26 02:00:00,4,2,2
2017-07-26 03:00:00,1,0,1
2017-07-26 04:00:00,2,0,2
2017-07-26 05:00:00,44,31,13
2017-07-26 06:00:00,193,97,96
2017-07-26 07:00:00,188,83,105
2017-07-26 08:00:00,179,83,96
2017-07-26 09:00:00,164,80,84
2017-07-26 10:00:00,171,79,92
2017-07-26 11:00:00,201,92,109
2017-07-26 12:00:00,423,212,211
2017-07-26 13:00:00,222,95,127
2017-07-26 14:00:00,173,88,85
2017-07-26 15:00:00,187,82,105
2017-07-26 16:00:00,203,98,105
2017-07-26 17:00:00,225,124,101
2017-07-26 18:00:00,259,138,121
2017-07-26 19:00:00,259,134,125
2017-07-26 20:00:00,289,137,152
2017-07-26 21:00:00,170,69,101
2017-07-26 22:00:00,30,13,17
2017-07-26 23:00:00,20,10,10
2017-07-27 00:00:00,9,6,3
2017-07-27 01:00:00,0,0,0
2017-07-27 02:00:00,1,0,1
2017-07-27 03:00:00,4,1,3
2017-07-27 04:00:00,6,3,3
2017-07-27 05:00:00,21,13,8
2017-07-27 06:00:00,140,73,67
2017-07-27 07:00:00,196,102,94
2017-07-27 08:00:00,127,56,71
2017-07-27 09:00:00,106,57,49
2017-07-27 10:00:00,98,54,44
2017-07-27 11:00:00,130,69,61
2017-07-27 12:00:00,272,136,136
2017-07-27 13:00:00,147,58,89
2017-07-27 14:00:00,185,92,93
2017-07-27 15:00:00,183,96,87
2017-07-27 16:00:00,177,87,90
2017-07-27 17:00:00,256,125,131
2017-07-27 18:00:00,290,155,135
2017-07-27 19:00:00,333,162,171
2017-07-27 20:00:00,302,138,164
2017-07-27 21:00:00,144,52,92
2017-07-27 22:00:00,50,26,24
2017-07-27 23:00:00,19,8,11
2017-07-28 00:00:00,10,2,8
2017-07-28 01:00:00,1,0,1
2017-07-28 02:00:00,1,0,1
2017-07-28 03:00:00,3,0,3
2017-07-28 04:00:00,0,0,0
2017-07-28 05:00:00,22,10,12
2017-07-28 06:00:00,124,66,58
2017-07-28 07:00:00,176,89,87
2017-07-28 08:00:00,160,67,93
2017-07-28 09:00:00,149,77,72
2017-07-28 10:00:00,153,69,84
2017-07-28 11:00:00,183,97,86
2017-07-28 12:00:00,303,136,167
2017-07-28 13:00:00,200,83,117
2017-07-28 14:00:00,164,78,86
2017-07-28 15:00:00,176,71,105
2017-07-28 16:00:00,198,98,100
2017-07-28 17:00:00,228,119,109
2017-07-28 18:00:00,264,148,116
2017-07-28 19:00:00,243,112,131
2017-07-28 20:00:00,230,99,131
2017-07-28 21:00:00,150,54,96
2017-07-28 22:00:00,26,8,18
2017-07-28 23:00:00,14,8,6
2017-07-29 00:00:00,15,8,7
2017-07-29 01:00:00,4,1,3
2017-07-29 02:00:00,3,3,0
2017-07-29 03:00:00,6,3,3
2017-07-29 04:00:00,3,1,2
2017-07-29 05:00:00,10,4,6
2017-07-29 06:00:00,48,29,19
2017-07-29 07:00:00,139,74,65
2017-07-29 08:00:00,221,114,107
2017-07-29 09:00:00,280,126,154
2017-07-29 10:00:00,335,178,157
2017-07-29 11:00:00,312,141,171
2017-07-29 12:00:00,273,123,150
2017-07-29 13:00:00,260,141,119
2017-07-29 14:00:00,266,138,128
2017-07-29 15:00:00,390,219,171
2017-07-29 16:00:00,348,184,164
2017-07-29 17:00:00,381,205,176
2017-07-29 18:00:00,296,143,153
2017-07-29 19:00:00,247,127,120
2017-07-29 20:00:00,245,130,115
2017-07-29 21:00:00,207,65,142
2017-07-29 22:00:00,97,23,74
2017-07-29 23:00:00,16,8,8
2017-07-30 00:00:00,5,2,3
2017-07-30 01:00:00,3,3,0
2017-07-30 02:00:00,1,1,0
2017-07-30 03:00:00,1,0,1
2017-07-30 04:00:00,5,3,2
2017-07-30 05:00:00,12,9,3
2017-07-30 06:00:00,51,30,21
2017-07-30 07:00:00,98,48,50
2017-07-30 08:00:00,219,126,93
2017-07-30 09:00:00,212,96,116
2017-07-30 10:00:00,213,109,104
2017-07-30 11:00:00,253,114,139
2017-07-30 12:00:00,258,124,134
2017-07-30 13:00:00,238,106,132
2017-07-30 14:00:00,328,180,148
2017-07-30 15:00:00,230,101,129
2017-07-30 16:00:00,267,126,141
2017-07-30 17:00:00,340,168,172
2017-07-30 18:00:00,248,120,128
2017-07-30 19:00:00,250,128,122
2017-07-30 20:00:00,283,134,149
2017-07-30 21:00:00,120,35,85
2017-07-30 22:00:00,18,4,14
2017-07-30 23:00:00,19,15,4
2017-07-31 00:00:00,12,11,1
2017-07-31 01:00:00,3,1,2
2017-07-31 02:00:00,8,3,5
2017-07-31 03:00:00,5,1,4
2017-07-31 04:00:00,0,0,0
2017-07-31 05:00:00,21,12,9
2017-07-31 06:00:00,112,58,54
2017-07-31 07:00:00,172,89,83
2017-07-31 08:00:00,173,67,106
2017-07-31 09:00:00,163,80,83
2017-07-31 10:00:00,161,78,83
2017-07-31 11:00:00,230,121,109
2017-07-31 12:00:00,383,206,177
2017-07-31 13:00:00,284,127,157
2017-07-31 14:00:00,185,93,92
2017-07-31 15:00:00,174,69,105
2017-07-31 16:00:00,221,124,97
2017-07-31 17:00:00,265,143,122
2017-07-31 18:00:00,271,146,125
2017-07-31 19:00:00,313,154,159
2017-07-31 20:00:00,262,124,138
2017-07-31 21:00:00,189,65,124
2017-07-31 22:00:00,35,16,19
2017-07-31 23:00:00,6,3,3
2017-08-01 00:00:00,14,11,3
2017-08-01 01:00:00,15,14,1
2017-08-01 02:00:00,3,2,1
2017-08-01 03:00:00,2,1,1
2017-08-01 04:00:00,3,1,2
2017-08-01 05:00:00,38,22,16
2017-08-01 06:00:00,240,130,110
2017-08-01 07:00:00,257,118,139
2017-08-01 08:00:00,188,84,104
2017-08-01 09:00:00,169,70,99
2017-08-01 10:00:00,171,82,89
2017-08-01 11:00:00,231,111,120
2017-08-01 12:00:00,400,201,199
2017-08-01 13:00:00,213,95,118
2017-08-01 14:00:00,108,57,51
2017-08-01 15:00:00,132,52,80
2017-08-01 16:00:00,166,85,81
2017-08-01 17:00:00,193,114,79
2017-08-01 18:00:00,237,119,118
2017-08-01 19:00:00,259,146,113
2017-08-01 20:00:00,323,151,172
2017-08-01 21:00:00,154,57,97
2017-08-01 22:00:00,26,8,18
2017-08-01 23:00:00,6,4,2
2017-08-02 00:00:00,8,4,4
2017-08-02 01:00:00,7,3,4
2017-08-02 02:00:00,2,0,2
2017-08-02 03:00:00,3,1,2
2017-08-02 04:00:00,2,1,1
2017-08-02 05:00:00,37,23,14
2017-08-02 06:00:00,195,105,90
2017-08-02 07:00:00,225,107,118
2017-08-02 08:00:00,196,93,103
2017-08-02 09:00:00,167,81,86
2017-08-02 10:00:00,184,88,96
2017-08-02 11:00:00,203,97,106
2017-08-02 12:00:00,280,145,135
2017-08-02 13:00:00,190,78,112
2017-08-02 14:00:00,122,59,63
2017-08-02 15:00:00,118,45,73
2017-08-02 16:00:00,133,75,58
2017-08-02 17:00:00,174,91,83
2017-08-02 18:00:00,155,88,67
2017-08-02 19:00:00,200,101,99
2017-08-02 20:00:00,227,122,105
2017-08-02 21:00:00,133,39,94
2017-08-02 22:00:00,36,16,20
2017-08-02 23:00:00,13,5,8
2017-08-03 00:00:00,4,2,2
2017-08-03 01:00:00,3,1,2
2017-08-03 02:00:00,2,2,0
2017-08-03 03:00:00,5,2,3
2017-08-03 04:00:00,6,1,5
2017-08-03 05:00:00,25,18,7
2017-08-03 06:00:00,157,87,70
2017-08-03 07:00:00,192,103,89
2017-08-03 08:00:00,186,83,103
2017-08-03 09:00:00,149,66,83
2017-08-03 10:00:00,166,78,88
2017-08-03 11:00:00,137,59,78
2017-08-03 12:00:00,252,138,114
2017-08-03 13:00:00,174,90,84
2017-08-03 14:00:00,141,52,89
2017-08-03 15:00:00,127,60,67
2017-08-03 16:00:00,140,65,75
2017-08-03 17:00:00,143,78,65
2017-08-03 18:00:00,175,78,97
2017-08-03 19:00:00,190,85,105
2017-08-03 20:00:00,203,100,103
2017-08-03 21:00:00,98,40,58
2017-08-03 22:00:00,41,15,26
2017-08-03 23:00:00,16,7,9
2017-08-04 00:00:00,6,2,4
2017-08-04 01:00:00,5,3,2
2017-08-04 02:00:00,1,0,1
2017-08-04 03:00:00,3,1,2
2017-08-04 04:00:00,1,1,0
2017-08-04 05:00:00,14,8,6
2017-08-04 06:00:00,148,93,55
2017-08-04 07:00:00,212,118,94
2017-08-04 08:00:00,179,68,111
2017-08-04 09:00:00,156,67,89
2017-08-04 10:00:00,128,62,66
2017-08-04 11:00:00,132,67,65
2017-08-04 12:00:00,225,117,108
2017-08-04 13:00:00,213,102,111
2017-08-04 14:00:00,157,62,95
2017-08-04 15:00:00,87,38,49
2017-08-04 16:00:00,119,64,55
2017-08-04 17:00:00,172,92,80
2017-08-04 18:00:00,117,59,58
2017-08-04 19:00:00,152,82,70
2017-08-04 20:00:00,168,77,91
2017-08-04 21:00:00,93,32,61
2017-08-04 22:00:00,32,14,18
2017-08-04 23:00:00,15,6,9
2017-08-05 00:00:00,12,6,6
2017-08-05 01:00:00,6,2,4
2017-08-05 02:00:00,5,2,3
2017-08-05 03:00:00,1,1,0
2017-08-05 04:00:00,1,0,1
2017-08-05 05:00:00,11,7,4
2017-08-05 06:00:00,56,35,21
2017-08-05 07:00:00,138,77,61
2017-08-05 08:00:00,233,117,116
2017-08-05 09:00:00,304,158,146
2017-08-05 10:00:00,236,105,131
2017-08-05 11:00:00,273,124,149
2017-08-05 12:00:00,225,105,120
2017-08-05 13:00:00,170,91,79
2017-08-05 14:00:00,220,98,122
2017-08-05 15:00:00,226,115,111
2017-08-05 16:00:00,180,76,104
2017-08-05 17:00:00,165,78,87
2017-08-05 18:00:00,179,97,82
2017-08-05 19:00:00,216,110,106
2017-08-05 20:00:00,230,96,134
2017-08-05 21:00:00,135,58,77
2017-08-05 22:00:00,41,13,28
2017-08-05 23:00:00,14,6,8
2017-08-06 00:00:00,14,5,9
2017-08-06 01:00:00,1,0,1
2017-08-06 02:00:00,5,2,3
2017-08-06 03:00:00,3,2,1
2017-08-06 04:00:00,3,1,2
2017-08-06 05:00:00,7,4,3
2017-08-06 06:00:00,49,34,15
2017-08-06 07:00:00,122,70,52
2017-08-06 08:00:00,227,108,119
2017-08-06 09:00:00,233,125,108
2017-08-06 10:00:00,274,126,148
2017-08-06 11:00:00,214,97,117
2017-08-06 12:00:00,254,106,148
2017-08-06 13:00:00,205,97,108
2017-08-06 14:00:00,200,83,117
2017-08-06 15:00:00,207,94,113
2017-08-06 16:00:00,221,89,132
2017-08-06 17:00:00,185,84,101
2017-08-06 18:00:00,217,107,110
2017-08-06 19:00:00,214,106,108
2017-08-06 20:00:00,166,70,96
2017-08-06 21:00:00,60,23,37
2017-08-06 22:00:00,17,5,12
2017-08-06 23:00:00,4,1,3
2017-08-07 00:00:00,6,6,0
2017-08-07 01:00:00,4,1,3
2017-08-07 02:00:00,6,4,2
2017-08-07 03:00:00,3,0,3
2017-08-07 04:00:00,1,1,0
2017-08-07 05:00:00,21,11,10
2017-08-07 06:00:00,82,48,34
2017-08-07 07:00:00,190,88,102
2017-08-07 08:00:00,139,58,81
2017-08-07 09:00:00,101,48,53
2017-08-07 10:00:00,123,62,61
2017-08-07 11:00:00,192,91,101
2017-08-07 12:00:00,357,186,171
2017-08-07 13:00:00,214,96,118
2017-08-07 14:00:00,149,62,87
2017-08-07 15:00:00,138,68,70
2017-08-07 16:00:00,153,74,79
2017-08-07 17:00:00,177,99,78
2017-08-07 18:00:00,235,129,106
2017-08-07 19:00:00,274,143,131
2017-08-07 20:00:00,238,107,131
2017-08-07 21:00:00,87,25,62
2017-08-07 22:00:00,12,5,7
2017-08-07 23:00:00,10,7,3
2017-08-08 00:00:00,5,2,3
2017-08-08 01:00:00,2,0,2
2017-08-08 02:00:00,2,0,2
2017-08-08 03:00:00,3,1,2
2017-08-08 04:00:00,1,1,0
2017-08-08 05:00:00,36,24,12
2017-08-08 06:00:00,195,99,96
2017-08-08 07:00:00,195,95,100
2017-08-08 08:00:00,168,74,94
2017-08-08 09:00:00,131,58,73
2017-08-08 10:00:00,135,69,66
2017-08-08 11:00:00,199,112,87
2017-08-08 12:00:00,363,182,181
2017-08-08 13:00:00,210,92,118
2017-08-08 14:00:00,160,79,81
2017-08-08 15:00:00,146,68,78
2017-08-08 16:00:00,122,63,59
2017-08-08 17:00:00,218,114,104
2017-08-08 18:00:00,262,142,120
2017-08-08 19:00:00,237,120,117
2017-08-08 20:00:00,265,110,155
2017-08-08 21:00:00,93,26,67
2017-08-08 22:00:00,32,17,15
2017-08-08 23:00:00,5,1,4
2017-08-09 00:00:00,2,2,0
2017-08-09 01:00:00,1,1,0
2017-08-09 02:00:00,2,2,0
2017-08-09 03:00:00,4,3,1
2017-08-09 04:00:00,1,0,1
2017-08-09 05:00:00,16,9,7
2017-08-09 06:00:00,179,100,79
2017-08-09 07:00:00,214,95,119
2017-08-09 08:00:00,165,75,90
2017-08-09 09:00:00,138,66,72
2017-08-09 10:00:00,168,95,73
2017-08-09 11:00:00,182,89,93
2017-08-09 12:00:00,323,158,165
2017-08-09 13:00:00,212,90,122
2017-08-09 14:00:00,146,77,69
2017-08-09 15:00:00,121,53,68
2017-08-09 16:00:00,150,56,94
2017-08-09 17:00:00,158,90,68
2017-08-09 18:00:00,185,91,94
2017-08-09 19:00:00,218,119,99
2017-08-09 20:00:00,230,113,117
2017-08-09 21:00:00,84,29,55
2017-08-09 22:00:00,21,13,8
2017-08-09 23:00:00,9,6,3
2017-08-10 00:00:00,6,2,4
2017-08-10 01:00:00,3,2,1
2017-08-10 02:00:00,6,1,5
2017-08-10 03:00:00,4,1,3
2017-08-10 04:00:00,4,3,1
2017-08-10 05:00:00,35,19,16
2017-08-10 06:00:00,124,66,58
2017-08-10 07:00:00,200,105,95
2017-08-10 08:00:00,177,81,96
2017-08-10 09:00:00,153,76,77
2017-08-10 10:00:00,134,56,78
2017-08-10 11:00:00,148,73,75
2017-08-10 12:00:00,270,136,134
2017-08-10 13:00:00,207,94,113
2017-08-10 14:00:00,149,71,78
2017-08-10 15:00:00,136,72,64
2017-08-10 16:00:00,141,69,72
2017-08-10 17:00:00,187,83,104
2017-08-10 18:00:00,205,104,101
2017-08-10 19:00:00,237,124,113
2017-08-10 20:00:00,317,146,171
2017-08-10 21:00:00,100,37,63
2017-08-10 22:00:00,14,5,9
2017-08-10 23:00:00,13,8,5
2017-08-11 00:00:00,9,2,7
2017-08-11 01:00:00,3,3,0
2017-08-11 02:00:00,3,3,0
2017-08-11 03:00:00,1,1,0
2017-08-11 04:00:00,0,0,0
2017-08-11 05:00:00,12,6,6
2017-08-11 06:00:00,133,76,57
2017-08-11 07:00:00,198,100,98
2017-08-11 08:00:00,177,88,89
2017-08-11 09:00:00,183,93,90
2017-08-11 10:00:00,176,80,96
2017-08-11 11:00:00,194,95,99
2017-08-11 12:00:00,231,114,117
2017-08-11 13:00:00,194,85,109
2017-08-11 14:00:00,171,76,95
2017-08-11 15:00:00,192,101,91
2017-08-11 16:00:00,191,84,107
2017-08-11 17:00:00,180,98,82
2017-08-11 18:00:00,188,104,84
2017-08-11 19:00:00,212,100,112
2017-08-11 20:00:00,180,72,108
2017-08-11 21:00:00,60,23,37
2017-08-11 22:00:00,18,11,7
2017-08-11 23:00:00,19,6,13
2017-08-12 00:00:00,7,5,2
2017-08-12 01:00:00,3,0,3
2017-08-12 02:00:00,1,1,0
2017-08-12 03:00:00,1,1,0
2017-08-12 04:00:00,3,1,2
2017-08-12 05:00:00,8,4,4
2017-08-12 06:00:00,54,38,16
2017-08-12 07:00:00,142,75,67
2017-08-12 08:00:00,189,92,97
2017-08-12 09:00:00,189,91,98
2017-08-12 10:00:00,211,99,112
2017-08-12 11:00:00,238,100,138
2017-08-12 12:00:00,199,87,112
2017-08-12 13:00:00,233,126,107
2017-08-12 14:00:00,212,82,130
2017-08-12 15:00:00,257,129,128
2017-08-12 16:00:00,242,116,126
2017-08-12 17:00:00,244,111,133
2017-08-12 18:00:00,226,102,124
2017-08-12 19:00:00,247,109,138
2017-08-12 20:00:00,139,53,86
2017-08-12 21:00:00,52,19,33
2017-08-12 22:00:00,17,10,7
2017-08-12 23:00:00,3,1,2
2017-08-13 00:00:00,5,3,2
2017-08-13 01:00:00,5,1,4
2017-08-13 02:00:00,2,2,0
2017-08-13 03:00:00,4,2,2
2017-08-13 04:00:00,4,2,2
2017-08-13 05:00:00,6,3,3
2017-08-13 06:00:00,33,19,14
2017-08-13 07:00:00,84,47,37
2017-08-13 08:00:00,144,69,75
2017-08-13 09:00:00,181,98,83
2017-08-13 10:00:00,189,94,95
2017-08-13 11:00:00,196,93,103
2017-08-13 12:00:00,202,95,107
2017-08-13 13:00:00,198,84,114
2017-08-13 14:00:00,173,84,89
2017-08-13 15:00:00,186,94,92
2017-08-13 16:00:00,227,100,127
2017-08-13 17:00:00,178,76,102
2017-08-13 18:00:00,181,80,101
2017-08-13 19:00:00,168,88,80
2017-08-13 20:00:00,164,63,101
2017-08-13 21:00:00,34,11,23
2017-08-13 22:00:00,6,3,3
2017-08-13 23:00:00,8,4,4
2017-08-14 00:00:00,4,3,1
2017-08-14 01:00:00,6,3,3
2017-08-14 02:00:00,6,4,2
2017-08-14 03:00:00,1,0,1
2017-08-14 04:00:00,7,3,4
2017-08-14 05:00:00,15,10,5
2017-08-14 06:00:00,90,53,37
2017-08-14 07:00:00,179,89,90
2017-08-14 08:00:00,166,65,101
2017-08-14 09:00:00,121,50,71
2017-08-14 10:00:00,142,80,62
2017-08-14 11:00:00,232,124,108
2017-08-14 12:00:00,319,157,162
2017-08-14 13:00:00,213,94,119
2017-08-14 14:00:00,164,77,87
2017-08-14 15:00:00,163,75,88
2017-08-14 16:00:00,172,92,80
2017-08-14 17:00:00,251,133,118
2017-08-14 18:00:00,267,140,127
2017-08-14 19:00:00,327,174,153
2017-08-14 20:00:00,270,113,157
2017-08-14 21:00:00,65,27,38
2017-08-14 22:00:00,22,14,8
2017-08-14 23:00:00,10,6,4
2017-08-15 00:00:00,2,1,1
2017-08-15 01:00:00,4,2,2
2017-08-15 02:00:00,3,2,1
2017-08-15 03:00:00,2,1,1
2017-08-15 04:00:00,2,0,2
2017-08-15 05:00:00,21,13,8
2017-08-15 06:00:00,181,109,72
2017-08-15 07:00:00,228,93,135
2017-08-15 08:00:00,173,78,95
2017-08-15 09:00:00,160,69,91
2017-08-15 10:00:00,196,101,95
2017-08-15 11:00:00,204,101,103
2017-08-15 12:00:00,368,189,179
2017-08-15 13:00:00,220,112,108
2017-08-15 14:00:00,221,111,110
2017-08-15 15:00:00,185,76,109
2017-08-15 16:00:00,251,111,140
2017-08-15 17:00:00,295,152,143
2017-08-15 18:00:00,298,176,122
2017-08-15 19:00:00,299,144,155
2017-08-15 20:00:00,271,116,155
2017-08-15 21:00:00,71,27,44
2017-08-15 22:00:00,23,11,12
2017-08-15 23:00:00,11,8,3
2017-08-16 00:00:00,7,6,1
2017-08-16 01:00:00,2,1,1
2017-08-16 02:00:00,3,2,1
2017-08-16 03:00:00,2,0,2
2017-08-16 04:00:00,6,2,4
2017-08-16 05:00:00,15,6,9
2017-08-16 06:00:00,166,94,72
2017-08-16 07:00:00,217,104,113
2017-08-16 08:00:00,176,89,87
2017-08-16 09:00:00,124,61,63
2017-08-16 10:00:00,121,49,72
2017-08-16 11:00:00,215,106,109
2017-08-16 12:00:00,284,153,131
2017-08-16 13:00:00,220,117,103
2017-08-16 14:00:00,167,83,84
2017-08-16 15:00:00,208,106,102
2017-08-16 16:00:00,226,110,116
2017-08-16 17:00:00,286,157,129
2017-08-16 18:00:00,281,152,129
2017-08-16 19:00:00,288,152,136
2017-08-16 20:00:00,289,112,177
2017-08-16 21:00:00,67,23,44
2017-08-16 22:00:00,33,15,18
2017-08-16 23:00:00,1,0,1
2017-08-17 00:00:00,6,4,2
2017-08-17 01:00:00,6,2,4
2017-08-17 02:00:00,3,2,1
2017-08-17 03:00:00,2,0,2
2017-08-17 04:00:00,3,1,2
2017-08-17 05:00:00,13,9,4
2017-08-17 06:00:00,135,86,49
2017-08-17 07:00:00,251,110,141
2017-08-17 08:00:00,152,68,84
2017-08-17 09:00:00,125,55,70
2017-08-17 10:00:00,141,81,60
2017-08-17 11:00:00,217,109,108
2017-08-17 12:00:00,435,220,215
2017-08-17 13:00:00,302,138,164
2017-08-17 14:00:00,231,104,127
2017-08-17 15:00:00,175,87,88
2017-08-17 16:00:00,215,101,114
2017-08-17 17:00:00,236,121,115
2017-08-17 18:00:00,282,148,134
2017-08-17 19:00:00,317,176,141
2017-08-17 20:00:00,236,95,141
2017-08-17 21:00:00,72,29,43
2017-08-17 22:00:00,28,10,18
2017-08-17 23:00:00,12,6,6
2017-08-18 00:00:00,9,4,5
2017-08-18 01:00:00,11,5,6
2017-08-18 02:00:00,2,1,1
2017-08-18 03:00:00,2,1,1
2017-08-18 04:00:00,0,0,0
2017-08-18 05:00:00,15,11,4
2017-08-18 06:00:00,117,61,56
2017-08-18 07:00:00,198,104,94
2017-08-18 08:00:00,252,118,134
2017-08-18 09:00:00,234,113,121
2017-08-18 10:00:00,199,107,92
2017-08-18 11:00:00,170,110,60
2017-08-18 12:00:00,785,671,114
2017-08-18 13:00:00,842,640,202
2017-08-18 14:00:00,1092,712,380
2017-08-18 15:00:00,1408,952,456
2017-08-18 16:00:00,1157,719,438
2017-08-18 17:00:00,1285,734,551
2017-08-18 18:00:00,1364,766,598
2017-08-18 19:00:00,1287,504,783
2017-08-18 20:00:00,795,93,702
2017-08-18 21:00:00,195,38,157
2017-08-18 22:00:00,86,29,57
2017-08-18 23:00:00,60,11,49
2017-08-19 00:00:00,13,2,11
2017-08-19 01:00:00,8,5,3
2017-08-19 02:00:00,6,0,6
2017-08-19 03:00:00,1,1,0
2017-08-19 04:00:00,1,0,1
2017-08-19 05:00:00,2,2,0
2017-08-19 06:00:00,36,28,8
2017-08-19 07:00:00,119,68,51
2017-08-19 08:00:00,178,96,82
2017-08-19 09:00:00,250,154,96
2017-08-19 10:00:00,496,404,92
2017-08-19 11:00:00,739,618,121
2017-08-19 12:00:00,874,670,204
2017-08-19 13:00:00,1449,1150,299
2017-08-19 14:00:00,1796,1325,471
2017-08-19 15:00:00,1951,1343,608
2017-08-19 16:00:00,2173,1441,732
2017-08-19 17:00:00,2131,1249,882
2017-08-19 18:00:00,2227,1180,1047
2017-08-19 19:00:00,1742,563,1179
2017-08-19 20:00:00,1165,84,1081
2017-08-19 21:00:00,110,27,83
2017-08-19 22:00:00,24,12,12
2017-08-19 23:00:00,2,1,1
2017-08-20 00:00:00,2,2,0
2017-08-20 01:00:00,7,4,3
2017-08-20 02:00:00,5,3,2
2017-08-20 03:00:00,0,0,0
2017-08-20 04:00:00,10,1,9
2017-08-20 05:00:00,4,3,1
2017-08-20 06:00:00,25,16,9
2017-08-20 07:00:00,117,67,50
2017-08-20 08:00:00,143,66,77
2017-08-20 09:00:00,136,100,36
2017-08-20 10:00:00,601,510,91
2017-08-20 11:00:00,688,543,145
2017-08-20 12:00:00,1079,893,186
2017-08-20 13:00:00,1281,1002,279
2017-08-20 14:00:00,1609,1213,396
2017-08-20 15:00:00,1783,1323,460
2017-08-20 16:00:00,1742,1308,434
2017-08-20 17:00:00,1738,1015,723
2017-08-20 18:00:00,1587,823,764
2017-08-20 19:00:00,1495,436,1059
2017-08-20 20:00:00,942,84,858
2017-08-20 21:00:00,126,19,107
2017-08-20 22:00:00,76,15,61
2017-08-20 23:00:00,25,3,22
2017-08-21 00:00:00,12,4,8
2017-08-21 01:00:00,9,3,6
2017-08-21 02:00:00,0,0,0
2017-08-21 03:00:00,1,1,0
2017-08-21 04:00:00,3,1,2
2017-08-21 05:00:00,9,2,7
2017-08-21 06:00:00,53,35,18
2017-08-21 07:00:00,143,73,70
2017-08-21 08:00:00,124,52,72
2017-08-21 09:00:00,138,60,78
2017-08-21 10:00:00,184,94,90
2017-08-21 11:00:00,152,71,81
2017-08-21 12:00:00,264,137,127
2017-08-21 13:00:00,200,100,100
2017-08-21 14:00:00,157,79,78
2017-08-21 15:00:00,152,72,80
2017-08-21 16:00:00,245,137,108
2017-08-21 17:00:00,278,158,120
2017-08-21 18:00:00,295,162,133
2017-08-21 19:00:00,310,166,144
2017-08-21 20:00:00,191,85,106
2017-08-21 21:00:00,74,22,52
2017-08-21 22:00:00,18,7,11
2017-08-21 23:00:00,1,0,1
2017-08-22 00:00:00,5,4,1
2017-08-22 01:00:00,0,0,0
2017-08-22 02:00:00,0,0,0
2017-08-22 03:00:00,6,2,4
2017-08-22 04:00:00,4,1,3
2017-08-22 05:00:00,27,21,6
2017-08-22 06:00:00,196,107,89
2017-08-22 07:00:00,208,96,112
2017-08-22 08:00:00,147,73,74
2017-08-22 09:00:00,150,66,84
2017-08-22 10:00:00,147,74,73
2017-08-22 11:00:00,194,100,94
2017-08-22 12:00:00,346,178,168
2017-08-22 13:00:00,190,82,108
2017-08-22 14:00:00,209,96,113
2017-08-22 15:00:00,143,72,71
2017-08-22 16:00:00,165,68,97
2017-08-22 17:00:00,182,88,94
2017-08-22 18:00:00,230,137,93
2017-08-22 19:00:00,290,160,130
2017-08-22 20:00:00,228,96,132
2017-08-22 21:00:00,47,18,29
2017-08-22 22:00:00,20,8,12
2017-08-22 23:00:00,2,1,1
2017-08-23 00:00:00,7,4,3
2017-08-23 01:00:00,3,1,2
2017-08-23 02:00:00,0,0,0
2017-08-23 03:00:00,3,2,1
2017-08-23 04:00:00,4,1,3
2017-08-23 05:00:00,26,20,6
2017-08-23 06:00:00,197,108,89
2017-08-23 07:00:00,241,112,129
2017-08-23 08:00:00,144,67,77
2017-08-23 09:00:00,127,54,73
2017-08-23 10:00:00,97,47,50
2017-08-23 11:00:00,131,67,64
2017-08-23 12:00:00,333,145,188
2017-08-23 13:00:00,193,90,103
2017-08-23 14:00:00,190,96,94
2017-08-23 15:00:00,128,59,69
2017-08-23 16:00:00,167,76,91
2017-08-23 17:00:00,210,124,86
2017-08-23 18:00:00,229,121,108
2017-08-23 19:00:00,251,127,124
2017-08-23 20:00:00,208,80,128
2017-08-23 21:00:00,42,14,28
2017-08-23 22:00:00,5,3,2
2017-08-23 23:00:00,13,9,4
2017-08-24 00:00:00,3,1,2
2017-08-24 01:00:00,4,1,3
2017-08-24 02:00:00,5,2,3
2017-08-24 03:00:00,2,1,1
2017-08-24 04:00:00,3,1,2
2017-08-24 05:00:00,9,5,4
2017-08-24 06:00:00,129,78,51
2017-08-24 07:00:00,181,82,99
2017-08-24 08:00:00,136,62,74
2017-08-24 09:00:00,127,55,72
2017-08-24 10:00:00,99,51,48
2017-08-24 11:00:00,132,55,77
2017-08-24 12:00:00,267,145,122
2017-08-24 13:00:00,224,97,127
2017-08-24 14:00:00,181,89,92
2017-08-24 15:00:00,170,85,85
2017-08-24 16:00:00,184,90,94
2017-08-24 17:00:00,255,147,108
2017-08-24 18:00:00,333,209,124
2017-08-24 19:00:00,335,170,165
2017-08-24 20:00:00,289,91,198
2017-08-24 21:00:00,49,20,29
2017-08-24 22:00:00,18,6,12
2017-08-24 23:00:00,2,2,0
2017-08-25 00:00:00,3,1,2
2017-08-25 01:00:00,3,1,2
2017-08-25 02:00:00,1,0,1
2017-08-25 03:00:00,1,1,0
2017-08-25 04:00:00,1,1,0
2017-08-25 05:00:00,9,5,4
2017-08-25 06:00:00,90,52,38
2017-08-25 07:00:00,173,87,86
2017-08-25 08:00:00,183,82,101
2017-08-25 09:00:00,137,66,71
2017-08-25 10:00:00,117,61,56
2017-08-25 11:00:00,162,87,75
2017-08-25 12:00:00,328,166,162
2017-08-25 13:00:00,213,81,132
2017-08-25 14:00:00,159,65,94
2017-08-25 15:00:00,167,72,95
2017-08-25 16:00:00,190,90,100
2017-08-25 17:00:00,180,103,77
2017-08-25 18:00:00,173,85,88
2017-08-25 19:00:00,210,101,109
2017-08-25 20:00:00,167,70,97
2017-08-25 21:00:00,56,32,24
2017-08-25 22:00:00,8,5,3
2017-08-25 23:00:00,14,9,5
2017-08-26 00:00:00,9,4,5
2017-08-26 01:00:00,6,4,2
2017-08-26 02:00:00,1,0,1
2017-08-26 03:00:00,2,1,1
2017-08-26 04:00:00,3,2,1
2017-08-26 05:00:00,4,3,1
2017-08-26 06:00:00,32,23,9
2017-08-26 07:00:00,119,63,56
2017-08-26 08:00:00,203,108,95
2017-08-26 09:00:00,244,121,123
2017-08-26 10:00:00,324,154,170
2017-08-26 11:00:00,294,135,159
2017-08-26 12:00:00,260,114,146
2017-08-26 13:00:00,286,133,153
2017-08-26 14:00:00,289,125,164
2017-08-26 15:00:00,239,113,126
2017-08-26 16:00:00,304,151,153
2017-08-26 17:00:00,217,89,128
2017-08-26 18:00:00,174,94,80
2017-08-26 19:00:00,214,91,123
2017-08-26 20:00:00,163,58,105
2017-08-26 21:00:00,31,9,22
2017-08-26 22:00:00,14,6,8
2017-08-26 23:00:00,8,3,5
2017-08-27 00:00:00,0,0,0
2017-08-27 01:00:00,3,1,2
2017-08-27 02:00:00,4,2,2
2017-08-27 03:00:00,4,3,1
2017-08-27 04:00:00,1,1,0
2017-08-27 05:00:00,1,0,1
2017-08-27 06:00:00,29,18,11
2017-08-27 07:00:00,101,60,41
2017-08-27 08:00:00,183,99,84
2017-08-27 09:00:00,205,95,110
2017-08-27 10:00:00,261,127,134
2017-08-27 11:00:00,123,123,0
2017-08-27 12:00:00,259,120,139
2017-08-27 13:00:00,214,107,107
2017-08-27 14:00:00,286,141,145
2017-08-27 15:00:00,258,129,129
2017-08-27 16:00:00,231,107,124
2017-08-27 17:00:00,227,115,112
2017-08-27 18:00:00,233,114,119
2017-08-27 19:00:00,176,85,91
2017-08-27 20:00:00,196,71,125
2017-08-27 21:00:00,51,26,25
2017-08-27 22:00:00,14,8,6
2017-08-27 23:00:00,7,4,3
2017-08-28 00:00:00,3,2,1
2017-08-28 01:00:00,1,1,0
2017-08-28 02:00:00,3,2,1
2017-08-28 03:00:00,4,1,3
2017-08-28 04:00:00,1,1,0
2017-08-28 05:00:00,8,3,5
2017-08-28 06:00:00,71,44,27
2017-08-28 07:00:00,179,94,85
2017-08-28 08:00:00,149,68,81
2017-08-28 09:00:00,130,64,66
2017-08-28 10:00:00,150,66,84
2017-08-28 11:00:00,168,78,90
2017-08-28 12:00:00,302,151,151
2017-08-28 13:00:00,181,75,106
2017-08-28 14:00:00,152,69,83
2017-08-28 15:00:00,144,59,85
2017-08-28 16:00:00,127,57,70
2017-08-28 17:00:00,188,97,91
2017-08-28 18:00:00,232,128,104
2017-08-28 19:00:00,344,191,153
2017-08-28 20:00:00,270,105,165
2017-08-28 21:00:00,40,11,29
2017-08-28 22:00:00,16,9,7
2017-08-28 23:00:00,10,7,3
2017-08-29 00:00:00,9,4,5
2017-08-29 01:00:00,4,1,3
2017-08-29 02:00:00,1,0,1
2017-08-29 03:00:00,4,1,3
2017-08-29 04:00:00,5,3,2
2017-08-29 05:00:00,25,16,9
2017-08-29 06:00:00,162,93,69
2017-08-29 07:00:00,246,112,134
2017-08-29 08:00:00,130,65,65
2017-08-29 09:00:00,114,49,65
2017-08-29 10:00:00,131,71,60
2017-08-29 11:00:00,174,80,94
2017-08-29 12:00:00,324,165,159
2017-08-29 13:00:00,194,93,101
2017-08-29 14:00:00,151,72,79
2017-08-29 15:00:00,105,58,47
2017-08-29 16:00:00,141,69,72
2017-08-29 17:00:00,189,112,77
2017-08-29 18:00:00,238,135,103
2017-08-29 19:00:00,321,178,143
2017-08-29 20:00:00,221,84,137
2017-08-29 21:00:00,50,20,30
2017-08-29 22:00:00,12,6,6
2017-08-29 23:00:00,4,3,1
2017-08-30 00:00:00,4,2,2
2017-08-30 01:00:00,2,1,1
2017-08-30 02:00:00,0,0,0
2017-08-30 03:00:00,3,1,2
2017-08-30 04:00:00,1,0,1
2017-08-30 05:00:00,9,6,3
2017-08-30 06:00:00,151,87,64
2017-08-30 07:00:00,201,94,107
2017-08-30 08:00:00,154,75,79
2017-08-30 09:00:00,102,41,61
2017-08-30 10:00:00,102,50,52
2017-08-30 11:00:00,129,67,62
2017-08-30 12:00:00,274,157,117
2017-08-30 13:00:00,220,100,120
2017-08-30 14:00:00,153,65,88
2017-08-30 15:00:00,135,67,68
2017-08-30 16:00:00,168,80,88
2017-08-30 17:00:00,226,117,109
2017-08-30 18:00:00,228,122,106
2017-08-30 19:00:00,319,178,141
2017-08-30 20:00:00,223,99,124
2017-08-30 21:00:00,49,26,23
2017-08-30 22:00:00,22,10,12
2017-08-30 23:00:00,10,7,3
2017-08-31 00:00:00,4,2,2
2017-08-31 01:00:00,0,0,0
2017-08-31 02:00:00,1,1,0
2017-08-31 03:00:00,3,1,2
2017-08-31 04:00:00,2,1,1
2017-08-31 05:00:00,19,9,10
2017-08-31 06:00:00,84,51,33
2017-08-31 07:00:00,160,76,84
2017-08-31 08:00:00,171,80,91
2017-08-31 09:00:00,118,65,53
2017-08-31 10:00:00,111,49,62
2017-08-31 11:00:00,106,44,62
2017-08-31 12:00:00,153,73,80
2017-08-31 13:00:00,118,58,60
2017-08-31 14:00:00,158,78,80
2017-08-31 15:00:00,155,88,67
2017-08-31 16:00:00,191,72,119
2017-08-31 17:00:00,245,117,128
2017-08-31 18:00:00,280,148,132
2017-08-31 19:00:00,261,150,111
2017-08-31 20:00:00,204,97,107
2017-08-31 21:00:00,25,8,17
2017-08-31 22:00:00,15,7,8
2017-08-31 23:00:00,5,4,1
2017-09-01 00:00:00,5,2,3
2017-09-01 01:00:00,1,0,1
2017-09-01 02:00:00,3,2,1
2017-09-01 03:00:00,2,0,2
2017-09-01 04:00:00,0,0,0
2017-09-01 05:00:00,5,3,2
2017-09-01 06:00:00,90,56,34
2017-09-01 07:00:00,162,75,87
2017-09-01 08:00:00,160,72,88
2017-09-01 09:00:00,170,66,104
2017-09-01 10:00:00,163,85,78
2017-09-01 11:00:00,157,72,85
2017-09-01 12:00:00,279,139,140
2017-09-01 13:00:00,206,86,120
2017-09-01 14:00:00,177,85,92
2017-09-01 15:00:00,180,86,94
2017-09-01 16:00:00,174,78,96
2017-09-01 17:00:00,140,60,80
2017-09-01 18:00:00,157,95,62
2017-09-01 19:00:00,230,119,111
2017-09-01 20:00:00,137,48,89
2017-09-01 21:00:00,33,13,20
2017-09-01 22:00:00,22,13,9
2017-09-01 23:00:00,13,7,6
2017-09-02 00:00:00,10,4,6
2017-09-02 01:00:00,7,3,4
2017-09-02 02:00:00,6,4,2
2017-09-02 03:00:00,3,2,1
2017-09-02 04:00:00,3,2,1
2017-09-02 05:00:00,7,5,2
2017-09-02 06:00:00,49,31,18
2017-09-02 07:00:00,142,82,60
2017-09-02 08:00:00,181,87,94
2017-09-02 09:00:00,250,133,117
2017-09-02 10:00:00,275,138,137
2017-09-02 11:00:00,316,155,161
2017-09-02 12:00:00,272,130,142
2017-09-02 13:00:00,227,102,125
2017-09-02 14:00:00,235,106,129
2017-09-02 15:00:00,267,114,153
2017-09-02 16:00:00,192,93,99
2017-09-02 17:00:00,178,99,79
2017-09-02 18:00:00,154,71,83
2017-09-02 19:00:00,209,100,109
2017-09-02 20:00:00,138,46,92
2017-09-02 21:00:00,28,9,19
2017-09-02 22:00:00,16,11,5
2017-09-02 23:00:00,14,7,7
2017-09-03 00:00:00,9,5,4
2017-09-03 01:00:00,8,4,4
2017-09-03 02:00:00,3,1,2
2017-09-03 03:00:00,5,2,3
2017-09-03 04:00:00,3,1,2
2017-09-03 05:00:00,0,0,0
2017-09-03 06:00:00,25,18,7
2017-09-03 07:00:00,113,65,48
2017-09-03 08:00:00,188,95,93
2017-09-03 09:00:00,227,114,113
2017-09-03 10:00:00,219,102,117
2017-09-03 11:00:00,251,116,135
2017-09-03 12:00:00,234,121,113
2017-09-03 13:00:00,213,104,109
2017-09-03 14:00:00,168,65,103
2017-09-03 15:00:00,136,66,70
2017-09-03 16:00:00,151,68,83
2017-09-03 17:00:00,181,87,94
2017-09-03 18:00:00,215,100,115
2017-09-03 19:00:00,238,115,123
2017-09-03 20:00:00,149,45,104
2017-09-03 21:00:00,13,7,6
2017-09-03 22:00:00,18,12,6
2017-09-03 23:00:00,19,10,9
2017-09-04 00:00:00,23,13,10
2017-09-04 01:00:00,7,3,4
2017-09-04 02:00:00,2,0,2
2017-09-04 03:00:00,1,1,0
2017-09-04 04:00:00,3,1,2
2017-09-04 05:00:00,2,2,0
2017-09-04 06:00:00,28,19,9
2017-09-04 07:00:00,96,57,39
2017-09-04 08:00:00,189,97,92
2017-09-04 09:00:00,222,119,103
2017-09-04 10:00:00,294,140,154
2017-09-04 11:00:00,280,124,156
2017-09-04 12:00:00,215,89,126
2017-09-04 13:00:00,196,84,112
2017-09-04 14:00:00,176,64,112
2017-09-04 15:00:00,162,74,88
2017-09-04 16:00:00,173,80,93
2017-09-04 17:00:00,153,73,80
2017-09-04 18:00:00,184,98,86
2017-09-04 19:00:00,221,99,122
2017-09-04 20:00:00,102,35,67
2017-09-04 21:00:00,35,14,21
2017-09-04 22:00:00,18,9,9
2017-09-04 23:00:00,9,3,6
2017-09-05 00:00:00,3,1,2
2017-09-05 01:00:00,2,2,0
2017-09-05 02:00:00,2,0,2
2017-09-05 03:00:00,0,0,0
2017-09-05 04:00:00,5,3,2
2017-09-05 05:00:00,18,13,5
2017-09-05 06:00:00,101,64,37
2017-09-05 07:00:00,170,71,99
2017-09-05 08:00:00,103,55,48
2017-09-05 09:00:00,116,53,63
2017-09-05 10:00:00,108,51,57
2017-09-05 11:00:00,93,48,45
2017-09-05 12:00:00,183,89,94
2017-09-05 13:00:00,139,71,68
2017-09-05 14:00:00,84,40,44
2017-09-05 15:00:00,89,35,54
2017-09-05 16:00:00,101,50,51
2017-09-05 17:00:00,126,72,54
2017-09-05 18:00:00,122,70,52
2017-09-05 19:00:00,143,66,77
2017-09-05 20:00:00,72,25,47
2017-09-05 21:00:00,12,4,8
2017-09-05 22:00:00,11,4,7
2017-09-05 23:00:00,7,4,3
2017-09-06 00:00:00,11,4,7
2017-09-06 01:00:00,4,3,1
2017-09-06 02:00:00,1,0,1
2017-09-06 03:00:00,2,1,1
2017-09-06 04:00:00,3,0,3
2017-09-06 05:00:00,15,9,6
2017-09-06 06:00:00,133,84,49
2017-09-06 07:00:00,171,84,87
2017-09-06 08:00:00,131,60,71
2017-09-06 09:00:00,98,46,52
2017-09-06 10:00:00,86,35,51
2017-09-06 11:00:00,131,57,74
2017-09-06 12:00:00,220,114,106
2017-09-06 13:00:00,166,77,89
2017-09-06 14:00:00,100,50,50
2017-09-06 15:00:00,105,52,53
2017-09-06 16:00:00,103,48,55
2017-09-06 17:00:00,154,78,76
2017-09-06 18:00:00,178,91,87
2017-09-06 19:00:00,145,73,72
2017-09-06 20:00:00,68,19,49
2017-09-06 21:00:00,15,7,8
2017-09-06 22:00:00,17,10,7
2017-09-06 23:00:00,1,0,1
2017-09-07 00:00:00,6,2,4
2017-09-07 01:00:00,1,0,1
2017-09-07 02:00:00,1,1,0
2017-09-07 03:00:00,3,1,2
2017-09-07 04:00:00,5,3,2
2017-09-07 05:00:00,13,8,5
2017-09-07 06:00:00,116,70,46
2017-09-07 07:00:00,181,92,89
2017-09-07 08:00:00,154,84,70
2017-09-07 09:00:00,111,56,55
2017-09-07 10:00:00,94,54,40
2017-09-07 11:00:00,140,80,60
2017-09-07 12:00:00,265,124,141
2017-09-07 13:00:00,183,88,95
2017-09-07 14:00:00,159,75,84
2017-09-07 15:00:00,119,57,62
2017-09-07 16:00:00,121,55,66
2017-09-07 17:00:00,173,95,78
2017-09-07 18:00:00,202,101,101
2017-09-07 19:00:00,164,83,81
2017-09-07 20:00:00,72,24,48
2017-09-07 21:00:00,21,12,9
2017-09-07 22:00:00,16,5,11
2017-09-07 23:00:00,6,2,4
2017-09-08 00:00:00,2,2,0
2017-09-08 01:00:00,4,1,3
2017-09-08 02:00:00,3,2,1
2017-09-08 03:00:00,2,2,0
2017-09-08 04:00:00,3,2,1
2017-09-08 05:00:00,19,9,10
2017-09-08 06:00:00,84,49,35
2017-09-08 07:00:00,169,86,83
2017-09-08 08:00:00,149,69,80
2017-09-08 09:00:00,117,58,59
2017-09-08 10:00:00,112,50,62
2017-09-08 11:00:00,156,75,81
2017-09-08 12:00:00,242,118,124
2017-09-08 13:00:00,149,70,79
2017-09-08 14:00:00,152,74,78
2017-09-08 15:00:00,144,65,79
2017-09-08 16:00:00,132,60,72
2017-09-08 17:00:00,165,88,77
2017-09-08 18:00:00,167,75,92
2017-09-08 19:00:00,133,54,79
2017-09-08 20:00:00,43,19,24
2017-09-08 21:00:00,18,6,12
2017-09-08 22:00:00,16,7,9
2017-09-08 23:00:00,7,4,3
2017-09-09 00:00:00,2,0,2
2017-09-09 01:00:00,3,2,1
2017-09-09 02:00:00,8,3,5
2017-09-09 03:00:00,6,1,5
2017-09-09 04:00:00,1,0,1
2017-09-09 05:00:00,3,1,2
2017-09-09 06:00:00,26,17,9
2017-09-09 07:00:00,115,70,45
2017-09-09 08:00:00,203,102,101
2017-09-09 09:00:00,194,93,101
2017-09-09 10:00:00,171,83,88
2017-09-09 11:00:00,204,95,109
2017-09-09 12:00:00,212,92,120
2017-09-09 13:00:00,161,87,74
2017-09-09 14:00:00,155,70,85
2017-09-09 15:00:00,132,65,67
2017-09-09 16:00:00,157,71,86
2017-09-09 17:00:00,136,63,73
2017-09-09 18:00:00,110,51,59
2017-09-09 19:00:00,106,42,64
2017-09-09 20:00:00,41,15,26
2017-09-09 21:00:00,15,7,8
2017-09-09 22:00:00,15,9,6
2017-09-09 23:00:00,8,2,6
2017-09-10 00:00:00,8,5,3
2017-09-10 01:00:00,6,3,3
2017-09-10 02:00:00,4,1,3
2017-09-10 03:00:00,6,3,3
2017-09-10 04:00:00,3,2,1
2017-09-10 05:00:00,8,4,4
2017-09-10 06:00:00,36,25,11
2017-09-10 07:00:00,101,65,36
2017-09-10 08:00:00,182,89,93
2017-09-10 09:00:00,237,115,122
2017-09-10 10:00:00,282,139,143
2017-09-10 11:00:00,273,139,134
2017-09-10 12:00:00,225,82,143
2017-09-10 13:00:00,190,96,94
2017-09-10 14:00:00,226,91,135
2017-09-10 15:00:00,229,113,116
2017-09-10 16:00:00,274,133,141
2017-09-10 17:00:00,310,132,178
2017-09-10 18:00:00,296,155,141
2017-09-10 19:00:00,262,102,160
2017-09-10 20:00:00,95,38,57
2017-09-10 21:00:00,20,6,14
2017-09-10 22:00:00,7,3,4
2017-09-10 23:00:00,4,1,3
2017-09-11 00:00:00,2,2,0
2017-09-11 01:00:00,0,0,0
2017-09-11 02:00:00,4,2,2
2017-09-11 03:00:00,0,0,0
2017-09-11 04:00:00,3,1,2
2017-09-11 05:00:00,7,4,3
2017-09-11 06:00:00,86,47,39
2017-09-11 07:00:00,153,82,71
2017-09-11 08:00:00,140,65,75
2017-09-11 09:00:00,121,53,68
2017-09-11 10:00:00,140,58,82
2017-09-11 11:00:00,220,124,96
2017-09-11 12:00:00,388,203,185
2017-09-11 13:00:00,265,118,147
2017-09-11 14:00:00,156,74,82
2017-09-11 15:00:00,179,77,102
2017-09-11 16:00:00,209,98,111
2017-09-11 17:00:00,263,138,125
2017-09-11 18:00:00,265,126,139
2017-09-11 19:00:00,351,161,190
2017-09-11 20:00:00,117,35,82
2017-09-11 21:00:00,18,10,8
2017-09-11 22:00:00,7,2,5
2017-09-11 23:00:00,3,0,3
2017-09-12 00:00:00,6,3,3
2017-09-12 01:00:00,0,0,0
2017-09-12 02:00:00,6,5,1
2017-09-12 03:00:00,2,1,1
2017-09-12 04:00:00,8,5,3
2017-09-12 05:00:00,39,25,14
2017-09-12 06:00:00,316,232,84
2017-09-12 07:00:00,342,105,237
2017-09-12 08:00:00,141,69,72
2017-09-12 09:00:00,135,61,74
2017-09-12 10:00:00,131,67,64
2017-09-12 11:00:00,182,97,85
2017-09-12 12:00:00,366,183,183
2017-09-12 13:00:00,221,107,114
2017-09-12 14:00:00,156,64,92
2017-09-12 15:00:00,122,73,49
2017-09-12 16:00:00,171,81,90
2017-09-12 17:00:00,257,140,117
2017-09-12 18:00:00,321,171,150
2017-09-12 19:00:00,249,124,125
2017-09-12 20:00:00,55,15,40
2017-09-12 21:00:00,12,9,3
2017-09-12 22:00:00,15,12,3
2017-09-12 23:00:00,12,6,6
2017-09-13 00:00:00,3,1,2
2017-09-13 01:00:00,6,3,3
2017-09-13 02:00:00,1,1,0
2017-09-13 03:00:00,6,3,3
2017-09-13 04:00:00,6,2,4
2017-09-13 05:00:00,27,13,14
2017-09-13 06:00:00,124,87,37
2017-09-13 07:00:00,203,90,113
2017-09-13 08:00:00,146,61,85
2017-09-13 09:00:00,97,40,57
2017-09-13 10:00:00,88,43,45
2017-09-13 11:00:00,161,80,81
2017-09-13 12:00:00,334,167,167
2017-09-13 13:00:00,144,66,78
2017-09-13 14:00:00,160,78,82
2017-09-13 15:00:00,165,86,79
2017-09-13 16:00:00,186,94,92
2017-09-13 17:00:00,253,149,104
2017-09-13 18:00:00,296,155,141
2017-09-13 19:00:00,287,140,147
2017-09-13 20:00:00,83,24,59
2017-09-13 21:00:00,23,14,9
2017-09-13 22:00:00,13,7,6
2017-09-13 23:00:00,4,3,1
2017-09-14 00:00:00,6,3,3
2017-09-14 01:00:00,7,4,3
2017-09-14 02:00:00,1,0,1
2017-09-14 03:00:00,2,1,1
2017-09-14 04:00:00,6,2,4
2017-09-14 05:00:00,21,12,9
2017-09-14 06:00:00,144,92,52
2017-09-14 07:00:00,216,99,117
2017-09-14 08:00:00,168,71,97
2017-09-14 09:00:00,129,62,67
2017-09-14 10:00:00,112,50,62
2017-09-14 11:00:00,154,89,65
2017-09-14 12:00:00,331,163,168
2017-09-14 13:00:00,204,81,123
2017-09-14 14:00:00,187,91,96
2017-09-14 15:00:00,154,80,74
2017-09-14 16:00:00,214,100,114
2017-09-14 17:00:00,243,125,118
2017-09-14 18:00:00,241,114,127
2017-09-14 19:00:00,286,123,163
2017-09-14 20:00:00,74,22,52
2017-09-14 21:00:00,13,7,6
2017-09-14 22:00:00,16,8,8
2017-09-14 23:00:00,6,5,1
2017-09-15 00:00:00,10,5,5
2017-09-15 01:00:00,1,0,1
2017-09-15 02:00:00,5,2,3
2017-09-15 03:00:00,2,1,1
2017-09-15 04:00:00,2,1,1
2017-09-15 05:00:00,13,6,7
2017-09-15 06:00:00,86,50,36
2017-09-15 07:00:00,185,100,85
2017-09-15 08:00:00,168,74,94
2017-09-15 09:00:00,155,71,84
2017-09-15 10:00:00,127,62,65
2017-09-15 11:00:00,220,113,107
2017-09-15 12:00:00,298,144,154
2017-09-15 13:00:00,188,91,97
2017-09-15 14:00:00,154,63,91
2017-09-15 15:00:00,146,67,79
2017-09-15 16:00:00,184,81,103
2017-09-15 17:00:00,221,115,106
2017-09-15 18:00:00,197,98,99
2017-09-15 19:00:00,181,76,105
2017-09-15 20:00:00,52,18,34
2017-09-15 21:00:00,37,15,22
2017-09-15 22:00:00,20,10,10
2017-09-15 23:00:00,11,6,5
2017-09-16 00:00:00,6,4,2
2017-09-16 01:00:00,2,0,2
2017-09-16 02:00:00,5,2,3
2017-09-16 03:00:00,0,0,0
2017-09-16 04:00:00,1,1,0
2017-09-16 05:00:00,6,3,3
2017-09-16 06:00:00,29,23,6
2017-09-16 07:00:00,112,60,52
2017-09-16 08:00:00,176,96,80
2017-09-16 09:00:00,283,145,138
2017-09-16 10:00:00,189,92,97
2017-09-16 11:00:00,231,104,127
2017-09-16 12:00:00,213,98,115
2017-09-16 13:00:00,197,100,97
2017-09-16 14:00:00,205,98,107
2017-09-16 15:00:00,233,111,122
2017-09-16 16:00:00,181,81,100
2017-09-16 17:00:00,194,94,100
2017-09-16 18:00:00,180,84,96
2017-09-16 19:00:00,156,58,98
2017-09-16 20:00:00,39,16,23
2017-09-16 21:00:00,16,9,7
2017-09-16 22:00:00,10,5,5
2017-09-16 23:00:00,5,3,2
2017-09-17 00:00:00,8,0,8
2017-09-17 01:00:00,2,1,1
2017-09-17 02:00:00,2,2,0
2017-09-17 03:00:00,7,3,4
2017-09-17 04:00:00,1,1,0
2017-09-17 05:00:00,5,4,1
2017-09-17 06:00:00,29,15,14
2017-09-17 07:00:00,93,55,38
2017-09-17 08:00:00,163,90,73
2017-09-17 09:00:00,211,89,122
2017-09-17 10:00:00,212,106,106
2017-09-17 11:00:00,205,102,103
2017-09-17 12:00:00,266,155,111
2017-09-17 13:00:00,281,214,67
2017-09-17 14:00:00,132,94,38
2017-09-17 15:00:00,43,22,21
2017-09-17 16:00:00,51,26,25
2017-09-17 17:00:00,75,30,45
2017-09-17 18:00:00,50,25,25
2017-09-17 19:00:00,77,35,42
2017-09-17 20:00:00,24,12,12
2017-09-17 21:00:00,10,8,2
2017-09-17 22:00:00,9,2,7
2017-09-17 23:00:00,3,1,2
2017-09-18 00:00:00,4,2,2
2017-09-18 01:00:00,3,1,2
2017-09-18 02:00:00,4,2,2
2017-09-18 03:00:00,2,1,1
2017-09-18 04:00:00,4,1,3
2017-09-18 05:00:00,16,9,7
2017-09-18 06:00:00,52,27,25
2017-09-18 07:00:00,122,62,60
2017-09-18 08:00:00,88,48,40
2017-09-18 09:00:00,96,48,48
2017-09-18 10:00:00,101,60,41
2017-09-18 11:00:00,175,80,95
2017-09-18 12:00:00,296,160,136
2017-09-18 13:00:00,180,77,103
2017-09-18 14:00:00,177,87,90
2017-09-18 15:00:00,137,57,80
2017-09-18 16:00:00,42,15,27
2017-09-18 17:00:00,99,62,37
2017-09-18 18:00:00,90,51,39
2017-09-18 19:00:00,49,21,28
2017-09-18 20:00:00,10,6,4
2017-09-18 21:00:00,5,2,3
2017-09-18 22:00:00,1,1,0
2017-09-18 23:00:00,3,2,1
2017-09-19 00:00:00,4,2,2
2017-09-19 01:00:00,0,0,0
2017-09-19 02:00:00,1,1,0
2017-09-19 03:00:00,8,6,2
2017-09-19 04:00:00,5,2,3
2017-09-19 05:00:00,18,11,7
2017-09-19 06:00:00,83,53,30
2017-09-19 07:00:00,151,70,81
2017-09-19 08:00:00,108,45,63
2017-09-19 09:00:00,107,53,54
2017-09-19 10:00:00,68,35,33
2017-09-19 11:00:00,137,72,65
2017-09-19 12:00:00,236,120,116
2017-09-19 13:00:00,105,46,59
2017-09-19 14:00:00,72,34,38
2017-09-19 15:00:00,53,26,27
2017-09-19 16:00:00,71,38,33
2017-09-19 17:00:00,119,61,58
2017-09-19 18:00:00,51,23,28
2017-09-19 19:00:00,43,22,21
2017-09-19 20:00:00,15,5,10
2017-09-19 21:00:00,15,10,5
2017-09-19 22:00:00,4,3,1
2017-09-19 23:00:00,6,4,2
2017-09-20 00:00:00,5,2,3
2017-09-20 01:00:00,3,1,2
2017-09-20 02:00:00,2,2,0
2017-09-20 03:00:00,2,1,1
2017-09-20 04:00:00,8,5,3
2017-09-20 05:00:00,13,8,5
2017-09-20 06:00:00,105,51,54
2017-09-20 07:00:00,147,68,79
2017-09-20 08:00:00,101,47,54
2017-09-20 09:00:00,82,42,40
2017-09-20 10:00:00,95,39,56
2017-09-20 11:00:00,117,53,64
2017-09-20 12:00:00,202,101,101
2017-09-20 13:00:00,165,86,79
2017-09-20 14:00:00,111,48,63
2017-09-20 15:00:00,120,49,71
2017-09-20 16:00:00,138,67,71
2017-09-20 17:00:00,187,104,83
2017-09-20 18:00:00,227,125,102
2017-09-20 19:00:00,149,63,86
2017-09-20 20:00:00,20,7,13
2017-09-20 21:00:00,12,5,7
2017-09-20 22:00:00,3,3,0
2017-09-20 23:00:00,5,3,2
2017-09-21 00:00:00,4,2,2
2017-09-21 01:00:00,1,0,1
2017-09-21 02:00:00,0,0,0
2017-09-21 03:00:00,2,0,2
2017-09-21 04:00:00,2,0,2
2017-09-21 05:00:00,10,8,2
2017-09-21 06:00:00,75,43,32
2017-09-21 07:00:00,125,58,67
2017-09-21 08:00:00,117,57,60
2017-09-21 09:00:00,93,47,46
2017-09-21 10:00:00,79,32,47
2017-09-21 11:00:00,126,75,51
2017-09-21 12:00:00,247,124,123
2017-09-21 13:00:00,178,80,98
2017-09-21 14:00:00,154,87,67
2017-09-21 15:00:00,154,71,83
2017-09-21 16:00:00,192,89,103
2017-09-21 17:00:00,183,97,86
2017-09-21 18:00:00,239,120,119
2017-09-21 19:00:00,165,66,99
2017-09-21 20:00:00,19,8,11
2017-09-21 21:00:00,14,9,5
2017-09-21 22:00:00,11,6,5
2017-09-21 23:00:00,2,1,1
2017-09-22 00:00:00,2,0,2
2017-09-22 01:00:00,0,0,0
2017-09-22 02:00:00,0,0,0
2017-09-22 03:00:00,0,0,0
2017-09-22 04:00:00,3,2,1
2017-09-22 05:00:00,8,4,4
2017-09-22 06:00:00,65,39,26
2017-09-22 07:00:00,168,84,84
2017-09-22 08:00:00,135,61,74
2017-09-22 09:00:00,152,64,88
2017-09-22 10:00:00,120,56,64
2017-09-22 11:00:00,207,99,108
2017-09-22 12:00:00,300,147,153
2017-09-22 13:00:00,192,92,100
2017-09-22 14:00:00,182,90,92
2017-09-22 15:00:00,163,75,88
2017-09-22 16:00:00,190,75,115
2017-09-22 17:00:00,210,116,94
2017-09-22 18:00:00,223,111,112
2017-09-22 19:00:00,183,74,109
2017-09-22 20:00:00,26,9,17
2017-09-22 21:00:00,8,6,2
2017-09-22 22:00:00,4,1,3
2017-09-22 23:00:00,9,6,3
2017-09-23 00:00:00,2,1,1
2017-09-23 01:00:00,6,3,3
2017-09-23 02:00:00,3,0,3
2017-09-23 03:00:00,1,0,1
2017-09-23 04:00:00,2,1,1
2017-09-23 05:00:00,5,3,2
2017-09-23 06:00:00,21,12,9
2017-09-23 07:00:00,94,52,42
2017-09-23 08:00:00,175,96,79
2017-09-23 09:00:00,277,147,130
2017-09-23 10:00:00,275,121,154
2017-09-23 11:00:00,239,107,132
2017-09-23 12:00:00,229,100,129
2017-09-23 13:00:00,219,104,115
2017-09-23 14:00:00,266,143,123
2017-09-23 15:00:00,223,97,126
2017-09-23 16:00:00,236,103,133
2017-09-23 17:00:00,205,92,113
2017-09-23 18:00:00,207,86,121
2017-09-23 19:00:00,125,40,85
2017-09-23 20:00:00,36,16,20
2017-09-23 21:00:00,13,10,3
2017-09-23 22:00:00,13,8,5
2017-09-23 23:00:00,8,5,3
2017-09-24 00:00:00,2,1,1
2017-09-24 01:00:00,2,0,2
2017-09-24 02:00:00,1,1,0
2017-09-24 03:00:00,1,0,1
2017-09-24 04:00:00,2,1,1
2017-09-24 05:00:00,3,2,1
2017-09-24 06:00:00,25,15,10
2017-09-24 07:00:00,96,55,41
2017-09-24 08:00:00,178,92,86
2017-09-24 09:00:00,169,95,74
2017-09-24 10:00:00,234,121,113
2017-09-24 11:00:00,233,117,116
2017-09-24 12:00:00,245,113,132
2017-09-24 13:00:00,231,123,108
2017-09-24 14:00:00,241,104,137
2017-09-24 15:00:00,261,125,136
2017-09-24 16:00:00,260,151,109
2017-09-24 17:00:00,316,153,163
2017-09-24 18:00:00,255,121,134
2017-09-24 19:00:00,162,59,103
2017-09-24 20:00:00,28,12,16
2017-09-24 21:00:00,19,7,12
2017-09-24 22:00:00,3,1,2
2017-09-24 23:00:00,3,2,1
2017-09-25 00:00:00,5,2,3
2017-09-25 01:00:00,1,0,1
2017-09-25 02:00:00,6,2,4
2017-09-25 03:00:00,1,1,0
2017-09-25 04:00:00,3,0,3
2017-09-25 05:00:00,8,4,4
2017-09-25 06:00:00,69,45,24
2017-09-25 07:00:00,132,63,69
2017-09-25 08:00:00,124,50,74
2017-09-25 09:00:00,79,30,49
2017-09-25 10:00:00,107,44,63
2017-09-25 11:00:00,159,90,69
2017-09-25 12:00:00,236,129,107
2017-09-25 13:00:00,120,53,67
2017-09-25 14:00:00,102,48,54
2017-09-25 15:00:00,124,70,54
2017-09-25 16:00:00,118,50,68
2017-09-25 17:00:00,207,112,95
2017-09-25 18:00:00,201,102,99
2017-09-25 19:00:00,147,60,87
2017-09-25 20:00:00,23,9,14
2017-09-25 21:00:00,13,10,3
2017-09-25 22:00:00,11,5,6
2017-09-25 23:00:00,5,3,2
2017-09-26 00:00:00,8,5,3
2017-09-26 01:00:00,1,0,1
2017-09-26 02:00:00,0,0,0
2017-09-26 03:00:00,3,2,1
2017-09-26 04:00:00,6,2,4
2017-09-26 05:00:00,24,15,9
2017-09-26 06:00:00,123,73,50
2017-09-26 07:00:00,218,98,120
2017-09-26 08:00:00,135,70,65
2017-09-26 09:00:00,93,40,53
2017-09-26 10:00:00,134,71,63
2017-09-26 11:00:00,228,103,125
2017-09-26 12:00:00,392,211,181
2017-09-26 13:00:00,208,97,111
2017-09-26 14:00:00,195,107,88
2017-09-26 15:00:00,144,65,79
2017-09-26 16:00:00,214,111,103
2017-09-26 17:00:00,314,168,146
2017-09-26 18:00:00,381,191,190
2017-09-26 19:00:00,219,90,129
2017-09-26 20:00:00,48,20,28
2017-09-26 21:00:00,16,5,11
2017-09-26 22:00:00,18,9,9
2017-09-26 23:00:00,6,5,1
2017-09-27 00:00:00,4,3,1
2017-09-27 01:00:00,1,0,1
2017-09-27 02:00:00,0,0,0
2017-09-27 03:00:00,3,2,1
2017-09-27 04:00:00,2,0,2
2017-09-27 05:00:00,26,16,10
2017-09-27 06:00:00,118,72,46
2017-09-27 07:00:00,238,99,139
2017-09-27 08:00:00,132,52,80
2017-09-27 09:00:00,110,57,53
2017-09-27 10:00:00,108,56,52
2017-09-27 11:00:00,173,86,87
2017-09-27 12:00:00,348,183,165
2017-09-27 13:00:00,218,101,117
2017-09-27 14:00:00,193,95,98
2017-09-27 15:00:00,176,92,84
2017-09-27 16:00:00,202,95,107
2017-09-27 17:00:00,263,155,108
2017-09-27 18:00:00,347,197,150
2017-09-27 19:00:00,275,104,171
2017-09-27 20:00:00,48,18,30
2017-09-27 21:00:00,10,6,4
2017-09-27 22:00:00,14,10,4
2017-09-27 23:00:00,8,5,3
2017-09-28 00:00:00,8,3,5
2017-09-28 01:00:00,4,2,2
2017-09-28 02:00:00,4,2,2
2017-09-28 03:00:00,2,1,1
2017-09-28 04:00:00,3,1,2
2017-09-28 05:00:00,19,12,7
2017-09-28 06:00:00,104,60,44
2017-09-28 07:00:00,204,88,116
2017-09-28 08:00:00,139,60,79
2017-09-28 09:00:00,131,63,68
2017-09-28 10:00:00,129,57,72
2017-09-28 11:00:00,176,80,96
2017-09-28 12:00:00,326,176,150
2017-09-28 13:00:00,256,129,127
2017-09-28 14:00:00,192,96,96
2017-09-28 15:00:00,154,62,92
2017-09-28 16:00:00,227,114,113
2017-09-28 17:00:00,252,148,104
2017-09-28 18:00:00,337,180,157
2017-09-28 19:00:00,268,112,156
2017-09-28 20:00:00,64,22,42
2017-09-28 21:00:00,25,10,15
2017-09-28 22:00:00,6,3,3
2017-09-28 23:00:00,6,3,3
2017-09-29 00:00:00,3,1,2
2017-09-29 01:00:00,8,3,5
2017-09-29 02:00:00,2,1,1
2017-09-29 03:00:00,2,0,2
2017-09-29 04:00:00,5,2,3
2017-09-29 05:00:00,7,5,2
2017-09-29 06:00:00,59,34,25
2017-09-29 07:00:00,185,96,89
2017-09-29 08:00:00,101,45,56
2017-09-29 09:00:00,48,12,36
2017-09-29 10:00:00,63,34,29
2017-09-29 11:00:00,56,31,25
2017-09-29 12:00:00,130,72,58
2017-09-29 13:00:00,84,28,56
2017-09-29 14:00:00,113,60,53
2017-09-29 15:00:00,121,65,56
2017-09-29 16:00:00,146,67,79
2017-09-29 17:00:00,186,93,93
2017-09-29 18:00:00,195,86,109
2017-09-29 19:00:00,96,35,61
2017-09-29 20:00:00,24,4,20
2017-09-29 21:00:00,9,7,2
2017-09-29 22:00:00,8,5,3
2017-09-29 23:00:00,9,4,5
2017-09-30 00:00:00,4,2,2
2017-09-30 01:00:00,5,2,3
2017-09-30 02:00:00,2,2,0
2017-09-30 03:00:00,0,0,0
2017-09-30 04:00:00,0,0,0
2017-09-30 05:00:00,1,0,1
2017-09-30 06:00:00,21,13,8
2017-09-30 07:00:00,59,34,25
2017-09-30 08:00:00,139,71,68
2017-09-30 09:00:00,227,131,96
2017-09-30 10:00:00,214,88,126
2017-09-30 11:00:00,198,89,109
2017-09-30 12:00:00,228,115,113
2017-09-30 13:00:00,216,99,117
2017-09-30 14:00:00,203,91,112
2017-09-30 15:00:00,146,60,86
2017-09-30 16:00:00,113,55,58
2017-09-30 17:00:00,100,50,50
2017-09-30 18:00:00,168,76,92
2017-09-30 19:00:00,62,22,40
2017-09-30 20:00:00,19,10,9
2017-09-30 21:00:00,13,8,5
2017-09-30 22:00:00,8,3,5
2017-09-30 23:00:00,4,0,4
2017-10-01 00:00:00,9,4,5
2017-10-01 01:00:00,0,0,0
2017-10-01 02:00:00,0,0,0
2017-10-01 03:00:00,2,1,1
2017-10-01 04:00:00,0,0,0
2017-10-01 05:00:00,4,2,2
2017-10-01 06:00:00,15,8,7
2017-10-01 07:00:00,81,50,31
2017-10-01 08:00:00,140,71,69
2017-10-01 09:00:00,198,111,87
2017-10-01 10:00:00,217,102,115
2017-10-01 11:00:00,190,79,111
2017-10-01 12:00:00,220,93,127
2017-10-01 13:00:00,186,89,97
2017-10-01 14:00:00,208,95,113
2017-10-01 15:00:00,179,85,94
2017-10-01 16:00:00,208,90,118
2017-10-01 17:00:00,195,96,99
2017-10-01 18:00:00,162,64,98
2017-10-01 19:00:00,101,34,67
2017-10-01 20:00:00,16,6,10
2017-10-01 21:00:00,18,8,10
2017-10-01 22:00:00,9,9,0
2017-10-01 23:00:00,5,1,4
2017-10-02 00:00:00,5,2,3
2017-10-02 01:00:00,2,1,1
2017-10-02 02:00:00,2,1,1
2017-10-02 03:00:00,0,0,0
2017-10-02 04:00:00,7,3,4
2017-10-02 05:00:00,7,3,4
2017-10-02 06:00:00,64,40,24
2017-10-02 07:00:00,145,77,68
2017-10-02 08:00:00,105,49,56
2017-10-02 09:00:00,110,56,54
2017-10-02 10:00:00,99,40,59
2017-10-02 11:00:00,122,56,66
2017-10-02 12:00:00,276,140,136
2017-10-02 13:00:00,202,102,100
2017-10-02 14:00:00,106,49,57
2017-10-02 15:00:00,130,60,70
2017-10-02 16:00:00,171,80,91
2017-10-02 17:00:00,238,116,122
2017-10-02 18:00:00,313,163,150
2017-10-02 19:00:00,159,66,93
2017-10-02 20:00:00,33,17,16
2017-10-02 21:00:00,12,5,7
2017-10-02 22:00:00,16,10,6
2017-10-02 23:00:00,5,4,1
2017-10-03 00:00:00,2,1,1
2017-10-03 01:00:00,0,0,0
2017-10-03 02:00:00,1,0,1
2017-10-03 03:00:00,0,0,0
2017-10-03 04:00:00,5,3,2
2017-10-03 05:00:00,28,17,11
2017-10-03 06:00:00,122,71,51
2017-10-03 07:00:00,169,76,93
2017-10-03 08:00:00,122,45,77
2017-10-03 09:00:00,108,51,57
2017-10-03 10:00:00,96,41,55
2017-10-03 11:00:00,148,79,69
2017-10-03 12:00:00,344,180,164
2017-10-03 13:00:00,203,88,115
2017-10-03 14:00:00,158,72,86
2017-10-03 15:00:00,180,85,95
2017-10-03 16:00:00,198,97,101
2017-10-03 17:00:00,296,161,135
2017-10-03 18:00:00,340,187,153
2017-10-03 19:00:00,186,64,122
2017-10-03 20:00:00,24,10,14
2017-10-03 21:00:00,9,3,6
2017-10-03 22:00:00,12,5,7
2017-10-03 23:00:00,4,2,2
2017-10-04 00:00:00,3,2,1
2017-10-04 01:00:00,2,0,2
2017-10-04 02:00:00,1,1,0
2017-10-04 03:00:00,3,1,2
2017-10-04 04:00:00,2,1,1
2017-10-04 05:00:00,22,15,7
2017-10-04 06:00:00,93,57,36
2017-10-04 07:00:00,184,88,96
2017-10-04 08:00:00,156,67,89
2017-10-04 09:00:00,94,38,56
2017-10-04 10:00:00,97,49,48
2017-10-04 11:00:00,161,89,72
2017-10-04 12:00:00,309,169,140
2017-10-04 13:00:00,203,93,110
2017-10-04 14:00:00,180,92,88
2017-10-04 15:00:00,179,75,104
2017-10-04 16:00:00,176,89,87
2017-10-04 17:00:00,227,130,97
2017-10-04 18:00:00,292,157,135
2017-10-04 19:00:00,161,63,98
2017-10-04 20:00:00,36,14,22
2017-10-04 21:00:00,9,5,4
2017-10-04 22:00:00,4,2,2
2017-10-04 23:00:00,7,4,3
2017-10-05 00:00:00,2,1,1
2017-10-05 01:00:00,1,1,0
2017-10-05 02:00:00,1,0,1
2017-10-05 03:00:00,4,2,2
2017-10-05 04:00:00,7,3,4
2017-10-05 05:00:00,15,11,4
2017-10-05 06:00:00,112,69,43
2017-10-05 07:00:00,167,77,90
2017-10-05 08:00:00,122,51,71
2017-10-05 09:00:00,119,53,66
2017-10-05 10:00:00,114,61,53
2017-10-05 11:00:00,147,69,78
2017-10-05 12:00:00,279,154,125
2017-10-05 13:00:00,182,81,101
2017-10-05 14:00:00,164,81,83
2017-10-05 15:00:00,143,70,73
2017-10-05 16:00:00,199,102,97
2017-10-05 17:00:00,262,138,124
2017-10-05 18:00:00,287,148,139
2017-10-05 19:00:00,165,61,104
2017-10-05 20:00:00,45,19,26
2017-10-05 21:00:00,16,8,8
2017-10-05 22:00:00,12,6,6
2017-10-05 23:00:00,3,2,1
2017-10-06 00:00:00,3,1,2
2017-10-06 01:00:00,4,1,3
2017-10-06 02:00:00,0,0,0
2017-10-06 03:00:00,0,0,0
2017-10-06 04:00:00,3,2,1
2017-10-06 05:00:00,9,4,5
2017-10-06 06:00:00,75,48,27
2017-10-06 07:00:00,148,70,78
2017-10-06 08:00:00,110,47,63
2017-10-06 09:00:00,114,53,61
2017-10-06 10:00:00,109,50,59
2017-10-06 11:00:00,109,52,57
2017-10-06 12:00:00,277,142,135
2017-10-06 13:00:00,145,65,80
2017-10-06 14:00:00,145,79,66
2017-10-06 15:00:00,108,45,63
2017-10-06 16:00:00,128,60,68
2017-10-06 17:00:00,121,69,52
2017-10-06 18:00:00,106,48,58
2017-10-06 19:00:00,39,15,24
2017-10-06 20:00:00,9,3,6
2017-10-06 21:00:00,3,1,2
2017-10-06 22:00:00,7,5,2
2017-10-06 23:00:00,3,1,2
2017-10-07 00:00:00,4,1,3
2017-10-07 01:00:00,2,1,1
2017-10-07 02:00:00,4,2,2
2017-10-07 03:00:00,2,2,0
2017-10-07 04:00:00,4,1,3
2017-10-07 05:00:00,3,1,2
2017-10-07 06:00:00,13,9,4
2017-10-07 07:00:00,67,37,30
2017-10-07 08:00:00,170,96,74
2017-10-07 09:00:00,220,114,106
2017-10-07 10:00:00,199,88,111
2017-10-07 11:00:00,204,94,110
2017-10-07 12:00:00,180,75,105
2017-10-07 13:00:00,148,70,78
2017-10-07 14:00:00,174,76,98
2017-10-07 15:00:00,78,37,41
2017-10-07 16:00:00,104,47,57
2017-10-07 17:00:00,126,61,65
2017-10-07 18:00:00,106,45,61
2017-10-07 19:00:00,39,18,21
2017-10-07 20:00:00,26,10,16
2017-10-07 21:00:00,8,3,5
2017-10-07 22:00:00,6,4,2
2017-10-07 23:00:00,4,2,2
2017-10-08 00:00:00,2,2,0
2017-10-08 01:00:00,4,1,3
2017-10-08 02:00:00,2,1,1
2017-10-08 03:00:00,7,4,3
2017-10-08 04:00:00,1,0,1
2017-10-08 05:00:00,2,2,0
2017-10-08 06:00:00,13,7,6
2017-10-08 07:00:00,52,29,23
2017-10-08 08:00:00,109,58,51
2017-10-08 09:00:00,149,87,62
2017-10-08 10:00:00,177,82,95
2017-10-08 11:00:00,189,87,102
2017-10-08 12:00:00,188,94,94
2017-10-08 13:00:00,150,71,79
2017-10-08 14:00:00,209,101,108
2017-10-08 15:00:00,212,95,117
2017-10-08 16:00:00,311,169,142
2017-10-08 17:00:00,363,164,199
2017-10-08 18:00:00,247,111,136
2017-10-08 19:00:00,111,36,75
2017-10-08 20:00:00,17,10,7
2017-10-08 21:00:00,4,3,1
2017-10-08 22:00:00,7,2,5
2017-10-08 23:00:00,3,1,2
2017-10-09 00:00:00,0,0,0
2017-10-09 01:00:00,1,1,0
2017-10-09 02:00:00,2,1,1
2017-10-09 03:00:00,2,1,1
2017-10-09 04:00:00,2,0,2
2017-10-09 05:00:00,12,5,7
2017-10-09 06:00:00,55,35,20
2017-10-09 07:00:00,95,44,51
2017-10-09 08:00:00,111,52,59
2017-10-09 09:00:00,120,55,65
2017-10-09 10:00:00,110,53,57
2017-10-09 11:00:00,167,89,78
2017-10-09 12:00:00,328,184,144
2017-10-09 13:00:00,218,104,114
2017-10-09 14:00:00,180,83,97
2017-10-09 15:00:00,167,88,79
2017-10-09 16:00:00,191,98,93
2017-10-09 17:00:00,277,140,137
2017-10-09 18:00:00,235,114,121
2017-10-09 19:00:00,79,27,52
2017-10-09 20:00:00,13,7,6
2017-10-09 21:00:00,14,6,8
2017-10-09 22:00:00,5,2,3
2017-10-09 23:00:00,3,2,1
2017-10-10 00:00:00,6,2,4
2017-10-10 01:00:00,1,0,1
2017-10-10 02:00:00,1,0,1
2017-10-10 03:00:00,1,1,0
2017-10-10 04:00:00,4,3,1
2017-10-10 05:00:00,14,9,5
2017-10-10 06:00:00,105,62,43
2017-10-10 07:00:00,172,86,86
2017-10-10 08:00:00,115,45,70
2017-10-10 09:00:00,74,35,39
2017-10-10 10:00:00,78,37,41
2017-10-10 11:00:00,118,68,50
2017-10-10 12:00:00,177,79,98
2017-10-10 13:00:00,108,54,54
2017-10-10 14:00:00,89,38,51
2017-10-10 15:00:00,101,59,42
2017-10-10 16:00:00,146,56,90
2017-10-10 17:00:00,175,85,90
2017-10-10 18:00:00,191,89,102
2017-10-10 19:00:00,79,38,41
2017-10-10 20:00:00,24,10,14
2017-10-10 21:00:00,12,6,6
2017-10-10 22:00:00,6,3,3
2017-10-10 23:00:00,3,1,2
2017-10-11 00:00:00,3,2,1
2017-10-11 01:00:00,0,0,0
2017-10-11 02:00:00,0,0,0
2017-10-11 03:00:00,2,1,1
2017-10-11 04:00:00,5,3,2
2017-10-11 05:00:00,9,4,5
2017-10-11 06:00:00,88,52,36
2017-10-11 07:00:00,139,71,68
2017-10-11 08:00:00,127,64,63
2017-10-11 09:00:00,96,46,50
2017-10-11 10:00:00,75,33,42
2017-10-11 11:00:00,138,73,65
2017-10-11 12:00:00,318,166,152
2017-10-11 13:00:00,174,82,92
2017-10-11 14:00:00,166,86,80
2017-10-11 15:00:00,121,51,70
2017-10-11 16:00:00,146,57,89
2017-10-11 17:00:00,180,91,89
2017-10-11 18:00:00,161,81,80
2017-10-11 19:00:00,52,18,34
2017-10-11 20:00:00,16,7,9
2017-10-11 21:00:00,10,7,3
2017-10-11 22:00:00,6,3,3
2017-10-11 23:00:00,3,3,0
2017-10-12 00:00:00,1,0,1
2017-10-12 01:00:00,2,2,0
2017-10-12 02:00:00,0,0,0
2017-10-12 03:00:00,0,0,0
2017-10-12 04:00:00,3,2,1
2017-10-12 05:00:00,14,8,6
2017-10-12 06:00:00,74,46,28
2017-10-12 07:00:00,121,58,63
2017-10-12 08:00:00,76,35,41
2017-10-12 09:00:00,52,19,33
2017-10-12 10:00:00,47,22,25
2017-10-12 11:00:00,58,28,30
2017-10-12 12:00:00,90,43,47
2017-10-12 13:00:00,63,29,34
2017-10-12 14:00:00,57,30,27
2017-10-12 15:00:00,59,29,30
2017-10-12 16:00:00,96,38,58
2017-10-12 17:00:00,119,59,60
2017-10-12 18:00:00,106,49,57
2017-10-12 19:00:00,59,23,36
2017-10-12 20:00:00,15,8,7
2017-10-12 21:00:00,8,6,2
2017-10-12 22:00:00,6,4,2
2017-10-12 23:00:00,3,0,3
2017-10-13 00:00:00,2,2,0
2017-10-13 01:00:00,2,1,1
2017-10-13 02:00:00,0,0,0
2017-10-13 03:00:00,3,1,2
2017-10-13 04:00:00,3,1,2
2017-10-13 05:00:00,5,3,2
2017-10-13 06:00:00,58,30,28
2017-10-13 07:00:00,96,52,44
2017-10-13 08:00:00,97,49,48
2017-10-13 09:00:00,95,39,56
2017-10-13 10:00:00,89,41,48
2017-10-13 11:00:00,94,46,48
2017-10-13 12:00:00,207,104,103
2017-10-13 13:00:00,127,59,68
2017-10-13 14:00:00,102,50,52
2017-10-13 15:00:00,100,52,48
2017-10-13 16:00:00,176,96,80
2017-10-13 17:00:00,231,130,101
2017-10-13 18:00:00,162,66,96
2017-10-13 19:00:00,63,26,37
2017-10-13 20:00:00,18,10,8
2017-10-13 21:00:00,10,4,6
2017-10-13 22:00:00,11,4,7
2017-10-13 23:00:00,1,1,0
2017-10-14 00:00:00,5,3,2
2017-10-14 01:00:00,3,0,3
2017-10-14 02:00:00,0,0,0
2017-10-14 03:00:00,0,0,0
2017-10-14 04:00:00,1,0,1
2017-10-14 05:00:00,5,3,2
2017-10-14 06:00:00,12,6,6
2017-10-14 07:00:00,64,35,29
2017-10-14 08:00:00,107,48,59
2017-10-14 09:00:00,180,91,89
2017-10-14 10:00:00,174,85,89
2017-10-14 11:00:00,211,103,108
2017-10-14 12:00:00,187,85,102
2017-10-14 13:00:00,141,57,84
2017-10-14 14:00:00,135,67,68
2017-10-14 15:00:00,169,81,88
2017-10-14 16:00:00,161,71,90
2017-10-14 17:00:00,224,101,123
2017-10-14 18:00:00,185,89,96
2017-10-14 19:00:00,42,11,31
2017-10-14 20:00:00,13,6,7
2017-10-14 21:00:00,12,7,5
2017-10-14 22:00:00,3,1,2
2017-10-14 23:00:00,2,0,2
2017-10-15 00:00:00,0,0,0
2017-10-15 01:00:00,0,0,0
2017-10-15 02:00:00,1,1,0
2017-10-15 03:00:00,0,0,0
2017-10-15 04:00:00,0,0,0
2017-10-15 05:00:00,1,1,0
2017-10-15 06:00:00,13,7,6
2017-10-15 07:00:00,55,35,20
2017-10-15 08:00:00,126,70,56
2017-10-15 09:00:00,190,104,86
2017-10-15 10:00:00,224,97,127
2017-10-15 11:00:00,235,91,144
2017-10-15 12:00:00,225,108,117
2017-10-15 13:00:00,298,155,143
2017-10-15 14:00:00,332,145,187
2017-10-15 15:00:00,339,163,176
2017-10-15 16:00:00,347,168,179
2017-10-15 17:00:00,346,153,193
2017-10-15 18:00:00,211,77,134
2017-10-15 19:00:00,70,27,43
2017-10-15 20:00:00,25,11,14
2017-10-15 21:00:00,5,3,2
2017-10-15 22:00:00,4,3,1
2017-10-15 23:00:00,8,5,3
2017-10-16 00:00:00,2,0,2
2017-10-16 01:00:00,0,0,0
2017-10-16 02:00:00,2,1,1
2017-10-16 03:00:00,2,2,0
2017-10-16 04:00:00,0,0,0
2017-10-16 05:00:00,7,6,1
2017-10-16 06:00:00,72,40,32
2017-10-16 07:00:00,111,55,56
2017-10-16 08:00:00,103,46,57
2017-10-16 09:00:00,67,31,36
2017-10-16 10:00:00,80,33,47
2017-10-16 11:00:00,137,66,71
2017-10-16 12:00:00,324,181,143
2017-10-16 13:00:00,211,98,113
2017-10-16 14:00:00,146,81,65
2017-10-16 15:00:00,150,60,90
2017-10-16 16:00:00,180,91,89
2017-10-16 17:00:00,246,138,108
2017-10-16 18:00:00,212,105,107
2017-10-16 19:00:00,63,21,42
2017-10-16 20:00:00,10,6,4
2017-10-16 21:00:00,12,8,4
2017-10-16 22:00:00,16,9,7
2017-10-16 23:00:00,6,2,4
2017-10-17 00:00:00,3,1,2
2017-10-17 01:00:00,1,1,0
2017-10-17 02:00:00,0,0,0
2017-10-17 03:00:00,2,2,0
2017-10-17 04:00:00,5,3,2
2017-10-17 05:00:00,21,16,5
2017-10-17 06:00:00,107,54,53
2017-10-17 07:00:00,96,42,54
2017-10-17 08:00:00,58,33,25
2017-10-17 09:00:00,51,21,30
2017-10-17 10:00:00,35,19,16
2017-10-17 11:00:00,46,28,18
2017-10-17 12:00:00,156,80,76
2017-10-17 13:00:00,119,62,57
2017-10-17 14:00:00,98,45,53
2017-10-17 15:00:00,113,62,51
2017-10-17 16:00:00,159,73,86
2017-10-17 17:00:00,190,101,89
2017-10-17 18:00:00,164,75,89
2017-10-17 19:00:00,39,14,25
2017-10-17 20:00:00,31,18,13
2017-10-17 21:00:00,5,2,3
2017-10-17 22:00:00,4,3,1
2017-10-17 23:00:00,5,1,4
2017-10-18 00:00:00,6,2,4
2017-10-18 01:00:00,0,0,0
2017-10-18 02:00:00,1,0,1
2017-10-18 03:00:00,2,1,1
2017-10-18 04:00:00,2,1,1
2017-10-18 05:00:00,18,11,7
2017-10-18 06:00:00,84,48,36
2017-10-18 07:00:00,127,63,64
2017-10-18 08:00:00,89,43,46
2017-10-18 09:00:00,55,25,30
2017-10-18 10:00:00,40,19,21
2017-10-18 11:00:00,42,28,14
2017-10-18 12:00:00,97,45,52
2017-10-18 13:00:00,50,20,30
2017-10-18 14:00:00,44,22,22
2017-10-18 15:00:00,33,12,21
2017-10-18 16:00:00,31,18,13
2017-10-18 17:00:00,74,39,35
2017-10-18 18:00:00,22,12,10
2017-10-18 19:00:00,12,4,8
2017-10-18 20:00:00,5,3,2
2017-10-18 21:00:00,2,1,1
2017-10-18 22:00:00,2,2,0
2017-10-18 23:00:00,1,1,0
2017-10-19 00:00:00,4,2,2
2017-10-19 01:00:00,1,0,1
2017-10-19 02:00:00,0,0,0
2017-10-19 03:00:00,3,2,1
2017-10-19 04:00:00,1,0,1
2017-10-19 05:00:00,8,6,2
2017-10-19 06:00:00,49,31,18
2017-10-19 07:00:00,101,51,50
2017-10-19 08:00:00,73,26,47
2017-10-19 09:00:00,37,20,17
2017-10-19 10:00:00,49,31,18
2017-10-19 11:00:00,67,23,44
2017-10-19 12:00:00,142,73,69
2017-10-19 13:00:00,63,28,35
2017-10-19 14:00:00,47,18,29
2017-10-19 15:00:00,45,24,21
2017-10-19 16:00:00,51,23,28
2017-10-19 17:00:00,60,25,35
2017-10-19 18:00:00,57,26,31
2017-10-19 19:00:00,12,5,7
2017-10-19 20:00:00,6,4,2
2017-10-19 21:00:00,4,2,2
2017-10-19 22:00:00,7,4,3
2017-10-19 23:00:00,3,1,2
2017-10-20 00:00:00,1,1,0
2017-10-20 01:00:00,1,1,0
2017-10-20 02:00:00,0,0,0
2017-10-20 03:00:00,0,0,0
2017-10-20 04:00:00,4,2,2
2017-10-20 05:00:00,10,6,4
2017-10-20 06:00:00,67,38,29
2017-10-20 07:00:00,121,61,60
2017-10-20 08:00:00,91,41,50
2017-10-20 09:00:00,32,8,24
2017-10-20 10:00:00,34,15,19
2017-10-20 11:00:00,80,34,46
2017-10-20 12:00:00,154,78,76
2017-10-20 13:00:00,107,59,48
2017-10-20 14:00:00,105,55,50
2017-10-20 15:00:00,126,55,71
2017-10-20 16:00:00,115,56,59
2017-10-20 17:00:00,169,85,84
2017-10-20 18:00:00,128,57,71
2017-10-20 19:00:00,25,11,14
2017-10-20 20:00:00,8,3,5
2017-10-20 21:00:00,4,3,1
2017-10-20 22:00:00,6,3,3
2017-10-20 23:00:00,0,0,0
2017-10-21 00:00:00,4,1,3
2017-10-21 01:00:00,3,3,0
2017-10-21 02:00:00,1,1,0
2017-10-21 03:00:00,3,0,3
2017-10-21 04:00:00,0,0,0
2017-10-21 05:00:00,3,1,2
2017-10-21 06:00:00,5,2,3
2017-10-21 07:00:00,20,15,5
2017-10-21 08:00:00,97,51,46
2017-10-21 09:00:00,124,64,60
2017-10-21 10:00:00,83,41,42
2017-10-21 11:00:00,90,37,53
2017-10-21 12:00:00,76,38,38
2017-10-21 13:00:00,72,27,45
2017-10-21 14:00:00,71,37,34
2017-10-21 15:00:00,52,13,39
2017-10-21 16:00:00,42,21,21
2017-10-21 17:00:00,24,10,14
2017-10-21 18:00:00,22,10,12
2017-10-21 19:00:00,1,0,1
2017-10-21 20:00:00,5,4,1
2017-10-21 21:00:00,1,0,1
2017-10-21 22:00:00,2,2,0
2017-10-21 23:00:00,1,1,0
2017-10-22 00:00:00,5,4,1
2017-10-22 01:00:00,3,1,2
2017-10-22 02:00:00,1,1,0
2017-10-22 03:00:00,0,0,0
2017-10-22 04:00:00,3,2,1
2017-10-22 05:00:00,5,4,1
2017-10-22 06:00:00,17,10,7
2017-10-22 07:00:00,35,23,12
2017-10-22 08:00:00,97,46,51
2017-10-22 09:00:00,202,106,96
2017-10-22 10:00:00,227,108,119
2017-10-22 11:00:00,267,128,139
2017-10-22 12:00:00,262,96,166
2017-10-22 13:00:00,175,73,102
2017-10-22 14:00:00,170,89,81
2017-10-22 15:00:00,166,69,97
2017-10-22 16:00:00,224,100,124
2017-10-22 17:00:00,245,121,124
2017-10-22 18:00:00,159,59,100
2017-10-22 19:00:00,27,12,15
2017-10-22 20:00:00,10,8,2
2017-10-22 21:00:00,8,3,5
2017-10-22 22:00:00,3,2,1
2017-10-22 23:00:00,1,1,0
2017-10-23 00:00:00,1,1,0
2017-10-23 01:00:00,2,1,1
2017-10-23 02:00:00,3,2,1
2017-10-23 03:00:00,1,1,0
2017-10-23 04:00:00,3,2,1
2017-10-23 05:00:00,9,5,4
2017-10-23 06:00:00,64,36,28
2017-10-23 07:00:00,104,51,53
2017-10-23 08:00:00,88,41,47
2017-10-23 09:00:00,100,42,58
2017-10-23 10:00:00,106,60,46
2017-10-23 11:00:00,137,72,65
2017-10-23 12:00:00,303,158,145
2017-10-23 13:00:00,212,87,125
2017-10-23 14:00:00,163,87,76
2017-10-23 15:00:00,208,103,105
2017-10-23 16:00:00,181,89,92
2017-10-23 17:00:00,283,164,119
2017-10-23 18:00:00,224,93,131
2017-10-23 19:00:00,74,37,37
2017-10-23 20:00:00,20,13,7
2017-10-23 21:00:00,18,7,11
2017-10-23 22:00:00,8,4,4
2017-10-23 23:00:00,8,8,0
2017-10-24 00:00:00,5,2,3
2017-10-24 01:00:00,1,0,1
2017-10-24 02:00:00,1,1,0
2017-10-24 03:00:00,5,1,4
2017-10-24 04:00:00,5,3,2
2017-10-24 05:00:00,15,10,5
2017-10-24 06:00:00,112,64,48
2017-10-24 07:00:00,143,64,79
2017-10-24 08:00:00,137,66,71
2017-10-24 09:00:00,88,40,48
2017-10-24 10:00:00,91,37,54
2017-10-24 11:00:00,163,89,74
2017-10-24 12:00:00,367,188,179
2017-10-24 13:00:00,197,87,110
2017-10-24 14:00:00,162,75,87
2017-10-24 15:00:00,220,104,116
2017-10-24 16:00:00,367,226,141
2017-10-24 17:00:00,329,174,155
2017-10-24 18:00:00,262,106,156
2017-10-24 19:00:00,62,27,35
2017-10-24 20:00:00,21,12,9
2017-10-24 21:00:00,16,10,6
2017-10-24 22:00:00,23,14,9
2017-10-24 23:00:00,2,1,1
2017-10-25 00:00:00,2,1,1
2017-10-25 01:00:00,0,0,0
2017-10-25 02:00:00,2,1,1
2017-10-25 03:00:00,1,1,0
2017-10-25 04:00:00,7,4,3
2017-10-25 05:00:00,19,11,8
2017-10-25 06:00:00,87,53,34
2017-10-25 07:00:00,136,67,69
2017-10-25 08:00:00,142,63,79
2017-10-25 09:00:00,77,38,39
2017-10-25 10:00:00,86,38,48
2017-10-25 11:00:00,105,57,48
2017-10-25 12:00:00,245,129,116
2017-10-25 13:00:00,105,47,58
2017-10-25 14:00:00,99,44,55
2017-10-25 15:00:00,89,41,48
2017-10-25 16:00:00,97,51,46
2017-10-25 17:00:00,144,76,68
2017-10-25 18:00:00,128,53,75
2017-10-25 19:00:00,38,16,22
2017-10-25 20:00:00,17,9,8
2017-10-25 21:00:00,6,3,3
2017-10-25 22:00:00,7,5,2
2017-10-25 23:00:00,2,1,1
2017-10-26 00:00:00,2,0,2
2017-10-26 01:00:00,1,0,1
2017-10-26 02:00:00,1,1,0
2017-10-26 03:00:00,1,1,0
2017-10-26 04:00:00,5,3,2
2017-10-26 05:00:00,15,10,5
2017-10-26 06:00:00,83,47,36
2017-10-26 07:00:00,118,52,66
2017-10-26 08:00:00,118,54,64
2017-10-26 09:00:00,98,55,43
2017-10-26 10:00:00,79,37,42
2017-10-26 11:00:00,91,47,44
2017-10-26 12:00:00,248,125,123
2017-10-26 13:00:00,197,95,102
2017-10-26 14:00:00,150,76,74
2017-10-26 15:00:00,157,73,84
2017-10-26 16:00:00,348,215,133
2017-10-26 17:00:00,261,130,131
2017-10-26 18:00:00,169,81,88
2017-10-26 19:00:00,40,21,19
2017-10-26 20:00:00,17,13,4
2017-10-26 21:00:00,9,8,1
2017-10-26 22:00:00,10,7,3
2017-10-26 23:00:00,7,5,2
2017-10-27 00:00:00,1,1,0
2017-10-27 01:00:00,4,3,1
2017-10-27 02:00:00,5,2,3
2017-10-27 03:00:00,0,0,0
2017-10-27 04:00:00,3,1,2
2017-10-27 05:00:00,5,1,4
2017-10-27 06:00:00,46,26,20
2017-10-27 07:00:00,97,47,50
2017-10-27 08:00:00,140,57,83
2017-10-27 09:00:00,117,63,54
2017-10-27 10:00:00,121,55,66
2017-10-27 11:00:00,125,65,60
2017-10-27 12:00:00,272,140,132
2017-10-27 13:00:00,208,96,112
2017-10-27 14:00:00,146,64,82
2017-10-27 15:00:00,163,80,83
2017-10-27 16:00:00,247,135,112
2017-10-27 17:00:00,265,114,151
2017-10-27 18:00:00,213,91,122
2017-10-27 19:00:00,50,21,29
2017-10-27 20:00:00,22,10,12
2017-10-27 21:00:00,8,4,4
2017-10-27 22:00:00,4,3,1
2017-10-27 23:00:00,6,3,3
2017-10-28 00:00:00,6,3,3
2017-10-28 01:00:00,0,0,0
2017-10-28 02:00:00,4,2,2
2017-10-28 03:00:00,5,2,3
2017-10-28 04:00:00,2,1,1
2017-10-28 05:00:00,5,3,2
2017-10-28 06:00:00,14,9,5
2017-10-28 07:00:00,47,29,18
2017-10-28 08:00:00,138,78,60
2017-10-28 09:00:00,191,93,98
2017-10-28 10:00:00,199,91,108
2017-10-28 11:00:00,245,119,126
2017-10-28 12:00:00,207,103,104
2017-10-28 13:00:00,228,97,131
2017-10-28 14:00:00,282,130,152
2017-10-28 15:00:00,274,116,158
2017-10-28 16:00:00,382,182,200
2017-10-28 17:00:00,351,163,188
2017-10-28 18:00:00,178,60,118
2017-10-28 19:00:00,22,5,17
2017-10-28 20:00:00,6,4,2
2017-10-28 21:00:00,7,6,1
2017-10-28 22:00:00,4,2,2
2017-10-28 23:00:00,3,2,1
2017-10-29 00:00:00,4,2,2
2017-10-29 01:00:00,6,5,1
2017-10-29 02:00:00,2,1,1
2017-10-29 03:00:00,2,1,1
2017-10-29 04:00:00,1,0,1
2017-10-29 05:00:00,6,5,1
2017-10-29 06:00:00,12,7,5
2017-10-29 07:00:00,46,29,17
2017-10-29 08:00:00,97,48,49
2017-10-29 09:00:00,146,78,68
2017-10-29 10:00:00,151,66,85
2017-10-29 11:00:00,151,56,95
2017-10-29 12:00:00,167,86,81
2017-10-29 13:00:00,147,64,83
2017-10-29 14:00:00,172,73,99
2017-10-29 15:00:00,216,116,100
2017-10-29 16:00:00,273,129,144
2017-10-29 17:00:00,293,129,164
2017-10-29 18:00:00,165,64,101
2017-10-29 19:00:00,33,12,21
2017-10-29 20:00:00,10,6,4
2017-10-29 21:00:00,8,4,4
2017-10-29 22:00:00,8,5,3
2017-10-29 23:00:00,7,1,6
2017-10-30 00:00:00,0,0,0
2017-10-30 01:00:00,2,2,0
2017-10-30 02:00:00,1,1,0
2017-10-30 03:00:00,3,3,0
2017-10-30 04:00:00,2,0,2
2017-10-30 05:00:00,12,6,6
2017-10-30 06:00:00,52,33,19
2017-10-30 07:00:00,81,40,41
2017-10-30 08:00:00,109,52,57
2017-10-30 09:00:00,92,45,47
2017-10-30 10:00:00,100,48,52
2017-10-30 11:00:00,123,71,52
2017-10-30 12:00:00,327,161,166
2017-10-30 13:00:00,207,108,99
2017-10-30 14:00:00,162,69,93
2017-10-30 15:00:00,164,79,85
2017-10-30 16:00:00,191,102,89
2017-10-30 17:00:00,318,178,140
2017-10-30 18:00:00,205,87,118
2017-10-30 19:00:00,46,21,25
2017-10-30 20:00:00,18,11,7
2017-10-30 21:00:00,8,4,4
2017-10-30 22:00:00,1,1,0
2017-10-30 23:00:00,1,1,0
2017-10-31 00:00:00,0,0,0
2017-10-31 01:00:00,1,1,0
2017-10-31 02:00:00,0,0,0
2017-10-31 03:00:00,2,1,1
2017-10-31 04:00:00,1,0,1
2017-10-31 05:00:00,7,5,2
2017-10-31 06:00:00,60,35,25
2017-10-31 07:00:00,107,49,58
2017-10-31 08:00:00,92,44,48
2017-10-31 09:00:00,93,46,47
2017-10-31 10:00:00,73,36,37
2017-10-31 11:00:00,137,74,63
2017-10-31 12:00:00,315,172,143
2017-10-31 13:00:00,224,109,115
2017-10-31 14:00:00,120,63,57
2017-10-31 15:00:00,127,65,62
2017-10-31 16:00:00,186,95,91
2017-10-31 17:00:00,257,145,112
2017-10-31 18:00:00,189,77,112
2017-10-31 19:00:00,32,14,18
2017-10-31 20:00:00,15,10,5
2017-10-31 21:00:00,6,3,3
2017-10-31 22:00:00,2,2,0
2017-10-31 23:00:00,2,0,2
2017-11-01 00:00:00,5,3,2
2017-11-01 01:00:00,2,0,2
2017-11-01 02:00:00,0,0,0
2017-11-01 03:00:00,3,1,2
2017-11-01 04:00:00,3,0,3
2017-11-01 05:00:00,7,3,4
2017-11-01 06:00:00,86,52,34
2017-11-01 07:00:00,106,44,62
2017-11-01 08:00:00,93,45,48
2017-11-01 09:00:00,66,33,33
2017-11-01 10:00:00,51,24,27
2017-11-01 11:00:00,101,52,49
2017-11-01 12:00:00,198,103,95
2017-11-01 13:00:00,128,54,74
2017-11-01 14:00:00,92,51,41
2017-11-01 15:00:00,105,50,55
2017-11-01 16:00:00,119,63,56
2017-11-01 17:00:00,206,121,85
2017-11-01 18:00:00,165,73,92
2017-11-01 19:00:00,39,18,21
2017-11-01 20:00:00,13,5,8
2017-11-01 21:00:00,2,2,0
2017-11-01 22:00:00,1,1,0
2017-11-01 23:00:00,6,1,5
2017-11-02 00:00:00,0,0,0
2017-11-02 01:00:00,4,3,1
2017-11-02 02:00:00,438,230,208
2017-11-02 03:00:00,717,449,268
2017-11-02 04:00:00,1121,628,493
2017-11-02 05:00:00,366,223,143
2017-11-02 06:00:00,429,219,210
2017-11-02 07:00:00,177,81,96
2017-11-02 08:00:00,153,99,54
2017-11-02 09:00:00,106,65,41
2017-11-02 10:00:00,101,18,83
2017-11-02 11:00:00,141,95,46
2017-11-02 12:00:00,39,25,14
2017-11-02 13:00:00,61,32,29
2017-11-02 14:00:00,99,59,40
2017-11-02 15:00:00,118,79,39
2017-11-02 16:00:00,22,7,15
2017-11-02 17:00:00,36,27,9
2017-11-02 18:00:00,38,22,16
2017-11-02 19:00:00,51,39,12
2017-11-02 20:00:00,22,16,6
2017-11-02 21:00:00,41,15,26
2017-11-02 22:00:00,8,4,4
2017-11-02 23:00:00,23,3,20
2017-11-03 00:00:00,114,54,60
2017-11-03 01:00:00,2,1,1
2017-11-03 02:00:00,6,3,3
2017-11-03 03:00:00,2,1,1
2017-11-03 04:00:00,6,3,3
2017-11-03 05:00:00,2,1,1
2017-11-03 06:00:00,2,1,1
2017-11-03 07:00:00,0,0,0
2017-11-03 08:00:00,2,1,1
2017-11-03 09:00:00,0,0,0
2017-11-03 10:00:00,30,29,1
2017-11-03 11:00:00,50,45,5
2017-11-03 12:00:00,0,0,0
2017-11-03 13:00:00,4,2,2
2017-11-03 14:00:00,2,1,1
2017-11-03 15:00:00,2,1,1
2017-11-03 16:00:00,25,1,24
2017-11-03 17:00:00,2,1,1
2017-11-03 18:00:00,0,0,0
2017-11-03 19:00:00,0,0,0
2017-11-03 20:00:00,2,1,1
2017-11-03 21:00:00,0,0,0
2017-11-03 22:00:00,2,1,1
2017-11-03 23:00:00,0,0,0
2017-11-04 00:00:00,0,0,0
2017-11-04 01:00:00,0,0,0
2017-11-04 02:00:00,0,0,0
2017-11-04 03:00:00,0,0,0
2017-11-04 04:00:00,2,1,1
2017-11-04 05:00:00,0,0,0
2017-11-04 06:00:00,0,0,0
2017-11-04 07:00:00,0,0,0
2017-11-04 08:00:00,12,1,11
2017-11-04 09:00:00,0,0,0
2017-11-04 10:00:00,2,1,1
2017-11-04 11:00:00,0,0,0
2017-11-04 12:00:00,0,0,0
2017-11-04 13:00:00,0,0,0
2017-11-04 14:00:00,0,0,0
2017-11-04 15:00:00,4,3,1
2017-11-04 16:00:00,0,0,0
2017-11-04 17:00:00,0,0,0
2017-11-04 18:00:00,0,0,0
2017-11-04 19:00:00,0,0,0
2017-11-04 20:00:00,0,0,0
2017-11-04 21:00:00,0,0,0
2017-11-04 22:00:00,0,0,0
2017-11-04 23:00:00,4,2,2
2017-11-05 00:00:00,0,0,0
2017-11-05 01:00:00,2,1,1
2017-11-05 02:00:00,0,0,0
2017-11-05 03:00:00,2,1,1
2017-11-05 04:00:00,0,0,0
2017-11-05 05:00:00,0,0,0
2017-11-05 06:00:00,0,0,0
2017-11-05 07:00:00,0,0,0
2017-11-05 08:00:00,0,0,0
2017-11-05 09:00:00,0,0,0
2017-11-05 10:00:00,0,0,0
2017-11-05 11:00:00,0,0,0
2017-11-05 12:00:00,0,0,0
2017-11-05 13:00:00,0,0,0
2017-11-05 14:00:00,0,0,0
2017-11-05 15:00:00,0,0,0
2017-11-05 16:00:00,0,0,0
2017-11-05 17:00:00,0,0,0
2017-11-05 18:00:00,0,0,0
2017-11-05 19:00:00,0,0,0
2017-11-05 20:00:00,0,0,0
2017-11-05 21:00:00,0,0,0
2017-11-05 22:00:00,0,0,0
2017-11-05 23:00:00,0,0,0
2017-11-06 00:00:00,0,0,0
2017-11-06 01:00:00,0,0,0
2017-11-06 02:00:00,0,0,0
2017-11-06 03:00:00,0,0,0
2017-11-06 04:00:00,0,0,0
2017-11-06 05:00:00,0,0,0
2017-11-06 06:00:00,0,0,0
2017-11-06 07:00:00,0,0,0
2017-11-06 08:00:00,0,0,0
2017-11-06 09:00:00,0,0,0
2017-11-06 10:00:00,0,0,0
2017-11-06 11:00:00,0,0,0
2017-11-06 12:00:00,0,0,0
2017-11-06 13:00:00,2,1,1
2017-11-06 14:00:00,0,0,0
2017-11-06 15:00:00,2,1,1
2017-11-06 16:00:00,0,0,0
2017-11-06 17:00:00,0,0,0
2017-11-06 18:00:00,0,0,0
2017-11-06 19:00:00,0,0,0
2017-11-06 20:00:00,0,0,0
2017-11-06 21:00:00,0,0,0
2017-11-06 22:00:00,0,0,0
2017-11-06 23:00:00,0,0,0
2017-11-07 00:00:00,0,0,0
2017-11-07 01:00:00,2,1,1
2017-11-07 02:00:00,0,0,0
2017-11-07 03:00:00,0,0,0
2017-11-07 04:00:00,13,10,3
2017-11-07 05:00:00,46,24,22
2017-11-07 06:00:00,22,15,7
2017-11-07 07:00:00,0,0,0
2017-11-07 08:00:00,0,0,0
2017-11-07 09:00:00,22,22,0
2017-11-07 10:00:00,44,21,23
2017-11-07 11:00:00,93,55,38
2017-11-07 12:00:00,214,100,114
2017-11-07 13:00:00,117,51,66
2017-11-07 14:00:00,81,46,35
2017-11-07 15:00:00,86,38,48
2017-11-07 16:00:00,91,46,45
2017-11-07 17:00:00,81,37,44
2017-11-07 18:00:00,40,21,19
2017-11-07 19:00:00,20,14,6
2017-11-07 20:00:00,11,7,4
2017-11-07 21:00:00,11,4,7
2017-11-07 22:00:00,6,4,2
2017-11-07 23:00:00,2,2,0
2017-11-08 00:00:00,8,4,4
2017-11-08 01:00:00,7,5,2
2017-11-08 02:00:00,2,0,2
2017-11-08 03:00:00,3,2,1
2017-11-08 04:00:00,2,1,1
2017-11-08 05:00:00,11,7,4
2017-11-08 06:00:00,95,55,40
2017-11-08 07:00:00,141,67,74
2017-11-08 08:00:00,93,43,50
2017-11-08 09:00:00,89,46,43
2017-11-08 10:00:00,75,40,35
2017-11-08 11:00:00,136,72,64
2017-11-08 12:00:00,249,119,130
2017-11-08 13:00:00,126,63,63
2017-11-08 14:00:00,77,35,42
2017-11-08 15:00:00,59,24,35
2017-11-08 16:00:00,37,19,18
2017-11-08 17:00:00,41,22,19
2017-11-08 18:00:00,28,14,14
2017-11-08 19:00:00,23,12,11
2017-11-08 20:00:00,8,4,4
2017-11-08 21:00:00,5,4,1
2017-11-08 22:00:00,5,2,3
2017-11-08 23:00:00,4,2,2
2017-11-09 00:00:00,2,1,1
2017-11-09 01:00:00,1,1,0
2017-11-09 02:00:00,3,0,3
2017-11-09 03:00:00,1,1,0
2017-11-09 04:00:00,8,5,3
2017-11-09 05:00:00,21,12,9
2017-11-09 06:00:00,75,41,34
2017-11-09 07:00:00,101,45,56
2017-11-09 08:00:00,63,31,32
2017-11-09 09:00:00,94,49,45
2017-11-09 10:00:00,48,24,24
2017-11-09 11:00:00,47,23,24
2017-11-09 12:00:00,112,59,53
2017-11-09 13:00:00,101,50,51
2017-11-09 14:00:00,41,23,18
2017-11-09 15:00:00,52,25,27
2017-11-09 16:00:00,65,29,36
2017-11-09 17:00:00,53,28,25
2017-11-09 18:00:00,18,12,6
2017-11-09 19:00:00,10,4,6
2017-11-09 20:00:00,7,5,2
2017-11-09 21:00:00,2,1,1
2017-11-09 22:00:00,2,0,2
2017-11-09 23:00:00,2,1,1
2017-11-10 00:00:00,1,1,0
2017-11-10 01:00:00,2,0,2
2017-11-10 02:00:00,0,0,0
2017-11-10 03:00:00,0,0,0
2017-11-10 04:00:00,0,0,0
2017-11-10 05:00:00,6,4,2
2017-11-10 06:00:00,59,35,24
2017-11-10 07:00:00,136,70,66
2017-11-10 08:00:00,134,60,74
2017-11-10 09:00:00,134,53,81
2017-11-10 10:00:00,143,69,74
2017-11-10 11:00:00,158,76,82
2017-11-10 12:00:00,264,121,143
2017-11-10 13:00:00,190,94,96
2017-11-10 14:00:00,158,83,75
2017-11-10 15:00:00,267,114,153
2017-11-10 16:00:00,207,93,114
2017-11-10 17:00:00,89,40,49
2017-11-10 18:00:00,29,14,15
2017-11-10 19:00:00,10,5,5
2017-11-10 20:00:00,12,9,3
2017-11-10 21:00:00,15,8,7
2017-11-10 22:00:00,6,4,2
2017-11-10 23:00:00,5,3,2
2017-11-11 00:00:00,1,1,0
2017-11-11 01:00:00,3,1,2
2017-11-11 02:00:00,2,2,0
2017-11-11 03:00:00,1,1,0
2017-11-11 04:00:00,4,1,3
2017-11-11 05:00:00,10,6,4
2017-11-11 06:00:00,15,10,5
2017-11-11 07:00:00,71,41,30
2017-11-11 08:00:00,109,56,53
2017-11-11 09:00:00,138,71,67
2017-11-11 10:00:00,136,63,73
2017-11-11 11:00:00,82,33,49
2017-11-11 12:00:00,72,41,31
2017-11-11 13:00:00,95,50,45
2017-11-11 14:00:00,115,49,66
2017-11-11 15:00:00,141,59,82
2017-11-11 16:00:00,118,52,66
2017-11-11 17:00:00,71,26,45
2017-11-11 18:00:00,18,5,13
2017-11-11 19:00:00,11,6,5
2017-11-11 20:00:00,8,3,5
2017-11-11 21:00:00,4,3,1
2017-11-11 22:00:00,7,3,4
2017-11-11 23:00:00,3,2,1
2017-11-12 00:00:00,2,1,1
2017-11-12 01:00:00,0,0,0
2017-11-12 02:00:00,6,4,2
2017-11-12 03:00:00,2,2,0
2017-11-12 04:00:00,0,0,0
2017-11-12 05:00:00,3,1,2
2017-11-12 06:00:00,6,3,3
2017-11-12 07:00:00,38,25,13
2017-11-12 08:00:00,93,53,40
2017-11-12 09:00:00,189,101,88
2017-11-12 10:00:00,193,113,80
2017-11-12 11:00:00,214,85,129
2017-11-12 12:00:00,213,113,100
2017-11-12 13:00:00,215,94,121
2017-11-12 14:00:00,85,32,53
2017-11-12 15:00:00,56,26,30
2017-11-12 16:00:00,73,37,36
2017-11-12 17:00:00,19,2,17
2017-11-12 18:00:00,9,4,5
2017-11-12 19:00:00,6,4,2
2017-11-12 20:00:00,15,7,8
2017-11-12 21:00:00,2,0,2
2017-11-12 22:00:00,1,1,0
2017-11-12 23:00:00,4,3,1
2017-11-13 00:00:00,2,1,1
2017-11-13 01:00:00,2,1,1
2017-11-13 02:00:00,1,1,0
2017-11-13 03:00:00,0,0,0
2017-11-13 04:00:00,2,1,1
2017-11-13 05:00:00,6,2,4
2017-11-13 06:00:00,33,21,12
2017-11-13 07:00:00,60,33,27
2017-11-13 08:00:00,62,34,28
2017-11-13 09:00:00,67,29,38
2017-11-13 10:00:00,55,26,29
2017-11-13 11:00:00,60,30,30
2017-11-13 12:00:00,125,57,68
2017-11-13 13:00:00,106,52,54
2017-11-13 14:00:00,54,21,33
2017-11-13 15:00:00,20,12,8
2017-11-13 16:00:00,15,7,8
2017-11-13 17:00:00,11,6,5
2017-11-13 18:00:00,9,5,4
2017-11-13 19:00:00,17,9,8
2017-11-13 20:00:00,10,7,3
2017-11-13 21:00:00,4,3,1
2017-11-13 22:00:00,4,2,2
2017-11-13 23:00:00,0,0,0
2017-11-14 00:00:00,2,2,0
2017-11-14 01:00:00,1,0,1
2017-11-14 02:00:00,0,0,0
2017-11-14 03:00:00,3,2,1
2017-11-14 04:00:00,2,1,1
2017-11-14 05:00:00,10,6,4
2017-11-14 06:00:00,83,50,33
2017-11-14 07:00:00,123,57,66
2017-11-14 08:00:00,81,40,41
2017-11-14 09:00:00,82,32,50
2017-11-14 10:00:00,54,30,24
2017-11-14 11:00:00,85,42,43
2017-11-14 12:00:00,188,94,94
2017-11-14 13:00:00,90,41,49
2017-11-14 14:00:00,65,33,32
2017-11-14 15:00:00,74,38,36
2017-11-14 16:00:00,94,40,54
2017-11-14 17:00:00,66,31,35
2017-11-14 18:00:00,46,26,20
2017-11-14 19:00:00,26,15,11
2017-11-14 20:00:00,12,5,7
2017-11-14 21:00:00,4,2,2
2017-11-14 22:00:00,1,1,0
2017-11-14 23:00:00,2,0,2
2017-11-15 00:00:00,1,1,0
2017-11-15 01:00:00,0,0,0
2017-11-15 02:00:00,0,0,0
2017-11-15 03:00:00,0,0,0
2017-11-15 04:00:00,5,3,2
2017-11-15 05:00:00,17,5,12
2017-11-15 06:00:00,48,30,18
2017-11-15 07:00:00,54,26,28
2017-11-15 08:00:00,35,13,22
2017-11-15 09:00:00,73,43,30
2017-11-15 10:00:00,29,11,18
2017-11-15 11:00:00,62,33,29
2017-11-15 12:00:00,126,63,63
2017-11-15 13:00:00,109,52,57
2017-11-15 14:00:00,83,38,45
2017-11-15 15:00:00,228,127,101
2017-11-15 16:00:00,160,71,89
2017-11-15 17:00:00,68,37,31
2017-11-15 18:00:00,45,21,24
2017-11-15 19:00:00,29,17,12
2017-11-15 20:00:00,10,4,6
2017-11-15 21:00:00,7,5,2
2017-11-15 22:00:00,4,3,1
2017-11-15 23:00:00,2,1,1
2017-11-16 00:00:00,2,1,1
2017-11-16 01:00:00,0,0,0
2017-11-16 02:00:00,0,0,0
2017-11-16 03:00:00,0,0,0
2017-11-16 04:00:00,4,2,2
2017-11-16 05:00:00,7,5,2
2017-11-16 06:00:00,53,36,17
2017-11-16 07:00:00,102,46,56
2017-11-16 08:00:00,93,42,51
2017-11-16 09:00:00,44,23,21
2017-11-16 10:00:00,43,21,22
2017-11-16 11:00:00,48,28,20
2017-11-16 12:00:00,95,44,51
2017-11-16 13:00:00,88,42,46
2017-11-16 14:00:00,64,33,31
2017-11-16 15:00:00,60,31,29
2017-11-16 16:00:00,99,45,54
2017-11-16 17:00:00,70,28,42
2017-11-16 18:00:00,41,20,21
2017-11-16 19:00:00,21,10,11
2017-11-16 20:00:00,15,10,5
2017-11-16 21:00:00,8,5,3
2017-11-16 22:00:00,2,1,1
2017-11-16 23:00:00,2,1,1
2017-11-17 00:00:00,0,0,0
2017-11-17 01:00:00,0,0,0
2017-11-17 02:00:00,0,0,0
2017-11-17 03:00:00,3,3,0
2017-11-17 04:00:00,3,2,1
2017-11-17 05:00:00,17,10,7
2017-11-17 06:00:00,51,31,20
2017-11-17 07:00:00,117,58,59
2017-11-17 08:00:00,71,30,41
2017-11-17 09:00:00,87,44,43
2017-11-17 10:00:00,47,24,23
2017-11-17 11:00:00,113,61,52
2017-11-17 12:00:00,214,113,101
2017-11-17 13:00:00,130,54,76
2017-11-17 14:00:00,88,50,38
2017-11-17 15:00:00,126,60,66
2017-11-17 16:00:00,153,77,76
2017-11-17 17:00:00,56,26,30
2017-11-17 18:00:00,26,11,15
2017-11-17 19:00:00,16,8,8
2017-11-17 20:00:00,13,8,5
2017-11-17 21:00:00,4,2,2
2017-11-17 22:00:00,8,6,2
2017-11-17 23:00:00,4,1,3
2017-11-18 00:00:00,2,0,2
2017-11-18 01:00:00,4,2,2
2017-11-18 02:00:00,4,1,3
2017-11-18 03:00:00,4,0,4
2017-11-18 04:00:00,2,0,2
2017-11-18 05:00:00,3,1,2
2017-11-18 06:00:00,12,9,3
2017-11-18 07:00:00,49,28,21
2017-11-18 08:00:00,117,58,59
2017-11-18 09:00:00,127,67,60
2017-11-18 10:00:00,171,72,99
2017-11-18 11:00:00,219,95,124
2017-11-18 12:00:00,209,97,112
2017-11-18 13:00:00,241,99,142
2017-11-18 14:00:00,263,111,152
2017-11-18 15:00:00,276,131,145
2017-11-18 16:00:00,239,110,129
2017-11-18 17:00:00,93,35,58
2017-11-18 18:00:00,18,6,12
2017-11-18 19:00:00,15,10,5
2017-11-18 20:00:00,12,4,8
2017-11-18 21:00:00,4,1,3
2017-11-18 22:00:00,0,0,0
2017-11-18 23:00:00,3,3,0
2017-11-19 00:00:00,1,1,0
2017-11-19 01:00:00,0,0,0
2017-11-19 02:00:00,3,1,2
2017-11-19 03:00:00,1,1,0
2017-11-19 04:00:00,0,0,0
2017-11-19 05:00:00,1,1,0
2017-11-19 06:00:00,13,10,3
2017-11-19 07:00:00,43,25,18
2017-11-19 08:00:00,114,63,51
2017-11-19 09:00:00,165,87,78
2017-11-19 10:00:00,172,78,94
2017-11-19 11:00:00,178,79,99
2017-11-19 12:00:00,123,51,72
2017-11-19 13:00:00,108,39,69
2017-11-19 14:00:00,75,38,37
2017-11-19 15:00:00,63,25,38
2017-11-19 16:00:00,49,20,29
2017-11-19 17:00:00,22,11,11
2017-11-19 18:00:00,11,4,7
2017-11-19 19:00:00,5,2,3
2017-11-19 20:00:00,2,1,1
2017-11-19 21:00:00,2,2,0
2017-11-19 22:00:00,0,0,0
2017-11-19 23:00:00,4,2,2
2017-11-20 00:00:00,5,4,1
2017-11-20 01:00:00,0,0,0
2017-11-20 02:00:00,1,1,0
2017-11-20 03:00:00,1,0,1
2017-11-20 04:00:00,0,0,0
2017-11-20 05:00:00,5,3,2
2017-11-20 06:00:00,29,14,15
2017-11-20 07:00:00,38,22,16
2017-11-20 08:00:00,38,17,21
2017-11-20 09:00:00,63,30,33
2017-11-20 10:00:00,70,35,35
2017-11-20 11:00:00,100,52,48
2017-11-20 12:00:00,180,92,88
2017-11-20 13:00:00,127,52,75
2017-11-20 14:00:00,35,13,22
2017-11-20 15:00:00,37,16,21
2017-11-20 16:00:00,78,41,37
2017-11-20 17:00:00,52,19,33
2017-11-20 18:00:00,28,12,16
2017-11-20 19:00:00,11,7,4
2017-11-20 20:00:00,6,4,2
2017-11-20 21:00:00,10,6,4
2017-11-20 22:00:00,3,1,2
2017-11-20 23:00:00,1,1,0
2017-11-21 00:00:00,1,0,1
2017-11-21 01:00:00,1,1,0
2017-11-21 02:00:00,1,0,1
2017-11-21 03:00:00,2,2,0
2017-11-21 04:00:00,1,0,1
2017-11-21 05:00:00,6,2,4
2017-11-21 06:00:00,25,12,13
2017-11-21 07:00:00,44,24,20
2017-11-21 08:00:00,51,25,26
2017-11-21 09:00:00,23,11,12
2017-11-21 10:00:00,14,9,5
2017-11-21 11:00:00,27,12,15
2017-11-21 12:00:00,89,51,38
2017-11-21 13:00:00,50,23,27
2017-11-21 14:00:00,40,20,20
2017-11-21 15:00:00,26,15,11
2017-11-21 16:00:00,66,32,34
2017-11-21 17:00:00,39,23,16
2017-11-21 18:00:00,31,19,12
2017-11-21 19:00:00,11,5,6
2017-11-21 20:00:00,8,6,2
2017-11-21 21:00:00,0,0,0
2017-11-21 22:00:00,0,0,0
2017-11-21 23:00:00,0,0,0
2017-11-22 00:00:00,0,0,0
2017-11-22 01:00:00,1,1,0
2017-11-22 02:00:00,0,0,0
2017-11-22 03:00:00,0,0,0
2017-11-22 04:00:00,2,2,0
2017-11-22 05:00:00,3,1,2
2017-11-22 06:00:00,37,20,17
2017-11-22 07:00:00,90,54,36
2017-11-22 08:00:00,62,29,33
2017-11-22 09:00:00,75,31,44
2017-11-22 10:00:00,73,41,32
2017-11-22 11:00:00,108,48,60
2017-11-22 12:00:00,147,76,71
2017-11-22 13:00:00,114,60,54
2017-11-22 14:00:00,108,51,57
2017-11-22 15:00:00,141,66,75
2017-11-22 16:00:00,130,63,67
2017-11-22 17:00:00,61,24,37
2017-11-22 18:00:00,31,17,14
2017-11-22 19:00:00,29,15,14
2017-11-22 20:00:00,16,7,9
2017-11-22 21:00:00,5,2,3
2017-11-22 22:00:00,0,0,0
2017-11-22 23:00:00,2,1,1
2017-11-23 00:00:00,1,1,0
2017-11-23 01:00:00,0,0,0
2017-11-23 02:00:00,0,0,0
2017-11-23 03:00:00,2,1,1
2017-11-23 04:00:00,1,0,1
2017-11-23 05:00:00,0,0,0
2017-11-23 06:00:00,5,4,1
2017-11-23 07:00:00,38,23,15
2017-11-23 08:00:00,60,34,26
2017-11-23 09:00:00,108,56,52
2017-11-23 10:00:00,95,56,39
2017-11-23 11:00:00,120,48,72
2017-11-23 12:00:00,75,34,41
2017-11-23 13:00:00,108,68,40
2017-11-23 14:00:00,165,64,101
2017-11-23 15:00:00,442,238,204
2017-11-23 16:00:00,203,88,115
2017-11-23 17:00:00,66,34,32
2017-11-23 18:00:00,12,6,6
2017-11-23 19:00:00,8,2,6
2017-11-23 20:00:00,5,1,4
2017-11-23 21:00:00,4,3,1
2017-11-23 22:00:00,10,6,4
2017-11-23 23:00:00,5,2,3
2017-11-24 00:00:00,1,0,1
2017-11-24 01:00:00,0,0,0
2017-11-24 02:00:00,1,0,1
2017-11-24 03:00:00,0,0,0
2017-11-24 04:00:00,2,1,1
2017-11-24 05:00:00,2,1,1
2017-11-24 06:00:00,12,6,6
2017-11-24 07:00:00,39,21,18
2017-11-24 08:00:00,71,39,32
2017-11-24 09:00:00,109,58,51
2017-11-24 10:00:00,120,54,66
2017-11-24 11:00:00,117,50,67
2017-11-24 12:00:00,137,54,83
2017-11-24 13:00:00,76,25,51
2017-11-24 14:00:00,108,53,55
2017-11-24 15:00:00,129,64,65
2017-11-24 16:00:00,88,45,43
2017-11-24 17:00:00,21,9,12
2017-11-24 18:00:00,11,6,5
2017-11-24 19:00:00,6,2,4
2017-11-24 20:00:00,8,7,1
2017-11-24 21:00:00,4,2,2
2017-11-24 22:00:00,7,2,5
2017-11-24 23:00:00,1,1,0
2017-11-25 00:00:00,1,0,1
2017-11-25 01:00:00,1,0,1
2017-11-25 02:00:00,0,0,0
2017-11-25 03:00:00,1,1,0
2017-11-25 04:00:00,0,0,0
2017-11-25 05:00:00,1,1,0
2017-11-25 06:00:00,9,8,1
2017-11-25 07:00:00,48,25,23
2017-11-25 08:00:00,109,54,55
2017-11-25 09:00:00,126,61,65
2017-11-25 10:00:00,196,103,93
2017-11-25 11:00:00,209,92,117
2017-11-25 12:00:00,137,62,75
2017-11-25 13:00:00,149,72,77
2017-11-25 14:00:00,163,66,97
2017-11-25 15:00:00,122,49,73
2017-11-25 16:00:00,52,25,27
2017-11-25 17:00:00,21,10,11
2017-11-25 18:00:00,13,6,7
2017-11-25 19:00:00,3,2,1
2017-11-25 20:00:00,3,2,1
2017-11-25 21:00:00,3,1,2
2017-11-25 22:00:00,5,2,3
2017-11-25 23:00:00,5,4,1
2017-11-26 00:00:00,3,3,0
2017-11-26 01:00:00,1,0,1
2017-11-26 02:00:00,2,1,1
2017-11-26 03:00:00,0,0,0
2017-11-26 04:00:00,2,0,2
2017-11-26 05:00:00,2,2,0
2017-11-26 06:00:00,6,3,3
2017-11-26 07:00:00,16,8,8
2017-11-26 08:00:00,23,13,10
2017-11-26 09:00:00,90,49,41
2017-11-26 10:00:00,199,108,91
2017-11-26 11:00:00,169,69,100
2017-11-26 12:00:00,81,33,48
2017-11-26 13:00:00,50,22,28
2017-11-26 14:00:00,55,25,30
2017-11-26 15:00:00,77,36,41
2017-11-26 16:00:00,91,44,47
2017-11-26 17:00:00,25,10,15
2017-11-26 18:00:00,22,12,10
2017-11-26 19:00:00,12,7,5
2017-11-26 20:00:00,6,4,2
2017-11-26 21:00:00,2,1,1
2017-11-26 22:00:00,3,2,1
2017-11-26 23:00:00,4,1,3
2017-11-27 00:00:00,0,0,0
2017-11-27 01:00:00,3,2,1
2017-11-27 02:00:00,3,1,2
2017-11-27 03:00:00,4,2,2
2017-11-27 04:00:00,0,0,0
2017-11-27 05:00:00,4,1,3
2017-11-27 06:00:00,43,30,13
2017-11-27 07:00:00,70,32,38
2017-11-27 08:00:00,68,40,28
2017-11-27 09:00:00,74,33,41
2017-11-27 10:00:00,83,47,36
2017-11-27 11:00:00,109,53,56
2017-11-27 12:00:00,246,132,114
2017-11-27 13:00:00,170,90,80
2017-11-27 14:00:00,146,75,71
2017-11-27 15:00:00,127,59,68
2017-11-27 16:00:00,121,47,74
2017-11-27 17:00:00,65,35,30
2017-11-27 18:00:00,33,18,15
2017-11-27 19:00:00,25,10,15
2017-11-27 20:00:00,9,4,5
2017-11-27 21:00:00,3,2,1
2017-11-27 22:00:00,1,0,1
2017-11-27 23:00:00,2,1,1
2017-11-28 00:00:00,1,1,0
2017-11-28 01:00:00,0,0,0
2017-11-28 02:00:00,0,0,0
2017-11-28 03:00:00,1,1,0
2017-11-28 04:00:00,0,0,0
2017-11-28 05:00:00,11,7,4
2017-11-28 06:00:00,43,21,22
2017-11-28 07:00:00,69,34,35
2017-11-28 08:00:00,58,32,26
2017-11-28 09:00:00,32,12,20
2017-11-28 10:00:00,21,10,11
2017-11-28 11:00:00,36,21,15
2017-11-28 12:00:00,87,42,45
2017-11-28 13:00:00,47,22,25
2017-11-28 14:00:00,20,9,11
2017-11-28 15:00:00,24,11,13
2017-11-28 16:00:00,83,34,49
2017-11-28 17:00:00,44,23,21
2017-11-28 18:00:00,40,18,22
2017-11-28 19:00:00,22,12,10
2017-11-28 20:00:00,10,7,3
2017-11-28 21:00:00,8,4,4
2017-11-28 22:00:00,2,1,1
2017-11-28 23:00:00,3,2,1
2017-11-29 00:00:00,0,0,0
2017-11-29 01:00:00,1,1,0
2017-11-29 02:00:00,1,1,0
2017-11-29 03:00:00,1,1,0
2017-11-29 04:00:00,1,0,1
2017-11-29 05:00:00,14,9,5
2017-11-29 06:00:00,55,27,28
2017-11-29 07:00:00,99,50,49
2017-11-29 08:00:00,110,52,58
2017-11-29 09:00:00,77,40,37
2017-11-29 10:00:00,65,28,37
2017-11-29 11:00:00,109,63,46
2017-11-29 12:00:00,220,102,118
2017-11-29 13:00:00,166,73,93
2017-11-29 14:00:00,129,67,62
2017-11-29 15:00:00,148,70,78
2017-11-29 16:00:00,132,62,70
2017-11-29 17:00:00,79,37,42
2017-11-29 18:00:00,57,29,28
2017-11-29 19:00:00,25,15,10
2017-11-29 20:00:00,15,8,7
2017-11-29 21:00:00,5,1,4
2017-11-29 22:00:00,12,6,6
2017-11-29 23:00:00,1,0,1
2017-11-30 00:00:00,1,1,0
2017-11-30 01:00:00,0,0,0
2017-11-30 02:00:00,0,0,0
2017-11-30 03:00:00,4,3,1
2017-11-30 04:00:00,4,1,3
2017-11-30 05:00:00,13,8,5
2017-11-30 06:00:00,48,27,21
2017-11-30 07:00:00,60,27,33
2017-11-30 08:00:00,48,23,25
2017-11-30 09:00:00,33,21,12
2017-11-30 10:00:00,21,9,12
2017-11-30 11:00:00,50,26,24
2017-11-30 12:00:00,134,75,59
2017-11-30 13:00:00,96,41,55
2017-11-30 14:00:00,86,45,41
2017-11-30 15:00:00,91,43,48
2017-11-30 16:00:00,107,49,58
2017-11-30 17:00:00,54,28,26
2017-11-30 18:00:00,33,15,18
2017-11-30 19:00:00,25,12,13
2017-11-30 20:00:00,14,7,7
2017-11-30 21:00:00,6,5,1
2017-11-30 22:00:00,11,8,3
2017-11-30 23:00:00,5,1,4
2017-12-01 00:00:00,1,1,0
2017-12-01 01:00:00,2,1,1
2017-12-01 02:00:00,0,0,0
2017-12-01 03:00:00,1,1,0
2017-12-01 04:00:00,4,2,2
2017-12-01 05:00:00,11,8,3
2017-12-01 06:00:00,26,14,12
2017-12-01 07:00:00,82,40,42
2017-12-01 08:00:00,91,48,43
2017-12-01 09:00:00,66,21,45
2017-12-01 10:00:00,61,29,32
2017-12-01 11:00:00,87,46,41
2017-12-01 12:00:00,155,74,81
2017-12-01 13:00:00,62,25,37
2017-12-01 14:00:00,22,11,11
2017-12-01 15:00:00,32,20,12
2017-12-01 16:00:00,66,28,38
2017-12-01 17:00:00,33,17,16
2017-12-01 18:00:00,11,6,5
2017-12-01 19:00:00,9,4,5
2017-12-01 20:00:00,9,6,3
2017-12-01 21:00:00,1,1,0
2017-12-01 22:00:00,0,0,0
2017-12-01 23:00:00,5,2,3
2017-12-02 00:00:00,3,2,1
2017-12-02 01:00:00,0,0,0
2017-12-02 02:00:00,8,3,5
2017-12-02 03:00:00,0,0,0
2017-12-02 04:00:00,2,2,0
2017-12-02 05:00:00,2,1,1
2017-12-02 06:00:00,9,4,5
2017-12-02 07:00:00,47,25,22
2017-12-02 08:00:00,86,46,40
2017-12-02 09:00:00,71,32,39
2017-12-02 10:00:00,49,26,23
2017-12-02 11:00:00,49,16,33
2017-12-02 12:00:00,41,22,19
2017-12-02 13:00:00,61,25,36
2017-12-02 14:00:00,42,19,23
2017-12-02 15:00:00,40,22,18
2017-12-02 16:00:00,41,16,25
2017-12-02 17:00:00,26,9,17
2017-12-02 18:00:00,12,6,6
2017-12-02 19:00:00,7,1,6
2017-12-02 20:00:00,4,2,2
2017-12-02 21:00:00,7,4,3
2017-12-02 22:00:00,4,3,1
2017-12-02 23:00:00,1,1,0
2017-12-03 00:00:00,2,1,1
2017-12-03 01:00:00,2,2,0
2017-12-03 02:00:00,1,1,0
2017-12-03 03:00:00,0,0,0
2017-12-03 04:00:00,1,0,1
2017-12-03 05:00:00,5,3,2
2017-12-03 06:00:00,12,7,5
2017-12-03 07:00:00,32,22,10
2017-12-03 08:00:00,100,57,43
2017-12-03 09:00:00,168,92,76
2017-12-03 10:00:00,266,147,119
2017-12-03 11:00:00,236,110,126
2017-12-03 12:00:00,191,81,110
2017-12-03 13:00:00,153,75,78
2017-12-03 14:00:00,153,76,77
2017-12-03 15:00:00,152,73,79
2017-12-03 16:00:00,128,42,86
2017-12-03 17:00:00,50,23,27
2017-12-03 18:00:00,16,8,8
2017-12-03 19:00:00,9,3,6
2017-12-03 20:00:00,11,5,6
2017-12-03 21:00:00,9,7,2
2017-12-03 22:00:00,9,1,8
2017-12-03 23:00:00,4,2,2
2017-12-04 00:00:00,3,2,1
2017-12-04 01:00:00,1,1,0
2017-12-04 02:00:00,1,1,0
2017-12-04 03:00:00,1,1,0
2017-12-04 04:00:00,2,1,1
2017-12-04 05:00:00,9,6,3
2017-12-04 06:00:00,32,16,16
2017-12-04 07:00:00,67,38,29
2017-12-04 08:00:00,67,35,32
2017-12-04 09:00:00,47,21,26
2017-12-04 10:00:00,48,28,20
2017-12-04 11:00:00,99,55,44
2017-12-04 12:00:00,209,106,103
2017-12-04 13:00:00,139,56,83
2017-12-04 14:00:00,108,51,57
2017-12-04 15:00:00,141,76,65
2017-12-04 16:00:00,124,47,77
2017-12-04 17:00:00,74,42,32
2017-12-04 18:00:00,25,12,13
2017-12-04 19:00:00,24,12,12
2017-12-04 20:00:00,14,11,3
2017-12-04 21:00:00,15,7,8
2017-12-04 22:00:00,5,4,1
2017-12-04 23:00:00,3,1,2
2017-12-05 00:00:00,4,2,2
2017-12-05 01:00:00,4,2,2
2017-12-05 02:00:00,2,1,1
2017-12-05 03:00:00,1,1,0
2017-12-05 04:00:00,2,2,0
2017-12-05 05:00:00,7,5,2
2017-12-05 06:00:00,50,30,20
2017-12-05 07:00:00,106,51,55
2017-12-05 08:00:00,89,42,47
2017-12-05 09:00:00,65,29,36
2017-12-05 10:00:00,69,31,38
2017-12-05 11:00:00,110,54,56
2017-12-05 12:00:00,314,156,158
2017-12-05 13:00:00,174,78,96
2017-12-05 14:00:00,155,76,79
2017-12-05 15:00:00,238,120,118
2017-12-05 16:00:00,154,63,91
2017-12-05 17:00:00,56,27,29
2017-12-05 18:00:00,27,16,11
2017-12-05 19:00:00,22,13,9
2017-12-05 20:00:00,17,10,7
2017-12-05 21:00:00,4,0,4
2017-12-05 22:00:00,4,2,2
2017-12-05 23:00:00,3,3,0
2017-12-06 00:00:00,2,1,1
2017-12-06 01:00:00,7,4,3
2017-12-06 02:00:00,0,0,0
2017-12-06 03:00:00,2,1,1
2017-12-06 04:00:00,2,1,1
2017-12-06 05:00:00,7,5,2
2017-12-06 06:00:00,48,23,25
2017-12-06 07:00:00,97,50,47
2017-12-06 08:00:00,80,34,46
2017-12-06 09:00:00,66,25,41
2017-12-06 10:00:00,65,34,31
2017-12-06 11:00:00,160,92,68
2017-12-06 12:00:00,270,140,130
2017-12-06 13:00:00,195,98,97
2017-12-06 14:00:00,132,64,68
2017-12-06 15:00:00,266,130,136
2017-12-06 16:00:00,202,93,109
2017-12-06 17:00:00,72,34,38
2017-12-06 18:00:00,32,16,16
2017-12-06 19:00:00,17,10,7
2017-12-06 20:00:00,17,9,8
2017-12-06 21:00:00,10,5,5
2017-12-06 22:00:00,3,3,0
2017-12-06 23:00:00,2,1,1
2017-12-07 00:00:00,8,2,6
2017-12-07 01:00:00,3,1,2
2017-12-07 02:00:00,0,0,0
2017-12-07 03:00:00,1,1,0
2017-12-07 04:00:00,0,0,0
2017-12-07 05:00:00,15,12,3
2017-12-07 06:00:00,63,31,32
2017-12-07 07:00:00,96,49,47
2017-12-07 08:00:00,87,39,48
2017-12-07 09:00:00,62,32,30
2017-12-07 10:00:00,72,35,37
2017-12-07 11:00:00,113,59,54
2017-12-07 12:00:00,272,144,128
2017-12-07 13:00:00,223,112,111
2017-12-07 14:00:00,165,80,85
2017-12-07 15:00:00,303,163,140
2017-12-07 16:00:00,127,55,72
2017-12-07 17:00:00,75,38,37
2017-12-07 18:00:00,44,16,28
2017-12-07 19:00:00,9,5,4
2017-12-07 20:00:00,3,3,0
2017-12-07 21:00:00,10,6,4
2017-12-07 22:00:00,4,3,1
2017-12-07 23:00:00,2,2,0
2017-12-08 00:00:00,3,1,2
2017-12-08 01:00:00,3,1,2
2017-12-08 02:00:00,1,1,0
2017-12-08 03:00:00,1,1,0
2017-12-08 04:00:00,3,1,2
2017-12-08 05:00:00,7,5,2
2017-12-08 06:00:00,31,17,14
2017-12-08 07:00:00,87,47,40
2017-12-08 08:00:00,76,29,47
2017-12-08 09:00:00,64,35,29
2017-12-08 10:00:00,70,38,32
2017-12-08 11:00:00,123,64,59
2017-12-08 12:00:00,205,100,105
2017-12-08 13:00:00,127,61,66
2017-12-08 14:00:00,124,58,66
2017-12-08 15:00:00,198,100,98
2017-12-08 16:00:00,121,51,70
2017-12-08 17:00:00,61,27,34
2017-12-08 18:00:00,16,6,10
2017-12-08 19:00:00,12,6,6
2017-12-08 20:00:00,13,7,6
2017-12-08 21:00:00,12,4,8
2017-12-08 22:00:00,4,3,1
2017-12-08 23:00:00,2,2,0
2017-12-09 00:00:00,1,0,1
2017-12-09 01:00:00,0,0,0
2017-12-09 02:00:00,0,0,0
2017-12-09 03:00:00,0,0,0
2017-12-09 04:00:00,1,1,0
2017-12-09 05:00:00,1,0,1
2017-12-09 06:00:00,12,8,4
2017-12-09 07:00:00,41,26,15
2017-12-09 08:00:00,74,40,34
2017-12-09 09:00:00,107,53,54
2017-12-09 10:00:00,160,83,77
2017-12-09 11:00:00,152,72,80
2017-12-09 12:00:00,134,56,78
2017-12-09 13:00:00,132,66,66
2017-12-09 14:00:00,157,80,77
2017-12-09 15:00:00,206,103,103
2017-12-09 16:00:00,166,72,94
2017-12-09 17:00:00,34,15,19
2017-12-09 18:00:00,19,6,13
2017-12-09 19:00:00,5,4,1
2017-12-09 20:00:00,7,5,2
2017-12-09 21:00:00,5,2,3
2017-12-09 22:00:00,0,0,0
2017-12-09 23:00:00,3,3,0
2017-12-10 00:00:00,3,1,2
2017-12-10 01:00:00,2,1,1
2017-12-10 02:00:00,2,1,1
2017-12-10 03:00:00,2,1,1
2017-12-10 04:00:00,0,0,0
2017-12-10 05:00:00,2,2,0
2017-12-10 06:00:00,13,9,4
2017-12-10 07:00:00,24,13,11
2017-12-10 08:00:00,82,44,38
2017-12-10 09:00:00,119,71,48
2017-12-10 10:00:00,178,95,83
2017-12-10 11:00:00,180,81,99
2017-12-10 12:00:00,227,117,110
2017-12-10 13:00:00,200,85,115
2017-12-10 14:00:00,219,105,114
2017-12-10 15:00:00,351,183,168
2017-12-10 16:00:00,209,82,127
2017-12-10 17:00:00,80,34,46
2017-12-10 18:00:00,10,4,6
2017-12-10 19:00:00,5,3,2
2017-12-10 20:00:00,5,2,3
2017-12-10 21:00:00,5,3,2
2017-12-10 22:00:00,1,1,0
2017-12-10 23:00:00,3,2,1
2017-12-11 00:00:00,0,0,0
2017-12-11 01:00:00,0,0,0
2017-12-11 02:00:00,1,1,0
2017-12-11 03:00:00,0,0,0
2017-12-11 04:00:00,0,0,0
2017-12-11 05:00:00,8,8,0
2017-12-11 06:00:00,31,15,16
2017-12-11 07:00:00,65,34,31
2017-12-11 08:00:00,61,29,32
2017-12-11 09:00:00,57,27,30
2017-12-11 10:00:00,77,39,38
2017-12-11 11:00:00,106,52,54
2017-12-11 12:00:00,240,131,109
2017-12-11 13:00:00,159,77,82
2017-12-11 14:00:00,112,55,57
2017-12-11 15:00:00,158,85,73
2017-12-11 16:00:00,163,71,92
2017-12-11 17:00:00,69,41,28
2017-12-11 18:00:00,36,19,17
2017-12-11 19:00:00,29,18,11
2017-12-11 20:00:00,15,6,9
2017-12-11 21:00:00,6,2,4
2017-12-11 22:00:00,3,2,1
2017-12-11 23:00:00,0,0,0
2017-12-12 00:00:00,3,1,2
2017-12-12 01:00:00,0,0,0
2017-12-12 02:00:00,1,0,1
2017-12-12 03:00:00,1,1,0
2017-12-12 04:00:00,2,1,1
2017-12-12 05:00:00,24,16,8
2017-12-12 06:00:00,55,30,25
2017-12-12 07:00:00,99,47,52
2017-12-12 08:00:00,57,28,29
2017-12-12 09:00:00,63,31,32
2017-12-12 10:00:00,62,31,31
2017-12-12 11:00:00,88,48,40
2017-12-12 12:00:00,211,111,100
2017-12-12 13:00:00,135,63,72
2017-12-12 14:00:00,107,55,52
2017-12-12 15:00:00,136,60,76
2017-12-12 16:00:00,158,79,79
2017-12-12 17:00:00,45,22,23
2017-12-12 18:00:00,42,23,19
2017-12-12 19:00:00,19,10,9
2017-12-12 20:00:00,11,7,4
2017-12-12 21:00:00,2,2,0
2017-12-12 22:00:00,0,0,0
2017-12-12 23:00:00,2,1,1
2017-12-13 00:00:00,3,1,2
2017-12-13 01:00:00,1,1,0
2017-12-13 02:00:00,1,0,1
2017-12-13 03:00:00,1,1,0
2017-12-13 04:00:00,4,2,2
2017-12-13 05:00:00,16,10,6
2017-12-13 06:00:00,44,23,21
2017-12-13 07:00:00,94,46,48
2017-12-13 08:00:00,77,41,36
2017-12-13 09:00:00,65,29,36
2017-12-13 10:00:00,82,35,47
2017-12-13 11:00:00,113,55,58
2017-12-13 12:00:00,271,140,131
2017-12-13 13:00:00,179,98,81
2017-12-13 14:00:00,140,65,75
2017-12-13 15:00:00,143,67,76
2017-12-13 16:00:00,146,63,83
2017-12-13 17:00:00,67,32,35
2017-12-13 18:00:00,31,19,12
2017-12-13 19:00:00,26,14,12
2017-12-13 20:00:00,8,4,4
2017-12-13 21:00:00,8,5,3
2017-12-13 22:00:00,6,3,3
2017-12-13 23:00:00,8,4,4
2017-12-14 00:00:00,2,1,1
2017-12-14 01:00:00,0,0,0
2017-12-14 02:00:00,0,0,0
2017-12-14 03:00:00,1,1,0
2017-12-14 04:00:00,1,0,1
2017-12-14 05:00:00,11,8,3
2017-12-14 06:00:00,51,24,27
2017-12-14 07:00:00,81,41,40
2017-12-14 08:00:00,69,28,41
2017-12-14 09:00:00,51,22,29
2017-12-14 10:00:00,65,29,36
2017-12-14 11:00:00,98,53,45
2017-12-14 12:00:00,206,102,104
2017-12-14 13:00:00,152,76,76
2017-12-14 14:00:00,142,65,77
2017-12-14 15:00:00,128,67,61
2017-12-14 16:00:00,133,61,72
2017-12-14 17:00:00,66,23,43
2017-12-14 18:00:00,106,46,60
2017-12-14 19:00:00,77,38,39
2017-12-14 20:00:00,53,32,21
2017-12-14 21:00:00,17,9,8
2017-12-14 22:00:00,7,2,5
2017-12-14 23:00:00,3,2,1
2017-12-15 00:00:00,2,2,0
2017-12-15 01:00:00,2,0,2
2017-12-15 02:00:00,0,0,0
2017-12-15 03:00:00,0,0,0
2017-12-15 04:00:00,0,0,0
2017-12-15 05:00:00,10,5,5
2017-12-15 06:00:00,18,12,6
2017-12-15 07:00:00,60,32,28
2017-12-15 08:00:00,81,35,46
2017-12-15 09:00:00,49,23,26
2017-12-15 10:00:00,52,21,31
2017-12-15 11:00:00,103,50,53
2017-12-15 12:00:00,144,69,75
2017-12-15 13:00:00,91,44,47
2017-12-15 14:00:00,62,32,30
2017-12-15 15:00:00,45,23,22
2017-12-15 16:00:00,57,24,33
2017-12-15 17:00:00,36,18,18
2017-12-15 18:00:00,31,15,16
2017-12-15 19:00:00,12,3,9
2017-12-15 20:00:00,15,10,5
2017-12-15 21:00:00,7,4,3
2017-12-15 22:00:00,5,0,5
2017-12-15 23:00:00,5,2,3
2017-12-16 00:00:00,2,2,0
2017-12-16 01:00:00,1,0,1
2017-12-16 02:00:00,9,5,4
2017-12-16 03:00:00,0,0,0
2017-12-16 04:00:00,2,1,1
2017-12-16 05:00:00,1,1,0
2017-12-16 06:00:00,13,9,4
2017-12-16 07:00:00,38,23,15
2017-12-16 08:00:00,85,41,44
2017-12-16 09:00:00,119,60,59
2017-12-16 10:00:00,116,45,71
2017-12-16 11:00:00,118,48,70
2017-12-16 12:00:00,113,60,53
2017-12-16 13:00:00,150,52,98
2017-12-16 14:00:00,111,52,59
2017-12-16 15:00:00,105,55,50
2017-12-16 16:00:00,95,33,62
2017-12-16 17:00:00,34,16,18
2017-12-16 18:00:00,13,5,8
2017-12-16 19:00:00,7,4,3
2017-12-16 20:00:00,7,2,5
2017-12-16 21:00:00,3,2,1
2017-12-16 22:00:00,4,1,3
2017-12-16 23:00:00,5,2,3
2017-12-17 00:00:00,4,3,1
2017-12-17 01:00:00,2,1,1
2017-12-17 02:00:00,2,2,0
2017-12-17 03:00:00,1,1,0
2017-12-17 04:00:00,1,0,1
2017-12-17 05:00:00,2,1,1
2017-12-17 06:00:00,6,3,3
2017-12-17 07:00:00,21,14,7
2017-12-17 08:00:00,78,51,27
2017-12-17 09:00:00,131,64,67
2017-12-17 10:00:00,121,57,64
2017-12-17 11:00:00,99,45,54
2017-12-17 12:00:00,82,28,54
2017-12-17 13:00:00,56,26,30
2017-12-17 14:00:00,71,31,40
2017-12-17 15:00:00,98,44,54
2017-12-17 16:00:00,79,37,42
2017-12-17 17:00:00,28,14,14
2017-12-17 18:00:00,12,4,8
2017-12-17 19:00:00,6,3,3
2017-12-17 20:00:00,13,9,4
2017-12-17 21:00:00,3,2,1
2017-12-17 22:00:00,2,0,2
2017-12-17 23:00:00,3,3,0
2017-12-18 00:00:00,3,3,0
2017-12-18 01:00:00,0,0,0
2017-12-18 02:00:00,1,1,0
2017-12-18 03:00:00,3,2,1
2017-12-18 04:00:00,1,0,1
2017-12-18 05:00:00,6,3,3
2017-12-18 06:00:00,28,16,12
2017-12-18 07:00:00,26,15,11
2017-12-18 08:00:00,40,21,19
2017-12-18 09:00:00,32,17,15
2017-12-18 10:00:00,21,10,11
2017-12-18 11:00:00,38,20,18
2017-12-18 12:00:00,102,51,51
2017-12-18 13:00:00,75,36,39
2017-12-18 14:00:00,45,23,22
2017-12-18 15:00:00,44,21,23
2017-12-18 16:00:00,39,19,20
2017-12-18 17:00:00,35,20,15
2017-12-18 18:00:00,20,11,9
2017-12-18 19:00:00,10,4,6
2017-12-18 20:00:00,3,2,1
2017-12-18 21:00:00,2,1,1
2017-12-18 22:00:00,2,1,1
2017-12-18 23:00:00,2,1,1
2017-12-19 00:00:00,2,2,0
2017-12-19 01:00:00,1,1,0
2017-12-19 02:00:00,1,0,1
2017-12-19 03:00:00,1,0,1
2017-12-19 04:00:00,2,1,1
2017-12-19 05:00:00,4,3,1
2017-12-19 06:00:00,20,10,10
2017-12-19 07:00:00,32,15,17
2017-12-19 08:00:00,18,7,11
2017-12-19 09:00:00,14,9,5
2017-12-19 10:00:00,7,5,2
2017-12-19 11:00:00,20,10,10
2017-12-19 12:00:00,49,23,26
2017-12-19 13:00:00,50,28,22
2017-12-19 14:00:00,71,39,32
2017-12-19 15:00:00,89,41,48
2017-12-19 16:00:00,67,32,35
2017-12-19 17:00:00,45,23,22
2017-12-19 18:00:00,30,14,16
2017-12-19 19:00:00,16,9,7
2017-12-19 20:00:00,8,5,3
2017-12-19 21:00:00,5,1,4
2017-12-19 22:00:00,0,0,0
2017-12-19 23:00:00,1,1,0
2017-12-20 00:00:00,1,1,0
2017-12-20 01:00:00,0,0,0
2017-12-20 02:00:00,0,0,0
2017-12-20 03:00:00,1,1,0
2017-12-20 04:00:00,0,0,0
2017-12-20 05:00:00,4,2,2
2017-12-20 06:00:00,29,17,12
2017-12-20 07:00:00,66,35,31
2017-12-20 08:00:00,80,45,35
2017-12-20 09:00:00,79,41,38
2017-12-20 10:00:00,66,31,35
2017-12-20 11:00:00,126,61,65
2017-12-20 12:00:00,219,114,105
2017-12-20 13:00:00,134,65,69
2017-12-20 14:00:00,133,55,78
2017-12-20 15:00:00,184,103,81
2017-12-20 16:00:00,183,83,100
2017-12-20 17:00:00,53,22,31
2017-12-20 18:00:00,29,15,14
2017-12-20 19:00:00,14,12,2
2017-12-20 20:00:00,20,10,10
2017-12-20 21:00:00,3,2,1
2017-12-20 22:00:00,5,3,2
2017-12-20 23:00:00,0,0,0
2017-12-21 00:00:00,2,1,1
2017-12-21 01:00:00,9,5,4
2017-12-21 02:00:00,3,1,2
2017-12-21 03:00:00,2,1,1
2017-12-21 04:00:00,0,0,0
2017-12-21 05:00:00,11,7,4
2017-12-21 06:00:00,26,13,13
2017-12-21 07:00:00,58,29,29
2017-12-21 08:00:00,49,26,23
2017-12-21 09:00:00,52,30,22
2017-12-21 10:00:00,43,19,24
2017-12-21 11:00:00,105,58,47
2017-12-21 12:00:00,161,67,94
2017-12-21 13:00:00,119,58,61
2017-12-21 14:00:00,88,37,51
2017-12-21 15:00:00,84,41,43
2017-12-21 16:00:00,64,24,40
2017-12-21 17:00:00,33,16,17
2017-12-21 18:00:00,24,7,17
2017-12-21 19:00:00,14,6,8
2017-12-21 20:00:00,10,5,5
2017-12-21 21:00:00,7,3,4
2017-12-21 22:00:00,5,3,2
2017-12-21 23:00:00,1,0,1
2017-12-22 00:00:00,0,0,0
2017-12-22 01:00:00,3,2,1
2017-12-22 02:00:00,0,0,0
2017-12-22 03:00:00,1,0,1
2017-12-22 04:00:00,0,0,0
2017-12-22 05:00:00,0,0,0
2017-12-22 06:00:00,11,7,4
2017-12-22 07:00:00,38,21,17
2017-12-22 08:00:00,65,31,34
2017-12-22 09:00:00,38,19,19
2017-12-22 10:00:00,55,25,30
2017-12-22 11:00:00,67,34,33
2017-12-22 12:00:00,99,44,55
2017-12-22 13:00:00,84,36,48
2017-12-22 14:00:00,71,37,34
2017-12-22 15:00:00,131,64,67
2017-12-22 16:00:00,120,57,63
2017-12-22 17:00:00,35,16,19
2017-12-22 18:00:00,16,6,10
2017-12-22 19:00:00,9,7,2
2017-12-22 20:00:00,6,5,1
2017-12-22 21:00:00,2,1,1
2017-12-22 22:00:00,3,1,2
2017-12-22 23:00:00,1,0,1
2017-12-23 00:00:00,1,1,0
2017-12-23 01:00:00,0,0,0
2017-12-23 02:00:00,2,2,0
2017-12-23 03:00:00,2,1,1
2017-12-23 04:00:00,3,1,2
2017-12-23 05:00:00,1,1,0
2017-12-23 06:00:00,7,4,3
2017-12-23 07:00:00,21,10,11
2017-12-23 08:00:00,77,37,40
2017-12-23 09:00:00,95,51,44
2017-12-23 10:00:00,145,71,74
2017-12-23 11:00:00,143,68,75
2017-12-23 12:00:00,150,70,80
2017-12-23 13:00:00,180,78,102
2017-12-23 14:00:00,191,95,96
2017-12-23 15:00:00,307,156,151
2017-12-23 16:00:00,198,74,124
2017-12-23 17:00:00,16,8,8
2017-12-23 18:00:00,16,8,8
2017-12-23 19:00:00,9,3,6
2017-12-23 20:00:00,6,3,3
2017-12-23 21:00:00,4,2,2
2017-12-23 22:00:00,0,0,0
2017-12-23 23:00:00,4,3,1
2017-12-24 00:00:00,4,1,3
2017-12-24 01:00:00,1,1,0
2017-12-24 02:00:00,1,1,0
2017-12-24 03:00:00,2,0,2
2017-12-24 04:00:00,0,0,0
2017-12-24 05:00:00,3,2,1
2017-12-24 06:00:00,8,6,2
2017-12-24 07:00:00,19,14,5
2017-12-24 08:00:00,46,23,23
2017-12-24 09:00:00,64,29,35
2017-12-24 10:00:00,71,34,37
2017-12-24 11:00:00,59,24,35
2017-12-24 12:00:00,76,35,41
2017-12-24 13:00:00,85,48,37
2017-12-24 14:00:00,97,45,52
2017-12-24 15:00:00,67,28,39
2017-12-24 16:00:00,41,18,23
2017-12-24 17:00:00,22,8,14
2017-12-24 18:00:00,9,4,5
2017-12-24 19:00:00,3,2,1
2017-12-24 20:00:00,3,2,1
2017-12-24 21:00:00,0,0,0
2017-12-24 22:00:00,3,2,1
2017-12-24 23:00:00,3,2,1
2017-12-25 00:00:00,8,4,4
2017-12-25 01:00:00,0,0,0
2017-12-25 02:00:00,1,1,0
2017-12-25 03:00:00,3,2,1
2017-12-25 04:00:00,0,0,0
2017-12-25 05:00:00,1,1,0
2017-12-25 06:00:00,1,1,0
2017-12-25 07:00:00,10,6,4
2017-12-25 08:00:00,37,16,21
2017-12-25 09:00:00,54,30,24
2017-12-25 10:00:00,67,35,32
2017-12-25 11:00:00,112,49,63
2017-12-25 12:00:00,115,63,52
2017-12-25 13:00:00,98,45,53
2017-12-25 14:00:00,99,48,51
2017-12-25 15:00:00,118,53,65
2017-12-25 16:00:00,92,38,54
2017-12-25 17:00:00,25,9,16
2017-12-25 18:00:00,9,3,6
2017-12-25 19:00:00,11,7,4
2017-12-25 20:00:00,2,1,1
2017-12-25 21:00:00,2,2,0
2017-12-25 22:00:00,0,0,0
2017-12-25 23:00:00,0,0,0
2017-12-26 00:00:00,2,1,1
2017-12-26 01:00:00,2,2,0
2017-12-26 02:00:00,0,0,0
2017-12-26 03:00:00,4,3,1
2017-12-26 04:00:00,0,0,0
2017-12-26 05:00:00,1,1,0
2017-12-26 06:00:00,7,3,4
2017-12-26 07:00:00,23,14,9
2017-12-26 08:00:00,52,27,25
2017-12-26 09:00:00,64,34,30
2017-12-26 10:00:00,66,33,33
2017-12-26 11:00:00,102,47,55
2017-12-26 12:00:00,158,71,87
2017-12-26 13:00:00,277,146,131
2017-12-26 14:00:00,131,60,71
2017-12-26 15:00:00,98,44,54
2017-12-26 16:00:00,110,58,52
2017-12-26 17:00:00,29,13,16
2017-12-26 18:00:00,13,3,10
2017-12-26 19:00:00,12,7,5
2017-12-26 20:00:00,7,4,3
2017-12-26 21:00:00,10,2,8
2017-12-26 22:00:00,5,2,3
2017-12-26 23:00:00,1,1,0
2017-12-27 00:00:00,5,1,4
2017-12-27 01:00:00,1,1,0
2017-12-27 02:00:00,0,0,0
2017-12-27 03:00:00,2,2,0
2017-12-27 04:00:00,1,1,0
2017-12-27 05:00:00,5,3,2
2017-12-27 06:00:00,21,11,10
2017-12-27 07:00:00,35,15,20
2017-12-27 08:00:00,56,32,24
2017-12-27 09:00:00,76,40,36
2017-12-27 10:00:00,71,39,32
2017-12-27 11:00:00,73,38,35
2017-12-27 12:00:00,164,75,89
2017-12-27 13:00:00,149,65,84
2017-12-27 14:00:00,86,36,50
2017-12-27 15:00:00,99,42,57
2017-12-27 16:00:00,80,39,41
2017-12-27 17:00:00,41,20,21
2017-12-27 18:00:00,34,18,16
2017-12-27 19:00:00,14,10,4
2017-12-27 20:00:00,9,6,3
2017-12-27 21:00:00,5,2,3
2017-12-27 22:00:00,3,1,2
2017-12-27 23:00:00,1,0,1
2017-12-28 00:00:00,1,1,0
2017-12-28 01:00:00,1,0,1
2017-12-28 02:00:00,0,0,0
2017-12-28 03:00:00,0,0,0
2017-12-28 04:00:00,1,1,0
2017-12-28 05:00:00,4,4,0
2017-12-28 06:00:00,21,8,13
2017-12-28 07:00:00,32,16,16
2017-12-28 08:00:00,73,39,34
2017-12-28 09:00:00,75,41,34
2017-12-28 10:00:00,45,21,24
2017-12-28 11:00:00,82,45,37
2017-12-28 12:00:00,105,51,54
2017-12-28 13:00:00,73,32,41
2017-12-28 14:00:00,80,43,37
2017-12-28 15:00:00,67,33,34
2017-12-28 16:00:00,62,24,38
2017-12-28 17:00:00,31,15,16
2017-12-28 18:00:00,21,11,10
2017-12-28 19:00:00,20,6,14
2017-12-28 20:00:00,8,5,3
2017-12-28 21:00:00,9,6,3
2017-12-28 22:00:00,6,3,3
2017-12-28 23:00:00,2,0,2
2017-12-29 00:00:00,0,0,0
2017-12-29 01:00:00,3,1,2
2017-12-29 02:00:00,0,0,0
2017-12-29 03:00:00,0,0,0
2017-12-29 04:00:00,2,0,2
2017-12-29 05:00:00,2,2,0
2017-12-29 06:00:00,10,5,5
2017-12-29 07:00:00,18,9,9
2017-12-29 08:00:00,25,14,11
2017-12-29 09:00:00,30,12,18
2017-12-29 10:00:00,16,6,10
2017-12-29 11:00:00,16,8,8
2017-12-29 12:00:00,38,19,19
2017-12-29 13:00:00,16,5,11
2017-12-29 14:00:00,26,10,16
2017-12-29 15:00:00,39,16,23
2017-12-29 16:00:00,26,15,11
2017-12-29 17:00:00,17,9,8
2017-12-29 18:00:00,6,2,4
2017-12-29 19:00:00,2,2,0
2017-12-29 20:00:00,7,4,3
2017-12-29 21:00:00,5,1,4
2017-12-29 22:00:00,1,0,1
2017-12-29 23:00:00,2,1,1
2017-12-30 00:00:00,0,0,0
2017-12-30 01:00:00,2,1,1
2017-12-30 02:00:00,0,0,0
2017-12-30 03:00:00,0,0,0
2017-12-30 04:00:00,3,2,1
2017-12-30 05:00:00,0,0,0
2017-12-30 06:00:00,14,8,6
2017-12-30 07:00:00,21,13,8
2017-12-30 08:00:00,109,66,43
2017-12-30 09:00:00,207,73,134
2017-12-30 10:00:00,183,84,99
2017-12-30 11:00:00,182,87,95
2017-12-30 12:00:00,172,74,98
2017-12-30 13:00:00,209,91,118
2017-12-30 14:00:00,216,99,117
2017-12-30 15:00:00,170,76,94
2017-12-30 16:00:00,126,55,71
2017-12-30 17:00:00,42,19,23
2017-12-30 18:00:00,13,4,9
2017-12-30 19:00:00,8,2,6
2017-12-30 20:00:00,9,6,3
2017-12-30 21:00:00,14,5,9
2017-12-30 22:00:00,3,1,2
2017-12-30 23:00:00,6,4,2
2017-12-31 00:00:00,5,3,2
2017-12-31 01:00:00,1,1,0
2017-12-31 02:00:00,1,1,0
2017-12-31 03:00:00,3,2,1
2017-12-31 04:00:00,1,1,0
2017-12-31 05:00:00,2,2,0
2017-12-31 06:00:00,7,4,3
2017-12-31 07:00:00,34,21,13
2017-12-31 08:00:00,80,44,36
2017-12-31 09:00:00,103,58,45
2017-12-31 10:00:00,116,59,57
2017-12-31 11:00:00,195,96,99
2017-12-31 12:00:00,207,94,113
2017-12-31 13:00:00,214,92,122
2017-12-31 14:00:00,250,125,125
2017-12-31 15:00:00,234,83,151
2017-12-31 16:00:00,178,76,102
2017-12-31 17:00:00,47,19,28
2017-12-31 18:00:00,12,2,10
2017-12-31 19:00:00,10,3,7
2017-12-31 20:00:00,15,8,7
2017-12-31 21:00:00,6,2,4
2017-12-31 22:00:00,6,1,5
2017-12-31 23:00:00,25,10,15
2018-01-01 00:00:00,12,5,7
2018-01-01 01:00:00,4,2,2
2018-01-01 02:00:00,2,2,0
2018-01-01 03:00:00,3,1,2
2018-01-01 04:00:00,3,1,2
2018-01-01 05:00:00,2,1,1
2018-01-01 06:00:00,6,5,1
2018-01-01 07:00:00,15,7,8
2018-01-01 08:00:00,52,29,23
2018-01-01 09:00:00,91,54,37
2018-01-01 10:00:00,155,80,75
2018-01-01 11:00:00,254,119,135
2018-01-01 12:00:00,279,133,146
2018-01-01 13:00:00,328,150,178
2018-01-01 14:00:00,382,203,179
2018-01-01 15:00:00,601,258,343
2018-01-01 16:00:00,367,144,223
2018-01-01 17:00:00,97,37,60
2018-01-01 18:00:00,29,15,14
2018-01-01 19:00:00,15,6,9
2018-01-01 20:00:00,9,5,4
2018-01-01 21:00:00,2,0,2
2018-01-01 22:00:00,0,0,0
2018-01-01 23:00:00,0,0,0
2018-01-02 00:00:00,4,3,1
2018-01-02 01:00:00,2,1,1
2018-01-02 02:00:00,0,0,0
2018-01-02 03:00:00,3,2,1
2018-01-02 04:00:00,2,1,1
2018-01-02 05:00:00,11,7,4
2018-01-02 06:00:00,43,17,26
2018-01-02 07:00:00,60,31,29
2018-01-02 08:00:00,69,31,38
2018-01-02 09:00:00,44,22,22
2018-01-02 10:00:00,84,44,40
2018-01-02 11:00:00,102,59,43
2018-01-02 12:00:00,258,136,122
2018-01-02 13:00:00,143,60,83
2018-01-02 14:00:00,98,54,44
2018-01-02 15:00:00,110,50,60
2018-01-02 16:00:00,103,43,60
2018-01-02 17:00:00,68,41,27
2018-01-02 18:00:00,33,18,15
2018-01-02 19:00:00,26,13,13
2018-01-02 20:00:00,13,7,6
2018-01-02 21:00:00,8,4,4
2018-01-02 22:00:00,4,3,1
2018-01-02 23:00:00,3,1,2
2018-01-03 00:00:00,3,2,1
2018-01-03 01:00:00,1,0,1
2018-01-03 02:00:00,1,0,1
2018-01-03 03:00:00,1,1,0
2018-01-03 04:00:00,2,1,1
2018-01-03 05:00:00,4,2,2
2018-01-03 06:00:00,46,25,21
2018-01-03 07:00:00,79,38,41
2018-01-03 08:00:00,83,36,47
2018-01-03 09:00:00,68,30,38
2018-01-03 10:00:00,78,43,35
2018-01-03 11:00:00,194,101,93
2018-01-03 12:00:00,389,183,206
2018-01-03 13:00:00,209,98,111
2018-01-03 14:00:00,165,84,81
2018-01-03 15:00:00,243,119,124
2018-01-03 16:00:00,181,75,106
2018-01-03 17:00:00,91,47,44
2018-01-03 18:00:00,53,24,29
2018-01-03 19:00:00,32,17,15
2018-01-03 20:00:00,11,6,5
2018-01-03 21:00:00,6,1,5
2018-01-03 22:00:00,9,7,2
2018-01-03 23:00:00,2,1,1
2018-01-04 00:00:00,0,0,0
2018-01-04 01:00:00,1,1,0
2018-01-04 02:00:00,0,0,0
2018-01-04 03:00:00,0,0,0
2018-01-04 04:00:00,2,1,1
2018-01-04 05:00:00,14,7,7
2018-01-04 06:00:00,44,24,20
2018-01-04 07:00:00,90,47,43
2018-01-04 08:00:00,65,29,36
2018-01-04 09:00:00,66,37,29
2018-01-04 10:00:00,70,36,34
2018-01-04 11:00:00,86,43,43
2018-01-04 12:00:00,233,122,111
2018-01-04 13:00:00,105,49,56
2018-01-04 14:00:00,80,43,37
2018-01-04 15:00:00,77,37,40
2018-01-04 16:00:00,111,55,56
2018-01-04 17:00:00,60,25,35
2018-01-04 18:00:00,45,25,20
2018-01-04 19:00:00,23,11,12
2018-01-04 20:00:00,12,5,7
2018-01-04 21:00:00,14,8,6
2018-01-04 22:00:00,2,1,1
2018-01-04 23:00:00,2,2,0
2018-01-05 00:00:00,3,1,2
2018-01-05 01:00:00,4,2,2
2018-01-05 02:00:00,0,0,0
2018-01-05 03:00:00,0,0,0
2018-01-05 04:00:00,2,2,0
2018-01-05 05:00:00,4,1,3
2018-01-05 06:00:00,26,15,11
2018-01-05 07:00:00,67,37,30
2018-01-05 08:00:00,67,30,37
2018-01-05 09:00:00,41,18,23
2018-01-05 10:00:00,34,13,21
2018-01-05 11:00:00,61,31,30
2018-01-05 12:00:00,118,59,59
2018-01-05 13:00:00,72,41,31
2018-01-05 14:00:00,98,48,50
2018-01-05 15:00:00,111,43,68
2018-01-05 16:00:00,68,31,37
2018-01-05 17:00:00,25,12,13
2018-01-05 18:00:00,11,6,5
2018-01-05 19:00:00,25,14,11
2018-01-05 20:00:00,19,11,8
2018-01-05 21:00:00,15,9,6
2018-01-05 22:00:00,9,7,2
2018-01-05 23:00:00,7,7,0
2018-01-06 00:00:00,1,0,1
2018-01-06 01:00:00,1,0,1
2018-01-06 02:00:00,0,0,0
2018-01-06 03:00:00,0,0,0
2018-01-06 04:00:00,2,1,1
2018-01-06 05:00:00,3,3,0
2018-01-06 06:00:00,4,3,1
2018-01-06 07:00:00,14,10,4
2018-01-06 08:00:00,49,26,23
2018-01-06 09:00:00,51,22,29
2018-01-06 10:00:00,61,35,26
2018-01-06 11:00:00,56,31,25
2018-01-06 12:00:00,78,37,41
2018-01-06 13:00:00,88,40,48
2018-01-06 14:00:00,130,65,65
2018-01-06 15:00:00,149,62,87
2018-01-06 16:00:00,158,72,86
2018-01-06 17:00:00,60,25,35
2018-01-06 18:00:00,23,10,13
2018-01-06 19:00:00,10,4,6
2018-01-06 20:00:00,9,5,4
2018-01-06 21:00:00,7,3,4
2018-01-06 22:00:00,8,5,3
2018-01-06 23:00:00,2,2,0
2018-01-07 00:00:00,2,1,1
2018-01-07 01:00:00,0,0,0
2018-01-07 02:00:00,2,2,0
2018-01-07 03:00:00,1,1,0
2018-01-07 04:00:00,4,1,3
2018-01-07 05:00:00,3,3,0
2018-01-07 06:00:00,6,3,3
2018-01-07 07:00:00,9,7,2
2018-01-07 08:00:00,52,30,22
2018-01-07 09:00:00,84,47,37
2018-01-07 10:00:00,141,81,60
2018-01-07 11:00:00,182,84,98
2018-01-07 12:00:00,143,59,84
2018-01-07 13:00:00,90,46,44
2018-01-07 14:00:00,89,46,43
2018-01-07 15:00:00,84,36,48
2018-01-07 16:00:00,58,22,36
2018-01-07 17:00:00,25,13,12
2018-01-07 18:00:00,9,3,6
2018-01-07 19:00:00,6,4,2
2018-01-07 20:00:00,12,5,7
2018-01-07 21:00:00,6,3,3
2018-01-07 22:00:00,1,1,0
2018-01-07 23:00:00,2,2,0
2018-01-08 00:00:00,2,1,1
2018-01-08 01:00:00,0,0,0
2018-01-08 02:00:00,1,1,0
2018-01-08 03:00:00,4,2,2
2018-01-08 04:00:00,1,1,0
2018-01-08 05:00:00,10,5,5
2018-01-08 06:00:00,43,24,19
2018-01-08 07:00:00,57,28,29
2018-01-08 08:00:00,73,38,35
2018-01-08 09:00:00,67,31,36
2018-01-08 10:00:00,82,45,37
2018-01-08 11:00:00,116,59,57
2018-01-08 12:00:00,256,125,131
2018-01-08 13:00:00,163,72,91
2018-01-08 14:00:00,143,70,73
2018-01-08 15:00:00,136,64,72
2018-01-08 16:00:00,130,55,75
2018-01-08 17:00:00,90,42,48
2018-01-08 18:00:00,58,31,27
2018-01-08 19:00:00,47,25,22
2018-01-08 20:00:00,34,19,15
2018-01-08 21:00:00,8,2,6
2018-01-08 22:00:00,7,4,3
2018-01-08 23:00:00,2,1,1
2018-01-09 00:00:00,0,0,0
2018-01-09 01:00:00,1,1,0
2018-01-09 02:00:00,2,2,0
2018-01-09 03:00:00,2,2,0
2018-01-09 04:00:00,1,0,1
2018-01-09 05:00:00,9,8,1
2018-01-09 06:00:00,57,28,29
2018-01-09 07:00:00,98,47,51
2018-01-09 08:00:00,54,24,30
2018-01-09 09:00:00,47,25,22
2018-01-09 10:00:00,43,23,20
2018-01-09 11:00:00,66,39,27
2018-01-09 12:00:00,132,63,69
2018-01-09 13:00:00,52,21,31
2018-01-09 14:00:00,71,35,36
2018-01-09 15:00:00,68,40,28
2018-01-09 16:00:00,66,30,36
2018-01-09 17:00:00,52,28,24
2018-01-09 18:00:00,28,18,10
2018-01-09 19:00:00,24,12,12
2018-01-09 20:00:00,19,8,11
2018-01-09 21:00:00,16,9,7
2018-01-09 22:00:00,6,2,4
2018-01-09 23:00:00,0,0,0
2018-01-10 00:00:00,2,2,0
2018-01-10 01:00:00,2,1,1
2018-01-10 02:00:00,0,0,0
2018-01-10 03:00:00,0,0,0
2018-01-10 04:00:00,4,2,2
2018-01-10 05:00:00,11,5,6
2018-01-10 06:00:00,58,36,22
2018-01-10 07:00:00,86,44,42
2018-01-10 08:00:00,80,25,55
2018-01-10 09:00:00,71,40,31
2018-01-10 10:00:00,69,28,41
2018-01-10 11:00:00,132,77,55
2018-01-10 12:00:00,228,123,105
2018-01-10 13:00:00,148,75,73
2018-01-10 14:00:00,83,38,45
2018-01-10 15:00:00,92,48,44
2018-01-10 16:00:00,120,52,68
2018-01-10 17:00:00,57,25,32
2018-01-10 18:00:00,38,25,13
2018-01-10 19:00:00,22,10,12
2018-01-10 20:00:00,17,9,8
2018-01-10 21:00:00,5,2,3
2018-01-10 22:00:00,2,0,2
2018-01-10 23:00:00,2,0,2
2018-01-11 00:00:00,5,4,1
2018-01-11 01:00:00,0,0,0
2018-01-11 02:00:00,0,0,0
2018-01-11 03:00:00,0,0,0
2018-01-11 04:00:00,3,0,3
2018-01-11 05:00:00,6,4,2
2018-01-11 06:00:00,37,19,18
2018-01-11 07:00:00,48,26,22
2018-01-11 08:00:00,35,14,21
2018-01-11 09:00:00,22,7,15
2018-01-11 10:00:00,16,6,10
2018-01-11 11:00:00,31,18,13
2018-01-11 12:00:00,68,36,32
2018-01-11 13:00:00,74,39,35
2018-01-11 14:00:00,124,70,54
2018-01-11 15:00:00,177,89,88
2018-01-11 16:00:00,117,60,57
2018-01-11 17:00:00,88,34,54
2018-01-11 18:00:00,32,17,15
2018-01-11 19:00:00,27,15,12
2018-01-11 20:00:00,11,4,7
2018-01-11 21:00:00,9,6,3
2018-01-11 22:00:00,5,1,4
2018-01-11 23:00:00,1,0,1
2018-01-12 00:00:00,0,0,0
2018-01-12 01:00:00,2,1,1
2018-01-12 02:00:00,0,0,0
2018-01-12 03:00:00,0,0,0
2018-01-12 04:00:00,4,2,2
2018-01-12 05:00:00,11,5,6
2018-01-12 06:00:00,41,20,21
2018-01-12 07:00:00,80,40,40
2018-01-12 08:00:00,91,38,53
2018-01-12 09:00:00,82,37,45
2018-01-12 10:00:00,83,45,38
2018-01-12 11:00:00,115,58,57
2018-01-12 12:00:00,167,86,81
2018-01-12 13:00:00,87,36,51
2018-01-12 14:00:00,66,35,31
2018-01-12 15:00:00,69,32,37
2018-01-12 16:00:00,74,32,42
2018-01-12 17:00:00,41,18,23
2018-01-12 18:00:00,28,15,13
2018-01-12 19:00:00,9,3,6
2018-01-12 20:00:00,6,3,3
2018-01-12 21:00:00,10,5,5
2018-01-12 22:00:00,9,6,3
2018-01-12 23:00:00,7,2,5
2018-01-13 00:00:00,4,1,3
2018-01-13 01:00:00,4,2,2
2018-01-13 02:00:00,1,0,1
2018-01-13 03:00:00,0,0,0
2018-01-13 04:00:00,2,1,1
2018-01-13 05:00:00,1,0,1
2018-01-13 06:00:00,8,6,2
2018-01-13 07:00:00,30,14,16
2018-01-13 08:00:00,84,48,36
2018-01-13 09:00:00,175,94,81
2018-01-13 10:00:00,191,95,96
2018-01-13 11:00:00,157,74,83
2018-01-13 12:00:00,182,88,94
2018-01-13 13:00:00,221,113,108
2018-01-13 14:00:00,226,109,117
2018-01-13 15:00:00,402,191,211
2018-01-13 16:00:00,360,163,197
2018-01-13 17:00:00,171,60,111
2018-01-13 18:00:00,44,20,24
2018-01-13 19:00:00,13,3,10
2018-01-13 20:00:00,12,7,5
2018-01-13 21:00:00,16,8,8
2018-01-13 22:00:00,4,3,1
2018-01-13 23:00:00,1,1,0
2018-01-14 00:00:00,0,0,0
2018-01-14 01:00:00,0,0,0
2018-01-14 02:00:00,1,1,0
2018-01-14 03:00:00,2,1,1
2018-01-14 04:00:00,1,1,0
2018-01-14 05:00:00,3,1,2
2018-01-14 06:00:00,8,4,4
2018-01-14 07:00:00,34,23,11
2018-01-14 08:00:00,108,63,45
2018-01-14 09:00:00,204,103,101
2018-01-14 10:00:00,271,140,131
2018-01-14 11:00:00,357,165,192
2018-01-14 12:00:00,408,208,200
2018-01-14 13:00:00,447,225,222
2018-01-14 14:00:00,515,267,248
2018-01-14 15:00:00,677,307,370
2018-01-14 16:00:00,575,259,316
2018-01-14 17:00:00,173,60,113
2018-01-14 18:00:00,46,20,26
2018-01-14 19:00:00,19,11,8
2018-01-14 20:00:00,21,12,9
2018-01-14 21:00:00,4,2,2
2018-01-14 22:00:00,3,0,3
2018-01-14 23:00:00,7,5,2
2018-01-15 00:00:00,7,5,2
2018-01-15 01:00:00,0,0,0
2018-01-15 02:00:00,1,1,0
2018-01-15 03:00:00,3,1,2
2018-01-15 04:00:00,0,0,0
2018-01-15 05:00:00,5,3,2
2018-01-15 06:00:00,34,20,14
2018-01-15 07:00:00,44,23,21
2018-01-15 08:00:00,101,54,47
2018-01-15 09:00:00,141,76,65
2018-01-15 10:00:00,138,73,65
2018-01-15 11:00:00,197,98,99
2018-01-15 12:00:00,331,167,164
2018-01-15 13:00:00,276,139,137
2018-01-15 14:00:00,271,142,129
2018-01-15 15:00:00,334,166,168
2018-01-15 16:00:00,288,125,163
2018-01-15 17:00:00,95,45,50
2018-01-15 18:00:00,50,25,25
2018-01-15 19:00:00,17,6,11
2018-01-15 20:00:00,11,4,7
2018-01-15 21:00:00,3,0,3
2018-01-15 22:00:00,2,2,0
2018-01-15 23:00:00,2,1,1
2018-01-16 00:00:00,2,1,1
2018-01-16 01:00:00,1,1,0
2018-01-16 02:00:00,0,0,0
2018-01-16 03:00:00,1,1,0
2018-01-16 04:00:00,2,0,2
2018-01-16 05:00:00,10,8,2
2018-01-16 06:00:00,40,21,19
2018-01-16 07:00:00,80,42,38
2018-01-16 08:00:00,80,38,42
2018-01-16 09:00:00,58,30,28
2018-01-16 10:00:00,100,53,47
2018-01-16 11:00:00,153,72,81
2018-01-16 12:00:00,311,157,154
2018-01-16 13:00:00,174,84,90
2018-01-16 14:00:00,116,54,62
2018-01-16 15:00:00,165,80,85
2018-01-16 16:00:00,173,84,89
2018-01-16 17:00:00,108,54,54
2018-01-16 18:00:00,38,18,20
2018-01-16 19:00:00,34,19,15
2018-01-16 20:00:00,29,17,12
2018-01-16 21:00:00,6,3,3
2018-01-16 22:00:00,4,2,2
2018-01-16 23:00:00,5,3,2
2018-01-17 00:00:00,4,3,1
2018-01-17 01:00:00,3,2,1
2018-01-17 02:00:00,3,2,1
2018-01-17 03:00:00,2,1,1
2018-01-17 04:00:00,5,3,2
2018-01-17 05:00:00,13,8,5
2018-01-17 06:00:00,51,30,21
2018-01-17 07:00:00,93,49,44
2018-01-17 08:00:00,64,24,40
2018-01-17 09:00:00,64,40,24
2018-01-17 10:00:00,74,35,39
2018-01-17 11:00:00,119,64,55
2018-01-17 12:00:00,217,104,113
2018-01-17 13:00:00,133,57,76
2018-01-17 14:00:00,72,32,40
2018-01-17 15:00:00,32,16,16
2018-01-17 16:00:00,49,27,22
2018-01-17 17:00:00,35,20,15
2018-01-17 18:00:00,26,15,11
2018-01-17 19:00:00,18,8,10
2018-01-17 20:00:00,9,4,5
2018-01-17 21:00:00,3,2,1
2018-01-17 22:00:00,1,1,0
2018-01-17 23:00:00,7,4,3
2018-01-18 00:00:00,2,2,0
2018-01-18 01:00:00,3,3,0
2018-01-18 02:00:00,0,0,0
2018-01-18 03:00:00,0,0,0
2018-01-18 04:00:00,1,0,1
2018-01-18 05:00:00,13,8,5
2018-01-18 06:00:00,37,20,17
2018-01-18 07:00:00,80,43,37
2018-01-18 08:00:00,96,48,48
2018-01-18 09:00:00,66,28,38
2018-01-18 10:00:00,55,29,26
2018-01-18 11:00:00,132,62,70
2018-01-18 12:00:00,202,95,107
2018-01-18 13:00:00,59,27,32
2018-01-18 14:00:00,24,12,12
2018-01-18 15:00:00,21,8,13
2018-01-18 16:00:00,57,24,33
2018-01-18 17:00:00,44,24,20
2018-01-18 18:00:00,44,24,20
2018-01-18 19:00:00,24,9,15
2018-01-18 20:00:00,10,7,3
2018-01-18 21:00:00,12,6,6
2018-01-18 22:00:00,10,5,5
2018-01-18 23:00:00,1,1,0
2018-01-19 00:00:00,1,1,0
2018-01-19 01:00:00,2,1,1
2018-01-19 02:00:00,1,0,1
2018-01-19 03:00:00,0,0,0
2018-01-19 04:00:00,1,0,1
2018-01-19 05:00:00,9,5,4
2018-01-19 06:00:00,36,16,20
2018-01-19 07:00:00,71,41,30
2018-01-19 08:00:00,81,35,46
2018-01-19 09:00:00,64,28,36
2018-01-19 10:00:00,81,37,44
2018-01-19 11:00:00,102,54,48
2018-01-19 12:00:00,176,84,92
2018-01-19 13:00:00,107,50,57
2018-01-19 14:00:00,45,22,23
2018-01-19 15:00:00,51,21,30
2018-01-19 16:00:00,64,34,30
2018-01-19 17:00:00,46,19,27
2018-01-19 18:00:00,20,10,10
2018-01-19 19:00:00,14,3,11
2018-01-19 20:00:00,6,3,3
2018-01-19 21:00:00,6,3,3
2018-01-19 22:00:00,4,3,1
2018-01-19 23:00:00,0,0,0
2018-01-20 00:00:00,0,0,0
2018-01-20 01:00:00,2,0,2
2018-01-20 02:00:00,0,0,0
2018-01-20 03:00:00,0,0,0
2018-01-20 04:00:00,2,1,1
2018-01-20 05:00:00,1,0,1
2018-01-20 06:00:00,12,8,4
2018-01-20 07:00:00,31,14,17
2018-01-20 08:00:00,78,42,36
2018-01-20 09:00:00,109,58,51
2018-01-20 10:00:00,120,65,55
2018-01-20 11:00:00,154,62,92
2018-01-20 12:00:00,77,30,47
2018-01-20 13:00:00,85,44,41
2018-01-20 14:00:00,117,53,64
2018-01-20 15:00:00,125,65,60
2018-01-20 16:00:00,93,51,42
2018-01-20 17:00:00,69,30,39
2018-01-20 18:00:00,27,12,15
2018-01-20 19:00:00,12,5,7
2018-01-20 20:00:00,9,4,5
2018-01-20 21:00:00,10,4,6
2018-01-20 22:00:00,4,2,2
2018-01-20 23:00:00,5,3,2
2018-01-21 00:00:00,4,2,2
2018-01-21 01:00:00,0,0,0
2018-01-21 02:00:00,1,1,0
2018-01-21 03:00:00,4,3,1
2018-01-21 04:00:00,1,0,1
2018-01-21 05:00:00,3,3,0
2018-01-21 06:00:00,9,2,7
2018-01-21 07:00:00,14,9,5
2018-01-21 08:00:00,45,25,20
2018-01-21 09:00:00,97,54,43
2018-01-21 10:00:00,94,45,49
2018-01-21 11:00:00,115,49,66
2018-01-21 12:00:00,93,47,46
2018-01-21 13:00:00,147,71,76
2018-01-21 14:00:00,182,82,100
2018-01-21 15:00:00,73,33,40
2018-01-21 16:00:00,26,13,13
2018-01-21 17:00:00,19,8,11
2018-01-21 18:00:00,19,9,10
2018-01-21 19:00:00,12,5,7
2018-01-21 20:00:00,7,5,2
2018-01-21 21:00:00,6,3,3
2018-01-21 22:00:00,3,1,2
2018-01-21 23:00:00,5,2,3
2018-01-22 00:00:00,4,2,2
2018-01-22 01:00:00,0,0,0
2018-01-22 02:00:00,1,1,0
2018-01-22 03:00:00,3,1,2
2018-01-22 04:00:00,0,0,0
2018-01-22 05:00:00,3,2,1
2018-01-22 06:00:00,27,12,15
2018-01-22 07:00:00,69,35,34
2018-01-22 08:00:00,57,26,31
2018-01-22 09:00:00,80,42,38
2018-01-22 10:00:00,71,30,41
2018-01-22 11:00:00,126,66,60
2018-01-22 12:00:00,273,138,135
2018-01-22 13:00:00,124,61,63
2018-01-22 14:00:00,89,39,50
2018-01-22 15:00:00,91,52,39
2018-01-22 16:00:00,146,79,67
2018-01-22 17:00:00,114,49,65
2018-01-22 18:00:00,56,29,27
2018-01-22 19:00:00,45,22,23
2018-01-22 20:00:00,15,7,8
2018-01-22 21:00:00,3,2,1
2018-01-22 22:00:00,2,1,1
2018-01-22 23:00:00,0,0,0
2018-01-23 00:00:00,1,1,0
2018-01-23 01:00:00,1,1,0
2018-01-23 02:00:00,0,0,0
2018-01-23 03:00:00,4,2,2
2018-01-23 04:00:00,5,3,2
2018-01-23 05:00:00,14,8,6
2018-01-23 06:00:00,78,40,38
2018-01-23 07:00:00,88,39,49
2018-01-23 08:00:00,53,27,26
2018-01-23 09:00:00,26,8,18
2018-01-23 10:00:00,27,17,10
2018-01-23 11:00:00,37,19,18
2018-01-23 12:00:00,101,52,49
2018-01-23 13:00:00,42,15,27
2018-01-23 14:00:00,23,14,9
2018-01-23 15:00:00,19,9,10
2018-01-23 16:00:00,31,21,10
2018-01-23 17:00:00,32,12,20
2018-01-23 18:00:00,18,10,8
2018-01-23 19:00:00,28,18,10
2018-01-23 20:00:00,9,6,3
2018-01-23 21:00:00,7,4,3
2018-01-23 22:00:00,6,3,3
2018-01-23 23:00:00,3,2,1
2018-01-24 00:00:00,1,1,0
2018-01-24 01:00:00,2,1,1
2018-01-24 02:00:00,0,0,0
2018-01-24 03:00:00,2,1,1
2018-01-24 04:00:00,0,0,0
2018-01-24 05:00:00,18,10,8
2018-01-24 06:00:00,97,51,46
2018-01-24 07:00:00,68,30,38
2018-01-24 08:00:00,46,18,28
2018-01-24 09:00:00,41,20,21
2018-01-24 10:00:00,73,38,35
2018-01-24 11:00:00,99,50,49
2018-01-24 12:00:00,190,91,99
2018-01-24 13:00:00,58,29,29
2018-01-24 14:00:00,34,12,22
2018-01-24 15:00:00,40,20,20
2018-01-24 16:00:00,66,32,34
2018-01-24 17:00:00,61,34,27
2018-01-24 18:00:00,20,10,10
2018-01-24 19:00:00,19,9,10
2018-01-24 20:00:00,9,7,2
2018-01-24 21:00:00,8,4,4
2018-01-24 22:00:00,3,2,1
2018-01-24 23:00:00,0,0,0
2018-01-25 00:00:00,0,0,0
2018-01-25 01:00:00,1,1,0
2018-01-25 02:00:00,1,0,1
2018-01-25 03:00:00,0,0,0
2018-01-25 04:00:00,2,1,1
2018-01-25 05:00:00,8,6,2
2018-01-25 06:00:00,57,32,25
2018-01-25 07:00:00,81,47,34
2018-01-25 08:00:00,81,38,43
2018-01-25 09:00:00,59,25,34
2018-01-25 10:00:00,25,9,16
2018-01-25 11:00:00,49,27,22
2018-01-25 12:00:00,117,59,58
2018-01-25 13:00:00,58,22,36
2018-01-25 14:00:00,69,33,36
2018-01-25 15:00:00,102,50,52
2018-01-25 16:00:00,110,47,63
2018-01-25 17:00:00,107,51,56
2018-01-25 18:00:00,38,20,18
2018-01-25 19:00:00,26,16,10
2018-01-25 20:00:00,19,11,8
2018-01-25 21:00:00,7,3,4
2018-01-25 22:00:00,3,2,1
2018-01-25 23:00:00,0,0,0
2018-01-26 00:00:00,0,0,0
2018-01-26 01:00:00,1,1,0
2018-01-26 02:00:00,6,3,3
2018-01-26 03:00:00,1,0,1
2018-01-26 04:00:00,1,0,1
2018-01-26 05:00:00,6,5,1
2018-01-26 06:00:00,46,21,25
2018-01-26 07:00:00,79,45,34
2018-01-26 08:00:00,50,18,32
2018-01-26 09:00:00,34,19,15
2018-01-26 10:00:00,39,13,26
2018-01-26 11:00:00,73,42,31
2018-01-26 12:00:00,128,66,62
2018-01-26 13:00:00,117,56,61
2018-01-26 14:00:00,69,31,38
2018-01-26 15:00:00,56,25,31
2018-01-26 16:00:00,87,49,38
2018-01-26 17:00:00,52,18,34
2018-01-26 18:00:00,29,13,16
2018-01-26 19:00:00,20,7,13
2018-01-26 20:00:00,9,4,5
2018-01-26 21:00:00,5,3,2
2018-01-26 22:00:00,8,4,4
2018-01-26 23:00:00,2,1,1
2018-01-27 00:00:00,0,0,0
2018-01-27 01:00:00,1,0,1
2018-01-27 02:00:00,0,0,0
2018-01-27 03:00:00,0,0,0
2018-01-27 04:00:00,0,0,0
2018-01-27 05:00:00,5,3,2
2018-01-27 06:00:00,7,3,4
2018-01-27 07:00:00,22,13,9
2018-01-27 08:00:00,79,44,35
2018-01-27 09:00:00,67,26,41
2018-01-27 10:00:00,61,31,30
2018-01-27 11:00:00,52,28,24
2018-01-27 12:00:00,73,34,39
2018-01-27 13:00:00,101,48,53
2018-01-27 14:00:00,122,65,57
2018-01-27 15:00:00,135,52,83
2018-01-27 16:00:00,113,52,61
2018-01-27 17:00:00,76,31,45
2018-01-27 18:00:00,33,17,16
2018-01-27 19:00:00,11,3,8
2018-01-27 20:00:00,17,7,10
2018-01-27 21:00:00,7,4,3
2018-01-27 22:00:00,6,4,2
2018-01-27 23:00:00,3,1,2
2018-01-28 00:00:00,3,1,2
2018-01-28 01:00:00,5,1,4
2018-01-28 02:00:00,1,1,0
2018-01-28 03:00:00,4,2,2
2018-01-28 04:00:00,1,1,0
2018-01-28 05:00:00,5,3,2
2018-01-28 06:00:00,10,8,2
2018-01-28 07:00:00,35,15,20
2018-01-28 08:00:00,66,39,27
2018-01-28 09:00:00,96,52,44
2018-01-28 10:00:00,161,87,74
2018-01-28 11:00:00,146,66,80
2018-01-28 12:00:00,106,50,56
2018-01-28 13:00:00,167,94,73
2018-01-28 14:00:00,171,78,93
2018-01-28 15:00:00,198,96,102
2018-01-28 16:00:00,241,118,123
2018-01-28 17:00:00,158,68,90
2018-01-28 18:00:00,35,14,21
2018-01-28 19:00:00,15,7,8
2018-01-28 20:00:00,19,11,8
2018-01-28 21:00:00,8,3,5
2018-01-28 22:00:00,4,2,2
2018-01-28 23:00:00,2,1,1
2018-01-29 00:00:00,2,1,1
2018-01-29 01:00:00,0,0,0
2018-01-29 02:00:00,2,1,1
2018-01-29 03:00:00,4,2,2
2018-01-29 04:00:00,1,1,0
2018-01-29 05:00:00,12,6,6
2018-01-29 06:00:00,37,21,16
2018-01-29 07:00:00,54,26,28
2018-01-29 08:00:00,41,18,23
2018-01-29 09:00:00,45,20,25
2018-01-29 10:00:00,32,18,14
2018-01-29 11:00:00,41,21,20
2018-01-29 12:00:00,99,49,50
2018-01-29 13:00:00,34,17,17
2018-01-29 14:00:00,16,6,10
2018-01-29 15:00:00,4,1,3
2018-01-29 16:00:00,28,14,14
2018-01-29 17:00:00,50,25,25
2018-01-29 18:00:00,28,13,15
2018-01-29 19:00:00,14,9,5
2018-01-29 20:00:00,12,4,8
2018-01-29 21:00:00,11,7,4
2018-01-29 22:00:00,4,2,2
2018-01-29 23:00:00,0,0,0
2018-01-30 00:00:00,2,2,0
2018-01-30 01:00:00,1,0,1
2018-01-30 02:00:00,0,0,0
2018-01-30 03:00:00,2,1,1
2018-01-30 04:00:00,3,2,1
2018-01-30 05:00:00,19,15,4
2018-01-30 06:00:00,96,46,50
2018-01-30 07:00:00,119,58,61
2018-01-30 08:00:00,98,47,51
2018-01-30 09:00:00,76,38,38
2018-01-30 10:00:00,93,39,54
2018-01-30 11:00:00,132,65,67
2018-01-30 12:00:00,284,153,131
2018-01-30 13:00:00,169,83,86
2018-01-30 14:00:00,142,72,70
2018-01-30 15:00:00,165,79,86
2018-01-30 16:00:00,274,129,145
2018-01-30 17:00:00,138,84,54
2018-01-30 18:00:00,52,24,28
2018-01-30 19:00:00,23,13,10
2018-01-30 20:00:00,22,9,13
2018-01-30 21:00:00,14,7,7
2018-01-30 22:00:00,4,1,3
2018-01-30 23:00:00,2,0,2
2018-01-31 00:00:00,1,1,0
2018-01-31 01:00:00,1,1,0
2018-01-31 02:00:00,0,0,0
2018-01-31 03:00:00,3,2,1
2018-01-31 04:00:00,2,1,1
2018-01-31 05:00:00,21,14,7
2018-01-31 06:00:00,92,52,40
2018-01-31 07:00:00,104,57,47
2018-01-31 08:00:00,82,39,43
2018-01-31 09:00:00,61,29,32
2018-01-31 10:00:00,64,39,25
2018-01-31 11:00:00,117,64,53
2018-01-31 12:00:00,188,96,92
2018-01-31 13:00:00,106,49,57
2018-01-31 14:00:00,85,42,43
2018-01-31 15:00:00,72,41,31
2018-01-31 16:00:00,111,59,52
2018-01-31 17:00:00,99,39,60
2018-01-31 18:00:00,55,26,29
2018-01-31 19:00:00,40,17,23
2018-01-31 20:00:00,14,4,10
2018-01-31 21:00:00,5,3,2
2018-01-31 22:00:00,8,4,4
2018-01-31 23:00:00,2,1,1
2018-02-01 00:00:00,0,0,0
2018-02-01 01:00:00,2,1,1
2018-02-01 02:00:00,0,0,0
2018-02-01 03:00:00,0,0,0
2018-02-01 04:00:00,1,0,1
2018-02-01 05:00:00,13,12,1
2018-02-01 06:00:00,64,32,32
2018-02-01 07:00:00,101,46,55
2018-02-01 08:00:00,55,30,25
2018-02-01 09:00:00,40,19,21
2018-02-01 10:00:00,38,14,24
2018-02-01 11:00:00,96,59,37
2018-02-01 12:00:00,196,96,100
2018-02-01 13:00:00,77,33,44
2018-02-01 14:00:00,47,23,24
2018-02-01 15:00:00,60,29,31
2018-02-01 16:00:00,45,20,25
2018-02-01 17:00:00,44,19,25
2018-02-01 18:00:00,15,10,5
2018-02-01 19:00:00,15,7,8
2018-02-01 20:00:00,9,4,5
2018-02-01 21:00:00,10,5,5
2018-02-01 22:00:00,2,1,1
2018-02-01 23:00:00,3,3,0
2018-02-02 00:00:00,4,1,3
2018-02-02 01:00:00,1,0,1
2018-02-02 02:00:00,1,1,0
2018-02-02 03:00:00,3,2,1
2018-02-02 04:00:00,4,2,2
2018-02-02 05:00:00,4,3,1
2018-02-02 06:00:00,31,17,14
2018-02-02 07:00:00,88,50,38
2018-02-02 08:00:00,66,26,40
2018-02-02 09:00:00,37,21,16
2018-02-02 10:00:00,38,15,23
2018-02-02 11:00:00,76,38,38
2018-02-02 12:00:00,209,103,106
2018-02-02 13:00:00,147,67,80
2018-02-02 14:00:00,124,68,56
2018-02-02 15:00:00,95,37,58
2018-02-02 16:00:00,94,50,44
2018-02-02 17:00:00,73,29,44
2018-02-02 18:00:00,37,17,20
2018-02-02 19:00:00,17,7,10
2018-02-02 20:00:00,27,17,10
2018-02-02 21:00:00,8,7,1
2018-02-02 22:00:00,4,2,2
2018-02-02 23:00:00,2,1,1
2018-02-03 00:00:00,1,1,0
2018-02-03 01:00:00,7,4,3
2018-02-03 02:00:00,2,1,1
2018-02-03 03:00:00,0,0,0
2018-02-03 04:00:00,3,2,1
2018-02-03 05:00:00,2,2,0
2018-02-03 06:00:00,11,6,5
2018-02-03 07:00:00,45,29,16
2018-02-03 08:00:00,71,41,30
2018-02-03 09:00:00,109,54,55
2018-02-03 10:00:00,112,57,55
2018-02-03 11:00:00,125,55,70
2018-02-03 12:00:00,106,57,49
2018-02-03 13:00:00,123,51,72
2018-02-03 14:00:00,90,43,47
2018-02-03 15:00:00,89,39,50
2018-02-03 16:00:00,51,26,25
2018-02-03 17:00:00,55,24,31
2018-02-03 18:00:00,27,16,11
2018-02-03 19:00:00,6,4,2
2018-02-03 20:00:00,8,4,4
2018-02-03 21:00:00,13,7,6
2018-02-03 22:00:00,1,1,0
2018-02-03 23:00:00,1,1,0
2018-02-04 00:00:00,2,1,1
2018-02-04 01:00:00,0,0,0
2018-02-04 02:00:00,1,0,1
2018-02-04 03:00:00,5,3,2
2018-02-04 04:00:00,0,0,0
2018-02-04 05:00:00,5,4,1
2018-02-04 06:00:00,7,4,3
2018-02-04 07:00:00,34,22,12
2018-02-04 08:00:00,128,66,62
2018-02-04 09:00:00,141,68,73
2018-02-04 10:00:00,166,78,88
2018-02-04 11:00:00,183,86,97
2018-02-04 12:00:00,164,91,73
2018-02-04 13:00:00,265,136,129
2018-02-04 14:00:00,380,186,194
2018-02-04 15:00:00,305,114,191
2018-02-04 16:00:00,177,78,99
2018-02-04 17:00:00,122,39,83
2018-02-04 18:00:00,20,10,10
2018-02-04 19:00:00,9,6,3
2018-02-04 20:00:00,20,9,11
2018-02-04 21:00:00,6,2,4
2018-02-04 22:00:00,1,0,1
2018-02-04 23:00:00,2,1,1
2018-02-05 00:00:00,5,2,3
2018-02-05 01:00:00,1,0,1
2018-02-05 02:00:00,2,2,0
2018-02-05 03:00:00,4,2,2
2018-02-05 04:00:00,0,0,0
2018-02-05 05:00:00,11,7,4
2018-02-05 06:00:00,41,24,17
2018-02-05 07:00:00,62,33,29
2018-02-05 08:00:00,72,35,37
2018-02-05 09:00:00,61,21,40
2018-02-05 10:00:00,67,38,29
2018-02-05 11:00:00,109,63,46
2018-02-05 12:00:00,264,129,135
2018-02-05 13:00:00,134,69,65
2018-02-05 14:00:00,81,44,37
2018-02-05 15:00:00,74,32,42
2018-02-05 16:00:00,118,61,57
2018-02-05 17:00:00,86,41,45
2018-02-05 18:00:00,57,26,31
2018-02-05 19:00:00,24,12,12
2018-02-05 20:00:00,17,7,10
2018-02-05 21:00:00,9,4,5
2018-02-05 22:00:00,4,0,4
2018-02-05 23:00:00,2,1,1
2018-02-06 00:00:00,1,1,0
2018-02-06 01:00:00,2,1,1
2018-02-06 02:00:00,2,2,0
2018-02-06 03:00:00,2,1,1
2018-02-06 04:00:00,5,2,3
2018-02-06 05:00:00,14,9,5
2018-02-06 06:00:00,68,33,35
2018-02-06 07:00:00,107,61,46
2018-02-06 08:00:00,85,39,46
2018-02-06 09:00:00,75,36,39
2018-02-06 10:00:00,77,35,42
2018-02-06 11:00:00,89,46,43
2018-02-06 12:00:00,281,146,135
2018-02-06 13:00:00,146,63,83
2018-02-06 14:00:00,82,41,41
2018-02-06 15:00:00,78,36,42
2018-02-06 16:00:00,90,39,51
2018-02-06 17:00:00,89,39,50
2018-02-06 18:00:00,53,26,27
2018-02-06 19:00:00,28,19,9
2018-02-06 20:00:00,22,12,10
2018-02-06 21:00:00,10,5,5
2018-02-06 22:00:00,1,0,1
2018-02-06 23:00:00,3,3,0
2018-02-07 00:00:00,2,1,1
2018-02-07 01:00:00,2,1,1
2018-02-07 02:00:00,2,1,1
2018-02-07 03:00:00,1,1,0
2018-02-07 04:00:00,6,3,3
2018-02-07 05:00:00,13,5,8
2018-02-07 06:00:00,47,29,18
2018-02-07 07:00:00,103,52,51
2018-02-07 08:00:00,93,49,44
2018-02-07 09:00:00,88,44,44
2018-02-07 10:00:00,82,40,42
2018-02-07 11:00:00,100,45,55
2018-02-07 12:00:00,250,133,117
2018-02-07 13:00:00,130,53,77
2018-02-07 14:00:00,96,48,48
2018-02-07 15:00:00,90,49,41
2018-02-07 16:00:00,132,65,67
2018-02-07 17:00:00,136,64,72
2018-02-07 18:00:00,56,28,28
2018-02-07 19:00:00,45,18,27
2018-02-07 20:00:00,23,9,14
2018-02-07 21:00:00,13,5,8
2018-02-07 22:00:00,9,3,6
2018-02-07 23:00:00,7,5,2
2018-02-08 00:00:00,0,0,0
2018-02-08 01:00:00,1,1,0
2018-02-08 02:00:00,0,0,0
2018-02-08 03:00:00,1,0,1
2018-02-08 04:00:00,6,3,3
2018-02-08 05:00:00,17,9,8
2018-02-08 06:00:00,74,39,35
2018-02-08 07:00:00,91,46,45
2018-02-08 08:00:00,80,40,40
2018-02-08 09:00:00,55,23,32
2018-02-08 10:00:00,62,25,37
2018-02-08 11:00:00,125,66,59
2018-02-08 12:00:00,179,83,96
2018-02-08 13:00:00,112,47,65
2018-02-08 14:00:00,88,46,42
2018-02-08 15:00:00,103,46,57
2018-02-08 16:00:00,75,31,44
2018-02-08 17:00:00,72,34,38
2018-02-08 18:00:00,36,22,14
2018-02-08 19:00:00,22,8,14
2018-02-08 20:00:00,10,5,5
2018-02-08 21:00:00,7,1,6
2018-02-08 22:00:00,5,3,2
2018-02-08 23:00:00,0,0,0
2018-02-09 00:00:00,1,1,0
2018-02-09 01:00:00,5,2,3
2018-02-09 02:00:00,1,1,0
2018-02-09 03:00:00,0,0,0
2018-02-09 04:00:00,2,1,1
2018-02-09 05:00:00,8,6,2
2018-02-09 06:00:00,41,21,20
2018-02-09 07:00:00,104,59,45
2018-02-09 08:00:00,79,33,46
2018-02-09 09:00:00,81,31,50
2018-02-09 10:00:00,94,46,48
2018-02-09 11:00:00,155,82,73
2018-02-09 12:00:00,277,141,136
2018-02-09 13:00:00,206,100,106
2018-02-09 14:00:00,160,71,89
2018-02-09 15:00:00,170,82,88
2018-02-09 16:00:00,162,69,93
2018-02-09 17:00:00,133,63,70
2018-02-09 18:00:00,42,18,24
2018-02-09 19:00:00,16,8,8
2018-02-09 20:00:00,12,5,7
2018-02-09 21:00:00,2,2,0
2018-02-09 22:00:00,3,2,1
2018-02-09 23:00:00,4,2,2
2018-02-10 00:00:00,1,0,1
2018-02-10 01:00:00,0,0,0
2018-02-10 02:00:00,0,0,0
2018-02-10 03:00:00,0,0,0
2018-02-10 04:00:00,2,1,1
2018-02-10 05:00:00,3,1,2
2018-02-10 06:00:00,7,6,1
2018-02-10 07:00:00,60,32,28
2018-02-10 08:00:00,118,62,56
2018-02-10 09:00:00,228,117,111
2018-02-10 10:00:00,299,156,143
2018-02-10 11:00:00,310,137,173
2018-02-10 12:00:00,341,169,172
2018-02-10 13:00:00,273,127,146
2018-02-10 14:00:00,342,167,175
2018-02-10 15:00:00,354,189,165
2018-02-10 16:00:00,347,152,195
2018-02-10 17:00:00,187,85,102
2018-02-10 18:00:00,56,23,33
2018-02-10 19:00:00,6,2,4
2018-02-10 20:00:00,8,4,4
2018-02-10 21:00:00,7,4,3
2018-02-10 22:00:00,8,5,3
2018-02-10 23:00:00,3,2,1
2018-02-11 00:00:00,2,1,1
2018-02-11 01:00:00,2,0,2
2018-02-11 02:00:00,1,1,0
2018-02-11 03:00:00,0,0,0
2018-02-11 04:00:00,1,0,1
2018-02-11 05:00:00,2,1,1
2018-02-11 06:00:00,10,7,3
2018-02-11 07:00:00,44,26,18
2018-02-11 08:00:00,114,59,55
2018-02-11 09:00:00,153,92,61
2018-02-11 10:00:00,209,112,97
2018-02-11 11:00:00,243,124,119
2018-02-11 12:00:00,243,112,131
2018-02-11 13:00:00,313,136,177
2018-02-11 14:00:00,292,141,151
2018-02-11 15:00:00,279,132,147
2018-02-11 16:00:00,261,114,147
2018-02-11 17:00:00,215,96,119
2018-02-11 18:00:00,55,19,36
2018-02-11 19:00:00,9,2,7
2018-02-11 20:00:00,12,4,8
2018-02-11 21:00:00,4,2,2
2018-02-11 22:00:00,7,4,3
2018-02-11 23:00:00,4,1,3
2018-02-12 00:00:00,4,2,2
2018-02-12 01:00:00,0,0,0
2018-02-12 02:00:00,1,1,0
2018-02-12 03:00:00,3,1,2
2018-02-12 04:00:00,1,0,1
2018-02-12 05:00:00,9,6,3
2018-02-12 06:00:00,39,20,19
2018-02-12 07:00:00,79,42,37
2018-02-12 08:00:00,88,43,45
2018-02-12 09:00:00,70,29,41
2018-02-12 10:00:00,54,29,25
2018-02-12 11:00:00,122,57,65
2018-02-12 12:00:00,342,190,152
2018-02-12 13:00:00,236,114,122
2018-02-12 14:00:00,199,94,105
2018-02-12 15:00:00,169,85,84
2018-02-12 16:00:00,206,102,104
2018-02-12 17:00:00,201,97,104
2018-02-12 18:00:00,106,60,46
2018-02-12 19:00:00,31,13,18
2018-02-12 20:00:00,11,4,7
2018-02-12 21:00:00,8,4,4
2018-02-12 22:00:00,2,0,2
2018-02-12 23:00:00,0,0,0
2018-02-13 00:00:00,1,1,0
2018-02-13 01:00:00,0,0,0
2018-02-13 02:00:00,0,0,0
2018-02-13 03:00:00,1,1,0
2018-02-13 04:00:00,0,0,0
2018-02-13 05:00:00,13,10,3
2018-02-13 06:00:00,53,27,26
2018-02-13 07:00:00,130,72,58
2018-02-13 08:00:00,113,56,57
2018-02-13 09:00:00,89,44,45
2018-02-13 10:00:00,85,45,40
2018-02-13 11:00:00,124,61,63
2018-02-13 12:00:00,247,132,115
2018-02-13 13:00:00,122,55,67
2018-02-13 14:00:00,132,61,71
2018-02-13 15:00:00,108,49,59
2018-02-13 16:00:00,159,74,85
2018-02-13 17:00:00,140,69,71
2018-02-13 18:00:00,49,25,24
2018-02-13 19:00:00,28,13,15
2018-02-13 20:00:00,13,5,8
2018-02-13 21:00:00,7,4,3
2018-02-13 22:00:00,1,1,0
2018-02-13 23:00:00,0,0,0
2018-02-14 00:00:00,5,2,3
2018-02-14 01:00:00,0,0,0
2018-02-14 02:00:00,0,0,0
2018-02-14 03:00:00,1,1,0
2018-02-14 04:00:00,4,3,1
2018-02-14 05:00:00,14,8,6
2018-02-14 06:00:00,46,27,19
2018-02-14 07:00:00,76,44,32
2018-02-14 08:00:00,62,34,28
2018-02-14 09:00:00,42,20,22
2018-02-14 10:00:00,45,23,22
2018-02-14 11:00:00,70,34,36
2018-02-14 12:00:00,146,70,76
2018-02-14 13:00:00,86,35,51
2018-02-14 14:00:00,67,36,31
2018-02-14 15:00:00,85,45,40
2018-02-14 16:00:00,109,47,62
2018-02-14 17:00:00,126,64,62
2018-02-14 18:00:00,57,29,28
2018-02-14 19:00:00,28,15,13
2018-02-14 20:00:00,17,10,7
2018-02-14 21:00:00,5,3,2
2018-02-14 22:00:00,3,1,2
2018-02-14 23:00:00,4,2,2
2018-02-15 00:00:00,2,2,0
2018-02-15 01:00:00,1,0,1
2018-02-15 02:00:00,2,1,1
2018-02-15 03:00:00,2,1,1
2018-02-15 04:00:00,0,0,0
2018-02-15 05:00:00,10,7,3
2018-02-15 06:00:00,50,25,25
2018-02-15 07:00:00,120,63,57
2018-02-15 08:00:00,91,47,44
2018-02-15 09:00:00,71,39,32
2018-02-15 10:00:00,79,37,42
2018-02-15 11:00:00,101,53,48
2018-02-15 12:00:00,196,98,98
2018-02-15 13:00:00,117,58,59
2018-02-15 14:00:00,87,45,42
2018-02-15 15:00:00,107,44,63
2018-02-15 16:00:00,123,57,66
2018-02-15 17:00:00,135,69,66
2018-02-15 18:00:00,63,30,33
2018-02-15 19:00:00,25,11,14
2018-02-15 20:00:00,10,7,3
2018-02-15 21:00:00,8,5,3
2018-02-15 22:00:00,8,3,5
2018-02-15 23:00:00,7,3,4
2018-02-16 00:00:00,1,1,0
2018-02-16 01:00:00,3,1,2
2018-02-16 02:00:00,0,0,0
2018-02-16 03:00:00,0,0,0
2018-02-16 04:00:00,1,0,1
2018-02-16 05:00:00,6,3,3
2018-02-16 06:00:00,30,18,12
2018-02-16 07:00:00,96,54,42
2018-02-16 08:00:00,89,39,50
2018-02-16 09:00:00,83,39,44
2018-02-16 10:00:00,59,28,31
2018-02-16 11:00:00,71,32,39
2018-02-16 12:00:00,146,74,72
2018-02-16 13:00:00,80,37,43
2018-02-16 14:00:00,52,27,25
2018-02-16 15:00:00,75,41,34
2018-02-16 16:00:00,75,41,34
2018-02-16 17:00:00,78,39,39
2018-02-16 18:00:00,38,18,20
2018-02-16 19:00:00,13,7,6
2018-02-16 20:00:00,14,6,8
2018-02-16 21:00:00,0,0,0
2018-02-16 22:00:00,14,8,6
2018-02-16 23:00:00,10,2,8
2018-02-17 00:00:00,1,0,1
2018-02-17 01:00:00,2,1,1
2018-02-17 02:00:00,6,3,3
2018-02-17 03:00:00,0,0,0
2018-02-17 04:00:00,1,0,1
2018-02-17 05:00:00,0,0,0
2018-02-17 06:00:00,11,6,5
2018-02-17 07:00:00,21,13,8
2018-02-17 08:00:00,49,29,20
2018-02-17 09:00:00,46,21,25
2018-02-17 10:00:00,57,25,32
2018-02-17 11:00:00,68,36,32
2018-02-17 12:00:00,108,46,62
2018-02-17 13:00:00,160,80,80
2018-02-17 14:00:00,208,99,109
2018-02-17 15:00:00,200,85,115
2018-02-17 16:00:00,311,128,183
2018-02-17 17:00:00,209,85,124
2018-02-17 18:00:00,34,12,22
2018-02-17 19:00:00,2,1,1
2018-02-17 20:00:00,10,4,6
2018-02-17 21:00:00,2,2,0
2018-02-17 22:00:00,9,3,6
2018-02-17 23:00:00,3,1,2
2018-02-18 00:00:00,1,0,1
2018-02-18 01:00:00,0,0,0
2018-02-18 02:00:00,1,1,0
2018-02-18 03:00:00,3,2,1
2018-02-18 04:00:00,0,0,0
2018-02-18 05:00:00,4,3,1
2018-02-18 06:00:00,11,5,6
2018-02-18 07:00:00,45,28,17
2018-02-18 08:00:00,92,54,38
2018-02-18 09:00:00,111,53,58
2018-02-18 10:00:00,141,63,78
2018-02-18 11:00:00,141,71,70
2018-02-18 12:00:00,85,28,57
2018-02-18 13:00:00,45,19,26
2018-02-18 14:00:00,87,39,48
2018-02-18 15:00:00,129,52,77
2018-02-18 16:00:00,239,94,145
2018-02-18 17:00:00,71,31,40
2018-02-18 18:00:00,26,8,18
2018-02-18 19:00:00,0,0,0
2018-02-18 20:00:00,5,3,2
2018-02-18 21:00:00,2,1,1
2018-02-18 22:00:00,3,1,2
2018-02-18 23:00:00,3,3,0
2018-02-19 00:00:00,1,1,0
2018-02-19 01:00:00,0,0,0
2018-02-19 02:00:00,1,1,0
2018-02-19 03:00:00,5,3,2
2018-02-19 04:00:00,1,0,1
2018-02-19 05:00:00,7,5,2
2018-02-19 06:00:00,23,11,12
2018-02-19 07:00:00,30,14,16
2018-02-19 08:00:00,54,29,25
2018-02-19 09:00:00,80,44,36
2018-02-19 10:00:00,104,44,60
2018-02-19 11:00:00,135,72,63
2018-02-19 12:00:00,180,91,89
2018-02-19 13:00:00,159,79,80
2018-02-19 14:00:00,172,78,94
2018-02-19 15:00:00,206,102,104
2018-02-19 16:00:00,190,86,104
2018-02-19 17:00:00,177,82,95
2018-02-19 18:00:00,50,15,35
2018-02-19 19:00:00,11,4,7
2018-02-19 20:00:00,10,4,6
2018-02-19 21:00:00,5,4,1
2018-02-19 22:00:00,5,3,2
2018-02-19 23:00:00,1,0,1
2018-02-20 00:00:00,2,1,1
2018-02-20 01:00:00,2,1,1
2018-02-20 02:00:00,1,0,1
2018-02-20 03:00:00,2,1,1
2018-02-20 04:00:00,1,1,0
2018-02-20 05:00:00,15,10,5
2018-02-20 06:00:00,45,22,23
2018-02-20 07:00:00,76,41,35
2018-02-20 08:00:00,64,32,32
2018-02-20 09:00:00,46,20,26
2018-02-20 10:00:00,42,22,20
2018-02-20 11:00:00,67,32,35
2018-02-20 12:00:00,161,85,76
2018-02-20 13:00:00,105,52,53
2018-02-20 14:00:00,59,32,27
2018-02-20 15:00:00,49,18,31
2018-02-20 16:00:00,78,37,41
2018-02-20 17:00:00,91,47,44
2018-02-20 18:00:00,43,21,22
2018-02-20 19:00:00,20,9,11
2018-02-20 20:00:00,6,5,1
2018-02-20 21:00:00,6,1,5
2018-02-20 22:00:00,0,0,0
2018-02-20 23:00:00,0,0,0
2018-02-21 00:00:00,3,2,1
2018-02-21 01:00:00,0,0,0
2018-02-21 02:00:00,1,0,1
2018-02-21 03:00:00,1,1,0
2018-02-21 04:00:00,1,1,0
2018-02-21 05:00:00,10,6,4
2018-02-21 06:00:00,57,32,25
2018-02-21 07:00:00,79,38,41
2018-02-21 08:00:00,62,34,28
2018-02-21 09:00:00,66,30,36
2018-02-21 10:00:00,44,21,23
2018-02-21 11:00:00,104,50,54
2018-02-21 12:00:00,201,99,102
2018-02-21 13:00:00,110,45,65
2018-02-21 14:00:00,62,27,35
2018-02-21 15:00:00,58,22,36
2018-02-21 16:00:00,87,46,41
2018-02-21 17:00:00,91,52,39
2018-02-21 18:00:00,47,24,23
2018-02-21 19:00:00,11,7,4
2018-02-21 20:00:00,19,10,9
2018-02-21 21:00:00,6,5,1
2018-02-21 22:00:00,1,0,1
2018-02-21 23:00:00,4,2,2
2018-02-22 00:00:00,3,1,2
2018-02-22 01:00:00,0,0,0
2018-02-22 02:00:00,1,1,0
2018-02-22 03:00:00,3,1,2
2018-02-22 04:00:00,1,1,0
2018-02-22 05:00:00,8,3,5
2018-02-22 06:00:00,31,16,15
2018-02-22 07:00:00,68,36,32
2018-02-22 08:00:00,54,22,32
2018-02-22 09:00:00,65,25,40
2018-02-22 10:00:00,36,14,22
2018-02-22 11:00:00,57,29,28
2018-02-22 12:00:00,176,94,82
2018-02-22 13:00:00,122,47,75
2018-02-22 14:00:00,98,50,48
2018-02-22 15:00:00,95,53,42
2018-02-22 16:00:00,155,74,81
2018-02-22 17:00:00,172,90,82
2018-02-22 18:00:00,47,22,25
2018-02-22 19:00:00,18,9,9
2018-02-22 20:00:00,11,5,6
2018-02-22 21:00:00,5,4,1
2018-02-22 22:00:00,2,0,2
2018-02-22 23:00:00,0,0,0
2018-02-23 00:00:00,0,0,0
2018-02-23 01:00:00,3,1,2
2018-02-23 02:00:00,1,1,0
2018-02-23 03:00:00,1,1,0
2018-02-23 04:00:00,2,0,2
2018-02-23 05:00:00,5,4,1
2018-02-23 06:00:00,33,16,17
2018-02-23 07:00:00,68,35,33
2018-02-23 08:00:00,63,30,33
2018-02-23 09:00:00,53,26,27
2018-02-23 10:00:00,44,25,19
2018-02-23 11:00:00,63,28,35
2018-02-23 12:00:00,99,44,55
2018-02-23 13:00:00,64,27,37
2018-02-23 14:00:00,38,21,17
2018-02-23 15:00:00,43,23,20
2018-02-23 16:00:00,49,23,26
2018-02-23 17:00:00,52,23,29
2018-02-23 18:00:00,27,11,16
2018-02-23 19:00:00,12,7,5
2018-02-23 20:00:00,5,2,3
2018-02-23 21:00:00,1,0,1
2018-02-23 22:00:00,2,1,1
2018-02-23 23:00:00,0,0,0
2018-02-24 00:00:00,0,0,0
2018-02-24 01:00:00,2,1,1
2018-02-24 02:00:00,0,0,0
2018-02-24 03:00:00,0,0,0
2018-02-24 04:00:00,4,2,2
2018-02-24 05:00:00,1,1,0
2018-02-24 06:00:00,19,10,9
2018-02-24 07:00:00,39,21,18
2018-02-24 08:00:00,50,23,27
2018-02-24 09:00:00,64,34,30
2018-02-24 10:00:00,103,57,46
2018-02-24 11:00:00,155,71,84
2018-02-24 12:00:00,180,87,93
2018-02-24 13:00:00,173,69,104
2018-02-24 14:00:00,146,64,82
2018-02-24 15:00:00,157,81,76
2018-02-24 16:00:00,153,73,80
2018-02-24 17:00:00,173,87,86
2018-02-24 18:00:00,73,24,49
2018-02-24 19:00:00,11,4,7
2018-02-24 20:00:00,4,2,2
2018-02-24 21:00:00,3,1,2
2018-02-24 22:00:00,0,0,0
2018-02-24 23:00:00,3,2,1
2018-02-25 00:00:00,4,2,2
2018-02-25 01:00:00,0,0,0
2018-02-25 02:00:00,1,1,0
2018-02-25 03:00:00,2,1,1
2018-02-25 04:00:00,1,0,1
2018-02-25 05:00:00,1,1,0
2018-02-25 06:00:00,7,5,2
2018-02-25 07:00:00,32,16,16
2018-02-25 08:00:00,73,35,38
2018-02-25 09:00:00,86,44,42
2018-02-25 10:00:00,98,42,56
2018-02-25 11:00:00,130,66,64
2018-02-25 12:00:00,132,72,60
2018-02-25 13:00:00,161,75,86
2018-02-25 14:00:00,165,71,94
2018-02-25 15:00:00,146,67,79
2018-02-25 16:00:00,183,95,88
2018-02-25 17:00:00,161,70,91
2018-02-25 18:00:00,43,21,22
2018-02-25 19:00:00,8,3,5
2018-02-25 20:00:00,7,2,5
2018-02-25 21:00:00,5,3,2
2018-02-25 22:00:00,2,0,2
2018-02-25 23:00:00,3,2,1
2018-02-26 00:00:00,2,1,1
2018-02-26 01:00:00,0,0,0
2018-02-26 02:00:00,3,2,1
2018-02-26 03:00:00,3,2,1
2018-02-26 04:00:00,0,0,0
2018-02-26 05:00:00,5,2,3
2018-02-26 06:00:00,38,19,19
2018-02-26 07:00:00,74,43,31
2018-02-26 08:00:00,78,29,49
2018-02-26 09:00:00,59,25,34
2018-02-26 10:00:00,69,35,34
2018-02-26 11:00:00,123,65,58
2018-02-26 12:00:00,262,139,123
2018-02-26 13:00:00,183,85,98
2018-02-26 14:00:00,150,76,74
2018-02-26 15:00:00,141,76,65
2018-02-26 16:00:00,151,78,73
2018-02-26 17:00:00,209,104,105
2018-02-26 18:00:00,118,48,70
2018-02-26 19:00:00,33,11,22
2018-02-26 20:00:00,11,5,6
2018-02-26 21:00:00,4,3,1
2018-02-26 22:00:00,1,0,1
2018-02-26 23:00:00,0,0,0
2018-02-27 00:00:00,3,2,1
2018-02-27 01:00:00,0,0,0
2018-02-27 02:00:00,1,1,0
2018-02-27 03:00:00,4,2,2
2018-02-27 04:00:00,3,1,2
2018-02-27 05:00:00,12,8,4
2018-02-27 06:00:00,56,29,27
2018-02-27 07:00:00,127,68,59
2018-02-27 08:00:00,86,35,51
2018-02-27 09:00:00,59,25,34
2018-02-27 10:00:00,44,21,23
2018-02-27 11:00:00,86,47,39
2018-02-27 12:00:00,165,78,87
2018-02-27 13:00:00,76,33,43
2018-02-27 14:00:00,69,32,37
2018-02-27 15:00:00,35,10,25
2018-02-27 16:00:00,44,21,23
2018-02-27 17:00:00,54,30,24
2018-02-27 18:00:00,44,23,21
2018-02-27 19:00:00,16,7,9
2018-02-27 20:00:00,11,7,4
2018-02-27 21:00:00,5,2,3
2018-02-27 22:00:00,0,0,0
2018-02-27 23:00:00,1,0,1
2018-02-28 00:00:00,3,1,2
2018-02-28 01:00:00,2,2,0
2018-02-28 02:00:00,0,0,0
2018-02-28 03:00:00,2,1,1
2018-02-28 04:00:00,2,1,1
2018-02-28 05:00:00,8,5,3
2018-02-28 06:00:00,71,37,34
2018-02-28 07:00:00,111,60,51
2018-02-28 08:00:00,78,28,50
2018-02-28 09:00:00,60,31,29
2018-02-28 10:00:00,57,28,29
2018-02-28 11:00:00,64,36,28
2018-02-28 12:00:00,127,67,60
2018-02-28 13:00:00,70,32,38
2018-02-28 14:00:00,36,16,20
2018-02-28 15:00:00,20,8,12
2018-02-28 16:00:00,48,20,28
2018-02-28 17:00:00,42,20,22
2018-02-28 18:00:00,32,15,17
2018-02-28 19:00:00,6,4,2
2018-02-28 20:00:00,7,4,3
2018-02-28 21:00:00,4,3,1
2018-02-28 22:00:00,3,1,2
2018-02-28 23:00:00,0,0,0
2018-03-01 00:00:00,1,0,1
2018-03-01 01:00:00,0,0,0
2018-03-01 02:00:00,0,0,0
2018-03-01 03:00:00,6,3,3
2018-03-01 04:00:00,1,0,1
2018-03-01 05:00:00,7,6,1
2018-03-01 06:00:00,69,39,30
2018-03-01 07:00:00,120,53,67
2018-03-01 08:00:00,94,38,56
2018-03-01 09:00:00,90,46,44
2018-03-01 10:00:00,101,50,51
2018-03-01 11:00:00,127,62,65
2018-03-01 12:00:00,296,147,149
2018-03-01 13:00:00,199,92,107
2018-03-01 14:00:00,149,73,76
2018-03-01 15:00:00,157,78,79
2018-03-01 16:00:00,213,106,107
2018-03-01 17:00:00,277,131,146
2018-03-01 18:00:00,101,44,57
2018-03-01 19:00:00,41,23,18
2018-03-01 20:00:00,15,9,6
2018-03-01 21:00:00,15,10,5
2018-03-01 22:00:00,3,1,2
2018-03-01 23:00:00,7,5,2
2018-03-02 00:00:00,7,2,5
2018-03-02 01:00:00,5,2,3
2018-03-02 02:00:00,0,0,0
2018-03-02 03:00:00,0,0,0
2018-03-02 04:00:00,2,0,2
2018-03-02 05:00:00,7,5,2
2018-03-02 06:00:00,41,24,17
2018-03-02 07:00:00,95,48,47
2018-03-02 08:00:00,86,37,49
2018-03-02 09:00:00,71,34,37
2018-03-02 10:00:00,49,23,26
2018-03-02 11:00:00,98,53,45
2018-03-02 12:00:00,168,84,84
2018-03-02 13:00:00,94,36,58
2018-03-02 14:00:00,73,38,35
2018-03-02 15:00:00,73,35,38
2018-03-02 16:00:00,105,56,49
2018-03-02 17:00:00,109,61,48
2018-03-02 18:00:00,76,25,51
2018-03-02 19:00:00,18,11,7
2018-03-02 20:00:00,5,4,1
2018-03-02 21:00:00,9,5,4
2018-03-02 22:00:00,2,1,1
2018-03-02 23:00:00,7,3,4
2018-03-03 00:00:00,0,0,0
2018-03-03 01:00:00,3,1,2
2018-03-03 02:00:00,0,0,0
2018-03-03 03:00:00,1,0,1
2018-03-03 04:00:00,3,1,2
2018-03-03 05:00:00,4,3,1
2018-03-03 06:00:00,21,14,7
2018-03-03 07:00:00,82,47,35
2018-03-03 08:00:00,177,80,97
2018-03-03 09:00:00,214,102,112
2018-03-03 10:00:00,299,140,159
2018-03-03 11:00:00,323,151,172
2018-03-03 12:00:00,241,100,141
2018-03-03 13:00:00,294,145,149
2018-03-03 14:00:00,343,156,187
2018-03-03 15:00:00,325,150,175
2018-03-03 16:00:00,331,158,173
2018-03-03 17:00:00,230,110,120
2018-03-03 18:00:00,111,38,73
2018-03-03 19:00:00,17,12,5
2018-03-03 20:00:00,16,8,8
2018-03-03 21:00:00,11,3,8
2018-03-03 22:00:00,2,1,1
2018-03-03 23:00:00,0,0,0
2018-03-04 00:00:00,5,3,2
2018-03-04 01:00:00,3,3,0
2018-03-04 02:00:00,2,2,0
2018-03-04 03:00:00,4,2,2
2018-03-04 04:00:00,1,0,1
2018-03-04 05:00:00,6,4,2
2018-03-04 06:00:00,18,9,9
2018-03-04 07:00:00,40,21,19
2018-03-04 08:00:00,89,45,44
2018-03-04 09:00:00,135,73,62
2018-03-04 10:00:00,180,82,98
2018-03-04 11:00:00,175,80,95
2018-03-04 12:00:00,160,69,91
2018-03-04 13:00:00,148,61,87
2018-03-04 14:00:00,97,49,48
2018-03-04 15:00:00,69,32,37
2018-03-04 16:00:00,47,20,27
2018-03-04 17:00:00,97,49,48
2018-03-04 18:00:00,72,33,39
2018-03-04 19:00:00,17,8,9
2018-03-04 20:00:00,9,4,5
2018-03-04 21:00:00,10,6,4
2018-03-04 22:00:00,1,1,0
2018-03-04 23:00:00,5,3,2
2018-03-05 00:00:00,3,2,1
2018-03-05 01:00:00,1,0,1
2018-03-05 02:00:00,7,4,3
2018-03-05 03:00:00,1,0,1
2018-03-05 04:00:00,1,0,1
2018-03-05 05:00:00,16,7,9
2018-03-05 06:00:00,37,23,14
2018-03-05 07:00:00,67,32,35
2018-03-05 08:00:00,67,30,37
2018-03-05 09:00:00,50,27,23
2018-03-05 10:00:00,67,30,37
2018-03-05 11:00:00,126,62,64
2018-03-05 12:00:00,195,100,95
2018-03-05 13:00:00,124,48,76
2018-03-05 14:00:00,95,53,42
2018-03-05 15:00:00,105,52,53
2018-03-05 16:00:00,122,57,65
2018-03-05 17:00:00,135,72,63
2018-03-05 18:00:00,65,25,40
2018-03-05 19:00:00,27,17,10
2018-03-05 20:00:00,9,4,5
2018-03-05 21:00:00,7,4,3
2018-03-05 22:00:00,5,2,3
2018-03-05 23:00:00,0,0,0
2018-03-06 00:00:00,3,2,1
2018-03-06 01:00:00,5,4,1
2018-03-06 02:00:00,1,0,1
2018-03-06 03:00:00,4,2,2
2018-03-06 04:00:00,2,1,1
2018-03-06 05:00:00,13,9,4
2018-03-06 06:00:00,78,46,32
2018-03-06 07:00:00,162,81,81
2018-03-06 08:00:00,118,52,66
2018-03-06 09:00:00,93,39,54
2018-03-06 10:00:00,107,50,57
2018-03-06 11:00:00,161,86,75
2018-03-06 12:00:00,386,189,197
2018-03-06 13:00:00,220,107,113
2018-03-06 14:00:00,178,90,88
2018-03-06 15:00:00,169,88,81
2018-03-06 16:00:00,241,116,125
2018-03-06 17:00:00,342,184,158
2018-03-06 18:00:00,227,109,118
2018-03-06 19:00:00,47,22,25
2018-03-06 20:00:00,11,6,5
2018-03-06 21:00:00,8,3,5
2018-03-06 22:00:00,7,4,3
2018-03-06 23:00:00,2,0,2
2018-03-07 00:00:00,2,1,1
2018-03-07 01:00:00,1,1,0
2018-03-07 02:00:00,1,1,0
2018-03-07 03:00:00,2,1,1
2018-03-07 04:00:00,2,2,0
2018-03-07 05:00:00,12,10,2
2018-03-07 06:00:00,91,52,39
2018-03-07 07:00:00,145,68,77
2018-03-07 08:00:00,100,46,54
2018-03-07 09:00:00,93,41,52
2018-03-07 10:00:00,59,27,32
2018-03-07 11:00:00,104,56,48
2018-03-07 12:00:00,207,106,101
2018-03-07 13:00:00,137,64,73
2018-03-07 14:00:00,106,48,58
2018-03-07 15:00:00,89,39,50
2018-03-07 16:00:00,134,71,63
2018-03-07 17:00:00,168,94,74
2018-03-07 18:00:00,85,33,52
2018-03-07 19:00:00,31,16,15
2018-03-07 20:00:00,16,6,10
2018-03-07 21:00:00,5,2,3
2018-03-07 22:00:00,4,2,2
2018-03-07 23:00:00,4,3,1
2018-03-08 00:00:00,2,0,2
2018-03-08 01:00:00,0,0,0
2018-03-08 02:00:00,1,1,0
2018-03-08 03:00:00,0,0,0
2018-03-08 04:00:00,0,0,0
2018-03-08 05:00:00,10,6,4
2018-03-08 06:00:00,70,38,32
2018-03-08 07:00:00,68,29,39
2018-03-08 08:00:00,43,20,23
2018-03-08 09:00:00,34,14,20
2018-03-08 10:00:00,50,19,31
2018-03-08 11:00:00,38,22,16
2018-03-08 12:00:00,93,44,49
2018-03-08 13:00:00,69,26,43
2018-03-08 14:00:00,24,12,12
2018-03-08 15:00:00,24,14,10
2018-03-08 16:00:00,39,21,18
2018-03-08 17:00:00,56,33,23
2018-03-08 18:00:00,32,19,13
2018-03-08 19:00:00,28,12,16
2018-03-08 20:00:00,12,5,7
2018-03-08 21:00:00,4,2,2
2018-03-08 22:00:00,2,0,2
2018-03-08 23:00:00,3,1,2
2018-03-09 00:00:00,0,0,0
2018-03-09 01:00:00,2,1,1
2018-03-09 02:00:00,1,1,0
2018-03-09 03:00:00,0,0,0
2018-03-09 04:00:00,4,1,3
2018-03-09 05:00:00,10,7,3
2018-03-09 06:00:00,58,27,31
2018-03-09 07:00:00,114,58,56
2018-03-09 08:00:00,102,43,59
2018-03-09 09:00:00,86,41,45
2018-03-09 10:00:00,98,45,53
2018-03-09 11:00:00,133,70,63
2018-03-09 12:00:00,281,143,138
2018-03-09 13:00:00,179,86,93
2018-03-09 14:00:00,143,66,77
2018-03-09 15:00:00,186,93,93
2018-03-09 16:00:00,198,97,101
2018-03-09 17:00:00,198,105,93
2018-03-09 18:00:00,131,55,76
2018-03-09 19:00:00,31,16,15
2018-03-09 20:00:00,12,5,7
2018-03-09 21:00:00,7,2,5
2018-03-09 22:00:00,11,5,6
2018-03-09 23:00:00,3,1,2
2018-03-10 00:00:00,2,2,0
2018-03-10 01:00:00,1,0,1
2018-03-10 02:00:00,1,0,1
2018-03-10 03:00:00,0,0,0
2018-03-10 04:00:00,2,1,1
2018-03-10 05:00:00,2,1,1
2018-03-10 06:00:00,22,16,6
2018-03-10 07:00:00,76,39,37
2018-03-10 08:00:00,126,70,56
2018-03-10 09:00:00,188,98,90
2018-03-10 10:00:00,274,136,138
2018-03-10 11:00:00,321,168,153
2018-03-10 12:00:00,322,152,170
2018-03-10 13:00:00,366,177,189
2018-03-10 14:00:00,344,158,186
2018-03-10 15:00:00,413,208,205
2018-03-10 16:00:00,369,174,195
2018-03-10 17:00:00,317,137,180
2018-03-10 18:00:00,188,63,125
2018-03-10 19:00:00,22,9,13
2018-03-10 20:00:00,18,12,6
2018-03-10 21:00:00,7,4,3
2018-03-10 22:00:00,2,0,2
2018-03-10 23:00:00,2,0,2
2018-03-11 00:00:00,4,2,2
2018-03-11 01:00:00,1,1,0
2018-03-11 02:00:00,0,0,0
2018-03-11 03:00:00,2,1,1
2018-03-11 04:00:00,2,1,1
2018-03-11 05:00:00,2,1,1
2018-03-11 06:00:00,4,2,2
2018-03-11 07:00:00,39,25,14
2018-03-11 08:00:00,88,39,49
2018-03-11 09:00:00,156,86,70
2018-03-11 10:00:00,227,109,118
2018-03-11 11:00:00,291,144,147
2018-03-11 12:00:00,327,169,158
2018-03-11 13:00:00,444,209,235
2018-03-11 14:00:00,473,224,249
2018-03-11 15:00:00,549,282,267
2018-03-11 16:00:00,576,273,303
2018-03-11 17:00:00,507,244,263
2018-03-11 18:00:00,391,177,214
2018-03-11 19:00:00,200,79,121
2018-03-11 20:00:00,23,8,15
2018-03-11 21:00:00,5,3,2
2018-03-11 22:00:00,2,0,2
2018-03-11 23:00:00,6,3,3
2018-03-12 00:00:00,2,2,0
2018-03-12 01:00:00,3,1,2
2018-03-12 02:00:00,1,1,0
2018-03-12 03:00:00,3,1,2
2018-03-12 04:00:00,0,0,0
2018-03-12 05:00:00,13,7,6
2018-03-12 06:00:00,32,17,15
2018-03-12 07:00:00,103,54,49
2018-03-12 08:00:00,93,37,56
2018-03-12 09:00:00,82,43,39
2018-03-12 10:00:00,113,53,60
2018-03-12 11:00:00,221,132,89
2018-03-12 12:00:00,457,237,220
2018-03-12 13:00:00,352,164,188
2018-03-12 14:00:00,279,142,137
2018-03-12 15:00:00,258,132,126
2018-03-12 16:00:00,319,168,151
2018-03-12 17:00:00,428,248,180
2018-03-12 18:00:00,525,294,231
2018-03-12 19:00:00,293,105,188
2018-03-12 20:00:00,58,19,39
2018-03-12 21:00:00,33,22,11
2018-03-12 22:00:00,19,8,11
2018-03-12 23:00:00,12,5,7
2018-03-13 00:00:00,8,4,4
2018-03-13 01:00:00,1,0,1
2018-03-13 02:00:00,0,0,0
2018-03-13 03:00:00,2,0,2
2018-03-13 04:00:00,3,2,1
2018-03-13 05:00:00,14,10,4
2018-03-13 06:00:00,63,36,27
2018-03-13 07:00:00,141,66,75
2018-03-13 08:00:00,71,25,46
2018-03-13 09:00:00,60,31,29
2018-03-13 10:00:00,74,39,35
2018-03-13 11:00:00,129,68,61
2018-03-13 12:00:00,199,100,99
2018-03-13 13:00:00,98,46,52
2018-03-13 14:00:00,44,19,25
2018-03-13 15:00:00,34,13,21
2018-03-13 16:00:00,52,27,25
2018-03-13 17:00:00,72,38,34
2018-03-13 18:00:00,52,31,21
2018-03-13 19:00:00,19,9,10
2018-03-13 20:00:00,11,6,5
2018-03-13 21:00:00,11,6,5
2018-03-13 22:00:00,2,0,2
2018-03-13 23:00:00,1,1,0
2018-03-14 00:00:00,15,5,10
2018-03-14 01:00:00,1,1,0
2018-03-14 02:00:00,0,0,0
2018-03-14 03:00:00,5,3,2
2018-03-14 04:00:00,2,1,1
2018-03-14 05:00:00,13,9,4
2018-03-14 06:00:00,58,29,29
2018-03-14 07:00:00,91,45,46
2018-03-14 08:00:00,116,53,63
2018-03-14 09:00:00,71,35,36
2018-03-14 10:00:00,59,26,33
2018-03-14 11:00:00,137,77,60
2018-03-14 12:00:00,296,143,153
2018-03-14 13:00:00,184,77,107
2018-03-14 14:00:00,139,77,62
2018-03-14 15:00:00,165,79,86
2018-03-14 16:00:00,202,104,98
2018-03-14 17:00:00,291,148,143
2018-03-14 18:00:00,341,171,170
2018-03-14 19:00:00,179,71,108
2018-03-14 20:00:00,40,23,17
2018-03-14 21:00:00,9,2,7
2018-03-14 22:00:00,3,3,0
2018-03-14 23:00:00,5,3,2
2018-03-15 00:00:00,0,0,0
2018-03-15 01:00:00,4,1,3
2018-03-15 02:00:00,0,0,0
2018-03-15 03:00:00,2,1,1
2018-03-15 04:00:00,0,0,0
2018-03-15 05:00:00,16,11,5
2018-03-15 06:00:00,45,28,17
2018-03-15 07:00:00,157,77,80
2018-03-15 08:00:00,108,46,62
2018-03-15 09:00:00,87,34,53
2018-03-15 10:00:00,122,65,57
2018-03-15 11:00:00,161,83,78
2018-03-15 12:00:00,338,178,160
2018-03-15 13:00:00,249,121,128
2018-03-15 14:00:00,165,83,82
2018-03-15 15:00:00,183,92,91
2018-03-15 16:00:00,260,124,136
2018-03-15 17:00:00,297,184,113
2018-03-15 18:00:00,341,162,179
2018-03-15 19:00:00,161,71,90
2018-03-15 20:00:00,17,9,8
2018-03-15 21:00:00,8,3,5
2018-03-15 22:00:00,7,5,2
2018-03-15 23:00:00,4,2,2
2018-03-16 00:00:00,3,1,2
2018-03-16 01:00:00,2,1,1
2018-03-16 02:00:00,1,0,1
2018-03-16 03:00:00,3,1,2
2018-03-16 04:00:00,1,0,1
2018-03-16 05:00:00,9,3,6
2018-03-16 06:00:00,36,21,15
2018-03-16 07:00:00,113,54,59
2018-03-16 08:00:00,103,45,58
2018-03-16 09:00:00,108,51,57
2018-03-16 10:00:00,108,55,53
2018-03-16 11:00:00,181,97,84
2018-03-16 12:00:00,301,149,152
2018-03-16 13:00:00,214,86,128
2018-03-16 14:00:00,197,95,102
2018-03-16 15:00:00,202,96,106
2018-03-16 16:00:00,240,125,115
2018-03-16 17:00:00,292,161,131
2018-03-16 18:00:00,283,130,153
2018-03-16 19:00:00,161,61,100
2018-03-16 20:00:00,35,18,17
2018-03-16 21:00:00,3,1,2
2018-03-16 22:00:00,5,2,3
2018-03-16 23:00:00,3,2,1
2018-03-17 00:00:00,2,1,1
2018-03-17 01:00:00,4,2,2
2018-03-17 02:00:00,8,4,4
2018-03-17 03:00:00,0,0,0
2018-03-17 04:00:00,0,0,0
2018-03-17 05:00:00,3,2,1
2018-03-17 06:00:00,13,8,5
2018-03-17 07:00:00,52,31,21
2018-03-17 08:00:00,105,51,54
2018-03-17 09:00:00,152,77,75
2018-03-17 10:00:00,143,63,80
2018-03-17 11:00:00,140,61,79
2018-03-17 12:00:00,139,63,76
2018-03-17 13:00:00,173,90,83
2018-03-17 14:00:00,151,65,86
2018-03-17 15:00:00,196,99,97
2018-03-17 16:00:00,224,94,130
2018-03-17 17:00:00,188,87,101
2018-03-17 18:00:00,158,77,81
2018-03-17 19:00:00,96,33,63
2018-03-17 20:00:00,30,9,21
2018-03-17 21:00:00,13,7,6
2018-03-17 22:00:00,7,4,3
2018-03-17 23:00:00,4,3,1
2018-03-18 00:00:00,4,3,1
2018-03-18 01:00:00,1,1,0
2018-03-18 02:00:00,1,1,0
2018-03-18 03:00:00,3,1,2
2018-03-18 04:00:00,1,0,1
2018-03-18 05:00:00,3,3,0
2018-03-18 06:00:00,5,4,1
2018-03-18 07:00:00,48,30,18
2018-03-18 08:00:00,99,52,47
2018-03-18 09:00:00,146,73,73
2018-03-18 10:00:00,178,87,91
2018-03-18 11:00:00,160,75,85
2018-03-18 12:00:00,175,78,97
2018-03-18 13:00:00,184,89,95
2018-03-18 14:00:00,200,115,85
2018-03-18 15:00:00,303,152,151
2018-03-18 16:00:00,407,202,205
2018-03-18 17:00:00,348,165,183
2018-03-18 18:00:00,297,131,166
2018-03-18 19:00:00,193,58,135
2018-03-18 20:00:00,22,9,13
2018-03-18 21:00:00,6,3,3
2018-03-18 22:00:00,2,1,1
2018-03-18 23:00:00,2,2,0
2018-03-19 00:00:00,3,2,1
2018-03-19 01:00:00,1,0,1
2018-03-19 02:00:00,3,2,1
2018-03-19 03:00:00,1,1,0
2018-03-19 04:00:00,2,1,1
2018-03-19 05:00:00,19,11,8
2018-03-19 06:00:00,39,22,17
2018-03-19 07:00:00,91,45,46
2018-03-19 08:00:00,67,35,32
2018-03-19 09:00:00,74,40,34
2018-03-19 10:00:00,108,49,59
2018-03-19 11:00:00,131,70,61
2018-03-19 12:00:00,274,134,140
2018-03-19 13:00:00,180,84,96
2018-03-19 14:00:00,160,84,76
2018-03-19 15:00:00,119,47,72
2018-03-19 16:00:00,135,63,72
2018-03-19 17:00:00,224,135,89
2018-03-19 18:00:00,278,141,137
2018-03-19 19:00:00,231,99,132
2018-03-19 20:00:00,38,11,27
2018-03-19 21:00:00,13,5,8
2018-03-19 22:00:00,4,2,2
2018-03-19 23:00:00,2,2,0
2018-03-20 00:00:00,3,2,1
2018-03-20 01:00:00,0,0,0
2018-03-20 02:00:00,0,0,0
2018-03-20 03:00:00,5,3,2
2018-03-20 04:00:00,4,2,2
2018-03-20 05:00:00,18,13,5
2018-03-20 06:00:00,64,36,28
2018-03-20 07:00:00,138,71,67
2018-03-20 08:00:00,99,44,55
2018-03-20 09:00:00,86,39,47
2018-03-20 10:00:00,117,62,55
2018-03-20 11:00:00,139,68,71
2018-03-20 12:00:00,287,153,134
2018-03-20 13:00:00,229,114,115
2018-03-20 14:00:00,173,85,88
2018-03-20 15:00:00,159,73,86
2018-03-20 16:00:00,206,107,99
2018-03-20 17:00:00,297,163,134
2018-03-20 18:00:00,376,210,166
2018-03-20 19:00:00,271,116,155
2018-03-20 20:00:00,42,17,25
2018-03-20 21:00:00,15,11,4
2018-03-20 22:00:00,6,3,3
2018-03-20 23:00:00,0,0,0
2018-03-21 00:00:00,3,2,1
2018-03-21 01:00:00,0,0,0
2018-03-21 02:00:00,0,0,0
2018-03-21 03:00:00,3,2,1
2018-03-21 04:00:00,3,1,2
2018-03-21 05:00:00,15,8,7
2018-03-21 06:00:00,67,33,34
2018-03-21 07:00:00,127,61,66
2018-03-21 08:00:00,90,46,44
2018-03-21 09:00:00,81,33,48
2018-03-21 10:00:00,99,46,53
2018-03-21 11:00:00,138,70,68
2018-03-21 12:00:00,307,155,152
2018-03-21 13:00:00,199,99,100
2018-03-21 14:00:00,139,65,74
2018-03-21 15:00:00,147,71,76
2018-03-21 16:00:00,159,75,84
2018-03-21 17:00:00,166,81,85
2018-03-21 18:00:00,124,65,59
2018-03-21 19:00:00,85,36,49
2018-03-21 20:00:00,27,14,13
2018-03-21 21:00:00,10,5,5
2018-03-21 22:00:00,4,2,2
2018-03-21 23:00:00,0,0,0
2018-03-22 00:00:00,0,0,0
2018-03-22 01:00:00,2,2,0
2018-03-22 02:00:00,1,1,0
2018-03-22 03:00:00,3,1,2
2018-03-22 04:00:00,2,1,1
2018-03-22 05:00:00,11,6,5
2018-03-22 06:00:00,49,26,23
2018-03-22 07:00:00,94,44,50
2018-03-22 08:00:00,38,18,20
2018-03-22 09:00:00,30,15,15
2018-03-22 10:00:00,23,10,13
2018-03-22 11:00:00,27,11,16
2018-03-22 12:00:00,85,43,42
2018-03-22 13:00:00,62,28,34
2018-03-22 14:00:00,53,27,26
2018-03-22 15:00:00,76,38,38
2018-03-22 16:00:00,61,27,34
2018-03-22 17:00:00,140,89,51
2018-03-22 18:00:00,211,111,100
2018-03-22 19:00:00,94,32,62
2018-03-22 20:00:00,11,7,4
2018-03-22 21:00:00,1,0,1
2018-03-22 22:00:00,3,1,2
2018-03-22 23:00:00,0,0,0
2018-03-23 00:00:00,1,1,0
2018-03-23 01:00:00,1,0,1
2018-03-23 02:00:00,0,0,0
2018-03-23 03:00:00,0,0,0
2018-03-23 04:00:00,3,1,2
2018-03-23 05:00:00,9,5,4
2018-03-23 06:00:00,41,26,15
2018-03-23 07:00:00,106,49,57
2018-03-23 08:00:00,76,27,49
2018-03-23 09:00:00,31,18,13
2018-03-23 10:00:00,22,9,13
2018-03-23 11:00:00,28,17,11
2018-03-23 12:00:00,108,55,53
2018-03-23 13:00:00,102,47,55
2018-03-23 14:00:00,83,48,35
2018-03-23 15:00:00,67,26,41
2018-03-23 16:00:00,70,35,35
2018-03-23 17:00:00,142,70,72
2018-03-23 18:00:00,97,50,47
2018-03-23 19:00:00,39,17,22
2018-03-23 20:00:00,21,12,9
2018-03-23 21:00:00,5,0,5
2018-03-23 22:00:00,2,1,1
2018-03-23 23:00:00,2,0,2
2018-03-24 00:00:00,3,2,1
2018-03-24 01:00:00,4,3,1
2018-03-24 02:00:00,3,2,1
2018-03-24 03:00:00,1,1,0
2018-03-24 04:00:00,2,1,1
2018-03-24 05:00:00,2,2,0
2018-03-24 06:00:00,3,2,1
2018-03-24 07:00:00,39,24,15
2018-03-24 08:00:00,84,40,44
2018-03-24 09:00:00,135,74,61
2018-03-24 10:00:00,148,66,82
2018-03-24 11:00:00,156,66,90
2018-03-24 12:00:00,159,76,83
2018-03-24 13:00:00,178,89,89
2018-03-24 14:00:00,215,95,120
2018-03-24 15:00:00,211,98,113
2018-03-24 16:00:00,178,67,111
2018-03-24 17:00:00,168,87,81
2018-03-24 18:00:00,181,80,101
2018-03-24 19:00:00,136,50,86
2018-03-24 20:00:00,35,10,25
2018-03-24 21:00:00,11,6,5
2018-03-24 22:00:00,6,4,2
2018-03-24 23:00:00,3,2,1
2018-03-25 00:00:00,5,3,2
2018-03-25 01:00:00,3,1,2
2018-03-25 02:00:00,2,1,1
2018-03-25 03:00:00,3,2,1
2018-03-25 04:00:00,1,0,1
2018-03-25 05:00:00,1,1,0
2018-03-25 06:00:00,6,3,3
2018-03-25 07:00:00,65,36,29
2018-03-25 08:00:00,98,50,48
2018-03-25 09:00:00,146,73,73
2018-03-25 10:00:00,209,107,102
2018-03-25 11:00:00,180,77,103
2018-03-25 12:00:00,164,85,79
2018-03-25 13:00:00,169,80,89
2018-03-25 14:00:00,254,129,125
2018-03-25 15:00:00,326,168,158
2018-03-25 16:00:00,280,136,144
2018-03-25 17:00:00,252,118,134
2018-03-25 18:00:00,203,87,116
2018-03-25 19:00:00,107,41,66
2018-03-25 20:00:00,29,9,20
2018-03-25 21:00:00,8,3,5
2018-03-25 22:00:00,2,0,2
2018-03-25 23:00:00,2,2,0
2018-03-26 00:00:00,2,1,1
2018-03-26 01:00:00,0,0,0
2018-03-26 02:00:00,3,2,1
2018-03-26 03:00:00,4,2,2
2018-03-26 04:00:00,2,2,0
2018-03-26 05:00:00,9,6,3
2018-03-26 06:00:00,43,24,19
2018-03-26 07:00:00,77,41,36
2018-03-26 08:00:00,75,33,42
2018-03-26 09:00:00,53,24,29
2018-03-26 10:00:00,56,20,36
2018-03-26 11:00:00,77,38,39
2018-03-26 12:00:00,134,67,67
2018-03-26 13:00:00,75,35,40
2018-03-26 14:00:00,56,22,34
2018-03-26 15:00:00,63,40,23
2018-03-26 16:00:00,94,36,58
2018-03-26 17:00:00,85,50,35
2018-03-26 18:00:00,67,39,28
2018-03-26 19:00:00,54,25,29
2018-03-26 20:00:00,26,11,15
2018-03-26 21:00:00,7,4,3
2018-03-26 22:00:00,1,1,0
2018-03-26 23:00:00,0,0,0
2018-03-27 00:00:00,3,2,1
2018-03-27 01:00:00,2,2,0
2018-03-27 02:00:00,1,0,1
2018-03-27 03:00:00,2,2,0
2018-03-27 04:00:00,3,2,1
2018-03-27 05:00:00,14,10,4
2018-03-27 06:00:00,72,35,37
2018-03-27 07:00:00,116,57,59
2018-03-27 08:00:00,77,32,45
2018-03-27 09:00:00,67,36,31
2018-03-27 10:00:00,63,34,29
2018-03-27 11:00:00,62,34,28
2018-03-27 12:00:00,145,67,78
2018-03-27 13:00:00,105,48,57
2018-03-27 14:00:00,69,28,41
2018-03-27 15:00:00,69,30,39
2018-03-27 16:00:00,116,52,64
2018-03-27 17:00:00,134,80,54
2018-03-27 18:00:00,173,89,84
2018-03-27 19:00:00,90,35,55
2018-03-27 20:00:00,32,12,20
2018-03-27 21:00:00,16,11,5
2018-03-27 22:00:00,4,1,3
2018-03-27 23:00:00,2,0,2
2018-03-28 00:00:00,6,2,4
2018-03-28 01:00:00,2,2,0
2018-03-28 02:00:00,0,0,0
2018-03-28 03:00:00,3,2,1
2018-03-28 04:00:00,4,2,2
2018-03-28 05:00:00,9,4,5
2018-03-28 06:00:00,75,41,34
2018-03-28 07:00:00,111,57,54
2018-03-28 08:00:00,109,46,63
2018-03-28 09:00:00,103,59,44
2018-03-28 10:00:00,110,58,52
2018-03-28 11:00:00,135,72,63
2018-03-28 12:00:00,253,126,127
2018-03-28 13:00:00,141,67,74
2018-03-28 14:00:00,125,66,59
2018-03-28 15:00:00,138,64,74
2018-03-28 16:00:00,167,69,98
2018-03-28 17:00:00,193,109,84
2018-03-28 18:00:00,152,81,71
2018-03-28 19:00:00,85,35,50
2018-03-28 20:00:00,41,19,22
2018-03-28 21:00:00,9,3,6
2018-03-28 22:00:00,5,3,2
2018-03-28 23:00:00,3,1,2
2018-03-29 00:00:00,1,1,0
2018-03-29 01:00:00,0,0,0
2018-03-29 02:00:00,1,1,0
2018-03-29 03:00:00,0,0,0
2018-03-29 04:00:00,0,0,0
2018-03-29 05:00:00,15,9,6
2018-03-29 06:00:00,67,40,27
2018-03-29 07:00:00,132,58,74
2018-03-29 08:00:00,96,37,59
2018-03-29 09:00:00,86,38,48
2018-03-29 10:00:00,67,30,37
2018-03-29 11:00:00,78,37,41
2018-03-29 12:00:00,199,108,91
2018-03-29 13:00:00,171,82,89
2018-03-29 14:00:00,170,86,84
2018-03-29 15:00:00,168,79,89
2018-03-29 16:00:00,185,86,99
2018-03-29 17:00:00,172,86,86
2018-03-29 18:00:00,157,89,68
2018-03-29 19:00:00,131,57,74
2018-03-29 20:00:00,37,17,20
2018-03-29 21:00:00,14,6,8
2018-03-29 22:00:00,9,7,2
2018-03-29 23:00:00,4,3,1
2018-03-30 00:00:00,5,4,1
2018-03-30 01:00:00,3,1,2
2018-03-30 02:00:00,1,0,1
2018-03-30 03:00:00,0,0,0
2018-03-30 04:00:00,2,1,1
2018-03-30 05:00:00,8,3,5
2018-03-30 06:00:00,39,24,15
2018-03-30 07:00:00,112,60,52
2018-03-30 08:00:00,125,58,67
2018-03-30 09:00:00,86,41,45
2018-03-30 10:00:00,75,35,40
2018-03-30 11:00:00,110,49,61
2018-03-30 12:00:00,242,130,112
2018-03-30 13:00:00,185,92,93
2018-03-30 14:00:00,133,59,74
2018-03-30 15:00:00,119,48,71
2018-03-30 16:00:00,163,94,69
2018-03-30 17:00:00,181,93,88
2018-03-30 18:00:00,163,74,89
2018-03-30 19:00:00,100,40,60
2018-03-30 20:00:00,38,18,20
2018-03-30 21:00:00,21,11,10
2018-03-30 22:00:00,6,3,3
2018-03-30 23:00:00,11,6,5
2018-03-31 00:00:00,6,2,4
2018-03-31 01:00:00,4,2,2
2018-03-31 02:00:00,6,2,4
2018-03-31 03:00:00,0,0,0
2018-03-31 04:00:00,10,4,6
2018-03-31 05:00:00,5,3,2
2018-03-31 06:00:00,9,5,4
2018-03-31 07:00:00,84,52,32
2018-03-31 08:00:00,152,84,68
2018-03-31 09:00:00,172,88,84
2018-03-31 10:00:00,172,76,96
2018-03-31 11:00:00,207,91,116
2018-03-31 12:00:00,208,85,123
2018-03-31 13:00:00,226,94,132
2018-03-31 14:00:00,257,143,114
2018-03-31 15:00:00,231,117,114
2018-03-31 16:00:00,338,174,164
2018-03-31 17:00:00,278,138,140
2018-03-31 18:00:00,280,111,169
2018-03-31 19:00:00,195,70,125
2018-03-31 20:00:00,61,18,43
2018-03-31 21:00:00,10,4,6
2018-03-31 22:00:00,7,6,1
2018-03-31 23:00:00,7,3,4
2018-04-01 00:00:00,5,3,2
2018-04-01 01:00:00,1,0,1
2018-04-01 02:00:00,6,6,0
2018-04-01 03:00:00,6,3,3
2018-04-01 04:00:00,1,0,1
2018-04-01 05:00:00,4,1,3
2018-04-01 06:00:00,6,6,0
2018-04-01 07:00:00,35,22,13
2018-04-01 08:00:00,80,43,37
2018-04-01 09:00:00,75,43,32
2018-04-01 10:00:00,73,37,36
2018-04-01 11:00:00,70,30,40
2018-04-01 12:00:00,88,40,48
2018-04-01 13:00:00,89,44,45
2018-04-01 14:00:00,98,55,43
2018-04-01 15:00:00,92,35,57
2018-04-01 16:00:00,103,55,48
2018-04-01 17:00:00,159,81,78
2018-04-01 18:00:00,154,63,91
2018-04-01 19:00:00,44,12,32
2018-04-01 20:00:00,26,14,12
2018-04-01 21:00:00,6,3,3
2018-04-01 22:00:00,0,0,0
2018-04-01 23:00:00,7,4,3
2018-04-02 00:00:00,6,3,3
2018-04-02 01:00:00,2,2,0
2018-04-02 02:00:00,4,2,2
2018-04-02 03:00:00,2,1,1
2018-04-02 04:00:00,0,0,0
2018-04-02 05:00:00,9,5,4
2018-04-02 06:00:00,33,19,14
2018-04-02 07:00:00,85,43,42
2018-04-02 08:00:00,85,39,46
2018-04-02 09:00:00,78,42,36
2018-04-02 10:00:00,84,36,48
2018-04-02 11:00:00,139,72,67
2018-04-02 12:00:00,320,160,160
2018-04-02 13:00:00,214,100,114
2018-04-02 14:00:00,156,75,81
2018-04-02 15:00:00,137,59,78
2018-04-02 16:00:00,151,76,75
2018-04-02 17:00:00,210,130,80
2018-04-02 18:00:00,210,103,107
2018-04-02 19:00:00,126,53,73
2018-04-02 20:00:00,38,16,22
2018-04-02 21:00:00,19,10,9
2018-04-02 22:00:00,3,3,0
2018-04-02 23:00:00,4,3,1
2018-04-03 00:00:00,7,3,4
2018-04-03 01:00:00,1,0,1
2018-04-03 02:00:00,0,0,0
2018-04-03 03:00:00,1,1,0
2018-04-03 04:00:00,0,0,0
2018-04-03 05:00:00,12,8,4
2018-04-03 06:00:00,66,37,29
2018-04-03 07:00:00,148,63,85
2018-04-03 08:00:00,97,40,57
2018-04-03 09:00:00,91,44,47
2018-04-03 10:00:00,74,34,40
2018-04-03 11:00:00,110,57,53
2018-04-03 12:00:00,249,138,111
2018-04-03 13:00:00,148,70,78
2018-04-03 14:00:00,100,45,55
2018-04-03 15:00:00,94,49,45
2018-04-03 16:00:00,136,67,69
2018-04-03 17:00:00,190,111,79
2018-04-03 18:00:00,181,104,77
2018-04-03 19:00:00,134,60,74
2018-04-03 20:00:00,61,31,30
2018-04-03 21:00:00,18,6,12
2018-04-03 22:00:00,3,1,2
2018-04-03 23:00:00,2,1,1
2018-04-04 00:00:00,6,4,2
2018-04-04 01:00:00,1,0,1
2018-04-04 02:00:00,1,0,1
2018-04-04 03:00:00,2,1,1
2018-04-04 04:00:00,7,6,1
2018-04-04 05:00:00,6,4,2
2018-04-04 06:00:00,57,34,23
2018-04-04 07:00:00,124,69,55
2018-04-04 08:00:00,80,37,43
2018-04-04 09:00:00,81,41,40
2018-04-04 10:00:00,52,25,27
2018-04-04 11:00:00,52,24,28
2018-04-04 12:00:00,106,53,53
2018-04-04 13:00:00,45,23,22
2018-04-04 14:00:00,32,13,19
2018-04-04 15:00:00,44,24,20
2018-04-04 16:00:00,76,44,32
2018-04-04 17:00:00,102,57,45
2018-04-04 18:00:00,112,55,57
2018-04-04 19:00:00,66,28,38
2018-04-04 20:00:00,20,11,9
2018-04-04 21:00:00,7,3,4
2018-04-04 22:00:00,2,1,1
2018-04-04 23:00:00,2,1,1
2018-04-05 00:00:00,5,4,1
2018-04-05 01:00:00,3,1,2
2018-04-05 02:00:00,0,0,0
2018-04-05 03:00:00,2,1,1
2018-04-05 04:00:00,0,0,0
2018-04-05 05:00:00,13,9,4
2018-04-05 06:00:00,68,41,27
2018-04-05 07:00:00,128,60,68
2018-04-05 08:00:00,92,36,56
2018-04-05 09:00:00,64,29,35
2018-04-05 10:00:00,37,15,22
2018-04-05 11:00:00,55,30,25
2018-04-05 12:00:00,103,53,50
2018-04-05 13:00:00,50,25,25
2018-04-05 14:00:00,48,28,20
2018-04-05 15:00:00,93,37,56
2018-04-05 16:00:00,86,38,48
2018-04-05 17:00:00,82,46,36
2018-04-05 18:00:00,52,29,23
2018-04-05 19:00:00,50,24,26
2018-04-05 20:00:00,33,17,16
2018-04-05 21:00:00,13,7,6
2018-04-05 22:00:00,5,0,5
2018-04-05 23:00:00,2,1,1
2018-04-06 00:00:00,3,1,2
2018-04-06 01:00:00,3,2,1
2018-04-06 02:00:00,0,0,0
2018-04-06 03:00:00,1,0,1
2018-04-06 04:00:00,2,1,1
2018-04-06 05:00:00,9,6,3
2018-04-06 06:00:00,50,32,18
2018-04-06 07:00:00,115,55,60
2018-04-06 08:00:00,101,48,53
2018-04-06 09:00:00,85,35,50
2018-04-06 10:00:00,60,28,32
2018-04-06 11:00:00,141,65,76
2018-04-06 12:00:00,210,105,105
2018-04-06 13:00:00,137,64,73
2018-04-06 14:00:00,119,67,52
2018-04-06 15:00:00,181,97,84
2018-04-06 16:00:00,269,134,135
2018-04-06 17:00:00,330,181,149
2018-04-06 18:00:00,397,199,198
2018-04-06 19:00:00,276,116,160
2018-04-06 20:00:00,104,44,60
2018-04-06 21:00:00,32,18,14
2018-04-06 22:00:00,12,5,7
2018-04-06 23:00:00,8,4,4
2018-04-07 00:00:00,14,6,8
2018-04-07 01:00:00,3,1,2
2018-04-07 02:00:00,0,0,0
2018-04-07 03:00:00,0,0,0
2018-04-07 04:00:00,1,0,1
2018-04-07 05:00:00,3,2,1
2018-04-07 06:00:00,7,3,4
2018-04-07 07:00:00,37,23,14
2018-04-07 08:00:00,44,21,23
2018-04-07 09:00:00,53,29,24
2018-04-07 10:00:00,152,84,68
2018-04-07 11:00:00,210,100,110
2018-04-07 12:00:00,135,51,84
2018-04-07 13:00:00,100,52,48
2018-04-07 14:00:00,72,29,43
2018-04-07 15:00:00,115,46,69
2018-04-07 16:00:00,67,31,36
2018-04-07 17:00:00,34,19,15
2018-04-07 18:00:00,49,24,25
2018-04-07 19:00:00,39,15,24
2018-04-07 20:00:00,17,8,9
2018-04-07 21:00:00,11,5,6
2018-04-07 22:00:00,2,0,2
2018-04-07 23:00:00,1,1,0
2018-04-08 00:00:00,7,3,4
2018-04-08 01:00:00,0,0,0
2018-04-08 02:00:00,1,1,0
2018-04-08 03:00:00,2,1,1
2018-04-08 04:00:00,3,2,1
2018-04-08 05:00:00,2,0,2
2018-04-08 06:00:00,4,1,3
2018-04-08 07:00:00,26,12,14
2018-04-08 08:00:00,26,13,13
2018-04-08 09:00:00,75,44,31
2018-04-08 10:00:00,122,66,56
2018-04-08 11:00:00,73,31,42
2018-04-08 12:00:00,78,37,41
2018-04-08 13:00:00,99,49,50
2018-04-08 14:00:00,64,29,35
2018-04-08 15:00:00,85,51,34
2018-04-08 16:00:00,128,64,64
2018-04-08 17:00:00,133,66,67
2018-04-08 18:00:00,94,43,51
2018-04-08 19:00:00,96,44,52
2018-04-08 20:00:00,33,9,24
2018-04-08 21:00:00,7,3,4
2018-04-08 22:00:00,2,1,1
2018-04-08 23:00:00,2,2,0
2018-04-09 00:00:00,3,2,1
2018-04-09 01:00:00,1,1,0
2018-04-09 02:00:00,3,1,2
2018-04-09 03:00:00,3,2,1
2018-04-09 04:00:00,2,0,2
2018-04-09 05:00:00,11,7,4
2018-04-09 06:00:00,48,26,22
2018-04-09 07:00:00,105,49,56
2018-04-09 08:00:00,109,56,53
2018-04-09 09:00:00,98,49,49
2018-04-09 10:00:00,111,53,58
2018-04-09 11:00:00,177,82,95
2018-04-09 12:00:00,352,170,182
2018-04-09 13:00:00,208,107,101
2018-04-09 14:00:00,214,97,117
2018-04-09 15:00:00,213,105,108
2018-04-09 16:00:00,246,131,115
2018-04-09 17:00:00,338,188,150
2018-04-09 18:00:00,391,219,172
2018-04-09 19:00:00,340,144,196
2018-04-09 20:00:00,105,39,66
2018-04-09 21:00:00,25,10,15
2018-04-09 22:00:00,13,10,3
2018-04-09 23:00:00,5,2,3
2018-04-10 00:00:00,2,2,0
2018-04-10 01:00:00,0,0,0
2018-04-10 02:00:00,2,0,2
2018-04-10 03:00:00,3,2,1
2018-04-10 04:00:00,4,2,2
2018-04-10 05:00:00,18,11,7
2018-04-10 06:00:00,43,20,23
2018-04-10 07:00:00,53,20,33
2018-04-10 08:00:00,37,14,23
2018-04-10 09:00:00,31,17,14
2018-04-10 10:00:00,24,10,14
2018-04-10 11:00:00,53,29,24
2018-04-10 12:00:00,155,86,69
2018-04-10 13:00:00,136,67,69
2018-04-10 14:00:00,118,57,61
2018-04-10 15:00:00,126,75,51
2018-04-10 16:00:00,215,105,110
2018-04-10 17:00:00,267,140,127
2018-04-10 18:00:00,355,182,173
2018-04-10 19:00:00,307,137,170
2018-04-10 20:00:00,90,42,48
2018-04-10 21:00:00,17,10,7
2018-04-10 22:00:00,8,5,3
2018-04-10 23:00:00,3,1,2
2018-04-11 00:00:00,5,3,2
2018-04-11 01:00:00,1,0,1
2018-04-11 02:00:00,0,0,0
2018-04-11 03:00:00,5,3,2
2018-04-11 04:00:00,1,0,1
2018-04-11 05:00:00,13,8,5
2018-04-11 06:00:00,79,45,34
2018-04-11 07:00:00,135,69,66
2018-04-11 08:00:00,99,39,60
2018-04-11 09:00:00,133,66,67
2018-04-11 10:00:00,82,39,43
2018-04-11 11:00:00,59,29,30
2018-04-11 12:00:00,114,60,54
2018-04-11 13:00:00,64,19,45
2018-04-11 14:00:00,31,17,14
2018-04-11 15:00:00,30,10,20
2018-04-11 16:00:00,55,28,27
2018-04-11 17:00:00,92,50,42
2018-04-11 18:00:00,75,38,37
2018-04-11 19:00:00,49,22,27
2018-04-11 20:00:00,27,16,11
2018-04-11 21:00:00,5,0,5
2018-04-11 22:00:00,2,1,1
2018-04-11 23:00:00,1,0,1
2018-04-12 00:00:00,0,0,0
2018-04-12 01:00:00,1,0,1
2018-04-12 02:00:00,4,4,0
2018-04-12 03:00:00,2,1,1
2018-04-12 04:00:00,1,0,1
2018-04-12 05:00:00,10,8,2
2018-04-12 06:00:00,76,37,39
2018-04-12 07:00:00,130,64,66
2018-04-12 08:00:00,130,59,71
2018-04-12 09:00:00,85,40,45
2018-04-12 10:00:00,69,34,35
2018-04-12 11:00:00,47,22,25
2018-04-12 12:00:00,96,51,45
2018-04-12 13:00:00,90,35,55
2018-04-12 14:00:00,81,44,37
2018-04-12 15:00:00,78,32,46
2018-04-12 16:00:00,103,56,47
2018-04-12 17:00:00,202,102,100
2018-04-12 18:00:00,156,76,80
2018-04-12 19:00:00,111,48,63
2018-04-12 20:00:00,64,25,39
2018-04-12 21:00:00,5,1,4
2018-04-12 22:00:00,3,1,2
2018-04-12 23:00:00,4,1,3
2018-04-13 00:00:00,3,2,1
2018-04-13 01:00:00,3,2,1
2018-04-13 02:00:00,1,1,0
2018-04-13 03:00:00,0,0,0
2018-04-13 04:00:00,2,1,1
2018-04-13 05:00:00,14,7,7
2018-04-13 06:00:00,37,21,16
2018-04-13 07:00:00,87,45,42
2018-04-13 08:00:00,83,33,50
2018-04-13 09:00:00,50,22,28
2018-04-13 10:00:00,63,29,34
2018-04-13 11:00:00,65,32,33
2018-04-13 12:00:00,121,58,63
2018-04-13 13:00:00,66,29,37
2018-04-13 14:00:00,35,16,19
2018-04-13 15:00:00,44,21,23
2018-04-13 16:00:00,30,18,12
2018-04-13 17:00:00,51,27,24
2018-04-13 18:00:00,67,37,30
2018-04-13 19:00:00,19,9,10
2018-04-13 20:00:00,7,3,4
2018-04-13 21:00:00,3,1,2
2018-04-13 22:00:00,3,2,1
2018-04-13 23:00:00,2,0,2
2018-04-14 00:00:00,1,0,1
2018-04-14 01:00:00,0,0,0
2018-04-14 02:00:00,2,1,1
2018-04-14 03:00:00,0,0,0
2018-04-14 04:00:00,4,3,1
2018-04-14 05:00:00,2,1,1
2018-04-14 06:00:00,8,5,3
2018-04-14 07:00:00,54,31,23
2018-04-14 08:00:00,77,46,31
2018-04-14 09:00:00,115,48,67
2018-04-14 10:00:00,89,46,43
2018-04-14 11:00:00,142,54,88
2018-04-14 12:00:00,58,33,25
2018-04-14 13:00:00,80,29,51
2018-04-14 14:00:00,85,41,44
2018-04-14 15:00:00,42,18,24
2018-04-14 16:00:00,32,15,17
2018-04-14 17:00:00,20,8,12
2018-04-14 18:00:00,16,8,8
2018-04-14 19:00:00,9,6,3
2018-04-14 20:00:00,11,4,7
2018-04-14 21:00:00,6,4,2
2018-04-14 22:00:00,5,2,3
2018-04-14 23:00:00,1,1,0
2018-04-15 00:00:00,1,1,0
2018-04-15 01:00:00,3,2,1
2018-04-15 02:00:00,2,2,0
2018-04-15 03:00:00,2,1,1
2018-04-15 04:00:00,0,0,0
2018-04-15 05:00:00,1,0,1
2018-04-15 06:00:00,19,13,6
2018-04-15 07:00:00,69,43,26
2018-04-15 08:00:00,84,45,39
2018-04-15 09:00:00,194,104,90
2018-04-15 10:00:00,236,125,111
2018-04-15 11:00:00,241,114,127
2018-04-15 12:00:00,221,96,125
2018-04-15 13:00:00,196,92,104
2018-04-15 14:00:00,166,68,98
2018-04-15 15:00:00,137,61,76
2018-04-15 16:00:00,136,77,59
2018-04-15 17:00:00,109,61,48
2018-04-15 18:00:00,96,33,63
2018-04-15 19:00:00,53,24,29
2018-04-15 20:00:00,18,6,12
2018-04-15 21:00:00,8,4,4
2018-04-15 22:00:00,5,4,1
2018-04-15 23:00:00,5,3,2
2018-04-16 00:00:00,2,1,1
2018-04-16 01:00:00,0,0,0
2018-04-16 02:00:00,4,2,2
2018-04-16 03:00:00,2,1,1
2018-04-16 04:00:00,0,0,0
2018-04-16 05:00:00,7,4,3
2018-04-16 06:00:00,41,25,16
2018-04-16 07:00:00,78,34,44
2018-04-16 08:00:00,51,21,30
2018-04-16 09:00:00,34,17,17
2018-04-16 10:00:00,35,18,17
2018-04-16 11:00:00,56,26,30
2018-04-16 12:00:00,105,57,48
2018-04-16 13:00:00,82,41,41
2018-04-16 14:00:00,66,32,34
2018-04-16 15:00:00,54,28,26
2018-04-16 16:00:00,54,23,31
2018-04-16 17:00:00,84,48,36
2018-04-16 18:00:00,69,39,30
2018-04-16 19:00:00,47,16,31
2018-04-16 20:00:00,22,8,14
2018-04-16 21:00:00,3,1,2
2018-04-16 22:00:00,1,1,0
2018-04-16 23:00:00,1,0,1
2018-04-17 00:00:00,3,3,0
2018-04-17 01:00:00,0,0,0
2018-04-17 02:00:00,1,1,0
2018-04-17 03:00:00,4,3,1
2018-04-17 04:00:00,2,1,1
2018-04-17 05:00:00,8,5,3
2018-04-17 06:00:00,96,56,40
2018-04-17 07:00:00,176,88,88
2018-04-17 08:00:00,105,49,56
2018-04-17 09:00:00,81,40,41
2018-04-17 10:00:00,59,24,35
2018-04-17 11:00:00,130,70,60
2018-04-17 12:00:00,306,155,151
2018-04-17 13:00:00,149,65,84
2018-04-17 14:00:00,145,62,83
2018-04-17 15:00:00,133,72,61
2018-04-17 16:00:00,137,71,66
2018-04-17 17:00:00,205,113,92
2018-04-17 18:00:00,217,108,109
2018-04-17 19:00:00,171,83,88
2018-04-17 20:00:00,64,28,36
2018-04-17 21:00:00,24,13,11
2018-04-17 22:00:00,8,3,5
2018-04-17 23:00:00,6,2,4
2018-04-18 00:00:00,7,5,2
2018-04-18 01:00:00,1,0,1
2018-04-18 02:00:00,0,0,0
2018-04-18 03:00:00,6,3,3
2018-04-18 04:00:00,1,0,1
2018-04-18 05:00:00,12,7,5
2018-04-18 06:00:00,76,46,30
2018-04-18 07:00:00,156,70,86
2018-04-18 08:00:00,106,40,66
2018-04-18 09:00:00,80,39,41
2018-04-18 10:00:00,73,35,38
2018-04-18 11:00:00,98,52,46
2018-04-18 12:00:00,250,128,122
2018-04-18 13:00:00,167,86,81
2018-04-18 14:00:00,124,58,66
2018-04-18 15:00:00,138,68,70
2018-04-18 16:00:00,201,105,96
2018-04-18 17:00:00,262,130,132
2018-04-18 18:00:00,264,140,124
2018-04-18 19:00:00,160,75,85
2018-04-18 20:00:00,101,34,67
2018-04-18 21:00:00,21,9,12
2018-04-18 22:00:00,8,4,4
2018-04-18 23:00:00,5,3,2
2018-04-19 00:00:00,11,3,8
2018-04-19 01:00:00,3,1,2
2018-04-19 02:00:00,0,0,0
2018-04-19 03:00:00,1,0,1
2018-04-19 04:00:00,1,0,1
2018-04-19 05:00:00,19,15,4
2018-04-19 06:00:00,117,64,53
2018-04-19 07:00:00,171,79,92
2018-04-19 08:00:00,128,58,70
2018-04-19 09:00:00,129,63,66
2018-04-19 10:00:00,139,65,74
2018-04-19 11:00:00,200,105,95
2018-04-19 12:00:00,358,184,174
2018-04-19 13:00:00,238,112,126
2018-04-19 14:00:00,157,69,88
2018-04-19 15:00:00,156,80,76
2018-04-19 16:00:00,184,96,88
2018-04-19 17:00:00,242,143,99
2018-04-19 18:00:00,314,172,142
2018-04-19 19:00:00,309,140,169
2018-04-19 20:00:00,122,46,76
2018-04-19 21:00:00,16,4,12
2018-04-19 22:00:00,9,3,6
2018-04-19 23:00:00,1,1,0
2018-04-20 00:00:00,1,1,0
2018-04-20 01:00:00,3,2,1
2018-04-20 02:00:00,3,1,2
2018-04-20 03:00:00,4,3,1
2018-04-20 04:00:00,2,2,0
2018-04-20 05:00:00,16,8,8
2018-04-20 06:00:00,99,65,34
2018-04-20 07:00:00,161,67,94
2018-04-20 08:00:00,111,46,65
2018-04-20 09:00:00,109,59,50
2018-04-20 10:00:00,105,45,60
2018-04-20 11:00:00,140,73,67
2018-04-20 12:00:00,294,149,145
2018-04-20 13:00:00,176,79,97
2018-04-20 14:00:00,154,71,83
2018-04-20 15:00:00,161,73,88
2018-04-20 16:00:00,134,59,75
2018-04-20 17:00:00,162,85,77
2018-04-20 18:00:00,114,59,55
2018-04-20 19:00:00,94,41,53
2018-04-20 20:00:00,82,36,46
2018-04-20 21:00:00,19,8,11
2018-04-20 22:00:00,14,5,9
2018-04-20 23:00:00,3,1,2
2018-04-21 00:00:00,2,1,1
2018-04-21 01:00:00,4,2,2
2018-04-21 02:00:00,0,0,0
2018-04-21 03:00:00,0,0,0
2018-04-21 04:00:00,2,1,1
2018-04-21 05:00:00,6,3,3
2018-04-21 06:00:00,43,27,16
2018-04-21 07:00:00,103,45,58
2018-04-21 08:00:00,178,96,82
2018-04-21 09:00:00,231,126,105
2018-04-21 10:00:00,215,103,112
2018-04-21 11:00:00,247,107,140
2018-04-21 12:00:00,253,132,121
2018-04-21 13:00:00,247,104,143
2018-04-21 14:00:00,97,39,58
2018-04-21 15:00:00,65,40,25
2018-04-21 16:00:00,114,54,60
2018-04-21 17:00:00,167,82,85
2018-04-21 18:00:00,168,72,96
2018-04-21 19:00:00,144,68,76
2018-04-21 20:00:00,58,16,42
2018-04-21 21:00:00,13,4,9
2018-04-21 22:00:00,13,9,4
2018-04-21 23:00:00,7,3,4
2018-04-22 00:00:00,7,5,2
2018-04-22 01:00:00,1,1,0
2018-04-22 02:00:00,1,1,0
2018-04-22 03:00:00,1,1,0
2018-04-22 04:00:00,4,3,1
2018-04-22 05:00:00,7,5,2
2018-04-22 06:00:00,46,27,19
2018-04-22 07:00:00,84,42,42
2018-04-22 08:00:00,203,108,95
2018-04-22 09:00:00,183,90,93
2018-04-22 10:00:00,228,115,113
2018-04-22 11:00:00,227,114,113
2018-04-22 12:00:00,202,89,113
2018-04-22 13:00:00,300,147,153
2018-04-22 14:00:00,294,140,154
2018-04-22 15:00:00,338,170,168
2018-04-22 16:00:00,337,175,162
2018-04-22 17:00:00,324,153,171
2018-04-22 18:00:00,274,139,135
2018-04-22 19:00:00,224,97,127
2018-04-22 20:00:00,121,44,77
2018-04-22 21:00:00,21,6,15
2018-04-22 22:00:00,3,2,1
2018-04-22 23:00:00,6,4,2
2018-04-23 00:00:00,3,1,2
2018-04-23 01:00:00,1,0,1
2018-04-23 02:00:00,5,3,2
2018-04-23 03:00:00,4,3,1
2018-04-23 04:00:00,2,0,2
2018-04-23 05:00:00,11,5,6
2018-04-23 06:00:00,86,47,39
2018-04-23 07:00:00,150,82,68
2018-04-23 08:00:00,114,39,75
2018-04-23 09:00:00,94,39,55
2018-04-23 10:00:00,121,59,62
2018-04-23 11:00:00,183,84,99
2018-04-23 12:00:00,415,206,209
2018-04-23 13:00:00,274,133,141
2018-04-23 14:00:00,210,116,94
2018-04-23 15:00:00,241,117,124
2018-04-23 16:00:00,266,133,133
2018-04-23 17:00:00,357,222,135
2018-04-23 18:00:00,440,246,194
2018-04-23 19:00:00,384,190,194
2018-04-23 20:00:00,168,59,109
2018-04-23 21:00:00,34,10,24
2018-04-23 22:00:00,11,5,6
2018-04-23 23:00:00,8,6,2
2018-04-24 00:00:00,7,3,4
2018-04-24 01:00:00,2,0,2
2018-04-24 02:00:00,0,0,0
2018-04-24 03:00:00,3,2,1
2018-04-24 04:00:00,4,3,1
2018-04-24 05:00:00,19,10,9
2018-04-24 06:00:00,147,79,68
2018-04-24 07:00:00,220,101,119
2018-04-24 08:00:00,157,69,88
2018-04-24 09:00:00,131,48,83
2018-04-24 10:00:00,139,84,55
2018-04-24 11:00:00,177,95,82
2018-04-24 12:00:00,429,221,208
2018-04-24 13:00:00,267,125,142
2018-04-24 14:00:00,194,88,106
2018-04-24 15:00:00,216,118,98
2018-04-24 16:00:00,270,142,128
2018-04-24 17:00:00,376,217,159
2018-04-24 18:00:00,512,268,244
2018-04-24 19:00:00,385,178,207
2018-04-24 20:00:00,208,80,128
2018-04-24 21:00:00,28,6,22
2018-04-24 22:00:00,13,7,6
2018-04-24 23:00:00,5,3,2
2018-04-25 00:00:00,4,4,0
2018-04-25 01:00:00,2,0,2
2018-04-25 02:00:00,4,1,3
2018-04-25 03:00:00,3,1,2
2018-04-25 04:00:00,1,1,0
2018-04-25 05:00:00,28,19,9
2018-04-25 06:00:00,146,79,67
2018-04-25 07:00:00,197,96,101
2018-04-25 08:00:00,166,67,99
2018-04-25 09:00:00,99,48,51
2018-04-25 10:00:00,126,62,64
2018-04-25 11:00:00,193,107,86
2018-04-25 12:00:00,419,201,218
2018-04-25 13:00:00,264,123,141
2018-04-25 14:00:00,211,98,113
2018-04-25 15:00:00,222,107,115
2018-04-25 16:00:00,271,159,112
2018-04-25 17:00:00,344,170,174
2018-04-25 18:00:00,390,211,179
2018-04-25 19:00:00,366,187,179
2018-04-25 20:00:00,229,79,150
2018-04-25 21:00:00,31,7,24
2018-04-25 22:00:00,7,4,3
2018-04-25 23:00:00,4,2,2
2018-04-26 00:00:00,0,0,0
2018-04-26 01:00:00,1,0,1
2018-04-26 02:00:00,0,0,0
2018-04-26 03:00:00,0,0,0
2018-04-26 04:00:00,1,1,0
2018-04-26 05:00:00,30,21,9
2018-04-26 06:00:00,144,86,58
2018-04-26 07:00:00,225,94,131
2018-04-26 08:00:00,154,70,84
2018-04-26 09:00:00,161,82,79
2018-04-26 10:00:00,166,79,87
2018-04-26 11:00:00,221,107,114
2018-04-26 12:00:00,410,200,210
2018-04-26 13:00:00,268,126,142
2018-04-26 14:00:00,230,112,118
2018-04-26 15:00:00,210,106,104
2018-04-26 16:00:00,322,182,140
2018-04-26 17:00:00,364,207,157
2018-04-26 18:00:00,380,203,177
2018-04-26 19:00:00,377,178,199
2018-04-26 20:00:00,242,87,155
2018-04-26 21:00:00,45,12,33
2018-04-26 22:00:00,13,8,5
2018-04-26 23:00:00,6,4,2
2018-04-27 00:00:00,1,0,1
2018-04-27 01:00:00,2,1,1
2018-04-27 02:00:00,0,0,0
2018-04-27 03:00:00,1,0,1
2018-04-27 04:00:00,7,2,5
2018-04-27 05:00:00,11,7,4
2018-04-27 06:00:00,80,43,37
2018-04-27 07:00:00,139,71,68
2018-04-27 08:00:00,107,50,57
2018-04-27 09:00:00,88,39,49
2018-04-27 10:00:00,69,32,37
2018-04-27 11:00:00,99,47,52
2018-04-27 12:00:00,200,100,100
2018-04-27 13:00:00,116,48,68
2018-04-27 14:00:00,83,44,39
2018-04-27 15:00:00,90,46,44
2018-04-27 16:00:00,171,77,94
2018-04-27 17:00:00,152,73,79
2018-04-27 18:00:00,143,79,64
2018-04-27 19:00:00,165,74,91
2018-04-27 20:00:00,80,38,42
2018-04-27 21:00:00,19,5,14
2018-04-27 22:00:00,7,4,3
2018-04-27 23:00:00,4,3,1
2018-04-28 00:00:00,2,0,2
2018-04-28 01:00:00,2,0,2
2018-04-28 02:00:00,4,4,0
2018-04-28 03:00:00,0,0,0
2018-04-28 04:00:00,3,1,2
2018-04-28 05:00:00,4,3,1
2018-04-28 06:00:00,9,4,5
2018-04-28 07:00:00,39,21,18
2018-04-28 08:00:00,40,20,20
2018-04-28 09:00:00,63,25,38
2018-04-28 10:00:00,75,44,31
2018-04-28 11:00:00,109,47,62
2018-04-28 12:00:00,100,47,53
2018-04-28 13:00:00,99,58,41
2018-04-28 14:00:00,139,64,75
2018-04-28 15:00:00,181,91,90
2018-04-28 16:00:00,119,49,70
2018-04-28 17:00:00,79,42,37
2018-04-28 18:00:00,43,24,19
2018-04-28 19:00:00,66,35,31
2018-04-28 20:00:00,34,19,15
2018-04-28 21:00:00,15,5,10
2018-04-28 22:00:00,8,5,3
2018-04-28 23:00:00,12,7,5
2018-04-29 00:00:00,4,2,2
2018-04-29 01:00:00,0,0,0
2018-04-29 02:00:00,3,2,1
2018-04-29 03:00:00,2,1,1
2018-04-29 04:00:00,1,0,1
2018-04-29 05:00:00,4,4,0
2018-04-29 06:00:00,26,15,11
2018-04-29 07:00:00,74,38,36
2018-04-29 08:00:00,110,57,53
2018-04-29 09:00:00,177,93,84
2018-04-29 10:00:00,267,135,132
2018-04-29 11:00:00,285,139,146
2018-04-29 12:00:00,299,141,158
2018-04-29 13:00:00,234,99,135
2018-04-29 14:00:00,237,116,121
2018-04-29 15:00:00,272,129,143
2018-04-29 16:00:00,191,86,105
2018-04-29 17:00:00,170,84,86
2018-04-29 18:00:00,169,76,93
2018-04-29 19:00:00,177,69,108
2018-04-29 20:00:00,73,25,48
2018-04-29 21:00:00,22,10,12
2018-04-29 22:00:00,3,1,2
2018-04-29 23:00:00,2,1,1
2018-04-30 00:00:00,2,2,0
2018-04-30 01:00:00,6,2,4
2018-04-30 02:00:00,1,1,0
2018-04-30 03:00:00,2,1,1
2018-04-30 04:00:00,3,0,3
2018-04-30 05:00:00,18,14,4
2018-04-30 06:00:00,92,46,46
2018-04-30 07:00:00,115,50,65
2018-04-30 08:00:00,79,24,55
2018-04-30 09:00:00,99,44,55
2018-04-30 10:00:00,66,31,35
2018-04-30 11:00:00,94,49,45
2018-04-30 12:00:00,223,125,98
2018-04-30 13:00:00,171,80,91
2018-04-30 14:00:00,107,53,54
2018-04-30 15:00:00,116,56,60
2018-04-30 16:00:00,142,74,68
2018-04-30 17:00:00,214,120,94
2018-04-30 18:00:00,228,121,107
2018-04-30 19:00:00,199,103,96
2018-04-30 20:00:00,154,60,94
2018-04-30 21:00:00,28,13,15
2018-04-30 22:00:00,6,5,1
2018-04-30 23:00:00,1,1,0
2018-05-01 00:00:00,5,2,3
2018-05-01 01:00:00,0,0,0
2018-05-01 02:00:00,0,0,0
2018-05-01 03:00:00,5,3,2
2018-05-01 04:00:00,0,0,0
2018-05-01 05:00:00,23,17,6
2018-05-01 06:00:00,144,71,73
2018-05-01 07:00:00,181,89,92
2018-05-01 08:00:00,108,44,64
2018-05-01 09:00:00,81,43,38
2018-05-01 10:00:00,70,28,42
2018-05-01 11:00:00,115,62,53
2018-05-01 12:00:00,237,124,113
2018-05-01 13:00:00,184,80,104
2018-05-01 14:00:00,130,66,64
2018-05-01 15:00:00,156,79,77
2018-05-01 16:00:00,184,94,90
2018-05-01 17:00:00,279,178,101
2018-05-01 18:00:00,340,189,151
2018-05-01 19:00:00,324,171,153
2018-05-01 20:00:00,160,53,107
2018-05-01 21:00:00,18,9,9
2018-05-01 22:00:00,5,2,3
2018-05-01 23:00:00,4,3,1
2018-05-02 00:00:00,7,4,3
2018-05-02 01:00:00,0,0,0
2018-05-02 02:00:00,1,1,0
2018-05-02 03:00:00,4,1,3
2018-05-02 04:00:00,6,4,2
2018-05-02 05:00:00,26,17,9
2018-05-02 06:00:00,138,74,64
2018-05-02 07:00:00,181,80,101
2018-05-02 08:00:00,145,53,92
2018-05-02 09:00:00,88,41,47
2018-05-02 10:00:00,114,57,57
2018-05-02 11:00:00,185,97,88
2018-05-02 12:00:00,428,222,206
2018-05-02 13:00:00,294,140,154
2018-05-02 14:00:00,257,117,140
2018-05-02 15:00:00,243,123,120
2018-05-02 16:00:00,253,144,109
2018-05-02 17:00:00,327,170,157
2018-05-02 18:00:00,356,203,153
2018-05-02 19:00:00,330,167,163
2018-05-02 20:00:00,184,71,113
2018-05-02 21:00:00,32,15,17
2018-05-02 22:00:00,5,1,4
2018-05-02 23:00:00,2,0,2
2018-05-03 00:00:00,2,2,0
2018-05-03 01:00:00,2,1,1
2018-05-03 02:00:00,1,0,1
2018-05-03 03:00:00,2,1,1
2018-05-03 04:00:00,2,0,2
2018-05-03 05:00:00,16,13,3
2018-05-03 06:00:00,113,60,53
2018-05-03 07:00:00,209,95,114
2018-05-03 08:00:00,134,60,74
2018-05-03 09:00:00,119,57,62
2018-05-03 10:00:00,117,66,51
2018-05-03 11:00:00,152,78,74
2018-05-03 12:00:00,374,200,174
2018-05-03 13:00:00,244,94,150
2018-05-03 14:00:00,177,93,84
2018-05-03 15:00:00,334,200,134
2018-05-03 16:00:00,766,414,352
2018-05-03 17:00:00,1135,611,524
2018-05-03 18:00:00,535,294,241
2018-05-03 19:00:00,682,268,414
2018-05-03 20:00:00,436,191,245
2018-05-03 21:00:00,273,135,138
2018-05-03 22:00:00,505,225,280
2018-05-03 23:00:00,289,135,154
2018-05-04 00:00:00,378,156,222
2018-05-04 01:00:00,181,95,86
2018-05-04 02:00:00,148,74,74
2018-05-04 03:00:00,70,45,25
2018-05-04 04:00:00,42,25,17
2018-05-04 05:00:00,15,10,5
2018-05-04 06:00:00,88,41,47
2018-05-04 07:00:00,137,67,70
2018-05-04 08:00:00,112,47,65
2018-05-04 09:00:00,85,41,44
2018-05-04 10:00:00,102,50,52
2018-05-04 11:00:00,155,78,77
2018-05-04 12:00:00,258,138,120
2018-05-04 13:00:00,182,86,96
2018-05-04 14:00:00,128,64,64
2018-05-04 15:00:00,147,56,91
2018-05-04 16:00:00,139,63,76
2018-05-04 17:00:00,235,147,88
2018-05-04 18:00:00,228,116,112
2018-05-04 19:00:00,206,101,105
2018-05-04 20:00:00,122,40,82
2018-05-04 21:00:00,34,8,26
2018-05-04 22:00:00,6,3,3
2018-05-04 23:00:00,8,4,4
2018-05-05 00:00:00,9,6,3
2018-05-05 01:00:00,5,1,4
2018-05-05 02:00:00,1,0,1
2018-05-05 03:00:00,0,0,0
2018-05-05 04:00:00,6,3,3
2018-05-05 05:00:00,6,5,1
2018-05-05 06:00:00,34,17,17
2018-05-05 07:00:00,102,54,48
2018-05-05 08:00:00,180,97,83
2018-05-05 09:00:00,228,104,124
2018-05-05 10:00:00,277,141,136
2018-05-05 11:00:00,310,134,176
2018-05-05 12:00:00,258,110,148
2018-05-05 13:00:00,245,110,135
2018-05-05 14:00:00,270,125,145
2018-05-05 15:00:00,285,156,129
2018-05-05 16:00:00,253,112,141
2018-05-05 17:00:00,190,86,104
2018-05-05 18:00:00,166,62,104
2018-05-05 19:00:00,173,67,106
2018-05-05 20:00:00,47,22,25
2018-05-05 21:00:00,21,10,11
2018-05-05 22:00:00,5,3,2
2018-05-05 23:00:00,9,4,5
2018-05-06 00:00:00,9,2,7
2018-05-06 01:00:00,3,1,2
2018-05-06 02:00:00,4,4,0
2018-05-06 03:00:00,4,1,3
2018-05-06 04:00:00,2,0,2
2018-05-06 05:00:00,8,5,3
2018-05-06 06:00:00,43,24,19
2018-05-06 07:00:00,98,56,42
2018-05-06 08:00:00,158,76,82
2018-05-06 09:00:00,223,108,115
2018-05-06 10:00:00,268,142,126
2018-05-06 11:00:00,280,142,138
2018-05-06 12:00:00,250,111,139
2018-05-06 13:00:00,335,153,182
2018-05-06 14:00:00,264,129,135
2018-05-06 15:00:00,309,134,175
2018-05-06 16:00:00,316,149,167
2018-05-06 17:00:00,292,120,172
2018-05-06 18:00:00,244,117,127
2018-05-06 19:00:00,244,115,129
2018-05-06 20:00:00,165,70,95
2018-05-06 21:00:00,32,9,23
2018-05-06 22:00:00,3,1,2
2018-05-06 23:00:00,7,5,2
2018-05-07 00:00:00,3,2,1
2018-05-07 01:00:00,3,0,3
2018-05-07 02:00:00,4,2,2
2018-05-07 03:00:00,4,2,2
2018-05-07 04:00:00,0,0,0
2018-05-07 05:00:00,18,11,7
2018-05-07 06:00:00,86,41,45
2018-05-07 07:00:00,115,59,56
2018-05-07 08:00:00,112,50,62
2018-05-07 09:00:00,79,30,49
2018-05-07 10:00:00,87,38,49
2018-05-07 11:00:00,135,74,61
2018-05-07 12:00:00,299,157,142
2018-05-07 13:00:00,218,119,99
2018-05-07 14:00:00,130,63,67
2018-05-07 15:00:00,186,90,96
2018-05-07 16:00:00,234,125,109
2018-05-07 17:00:00,343,192,151
2018-05-07 18:00:00,393,229,164
2018-05-07 19:00:00,413,208,205
2018-05-07 20:00:00,259,109,150
2018-05-07 21:00:00,66,20,46
2018-05-07 22:00:00,12,5,7
2018-05-07 23:00:00,3,3,0
2018-05-08 00:00:00,5,3,2
2018-05-08 01:00:00,2,1,1
2018-05-08 02:00:00,3,2,1
2018-05-08 03:00:00,6,3,3
2018-05-08 04:00:00,6,4,2
2018-05-08 05:00:00,33,23,10
2018-05-08 06:00:00,205,89,116
2018-05-08 07:00:00,151,61,90
2018-05-08 08:00:00,106,50,56
2018-05-08 09:00:00,126,58,68
2018-05-08 10:00:00,197,95,102
2018-05-08 11:00:00,400,214,186
2018-05-08 12:00:00,267,126,141
2018-05-08 13:00:00,167,85,82
2018-05-08 14:00:00,184,91,93
2018-05-08 15:00:00,215,116,99
2018-05-08 16:00:00,235,125,110
2018-05-08 17:00:00,136,82,54
2018-05-08 18:00:00,176,97,79
2018-05-08 19:00:00,110,45,65
2018-05-08 20:00:00,42,19,23
2018-05-08 21:00:00,9,5,4
2018-05-08 22:00:00,9,5,4
2018-05-08 23:00:00,2,1,1
2018-05-09 00:00:00,0,0,0
2018-05-09 01:00:00,1,0,1
2018-05-09 02:00:00,2,1,1
2018-05-09 03:00:00,3,2,1
2018-05-09 04:00:00,38,26,12
2018-05-09 05:00:00,178,99,79
2018-05-09 06:00:00,172,71,101
2018-05-09 07:00:00,100,36,64
2018-05-09 08:00:00,67,28,39
2018-05-09 09:00:00,99,45,54
2018-05-09 10:00:00,141,83,58
2018-05-09 11:00:00,332,168,164
2018-05-09 12:00:00,213,101,112
2018-05-09 13:00:00,146,66,80
2018-05-09 14:00:00,142,65,77
2018-05-09 15:00:00,216,107,109
2018-05-09 16:00:00,219,124,95
2018-05-09 17:00:00,314,182,132
2018-05-09 18:00:00,315,158,157
2018-05-09 19:00:00,197,77,120
2018-05-09 20:00:00,0,0,0
2018-05-09 21:00:00,37,14,23
2018-05-09 22:00:00,4,2,2
2018-05-09 23:00:00,5,3,2
2018-05-10 00:00:00,1,0,1
2018-05-10 01:00:00,1,0,1
2018-05-10 02:00:00,2,2,0
2018-05-10 03:00:00,0,0,0
2018-05-10 04:00:00,3,1,2
2018-05-10 05:00:00,26,21,5
2018-05-10 06:00:00,136,69,67
2018-05-10 07:00:00,155,67,88
2018-05-10 08:00:00,96,44,52
2018-05-10 09:00:00,80,29,51
2018-05-10 10:00:00,69,37,32
2018-05-10 11:00:00,111,60,51
2018-05-10 12:00:00,301,158,143
2018-05-10 13:00:00,120,46,74
2018-05-10 14:00:00,89,46,43
2018-05-10 15:00:00,94,53,41
2018-05-10 16:00:00,129,67,62
2018-05-10 17:00:00,180,97,83
2018-05-10 18:00:00,191,103,88
2018-05-10 19:00:00,168,84,84
2018-05-10 20:00:00,128,54,74
2018-05-10 21:00:00,31,10,21
2018-05-10 22:00:00,10,4,6
2018-05-10 23:00:00,7,2,5
2018-05-11 00:00:00,0,0,0
2018-05-11 01:00:00,4,2,2
2018-05-11 02:00:00,1,1,0
2018-05-11 03:00:00,3,1,2
2018-05-11 04:00:00,5,2,3
2018-05-11 05:00:00,23,12,11
2018-05-11 06:00:00,106,59,47
2018-05-11 07:00:00,155,71,84
2018-05-11 08:00:00,133,65,68
2018-05-11 09:00:00,101,51,50
2018-05-11 10:00:00,87,45,42
2018-05-11 11:00:00,136,70,66
2018-05-11 12:00:00,226,111,115
2018-05-11 13:00:00,181,101,80
2018-05-11 14:00:00,166,86,80
2018-05-11 15:00:00,164,81,83
2018-05-11 16:00:00,205,121,84
2018-05-11 17:00:00,271,135,136
2018-05-11 18:00:00,289,155,134
2018-05-11 19:00:00,285,127,158
2018-05-11 20:00:00,239,98,141
2018-05-11 21:00:00,80,29,51
2018-05-11 22:00:00,14,8,6
2018-05-11 23:00:00,8,4,4
2018-05-12 00:00:00,0,0,0
2018-05-12 01:00:00,8,6,2
2018-05-12 02:00:00,0,0,0
2018-05-12 03:00:00,0,0,0
2018-05-12 04:00:00,3,2,1
2018-05-12 05:00:00,7,5,2
2018-05-12 06:00:00,51,28,23
2018-05-12 07:00:00,137,76,61
2018-05-12 08:00:00,163,80,83
2018-05-12 09:00:00,253,137,116
2018-05-12 10:00:00,291,140,151
2018-05-12 11:00:00,308,146,162
2018-05-12 12:00:00,247,108,139
2018-05-12 13:00:00,268,131,137
2018-05-12 14:00:00,275,123,152
2018-05-12 15:00:00,321,158,163
2018-05-12 16:00:00,311,131,180
2018-05-12 17:00:00,308,167,141
2018-05-12 18:00:00,251,105,146
2018-05-12 19:00:00,227,105,122
2018-05-12 20:00:00,211,81,130
2018-05-12 21:00:00,64,25,39
2018-05-12 22:00:00,13,5,8
2018-05-12 23:00:00,5,5,0
2018-05-13 00:00:00,8,4,4
2018-05-13 01:00:00,1,0,1
2018-05-13 02:00:00,2,1,1
2018-05-13 03:00:00,3,3,0
2018-05-13 04:00:00,0,0,0
2018-05-13 05:00:00,8,4,4
2018-05-13 06:00:00,54,29,25
2018-05-13 07:00:00,111,62,49
2018-05-13 08:00:00,138,72,66
2018-05-13 09:00:00,227,125,102
2018-05-13 10:00:00,304,156,148
2018-05-13 11:00:00,315,149,166
2018-05-13 12:00:00,317,155,162
2018-05-13 13:00:00,302,135,167
2018-05-13 14:00:00,312,156,156
2018-05-13 15:00:00,375,185,190
2018-05-13 16:00:00,376,183,193
2018-05-13 17:00:00,348,179,169
2018-05-13 18:00:00,295,122,173
2018-05-13 19:00:00,270,127,143
2018-05-13 20:00:00,242,114,128
2018-05-13 21:00:00,75,21,54
2018-05-13 22:00:00,11,6,5
2018-05-13 23:00:00,10,9,1
2018-05-14 00:00:00,5,1,4
2018-05-14 01:00:00,4,3,1
2018-05-14 02:00:00,4,1,3
2018-05-14 03:00:00,1,1,0
2018-05-14 04:00:00,3,1,2
2018-05-14 05:00:00,36,22,14
2018-05-14 06:00:00,151,73,78
2018-05-14 07:00:00,151,74,77
2018-05-14 08:00:00,143,66,77
2018-05-14 09:00:00,131,60,71
2018-05-14 10:00:00,157,79,78
2018-05-14 11:00:00,175,91,84
2018-05-14 12:00:00,425,209,216
2018-05-14 13:00:00,237,114,123
2018-05-14 14:00:00,192,91,101
2018-05-14 15:00:00,167,92,75
2018-05-14 16:00:00,227,113,114
2018-05-14 17:00:00,291,177,114
2018-05-14 18:00:00,386,214,172
2018-05-14 19:00:00,390,194,196
2018-05-14 20:00:00,312,140,172
2018-05-14 21:00:00,125,45,80
2018-05-14 22:00:00,25,10,15
2018-05-14 23:00:00,10,5,5
2018-05-15 00:00:00,3,1,2
2018-05-15 01:00:00,5,2,3
2018-05-15 02:00:00,0,0,0
2018-05-15 03:00:00,2,2,0
2018-05-15 04:00:00,7,3,4
2018-05-15 05:00:00,53,34,19
2018-05-15 06:00:00,223,118,105
2018-05-15 07:00:00,217,97,120
2018-05-15 08:00:00,118,45,73
2018-05-15 09:00:00,114,56,58
2018-05-15 10:00:00,90,41,49
2018-05-15 11:00:00,117,67,50
2018-05-15 12:00:00,267,133,134
2018-05-15 13:00:00,171,94,77
2018-05-15 14:00:00,171,97,74
2018-05-15 15:00:00,181,90,91
2018-05-15 16:00:00,270,152,118
2018-05-15 17:00:00,327,206,121
2018-05-15 18:00:00,325,186,139
2018-05-15 19:00:00,347,166,181
2018-05-15 20:00:00,265,118,147
2018-05-15 21:00:00,72,22,50
2018-05-15 22:00:00,20,9,11
2018-05-15 23:00:00,7,4,3
2018-05-16 00:00:00,5,3,2
2018-05-16 01:00:00,2,1,1
2018-05-16 02:00:00,4,2,2
2018-05-16 03:00:00,8,4,4
2018-05-16 04:00:00,4,2,2
2018-05-16 05:00:00,45,26,19
2018-05-16 06:00:00,191,105,86
2018-05-16 07:00:00,174,79,95
2018-05-16 08:00:00,110,49,61
2018-05-16 09:00:00,85,39,46
2018-05-16 10:00:00,90,44,46
2018-05-16 11:00:00,137,76,61
2018-05-16 12:00:00,276,142,134
2018-05-16 13:00:00,259,127,132
2018-05-16 14:00:00,169,73,96
2018-05-16 15:00:00,150,77,73
2018-05-16 16:00:00,226,118,108
2018-05-16 17:00:00,284,165,119
2018-05-16 18:00:00,339,160,179
2018-05-16 19:00:00,247,118,129
2018-05-16 20:00:00,131,56,75
2018-05-16 21:00:00,36,14,22
2018-05-16 22:00:00,14,9,5
2018-05-16 23:00:00,6,1,5
2018-05-17 00:00:00,2,1,1
2018-05-17 01:00:00,1,1,0
2018-05-17 02:00:00,0,0,0
2018-05-17 03:00:00,1,1,0
2018-05-17 04:00:00,3,2,1
2018-05-17 05:00:00,36,24,12
2018-05-17 06:00:00,153,80,73
2018-05-17 07:00:00,192,88,104
2018-05-17 08:00:00,136,46,90
2018-05-17 09:00:00,82,36,46
2018-05-17 10:00:00,101,51,50
2018-05-17 11:00:00,150,80,70
2018-05-17 12:00:00,265,136,129
2018-05-17 13:00:00,175,86,89
2018-05-17 14:00:00,137,66,71
2018-05-17 15:00:00,180,98,82
2018-05-17 16:00:00,165,71,94
2018-05-17 17:00:00,224,125,99
2018-05-17 18:00:00,231,122,109
2018-05-17 19:00:00,212,103,109
2018-05-17 20:00:00,133,61,72
2018-05-17 21:00:00,35,14,21
2018-05-17 22:00:00,20,7,13
2018-05-17 23:00:00,1,0,1
2018-05-18 00:00:00,2,1,1
2018-05-18 01:00:00,2,0,2
2018-05-18 02:00:00,4,3,1
2018-05-18 03:00:00,3,0,3
2018-05-18 04:00:00,1,1,0
2018-05-18 05:00:00,22,13,9
2018-05-18 06:00:00,141,74,67
2018-05-18 07:00:00,163,82,81
2018-05-18 08:00:00,144,58,86
2018-05-18 09:00:00,82,38,44
2018-05-18 10:00:00,127,52,75
2018-05-18 11:00:00,108,53,55
2018-05-18 12:00:00,255,138,117
2018-05-18 13:00:00,151,71,80
2018-05-18 14:00:00,105,44,61
2018-05-18 15:00:00,112,71,41
2018-05-18 16:00:00,162,80,82
2018-05-18 17:00:00,241,132,109
2018-05-18 18:00:00,197,90,107
2018-05-18 19:00:00,170,88,82
2018-05-18 20:00:00,105,38,67
2018-05-18 21:00:00,45,17,28
2018-05-18 22:00:00,14,6,8
2018-05-18 23:00:00,20,10,10
2018-05-19 00:00:00,4,3,1
2018-05-19 01:00:00,20,9,11
2018-05-19 02:00:00,3,1,2
2018-05-19 03:00:00,0,0,0
2018-05-19 04:00:00,5,3,2
2018-05-19 05:00:00,12,6,6
2018-05-19 06:00:00,54,28,26
2018-05-19 07:00:00,139,78,61
2018-05-19 08:00:00,183,78,105
2018-05-19 09:00:00,179,95,84
2018-05-19 10:00:00,207,100,107
2018-05-19 11:00:00,225,102,123
2018-05-19 12:00:00,203,112,91
2018-05-19 13:00:00,237,119,118
2018-05-19 14:00:00,221,102,119
2018-05-19 15:00:00,328,185,143
2018-05-19 16:00:00,309,133,176
2018-05-19 17:00:00,244,101,143
2018-05-19 18:00:00,150,67,83
2018-05-19 19:00:00,69,25,44
2018-05-19 20:00:00,19,8,11
2018-05-19 21:00:00,20,10,10
2018-05-19 22:00:00,8,7,1
2018-05-19 23:00:00,12,8,4
2018-05-20 00:00:00,1,1,0
2018-05-20 01:00:00,1,0,1
2018-05-20 02:00:00,4,1,3
2018-05-20 03:00:00,2,1,1
2018-05-20 04:00:00,4,2,2
2018-05-20 05:00:00,14,6,8
2018-05-20 06:00:00,61,38,23
2018-05-20 07:00:00,126,70,56
2018-05-20 08:00:00,155,71,84
2018-05-20 09:00:00,134,70,64
2018-05-20 10:00:00,201,96,105
2018-05-20 11:00:00,195,103,92
2018-05-20 12:00:00,193,94,99
2018-05-20 13:00:00,452,100,352
2018-05-20 14:00:00,212,111,101
2018-05-20 15:00:00,279,133,146
2018-05-20 16:00:00,273,117,156
2018-05-20 17:00:00,240,123,117
2018-05-20 18:00:00,250,123,127
2018-05-20 19:00:00,209,102,107
2018-05-20 20:00:00,182,82,100
2018-05-20 21:00:00,49,12,37
2018-05-20 22:00:00,6,1,5
2018-05-20 23:00:00,6,2,4
2018-05-21 00:00:00,7,5,2
2018-05-21 01:00:00,2,1,1
2018-05-21 02:00:00,4,3,1
2018-05-21 03:00:00,4,2,2
2018-05-21 04:00:00,0,0,0
2018-05-21 05:00:00,18,10,8
2018-05-21 06:00:00,143,84,59
2018-05-21 07:00:00,164,74,90
2018-05-21 08:00:00,140,59,81
2018-05-21 09:00:00,114,59,55
2018-05-21 10:00:00,124,59,65
2018-05-21 11:00:00,205,101,104
2018-05-21 12:00:00,344,185,159
2018-05-21 13:00:00,214,96,118
2018-05-21 14:00:00,189,109,80
2018-05-21 15:00:00,220,104,116
2018-05-21 16:00:00,262,135,127
2018-05-21 17:00:00,339,190,149
2018-05-21 18:00:00,380,204,176
2018-05-21 19:00:00,345,163,182
2018-05-21 20:00:00,268,102,166
2018-05-21 21:00:00,73,25,48
2018-05-21 22:00:00,14,6,8
2018-05-21 23:00:00,5,4,1
2018-05-22 00:00:00,4,2,2
2018-05-22 01:00:00,2,1,1
2018-05-22 02:00:00,4,2,2
2018-05-22 03:00:00,5,3,2
2018-05-22 04:00:00,2,1,1
2018-05-22 05:00:00,40,24,16
2018-05-22 06:00:00,208,111,97
2018-05-22 07:00:00,235,115,120
2018-05-22 08:00:00,188,76,112
2018-05-22 09:00:00,157,71,86
2018-05-22 10:00:00,155,84,71
2018-05-22 11:00:00,222,105,117
2018-05-22 12:00:00,384,202,182
2018-05-22 13:00:00,262,118,144
2018-05-22 14:00:00,178,96,82
2018-05-22 15:00:00,195,99,96
2018-05-22 16:00:00,252,129,123
2018-05-22 17:00:00,312,186,126
2018-05-22 18:00:00,342,206,136
2018-05-22 19:00:00,318,165,153
2018-05-22 20:00:00,258,109,149
2018-05-22 21:00:00,105,37,68
2018-05-22 22:00:00,11,3,8
2018-05-22 23:00:00,7,4,3
2018-05-23 00:00:00,6,4,2
2018-05-23 01:00:00,5,2,3
2018-05-23 02:00:00,1,0,1
2018-05-23 03:00:00,1,1,0
2018-05-23 04:00:00,4,3,1
2018-05-23 05:00:00,42,24,18
2018-05-23 06:00:00,176,95,81
2018-05-23 07:00:00,209,97,112
2018-05-23 08:00:00,222,100,122
2018-05-23 09:00:00,136,63,73
2018-05-23 10:00:00,133,57,76
2018-05-23 11:00:00,231,124,107
2018-05-23 12:00:00,389,206,183
2018-05-23 13:00:00,239,103,136
2018-05-23 14:00:00,194,89,105
2018-05-23 15:00:00,161,73,88
2018-05-23 16:00:00,236,122,114
2018-05-23 17:00:00,276,143,133
2018-05-23 18:00:00,285,158,127
2018-05-23 19:00:00,305,164,141
2018-05-23 20:00:00,268,131,137
2018-05-23 21:00:00,122,42,80
2018-05-23 22:00:00,16,6,10
2018-05-23 23:00:00,11,9,2
2018-05-24 00:00:00,6,1,5
2018-05-24 01:00:00,2,1,1
2018-05-24 02:00:00,25,16,9
2018-05-24 03:00:00,0,0,0
2018-05-24 04:00:00,3,1,2
2018-05-24 05:00:00,34,19,15
2018-05-24 06:00:00,140,75,65
2018-05-24 07:00:00,150,57,93
2018-05-24 08:00:00,126,57,69
2018-05-24 09:00:00,94,47,47
2018-05-24 10:00:00,82,35,47
2018-05-24 11:00:00,114,58,56
2018-05-24 12:00:00,245,128,117
2018-05-24 13:00:00,205,98,107
2018-05-24 14:00:00,154,71,83
2018-05-24 15:00:00,159,64,95
2018-05-24 16:00:00,182,101,81
2018-05-24 17:00:00,216,112,104
2018-05-24 18:00:00,306,161,145
2018-05-24 19:00:00,261,129,132
2018-05-24 20:00:00,247,103,144
2018-05-24 21:00:00,126,48,78
2018-05-24 22:00:00,17,10,7
2018-05-24 23:00:00,8,2,6
2018-05-25 00:00:00,5,3,2
2018-05-25 01:00:00,1,0,1
2018-05-25 02:00:00,0,0,0
2018-05-25 03:00:00,1,0,1
2018-05-25 04:00:00,1,0,1
2018-05-25 05:00:00,32,16,16
2018-05-25 06:00:00,100,52,48
2018-05-25 07:00:00,152,78,74
2018-05-25 08:00:00,147,60,87
2018-05-25 09:00:00,98,48,50
2018-05-25 10:00:00,102,48,54
2018-05-25 11:00:00,110,55,55
2018-05-25 12:00:00,215,114,101
2018-05-25 13:00:00,160,70,90
2018-05-25 14:00:00,158,84,74
2018-05-25 15:00:00,168,85,83
2018-05-25 16:00:00,196,91,105
2018-05-25 17:00:00,169,99,70
2018-05-25 18:00:00,150,60,90
2018-05-25 19:00:00,131,64,67
2018-05-25 20:00:00,98,45,53
2018-05-25 21:00:00,37,12,25
2018-05-25 22:00:00,15,9,6
2018-05-25 23:00:00,7,1,6
2018-05-26 00:00:00,0,0,0
2018-05-26 01:00:00,3,2,1
2018-05-26 02:00:00,3,2,1
2018-05-26 03:00:00,0,0,0
2018-05-26 04:00:00,4,2,2
2018-05-26 05:00:00,8,4,4
2018-05-26 06:00:00,46,27,19
2018-05-26 07:00:00,97,50,47
2018-05-26 08:00:00,130,67,63
2018-05-26 09:00:00,219,111,108
2018-05-26 10:00:00,240,129,111
2018-05-26 11:00:00,232,96,136
2018-05-26 12:00:00,187,98,89
2018-05-26 13:00:00,201,103,98
2018-05-26 14:00:00,213,92,121
2018-05-26 15:00:00,243,115,128
2018-05-26 16:00:00,197,89,108
2018-05-26 17:00:00,185,86,99
2018-05-26 18:00:00,127,53,74
2018-05-26 19:00:00,114,56,58
2018-05-26 20:00:00,139,61,78
2018-05-26 21:00:00,64,22,42
2018-05-26 22:00:00,11,6,5
2018-05-26 23:00:00,19,12,7
2018-05-27 00:00:00,8,3,5
2018-05-27 01:00:00,1,0,1
2018-05-27 02:00:00,2,2,0
2018-05-27 03:00:00,1,1,0
2018-05-27 04:00:00,1,0,1
2018-05-27 05:00:00,11,6,5
2018-05-27 06:00:00,41,23,18
2018-05-27 07:00:00,102,59,43
2018-05-27 08:00:00,148,82,66
2018-05-27 09:00:00,197,88,109
2018-05-27 10:00:00,252,112,140
2018-05-27 11:00:00,287,156,131
2018-05-27 12:00:00,240,113,127
2018-05-27 13:00:00,294,140,154
2018-05-27 14:00:00,315,143,172
2018-05-27 15:00:00,328,161,167
2018-05-27 16:00:00,332,157,175
2018-05-27 17:00:00,332,152,180
2018-05-27 18:00:00,243,105,138
2018-05-27 19:00:00,203,103,100
2018-05-27 20:00:00,239,106,133
2018-05-27 21:00:00,93,33,60
2018-05-27 22:00:00,20,6,14
2018-05-27 23:00:00,6,4,2
2018-05-28 00:00:00,7,3,4
2018-05-28 01:00:00,0,0,0
2018-05-28 02:00:00,7,5,2
2018-05-28 03:00:00,1,1,0
2018-05-28 04:00:00,1,1,0
2018-05-28 05:00:00,17,11,6
2018-05-28 06:00:00,43,23,20
2018-05-28 07:00:00,92,53,39
2018-05-28 08:00:00,122,60,62
2018-05-28 09:00:00,191,112,79
2018-05-28 10:00:00,221,97,124
2018-05-28 11:00:00,227,105,122
2018-05-28 12:00:00,224,98,126
2018-05-28 13:00:00,256,126,130
2018-05-28 14:00:00,357,181,176
2018-05-28 15:00:00,331,163,168
2018-05-28 16:00:00,343,175,168
2018-05-28 17:00:00,267,118,149
2018-05-28 18:00:00,209,114,95
2018-05-28 19:00:00,181,69,112
2018-05-28 20:00:00,101,33,68
2018-05-28 21:00:00,50,24,26
2018-05-28 22:00:00,14,4,10
2018-05-28 23:00:00,2,1,1
2018-05-29 00:00:00,7,6,1
2018-05-29 01:00:00,1,0,1
2018-05-29 02:00:00,0,0,0
2018-05-29 03:00:00,3,2,1
2018-05-29 04:00:00,0,0,0
2018-05-29 05:00:00,21,12,9
2018-05-29 06:00:00,123,73,50
2018-05-29 07:00:00,120,55,65
2018-05-29 08:00:00,79,34,45
2018-05-29 09:00:00,85,39,46
2018-05-29 10:00:00,65,29,36
2018-05-29 11:00:00,123,70,53
2018-05-29 12:00:00,340,172,168
2018-05-29 13:00:00,171,76,95
2018-05-29 14:00:00,122,51,71
2018-05-29 15:00:00,115,58,57
2018-05-29 16:00:00,179,88,91
2018-05-29 17:00:00,198,107,91
2018-05-29 18:00:00,180,98,82
2018-05-29 19:00:00,176,80,96
2018-05-29 20:00:00,122,57,65
2018-05-29 21:00:00,29,12,17
2018-05-29 22:00:00,8,4,4
2018-05-29 23:00:00,1,0,1
2018-05-30 00:00:00,2,2,0
2018-05-30 01:00:00,2,1,1
2018-05-30 02:00:00,1,1,0
2018-05-30 03:00:00,4,2,2
2018-05-30 04:00:00,1,1,0
2018-05-30 05:00:00,33,18,15
2018-05-30 06:00:00,157,81,76
2018-05-30 07:00:00,154,68,86
2018-05-30 08:00:00,109,48,61
2018-05-30 09:00:00,86,45,41
2018-05-30 10:00:00,93,46,47
2018-05-30 11:00:00,163,86,77
2018-05-30 12:00:00,282,148,134
2018-05-30 13:00:00,200,82,118
2018-05-30 14:00:00,154,66,88
2018-05-30 15:00:00,159,76,83
2018-05-30 16:00:00,169,80,89
2018-05-30 17:00:00,251,148,103
2018-05-30 18:00:00,273,141,132
2018-05-30 19:00:00,306,160,146
2018-05-30 20:00:00,211,93,118
2018-05-30 21:00:00,57,21,36
2018-05-30 22:00:00,14,2,12
2018-05-30 23:00:00,6,2,4
2018-05-31 00:00:00,5,4,1
2018-05-31 01:00:00,8,5,3
2018-05-31 02:00:00,3,1,2
2018-05-31 03:00:00,4,2,2
2018-05-31 04:00:00,2,1,1
2018-05-31 05:00:00,51,36,15
2018-05-31 06:00:00,140,75,65
2018-05-31 07:00:00,148,66,82
2018-05-31 08:00:00,99,44,55
2018-05-31 09:00:00,108,53,55
2018-05-31 10:00:00,72,35,37
2018-05-31 11:00:00,120,66,54
2018-05-31 12:00:00,247,121,126
2018-05-31 13:00:00,172,73,99
2018-05-31 14:00:00,99,54,45
2018-05-31 15:00:00,147,85,62
2018-05-31 16:00:00,174,80,94
2018-05-31 17:00:00,165,93,72
2018-05-31 18:00:00,142,76,66
2018-05-31 19:00:00,143,69,74
2018-05-31 20:00:00,123,58,65
2018-05-31 21:00:00,47,11,36
2018-05-31 22:00:00,9,2,7
2018-05-31 23:00:00,8,5,3
2018-06-01 00:00:00,3,2,1
2018-06-01 01:00:00,3,2,1
2018-06-01 02:00:00,5,2,3
2018-06-01 03:00:00,0,0,0
2018-06-01 04:00:00,0,0,0
2018-06-01 05:00:00,34,23,11
2018-06-01 06:00:00,86,46,40
2018-06-01 07:00:00,158,73,85
2018-06-01 08:00:00,119,52,67
2018-06-01 09:00:00,97,41,56
2018-06-01 10:00:00,87,40,47
2018-06-01 11:00:00,108,45,63
2018-06-01 12:00:00,250,125,125
2018-06-01 13:00:00,178,92,86
2018-06-01 14:00:00,125,58,67
2018-06-01 15:00:00,154,76,78
2018-06-01 16:00:00,179,89,90
2018-06-01 17:00:00,228,114,114
2018-06-01 18:00:00,209,109,100
2018-06-01 19:00:00,175,78,97
2018-06-01 20:00:00,164,74,90
2018-06-01 21:00:00,74,20,54
2018-06-01 22:00:00,23,12,11
2018-06-01 23:00:00,7,2,5
2018-06-02 00:00:00,4,2,2
2018-06-02 01:00:00,6,2,4
2018-06-02 02:00:00,3,1,2
2018-06-02 03:00:00,2,2,0
2018-06-02 04:00:00,1,1,0
2018-06-02 05:00:00,11,6,5
2018-06-02 06:00:00,79,48,31
2018-06-02 07:00:00,109,59,50
2018-06-02 08:00:00,171,87,84
2018-06-02 09:00:00,226,108,118
2018-06-02 10:00:00,296,155,141
2018-06-02 11:00:00,289,124,165
2018-06-02 12:00:00,254,123,131
2018-06-02 13:00:00,256,126,130
2018-06-02 14:00:00,272,123,149
2018-06-02 15:00:00,274,125,149
2018-06-02 16:00:00,314,147,167
2018-06-02 17:00:00,262,124,138
2018-06-02 18:00:00,237,125,112
2018-06-02 19:00:00,246,123,123
2018-06-02 20:00:00,229,106,123
2018-06-02 21:00:00,102,30,72
2018-06-02 22:00:00,27,9,18
2018-06-02 23:00:00,11,5,6
2018-06-03 00:00:00,3,1,2
2018-06-03 01:00:00,0,0,0
2018-06-03 02:00:00,4,3,1
2018-06-03 03:00:00,3,2,1
2018-06-03 04:00:00,2,0,2
2018-06-03 05:00:00,20,12,8
2018-06-03 06:00:00,61,30,31
2018-06-03 07:00:00,110,56,54
2018-06-03 08:00:00,122,64,58
2018-06-03 09:00:00,228,121,107
2018-06-03 10:00:00,251,116,135
2018-06-03 11:00:00,226,109,117
2018-06-03 12:00:00,199,88,111
2018-06-03 13:00:00,171,64,107
2018-06-03 14:00:00,112,57,55
2018-06-03 15:00:00,88,41,47
2018-06-03 16:00:00,71,35,36
2018-06-03 17:00:00,70,32,38
2018-06-03 18:00:00,84,46,38
2018-06-03 19:00:00,133,64,69
2018-06-03 20:00:00,105,43,62
2018-06-03 21:00:00,49,20,29
2018-06-03 22:00:00,5,1,4
2018-06-03 23:00:00,2,1,1
2018-06-04 00:00:00,1,1,0
2018-06-04 01:00:00,1,1,0
2018-06-04 02:00:00,2,1,1
2018-06-04 03:00:00,3,2,1
2018-06-04 04:00:00,3,2,1
2018-06-04 05:00:00,36,21,15
2018-06-04 06:00:00,122,66,56
2018-06-04 07:00:00,155,76,79
2018-06-04 08:00:00,77,30,47
2018-06-04 09:00:00,51,26,25
2018-06-04 10:00:00,73,35,38
2018-06-04 11:00:00,100,53,47
2018-06-04 12:00:00,248,137,111
2018-06-04 13:00:00,199,92,107
2018-06-04 14:00:00,141,75,66
2018-06-04 15:00:00,186,90,96
2018-06-04 16:00:00,216,105,111
2018-06-04 17:00:00,232,126,106
2018-06-04 18:00:00,316,187,129
2018-06-04 19:00:00,286,121,165
2018-06-04 20:00:00,198,95,103
2018-06-04 21:00:00,75,24,51
2018-06-04 22:00:00,10,4,6
2018-06-04 23:00:00,5,3,2
2018-06-05 00:00:00,1,1,0
2018-06-05 01:00:00,1,0,1
2018-06-05 02:00:00,6,3,3
2018-06-05 03:00:00,2,1,1
2018-06-05 04:00:00,2,1,1
2018-06-05 05:00:00,49,31,18
2018-06-05 06:00:00,180,93,87
2018-06-05 07:00:00,179,80,99
2018-06-05 08:00:00,128,56,72
2018-06-05 09:00:00,144,74,70
2018-06-05 10:00:00,110,56,54
2018-06-05 11:00:00,153,69,84
2018-06-05 12:00:00,335,172,163
2018-06-05 13:00:00,195,86,109
2018-06-05 14:00:00,131,64,67
2018-06-05 15:00:00,144,71,73
2018-06-05 16:00:00,188,88,100
2018-06-05 17:00:00,254,139,115
2018-06-05 18:00:00,316,167,149
2018-06-05 19:00:00,285,130,155
2018-06-05 20:00:00,220,100,120
2018-06-05 21:00:00,77,25,52
2018-06-05 22:00:00,14,6,8
2018-06-05 23:00:00,1,1,0
2018-06-06 00:00:00,2,1,1
2018-06-06 01:00:00,4,3,1
2018-06-06 02:00:00,0,0,0
2018-06-06 03:00:00,1,1,0
2018-06-06 04:00:00,6,3,3
2018-06-06 05:00:00,54,38,16
2018-06-06 06:00:00,195,106,89
2018-06-06 07:00:00,185,77,108
2018-06-06 08:00:00,127,68,59
2018-06-06 09:00:00,118,49,69
2018-06-06 10:00:00,101,45,56
2018-06-06 11:00:00,177,89,88
2018-06-06 12:00:00,398,220,178
2018-06-06 13:00:00,236,99,137
2018-06-06 14:00:00,189,93,96
2018-06-06 15:00:00,199,93,106
2018-06-06 16:00:00,229,110,119
2018-06-06 17:00:00,244,130,114
2018-06-06 18:00:00,285,155,130
2018-06-06 19:00:00,304,155,149
2018-06-06 20:00:00,213,88,125
2018-06-06 21:00:00,85,34,51
2018-06-06 22:00:00,9,6,3
2018-06-06 23:00:00,8,6,2
2018-06-07 00:00:00,5,2,3
2018-06-07 01:00:00,1,0,1
2018-06-07 02:00:00,5,2,3
2018-06-07 03:00:00,0,0,0
2018-06-07 04:00:00,6,3,3
2018-06-07 05:00:00,51,32,19
2018-06-07 06:00:00,151,83,68
2018-06-07 07:00:00,156,70,86
2018-06-07 08:00:00,101,48,53
2018-06-07 09:00:00,92,45,47
2018-06-07 10:00:00,77,44,33
2018-06-07 11:00:00,126,63,63
2018-06-07 12:00:00,267,141,126
2018-06-07 13:00:00,159,56,103
2018-06-07 14:00:00,123,61,62
2018-06-07 15:00:00,183,96,87
2018-06-07 16:00:00,178,75,103
2018-06-07 17:00:00,225,114,111
2018-06-07 18:00:00,227,125,102
2018-06-07 19:00:00,217,113,104
2018-06-07 20:00:00,175,76,99
2018-06-07 21:00:00,60,24,36
2018-06-07 22:00:00,8,3,5
2018-06-07 23:00:00,7,4,3
2018-06-08 00:00:00,3,0,3
2018-06-08 01:00:00,0,0,0
2018-06-08 02:00:00,2,0,2
2018-06-08 03:00:00,0,0,0
2018-06-08 04:00:00,1,0,1
2018-06-08 05:00:00,33,20,13
2018-06-08 06:00:00,114,63,51
2018-06-08 07:00:00,154,73,81
2018-06-08 08:00:00,127,52,75
2018-06-08 09:00:00,98,38,60
2018-06-08 10:00:00,79,36,43
2018-06-08 11:00:00,96,39,57
2018-06-08 12:00:00,134,67,67
2018-06-08 13:00:00,76,34,42
2018-06-08 14:00:00,53,23,30
2018-06-08 15:00:00,53,21,32
2018-06-08 16:00:00,63,26,37
2018-06-08 17:00:00,59,30,29
2018-06-08 18:00:00,58,32,26
2018-06-08 19:00:00,37,16,21
2018-06-08 20:00:00,35,19,16
2018-06-08 21:00:00,26,10,16
2018-06-08 22:00:00,7,3,4
2018-06-08 23:00:00,4,2,2
2018-06-09 00:00:00,2,1,1
2018-06-09 01:00:00,0,0,0
2018-06-09 02:00:00,3,2,1
2018-06-09 03:00:00,0,0,0
2018-06-09 04:00:00,0,0,0
2018-06-09 05:00:00,15,8,7
2018-06-09 06:00:00,42,22,20
2018-06-09 07:00:00,120,62,58
2018-06-09 08:00:00,116,59,57
2018-06-09 09:00:00,212,112,100
2018-06-09 10:00:00,188,86,102
2018-06-09 11:00:00,219,102,117
2018-06-09 12:00:00,254,125,129
2018-06-09 13:00:00,249,106,143
2018-06-09 14:00:00,233,110,123
2018-06-09 15:00:00,151,65,86
2018-06-09 16:00:00,114,49,65
2018-06-09 17:00:00,157,71,86
2018-06-09 18:00:00,130,51,79
2018-06-09 19:00:00,43,23,20
2018-06-09 20:00:00,27,10,17
2018-06-09 21:00:00,22,8,14
2018-06-09 22:00:00,14,8,6
2018-06-09 23:00:00,7,5,2
2018-06-10 00:00:00,4,3,1
2018-06-10 01:00:00,5,1,4
2018-06-10 02:00:00,5,3,2
2018-06-10 03:00:00,0,0,0
2018-06-10 04:00:00,0,0,0
2018-06-10 05:00:00,7,4,3
2018-06-10 06:00:00,44,23,21
2018-06-10 07:00:00,92,48,44
2018-06-10 08:00:00,146,78,68
2018-06-10 09:00:00,196,100,96
2018-06-10 10:00:00,226,90,136
2018-06-10 11:00:00,69,28,41
2018-06-10 12:00:00,161,88,73
2018-06-10 13:00:00,226,107,119
2018-06-10 14:00:00,111,40,71
2018-06-10 15:00:00,182,97,85
2018-06-10 16:00:00,315,165,150
2018-06-10 17:00:00,105,47,58
2018-06-10 18:00:00,55,21,34
2018-06-10 19:00:00,24,9,15
2018-06-10 20:00:00,39,20,19
2018-06-10 21:00:00,25,11,14
2018-06-10 22:00:00,12,5,7
2018-06-10 23:00:00,5,4,1
2018-06-11 00:00:00,6,1,5
2018-06-11 01:00:00,2,0,2
2018-06-11 02:00:00,4,2,2
2018-06-11 03:00:00,0,0,0
2018-06-11 04:00:00,1,0,1
2018-06-11 05:00:00,20,12,8
2018-06-11 06:00:00,116,61,55
2018-06-11 07:00:00,135,68,67
2018-06-11 08:00:00,110,46,64
2018-06-11 09:00:00,80,41,39
2018-06-11 10:00:00,120,54,66
2018-06-11 11:00:00,154,75,79
2018-06-11 12:00:00,338,182,156
2018-06-11 13:00:00,276,140,136
2018-06-11 14:00:00,152,69,83
2018-06-11 15:00:00,185,84,101
2018-06-11 16:00:00,225,125,100
2018-06-11 17:00:00,351,208,143
2018-06-11 18:00:00,358,187,171
2018-06-11 19:00:00,334,153,181
2018-06-11 20:00:00,234,106,128
2018-06-11 21:00:00,119,42,77
2018-06-11 22:00:00,15,7,8
2018-06-11 23:00:00,6,3,3
2018-06-12 00:00:00,3,2,1
2018-06-12 01:00:00,6,2,4
2018-06-12 02:00:00,3,1,2
2018-06-12 03:00:00,2,2,0
2018-06-12 04:00:00,3,2,1
2018-06-12 05:00:00,63,39,24
2018-06-12 06:00:00,198,104,94
2018-06-12 07:00:00,219,98,121
2018-06-12 08:00:00,132,55,77
2018-06-12 09:00:00,112,45,67
2018-06-12 10:00:00,120,56,64
2018-06-12 11:00:00,196,109,87
2018-06-12 12:00:00,323,164,159
2018-06-12 13:00:00,175,80,95
2018-06-12 14:00:00,95,46,49
2018-06-12 15:00:00,114,55,59
2018-06-12 16:00:00,148,74,74
2018-06-12 17:00:00,204,104,100
2018-06-12 18:00:00,230,133,97
2018-06-12 19:00:00,201,101,100
2018-06-12 20:00:00,129,53,76
2018-06-12 21:00:00,57,23,34
2018-06-12 22:00:00,12,4,8
2018-06-12 23:00:00,5,4,1
2018-06-13 00:00:00,2,2,0
2018-06-13 01:00:00,2,0,2
2018-06-13 02:00:00,0,0,0
2018-06-13 03:00:00,3,3,0
2018-06-13 04:00:00,1,1,0
2018-06-13 05:00:00,26,14,12
2018-06-13 06:00:00,54,29,25
2018-06-13 07:00:00,63,26,37
2018-06-13 08:00:00,85,49,36
2018-06-13 09:00:00,92,37,55
2018-06-13 10:00:00,74,33,41
2018-06-13 11:00:00,112,54,58
2018-06-13 12:00:00,223,115,108
2018-06-13 13:00:00,177,74,103
2018-06-13 14:00:00,103,50,53
2018-06-13 15:00:00,100,53,47
2018-06-13 16:00:00,128,50,78
2018-06-13 17:00:00,125,72,53
2018-06-13 18:00:00,103,54,49
2018-06-13 19:00:00,95,47,48
2018-06-13 20:00:00,87,36,51
2018-06-13 21:00:00,34,19,15
2018-06-13 22:00:00,8,3,5
2018-06-13 23:00:00,1,0,1
2018-06-14 00:00:00,0,0,0
2018-06-14 01:00:00,1,1,0
2018-06-14 02:00:00,1,0,1
2018-06-14 03:00:00,0,0,0
2018-06-14 04:00:00,1,0,1
2018-06-14 05:00:00,31,22,9
2018-06-14 06:00:00,153,83,70
2018-06-14 07:00:00,176,88,88
2018-06-14 08:00:00,130,50,80
2018-06-14 09:00:00,91,48,43
2018-06-14 10:00:00,90,44,46
2018-06-14 11:00:00,164,76,88
2018-06-14 12:00:00,241,126,115
2018-06-14 13:00:00,177,81,96
2018-06-14 14:00:00,144,74,70
2018-06-14 15:00:00,144,71,73
2018-06-14 16:00:00,172,90,82
2018-06-14 17:00:00,258,141,117
2018-06-14 18:00:00,202,101,101
2018-06-14 19:00:00,191,86,105
2018-06-14 20:00:00,162,75,87
2018-06-14 21:00:00,70,21,49
2018-06-14 22:00:00,17,5,12
2018-06-14 23:00:00,5,3,2
2018-06-15 00:00:00,1,1,0
2018-06-15 01:00:00,4,3,1
2018-06-15 02:00:00,1,0,1
2018-06-15 03:00:00,0,0,0
2018-06-15 04:00:00,4,3,1
2018-06-15 05:00:00,35,23,12
2018-06-15 06:00:00,131,69,62
2018-06-15 07:00:00,156,80,76
2018-06-15 08:00:00,193,92,101
2018-06-15 09:00:00,127,45,82
2018-06-15 10:00:00,134,75,59
2018-06-15 11:00:00,188,84,104
2018-06-15 12:00:00,283,139,144
2018-06-15 13:00:00,257,118,139
2018-06-15 14:00:00,215,107,108
2018-06-15 15:00:00,201,92,109
2018-06-15 16:00:00,247,129,118
2018-06-15 17:00:00,272,153,119
2018-06-15 18:00:00,243,149,94
2018-06-15 19:00:00,277,138,139
2018-06-15 20:00:00,189,81,108
2018-06-15 21:00:00,82,25,57
2018-06-15 22:00:00,23,10,13
2018-06-15 23:00:00,6,4,2
2018-06-16 00:00:00,2,2,0
2018-06-16 01:00:00,6,3,3
2018-06-16 02:00:00,2,1,1
2018-06-16 03:00:00,3,0,3
2018-06-16 04:00:00,4,2,2
2018-06-16 05:00:00,19,10,9
2018-06-16 06:00:00,68,45,23
2018-06-16 07:00:00,130,61,69
2018-06-16 08:00:00,156,79,77
2018-06-16 09:00:00,179,86,93
2018-06-16 10:00:00,209,100,109
2018-06-16 11:00:00,222,99,123
2018-06-16 12:00:00,239,122,117
2018-06-16 13:00:00,219,91,128
2018-06-16 14:00:00,267,129,138
2018-06-16 15:00:00,274,120,154
2018-06-16 16:00:00,272,131,141
2018-06-16 17:00:00,276,133,143
2018-06-16 18:00:00,239,102,137
2018-06-16 19:00:00,210,93,117
2018-06-16 20:00:00,176,77,99
2018-06-16 21:00:00,123,42,81
2018-06-16 22:00:00,44,27,17
2018-06-16 23:00:00,12,4,8
2018-06-17 00:00:00,5,1,4
2018-06-17 01:00:00,2,2,0
2018-06-17 02:00:00,2,1,1
2018-06-17 03:00:00,2,1,1
2018-06-17 04:00:00,3,2,1
2018-06-17 05:00:00,15,9,6
2018-06-17 06:00:00,57,30,27
2018-06-17 07:00:00,147,81,66
2018-06-17 08:00:00,157,76,81
2018-06-17 09:00:00,235,128,107
2018-06-17 10:00:00,339,151,188
2018-06-17 11:00:00,275,135,140
2018-06-17 12:00:00,273,139,134
2018-06-17 13:00:00,260,104,156
2018-06-17 14:00:00,274,133,141
2018-06-17 15:00:00,293,143,150
2018-06-17 16:00:00,317,148,169
2018-06-17 17:00:00,282,144,138
2018-06-17 18:00:00,193,78,115
2018-06-17 19:00:00,230,116,114
2018-06-17 20:00:00,209,95,114
2018-06-17 21:00:00,138,48,90
2018-06-17 22:00:00,31,14,17
2018-06-17 23:00:00,7,3,4
2018-06-18 00:00:00,8,4,4
2018-06-18 01:00:00,0,0,0
2018-06-18 02:00:00,2,1,1
2018-06-18 03:00:00,2,0,2
2018-06-18 04:00:00,5,2,3
2018-06-18 05:00:00,55,35,20
2018-06-18 06:00:00,125,70,55
2018-06-18 07:00:00,178,91,87
2018-06-18 08:00:00,178,72,106
2018-06-18 09:00:00,139,62,77
2018-06-18 10:00:00,144,67,77
2018-06-18 11:00:00,202,107,95
2018-06-18 12:00:00,376,201,175
2018-06-18 13:00:00,266,137,129
2018-06-18 14:00:00,165,78,87
2018-06-18 15:00:00,144,61,83
2018-06-18 16:00:00,159,90,69
2018-06-18 17:00:00,262,155,107
2018-06-18 18:00:00,303,152,151
2018-06-18 19:00:00,311,175,136
2018-06-18 20:00:00,269,124,145
2018-06-18 21:00:00,178,61,117
2018-06-18 22:00:00,36,14,22
2018-06-18 23:00:00,6,2,4
2018-06-19 00:00:00,4,2,2
2018-06-19 01:00:00,3,3,0
2018-06-19 02:00:00,1,0,1
2018-06-19 03:00:00,3,2,1
2018-06-19 04:00:00,4,2,2
2018-06-19 05:00:00,63,38,25
2018-06-19 06:00:00,196,108,88
2018-06-19 07:00:00,225,111,114
2018-06-19 08:00:00,184,80,104
2018-06-19 09:00:00,149,73,76
2018-06-19 10:00:00,161,91,70
2018-06-19 11:00:00,204,112,92
2018-06-19 12:00:00,336,161,175
2018-06-19 13:00:00,250,119,131
2018-06-19 14:00:00,196,97,99
2018-06-19 15:00:00,163,76,87
2018-06-19 16:00:00,224,123,101
2018-06-19 17:00:00,268,143,125
2018-06-19 18:00:00,295,180,115
2018-06-19 19:00:00,297,135,162
2018-06-19 20:00:00,289,146,143
2018-06-19 21:00:00,160,48,112
2018-06-19 22:00:00,35,14,21
2018-06-19 23:00:00,11,5,6
2018-06-20 00:00:00,8,2,6
2018-06-20 01:00:00,4,1,3
2018-06-20 02:00:00,2,1,1
2018-06-20 03:00:00,0,0,0
2018-06-20 04:00:00,7,4,3
2018-06-20 05:00:00,62,39,23
2018-06-20 06:00:00,242,120,122
2018-06-20 07:00:00,206,95,111
2018-06-20 08:00:00,165,73,92
2018-06-20 09:00:00,174,90,84
2018-06-20 10:00:00,180,83,97
2018-06-20 11:00:00,220,96,124
2018-06-20 12:00:00,324,175,149
2018-06-20 13:00:00,214,107,107
2018-06-20 14:00:00,144,63,81
2018-06-20 15:00:00,105,43,62
2018-06-20 16:00:00,155,83,72
2018-06-20 17:00:00,236,128,108
2018-06-20 18:00:00,268,142,126
2018-06-20 19:00:00,254,134,120
2018-06-20 20:00:00,193,76,117
2018-06-20 21:00:00,185,77,108
2018-06-20 22:00:00,45,19,26
2018-06-20 23:00:00,11,6,5
2018-06-21 00:00:00,1,0,1
2018-06-21 01:00:00,3,2,1
2018-06-21 02:00:00,1,1,0
2018-06-21 03:00:00,5,2,3
2018-06-21 04:00:00,1,0,1
2018-06-21 05:00:00,38,21,17
2018-06-21 06:00:00,181,95,86
2018-06-21 07:00:00,172,81,91
2018-06-21 08:00:00,125,44,81
2018-06-21 09:00:00,108,57,51
2018-06-21 10:00:00,102,49,53
2018-06-21 11:00:00,155,75,80
2018-06-21 12:00:00,243,118,125
2018-06-21 13:00:00,152,71,81
2018-06-21 14:00:00,121,70,51
2018-06-21 15:00:00,133,76,57
2018-06-21 16:00:00,179,84,95
2018-06-21 17:00:00,231,128,103
2018-06-21 18:00:00,258,136,122
2018-06-21 19:00:00,239,129,110
2018-06-21 20:00:00,241,122,119
2018-06-21 21:00:00,167,62,105
2018-06-21 22:00:00,27,11,16
2018-06-21 23:00:00,8,1,7
2018-06-22 00:00:00,6,2,4
2018-06-22 01:00:00,1,0,1
2018-06-22 02:00:00,4,4,0
2018-06-22 03:00:00,0,0,0
2018-06-22 04:00:00,2,1,1
2018-06-22 05:00:00,43,23,20
2018-06-22 06:00:00,131,69,62
2018-06-22 07:00:00,165,85,80
2018-06-22 08:00:00,151,45,106
2018-06-22 09:00:00,109,52,57
2018-06-22 10:00:00,88,43,45
2018-06-22 11:00:00,118,55,63
2018-06-22 12:00:00,197,94,103
2018-06-22 13:00:00,171,82,89
2018-06-22 14:00:00,164,77,87
2018-06-22 15:00:00,115,60,55
2018-06-22 16:00:00,156,77,79
2018-06-22 17:00:00,164,87,77
2018-06-22 18:00:00,182,88,94
2018-06-22 19:00:00,148,77,71
2018-06-22 20:00:00,122,41,81
2018-06-22 21:00:00,44,18,26
2018-06-22 22:00:00,4,2,2
2018-06-22 23:00:00,3,1,2
2018-06-23 00:00:00,2,1,1
2018-06-23 01:00:00,2,1,1
2018-06-23 02:00:00,2,2,0
2018-06-23 03:00:00,0,0,0
2018-06-23 04:00:00,1,1,0
2018-06-23 05:00:00,10,7,3
2018-06-23 06:00:00,52,30,22
2018-06-23 07:00:00,112,59,53
2018-06-23 08:00:00,149,77,72
2018-06-23 09:00:00,189,89,100
2018-06-23 10:00:00,195,104,91
2018-06-23 11:00:00,199,95,104
2018-06-23 12:00:00,159,73,86
2018-06-23 13:00:00,225,103,122
2018-06-23 14:00:00,246,113,133
2018-06-23 15:00:00,262,128,134
2018-06-23 16:00:00,286,132,154
2018-06-23 17:00:00,271,138,133
2018-06-23 18:00:00,262,119,143
2018-06-23 19:00:00,183,73,110
2018-06-23 20:00:00,185,81,104
2018-06-23 21:00:00,117,44,73
2018-06-23 22:00:00,37,12,25
2018-06-23 23:00:00,15,9,6
2018-06-24 00:00:00,4,3,1
2018-06-24 01:00:00,1,0,1
2018-06-24 02:00:00,5,4,1
2018-06-24 03:00:00,2,1,1
2018-06-24 04:00:00,3,1,2
2018-06-24 05:00:00,19,13,6
2018-06-24 06:00:00,59,28,31
2018-06-24 07:00:00,116,63,53
2018-06-24 08:00:00,128,58,70
2018-06-24 09:00:00,180,91,89
2018-06-24 10:00:00,226,113,113
2018-06-24 11:00:00,197,87,110
2018-06-24 12:00:00,172,83,89
2018-06-24 13:00:00,249,121,128
2018-06-24 14:00:00,194,87,107
2018-06-24 15:00:00,274,140,134
2018-06-24 16:00:00,340,177,163
2018-06-24 17:00:00,297,141,156
2018-06-24 18:00:00,267,104,163
2018-06-24 19:00:00,208,88,120
2018-06-24 20:00:00,145,65,80
2018-06-24 21:00:00,55,20,35
2018-06-24 22:00:00,9,3,6
2018-06-24 23:00:00,8,5,3
2018-06-25 00:00:00,2,0,2
2018-06-25 01:00:00,3,2,1
2018-06-25 02:00:00,4,3,1
2018-06-25 03:00:00,2,2,0
2018-06-25 04:00:00,3,1,2
2018-06-25 05:00:00,34,19,15
2018-06-25 06:00:00,107,62,45
2018-06-25 07:00:00,126,68,58
2018-06-25 08:00:00,125,55,70
2018-06-25 09:00:00,83,34,49
2018-06-25 10:00:00,115,59,56
2018-06-25 11:00:00,93,40,53
2018-06-25 12:00:00,215,118,97
2018-06-25 13:00:00,159,77,82
2018-06-25 14:00:00,144,69,75
2018-06-25 15:00:00,160,76,84
2018-06-25 16:00:00,211,98,113
2018-06-25 17:00:00,247,112,135
2018-06-25 18:00:00,288,164,124
2018-06-25 19:00:00,249,116,133
2018-06-25 20:00:00,156,67,89
2018-06-25 21:00:00,47,17,30
2018-06-25 22:00:00,19,8,11
2018-06-25 23:00:00,12,5,7
2018-06-26 00:00:00,2,2,0
2018-06-26 01:00:00,2,1,1
2018-06-26 02:00:00,0,0,0
2018-06-26 03:00:00,1,1,0
2018-06-26 04:00:00,3,2,1
2018-06-26 05:00:00,41,26,15
2018-06-26 06:00:00,159,88,71
2018-06-26 07:00:00,179,83,96
2018-06-26 08:00:00,126,61,65
2018-06-26 09:00:00,90,41,49
2018-06-26 10:00:00,116,62,54
2018-06-26 11:00:00,156,66,90
2018-06-26 12:00:00,279,138,141
2018-06-26 13:00:00,212,106,106
2018-06-26 14:00:00,157,79,78
2018-06-26 15:00:00,195,87,108
2018-06-26 16:00:00,206,90,116
2018-06-26 17:00:00,278,163,115
2018-06-26 18:00:00,328,164,164
2018-06-26 19:00:00,264,139,125
2018-06-26 20:00:00,233,99,134
2018-06-26 21:00:00,100,41,59
2018-06-26 22:00:00,25,6,19
2018-06-26 23:00:00,4,3,1
2018-06-27 00:00:00,4,3,1
2018-06-27 01:00:00,2,0,2
2018-06-27 02:00:00,1,1,0
2018-06-27 03:00:00,2,1,1
2018-06-27 04:00:00,3,0,3
2018-06-27 05:00:00,49,30,19
2018-06-27 06:00:00,193,99,94
2018-06-27 07:00:00,185,79,106
2018-06-27 08:00:00,124,50,74
2018-06-27 09:00:00,112,50,62
2018-06-27 10:00:00,122,62,60
2018-06-27 11:00:00,175,86,89
2018-06-27 12:00:00,300,142,158
2018-06-27 13:00:00,197,90,107
2018-06-27 14:00:00,125,63,62
2018-06-27 15:00:00,168,62,106
2018-06-27 16:00:00,165,71,94
2018-06-27 17:00:00,211,113,98
2018-06-27 18:00:00,234,113,121
2018-06-27 19:00:00,229,126,103
2018-06-27 20:00:00,144,61,83
2018-06-27 21:00:00,83,32,51
2018-06-27 22:00:00,30,14,16
2018-06-27 23:00:00,8,4,4
2018-06-28 00:00:00,3,1,2
2018-06-28 01:00:00,1,1,0
2018-06-28 02:00:00,2,1,1
2018-06-28 03:00:00,1,1,0
2018-06-28 04:00:00,3,1,2
2018-06-28 05:00:00,29,18,11
2018-06-28 06:00:00,163,97,66
2018-06-28 07:00:00,183,91,92
2018-06-28 08:00:00,108,52,56
2018-06-28 09:00:00,92,41,51
2018-06-28 10:00:00,116,54,62
2018-06-28 11:00:00,126,57,69
2018-06-28 12:00:00,215,94,121
2018-06-28 13:00:00,177,83,94
2018-06-28 14:00:00,116,43,73
2018-06-28 15:00:00,146,69,77
2018-06-28 16:00:00,173,92,81
2018-06-28 17:00:00,200,97,103
2018-06-28 18:00:00,182,97,85
2018-06-28 19:00:00,150,72,78
2018-06-28 20:00:00,108,43,65
2018-06-28 21:00:00,63,28,35
2018-06-28 22:00:00,16,5,11
2018-06-28 23:00:00,9,4,5
2018-06-29 00:00:00,8,5,3
2018-06-29 01:00:00,4,1,3
2018-06-29 02:00:00,4,2,2
2018-06-29 03:00:00,3,3,0
2018-06-29 04:00:00,4,3,1
2018-06-29 05:00:00,20,13,7
2018-06-29 06:00:00,110,60,50
2018-06-29 07:00:00,152,71,81
2018-06-29 08:00:00,129,59,70
2018-06-29 09:00:00,115,52,63
2018-06-29 10:00:00,145,66,79
2018-06-29 11:00:00,155,79,76
2018-06-29 12:00:00,213,100,113
2018-06-29 13:00:00,183,97,86
2018-06-29 14:00:00,126,64,62
2018-06-29 15:00:00,132,60,72
2018-06-29 16:00:00,182,95,87
2018-06-29 17:00:00,187,98,89
2018-06-29 18:00:00,161,90,71
2018-06-29 19:00:00,179,84,95
2018-06-29 20:00:00,129,41,88
2018-06-29 21:00:00,56,24,32
2018-06-29 22:00:00,27,11,16
2018-06-29 23:00:00,5,4,1
2018-06-30 00:00:00,7,4,3
2018-06-30 01:00:00,6,2,4
2018-06-30 02:00:00,3,2,1
2018-06-30 03:00:00,3,1,2
2018-06-30 04:00:00,2,1,1
2018-06-30 05:00:00,14,9,5
2018-06-30 06:00:00,142,78,64
2018-06-30 07:00:00,110,57,53
2018-06-30 08:00:00,131,66,65
2018-06-30 09:00:00,201,89,112
2018-06-30 10:00:00,223,99,124
2018-06-30 11:00:00,209,94,115
2018-06-30 12:00:00,139,55,84
2018-06-30 13:00:00,123,58,65
2018-06-30 14:00:00,148,56,92
2018-06-30 15:00:00,92,44,48
2018-06-30 16:00:00,113,59,54
2018-06-30 17:00:00,131,62,69
2018-06-30 18:00:00,117,51,66
2018-06-30 19:00:00,108,48,60
2018-06-30 20:00:00,92,36,56
2018-06-30 21:00:00,62,20,42
2018-06-30 22:00:00,26,11,15
2018-06-30 23:00:00,16,5,11
2018-07-01 00:00:00,6,4,2
2018-07-01 01:00:00,0,0,0
2018-07-01 02:00:00,10,4,6
2018-07-01 03:00:00,0,0,0
2018-07-01 04:00:00,2,1,1
2018-07-01 05:00:00,8,4,4
2018-07-01 06:00:00,42,25,17
2018-07-01 07:00:00,96,51,45
2018-07-01 08:00:00,136,69,67
2018-07-01 09:00:00,150,56,94
2018-07-01 10:00:00,165,90,75
2018-07-01 11:00:00,192,79,113
2018-07-01 12:00:00,156,77,79
2018-07-01 13:00:00,156,70,86
2018-07-01 14:00:00,261,135,126
2018-07-01 15:00:00,248,123,125
2018-07-01 16:00:00,219,101,118
2018-07-01 17:00:00,181,86,95
2018-07-01 18:00:00,188,79,109
2018-07-01 19:00:00,176,86,90
2018-07-01 20:00:00,162,69,93
2018-07-01 21:00:00,64,25,39
2018-07-01 22:00:00,13,7,6
2018-07-01 23:00:00,4,3,1
2018-07-02 00:00:00,2,1,1
2018-07-02 01:00:00,0,0,0
2018-07-02 02:00:00,1,1,0
2018-07-02 03:00:00,2,0,2
2018-07-02 04:00:00,5,2,3
2018-07-02 05:00:00,25,15,10
2018-07-02 06:00:00,111,63,48
2018-07-02 07:00:00,177,82,95
2018-07-02 08:00:00,147,65,82
2018-07-02 09:00:00,106,49,57
2018-07-02 10:00:00,121,53,68
2018-07-02 11:00:00,184,92,92
2018-07-02 12:00:00,309,162,147
2018-07-02 13:00:00,227,116,111
2018-07-02 14:00:00,165,75,90
2018-07-02 15:00:00,148,71,77
2018-07-02 16:00:00,208,102,106
2018-07-02 17:00:00,214,117,97
2018-07-02 18:00:00,275,145,130
2018-07-02 19:00:00,295,164,131
2018-07-02 20:00:00,263,106,157
2018-07-02 21:00:00,138,53,85
2018-07-02 22:00:00,19,8,11
2018-07-02 23:00:00,21,11,10
2018-07-03 00:00:00,5,2,3
2018-07-03 01:00:00,2,0,2
2018-07-03 02:00:00,0,0,0
2018-07-03 03:00:00,2,2,0
2018-07-03 04:00:00,2,1,1
2018-07-03 05:00:00,31,19,12
2018-07-03 06:00:00,138,72,66
2018-07-03 07:00:00,164,74,90
2018-07-03 08:00:00,144,67,77
2018-07-03 09:00:00,123,55,68
2018-07-03 10:00:00,178,89,89
2018-07-03 11:00:00,214,100,114
2018-07-03 12:00:00,288,143,145
2018-07-03 13:00:00,210,94,116
2018-07-03 14:00:00,198,91,107
2018-07-03 15:00:00,216,113,103
2018-07-03 16:00:00,261,139,122
2018-07-03 17:00:00,282,153,129
2018-07-03 18:00:00,276,150,126
2018-07-03 19:00:00,274,138,136
2018-07-03 20:00:00,234,105,129
2018-07-03 21:00:00,148,49,99
2018-07-03 22:00:00,43,20,23
2018-07-03 23:00:00,10,6,4
2018-07-04 00:00:00,13,9,4
2018-07-04 01:00:00,1,1,0
2018-07-04 02:00:00,0,0,0
2018-07-04 03:00:00,1,1,0
2018-07-04 04:00:00,3,1,2
2018-07-04 05:00:00,5,2,3
2018-07-04 06:00:00,64,43,21
2018-07-04 07:00:00,130,68,62
2018-07-04 08:00:00,215,109,106
2018-07-04 09:00:00,264,139,125
2018-07-04 10:00:00,299,129,170
2018-07-04 11:00:00,313,142,171
2018-07-04 12:00:00,288,154,134
2018-07-04 13:00:00,253,129,124
2018-07-04 14:00:00,232,131,101
2018-07-04 15:00:00,263,110,153
2018-07-04 16:00:00,246,131,115
2018-07-04 17:00:00,203,91,112
2018-07-04 18:00:00,183,86,97
2018-07-04 19:00:00,149,61,88
2018-07-04 20:00:00,106,61,45
2018-07-04 21:00:00,53,19,34
2018-07-04 22:00:00,35,13,22
2018-07-04 23:00:00,20,8,12
2018-07-05 00:00:00,8,2,6
2018-07-05 01:00:00,5,3,2
2018-07-05 02:00:00,0,0,0
2018-07-05 03:00:00,1,0,1
2018-07-05 04:00:00,5,2,3
2018-07-05 05:00:00,31,17,14
2018-07-05 06:00:00,75,43,32
2018-07-05 07:00:00,130,60,70
2018-07-05 08:00:00,170,78,92
2018-07-05 09:00:00,167,75,92
2018-07-05 10:00:00,161,81,80
2018-07-05 11:00:00,224,106,118
2018-07-05 12:00:00,330,173,157
2018-07-05 13:00:00,244,107,137
2018-07-05 14:00:00,245,118,127
2018-07-05 15:00:00,211,106,105
2018-07-05 16:00:00,229,102,127
2018-07-05 17:00:00,257,151,106
2018-07-05 18:00:00,266,136,130
2018-07-05 19:00:00,252,131,121
2018-07-05 20:00:00,187,96,91
2018-07-05 21:00:00,163,53,110
2018-07-05 22:00:00,39,18,21
2018-07-05 23:00:00,9,3,6
2018-07-06 00:00:00,1,0,1
2018-07-06 01:00:00,1,1,0
2018-07-06 02:00:00,1,1,0
2018-07-06 03:00:00,3,2,1
2018-07-06 04:00:00,3,1,2
2018-07-06 05:00:00,32,18,14
2018-07-06 06:00:00,109,58,51
2018-07-06 07:00:00,180,85,95
2018-07-06 08:00:00,184,75,109
2018-07-06 09:00:00,146,72,74
2018-07-06 10:00:00,169,75,94
2018-07-06 11:00:00,204,104,100
2018-07-06 12:00:00,221,112,109
2018-07-06 13:00:00,188,83,105
2018-07-06 14:00:00,242,112,130
2018-07-06 15:00:00,226,117,109
2018-07-06 16:00:00,209,100,109
2018-07-06 17:00:00,230,120,110
2018-07-06 18:00:00,262,131,131
2018-07-06 19:00:00,235,106,129
2018-07-06 20:00:00,170,83,87
2018-07-06 21:00:00,103,40,63
2018-07-06 22:00:00,13,4,9
2018-07-06 23:00:00,3,2,1
2018-07-07 00:00:00,1,1,0
2018-07-07 01:00:00,12,4,8
2018-07-07 02:00:00,1,0,1
2018-07-07 03:00:00,1,1,0
2018-07-07 04:00:00,2,1,1
2018-07-07 05:00:00,16,12,4
2018-07-07 06:00:00,51,27,24
2018-07-07 07:00:00,127,69,58
2018-07-07 08:00:00,147,79,68
2018-07-07 09:00:00,276,143,133
2018-07-07 10:00:00,276,134,142
2018-07-07 11:00:00,280,120,160
2018-07-07 12:00:00,213,89,124
2018-07-07 13:00:00,201,108,93
2018-07-07 14:00:00,254,126,128
2018-07-07 15:00:00,254,117,137
2018-07-07 16:00:00,261,131,130
2018-07-07 17:00:00,221,108,113
2018-07-07 18:00:00,216,102,114
2018-07-07 19:00:00,215,98,117
2018-07-07 20:00:00,228,95,133
2018-07-07 21:00:00,117,33,84
2018-07-07 22:00:00,20,8,12
2018-07-07 23:00:00,8,6,2
2018-07-08 00:00:00,6,4,2
2018-07-08 01:00:00,16,12,4
2018-07-08 02:00:00,9,4,5
2018-07-08 03:00:00,11,6,5
2018-07-08 04:00:00,2,1,1
2018-07-08 05:00:00,10,9,1
2018-07-08 06:00:00,44,23,21
2018-07-08 07:00:00,112,67,45
2018-07-08 08:00:00,212,105,107
2018-07-08 09:00:00,281,136,145
2018-07-08 10:00:00,316,157,159
2018-07-08 11:00:00,326,155,171
2018-07-08 12:00:00,301,123,178
2018-07-08 13:00:00,269,126,143
2018-07-08 14:00:00,234,107,127
2018-07-08 15:00:00,272,133,139
2018-07-08 16:00:00,324,182,142
2018-07-08 17:00:00,343,147,196
2018-07-08 18:00:00,300,133,167
2018-07-08 19:00:00,240,116,124
2018-07-08 20:00:00,246,117,129
2018-07-08 21:00:00,131,33,98
2018-07-08 22:00:00,26,9,17
2018-07-08 23:00:00,35,22,13
2018-07-09 00:00:00,11,7,4
2018-07-09 01:00:00,3,2,1
2018-07-09 02:00:00,2,1,1
2018-07-09 03:00:00,0,0,0
2018-07-09 04:00:00,3,0,3
2018-07-09 05:00:00,36,25,11
2018-07-09 06:00:00,111,60,51
2018-07-09 07:00:00,178,94,84
2018-07-09 08:00:00,151,60,91
2018-07-09 09:00:00,111,52,59
2018-07-09 10:00:00,120,53,67
2018-07-09 11:00:00,156,79,77
2018-07-09 12:00:00,306,155,151
2018-07-09 13:00:00,192,92,100
2018-07-09 14:00:00,166,81,85
2018-07-09 15:00:00,154,81,73
2018-07-09 16:00:00,192,92,100
2018-07-09 17:00:00,179,90,89
2018-07-09 18:00:00,208,108,100
2018-07-09 19:00:00,139,68,71
2018-07-09 20:00:00,110,53,57
2018-07-09 21:00:00,72,23,49
2018-07-09 22:00:00,23,9,14
2018-07-09 23:00:00,8,3,5
2018-07-10 00:00:00,7,5,2
2018-07-10 01:00:00,1,1,0
2018-07-10 02:00:00,0,0,0
2018-07-10 03:00:00,1,1,0
2018-07-10 04:00:00,4,2,2
2018-07-10 05:00:00,63,40,23
2018-07-10 06:00:00,175,89,86
2018-07-10 07:00:00,237,118,119
2018-07-10 08:00:00,159,66,93
2018-07-10 09:00:00,127,58,69
2018-07-10 10:00:00,83,34,49
2018-07-10 11:00:00,172,89,83
2018-07-10 12:00:00,286,156,130
2018-07-10 13:00:00,214,103,111
2018-07-10 14:00:00,165,80,85
2018-07-10 15:00:00,179,77,102
2018-07-10 16:00:00,228,121,107
2018-07-10 17:00:00,294,156,138
2018-07-10 18:00:00,360,181,179
2018-07-10 19:00:00,358,177,181
2018-07-10 20:00:00,285,124,161
2018-07-10 21:00:00,167,69,98
2018-07-10 22:00:00,27,11,16
2018-07-10 23:00:00,7,3,4
2018-07-11 00:00:00,8,3,5
2018-07-11 01:00:00,4,2,2
2018-07-11 02:00:00,0,0,0
2018-07-11 03:00:00,1,1,0
2018-07-11 04:00:00,7,2,5
2018-07-11 05:00:00,64,40,24
2018-07-11 06:00:00,242,137,105
2018-07-11 07:00:00,243,113,130
2018-07-11 08:00:00,184,88,96
2018-07-11 09:00:00,128,55,73
2018-07-11 10:00:00,170,79,91
2018-07-11 11:00:00,200,85,115
2018-07-11 12:00:00,320,163,157
2018-07-11 13:00:00,220,107,113
2018-07-11 14:00:00,186,92,94
2018-07-11 15:00:00,190,95,95
2018-07-11 16:00:00,242,123,119
2018-07-11 17:00:00,303,177,126
2018-07-11 18:00:00,319,180,139
2018-07-11 19:00:00,305,165,140
2018-07-11 20:00:00,245,111,134
2018-07-11 21:00:00,200,67,133
2018-07-11 22:00:00,35,7,28
2018-07-11 23:00:00,15,9,6
2018-07-12 00:00:00,6,2,4
2018-07-12 01:00:00,0,0,0
2018-07-12 02:00:00,4,2,2
2018-07-12 03:00:00,1,0,1
2018-07-12 04:00:00,1,1,0
2018-07-12 05:00:00,70,43,27
2018-07-12 06:00:00,212,101,111
2018-07-12 07:00:00,235,116,119
2018-07-12 08:00:00,194,86,108
2018-07-12 09:00:00,193,101,92
2018-07-12 10:00:00,195,105,90
2018-07-12 11:00:00,218,100,118
2018-07-12 12:00:00,364,189,175
2018-07-12 13:00:00,272,125,147
2018-07-12 14:00:00,199,93,106
2018-07-12 15:00:00,201,101,100
2018-07-12 16:00:00,198,102,96
2018-07-12 17:00:00,234,138,96
2018-07-12 18:00:00,261,128,133
2018-07-12 19:00:00,331,157,174
2018-07-12 20:00:00,311,149,162
2018-07-12 21:00:00,193,77,116
2018-07-12 22:00:00,42,14,28
2018-07-12 23:00:00,9,4,5
2018-07-13 00:00:00,3,2,1
2018-07-13 01:00:00,3,2,1
2018-07-13 02:00:00,1,1,0
2018-07-13 03:00:00,2,1,1
2018-07-13 04:00:00,3,2,1
2018-07-13 05:00:00,45,29,16
2018-07-13 06:00:00,184,97,87
2018-07-13 07:00:00,209,102,107
2018-07-13 08:00:00,196,91,105
2018-07-13 09:00:00,156,75,81
2018-07-13 10:00:00,200,72,128
2018-07-13 11:00:00,203,94,109
2018-07-13 12:00:00,282,134,148
2018-07-13 13:00:00,204,100,104
2018-07-13 14:00:00,175,96,79
2018-07-13 15:00:00,190,94,96
2018-07-13 16:00:00,197,104,93
2018-07-13 17:00:00,224,133,91
2018-07-13 18:00:00,219,123,96
2018-07-13 19:00:00,217,104,113
2018-07-13 20:00:00,194,88,106
2018-07-13 21:00:00,136,57,79
2018-07-13 22:00:00,44,20,24
2018-07-13 23:00:00,14,4,10
2018-07-14 00:00:00,6,2,4
2018-07-14 01:00:00,2,1,1
2018-07-14 02:00:00,0,0,0
2018-07-14 03:00:00,1,1,0
2018-07-14 04:00:00,0,0,0
2018-07-14 05:00:00,29,18,11
2018-07-14 06:00:00,93,49,44
2018-07-14 07:00:00,128,71,57
2018-07-14 08:00:00,188,87,101
2018-07-14 09:00:00,294,146,148
2018-07-14 10:00:00,310,153,157
2018-07-14 11:00:00,305,129,176
2018-07-14 12:00:00,230,104,126
2018-07-14 13:00:00,223,106,117
2018-07-14 14:00:00,238,114,124
2018-07-14 15:00:00,222,99,123
2018-07-14 16:00:00,178,84,94
2018-07-14 17:00:00,208,108,100
2018-07-14 18:00:00,198,85,113
2018-07-14 19:00:00,253,123,130
2018-07-14 20:00:00,194,97,97
2018-07-14 21:00:00,149,49,100
2018-07-14 22:00:00,43,17,26
2018-07-14 23:00:00,18,9,9
2018-07-15 00:00:00,10,7,3
2018-07-15 01:00:00,7,3,4
2018-07-15 02:00:00,1,1,0
2018-07-15 03:00:00,3,1,2
2018-07-15 04:00:00,5,4,1
2018-07-15 05:00:00,19,11,8
2018-07-15 06:00:00,75,45,30
2018-07-15 07:00:00,130,63,67
2018-07-15 08:00:00,179,91,88
2018-07-15 09:00:00,247,119,128
2018-07-15 10:00:00,259,121,138
2018-07-15 11:00:00,302,125,177
2018-07-15 12:00:00,228,112,116
2018-07-15 13:00:00,231,107,124
2018-07-15 14:00:00,227,106,121
2018-07-15 15:00:00,196,105,91
2018-07-15 16:00:00,175,75,100
2018-07-15 17:00:00,221,114,107
2018-07-15 18:00:00,225,91,134
2018-07-15 19:00:00,204,104,100
2018-07-15 20:00:00,232,100,132
2018-07-15 21:00:00,211,85,126
2018-07-15 22:00:00,27,12,15
2018-07-15 23:00:00,23,13,10
2018-07-16 00:00:00,4,1,3
2018-07-16 01:00:00,0,0,0
2018-07-16 02:00:00,2,1,1
2018-07-16 03:00:00,5,3,2
2018-07-16 04:00:00,0,0,0
2018-07-16 05:00:00,38,24,14
2018-07-16 06:00:00,173,93,80
2018-07-16 07:00:00,171,79,92
2018-07-16 08:00:00,182,74,108
2018-07-16 09:00:00,143,71,72
2018-07-16 10:00:00,191,95,96
2018-07-16 11:00:00,252,141,111
2018-07-16 12:00:00,312,151,161
2018-07-16 13:00:00,179,77,102
2018-07-16 14:00:00,163,75,88
2018-07-16 15:00:00,165,78,87
2018-07-16 16:00:00,151,83,68
2018-07-16 17:00:00,198,114,84
2018-07-16 18:00:00,233,118,115
2018-07-16 19:00:00,257,131,126
2018-07-16 20:00:00,281,137,144
2018-07-16 21:00:00,170,71,99
2018-07-16 22:00:00,43,19,24
2018-07-16 23:00:00,13,4,9
2018-07-17 00:00:00,5,4,1
2018-07-17 01:00:00,1,1,0
2018-07-17 02:00:00,0,0,0
2018-07-17 03:00:00,7,4,3
2018-07-17 04:00:00,0,0,0
2018-07-17 05:00:00,43,28,15
2018-07-17 06:00:00,192,101,91
2018-07-17 07:00:00,239,114,125
2018-07-17 08:00:00,196,94,102
2018-07-17 09:00:00,173,67,106
2018-07-17 10:00:00,185,102,83
2018-07-17 11:00:00,176,88,88
2018-07-17 12:00:00,292,152,140
2018-07-17 13:00:00,172,85,87
2018-07-17 14:00:00,159,74,85
2018-07-17 15:00:00,126,64,62
2018-07-17 16:00:00,162,90,72
2018-07-17 17:00:00,220,136,84
2018-07-17 18:00:00,243,126,117
2018-07-17 19:00:00,238,124,114
2018-07-17 20:00:00,274,126,148
2018-07-17 21:00:00,162,58,104
2018-07-17 22:00:00,22,5,17
2018-07-17 23:00:00,9,4,5
2018-07-18 00:00:00,6,2,4
2018-07-18 01:00:00,4,3,1
2018-07-18 02:00:00,0,0,0
2018-07-18 03:00:00,4,1,3
2018-07-18 04:00:00,3,2,1
2018-07-18 05:00:00,55,31,24
2018-07-18 06:00:00,177,97,80
2018-07-18 07:00:00,203,100,103
2018-07-18 08:00:00,137,64,73
2018-07-18 09:00:00,111,50,61
2018-07-18 10:00:00,104,49,55
2018-07-18 11:00:00,152,78,74
2018-07-18 12:00:00,295,149,146
2018-07-18 13:00:00,216,99,117
2018-07-18 14:00:00,162,82,80
2018-07-18 15:00:00,212,99,113
2018-07-18 16:00:00,197,106,91
2018-07-18 17:00:00,219,138,81
2018-07-18 18:00:00,269,161,108
2018-07-18 19:00:00,304,151,153
2018-07-18 20:00:00,277,141,136
2018-07-18 21:00:00,131,51,80
2018-07-18 22:00:00,15,9,6
2018-07-18 23:00:00,18,10,8
2018-07-19 00:00:00,6,3,3
2018-07-19 01:00:00,0,0,0
2018-07-19 02:00:00,0,0,0
2018-07-19 03:00:00,6,2,4
2018-07-19 04:00:00,2,1,1
2018-07-19 05:00:00,42,29,13
2018-07-19 06:00:00,148,74,74
2018-07-19 07:00:00,198,94,104
2018-07-19 08:00:00,149,58,91
2018-07-19 09:00:00,92,37,55
2018-07-19 10:00:00,106,50,56
2018-07-19 11:00:00,143,74,69
2018-07-19 12:00:00,225,105,120
2018-07-19 13:00:00,163,83,80
2018-07-19 14:00:00,121,62,59
2018-07-19 15:00:00,145,66,79
2018-07-19 16:00:00,114,56,58
2018-07-19 17:00:00,231,125,106
2018-07-19 18:00:00,239,121,118
2018-07-19 19:00:00,216,112,104
2018-07-19 20:00:00,167,78,89
2018-07-19 21:00:00,87,28,59
2018-07-19 22:00:00,10,3,7
2018-07-19 23:00:00,9,5,4
2018-07-20 00:00:00,1,0,1
2018-07-20 01:00:00,3,1,2
2018-07-20 02:00:00,1,0,1
2018-07-20 03:00:00,1,0,1
2018-07-20 04:00:00,3,2,1
2018-07-20 05:00:00,24,12,12
2018-07-20 06:00:00,115,68,47
2018-07-20 07:00:00,144,72,72
2018-07-20 08:00:00,161,69,92
2018-07-20 09:00:00,126,56,70
2018-07-20 10:00:00,142,59,83
2018-07-20 11:00:00,162,73,89
2018-07-20 12:00:00,275,124,151
2018-07-20 13:00:00,208,96,112
2018-07-20 14:00:00,197,105,92
2018-07-20 15:00:00,182,61,121
2018-07-20 16:00:00,199,101,98
2018-07-20 17:00:00,214,109,105
2018-07-20 18:00:00,232,122,110
2018-07-20 19:00:00,192,95,97
2018-07-20 20:00:00,202,106,96
2018-07-20 21:00:00,115,38,77
2018-07-20 22:00:00,20,5,15
2018-07-20 23:00:00,12,8,4
2018-07-21 00:00:00,3,0,3
2018-07-21 01:00:00,4,3,1
2018-07-21 02:00:00,4,3,1
2018-07-21 03:00:00,3,0,3
2018-07-21 04:00:00,2,0,2
2018-07-21 05:00:00,14,8,6
2018-07-21 06:00:00,79,47,32
2018-07-21 07:00:00,154,81,73
2018-07-21 08:00:00,226,112,114
2018-07-21 09:00:00,258,110,148
2018-07-21 10:00:00,284,159,125
2018-07-21 11:00:00,311,131,180
2018-07-21 12:00:00,304,146,158
2018-07-21 13:00:00,245,118,127
2018-07-21 14:00:00,255,124,131
2018-07-21 15:00:00,259,128,131
2018-07-21 16:00:00,250,112,138
2018-07-21 17:00:00,228,115,113
2018-07-21 18:00:00,259,114,145
2018-07-21 19:00:00,201,107,94
2018-07-21 20:00:00,198,106,92
2018-07-21 21:00:00,149,46,103
2018-07-21 22:00:00,20,10,10
2018-07-21 23:00:00,16,4,12
2018-07-22 00:00:00,14,9,5
2018-07-22 01:00:00,3,0,3
2018-07-22 02:00:00,3,1,2
2018-07-22 03:00:00,5,3,2
2018-07-22 04:00:00,2,0,2
2018-07-22 05:00:00,18,14,4
2018-07-22 06:00:00,62,37,25
2018-07-22 07:00:00,119,63,56
2018-07-22 08:00:00,197,101,96
2018-07-22 09:00:00,277,153,124
2018-07-22 10:00:00,244,107,137
2018-07-22 11:00:00,263,122,141
2018-07-22 12:00:00,257,121,136
2018-07-22 13:00:00,218,95,123
2018-07-22 14:00:00,226,103,123
2018-07-22 15:00:00,328,175,153
2018-07-22 16:00:00,257,90,167
2018-07-22 17:00:00,254,129,125
2018-07-22 18:00:00,263,134,129
2018-07-22 19:00:00,243,119,124
2018-07-22 20:00:00,227,98,129
2018-07-22 21:00:00,155,57,98
2018-07-22 22:00:00,40,9,31
2018-07-22 23:00:00,6,4,2
2018-07-23 00:00:00,9,5,4
2018-07-23 01:00:00,2,1,1
2018-07-23 02:00:00,6,3,3
2018-07-23 03:00:00,2,1,1
2018-07-23 04:00:00,2,1,1
2018-07-23 05:00:00,27,18,9
2018-07-23 06:00:00,165,94,71
2018-07-23 07:00:00,187,88,99
2018-07-23 08:00:00,161,63,98
2018-07-23 09:00:00,158,77,81
2018-07-23 10:00:00,164,78,86
2018-07-23 11:00:00,208,106,102
2018-07-23 12:00:00,334,164,170
2018-07-23 13:00:00,199,89,110
2018-07-23 14:00:00,140,70,70
2018-07-23 15:00:00,153,83,70
2018-07-23 16:00:00,186,105,81
2018-07-23 17:00:00,199,101,98
2018-07-23 18:00:00,243,137,106
2018-07-23 19:00:00,297,148,149
2018-07-23 20:00:00,299,129,170
2018-07-23 21:00:00,159,60,99
2018-07-23 22:00:00,24,11,13
2018-07-23 23:00:00,14,7,7
2018-07-24 00:00:00,6,2,4
2018-07-24 01:00:00,4,2,2
2018-07-24 02:00:00,5,2,3
2018-07-24 03:00:00,4,1,3
2018-07-24 04:00:00,1,0,1
2018-07-24 05:00:00,58,40,18
2018-07-24 06:00:00,232,119,113
2018-07-24 07:00:00,245,117,128
2018-07-24 08:00:00,193,73,120
2018-07-24 09:00:00,188,63,125
2018-07-24 10:00:00,147,72,75
2018-07-24 11:00:00,232,124,108
2018-07-24 12:00:00,361,159,202
2018-07-24 13:00:00,244,132,112
2018-07-24 14:00:00,141,69,72
2018-07-24 15:00:00,195,99,96
2018-07-24 16:00:00,182,88,94
2018-07-24 17:00:00,198,114,84
2018-07-24 18:00:00,228,121,107
2018-07-24 19:00:00,232,135,97
2018-07-24 20:00:00,289,129,160
2018-07-24 21:00:00,155,50,105
2018-07-24 22:00:00,58,33,25
2018-07-24 23:00:00,13,5,8
2018-07-25 00:00:00,6,3,3
2018-07-25 01:00:00,3,2,1
2018-07-25 02:00:00,2,1,1
2018-07-25 03:00:00,1,1,0
2018-07-25 04:00:00,3,1,2
2018-07-25 05:00:00,57,34,23
2018-07-25 06:00:00,236,123,113
2018-07-25 07:00:00,227,113,114
2018-07-25 08:00:00,195,91,104
2018-07-25 09:00:00,171,90,81
2018-07-25 10:00:00,149,58,91
2018-07-25 11:00:00,213,101,112
2018-07-25 12:00:00,319,161,158
2018-07-25 13:00:00,193,77,116
2018-07-25 14:00:00,114,54,60
2018-07-25 15:00:00,148,72,76
2018-07-25 16:00:00,183,92,91
2018-07-25 17:00:00,225,134,91
2018-07-25 18:00:00,206,107,99
2018-07-25 19:00:00,251,139,112
2018-07-25 20:00:00,317,158,159
2018-07-25 21:00:00,188,66,122
2018-07-25 22:00:00,46,9,37
2018-07-25 23:00:00,21,12,9
2018-07-26 00:00:00,10,6,4
2018-07-26 01:00:00,5,3,2
2018-07-26 02:00:00,1,0,1
2018-07-26 03:00:00,0,0,0
2018-07-26 04:00:00,1,0,1
2018-07-26 05:00:00,48,33,15
2018-07-26 06:00:00,219,108,111
2018-07-26 07:00:00,261,121,140
2018-07-26 08:00:00,203,80,123
2018-07-26 09:00:00,131,59,72
2018-07-26 10:00:00,156,72,84
2018-07-26 11:00:00,215,83,132
2018-07-26 12:00:00,308,158,150
2018-07-26 13:00:00,171,79,92
2018-07-26 14:00:00,132,62,70
2018-07-26 15:00:00,171,91,80
2018-07-26 16:00:00,167,81,86
2018-07-26 17:00:00,209,135,74
2018-07-26 18:00:00,223,120,103
2018-07-26 19:00:00,204,106,98
2018-07-26 20:00:00,259,125,134
2018-07-26 21:00:00,172,66,106
2018-07-26 22:00:00,30,8,22
2018-07-26 23:00:00,10,6,4
2018-07-27 00:00:00,5,0,5
2018-07-27 01:00:00,7,4,3
2018-07-27 02:00:00,1,1,0
2018-07-27 03:00:00,1,0,1
2018-07-27 04:00:00,3,2,1
2018-07-27 05:00:00,43,23,20
2018-07-27 06:00:00,165,100,65
2018-07-27 07:00:00,227,113,114
2018-07-27 08:00:00,192,76,116
2018-07-27 09:00:00,187,85,102
2018-07-27 10:00:00,142,51,91
2018-07-27 11:00:00,185,90,95
2018-07-27 12:00:00,258,130,128
2018-07-27 13:00:00,191,85,106
2018-07-27 14:00:00,173,65,108
2018-07-27 15:00:00,149,72,77
2018-07-27 16:00:00,187,91,96
2018-07-27 17:00:00,186,99,87
2018-07-27 18:00:00,183,99,84
2018-07-27 19:00:00,171,78,93
2018-07-27 20:00:00,221,107,114
2018-07-27 21:00:00,140,52,88
2018-07-27 22:00:00,47,19,28
2018-07-27 23:00:00,18,8,10
2018-07-28 00:00:00,6,1,5
2018-07-28 01:00:00,7,3,4
2018-07-28 02:00:00,3,2,1
2018-07-28 03:00:00,1,0,1
2018-07-28 04:00:00,5,1,4
2018-07-28 05:00:00,11,7,4
2018-07-28 06:00:00,72,44,28
2018-07-28 07:00:00,163,81,82
2018-07-28 08:00:00,211,119,92
2018-07-28 09:00:00,203,95,108
2018-07-28 10:00:00,263,125,138
2018-07-28 11:00:00,318,148,170
2018-07-28 12:00:00,272,120,152
2018-07-28 13:00:00,238,121,117
2018-07-28 14:00:00,216,109,107
2018-07-28 15:00:00,219,111,108
2018-07-28 16:00:00,202,94,108
2018-07-28 17:00:00,187,96,91
2018-07-28 18:00:00,188,91,97
2018-07-28 19:00:00,168,79,89
2018-07-28 20:00:00,208,101,107
2018-07-28 21:00:00,120,47,73
2018-07-28 22:00:00,27,16,11
2018-07-28 23:00:00,19,9,10
2018-07-29 00:00:00,8,4,4
2018-07-29 01:00:00,4,0,4
2018-07-29 02:00:00,9,8,1
2018-07-29 03:00:00,2,0,2
2018-07-29 04:00:00,3,2,1
2018-07-29 05:00:00,11,8,3
2018-07-29 06:00:00,84,51,33
2018-07-29 07:00:00,140,73,67
2018-07-29 08:00:00,233,126,107
2018-07-29 09:00:00,266,127,139
2018-07-29 10:00:00,312,166,146
2018-07-29 11:00:00,297,133,164
2018-07-29 12:00:00,209,95,114
2018-07-29 13:00:00,155,71,84
2018-07-29 14:00:00,218,111,107
2018-07-29 15:00:00,230,115,115
2018-07-29 16:00:00,218,111,107
2018-07-29 17:00:00,209,104,105
2018-07-29 18:00:00,175,95,80
2018-07-29 19:00:00,228,108,120
2018-07-29 20:00:00,236,102,134
2018-07-29 21:00:00,121,36,85
2018-07-29 22:00:00,20,6,14
2018-07-29 23:00:00,11,8,3
2018-07-30 00:00:00,9,2,7
2018-07-30 01:00:00,2,0,2
2018-07-30 02:00:00,2,2,0
2018-07-30 03:00:00,6,3,3
2018-07-30 04:00:00,7,3,4
2018-07-30 05:00:00,32,22,10
2018-07-30 06:00:00,150,85,65
2018-07-30 07:00:00,199,103,96
2018-07-30 08:00:00,166,75,91
2018-07-30 09:00:00,161,72,89
2018-07-30 10:00:00,135,70,65
2018-07-30 11:00:00,185,91,94
2018-07-30 12:00:00,304,157,147
2018-07-30 13:00:00,221,113,108
2018-07-30 14:00:00,131,50,81
2018-07-30 15:00:00,127,60,67
2018-07-30 16:00:00,137,77,60
2018-07-30 17:00:00,162,91,71
2018-07-30 18:00:00,214,131,83
2018-07-30 19:00:00,219,97,122
2018-07-30 20:00:00,253,112,141
2018-07-30 21:00:00,89,32,57
2018-07-30 22:00:00,16,9,7
2018-07-30 23:00:00,12,7,5
2018-07-31 00:00:00,3,3,0
2018-07-31 01:00:00,2,0,2
2018-07-31 02:00:00,0,0,0
2018-07-31 03:00:00,1,1,0
2018-07-31 04:00:00,2,2,0
2018-07-31 05:00:00,45,27,18
2018-07-31 06:00:00,190,117,73
2018-07-31 07:00:00,217,100,117
2018-07-31 08:00:00,144,60,84
2018-07-31 09:00:00,137,57,80
2018-07-31 10:00:00,102,52,50
2018-07-31 11:00:00,135,70,65
2018-07-31 12:00:00,255,139,116
2018-07-31 13:00:00,203,95,108
2018-07-31 14:00:00,161,83,78
2018-07-31 15:00:00,152,80,72
2018-07-31 16:00:00,157,79,78
2018-07-31 17:00:00,245,150,95
2018-07-31 18:00:00,275,136,139
2018-07-31 19:00:00,272,139,133
2018-07-31 20:00:00,248,119,129
2018-07-31 21:00:00,104,45,59
2018-07-31 22:00:00,30,14,16
2018-07-31 23:00:00,12,5,7
2018-08-01 00:00:00,7,4,3
2018-08-01 01:00:00,6,3,3
2018-08-01 02:00:00,1,1,0
2018-08-01 03:00:00,0,0,0
2018-08-01 04:00:00,3,1,2
2018-08-01 05:00:00,26,16,10
2018-08-01 06:00:00,181,101,80
2018-08-01 07:00:00,205,101,104
2018-08-01 08:00:00,166,66,100
2018-08-01 09:00:00,120,51,69
2018-08-01 10:00:00,88,40,48
2018-08-01 11:00:00,162,80,82
2018-08-01 12:00:00,250,113,137
2018-08-01 13:00:00,179,92,87
2018-08-01 14:00:00,162,81,81
2018-08-01 15:00:00,153,74,79
2018-08-01 16:00:00,205,111,94
2018-08-01 17:00:00,251,132,119
2018-08-01 18:00:00,308,166,142
2018-08-01 19:00:00,300,150,150
2018-08-01 20:00:00,319,158,161
2018-08-01 21:00:00,140,51,89
2018-08-01 22:00:00,26,13,13
2018-08-01 23:00:00,9,3,6
2018-08-02 00:00:00,4,3,1
2018-08-02 01:00:00,5,2,3
2018-08-02 02:00:00,1,0,1
2018-08-02 03:00:00,1,0,1
2018-08-02 04:00:00,0,0,0
2018-08-02 05:00:00,36,23,13
2018-08-02 06:00:00,164,82,82
2018-08-02 07:00:00,191,76,115
2018-08-02 08:00:00,148,69,79
2018-08-02 09:00:00,101,38,63
2018-08-02 10:00:00,103,53,50
2018-08-02 11:00:00,123,60,63
2018-08-02 12:00:00,183,91,92
2018-08-02 13:00:00,121,52,69
2018-08-02 14:00:00,119,67,52
2018-08-02 15:00:00,139,56,83
2018-08-02 16:00:00,162,87,75
2018-08-02 17:00:00,195,111,84
2018-08-02 18:00:00,214,102,112
2018-08-02 19:00:00,236,109,127
2018-08-02 20:00:00,165,79,86
2018-08-02 21:00:00,52,20,32
2018-08-02 22:00:00,13,5,8
2018-08-02 23:00:00,5,2,3
2018-08-03 00:00:00,4,1,3
2018-08-03 01:00:00,5,1,4
2018-08-03 02:00:00,3,2,1
2018-08-03 03:00:00,1,0,1
2018-08-03 04:00:00,3,1,2
2018-08-03 05:00:00,18,8,10
2018-08-03 06:00:00,107,56,51
2018-08-03 07:00:00,153,76,77
2018-08-03 08:00:00,157,70,87
2018-08-03 09:00:00,147,69,78
2018-08-03 10:00:00,146,63,83
2018-08-03 11:00:00,169,82,87
2018-08-03 12:00:00,275,138,137
2018-08-03 13:00:00,213,106,107
2018-08-03 14:00:00,189,91,98
2018-08-03 15:00:00,221,108,113
2018-08-03 16:00:00,184,97,87
2018-08-03 17:00:00,207,100,107
2018-08-03 18:00:00,185,95,90
2018-08-03 19:00:00,229,122,107
2018-08-03 20:00:00,197,83,114
2018-08-03 21:00:00,90,38,52
2018-08-03 22:00:00,42,21,21
2018-08-03 23:00:00,16,9,7
2018-08-04 00:00:00,4,1,3
2018-08-04 01:00:00,6,1,5
2018-08-04 02:00:00,10,6,4
2018-08-04 03:00:00,1,0,1
2018-08-04 04:00:00,1,0,1
2018-08-04 05:00:00,13,7,6
2018-08-04 06:00:00,57,32,25
2018-08-04 07:00:00,136,73,63
2018-08-04 08:00:00,195,112,83
2018-08-04 09:00:00,221,116,105
2018-08-04 10:00:00,269,141,128
2018-08-04 11:00:00,314,147,167
2018-08-04 12:00:00,281,131,150
2018-08-04 13:00:00,328,157,171
2018-08-04 14:00:00,297,137,160
2018-08-04 15:00:00,279,137,142
2018-08-04 16:00:00,230,97,133
2018-08-04 17:00:00,228,111,117
2018-08-04 18:00:00,218,93,125
2018-08-04 19:00:00,247,108,139
2018-08-04 20:00:00,243,115,128
2018-08-04 21:00:00,89,35,54
2018-08-04 22:00:00,26,15,11
2018-08-04 23:00:00,13,6,7
2018-08-05 00:00:00,12,3,9
2018-08-05 01:00:00,3,2,1
2018-08-05 02:00:00,4,3,1
2018-08-05 03:00:00,0,0,0
2018-08-05 04:00:00,3,2,1
2018-08-05 05:00:00,18,12,6
2018-08-05 06:00:00,54,28,26
2018-08-05 07:00:00,128,65,63
2018-08-05 08:00:00,208,109,99
2018-08-05 09:00:00,232,118,114
2018-08-05 10:00:00,325,171,154
2018-08-05 11:00:00,313,137,176
2018-08-05 12:00:00,295,149,146
2018-08-05 13:00:00,322,157,165
2018-08-05 14:00:00,248,119,129
2018-08-05 15:00:00,233,104,129
2018-08-05 16:00:00,251,126,125
2018-08-05 17:00:00,228,110,118
2018-08-05 18:00:00,195,94,101
2018-08-05 19:00:00,249,121,128
2018-08-05 20:00:00,260,117,143
2018-08-05 21:00:00,109,35,74
2018-08-05 22:00:00,18,4,14
2018-08-05 23:00:00,8,3,5
2018-08-06 00:00:00,3,2,1
2018-08-06 01:00:00,3,2,1
2018-08-06 02:00:00,2,2,0
2018-08-06 03:00:00,3,2,1
2018-08-06 04:00:00,1,0,1
2018-08-06 05:00:00,35,23,12
2018-08-06 06:00:00,141,75,66
2018-08-06 07:00:00,179,89,90
2018-08-06 08:00:00,193,77,116
2018-08-06 09:00:00,133,50,83
2018-08-06 10:00:00,132,65,67
2018-08-06 11:00:00,196,98,98
2018-08-06 12:00:00,384,197,187
2018-08-06 13:00:00,238,104,134
2018-08-06 14:00:00,200,95,105
2018-08-06 15:00:00,168,83,85
2018-08-06 16:00:00,184,88,96
2018-08-06 17:00:00,224,124,100
2018-08-06 18:00:00,262,145,117
2018-08-06 19:00:00,284,132,152
2018-08-06 20:00:00,322,142,180
2018-08-06 21:00:00,118,34,84
2018-08-06 22:00:00,23,12,11
2018-08-06 23:00:00,4,1,3
2018-08-07 00:00:00,3,3,0
2018-08-07 01:00:00,2,1,1
2018-08-07 02:00:00,0,0,0
2018-08-07 03:00:00,2,1,1
2018-08-07 04:00:00,2,1,1
2018-08-07 05:00:00,42,27,15
2018-08-07 06:00:00,218,116,102
2018-08-07 07:00:00,235,110,125
2018-08-07 08:00:00,192,101,91
2018-08-07 09:00:00,152,72,80
2018-08-07 10:00:00,140,61,79
2018-08-07 11:00:00,207,96,111
2018-08-07 12:00:00,325,162,163
2018-08-07 13:00:00,194,99,95
2018-08-07 14:00:00,129,61,68
2018-08-07 15:00:00,158,81,77
2018-08-07 16:00:00,189,93,96
2018-08-07 17:00:00,250,131,119
2018-08-07 18:00:00,237,136,101
2018-08-07 19:00:00,301,147,154
2018-08-07 20:00:00,318,147,171
2018-08-07 21:00:00,139,52,87
2018-08-07 22:00:00,15,4,11
2018-08-07 23:00:00,5,1,4
2018-08-08 00:00:00,11,3,8
2018-08-08 01:00:00,0,0,0
2018-08-08 02:00:00,7,4,3
2018-08-08 03:00:00,8,4,4
2018-08-08 04:00:00,5,3,2
2018-08-08 05:00:00,28,21,7
2018-08-08 06:00:00,214,116,98
2018-08-08 07:00:00,255,116,139
2018-08-08 08:00:00,207,101,106
2018-08-08 09:00:00,165,67,98
2018-08-08 10:00:00,191,81,110
2018-08-08 11:00:00,208,106,102
2018-08-08 12:00:00,276,134,142
2018-08-08 13:00:00,215,108,107
2018-08-08 14:00:00,167,78,89
2018-08-08 15:00:00,129,58,71
2018-08-08 16:00:00,133,66,67
2018-08-08 17:00:00,182,91,91
2018-08-08 18:00:00,217,115,102
2018-08-08 19:00:00,231,118,113
2018-08-08 20:00:00,260,120,140
2018-08-08 21:00:00,76,17,59
2018-08-08 22:00:00,30,14,16
2018-08-08 23:00:00,10,7,3
2018-08-09 00:00:00,11,3,8
2018-08-09 01:00:00,4,3,1
2018-08-09 02:00:00,1,1,0
2018-08-09 03:00:00,6,1,5
2018-08-09 04:00:00,11,4,7
2018-08-09 05:00:00,37,22,15
2018-08-09 06:00:00,179,89,90
2018-08-09 07:00:00,231,108,123
2018-08-09 08:00:00,169,72,97
2018-08-09 09:00:00,211,101,110
2018-08-09 10:00:00,183,83,100
2018-08-09 11:00:00,221,110,111
2018-08-09 12:00:00,276,119,157
2018-08-09 13:00:00,200,87,113
2018-08-09 14:00:00,171,88,83
2018-08-09 15:00:00,140,70,70
2018-08-09 16:00:00,189,68,121
2018-08-09 17:00:00,179,93,86
2018-08-09 18:00:00,202,98,104
2018-08-09 19:00:00,250,121,129
2018-08-09 20:00:00,247,117,130
2018-08-09 21:00:00,127,48,79
2018-08-09 22:00:00,15,8,7
2018-08-09 23:00:00,7,2,5
2018-08-10 00:00:00,4,2,2
2018-08-10 01:00:00,4,1,3
2018-08-10 02:00:00,2,0,2
2018-08-10 03:00:00,2,2,0
2018-08-10 04:00:00,2,1,1
2018-08-10 05:00:00,22,10,12
2018-08-10 06:00:00,118,73,45
2018-08-10 07:00:00,209,107,102
2018-08-10 08:00:00,192,81,111
2018-08-10 09:00:00,207,92,115
2018-08-10 10:00:00,218,90,128
2018-08-10 11:00:00,205,90,115
2018-08-10 12:00:00,240,126,114
2018-08-10 13:00:00,170,86,84
2018-08-10 14:00:00,149,68,81
2018-08-10 15:00:00,180,83,97
2018-08-10 16:00:00,181,88,93
2018-08-10 17:00:00,225,122,103
2018-08-10 18:00:00,222,104,118
2018-08-10 19:00:00,218,112,106
2018-08-10 20:00:00,198,90,108
2018-08-10 21:00:00,75,29,46
2018-08-10 22:00:00,20,8,12
2018-08-10 23:00:00,12,3,9
2018-08-11 00:00:00,5,5,0
2018-08-11 01:00:00,7,6,1
2018-08-11 02:00:00,3,2,1
2018-08-11 03:00:00,4,2,2
2018-08-11 04:00:00,1,1,0
2018-08-11 05:00:00,3,2,1
2018-08-11 06:00:00,53,33,20
2018-08-11 07:00:00,140,71,69
2018-08-11 08:00:00,178,99,79
2018-08-11 09:00:00,222,116,106
2018-08-11 10:00:00,260,116,144
2018-08-11 11:00:00,262,114,148
2018-08-11 12:00:00,214,87,127
2018-08-11 13:00:00,98,35,63
2018-08-11 14:00:00,151,72,79
2018-08-11 15:00:00,160,78,82
2018-08-11 16:00:00,216,117,99
2018-08-11 17:00:00,212,85,127
2018-08-11 18:00:00,200,96,104
2018-08-11 19:00:00,219,112,107
2018-08-11 20:00:00,143,38,105
2018-08-11 21:00:00,54,29,25
2018-08-11 22:00:00,19,11,8
2018-08-11 23:00:00,26,14,12
2018-08-12 00:00:00,9,1,8
2018-08-12 01:00:00,8,4,4
2018-08-12 02:00:00,4,1,3
2018-08-12 03:00:00,1,1,0
2018-08-12 04:00:00,4,2,2
2018-08-12 05:00:00,9,5,4
2018-08-12 06:00:00,42,25,17
2018-08-12 07:00:00,108,60,48
2018-08-12 08:00:00,190,97,93
2018-08-12 09:00:00,239,132,107
2018-08-12 10:00:00,266,112,154
2018-08-12 11:00:00,245,97,148
2018-08-12 12:00:00,200,76,124
2018-08-12 13:00:00,213,103,110
2018-08-12 14:00:00,219,110,109
2018-08-12 15:00:00,320,176,144
2018-08-12 16:00:00,329,159,170
2018-08-12 17:00:00,368,197,171
2018-08-12 18:00:00,349,180,169
2018-08-12 19:00:00,338,157,181
2018-08-12 20:00:00,242,102,140
2018-08-12 21:00:00,92,37,55
2018-08-12 22:00:00,59,13,46
2018-08-12 23:00:00,2,1,1
2018-08-13 00:00:00,4,3,1
2018-08-13 01:00:00,1,1,0
2018-08-13 02:00:00,5,2,3
2018-08-13 03:00:00,2,0,2
2018-08-13 04:00:00,4,0,4
2018-08-13 05:00:00,13,6,7
2018-08-13 06:00:00,115,67,48
2018-08-13 07:00:00,153,68,85
2018-08-13 08:00:00,173,79,94
2018-08-13 09:00:00,139,72,67
2018-08-13 10:00:00,155,73,82
2018-08-13 11:00:00,168,76,92
2018-08-13 12:00:00,315,159,156
2018-08-13 13:00:00,194,74,120
2018-08-13 14:00:00,174,83,91
2018-08-13 15:00:00,156,75,81
2018-08-13 16:00:00,191,87,104
2018-08-13 17:00:00,197,111,86
2018-08-13 18:00:00,257,140,117
2018-08-13 19:00:00,289,149,140
2018-08-13 20:00:00,193,73,120
2018-08-13 21:00:00,57,27,30
2018-08-13 22:00:00,13,7,6
2018-08-13 23:00:00,10,2,8
2018-08-14 00:00:00,3,3,0
2018-08-14 01:00:00,2,0,2
2018-08-14 02:00:00,3,3,0
2018-08-14 03:00:00,3,1,2
2018-08-14 04:00:00,3,2,1
2018-08-14 05:00:00,25,14,11
2018-08-14 06:00:00,184,102,82
2018-08-14 07:00:00,219,118,101
2018-08-14 08:00:00,154,59,95
2018-08-14 09:00:00,125,64,61
2018-08-14 10:00:00,137,63,74
2018-08-14 11:00:00,154,86,68
2018-08-14 12:00:00,240,116,124
2018-08-14 13:00:00,170,71,99
2018-08-14 14:00:00,110,40,70
2018-08-14 15:00:00,111,55,56
2018-08-14 16:00:00,132,60,72
2018-08-14 17:00:00,164,83,81
2018-08-14 18:00:00,191,112,79
2018-08-14 19:00:00,209,115,94
2018-08-14 20:00:00,172,75,97
2018-08-14 21:00:00,48,18,30
2018-08-14 22:00:00,19,12,7
2018-08-14 23:00:00,11,3,8
2018-08-15 00:00:00,0,0,0
2018-08-15 01:00:00,3,1,2
2018-08-15 02:00:00,0,0,0
2018-08-15 03:00:00,3,1,2
2018-08-15 04:00:00,3,1,2
2018-08-15 05:00:00,19,10,9
2018-08-15 06:00:00,140,78,62
2018-08-15 07:00:00,176,82,94
2018-08-15 08:00:00,121,58,63
2018-08-15 09:00:00,109,50,59
2018-08-15 10:00:00,119,50,69
2018-08-15 11:00:00,107,50,57
2018-08-15 12:00:00,206,93,113
2018-08-15 13:00:00,138,51,87
2018-08-15 14:00:00,130,62,68
2018-08-15 15:00:00,118,55,63
2018-08-15 16:00:00,136,66,70
2018-08-15 17:00:00,154,76,78
2018-08-15 18:00:00,177,93,84
2018-08-15 19:00:00,194,98,96
2018-08-15 20:00:00,153,67,86
2018-08-15 21:00:00,40,20,20
2018-08-15 22:00:00,26,12,14
2018-08-15 23:00:00,16,6,10
2018-08-16 00:00:00,7,4,3
2018-08-16 01:00:00,4,1,3
2018-08-16 02:00:00,4,1,3
2018-08-16 03:00:00,1,0,1
2018-08-16 04:00:00,2,1,1
2018-08-16 05:00:00,20,12,8
2018-08-16 06:00:00,132,82,50
2018-08-16 07:00:00,171,76,95
2018-08-16 08:00:00,128,57,71
2018-08-16 09:00:00,102,49,53
2018-08-16 10:00:00,124,57,67
2018-08-16 11:00:00,137,67,70
2018-08-16 12:00:00,268,135,133
2018-08-16 13:00:00,143,60,83
2018-08-16 14:00:00,147,79,68
2018-08-16 15:00:00,184,80,104
2018-08-16 16:00:00,162,70,92
2018-08-16 17:00:00,219,105,114
2018-08-16 18:00:00,270,122,148
2018-08-16 19:00:00,251,136,115
2018-08-16 20:00:00,237,91,146
2018-08-16 21:00:00,62,21,41
2018-08-16 22:00:00,27,16,11
2018-08-16 23:00:00,13,2,11
2018-08-17 00:00:00,14,8,6
2018-08-17 01:00:00,1,0,1
2018-08-17 02:00:00,5,3,2
2018-08-17 03:00:00,1,1,0
2018-08-17 04:00:00,0,0,0
2018-08-17 05:00:00,11,4,7
2018-08-17 06:00:00,49,33,16
2018-08-17 07:00:00,119,73,46
2018-08-17 08:00:00,146,74,72
2018-08-17 09:00:00,168,94,74
2018-08-17 10:00:00,239,133,106
2018-08-17 11:00:00,223,151,72
2018-08-17 12:00:00,782,623,159
2018-08-17 13:00:00,721,527,194
2018-08-17 14:00:00,887,582,305
2018-08-17 15:00:00,1027,631,396
2018-08-17 16:00:00,1102,636,466
2018-08-17 17:00:00,1212,666,546
2018-08-17 18:00:00,1227,685,542
2018-08-17 19:00:00,890,289,601
2018-08-17 20:00:00,729,80,649
2018-08-17 21:00:00,153,34,119
2018-08-17 22:00:00,71,15,56
2018-08-17 23:00:00,51,7,44
2018-08-18 00:00:00,10,3,7
2018-08-18 01:00:00,14,6,8
2018-08-18 02:00:00,3,0,3
2018-08-18 03:00:00,5,2,3
2018-08-18 04:00:00,5,1,4
2018-08-18 05:00:00,1,1,0
2018-08-18 06:00:00,5,4,1
2018-08-18 07:00:00,16,9,7
2018-08-18 08:00:00,55,39,16
2018-08-18 09:00:00,132,98,34
2018-08-18 10:00:00,569,479,90
2018-08-18 11:00:00,731,562,169
2018-08-18 12:00:00,1007,751,256
2018-08-18 13:00:00,1289,912,377
2018-08-18 14:00:00,1717,1223,494
2018-08-18 15:00:00,1949,1211,738
2018-08-18 16:00:00,2169,1328,841
2018-08-18 17:00:00,2084,1118,966
2018-08-18 18:00:00,1821,866,955
2018-08-18 19:00:00,1610,393,1217
2018-08-18 20:00:00,955,90,865
2018-08-18 21:00:00,69,9,60
2018-08-18 22:00:00,22,7,15
2018-08-18 23:00:00,13,7,6
2018-08-19 00:00:00,13,8,5
2018-08-19 01:00:00,2,0,2
2018-08-19 02:00:00,14,7,7
2018-08-19 03:00:00,5,2,3
2018-08-19 04:00:00,3,1,2
2018-08-19 05:00:00,2,1,1
2018-08-19 06:00:00,15,10,5
2018-08-19 07:00:00,55,37,18
2018-08-19 08:00:00,69,37,32
2018-08-19 09:00:00,154,110,44
2018-08-19 10:00:00,444,377,67
2018-08-19 11:00:00,652,542,110
2018-08-19 12:00:00,881,642,239
2018-08-19 13:00:00,1279,959,320
2018-08-19 14:00:00,1602,1103,499
2018-08-19 15:00:00,1774,1117,657
2018-08-19 16:00:00,1942,1150,792
2018-08-19 17:00:00,1954,1003,951
2018-08-19 18:00:00,1731,736,995
2018-08-19 19:00:00,1438,266,1172
2018-08-19 20:00:00,687,73,614
2018-08-19 21:00:00,98,23,75
2018-08-19 22:00:00,70,9,61
2018-08-19 23:00:00,10,3,7
2018-08-20 00:00:00,14,3,11
2018-08-20 01:00:00,5,4,1
2018-08-20 02:00:00,6,1,5
2018-08-20 03:00:00,3,2,1
2018-08-20 04:00:00,17,4,13
2018-08-20 05:00:00,19,10,9
2018-08-20 06:00:00,77,38,39
2018-08-20 07:00:00,124,72,52
2018-08-20 08:00:00,127,56,71
2018-08-20 09:00:00,107,43,64
2018-08-20 10:00:00,118,51,67
2018-08-20 11:00:00,113,61,52
2018-08-20 12:00:00,195,97,98
2018-08-20 13:00:00,152,81,71
2018-08-20 14:00:00,110,42,68
2018-08-20 15:00:00,74,28,46
2018-08-20 16:00:00,90,37,53
2018-08-20 17:00:00,89,55,34
2018-08-20 18:00:00,127,62,65
2018-08-20 19:00:00,95,47,48
2018-08-20 20:00:00,70,18,52
2018-08-20 21:00:00,22,10,12
2018-08-20 22:00:00,12,5,7
2018-08-20 23:00:00,16,8,8
2018-08-21 00:00:00,5,2,3
2018-08-21 01:00:00,1,0,1
2018-08-21 02:00:00,1,0,1
2018-08-21 03:00:00,1,0,1
2018-08-21 04:00:00,1,1,0
2018-08-21 05:00:00,17,9,8
2018-08-21 06:00:00,79,45,34
2018-08-21 07:00:00,104,48,56
2018-08-21 08:00:00,74,31,43
2018-08-21 09:00:00,82,38,44
2018-08-21 10:00:00,73,32,41
2018-08-21 11:00:00,67,31,36
2018-08-21 12:00:00,111,55,56
2018-08-21 13:00:00,89,26,63
2018-08-21 14:00:00,90,45,45
2018-08-21 15:00:00,62,27,35
2018-08-21 16:00:00,72,29,43
2018-08-21 17:00:00,92,50,42
2018-08-21 18:00:00,113,56,57
2018-08-21 19:00:00,80,32,48
2018-08-21 20:00:00,64,21,43
2018-08-21 21:00:00,16,7,9
2018-08-21 22:00:00,7,2,5
2018-08-21 23:00:00,2,0,2
2018-08-22 00:00:00,7,5,2
2018-08-22 01:00:00,3,2,1
2018-08-22 02:00:00,4,3,1
2018-08-22 03:00:00,0,0,0
2018-08-22 04:00:00,0,0,0
2018-08-22 05:00:00,15,7,8
2018-08-22 06:00:00,79,43,36
2018-08-22 07:00:00,114,56,58
2018-08-22 08:00:00,70,38,32
2018-08-22 09:00:00,74,32,42
2018-08-22 10:00:00,49,23,26
2018-08-22 11:00:00,74,34,40
2018-08-22 12:00:00,111,47,64
2018-08-22 13:00:00,80,37,43
2018-08-22 14:00:00,81,43,38
2018-08-22 15:00:00,70,24,46
2018-08-22 16:00:00,94,49,45
2018-08-22 17:00:00,105,63,42
2018-08-22 18:00:00,108,48,60
2018-08-22 19:00:00,124,49,75
2018-08-22 20:00:00,75,30,45
2018-08-22 21:00:00,17,10,7
2018-08-22 22:00:00,9,5,4
2018-08-22 23:00:00,4,3,1
2018-08-23 00:00:00,2,2,0
2018-08-23 01:00:00,2,1,1
2018-08-23 02:00:00,0,0,0
2018-08-23 03:00:00,3,1,2
2018-08-23 04:00:00,2,2,0
2018-08-23 05:00:00,18,10,8
2018-08-23 06:00:00,67,35,32
2018-08-23 07:00:00,99,46,53
2018-08-23 08:00:00,90,42,48
2018-08-23 09:00:00,66,36,30
2018-08-23 10:00:00,104,57,47
2018-08-23 11:00:00,124,58,66
2018-08-23 12:00:00,236,114,122
2018-08-23 13:00:00,151,69,82
2018-08-23 14:00:00,104,45,59
2018-08-23 15:00:00,120,56,64
2018-08-23 16:00:00,179,94,85
2018-08-23 17:00:00,200,102,98
2018-08-23 18:00:00,223,127,96
2018-08-23 19:00:00,279,142,137
2018-08-23 20:00:00,152,59,93
2018-08-23 21:00:00,26,8,18
2018-08-23 22:00:00,12,7,5
2018-08-23 23:00:00,8,4,4
2018-08-24 00:00:00,4,2,2
2018-08-24 01:00:00,3,2,1
2018-08-24 02:00:00,3,2,1
2018-08-24 03:00:00,2,1,1
2018-08-24 04:00:00,6,2,4
2018-08-24 05:00:00,17,10,7
2018-08-24 06:00:00,82,49,33
2018-08-24 07:00:00,156,77,79
2018-08-24 08:00:00,137,61,76
2018-08-24 09:00:00,92,40,52
2018-08-24 10:00:00,146,70,76
2018-08-24 11:00:00,135,69,66
2018-08-24 12:00:00,224,112,112
2018-08-24 13:00:00,152,78,74
2018-08-24 14:00:00,155,80,75
2018-08-24 15:00:00,144,70,74
2018-08-24 16:00:00,167,80,87
2018-08-24 17:00:00,151,73,78
2018-08-24 18:00:00,160,88,72
2018-08-24 19:00:00,145,60,85
2018-08-24 20:00:00,85,26,59
2018-08-24 21:00:00,30,15,15
2018-08-24 22:00:00,9,5,4
2018-08-24 23:00:00,9,4,5
2018-08-25 00:00:00,3,2,1
2018-08-25 01:00:00,5,3,2
2018-08-25 02:00:00,6,4,2
2018-08-25 03:00:00,3,1,2
2018-08-25 04:00:00,5,3,2
2018-08-25 05:00:00,5,3,2
2018-08-25 06:00:00,27,17,10
2018-08-25 07:00:00,109,61,48
2018-08-25 08:00:00,115,54,61
2018-08-25 09:00:00,183,92,91
2018-08-25 10:00:00,159,70,89
2018-08-25 11:00:00,159,95,64
2018-08-25 12:00:00,165,105,60
2018-08-25 13:00:00,170,91,79
2018-08-25 14:00:00,242,88,154
2018-08-25 15:00:00,132,50,82
2018-08-25 16:00:00,118,64,54
2018-08-25 17:00:00,129,65,64
2018-08-25 18:00:00,124,46,78
2018-08-25 19:00:00,57,22,35
2018-08-25 20:00:00,53,18,35
2018-08-25 21:00:00,14,7,7
2018-08-25 22:00:00,7,4,3
2018-08-25 23:00:00,14,5,9
2018-08-26 00:00:00,7,3,4
2018-08-26 01:00:00,2,1,1
2018-08-26 02:00:00,0,0,0
2018-08-26 03:00:00,3,2,1
2018-08-26 04:00:00,4,4,0
2018-08-26 05:00:00,4,2,2
2018-08-26 06:00:00,14,6,8
2018-08-26 07:00:00,82,49,33
2018-08-26 08:00:00,101,50,51
2018-08-26 09:00:00,152,74,78
2018-08-26 10:00:00,187,103,84
2018-08-26 11:00:00,196,87,109
2018-08-26 12:00:00,176,74,102
2018-08-26 13:00:00,193,101,92
2018-08-26 14:00:00,165,72,93
2018-08-26 15:00:00,143,74,69
2018-08-26 16:00:00,180,82,98
2018-08-26 17:00:00,132,56,76
2018-08-26 18:00:00,165,79,86
2018-08-26 19:00:00,54,14,40
2018-08-26 20:00:00,24,9,15
2018-08-26 21:00:00,4,3,1
2018-08-26 22:00:00,6,2,4
2018-08-26 23:00:00,3,2,1
2018-08-27 00:00:00,3,1,2
2018-08-27 01:00:00,0,0,0
2018-08-27 02:00:00,1,1,0
2018-08-27 03:00:00,1,0,1
2018-08-27 04:00:00,2,1,1
2018-08-27 05:00:00,12,5,7
2018-08-27 06:00:00,79,55,24
2018-08-27 07:00:00,125,68,57
2018-08-27 08:00:00,168,79,89
2018-08-27 09:00:00,99,41,58
2018-08-27 10:00:00,102,55,47
2018-08-27 11:00:00,139,69,70
2018-08-27 12:00:00,339,180,159
2018-08-27 13:00:00,197,85,112
2018-08-27 14:00:00,169,79,90
2018-08-27 15:00:00,173,83,90
2018-08-27 16:00:00,198,100,98
2018-08-27 17:00:00,277,158,119
2018-08-27 18:00:00,371,195,176
2018-08-27 19:00:00,378,189,189
2018-08-27 20:00:00,248,111,137
2018-08-27 21:00:00,43,19,24
2018-08-27 22:00:00,5,0,5
2018-08-27 23:00:00,7,5,2
2018-08-28 00:00:00,1,1,0
2018-08-28 01:00:00,4,3,1
2018-08-28 02:00:00,6,1,5
2018-08-28 03:00:00,6,3,3
2018-08-28 04:00:00,5,2,3
2018-08-28 05:00:00,30,16,14
2018-08-28 06:00:00,141,81,60
2018-08-28 07:00:00,199,97,102
2018-08-28 08:00:00,147,70,77
2018-08-28 09:00:00,82,36,46
2018-08-28 10:00:00,110,56,54
2018-08-28 11:00:00,171,85,86
2018-08-28 12:00:00,339,171,168
2018-08-28 13:00:00,156,76,80
2018-08-28 14:00:00,148,72,76
2018-08-28 15:00:00,161,74,87
2018-08-28 16:00:00,188,101,87
2018-08-28 17:00:00,243,141,102
2018-08-28 18:00:00,283,140,143
2018-08-28 19:00:00,290,127,163
2018-08-28 20:00:00,150,53,97
2018-08-28 21:00:00,34,13,21
2018-08-28 22:00:00,9,5,4
2018-08-28 23:00:00,5,4,1
2018-08-29 00:00:00,5,4,1
2018-08-29 01:00:00,3,0,3
2018-08-29 02:00:00,4,2,2
2018-08-29 03:00:00,1,0,1
2018-08-29 04:00:00,2,1,1
2018-08-29 05:00:00,15,8,7
2018-08-29 06:00:00,150,91,59
2018-08-29 07:00:00,192,93,99
2018-08-29 08:00:00,146,62,84
2018-08-29 09:00:00,97,44,53
2018-08-29 10:00:00,109,47,62
2018-08-29 11:00:00,158,88,70
2018-08-29 12:00:00,257,129,128
2018-08-29 13:00:00,183,88,95
2018-08-29 14:00:00,122,61,61
2018-08-29 15:00:00,132,57,75
2018-08-29 16:00:00,126,54,72
2018-08-29 17:00:00,220,133,87
2018-08-29 18:00:00,238,126,112
2018-08-29 19:00:00,254,113,141
2018-08-29 20:00:00,125,48,77
2018-08-29 21:00:00,25,12,13
2018-08-29 22:00:00,14,4,10
2018-08-29 23:00:00,8,1,7
2018-08-30 00:00:00,4,2,2
2018-08-30 01:00:00,1,1,0
2018-08-30 02:00:00,6,4,2
2018-08-30 03:00:00,2,0,2
2018-08-30 04:00:00,2,0,2
2018-08-30 05:00:00,29,16,13
2018-08-30 06:00:00,132,78,54
2018-08-30 07:00:00,161,70,91
2018-08-30 08:00:00,133,68,65
2018-08-30 09:00:00,100,45,55
2018-08-30 10:00:00,96,50,46
2018-08-30 11:00:00,140,64,76
2018-08-30 12:00:00,232,109,123
2018-08-30 13:00:00,150,73,77
2018-08-30 14:00:00,127,57,70
2018-08-30 15:00:00,157,66,91
2018-08-30 16:00:00,143,62,81
2018-08-30 17:00:00,183,88,95
2018-08-30 18:00:00,240,123,117
2018-08-30 19:00:00,201,88,113
2018-08-30 20:00:00,113,33,80
2018-08-30 21:00:00,21,16,5
2018-08-30 22:00:00,17,12,5
2018-08-30 23:00:00,8,3,5
2018-08-31 00:00:00,2,1,1
2018-08-31 01:00:00,3,2,1
2018-08-31 02:00:00,1,0,1
2018-08-31 03:00:00,1,1,0
2018-08-31 04:00:00,9,4,5
2018-08-31 05:00:00,9,5,4
2018-08-31 06:00:00,56,27,29
2018-08-31 07:00:00,98,50,48
2018-08-31 08:00:00,150,73,77
2018-08-31 09:00:00,149,65,84
2018-08-31 10:00:00,153,80,73
2018-08-31 11:00:00,187,79,108
2018-08-31 12:00:00,216,116,100
2018-08-31 13:00:00,143,67,76
2018-08-31 14:00:00,183,97,86
2018-08-31 15:00:00,154,68,86
2018-08-31 16:00:00,191,99,92
2018-08-31 17:00:00,197,111,86
2018-08-31 18:00:00,206,104,102
2018-08-31 19:00:00,149,57,92
2018-08-31 20:00:00,81,33,48
2018-08-31 21:00:00,10,4,6
2018-08-31 22:00:00,7,4,3
2018-08-31 23:00:00,7,5,2
2018-09-01 00:00:00,6,3,3
2018-09-01 01:00:00,7,3,4
2018-09-01 02:00:00,7,3,4
2018-09-01 03:00:00,3,0,3
2018-09-01 04:00:00,2,0,2
2018-09-01 05:00:00,2,1,1
2018-09-01 06:00:00,43,30,13
2018-09-01 07:00:00,94,49,45
2018-09-01 08:00:00,149,72,77
2018-09-01 09:00:00,184,94,90
2018-09-01 10:00:00,205,98,107
2018-09-01 11:00:00,208,107,101
2018-09-01 12:00:00,166,72,94
2018-09-01 13:00:00,175,75,100
2018-09-01 14:00:00,247,111,136
2018-09-01 15:00:00,267,145,122
2018-09-01 16:00:00,242,112,130
2018-09-01 17:00:00,216,115,101
2018-09-01 18:00:00,223,94,129
2018-09-01 19:00:00,156,69,87
2018-09-01 20:00:00,69,20,49
2018-09-01 21:00:00,19,15,4
2018-09-01 22:00:00,9,2,7
2018-09-01 23:00:00,12,10,2
2018-09-02 00:00:00,9,4,5
2018-09-02 01:00:00,8,4,4
2018-09-02 02:00:00,2,1,1
2018-09-02 03:00:00,2,2,0
2018-09-02 04:00:00,0,0,0
2018-09-02 05:00:00,3,1,2
2018-09-02 06:00:00,24,17,7
2018-09-02 07:00:00,87,46,41
2018-09-02 08:00:00,132,70,62
2018-09-02 09:00:00,243,137,106
2018-09-02 10:00:00,303,136,167
2018-09-02 11:00:00,264,126,138
2018-09-02 12:00:00,233,88,145
2018-09-02 13:00:00,267,133,134
2018-09-02 14:00:00,290,139,151
2018-09-02 15:00:00,326,149,177
2018-09-02 16:00:00,299,126,173
2018-09-02 17:00:00,252,124,128
2018-09-02 18:00:00,302,143,159
2018-09-02 19:00:00,248,118,130
2018-09-02 20:00:00,110,37,73
2018-09-02 21:00:00,37,25,12
2018-09-02 22:00:00,19,8,11
2018-09-02 23:00:00,9,5,4
2018-09-03 00:00:00,5,2,3
2018-09-03 01:00:00,0,0,0
2018-09-03 02:00:00,4,2,2
2018-09-03 03:00:00,5,3,2
2018-09-03 04:00:00,2,0,2
2018-09-03 05:00:00,6,4,2
2018-09-03 06:00:00,25,13,12
2018-09-03 07:00:00,88,53,35
2018-09-03 08:00:00,129,58,71
2018-09-03 09:00:00,186,116,70
2018-09-03 10:00:00,238,117,121
2018-09-03 11:00:00,274,136,138
2018-09-03 12:00:00,266,120,146
2018-09-03 13:00:00,269,132,137
2018-09-03 14:00:00,303,145,158
2018-09-03 15:00:00,355,177,178
2018-09-03 16:00:00,333,157,176
2018-09-03 17:00:00,250,118,132
2018-09-03 18:00:00,257,127,130
2018-09-03 19:00:00,276,118,158
2018-09-03 20:00:00,99,39,60
2018-09-03 21:00:00,13,5,8
2018-09-03 22:00:00,6,4,2
2018-09-03 23:00:00,2,1,1
2018-09-04 00:00:00,6,5,1
2018-09-04 01:00:00,3,0,3
2018-09-04 02:00:00,1,1,0
2018-09-04 03:00:00,3,1,2
2018-09-04 04:00:00,3,1,2
2018-09-04 05:00:00,12,6,6
2018-09-04 06:00:00,69,42,27
2018-09-04 07:00:00,153,71,82
2018-09-04 08:00:00,107,48,59
2018-09-04 09:00:00,101,43,58
2018-09-04 10:00:00,107,53,54
2018-09-04 11:00:00,130,66,64
2018-09-04 12:00:00,281,151,130
2018-09-04 13:00:00,189,81,108
2018-09-04 14:00:00,166,83,83
2018-09-04 15:00:00,142,64,78
2018-09-04 16:00:00,180,91,89
2018-09-04 17:00:00,231,139,92
2018-09-04 18:00:00,275,150,125
2018-09-04 19:00:00,257,133,124
2018-09-04 20:00:00,135,48,87
2018-09-04 21:00:00,24,10,14
2018-09-04 22:00:00,14,9,5
2018-09-04 23:00:00,2,0,2
2018-09-05 00:00:00,5,4,1
2018-09-05 01:00:00,1,1,0
2018-09-05 02:00:00,2,1,1
2018-09-05 03:00:00,1,1,0
2018-09-05 04:00:00,3,2,1
2018-09-05 05:00:00,23,10,13
2018-09-05 06:00:00,109,67,42
2018-09-05 07:00:00,195,97,98
2018-09-05 08:00:00,161,80,81
2018-09-05 09:00:00,120,43,77
2018-09-05 10:00:00,112,47,65
2018-09-05 11:00:00,160,84,76
2018-09-05 12:00:00,289,135,154
2018-09-05 13:00:00,196,102,94
2018-09-05 14:00:00,150,73,77
2018-09-05 15:00:00,156,61,95
2018-09-05 16:00:00,158,88,70
2018-09-05 17:00:00,236,140,96
2018-09-05 18:00:00,270,145,125
2018-09-05 19:00:00,265,121,144
2018-09-05 20:00:00,148,55,93
2018-09-05 21:00:00,29,10,19
2018-09-05 22:00:00,8,4,4
2018-09-05 23:00:00,4,0,4
2018-09-06 00:00:00,1,1,0
2018-09-06 01:00:00,0,0,0
2018-09-06 02:00:00,3,2,1
2018-09-06 03:00:00,3,1,2
2018-09-06 04:00:00,5,3,2
2018-09-06 05:00:00,22,13,9
2018-09-06 06:00:00,123,67,56
2018-09-06 07:00:00,191,96,95
2018-09-06 08:00:00,151,55,96
2018-09-06 09:00:00,114,47,67
2018-09-06 10:00:00,101,46,55
2018-09-06 11:00:00,157,83,74
2018-09-06 12:00:00,279,138,141
2018-09-06 13:00:00,189,86,103
2018-09-06 14:00:00,149,70,79
2018-09-06 15:00:00,174,92,82
2018-09-06 16:00:00,182,88,94
2018-09-06 17:00:00,240,137,103
2018-09-06 18:00:00,240,119,121
2018-09-06 19:00:00,225,108,117
2018-09-06 20:00:00,118,40,78
2018-09-06 21:00:00,20,8,12
2018-09-06 22:00:00,8,6,2
2018-09-06 23:00:00,5,1,4
2018-09-07 00:00:00,1,0,1
2018-09-07 01:00:00,3,1,2
2018-09-07 02:00:00,1,0,1
2018-09-07 03:00:00,1,0,1
2018-09-07 04:00:00,6,4,2
2018-09-07 05:00:00,10,5,5
2018-09-07 06:00:00,84,50,34
2018-09-07 07:00:00,152,69,83
2018-09-07 08:00:00,146,63,83
2018-09-07 09:00:00,106,44,62
2018-09-07 10:00:00,125,57,68
2018-09-07 11:00:00,148,71,77
2018-09-07 12:00:00,227,109,118
2018-09-07 13:00:00,140,73,67
2018-09-07 14:00:00,134,63,71
2018-09-07 15:00:00,127,60,67
2018-09-07 16:00:00,168,88,80
2018-09-07 17:00:00,160,77,83
2018-09-07 18:00:00,149,70,79
2018-09-07 19:00:00,86,39,47
2018-09-07 20:00:00,23,7,16
2018-09-07 21:00:00,7,5,2
2018-09-07 22:00:00,10,4,6
2018-09-07 23:00:00,1,0,1
2018-09-08 00:00:00,3,3,0
2018-09-08 01:00:00,3,1,2
2018-09-08 02:00:00,9,0,9
2018-09-08 03:00:00,1,0,1
2018-09-08 04:00:00,4,2,2
2018-09-08 05:00:00,4,2,2
2018-09-08 06:00:00,19,13,6
2018-09-08 07:00:00,104,55,49
2018-09-08 08:00:00,160,87,73
2018-09-08 09:00:00,178,91,87
2018-09-08 10:00:00,198,96,102
2018-09-08 11:00:00,184,77,107
2018-09-08 12:00:00,197,91,106
2018-09-08 13:00:00,163,79,84
2018-09-08 14:00:00,153,79,74
2018-09-08 15:00:00,202,101,101
2018-09-08 16:00:00,183,73,110
2018-09-08 17:00:00,208,116,92
2018-09-08 18:00:00,197,107,90
2018-09-08 19:00:00,181,81,100
2018-09-08 20:00:00,72,26,46
2018-09-08 21:00:00,18,11,7
2018-09-08 22:00:00,8,4,4
2018-09-08 23:00:00,14,6,8
2018-09-09 00:00:00,5,3,2
2018-09-09 01:00:00,4,2,2
2018-09-09 02:00:00,2,2,0
2018-09-09 03:00:00,4,3,1
2018-09-09 04:00:00,4,1,3
2018-09-09 05:00:00,6,3,3
2018-09-09 06:00:00,28,13,15
2018-09-09 07:00:00,87,52,35
2018-09-09 08:00:00,128,66,62
2018-09-09 09:00:00,215,107,108
2018-09-09 10:00:00,258,127,131
2018-09-09 11:00:00,235,107,128
2018-09-09 12:00:00,189,91,98
2018-09-09 13:00:00,202,104,98
2018-09-09 14:00:00,222,112,110
2018-09-09 15:00:00,220,94,126
2018-09-09 16:00:00,226,108,118
2018-09-09 17:00:00,206,89,117
2018-09-09 18:00:00,195,104,91
2018-09-09 19:00:00,136,51,85
2018-09-09 20:00:00,38,12,26
2018-09-09 21:00:00,4,3,1
2018-09-09 22:00:00,1,1,0
2018-09-09 23:00:00,3,0,3
2018-09-10 00:00:00,1,1,0
2018-09-10 01:00:00,3,1,2
2018-09-10 02:00:00,0,0,0
2018-09-10 03:00:00,2,0,2
2018-09-10 04:00:00,3,2,1
2018-09-10 05:00:00,13,6,7
2018-09-10 06:00:00,89,58,31
2018-09-10 07:00:00,152,72,80
2018-09-10 08:00:00,151,77,74
2018-09-10 09:00:00,125,57,68
2018-09-10 10:00:00,116,50,66
2018-09-10 11:00:00,126,66,60
2018-09-10 12:00:00,275,142,133
2018-09-10 13:00:00,170,74,96
2018-09-10 14:00:00,106,50,56
2018-09-10 15:00:00,131,60,71
2018-09-10 16:00:00,146,62,84
2018-09-10 17:00:00,150,88,62
2018-09-10 18:00:00,208,107,101
2018-09-10 19:00:00,189,94,95
2018-09-10 20:00:00,65,26,39
2018-09-10 21:00:00,18,8,10
2018-09-10 22:00:00,7,2,5
2018-09-10 23:00:00,1,0,1
2018-09-11 00:00:00,4,0,4
2018-09-11 01:00:00,2,0,2
2018-09-11 02:00:00,0,0,0
2018-09-11 03:00:00,1,1,0
2018-09-11 04:00:00,3,1,2
2018-09-11 05:00:00,29,19,10
2018-09-11 06:00:00,148,83,65
2018-09-11 07:00:00,209,98,111
2018-09-11 08:00:00,160,70,90
2018-09-11 09:00:00,83,37,46
2018-09-11 10:00:00,82,40,42
2018-09-11 11:00:00,100,57,43
2018-09-11 12:00:00,282,142,140
2018-09-11 13:00:00,178,82,96
2018-09-11 14:00:00,115,65,50
2018-09-11 15:00:00,119,49,70
2018-09-11 16:00:00,159,87,72
2018-09-11 17:00:00,245,119,126
2018-09-11 18:00:00,252,121,131
2018-09-11 19:00:00,227,106,121
2018-09-11 20:00:00,77,30,47
2018-09-11 21:00:00,25,12,13
2018-09-11 22:00:00,7,4,3
2018-09-11 23:00:00,6,3,3
2018-09-12 00:00:00,6,5,1
2018-09-12 01:00:00,1,0,1
2018-09-12 02:00:00,0,0,0
2018-09-12 03:00:00,4,2,2
2018-09-12 04:00:00,6,2,4
2018-09-12 05:00:00,15,8,7
2018-09-12 06:00:00,145,92,53
2018-09-12 07:00:00,195,84,111
2018-09-12 08:00:00,141,71,70
2018-09-12 09:00:00,97,47,50
2018-09-12 10:00:00,103,44,59
2018-09-12 11:00:00,161,83,78
2018-09-12 12:00:00,254,121,133
2018-09-12 13:00:00,168,81,87
2018-09-12 14:00:00,123,57,66
2018-09-12 15:00:00,158,70,88
2018-09-12 16:00:00,189,106,83
2018-09-12 17:00:00,201,97,104
2018-09-12 18:00:00,193,101,92
2018-09-12 19:00:00,190,89,101
2018-09-12 20:00:00,65,28,37
2018-09-12 21:00:00,19,9,10
2018-09-12 22:00:00,6,4,2
2018-09-12 23:00:00,4,2,2
2018-09-13 00:00:00,8,3,5
2018-09-13 01:00:00,1,0,1
2018-09-13 02:00:00,1,1,0
2018-09-13 03:00:00,2,1,1
2018-09-13 04:00:00,1,1,0
2018-09-13 05:00:00,34,21,13
2018-09-13 06:00:00,135,80,55
2018-09-13 07:00:00,169,83,86
2018-09-13 08:00:00,142,67,75
2018-09-13 09:00:00,86,37,49
2018-09-13 10:00:00,99,50,49
2018-09-13 11:00:00,128,66,62
2018-09-13 12:00:00,273,131,142
2018-09-13 13:00:00,166,77,89
2018-09-13 14:00:00,141,71,70
2018-09-13 15:00:00,105,39,66
2018-09-13 16:00:00,199,105,94
2018-09-13 17:00:00,184,92,92
2018-09-13 18:00:00,221,119,102
2018-09-13 19:00:00,162,68,94
2018-09-13 20:00:00,38,16,22
2018-09-13 21:00:00,10,3,7
2018-09-13 22:00:00,9,7,2
2018-09-13 23:00:00,17,8,9
2018-09-14 00:00:00,11,6,5
2018-09-14 01:00:00,7,3,4
2018-09-14 02:00:00,5,1,4
2018-09-14 03:00:00,3,1,2
2018-09-14 04:00:00,1,1,0
2018-09-14 05:00:00,17,7,10
2018-09-14 06:00:00,66,40,26
2018-09-14 07:00:00,118,52,66
2018-09-14 08:00:00,106,46,60
2018-09-14 09:00:00,72,33,39
2018-09-14 10:00:00,79,36,43
2018-09-14 11:00:00,114,67,47
2018-09-14 12:00:00,236,116,120
2018-09-14 13:00:00,162,85,77
2018-09-14 14:00:00,166,83,83
2018-09-14 15:00:00,108,46,62
2018-09-14 16:00:00,143,64,79
2018-09-14 17:00:00,176,85,91
2018-09-14 18:00:00,141,68,73
2018-09-14 19:00:00,139,61,78
2018-09-14 20:00:00,39,16,23
2018-09-14 21:00:00,15,8,7
2018-09-14 22:00:00,8,6,2
2018-09-14 23:00:00,9,3,6
2018-09-15 00:00:00,3,2,1
2018-09-15 01:00:00,2,1,1
2018-09-15 02:00:00,3,1,2
2018-09-15 03:00:00,2,1,1
2018-09-15 04:00:00,4,3,1
2018-09-15 05:00:00,5,4,1
2018-09-15 06:00:00,22,8,14
2018-09-15 07:00:00,103,59,44
2018-09-15 08:00:00,139,63,76
2018-09-15 09:00:00,213,111,102
2018-09-15 10:00:00,215,92,123
2018-09-15 11:00:00,194,84,110
2018-09-15 12:00:00,170,74,96
2018-09-15 13:00:00,139,72,67
2018-09-15 14:00:00,162,82,80
2018-09-15 15:00:00,224,93,131
2018-09-15 16:00:00,180,75,105
2018-09-15 17:00:00,82,35,47
2018-09-15 18:00:00,39,21,18
2018-09-15 19:00:00,49,22,27
2018-09-15 20:00:00,21,10,11
2018-09-15 21:00:00,8,4,4
2018-09-15 22:00:00,6,3,3
2018-09-15 23:00:00,12,6,6
2018-09-16 00:00:00,2,1,1
2018-09-16 01:00:00,4,3,1
2018-09-16 02:00:00,4,3,1
2018-09-16 03:00:00,4,3,1
2018-09-16 04:00:00,0,0,0
2018-09-16 05:00:00,3,3,0
2018-09-16 06:00:00,16,8,8
2018-09-16 07:00:00,26,15,11
2018-09-16 08:00:00,72,47,25
2018-09-16 09:00:00,82,35,47
2018-09-16 10:00:00,140,79,61
2018-09-16 11:00:00,273,155,118
2018-09-16 12:00:00,267,145,122
2018-09-16 13:00:00,272,178,94
2018-09-16 14:00:00,224,175,49
2018-09-16 15:00:00,299,166,133
2018-09-16 16:00:00,290,137,153
2018-09-16 17:00:00,307,139,168
2018-09-16 18:00:00,249,116,133
2018-09-16 19:00:00,187,77,110
2018-09-16 20:00:00,33,15,18
2018-09-16 21:00:00,18,6,12
2018-09-16 22:00:00,2,1,1
2018-09-16 23:00:00,6,5,1
2018-09-17 00:00:00,8,4,4
2018-09-17 01:00:00,0,0,0
2018-09-17 02:00:00,1,1,0
2018-09-17 03:00:00,2,1,1
2018-09-17 04:00:00,4,3,1
2018-09-17 05:00:00,13,7,6
2018-09-17 06:00:00,78,44,34
2018-09-17 07:00:00,179,88,91
2018-09-17 08:00:00,133,59,74
2018-09-17 09:00:00,116,51,65
2018-09-17 10:00:00,97,48,49
2018-09-17 11:00:00,154,84,70
2018-09-17 12:00:00,317,167,150
2018-09-17 13:00:00,162,69,93
2018-09-17 14:00:00,151,77,74
2018-09-17 15:00:00,171,82,89
2018-09-17 16:00:00,208,110,98
2018-09-17 17:00:00,253,138,115
2018-09-17 18:00:00,237,132,105
2018-09-17 19:00:00,184,80,104
2018-09-17 20:00:00,40,19,21
2018-09-17 21:00:00,20,9,11
2018-09-17 22:00:00,8,5,3
2018-09-17 23:00:00,7,3,4
2018-09-18 00:00:00,4,1,3
2018-09-18 01:00:00,2,1,1
2018-09-18 02:00:00,0,0,0
2018-09-18 03:00:00,1,1,0
2018-09-18 04:00:00,2,2,0
2018-09-18 05:00:00,17,8,9
2018-09-18 06:00:00,106,64,42
2018-09-18 07:00:00,192,98,94
2018-09-18 08:00:00,158,60,98
2018-09-18 09:00:00,87,43,44
2018-09-18 10:00:00,87,40,47
2018-09-18 11:00:00,144,76,68
2018-09-18 12:00:00,277,154,123
2018-09-18 13:00:00,223,111,112
2018-09-18 14:00:00,165,71,94
2018-09-18 15:00:00,169,89,80
2018-09-18 16:00:00,232,106,126
2018-09-18 17:00:00,252,140,112
2018-09-18 18:00:00,294,149,145
2018-09-18 19:00:00,218,88,130
2018-09-18 20:00:00,40,18,22
2018-09-18 21:00:00,21,14,7
2018-09-18 22:00:00,11,3,8
2018-09-18 23:00:00,2,1,1
2018-09-19 00:00:00,1,0,1
2018-09-19 01:00:00,1,0,1
2018-09-19 02:00:00,1,1,0
2018-09-19 03:00:00,0,0,0
2018-09-19 04:00:00,4,2,2
2018-09-19 05:00:00,15,8,7
2018-09-19 06:00:00,126,71,55
2018-09-19 07:00:00,137,59,78
2018-09-19 08:00:00,146,71,75
2018-09-19 09:00:00,104,41,63
2018-09-19 10:00:00,126,66,60
2018-09-19 11:00:00,185,97,88
2018-09-19 12:00:00,286,145,141
2018-09-19 13:00:00,205,100,105
2018-09-19 14:00:00,169,84,85
2018-09-19 15:00:00,181,90,91
2018-09-19 16:00:00,192,94,98
2018-09-19 17:00:00,265,139,126
2018-09-19 18:00:00,313,171,142
2018-09-19 19:00:00,191,85,106
2018-09-19 20:00:00,40,19,21
2018-09-19 21:00:00,23,11,12
2018-09-19 22:00:00,9,7,2
2018-09-19 23:00:00,3,3,0
2018-09-20 00:00:00,5,3,2
2018-09-20 01:00:00,1,0,1
2018-09-20 02:00:00,1,0,1
2018-09-20 03:00:00,2,1,1
2018-09-20 04:00:00,1,0,1
2018-09-20 05:00:00,22,17,5
2018-09-20 06:00:00,122,70,52
2018-09-20 07:00:00,192,95,97
2018-09-20 08:00:00,128,59,69
2018-09-20 09:00:00,100,42,58
2018-09-20 10:00:00,84,32,52
2018-09-20 11:00:00,114,58,56
2018-09-20 12:00:00,224,122,102
2018-09-20 13:00:00,157,74,83
2018-09-20 14:00:00,112,55,57
2018-09-20 15:00:00,125,61,64
2018-09-20 16:00:00,169,86,83
2018-09-20 17:00:00,182,104,78
2018-09-20 18:00:00,191,99,92
2018-09-20 19:00:00,160,68,92
2018-09-20 20:00:00,38,15,23
2018-09-20 21:00:00,19,11,8
2018-09-20 22:00:00,6,2,4
2018-09-20 23:00:00,7,5,2
2018-09-21 00:00:00,0,0,0
2018-09-21 01:00:00,2,1,1
2018-09-21 02:00:00,1,1,0
2018-09-21 03:00:00,0,0,0
2018-09-21 04:00:00,3,1,2
2018-09-21 05:00:00,10,5,5
2018-09-21 06:00:00,69,45,24
2018-09-21 07:00:00,142,78,64
2018-09-21 08:00:00,165,73,92
2018-09-21 09:00:00,108,46,62
2018-09-21 10:00:00,102,47,55
2018-09-21 11:00:00,127,65,62
2018-09-21 12:00:00,307,158,149
2018-09-21 13:00:00,152,64,88
2018-09-21 14:00:00,134,61,73
2018-09-21 15:00:00,133,60,73
2018-09-21 16:00:00,134,59,75
2018-09-21 17:00:00,132,62,70
2018-09-21 18:00:00,148,74,74
2018-09-21 19:00:00,141,60,81
2018-09-21 20:00:00,46,20,26
2018-09-21 21:00:00,18,11,7
2018-09-21 22:00:00,10,5,5
2018-09-21 23:00:00,6,3,3
2018-09-22 00:00:00,0,0,0
2018-09-22 01:00:00,1,1,0
2018-09-22 02:00:00,4,2,2
2018-09-22 03:00:00,2,1,1
2018-09-22 04:00:00,3,1,2
2018-09-22 05:00:00,9,5,4
2018-09-22 06:00:00,23,16,7
2018-09-22 07:00:00,77,41,36
2018-09-22 08:00:00,126,62,64
2018-09-22 09:00:00,174,93,81
2018-09-22 10:00:00,160,70,90
2018-09-22 11:00:00,165,91,74
2018-09-22 12:00:00,196,95,101
2018-09-22 13:00:00,197,102,95
2018-09-22 14:00:00,177,87,90
2018-09-22 15:00:00,187,88,99
2018-09-22 16:00:00,199,88,111
2018-09-22 17:00:00,167,79,88
2018-09-22 18:00:00,118,53,65
2018-09-22 19:00:00,87,34,53
2018-09-22 20:00:00,23,12,11
2018-09-22 21:00:00,18,8,10
2018-09-22 22:00:00,11,5,6
2018-09-22 23:00:00,10,5,5
2018-09-23 00:00:00,10,4,6
2018-09-23 01:00:00,3,3,0
2018-09-23 02:00:00,3,2,1
2018-09-23 03:00:00,1,0,1
2018-09-23 04:00:00,0,0,0
2018-09-23 05:00:00,3,1,2
2018-09-23 06:00:00,24,16,8
2018-09-23 07:00:00,71,42,29
2018-09-23 08:00:00,154,79,75
2018-09-23 09:00:00,192,98,94
2018-09-23 10:00:00,205,105,100
2018-09-23 11:00:00,231,130,101
2018-09-23 12:00:00,235,113,122
2018-09-23 13:00:00,237,110,127
2018-09-23 14:00:00,248,130,118
2018-09-23 15:00:00,265,126,139
2018-09-23 16:00:00,303,169,134
2018-09-23 17:00:00,293,142,151
2018-09-23 18:00:00,280,134,146
2018-09-23 19:00:00,144,47,97
2018-09-23 20:00:00,37,17,20
2018-09-23 21:00:00,6,5,1
2018-09-23 22:00:00,1,0,1
2018-09-23 23:00:00,7,5,2
2018-09-24 00:00:00,5,1,4
2018-09-24 01:00:00,0,0,0
2018-09-24 02:00:00,2,2,0
2018-09-24 03:00:00,3,2,1
2018-09-24 04:00:00,5,2,3
2018-09-24 05:00:00,11,9,2
2018-09-24 06:00:00,76,40,36
2018-09-24 07:00:00,131,64,67
2018-09-24 08:00:00,125,60,65
2018-09-24 09:00:00,129,57,72
2018-09-24 10:00:00,133,75,58
2018-09-24 11:00:00,187,97,90
2018-09-24 12:00:00,299,150,149
2018-09-24 13:00:00,191,90,101
2018-09-24 14:00:00,171,96,75
2018-09-24 15:00:00,157,78,79
2018-09-24 16:00:00,179,100,79
2018-09-24 17:00:00,253,138,115
2018-09-24 18:00:00,308,168,140
2018-09-24 19:00:00,181,75,106
2018-09-24 20:00:00,34,14,20
2018-09-24 21:00:00,20,8,12
2018-09-24 22:00:00,9,5,4
2018-09-24 23:00:00,8,3,5
2018-09-25 00:00:00,3,2,1
2018-09-25 01:00:00,5,2,3
2018-09-25 02:00:00,2,1,1
2018-09-25 03:00:00,2,1,1
2018-09-25 04:00:00,4,2,2
2018-09-25 05:00:00,31,20,11
2018-09-25 06:00:00,92,46,46
2018-09-25 07:00:00,180,92,88
2018-09-25 08:00:00,150,69,81
2018-09-25 09:00:00,100,40,60
2018-09-25 10:00:00,99,44,55
2018-09-25 11:00:00,152,87,65
2018-09-25 12:00:00,338,174,164
2018-09-25 13:00:00,181,89,92
2018-09-25 14:00:00,135,65,70
2018-09-25 15:00:00,166,90,76
2018-09-25 16:00:00,214,91,123
2018-09-25 17:00:00,228,137,91
2018-09-25 18:00:00,323,166,157
2018-09-25 19:00:00,221,103,118
2018-09-25 20:00:00,41,16,25
2018-09-25 21:00:00,20,14,6
2018-09-25 22:00:00,12,4,8
2018-09-25 23:00:00,4,2,2
2018-09-26 00:00:00,6,3,3
2018-09-26 01:00:00,2,2,0
2018-09-26 02:00:00,1,0,1
2018-09-26 03:00:00,0,0,0
2018-09-26 04:00:00,5,3,2
2018-09-26 05:00:00,26,14,12
2018-09-26 06:00:00,79,46,33
2018-09-26 07:00:00,191,95,96
2018-09-26 08:00:00,141,56,85
2018-09-26 09:00:00,117,50,67
2018-09-26 10:00:00,91,38,53
2018-09-26 11:00:00,125,69,56
2018-09-26 12:00:00,226,111,115
2018-09-26 13:00:00,186,89,97
2018-09-26 14:00:00,144,72,72
2018-09-26 15:00:00,143,70,73
2018-09-26 16:00:00,220,111,109
2018-09-26 17:00:00,299,170,129
2018-09-26 18:00:00,339,183,156
2018-09-26 19:00:00,234,90,144
2018-09-26 20:00:00,43,21,22
2018-09-26 21:00:00,18,8,10
2018-09-26 22:00:00,22,10,12
2018-09-26 23:00:00,5,3,2
2018-09-27 00:00:00,6,2,4
2018-09-27 01:00:00,2,1,1
2018-09-27 02:00:00,0,0,0
2018-09-27 03:00:00,2,1,1
2018-09-27 04:00:00,2,2,0
2018-09-27 05:00:00,19,11,8
2018-09-27 06:00:00,103,54,49
2018-09-27 07:00:00,168,78,90
2018-09-27 08:00:00,134,63,71
2018-09-27 09:00:00,95,38,57
2018-09-27 10:00:00,103,43,60
2018-09-27 11:00:00,168,92,76
2018-09-27 12:00:00,300,145,155
2018-09-27 13:00:00,204,100,104
2018-09-27 14:00:00,175,76,99
2018-09-27 15:00:00,169,85,84
2018-09-27 16:00:00,202,102,100
2018-09-27 17:00:00,260,142,118
2018-09-27 18:00:00,278,129,149
2018-09-27 19:00:00,217,85,132
2018-09-27 20:00:00,25,11,14
2018-09-27 21:00:00,10,5,5
2018-09-27 22:00:00,10,7,3
2018-09-27 23:00:00,11,6,5
2018-09-28 00:00:00,3,2,1
2018-09-28 01:00:00,4,1,3
2018-09-28 02:00:00,3,2,1
2018-09-28 03:00:00,0,0,0
2018-09-28 04:00:00,2,1,1
2018-09-28 05:00:00,11,5,6
2018-09-28 06:00:00,90,48,42
2018-09-28 07:00:00,132,73,59
2018-09-28 08:00:00,143,65,78
2018-09-28 09:00:00,119,50,69
2018-09-28 10:00:00,132,68,64
2018-09-28 11:00:00,177,92,85
2018-09-28 12:00:00,282,128,154
2018-09-28 13:00:00,180,94,86
2018-09-28 14:00:00,177,88,89
2018-09-28 15:00:00,155,77,78
2018-09-28 16:00:00,225,111,114
2018-09-28 17:00:00,237,127,110
2018-09-28 18:00:00,282,146,136
2018-09-28 19:00:00,201,85,116
2018-09-28 20:00:00,39,12,27
2018-09-28 21:00:00,12,9,3
2018-09-28 22:00:00,21,12,9
2018-09-28 23:00:00,16,5,11
2018-09-29 00:00:00,6,2,4
2018-09-29 01:00:00,2,0,2
2018-09-29 02:00:00,2,1,1
2018-09-29 03:00:00,1,1,0
2018-09-29 04:00:00,1,1,0
2018-09-29 05:00:00,4,2,2
2018-09-29 06:00:00,24,15,9
2018-09-29 07:00:00,95,59,36
2018-09-29 08:00:00,161,85,76
2018-09-29 09:00:00,236,109,127
2018-09-29 10:00:00,207,89,118
2018-09-29 11:00:00,211,107,104
2018-09-29 12:00:00,209,83,126
2018-09-29 13:00:00,218,112,106
2018-09-29 14:00:00,200,84,116
2018-09-29 15:00:00,186,82,104
2018-09-29 16:00:00,226,118,108
2018-09-29 17:00:00,171,78,93
2018-09-29 18:00:00,174,65,109
2018-09-29 19:00:00,62,26,36
2018-09-29 20:00:00,21,13,8
2018-09-29 21:00:00,14,7,7
2018-09-29 22:00:00,2,0,2
2018-09-29 23:00:00,5,4,1
2018-09-30 00:00:00,4,2,2
2018-09-30 01:00:00,0,0,0
2018-09-30 02:00:00,1,1,0
2018-09-30 03:00:00,4,2,2
2018-09-30 04:00:00,4,2,2
2018-09-30 05:00:00,7,3,4
2018-09-30 06:00:00,11,6,5
2018-09-30 07:00:00,53,33,20
2018-09-30 08:00:00,144,76,68
2018-09-30 09:00:00,223,124,99
2018-09-30 10:00:00,219,92,127
2018-09-30 11:00:00,208,105,103
2018-09-30 12:00:00,206,87,119
2018-09-30 13:00:00,140,61,79
2018-09-30 14:00:00,79,34,45
2018-09-30 15:00:00,119,57,62
2018-09-30 16:00:00,158,83,75
2018-09-30 17:00:00,201,91,110
2018-09-30 18:00:00,140,60,80
2018-09-30 19:00:00,19,8,11
2018-09-30 20:00:00,11,8,3
2018-09-30 21:00:00,12,8,4
2018-09-30 22:00:00,4,2,2
2018-09-30 23:00:00,5,3,2
2018-10-01 00:00:00,2,2,0
2018-10-01 01:00:00,0,0,0
2018-10-01 02:00:00,2,2,0
2018-10-01 03:00:00,1,1,0
2018-10-01 04:00:00,0,0,0
2018-10-01 05:00:00,20,9,11
2018-10-01 06:00:00,75,42,33
2018-10-01 07:00:00,112,57,55
2018-10-01 08:00:00,130,61,69
2018-10-01 09:00:00,95,46,49
2018-10-01 10:00:00,45,21,24
2018-10-01 11:00:00,91,45,46
2018-10-01 12:00:00,188,90,98
2018-10-01 13:00:00,117,59,58
2018-10-01 14:00:00,49,19,30
2018-10-01 15:00:00,67,34,33
2018-10-01 16:00:00,83,34,49
2018-10-01 17:00:00,76,38,38
2018-10-01 18:00:00,84,49,35
2018-10-01 19:00:00,46,19,27
2018-10-01 20:00:00,11,6,5
2018-10-01 21:00:00,10,7,3
2018-10-01 22:00:00,10,5,5
2018-10-01 23:00:00,6,4,2
2018-10-02 00:00:00,3,2,1
2018-10-02 01:00:00,1,0,1
2018-10-02 02:00:00,2,1,1
2018-10-02 03:00:00,2,1,1
2018-10-02 04:00:00,1,1,0
2018-10-02 05:00:00,13,9,4
2018-10-02 06:00:00,104,60,44
2018-10-02 07:00:00,203,101,102
2018-10-02 08:00:00,139,60,79
2018-10-02 09:00:00,101,41,60
2018-10-02 10:00:00,104,51,53
2018-10-02 11:00:00,121,64,57
2018-10-02 12:00:00,255,125,130
2018-10-02 13:00:00,156,83,73
2018-10-02 14:00:00,105,49,56
2018-10-02 15:00:00,121,52,69
2018-10-02 16:00:00,98,46,52
2018-10-02 17:00:00,156,85,71
2018-10-02 18:00:00,159,73,86
2018-10-02 19:00:00,96,45,51
2018-10-02 20:00:00,14,6,8
2018-10-02 21:00:00,24,12,12
2018-10-02 22:00:00,5,2,3
2018-10-02 23:00:00,2,1,1
2018-10-03 00:00:00,2,1,1
2018-10-03 01:00:00,2,1,1
2018-10-03 02:00:00,1,1,0
2018-10-03 03:00:00,0,0,0
2018-10-03 04:00:00,1,1,0
2018-10-03 05:00:00,23,12,11
2018-10-03 06:00:00,92,63,29
2018-10-03 07:00:00,169,76,93
2018-10-03 08:00:00,114,50,64
2018-10-03 09:00:00,79,33,46
2018-10-03 10:00:00,80,39,41
2018-10-03 11:00:00,104,56,48
2018-10-03 12:00:00,239,125,114
2018-10-03 13:00:00,150,61,89
2018-10-03 14:00:00,126,66,60
2018-10-03 15:00:00,120,59,61
2018-10-03 16:00:00,157,80,77
2018-10-03 17:00:00,170,83,87
2018-10-03 18:00:00,180,94,86
2018-10-03 19:00:00,63,27,36
2018-10-03 20:00:00,26,9,17
2018-10-03 21:00:00,11,7,4
2018-10-03 22:00:00,4,3,1
2018-10-03 23:00:00,1,1,0
2018-10-04 00:00:00,2,1,1
2018-10-04 01:00:00,1,0,1
2018-10-04 02:00:00,1,1,0
2018-10-04 03:00:00,1,0,1
2018-10-04 04:00:00,3,1,2
2018-10-04 05:00:00,16,13,3
2018-10-04 06:00:00,88,46,42
2018-10-04 07:00:00,153,75,78
2018-10-04 08:00:00,129,53,76
2018-10-04 09:00:00,98,47,51
2018-10-04 10:00:00,111,48,63
2018-10-04 11:00:00,130,60,70
2018-10-04 12:00:00,264,127,137
2018-10-04 13:00:00,198,92,106
2018-10-04 14:00:00,139,71,68
2018-10-04 15:00:00,178,77,101
2018-10-04 16:00:00,200,106,94
2018-10-04 17:00:00,238,119,119
2018-10-04 18:00:00,252,123,129
2018-10-04 19:00:00,108,41,67
2018-10-04 20:00:00,19,10,9
2018-10-04 21:00:00,10,5,5
2018-10-04 22:00:00,9,5,4
2018-10-04 23:00:00,8,4,4
2018-10-05 00:00:00,3,1,2
2018-10-05 01:00:00,5,2,3
2018-10-05 02:00:00,2,2,0
2018-10-05 03:00:00,3,3,0
2018-10-05 04:00:00,3,2,1
2018-10-05 05:00:00,16,8,8
2018-10-05 06:00:00,48,28,20
2018-10-05 07:00:00,113,64,49
2018-10-05 08:00:00,104,44,60
2018-10-05 09:00:00,66,27,39
2018-10-05 10:00:00,54,28,26
2018-10-05 11:00:00,49,27,22
2018-10-05 12:00:00,87,37,50
2018-10-05 13:00:00,54,28,26
2018-10-05 14:00:00,65,37,28
2018-10-05 15:00:00,40,18,22
2018-10-05 16:00:00,32,11,21
2018-10-05 17:00:00,47,25,22
2018-10-05 18:00:00,50,25,25
2018-10-05 19:00:00,12,4,8
2018-10-05 20:00:00,16,9,7
2018-10-05 21:00:00,10,6,4
2018-10-05 22:00:00,11,5,6
2018-10-05 23:00:00,2,1,1
2018-10-06 00:00:00,4,3,1
2018-10-06 01:00:00,2,0,2
2018-10-06 02:00:00,0,0,0
2018-10-06 03:00:00,0,0,0
2018-10-06 04:00:00,4,2,2
2018-10-06 05:00:00,4,2,2
2018-10-06 06:00:00,22,14,8
2018-10-06 07:00:00,89,48,41
2018-10-06 08:00:00,140,74,66
2018-10-06 09:00:00,168,86,82
2018-10-06 10:00:00,177,82,95
2018-10-06 11:00:00,201,82,119
2018-10-06 12:00:00,194,86,108
2018-10-06 13:00:00,218,108,110
2018-10-06 14:00:00,253,118,135
2018-10-06 15:00:00,253,118,135
2018-10-06 16:00:00,268,130,138
2018-10-06 17:00:00,176,74,102
2018-10-06 18:00:00,188,77,111
2018-10-06 19:00:00,77,35,42
2018-10-06 20:00:00,19,9,10
2018-10-06 21:00:00,15,9,6
2018-10-06 22:00:00,20,14,6
2018-10-06 23:00:00,7,6,1
2018-10-07 00:00:00,6,5,1
2018-10-07 01:00:00,6,4,2
2018-10-07 02:00:00,3,2,1
2018-10-07 03:00:00,3,2,1
2018-10-07 04:00:00,1,0,1
2018-10-07 05:00:00,2,1,1
2018-10-07 06:00:00,3,1,2
2018-10-07 07:00:00,72,40,32
2018-10-07 08:00:00,119,64,55
2018-10-07 09:00:00,134,65,69
2018-10-07 10:00:00,131,64,67
2018-10-07 11:00:00,100,45,55
2018-10-07 12:00:00,115,47,68
2018-10-07 13:00:00,78,33,45
2018-10-07 14:00:00,137,67,70
2018-10-07 15:00:00,141,65,76
2018-10-07 16:00:00,130,62,68
2018-10-07 17:00:00,135,64,71
2018-10-07 18:00:00,112,53,59
2018-10-07 19:00:00,34,13,21
2018-10-07 20:00:00,11,3,8
2018-10-07 21:00:00,8,7,1
2018-10-07 22:00:00,4,1,3
2018-10-07 23:00:00,4,2,2
2018-10-08 00:00:00,4,1,3
2018-10-08 01:00:00,0,0,0
2018-10-08 02:00:00,1,1,0
2018-10-08 03:00:00,4,3,1
2018-10-08 04:00:00,1,1,0
2018-10-08 05:00:00,16,10,6
2018-10-08 06:00:00,46,26,20
2018-10-08 07:00:00,87,44,43
2018-10-08 08:00:00,112,45,67
2018-10-08 09:00:00,74,35,39
2018-10-08 10:00:00,49,21,28
2018-10-08 11:00:00,49,31,18
2018-10-08 12:00:00,163,80,83
2018-10-08 13:00:00,80,41,39
2018-10-08 14:00:00,69,25,44
2018-10-08 15:00:00,70,35,35
2018-10-08 16:00:00,89,41,48
2018-10-08 17:00:00,113,58,55
2018-10-08 18:00:00,79,35,44
2018-10-08 19:00:00,47,15,32
2018-10-08 20:00:00,18,11,7
2018-10-08 21:00:00,6,4,2
2018-10-08 22:00:00,7,4,3
2018-10-08 23:00:00,2,2,0
2018-10-09 00:00:00,5,4,1
2018-10-09 01:00:00,1,0,1
2018-10-09 02:00:00,2,1,1
2018-10-09 03:00:00,2,1,1
2018-10-09 04:00:00,1,1,0
2018-10-09 05:00:00,12,9,3
2018-10-09 06:00:00,94,52,42
2018-10-09 07:00:00,117,56,61
2018-10-09 08:00:00,91,32,59
2018-10-09 09:00:00,69,37,32
2018-10-09 10:00:00,85,43,42
2018-10-09 11:00:00,101,46,55
2018-10-09 12:00:00,212,112,100
2018-10-09 13:00:00,131,62,69
2018-10-09 14:00:00,104,54,50
2018-10-09 15:00:00,101,44,57
2018-10-09 16:00:00,146,78,68
2018-10-09 17:00:00,261,151,110
2018-10-09 18:00:00,304,140,164
2018-10-09 19:00:00,120,43,77
2018-10-09 20:00:00,25,12,13
2018-10-09 21:00:00,9,5,4
2018-10-09 22:00:00,8,4,4
2018-10-09 23:00:00,1,1,0
2018-10-10 00:00:00,3,3,0
2018-10-10 01:00:00,3,1,2
2018-10-10 02:00:00,0,0,0
2018-10-10 03:00:00,1,1,0
2018-10-10 04:00:00,10,6,4
2018-10-10 05:00:00,17,10,7
2018-10-10 06:00:00,116,64,52
2018-10-10 07:00:00,148,67,81
2018-10-10 08:00:00,131,59,72
2018-10-10 09:00:00,80,34,46
2018-10-10 10:00:00,85,29,56
2018-10-10 11:00:00,131,64,67
2018-10-10 12:00:00,264,136,128
2018-10-10 13:00:00,186,88,98
2018-10-10 14:00:00,149,85,64
2018-10-10 15:00:00,174,90,84
2018-10-10 16:00:00,221,98,123
2018-10-10 17:00:00,261,152,109
2018-10-10 18:00:00,300,145,155
2018-10-10 19:00:00,65,29,36
2018-10-10 20:00:00,25,12,13
2018-10-10 21:00:00,6,3,3
2018-10-10 22:00:00,13,8,5
2018-10-10 23:00:00,5,2,3
2018-10-11 00:00:00,1,1,0
2018-10-11 01:00:00,2,0,2
2018-10-11 02:00:00,0,0,0
2018-10-11 03:00:00,1,1,0
2018-10-11 04:00:00,5,2,3
2018-10-11 05:00:00,15,9,6
2018-10-11 06:00:00,93,56,37
2018-10-11 07:00:00,142,68,74
2018-10-11 08:00:00,95,40,55
2018-10-11 09:00:00,95,46,49
2018-10-11 10:00:00,76,36,40
2018-10-11 11:00:00,101,52,49
2018-10-11 12:00:00,275,131,144
2018-10-11 13:00:00,154,66,88
2018-10-11 14:00:00,146,82,64
2018-10-11 15:00:00,117,51,66
2018-10-11 16:00:00,207,110,97
2018-10-11 17:00:00,249,141,108
2018-10-11 18:00:00,282,134,148
2018-10-11 19:00:00,119,44,75
2018-10-11 20:00:00,28,14,14
2018-10-11 21:00:00,9,4,5
2018-10-11 22:00:00,8,4,4
2018-10-11 23:00:00,6,2,4
2018-10-12 00:00:00,1,0,1
2018-10-12 01:00:00,2,1,1
2018-10-12 02:00:00,2,0,2
2018-10-12 03:00:00,0,0,0
2018-10-12 04:00:00,3,2,1
2018-10-12 05:00:00,12,5,7
2018-10-12 06:00:00,47,28,19
2018-10-12 07:00:00,138,65,73
2018-10-12 08:00:00,141,63,78
2018-10-12 09:00:00,98,40,58
2018-10-12 10:00:00,109,45,64
2018-10-12 11:00:00,161,75,86
2018-10-12 12:00:00,280,138,142
2018-10-12 13:00:00,186,83,103
2018-10-12 14:00:00,168,73,95
2018-10-12 15:00:00,166,76,90
2018-10-12 16:00:00,196,95,101
2018-10-12 17:00:00,235,127,108
2018-10-12 18:00:00,232,95,137
2018-10-12 19:00:00,53,19,34
2018-10-12 20:00:00,9,4,5
2018-10-12 21:00:00,20,14,6
2018-10-12 22:00:00,9,3,6
2018-10-12 23:00:00,5,3,2
2018-10-13 00:00:00,1,1,0
2018-10-13 01:00:00,2,1,1
2018-10-13 02:00:00,1,0,1
2018-10-13 03:00:00,4,3,1
2018-10-13 04:00:00,3,2,1
2018-10-13 05:00:00,2,1,1
2018-10-13 06:00:00,16,11,5
2018-10-13 07:00:00,94,58,36
2018-10-13 08:00:00,185,74,111
2018-10-13 09:00:00,156,68,88
2018-10-13 10:00:00,196,92,104
2018-10-13 11:00:00,169,89,80
2018-10-13 12:00:00,199,87,112
2018-10-13 13:00:00,212,115,97
2018-10-13 14:00:00,204,99,105
2018-10-13 15:00:00,266,126,140
2018-10-13 16:00:00,241,121,120
2018-10-13 17:00:00,267,143,124
2018-10-13 18:00:00,238,89,149
2018-10-13 19:00:00,44,19,25
2018-10-13 20:00:00,17,8,9
2018-10-13 21:00:00,15,8,7
2018-10-13 22:00:00,8,5,3
2018-10-13 23:00:00,10,5,5
2018-10-14 00:00:00,3,2,1
2018-10-14 01:00:00,1,1,0
2018-10-14 02:00:00,1,1,0
2018-10-14 03:00:00,5,4,1
2018-10-14 04:00:00,1,1,0
2018-10-14 05:00:00,3,2,1
2018-10-14 06:00:00,6,2,4
2018-10-14 07:00:00,56,38,18
2018-10-14 08:00:00,135,70,65
2018-10-14 09:00:00,215,110,105
2018-10-14 10:00:00,167,73,94
2018-10-14 11:00:00,217,112,105
2018-10-14 12:00:00,170,77,93
2018-10-14 13:00:00,270,136,134
2018-10-14 14:00:00,347,179,168
2018-10-14 15:00:00,334,157,177
2018-10-14 16:00:00,343,166,177
2018-10-14 17:00:00,283,116,167
2018-10-14 18:00:00,280,114,166
2018-10-14 19:00:00,72,27,45
2018-10-14 20:00:00,16,6,10
2018-10-14 21:00:00,12,8,4
2018-10-14 22:00:00,3,1,2
2018-10-14 23:00:00,9,8,1
2018-10-15 00:00:00,12,3,9
2018-10-15 01:00:00,1,0,1
2018-10-15 02:00:00,0,0,0
2018-10-15 03:00:00,4,3,1
2018-10-15 04:00:00,4,3,1
2018-10-15 05:00:00,11,5,6
2018-10-15 06:00:00,50,27,23
2018-10-15 07:00:00,102,56,46
2018-10-15 08:00:00,286,218,68
2018-10-15 09:00:00,128,84,44
2018-10-15 10:00:00,102,51,51
2018-10-15 11:00:00,144,76,68
2018-10-15 12:00:00,295,162,133
2018-10-15 13:00:00,216,101,115
2018-10-15 14:00:00,165,77,88
2018-10-15 15:00:00,163,64,99
2018-10-15 16:00:00,210,103,107
2018-10-15 17:00:00,271,156,115
2018-10-15 18:00:00,295,143,152
2018-10-15 19:00:00,57,20,37
2018-10-15 20:00:00,24,17,7
2018-10-15 21:00:00,22,12,10
2018-10-15 22:00:00,2,1,1
2018-10-15 23:00:00,8,5,3
2018-10-16 00:00:00,7,4,3
2018-10-16 01:00:00,0,0,0
2018-10-16 02:00:00,1,0,1
2018-10-16 03:00:00,1,1,0
2018-10-16 04:00:00,3,0,3
2018-10-16 05:00:00,16,11,5
2018-10-16 06:00:00,92,48,44
2018-10-16 07:00:00,192,103,89
2018-10-16 08:00:00,126,49,77
2018-10-16 09:00:00,61,21,40
2018-10-16 10:00:00,109,65,44
2018-10-16 11:00:00,153,76,77
2018-10-16 12:00:00,352,192,160
2018-10-16 13:00:00,232,122,110
2018-10-16 14:00:00,183,88,95
2018-10-16 15:00:00,183,90,93
2018-10-16 16:00:00,220,103,117
2018-10-16 17:00:00,303,169,134
2018-10-16 18:00:00,343,171,172
2018-10-16 19:00:00,93,33,60
2018-10-16 20:00:00,32,12,20
2018-10-16 21:00:00,15,9,6
2018-10-16 22:00:00,7,2,5
2018-10-16 23:00:00,3,2,1
2018-10-17 00:00:00,4,3,1
2018-10-17 01:00:00,5,3,2
2018-10-17 02:00:00,3,2,1
2018-10-17 03:00:00,2,1,1
2018-10-17 04:00:00,6,2,4
2018-10-17 05:00:00,13,8,5
2018-10-17 06:00:00,105,58,47
2018-10-17 07:00:00,146,74,72
2018-10-17 08:00:00,106,43,63
2018-10-17 09:00:00,76,37,39
2018-10-17 10:00:00,86,43,43
2018-10-17 11:00:00,136,75,61
2018-10-17 12:00:00,279,147,132
2018-10-17 13:00:00,229,106,123
2018-10-17 14:00:00,174,81,93
2018-10-17 15:00:00,138,71,67
2018-10-17 16:00:00,231,112,119
2018-10-17 17:00:00,333,195,138
2018-10-17 18:00:00,323,159,164
2018-10-17 19:00:00,80,27,53
2018-10-17 20:00:00,20,13,7
2018-10-17 21:00:00,23,11,12
2018-10-17 22:00:00,7,3,4
2018-10-17 23:00:00,3,2,1
2018-10-18 00:00:00,0,0,0
2018-10-18 01:00:00,3,1,2
2018-10-18 02:00:00,0,0,0
2018-10-18 03:00:00,2,1,1
2018-10-18 04:00:00,4,3,1
2018-10-18 05:00:00,21,13,8
2018-10-18 06:00:00,80,45,35
2018-10-18 07:00:00,153,70,83
2018-10-18 08:00:00,122,52,70
2018-10-18 09:00:00,95,38,57
2018-10-18 10:00:00,78,28,50
2018-10-18 11:00:00,110,57,53
2018-10-18 12:00:00,248,120,128
2018-10-18 13:00:00,179,83,96
2018-10-18 14:00:00,164,78,86
2018-10-18 15:00:00,178,85,93
2018-10-18 16:00:00,224,115,109
2018-10-18 17:00:00,257,149,108
2018-10-18 18:00:00,258,127,131
2018-10-18 19:00:00,68,25,43
2018-10-18 20:00:00,20,7,13
2018-10-18 21:00:00,13,10,3
2018-10-18 22:00:00,8,3,5
2018-10-18 23:00:00,3,1,2
2018-10-19 00:00:00,4,1,3
2018-10-19 01:00:00,2,1,1
2018-10-19 02:00:00,0,0,0
2018-10-19 03:00:00,1,1,0
2018-10-19 04:00:00,3,0,3
2018-10-19 05:00:00,10,6,4
2018-10-19 06:00:00,60,36,24
2018-10-19 07:00:00,130,62,68
2018-10-19 08:00:00,135,56,79
2018-10-19 09:00:00,99,40,59
2018-10-19 10:00:00,63,32,31
2018-10-19 11:00:00,95,45,50
2018-10-19 12:00:00,191,86,105
2018-10-19 13:00:00,114,60,54
2018-10-19 14:00:00,103,55,48
2018-10-19 15:00:00,119,64,55
2018-10-19 16:00:00,140,64,76
2018-10-19 17:00:00,206,110,96
2018-10-19 18:00:00,155,63,92
2018-10-19 19:00:00,32,9,23
2018-10-19 20:00:00,10,7,3
2018-10-19 21:00:00,13,5,8
2018-10-19 22:00:00,12,6,6
2018-10-19 23:00:00,4,2,2
2018-10-20 00:00:00,4,0,4
2018-10-20 01:00:00,2,1,1
2018-10-20 02:00:00,2,1,1
2018-10-20 03:00:00,0,0,0
2018-10-20 04:00:00,2,1,1
2018-10-20 05:00:00,8,5,3
2018-10-20 06:00:00,17,9,8
2018-10-20 07:00:00,75,39,36
2018-10-20 08:00:00,114,52,62
2018-10-20 09:00:00,170,85,85
2018-10-20 10:00:00,144,62,82
2018-10-20 11:00:00,141,74,67
2018-10-20 12:00:00,132,64,68
2018-10-20 13:00:00,118,62,56
2018-10-20 14:00:00,182,79,103
2018-10-20 15:00:00,196,103,93
2018-10-20 16:00:00,253,118,135
2018-10-20 17:00:00,244,114,130
2018-10-20 18:00:00,192,82,110
2018-10-20 19:00:00,45,21,24
2018-10-20 20:00:00,18,8,10
2018-10-20 21:00:00,12,6,6
2018-10-20 22:00:00,5,4,1
2018-10-20 23:00:00,5,3,2
2018-10-21 00:00:00,6,3,3
2018-10-21 01:00:00,4,3,1
2018-10-21 02:00:00,1,1,0
2018-10-21 03:00:00,3,1,2
2018-10-21 04:00:00,3,1,2
2018-10-21 05:00:00,2,2,0
2018-10-21 06:00:00,5,3,2
2018-10-21 07:00:00,44,28,16
2018-10-21 08:00:00,122,66,56
2018-10-21 09:00:00,137,72,65
2018-10-21 10:00:00,139,68,71
2018-10-21 11:00:00,166,72,94
2018-10-21 12:00:00,126,51,75
2018-10-21 13:00:00,137,69,68
2018-10-21 14:00:00,175,82,93
2018-10-21 15:00:00,226,120,106
2018-10-21 16:00:00,267,133,134
2018-10-21 17:00:00,318,129,189
2018-10-21 18:00:00,192,61,131
2018-10-21 19:00:00,34,13,21
2018-10-21 20:00:00,20,10,10
2018-10-21 21:00:00,1,1,0
2018-10-21 22:00:00,4,2,2
2018-10-21 23:00:00,4,4,0
2018-10-22 00:00:00,5,3,2
2018-10-22 01:00:00,2,1,1
2018-10-22 02:00:00,2,2,0
2018-10-22 03:00:00,3,2,1
2018-10-22 04:00:00,4,3,1
2018-10-22 05:00:00,9,5,4
2018-10-22 06:00:00,48,28,20
2018-10-22 07:00:00,83,41,42
2018-10-22 08:00:00,77,34,43
2018-10-22 09:00:00,58,31,27
2018-10-22 10:00:00,68,34,34
2018-10-22 11:00:00,100,48,52
2018-10-22 12:00:00,189,92,97
2018-10-22 13:00:00,106,45,61
2018-10-22 14:00:00,81,34,47
2018-10-22 15:00:00,82,37,45
2018-10-22 16:00:00,133,56,77
2018-10-22 17:00:00,142,78,64
2018-10-22 18:00:00,125,55,70
2018-10-22 19:00:00,43,16,27
2018-10-22 20:00:00,21,9,12
2018-10-22 21:00:00,7,3,4
2018-10-22 22:00:00,4,2,2
2018-10-22 23:00:00,6,3,3
2018-10-23 00:00:00,4,3,1
2018-10-23 01:00:00,1,1,0
2018-10-23 02:00:00,2,1,1
2018-10-23 03:00:00,1,1,0
2018-10-23 04:00:00,0,0,0
2018-10-23 05:00:00,13,8,5
2018-10-23 06:00:00,69,36,33
2018-10-23 07:00:00,135,73,62
2018-10-23 08:00:00,130,57,73
2018-10-23 09:00:00,54,24,30
2018-10-23 10:00:00,74,35,39
2018-10-23 11:00:00,103,55,48
2018-10-23 12:00:00,236,114,122
2018-10-23 13:00:00,142,66,76
2018-10-23 14:00:00,68,35,33
2018-10-23 15:00:00,110,56,54
2018-10-23 16:00:00,121,51,70
2018-10-23 17:00:00,204,119,85
2018-10-23 18:00:00,105,43,62
2018-10-23 19:00:00,21,11,10
2018-10-23 20:00:00,15,7,8
2018-10-23 21:00:00,6,5,1
2018-10-23 22:00:00,0,0,0
2018-10-23 23:00:00,6,4,2
2018-10-24 00:00:00,1,1,0
2018-10-24 01:00:00,2,1,1
2018-10-24 02:00:00,2,2,0
2018-10-24 03:00:00,1,1,0
2018-10-24 04:00:00,2,1,1
2018-10-24 05:00:00,25,11,14
2018-10-24 06:00:00,104,76,28
2018-10-24 07:00:00,122,62,60
2018-10-24 08:00:00,120,52,68
2018-10-24 09:00:00,84,44,40
2018-10-24 10:00:00,77,35,42
2018-10-24 11:00:00,130,67,63
2018-10-24 12:00:00,271,136,135
2018-10-24 13:00:00,133,61,72
2018-10-24 14:00:00,110,53,57
2018-10-24 15:00:00,137,66,71
2018-10-24 16:00:00,207,96,111
2018-10-24 17:00:00,256,142,114
2018-10-24 18:00:00,163,77,86
2018-10-24 19:00:00,41,17,24
2018-10-24 20:00:00,12,6,6
2018-10-24 21:00:00,15,8,7
2018-10-24 22:00:00,6,5,1
2018-10-24 23:00:00,4,2,2
2018-10-25 00:00:00,2,1,1
2018-10-25 01:00:00,2,0,2
2018-10-25 02:00:00,1,1,0
2018-10-25 03:00:00,3,1,2
2018-10-25 04:00:00,1,1,0
2018-10-25 05:00:00,22,17,5
2018-10-25 06:00:00,79,41,38
2018-10-25 07:00:00,120,58,62
2018-10-25 08:00:00,87,44,43
2018-10-25 09:00:00,49,25,24
2018-10-25 10:00:00,60,28,32
2018-10-25 11:00:00,54,29,25
2018-10-25 12:00:00,122,63,59
2018-10-25 13:00:00,89,39,50
2018-10-25 14:00:00,54,29,25
2018-10-25 15:00:00,96,44,52
2018-10-25 16:00:00,95,45,50
2018-10-25 17:00:00,120,63,57
2018-10-25 18:00:00,72,32,40
2018-10-25 19:00:00,22,10,12
2018-10-25 20:00:00,22,13,9
2018-10-25 21:00:00,9,3,6
2018-10-25 22:00:00,2,1,1
2018-10-25 23:00:00,2,0,2
2018-10-26 00:00:00,3,1,2
2018-10-26 01:00:00,2,1,1
2018-10-26 02:00:00,0,0,0
2018-10-26 03:00:00,1,0,1
2018-10-26 04:00:00,2,1,1
2018-10-26 05:00:00,9,5,4
2018-10-26 06:00:00,43,24,19
2018-10-26 07:00:00,99,47,52
2018-10-26 08:00:00,74,43,31
2018-10-26 09:00:00,81,29,52
2018-10-26 10:00:00,79,37,42
2018-10-26 11:00:00,130,60,70
2018-10-26 12:00:00,217,102,115
2018-10-26 13:00:00,119,48,71
2018-10-26 14:00:00,93,44,49
2018-10-26 15:00:00,106,48,58
2018-10-26 16:00:00,135,64,71
2018-10-26 17:00:00,158,93,65
2018-10-26 18:00:00,108,47,61
2018-10-26 19:00:00,42,21,21
2018-10-26 20:00:00,24,11,13
2018-10-26 21:00:00,10,6,4
2018-10-26 22:00:00,7,3,4
2018-10-26 23:00:00,10,5,5
2018-10-27 00:00:00,5,1,4
2018-10-27 01:00:00,5,4,1
2018-10-27 02:00:00,1,1,0
2018-10-27 03:00:00,0,0,0
2018-10-27 04:00:00,3,1,2
2018-10-27 05:00:00,2,1,1
2018-10-27 06:00:00,16,12,4
2018-10-27 07:00:00,68,38,30
2018-10-27 08:00:00,133,66,67
2018-10-27 09:00:00,151,79,72
2018-10-27 10:00:00,166,77,89
2018-10-27 11:00:00,179,94,85
2018-10-27 12:00:00,157,63,94
2018-10-27 13:00:00,177,80,97
2018-10-27 14:00:00,189,80,109
2018-10-27 15:00:00,130,61,69
2018-10-27 16:00:00,75,38,37
2018-10-27 17:00:00,43,14,29
2018-10-27 18:00:00,17,7,10
2018-10-27 19:00:00,6,2,4
2018-10-27 20:00:00,4,2,2
2018-10-27 21:00:00,3,2,1
2018-10-27 22:00:00,4,1,3
2018-10-27 23:00:00,1,1,0
2018-10-28 00:00:00,1,1,0
2018-10-28 01:00:00,2,1,1
2018-10-28 02:00:00,1,1,0
2018-10-28 03:00:00,0,0,0
2018-10-28 04:00:00,2,2,0
2018-10-28 05:00:00,3,3,0
2018-10-28 06:00:00,13,4,9
2018-10-28 07:00:00,17,13,4
2018-10-28 08:00:00,85,50,35
2018-10-28 09:00:00,150,81,69
2018-10-28 10:00:00,157,70,87
2018-10-28 11:00:00,82,29,53
2018-10-28 12:00:00,134,63,71
2018-10-28 13:00:00,200,101,99
2018-10-28 14:00:00,149,56,93
2018-10-28 15:00:00,42,13,29
2018-10-28 16:00:00,40,21,19
2018-10-28 17:00:00,73,35,38
2018-10-28 18:00:00,26,5,21
2018-10-28 19:00:00,16,7,9
2018-10-28 20:00:00,3,3,0
2018-10-28 21:00:00,8,5,3
2018-10-28 22:00:00,1,0,1
2018-10-28 23:00:00,4,2,2
2018-10-29 00:00:00,6,3,3
2018-10-29 01:00:00,0,0,0
2018-10-29 02:00:00,1,1,0
2018-10-29 03:00:00,2,1,1
2018-10-29 04:00:00,1,1,0
2018-10-29 05:00:00,13,8,5
2018-10-29 06:00:00,49,30,19
2018-10-29 07:00:00,93,44,49
2018-10-29 08:00:00,92,44,48
2018-10-29 09:00:00,67,33,34
2018-10-29 10:00:00,100,44,56
2018-10-29 11:00:00,113,53,60
2018-10-29 12:00:00,180,85,95
2018-10-29 13:00:00,96,43,53
2018-10-29 14:00:00,82,43,39
2018-10-29 15:00:00,70,30,40
2018-10-29 16:00:00,126,60,66
2018-10-29 17:00:00,167,99,68
2018-10-29 18:00:00,156,61,95
2018-10-29 19:00:00,50,28,22
2018-10-29 20:00:00,10,6,4
2018-10-29 21:00:00,9,5,4
2018-10-29 22:00:00,4,2,2
2018-10-29 23:00:00,1,0,1
2018-10-30 00:00:00,3,3,0
2018-10-30 01:00:00,1,0,1
2018-10-30 02:00:00,0,0,0
2018-10-30 03:00:00,1,1,0
2018-10-30 04:00:00,1,0,1
2018-10-30 05:00:00,21,14,7
2018-10-30 06:00:00,75,38,37
2018-10-30 07:00:00,111,54,57
2018-10-30 08:00:00,110,54,56
2018-10-30 09:00:00,71,35,36
2018-10-30 10:00:00,65,35,30
2018-10-30 11:00:00,106,52,54
2018-10-30 12:00:00,245,122,123
2018-10-30 13:00:00,123,67,56
2018-10-30 14:00:00,102,54,48
2018-10-30 15:00:00,104,47,57
2018-10-30 16:00:00,162,82,80
2018-10-30 17:00:00,196,106,90
2018-10-30 18:00:00,105,47,58
2018-10-30 19:00:00,39,18,21
2018-10-30 20:00:00,16,7,9
2018-10-30 21:00:00,6,2,4
2018-10-30 22:00:00,6,4,2
2018-10-30 23:00:00,1,1,0
2018-10-31 00:00:00,1,1,0
2018-10-31 01:00:00,1,1,0
2018-10-31 02:00:00,0,0,0
2018-10-31 03:00:00,2,2,0
2018-10-31 04:00:00,1,0,1
2018-10-31 05:00:00,16,9,7
2018-10-31 06:00:00,70,39,31
2018-10-31 07:00:00,95,46,49
2018-10-31 08:00:00,81,42,39
2018-10-31 09:00:00,76,35,41
2018-10-31 10:00:00,87,43,44
2018-10-31 11:00:00,97,47,50
2018-10-31 12:00:00,184,90,94
2018-10-31 13:00:00,104,55,49
2018-10-31 14:00:00,59,31,28
2018-10-31 15:00:00,108,40,68
2018-10-31 16:00:00,93,42,51
2018-10-31 17:00:00,100,61,39
2018-10-31 18:00:00,85,32,53
2018-10-31 19:00:00,25,11,14
2018-10-31 20:00:00,8,3,5
2018-10-31 21:00:00,9,4,5
2018-10-31 22:00:00,5,2,3
2018-10-31 23:00:00,2,2,0
2018-11-01 00:00:00,2,1,1
2018-11-01 01:00:00,0,0,0
2018-11-01 02:00:00,3,1,2
2018-11-01 03:00:00,1,1,0
2018-11-01 04:00:00,2,1,1
2018-11-01 05:00:00,19,11,8
2018-11-01 06:00:00,57,28,29
2018-11-01 07:00:00,73,37,36
2018-11-01 08:00:00,90,39,51
2018-11-01 09:00:00,78,33,45
2018-11-01 10:00:00,41,20,21
2018-11-01 11:00:00,84,46,38
2018-11-01 12:00:00,186,89,97
2018-11-01 13:00:00,110,55,55
2018-11-01 14:00:00,81,35,46
2018-11-01 15:00:00,77,38,39
2018-11-01 16:00:00,111,45,66
2018-11-01 17:00:00,174,96,78
2018-11-01 18:00:00,113,49,64
2018-11-01 19:00:00,40,20,20
2018-11-01 20:00:00,16,7,9
2018-11-01 21:00:00,3,2,1
2018-11-01 22:00:00,6,3,3
2018-11-01 23:00:00,1,0,1
2018-11-02 00:00:00,2,1,1
2018-11-02 01:00:00,3,1,2
2018-11-02 02:00:00,2,1,1
2018-11-02 03:00:00,0,0,0
2018-11-02 04:00:00,3,1,2
2018-11-02 05:00:00,17,9,8
2018-11-02 06:00:00,48,24,24
2018-11-02 07:00:00,98,52,46
2018-11-02 08:00:00,110,46,64
2018-11-02 09:00:00,74,34,40
2018-11-02 10:00:00,43,19,24
2018-11-02 11:00:00,78,39,39
2018-11-02 12:00:00,220,104,116
2018-11-02 13:00:00,152,78,74
2018-11-02 14:00:00,120,61,59
2018-11-02 15:00:00,121,59,62
2018-11-02 16:00:00,189,97,92
2018-11-02 17:00:00,203,99,104
2018-11-02 18:00:00,103,46,57
2018-11-02 19:00:00,36,16,20
2018-11-02 20:00:00,13,5,8
2018-11-02 21:00:00,9,7,2
2018-11-02 22:00:00,11,5,6
2018-11-02 23:00:00,6,5,1
2018-11-03 00:00:00,4,0,4
2018-11-03 01:00:00,3,1,2
2018-11-03 02:00:00,2,0,2
2018-11-03 03:00:00,5,2,3
2018-11-03 04:00:00,2,0,2
2018-11-03 05:00:00,3,1,2
2018-11-03 06:00:00,16,9,7
2018-11-03 07:00:00,62,30,32
2018-11-03 08:00:00,106,58,48
2018-11-03 09:00:00,140,78,62
2018-11-03 10:00:00,151,71,80
2018-11-03 11:00:00,134,58,76
2018-11-03 12:00:00,71,26,45
2018-11-03 13:00:00,79,38,41
2018-11-03 14:00:00,39,20,19
2018-11-03 15:00:00,56,26,30
2018-11-03 16:00:00,78,45,33
2018-11-03 17:00:00,89,31,58
2018-11-03 18:00:00,30,10,20
2018-11-03 19:00:00,12,6,6
2018-11-03 20:00:00,2,1,1
2018-11-03 21:00:00,10,5,5
2018-11-03 22:00:00,6,1,5
2018-11-03 23:00:00,1,1,0
2018-11-04 00:00:00,4,2,2
2018-11-04 01:00:00,3,1,2
2018-11-04 02:00:00,3,2,1
2018-11-04 03:00:00,2,1,1
2018-11-04 04:00:00,2,1,1
2018-11-04 05:00:00,9,5,4
2018-11-04 06:00:00,26,13,13
2018-11-04 07:00:00,87,46,41
2018-11-04 08:00:00,198,115,83
2018-11-04 09:00:00,225,111,114
2018-11-04 10:00:00,270,126,144
2018-11-04 11:00:00,198,105,93
2018-11-04 12:00:00,243,106,137
2018-11-04 13:00:00,254,124,130
2018-11-04 14:00:00,306,154,152
2018-11-04 15:00:00,279,124,155
2018-11-04 16:00:00,246,126,120
2018-11-04 17:00:00,143,54,89
2018-11-04 18:00:00,42,24,18
2018-11-04 19:00:00,17,8,9
2018-11-04 20:00:00,17,7,10
2018-11-04 21:00:00,16,8,8
2018-11-04 22:00:00,1,0,1
2018-11-04 23:00:00,6,4,2
2018-11-05 00:00:00,4,3,1
2018-11-05 01:00:00,0,0,0
2018-11-05 02:00:00,1,1,0
2018-11-05 03:00:00,2,2,0
2018-11-05 04:00:00,2,1,1
2018-11-05 05:00:00,18,12,6
2018-11-05 06:00:00,77,40,37
2018-11-05 07:00:00,120,63,57
2018-11-05 08:00:00,124,54,70
2018-11-05 09:00:00,77,38,39
2018-11-05 10:00:00,62,33,29
2018-11-05 11:00:00,214,109,105
2018-11-05 12:00:00,224,116,108
2018-11-05 13:00:00,154,74,80
2018-11-05 14:00:00,75,34,41
2018-11-05 15:00:00,77,33,44
2018-11-05 16:00:00,137,66,71
2018-11-05 17:00:00,145,67,78
2018-11-05 18:00:00,60,31,29
2018-11-05 19:00:00,27,12,15
2018-11-05 20:00:00,22,12,10
2018-11-05 21:00:00,12,8,4
2018-11-05 22:00:00,1,0,1
2018-11-05 23:00:00,2,2,0
2018-11-06 00:00:00,4,2,2
2018-11-06 01:00:00,3,1,2
2018-11-06 02:00:00,1,0,1
2018-11-06 03:00:00,1,1,0
2018-11-06 04:00:00,0,0,0
2018-11-06 05:00:00,30,13,17
2018-11-06 06:00:00,183,100,83
2018-11-06 07:00:00,177,82,95
2018-11-06 08:00:00,117,49,68
2018-11-06 09:00:00,75,35,40
2018-11-06 10:00:00,71,32,39
2018-11-06 11:00:00,123,63,60
2018-11-06 12:00:00,242,125,117
2018-11-06 13:00:00,169,80,89
2018-11-06 14:00:00,195,125,70
2018-11-06 15:00:00,295,179,116
2018-11-06 16:00:00,182,92,90
2018-11-06 17:00:00,97,38,59
2018-11-06 18:00:00,45,26,19
2018-11-06 19:00:00,25,12,13
2018-11-06 20:00:00,15,7,8
2018-11-06 21:00:00,11,7,4
2018-11-06 22:00:00,5,2,3
2018-11-06 23:00:00,5,3,2
2018-11-07 00:00:00,7,4,3
2018-11-07 01:00:00,3,1,2
2018-11-07 02:00:00,0,0,0
2018-11-07 03:00:00,2,1,1
2018-11-07 04:00:00,4,2,2
2018-11-07 05:00:00,25,15,10
2018-11-07 06:00:00,164,89,75
2018-11-07 07:00:00,154,73,81
2018-11-07 08:00:00,123,47,76
2018-11-07 09:00:00,74,31,43
2018-11-07 10:00:00,66,31,35
2018-11-07 11:00:00,109,64,45
2018-11-07 12:00:00,263,134,129
2018-11-07 13:00:00,153,66,87
2018-11-07 14:00:00,153,71,82
2018-11-07 15:00:00,178,91,87
2018-11-07 16:00:00,212,116,96
2018-11-07 17:00:00,120,53,67
2018-11-07 18:00:00,44,23,21
2018-11-07 19:00:00,25,13,12
2018-11-07 20:00:00,13,5,8
2018-11-07 21:00:00,12,8,4
2018-11-07 22:00:00,3,0,3
2018-11-07 23:00:00,4,4,0
2018-11-08 00:00:00,1,0,1
2018-11-08 01:00:00,3,3,0
2018-11-08 02:00:00,2,2,0
2018-11-08 03:00:00,0,0,0
2018-11-08 04:00:00,1,1,0
2018-11-08 05:00:00,14,8,6
2018-11-08 06:00:00,79,42,37
2018-11-08 07:00:00,138,64,74
2018-11-08 08:00:00,124,53,71
2018-11-08 09:00:00,69,32,37
2018-11-08 10:00:00,74,35,39
2018-11-08 11:00:00,118,62,56
2018-11-08 12:00:00,255,127,128
2018-11-08 13:00:00,182,87,95
2018-11-08 14:00:00,206,106,100
2018-11-08 15:00:00,192,96,96
2018-11-08 16:00:00,143,75,68
2018-11-08 17:00:00,135,66,69
2018-11-08 18:00:00,38,18,20
2018-11-08 19:00:00,28,16,12
2018-11-08 20:00:00,17,7,10
2018-11-08 21:00:00,7,4,3
2018-11-08 22:00:00,4,3,1
2018-11-08 23:00:00,0,0,0
2018-11-09 00:00:00,0,0,0
2018-11-09 01:00:00,2,1,1
2018-11-09 02:00:00,0,0,0
2018-11-09 03:00:00,0,0,0
2018-11-09 04:00:00,2,1,1
2018-11-09 05:00:00,3,1,2
2018-11-09 06:00:00,67,44,23
2018-11-09 07:00:00,138,60,78
2018-11-09 08:00:00,125,54,71
2018-11-09 09:00:00,69,29,40
2018-11-09 10:00:00,40,17,23
2018-11-09 11:00:00,38,19,19
2018-11-09 12:00:00,88,46,42
2018-11-09 13:00:00,63,33,30
2018-11-09 14:00:00,74,34,40
2018-11-09 15:00:00,89,45,44
2018-11-09 16:00:00,92,40,52
2018-11-09 17:00:00,61,32,29
2018-11-09 18:00:00,28,11,17
2018-11-09 19:00:00,17,9,8
2018-11-09 20:00:00,4,2,2
2018-11-09 21:00:00,5,2,3
2018-11-09 22:00:00,7,4,3
2018-11-09 23:00:00,1,1,0
2018-11-10 00:00:00,3,1,2
2018-11-10 01:00:00,6,5,1
2018-11-10 02:00:00,7,3,4
2018-11-10 03:00:00,1,1,0
2018-11-10 04:00:00,2,1,1
2018-11-10 05:00:00,4,2,2
2018-11-10 06:00:00,22,13,9
2018-11-10 07:00:00,73,40,33
2018-11-10 08:00:00,163,97,66
2018-11-10 09:00:00,129,64,65
2018-11-10 10:00:00,182,81,101
2018-11-10 11:00:00,184,94,90
2018-11-10 12:00:00,213,103,110
2018-11-10 13:00:00,226,116,110
2018-11-10 14:00:00,241,124,117
2018-11-10 15:00:00,370,157,213
2018-11-10 16:00:00,249,114,135
2018-11-10 17:00:00,98,34,64
2018-11-10 18:00:00,21,9,12
2018-11-10 19:00:00,11,7,4
2018-11-10 20:00:00,8,3,5
2018-11-10 21:00:00,5,3,2
2018-11-10 22:00:00,4,1,3
2018-11-10 23:00:00,7,3,4
2018-11-11 00:00:00,5,3,2
2018-11-11 01:00:00,2,1,1
2018-11-11 02:00:00,1,1,0
2018-11-11 03:00:00,2,1,1
2018-11-11 04:00:00,0,0,0
2018-11-11 05:00:00,2,2,0
2018-11-11 06:00:00,17,7,10
2018-11-11 07:00:00,62,33,29
2018-11-11 08:00:00,123,63,60
2018-11-11 09:00:00,182,98,84
2018-11-11 10:00:00,234,113,121
2018-11-11 11:00:00,292,150,142
2018-11-11 12:00:00,259,111,148
2018-11-11 13:00:00,229,96,133
2018-11-11 14:00:00,239,114,125
2018-11-11 15:00:00,257,119,138
2018-11-11 16:00:00,285,124,161
2018-11-11 17:00:00,108,47,61
2018-11-11 18:00:00,20,7,13
2018-11-11 19:00:00,11,5,6
2018-11-11 20:00:00,9,5,4
2018-11-11 21:00:00,12,5,7
2018-11-11 22:00:00,4,2,2
2018-11-11 23:00:00,5,1,4
2018-11-12 00:00:00,5,2,3
2018-11-12 01:00:00,0,0,0
2018-11-12 02:00:00,1,1,0
2018-11-12 03:00:00,0,0,0
2018-11-12 04:00:00,0,0,0
2018-11-12 05:00:00,8,4,4
2018-11-12 06:00:00,38,23,15
2018-11-12 07:00:00,95,47,48
2018-11-12 08:00:00,90,42,48
2018-11-12 09:00:00,91,44,47
2018-11-12 10:00:00,109,54,55
2018-11-12 11:00:00,140,77,63
2018-11-12 12:00:00,260,133,127
2018-11-12 13:00:00,219,119,100
2018-11-12 14:00:00,200,126,74
2018-11-12 15:00:00,260,116,144
2018-11-12 16:00:00,245,110,135
2018-11-12 17:00:00,121,58,63
2018-11-12 18:00:00,39,18,21
2018-11-12 19:00:00,24,12,12
2018-11-12 20:00:00,10,4,6
2018-11-12 21:00:00,11,6,5
2018-11-12 22:00:00,6,3,3
2018-11-12 23:00:00,0,0,0
2018-11-13 00:00:00,3,2,1
2018-11-13 01:00:00,0,0,0
2018-11-13 02:00:00,1,1,0
2018-11-13 03:00:00,2,1,1
2018-11-13 04:00:00,0,0,0
2018-11-13 05:00:00,21,11,10
2018-11-13 06:00:00,101,58,43
2018-11-13 07:00:00,156,79,77
2018-11-13 08:00:00,127,55,72
2018-11-13 09:00:00,73,34,39
2018-11-13 10:00:00,56,27,29
2018-11-13 11:00:00,122,61,61
2018-11-13 12:00:00,233,118,115
2018-11-13 13:00:00,176,90,86
2018-11-13 14:00:00,133,65,68
2018-11-13 15:00:00,127,55,72
2018-11-13 16:00:00,169,71,98
2018-11-13 17:00:00,78,38,40
2018-11-13 18:00:00,59,35,24
2018-11-13 19:00:00,28,13,15
2018-11-13 20:00:00,14,6,8
2018-11-13 21:00:00,12,7,5
2018-11-13 22:00:00,9,3,6
2018-11-13 23:00:00,0,0,0
2018-11-14 00:00:00,1,1,0
2018-11-14 01:00:00,2,1,1
2018-11-14 02:00:00,0,0,0
2018-11-14 03:00:00,2,2,0
2018-11-14 04:00:00,1,1,0
2018-11-14 05:00:00,14,8,6
2018-11-14 06:00:00,73,42,31
2018-11-14 07:00:00,96,43,53
2018-11-14 08:00:00,71,31,40
2018-11-14 09:00:00,41,23,18
2018-11-14 10:00:00,45,20,25
2018-11-14 11:00:00,81,44,37
2018-11-14 12:00:00,173,84,89
2018-11-14 13:00:00,100,44,56
2018-11-14 14:00:00,71,34,37
2018-11-14 15:00:00,86,31,55
2018-11-14 16:00:00,142,74,68
2018-11-14 17:00:00,97,52,45
2018-11-14 18:00:00,57,34,23
2018-11-14 19:00:00,40,15,25
2018-11-14 20:00:00,26,19,7
2018-11-14 21:00:00,7,5,2
2018-11-14 22:00:00,9,5,4
2018-11-14 23:00:00,3,2,1
2018-11-15 00:00:00,0,0,0
2018-11-15 01:00:00,1,1,0
2018-11-15 02:00:00,0,0,0
2018-11-15 03:00:00,1,1,0
2018-11-15 04:00:00,1,0,1
2018-11-15 05:00:00,22,17,5
2018-11-15 06:00:00,71,36,35
2018-11-15 07:00:00,141,69,72
2018-11-15 08:00:00,129,59,70
2018-11-15 09:00:00,76,35,41
2018-11-15 10:00:00,71,32,39
2018-11-15 11:00:00,126,64,62
2018-11-15 12:00:00,216,110,106
2018-11-15 13:00:00,146,69,77
2018-11-15 14:00:00,131,69,62
2018-11-15 15:00:00,116,57,59
2018-11-15 16:00:00,113,55,58
2018-11-15 17:00:00,87,47,40
2018-11-15 18:00:00,45,20,25
2018-11-15 19:00:00,20,11,9
2018-11-15 20:00:00,15,10,5
2018-11-15 21:00:00,8,6,2
2018-11-15 22:00:00,9,2,7
2018-11-15 23:00:00,7,5,2
2018-11-16 00:00:00,2,0,2
2018-11-16 01:00:00,5,3,2
2018-11-16 02:00:00,0,0,0
2018-11-16 03:00:00,0,0,0
2018-11-16 04:00:00,2,2,0
2018-11-16 05:00:00,12,9,3
2018-11-16 06:00:00,42,22,20
2018-11-16 07:00:00,102,53,49
2018-11-16 08:00:00,129,64,65
2018-11-16 09:00:00,103,42,61
2018-11-16 10:00:00,106,49,57
2018-11-16 11:00:00,106,51,55
2018-11-16 12:00:00,188,97,91
2018-11-16 13:00:00,110,51,59
2018-11-16 14:00:00,93,47,46
2018-11-16 15:00:00,122,64,58
2018-11-16 16:00:00,165,74,91
2018-11-16 17:00:00,89,43,46
2018-11-16 18:00:00,31,14,17
2018-11-16 19:00:00,24,10,14
2018-11-16 20:00:00,15,8,7
2018-11-16 21:00:00,11,3,8
2018-11-16 22:00:00,4,3,1
2018-11-16 23:00:00,3,2,1
2018-11-17 00:00:00,1,1,0
2018-11-17 01:00:00,3,2,1
2018-11-17 02:00:00,1,0,1
2018-11-17 03:00:00,3,3,0
2018-11-17 04:00:00,4,0,4
2018-11-17 05:00:00,5,2,3
2018-11-17 06:00:00,23,12,11
2018-11-17 07:00:00,75,45,30
2018-11-17 08:00:00,152,79,73
2018-11-17 09:00:00,203,105,98
2018-11-17 10:00:00,243,107,136
2018-11-17 11:00:00,218,109,109
2018-11-17 12:00:00,252,132,120
2018-11-17 13:00:00,340,236,104
2018-11-17 14:00:00,367,216,151
2018-11-17 15:00:00,524,282,242
2018-11-17 16:00:00,326,149,177
2018-11-17 17:00:00,85,32,53
2018-11-17 18:00:00,22,13,9
2018-11-17 19:00:00,9,4,5
2018-11-17 20:00:00,13,7,6
2018-11-17 21:00:00,2,0,2
2018-11-17 22:00:00,6,4,2
2018-11-17 23:00:00,4,3,1
2018-11-18 00:00:00,5,3,2
2018-11-18 01:00:00,3,0,3
2018-11-18 02:00:00,1,1,0
2018-11-18 03:00:00,2,1,1
2018-11-18 04:00:00,1,1,0
2018-11-18 05:00:00,2,1,1
2018-11-18 06:00:00,22,13,9
2018-11-18 07:00:00,70,40,30
2018-11-18 08:00:00,139,66,73
2018-11-18 09:00:00,171,94,77
2018-11-18 10:00:00,223,118,105
2018-11-18 11:00:00,226,112,114
2018-11-18 12:00:00,227,96,131
2018-11-18 13:00:00,298,169,129
2018-11-18 14:00:00,370,219,151
2018-11-18 15:00:00,558,272,286
2018-11-18 16:00:00,333,141,192
2018-11-18 17:00:00,80,15,65
2018-11-18 18:00:00,29,15,14
2018-11-18 19:00:00,7,4,3
2018-11-18 20:00:00,17,9,8
2018-11-18 21:00:00,16,7,9
2018-11-18 22:00:00,3,0,3
2018-11-18 23:00:00,3,3,0
2018-11-19 00:00:00,3,2,1
2018-11-19 01:00:00,0,0,0
2018-11-19 02:00:00,1,1,0
2018-11-19 03:00:00,3,1,2
2018-11-19 04:00:00,0,0,0
2018-11-19 05:00:00,13,5,8
2018-11-19 06:00:00,40,23,17
2018-11-19 07:00:00,76,43,33
2018-11-19 08:00:00,95,34,61
2018-11-19 09:00:00,76,34,42
2018-11-19 10:00:00,83,45,38
2018-11-19 11:00:00,131,70,61
2018-11-19 12:00:00,263,135,128
2018-11-19 13:00:00,210,114,96
2018-11-19 14:00:00,194,111,83
2018-11-19 15:00:00,241,121,120
2018-11-19 16:00:00,156,70,86
2018-11-19 17:00:00,82,35,47
2018-11-19 18:00:00,47,25,22
2018-11-19 19:00:00,30,16,14
2018-11-19 20:00:00,10,4,6
2018-11-19 21:00:00,8,5,3
2018-11-19 22:00:00,11,10,1
2018-11-19 23:00:00,3,2,1
2018-11-20 00:00:00,5,2,3
2018-11-20 01:00:00,1,0,1
2018-11-20 02:00:00,1,0,1
2018-11-20 03:00:00,1,1,0
2018-11-20 04:00:00,0,0,0
2018-11-20 05:00:00,11,6,5
2018-11-20 06:00:00,54,28,26
2018-11-20 07:00:00,111,61,50
2018-11-20 08:00:00,100,47,53
2018-11-20 09:00:00,66,32,34
2018-11-20 10:00:00,53,19,34
2018-11-20 11:00:00,109,54,55
2018-11-20 12:00:00,208,107,101
2018-11-20 13:00:00,140,68,72
2018-11-20 14:00:00,123,57,66
2018-11-20 15:00:00,150,68,82
2018-11-20 16:00:00,176,83,93
2018-11-20 17:00:00,77,35,42
2018-11-20 18:00:00,34,15,19
2018-11-20 19:00:00,18,8,10
2018-11-20 20:00:00,22,11,11
2018-11-20 21:00:00,6,4,2
2018-11-20 22:00:00,3,2,1
2018-11-20 23:00:00,0,0,0
2018-11-21 00:00:00,1,1,0
2018-11-21 01:00:00,3,2,1
2018-11-21 02:00:00,3,1,2
2018-11-21 03:00:00,3,3,0
2018-11-21 04:00:00,2,0,2
2018-11-21 05:00:00,9,3,6
2018-11-21 06:00:00,30,14,16
2018-11-21 07:00:00,62,34,28
2018-11-21 08:00:00,227,166,61
2018-11-21 09:00:00,55,23,32
2018-11-21 10:00:00,38,20,18
2018-11-21 11:00:00,54,35,19
2018-11-21 12:00:00,112,57,55
2018-11-21 13:00:00,77,32,45
2018-11-21 14:00:00,57,30,27
2018-11-21 15:00:00,74,32,42
2018-11-21 16:00:00,86,40,46
2018-11-21 17:00:00,30,17,13
2018-11-21 18:00:00,32,12,20
2018-11-21 19:00:00,17,8,9
2018-11-21 20:00:00,12,4,8
2018-11-21 21:00:00,7,5,2
2018-11-21 22:00:00,6,3,3
2018-11-21 23:00:00,2,2,0
2018-11-22 00:00:00,0,0,0
2018-11-22 01:00:00,2,2,0
2018-11-22 02:00:00,0,0,0
2018-11-22 03:00:00,0,0,0
2018-11-22 04:00:00,0,0,0
2018-11-22 05:00:00,4,3,1
2018-11-22 06:00:00,11,6,5
2018-11-22 07:00:00,59,33,26
2018-11-22 08:00:00,108,56,52
2018-11-22 09:00:00,155,85,70
2018-11-22 10:00:00,210,105,105
2018-11-22 11:00:00,216,87,129
2018-11-22 12:00:00,166,71,95
2018-11-22 13:00:00,80,31,49
2018-11-22 14:00:00,54,27,27
2018-11-22 15:00:00,18,6,12
2018-11-22 16:00:00,12,6,6
2018-11-22 17:00:00,13,5,8
2018-11-22 18:00:00,10,6,4
2018-11-22 19:00:00,7,3,4
2018-11-22 20:00:00,1,1,0
2018-11-22 21:00:00,1,0,1
2018-11-22 22:00:00,6,4,2
2018-11-22 23:00:00,2,0,2
2018-11-23 00:00:00,0,0,0
2018-11-23 01:00:00,0,0,0
2018-11-23 02:00:00,0,0,0
2018-11-23 03:00:00,0,0,0
2018-11-23 04:00:00,0,0,0
2018-11-23 05:00:00,2,1,1
2018-11-23 06:00:00,9,4,5
2018-11-23 07:00:00,23,14,9
2018-11-23 08:00:00,66,42,24
2018-11-23 09:00:00,67,33,34
2018-11-23 10:00:00,78,39,39
2018-11-23 11:00:00,113,69,44
2018-11-23 12:00:00,150,65,85
2018-11-23 13:00:00,75,40,35
2018-11-23 14:00:00,80,39,41
2018-11-23 15:00:00,48,25,23
2018-11-23 16:00:00,90,49,41
2018-11-23 17:00:00,49,21,28
2018-11-23 18:00:00,11,5,6
2018-11-23 19:00:00,13,7,6
2018-11-23 20:00:00,9,5,4
2018-11-23 21:00:00,2,1,1
2018-11-23 22:00:00,5,3,2
2018-11-23 23:00:00,6,5,1
2018-11-24 00:00:00,0,0,0
2018-11-24 01:00:00,2,1,1
2018-11-24 02:00:00,0,0,0
2018-11-24 03:00:00,0,0,0
2018-11-24 04:00:00,2,1,1
2018-11-24 05:00:00,2,1,1
2018-11-24 06:00:00,11,4,7
2018-11-24 07:00:00,52,31,21
2018-11-24 08:00:00,108,54,54
2018-11-24 09:00:00,165,88,77
2018-11-24 10:00:00,159,81,78
2018-11-24 11:00:00,195,89,106
2018-11-24 12:00:00,166,80,86
2018-11-24 13:00:00,186,89,97
2018-11-24 14:00:00,152,84,68
2018-11-24 15:00:00,136,54,82
2018-11-24 16:00:00,132,56,76
2018-11-24 17:00:00,40,16,24
2018-11-24 18:00:00,20,13,7
2018-11-24 19:00:00,13,6,7
2018-11-24 20:00:00,9,5,4
2018-11-24 21:00:00,9,6,3
2018-11-24 22:00:00,3,1,2
2018-11-24 23:00:00,3,2,1
2018-11-25 00:00:00,5,4,1
2018-11-25 01:00:00,7,2,5
2018-11-25 02:00:00,2,1,1
2018-11-25 03:00:00,3,2,1
2018-11-25 04:00:00,0,0,0
2018-11-25 05:00:00,6,5,1
2018-11-25 06:00:00,7,2,5
2018-11-25 07:00:00,36,19,17
2018-11-25 08:00:00,126,74,52
2018-11-25 09:00:00,173,88,85
2018-11-25 10:00:00,132,57,75
2018-11-25 11:00:00,206,110,96
2018-11-25 12:00:00,198,94,104
2018-11-25 13:00:00,127,64,63
2018-11-25 14:00:00,192,81,111
2018-11-25 15:00:00,207,101,106
2018-11-25 16:00:00,169,68,101
2018-11-25 17:00:00,41,16,25
2018-11-25 18:00:00,22,10,12
2018-11-25 19:00:00,6,5,1
2018-11-25 20:00:00,11,7,4
2018-11-25 21:00:00,6,2,4
2018-11-25 22:00:00,5,3,2
2018-11-25 23:00:00,3,2,1
2018-11-26 00:00:00,6,4,2
2018-11-26 01:00:00,2,2,0
2018-11-26 02:00:00,3,2,1
2018-11-26 03:00:00,4,2,2
2018-11-26 04:00:00,0,0,0
2018-11-26 05:00:00,3,1,2
2018-11-26 06:00:00,29,19,10
2018-11-26 07:00:00,19,8,11
2018-11-26 08:00:00,43,18,25
2018-11-26 09:00:00,24,13,11
2018-11-26 10:00:00,17,4,13
2018-11-26 11:00:00,26,16,10
2018-11-26 12:00:00,76,43,33
2018-11-26 13:00:00,45,17,28
2018-11-26 14:00:00,32,14,18
2018-11-26 15:00:00,18,6,12
2018-11-26 16:00:00,29,12,17
2018-11-26 17:00:00,22,16,6
2018-11-26 18:00:00,10,7,3
2018-11-26 19:00:00,4,3,1
2018-11-26 20:00:00,8,4,4
2018-11-26 21:00:00,3,2,1
2018-11-26 22:00:00,2,2,0
2018-11-26 23:00:00,2,1,1
2018-11-27 00:00:00,0,0,0
2018-11-27 01:00:00,0,0,0
2018-11-27 02:00:00,0,0,0
2018-11-27 03:00:00,0,0,0
2018-11-27 04:00:00,0,0,0
2018-11-27 05:00:00,10,5,5
2018-11-27 06:00:00,36,16,20
2018-11-27 07:00:00,70,36,34
2018-11-27 08:00:00,80,39,41
2018-11-27 09:00:00,54,22,32
2018-11-27 10:00:00,77,39,38
2018-11-27 11:00:00,134,70,64
2018-11-27 12:00:00,248,123,125
2018-11-27 13:00:00,134,55,79
2018-11-27 14:00:00,36,16,20
2018-11-27 15:00:00,68,36,32
2018-11-27 16:00:00,95,42,53
2018-11-27 17:00:00,54,28,26
2018-11-27 18:00:00,31,17,14
2018-11-27 19:00:00,21,10,11
2018-11-27 20:00:00,9,5,4
2018-11-27 21:00:00,10,7,3
2018-11-27 22:00:00,3,3,0
2018-11-27 23:00:00,3,1,2
2018-11-28 00:00:00,2,1,1
2018-11-28 01:00:00,3,2,1
2018-11-28 02:00:00,1,0,1
2018-11-28 03:00:00,1,1,0
2018-11-28 04:00:00,0,0,0
2018-11-28 05:00:00,7,2,5
2018-11-28 06:00:00,38,23,15
2018-11-28 07:00:00,75,40,35
2018-11-28 08:00:00,77,35,42
2018-11-28 09:00:00,57,26,31
2018-11-28 10:00:00,35,13,22
2018-11-28 11:00:00,60,39,21
2018-11-28 12:00:00,147,73,74
2018-11-28 13:00:00,87,39,48
2018-11-28 14:00:00,63,33,30
2018-11-28 15:00:00,46,17,29
2018-11-28 16:00:00,58,23,35
2018-11-28 17:00:00,42,26,16
2018-11-28 18:00:00,33,20,13
2018-11-28 19:00:00,13,7,6
2018-11-28 20:00:00,13,4,9
2018-11-28 21:00:00,11,5,6
2018-11-28 22:00:00,7,5,2
2018-11-28 23:00:00,1,1,0
2018-11-29 00:00:00,0,0,0
2018-11-29 01:00:00,0,0,0
2018-11-29 02:00:00,0,0,0
2018-11-29 03:00:00,2,1,1
2018-11-29 04:00:00,2,1,1
2018-11-29 05:00:00,19,12,7
2018-11-29 06:00:00,77,47,30
2018-11-29 07:00:00,99,45,54
2018-11-29 08:00:00,103,48,55
2018-11-29 09:00:00,72,37,35
2018-11-29 10:00:00,72,34,38
2018-11-29 11:00:00,84,45,39
2018-11-29 12:00:00,198,104,94
2018-11-29 13:00:00,116,59,57
2018-11-29 14:00:00,84,42,42
2018-11-29 15:00:00,120,56,64
2018-11-29 16:00:00,120,58,62
2018-11-29 17:00:00,59,29,30
2018-11-29 18:00:00,40,20,20
2018-11-29 19:00:00,26,15,11
2018-11-29 20:00:00,17,11,6
2018-11-29 21:00:00,6,4,2
2018-11-29 22:00:00,8,5,3
2018-11-29 23:00:00,8,4,4
2018-11-30 00:00:00,2,0,2
2018-11-30 01:00:00,0,0,0
2018-11-30 02:00:00,0,0,0
2018-11-30 03:00:00,3,1,2
2018-11-30 04:00:00,2,1,1
2018-11-30 05:00:00,12,6,6
2018-11-30 06:00:00,47,24,23
2018-11-30 07:00:00,89,51,38
2018-11-30 08:00:00,117,49,68
2018-11-30 09:00:00,69,28,41
2018-11-30 10:00:00,56,31,25
2018-11-30 11:00:00,93,45,48
2018-11-30 12:00:00,145,72,73
2018-11-30 13:00:00,135,67,68
2018-11-30 14:00:00,98,37,61
2018-11-30 15:00:00,99,48,51
2018-11-30 16:00:00,97,49,48
2018-11-30 17:00:00,55,32,23
2018-11-30 18:00:00,24,10,14
2018-11-30 19:00:00,9,6,3
2018-11-30 20:00:00,6,4,2
2018-11-30 21:00:00,5,1,4
2018-11-30 22:00:00,7,4,3
2018-11-30 23:00:00,8,5,3
2018-12-01 00:00:00,1,1,0
2018-12-01 01:00:00,3,1,2
2018-12-01 02:00:00,0,0,0
2018-12-01 03:00:00,1,0,1
2018-12-01 04:00:00,1,0,1
2018-12-01 05:00:00,1,1,0
2018-12-01 06:00:00,16,9,7
2018-12-01 07:00:00,50,25,25
2018-12-01 08:00:00,110,57,53
2018-12-01 09:00:00,171,91,80
2018-12-01 10:00:00,159,79,80
2018-12-01 11:00:00,150,65,85
2018-12-01 12:00:00,100,50,50
2018-12-01 13:00:00,99,48,51
2018-12-01 14:00:00,123,62,61
2018-12-01 15:00:00,134,65,69
2018-12-01 16:00:00,85,33,52
2018-12-01 17:00:00,31,10,21
2018-12-01 18:00:00,18,8,10
2018-12-01 19:00:00,15,8,7
2018-12-01 20:00:00,14,7,7
2018-12-01 21:00:00,3,2,1
2018-12-01 22:00:00,5,3,2
2018-12-01 23:00:00,1,1,0
2018-12-02 00:00:00,3,2,1
2018-12-02 01:00:00,1,0,1
2018-12-02 02:00:00,1,1,0
2018-12-02 03:00:00,3,2,1
2018-12-02 04:00:00,1,1,0
2018-12-02 05:00:00,6,4,2
2018-12-02 06:00:00,15,9,6
2018-12-02 07:00:00,51,26,25
2018-12-02 08:00:00,85,52,33
2018-12-02 09:00:00,131,63,68
2018-12-02 10:00:00,134,61,73
2018-12-02 11:00:00,98,40,58
2018-12-02 12:00:00,111,62,49
2018-12-02 13:00:00,150,67,83
2018-12-02 14:00:00,152,72,80
2018-12-02 15:00:00,179,84,95
2018-12-02 16:00:00,163,69,94
2018-12-02 17:00:00,60,29,31
2018-12-02 18:00:00,31,11,20
2018-12-02 19:00:00,5,1,4
2018-12-02 20:00:00,14,7,7
2018-12-02 21:00:00,4,3,1
2018-12-02 22:00:00,6,5,1
2018-12-02 23:00:00,6,3,3
2018-12-03 00:00:00,5,2,3
2018-12-03 01:00:00,1,0,1
2018-12-03 02:00:00,2,2,0
2018-12-03 03:00:00,2,1,1
2018-12-03 04:00:00,1,1,0
2018-12-03 05:00:00,14,7,7
2018-12-03 06:00:00,51,33,18
2018-12-03 07:00:00,79,35,44
2018-12-03 08:00:00,95,45,50
2018-12-03 09:00:00,82,33,49
2018-12-03 10:00:00,78,37,41
2018-12-03 11:00:00,122,65,57
2018-12-03 12:00:00,242,118,124
2018-12-03 13:00:00,151,79,72
2018-12-03 14:00:00,253,178,75
2018-12-03 15:00:00,324,217,107
2018-12-03 16:00:00,151,72,79
2018-12-03 17:00:00,63,30,33
2018-12-03 18:00:00,30,14,16
2018-12-03 19:00:00,17,11,6
2018-12-03 20:00:00,12,5,7
2018-12-03 21:00:00,9,2,7
2018-12-03 22:00:00,5,2,3
2018-12-03 23:00:00,1,1,0
2018-12-04 00:00:00,2,2,0
2018-12-04 01:00:00,0,0,0
2018-12-04 02:00:00,0,0,0
2018-12-04 03:00:00,1,1,0
2018-12-04 04:00:00,2,1,1
2018-12-04 05:00:00,20,10,10
2018-12-04 06:00:00,67,39,28
2018-12-04 07:00:00,127,66,61
2018-12-04 08:00:00,115,48,67
2018-12-04 09:00:00,61,26,35
2018-12-04 10:00:00,68,30,38
2018-12-04 11:00:00,126,67,59
2018-12-04 12:00:00,252,131,121
2018-12-04 13:00:00,247,164,83
2018-12-04 14:00:00,409,330,79
2018-12-04 15:00:00,316,214,102
2018-12-04 16:00:00,157,75,82
2018-12-04 17:00:00,70,39,31
2018-12-04 18:00:00,48,27,21
2018-12-04 19:00:00,31,12,19
2018-12-04 20:00:00,16,8,8
2018-12-04 21:00:00,10,7,3
2018-12-04 22:00:00,5,3,2
2018-12-04 23:00:00,0,0,0
2018-12-05 00:00:00,4,2,2
2018-12-05 01:00:00,2,0,2
2018-12-05 02:00:00,0,0,0
2018-12-05 03:00:00,1,1,0
2018-12-05 04:00:00,3,0,3
2018-12-05 05:00:00,10,6,4
2018-12-05 06:00:00,64,34,30
2018-12-05 07:00:00,103,54,49
2018-12-05 08:00:00,117,46,71
2018-12-05 09:00:00,70,29,41
2018-12-05 10:00:00,87,46,41
2018-12-05 11:00:00,101,50,51
2018-12-05 12:00:00,248,125,123
2018-12-05 13:00:00,214,122,92
2018-12-05 14:00:00,317,254,63
2018-12-05 15:00:00,276,167,109
2018-12-05 16:00:00,162,66,96
2018-12-05 17:00:00,75,36,39
2018-12-05 18:00:00,42,24,18
2018-12-05 19:00:00,29,13,16
2018-12-05 20:00:00,15,8,7
2018-12-05 21:00:00,10,6,4
2018-12-05 22:00:00,5,4,1
2018-12-05 23:00:00,4,3,1
2018-12-06 00:00:00,1,1,0
2018-12-06 01:00:00,1,0,1
2018-12-06 02:00:00,0,0,0
2018-12-06 03:00:00,0,0,0
2018-12-06 04:00:00,0,0,0
2018-12-06 05:00:00,13,7,6
2018-12-06 06:00:00,45,27,18
2018-12-06 07:00:00,99,43,56
2018-12-06 08:00:00,89,42,47
2018-12-06 09:00:00,72,37,35
2018-12-06 10:00:00,70,35,35
2018-12-06 11:00:00,118,60,58
2018-12-06 12:00:00,203,104,99
2018-12-06 13:00:00,169,86,83
2018-12-06 14:00:00,254,181,73
2018-12-06 15:00:00,204,110,94
2018-12-06 16:00:00,143,55,88
2018-12-06 17:00:00,44,23,21
2018-12-06 18:00:00,31,15,16
2018-12-06 19:00:00,37,20,17
2018-12-06 20:00:00,11,7,4
2018-12-06 21:00:00,11,7,4
2018-12-06 22:00:00,7,2,5
2018-12-06 23:00:00,2,0,2
2018-12-07 00:00:00,0,0,0
2018-12-07 01:00:00,2,1,1
2018-12-07 02:00:00,0,0,0
2018-12-07 03:00:00,2,1,1
2018-12-07 04:00:00,3,1,2
2018-12-07 05:00:00,10,4,6
2018-12-07 06:00:00,45,20,25
2018-12-07 07:00:00,84,47,37
2018-12-07 08:00:00,94,39,55
2018-12-07 09:00:00,63,25,38
2018-12-07 10:00:00,78,40,38
2018-12-07 11:00:00,114,59,55
2018-12-07 12:00:00,225,111,114
2018-12-07 13:00:00,123,61,62
2018-12-07 14:00:00,174,92,82
2018-12-07 15:00:00,129,66,63
2018-12-07 16:00:00,112,55,57
2018-12-07 17:00:00,55,27,28
2018-12-07 18:00:00,27,15,12
2018-12-07 19:00:00,18,11,7
2018-12-07 20:00:00,21,9,12
2018-12-07 21:00:00,10,4,6
2018-12-07 22:00:00,7,5,2
2018-12-07 23:00:00,6,3,3
2018-12-08 00:00:00,4,2,2
2018-12-08 01:00:00,4,3,1
2018-12-08 02:00:00,2,1,1
2018-12-08 03:00:00,0,0,0
2018-12-08 04:00:00,2,1,1
2018-12-08 05:00:00,2,1,1
2018-12-08 06:00:00,6,5,1
2018-12-08 07:00:00,42,22,20
2018-12-08 08:00:00,72,35,37
2018-12-08 09:00:00,105,51,54
2018-12-08 10:00:00,145,74,71
2018-12-08 11:00:00,123,56,67
2018-12-08 12:00:00,109,50,59
2018-12-08 13:00:00,110,52,58
2018-12-08 14:00:00,146,75,71
2018-12-08 15:00:00,212,92,120
2018-12-08 16:00:00,146,65,81
2018-12-08 17:00:00,51,18,33
2018-12-08 18:00:00,26,13,13
2018-12-08 19:00:00,21,11,10
2018-12-08 20:00:00,10,5,5
2018-12-08 21:00:00,14,4,10
2018-12-08 22:00:00,7,3,4
2018-12-08 23:00:00,4,2,2
2018-12-09 00:00:00,6,3,3
2018-12-09 01:00:00,1,0,1
2018-12-09 02:00:00,4,3,1
2018-12-09 03:00:00,2,1,1
2018-12-09 04:00:00,0,0,0
2018-12-09 05:00:00,0,0,0
2018-12-09 06:00:00,11,6,5
2018-12-09 07:00:00,43,29,14
2018-12-09 08:00:00,87,38,49
2018-12-09 09:00:00,83,42,41
2018-12-09 10:00:00,48,22,26
2018-12-09 11:00:00,43,21,22
2018-12-09 12:00:00,56,25,31
2018-12-09 13:00:00,37,19,18
2018-12-09 14:00:00,26,13,13
2018-12-09 15:00:00,46,26,20
2018-12-09 16:00:00,43,15,28
2018-12-09 17:00:00,11,5,6
2018-12-09 18:00:00,17,12,5
2018-12-09 19:00:00,10,6,4
2018-12-09 20:00:00,12,6,6
2018-12-09 21:00:00,3,2,1
2018-12-09 22:00:00,1,0,1
2018-12-09 23:00:00,2,1,1
2018-12-10 00:00:00,2,1,1
2018-12-10 01:00:00,0,0,0
2018-12-10 02:00:00,1,1,0
2018-12-10 03:00:00,2,1,1
2018-12-10 04:00:00,2,2,0
2018-12-10 05:00:00,14,8,6
2018-12-10 06:00:00,52,31,21
2018-12-10 07:00:00,88,38,50
2018-12-10 08:00:00,87,39,48
2018-12-10 09:00:00,105,55,50
2018-12-10 10:00:00,63,24,39
2018-12-10 11:00:00,115,60,55
2018-12-10 12:00:00,226,116,110
2018-12-10 13:00:00,212,118,94
2018-12-10 14:00:00,171,114,57
2018-12-10 15:00:00,109,49,60
2018-12-10 16:00:00,122,53,69
2018-12-10 17:00:00,52,25,27
2018-12-10 18:00:00,34,17,17
2018-12-10 19:00:00,25,13,12
2018-12-10 20:00:00,22,14,8
2018-12-10 21:00:00,9,6,3
2018-12-10 22:00:00,3,3,0
2018-12-10 23:00:00,1,1,0
2018-12-11 00:00:00,1,1,0
2018-12-11 01:00:00,1,0,1
2018-12-11 02:00:00,0,0,0
2018-12-11 03:00:00,3,2,1
2018-12-11 04:00:00,2,1,1
2018-12-11 05:00:00,10,8,2
2018-12-11 06:00:00,68,37,31
2018-12-11 07:00:00,62,29,33
2018-12-11 08:00:00,62,22,40
2018-12-11 09:00:00,35,17,18
2018-12-11 10:00:00,31,18,13
2018-12-11 11:00:00,26,13,13
2018-12-11 12:00:00,67,39,28
2018-12-11 13:00:00,35,21,14
2018-12-11 14:00:00,22,12,10
2018-12-11 15:00:00,21,8,13
2018-12-11 16:00:00,34,16,18
2018-12-11 17:00:00,45,25,20
2018-12-11 18:00:00,39,20,19
2018-12-11 19:00:00,23,9,14
2018-12-11 20:00:00,13,7,6
2018-12-11 21:00:00,12,7,5
2018-12-11 22:00:00,5,3,2
2018-12-11 23:00:00,3,1,2
2018-12-12 00:00:00,2,1,1
2018-12-12 01:00:00,2,1,1
2018-12-12 02:00:00,0,0,0
2018-12-12 03:00:00,1,1,0
2018-12-12 04:00:00,1,1,0
2018-12-12 05:00:00,26,17,9
2018-12-12 06:00:00,77,38,39
2018-12-12 07:00:00,101,49,52
2018-12-12 08:00:00,114,59,55
2018-12-12 09:00:00,63,32,31
2018-12-12 10:00:00,64,26,38
2018-12-12 11:00:00,100,49,51
2018-12-12 12:00:00,160,79,81
2018-12-12 13:00:00,112,56,56
2018-12-12 14:00:00,87,42,45
2018-12-12 15:00:00,82,39,43
2018-12-12 16:00:00,61,30,31
2018-12-12 17:00:00,39,16,23
2018-12-12 18:00:00,19,11,8
2018-12-12 19:00:00,28,15,13
2018-12-12 20:00:00,6,3,3
2018-12-12 21:00:00,7,3,4
2018-12-12 22:00:00,3,2,1
2018-12-12 23:00:00,3,2,1
2018-12-13 00:00:00,1,1,0
2018-12-13 01:00:00,0,0,0
2018-12-13 02:00:00,2,1,1
2018-12-13 03:00:00,0,0,0
2018-12-13 04:00:00,0,0,0
2018-12-13 05:00:00,16,9,7
2018-12-13 06:00:00,38,21,17
2018-12-13 07:00:00,62,27,35
2018-12-13 08:00:00,48,23,25
2018-12-13 09:00:00,45,23,22
2018-12-13 10:00:00,23,11,12
2018-12-13 11:00:00,50,30,20
2018-12-13 12:00:00,120,54,66
2018-12-13 13:00:00,66,36,30
2018-12-13 14:00:00,43,24,19
2018-12-13 15:00:00,39,15,24
2018-12-13 16:00:00,63,31,32
2018-12-13 17:00:00,42,16,26
2018-12-13 18:00:00,91,52,39
2018-12-13 19:00:00,97,34,63
2018-12-13 20:00:00,57,28,29
2018-12-13 21:00:00,19,14,5
2018-12-13 22:00:00,9,4,5
2018-12-13 23:00:00,2,1,1
2018-12-14 00:00:00,1,0,1
2018-12-14 01:00:00,3,2,1
2018-12-14 02:00:00,0,0,0
2018-12-14 03:00:00,0,0,0
2018-12-14 04:00:00,6,3,3
2018-12-14 05:00:00,10,5,5
2018-12-14 06:00:00,39,25,14
2018-12-14 07:00:00,79,43,36
2018-12-14 08:00:00,98,43,55
2018-12-14 09:00:00,80,37,43
2018-12-14 10:00:00,66,29,37
2018-12-14 11:00:00,95,45,50
2018-12-14 12:00:00,182,100,82
2018-12-14 13:00:00,135,64,71
2018-12-14 14:00:00,78,35,43
2018-12-14 15:00:00,79,37,42
2018-12-14 16:00:00,78,38,40
2018-12-14 17:00:00,41,20,21
2018-12-14 18:00:00,12,6,6
2018-12-14 19:00:00,4,2,2
2018-12-14 20:00:00,10,6,4
2018-12-14 21:00:00,4,3,1
2018-12-14 22:00:00,8,5,3
2018-12-14 23:00:00,3,1,2
2018-12-15 00:00:00,0,0,0
2018-12-15 01:00:00,1,1,0
2018-12-15 02:00:00,0,0,0
2018-12-15 03:00:00,0,0,0
2018-12-15 04:00:00,2,1,1
2018-12-15 05:00:00,4,2,2
2018-12-15 06:00:00,6,2,4
2018-12-15 07:00:00,38,25,13
2018-12-15 08:00:00,94,54,40
2018-12-15 09:00:00,113,57,56
2018-12-15 10:00:00,136,64,72
2018-12-15 11:00:00,179,94,85
2018-12-15 12:00:00,183,85,98
2018-12-15 13:00:00,168,83,85
2018-12-15 14:00:00,165,86,79
2018-12-15 15:00:00,185,82,103
2018-12-15 16:00:00,97,36,61
2018-12-15 17:00:00,28,9,19
2018-12-15 18:00:00,33,18,15
2018-12-15 19:00:00,24,8,16
2018-12-15 20:00:00,12,10,2
2018-12-15 21:00:00,7,3,4
2018-12-15 22:00:00,6,4,2
2018-12-15 23:00:00,3,2,1
2018-12-16 00:00:00,4,2,2
2018-12-16 01:00:00,0,0,0
2018-12-16 02:00:00,0,0,0
2018-12-16 03:00:00,1,0,1
2018-12-16 04:00:00,3,1,2
2018-12-16 05:00:00,3,2,1
2018-12-16 06:00:00,4,2,2
2018-12-16 07:00:00,31,16,15
2018-12-16 08:00:00,48,27,21
2018-12-16 09:00:00,102,49,53
2018-12-16 10:00:00,124,72,52
2018-12-16 11:00:00,92,44,48
2018-12-16 12:00:00,97,42,55
2018-12-16 13:00:00,55,24,31
2018-12-16 14:00:00,51,24,27
2018-12-16 15:00:00,55,23,32
2018-12-16 16:00:00,46,20,26
2018-12-16 17:00:00,31,18,13
2018-12-16 18:00:00,26,16,10
2018-12-16 19:00:00,13,3,10
2018-12-16 20:00:00,6,4,2
2018-12-16 21:00:00,5,2,3
2018-12-16 22:00:00,4,2,2
2018-12-16 23:00:00,2,2,0
2018-12-17 00:00:00,7,4,3
2018-12-17 01:00:00,1,0,1
2018-12-17 02:00:00,1,1,0
2018-12-17 03:00:00,0,0,0
2018-12-17 04:00:00,0,0,0
2018-12-17 05:00:00,9,6,3
2018-12-17 06:00:00,42,23,19
2018-12-17 07:00:00,64,37,27
2018-12-17 08:00:00,87,36,51
2018-12-17 09:00:00,79,40,39
2018-12-17 10:00:00,72,30,42
2018-12-17 11:00:00,119,63,56
2018-12-17 12:00:00,217,102,115
2018-12-17 13:00:00,131,61,70
2018-12-17 14:00:00,92,46,46
2018-12-17 15:00:00,56,23,33
2018-12-17 16:00:00,22,9,13
2018-12-17 17:00:00,31,21,10
2018-12-17 18:00:00,20,11,9
2018-12-17 19:00:00,11,5,6
2018-12-17 20:00:00,4,1,3
2018-12-17 21:00:00,0,0,0
2018-12-17 22:00:00,3,3,0
2018-12-17 23:00:00,7,3,4
2018-12-18 00:00:00,3,3,0
2018-12-18 01:00:00,0,0,0
2018-12-18 02:00:00,0,0,0
2018-12-18 03:00:00,0,0,0
2018-12-18 04:00:00,0,0,0
2018-12-18 05:00:00,6,3,3
2018-12-18 06:00:00,31,16,15
2018-12-18 07:00:00,46,27,19
2018-12-18 08:00:00,63,24,39
2018-12-18 09:00:00,42,21,21
2018-12-18 10:00:00,32,18,14
2018-12-18 11:00:00,91,50,41
2018-12-18 12:00:00,173,91,82
2018-12-18 13:00:00,45,20,25
2018-12-18 14:00:00,18,9,9
2018-12-18 15:00:00,47,28,19
2018-12-18 16:00:00,41,17,24
2018-12-18 17:00:00,24,15,9
2018-12-18 18:00:00,15,10,5
2018-12-18 19:00:00,14,9,5
2018-12-18 20:00:00,18,8,10
2018-12-18 21:00:00,9,6,3
2018-12-18 22:00:00,5,3,2
2018-12-18 23:00:00,2,1,1
2018-12-19 00:00:00,1,1,0
2018-12-19 01:00:00,2,1,1
2018-12-19 02:00:00,0,0,0
2018-12-19 03:00:00,2,2,0
2018-12-19 04:00:00,2,0,2
2018-12-19 05:00:00,10,7,3
2018-12-19 06:00:00,55,32,23
2018-12-19 07:00:00,59,25,34
2018-12-19 08:00:00,86,39,47
2018-12-19 09:00:00,58,26,32
2018-12-19 10:00:00,45,22,23
2018-12-19 11:00:00,74,34,40
2018-12-19 12:00:00,153,78,75
2018-12-19 13:00:00,102,49,53
2018-12-19 14:00:00,61,27,34
2018-12-19 15:00:00,100,55,45
2018-12-19 16:00:00,95,52,43
2018-12-19 17:00:00,70,31,39
2018-12-19 18:00:00,40,21,19
2018-12-19 19:00:00,29,17,12
2018-12-19 20:00:00,23,11,12
2018-12-19 21:00:00,10,6,4
2018-12-19 22:00:00,7,3,4
2018-12-19 23:00:00,4,2,2
2018-12-20 00:00:00,1,0,1
2018-12-20 01:00:00,2,1,1
2018-12-20 02:00:00,2,0,2
2018-12-20 03:00:00,0,0,0
2018-12-20 04:00:00,8,4,4
2018-12-20 05:00:00,6,3,3
2018-12-20 06:00:00,14,9,5
2018-12-20 07:00:00,44,19,25
2018-12-20 08:00:00,55,24,31
2018-12-20 09:00:00,27,14,13
2018-12-20 10:00:00,28,15,13
2018-12-20 11:00:00,19,13,6
2018-12-20 12:00:00,62,29,33
2018-12-20 13:00:00,43,26,17
2018-12-20 14:00:00,45,24,21
2018-12-20 15:00:00,58,26,32
2018-12-20 16:00:00,66,31,35
2018-12-20 17:00:00,36,11,25
2018-12-20 18:00:00,14,8,6
2018-12-20 19:00:00,19,10,9
2018-12-20 20:00:00,21,13,8
2018-12-20 21:00:00,10,4,6
2018-12-20 22:00:00,4,2,2
2018-12-20 23:00:00,0,0,0
2018-12-21 00:00:00,0,0,0
2018-12-21 01:00:00,3,1,2
2018-12-21 02:00:00,0,0,0
2018-12-21 03:00:00,1,1,0
2018-12-21 04:00:00,4,2,2
2018-12-21 05:00:00,9,3,6
2018-12-21 06:00:00,26,14,12
2018-12-21 07:00:00,51,30,21
2018-12-21 08:00:00,80,42,38
2018-12-21 09:00:00,66,31,35
2018-12-21 10:00:00,74,31,43
2018-12-21 11:00:00,67,32,35
2018-12-21 12:00:00,213,114,99
2018-12-21 13:00:00,111,49,62
2018-12-21 14:00:00,66,41,25
2018-12-21 15:00:00,104,49,55
2018-12-21 16:00:00,96,41,55
2018-12-21 17:00:00,34,14,20
2018-12-21 18:00:00,34,13,21
2018-12-21 19:00:00,28,19,9
2018-12-21 20:00:00,20,9,11
2018-12-21 21:00:00,11,6,5
2018-12-21 22:00:00,5,1,4
2018-12-21 23:00:00,5,2,3
2018-12-22 00:00:00,1,1,0
2018-12-22 01:00:00,2,1,1
2018-12-22 02:00:00,2,1,1
2018-12-22 03:00:00,4,3,1
2018-12-22 04:00:00,2,1,1
2018-12-22 05:00:00,3,1,2
2018-12-22 06:00:00,7,4,3
2018-12-22 07:00:00,32,18,14
2018-12-22 08:00:00,101,51,50
2018-12-22 09:00:00,104,52,52
2018-12-22 10:00:00,130,59,71
2018-12-22 11:00:00,130,57,73
2018-12-22 12:00:00,126,58,68
2018-12-22 13:00:00,118,66,52
2018-12-22 14:00:00,108,46,62
2018-12-22 15:00:00,153,82,71
2018-12-22 16:00:00,98,39,59
2018-12-22 17:00:00,28,13,15
2018-12-22 18:00:00,6,3,3
2018-12-22 19:00:00,2,2,0
2018-12-22 20:00:00,3,1,2
2018-12-22 21:00:00,5,3,2
2018-12-22 22:00:00,5,3,2
2018-12-22 23:00:00,3,2,1
2018-12-23 00:00:00,3,2,1
2018-12-23 01:00:00,0,0,0
2018-12-23 02:00:00,0,0,0
2018-12-23 03:00:00,2,1,1
2018-12-23 04:00:00,1,1,0
2018-12-23 05:00:00,2,1,1
2018-12-23 06:00:00,10,5,5
2018-12-23 07:00:00,13,6,7
2018-12-23 08:00:00,36,25,11
2018-12-23 09:00:00,57,26,31
2018-12-23 10:00:00,94,51,43
2018-12-23 11:00:00,146,70,76
2018-12-23 12:00:00,121,53,68
2018-12-23 13:00:00,59,29,30
2018-12-23 14:00:00,63,34,29
2018-12-23 15:00:00,99,54,45
2018-12-23 16:00:00,77,33,44
2018-12-23 17:00:00,28,15,13
2018-12-23 18:00:00,14,8,6
2018-12-23 19:00:00,2,1,1
2018-12-23 20:00:00,6,4,2
2018-12-23 21:00:00,12,7,5
2018-12-23 22:00:00,2,1,1
2018-12-23 23:00:00,2,1,1
2018-12-24 00:00:00,4,3,1
2018-12-24 01:00:00,4,2,2
2018-12-24 02:00:00,1,0,1
2018-12-24 03:00:00,3,2,1
2018-12-24 04:00:00,0,0,0
2018-12-24 05:00:00,2,1,1
2018-12-24 06:00:00,16,8,8
2018-12-24 07:00:00,27,17,10
2018-12-24 08:00:00,71,37,34
2018-12-24 09:00:00,101,45,56
2018-12-24 10:00:00,116,53,63
2018-12-24 11:00:00,161,75,86
2018-12-24 12:00:00,211,93,118
2018-12-24 13:00:00,270,141,129
2018-12-24 14:00:00,414,261,153
2018-12-24 15:00:00,523,375,148
2018-12-24 16:00:00,150,61,89
2018-12-24 17:00:00,37,19,18
2018-12-24 18:00:00,6,3,3
2018-12-24 19:00:00,4,3,1
2018-12-24 20:00:00,5,3,2
2018-12-24 21:00:00,7,4,3
2018-12-24 22:00:00,2,1,1
2018-12-24 23:00:00,1,1,0
2018-12-25 00:00:00,4,1,3
2018-12-25 01:00:00,3,2,1
2018-12-25 02:00:00,1,1,0
2018-12-25 03:00:00,2,1,1
2018-12-25 04:00:00,0,0,0
2018-12-25 05:00:00,4,2,2
2018-12-25 06:00:00,6,4,2
2018-12-25 07:00:00,20,11,9
2018-12-25 08:00:00,65,35,30
2018-12-25 09:00:00,104,52,52
2018-12-25 10:00:00,93,41,52
2018-12-25 11:00:00,149,86,63
2018-12-25 12:00:00,191,99,92
2018-12-25 13:00:00,191,85,106
2018-12-25 14:00:00,191,98,93
2018-12-25 15:00:00,166,87,79
2018-12-25 16:00:00,122,43,79
2018-12-25 17:00:00,16,7,9
2018-12-25 18:00:00,5,4,1
2018-12-25 19:00:00,2,2,0
2018-12-25 20:00:00,9,4,5
2018-12-25 21:00:00,8,5,3
2018-12-25 22:00:00,6,3,3
2018-12-25 23:00:00,5,1,4
2018-12-26 00:00:00,3,1,2
2018-12-26 01:00:00,0,0,0
2018-12-26 02:00:00,2,1,1
2018-12-26 03:00:00,3,2,1
2018-12-26 04:00:00,0,0,0
2018-12-26 05:00:00,3,2,1
2018-12-26 06:00:00,8,4,4
2018-12-26 07:00:00,29,15,14
2018-12-26 08:00:00,30,17,13
2018-12-26 09:00:00,57,32,25
2018-12-26 10:00:00,60,27,33
2018-12-26 11:00:00,43,26,17
2018-12-26 12:00:00,95,43,52
2018-12-26 13:00:00,83,37,46
2018-12-26 14:00:00,75,42,33
2018-12-26 15:00:00,74,37,37
2018-12-26 16:00:00,45,22,23
2018-12-26 17:00:00,34,14,20
2018-12-26 18:00:00,14,8,6
2018-12-26 19:00:00,5,4,1
2018-12-26 20:00:00,8,4,4
2018-12-26 21:00:00,4,3,1
2018-12-26 22:00:00,15,7,8
2018-12-26 23:00:00,1,0,1
2018-12-27 00:00:00,1,0,1
2018-12-27 01:00:00,2,1,1
2018-12-27 02:00:00,1,0,1
2018-12-27 03:00:00,0,0,0
2018-12-27 04:00:00,4,2,2
2018-12-27 05:00:00,8,5,3
2018-12-27 06:00:00,18,8,10
2018-12-27 07:00:00,31,18,13
2018-12-27 08:00:00,72,42,30
2018-12-27 09:00:00,99,52,47
2018-12-27 10:00:00,132,57,75
2018-12-27 11:00:00,113,58,55
2018-12-27 12:00:00,185,97,88
2018-12-27 13:00:00,136,75,61
2018-12-27 14:00:00,116,59,57
2018-12-27 15:00:00,127,52,75
2018-12-27 16:00:00,122,53,69
2018-12-27 17:00:00,39,23,16
2018-12-27 18:00:00,23,11,12
2018-12-27 19:00:00,21,14,7
2018-12-27 20:00:00,15,8,7
2018-12-27 21:00:00,8,4,4
2018-12-27 22:00:00,8,4,4
2018-12-27 23:00:00,4,1,3
2018-12-28 00:00:00,2,1,1
2018-12-28 01:00:00,3,2,1
2018-12-28 02:00:00,2,1,1
2018-12-28 03:00:00,0,0,0
2018-12-28 04:00:00,2,1,1
2018-12-28 05:00:00,4,2,2
2018-12-28 06:00:00,20,14,6
2018-12-28 07:00:00,43,18,25
2018-12-28 08:00:00,55,27,28
2018-12-28 09:00:00,36,18,18
2018-12-28 10:00:00,41,20,21
2018-12-28 11:00:00,43,23,20
2018-12-28 12:00:00,52,22,30
2018-12-28 13:00:00,21,9,12
2018-12-28 14:00:00,38,17,21
2018-12-28 15:00:00,55,28,27
2018-12-28 16:00:00,57,24,33
2018-12-28 17:00:00,17,13,4
2018-12-28 18:00:00,13,7,6
2018-12-28 19:00:00,14,6,8
2018-12-28 20:00:00,10,5,5
2018-12-28 21:00:00,2,1,1
2018-12-28 22:00:00,5,3,2
2018-12-28 23:00:00,8,6,2
2018-12-29 00:00:00,3,0,3
2018-12-29 01:00:00,3,2,1
2018-12-29 02:00:00,1,1,0
2018-12-29 03:00:00,0,0,0
2018-12-29 04:00:00,1,0,1
2018-12-29 05:00:00,3,2,1
2018-12-29 06:00:00,9,5,4
2018-12-29 07:00:00,27,13,14
2018-12-29 08:00:00,76,40,36
2018-12-29 09:00:00,179,65,114
2018-12-29 10:00:00,114,46,68
2018-12-29 11:00:00,93,42,51
2018-12-29 12:00:00,25,16,9
2018-12-29 13:00:00,37,15,22
2018-12-29 14:00:00,19,5,14
2018-12-29 15:00:00,13,7,6
2018-12-29 16:00:00,20,12,8
2018-12-29 17:00:00,16,4,12
2018-12-29 18:00:00,16,10,6
2018-12-29 19:00:00,13,9,4
2018-12-29 20:00:00,10,5,5
2018-12-29 21:00:00,5,1,4
2018-12-29 22:00:00,6,5,1
2018-12-29 23:00:00,7,5,2
2018-12-30 00:00:00,5,2,3
2018-12-30 01:00:00,2,1,1
2018-12-30 02:00:00,2,1,1
2018-12-30 03:00:00,3,1,2
2018-12-30 04:00:00,0,0,0
2018-12-30 05:00:00,2,1,1
2018-12-30 06:00:00,11,7,4
2018-12-30 07:00:00,33,22,11
2018-12-30 08:00:00,103,55,48
2018-12-30 09:00:00,235,119,116
2018-12-30 10:00:00,222,108,114
2018-12-30 11:00:00,218,107,111
2018-12-30 12:00:00,221,102,119
2018-12-30 13:00:00,203,94,109
2018-12-30 14:00:00,221,106,115
2018-12-30 15:00:00,331,170,161
2018-12-30 16:00:00,214,100,114
2018-12-30 17:00:00,63,33,30
2018-12-30 18:00:00,25,10,15
2018-12-30 19:00:00,11,6,5
2018-12-30 20:00:00,16,6,10
2018-12-30 21:00:00,10,4,6
2018-12-30 22:00:00,4,4,0
2018-12-30 23:00:00,7,3,4
2018-12-31 00:00:00,6,3,3
2018-12-31 01:00:00,3,2,1
2018-12-31 02:00:00,1,1,0
2018-12-31 03:00:00,2,1,1
2018-12-31 04:00:00,2,0,2
2018-12-31 05:00:00,7,5,2
2018-12-31 06:00:00,16,10,6
2018-12-31 07:00:00,41,22,19
2018-12-31 08:00:00,65,30,35
2018-12-31 09:00:00,87,43,44
2018-12-31 10:00:00,114,52,62
2018-12-31 11:00:00,155,82,73
2018-12-31 12:00:00,219,110,109
2018-12-31 13:00:00,194,83,111
2018-12-31 14:00:00,247,124,123
2018-12-31 15:00:00,317,174,143
2018-12-31 16:00:00,219,92,127
2018-12-31 17:00:00,63,33,30
2018-12-31 18:00:00,13,6,7
2018-12-31 19:00:00,12,8,4
2018-12-31 20:00:00,9,2,7
2018-12-31 21:00:00,12,4,8
2018-12-31 22:00:00,12,5,7
2018-12-31 23:00:00,9,4,5
2019-01-01 00:00:00,13,11,2
2019-01-01 01:00:00,15,10,5
2019-01-01 02:00:00,3,0,3
2019-01-01 03:00:00,3,2,1
2019-01-01 04:00:00,0,0,0
2019-01-01 05:00:00,4,3,1
2019-01-01 06:00:00,5,3,2
2019-01-01 07:00:00,22,14,8
2019-01-01 08:00:00,53,30,23
2019-01-01 09:00:00,77,43,34
2019-01-01 10:00:00,138,75,63
2019-01-01 11:00:00,161,83,78
2019-01-01 12:00:00,335,181,154
2019-01-01 13:00:00,373,200,173
2019-01-01 14:00:00,388,180,208
2019-01-01 15:00:00,372,184,188
2019-01-01 16:00:00,268,129,139
2019-01-01 17:00:00,71,19,52
2019-01-01 18:00:00,12,5,7
2019-01-01 19:00:00,7,2,5
2019-01-01 20:00:00,7,5,2
2019-01-01 21:00:00,5,4,1
2019-01-01 22:00:00,4,3,1
2019-01-01 23:00:00,4,1,3
2019-01-02 00:00:00,2,1,1
2019-01-02 01:00:00,2,1,1
2019-01-02 02:00:00,3,1,2
2019-01-02 03:00:00,1,1,0
2019-01-02 04:00:00,6,4,2
2019-01-02 05:00:00,9,8,1
2019-01-02 06:00:00,35,18,17
2019-01-02 07:00:00,65,31,34
2019-01-02 08:00:00,80,46,34
2019-01-02 09:00:00,77,33,44
2019-01-02 10:00:00,83,45,38
2019-01-02 11:00:00,114,53,61
2019-01-02 12:00:00,221,117,104
2019-01-02 13:00:00,124,56,68
2019-01-02 14:00:00,87,42,45
2019-01-02 15:00:00,97,45,52
2019-01-02 16:00:00,105,48,57
2019-01-02 17:00:00,42,24,18
2019-01-02 18:00:00,36,19,17
2019-01-02 19:00:00,28,17,11
2019-01-02 20:00:00,16,9,7
2019-01-02 21:00:00,12,7,5
2019-01-02 22:00:00,3,3,0
2019-01-02 23:00:00,2,1,1
2019-01-03 00:00:00,2,1,1
2019-01-03 01:00:00,2,1,1
2019-01-03 02:00:00,0,0,0
2019-01-03 03:00:00,2,1,1
2019-01-03 04:00:00,1,1,0
2019-01-03 05:00:00,11,6,5
2019-01-03 06:00:00,17,12,5
2019-01-03 07:00:00,41,19,22
2019-01-03 08:00:00,39,20,19
2019-01-03 09:00:00,23,11,12
2019-01-03 10:00:00,33,18,15
2019-01-03 11:00:00,78,41,37
2019-01-03 12:00:00,162,80,82
2019-01-03 13:00:00,88,44,44
2019-01-03 14:00:00,39,23,16
2019-01-03 15:00:00,42,17,25
2019-01-03 16:00:00,37,19,18
2019-01-03 17:00:00,39,21,18
2019-01-03 18:00:00,37,18,19
2019-01-03 19:00:00,24,13,11
2019-01-03 20:00:00,12,7,5
2019-01-03 21:00:00,5,4,1
2019-01-03 22:00:00,11,6,5
2019-01-03 23:00:00,2,0,2
2019-01-04 00:00:00,3,2,1
2019-01-04 01:00:00,2,1,1
2019-01-04 02:00:00,2,1,1
2019-01-04 03:00:00,2,2,0
2019-01-04 04:00:00,3,1,2
2019-01-04 05:00:00,3,2,1
2019-01-04 06:00:00,19,10,9
2019-01-04 07:00:00,68,32,36
2019-01-04 08:00:00,82,42,40
2019-01-04 09:00:00,70,29,41
2019-01-04 10:00:00,95,51,44
2019-01-04 11:00:00,134,69,65
2019-01-04 12:00:00,198,94,104
2019-01-04 13:00:00,141,66,75
2019-01-04 14:00:00,95,48,47
2019-01-04 15:00:00,101,56,45
2019-01-04 16:00:00,125,54,71
2019-01-04 17:00:00,59,32,27
2019-01-04 18:00:00,33,14,19
2019-01-04 19:00:00,20,9,11
2019-01-04 20:00:00,22,9,13
2019-01-04 21:00:00,12,4,8
2019-01-04 22:00:00,9,2,7
2019-01-04 23:00:00,4,3,1
2019-01-05 00:00:00,4,1,3
2019-01-05 01:00:00,0,0,0
2019-01-05 02:00:00,0,0,0
2019-01-05 03:00:00,1,0,1
2019-01-05 04:00:00,4,1,3
2019-01-05 05:00:00,5,5,0
2019-01-05 06:00:00,5,2,3
2019-01-05 07:00:00,25,15,10
2019-01-05 08:00:00,86,47,39
2019-01-05 09:00:00,136,78,58
2019-01-05 10:00:00,173,86,87
2019-01-05 11:00:00,185,89,96
2019-01-05 12:00:00,211,98,113
2019-01-05 13:00:00,191,97,94
2019-01-05 14:00:00,205,106,99
2019-01-05 15:00:00,194,95,99
2019-01-05 16:00:00,139,64,75
2019-01-05 17:00:00,26,12,14
2019-01-05 18:00:00,8,4,4
2019-01-05 19:00:00,4,4,0
2019-01-05 20:00:00,12,5,7
2019-01-05 21:00:00,9,3,6
2019-01-05 22:00:00,6,3,3
2019-01-05 23:00:00,0,0,0
2019-01-06 00:00:00,4,1,3
2019-01-06 01:00:00,2,1,1
2019-01-06 02:00:00,2,2,0
2019-01-06 03:00:00,5,2,3
2019-01-06 04:00:00,1,1,0
2019-01-06 05:00:00,5,4,1
2019-01-06 06:00:00,8,5,3
2019-01-06 07:00:00,36,21,15
2019-01-06 08:00:00,56,36,20
2019-01-06 09:00:00,141,73,68
2019-01-06 10:00:00,176,97,79
2019-01-06 11:00:00,176,85,91
2019-01-06 12:00:00,280,141,139
2019-01-06 13:00:00,191,95,96
2019-01-06 14:00:00,132,63,69
2019-01-06 15:00:00,110,48,62
2019-01-06 16:00:00,90,41,49
2019-01-06 17:00:00,36,18,18
2019-01-06 18:00:00,13,5,8
2019-01-06 19:00:00,3,2,1
2019-01-06 20:00:00,1,1,0
2019-01-06 21:00:00,4,2,2
2019-01-06 22:00:00,2,2,0
2019-01-06 23:00:00,2,1,1
2019-01-07 00:00:00,2,1,1
2019-01-07 01:00:00,0,0,0
2019-01-07 02:00:00,2,1,1
2019-01-07 03:00:00,2,1,1
2019-01-07 04:00:00,3,1,2
2019-01-07 05:00:00,20,11,9
2019-01-07 06:00:00,48,25,23
2019-01-07 07:00:00,88,46,42
2019-01-07 08:00:00,82,39,43
2019-01-07 09:00:00,61,32,29
2019-01-07 10:00:00,48,21,27
2019-01-07 11:00:00,99,54,45
2019-01-07 12:00:00,283,153,130
2019-01-07 13:00:00,183,90,93
2019-01-07 14:00:00,122,60,62
2019-01-07 15:00:00,195,90,105
2019-01-07 16:00:00,191,89,102
2019-01-07 17:00:00,89,48,41
2019-01-07 18:00:00,45,23,22
2019-01-07 19:00:00,26,14,12
2019-01-07 20:00:00,15,6,9
2019-01-07 21:00:00,4,3,1
2019-01-07 22:00:00,10,8,2
2019-01-07 23:00:00,1,1,0
2019-01-08 00:00:00,0,0,0
2019-01-08 01:00:00,2,1,1
2019-01-08 02:00:00,2,1,1
2019-01-08 03:00:00,2,2,0
2019-01-08 04:00:00,2,1,1
2019-01-08 05:00:00,12,9,3
2019-01-08 06:00:00,67,37,30
2019-01-08 07:00:00,89,41,48
2019-01-08 08:00:00,91,37,54
2019-01-08 09:00:00,34,18,16
2019-01-08 10:00:00,30,14,16
2019-01-08 11:00:00,52,29,23
2019-01-08 12:00:00,133,68,65
2019-01-08 13:00:00,54,25,29
2019-01-08 14:00:00,48,24,24
2019-01-08 15:00:00,44,19,25
2019-01-08 16:00:00,82,41,41
2019-01-08 17:00:00,45,24,21
2019-01-08 18:00:00,32,19,13
2019-01-08 19:00:00,23,12,11
2019-01-08 20:00:00,11,5,6
2019-01-08 21:00:00,14,7,7
2019-01-08 22:00:00,6,4,2
2019-01-08 23:00:00,2,1,1
2019-01-09 00:00:00,1,1,0
2019-01-09 01:00:00,1,0,1
2019-01-09 02:00:00,0,0,0
2019-01-09 03:00:00,3,2,1
2019-01-09 04:00:00,1,0,1
2019-01-09 05:00:00,9,4,5
2019-01-09 06:00:00,60,35,25
2019-01-09 07:00:00,77,42,35
2019-01-09 08:00:00,68,32,36
2019-01-09 09:00:00,63,31,32
2019-01-09 10:00:00,72,32,40
2019-01-09 11:00:00,85,44,41
2019-01-09 12:00:00,163,89,74
2019-01-09 13:00:00,81,38,43
2019-01-09 14:00:00,56,33,23
2019-01-09 15:00:00,51,21,30
2019-01-09 16:00:00,95,48,47
2019-01-09 17:00:00,46,22,24
2019-01-09 18:00:00,29,18,11
2019-01-09 19:00:00,21,13,8
2019-01-09 20:00:00,19,13,6
2019-01-09 21:00:00,9,4,5
2019-01-09 22:00:00,10,6,4
2019-01-09 23:00:00,0,0,0
2019-01-10 00:00:00,0,0,0
2019-01-10 01:00:00,3,3,0
2019-01-10 02:00:00,0,0,0
2019-01-10 03:00:00,0,0,0
2019-01-10 04:00:00,0,0,0
2019-01-10 05:00:00,10,7,3
2019-01-10 06:00:00,43,24,19
2019-01-10 07:00:00,94,44,50
2019-01-10 08:00:00,123,59,64
2019-01-10 09:00:00,75,36,39
2019-01-10 10:00:00,46,22,24
2019-01-10 11:00:00,113,56,57
2019-01-10 12:00:00,250,136,114
2019-01-10 13:00:00,140,74,66
2019-01-10 14:00:00,103,51,52
2019-01-10 15:00:00,122,58,64
2019-01-10 16:00:00,149,81,68
2019-01-10 17:00:00,114,55,59
2019-01-10 18:00:00,46,22,24
2019-01-10 19:00:00,22,10,12
2019-01-10 20:00:00,18,8,10
2019-01-10 21:00:00,9,6,3
2019-01-10 22:00:00,9,4,5
2019-01-10 23:00:00,4,2,2
2019-01-11 00:00:00,0,0,0
2019-01-11 01:00:00,0,0,0
2019-01-11 02:00:00,2,2,0
2019-01-11 03:00:00,1,0,1
2019-01-11 04:00:00,7,4,3
2019-01-11 05:00:00,11,8,3
2019-01-11 06:00:00,62,33,29
2019-01-11 07:00:00,88,49,39
2019-01-11 08:00:00,110,48,62
2019-01-11 09:00:00,98,45,53
2019-01-11 10:00:00,78,35,43
2019-01-11 11:00:00,125,64,61
2019-01-11 12:00:00,255,138,117
2019-01-11 13:00:00,136,64,72
2019-01-11 14:00:00,139,81,58
2019-01-11 15:00:00,161,90,71
2019-01-11 16:00:00,249,114,135
2019-01-11 17:00:00,106,52,54
2019-01-11 18:00:00,45,20,25
2019-01-11 19:00:00,13,7,6
2019-01-11 20:00:00,30,21,9
2019-01-11 21:00:00,10,5,5
2019-01-11 22:00:00,13,4,9
2019-01-11 23:00:00,5,3,2
2019-01-12 00:00:00,1,1,0
2019-01-12 01:00:00,0,0,0
2019-01-12 02:00:00,0,0,0
2019-01-12 03:00:00,0,0,0
2019-01-12 04:00:00,2,1,1
2019-01-12 05:00:00,2,1,1
2019-01-12 06:00:00,9,5,4
2019-01-12 07:00:00,56,31,25
2019-01-12 08:00:00,100,52,48
2019-01-12 09:00:00,198,97,101
2019-01-12 10:00:00,238,123,115
2019-01-12 11:00:00,268,137,131
2019-01-12 12:00:00,292,145,147
2019-01-12 13:00:00,375,190,185
2019-01-12 14:00:00,352,178,174
2019-01-12 15:00:00,477,283,194
2019-01-12 16:00:00,340,154,186
2019-01-12 17:00:00,102,40,62
2019-01-12 18:00:00,31,17,14
2019-01-12 19:00:00,28,16,12
2019-01-12 20:00:00,7,4,3
2019-01-12 21:00:00,7,4,3
2019-01-12 22:00:00,3,3,0
2019-01-12 23:00:00,4,1,3
2019-01-13 00:00:00,3,1,2
2019-01-13 01:00:00,1,0,1
2019-01-13 02:00:00,3,3,0
2019-01-13 03:00:00,3,0,3
2019-01-13 04:00:00,2,1,1
2019-01-13 05:00:00,5,3,2
2019-01-13 06:00:00,9,3,6
2019-01-13 07:00:00,35,20,15
2019-01-13 08:00:00,98,49,49
2019-01-13 09:00:00,208,124,84
2019-01-13 10:00:00,293,146,147
2019-01-13 11:00:00,357,172,185
2019-01-13 12:00:00,398,206,192
2019-01-13 13:00:00,440,201,239
2019-01-13 14:00:00,637,366,271
2019-01-13 15:00:00,935,524,411
2019-01-13 16:00:00,663,333,330
2019-01-13 17:00:00,150,60,90
2019-01-13 18:00:00,25,10,15
2019-01-13 19:00:00,15,8,7
2019-01-13 20:00:00,9,4,5
2019-01-13 21:00:00,13,7,6
2019-01-13 22:00:00,8,5,3
2019-01-13 23:00:00,6,2,4
2019-01-14 00:00:00,2,1,1
2019-01-14 01:00:00,0,0,0
2019-01-14 02:00:00,2,1,1
2019-01-14 03:00:00,3,2,1
2019-01-14 04:00:00,0,0,0
2019-01-14 05:00:00,13,8,5
2019-01-14 06:00:00,48,27,21
2019-01-14 07:00:00,85,34,51
2019-01-14 08:00:00,105,53,52
2019-01-14 09:00:00,95,43,52
2019-01-14 10:00:00,84,44,40
2019-01-14 11:00:00,138,71,67
2019-01-14 12:00:00,333,163,170
2019-01-14 13:00:00,259,153,106
2019-01-14 14:00:00,363,269,94
2019-01-14 15:00:00,408,238,170
2019-01-14 16:00:00,401,235,166
2019-01-14 17:00:00,141,70,71
2019-01-14 18:00:00,53,33,20
2019-01-14 19:00:00,23,12,11
2019-01-14 20:00:00,13,6,7
2019-01-14 21:00:00,7,4,3
2019-01-14 22:00:00,3,1,2
2019-01-14 23:00:00,0,0,0
2019-01-15 00:00:00,4,3,1
2019-01-15 01:00:00,2,1,1
2019-01-15 02:00:00,1,0,1
2019-01-15 03:00:00,3,2,1
2019-01-15 04:00:00,2,0,2
2019-01-15 05:00:00,19,11,8
2019-01-15 06:00:00,96,54,42
2019-01-15 07:00:00,110,52,58
2019-01-15 08:00:00,94,42,52
2019-01-15 09:00:00,63,23,40
2019-01-15 10:00:00,81,38,43
2019-01-15 11:00:00,147,75,72
2019-01-15 12:00:00,256,141,115
2019-01-15 13:00:00,158,69,89
2019-01-15 14:00:00,95,47,48
2019-01-15 15:00:00,107,54,53
2019-01-15 16:00:00,170,84,86
2019-01-15 17:00:00,125,62,63
2019-01-15 18:00:00,47,23,24
2019-01-15 19:00:00,34,18,16
2019-01-15 20:00:00,12,5,7
2019-01-15 21:00:00,16,9,7
2019-01-15 22:00:00,1,1,0
2019-01-15 23:00:00,5,3,2
2019-01-16 00:00:00,4,2,2
2019-01-16 01:00:00,1,1,0
2019-01-16 02:00:00,0,0,0
2019-01-16 03:00:00,3,1,2
2019-01-16 04:00:00,1,0,1
2019-01-16 05:00:00,23,16,7
2019-01-16 06:00:00,113,64,49
2019-01-16 07:00:00,121,55,66
2019-01-16 08:00:00,101,45,56
2019-01-16 09:00:00,85,44,41
2019-01-16 10:00:00,79,36,43
2019-01-16 11:00:00,133,65,68
2019-01-16 12:00:00,272,141,131
2019-01-16 13:00:00,163,85,78
2019-01-16 14:00:00,114,50,64
2019-01-16 15:00:00,150,64,86
2019-01-16 16:00:00,190,96,94
2019-01-16 17:00:00,125,54,71
2019-01-16 18:00:00,47,22,25
2019-01-16 19:00:00,35,17,18
2019-01-16 20:00:00,18,8,10
2019-01-16 21:00:00,12,7,5
2019-01-16 22:00:00,13,6,7
2019-01-16 23:00:00,6,2,4
2019-01-17 00:00:00,3,1,2
2019-01-17 01:00:00,1,0,1
2019-01-17 02:00:00,0,0,0
2019-01-17 03:00:00,0,0,0
2019-01-17 04:00:00,2,0,2
2019-01-17 05:00:00,15,8,7
2019-01-17 06:00:00,65,33,32
2019-01-17 07:00:00,81,44,37
2019-01-17 08:00:00,104,43,61
2019-01-17 09:00:00,65,38,27
2019-01-17 10:00:00,57,28,29
2019-01-17 11:00:00,83,41,42
2019-01-17 12:00:00,176,96,80
2019-01-17 13:00:00,121,63,58
2019-01-17 14:00:00,76,42,34
2019-01-17 15:00:00,76,34,42
2019-01-17 16:00:00,108,51,57
2019-01-17 17:00:00,69,37,32
2019-01-17 18:00:00,39,17,22
2019-01-17 19:00:00,17,10,7
2019-01-17 20:00:00,11,6,5
2019-01-17 21:00:00,11,6,5
2019-01-17 22:00:00,7,5,2
2019-01-17 23:00:00,3,0,3
2019-01-18 00:00:00,0,0,0
2019-01-18 01:00:00,2,1,1
2019-01-18 02:00:00,0,0,0
2019-01-18 03:00:00,0,0,0
2019-01-18 04:00:00,3,1,2
2019-01-18 05:00:00,8,4,4
2019-01-18 06:00:00,43,19,24
2019-01-18 07:00:00,83,46,37
2019-01-18 08:00:00,102,50,52
2019-01-18 09:00:00,65,31,34
2019-01-18 10:00:00,90,44,46
2019-01-18 11:00:00,97,50,47
2019-01-18 12:00:00,184,85,99
2019-01-18 13:00:00,124,57,67
2019-01-18 14:00:00,100,52,48
2019-01-18 15:00:00,113,50,63
2019-01-18 16:00:00,81,40,41
2019-01-18 17:00:00,55,28,27
2019-01-18 18:00:00,17,9,8
2019-01-18 19:00:00,10,4,6
2019-01-18 20:00:00,4,2,2
2019-01-18 21:00:00,7,4,3
2019-01-18 22:00:00,5,2,3
2019-01-18 23:00:00,2,1,1
2019-01-19 00:00:00,2,0,2
2019-01-19 01:00:00,0,0,0
2019-01-19 02:00:00,0,0,0
2019-01-19 03:00:00,1,0,1
2019-01-19 04:00:00,3,1,2
2019-01-19 05:00:00,5,4,1
2019-01-19 06:00:00,12,8,4
2019-01-19 07:00:00,39,23,16
2019-01-19 08:00:00,97,50,47
2019-01-19 09:00:00,158,89,69
2019-01-19 10:00:00,137,57,80
2019-01-19 11:00:00,174,89,85
2019-01-19 12:00:00,194,87,107
2019-01-19 13:00:00,177,84,93
2019-01-19 14:00:00,162,82,80
2019-01-19 15:00:00,172,88,84
2019-01-19 16:00:00,77,30,47
2019-01-19 17:00:00,56,30,26
2019-01-19 18:00:00,16,7,9
2019-01-19 19:00:00,7,3,4
2019-01-19 20:00:00,11,6,5
2019-01-19 21:00:00,8,4,4
2019-01-19 22:00:00,8,1,7
2019-01-19 23:00:00,5,3,2
2019-01-20 00:00:00,3,2,1
2019-01-20 01:00:00,7,3,4
2019-01-20 02:00:00,3,1,2
2019-01-20 03:00:00,1,1,0
2019-01-20 04:00:00,3,2,1
2019-01-20 05:00:00,5,4,1
2019-01-20 06:00:00,18,10,8
2019-01-20 07:00:00,45,24,21
2019-01-20 08:00:00,86,50,36
2019-01-20 09:00:00,141,74,67
2019-01-20 10:00:00,178,82,96
2019-01-20 11:00:00,219,98,121
2019-01-20 12:00:00,168,80,88
2019-01-20 13:00:00,153,84,69
2019-01-20 14:00:00,147,77,70
2019-01-20 15:00:00,186,93,93
2019-01-20 16:00:00,199,97,102
2019-01-20 17:00:00,112,45,67
2019-01-20 18:00:00,17,10,7
2019-01-20 19:00:00,13,5,8
2019-01-20 20:00:00,11,8,3
2019-01-20 21:00:00,19,9,10
2019-01-20 22:00:00,2,1,1
2019-01-20 23:00:00,2,2,0
2019-01-21 00:00:00,10,7,3
2019-01-21 01:00:00,2,2,0
2019-01-21 02:00:00,2,1,1
2019-01-21 03:00:00,1,0,1
2019-01-21 04:00:00,2,1,1
2019-01-21 05:00:00,8,4,4
2019-01-21 06:00:00,23,15,8
2019-01-21 07:00:00,56,26,30
2019-01-21 08:00:00,90,42,48
2019-01-21 09:00:00,103,49,54
2019-01-21 10:00:00,125,62,63
2019-01-21 11:00:00,159,78,81
2019-01-21 12:00:00,237,126,111
2019-01-21 13:00:00,176,79,97
2019-01-21 14:00:00,169,93,76
2019-01-21 15:00:00,239,131,108
2019-01-21 16:00:00,270,132,138
2019-01-21 17:00:00,127,52,75
2019-01-21 18:00:00,20,11,9
2019-01-21 19:00:00,24,13,11
2019-01-21 20:00:00,27,12,15
2019-01-21 21:00:00,4,2,2
2019-01-21 22:00:00,3,2,1
2019-01-21 23:00:00,0,0,0
2019-01-22 00:00:00,4,3,1
2019-01-22 01:00:00,2,0,2
2019-01-22 02:00:00,0,0,0
2019-01-22 03:00:00,2,1,1
2019-01-22 04:00:00,0,0,0
2019-01-22 05:00:00,23,14,9
2019-01-22 06:00:00,69,35,34
2019-01-22 07:00:00,77,36,41
2019-01-22 08:00:00,93,47,46
2019-01-22 09:00:00,43,24,19
2019-01-22 10:00:00,46,25,21
2019-01-22 11:00:00,67,40,27
2019-01-22 12:00:00,125,62,63
2019-01-22 13:00:00,58,31,27
2019-01-22 14:00:00,32,15,17
2019-01-22 15:00:00,25,9,16
2019-01-22 16:00:00,69,35,34
2019-01-22 17:00:00,49,26,23
2019-01-22 18:00:00,25,16,9
2019-01-22 19:00:00,12,7,5
2019-01-22 20:00:00,3,2,1
2019-01-22 21:00:00,2,1,1
2019-01-22 22:00:00,2,1,1
2019-01-22 23:00:00,0,0,0
2019-01-23 00:00:00,1,1,0
2019-01-23 01:00:00,0,0,0
2019-01-23 02:00:00,0,0,0
2019-01-23 03:00:00,2,1,1
2019-01-23 04:00:00,4,2,2
2019-01-23 05:00:00,12,6,6
2019-01-23 06:00:00,82,48,34
2019-01-23 07:00:00,67,30,37
2019-01-23 08:00:00,61,27,34
2019-01-23 09:00:00,46,23,23
2019-01-23 10:00:00,43,21,22
2019-01-23 11:00:00,102,58,44
2019-01-23 12:00:00,221,110,111
2019-01-23 13:00:00,135,64,71
2019-01-23 14:00:00,98,57,41
2019-01-23 15:00:00,163,89,74
2019-01-23 16:00:00,211,116,95
2019-01-23 17:00:00,135,64,71
2019-01-23 18:00:00,49,28,21
2019-01-23 19:00:00,28,13,15
2019-01-23 20:00:00,29,16,13
2019-01-23 21:00:00,11,6,5
2019-01-23 22:00:00,8,3,5
2019-01-23 23:00:00,3,1,2
2019-01-24 00:00:00,1,1,0
2019-01-24 01:00:00,3,0,3
2019-01-24 02:00:00,0,0,0
2019-01-24 03:00:00,1,0,1
2019-01-24 04:00:00,0,0,0
2019-01-24 05:00:00,17,12,5
2019-01-24 06:00:00,74,39,35
2019-01-24 07:00:00,96,41,55
2019-01-24 08:00:00,103,50,53
2019-01-24 09:00:00,104,71,33
2019-01-24 10:00:00,81,41,40
2019-01-24 11:00:00,121,63,58
2019-01-24 12:00:00,267,135,132
2019-01-24 13:00:00,153,73,80
2019-01-24 14:00:00,115,46,69
2019-01-24 15:00:00,86,41,45
2019-01-24 16:00:00,149,83,66
2019-01-24 17:00:00,156,72,84
2019-01-24 18:00:00,62,33,29
2019-01-24 19:00:00,30,13,17
2019-01-24 20:00:00,12,8,4
2019-01-24 21:00:00,8,4,4
2019-01-24 22:00:00,5,4,1
2019-01-24 23:00:00,2,0,2
2019-01-25 00:00:00,1,0,1
2019-01-25 01:00:00,3,1,2
2019-01-25 02:00:00,1,0,1
2019-01-25 03:00:00,0,0,0
2019-01-25 04:00:00,5,3,2
2019-01-25 05:00:00,16,10,6
2019-01-25 06:00:00,38,20,18
2019-01-25 07:00:00,80,42,38
2019-01-25 08:00:00,117,42,75
2019-01-25 09:00:00,84,43,41
2019-01-25 10:00:00,98,40,58
2019-01-25 11:00:00,112,63,49
2019-01-25 12:00:00,257,125,132
2019-01-25 13:00:00,168,79,89
2019-01-25 14:00:00,212,122,90
2019-01-25 15:00:00,190,104,86
2019-01-25 16:00:00,222,106,116
2019-01-25 17:00:00,134,72,62
2019-01-25 18:00:00,38,20,18
2019-01-25 19:00:00,23,9,14
2019-01-25 20:00:00,19,6,13
2019-01-25 21:00:00,8,2,6
2019-01-25 22:00:00,10,6,4
2019-01-25 23:00:00,6,3,3
2019-01-26 00:00:00,1,1,0
2019-01-26 01:00:00,0,0,0
2019-01-26 02:00:00,0,0,0
2019-01-26 03:00:00,0,0,0
2019-01-26 04:00:00,0,0,0
2019-01-26 05:00:00,2,1,1
2019-01-26 06:00:00,14,12,2
2019-01-26 07:00:00,68,40,28
2019-01-26 08:00:00,137,72,65
2019-01-26 09:00:00,215,105,110
2019-01-26 10:00:00,249,122,127
2019-01-26 11:00:00,326,161,165
2019-01-26 12:00:00,272,124,148
2019-01-26 13:00:00,399,248,151
2019-01-26 14:00:00,592,386,206
2019-01-26 15:00:00,531,311,220
2019-01-26 16:00:00,313,138,175
2019-01-26 17:00:00,137,48,89
2019-01-26 18:00:00,28,13,15
2019-01-26 19:00:00,9,3,6
2019-01-26 20:00:00,19,12,7
2019-01-26 21:00:00,8,4,4
2019-01-26 22:00:00,8,2,6
2019-01-26 23:00:00,13,6,7
2019-01-27 00:00:00,2,2,0
2019-01-27 01:00:00,0,0,0
2019-01-27 02:00:00,2,0,2
2019-01-27 03:00:00,1,0,1
2019-01-27 04:00:00,0,0,0
2019-01-27 05:00:00,3,2,1
2019-01-27 06:00:00,12,7,5
2019-01-27 07:00:00,44,22,22
2019-01-27 08:00:00,101,62,39
2019-01-27 09:00:00,140,72,68
2019-01-27 10:00:00,148,67,81
2019-01-27 11:00:00,140,62,78
2019-01-27 12:00:00,157,72,85
2019-01-27 13:00:00,113,58,55
2019-01-27 14:00:00,152,71,81
2019-01-27 15:00:00,171,70,101
2019-01-27 16:00:00,149,74,75
2019-01-27 17:00:00,82,41,41
2019-01-27 18:00:00,19,8,11
2019-01-27 19:00:00,7,3,4
2019-01-27 20:00:00,13,9,4
2019-01-27 21:00:00,10,5,5
2019-01-27 22:00:00,11,5,6
2019-01-27 23:00:00,1,1,0
2019-01-28 00:00:00,6,3,3
2019-01-28 01:00:00,1,1,0
2019-01-28 02:00:00,2,1,1
2019-01-28 03:00:00,2,1,1
2019-01-28 04:00:00,1,1,0
2019-01-28 05:00:00,11,5,6
2019-01-28 06:00:00,36,18,18
2019-01-28 07:00:00,72,36,36
2019-01-28 08:00:00,100,50,50
2019-01-28 09:00:00,102,51,51
2019-01-28 10:00:00,108,54,54
2019-01-28 11:00:00,152,76,76
2019-01-28 12:00:00,292,146,146
2019-01-28 13:00:00,224,112,112
2019-01-28 14:00:00,274,137,137
2019-01-28 15:00:00,332,166,166
2019-01-28 16:00:00,344,172,172
2019-01-28 17:00:00,138,69,69
2019-01-28 18:00:00,38,19,19
2019-01-28 19:00:00,24,12,12
2019-01-28 20:00:00,20,10,10
2019-01-28 21:00:00,6,3,3
2019-01-28 22:00:00,4,2,2
2019-01-28 23:00:00,0,0,0
2019-01-29 00:00:00,4,2,2
2019-01-29 01:00:00,2,1,1
2019-01-29 02:00:00,0,0,0
2019-01-29 03:00:00,2,1,1
2019-01-29 04:00:00,2,1,1
2019-01-29 05:00:00,22,11,11
2019-01-29 06:00:00,84,42,42
2019-01-29 07:00:00,96,48,48
2019-01-29 08:00:00,96,48,48
2019-01-29 09:00:00,54,27,27
2019-01-29 10:00:00,71,39,32
2019-01-29 11:00:00,177,93,84
2019-01-29 12:00:00,339,172,167
2019-01-29 13:00:00,306,167,139
2019-01-29 14:00:00,608,494,114
2019-01-29 15:00:00,647,514,133
2019-01-29 16:00:00,492,337,155
2019-01-29 17:00:00,223,107,116
2019-01-29 18:00:00,63,38,25
2019-01-29 19:00:00,48,25,23
2019-01-29 20:00:00,23,10,13
2019-01-29 21:00:00,16,8,8
2019-01-29 22:00:00,3,2,1
2019-01-29 23:00:00,1,1,0
2019-01-30 00:00:00,0,0,0
2019-01-30 01:00:00,2,1,1
2019-01-30 02:00:00,0,0,0
2019-01-30 03:00:00,0,0,0
2019-01-30 04:00:00,4,3,1
2019-01-30 05:00:00,14,7,7
2019-01-30 06:00:00,72,42,30
2019-01-30 07:00:00,112,46,66
2019-01-30 08:00:00,112,51,61
2019-01-30 09:00:00,76,42,34
2019-01-30 10:00:00,85,41,44
2019-01-30 11:00:00,112,58,54
2019-01-30 12:00:00,248,125,123
2019-01-30 13:00:00,151,75,76
2019-01-30 14:00:00,128,68,60
2019-01-30 15:00:00,130,69,61
2019-01-30 16:00:00,175,96,79
2019-01-30 17:00:00,157,70,87
2019-01-30 18:00:00,65,30,35
2019-01-30 19:00:00,29,14,15
2019-01-30 20:00:00,13,7,6
2019-01-30 21:00:00,9,4,5
2019-01-30 22:00:00,4,2,2
2019-01-30 23:00:00,8,3,5
2019-01-31 00:00:00,1,0,1
2019-01-31 01:00:00,0,0,0
2019-01-31 02:00:00,0,0,0
2019-01-31 03:00:00,0,0,0
2019-01-31 04:00:00,0,0,0
2019-01-31 05:00:00,15,9,6
2019-01-31 06:00:00,60,31,29
2019-01-31 07:00:00,111,51,60
2019-01-31 08:00:00,125,65,60
2019-01-31 09:00:00,94,38,56
2019-01-31 10:00:00,61,29,32
2019-01-31 11:00:00,112,60,52
2019-01-31 12:00:00,268,134,134
2019-01-31 13:00:00,155,81,74
2019-01-31 14:00:00,135,81,54
2019-01-31 15:00:00,138,78,60
2019-01-31 16:00:00,160,84,76
2019-01-31 17:00:00,152,73,79
2019-01-31 18:00:00,52,25,27
2019-01-31 19:00:00,24,13,11
2019-01-31 20:00:00,14,6,8
2019-01-31 21:00:00,12,3,9
2019-01-31 22:00:00,8,6,2
2019-01-31 23:00:00,1,0,1
2019-02-01 00:00:00,1,0,1
2019-02-01 01:00:00,2,1,1
2019-02-01 02:00:00,0,0,0
2019-02-01 03:00:00,0,0,0
2019-02-01 04:00:00,3,2,1
2019-02-01 05:00:00,10,3,7
2019-02-01 06:00:00,26,18,8
2019-02-01 07:00:00,53,24,29
2019-02-01 08:00:00,35,17,18
2019-02-01 09:00:00,26,9,17
2019-02-01 10:00:00,29,14,15
2019-02-01 11:00:00,40,20,20
2019-02-01 12:00:00,76,41,35
2019-02-01 13:00:00,47,24,23
2019-02-01 14:00:00,31,11,20
2019-02-01 15:00:00,36,21,15
2019-02-01 16:00:00,68,35,33
2019-02-01 17:00:00,48,23,25
2019-02-01 18:00:00,20,9,11
2019-02-01 19:00:00,8,4,4
2019-02-01 20:00:00,5,4,1
2019-02-01 21:00:00,9,6,3
2019-02-01 22:00:00,10,3,7
2019-02-01 23:00:00,2,0,2
2019-02-02 00:00:00,0,0,0
2019-02-02 01:00:00,6,3,3
2019-02-02 02:00:00,1,1,0
2019-02-02 03:00:00,1,0,1
2019-02-02 04:00:00,5,3,2
2019-02-02 05:00:00,1,1,0
2019-02-02 06:00:00,12,5,7
2019-02-02 07:00:00,44,27,17
2019-02-02 08:00:00,91,45,46
2019-02-02 09:00:00,130,64,66
2019-02-02 10:00:00,137,66,71
2019-02-02 11:00:00,175,84,91
2019-02-02 12:00:00,142,56,86
2019-02-02 13:00:00,131,64,67
2019-02-02 14:00:00,123,51,72
2019-02-02 15:00:00,152,79,73
2019-02-02 16:00:00,228,102,126
2019-02-02 17:00:00,132,62,70
2019-02-02 18:00:00,32,13,19
2019-02-02 19:00:00,15,9,6
2019-02-02 20:00:00,12,6,6
2019-02-02 21:00:00,8,3,5
2019-02-02 22:00:00,3,2,1
2019-02-02 23:00:00,2,1,1
2019-02-03 00:00:00,2,1,1
2019-02-03 01:00:00,1,1,0
2019-02-03 02:00:00,1,1,0
2019-02-03 03:00:00,5,2,3
2019-02-03 04:00:00,1,1,0
2019-02-03 05:00:00,3,1,2
2019-02-03 06:00:00,7,5,2
2019-02-03 07:00:00,50,29,21
2019-02-03 08:00:00,88,49,39
2019-02-03 09:00:00,115,64,51
2019-02-03 10:00:00,105,59,46
2019-02-03 11:00:00,134,62,72
2019-02-03 12:00:00,134,66,68
2019-02-03 13:00:00,137,66,71
2019-02-03 14:00:00,100,48,52
2019-02-03 15:00:00,46,21,25
2019-02-03 16:00:00,29,15,14
2019-02-03 17:00:00,28,12,16
2019-02-03 18:00:00,15,8,7
2019-02-03 19:00:00,7,4,3
2019-02-03 20:00:00,7,3,4
2019-02-03 21:00:00,8,3,5
2019-02-03 22:00:00,3,2,1
2019-02-03 23:00:00,4,2,2
2019-02-04 00:00:00,4,1,3
2019-02-04 01:00:00,0,0,0
2019-02-04 02:00:00,0,0,0
2019-02-04 03:00:00,3,1,2
2019-02-04 04:00:00,0,0,0
2019-02-04 05:00:00,5,2,3
2019-02-04 06:00:00,8,5,3
2019-02-04 07:00:00,16,6,10
2019-02-04 08:00:00,20,7,13
2019-02-04 09:00:00,20,10,10
2019-02-04 10:00:00,32,15,17
2019-02-04 11:00:00,32,12,20
2019-02-04 12:00:00,78,40,38
2019-02-04 13:00:00,51,20,31
2019-02-04 14:00:00,33,18,15
2019-02-04 15:00:00,63,32,31
2019-02-04 16:00:00,62,33,29
2019-02-04 17:00:00,69,27,42
2019-02-04 18:00:00,22,11,11
2019-02-04 19:00:00,6,4,2
2019-02-04 20:00:00,5,3,2
2019-02-04 21:00:00,0,0,0
2019-02-04 22:00:00,0,0,0
2019-02-04 23:00:00,1,1,0
2019-02-05 00:00:00,2,1,1
2019-02-05 01:00:00,2,1,1
2019-02-05 02:00:00,2,1,1
2019-02-05 03:00:00,1,1,0
2019-02-05 04:00:00,1,0,1
2019-02-05 05:00:00,6,3,3
2019-02-05 06:00:00,20,12,8
2019-02-05 07:00:00,43,22,21
2019-02-05 08:00:00,27,12,15
2019-02-05 09:00:00,35,14,21
2019-02-05 10:00:00,49,20,29
2019-02-05 11:00:00,54,24,30
2019-02-05 12:00:00,106,52,54
2019-02-05 13:00:00,229,175,54
2019-02-05 14:00:00,747,691,56
2019-02-05 15:00:00,653,597,56
2019-02-05 16:00:00,284,207,77
2019-02-05 17:00:00,95,45,50
2019-02-05 18:00:00,23,10,13
2019-02-05 19:00:00,12,4,8
2019-02-05 20:00:00,9,5,4
2019-02-05 21:00:00,2,1,1
2019-02-05 22:00:00,3,1,2
2019-02-05 23:00:00,0,0,0
2019-02-06 00:00:00,4,2,2
2019-02-06 01:00:00,0,0,0
2019-02-06 02:00:00,2,2,0
2019-02-06 03:00:00,2,1,1
2019-02-06 04:00:00,1,0,1
2019-02-06 05:00:00,6,3,3
2019-02-06 06:00:00,25,17,8
2019-02-06 07:00:00,62,25,37
2019-02-06 08:00:00,50,24,26
2019-02-06 09:00:00,43,19,24
2019-02-06 10:00:00,48,26,22
2019-02-06 11:00:00,77,40,37
2019-02-06 12:00:00,196,107,89
2019-02-06 13:00:00,228,164,64
2019-02-06 14:00:00,534,488,46
2019-02-06 15:00:00,572,506,66
2019-02-06 16:00:00,284,202,82
2019-02-06 17:00:00,137,74,63
2019-02-06 18:00:00,31,12,19
2019-02-06 19:00:00,26,13,13
2019-02-06 20:00:00,9,4,5
2019-02-06 21:00:00,7,3,4
2019-02-06 22:00:00,1,1,0
2019-02-06 23:00:00,1,1,0
2019-02-07 00:00:00,2,0,2
2019-02-07 01:00:00,0,0,0
2019-02-07 02:00:00,1,0,1
2019-02-07 03:00:00,0,0,0
2019-02-07 04:00:00,0,0,0
2019-02-07 05:00:00,16,9,7
2019-02-07 06:00:00,35,23,12
2019-02-07 07:00:00,59,28,31
2019-02-07 08:00:00,61,21,40
2019-02-07 09:00:00,62,30,32
2019-02-07 10:00:00,63,32,31
2019-02-07 11:00:00,71,37,34
2019-02-07 12:00:00,169,93,76
2019-02-07 13:00:00,114,53,61
2019-02-07 14:00:00,108,59,49
2019-02-07 15:00:00,140,83,57
2019-02-07 16:00:00,115,59,56
2019-02-07 17:00:00,104,54,50
2019-02-07 18:00:00,44,22,22
2019-02-07 19:00:00,21,12,9
2019-02-07 20:00:00,10,2,8
2019-02-07 21:00:00,7,4,3
2019-02-07 22:00:00,8,5,3
2019-02-07 23:00:00,7,3,4
2019-02-08 00:00:00,1,0,1
2019-02-08 01:00:00,3,1,2
2019-02-08 02:00:00,0,0,0
2019-02-08 03:00:00,1,0,1
2019-02-08 04:00:00,3,1,2
2019-02-08 05:00:00,7,3,4
2019-02-08 06:00:00,18,8,10
2019-02-08 07:00:00,43,23,20
2019-02-08 08:00:00,56,22,34
2019-02-08 09:00:00,38,20,18
2019-02-08 10:00:00,67,30,37
2019-02-08 11:00:00,63,31,32
2019-02-08 12:00:00,71,32,39
2019-02-08 13:00:00,52,30,22
2019-02-08 14:00:00,49,30,19
2019-02-08 15:00:00,50,30,20
2019-02-08 16:00:00,47,24,23
2019-02-08 17:00:00,39,18,21
2019-02-08 18:00:00,19,8,11
2019-02-08 19:00:00,8,3,5
2019-02-08 20:00:00,7,3,4
2019-02-08 21:00:00,8,3,5
2019-02-08 22:00:00,16,5,11
2019-02-08 23:00:00,9,6,3
2019-02-09 00:00:00,4,1,3
2019-02-09 01:00:00,4,1,3
2019-02-09 02:00:00,1,1,0
2019-02-09 03:00:00,2,0,2
2019-02-09 04:00:00,2,0,2
2019-02-09 05:00:00,1,1,0
2019-02-09 06:00:00,4,2,2
2019-02-09 07:00:00,9,5,4
2019-02-09 08:00:00,70,36,34
2019-02-09 09:00:00,138,64,74
2019-02-09 10:00:00,123,49,74
2019-02-09 11:00:00,166,73,93
2019-02-09 12:00:00,149,65,84
2019-02-09 13:00:00,150,74,76
2019-02-09 14:00:00,163,63,100
2019-02-09 15:00:00,156,70,86
2019-02-09 16:00:00,259,152,107
2019-02-09 17:00:00,98,41,57
2019-02-09 18:00:00,7,2,5
2019-02-09 19:00:00,3,0,3
2019-02-09 20:00:00,0,0,0
2019-02-09 21:00:00,4,3,1
2019-02-09 22:00:00,2,1,1
2019-02-09 23:00:00,0,0,0
2019-02-10 00:00:00,3,2,1
2019-02-10 01:00:00,0,0,0
2019-02-10 02:00:00,3,2,1
2019-02-10 03:00:00,0,0,0
2019-02-10 04:00:00,1,0,1
2019-02-10 05:00:00,1,0,1
2019-02-10 06:00:00,5,3,2
2019-02-10 07:00:00,9,6,3
2019-02-10 08:00:00,29,14,15
2019-02-10 09:00:00,39,20,19
2019-02-10 10:00:00,54,23,31
2019-02-10 11:00:00,52,24,28
2019-02-10 12:00:00,65,34,31
2019-02-10 13:00:00,54,21,33
2019-02-10 14:00:00,46,19,27
2019-02-10 15:00:00,46,23,23
2019-02-10 16:00:00,29,17,12
2019-02-10 17:00:00,26,15,11
2019-02-10 18:00:00,14,6,8
2019-02-10 19:00:00,7,4,3
2019-02-10 20:00:00,2,1,1
2019-02-10 21:00:00,1,0,1
2019-02-10 22:00:00,4,2,2
2019-02-10 23:00:00,0,0,0
2019-02-11 00:00:00,4,2,2
2019-02-11 01:00:00,0,0,0
2019-02-11 02:00:00,0,0,0
2019-02-11 03:00:00,0,0,0
2019-02-11 04:00:00,0,0,0
2019-02-11 05:00:00,4,3,1
2019-02-11 06:00:00,7,2,5
2019-02-11 07:00:00,24,9,15
2019-02-11 08:00:00,31,11,20
2019-02-11 09:00:00,28,15,13
2019-02-11 10:00:00,32,12,20
2019-02-11 11:00:00,29,18,11
2019-02-11 12:00:00,42,16,26
2019-02-11 13:00:00,23,11,12
2019-02-11 14:00:00,21,7,14
2019-02-11 15:00:00,25,17,8
2019-02-11 16:00:00,37,16,21
2019-02-11 17:00:00,24,15,9
2019-02-11 18:00:00,5,3,2
2019-02-11 19:00:00,6,3,3
2019-02-11 20:00:00,1,0,1
2019-02-11 21:00:00,2,0,2
2019-02-11 22:00:00,0,0,0
2019-02-11 23:00:00,0,0,0
2019-02-12 00:00:00,0,0,0
2019-02-12 01:00:00,0,0,0
2019-02-12 02:00:00,0,0,0
2019-02-12 03:00:00,0,0,0
2019-02-12 04:00:00,0,0,0
2019-02-12 05:00:00,2,1,1
2019-02-12 06:00:00,5,2,3
2019-02-12 07:00:00,23,11,12
2019-02-12 08:00:00,15,7,8
2019-02-12 09:00:00,10,5,5
2019-02-12 10:00:00,4,4,0
2019-02-12 11:00:00,27,11,16
2019-02-12 12:00:00,29,18,11
2019-02-12 13:00:00,19,9,10
2019-02-12 14:00:00,27,18,9
2019-02-12 15:00:00,62,32,30
2019-02-12 16:00:00,75,40,35
2019-02-12 17:00:00,92,42,50
2019-02-12 18:00:00,24,12,12
2019-02-12 19:00:00,9,6,3
2019-02-12 20:00:00,8,5,3
2019-02-12 21:00:00,3,1,2
2019-02-12 22:00:00,3,1,2
2019-02-12 23:00:00,4,2,2
2019-02-13 00:00:00,3,1,2
2019-02-13 01:00:00,0,0,0
2019-02-13 02:00:00,0,0,0
2019-02-13 03:00:00,1,0,1
2019-02-13 04:00:00,3,2,1
2019-02-13 05:00:00,3,1,2
2019-02-13 06:00:00,26,15,11
2019-02-13 07:00:00,65,27,38
2019-02-13 08:00:00,46,21,25
2019-02-13 09:00:00,50,23,27
2019-02-13 10:00:00,38,23,15
2019-02-13 11:00:00,75,42,33
2019-02-13 12:00:00,124,60,64
2019-02-13 13:00:00,63,28,35
2019-02-13 14:00:00,72,44,28
2019-02-13 15:00:00,117,57,60
2019-02-13 16:00:00,113,62,51
2019-02-13 17:00:00,142,57,85
2019-02-13 18:00:00,40,17,23
2019-02-13 19:00:00,21,12,9
2019-02-13 20:00:00,10,2,8
2019-02-13 21:00:00,5,4,1
2019-02-13 22:00:00,1,1,0
2019-02-13 23:00:00,1,1,0
2019-02-14 00:00:00,0,0,0
2019-02-14 01:00:00,1,0,1
2019-02-14 02:00:00,0,0,0
2019-02-14 03:00:00,0,0,0
2019-02-14 04:00:00,1,1,0
2019-02-14 05:00:00,12,5,7
2019-02-14 06:00:00,34,21,13
2019-02-14 07:00:00,64,35,29
2019-02-14 08:00:00,70,33,37
2019-02-14 09:00:00,43,25,18
2019-02-14 10:00:00,51,21,30
2019-02-14 11:00:00,100,65,35
2019-02-14 12:00:00,166,78,88
2019-02-14 13:00:00,98,48,50
2019-02-14 14:00:00,44,21,23
2019-02-14 15:00:00,21,9,12
2019-02-14 16:00:00,50,26,24
2019-02-14 17:00:00,52,25,27
2019-02-14 18:00:00,18,10,8
2019-02-14 19:00:00,11,7,4
2019-02-14 20:00:00,9,5,4
2019-02-14 21:00:00,3,2,1
2019-02-14 22:00:00,1,1,0
2019-02-14 23:00:00,1,0,1
2019-02-15 00:00:00,1,1,0
2019-02-15 01:00:00,5,3,2
2019-02-15 02:00:00,1,0,1
2019-02-15 03:00:00,0,0,0
2019-02-15 04:00:00,2,1,1
2019-02-15 05:00:00,5,2,3
2019-02-15 06:00:00,30,16,14
2019-02-15 07:00:00,75,42,33
2019-02-15 08:00:00,84,36,48
2019-02-15 09:00:00,80,43,37
2019-02-15 10:00:00,71,36,35
2019-02-15 11:00:00,100,49,51
2019-02-15 12:00:00,171,91,80
2019-02-15 13:00:00,169,122,47
2019-02-15 14:00:00,531,475,56
2019-02-15 15:00:00,919,853,66
2019-02-15 16:00:00,775,663,112
2019-02-15 17:00:00,250,121,129
2019-02-15 18:00:00,74,32,42
2019-02-15 19:00:00,20,9,11
2019-02-15 20:00:00,13,9,4
2019-02-15 21:00:00,9,4,5
2019-02-15 22:00:00,9,4,5
2019-02-15 23:00:00,6,2,4
2019-02-16 00:00:00,3,2,1
2019-02-16 01:00:00,4,2,2
2019-02-16 02:00:00,2,1,1
2019-02-16 03:00:00,0,0,0
2019-02-16 04:00:00,3,2,1
2019-02-16 05:00:00,3,2,1
2019-02-16 06:00:00,13,6,7
2019-02-16 07:00:00,60,33,27
2019-02-16 08:00:00,86,42,44
2019-02-16 09:00:00,67,34,33
2019-02-16 10:00:00,92,45,47
2019-02-16 11:00:00,64,33,31
2019-02-16 12:00:00,92,45,47
2019-02-16 13:00:00,109,41,68
2019-02-16 14:00:00,94,53,41
2019-02-16 15:00:00,81,42,39
2019-02-16 16:00:00,77,26,51
2019-02-16 17:00:00,34,17,17
2019-02-16 18:00:00,11,6,5
2019-02-16 19:00:00,10,4,6
2019-02-16 20:00:00,5,3,2
2019-02-16 21:00:00,3,2,1
2019-02-16 22:00:00,0,0,0
2019-02-16 23:00:00,2,1,1
2019-02-17 00:00:00,3,1,2
2019-02-17 01:00:00,2,2,0
2019-02-17 02:00:00,2,1,1
2019-02-17 03:00:00,2,1,1
2019-02-17 04:00:00,0,0,0
2019-02-17 05:00:00,5,3,2
2019-02-17 06:00:00,12,8,4
2019-02-17 07:00:00,64,34,30
2019-02-17 08:00:00,93,45,48
2019-02-17 09:00:00,122,73,49
2019-02-17 10:00:00,171,82,89
2019-02-17 11:00:00,136,58,78
2019-02-17 12:00:00,163,77,86
2019-02-17 13:00:00,191,75,116
2019-02-17 14:00:00,192,100,92
2019-02-17 15:00:00,183,88,95
2019-02-17 16:00:00,241,109,132
2019-02-17 17:00:00,272,136,136
2019-02-17 18:00:00,65,19,46
2019-02-17 19:00:00,19,6,13
2019-02-17 20:00:00,9,6,3
2019-02-17 21:00:00,11,6,5
2019-02-17 22:00:00,5,2,3
2019-02-17 23:00:00,5,3,2
2019-02-18 00:00:00,3,2,1
2019-02-18 01:00:00,0,0,0
2019-02-18 02:00:00,1,1,0
2019-02-18 03:00:00,1,1,0
2019-02-18 04:00:00,0,0,0
2019-02-18 05:00:00,7,4,3
2019-02-18 06:00:00,14,6,8
2019-02-18 07:00:00,40,21,19
2019-02-18 08:00:00,62,36,26
2019-02-18 09:00:00,70,39,31
2019-02-18 10:00:00,86,41,45
2019-02-18 11:00:00,54,27,27
2019-02-18 12:00:00,113,47,66
2019-02-18 13:00:00,121,64,57
2019-02-18 14:00:00,153,86,67
2019-02-18 15:00:00,142,61,81
2019-02-18 16:00:00,157,89,68
2019-02-18 17:00:00,146,72,74
2019-02-18 18:00:00,47,22,25
2019-02-18 19:00:00,27,13,14
2019-02-18 20:00:00,12,6,6
2019-02-18 21:00:00,4,3,1
2019-02-18 22:00:00,6,3,3
2019-02-18 23:00:00,2,1,1
2019-02-19 00:00:00,4,2,2
2019-02-19 01:00:00,1,1,0
2019-02-19 02:00:00,1,0,1
2019-02-19 03:00:00,2,2,0
2019-02-19 04:00:00,0,0,0
2019-02-19 05:00:00,10,6,4
2019-02-19 06:00:00,43,23,20
2019-02-19 07:00:00,105,55,50
2019-02-19 08:00:00,103,53,50
2019-02-19 09:00:00,60,25,35
2019-02-19 10:00:00,41,21,20
2019-02-19 11:00:00,109,65,44
2019-02-19 12:00:00,149,76,73
2019-02-19 13:00:00,79,38,41
2019-02-19 14:00:00,46,21,25
2019-02-19 15:00:00,53,27,26
2019-02-19 16:00:00,68,35,33
2019-02-19 17:00:00,95,43,52
2019-02-19 18:00:00,39,19,20
2019-02-19 19:00:00,20,12,8
2019-02-19 20:00:00,20,9,11
2019-02-19 21:00:00,12,6,6
2019-02-19 22:00:00,5,4,1
2019-02-19 23:00:00,0,0,0
2019-02-20 00:00:00,0,0,0
2019-02-20 01:00:00,0,0,0
2019-02-20 02:00:00,2,1,1
2019-02-20 03:00:00,2,1,1
2019-02-20 04:00:00,2,1,1
2019-02-20 05:00:00,4,3,1
2019-02-20 06:00:00,45,22,23
2019-02-20 07:00:00,88,44,44
2019-02-20 08:00:00,105,44,61
2019-02-20 09:00:00,68,35,33
2019-02-20 10:00:00,75,42,33
2019-02-20 11:00:00,84,47,37
2019-02-20 12:00:00,193,96,97
2019-02-20 13:00:00,79,36,43
2019-02-20 14:00:00,85,40,45
2019-02-20 15:00:00,106,54,52
2019-02-20 16:00:00,130,61,69
2019-02-20 17:00:00,153,74,79
2019-02-20 18:00:00,74,27,47
2019-02-20 19:00:00,36,18,18
2019-02-20 20:00:00,17,11,6
2019-02-20 21:00:00,5,2,3
2019-02-20 22:00:00,9,7,2
2019-02-20 23:00:00,4,1,3
2019-02-21 00:00:00,1,1,0
2019-02-21 01:00:00,0,0,0
2019-02-21 02:00:00,0,0,0
2019-02-21 03:00:00,1,1,0
2019-02-21 04:00:00,4,2,2
2019-02-21 05:00:00,11,6,5
2019-02-21 06:00:00,57,33,24
2019-02-21 07:00:00,88,44,44
2019-02-21 08:00:00,113,54,59
2019-02-21 09:00:00,91,46,45
2019-02-21 10:00:00,68,31,37
2019-02-21 11:00:00,145,74,71
2019-02-21 12:00:00,292,132,160
2019-02-21 13:00:00,357,260,97
2019-02-21 14:00:00,828,727,101
2019-02-21 15:00:00,643,542,101
2019-02-21 16:00:00,486,382,104
2019-02-21 17:00:00,269,145,124
2019-02-21 18:00:00,87,40,47
2019-02-21 19:00:00,31,16,15
2019-02-21 20:00:00,14,7,7
2019-02-21 21:00:00,13,6,7
2019-02-21 22:00:00,5,2,3
2019-02-21 23:00:00,3,1,2
2019-02-22 00:00:00,0,0,0
2019-02-22 01:00:00,3,1,2
2019-02-22 02:00:00,0,0,0
2019-02-22 03:00:00,0,0,0
2019-02-22 04:00:00,3,2,1
2019-02-22 05:00:00,7,2,5
2019-02-22 06:00:00,41,21,20
2019-02-22 07:00:00,98,47,51
2019-02-22 08:00:00,86,36,50
2019-02-22 09:00:00,36,14,22
2019-02-22 10:00:00,30,14,16
2019-02-22 11:00:00,33,15,18
2019-02-22 12:00:00,31,20,11
2019-02-22 13:00:00,49,26,23
2019-02-22 14:00:00,34,15,19
2019-02-22 15:00:00,58,24,34
2019-02-22 16:00:00,64,33,31
2019-02-22 17:00:00,58,30,28
2019-02-22 18:00:00,42,14,28
2019-02-22 19:00:00,21,10,11
2019-02-22 20:00:00,13,7,6
2019-02-22 21:00:00,3,3,0
2019-02-22 22:00:00,6,3,3
2019-02-22 23:00:00,3,2,1
2019-02-23 00:00:00,0,0,0
2019-02-23 01:00:00,2,1,1
2019-02-23 02:00:00,0,0,0
2019-02-23 03:00:00,1,1,0
2019-02-23 04:00:00,1,0,1
2019-02-23 05:00:00,0,0,0
2019-02-23 06:00:00,17,11,6
2019-02-23 07:00:00,52,29,23
2019-02-23 08:00:00,113,57,56
2019-02-23 09:00:00,164,88,76
2019-02-23 10:00:00,188,92,96
2019-02-23 11:00:00,163,82,81
2019-02-23 12:00:00,172,89,83
2019-02-23 13:00:00,124,66,58
2019-02-23 14:00:00,129,53,76
2019-02-23 15:00:00,156,77,79
2019-02-23 16:00:00,176,90,86
2019-02-23 17:00:00,125,56,69
2019-02-23 18:00:00,37,14,23
2019-02-23 19:00:00,7,1,6
2019-02-23 20:00:00,8,4,4
2019-02-23 21:00:00,4,2,2
2019-02-23 22:00:00,7,4,3
2019-02-23 23:00:00,7,3,4
2019-02-24 00:00:00,3,1,2
2019-02-24 01:00:00,0,0,0
2019-02-24 02:00:00,2,1,1
2019-02-24 03:00:00,3,1,2
2019-02-24 04:00:00,3,1,2
2019-02-24 05:00:00,3,2,1
2019-02-24 06:00:00,15,9,6
2019-02-24 07:00:00,33,15,18
2019-02-24 08:00:00,82,41,41
2019-02-24 09:00:00,129,67,62
2019-02-24 10:00:00,200,110,90
2019-02-24 11:00:00,170,74,96
2019-02-24 12:00:00,171,81,90
2019-02-24 13:00:00,187,95,92
2019-02-24 14:00:00,141,66,75
2019-02-24 15:00:00,160,92,68
2019-02-24 16:00:00,158,63,95
2019-02-24 17:00:00,142,71,71
2019-02-24 18:00:00,63,28,35
2019-02-24 19:00:00,22,8,14
2019-02-24 20:00:00,6,3,3
2019-02-24 21:00:00,4,3,1
2019-02-24 22:00:00,5,1,4
2019-02-24 23:00:00,6,4,2
2019-02-25 00:00:00,2,1,1
2019-02-25 01:00:00,0,0,0
2019-02-25 02:00:00,0,0,0
2019-02-25 03:00:00,5,2,3
2019-02-25 04:00:00,3,2,1
2019-02-25 05:00:00,12,7,5
2019-02-25 06:00:00,46,24,22
2019-02-25 07:00:00,78,43,35
2019-02-25 08:00:00,83,35,48
2019-02-25 09:00:00,62,31,31
2019-02-25 10:00:00,81,43,38
2019-02-25 11:00:00,154,77,77
2019-02-25 12:00:00,235,128,107
2019-02-25 13:00:00,457,379,78
2019-02-25 14:00:00,907,840,67
2019-02-25 15:00:00,300,237,63
2019-02-25 16:00:00,125,59,66
2019-02-25 17:00:00,164,76,88
2019-02-25 18:00:00,77,37,40
2019-02-25 19:00:00,24,13,11
2019-02-25 20:00:00,6,4,2
2019-02-25 21:00:00,21,6,15
2019-02-25 22:00:00,1,1,0
2019-02-25 23:00:00,1,1,0
2019-02-26 00:00:00,2,1,1
2019-02-26 01:00:00,0,0,0
2019-02-26 02:00:00,0,0,0
2019-02-26 03:00:00,2,1,1
2019-02-26 04:00:00,1,0,1
2019-02-26 05:00:00,8,5,3
2019-02-26 06:00:00,64,34,30
2019-02-26 07:00:00,115,53,62
2019-02-26 08:00:00,98,46,52
2019-02-26 09:00:00,67,33,34
2019-02-26 10:00:00,73,34,39
2019-02-26 11:00:00,108,59,49
2019-02-26 12:00:00,249,124,125
2019-02-26 13:00:00,308,203,105
2019-02-26 14:00:00,204,126,78
2019-02-26 15:00:00,337,283,54
2019-02-26 16:00:00,764,684,80
2019-02-26 17:00:00,257,158,99
2019-02-26 18:00:00,113,53,60
2019-02-26 19:00:00,29,12,17
2019-02-26 20:00:00,9,6,3
2019-02-26 21:00:00,5,4,1
2019-02-26 22:00:00,7,4,3
2019-02-26 23:00:00,3,2,1
2019-02-27 00:00:00,1,0,1
2019-02-27 01:00:00,1,0,1
2019-02-27 02:00:00,0,0,0
2019-02-27 03:00:00,2,1,1
2019-02-27 04:00:00,2,1,1
2019-02-27 05:00:00,10,6,4
2019-02-27 06:00:00,61,37,24
2019-02-27 07:00:00,107,45,62
2019-02-27 08:00:00,62,25,37
2019-02-27 09:00:00,51,23,28
2019-02-27 10:00:00,44,24,20
2019-02-27 11:00:00,66,33,33
2019-02-27 12:00:00,153,78,75
2019-02-27 13:00:00,90,45,45
2019-02-27 14:00:00,85,36,49
2019-02-27 15:00:00,69,39,30
2019-02-27 16:00:00,99,45,54
2019-02-27 17:00:00,138,73,65
2019-02-27 18:00:00,64,27,37
2019-02-27 19:00:00,33,16,17
2019-02-27 20:00:00,12,7,5
2019-02-27 21:00:00,3,2,1
2019-02-27 22:00:00,6,3,3
2019-02-27 23:00:00,2,1,1
2019-02-28 00:00:00,0,0,0
2019-02-28 01:00:00,0,0,0
2019-02-28 02:00:00,0,0,0
2019-02-28 03:00:00,0,0,0
2019-02-28 04:00:00,1,0,1
2019-02-28 05:00:00,11,7,4
2019-02-28 06:00:00,72,45,27
2019-02-28 07:00:00,100,46,54
2019-02-28 08:00:00,93,38,55
2019-02-28 09:00:00,56,25,31
2019-02-28 10:00:00,71,35,36
2019-02-28 11:00:00,141,72,69
2019-02-28 12:00:00,286,144,142
2019-02-28 13:00:00,296,207,89
2019-02-28 14:00:00,552,470,82
2019-02-28 15:00:00,457,385,72
2019-02-28 16:00:00,499,397,102
2019-02-28 17:00:00,231,119,112
2019-02-28 18:00:00,127,58,69
2019-02-28 19:00:00,54,24,30
2019-02-28 20:00:00,17,8,9
2019-02-28 21:00:00,4,1,3
2019-02-28 22:00:00,4,2,2
2019-02-28 23:00:00,3,0,3
2019-03-01 00:00:00,1,1,0
2019-03-01 01:00:00,2,1,1
2019-03-01 02:00:00,0,0,0
2019-03-01 03:00:00,5,2,3
2019-03-01 04:00:00,0,0,0
2019-03-01 05:00:00,9,4,5
2019-03-01 06:00:00,43,22,21
2019-03-01 07:00:00,102,54,48
2019-03-01 08:00:00,99,46,53
2019-03-01 09:00:00,80,27,53
2019-03-01 10:00:00,79,40,39
2019-03-01 11:00:00,122,52,70
2019-03-01 12:00:00,264,146,118
2019-03-01 13:00:00,384,297,87
2019-03-01 14:00:00,717,639,78
2019-03-01 15:00:00,1010,900,110
2019-03-01 16:00:00,1125,971,154
2019-03-01 17:00:00,281,174,107
2019-03-01 18:00:00,101,43,58
2019-03-01 19:00:00,15,7,8
2019-03-01 20:00:00,10,7,3
2019-03-01 21:00:00,6,3,3
2019-03-01 22:00:00,5,3,2
2019-03-01 23:00:00,2,2,0
2019-03-02 00:00:00,2,1,1
2019-03-02 01:00:00,2,1,1
2019-03-02 02:00:00,1,1,0
2019-03-02 03:00:00,1,0,1
2019-03-02 04:00:00,2,1,1
2019-03-02 05:00:00,3,2,1
2019-03-02 06:00:00,16,11,5
2019-03-02 07:00:00,77,41,36
2019-03-02 08:00:00,125,73,52
2019-03-02 09:00:00,215,113,102
2019-03-02 10:00:00,241,106,135
2019-03-02 11:00:00,247,120,127
2019-03-02 12:00:00,299,136,163
2019-03-02 13:00:00,760,603,157
2019-03-02 14:00:00,1081,887,194
2019-03-02 15:00:00,1212,1026,186
2019-03-02 16:00:00,998,819,179
2019-03-02 17:00:00,267,140,127
2019-03-02 18:00:00,86,34,52
2019-03-02 19:00:00,24,10,14
2019-03-02 20:00:00,9,5,4
2019-03-02 21:00:00,7,4,3
2019-03-02 22:00:00,2,2,0
2019-03-02 23:00:00,4,2,2
2019-03-03 00:00:00,5,2,3
2019-03-03 01:00:00,0,0,0
2019-03-03 02:00:00,2,1,1
2019-03-03 03:00:00,2,1,1
2019-03-03 04:00:00,0,0,0
2019-03-03 05:00:00,9,6,3
2019-03-03 06:00:00,21,11,10
2019-03-03 07:00:00,55,25,30
2019-03-03 08:00:00,114,57,57
2019-03-03 09:00:00,144,74,70
2019-03-03 10:00:00,200,103,97
2019-03-03 11:00:00,277,123,154
2019-03-03 12:00:00,320,143,177
2019-03-03 13:00:00,434,271,163
2019-03-03 14:00:00,766,541,225
2019-03-03 15:00:00,726,495,231
2019-03-03 16:00:00,1175,947,228
2019-03-03 17:00:00,377,212,165
2019-03-03 18:00:00,84,31,53
2019-03-03 19:00:00,12,6,6
2019-03-03 20:00:00,11,5,6
2019-03-03 21:00:00,4,1,3
2019-03-03 22:00:00,4,3,1
2019-03-03 23:00:00,2,1,1
2019-03-04 00:00:00,0,0,0
2019-03-04 01:00:00,0,0,0
2019-03-04 02:00:00,2,1,1
2019-03-04 03:00:00,2,1,1
2019-03-04 04:00:00,3,1,2
2019-03-04 05:00:00,7,6,1
2019-03-04 06:00:00,69,37,32
2019-03-04 07:00:00,108,55,53
2019-03-04 08:00:00,79,30,49
2019-03-04 09:00:00,86,45,41
2019-03-04 10:00:00,59,29,30
2019-03-04 11:00:00,151,75,76
2019-03-04 12:00:00,266,143,123
2019-03-04 13:00:00,569,482,87
2019-03-04 14:00:00,1052,964,88
2019-03-04 15:00:00,1052,958,94
2019-03-04 16:00:00,971,857,114
2019-03-04 17:00:00,293,175,118
2019-03-04 18:00:00,106,42,64
2019-03-04 19:00:00,21,11,10
2019-03-04 20:00:00,15,8,7
2019-03-04 21:00:00,1,1,0
2019-03-04 22:00:00,1,0,1
2019-03-04 23:00:00,1,1,0
2019-03-05 00:00:00,0,0,0
2019-03-05 01:00:00,4,2,2
2019-03-05 02:00:00,0,0,0
2019-03-05 03:00:00,2,1,1
2019-03-05 04:00:00,3,1,2
2019-03-05 05:00:00,15,11,4
2019-03-05 06:00:00,99,52,47
2019-03-05 07:00:00,156,72,84
2019-03-05 08:00:00,78,40,38
2019-03-05 09:00:00,83,38,45
2019-03-05 10:00:00,99,54,45
2019-03-05 11:00:00,135,68,67
2019-03-05 12:00:00,307,169,138
2019-03-05 13:00:00,623,520,103
2019-03-05 14:00:00,1141,1034,107
2019-03-05 15:00:00,1464,1362,102
2019-03-05 16:00:00,825,710,115
2019-03-05 17:00:00,282,154,128
2019-03-05 18:00:00,140,64,76
2019-03-05 19:00:00,32,21,11
2019-03-05 20:00:00,15,8,7
2019-03-05 21:00:00,15,11,4
2019-03-05 22:00:00,4,2,2
2019-03-05 23:00:00,6,4,2
2019-03-06 00:00:00,3,2,1
2019-03-06 01:00:00,3,0,3
2019-03-06 02:00:00,0,0,0
2019-03-06 03:00:00,3,2,1
2019-03-06 04:00:00,0,0,0
2019-03-06 05:00:00,17,9,8
2019-03-06 06:00:00,92,46,46
2019-03-06 07:00:00,138,67,71
2019-03-06 08:00:00,99,40,59
2019-03-06 09:00:00,52,22,30
2019-03-06 10:00:00,70,35,35
2019-03-06 11:00:00,77,36,41
2019-03-06 12:00:00,166,85,81
2019-03-06 13:00:00,57,26,31
2019-03-06 14:00:00,35,17,18
2019-03-06 15:00:00,40,19,21
2019-03-06 16:00:00,33,15,18
2019-03-06 17:00:00,61,33,28
2019-03-06 18:00:00,47,22,25
2019-03-06 19:00:00,17,9,8
2019-03-06 20:00:00,12,6,6
2019-03-06 21:00:00,7,5,2
2019-03-06 22:00:00,6,2,4
2019-03-06 23:00:00,0,0,0
2019-03-07 00:00:00,0,0,0
2019-03-07 01:00:00,0,0,0
2019-03-07 02:00:00,0,0,0
2019-03-07 03:00:00,0,0,0
2019-03-07 04:00:00,0,0,0
2019-03-07 05:00:00,15,10,5
2019-03-07 06:00:00,34,21,13
2019-03-07 07:00:00,63,27,36
2019-03-07 08:00:00,57,26,31
2019-03-07 09:00:00,54,31,23
2019-03-07 10:00:00,43,20,23
2019-03-07 11:00:00,71,33,38
2019-03-07 12:00:00,145,81,64
2019-03-07 13:00:00,148,97,51
2019-03-07 14:00:00,279,227,52
2019-03-07 15:00:00,394,325,69
2019-03-07 16:00:00,327,271,56
2019-03-07 17:00:00,185,108,77
2019-03-07 18:00:00,100,45,55
2019-03-07 19:00:00,28,12,16
2019-03-07 20:00:00,17,11,6
2019-03-07 21:00:00,7,4,3
2019-03-07 22:00:00,10,5,5
2019-03-07 23:00:00,7,5,2
2019-03-08 00:00:00,1,0,1
2019-03-08 01:00:00,3,1,2
2019-03-08 02:00:00,0,0,0
2019-03-08 03:00:00,0,0,0
2019-03-08 04:00:00,2,1,1
2019-03-08 05:00:00,13,8,5
2019-03-08 06:00:00,57,32,25
2019-03-08 07:00:00,104,49,55
2019-03-08 08:00:00,69,28,41
2019-03-08 09:00:00,34,14,20
2019-03-08 10:00:00,27,12,15
2019-03-08 11:00:00,42,21,21
2019-03-08 12:00:00,133,68,65
2019-03-08 13:00:00,74,41,33
2019-03-08 14:00:00,166,110,56
2019-03-08 15:00:00,421,367,54
2019-03-08 16:00:00,407,325,82
2019-03-08 17:00:00,208,111,97
2019-03-08 18:00:00,129,55,74
2019-03-08 19:00:00,31,16,15
2019-03-08 20:00:00,9,3,6
2019-03-08 21:00:00,11,5,6
2019-03-08 22:00:00,6,1,5
2019-03-08 23:00:00,4,3,1
2019-03-09 00:00:00,0,0,0
2019-03-09 01:00:00,3,1,2
2019-03-09 02:00:00,0,0,0
2019-03-09 03:00:00,0,0,0
2019-03-09 04:00:00,2,1,1
2019-03-09 05:00:00,6,3,3
2019-03-09 06:00:00,17,13,4
2019-03-09 07:00:00,57,24,33
2019-03-09 08:00:00,92,52,40
2019-03-09 09:00:00,152,81,71
2019-03-09 10:00:00,192,99,93
2019-03-09 11:00:00,258,137,121
2019-03-09 12:00:00,247,128,119
2019-03-09 13:00:00,623,481,142
2019-03-09 14:00:00,805,627,178
2019-03-09 15:00:00,1095,877,218
2019-03-09 16:00:00,832,622,210
2019-03-09 17:00:00,288,133,155
2019-03-09 18:00:00,147,58,89
2019-03-09 19:00:00,17,6,11
2019-03-09 20:00:00,10,5,5
2019-03-09 21:00:00,13,7,6
2019-03-09 22:00:00,9,6,3
2019-03-09 23:00:00,4,2,2
2019-03-10 00:00:00,0,0,0
2019-03-10 01:00:00,0,0,0
2019-03-10 02:00:00,0,0,0
2019-03-10 03:00:00,1,1,0
2019-03-10 04:00:00,4,1,3
2019-03-10 05:00:00,1,1,0
2019-03-10 06:00:00,8,5,3
2019-03-10 07:00:00,24,13,11
2019-03-10 08:00:00,70,37,33
2019-03-10 09:00:00,146,74,72
2019-03-10 10:00:00,155,75,80
2019-03-10 11:00:00,224,119,105
2019-03-10 12:00:00,304,142,162
2019-03-10 13:00:00,330,175,155
2019-03-10 14:00:00,537,349,188
2019-03-10 15:00:00,781,571,210
2019-03-10 16:00:00,769,554,215
2019-03-10 17:00:00,510,321,189
2019-03-10 18:00:00,228,108,120
2019-03-10 19:00:00,135,55,80
2019-03-10 20:00:00,19,9,10
2019-03-10 21:00:00,4,2,2
2019-03-10 22:00:00,11,8,3
2019-03-10 23:00:00,7,5,2
2019-03-11 00:00:00,0,0,0
2019-03-11 01:00:00,0,0,0
2019-03-11 02:00:00,4,3,1
2019-03-11 03:00:00,4,2,2
2019-03-11 04:00:00,0,0,0
2019-03-11 05:00:00,18,9,9
2019-03-11 06:00:00,32,17,15
2019-03-11 07:00:00,109,49,60
2019-03-11 08:00:00,96,47,49
2019-03-11 09:00:00,67,31,36
2019-03-11 10:00:00,51,25,26
2019-03-11 11:00:00,128,64,64
2019-03-11 12:00:00,224,115,109
2019-03-11 13:00:00,125,53,72
2019-03-11 14:00:00,100,45,55
2019-03-11 15:00:00,103,58,45
2019-03-11 16:00:00,131,59,72
2019-03-11 17:00:00,130,72,58
2019-03-11 18:00:00,98,50,48
2019-03-11 19:00:00,29,16,13
2019-03-11 20:00:00,9,6,3
2019-03-11 21:00:00,0,0,0
2019-03-11 22:00:00,2,1,1
2019-03-11 23:00:00,2,1,1
2019-03-12 00:00:00,0,0,0
2019-03-12 01:00:00,1,0,1
2019-03-12 02:00:00,0,0,0
2019-03-12 03:00:00,0,0,0
2019-03-12 04:00:00,0,0,0
2019-03-12 05:00:00,3,2,1
2019-03-12 06:00:00,49,26,23
2019-03-12 07:00:00,71,35,36
2019-03-12 08:00:00,76,36,40
2019-03-12 09:00:00,51,19,32
2019-03-12 10:00:00,39,23,16
2019-03-12 11:00:00,74,36,38
2019-03-12 12:00:00,119,66,53
2019-03-12 13:00:00,59,30,29
2019-03-12 14:00:00,66,39,27
2019-03-12 15:00:00,102,47,55
2019-03-12 16:00:00,153,84,69
2019-03-12 17:00:00,199,112,87
2019-03-12 18:00:00,243,117,126
2019-03-12 19:00:00,74,24,50
2019-03-12 20:00:00,14,4,10
2019-03-12 21:00:00,6,2,4
2019-03-12 22:00:00,9,4,5
2019-03-12 23:00:00,6,5,1
2019-03-13 00:00:00,4,2,2
2019-03-13 01:00:00,2,1,1
2019-03-13 02:00:00,1,0,1
2019-03-13 03:00:00,1,1,0
2019-03-13 04:00:00,5,3,2
2019-03-13 05:00:00,17,7,10
2019-03-13 06:00:00,84,51,33
2019-03-13 07:00:00,106,58,48
2019-03-13 08:00:00,96,43,53
2019-03-13 09:00:00,61,26,35
2019-03-13 10:00:00,52,25,27
2019-03-13 11:00:00,118,60,58
2019-03-13 12:00:00,238,130,108
2019-03-13 13:00:00,167,86,81
2019-03-13 14:00:00,352,286,66
2019-03-13 15:00:00,635,549,86
2019-03-13 16:00:00,789,641,148
2019-03-13 17:00:00,610,454,156
2019-03-13 18:00:00,375,189,186
2019-03-13 19:00:00,194,92,102
2019-03-13 20:00:00,21,12,9
2019-03-13 21:00:00,15,8,7
2019-03-13 22:00:00,3,3,0
2019-03-13 23:00:00,1,1,0
2019-03-14 00:00:00,0,0,0
2019-03-14 01:00:00,1,0,1
2019-03-14 02:00:00,2,1,1
2019-03-14 03:00:00,1,0,1
2019-03-14 04:00:00,3,1,2
2019-03-14 05:00:00,9,6,3
2019-03-14 06:00:00,50,24,26
2019-03-14 07:00:00,101,46,55
2019-03-14 08:00:00,116,55,61
2019-03-14 09:00:00,81,37,44
2019-03-14 10:00:00,65,33,32
2019-03-14 11:00:00,117,60,57
2019-03-14 12:00:00,224,119,105
2019-03-14 13:00:00,166,82,84
2019-03-14 14:00:00,172,92,80
2019-03-14 15:00:00,214,122,92
2019-03-14 16:00:00,219,137,82
2019-03-14 17:00:00,206,123,83
2019-03-14 18:00:00,197,101,96
2019-03-14 19:00:00,96,37,59
2019-03-14 20:00:00,22,9,13
2019-03-14 21:00:00,9,2,7
2019-03-14 22:00:00,9,7,2
2019-03-14 23:00:00,2,1,1
2019-03-15 00:00:00,3,2,1
2019-03-15 01:00:00,2,1,1
2019-03-15 02:00:00,0,0,0
2019-03-15 03:00:00,0,0,0
2019-03-15 04:00:00,5,3,2
2019-03-15 05:00:00,7,4,3
2019-03-15 06:00:00,50,26,24
2019-03-15 07:00:00,117,62,55
2019-03-15 08:00:00,104,48,56
2019-03-15 09:00:00,94,34,60
2019-03-15 10:00:00,118,64,54
2019-03-15 11:00:00,132,66,66
2019-03-15 12:00:00,291,152,139
2019-03-15 13:00:00,213,108,105
2019-03-15 14:00:00,292,214,78
2019-03-15 15:00:00,420,309,111
2019-03-15 16:00:00,328,222,106
2019-03-15 17:00:00,256,150,106
2019-03-15 18:00:00,253,127,126
2019-03-15 19:00:00,147,57,90
2019-03-15 20:00:00,22,11,11
2019-03-15 21:00:00,13,9,4
2019-03-15 22:00:00,5,4,1
2019-03-15 23:00:00,4,3,1
2019-03-16 00:00:00,0,0,0
2019-03-16 01:00:00,2,1,1
2019-03-16 02:00:00,0,0,0
2019-03-16 03:00:00,1,0,1
2019-03-16 04:00:00,1,0,1
2019-03-16 05:00:00,6,3,3
2019-03-16 06:00:00,16,8,8
2019-03-16 07:00:00,68,39,29
2019-03-16 08:00:00,122,70,52
2019-03-16 09:00:00,248,133,115
2019-03-16 10:00:00,250,128,122
2019-03-16 11:00:00,245,105,140
2019-03-16 12:00:00,251,116,135
2019-03-16 13:00:00,305,156,149
2019-03-16 14:00:00,387,233,154
2019-03-16 15:00:00,607,427,180
2019-03-16 16:00:00,563,347,216
2019-03-16 17:00:00,321,163,158
2019-03-16 18:00:00,207,97,110
2019-03-16 19:00:00,91,37,54
2019-03-16 20:00:00,16,5,11
2019-03-16 21:00:00,12,8,4
2019-03-16 22:00:00,5,3,2
2019-03-16 23:00:00,3,1,2
2019-03-17 00:00:00,3,2,1
2019-03-17 01:00:00,2,1,1
2019-03-17 02:00:00,2,2,0
2019-03-17 03:00:00,3,1,2
2019-03-17 04:00:00,2,1,1
2019-03-17 05:00:00,3,2,1
2019-03-17 06:00:00,7,6,1
2019-03-17 07:00:00,56,33,23
2019-03-17 08:00:00,108,50,58
2019-03-17 09:00:00,174,93,81
2019-03-17 10:00:00,240,121,119
2019-03-17 11:00:00,311,155,156
2019-03-17 12:00:00,340,156,184
2019-03-17 13:00:00,433,228,205
2019-03-17 14:00:00,761,520,241
2019-03-17 15:00:00,1176,873,303
2019-03-17 16:00:00,1300,1020,280
2019-03-17 17:00:00,733,490,243
2019-03-17 18:00:00,395,207,188
2019-03-17 19:00:00,253,79,174
2019-03-17 20:00:00,37,20,17
2019-03-17 21:00:00,17,6,11
2019-03-17 22:00:00,5,4,1
2019-03-17 23:00:00,5,3,2
2019-03-18 00:00:00,4,2,2
2019-03-18 01:00:00,0,0,0
2019-03-18 02:00:00,3,1,2
2019-03-18 03:00:00,4,1,3
2019-03-18 04:00:00,3,2,1
2019-03-18 05:00:00,10,5,5
2019-03-18 06:00:00,37,20,17
2019-03-18 07:00:00,112,56,56
2019-03-18 08:00:00,133,60,73
2019-03-18 09:00:00,95,41,54
2019-03-18 10:00:00,85,40,45
2019-03-18 11:00:00,195,98,97
2019-03-18 12:00:00,407,219,188
2019-03-18 13:00:00,283,138,145
2019-03-18 14:00:00,938,783,155
2019-03-18 15:00:00,1120,983,137
2019-03-18 16:00:00,1114,934,180
2019-03-18 17:00:00,819,595,224
2019-03-18 18:00:00,649,351,298
2019-03-18 19:00:00,371,147,224
2019-03-18 20:00:00,67,25,42
2019-03-18 21:00:00,24,13,11
2019-03-18 22:00:00,8,2,6
2019-03-18 23:00:00,7,7,0
2019-03-19 00:00:00,3,2,1
2019-03-19 01:00:00,2,1,1
2019-03-19 02:00:00,1,0,1
2019-03-19 03:00:00,4,2,2
2019-03-19 04:00:00,4,1,3
2019-03-19 05:00:00,14,9,5
2019-03-19 06:00:00,77,39,38
2019-03-19 07:00:00,177,93,84
2019-03-19 08:00:00,146,56,90
2019-03-19 09:00:00,120,61,59
2019-03-19 10:00:00,118,56,62
2019-03-19 11:00:00,188,109,79
2019-03-19 12:00:00,452,235,217
2019-03-19 13:00:00,271,129,142
2019-03-19 14:00:00,402,286,116
2019-03-19 15:00:00,608,479,129
2019-03-19 16:00:00,765,581,184
2019-03-19 17:00:00,811,566,245
2019-03-19 18:00:00,699,439,260
2019-03-19 19:00:00,527,236,291
2019-03-19 20:00:00,101,60,41
2019-03-19 21:00:00,28,19,9
2019-03-19 22:00:00,22,11,11
2019-03-19 23:00:00,3,1,2
2019-03-20 00:00:00,3,3,0
2019-03-20 01:00:00,3,2,1
2019-03-20 02:00:00,0,0,0
2019-03-20 03:00:00,0,0,0
2019-03-20 04:00:00,3,2,1
2019-03-20 05:00:00,17,12,5
2019-03-20 06:00:00,120,61,59
2019-03-20 07:00:00,202,101,101
2019-03-20 08:00:00,142,58,84
2019-03-20 09:00:00,148,81,67
2019-03-20 10:00:00,126,60,66
2019-03-20 11:00:00,190,102,88
2019-03-20 12:00:00,373,191,182
2019-03-20 13:00:00,305,157,148
2019-03-20 14:00:00,1185,1044,141
2019-03-20 15:00:00,848,692,156
2019-03-20 16:00:00,1247,1022,225
2019-03-20 17:00:00,707,514,193
2019-03-20 18:00:00,650,439,211
2019-03-20 19:00:00,357,166,191
2019-03-20 20:00:00,84,35,49
2019-03-20 21:00:00,22,13,9
2019-03-20 22:00:00,27,11,16
2019-03-20 23:00:00,17,12,5
2019-03-21 00:00:00,7,7,0
2019-03-21 01:00:00,7,3,4
2019-03-21 02:00:00,2,0,2
2019-03-21 03:00:00,0,0,0
2019-03-21 04:00:00,2,1,1
2019-03-21 05:00:00,20,14,6
2019-03-21 06:00:00,88,50,38
2019-03-21 07:00:00,148,68,80
2019-03-21 08:00:00,122,46,76
2019-03-21 09:00:00,92,49,43
2019-03-21 10:00:00,109,59,50
2019-03-21 11:00:00,141,77,64
2019-03-21 12:00:00,315,171,144
2019-03-21 13:00:00,228,119,109
2019-03-21 14:00:00,489,416,73
2019-03-21 15:00:00,554,454,100
2019-03-21 16:00:00,558,439,119
2019-03-21 17:00:00,314,198,116
2019-03-21 18:00:00,203,101,102
2019-03-21 19:00:00,142,55,87
2019-03-21 20:00:00,33,13,20
2019-03-21 21:00:00,12,7,5
2019-03-21 22:00:00,13,7,6
2019-03-21 23:00:00,5,2,3
2019-03-22 00:00:00,0,0,0
2019-03-22 01:00:00,0,0,0
2019-03-22 02:00:00,2,0,2
2019-03-22 03:00:00,0,0,0
2019-03-22 04:00:00,5,3,2
2019-03-22 05:00:00,9,4,5
2019-03-22 06:00:00,56,32,24
2019-03-22 07:00:00,135,70,65
2019-03-22 08:00:00,130,54,76
2019-03-22 09:00:00,113,60,53
2019-03-22 10:00:00,124,52,72
2019-03-22 11:00:00,125,67,58
2019-03-22 12:00:00,312,156,156
2019-03-22 13:00:00,218,99,119
2019-03-22 14:00:00,261,150,111
2019-03-22 15:00:00,127,58,69
2019-03-22 16:00:00,74,36,38
2019-03-22 17:00:00,82,50,32
2019-03-22 18:00:00,132,68,64
2019-03-22 19:00:00,75,37,38
2019-03-22 20:00:00,21,12,9
2019-03-22 21:00:00,16,9,7
2019-03-22 22:00:00,6,1,5
2019-03-22 23:00:00,4,3,1
2019-03-23 00:00:00,2,1,1
2019-03-23 01:00:00,2,2,0
2019-03-23 02:00:00,2,1,1
2019-03-23 03:00:00,0,0,0
2019-03-23 04:00:00,2,2,0
2019-03-23 05:00:00,4,3,1
2019-03-23 06:00:00,19,10,9
2019-03-23 07:00:00,88,55,33
2019-03-23 08:00:00,154,77,77
2019-03-23 09:00:00,172,80,92
2019-03-23 10:00:00,241,111,130
2019-03-23 11:00:00,253,124,129
2019-03-23 12:00:00,235,115,120
2019-03-23 13:00:00,241,120,121
2019-03-23 14:00:00,442,289,153
2019-03-23 15:00:00,601,425,176
2019-03-23 16:00:00,633,455,178
2019-03-23 17:00:00,451,286,165
2019-03-23 18:00:00,286,147,139
2019-03-23 19:00:00,205,77,128
2019-03-23 20:00:00,52,26,26
2019-03-23 21:00:00,14,8,6
2019-03-23 22:00:00,8,5,3
2019-03-23 23:00:00,7,4,3
2019-03-24 00:00:00,4,2,2
2019-03-24 01:00:00,0,0,0
2019-03-24 02:00:00,1,1,0
2019-03-24 03:00:00,5,2,3
2019-03-24 04:00:00,2,1,1
2019-03-24 05:00:00,2,2,0
2019-03-24 06:00:00,13,6,7
2019-03-24 07:00:00,93,50,43
2019-03-24 08:00:00,115,57,58
2019-03-24 09:00:00,176,94,82
2019-03-24 10:00:00,228,120,108
2019-03-24 11:00:00,235,113,122
2019-03-24 12:00:00,227,97,130
2019-03-24 13:00:00,175,83,92
2019-03-24 14:00:00,211,125,86
2019-03-24 15:00:00,259,137,122
2019-03-24 16:00:00,321,195,126
2019-03-24 17:00:00,279,155,124
2019-03-24 18:00:00,296,154,142
2019-03-24 19:00:00,169,65,104
2019-03-24 20:00:00,42,15,27
2019-03-24 21:00:00,22,9,13
2019-03-24 22:00:00,5,2,3
2019-03-24 23:00:00,3,0,3
2019-03-25 00:00:00,3,1,2
2019-03-25 01:00:00,3,2,1
2019-03-25 02:00:00,6,3,3
2019-03-25 03:00:00,1,0,1
2019-03-25 04:00:00,2,1,1
2019-03-25 05:00:00,18,12,6
2019-03-25 06:00:00,50,26,24
2019-03-25 07:00:00,120,64,56
2019-03-25 08:00:00,143,58,85
2019-03-25 09:00:00,97,44,53
2019-03-25 10:00:00,106,50,56
2019-03-25 11:00:00,128,57,71
2019-03-25 12:00:00,260,145,115
2019-03-25 13:00:00,171,76,95
2019-03-25 14:00:00,107,52,55
2019-03-25 15:00:00,134,62,72
2019-03-25 16:00:00,123,55,68
2019-03-25 17:00:00,110,45,65
2019-03-25 18:00:00,40,26,14
2019-03-25 19:00:00,19,7,12
2019-03-25 20:00:00,3,0,3
2019-03-25 21:00:00,8,5,3
2019-03-25 22:00:00,2,1,1
2019-03-25 23:00:00,0,0,0
2019-03-26 00:00:00,4,2,2
2019-03-26 01:00:00,2,0,2
2019-03-26 02:00:00,1,0,1
2019-03-26 03:00:00,1,1,0
2019-03-26 04:00:00,0,0,0
2019-03-26 05:00:00,16,11,5
2019-03-26 06:00:00,82,46,36
2019-03-26 07:00:00,152,79,73
2019-03-26 08:00:00,129,52,77
2019-03-26 09:00:00,89,40,49
2019-03-26 10:00:00,71,37,34
2019-03-26 11:00:00,156,82,74
2019-03-26 12:00:00,349,180,169
2019-03-26 13:00:00,212,101,111
2019-03-26 14:00:00,245,159,86
2019-03-26 15:00:00,541,439,102
2019-03-26 16:00:00,825,685,140
2019-03-26 17:00:00,650,477,173
2019-03-26 18:00:00,446,251,195
2019-03-26 19:00:00,341,135,206
2019-03-26 20:00:00,56,19,37
2019-03-26 21:00:00,12,9,3
2019-03-26 22:00:00,3,1,2
2019-03-26 23:00:00,2,2,0
2019-03-27 00:00:00,5,3,2
2019-03-27 01:00:00,1,0,1
2019-03-27 02:00:00,1,0,1
2019-03-27 03:00:00,1,1,0
2019-03-27 04:00:00,3,2,1
2019-03-27 05:00:00,16,8,8
2019-03-27 06:00:00,83,46,37
2019-03-27 07:00:00,157,85,72
2019-03-27 08:00:00,170,73,97
2019-03-27 09:00:00,84,38,46
2019-03-27 10:00:00,92,50,42
2019-03-27 11:00:00,171,86,85
2019-03-27 12:00:00,284,146,138
2019-03-27 13:00:00,169,81,88
2019-03-27 14:00:00,104,48,56
2019-03-27 15:00:00,145,84,61
2019-03-27 16:00:00,160,93,67
2019-03-27 17:00:00,243,146,97
2019-03-27 18:00:00,206,101,105
2019-03-27 19:00:00,115,43,72
2019-03-27 20:00:00,34,16,18
2019-03-27 21:00:00,6,4,2
2019-03-27 22:00:00,11,6,5
2019-03-27 23:00:00,3,3,0
2019-03-28 00:00:00,1,1,0
2019-03-28 01:00:00,7,2,5
2019-03-28 02:00:00,1,0,1
2019-03-28 03:00:00,0,0,0
2019-03-28 04:00:00,2,1,1
2019-03-28 05:00:00,17,9,8
2019-03-28 06:00:00,94,46,48
2019-03-28 07:00:00,184,89,95
2019-03-28 08:00:00,162,73,89
2019-03-28 09:00:00,112,47,65
2019-03-28 10:00:00,112,61,51
2019-03-28 11:00:00,166,88,78
2019-03-28 12:00:00,359,185,174
2019-03-28 13:00:00,267,130,137
2019-03-28 14:00:00,436,344,92
2019-03-28 15:00:00,486,365,121
2019-03-28 16:00:00,651,545,106
2019-03-28 17:00:00,346,233,113
2019-03-28 18:00:00,382,224,158
2019-03-28 19:00:00,283,142,141
2019-03-28 20:00:00,80,34,46
2019-03-28 21:00:00,14,6,8
2019-03-28 22:00:00,23,16,7
2019-03-28 23:00:00,7,3,4
2019-03-29 00:00:00,0,0,0
2019-03-29 01:00:00,3,2,1
2019-03-29 02:00:00,3,1,2
2019-03-29 03:00:00,1,0,1
2019-03-29 04:00:00,5,2,3
2019-03-29 05:00:00,14,9,5
2019-03-29 06:00:00,60,32,28
2019-03-29 07:00:00,148,78,70
2019-03-29 08:00:00,141,59,82
2019-03-29 09:00:00,102,48,54
2019-03-29 10:00:00,97,40,57
2019-03-29 11:00:00,159,85,74
2019-03-29 12:00:00,216,104,112
2019-03-29 13:00:00,195,92,103
2019-03-29 14:00:00,134,79,55
2019-03-29 15:00:00,175,89,86
2019-03-29 16:00:00,374,272,102
2019-03-29 17:00:00,446,340,106
2019-03-29 18:00:00,260,140,120
2019-03-29 19:00:00,199,82,117
2019-03-29 20:00:00,52,21,31
2019-03-29 21:00:00,16,8,8
2019-03-29 22:00:00,13,8,5
2019-03-29 23:00:00,11,8,3
2019-03-30 00:00:00,3,3,0
2019-03-30 01:00:00,7,5,2
2019-03-30 02:00:00,3,3,0
2019-03-30 03:00:00,0,0,0
2019-03-30 04:00:00,3,1,2
2019-03-30 05:00:00,5,5,0
2019-03-30 06:00:00,25,11,14
2019-03-30 07:00:00,90,51,39
2019-03-30 08:00:00,187,95,92
2019-03-30 09:00:00,282,139,143
2019-03-30 10:00:00,284,146,138
2019-03-30 11:00:00,275,123,152
2019-03-30 12:00:00,289,145,144
2019-03-30 13:00:00,283,130,153
2019-03-30 14:00:00,592,445,147
2019-03-30 15:00:00,1014,825,189
2019-03-30 16:00:00,1249,1030,219
2019-03-30 17:00:00,1065,856,209
2019-03-30 18:00:00,833,653,180
2019-03-30 19:00:00,282,140,142
2019-03-30 20:00:00,68,26,42
2019-03-30 21:00:00,18,10,8
2019-03-30 22:00:00,17,13,4
2019-03-30 23:00:00,7,3,4
2019-03-31 00:00:00,3,2,1
2019-03-31 01:00:00,1,1,0
2019-03-31 02:00:00,3,1,2
2019-03-31 03:00:00,3,1,2
2019-03-31 04:00:00,0,0,0
2019-03-31 05:00:00,2,2,0
2019-03-31 06:00:00,24,15,9
2019-03-31 07:00:00,83,44,39
2019-03-31 08:00:00,106,57,49
2019-03-31 09:00:00,216,120,96
2019-03-31 10:00:00,244,106,138
2019-03-31 11:00:00,286,135,151
2019-03-31 12:00:00,273,118,155
2019-03-31 13:00:00,313,175,138
2019-03-31 14:00:00,960,771,189
2019-03-31 15:00:00,1184,984,200
2019-03-31 16:00:00,1577,1278,299
2019-03-31 17:00:00,1249,1007,242
2019-03-31 18:00:00,959,737,222
2019-03-31 19:00:00,271,128,143
2019-03-31 20:00:00,64,22,42
2019-03-31 21:00:00,21,9,12
2019-03-31 22:00:00,4,2,2
2019-03-31 23:00:00,3,2,1
2019-04-01 00:00:00,4,2,2
2019-04-01 01:00:00,1,1,0
2019-04-01 02:00:00,2,0,2
2019-04-01 03:00:00,2,2,0
2019-04-01 04:00:00,3,1,2
2019-04-01 05:00:00,17,10,7
2019-04-01 06:00:00,68,43,25
2019-04-01 07:00:00,140,66,74
2019-04-01 08:00:00,103,47,56
2019-04-01 09:00:00,123,66,57
2019-04-01 10:00:00,95,46,49
2019-04-01 11:00:00,153,81,72
2019-04-01 12:00:00,318,164,154
2019-04-01 13:00:00,235,132,103
2019-04-01 14:00:00,523,438,85
2019-04-01 15:00:00,819,710,109
2019-04-01 16:00:00,1380,1186,194
2019-04-01 17:00:00,1249,1078,171
2019-04-01 18:00:00,384,218,166
2019-04-01 19:00:00,247,106,141
2019-04-01 20:00:00,104,40,64
2019-04-01 21:00:00,22,11,11
2019-04-01 22:00:00,7,2,5
2019-04-01 23:00:00,4,3,1
2019-04-02 00:00:00,2,1,1
2019-04-02 01:00:00,0,0,0
2019-04-02 02:00:00,2,1,1
2019-04-02 03:00:00,5,1,4
2019-04-02 04:00:00,3,3,0
2019-04-02 05:00:00,19,11,8
2019-04-02 06:00:00,118,65,53
2019-04-02 07:00:00,208,95,113
2019-04-02 08:00:00,141,57,84
2019-04-02 09:00:00,123,53,70
2019-04-02 10:00:00,94,41,53
2019-04-02 11:00:00,127,74,53
2019-04-02 12:00:00,321,166,155
2019-04-02 13:00:00,228,118,110
2019-04-02 14:00:00,200,132,68
2019-04-02 15:00:00,182,95,87
2019-04-02 16:00:00,199,108,91
2019-04-02 17:00:00,243,141,102
2019-04-02 18:00:00,267,137,130
2019-04-02 19:00:00,205,93,112
2019-04-02 20:00:00,60,20,40
2019-04-02 21:00:00,22,9,13
2019-04-02 22:00:00,15,12,3
2019-04-02 23:00:00,6,2,4
2019-04-03 00:00:00,1,1,0
2019-04-03 01:00:00,0,0,0
2019-04-03 02:00:00,1,0,1
2019-04-03 03:00:00,1,1,0
2019-04-03 04:00:00,2,2,0
2019-04-03 05:00:00,21,14,7
2019-04-03 06:00:00,113,63,50
2019-04-03 07:00:00,201,97,104
2019-04-03 08:00:00,132,60,72
2019-04-03 09:00:00,79,35,44
2019-04-03 10:00:00,57,25,32
2019-04-03 11:00:00,109,57,52
2019-04-03 12:00:00,247,131,116
2019-04-03 13:00:00,150,77,73
2019-04-03 14:00:00,113,73,40
2019-04-03 15:00:00,90,45,45
2019-04-03 16:00:00,96,55,41
2019-04-03 17:00:00,174,101,73
2019-04-03 18:00:00,161,84,77
2019-04-03 19:00:00,114,54,60
2019-04-03 20:00:00,45,18,27
2019-04-03 21:00:00,10,7,3
2019-04-03 22:00:00,10,4,6
2019-04-03 23:00:00,3,2,1
2019-04-04 00:00:00,5,4,1
2019-04-04 01:00:00,0,0,0
2019-04-04 02:00:00,2,0,2
2019-04-04 03:00:00,0,0,0
2019-04-04 04:00:00,1,0,1
2019-04-04 05:00:00,16,10,6
2019-04-04 06:00:00,143,95,48
2019-04-04 07:00:00,198,98,100
2019-04-04 08:00:00,157,70,87
2019-04-04 09:00:00,91,44,47
2019-04-04 10:00:00,119,63,56
2019-04-04 11:00:00,214,119,95
2019-04-04 12:00:00,304,154,150
2019-04-04 13:00:00,272,131,141
2019-04-04 14:00:00,406,298,108
2019-04-04 15:00:00,346,262,84
2019-04-04 16:00:00,524,376,148
2019-04-04 17:00:00,368,232,136
2019-04-04 18:00:00,218,110,108
2019-04-04 19:00:00,106,41,65
2019-04-04 20:00:00,32,13,19
2019-04-04 21:00:00,14,9,5
2019-04-04 22:00:00,12,9,3
2019-04-04 23:00:00,1,1,0
2019-04-05 00:00:00,0,0,0
2019-04-05 01:00:00,0,0,0
2019-04-05 02:00:00,1,1,0
2019-04-05 03:00:00,0,0,0
2019-04-05 04:00:00,2,1,1
2019-04-05 05:00:00,14,10,4
2019-04-05 06:00:00,65,35,30
2019-04-05 07:00:00,162,85,77
2019-04-05 08:00:00,150,67,83
2019-04-05 09:00:00,129,62,67
2019-04-05 10:00:00,88,40,48
2019-04-05 11:00:00,93,48,45
2019-04-05 12:00:00,111,54,57
2019-04-05 13:00:00,38,17,21
2019-04-05 14:00:00,25,10,15
2019-04-05 15:00:00,29,17,12
2019-04-05 16:00:00,45,27,18
2019-04-05 17:00:00,159,101,58
2019-04-05 18:00:00,116,56,60
2019-04-05 19:00:00,128,62,66
2019-04-05 20:00:00,32,11,21
2019-04-05 21:00:00,3,2,1
2019-04-05 22:00:00,8,4,4
2019-04-05 23:00:00,11,9,2
2019-04-06 00:00:00,9,5,4
2019-04-06 01:00:00,1,0,1
2019-04-06 02:00:00,0,0,0
2019-04-06 03:00:00,0,0,0
2019-04-06 04:00:00,2,1,1
2019-04-06 05:00:00,10,7,3
2019-04-06 06:00:00,27,16,11
2019-04-06 07:00:00,65,34,31
2019-04-06 08:00:00,76,39,37
2019-04-06 09:00:00,48,22,26
2019-04-06 10:00:00,109,65,44
2019-04-06 11:00:00,158,82,76
2019-04-06 12:00:00,138,54,84
2019-04-06 13:00:00,50,23,27
2019-04-06 14:00:00,113,59,54
2019-04-06 15:00:00,112,54,58
2019-04-06 16:00:00,204,97,107
2019-04-06 17:00:00,112,52,60
2019-04-06 18:00:00,130,63,67
2019-04-06 19:00:00,93,46,47
2019-04-06 20:00:00,23,6,17
2019-04-06 21:00:00,23,10,13
2019-04-06 22:00:00,13,7,6
2019-04-06 23:00:00,10,7,3
2019-04-07 00:00:00,6,4,2
2019-04-07 01:00:00,1,0,1
2019-04-07 02:00:00,2,1,1
2019-04-07 03:00:00,2,1,1
2019-04-07 04:00:00,0,0,0
2019-04-07 05:00:00,3,2,1
2019-04-07 06:00:00,12,8,4
2019-04-07 07:00:00,60,26,34
2019-04-07 08:00:00,108,68,40
2019-04-07 09:00:00,129,57,72
2019-04-07 10:00:00,102,61,41
2019-04-07 11:00:00,137,69,68
2019-04-07 12:00:00,168,82,86
2019-04-07 13:00:00,129,57,72
2019-04-07 14:00:00,109,60,49
2019-04-07 15:00:00,162,76,86
2019-04-07 16:00:00,155,84,71
2019-04-07 17:00:00,238,124,114
2019-04-07 18:00:00,197,92,105
2019-04-07 19:00:00,132,57,75
2019-04-07 20:00:00,53,15,38
2019-04-07 21:00:00,14,3,11
2019-04-07 22:00:00,13,8,5
2019-04-07 23:00:00,5,3,2
2019-04-08 00:00:00,6,3,3
2019-04-08 01:00:00,2,1,1
2019-04-08 02:00:00,1,0,1
2019-04-08 03:00:00,3,2,1
2019-04-08 04:00:00,1,1,0
2019-04-08 05:00:00,11,7,4
2019-04-08 06:00:00,55,33,22
2019-04-08 07:00:00,121,66,55
2019-04-08 08:00:00,97,44,53
2019-04-08 09:00:00,73,36,37
2019-04-08 10:00:00,51,30,21
2019-04-08 11:00:00,109,52,57
2019-04-08 12:00:00,248,125,123
2019-04-08 13:00:00,140,61,79
2019-04-08 14:00:00,166,110,56
2019-04-08 15:00:00,132,67,65
2019-04-08 16:00:00,141,64,77
2019-04-08 17:00:00,119,63,56
2019-04-08 18:00:00,143,81,62
2019-04-08 19:00:00,119,57,62
2019-04-08 20:00:00,61,27,34
2019-04-08 21:00:00,12,4,8
2019-04-08 22:00:00,2,1,1
2019-04-08 23:00:00,3,2,1
2019-04-09 00:00:00,2,2,0
2019-04-09 01:00:00,0,0,0
2019-04-09 02:00:00,3,1,2
2019-04-09 03:00:00,3,2,1
2019-04-09 04:00:00,1,1,0
2019-04-09 05:00:00,12,6,6
2019-04-09 06:00:00,54,28,26
2019-04-09 07:00:00,153,79,74
2019-04-09 08:00:00,105,44,61
2019-04-09 09:00:00,88,37,51
2019-04-09 10:00:00,90,45,45
2019-04-09 11:00:00,125,58,67
2019-04-09 12:00:00,214,122,92
2019-04-09 13:00:00,183,87,96
2019-04-09 14:00:00,227,139,88
2019-04-09 15:00:00,277,192,85
2019-04-09 16:00:00,265,169,96
2019-04-09 17:00:00,294,190,104
2019-04-09 18:00:00,295,155,140
2019-04-09 19:00:00,125,68,57
2019-04-09 20:00:00,42,20,22
2019-04-09 21:00:00,5,1,4
2019-04-09 22:00:00,7,4,3
2019-04-09 23:00:00,5,4,1
2019-04-10 00:00:00,4,0,4
2019-04-10 01:00:00,5,2,3
2019-04-10 02:00:00,3,2,1
2019-04-10 03:00:00,1,1,0
2019-04-10 04:00:00,2,1,1
2019-04-10 05:00:00,14,9,5
2019-04-10 06:00:00,74,43,31
2019-04-10 07:00:00,143,75,68
2019-04-10 08:00:00,115,62,53
2019-04-10 09:00:00,51,24,27
2019-04-10 10:00:00,52,19,33
2019-04-10 11:00:00,69,43,26
2019-04-10 12:00:00,156,81,75
2019-04-10 13:00:00,56,23,33
2019-04-10 14:00:00,62,28,34
2019-04-10 15:00:00,68,29,39
2019-04-10 16:00:00,89,45,44
2019-04-10 17:00:00,107,51,56
2019-04-10 18:00:00,97,54,43
2019-04-10 19:00:00,51,21,30
2019-04-10 20:00:00,27,14,13
2019-04-10 21:00:00,6,1,5
2019-04-10 22:00:00,8,5,3
2019-04-10 23:00:00,3,1,2
2019-04-11 00:00:00,1,1,0
2019-04-11 01:00:00,1,1,0
2019-04-11 02:00:00,1,0,1
2019-04-11 03:00:00,1,0,1
2019-04-11 04:00:00,1,0,1
2019-04-11 05:00:00,5,4,1
2019-04-11 06:00:00,45,24,21
2019-04-11 07:00:00,97,50,47
2019-04-11 08:00:00,82,38,44
2019-04-11 09:00:00,57,25,32
2019-04-11 10:00:00,56,27,29
2019-04-11 11:00:00,86,52,34
2019-04-11 12:00:00,150,71,79
2019-04-11 13:00:00,66,27,39
2019-04-11 14:00:00,45,20,25
2019-04-11 15:00:00,82,51,31
2019-04-11 16:00:00,167,100,67
2019-04-11 17:00:00,155,83,72
2019-04-11 18:00:00,161,85,76
2019-04-11 19:00:00,138,67,71
2019-04-11 20:00:00,28,10,18
2019-04-11 21:00:00,8,4,4
2019-04-11 22:00:00,6,2,4
2019-04-11 23:00:00,3,3,0
2019-04-12 00:00:00,0,0,0
2019-04-12 01:00:00,3,2,1
2019-04-12 02:00:00,1,1,0
2019-04-12 03:00:00,1,1,0
2019-04-12 04:00:00,5,2,3
2019-04-12 05:00:00,10,6,4
2019-04-12 06:00:00,53,30,23
2019-04-12 07:00:00,125,67,58
2019-04-12 08:00:00,99,43,56
2019-04-12 09:00:00,73,32,41
2019-04-12 10:00:00,64,24,40
2019-04-12 11:00:00,112,50,62
2019-04-12 12:00:00,190,90,100
2019-04-12 13:00:00,159,84,75
2019-04-12 14:00:00,164,73,91
2019-04-12 15:00:00,291,186,105
2019-04-12 16:00:00,401,284,117
2019-04-12 17:00:00,245,143,102
2019-04-12 18:00:00,166,84,82
2019-04-12 19:00:00,137,64,73
2019-04-12 20:00:00,56,25,31
2019-04-12 21:00:00,11,5,6
2019-04-12 22:00:00,10,7,3
2019-04-12 23:00:00,3,1,2
2019-04-13 00:00:00,2,1,1
2019-04-13 01:00:00,2,2,0
2019-04-13 02:00:00,4,2,2
2019-04-13 03:00:00,0,0,0
2019-04-13 04:00:00,3,1,2
2019-04-13 05:00:00,5,3,2
2019-04-13 06:00:00,24,19,5
2019-04-13 07:00:00,46,18,28
2019-04-13 08:00:00,55,29,26
2019-04-13 09:00:00,94,50,44
2019-04-13 10:00:00,97,45,52
2019-04-13 11:00:00,101,50,51
2019-04-13 12:00:00,79,35,44
2019-04-13 13:00:00,64,32,32
2019-04-13 14:00:00,93,40,53
2019-04-13 15:00:00,71,33,38
2019-04-13 16:00:00,341,305,36
2019-04-13 17:00:00,949,862,87
2019-04-13 18:00:00,975,863,112
2019-04-13 19:00:00,121,48,73
2019-04-13 20:00:00,49,14,35
2019-04-13 21:00:00,9,4,5
2019-04-13 22:00:00,9,3,6
2019-04-13 23:00:00,2,1,1
2019-04-14 00:00:00,3,2,1
2019-04-14 01:00:00,1,1,0
2019-04-14 02:00:00,3,2,1
2019-04-14 03:00:00,2,1,1
2019-04-14 04:00:00,1,1,0
2019-04-14 05:00:00,2,2,0
2019-04-14 06:00:00,30,18,12
2019-04-14 07:00:00,45,20,25
2019-04-14 08:00:00,98,57,41
2019-04-14 09:00:00,140,76,64
2019-04-14 10:00:00,142,70,72
2019-04-14 11:00:00,156,73,83
2019-04-14 12:00:00,200,90,110
2019-04-14 13:00:00,142,66,76
2019-04-14 14:00:00,136,64,72
2019-04-14 15:00:00,169,81,88
2019-04-14 16:00:00,146,82,64
2019-04-14 17:00:00,106,50,56
2019-04-14 18:00:00,72,42,30
2019-04-14 19:00:00,64,30,34
2019-04-14 20:00:00,23,13,10
2019-04-14 21:00:00,9,5,4
2019-04-14 22:00:00,8,8,0
2019-04-14 23:00:00,3,3,0
2019-04-15 00:00:00,2,1,1
2019-04-15 01:00:00,1,1,0
2019-04-15 02:00:00,1,0,1
2019-04-15 03:00:00,3,2,1
2019-04-15 04:00:00,3,1,2
2019-04-15 05:00:00,11,4,7
2019-04-15 06:00:00,64,41,23
2019-04-15 07:00:00,115,53,62
2019-04-15 08:00:00,96,41,55
2019-04-15 09:00:00,87,38,49
2019-04-15 10:00:00,72,28,44
2019-04-15 11:00:00,172,87,85
2019-04-15 12:00:00,340,170,170
2019-04-15 13:00:00,200,112,88
2019-04-15 14:00:00,361,283,78
2019-04-15 15:00:00,478,380,98
2019-04-15 16:00:00,324,226,98
2019-04-15 17:00:00,274,172,102
2019-04-15 18:00:00,262,127,135
2019-04-15 19:00:00,136,61,75
2019-04-15 20:00:00,58,30,28
2019-04-15 21:00:00,7,5,2
2019-04-15 22:00:00,7,5,2
2019-04-15 23:00:00,5,5,0
2019-04-16 00:00:00,5,2,3
2019-04-16 01:00:00,3,0,3
2019-04-16 02:00:00,1,1,0
2019-04-16 03:00:00,2,1,1
2019-04-16 04:00:00,1,1,0
2019-04-16 05:00:00,22,14,8
2019-04-16 06:00:00,87,52,35
2019-04-16 07:00:00,150,70,80
2019-04-16 08:00:00,128,59,69
2019-04-16 09:00:00,76,29,47
2019-04-16 10:00:00,77,42,35
2019-04-16 11:00:00,130,65,65
2019-04-16 12:00:00,290,145,145
2019-04-16 13:00:00,121,64,57
2019-04-16 14:00:00,104,55,49
2019-04-16 15:00:00,147,77,70
2019-04-16 16:00:00,129,71,58
2019-04-16 17:00:00,159,92,67
2019-04-16 18:00:00,107,54,53
2019-04-16 19:00:00,49,23,26
2019-04-16 20:00:00,17,9,8
2019-04-16 21:00:00,13,6,7
2019-04-16 22:00:00,11,7,4
2019-04-16 23:00:00,2,0,2
2019-04-17 00:00:00,2,2,0
2019-04-17 01:00:00,0,0,0
2019-04-17 02:00:00,1,1,0
2019-04-17 03:00:00,2,2,0
2019-04-17 04:00:00,5,2,3
2019-04-17 05:00:00,16,10,6
2019-04-17 06:00:00,113,64,49
2019-04-17 07:00:00,164,72,92
2019-04-17 08:00:00,104,50,54
2019-04-17 09:00:00,76,37,39
2019-04-17 10:00:00,78,44,34
2019-04-17 11:00:00,112,54,58
2019-04-17 12:00:00,237,115,122
2019-04-17 13:00:00,137,66,71
2019-04-17 14:00:00,111,62,49
2019-04-17 15:00:00,185,114,71
2019-04-17 16:00:00,446,355,91
2019-04-17 17:00:00,907,775,132
2019-04-17 18:00:00,584,415,169
2019-04-17 19:00:00,257,120,137
2019-04-17 20:00:00,91,36,55
2019-04-17 21:00:00,36,21,15
2019-04-17 22:00:00,12,5,7
2019-04-17 23:00:00,4,2,2
2019-04-18 00:00:00,3,0,3
2019-04-18 01:00:00,2,2,0
2019-04-18 02:00:00,1,1,0
2019-04-18 03:00:00,1,0,1
2019-04-18 04:00:00,0,0,0
2019-04-18 05:00:00,18,11,7
2019-04-18 06:00:00,71,37,34
2019-04-18 07:00:00,89,39,50
2019-04-18 08:00:00,65,31,34
2019-04-18 09:00:00,48,26,22
2019-04-18 10:00:00,55,26,29
2019-04-18 11:00:00,126,65,61
2019-04-18 12:00:00,208,102,106
2019-04-18 13:00:00,144,68,76
2019-04-18 14:00:00,117,51,66
2019-04-18 15:00:00,146,83,63
2019-04-18 16:00:00,163,85,78
2019-04-18 17:00:00,186,102,84
2019-04-18 18:00:00,187,90,97
2019-04-18 19:00:00,102,42,60
2019-04-18 20:00:00,17,5,12
2019-04-18 21:00:00,16,9,7
2019-04-18 22:00:00,14,7,7
2019-04-18 23:00:00,9,3,6
2019-04-19 00:00:00,3,0,3
2019-04-19 01:00:00,5,3,2
2019-04-19 02:00:00,2,1,1
2019-04-19 03:00:00,7,4,3
2019-04-19 04:00:00,8,5,3
2019-04-19 05:00:00,9,4,5
2019-04-19 06:00:00,77,45,32
2019-04-19 07:00:00,108,51,57
2019-04-19 08:00:00,90,34,56
2019-04-19 09:00:00,70,30,40
2019-04-19 10:00:00,83,42,41
2019-04-19 11:00:00,91,33,58
2019-04-19 12:00:00,104,63,41
2019-04-19 13:00:00,96,40,56
2019-04-19 14:00:00,54,22,32
2019-04-19 15:00:00,62,28,34
2019-04-19 16:00:00,57,28,29
2019-04-19 17:00:00,53,29,24
2019-04-19 18:00:00,32,18,14
2019-04-19 19:00:00,66,34,32
2019-04-19 20:00:00,43,18,25
2019-04-19 21:00:00,17,6,11
2019-04-19 22:00:00,5,2,3
2019-04-19 23:00:00,3,1,2
2019-04-20 00:00:00,2,1,1
2019-04-20 01:00:00,2,1,1
2019-04-20 02:00:00,3,2,1
2019-04-20 03:00:00,1,1,0
2019-04-20 04:00:00,3,2,1
2019-04-20 05:00:00,2,2,0
2019-04-20 06:00:00,46,27,19
2019-04-20 07:00:00,106,59,47
2019-04-20 08:00:00,167,86,81
2019-04-20 09:00:00,206,105,101
2019-04-20 10:00:00,235,118,117
2019-04-20 11:00:00,217,96,121
2019-04-20 12:00:00,154,75,79
2019-04-20 13:00:00,177,91,86
2019-04-20 14:00:00,273,123,150
2019-04-20 15:00:00,390,250,140
2019-04-20 16:00:00,648,471,177
2019-04-20 17:00:00,759,581,178
2019-04-20 18:00:00,624,441,183
2019-04-20 19:00:00,334,181,153
2019-04-20 20:00:00,168,61,107
2019-04-20 21:00:00,22,12,10
2019-04-20 22:00:00,8,3,5
2019-04-20 23:00:00,2,1,1
2019-04-21 00:00:00,6,5,1
2019-04-21 01:00:00,2,2,0
2019-04-21 02:00:00,1,0,1
2019-04-21 03:00:00,1,0,1
2019-04-21 04:00:00,1,1,0
2019-04-21 05:00:00,1,1,0
2019-04-21 06:00:00,29,19,10
2019-04-21 07:00:00,69,40,29
2019-04-21 08:00:00,114,61,53
2019-04-21 09:00:00,146,75,71
2019-04-21 10:00:00,181,97,84
2019-04-21 11:00:00,235,115,120
2019-04-21 12:00:00,201,88,113
2019-04-21 13:00:00,227,124,103
2019-04-21 14:00:00,402,271,131
2019-04-21 15:00:00,583,407,176
2019-04-21 16:00:00,709,516,193
2019-04-21 17:00:00,507,351,156
2019-04-21 18:00:00,309,174,135
2019-04-21 19:00:00,223,124,99
2019-04-21 20:00:00,116,51,65
2019-04-21 21:00:00,18,5,13
2019-04-21 22:00:00,2,1,1
2019-04-21 23:00:00,3,1,2
2019-04-22 00:00:00,4,3,1
2019-04-22 01:00:00,0,0,0
2019-04-22 02:00:00,2,0,2
2019-04-22 03:00:00,2,1,1
2019-04-22 04:00:00,1,0,1
2019-04-22 05:00:00,15,10,5
2019-04-22 06:00:00,157,121,36
2019-04-22 07:00:00,107,54,53
2019-04-22 08:00:00,65,30,35
2019-04-22 09:00:00,71,31,40
2019-04-22 10:00:00,99,50,49
2019-04-22 11:00:00,148,77,71
2019-04-22 12:00:00,212,107,105
2019-04-22 13:00:00,107,47,60
2019-04-22 14:00:00,50,23,27
2019-04-22 15:00:00,63,27,36
2019-04-22 16:00:00,61,31,30
2019-04-22 17:00:00,87,51,36
2019-04-22 18:00:00,93,52,41
2019-04-22 19:00:00,83,42,41
2019-04-22 20:00:00,48,22,26
2019-04-22 21:00:00,29,20,9
2019-04-22 22:00:00,7,4,3
2019-04-22 23:00:00,5,2,3
2019-04-23 00:00:00,1,1,0
2019-04-23 01:00:00,0,0,0
2019-04-23 02:00:00,0,0,0
2019-04-23 03:00:00,0,0,0
2019-04-23 04:00:00,3,1,2
2019-04-23 05:00:00,15,9,6
2019-04-23 06:00:00,106,56,50
2019-04-23 07:00:00,167,81,86
2019-04-23 08:00:00,108,46,62
2019-04-23 09:00:00,89,38,51
2019-04-23 10:00:00,81,40,41
2019-04-23 11:00:00,157,76,81
2019-04-23 12:00:00,271,139,132
2019-04-23 13:00:00,174,87,87
2019-04-23 14:00:00,225,161,64
2019-04-23 15:00:00,1046,951,95
2019-04-23 16:00:00,1544,1402,142
2019-04-23 17:00:00,1309,1161,148
2019-04-23 18:00:00,722,508,214
2019-04-23 19:00:00,330,209,121
2019-04-23 20:00:00,98,55,43
2019-04-23 21:00:00,24,10,14
2019-04-23 22:00:00,3,1,2
2019-04-23 23:00:00,5,3,2
2019-04-24 00:00:00,1,1,0
2019-04-24 01:00:00,0,0,0
2019-04-24 02:00:00,2,1,1
2019-04-24 03:00:00,2,1,1
2019-04-24 04:00:00,1,0,1
2019-04-24 05:00:00,16,9,7
2019-04-24 06:00:00,147,83,64
2019-04-24 07:00:00,162,80,82
2019-04-24 08:00:00,141,62,79
2019-04-24 09:00:00,85,34,51
2019-04-24 10:00:00,89,42,47
2019-04-24 11:00:00,126,68,58
2019-04-24 12:00:00,288,144,144
2019-04-24 13:00:00,191,94,97
2019-04-24 14:00:00,393,322,71
2019-04-24 15:00:00,773,681,92
2019-04-24 16:00:00,1068,913,155
2019-04-24 17:00:00,1209,982,227
2019-04-24 18:00:00,1031,814,217
2019-04-24 19:00:00,689,541,148
2019-04-24 20:00:00,123,53,70
2019-04-24 21:00:00,21,8,13
2019-04-24 22:00:00,18,8,10
2019-04-24 23:00:00,5,3,2
2019-04-25 00:00:00,8,5,3
2019-04-25 01:00:00,1,0,1
2019-04-25 02:00:00,0,0,0
2019-04-25 03:00:00,0,0,0
2019-04-25 04:00:00,4,2,2
2019-04-25 05:00:00,19,13,6
2019-04-25 06:00:00,151,80,71
2019-04-25 07:00:00,175,84,91
2019-04-25 08:00:00,126,50,76
2019-04-25 09:00:00,103,47,56
2019-04-25 10:00:00,95,41,54
2019-04-25 11:00:00,130,80,50
2019-04-25 12:00:00,230,115,115
2019-04-25 13:00:00,200,111,89
2019-04-25 14:00:00,337,275,62
2019-04-25 15:00:00,296,231,65
2019-04-25 16:00:00,289,221,68
2019-04-25 17:00:00,202,119,83
2019-04-25 18:00:00,235,114,121
2019-04-25 19:00:00,146,70,76
2019-04-25 20:00:00,74,25,49
2019-04-25 21:00:00,21,10,11
2019-04-25 22:00:00,8,5,3
2019-04-25 23:00:00,11,5,6
2019-04-26 00:00:00,2,1,1
2019-04-26 01:00:00,2,1,1
2019-04-26 02:00:00,0,0,0
2019-04-26 03:00:00,1,0,1
2019-04-26 04:00:00,3,2,1
2019-04-26 05:00:00,14,9,5
2019-04-26 06:00:00,112,69,43
2019-04-26 07:00:00,194,92,102
2019-04-26 08:00:00,128,50,78
2019-04-26 09:00:00,93,43,50
2019-04-26 10:00:00,101,50,51
2019-04-26 11:00:00,204,100,104
2019-04-26 12:00:00,252,119,133
2019-04-26 13:00:00,212,106,106
2019-04-26 14:00:00,293,185,108
2019-04-26 15:00:00,336,239,97
2019-04-26 16:00:00,531,426,105
2019-04-26 17:00:00,355,289,66
2019-04-26 18:00:00,447,355,92
2019-04-26 19:00:00,229,126,103
2019-04-26 20:00:00,69,31,38
2019-04-26 21:00:00,13,7,6
2019-04-26 22:00:00,6,2,4
2019-04-26 23:00:00,8,3,5
2019-04-27 00:00:00,3,2,1
2019-04-27 01:00:00,4,2,2
2019-04-27 02:00:00,1,0,1
2019-04-27 03:00:00,0,0,0
2019-04-27 04:00:00,4,2,2
2019-04-27 05:00:00,9,6,3
2019-04-27 06:00:00,52,28,24
2019-04-27 07:00:00,103,51,52
2019-04-27 08:00:00,135,67,68
2019-04-27 09:00:00,210,102,108
2019-04-27 10:00:00,535,284,251
2019-04-27 11:00:00,312,113,199
2019-04-27 12:00:00,242,113,129
2019-04-27 13:00:00,167,77,90
2019-04-27 14:00:00,207,106,101
2019-04-27 15:00:00,226,145,81
2019-04-27 16:00:00,103,64,39
2019-04-27 17:00:00,443,333,110
2019-04-27 18:00:00,598,500,98
2019-04-27 19:00:00,677,555,122
2019-04-27 20:00:00,93,32,61
2019-04-27 21:00:00,19,6,13
2019-04-27 22:00:00,6,3,3
2019-04-27 23:00:00,5,3,2
2019-04-28 00:00:00,3,2,1
2019-04-28 01:00:00,6,3,3
2019-04-28 02:00:00,6,2,4
2019-04-28 03:00:00,1,0,1
2019-04-28 04:00:00,0,0,0
2019-04-28 05:00:00,8,6,2
2019-04-28 06:00:00,34,20,14
2019-04-28 07:00:00,88,45,43
2019-04-28 08:00:00,115,67,48
2019-04-28 09:00:00,182,88,94
2019-04-28 10:00:00,245,113,132
2019-04-28 11:00:00,209,83,126
2019-04-28 12:00:00,240,104,136
2019-04-28 13:00:00,278,154,124
2019-04-28 14:00:00,661,499,162
2019-04-28 15:00:00,1258,1036,222
2019-04-28 16:00:00,1562,1273,289
2019-04-28 17:00:00,1530,1296,234
2019-04-28 18:00:00,1144,998,146
2019-04-28 19:00:00,532,431,101
2019-04-28 20:00:00,117,43,74
2019-04-28 21:00:00,22,6,16
2019-04-28 22:00:00,6,3,3
2019-04-28 23:00:00,5,3,2
2019-04-29 00:00:00,2,1,1
2019-04-29 01:00:00,2,1,1
2019-04-29 02:00:00,0,0,0
2019-04-29 03:00:00,1,0,1
2019-04-29 04:00:00,2,0,2
2019-04-29 05:00:00,25,15,10
2019-04-29 06:00:00,99,52,47
2019-04-29 07:00:00,119,62,57
2019-04-29 08:00:00,110,35,75
2019-04-29 09:00:00,106,54,52
2019-04-29 10:00:00,99,44,55
2019-04-29 11:00:00,167,87,80
2019-04-29 12:00:00,309,152,157
2019-04-29 13:00:00,331,236,95
2019-04-29 14:00:00,1064,951,113
2019-04-29 15:00:00,1522,1422,100
2019-04-29 16:00:00,1665,1472,193
2019-04-29 17:00:00,1035,856,179
2019-04-29 18:00:00,576,428,148
2019-04-29 19:00:00,402,256,146
2019-04-29 20:00:00,151,54,97
2019-04-29 21:00:00,25,9,16
2019-04-29 22:00:00,10,5,5
2019-04-29 23:00:00,1,1,0
2019-04-30 00:00:00,4,3,1
2019-04-30 01:00:00,2,1,1
2019-04-30 02:00:00,2,1,1
2019-04-30 03:00:00,3,2,1
2019-04-30 04:00:00,2,1,1
2019-04-30 05:00:00,28,17,11
2019-04-30 06:00:00,148,78,70
2019-04-30 07:00:00,219,105,114
2019-04-30 08:00:00,117,54,63
2019-04-30 09:00:00,96,48,48
2019-04-30 10:00:00,120,54,66
2019-04-30 11:00:00,171,98,73
2019-04-30 12:00:00,308,156,152
2019-04-30 13:00:00,260,142,118
2019-04-30 14:00:00,640,537,103
2019-04-30 15:00:00,1084,954,130
2019-04-30 16:00:00,1057,901,156
2019-04-30 17:00:00,992,831,161
2019-04-30 18:00:00,985,763,222
2019-04-30 19:00:00,548,369,179
2019-04-30 20:00:00,163,68,95
2019-04-30 21:00:00,42,17,25
2019-04-30 22:00:00,5,2,3
2019-04-30 23:00:00,8,7,1
2019-05-01 00:00:00,3,1,2
2019-05-01 01:00:00,0,0,0
2019-05-01 02:00:00,3,1,2
2019-05-01 03:00:00,4,2,2
2019-05-01 04:00:00,2,0,2
2019-05-01 05:00:00,35,24,11
2019-05-01 06:00:00,154,81,73
2019-05-01 07:00:00,163,79,84
2019-05-01 08:00:00,144,67,77
2019-05-01 09:00:00,98,46,52
2019-05-01 10:00:00,95,51,44
2019-05-01 11:00:00,162,92,70
2019-05-01 12:00:00,301,149,152
2019-05-01 13:00:00,225,119,106
2019-05-01 14:00:00,426,339,87
2019-05-01 15:00:00,954,855,99
2019-05-01 16:00:00,1391,1250,141
2019-05-01 17:00:00,1321,1150,171
2019-05-01 18:00:00,997,828,169
2019-05-01 19:00:00,352,213,139
2019-05-01 20:00:00,140,57,83
2019-05-01 21:00:00,32,17,15
2019-05-01 22:00:00,11,7,4
2019-05-01 23:00:00,6,3,3
2019-05-02 00:00:00,5,3,2
2019-05-02 01:00:00,1,1,0
2019-05-02 02:00:00,2,0,2
2019-05-02 03:00:00,0,0,0
2019-05-02 04:00:00,5,1,4
2019-05-02 05:00:00,33,23,10
2019-05-02 06:00:00,119,70,49
2019-05-02 07:00:00,162,70,92
2019-05-02 08:00:00,115,50,65
2019-05-02 09:00:00,62,25,37
2019-05-02 10:00:00,73,37,36
2019-05-02 11:00:00,128,70,58
2019-05-02 12:00:00,249,134,115
2019-05-02 13:00:00,199,96,103
2019-05-02 14:00:00,200,119,81
2019-05-02 15:00:00,137,84,53
2019-05-02 16:00:00,145,68,77
2019-05-02 17:00:00,176,97,79
2019-05-02 18:00:00,166,84,82
2019-05-02 19:00:00,146,77,69
2019-05-02 20:00:00,82,31,51
2019-05-02 21:00:00,22,12,10
2019-05-02 22:00:00,11,6,5
2019-05-02 23:00:00,4,2,2
2019-05-03 00:00:00,3,2,1
2019-05-03 01:00:00,3,0,3
2019-05-03 02:00:00,3,1,2
2019-05-03 03:00:00,1,1,0
2019-05-03 04:00:00,5,3,2
2019-05-03 05:00:00,12,5,7
2019-05-03 06:00:00,97,56,41
2019-05-03 07:00:00,136,63,73
2019-05-03 08:00:00,115,47,68
2019-05-03 09:00:00,76,28,48
2019-05-03 10:00:00,93,40,53
2019-05-03 11:00:00,138,68,70
2019-05-03 12:00:00,195,90,105
2019-05-03 13:00:00,117,60,57
2019-05-03 14:00:00,297,237,60
2019-05-03 15:00:00,808,719,89
2019-05-03 16:00:00,953,847,106
2019-05-03 17:00:00,682,560,122
2019-05-03 18:00:00,577,473,104
2019-05-03 19:00:00,517,405,112
2019-05-03 20:00:00,120,47,73
2019-05-03 21:00:00,20,12,8
2019-05-03 22:00:00,16,10,6
2019-05-03 23:00:00,3,1,2
2019-05-04 00:00:00,3,1,2
2019-05-04 01:00:00,3,1,2
2019-05-04 02:00:00,0,0,0
2019-05-04 03:00:00,0,0,0
2019-05-04 04:00:00,7,3,4
2019-05-04 05:00:00,6,4,2
2019-05-04 06:00:00,49,24,25
2019-05-04 07:00:00,124,73,51
2019-05-04 08:00:00,200,114,86
2019-05-04 09:00:00,180,84,96
2019-05-04 10:00:00,277,137,140
2019-05-04 11:00:00,294,130,164
2019-05-04 12:00:00,259,133,126
2019-05-04 13:00:00,308,172,136
2019-05-04 14:00:00,559,403,156
2019-05-04 15:00:00,728,566,162
2019-05-04 16:00:00,862,692,170
2019-05-04 17:00:00,854,700,154
2019-05-04 18:00:00,444,301,143
2019-05-04 19:00:00,155,84,71
2019-05-04 20:00:00,120,45,75
2019-05-04 21:00:00,45,22,23
2019-05-04 22:00:00,18,9,9
2019-05-04 23:00:00,13,7,6
2019-05-05 00:00:00,2,0,2
2019-05-05 01:00:00,2,1,1
2019-05-05 02:00:00,3,2,1
2019-05-05 03:00:00,0,0,0
2019-05-05 04:00:00,1,1,0
2019-05-05 05:00:00,9,6,3
2019-05-05 06:00:00,48,26,22
2019-05-05 07:00:00,110,60,50
2019-05-05 08:00:00,143,76,67
2019-05-05 09:00:00,212,95,117
2019-05-05 10:00:00,259,127,132
2019-05-05 11:00:00,288,131,157
2019-05-05 12:00:00,269,134,135
2019-05-05 13:00:00,346,199,147
2019-05-05 14:00:00,593,412,181
2019-05-05 15:00:00,958,770,188
2019-05-05 16:00:00,1444,1207,237
2019-05-05 17:00:00,1122,913,209
2019-05-05 18:00:00,964,809,155
2019-05-05 19:00:00,463,332,131
2019-05-05 20:00:00,121,44,77
2019-05-05 21:00:00,25,12,13
2019-05-05 22:00:00,42,15,27
2019-05-05 23:00:00,4,3,1
2019-05-06 00:00:00,1,1,0
2019-05-06 01:00:00,1,0,1
2019-05-06 02:00:00,1,1,0
2019-05-06 03:00:00,2,1,1
2019-05-06 04:00:00,0,0,0
2019-05-06 05:00:00,28,14,14
2019-05-06 06:00:00,141,73,68
2019-05-06 07:00:00,137,63,74
2019-05-06 08:00:00,117,46,71
2019-05-06 09:00:00,120,57,63
2019-05-06 10:00:00,132,67,65
2019-05-06 11:00:00,220,122,98
2019-05-06 12:00:00,368,191,177
2019-05-06 13:00:00,236,118,118
2019-05-06 14:00:00,439,349,90
2019-05-06 15:00:00,714,586,128
2019-05-06 16:00:00,1007,891,116
2019-05-06 17:00:00,1149,974,175
2019-05-06 18:00:00,624,438,186
2019-05-06 19:00:00,423,216,207
2019-05-06 20:00:00,247,92,155
2019-05-06 21:00:00,42,22,20
2019-05-06 22:00:00,15,7,8
2019-05-06 23:00:00,7,4,3
2019-05-07 00:00:00,4,1,3
2019-05-07 01:00:00,5,0,5
2019-05-07 02:00:00,1,0,1
2019-05-07 03:00:00,1,0,1
2019-05-07 04:00:00,2,1,1
2019-05-07 05:00:00,41,24,17
2019-05-07 06:00:00,229,113,116
2019-05-07 07:00:00,227,96,131
2019-05-07 08:00:00,124,43,81
2019-05-07 09:00:00,122,60,62
2019-05-07 10:00:00,126,66,60
2019-05-07 11:00:00,199,109,90
2019-05-07 12:00:00,362,181,181
2019-05-07 13:00:00,258,135,123
2019-05-07 14:00:00,429,357,72
2019-05-07 15:00:00,971,861,110
2019-05-07 16:00:00,1082,956,126
2019-05-07 17:00:00,1300,1086,214
2019-05-07 18:00:00,916,728,188
2019-05-07 19:00:00,530,342,188
2019-05-07 20:00:00,255,111,144
2019-05-07 21:00:00,49,21,28
2019-05-07 22:00:00,10,5,5
2019-05-07 23:00:00,3,1,2
2019-05-08 00:00:00,4,1,3
2019-05-08 01:00:00,2,2,0
2019-05-08 02:00:00,2,1,1
2019-05-08 03:00:00,1,0,1
2019-05-08 04:00:00,3,2,1
2019-05-08 05:00:00,42,25,17
2019-05-08 06:00:00,210,113,97
2019-05-08 07:00:00,197,83,114
2019-05-08 08:00:00,131,55,76
2019-05-08 09:00:00,100,41,59
2019-05-08 10:00:00,86,42,44
2019-05-08 11:00:00,201,108,93
2019-05-08 12:00:00,332,157,175
2019-05-08 13:00:00,221,112,109
2019-05-08 14:00:00,482,393,89
2019-05-08 15:00:00,826,704,122
2019-05-08 16:00:00,1382,1253,129
2019-05-08 17:00:00,1428,1216,212
2019-05-08 18:00:00,1032,839,193
2019-05-08 19:00:00,524,375,149
2019-05-08 20:00:00,201,81,120
2019-05-08 21:00:00,52,25,27
2019-05-08 22:00:00,16,6,10
2019-05-08 23:00:00,4,3,1
2019-05-09 00:00:00,2,1,1
2019-05-09 01:00:00,0,0,0
2019-05-09 02:00:00,2,1,1
2019-05-09 03:00:00,1,1,0
2019-05-09 04:00:00,2,1,1
2019-05-09 05:00:00,41,25,16
2019-05-09 06:00:00,200,112,88
2019-05-09 07:00:00,232,101,131
2019-05-09 08:00:00,175,78,97
2019-05-09 09:00:00,120,54,66
2019-05-09 10:00:00,148,74,74
2019-05-09 11:00:00,192,102,90
2019-05-09 12:00:00,345,171,174
2019-05-09 13:00:00,296,163,133
2019-05-09 14:00:00,535,440,95
2019-05-09 15:00:00,1004,899,105
2019-05-09 16:00:00,1372,1209,163
2019-05-09 17:00:00,1311,1149,162
2019-05-09 18:00:00,1054,855,199
2019-05-09 19:00:00,535,373,162
2019-05-09 20:00:00,209,96,113
2019-05-09 21:00:00,86,43,43
2019-05-09 22:00:00,12,3,9
2019-05-09 23:00:00,155,151,4
2019-05-10 00:00:00,151,145,6
2019-05-10 01:00:00,3,1,2
2019-05-10 02:00:00,1,0,1
2019-05-10 03:00:00,1,0,1
2019-05-10 04:00:00,2,2,0
2019-05-10 05:00:00,40,21,19
2019-05-10 06:00:00,117,68,49
2019-05-10 07:00:00,177,85,92
2019-05-10 08:00:00,181,80,101
2019-05-10 09:00:00,138,53,85
2019-05-10 10:00:00,151,74,77
2019-05-10 11:00:00,182,82,100
2019-05-10 12:00:00,264,142,122
2019-05-10 13:00:00,224,103,121
2019-05-10 14:00:00,441,351,90
2019-05-10 15:00:00,774,676,98
2019-05-10 16:00:00,1009,894,115
2019-05-10 17:00:00,901,775,126
2019-05-10 18:00:00,906,760,146
2019-05-10 19:00:00,443,303,140
2019-05-10 20:00:00,234,108,126
2019-05-10 21:00:00,90,44,46
2019-05-10 22:00:00,22,8,14
2019-05-10 23:00:00,13,8,5
2019-05-11 00:00:00,6,3,3
2019-05-11 01:00:00,10,4,6
2019-05-11 02:00:00,1,0,1
2019-05-11 03:00:00,1,0,1
2019-05-11 04:00:00,1,0,1
2019-05-11 05:00:00,16,10,6
2019-05-11 06:00:00,64,32,32
2019-05-11 07:00:00,121,64,57
2019-05-11 08:00:00,203,106,97
2019-05-11 09:00:00,265,112,153
2019-05-11 10:00:00,272,124,148
2019-05-11 11:00:00,289,161,128
2019-05-11 12:00:00,276,127,149
2019-05-11 13:00:00,277,136,141
2019-05-11 14:00:00,371,255,116
2019-05-11 15:00:00,547,408,139
2019-05-11 16:00:00,581,445,136
2019-05-11 17:00:00,635,485,150
2019-05-11 18:00:00,531,391,140
2019-05-11 19:00:00,378,232,146
2019-05-11 20:00:00,173,82,91
2019-05-11 21:00:00,40,19,21
2019-05-11 22:00:00,14,7,7
2019-05-11 23:00:00,6,2,4
2019-05-12 00:00:00,16,10,6
2019-05-12 01:00:00,1,1,0
2019-05-12 02:00:00,0,0,0
2019-05-12 03:00:00,2,1,1
2019-05-12 04:00:00,0,0,0
2019-05-12 05:00:00,8,5,3
2019-05-12 06:00:00,32,18,14
2019-05-12 07:00:00,84,40,44
2019-05-12 08:00:00,106,55,51
2019-05-12 09:00:00,144,73,71
2019-05-12 10:00:00,151,60,91
2019-05-12 11:00:00,151,83,68
2019-05-12 12:00:00,180,90,90
2019-05-12 13:00:00,184,88,96
2019-05-12 14:00:00,333,218,115
2019-05-12 15:00:00,394,243,151
2019-05-12 16:00:00,428,281,147
2019-05-12 17:00:00,300,177,123
2019-05-12 18:00:00,325,204,121
2019-05-12 19:00:00,227,120,107
2019-05-12 20:00:00,145,57,88
2019-05-12 21:00:00,39,12,27
2019-05-12 22:00:00,13,7,6
2019-05-12 23:00:00,2,2,0
2019-05-13 00:00:00,1,1,0
2019-05-13 01:00:00,1,0,1
2019-05-13 02:00:00,3,3,0
2019-05-13 03:00:00,2,1,1
2019-05-13 04:00:00,1,1,0
2019-05-13 05:00:00,27,16,11
2019-05-13 06:00:00,82,44,38
2019-05-13 07:00:00,115,52,63
2019-05-13 08:00:00,117,45,72
2019-05-13 09:00:00,103,52,51
2019-05-13 10:00:00,102,60,42
2019-05-13 11:00:00,99,53,46
2019-05-13 12:00:00,243,117,126
2019-05-13 13:00:00,166,83,83
2019-05-13 14:00:00,126,67,59
2019-05-13 15:00:00,253,181,72
2019-05-13 16:00:00,524,419,105
2019-05-13 17:00:00,512,386,126
2019-05-13 18:00:00,350,217,133
2019-05-13 19:00:00,300,148,152
2019-05-13 20:00:00,146,66,80
2019-05-13 21:00:00,55,22,33
2019-05-13 22:00:00,9,4,5
2019-05-13 23:00:00,4,3,1
2019-05-14 00:00:00,1,0,1
2019-05-14 01:00:00,8,4,4
2019-05-14 02:00:00,0,0,0
2019-05-14 03:00:00,0,0,0
2019-05-14 04:00:00,2,0,2
2019-05-14 05:00:00,51,39,12
2019-05-14 06:00:00,148,80,68
2019-05-14 07:00:00,136,59,77
2019-05-14 08:00:00,85,45,40
2019-05-14 09:00:00,44,21,23
2019-05-14 10:00:00,24,10,14
2019-05-14 11:00:00,87,46,41
2019-05-14 12:00:00,145,74,71
2019-05-14 13:00:00,121,57,64
2019-05-14 14:00:00,80,37,43
2019-05-14 15:00:00,70,39,31
2019-05-14 16:00:00,118,54,64
2019-05-14 17:00:00,179,106,73
2019-05-14 18:00:00,191,100,91
2019-05-14 19:00:00,146,75,71
2019-05-14 20:00:00,130,61,69
2019-05-14 21:00:00,26,14,12
2019-05-14 22:00:00,14,10,4
2019-05-14 23:00:00,5,1,4
2019-05-15 00:00:00,15,11,4
2019-05-15 01:00:00,2,0,2
2019-05-15 02:00:00,1,0,1
2019-05-15 03:00:00,2,1,1
2019-05-15 04:00:00,5,3,2
2019-05-15 05:00:00,33,22,11
2019-05-15 06:00:00,177,91,86
2019-05-15 07:00:00,220,112,108
2019-05-15 08:00:00,134,59,75
2019-05-15 09:00:00,98,44,54
2019-05-15 10:00:00,100,52,48
2019-05-15 11:00:00,189,103,86
2019-05-15 12:00:00,290,152,138
2019-05-15 13:00:00,186,99,87
2019-05-15 14:00:00,128,75,53
2019-05-15 15:00:00,127,55,72
2019-05-15 16:00:00,129,63,66
2019-05-15 17:00:00,118,66,52
2019-05-15 18:00:00,95,46,49
2019-05-15 19:00:00,72,32,40
2019-05-15 20:00:00,48,19,29
2019-05-15 21:00:00,26,13,13
2019-05-15 22:00:00,10,7,3
2019-05-15 23:00:00,2,1,1
2019-05-16 00:00:00,2,0,2
2019-05-16 01:00:00,0,0,0
2019-05-16 02:00:00,1,1,0
2019-05-16 03:00:00,0,0,0
2019-05-16 04:00:00,20,19,1
2019-05-16 05:00:00,64,51,13
2019-05-16 06:00:00,134,61,73
2019-05-16 07:00:00,166,93,73
2019-05-16 08:00:00,125,65,60
2019-05-16 09:00:00,84,33,51
2019-05-16 10:00:00,77,36,41
2019-05-16 11:00:00,94,48,46
2019-05-16 12:00:00,194,93,101
2019-05-16 13:00:00,120,51,69
2019-05-16 14:00:00,90,54,36
2019-05-16 15:00:00,69,36,33
2019-05-16 16:00:00,85,44,41
2019-05-16 17:00:00,139,104,35
2019-05-16 18:00:00,181,98,83
2019-05-16 19:00:00,164,84,80
2019-05-16 20:00:00,98,49,49
2019-05-16 21:00:00,30,15,15
2019-05-16 22:00:00,12,8,4
2019-05-16 23:00:00,4,2,2
2019-05-17 00:00:00,0,0,0
2019-05-17 01:00:00,2,2,0
2019-05-17 02:00:00,0,0,0
2019-05-17 03:00:00,3,3,0
2019-05-17 04:00:00,0,0,0
2019-05-17 05:00:00,59,53,6
2019-05-17 06:00:00,63,32,31
2019-05-17 07:00:00,99,50,49
2019-05-17 08:00:00,108,45,63
2019-05-17 09:00:00,87,36,51
2019-05-17 10:00:00,97,45,52
2019-05-17 11:00:00,119,60,59
2019-05-17 12:00:00,200,117,83
2019-05-17 13:00:00,187,98,89
2019-05-17 14:00:00,421,347,74
2019-05-17 15:00:00,961,888,73
2019-05-17 16:00:00,1166,1034,132
2019-05-17 17:00:00,747,626,121
2019-05-17 18:00:00,254,173,81
2019-05-17 19:00:00,172,87,85
2019-05-17 20:00:00,113,51,62
2019-05-17 21:00:00,39,11,28
2019-05-17 22:00:00,14,11,3
2019-05-17 23:00:00,10,7,3
2019-05-18 00:00:00,6,0,6
2019-05-18 01:00:00,5,3,2
2019-05-18 02:00:00,2,1,1
2019-05-18 03:00:00,2,1,1
2019-05-18 04:00:00,4,3,1
2019-05-18 05:00:00,12,5,7
2019-05-18 06:00:00,83,52,31
2019-05-18 07:00:00,154,86,68
2019-05-18 08:00:00,187,94,93
2019-05-18 09:00:00,240,133,107
2019-05-18 10:00:00,282,146,136
2019-05-18 11:00:00,242,113,129
2019-05-18 12:00:00,328,168,160
2019-05-18 13:00:00,306,160,146
2019-05-18 14:00:00,526,370,156
2019-05-18 15:00:00,577,391,186
2019-05-18 16:00:00,591,447,144
2019-05-18 17:00:00,287,165,122
2019-05-18 18:00:00,178,80,98
2019-05-18 19:00:00,150,66,84
2019-05-18 20:00:00,92,31,61
2019-05-18 21:00:00,56,22,34
2019-05-18 22:00:00,12,5,7
2019-05-18 23:00:00,3,2,1
2019-05-19 00:00:00,9,5,4
2019-05-19 01:00:00,0,0,0
2019-05-19 02:00:00,3,2,1
2019-05-19 03:00:00,2,1,1
2019-05-19 04:00:00,1,1,0
2019-05-19 05:00:00,13,8,5
2019-05-19 06:00:00,36,21,15
2019-05-19 07:00:00,80,43,37
2019-05-19 08:00:00,115,65,50
2019-05-19 09:00:00,197,98,99
2019-05-19 10:00:00,215,99,116
2019-05-19 11:00:00,226,112,114
2019-05-19 12:00:00,198,105,93
2019-05-19 13:00:00,502,173,329
2019-05-19 14:00:00,438,322,116
2019-05-19 15:00:00,808,617,191
2019-05-19 16:00:00,921,735,186
2019-05-19 17:00:00,715,555,160
2019-05-19 18:00:00,489,348,141
2019-05-19 19:00:00,218,125,93
2019-05-19 20:00:00,157,84,73
2019-05-19 21:00:00,62,27,35
2019-05-19 22:00:00,5,3,2
2019-05-19 23:00:00,6,5,1
2019-05-20 00:00:00,8,5,3
2019-05-20 01:00:00,1,1,0
2019-05-20 02:00:00,0,0,0
2019-05-20 03:00:00,3,2,1
2019-05-20 04:00:00,0,0,0
2019-05-20 05:00:00,22,14,8
2019-05-20 06:00:00,105,58,47
2019-05-20 07:00:00,127,60,67
2019-05-20 08:00:00,89,37,52
2019-05-20 09:00:00,62,25,37
2019-05-20 10:00:00,37,15,22
2019-05-20 11:00:00,79,41,38
2019-05-20 12:00:00,159,79,80
2019-05-20 13:00:00,112,60,52
2019-05-20 14:00:00,78,33,45
2019-05-20 15:00:00,61,27,34
2019-05-20 16:00:00,83,37,46
2019-05-20 17:00:00,113,67,46
2019-05-20 18:00:00,89,49,40
2019-05-20 19:00:00,51,20,31
2019-05-20 20:00:00,50,22,28
2019-05-20 21:00:00,49,38,11
2019-05-20 22:00:00,10,4,6
2019-05-20 23:00:00,6,6,0
2019-05-21 00:00:00,6,6,0
2019-05-21 01:00:00,0,0,0
2019-05-21 02:00:00,0,0,0
2019-05-21 03:00:00,0,0,0
2019-05-21 04:00:00,54,53,1
2019-05-21 05:00:00,48,36,12
2019-05-21 06:00:00,161,93,68
2019-05-21 07:00:00,178,104,74
2019-05-21 08:00:00,109,41,68
2019-05-21 09:00:00,72,36,36
2019-05-21 10:00:00,112,60,52
2019-05-21 11:00:00,149,83,66
2019-05-21 12:00:00,263,128,135
2019-05-21 13:00:00,204,95,109
2019-05-21 14:00:00,105,48,57
2019-05-21 15:00:00,188,122,66
2019-05-21 16:00:00,205,113,92
2019-05-21 17:00:00,213,130,83
2019-05-21 18:00:00,218,111,107
2019-05-21 19:00:00,223,109,114
2019-05-21 20:00:00,191,87,104
2019-05-21 21:00:00,97,48,49
2019-05-21 22:00:00,18,10,8
2019-05-21 23:00:00,8,8,0
2019-05-22 00:00:00,8,7,1
2019-05-22 01:00:00,56,55,1
2019-05-22 02:00:00,5,4,1
2019-05-22 03:00:00,9,9,0
2019-05-22 04:00:00,3,1,2
2019-05-22 05:00:00,58,42,16
2019-05-22 06:00:00,354,262,92
2019-05-22 07:00:00,408,281,127
2019-05-22 08:00:00,132,58,74
2019-05-22 09:00:00,110,55,55
2019-05-22 10:00:00,174,112,62
2019-05-22 11:00:00,198,107,91
2019-05-22 12:00:00,327,173,154
2019-05-22 13:00:00,259,140,119
2019-05-22 14:00:00,611,506,105
2019-05-22 15:00:00,1177,1051,126
2019-05-22 16:00:00,989,838,151
2019-05-22 17:00:00,1074,898,176
2019-05-22 18:00:00,663,472,191
2019-05-22 19:00:00,345,206,139
2019-05-22 20:00:00,232,101,131
2019-05-22 21:00:00,102,34,68
2019-05-22 22:00:00,11,6,5
2019-05-22 23:00:00,29,26,3
2019-05-23 00:00:00,3,2,1
2019-05-23 01:00:00,0,0,0
2019-05-23 02:00:00,1,0,1
2019-05-23 03:00:00,2,2,0
2019-05-23 04:00:00,3,1,2
2019-05-23 05:00:00,48,30,18
2019-05-23 06:00:00,188,105,83
2019-05-23 07:00:00,205,112,93
2019-05-23 08:00:00,137,61,76
2019-05-23 09:00:00,88,45,43
2019-05-23 10:00:00,95,47,48
2019-05-23 11:00:00,178,108,70
2019-05-23 12:00:00,355,188,167
2019-05-23 13:00:00,232,121,111
2019-05-23 14:00:00,371,271,100
2019-05-23 15:00:00,767,667,100
2019-05-23 16:00:00,1068,897,171
2019-05-23 17:00:00,1143,928,215
2019-05-23 18:00:00,812,663,149
2019-05-23 19:00:00,420,262,158
2019-05-23 20:00:00,256,127,129
2019-05-23 21:00:00,101,31,70
2019-05-23 22:00:00,11,2,9
2019-05-23 23:00:00,7,2,5
2019-05-24 00:00:00,3,1,2
2019-05-24 01:00:00,1,0,1
2019-05-24 02:00:00,1,0,1
2019-05-24 03:00:00,0,0,0
2019-05-24 04:00:00,4,2,2
2019-05-24 05:00:00,15,12,3
2019-05-24 06:00:00,101,54,47
2019-05-24 07:00:00,140,67,73
2019-05-24 08:00:00,70,25,45
2019-05-24 09:00:00,84,39,45
2019-05-24 10:00:00,93,40,53
2019-05-24 11:00:00,116,71,45
2019-05-24 12:00:00,190,90,100
2019-05-24 13:00:00,107,56,51
2019-05-24 14:00:00,71,28,43
2019-05-24 15:00:00,158,82,76
2019-05-24 16:00:00,130,76,54
2019-05-24 17:00:00,111,56,55
2019-05-24 18:00:00,107,56,51
2019-05-24 19:00:00,101,43,58
2019-05-24 20:00:00,66,28,38
2019-05-24 21:00:00,36,14,22
2019-05-24 22:00:00,12,8,4
2019-05-24 23:00:00,8,5,3
2019-05-25 00:00:00,3,1,2
2019-05-25 01:00:00,2,1,1
2019-05-25 02:00:00,2,1,1
2019-05-25 03:00:00,0,0,0
2019-05-25 04:00:00,5,2,3
2019-05-25 05:00:00,8,5,3
2019-05-25 06:00:00,51,32,19
2019-05-25 07:00:00,96,53,43
2019-05-25 08:00:00,162,78,84
2019-05-25 09:00:00,175,94,81
2019-05-25 10:00:00,148,70,78
2019-05-25 11:00:00,123,66,57
2019-05-25 12:00:00,111,47,64
2019-05-25 13:00:00,41,22,19
2019-05-25 14:00:00,33,15,18
2019-05-25 15:00:00,37,21,16
2019-05-25 16:00:00,36,19,17
2019-05-25 17:00:00,32,21,11
2019-05-25 18:00:00,121,81,40
2019-05-25 19:00:00,166,84,82
2019-05-25 20:00:00,192,77,115
2019-05-25 21:00:00,92,55,37
2019-05-25 22:00:00,68,63,5
2019-05-25 23:00:00,16,10,6
2019-05-26 00:00:00,6,3,3
2019-05-26 01:00:00,2,1,1
2019-05-26 02:00:00,5,4,1
2019-05-26 03:00:00,17,15,2
2019-05-26 04:00:00,12,11,1
2019-05-26 05:00:00,31,28,3
2019-05-26 06:00:00,56,40,16
2019-05-26 07:00:00,98,52,46
2019-05-26 08:00:00,104,61,43
2019-05-26 09:00:00,204,105,99
2019-05-26 10:00:00,185,90,95
2019-05-26 11:00:00,165,84,81
2019-05-26 12:00:00,190,98,92
2019-05-26 13:00:00,290,156,134
2019-05-26 14:00:00,277,130,147
2019-05-26 15:00:00,567,417,150
2019-05-26 16:00:00,936,737,199
2019-05-26 17:00:00,1112,941,171
2019-05-26 18:00:00,699,570,129
2019-05-26 19:00:00,339,211,128
2019-05-26 20:00:00,205,95,110
2019-05-26 21:00:00,88,25,63
2019-05-26 22:00:00,14,6,8
2019-05-26 23:00:00,13,6,7
2019-05-27 00:00:00,16,11,5
2019-05-27 01:00:00,10,6,4
2019-05-27 02:00:00,1,1,0
2019-05-27 03:00:00,17,14,3
2019-05-27 04:00:00,2,0,2
2019-05-27 05:00:00,14,8,6
2019-05-27 06:00:00,62,43,19
2019-05-27 07:00:00,97,49,48
2019-05-27 08:00:00,220,149,71
2019-05-27 09:00:00,298,157,141
2019-05-27 10:00:00,321,172,149
2019-05-27 11:00:00,355,174,181
2019-05-27 12:00:00,383,179,204
2019-05-27 13:00:00,614,413,201
2019-05-27 14:00:00,783,547,236
2019-05-27 15:00:00,988,793,195
2019-05-27 16:00:00,953,701,252
2019-05-27 17:00:00,1326,1121,205
2019-05-27 18:00:00,738,598,140
2019-05-27 19:00:00,563,419,144
2019-05-27 20:00:00,264,126,138
2019-05-27 21:00:00,80,24,56
2019-05-27 22:00:00,9,1,8
2019-05-27 23:00:00,7,5,2
2019-05-28 00:00:00,8,2,6
2019-05-28 01:00:00,1,0,1
2019-05-28 02:00:00,0,0,0
2019-05-28 03:00:00,3,3,0
2019-05-28 04:00:00,8,5,3
2019-05-28 05:00:00,28,15,13
2019-05-28 06:00:00,97,52,45
2019-05-28 07:00:00,123,63,60
2019-05-28 08:00:00,117,42,75
2019-05-28 09:00:00,88,33,55
2019-05-28 10:00:00,77,44,33
2019-05-28 11:00:00,121,50,71
2019-05-28 12:00:00,215,104,111
2019-05-28 13:00:00,173,75,98
2019-05-28 14:00:00,113,53,60
2019-05-28 15:00:00,168,111,57
2019-05-28 16:00:00,740,655,85
2019-05-28 17:00:00,920,801,119
2019-05-28 18:00:00,517,389,128
2019-05-28 19:00:00,341,189,152
2019-05-28 20:00:00,183,76,107
2019-05-28 21:00:00,111,44,67
2019-05-28 22:00:00,10,5,5
2019-05-28 23:00:00,6,4,2
2019-05-29 00:00:00,3,1,2
2019-05-29 01:00:00,7,3,4
2019-05-29 02:00:00,4,4,0
2019-05-29 03:00:00,1,1,0
2019-05-29 04:00:00,6,4,2
2019-05-29 05:00:00,39,24,15
2019-05-29 06:00:00,179,99,80
2019-05-29 07:00:00,174,89,85
2019-05-29 08:00:00,134,54,80
2019-05-29 09:00:00,95,38,57
2019-05-29 10:00:00,93,51,42
2019-05-29 11:00:00,145,74,71
2019-05-29 12:00:00,302,159,143
2019-05-29 13:00:00,217,117,100
2019-05-29 14:00:00,436,336,100
2019-05-29 15:00:00,580,499,81
2019-05-29 16:00:00,793,703,90
2019-05-29 17:00:00,760,636,124
2019-05-29 18:00:00,402,269,133
2019-05-29 19:00:00,292,146,146
2019-05-29 20:00:00,186,85,101
2019-05-29 21:00:00,78,31,47
2019-05-29 22:00:00,21,9,12
2019-05-29 23:00:00,40,34,6
2019-05-30 00:00:00,5,2,3
2019-05-30 01:00:00,0,0,0
2019-05-30 02:00:00,8,8,0
2019-05-30 03:00:00,32,32,0
2019-05-30 04:00:00,8,6,2
2019-05-30 05:00:00,33,21,12
2019-05-30 06:00:00,234,164,70
2019-05-30 07:00:00,181,85,96
2019-05-30 08:00:00,133,59,74
2019-05-30 09:00:00,95,43,52
2019-05-30 10:00:00,91,48,43
2019-05-30 11:00:00,157,85,72
2019-05-30 12:00:00,300,158,142
2019-05-30 13:00:00,280,164,116
2019-05-30 14:00:00,449,364,85
2019-05-30 15:00:00,667,572,95
2019-05-30 16:00:00,952,801,151
2019-05-30 17:00:00,851,700,151
2019-05-30 18:00:00,630,473,157
2019-05-30 19:00:00,415,285,130
2019-05-30 20:00:00,233,98,135
2019-05-30 21:00:00,99,45,54
2019-05-30 22:00:00,26,12,14
2019-05-30 23:00:00,18,7,11
2019-05-31 00:00:00,7,4,3
2019-05-31 01:00:00,5,3,2
2019-05-31 02:00:00,5,4,1
2019-05-31 03:00:00,1,0,1
2019-05-31 04:00:00,7,3,4
2019-05-31 05:00:00,44,34,10
2019-05-31 06:00:00,146,77,69
2019-05-31 07:00:00,178,87,91
2019-05-31 08:00:00,126,52,74
2019-05-31 09:00:00,107,47,60
2019-05-31 10:00:00,142,81,61
2019-05-31 11:00:00,123,59,64
2019-05-31 12:00:00,220,116,104
2019-05-31 13:00:00,233,135,98
2019-05-31 14:00:00,388,287,101
2019-05-31 15:00:00,680,546,134
2019-05-31 16:00:00,881,743,138
2019-05-31 17:00:00,936,810,126
2019-05-31 18:00:00,687,547,140
2019-05-31 19:00:00,409,291,118
2019-05-31 20:00:00,225,108,117
2019-05-31 21:00:00,102,36,66
2019-05-31 22:00:00,29,15,14
2019-05-31 23:00:00,13,9,4
2019-06-01 00:00:00,5,3,2
2019-06-01 01:00:00,7,1,6
2019-06-01 02:00:00,6,3,3
2019-06-01 03:00:00,1,1,0
2019-06-01 04:00:00,6,4,2
2019-06-01 05:00:00,19,9,10
2019-06-01 06:00:00,75,55,20
2019-06-01 07:00:00,119,74,45
2019-06-01 08:00:00,146,68,78
2019-06-01 09:00:00,194,93,101
2019-06-01 10:00:00,224,109,115
2019-06-01 11:00:00,225,100,125
2019-06-01 12:00:00,222,119,103
2019-06-01 13:00:00,218,112,106
2019-06-01 14:00:00,439,321,118
2019-06-01 15:00:00,724,535,189
2019-06-01 16:00:00,911,753,158
2019-06-01 17:00:00,925,760,165
2019-06-01 18:00:00,1040,903,137
2019-06-01 19:00:00,473,354,119
2019-06-01 20:00:00,278,145,133
2019-06-01 21:00:00,130,47,83
2019-06-01 22:00:00,32,8,24
2019-06-01 23:00:00,33,29,4
2019-06-02 00:00:00,8,4,4
2019-06-02 01:00:00,3,2,1
2019-06-02 02:00:00,4,2,2
2019-06-02 03:00:00,0,0,0
2019-06-02 04:00:00,0,0,0
2019-06-02 05:00:00,11,10,1
2019-06-02 06:00:00,47,25,22
2019-06-02 07:00:00,143,73,70
2019-06-02 08:00:00,207,97,110
2019-06-02 09:00:00,296,146,150
2019-06-02 10:00:00,344,163,181
2019-06-02 11:00:00,351,155,196
2019-06-02 12:00:00,382,172,210
2019-06-02 13:00:00,387,205,182
2019-06-02 14:00:00,464,291,173
2019-06-02 15:00:00,651,462,189
2019-06-02 16:00:00,530,345,185
2019-06-02 17:00:00,389,244,145
2019-06-02 18:00:00,429,280,149
2019-06-02 19:00:00,264,144,120
2019-06-02 20:00:00,222,100,122
2019-06-02 21:00:00,84,31,53
2019-06-02 22:00:00,27,15,12
2019-06-02 23:00:00,7,5,2
2019-06-03 00:00:00,5,3,2
2019-06-03 01:00:00,2,1,1
2019-06-03 02:00:00,2,1,1
2019-06-03 03:00:00,2,2,0
2019-06-03 04:00:00,3,1,2
2019-06-03 05:00:00,46,27,19
2019-06-03 06:00:00,137,70,67
2019-06-03 07:00:00,163,80,83
2019-06-03 08:00:00,129,43,86
2019-06-03 09:00:00,73,31,42
2019-06-03 10:00:00,92,36,56
2019-06-03 11:00:00,144,77,67
2019-06-03 12:00:00,252,137,115
2019-06-03 13:00:00,204,108,96
2019-06-03 14:00:00,451,374,77
2019-06-03 15:00:00,729,659,70
2019-06-03 16:00:00,934,822,112
2019-06-03 17:00:00,1063,917,146
2019-06-03 18:00:00,941,765,176
2019-06-03 19:00:00,561,373,188
2019-06-03 20:00:00,200,97,103
2019-06-03 21:00:00,50,21,29
2019-06-03 22:00:00,15,6,9
2019-06-03 23:00:00,7,3,4
2019-06-04 00:00:00,0,0,0
2019-06-04 01:00:00,1,1,0
2019-06-04 02:00:00,1,0,1
2019-06-04 03:00:00,3,2,1
2019-06-04 04:00:00,2,1,1
2019-06-04 05:00:00,55,40,15
2019-06-04 06:00:00,224,123,101
2019-06-04 07:00:00,185,81,104
2019-06-04 08:00:00,120,39,81
2019-06-04 09:00:00,101,50,51
2019-06-04 10:00:00,115,59,56
2019-06-04 11:00:00,211,109,102
2019-06-04 12:00:00,307,159,148
2019-06-04 13:00:00,235,121,114
2019-06-04 14:00:00,307,229,78
2019-06-04 15:00:00,588,494,94
2019-06-04 16:00:00,677,563,114
2019-06-04 17:00:00,885,741,144
2019-06-04 18:00:00,825,633,192
2019-06-04 19:00:00,462,315,147
2019-06-04 20:00:00,332,181,151
2019-06-04 21:00:00,104,34,70
2019-06-04 22:00:00,18,8,10
2019-06-04 23:00:00,12,8,4
2019-06-05 00:00:00,2,0,2
2019-06-05 01:00:00,3,2,1
2019-06-05 02:00:00,0,0,0
2019-06-05 03:00:00,4,3,1
2019-06-05 04:00:00,5,4,1
2019-06-05 05:00:00,56,33,23
2019-06-05 06:00:00,205,115,90
2019-06-05 07:00:00,245,116,129
2019-06-05 08:00:00,146,61,85
2019-06-05 09:00:00,101,45,56
2019-06-05 10:00:00,93,41,52
2019-06-05 11:00:00,127,64,63
2019-06-05 12:00:00,264,132,132
2019-06-05 13:00:00,152,81,71
2019-06-05 14:00:00,118,46,72
2019-06-05 15:00:00,306,236,70
2019-06-05 16:00:00,364,276,88
2019-06-05 17:00:00,805,693,112
2019-06-05 18:00:00,792,663,129
2019-06-05 19:00:00,512,392,120
2019-06-05 20:00:00,171,79,92
2019-06-05 21:00:00,68,30,38
2019-06-05 22:00:00,18,12,6
2019-06-05 23:00:00,7,3,4
2019-06-06 00:00:00,7,5,2
2019-06-06 01:00:00,4,3,1
2019-06-06 02:00:00,1,1,0
2019-06-06 03:00:00,6,4,2
2019-06-06 04:00:00,6,3,3
2019-06-06 05:00:00,40,25,15
2019-06-06 06:00:00,155,79,76
2019-06-06 07:00:00,191,93,98
2019-06-06 08:00:00,123,53,70
2019-06-06 09:00:00,105,48,57
2019-06-06 10:00:00,105,49,56
2019-06-06 11:00:00,191,98,93
2019-06-06 12:00:00,299,156,143
2019-06-06 13:00:00,269,152,117
2019-06-06 14:00:00,203,133,70
2019-06-06 15:00:00,60,37,23
2019-06-06 16:00:00,249,187,62
2019-06-06 17:00:00,506,410,96
2019-06-06 18:00:00,469,370,99
2019-06-06 19:00:00,416,330,86
2019-06-06 20:00:00,139,62,77
2019-06-06 21:00:00,57,19,38
2019-06-06 22:00:00,19,9,10
2019-06-06 23:00:00,8,4,4
2019-06-07 00:00:00,5,4,1
2019-06-07 01:00:00,1,1,0
2019-06-07 02:00:00,3,3,0
2019-06-07 03:00:00,1,0,1
2019-06-07 04:00:00,2,1,1
2019-06-07 05:00:00,33,22,11
2019-06-07 06:00:00,143,77,66
2019-06-07 07:00:00,173,93,80
2019-06-07 08:00:00,157,63,94
2019-06-07 09:00:00,119,43,76
2019-06-07 10:00:00,127,62,65
2019-06-07 11:00:00,185,102,83
2019-06-07 12:00:00,209,93,116
2019-06-07 13:00:00,63,28,35
2019-06-07 14:00:00,81,57,24
2019-06-07 15:00:00,536,497,39
2019-06-07 16:00:00,296,230,66
2019-06-07 17:00:00,108,47,61
2019-06-07 18:00:00,72,42,30
2019-06-07 19:00:00,50,28,22
2019-06-07 20:00:00,111,52,59
2019-06-07 21:00:00,79,34,45
2019-06-07 22:00:00,12,7,5
2019-06-07 23:00:00,10,10,0
2019-06-08 00:00:00,7,7,0
2019-06-08 01:00:00,8,6,2
2019-06-08 02:00:00,4,2,2
2019-06-08 03:00:00,1,1,0
2019-06-08 04:00:00,6,4,2
2019-06-08 05:00:00,23,14,9
2019-06-08 06:00:00,53,28,25
2019-06-08 07:00:00,127,80,47
2019-06-08 08:00:00,150,67,83
2019-06-08 09:00:00,217,111,106
2019-06-08 10:00:00,223,115,108
2019-06-08 11:00:00,256,120,136
2019-06-08 12:00:00,287,143,144
2019-06-08 13:00:00,313,182,131
2019-06-08 14:00:00,474,315,159
2019-06-08 15:00:00,737,566,171
2019-06-08 16:00:00,842,682,160
2019-06-08 17:00:00,750,577,173
2019-06-08 18:00:00,755,618,137
2019-06-08 19:00:00,1140,993,147
2019-06-08 20:00:00,223,147,76
2019-06-08 21:00:00,95,40,55
2019-06-08 22:00:00,15,7,8
2019-06-08 23:00:00,8,5,3
2019-06-09 00:00:00,6,2,4
2019-06-09 01:00:00,3,0,3
2019-06-09 02:00:00,2,2,0
2019-06-09 03:00:00,3,2,1
2019-06-09 04:00:00,3,2,1
2019-06-09 05:00:00,13,7,6
2019-06-09 06:00:00,37,21,16
2019-06-09 07:00:00,90,51,39
2019-06-09 08:00:00,183,95,88
2019-06-09 09:00:00,218,101,117
2019-06-09 10:00:00,248,126,122
2019-06-09 11:00:00,278,138,140
2019-06-09 12:00:00,258,122,136
2019-06-09 13:00:00,220,107,113
2019-06-09 14:00:00,446,324,122
2019-06-09 15:00:00,719,587,132
2019-06-09 16:00:00,1153,998,155
2019-06-09 17:00:00,952,792,160
2019-06-09 18:00:00,429,310,119
2019-06-09 19:00:00,225,138,87
2019-06-09 20:00:00,145,67,78
2019-06-09 21:00:00,84,40,44
2019-06-09 22:00:00,23,10,13
2019-06-09 23:00:00,4,2,2
2019-06-10 00:00:00,8,4,4
2019-06-10 01:00:00,2,1,1
2019-06-10 02:00:00,1,1,0
2019-06-10 03:00:00,5,3,2
2019-06-10 04:00:00,2,1,1
2019-06-10 05:00:00,30,20,10
2019-06-10 06:00:00,125,69,56
2019-06-10 07:00:00,150,67,83
2019-06-10 08:00:00,135,55,80
2019-06-10 09:00:00,137,65,72
2019-06-10 10:00:00,135,66,69
2019-06-10 11:00:00,192,99,93
2019-06-10 12:00:00,338,165,173
2019-06-10 13:00:00,277,161,116
2019-06-10 14:00:00,684,590,94
2019-06-10 15:00:00,1331,1210,121
2019-06-10 16:00:00,1421,1277,144
2019-06-10 17:00:00,1264,1073,191
2019-06-10 18:00:00,1248,1046,202
2019-06-10 19:00:00,912,737,175
2019-06-10 20:00:00,275,134,141
2019-06-10 21:00:00,131,49,82
2019-06-10 22:00:00,22,11,11
2019-06-10 23:00:00,7,5,2
2019-06-11 00:00:00,4,2,2
2019-06-11 01:00:00,0,0,0
2019-06-11 02:00:00,2,0,2
2019-06-11 03:00:00,1,1,0
2019-06-11 04:00:00,3,1,2
2019-06-11 05:00:00,71,48,23
2019-06-11 06:00:00,192,101,91
2019-06-11 07:00:00,220,105,115
2019-06-11 08:00:00,168,71,97
2019-06-11 09:00:00,138,52,86
2019-06-11 10:00:00,168,85,83
2019-06-11 11:00:00,211,116,95
2019-06-11 12:00:00,343,175,168
2019-06-11 13:00:00,278,161,117
2019-06-11 14:00:00,646,575,71
2019-06-11 15:00:00,913,787,126
2019-06-11 16:00:00,1353,1203,150
2019-06-11 17:00:00,1526,1345,181
2019-06-11 18:00:00,1126,958,168
2019-06-11 19:00:00,736,559,177
2019-06-11 20:00:00,333,169,164
2019-06-11 21:00:00,174,61,113
2019-06-11 22:00:00,27,10,17
2019-06-11 23:00:00,11,7,4
2019-06-12 00:00:00,11,7,4
2019-06-12 01:00:00,0,0,0
2019-06-12 02:00:00,1,1,0
2019-06-12 03:00:00,1,1,0
2019-06-12 04:00:00,4,2,2
2019-06-12 05:00:00,70,46,24
2019-06-12 06:00:00,234,127,107
2019-06-12 07:00:00,259,124,135
2019-06-12 08:00:00,134,60,74
2019-06-12 09:00:00,136,59,77
2019-06-12 10:00:00,161,78,83
2019-06-12 11:00:00,214,85,129
2019-06-12 12:00:00,257,110,147
2019-06-12 13:00:00,229,131,98
2019-06-12 14:00:00,304,226,78
2019-06-12 15:00:00,398,331,67
2019-06-12 16:00:00,556,477,79
2019-06-12 17:00:00,443,352,91
2019-06-12 18:00:00,306,188,118
2019-06-12 19:00:00,267,163,104
2019-06-12 20:00:00,300,149,151
2019-06-12 21:00:00,206,76,130
2019-06-12 22:00:00,48,21,27
2019-06-12 23:00:00,18,15,3
2019-06-13 00:00:00,4,2,2
2019-06-13 01:00:00,8,4,4
2019-06-13 02:00:00,1,1,0
2019-06-13 03:00:00,1,0,1
2019-06-13 04:00:00,6,4,2
2019-06-13 05:00:00,72,52,20
2019-06-13 06:00:00,232,113,119
2019-06-13 07:00:00,232,104,128
2019-06-13 08:00:00,166,75,91
2019-06-13 09:00:00,159,74,85
2019-06-13 10:00:00,137,71,66
2019-06-13 11:00:00,207,108,99
2019-06-13 12:00:00,300,138,162
2019-06-13 13:00:00,232,135,97
2019-06-13 14:00:00,255,176,79
2019-06-13 15:00:00,616,533,83
2019-06-13 16:00:00,273,193,80
2019-06-13 17:00:00,616,497,119
2019-06-13 18:00:00,600,456,144
2019-06-13 19:00:00,432,273,159
2019-06-13 20:00:00,337,211,126
2019-06-13 21:00:00,121,58,63
2019-06-13 22:00:00,34,19,15
2019-06-13 23:00:00,5,3,2
2019-06-14 00:00:00,3,1,2
2019-06-14 01:00:00,2,1,1
2019-06-14 02:00:00,3,2,1
2019-06-14 03:00:00,1,0,1
2019-06-14 04:00:00,6,3,3
2019-06-14 05:00:00,39,25,14
2019-06-14 06:00:00,159,90,69
2019-06-14 07:00:00,180,80,100
2019-06-14 08:00:00,129,50,79
2019-06-14 09:00:00,109,48,61
2019-06-14 10:00:00,123,62,61
2019-06-14 11:00:00,148,83,65
2019-06-14 12:00:00,237,103,134
2019-06-14 13:00:00,188,110,78
2019-06-14 14:00:00,380,298,82
2019-06-14 15:00:00,852,747,105
2019-06-14 16:00:00,1182,1058,124
2019-06-14 17:00:00,1153,1038,115
2019-06-14 18:00:00,1068,951,117
2019-06-14 19:00:00,608,501,107
2019-06-14 20:00:00,222,126,96
2019-06-14 21:00:00,111,44,67
2019-06-14 22:00:00,47,21,26
2019-06-14 23:00:00,9,5,4
2019-06-15 00:00:00,11,5,6
2019-06-15 01:00:00,5,1,4
2019-06-15 02:00:00,2,0,2
2019-06-15 03:00:00,3,2,1
2019-06-15 04:00:00,13,10,3
2019-06-15 05:00:00,21,19,2
2019-06-15 06:00:00,73,46,27
2019-06-15 07:00:00,115,62,53
2019-06-15 08:00:00,201,95,106
2019-06-15 09:00:00,214,122,92
2019-06-15 10:00:00,265,152,113
2019-06-15 11:00:00,276,162,114
2019-06-15 12:00:00,226,122,104
2019-06-15 13:00:00,302,168,134
2019-06-15 14:00:00,481,338,143
2019-06-15 15:00:00,780,637,143
2019-06-15 16:00:00,775,600,175
2019-06-15 17:00:00,785,640,145
2019-06-15 18:00:00,785,626,159
2019-06-15 19:00:00,458,333,125
2019-06-15 20:00:00,284,146,138
2019-06-15 21:00:00,124,48,76
2019-06-15 22:00:00,26,13,13
2019-06-15 23:00:00,10,8,2
2019-06-16 00:00:00,9,6,3
2019-06-16 01:00:00,6,2,4
2019-06-16 02:00:00,1,1,0
2019-06-16 03:00:00,4,3,1
2019-06-16 04:00:00,9,8,1
2019-06-16 05:00:00,20,17,3
2019-06-16 06:00:00,65,43,22
2019-06-16 07:00:00,114,55,59
2019-06-16 08:00:00,188,107,81
2019-06-16 09:00:00,235,123,112
2019-06-16 10:00:00,259,157,102
2019-06-16 11:00:00,317,177,140
2019-06-16 12:00:00,319,169,150
2019-06-16 13:00:00,375,196,179
2019-06-16 14:00:00,568,386,182
2019-06-16 15:00:00,708,487,221
2019-06-16 16:00:00,569,407,162
2019-06-16 17:00:00,753,565,188
2019-06-16 18:00:00,528,346,182
2019-06-16 19:00:00,492,302,190
2019-06-16 20:00:00,321,173,148
2019-06-16 21:00:00,211,94,117
2019-06-16 22:00:00,72,21,51
2019-06-16 23:00:00,19,8,11
2019-06-17 00:00:00,1,1,0
2019-06-17 01:00:00,2,1,1
2019-06-17 02:00:00,4,2,2
2019-06-17 03:00:00,2,2,0
2019-06-17 04:00:00,1,1,0
2019-06-17 05:00:00,30,20,10
2019-06-17 06:00:00,163,99,64
2019-06-17 07:00:00,168,100,68
2019-06-17 08:00:00,216,152,64
2019-06-17 09:00:00,97,46,51
2019-06-17 10:00:00,91,42,49
2019-06-17 11:00:00,160,81,79
2019-06-17 12:00:00,267,152,115
2019-06-17 13:00:00,271,160,111
2019-06-17 14:00:00,430,329,101
2019-06-17 15:00:00,531,440,91
2019-06-17 16:00:00,884,784,100
2019-06-17 17:00:00,720,589,131
2019-06-17 18:00:00,569,404,165
2019-06-17 19:00:00,481,329,152
2019-06-17 20:00:00,256,122,134
2019-06-17 21:00:00,144,43,101
2019-06-17 22:00:00,35,15,20
2019-06-17 23:00:00,4,3,1
2019-06-18 00:00:00,16,14,2
2019-06-18 01:00:00,12,10,2
2019-06-18 02:00:00,9,9,0
2019-06-18 03:00:00,2,0,2
2019-06-18 04:00:00,14,13,1
2019-06-18 05:00:00,43,31,12
2019-06-18 06:00:00,244,203,41
2019-06-18 07:00:00,660,594,66
2019-06-18 08:00:00,429,355,74
2019-06-18 09:00:00,631,567,64
2019-06-18 10:00:00,755,658,97
2019-06-18 11:00:00,256,193,63
2019-06-18 12:00:00,596,432,164
2019-06-18 13:00:00,704,606,98
2019-06-18 14:00:00,568,518,50
2019-06-18 15:00:00,420,342,78
2019-06-18 16:00:00,217,136,81
2019-06-18 17:00:00,332,232,100
2019-06-18 18:00:00,445,339,106
2019-06-18 19:00:00,351,261,90
2019-06-18 20:00:00,409,330,79
2019-06-18 21:00:00,107,69,38
2019-06-18 22:00:00,61,48,13
2019-06-18 23:00:00,180,180,0
2019-06-19 00:00:00,25,24,1
2019-06-19 01:00:00,6,3,3
2019-06-19 02:00:00,8,6,2
2019-06-19 03:00:00,1,1,0
2019-06-19 04:00:00,5,3,2
2019-06-19 05:00:00,66,45,21
2019-06-19 06:00:00,163,87,76
2019-06-19 07:00:00,193,98,95
2019-06-19 08:00:00,173,96,77
2019-06-19 09:00:00,120,69,51
2019-06-19 10:00:00,180,112,68
2019-06-19 11:00:00,307,220,87
2019-06-19 12:00:00,376,226,150
2019-06-19 13:00:00,293,177,116
2019-06-19 14:00:00,630,531,99
2019-06-19 15:00:00,604,512,92
2019-06-19 16:00:00,541,439,102
2019-06-19 17:00:00,509,402,107
2019-06-19 18:00:00,294,168,126
2019-06-19 19:00:00,202,93,109
2019-06-19 20:00:00,134,57,77
2019-06-19 21:00:00,85,62,23
2019-06-19 22:00:00,124,113,11
2019-06-19 23:00:00,80,73,7
2019-06-20 00:00:00,67,66,1
2019-06-20 01:00:00,112,109,3
2019-06-20 02:00:00,2,2,0
2019-06-20 03:00:00,8,7,1
2019-06-20 04:00:00,92,81,11
2019-06-20 05:00:00,39,26,13
2019-06-20 06:00:00,168,97,71
2019-06-20 07:00:00,290,186,104
2019-06-20 08:00:00,227,134,93
2019-06-20 09:00:00,197,133,64
2019-06-20 10:00:00,232,113,119
2019-06-20 11:00:00,517,407,110
2019-06-20 12:00:00,437,291,146
2019-06-20 13:00:00,372,261,111
2019-06-20 14:00:00,602,503,99
2019-06-20 15:00:00,782,676,106
2019-06-20 16:00:00,861,741,120
2019-06-20 17:00:00,1384,1222,162
2019-06-20 18:00:00,1174,1003,171
2019-06-20 19:00:00,485,344,141
2019-06-20 20:00:00,208,103,105
2019-06-20 21:00:00,154,95,59
2019-06-20 22:00:00,25,18,7
2019-06-20 23:00:00,93,91,2
2019-06-21 00:00:00,21,20,1
2019-06-21 01:00:00,9,6,3
2019-06-21 02:00:00,7,7,0
2019-06-21 03:00:00,5,5,0
2019-06-21 04:00:00,35,31,4
2019-06-21 05:00:00,111,100,11
2019-06-21 06:00:00,165,106,59
2019-06-21 07:00:00,241,139,102
2019-06-21 08:00:00,150,74,76
2019-06-21 09:00:00,147,76,71
2019-06-21 10:00:00,151,88,63
2019-06-21 11:00:00,312,196,116
2019-06-21 12:00:00,274,134,140
2019-06-21 13:00:00,267,146,121
2019-06-21 14:00:00,413,328,85
2019-06-21 15:00:00,874,793,81
2019-06-21 16:00:00,965,835,130
2019-06-21 17:00:00,985,834,151
2019-06-21 18:00:00,906,771,135
2019-06-21 19:00:00,699,556,143
2019-06-21 20:00:00,309,178,131
2019-06-21 21:00:00,196,75,121
2019-06-21 22:00:00,66,49,17
2019-06-21 23:00:00,10,7,3
2019-06-22 00:00:00,22,21,1
2019-06-22 01:00:00,17,16,1
2019-06-22 02:00:00,6,4,2
2019-06-22 03:00:00,2,1,1
2019-06-22 04:00:00,2,2,0
2019-06-22 05:00:00,21,18,3
2019-06-22 06:00:00,88,60,28
2019-06-22 07:00:00,146,87,59
2019-06-22 08:00:00,178,99,79
2019-06-22 09:00:00,197,106,91
2019-06-22 10:00:00,189,89,100
2019-06-22 11:00:00,227,120,107
2019-06-22 12:00:00,241,157,84
2019-06-22 13:00:00,156,82,74
2019-06-22 14:00:00,144,65,79
2019-06-22 15:00:00,188,111,77
2019-06-22 16:00:00,585,461,124
2019-06-22 17:00:00,309,224,85
2019-06-22 18:00:00,231,146,85
2019-06-22 19:00:00,163,84,79
2019-06-22 20:00:00,148,69,79
2019-06-22 21:00:00,73,29,44
2019-06-22 22:00:00,13,6,7
2019-06-22 23:00:00,11,6,5
2019-06-23 00:00:00,21,15,6
2019-06-23 01:00:00,3,1,2
2019-06-23 02:00:00,19,19,0
2019-06-23 03:00:00,6,2,4
2019-06-23 04:00:00,4,3,1
2019-06-23 05:00:00,108,104,4
2019-06-23 06:00:00,994,966,28
2019-06-23 07:00:00,943,901,42
2019-06-23 08:00:00,713,651,62
2019-06-23 09:00:00,646,559,87
2019-06-23 10:00:00,229,135,94
2019-06-23 11:00:00,267,176,91
2019-06-23 12:00:00,326,207,119
2019-06-23 13:00:00,274,163,111
2019-06-23 14:00:00,182,103,79
2019-06-23 15:00:00,221,130,91
2019-06-23 16:00:00,296,178,118
2019-06-23 17:00:00,230,135,95
2019-06-23 18:00:00,176,90,86
2019-06-23 19:00:00,121,58,63
2019-06-23 20:00:00,130,81,49
2019-06-23 21:00:00,53,28,25
2019-06-23 22:00:00,12,9,3
2019-06-23 23:00:00,27,25,2
2019-06-24 00:00:00,66,65,1
2019-06-24 01:00:00,34,34,0
2019-06-24 02:00:00,34,34,0
2019-06-24 03:00:00,10,10,0
2019-06-24 04:00:00,4,3,1
2019-06-24 05:00:00,47,31,16
2019-06-24 06:00:00,145,82,63
2019-06-24 07:00:00,161,91,70
2019-06-24 08:00:00,102,39,63
2019-06-24 09:00:00,90,57,33
2019-06-24 10:00:00,239,201,38
2019-06-24 11:00:00,174,115,59
2019-06-24 12:00:00,329,186,143
2019-06-24 13:00:00,233,142,91
2019-06-24 14:00:00,458,378,80
2019-06-24 15:00:00,652,532,120
2019-06-24 16:00:00,1116,989,127
2019-06-24 17:00:00,989,834,155
2019-06-24 18:00:00,854,692,162
2019-06-24 19:00:00,592,421,171
2019-06-24 20:00:00,382,215,167
2019-06-24 21:00:00,179,89,90
2019-06-24 22:00:00,41,31,10
2019-06-24 23:00:00,85,82,3
2019-06-25 00:00:00,219,219,0
2019-06-25 01:00:00,327,324,3
2019-06-25 02:00:00,4,3,1
2019-06-25 03:00:00,7,7,0
2019-06-25 04:00:00,34,33,1
2019-06-25 05:00:00,43,28,15
2019-06-25 06:00:00,467,352,115
2019-06-25 07:00:00,290,177,113
2019-06-25 08:00:00,206,115,91
2019-06-25 09:00:00,175,107,68
2019-06-25 10:00:00,168,96,72
2019-06-25 11:00:00,221,128,93
2019-06-25 12:00:00,339,180,159
2019-06-25 13:00:00,287,182,105
2019-06-25 14:00:00,597,504,93
2019-06-25 15:00:00,721,624,97
2019-06-25 16:00:00,463,335,128
2019-06-25 17:00:00,427,313,114
2019-06-25 18:00:00,466,319,147
2019-06-25 19:00:00,297,159,138
2019-06-25 20:00:00,205,93,112
2019-06-25 21:00:00,89,40,49
2019-06-25 22:00:00,30,18,12
2019-06-25 23:00:00,5,4,1
2019-06-26 00:00:00,6,3,3
2019-06-26 01:00:00,0,0,0
2019-06-26 02:00:00,2,2,0
2019-06-26 03:00:00,3,2,1
2019-06-26 04:00:00,4,3,1
2019-06-26 05:00:00,56,34,22
2019-06-26 06:00:00,351,260,91
2019-06-26 07:00:00,257,120,137
2019-06-26 08:00:00,156,64,92
2019-06-26 09:00:00,147,84,63
2019-06-26 10:00:00,175,108,67
2019-06-26 11:00:00,225,125,100
2019-06-26 12:00:00,365,187,178
2019-06-26 13:00:00,209,101,108
2019-06-26 14:00:00,144,66,78
2019-06-26 15:00:00,141,76,65
2019-06-26 16:00:00,121,75,46
2019-06-26 17:00:00,192,120,72
2019-06-26 18:00:00,179,103,76
2019-06-26 19:00:00,168,80,88
2019-06-26 20:00:00,155,82,73
2019-06-26 21:00:00,82,38,44
2019-06-26 22:00:00,26,18,8
2019-06-26 23:00:00,15,9,6
2019-06-27 00:00:00,13,9,4
2019-06-27 01:00:00,86,83,3
2019-06-27 02:00:00,2,1,1
2019-06-27 03:00:00,0,0,0
2019-06-27 04:00:00,4,2,2
2019-06-27 05:00:00,37,24,13
2019-06-27 06:00:00,155,73,82
2019-06-27 07:00:00,179,92,87
2019-06-27 08:00:00,107,61,46
2019-06-27 09:00:00,108,68,40
2019-06-27 10:00:00,120,59,61
2019-06-27 11:00:00,171,100,71
2019-06-27 12:00:00,301,169,132
2019-06-27 13:00:00,261,159,102
2019-06-27 14:00:00,400,309,91
2019-06-27 15:00:00,532,448,84
2019-06-27 16:00:00,345,259,86
2019-06-27 17:00:00,322,233,89
2019-06-27 18:00:00,346,257,89
2019-06-27 19:00:00,454,341,113
2019-06-27 20:00:00,204,91,113
2019-06-27 21:00:00,65,20,45
2019-06-27 22:00:00,39,27,12
2019-06-27 23:00:00,13,12,1
2019-06-28 00:00:00,13,9,4
2019-06-28 01:00:00,26,24,2
2019-06-28 02:00:00,29,29,0
2019-06-28 03:00:00,37,37,0
2019-06-28 04:00:00,1,0,1
2019-06-28 05:00:00,54,43,11
2019-06-28 06:00:00,171,95,76
2019-06-28 07:00:00,179,83,96
2019-06-28 08:00:00,144,55,89
2019-06-28 09:00:00,180,106,74
2019-06-28 10:00:00,214,141,73
2019-06-28 11:00:00,243,157,86
2019-06-28 12:00:00,256,130,126
2019-06-28 13:00:00,200,98,102
2019-06-28 14:00:00,360,270,90
2019-06-28 15:00:00,611,510,101
2019-06-28 16:00:00,644,565,79
2019-06-28 17:00:00,641,508,133
2019-06-28 18:00:00,268,175,93
2019-06-28 19:00:00,270,169,101
2019-06-28 20:00:00,175,74,101
2019-06-28 21:00:00,68,28,40
2019-06-28 22:00:00,22,12,10
2019-06-28 23:00:00,10,4,6
2019-06-29 00:00:00,6,4,2
2019-06-29 01:00:00,5,2,3
2019-06-29 02:00:00,0,0,0
2019-06-29 03:00:00,0,0,0
2019-06-29 04:00:00,6,4,2
2019-06-29 05:00:00,16,12,4
2019-06-29 06:00:00,94,46,48
2019-06-29 07:00:00,133,70,63
2019-06-29 08:00:00,179,84,95
2019-06-29 09:00:00,255,126,129
2019-06-29 10:00:00,285,138,147
2019-06-29 11:00:00,277,118,159
2019-06-29 12:00:00,291,159,132
2019-06-29 13:00:00,317,168,149
2019-06-29 14:00:00,496,333,163
2019-06-29 15:00:00,753,573,180
2019-06-29 16:00:00,1241,1049,192
2019-06-29 17:00:00,1378,1176,202
2019-06-29 18:00:00,1671,1492,179
2019-06-29 19:00:00,916,782,134
2019-06-29 20:00:00,262,158,104
2019-06-29 21:00:00,115,45,70
2019-06-29 22:00:00,31,15,16
2019-06-29 23:00:00,25,19,6
2019-06-30 00:00:00,7,5,2
2019-06-30 01:00:00,8,5,3
2019-06-30 02:00:00,5,1,4
2019-06-30 03:00:00,2,2,0
2019-06-30 04:00:00,2,1,1
2019-06-30 05:00:00,14,8,6
2019-06-30 06:00:00,53,31,22
2019-06-30 07:00:00,115,58,57
2019-06-30 08:00:00,140,75,65
2019-06-30 09:00:00,199,100,99
2019-06-30 10:00:00,291,123,168
2019-06-30 11:00:00,237,125,112
2019-06-30 12:00:00,234,117,117
2019-06-30 13:00:00,313,196,117
2019-06-30 14:00:00,723,600,123
2019-06-30 15:00:00,1069,932,137
2019-06-30 16:00:00,1467,1269,198
2019-06-30 17:00:00,1502,1311,191
2019-06-30 18:00:00,1268,1100,168
2019-06-30 19:00:00,892,748,144
2019-06-30 20:00:00,359,220,139
2019-06-30 21:00:00,135,42,93
2019-06-30 22:00:00,26,14,12
2019-06-30 23:00:00,6,4,2
2019-07-01 00:00:00,8,4,4
2019-07-01 01:00:00,4,4,0
2019-07-01 02:00:00,28,16,12
2019-07-01 03:00:00,4,1,3
2019-07-01 04:00:00,8,5,3
2019-07-01 05:00:00,40,22,18
2019-07-01 06:00:00,127,76,51
2019-07-01 07:00:00,172,83,89
2019-07-01 08:00:00,157,71,86
2019-07-01 09:00:00,150,61,89
2019-07-01 10:00:00,117,49,68
2019-07-01 11:00:00,200,98,102
2019-07-01 12:00:00,307,154,153
2019-07-01 13:00:00,263,136,127
2019-07-01 14:00:00,331,228,103
2019-07-01 15:00:00,502,399,103
2019-07-01 16:00:00,1405,1268,137
2019-07-01 17:00:00,1251,1068,183
2019-07-01 18:00:00,1039,890,149
2019-07-01 19:00:00,729,559,170
2019-07-01 20:00:00,409,251,158
2019-07-01 21:00:00,95,34,61
2019-07-01 22:00:00,34,16,18
2019-07-01 23:00:00,13,6,7
2019-07-02 00:00:00,4,1,3
2019-07-02 01:00:00,4,1,3
2019-07-02 02:00:00,3,2,1
2019-07-02 03:00:00,6,1,5
2019-07-02 04:00:00,3,2,1
2019-07-02 05:00:00,36,26,10
2019-07-02 06:00:00,137,73,64
2019-07-02 07:00:00,141,70,71
2019-07-02 08:00:00,121,52,69
2019-07-02 09:00:00,83,38,45
2019-07-02 10:00:00,89,51,38
2019-07-02 11:00:00,132,59,73
2019-07-02 12:00:00,218,113,105
2019-07-02 13:00:00,115,51,64
2019-07-02 14:00:00,57,32,25
2019-07-02 15:00:00,140,124,16
2019-07-02 16:00:00,84,63,21
2019-07-02 17:00:00,188,137,51
2019-07-02 18:00:00,106,66,40
2019-07-02 19:00:00,109,73,36
2019-07-02 20:00:00,90,64,26
2019-07-02 21:00:00,28,21,7
2019-07-02 22:00:00,15,10,5
2019-07-02 23:00:00,35,34,1
2019-07-03 00:00:00,40,36,4
2019-07-03 01:00:00,0,0,0
2019-07-03 02:00:00,1,1,0
2019-07-03 03:00:00,1,0,1
2019-07-03 04:00:00,9,9,0
2019-07-03 05:00:00,37,22,15
2019-07-03 06:00:00,149,80,69
2019-07-03 07:00:00,162,88,74
2019-07-03 08:00:00,134,71,63
2019-07-03 09:00:00,107,54,53
2019-07-03 10:00:00,123,72,51
2019-07-03 11:00:00,252,157,95
2019-07-03 12:00:00,325,202,123
2019-07-03 13:00:00,206,114,92
2019-07-03 14:00:00,288,166,122
2019-07-03 15:00:00,222,156,66
2019-07-03 16:00:00,220,119,101
2019-07-03 17:00:00,229,128,101
2019-07-03 18:00:00,189,106,83
2019-07-03 19:00:00,180,104,76
2019-07-03 20:00:00,162,82,80
2019-07-03 21:00:00,105,40,65
2019-07-03 22:00:00,21,9,12
2019-07-03 23:00:00,15,10,5
2019-07-04 00:00:00,12,7,5
2019-07-04 01:00:00,9,4,5
2019-07-04 02:00:00,7,3,4
2019-07-04 03:00:00,7,1,6
2019-07-04 04:00:00,3,2,1
2019-07-04 05:00:00,21,15,6
2019-07-04 06:00:00,47,24,23
2019-07-04 07:00:00,114,66,48
2019-07-04 08:00:00,195,100,95
2019-07-04 09:00:00,209,109,100
2019-07-04 10:00:00,316,149,167
2019-07-04 11:00:00,299,131,168
2019-07-04 12:00:00,248,105,143
2019-07-04 13:00:00,277,126,151
2019-07-04 14:00:00,344,209,135
2019-07-04 15:00:00,499,351,148
2019-07-04 16:00:00,524,369,155
2019-07-04 17:00:00,629,469,160
2019-07-04 18:00:00,587,471,116
2019-07-04 19:00:00,379,280,99
2019-07-04 20:00:00,151,82,69
2019-07-04 21:00:00,69,22,47
2019-07-04 22:00:00,23,9,14
2019-07-04 23:00:00,10,5,5
2019-07-05 00:00:00,4,2,2
2019-07-05 01:00:00,4,1,3
2019-07-05 02:00:00,1,0,1
2019-07-05 03:00:00,1,0,1
2019-07-05 04:00:00,2,1,1
2019-07-05 05:00:00,15,8,7
2019-07-05 06:00:00,58,35,23
2019-07-05 07:00:00,117,70,47
2019-07-05 08:00:00,130,54,76
2019-07-05 09:00:00,133,56,77
2019-07-05 10:00:00,125,61,64
2019-07-05 11:00:00,179,81,98
2019-07-05 12:00:00,191,90,101
2019-07-05 13:00:00,174,68,106
2019-07-05 14:00:00,165,74,91
2019-07-05 15:00:00,229,113,116
2019-07-05 16:00:00,218,117,101
2019-07-05 17:00:00,186,97,89
2019-07-05 18:00:00,263,157,106
2019-07-05 19:00:00,149,69,80
2019-07-05 20:00:00,107,47,60
2019-07-05 21:00:00,93,53,40
2019-07-05 22:00:00,33,22,11
2019-07-05 23:00:00,72,67,5
2019-07-06 00:00:00,43,42,1
2019-07-06 01:00:00,7,4,3
2019-07-06 02:00:00,3,2,1
2019-07-06 03:00:00,6,3,3
2019-07-06 04:00:00,0,0,0
2019-07-06 05:00:00,33,30,3
2019-07-06 06:00:00,141,115,26
2019-07-06 07:00:00,177,110,67
2019-07-06 08:00:00,240,155,85
2019-07-06 09:00:00,270,164,106
2019-07-06 10:00:00,295,167,128
2019-07-06 11:00:00,312,178,134
2019-07-06 12:00:00,264,144,120
2019-07-06 13:00:00,334,196,138
2019-07-06 14:00:00,339,186,153
2019-07-06 15:00:00,352,205,147
2019-07-06 16:00:00,299,165,134
2019-07-06 17:00:00,259,131,128
2019-07-06 18:00:00,208,109,99
2019-07-06 19:00:00,189,84,105
2019-07-06 20:00:00,187,92,95
2019-07-06 21:00:00,71,31,40
2019-07-06 22:00:00,17,5,12
2019-07-06 23:00:00,9,7,2
2019-07-07 00:00:00,8,5,3
2019-07-07 01:00:00,4,2,2
2019-07-07 02:00:00,6,4,2
2019-07-07 03:00:00,1,0,1
2019-07-07 04:00:00,1,0,1
2019-07-07 05:00:00,7,5,2
2019-07-07 06:00:00,37,24,13
2019-07-07 07:00:00,112,59,53
2019-07-07 08:00:00,134,70,64
2019-07-07 09:00:00,134,76,58
2019-07-07 10:00:00,187,103,84
2019-07-07 11:00:00,237,123,114
2019-07-07 12:00:00,229,118,111
2019-07-07 13:00:00,227,115,112
2019-07-07 14:00:00,244,114,130
2019-07-07 15:00:00,279,139,140
2019-07-07 16:00:00,209,95,114
2019-07-07 17:00:00,199,92,107
2019-07-07 18:00:00,168,83,85
2019-07-07 19:00:00,68,28,40
2019-07-07 20:00:00,49,32,17
2019-07-07 21:00:00,41,24,17
2019-07-07 22:00:00,7,4,3
2019-07-07 23:00:00,6,5,1
2019-07-08 00:00:00,9,3,6
2019-07-08 01:00:00,1,1,0
2019-07-08 02:00:00,3,2,1
2019-07-08 03:00:00,0,0,0
2019-07-08 04:00:00,2,1,1
2019-07-08 05:00:00,21,12,9
2019-07-08 06:00:00,108,77,31
2019-07-08 07:00:00,209,145,64
2019-07-08 08:00:00,145,89,56
2019-07-08 09:00:00,135,65,70
2019-07-08 10:00:00,114,62,52
2019-07-08 11:00:00,208,116,92
2019-07-08 12:00:00,307,174,133
2019-07-08 13:00:00,253,146,107
2019-07-08 14:00:00,367,264,103
2019-07-08 15:00:00,507,414,93
2019-07-08 16:00:00,684,583,101
2019-07-08 17:00:00,815,679,136
2019-07-08 18:00:00,637,485,152
2019-07-08 19:00:00,510,315,195
2019-07-08 20:00:00,257,129,128
2019-07-08 21:00:00,148,44,104
2019-07-08 22:00:00,36,12,24
2019-07-08 23:00:00,6,4,2
2019-07-09 00:00:00,1,1,0
2019-07-09 01:00:00,0,0,0
2019-07-09 02:00:00,1,0,1
2019-07-09 03:00:00,3,2,1
2019-07-09 04:00:00,2,1,1
2019-07-09 05:00:00,50,33,17
2019-07-09 06:00:00,205,108,97
2019-07-09 07:00:00,195,96,99
2019-07-09 08:00:00,165,68,97
2019-07-09 09:00:00,114,51,63
2019-07-09 10:00:00,158,79,79
2019-07-09 11:00:00,156,74,82
2019-07-09 12:00:00,321,158,163
2019-07-09 13:00:00,162,70,92
2019-07-09 14:00:00,162,65,97
2019-07-09 15:00:00,144,66,78
2019-07-09 16:00:00,151,68,83
2019-07-09 17:00:00,158,84,74
2019-07-09 18:00:00,175,90,85
2019-07-09 19:00:00,140,60,80
2019-07-09 20:00:00,76,34,42
2019-07-09 21:00:00,34,12,22
2019-07-09 22:00:00,1,0,1
2019-07-09 23:00:00,5,3,2
2019-07-10 00:00:00,6,5,1
2019-07-10 01:00:00,1,1,0
2019-07-10 02:00:00,0,0,0
2019-07-10 03:00:00,4,2,2
2019-07-10 04:00:00,0,0,0
2019-07-10 05:00:00,46,22,24
2019-07-10 06:00:00,150,81,69
2019-07-10 07:00:00,140,63,77
2019-07-10 08:00:00,58,24,34
2019-07-10 09:00:00,54,20,34
2019-07-10 10:00:00,51,23,28
2019-07-10 11:00:00,95,48,47
2019-07-10 12:00:00,148,82,66
2019-07-10 13:00:00,116,50,66
2019-07-10 14:00:00,58,24,34
2019-07-10 15:00:00,59,29,30
2019-07-10 16:00:00,107,57,50
2019-07-10 17:00:00,225,112,113
2019-07-10 18:00:00,246,119,127
2019-07-10 19:00:00,201,103,98
2019-07-10 20:00:00,205,100,105
2019-07-10 21:00:00,97,37,60
2019-07-10 22:00:00,19,10,9
2019-07-10 23:00:00,8,5,3
2019-07-11 00:00:00,6,2,4
2019-07-11 01:00:00,5,3,2
2019-07-11 02:00:00,3,2,1
2019-07-11 03:00:00,1,0,1
2019-07-11 04:00:00,5,2,3
2019-07-11 05:00:00,60,39,21
2019-07-11 06:00:00,187,90,97
2019-07-11 07:00:00,219,102,117
2019-07-11 08:00:00,165,75,90
2019-07-11 09:00:00,138,66,72
2019-07-11 10:00:00,147,66,81
2019-07-11 11:00:00,182,80,102
2019-07-11 12:00:00,246,121,125
2019-07-11 13:00:00,164,71,93
2019-07-11 14:00:00,167,84,83
2019-07-11 15:00:00,171,87,84
2019-07-11 16:00:00,203,96,107
2019-07-11 17:00:00,234,129,105
2019-07-11 18:00:00,293,136,157
2019-07-11 19:00:00,240,117,123
2019-07-11 20:00:00,275,143,132
2019-07-11 21:00:00,137,55,82
2019-07-11 22:00:00,26,13,13
2019-07-11 23:00:00,10,5,5
2019-07-12 00:00:00,5,3,2
2019-07-12 01:00:00,4,3,1
2019-07-12 02:00:00,3,2,1
2019-07-12 03:00:00,1,0,1
2019-07-12 04:00:00,7,2,5
2019-07-12 05:00:00,53,34,19
2019-07-12 06:00:00,139,73,66
2019-07-12 07:00:00,202,92,110
2019-07-12 08:00:00,183,81,102
2019-07-12 09:00:00,176,84,92
2019-07-12 10:00:00,151,75,76
2019-07-12 11:00:00,180,84,96
2019-07-12 12:00:00,231,123,108
2019-07-12 13:00:00,231,118,113
2019-07-12 14:00:00,326,240,86
2019-07-12 15:00:00,700,571,129
2019-07-12 16:00:00,795,653,142
2019-07-12 17:00:00,701,602,99
2019-07-12 18:00:00,600,481,119
2019-07-12 19:00:00,347,211,136
2019-07-12 20:00:00,249,121,128
2019-07-12 21:00:00,153,63,90
2019-07-12 22:00:00,38,15,23
2019-07-12 23:00:00,6,4,2
2019-07-13 00:00:00,7,4,3
2019-07-13 01:00:00,4,1,3
2019-07-13 02:00:00,6,3,3
2019-07-13 03:00:00,1,0,1
2019-07-13 04:00:00,1,1,0
2019-07-13 05:00:00,23,20,3
2019-07-13 06:00:00,96,50,46
2019-07-13 07:00:00,162,92,70
2019-07-13 08:00:00,210,121,89
2019-07-13 09:00:00,259,144,115
2019-07-13 10:00:00,261,130,131
2019-07-13 11:00:00,262,122,140
2019-07-13 12:00:00,232,120,112
2019-07-13 13:00:00,268,126,142
2019-07-13 14:00:00,352,219,133
2019-07-13 15:00:00,555,388,167
2019-07-13 16:00:00,585,441,144
2019-07-13 17:00:00,509,380,129
2019-07-13 18:00:00,335,204,131
2019-07-13 19:00:00,293,149,144
2019-07-13 20:00:00,184,75,109
2019-07-13 21:00:00,105,47,58
2019-07-13 22:00:00,25,8,17
2019-07-13 23:00:00,13,9,4
2019-07-14 00:00:00,7,3,4
2019-07-14 01:00:00,4,2,2
2019-07-14 02:00:00,4,2,2
2019-07-14 03:00:00,2,1,1
2019-07-14 04:00:00,0,0,0
2019-07-14 05:00:00,22,16,6
2019-07-14 06:00:00,61,33,28
2019-07-14 07:00:00,129,74,55
2019-07-14 08:00:00,173,87,86
2019-07-14 09:00:00,228,114,114
2019-07-14 10:00:00,228,116,112
2019-07-14 11:00:00,254,116,138
2019-07-14 12:00:00,269,117,152
2019-07-14 13:00:00,284,150,134
2019-07-14 14:00:00,381,234,147
2019-07-14 15:00:00,578,436,142
2019-07-14 16:00:00,604,443,161
2019-07-14 17:00:00,563,417,146
2019-07-14 18:00:00,590,425,165
2019-07-14 19:00:00,300,168,132
2019-07-14 20:00:00,250,103,147
2019-07-14 21:00:00,119,34,85
2019-07-14 22:00:00,19,6,13
2019-07-14 23:00:00,13,5,8
2019-07-15 00:00:00,10,5,5
2019-07-15 01:00:00,3,1,2
2019-07-15 02:00:00,1,1,0
2019-07-15 03:00:00,2,1,1
2019-07-15 04:00:00,2,1,1
2019-07-15 05:00:00,26,16,10
2019-07-15 06:00:00,140,83,57
2019-07-15 07:00:00,204,99,105
2019-07-15 08:00:00,148,65,83
2019-07-15 09:00:00,106,47,59
2019-07-15 10:00:00,56,29,27
2019-07-15 11:00:00,97,46,51
2019-07-15 12:00:00,164,97,67
2019-07-15 13:00:00,144,70,74
2019-07-15 14:00:00,138,84,54
2019-07-15 15:00:00,164,103,61
2019-07-15 16:00:00,243,145,98
2019-07-15 17:00:00,283,173,110
2019-07-15 18:00:00,254,137,117
2019-07-15 19:00:00,236,113,123
2019-07-15 20:00:00,211,96,115
2019-07-15 21:00:00,77,36,41
2019-07-15 22:00:00,26,13,13
2019-07-15 23:00:00,10,7,3
2019-07-16 00:00:00,31,24,7
2019-07-16 01:00:00,1,1,0
2019-07-16 02:00:00,1,0,1
2019-07-16 03:00:00,4,1,3
2019-07-16 04:00:00,3,3,0
2019-07-16 05:00:00,84,55,29
2019-07-16 06:00:00,278,183,95
2019-07-16 07:00:00,270,138,132
2019-07-16 08:00:00,190,94,96
2019-07-16 09:00:00,167,91,76
2019-07-16 10:00:00,128,74,54
2019-07-16 11:00:00,205,122,83
2019-07-16 12:00:00,285,148,137
2019-07-16 13:00:00,259,133,126
2019-07-16 14:00:00,383,284,99
2019-07-16 15:00:00,625,528,97
2019-07-16 16:00:00,530,407,123
2019-07-16 17:00:00,573,443,130
2019-07-16 18:00:00,534,362,172
2019-07-16 19:00:00,401,250,151
2019-07-16 20:00:00,325,155,170
2019-07-16 21:00:00,151,66,85
2019-07-16 22:00:00,44,26,18
2019-07-16 23:00:00,17,11,6
2019-07-17 00:00:00,6,3,3
2019-07-17 01:00:00,6,3,3
2019-07-17 02:00:00,6,4,2
2019-07-17 03:00:00,2,1,1
2019-07-17 04:00:00,3,1,2
2019-07-17 05:00:00,32,20,12
2019-07-17 06:00:00,171,94,77
2019-07-17 07:00:00,182,93,89
2019-07-17 08:00:00,149,76,73
2019-07-17 09:00:00,124,66,58
2019-07-17 10:00:00,84,37,47
2019-07-17 11:00:00,136,80,56
2019-07-17 12:00:00,219,111,108
2019-07-17 13:00:00,156,82,74
2019-07-17 14:00:00,101,50,51
2019-07-17 15:00:00,77,41,36
2019-07-17 16:00:00,115,62,53
2019-07-17 17:00:00,191,103,88
2019-07-17 18:00:00,254,139,115
2019-07-17 19:00:00,192,96,96
2019-07-17 20:00:00,156,74,82
2019-07-17 21:00:00,63,31,32
2019-07-17 22:00:00,12,5,7
2019-07-17 23:00:00,7,4,3
2019-07-18 00:00:00,5,2,3
2019-07-18 01:00:00,2,0,2
2019-07-18 02:00:00,3,1,2
2019-07-18 03:00:00,1,0,1
2019-07-18 04:00:00,10,7,3
2019-07-18 05:00:00,52,33,19
2019-07-18 06:00:00,142,79,63
2019-07-18 07:00:00,236,110,126
2019-07-18 08:00:00,245,171,74
2019-07-18 09:00:00,181,115,66
2019-07-18 10:00:00,189,129,60
2019-07-18 11:00:00,223,134,89
2019-07-18 12:00:00,325,184,141
2019-07-18 13:00:00,249,128,121
2019-07-18 14:00:00,277,180,97
2019-07-18 15:00:00,229,158,71
2019-07-18 16:00:00,262,166,96
2019-07-18 17:00:00,277,137,140
2019-07-18 18:00:00,137,53,84
2019-07-18 19:00:00,48,32,16
2019-07-18 20:00:00,86,54,32
2019-07-18 21:00:00,22,11,11
2019-07-18 22:00:00,6,5,1
2019-07-18 23:00:00,6,3,3
2019-07-19 00:00:00,2,2,0
2019-07-19 01:00:00,3,2,1
2019-07-19 02:00:00,5,3,2
2019-07-19 03:00:00,3,1,2
2019-07-19 04:00:00,0,0,0
2019-07-19 05:00:00,30,17,13
2019-07-19 06:00:00,132,76,56
2019-07-19 07:00:00,173,89,84
2019-07-19 08:00:00,145,59,86
2019-07-19 09:00:00,127,63,64
2019-07-19 10:00:00,127,63,64
2019-07-19 11:00:00,174,81,93
2019-07-19 12:00:00,243,127,116
2019-07-19 13:00:00,206,98,108
2019-07-19 14:00:00,306,201,105
2019-07-19 15:00:00,544,460,84
2019-07-19 16:00:00,575,476,99
2019-07-19 17:00:00,614,485,129
2019-07-19 18:00:00,592,464,128
2019-07-19 19:00:00,314,188,126
2019-07-19 20:00:00,221,103,118
2019-07-19 21:00:00,154,59,95
2019-07-19 22:00:00,24,7,17
2019-07-19 23:00:00,16,12,4
2019-07-20 00:00:00,23,20,3
2019-07-20 01:00:00,71,63,8
2019-07-20 02:00:00,45,45,0
2019-07-20 03:00:00,0,0,0
2019-07-20 04:00:00,2,1,1
2019-07-20 05:00:00,18,12,6
2019-07-20 06:00:00,81,50,31
2019-07-20 07:00:00,165,103,62
2019-07-20 08:00:00,225,115,110
2019-07-20 09:00:00,293,159,134
2019-07-20 10:00:00,324,164,160
2019-07-20 11:00:00,257,112,145
2019-07-20 12:00:00,229,109,120
2019-07-20 13:00:00,277,134,143
2019-07-20 14:00:00,390,233,157
2019-07-20 15:00:00,712,515,197
2019-07-20 16:00:00,885,732,153
2019-07-20 17:00:00,770,622,148
2019-07-20 18:00:00,689,561,128
2019-07-20 19:00:00,321,202,119
2019-07-20 20:00:00,234,102,132
2019-07-20 21:00:00,110,47,63
2019-07-20 22:00:00,33,18,15
2019-07-20 23:00:00,20,12,8
2019-07-21 00:00:00,9,1,8
2019-07-21 01:00:00,6,2,4
2019-07-21 02:00:00,5,4,1
2019-07-21 03:00:00,3,2,1
2019-07-21 04:00:00,3,1,2
2019-07-21 05:00:00,22,16,6
2019-07-21 06:00:00,52,36,16
2019-07-21 07:00:00,161,91,70
2019-07-21 08:00:00,217,118,99
2019-07-21 09:00:00,286,151,135
2019-07-21 10:00:00,303,152,151
2019-07-21 11:00:00,267,119,148
2019-07-21 12:00:00,246,107,139
2019-07-21 13:00:00,272,150,122
2019-07-21 14:00:00,338,216,122
2019-07-21 15:00:00,550,386,164
2019-07-21 16:00:00,913,748,165
2019-07-21 17:00:00,913,766,147
2019-07-21 18:00:00,562,447,115
2019-07-21 19:00:00,330,213,117
2019-07-21 20:00:00,268,119,149
2019-07-21 21:00:00,141,46,95
2019-07-21 22:00:00,41,19,22
2019-07-21 23:00:00,11,9,2
2019-07-22 00:00:00,28,19,9
2019-07-22 01:00:00,6,4,2
2019-07-22 02:00:00,1,1,0
2019-07-22 03:00:00,3,2,1
2019-07-22 04:00:00,1,0,1
2019-07-22 05:00:00,32,24,8
2019-07-22 06:00:00,148,81,67
2019-07-22 07:00:00,218,113,105
2019-07-22 08:00:00,167,75,92
2019-07-22 09:00:00,125,60,65
2019-07-22 10:00:00,145,71,74
2019-07-22 11:00:00,220,105,115
2019-07-22 12:00:00,308,152,156
2019-07-22 13:00:00,260,135,125
2019-07-22 14:00:00,244,149,95
2019-07-22 15:00:00,424,318,106
2019-07-22 16:00:00,766,624,142
2019-07-22 17:00:00,939,795,144
2019-07-22 18:00:00,780,618,162
2019-07-22 19:00:00,522,346,176
2019-07-22 20:00:00,336,172,164
2019-07-22 21:00:00,135,60,75
2019-07-22 22:00:00,34,18,16
2019-07-22 23:00:00,10,8,2
2019-07-23 00:00:00,26,24,2
2019-07-23 01:00:00,7,6,1
2019-07-23 02:00:00,0,0,0
2019-07-23 03:00:00,4,2,2
2019-07-23 04:00:00,5,3,2
2019-07-23 05:00:00,52,40,12
2019-07-23 06:00:00,440,324,116
2019-07-23 07:00:00,407,260,147
2019-07-23 08:00:00,441,340,101
2019-07-23 09:00:00,451,376,75
2019-07-23 10:00:00,216,145,71
2019-07-23 11:00:00,302,222,80
2019-07-23 12:00:00,445,318,127
2019-07-23 13:00:00,257,150,107
2019-07-23 14:00:00,289,195,94
2019-07-23 15:00:00,281,185,96
2019-07-23 16:00:00,236,133,103
2019-07-23 17:00:00,215,129,86
2019-07-23 18:00:00,284,163,121
2019-07-23 19:00:00,334,179,155
2019-07-23 20:00:00,245,135,110
2019-07-23 21:00:00,104,45,59
2019-07-23 22:00:00,26,14,12
2019-07-23 23:00:00,8,4,4
2019-07-24 00:00:00,5,3,2
2019-07-24 01:00:00,8,5,3
2019-07-24 02:00:00,1,1,0
2019-07-24 03:00:00,4,3,1
2019-07-24 04:00:00,5,2,3
2019-07-24 05:00:00,54,43,11
2019-07-24 06:00:00,237,140,97
2019-07-24 07:00:00,261,130,131
2019-07-24 08:00:00,185,89,96
2019-07-24 09:00:00,158,85,73
2019-07-24 10:00:00,182,114,68
2019-07-24 11:00:00,199,170,29
2019-07-24 12:00:00,348,210,138
2019-07-24 13:00:00,244,138,106
2019-07-24 14:00:00,378,305,73
2019-07-24 15:00:00,505,408,97
2019-07-24 16:00:00,557,470,87
2019-07-24 17:00:00,717,595,122
2019-07-24 18:00:00,663,510,153
2019-07-24 19:00:00,394,208,186
2019-07-24 20:00:00,269,127,142
2019-07-24 21:00:00,102,30,72
2019-07-24 22:00:00,16,7,9
2019-07-24 23:00:00,10,4,6
2019-07-25 00:00:00,6,6,0
2019-07-25 01:00:00,0,0,0
2019-07-25 02:00:00,0,0,0
2019-07-25 03:00:00,2,1,1
2019-07-25 04:00:00,13,11,2
2019-07-25 05:00:00,45,30,15
2019-07-25 06:00:00,179,97,82
2019-07-25 07:00:00,236,114,122
2019-07-25 08:00:00,173,81,92
2019-07-25 09:00:00,203,120,83
2019-07-25 10:00:00,217,114,103
2019-07-25 11:00:00,261,158,103
2019-07-25 12:00:00,323,170,153
2019-07-25 13:00:00,243,123,120
2019-07-25 14:00:00,381,271,110
2019-07-25 15:00:00,833,723,110
2019-07-25 16:00:00,913,806,107
2019-07-25 17:00:00,985,821,164
2019-07-25 18:00:00,780,608,172
2019-07-25 19:00:00,476,314,162
2019-07-25 20:00:00,302,136,166
2019-07-25 21:00:00,174,75,99
2019-07-25 22:00:00,20,11,9
2019-07-25 23:00:00,7,4,3
2019-07-26 00:00:00,3,2,1
2019-07-26 01:00:00,4,2,2
2019-07-26 02:00:00,3,0,3
2019-07-26 03:00:00,1,1,0
2019-07-26 04:00:00,3,2,1
2019-07-26 05:00:00,33,24,9
2019-07-26 06:00:00,160,99,61
2019-07-26 07:00:00,244,130,114
2019-07-26 08:00:00,229,113,116
2019-07-26 09:00:00,168,82,86
2019-07-26 10:00:00,192,108,84
2019-07-26 11:00:00,233,112,121
2019-07-26 12:00:00,291,152,139
2019-07-26 13:00:00,189,94,95
2019-07-26 14:00:00,312,222,90
2019-07-26 15:00:00,662,552,110
2019-07-26 16:00:00,660,564,96
2019-07-26 17:00:00,951,841,110
2019-07-26 18:00:00,838,750,88
2019-07-26 19:00:00,334,238,96
2019-07-26 20:00:00,204,95,109
2019-07-26 21:00:00,139,49,90
2019-07-26 22:00:00,43,35,8
2019-07-26 23:00:00,23,10,13
2019-07-27 00:00:00,6,2,4
2019-07-27 01:00:00,3,2,1
2019-07-27 02:00:00,7,2,5
2019-07-27 03:00:00,1,1,0
2019-07-27 04:00:00,3,1,2
2019-07-27 05:00:00,29,24,5
2019-07-27 06:00:00,152,117,35
2019-07-27 07:00:00,224,171,53
2019-07-27 08:00:00,245,161,84
2019-07-27 09:00:00,364,252,112
2019-07-27 10:00:00,266,185,81
2019-07-27 11:00:00,262,147,115
2019-07-27 12:00:00,265,121,144
2019-07-27 13:00:00,222,121,101
2019-07-27 14:00:00,245,139,106
2019-07-27 15:00:00,207,132,75
2019-07-27 16:00:00,267,170,97
2019-07-27 17:00:00,361,258,103
2019-07-27 18:00:00,230,128,102
2019-07-27 19:00:00,204,106,98
2019-07-27 20:00:00,133,69,64
2019-07-27 21:00:00,89,38,51
2019-07-27 22:00:00,40,33,7
2019-07-27 23:00:00,19,10,9
2019-07-28 00:00:00,28,24,4
2019-07-28 01:00:00,5,4,1
2019-07-28 02:00:00,4,2,2
2019-07-28 03:00:00,4,2,2
2019-07-28 04:00:00,1,0,1
2019-07-28 05:00:00,26,20,6
2019-07-28 06:00:00,92,71,21
2019-07-28 07:00:00,159,103,56
2019-07-28 08:00:00,200,119,81
2019-07-28 09:00:00,316,202,114
2019-07-28 10:00:00,259,143,116
2019-07-28 11:00:00,360,204,156
2019-07-28 12:00:00,340,196,144
2019-07-28 13:00:00,318,165,153
2019-07-28 14:00:00,535,412,123
2019-07-28 15:00:00,1077,920,157
2019-07-28 16:00:00,1367,1183,184
2019-07-28 17:00:00,1031,879,152
2019-07-28 18:00:00,768,616,152
2019-07-28 19:00:00,487,325,162
2019-07-28 20:00:00,293,145,148
2019-07-28 21:00:00,118,45,73
2019-07-28 22:00:00,16,6,10
2019-07-28 23:00:00,9,4,5
2019-07-29 00:00:00,1,1,0
2019-07-29 01:00:00,4,2,2
2019-07-29 02:00:00,0,0,0
2019-07-29 03:00:00,0,0,0
2019-07-29 04:00:00,2,1,1
2019-07-29 05:00:00,30,18,12
2019-07-29 06:00:00,166,110,56
2019-07-29 07:00:00,248,152,96
2019-07-29 08:00:00,226,123,103
2019-07-29 09:00:00,312,213,99
2019-07-29 10:00:00,220,140,80
2019-07-29 11:00:00,234,131,103
2019-07-29 12:00:00,346,173,173
2019-07-29 13:00:00,244,135,109
2019-07-29 14:00:00,317,233,84
2019-07-29 15:00:00,474,396,78
2019-07-29 16:00:00,624,503,121
2019-07-29 17:00:00,502,417,85
2019-07-29 18:00:00,517,355,162
2019-07-29 19:00:00,514,331,183
2019-07-29 20:00:00,271,114,157
2019-07-29 21:00:00,122,47,75
2019-07-29 22:00:00,13,6,7
2019-07-29 23:00:00,20,12,8
2019-07-30 00:00:00,12,9,3
2019-07-30 01:00:00,3,1,2
2019-07-30 02:00:00,1,0,1
2019-07-30 03:00:00,3,2,1
2019-07-30 04:00:00,6,2,4
2019-07-30 05:00:00,34,20,14
2019-07-30 06:00:00,200,117,83
2019-07-30 07:00:00,252,123,129
2019-07-30 08:00:00,170,77,93
2019-07-30 09:00:00,113,52,61
2019-07-30 10:00:00,122,64,58
2019-07-30 11:00:00,153,90,63
2019-07-30 12:00:00,283,157,126
2019-07-30 13:00:00,259,156,103
2019-07-30 14:00:00,495,406,89
2019-07-30 15:00:00,763,675,88
2019-07-30 16:00:00,602,514,88
2019-07-30 17:00:00,598,474,124
2019-07-30 18:00:00,496,350,146
2019-07-30 19:00:00,378,218,160
2019-07-30 20:00:00,247,107,140
2019-07-30 21:00:00,113,55,58
2019-07-30 22:00:00,16,12,4
2019-07-30 23:00:00,9,5,4
2019-07-31 00:00:00,11,10,1
2019-07-31 01:00:00,27,25,2
2019-07-31 02:00:00,6,4,2
2019-07-31 03:00:00,3,3,0
2019-07-31 04:00:00,9,6,3
2019-07-31 05:00:00,49,29,20
2019-07-31 06:00:00,249,151,98
2019-07-31 07:00:00,271,154,117
2019-07-31 08:00:00,288,170,118
2019-07-31 09:00:00,536,415,121
2019-07-31 10:00:00,325,249,76
2019-07-31 11:00:00,365,265,100
2019-07-31 12:00:00,492,306,186
2019-07-31 13:00:00,247,132,115
2019-07-31 14:00:00,337,242,95
2019-07-31 15:00:00,483,382,101
2019-07-31 16:00:00,568,484,84
2019-07-31 17:00:00,688,575,113
2019-07-31 18:00:00,493,359,134
2019-07-31 19:00:00,341,192,149
2019-07-31 20:00:00,276,127,149
2019-07-31 21:00:00,137,61,76
2019-07-31 22:00:00,27,12,15
2019-07-31 23:00:00,10,5,5
2019-08-01 00:00:00,5,5,0
2019-08-01 01:00:00,5,4,1
2019-08-01 02:00:00,5,2,3
2019-08-01 03:00:00,0,0,0
2019-08-01 04:00:00,0,0,0
2019-08-01 05:00:00,100,59,41
2019-08-01 06:00:00,164,93,71
2019-08-01 07:00:00,224,116,108
2019-08-01 08:00:00,165,74,91
2019-08-01 09:00:00,151,77,74
2019-08-01 10:00:00,166,87,79
2019-08-01 11:00:00,204,98,106
2019-08-01 12:00:00,305,160,145
2019-08-01 13:00:00,180,93,87
2019-08-01 14:00:00,388,299,89
2019-08-01 15:00:00,732,644,88
2019-08-01 16:00:00,628,542,86
2019-08-01 17:00:00,651,522,129
2019-08-01 18:00:00,487,352,135
2019-08-01 19:00:00,379,244,135
2019-08-01 20:00:00,329,158,171
2019-08-01 21:00:00,129,47,82
2019-08-01 22:00:00,22,10,12
2019-08-01 23:00:00,18,17,1
2019-08-02 00:00:00,4,1,3
2019-08-02 01:00:00,6,3,3
2019-08-02 02:00:00,22,21,1
2019-08-02 03:00:00,8,5,3
2019-08-02 04:00:00,6,1,5
2019-08-02 05:00:00,251,239,12
2019-08-02 06:00:00,464,409,55
2019-08-02 07:00:00,538,424,114
2019-08-02 08:00:00,645,541,104
2019-08-02 09:00:00,345,264,81
2019-08-02 10:00:00,402,303,99
2019-08-02 11:00:00,377,271,106
2019-08-02 12:00:00,369,241,128
2019-08-02 13:00:00,220,110,110
2019-08-02 14:00:00,328,238,90
2019-08-02 15:00:00,674,584,90
2019-08-02 16:00:00,614,525,89
2019-08-02 17:00:00,479,378,101
2019-08-02 18:00:00,344,237,107
2019-08-02 19:00:00,265,178,87
2019-08-02 20:00:00,240,112,128
2019-08-02 21:00:00,84,29,55
2019-08-02 22:00:00,51,40,11
2019-08-02 23:00:00,11,6,5
2019-08-03 00:00:00,9,2,7
2019-08-03 01:00:00,1,1,0
2019-08-03 02:00:00,5,2,3
2019-08-03 03:00:00,3,1,2
2019-08-03 04:00:00,3,2,1
2019-08-03 05:00:00,38,33,5
2019-08-03 06:00:00,171,145,26
2019-08-03 07:00:00,295,215,80
2019-08-03 08:00:00,287,165,122
2019-08-03 09:00:00,409,234,175
2019-08-03 10:00:00,309,156,153
2019-08-03 11:00:00,369,203,166
2019-08-03 12:00:00,280,177,103
2019-08-03 13:00:00,293,157,136
2019-08-03 14:00:00,457,325,132
2019-08-03 15:00:00,802,648,154
2019-08-03 16:00:00,874,739,135
2019-08-03 17:00:00,541,423,118
2019-08-03 18:00:00,424,299,125
2019-08-03 19:00:00,239,126,113
2019-08-03 20:00:00,236,107,129
2019-08-03 21:00:00,106,32,74
2019-08-03 22:00:00,18,3,15
2019-08-03 23:00:00,8,5,3
2019-08-04 00:00:00,3,2,1
2019-08-04 01:00:00,0,0,0
2019-08-04 02:00:00,3,1,2
2019-08-04 03:00:00,0,0,0
2019-08-04 04:00:00,2,2,0
2019-08-04 05:00:00,30,27,3
2019-08-04 06:00:00,159,134,25
2019-08-04 07:00:00,288,222,66
2019-08-04 08:00:00,356,246,110
2019-08-04 09:00:00,333,209,124
2019-08-04 10:00:00,347,189,158
2019-08-04 11:00:00,287,153,134
2019-08-04 12:00:00,303,156,147
2019-08-04 13:00:00,379,192,187
2019-08-04 14:00:00,464,339,125
2019-08-04 15:00:00,856,714,142
2019-08-04 16:00:00,988,843,145
2019-08-04 17:00:00,722,594,128
2019-08-04 18:00:00,604,488,116
2019-08-04 19:00:00,314,192,122
2019-08-04 20:00:00,269,123,146
2019-08-04 21:00:00,104,37,67
2019-08-04 22:00:00,29,15,14
2019-08-04 23:00:00,13,6,7
2019-08-05 00:00:00,1,1,0
2019-08-05 01:00:00,9,6,3
2019-08-05 02:00:00,2,1,1
2019-08-05 03:00:00,2,1,1
2019-08-05 04:00:00,0,0,0
2019-08-05 05:00:00,47,38,9
2019-08-05 06:00:00,160,94,66
2019-08-05 07:00:00,244,138,106
2019-08-05 08:00:00,194,100,94
2019-08-05 09:00:00,277,185,92
2019-08-05 10:00:00,248,138,110
2019-08-05 11:00:00,271,148,123
2019-08-05 12:00:00,373,212,161
2019-08-05 13:00:00,227,123,104
2019-08-05 14:00:00,256,174,82
2019-08-05 15:00:00,473,393,80
2019-08-05 16:00:00,941,862,79
2019-08-05 17:00:00,771,661,110
2019-08-05 18:00:00,586,440,146
2019-08-05 19:00:00,319,170,149
2019-08-05 20:00:00,309,144,165
2019-08-05 21:00:00,125,54,71
2019-08-05 22:00:00,20,17,3
2019-08-05 23:00:00,8,6,2
2019-08-06 00:00:00,10,7,3
2019-08-06 01:00:00,7,3,4
2019-08-06 02:00:00,2,0,2
2019-08-06 03:00:00,2,1,1
2019-08-06 04:00:00,4,2,2
2019-08-06 05:00:00,51,30,21
2019-08-06 06:00:00,334,238,96
2019-08-06 07:00:00,279,156,123
2019-08-06 08:00:00,230,130,100
2019-08-06 09:00:00,161,101,60
2019-08-06 10:00:00,100,47,53
2019-08-06 11:00:00,221,134,87
2019-08-06 12:00:00,475,299,176
2019-08-06 13:00:00,286,185,101
2019-08-06 14:00:00,208,136,72
2019-08-06 15:00:00,629,554,75
2019-08-06 16:00:00,709,596,113
2019-08-06 17:00:00,651,546,105
2019-08-06 18:00:00,577,430,147
2019-08-06 19:00:00,358,200,158
2019-08-06 20:00:00,289,130,159
2019-08-06 21:00:00,140,51,89
2019-08-06 22:00:00,15,8,7
2019-08-06 23:00:00,8,5,3
2019-08-07 00:00:00,6,5,1
2019-08-07 01:00:00,2,0,2
2019-08-07 02:00:00,3,2,1
2019-08-07 03:00:00,1,0,1
2019-08-07 04:00:00,7,3,4
2019-08-07 05:00:00,38,27,11
2019-08-07 06:00:00,266,158,108
2019-08-07 07:00:00,258,141,117
2019-08-07 08:00:00,199,123,76
2019-08-07 09:00:00,242,176,66
2019-08-07 10:00:00,234,165,69
2019-08-07 11:00:00,308,226,82
2019-08-07 12:00:00,348,221,127
2019-08-07 13:00:00,257,172,85
2019-08-07 14:00:00,368,291,77
2019-08-07 15:00:00,460,376,84
2019-08-07 16:00:00,636,543,93
2019-08-07 17:00:00,700,593,107
2019-08-07 18:00:00,465,357,108
2019-08-07 19:00:00,354,218,136
2019-08-07 20:00:00,290,125,165
2019-08-07 21:00:00,114,59,55
2019-08-07 22:00:00,27,12,15
2019-08-07 23:00:00,7,5,2
2019-08-08 00:00:00,3,3,0
2019-08-08 01:00:00,4,2,2
2019-08-08 02:00:00,1,0,1
2019-08-08 03:00:00,0,0,0
2019-08-08 04:00:00,5,3,2
2019-08-08 05:00:00,34,24,10
2019-08-08 06:00:00,152,83,69
2019-08-08 07:00:00,229,105,124
2019-08-08 08:00:00,174,82,92
2019-08-08 09:00:00,129,60,69
2019-08-08 10:00:00,255,185,70
2019-08-08 11:00:00,166,89,77
2019-08-08 12:00:00,344,197,147
2019-08-08 13:00:00,191,90,101
2019-08-08 14:00:00,145,71,74
2019-08-08 15:00:00,137,62,75
2019-08-08 16:00:00,147,77,70
2019-08-08 17:00:00,206,109,97
2019-08-08 18:00:00,224,108,116
2019-08-08 19:00:00,224,121,103
2019-08-08 20:00:00,153,77,76
2019-08-08 21:00:00,56,24,32
2019-08-08 22:00:00,8,3,5
2019-08-08 23:00:00,14,11,3
2019-08-09 00:00:00,3,0,3
2019-08-09 01:00:00,3,2,1
2019-08-09 02:00:00,1,1,0
2019-08-09 03:00:00,4,3,1
2019-08-09 04:00:00,4,1,3
2019-08-09 05:00:00,23,13,10
2019-08-09 06:00:00,129,71,58
2019-08-09 07:00:00,216,120,96
2019-08-09 08:00:00,216,112,104
2019-08-09 09:00:00,143,73,70
2019-08-09 10:00:00,193,90,103
2019-08-09 11:00:00,206,110,96
2019-08-09 12:00:00,279,144,135
2019-08-09 13:00:00,184,95,89
2019-08-09 14:00:00,215,116,99
2019-08-09 15:00:00,332,254,78
2019-08-09 16:00:00,458,365,93
2019-08-09 17:00:00,585,475,110
2019-08-09 18:00:00,455,349,106
2019-08-09 19:00:00,181,90,91
2019-08-09 20:00:00,135,56,79
2019-08-09 21:00:00,63,32,31
2019-08-09 22:00:00,40,31,9
2019-08-09 23:00:00,71,65,6
2019-08-10 00:00:00,4,2,2
2019-08-10 01:00:00,7,6,1
2019-08-10 02:00:00,4,1,3
2019-08-10 03:00:00,3,0,3
2019-08-10 04:00:00,2,1,1
2019-08-10 05:00:00,50,47,3
2019-08-10 06:00:00,288,275,13
2019-08-10 07:00:00,165,146,19
2019-08-10 08:00:00,87,67,20
2019-08-10 09:00:00,53,35,18
2019-08-10 10:00:00,124,68,56
2019-08-10 11:00:00,206,100,106
2019-08-10 12:00:00,239,137,102
2019-08-10 13:00:00,297,157,140
2019-08-10 14:00:00,387,250,137
2019-08-10 15:00:00,391,268,123
2019-08-10 16:00:00,464,322,142
2019-08-10 17:00:00,287,147,140
2019-08-10 18:00:00,192,92,100
2019-08-10 19:00:00,199,103,96
2019-08-10 20:00:00,174,78,96
2019-08-10 21:00:00,39,13,26
2019-08-10 22:00:00,18,7,11
2019-08-10 23:00:00,18,13,5
2019-08-11 00:00:00,14,8,6
2019-08-11 01:00:00,0,0,0
2019-08-11 02:00:00,0,0,0
2019-08-11 03:00:00,6,3,3
2019-08-11 04:00:00,0,0,0
2019-08-11 05:00:00,6,4,2
2019-08-11 06:00:00,56,33,23
2019-08-11 07:00:00,111,62,49
2019-08-11 08:00:00,167,77,90
2019-08-11 09:00:00,291,179,112
2019-08-11 10:00:00,260,134,126
2019-08-11 11:00:00,292,171,121
2019-08-11 12:00:00,261,140,121
2019-08-11 13:00:00,253,125,128
2019-08-11 14:00:00,271,139,132
2019-08-11 15:00:00,314,176,138
2019-08-11 16:00:00,231,129,102
2019-08-11 17:00:00,259,116,143
2019-08-11 18:00:00,203,108,95
2019-08-11 19:00:00,283,148,135
2019-08-11 20:00:00,253,113,140
2019-08-11 21:00:00,104,32,72
2019-08-11 22:00:00,18,3,15
2019-08-11 23:00:00,9,6,3
2019-08-12 00:00:00,4,3,1
2019-08-12 01:00:00,6,3,3
2019-08-12 02:00:00,11,6,5
2019-08-12 03:00:00,4,2,2
2019-08-12 04:00:00,2,2,0
2019-08-12 05:00:00,21,13,8
2019-08-12 06:00:00,116,69,47
2019-08-12 07:00:00,182,97,85
2019-08-12 08:00:00,163,80,83
2019-08-12 09:00:00,135,70,65
2019-08-12 10:00:00,132,65,67
2019-08-12 11:00:00,244,159,85
2019-08-12 12:00:00,315,177,138
2019-08-12 13:00:00,225,124,101
2019-08-12 14:00:00,317,227,90
2019-08-12 15:00:00,531,427,104
2019-08-12 16:00:00,615,505,110
2019-08-12 17:00:00,644,542,102
2019-08-12 18:00:00,531,365,166
2019-08-12 19:00:00,386,242,144
2019-08-12 20:00:00,325,146,179
2019-08-12 21:00:00,78,24,54
2019-08-12 22:00:00,21,15,6
2019-08-12 23:00:00,18,8,10
2019-08-13 00:00:00,8,2,6
2019-08-13 01:00:00,6,4,2
2019-08-13 02:00:00,9,4,5
2019-08-13 03:00:00,5,4,1
2019-08-13 04:00:00,8,7,1
2019-08-13 05:00:00,49,32,17
2019-08-13 06:00:00,428,327,101
2019-08-13 07:00:00,291,161,130
2019-08-13 08:00:00,248,151,97
2019-08-13 09:00:00,206,128,78
2019-08-13 10:00:00,260,173,87
2019-08-13 11:00:00,218,133,85
2019-08-13 12:00:00,319,178,141
2019-08-13 13:00:00,222,117,105
2019-08-13 14:00:00,300,222,78
2019-08-13 15:00:00,449,368,81
2019-08-13 16:00:00,598,492,106
2019-08-13 17:00:00,758,587,171
2019-08-13 18:00:00,323,184,139
2019-08-13 19:00:00,326,167,159
2019-08-13 20:00:00,253,112,141
2019-08-13 21:00:00,84,37,47
2019-08-13 22:00:00,32,16,16
2019-08-13 23:00:00,13,4,9
2019-08-14 00:00:00,2,1,1
2019-08-14 01:00:00,4,3,1
2019-08-14 02:00:00,5,4,1
2019-08-14 03:00:00,0,0,0
2019-08-14 04:00:00,7,7,0
2019-08-14 05:00:00,60,41,19
2019-08-14 06:00:00,221,134,87
2019-08-14 07:00:00,239,108,131
2019-08-14 08:00:00,182,108,74
2019-08-14 09:00:00,218,133,85
2019-08-14 10:00:00,155,81,74
2019-08-14 11:00:00,283,175,108
2019-08-14 12:00:00,302,156,146
2019-08-14 13:00:00,221,109,112
2019-08-14 14:00:00,254,168,86
2019-08-14 15:00:00,458,381,77
2019-08-14 16:00:00,429,334,95
2019-08-14 17:00:00,197,135,62
2019-08-14 18:00:00,382,254,128
2019-08-14 19:00:00,301,163,138
2019-08-14 20:00:00,266,124,142
2019-08-14 21:00:00,56,22,34
2019-08-14 22:00:00,32,18,14
2019-08-14 23:00:00,9,5,4
2019-08-15 00:00:00,11,8,3
2019-08-15 01:00:00,5,0,5
2019-08-15 02:00:00,3,2,1
2019-08-15 03:00:00,7,4,3
2019-08-15 04:00:00,2,1,1
2019-08-15 05:00:00,29,17,12
2019-08-15 06:00:00,170,101,69
2019-08-15 07:00:00,243,118,125
2019-08-15 08:00:00,183,90,93
2019-08-15 09:00:00,253,175,78
2019-08-15 10:00:00,131,66,65
2019-08-15 11:00:00,238,169,69
2019-08-15 12:00:00,324,159,165
2019-08-15 13:00:00,245,142,103
2019-08-15 14:00:00,276,193,83
2019-08-15 15:00:00,650,529,121
2019-08-15 16:00:00,579,480,99
2019-08-15 17:00:00,451,345,106
2019-08-15 18:00:00,274,152,122
2019-08-15 19:00:00,231,118,113
2019-08-15 20:00:00,239,126,113
2019-08-15 21:00:00,64,27,37
2019-08-15 22:00:00,24,12,12
2019-08-15 23:00:00,19,13,6
2019-08-16 00:00:00,6,0,6
2019-08-16 01:00:00,14,9,5
2019-08-16 02:00:00,6,2,4
2019-08-16 03:00:00,3,2,1
2019-08-16 04:00:00,3,2,1
2019-08-16 05:00:00,30,25,5
2019-08-16 06:00:00,134,97,37
2019-08-16 07:00:00,219,130,89
2019-08-16 08:00:00,177,105,72
2019-08-16 09:00:00,156,86,70
2019-08-16 10:00:00,172,102,70
2019-08-16 11:00:00,181,122,59
2019-08-16 12:00:00,603,501,102
2019-08-16 13:00:00,572,429,143
2019-08-16 14:00:00,789,512,277
2019-08-16 15:00:00,855,527,328
2019-08-16 16:00:00,1004,619,385
2019-08-16 17:00:00,957,509,448
2019-08-16 18:00:00,932,498,434
2019-08-16 19:00:00,830,226,604
2019-08-16 20:00:00,573,79,494
2019-08-16 21:00:00,111,44,67
2019-08-16 22:00:00,51,7,44
2019-08-16 23:00:00,35,5,30
2019-08-17 00:00:00,15,3,12
2019-08-17 01:00:00,1,0,1
2019-08-17 02:00:00,1,1,0
2019-08-17 03:00:00,0,0,0
2019-08-17 04:00:00,2,1,1
2019-08-17 05:00:00,3,2,1
2019-08-17 06:00:00,8,3,5
2019-08-17 07:00:00,79,58,21
2019-08-17 08:00:00,143,86,57
2019-08-17 09:00:00,199,121,78
2019-08-17 10:00:00,469,397,72
2019-08-17 11:00:00,599,485,114
2019-08-17 12:00:00,833,603,230
2019-08-17 13:00:00,1210,895,315
2019-08-17 14:00:00,1470,972,498
2019-08-17 15:00:00,1665,975,690
2019-08-17 16:00:00,1852,1136,716
2019-08-17 17:00:00,1633,823,810
2019-08-17 18:00:00,1590,744,846
2019-08-17 19:00:00,1402,352,1050
2019-08-17 20:00:00,723,102,621
2019-08-17 21:00:00,60,20,40
2019-08-17 22:00:00,25,13,12
2019-08-17 23:00:00,6,1,5
2019-08-18 00:00:00,3,2,1
2019-08-18 01:00:00,8,5,3
2019-08-18 02:00:00,7,3,4
2019-08-18 03:00:00,0,0,0
2019-08-18 04:00:00,2,1,1
2019-08-18 05:00:00,3,2,1
2019-08-18 06:00:00,11,8,3
2019-08-18 07:00:00,54,39,15
2019-08-18 08:00:00,143,96,47
2019-08-18 09:00:00,127,82,45
2019-08-18 10:00:00,407,353,54
2019-08-18 11:00:00,535,436,99
2019-08-18 12:00:00,802,583,219
2019-08-18 13:00:00,1151,868,283
2019-08-18 14:00:00,1533,994,539
2019-08-18 15:00:00,1754,1108,646
2019-08-18 16:00:00,1999,1183,816
2019-08-18 17:00:00,1760,913,847
2019-08-18 18:00:00,1520,665,855
2019-08-18 19:00:00,1194,328,866
2019-08-18 20:00:00,785,90,695
2019-08-18 21:00:00,102,43,59
2019-08-18 22:00:00,31,16,15
2019-08-18 23:00:00,16,3,13
2019-08-19 00:00:00,4,2,2
2019-08-19 01:00:00,2,1,1
2019-08-19 02:00:00,2,0,2
2019-08-19 03:00:00,6,5,1
2019-08-19 04:00:00,1,1,0
2019-08-19 05:00:00,18,10,8
2019-08-19 06:00:00,107,61,46
2019-08-19 07:00:00,139,71,68
2019-08-19 08:00:00,103,54,49
2019-08-19 09:00:00,132,61,71
2019-08-19 10:00:00,95,44,51
2019-08-19 11:00:00,141,79,62
2019-08-19 12:00:00,260,132,128
2019-08-19 13:00:00,161,72,89
2019-08-19 14:00:00,233,162,71
2019-08-19 15:00:00,524,451,73
2019-08-19 16:00:00,635,539,96
2019-08-19 17:00:00,591,494,97
2019-08-19 18:00:00,497,351,146
2019-08-19 19:00:00,361,217,144
2019-08-19 20:00:00,218,86,132
2019-08-19 21:00:00,43,19,24
2019-08-19 22:00:00,15,8,7
2019-08-19 23:00:00,5,3,2
2019-08-20 00:00:00,3,1,2
2019-08-20 01:00:00,3,1,2
2019-08-20 02:00:00,2,1,1
2019-08-20 03:00:00,3,2,1
2019-08-20 04:00:00,1,1,0
2019-08-20 05:00:00,36,18,18
2019-08-20 06:00:00,184,103,81
2019-08-20 07:00:00,209,92,117
2019-08-20 08:00:00,167,77,90
2019-08-20 09:00:00,127,60,67
2019-08-20 10:00:00,134,52,82
2019-08-20 11:00:00,215,115,100
2019-08-20 12:00:00,287,144,143
2019-08-20 13:00:00,171,69,102
2019-08-20 14:00:00,119,52,67
2019-08-20 15:00:00,150,85,65
2019-08-20 16:00:00,177,108,69
2019-08-20 17:00:00,235,131,104
2019-08-20 18:00:00,209,96,113
2019-08-20 19:00:00,197,91,106
2019-08-20 20:00:00,141,62,79
2019-08-20 21:00:00,22,8,14
2019-08-20 22:00:00,11,5,6
2019-08-20 23:00:00,9,5,4
2019-08-21 00:00:00,3,2,1
2019-08-21 01:00:00,1,1,0
2019-08-21 02:00:00,1,1,0
2019-08-21 03:00:00,2,2,0
2019-08-21 04:00:00,3,2,1
2019-08-21 05:00:00,33,17,16
2019-08-21 06:00:00,116,64,52
2019-08-21 07:00:00,99,46,53
2019-08-21 08:00:00,93,59,34
2019-08-21 09:00:00,60,27,33
2019-08-21 10:00:00,62,31,31
2019-08-21 11:00:00,113,67,46
2019-08-21 12:00:00,204,103,101
2019-08-21 13:00:00,123,49,74
2019-08-21 14:00:00,101,54,47
2019-08-21 15:00:00,105,38,67
2019-08-21 16:00:00,76,29,47
2019-08-21 17:00:00,97,57,40
2019-08-21 18:00:00,152,78,74
2019-08-21 19:00:00,153,67,86
2019-08-21 20:00:00,106,41,65
2019-08-21 21:00:00,22,12,10
2019-08-21 22:00:00,6,4,2
2019-08-21 23:00:00,6,2,4
2019-08-22 00:00:00,0,0,0
2019-08-22 01:00:00,3,2,1
2019-08-22 02:00:00,0,0,0
2019-08-22 03:00:00,5,3,2
2019-08-22 04:00:00,0,0,0
2019-08-22 05:00:00,26,18,8
2019-08-22 06:00:00,132,77,55
2019-08-22 07:00:00,184,77,107
2019-08-22 08:00:00,145,68,77
2019-08-22 09:00:00,117,60,57
2019-08-22 10:00:00,104,47,57
2019-08-22 11:00:00,136,65,71
2019-08-22 12:00:00,225,111,114
2019-08-22 13:00:00,158,78,80
2019-08-22 14:00:00,279,191,88
2019-08-22 15:00:00,532,429,103
2019-08-22 16:00:00,705,602,103
2019-08-22 17:00:00,512,374,138
2019-08-22 18:00:00,384,245,139
2019-08-22 19:00:00,327,182,145
2019-08-22 20:00:00,237,90,147
2019-08-22 21:00:00,39,18,21
2019-08-22 22:00:00,9,3,6
2019-08-22 23:00:00,4,3,1
2019-08-23 00:00:00,3,2,1
2019-08-23 01:00:00,4,3,1
2019-08-23 02:00:00,5,3,2
2019-08-23 03:00:00,4,1,3
2019-08-23 04:00:00,3,1,2
2019-08-23 05:00:00,13,8,5
2019-08-23 06:00:00,107,59,48
2019-08-23 07:00:00,155,78,77
2019-08-23 08:00:00,144,60,84
2019-08-23 09:00:00,117,52,65
2019-08-23 10:00:00,140,53,87
2019-08-23 11:00:00,157,79,78
2019-08-23 12:00:00,226,102,124
2019-08-23 13:00:00,164,73,91
2019-08-23 14:00:00,140,68,72
2019-08-23 15:00:00,175,78,97
2019-08-23 16:00:00,147,80,67
2019-08-23 17:00:00,169,81,88
2019-08-23 18:00:00,185,87,98
2019-08-23 19:00:00,171,69,102
2019-08-23 20:00:00,79,32,47
2019-08-23 21:00:00,27,14,13
2019-08-23 22:00:00,12,7,5
2019-08-23 23:00:00,13,5,8
2019-08-24 00:00:00,2,1,1
2019-08-24 01:00:00,3,1,2
2019-08-24 02:00:00,8,6,2
2019-08-24 03:00:00,4,4,0
2019-08-24 04:00:00,4,2,2
2019-08-24 05:00:00,30,26,4
2019-08-24 06:00:00,49,35,14
2019-08-24 07:00:00,164,107,57
2019-08-24 08:00:00,227,132,95
2019-08-24 09:00:00,288,168,120
2019-08-24 10:00:00,271,156,115
2019-08-24 11:00:00,275,147,128
2019-08-24 12:00:00,289,137,152
2019-08-24 13:00:00,286,125,161
2019-08-24 14:00:00,410,260,150
2019-08-24 15:00:00,351,220,131
2019-08-24 16:00:00,217,91,126
2019-08-24 17:00:00,205,91,114
2019-08-24 18:00:00,212,117,95
2019-08-24 19:00:00,172,80,92
2019-08-24 20:00:00,127,54,73
2019-08-24 21:00:00,30,11,19
2019-08-24 22:00:00,16,6,10
2019-08-24 23:00:00,13,7,6
2019-08-25 00:00:00,5,3,2
2019-08-25 01:00:00,6,3,3
2019-08-25 02:00:00,4,3,1
2019-08-25 03:00:00,2,1,1
2019-08-25 04:00:00,4,2,2
2019-08-25 05:00:00,5,3,2
2019-08-25 06:00:00,28,17,11
2019-08-25 07:00:00,91,51,40
2019-08-25 08:00:00,189,101,88
2019-08-25 09:00:00,183,93,90
2019-08-25 10:00:00,236,126,110
2019-08-25 11:00:00,241,112,129
2019-08-25 12:00:00,213,101,112
2019-08-25 13:00:00,230,129,101
2019-08-25 14:00:00,489,353,136
2019-08-25 15:00:00,729,551,178
2019-08-25 16:00:00,680,534,146
2019-08-25 17:00:00,507,325,182
2019-08-25 18:00:00,342,199,143
2019-08-25 19:00:00,257,123,134
2019-08-25 20:00:00,173,76,97
2019-08-25 21:00:00,27,8,19
2019-08-25 22:00:00,11,7,4
2019-08-25 23:00:00,9,3,6
2019-08-26 00:00:00,6,2,4
2019-08-26 01:00:00,2,1,1
2019-08-26 02:00:00,1,1,0
2019-08-26 03:00:00,1,0,1
2019-08-26 04:00:00,5,3,2
2019-08-26 05:00:00,10,7,3
2019-08-26 06:00:00,116,64,52
2019-08-26 07:00:00,173,79,94
2019-08-26 08:00:00,136,69,67
2019-08-26 09:00:00,113,50,63
2019-08-26 10:00:00,158,80,78
2019-08-26 11:00:00,195,98,97
2019-08-26 12:00:00,298,150,148
2019-08-26 13:00:00,212,96,116
2019-08-26 14:00:00,495,403,92
2019-08-26 15:00:00,995,895,100
2019-08-26 16:00:00,1057,916,141
2019-08-26 17:00:00,821,718,103
2019-08-26 18:00:00,607,447,160
2019-08-26 19:00:00,367,185,182
2019-08-26 20:00:00,212,78,134
2019-08-26 21:00:00,27,10,17
2019-08-26 22:00:00,10,7,3
2019-08-26 23:00:00,8,4,4
2019-08-27 00:00:00,3,2,1
2019-08-27 01:00:00,1,1,0
2019-08-27 02:00:00,2,1,1
2019-08-27 03:00:00,0,0,0
2019-08-27 04:00:00,3,2,1
2019-08-27 05:00:00,26,21,5
2019-08-27 06:00:00,237,146,91
2019-08-27 07:00:00,262,135,127
2019-08-27 08:00:00,156,68,88
2019-08-27 09:00:00,131,57,74
2019-08-27 10:00:00,195,82,113
2019-08-27 11:00:00,190,95,95
2019-08-27 12:00:00,261,141,120
2019-08-27 13:00:00,195,93,102
2019-08-27 14:00:00,556,473,83
2019-08-27 15:00:00,1021,925,96
2019-08-27 16:00:00,843,745,98
2019-08-27 17:00:00,845,705,140
2019-08-27 18:00:00,680,551,129
2019-08-27 19:00:00,385,206,179
2019-08-27 20:00:00,194,88,106
2019-08-27 21:00:00,42,14,28
2019-08-27 22:00:00,13,10,3
2019-08-27 23:00:00,7,3,4
2019-08-28 00:00:00,3,3,0
2019-08-28 01:00:00,2,1,1
2019-08-28 02:00:00,5,4,1
2019-08-28 03:00:00,3,1,2
2019-08-28 04:00:00,12,6,6
2019-08-28 05:00:00,20,9,11
2019-08-28 06:00:00,192,112,80
2019-08-28 07:00:00,213,98,115
2019-08-28 08:00:00,159,70,89
2019-08-28 09:00:00,115,48,67
2019-08-28 10:00:00,122,55,67
2019-08-28 11:00:00,184,96,88
2019-08-28 12:00:00,270,148,122
2019-08-28 13:00:00,192,92,100
2019-08-28 14:00:00,342,281,61
2019-08-28 15:00:00,668,579,89
2019-08-28 16:00:00,790,722,68
2019-08-28 17:00:00,780,669,111
2019-08-28 18:00:00,571,470,101
2019-08-28 19:00:00,359,216,143
2019-08-28 20:00:00,238,94,144
2019-08-28 21:00:00,38,17,21
2019-08-28 22:00:00,27,14,13
2019-08-28 23:00:00,5,2,3
2019-08-29 00:00:00,6,3,3
2019-08-29 01:00:00,7,4,3
2019-08-29 02:00:00,2,2,0
2019-08-29 03:00:00,3,2,1
2019-08-29 04:00:00,5,0,5
2019-08-29 05:00:00,17,12,5
2019-08-29 06:00:00,171,93,78
2019-08-29 07:00:00,191,97,94
2019-08-29 08:00:00,151,65,86
2019-08-29 09:00:00,168,99,69
2019-08-29 10:00:00,140,61,79
2019-08-29 11:00:00,176,89,87
2019-08-29 12:00:00,248,126,122
2019-08-29 13:00:00,163,79,84
2019-08-29 14:00:00,397,322,75
2019-08-29 15:00:00,620,534,86
2019-08-29 16:00:00,133,65,68
2019-08-29 17:00:00,142,73,69
2019-08-29 18:00:00,75,40,35
2019-08-29 19:00:00,46,24,22
2019-08-29 20:00:00,35,13,22
2019-08-29 21:00:00,13,6,7
2019-08-29 22:00:00,4,3,1
2019-08-29 23:00:00,18,13,5
2019-08-30 00:00:00,1,0,1
2019-08-30 01:00:00,5,3,2
2019-08-30 02:00:00,6,2,4
2019-08-30 03:00:00,2,1,1
2019-08-30 04:00:00,36,34,2
2019-08-30 05:00:00,25,19,6
2019-08-30 06:00:00,126,78,48
2019-08-30 07:00:00,208,119,89
2019-08-30 08:00:00,177,95,82
2019-08-30 09:00:00,192,110,82
2019-08-30 10:00:00,151,87,64
2019-08-30 11:00:00,169,93,76
2019-08-30 12:00:00,222,118,104
2019-08-30 13:00:00,137,66,71
2019-08-30 14:00:00,194,98,96
2019-08-30 15:00:00,286,203,83
2019-08-30 16:00:00,285,197,88
2019-08-30 17:00:00,183,97,86
2019-08-30 18:00:00,196,107,89
2019-08-30 19:00:00,198,94,104
2019-08-30 20:00:00,112,46,66
2019-08-30 21:00:00,56,39,17
2019-08-30 22:00:00,47,43,4
2019-08-30 23:00:00,8,1,7
2019-08-31 00:00:00,8,6,2
2019-08-31 01:00:00,7,4,3
2019-08-31 02:00:00,2,2,0
2019-08-31 03:00:00,1,1,0
2019-08-31 04:00:00,2,1,1
2019-08-31 05:00:00,26,20,6
2019-08-31 06:00:00,46,35,11
2019-08-31 07:00:00,129,80,49
2019-08-31 08:00:00,245,155,90
2019-08-31 09:00:00,308,179,129
2019-08-31 10:00:00,216,107,109
2019-08-31 11:00:00,254,126,128
2019-08-31 12:00:00,240,145,95
2019-08-31 13:00:00,212,108,104
2019-08-31 14:00:00,211,114,97
2019-08-31 15:00:00,211,114,97
2019-08-31 16:00:00,144,63,81
2019-08-31 17:00:00,163,86,77
2019-08-31 18:00:00,170,85,85
2019-08-31 19:00:00,209,90,119
2019-08-31 20:00:00,140,60,80
2019-08-31 21:00:00,30,21,9
2019-08-31 22:00:00,28,23,5
2019-08-31 23:00:00,17,16,1
2019-09-01 00:00:00,3,1,2
2019-09-01 01:00:00,6,4,2
2019-09-01 02:00:00,8,4,4
2019-09-01 03:00:00,0,0,0
2019-09-01 04:00:00,2,1,1
2019-09-01 05:00:00,133,133,0
2019-09-01 06:00:00,65,51,14
2019-09-01 07:00:00,116,84,32
2019-09-01 08:00:00,182,112,70
2019-09-01 09:00:00,246,132,114
2019-09-01 10:00:00,255,146,109
2019-09-01 11:00:00,250,115,135
2019-09-01 12:00:00,201,98,103
2019-09-01 13:00:00,264,150,114
2019-09-01 14:00:00,244,134,110
2019-09-01 15:00:00,373,257,116
2019-09-01 16:00:00,260,162,98
2019-09-01 17:00:00,347,227,120
2019-09-01 18:00:00,340,227,113
2019-09-01 19:00:00,236,122,114
2019-09-01 20:00:00,187,84,103
2019-09-01 21:00:00,91,76,15
2019-09-01 22:00:00,133,107,26
2019-09-01 23:00:00,17,14,3
2019-09-02 00:00:00,14,9,5
2019-09-02 01:00:00,3,3,0
2019-09-02 02:00:00,6,5,1
2019-09-02 03:00:00,0,0,0
2019-09-02 04:00:00,3,2,1
2019-09-02 05:00:00,5,3,2
2019-09-02 06:00:00,34,23,11
2019-09-02 07:00:00,212,148,64
2019-09-02 08:00:00,334,212,122
2019-09-02 09:00:00,380,244,136
2019-09-02 10:00:00,353,199,154
2019-09-02 11:00:00,336,171,165
2019-09-02 12:00:00,283,150,133
2019-09-02 13:00:00,279,135,144
2019-09-02 14:00:00,393,254,139
2019-09-02 15:00:00,514,399,115
2019-09-02 16:00:00,558,389,169
2019-09-02 17:00:00,387,246,141
2019-09-02 18:00:00,299,171,128
2019-09-02 19:00:00,279,147,132
2019-09-02 20:00:00,126,40,86
2019-09-02 21:00:00,63,42,21
2019-09-02 22:00:00,9,4,5
2019-09-02 23:00:00,14,12,2
2019-09-03 00:00:00,8,6,2
2019-09-03 01:00:00,1,1,0
2019-09-03 02:00:00,0,0,0
2019-09-03 03:00:00,2,1,1
2019-09-03 04:00:00,3,2,1
2019-09-03 05:00:00,52,33,19
2019-09-03 06:00:00,166,127,39
2019-09-03 07:00:00,238,151,87
2019-09-03 08:00:00,260,175,85
2019-09-03 09:00:00,175,121,54
2019-09-03 10:00:00,206,138,68
2019-09-03 11:00:00,236,155,81
2019-09-03 12:00:00,312,174,138
2019-09-03 13:00:00,235,142,93
2019-09-03 14:00:00,247,167,80
2019-09-03 15:00:00,270,201,69
2019-09-03 16:00:00,333,253,80
2019-09-03 17:00:00,338,244,94
2019-09-03 18:00:00,382,237,145
2019-09-03 19:00:00,340,171,169
2019-09-03 20:00:00,165,71,94
2019-09-03 21:00:00,34,22,12
2019-09-03 22:00:00,26,20,6
2019-09-03 23:00:00,25,23,2
2019-09-04 00:00:00,19,16,3
2019-09-04 01:00:00,6,3,3
2019-09-04 02:00:00,27,17,10
2019-09-04 03:00:00,20,18,2
2019-09-04 04:00:00,9,7,2
2019-09-04 05:00:00,16,9,7
2019-09-04 06:00:00,133,80,53
2019-09-04 07:00:00,199,116,83
2019-09-04 08:00:00,200,118,82
2019-09-04 09:00:00,117,61,56
2019-09-04 10:00:00,149,101,48
2019-09-04 11:00:00,195,119,76
2019-09-04 12:00:00,286,164,122
2019-09-04 13:00:00,238,148,90
2019-09-04 14:00:00,224,155,69
2019-09-04 15:00:00,222,146,76
2019-09-04 16:00:00,398,316,82
2019-09-04 17:00:00,413,311,102
2019-09-04 18:00:00,305,177,128
2019-09-04 19:00:00,303,151,152
2019-09-04 20:00:00,131,42,89
2019-09-04 21:00:00,16,7,9
2019-09-04 22:00:00,20,16,4
2019-09-04 23:00:00,7,3,4
2019-09-05 00:00:00,0,0,0
2019-09-05 01:00:00,4,2,2
2019-09-05 02:00:00,4,3,1
2019-09-05 03:00:00,3,2,1
2019-09-05 04:00:00,2,0,2
2019-09-05 05:00:00,16,13,3
2019-09-05 06:00:00,167,96,71
2019-09-05 07:00:00,193,102,91
2019-09-05 08:00:00,135,51,84
2019-09-05 09:00:00,102,56,46
2019-09-05 10:00:00,165,106,59
2019-09-05 11:00:00,217,127,90
2019-09-05 12:00:00,311,164,147
2019-09-05 13:00:00,306,197,109
2019-09-05 14:00:00,283,200,83
2019-09-05 15:00:00,290,204,86
2019-09-05 16:00:00,184,113,71
2019-09-05 17:00:00,347,259,88
2019-09-05 18:00:00,282,175,107
2019-09-05 19:00:00,309,164,145
2019-09-05 20:00:00,178,107,71
2019-09-05 21:00:00,57,45,12
2019-09-05 22:00:00,56,51,5
2019-09-05 23:00:00,48,35,13
2019-09-06 00:00:00,49,43,6
2019-09-06 01:00:00,234,173,61
2019-09-06 02:00:00,19,18,1
2019-09-06 03:00:00,26,21,5
2019-09-06 04:00:00,28,22,6
2019-09-06 05:00:00,154,148,6
2019-09-06 06:00:00,494,421,73
2019-09-06 07:00:00,518,395,123
2019-09-06 08:00:00,535,404,131
2019-09-06 09:00:00,470,401,69
2019-09-06 10:00:00,315,213,102
2019-09-06 11:00:00,389,296,93
2019-09-06 12:00:00,357,239,118
2019-09-06 13:00:00,252,155,97
2019-09-06 14:00:00,313,219,94
2019-09-06 15:00:00,380,311,69
2019-09-06 16:00:00,477,398,79
2019-09-06 17:00:00,362,279,83
2019-09-06 18:00:00,245,133,112
2019-09-06 19:00:00,233,118,115
2019-09-06 20:00:00,133,73,60
2019-09-06 21:00:00,40,15,25
2019-09-06 22:00:00,37,30,7
2019-09-06 23:00:00,23,16,7
2019-09-07 00:00:00,12,11,1
2019-09-07 01:00:00,12,11,1
2019-09-07 02:00:00,7,5,2
2019-09-07 03:00:00,9,8,1
2019-09-07 04:00:00,4,1,3
2019-09-07 05:00:00,14,13,1
2019-09-07 06:00:00,384,364,20
2019-09-07 07:00:00,296,242,54
2019-09-07 08:00:00,345,228,117
2019-09-07 09:00:00,469,350,119
2019-09-07 10:00:00,288,164,124
2019-09-07 11:00:00,343,184,159
2019-09-07 12:00:00,647,518,129
2019-09-07 13:00:00,493,360,133
2019-09-07 14:00:00,439,332,107
2019-09-07 15:00:00,391,251,140
2019-09-07 16:00:00,251,147,104
2019-09-07 17:00:00,208,123,85
2019-09-07 18:00:00,238,149,89
2019-09-07 19:00:00,201,120,81
2019-09-07 20:00:00,91,70,21
2019-09-07 21:00:00,21,20,1
2019-09-07 22:00:00,41,36,5
2019-09-07 23:00:00,19,14,5
2019-09-08 00:00:00,14,10,4
2019-09-08 01:00:00,14,13,1
2019-09-08 02:00:00,47,45,2
2019-09-08 03:00:00,1,0,1
2019-09-08 04:00:00,4,4,0
2019-09-08 05:00:00,131,123,8
2019-09-08 06:00:00,502,452,50
2019-09-08 07:00:00,405,353,52
2019-09-08 08:00:00,629,549,80
2019-09-08 09:00:00,347,264,83
2019-09-08 10:00:00,485,360,125
2019-09-08 11:00:00,473,361,112
2019-09-08 12:00:00,318,217,101
2019-09-08 13:00:00,279,189,90
2019-09-08 14:00:00,282,184,98
2019-09-08 15:00:00,738,659,79
2019-09-08 16:00:00,295,232,63
2019-09-08 17:00:00,374,261,113
2019-09-08 18:00:00,291,174,117
2019-09-08 19:00:00,230,137,93
2019-09-08 20:00:00,59,24,35
2019-09-08 21:00:00,35,33,2
2019-09-08 22:00:00,31,28,3
2019-09-08 23:00:00,11,9,2
2019-09-09 00:00:00,14,11,3
2019-09-09 01:00:00,8,7,1
2019-09-09 02:00:00,5,4,1
2019-09-09 03:00:00,0,0,0
2019-09-09 04:00:00,8,6,2
2019-09-09 05:00:00,17,10,7
2019-09-09 06:00:00,223,185,38
2019-09-09 07:00:00,256,180,76
2019-09-09 08:00:00,388,323,65
2019-09-09 09:00:00,264,206,58
2019-09-09 10:00:00,258,215,43
2019-09-09 11:00:00,220,151,69
2019-09-09 12:00:00,203,126,77
2019-09-09 13:00:00,201,151,50
2019-09-09 14:00:00,315,273,42
2019-09-09 15:00:00,288,239,49
2019-09-09 16:00:00,316,249,67
2019-09-09 17:00:00,338,261,77
2019-09-09 18:00:00,257,166,91
2019-09-09 19:00:00,229,141,88
2019-09-09 20:00:00,345,292,53
2019-09-09 21:00:00,243,236,7
2019-09-09 22:00:00,43,38,5
2019-09-09 23:00:00,36,33,3
2019-09-10 00:00:00,21,20,1
2019-09-10 01:00:00,19,17,2
2019-09-10 02:00:00,38,36,2
2019-09-10 03:00:00,81,80,1
2019-09-10 04:00:00,44,39,5
2019-09-10 05:00:00,25,19,6
2019-09-10 06:00:00,288,214,74
2019-09-10 07:00:00,365,245,120
2019-09-10 08:00:00,291,212,79
2019-09-10 09:00:00,114,69,45
2019-09-10 10:00:00,175,125,50
2019-09-10 11:00:00,273,184,89
2019-09-10 12:00:00,509,359,150
2019-09-10 13:00:00,332,232,100
2019-09-10 14:00:00,317,235,82
2019-09-10 15:00:00,592,480,112
2019-09-10 16:00:00,431,333,98
2019-09-10 17:00:00,421,274,147
2019-09-10 18:00:00,548,364,184
2019-09-10 19:00:00,376,205,171
2019-09-10 20:00:00,145,87,58
2019-09-10 21:00:00,101,81,20
2019-09-10 22:00:00,68,58,10
2019-09-10 23:00:00,21,14,7
2019-09-11 00:00:00,14,13,1
2019-09-11 01:00:00,12,11,1
2019-09-11 02:00:00,2,1,1
2019-09-11 03:00:00,3,1,2
2019-09-11 04:00:00,2,1,1
2019-09-11 05:00:00,34,21,13
2019-09-11 06:00:00,170,105,65
2019-09-11 07:00:00,236,131,105
2019-09-11 08:00:00,269,190,79
2019-09-11 09:00:00,235,168,67
2019-09-11 10:00:00,155,99,56
2019-09-11 11:00:00,261,170,91
2019-09-11 12:00:00,304,183,121
2019-09-11 13:00:00,229,128,101
2019-09-11 14:00:00,176,105,71
2019-09-11 15:00:00,194,113,81
2019-09-11 16:00:00,197,120,77
2019-09-11 17:00:00,229,135,94
2019-09-11 18:00:00,276,146,130
2019-09-11 19:00:00,259,127,132
2019-09-11 20:00:00,127,60,67
2019-09-11 21:00:00,32,22,10
2019-09-11 22:00:00,27,17,10
2019-09-11 23:00:00,13,10,3
2019-09-12 00:00:00,6,2,4
2019-09-12 01:00:00,6,4,2
2019-09-12 02:00:00,4,3,1
2019-09-12 03:00:00,7,6,1
2019-09-12 04:00:00,2,2,0
2019-09-12 05:00:00,14,9,5
2019-09-12 06:00:00,145,89,56
2019-09-12 07:00:00,218,110,108
2019-09-12 08:00:00,217,137,80
2019-09-12 09:00:00,222,149,73
2019-09-12 10:00:00,200,116,84
2019-09-12 11:00:00,236,155,81
2019-09-12 12:00:00,343,196,147
2019-09-12 13:00:00,317,205,112
2019-09-12 14:00:00,323,216,107
2019-09-12 15:00:00,260,193,67
2019-09-12 16:00:00,213,122,91
2019-09-12 17:00:00,259,155,104
2019-09-12 18:00:00,273,166,107
2019-09-12 19:00:00,201,95,106
2019-09-12 20:00:00,93,60,33
2019-09-12 21:00:00,12,9,3
2019-09-12 22:00:00,29,24,5
2019-09-12 23:00:00,21,18,3
2019-09-13 00:00:00,11,10,1
2019-09-13 01:00:00,8,7,1
2019-09-13 02:00:00,0,0,0
2019-09-13 03:00:00,5,4,1
2019-09-13 04:00:00,2,1,1
2019-09-13 05:00:00,114,106,8
2019-09-13 06:00:00,327,281,46
2019-09-13 07:00:00,438,343,95
2019-09-13 08:00:00,354,264,90
2019-09-13 09:00:00,361,297,64
2019-09-13 10:00:00,294,222,72
2019-09-13 11:00:00,268,195,73
2019-09-13 12:00:00,306,193,113
2019-09-13 13:00:00,224,134,90
2019-09-13 14:00:00,115,57,58
2019-09-13 15:00:00,154,97,57
2019-09-13 16:00:00,163,83,80
2019-09-13 17:00:00,177,80,97
2019-09-13 18:00:00,192,124,68
2019-09-13 19:00:00,142,60,82
2019-09-13 20:00:00,406,377,29
2019-09-13 21:00:00,426,415,11
2019-09-13 22:00:00,30,26,4
2019-09-13 23:00:00,54,48,6
2019-09-14 00:00:00,3,3,0
2019-09-14 01:00:00,9,7,2
2019-09-14 02:00:00,2,0,2
2019-09-14 03:00:00,3,1,2
2019-09-14 04:00:00,2,0,2
2019-09-14 05:00:00,23,20,3
2019-09-14 06:00:00,217,204,13
2019-09-14 07:00:00,395,345,50
2019-09-14 08:00:00,324,247,77
2019-09-14 09:00:00,340,235,105
2019-09-14 10:00:00,251,152,99
2019-09-14 11:00:00,240,138,102
2019-09-14 12:00:00,237,132,105
2019-09-14 13:00:00,209,113,96
2019-09-14 14:00:00,246,139,107
2019-09-14 15:00:00,433,316,117
2019-09-14 16:00:00,317,238,79
2019-09-14 17:00:00,359,277,82
2019-09-14 18:00:00,546,415,131
2019-09-14 19:00:00,590,349,241
2019-09-14 20:00:00,65,47,18
2019-09-14 21:00:00,58,52,6
2019-09-14 22:00:00,53,49,4
2019-09-14 23:00:00,33,31,2
2019-09-15 00:00:00,9,7,2
2019-09-15 01:00:00,2,1,1
2019-09-15 02:00:00,3,2,1
2019-09-15 03:00:00,2,1,1
2019-09-15 04:00:00,1,1,0
2019-09-15 05:00:00,6,4,2
2019-09-15 06:00:00,66,64,2
2019-09-15 07:00:00,195,160,35
2019-09-15 08:00:00,85,50,35
2019-09-15 09:00:00,97,58,39
2019-09-15 10:00:00,89,41,48
2019-09-15 11:00:00,83,52,31
2019-09-15 12:00:00,134,84,50
2019-09-15 13:00:00,201,166,35
2019-09-15 14:00:00,218,136,82
2019-09-15 15:00:00,129,65,64
2019-09-15 16:00:00,169,89,80
2019-09-15 17:00:00,188,103,85
2019-09-15 18:00:00,176,98,78
2019-09-15 19:00:00,162,66,96
2019-09-15 20:00:00,54,18,36
2019-09-15 21:00:00,7,0,7
2019-09-15 22:00:00,9,7,2
2019-09-15 23:00:00,7,4,3
2019-09-16 00:00:00,4,2,2
2019-09-16 01:00:00,1,0,1
2019-09-16 02:00:00,2,1,1
2019-09-16 03:00:00,5,3,2
2019-09-16 04:00:00,0,0,0
2019-09-16 05:00:00,12,9,3
2019-09-16 06:00:00,103,58,45
2019-09-16 07:00:00,155,85,70
2019-09-16 08:00:00,109,52,57
2019-09-16 09:00:00,100,40,60
2019-09-16 10:00:00,109,51,58
2019-09-16 11:00:00,218,119,99
2019-09-16 12:00:00,315,156,159
2019-09-16 13:00:00,175,81,94
2019-09-16 14:00:00,163,85,78
2019-09-16 15:00:00,273,177,96
2019-09-16 16:00:00,362,272,90
2019-09-16 17:00:00,426,309,117
2019-09-16 18:00:00,306,176,130
2019-09-16 19:00:00,238,115,123
2019-09-16 20:00:00,129,97,32
2019-09-16 21:00:00,26,19,7
2019-09-16 22:00:00,29,22,7
2019-09-16 23:00:00,8,6,2
2019-09-17 00:00:00,1,1,0
2019-09-17 01:00:00,6,3,3
2019-09-17 02:00:00,0,0,0
2019-09-17 03:00:00,6,3,3
2019-09-17 04:00:00,18,12,6
2019-09-17 05:00:00,21,15,6
2019-09-17 06:00:00,151,90,61
2019-09-17 07:00:00,185,98,87
2019-09-17 08:00:00,105,56,49
2019-09-17 09:00:00,99,74,25
2019-09-17 10:00:00,33,16,17
2019-09-17 11:00:00,120,81,39
2019-09-17 12:00:00,179,87,92
2019-09-17 13:00:00,96,44,52
2019-09-17 14:00:00,49,27,22
2019-09-17 15:00:00,62,34,28
2019-09-17 16:00:00,130,71,59
2019-09-17 17:00:00,126,60,66
2019-09-17 18:00:00,123,66,57
2019-09-17 19:00:00,109,41,68
2019-09-17 20:00:00,37,22,15
2019-09-17 21:00:00,4,1,3
2019-09-17 22:00:00,8,4,4
2019-09-17 23:00:00,6,6,0
2019-09-18 00:00:00,7,5,2
2019-09-18 01:00:00,0,0,0
2019-09-18 02:00:00,0,0,0
2019-09-18 03:00:00,3,2,1
2019-09-18 04:00:00,2,1,1
2019-09-18 05:00:00,15,11,4
2019-09-18 06:00:00,123,74,49
2019-09-18 07:00:00,159,78,81
2019-09-18 08:00:00,116,45,71
2019-09-18 09:00:00,91,40,51
2019-09-18 10:00:00,147,83,64
2019-09-18 11:00:00,168,79,89
2019-09-18 12:00:00,265,132,133
2019-09-18 13:00:00,184,103,81
2019-09-18 14:00:00,177,92,85
2019-09-18 15:00:00,256,164,92
2019-09-18 16:00:00,314,217,97
2019-09-18 17:00:00,267,142,125
2019-09-18 18:00:00,312,159,153
2019-09-18 19:00:00,252,109,143
2019-09-18 20:00:00,55,18,37
2019-09-18 21:00:00,12,8,4
2019-09-18 22:00:00,9,3,6
2019-09-18 23:00:00,3,2,1
2019-09-19 00:00:00,5,1,4
2019-09-19 01:00:00,2,1,1
2019-09-19 02:00:00,0,0,0
2019-09-19 03:00:00,2,1,1
2019-09-19 04:00:00,0,0,0
2019-09-19 05:00:00,14,12,2
2019-09-19 06:00:00,103,56,47
2019-09-19 07:00:00,189,100,89
2019-09-19 08:00:00,131,48,83
2019-09-19 09:00:00,103,50,53
2019-09-19 10:00:00,86,34,52
2019-09-19 11:00:00,191,108,83
2019-09-19 12:00:00,239,112,127
2019-09-19 13:00:00,170,81,89
2019-09-19 14:00:00,151,66,85
2019-09-19 15:00:00,231,144,87
2019-09-19 16:00:00,231,126,105
2019-09-19 17:00:00,228,125,103
2019-09-19 18:00:00,233,119,114
2019-09-19 19:00:00,146,55,91
2019-09-19 20:00:00,25,9,16
2019-09-19 21:00:00,15,14,1
2019-09-19 22:00:00,13,4,9
2019-09-19 23:00:00,10,7,3
2019-09-20 00:00:00,3,2,1
2019-09-20 01:00:00,5,3,2
2019-09-20 02:00:00,2,0,2
2019-09-20 03:00:00,0,0,0
2019-09-20 04:00:00,1,0,1
2019-09-20 05:00:00,4,2,2
2019-09-20 06:00:00,68,45,23
2019-09-20 07:00:00,167,90,77
2019-09-20 08:00:00,140,51,89
2019-09-20 09:00:00,131,71,60
2019-09-20 10:00:00,88,42,46
2019-09-20 11:00:00,130,65,65
2019-09-20 12:00:00,208,98,110
2019-09-20 13:00:00,172,84,88
2019-09-20 14:00:00,128,70,58
2019-09-20 15:00:00,146,74,72
2019-09-20 16:00:00,157,72,85
2019-09-20 17:00:00,173,93,80
2019-09-20 18:00:00,203,106,97
2019-09-20 19:00:00,163,76,87
2019-09-20 20:00:00,45,14,31
2019-09-20 21:00:00,16,11,5
2019-09-20 22:00:00,4,2,2
2019-09-20 23:00:00,5,3,2
2019-09-21 00:00:00,6,4,2
2019-09-21 01:00:00,4,3,1
2019-09-21 02:00:00,2,1,1
2019-09-21 03:00:00,4,2,2
2019-09-21 04:00:00,3,1,2
2019-09-21 05:00:00,62,58,4
2019-09-21 06:00:00,64,52,12
2019-09-21 07:00:00,195,142,53
2019-09-21 08:00:00,213,135,78
2019-09-21 09:00:00,283,171,112
2019-09-21 10:00:00,305,152,153
2019-09-21 11:00:00,435,317,118
2019-09-21 12:00:00,257,145,112
2019-09-21 13:00:00,300,195,105
2019-09-21 14:00:00,260,181,79
2019-09-21 15:00:00,286,188,98
2019-09-21 16:00:00,222,119,103
2019-09-21 17:00:00,231,142,89
2019-09-21 18:00:00,197,96,101
2019-09-21 19:00:00,120,45,75
2019-09-21 20:00:00,52,30,22
2019-09-21 21:00:00,45,42,3
2019-09-21 22:00:00,107,102,5
2019-09-21 23:00:00,170,161,9
2019-09-22 00:00:00,53,38,15
2019-09-22 01:00:00,5,3,2
2019-09-22 02:00:00,3,2,1
2019-09-22 03:00:00,15,14,1
2019-09-22 04:00:00,4,3,1
2019-09-22 05:00:00,42,42,0
2019-09-22 06:00:00,84,75,9
2019-09-22 07:00:00,190,162,28
2019-09-22 08:00:00,188,129,59
2019-09-22 09:00:00,172,114,58
2019-09-22 10:00:00,96,45,51
2019-09-22 11:00:00,93,37,56
2019-09-22 12:00:00,93,46,47
2019-09-22 13:00:00,63,28,35
2019-09-22 14:00:00,55,22,33
2019-09-22 15:00:00,40,19,21
2019-09-22 16:00:00,80,41,39
2019-09-22 17:00:00,113,57,56
2019-09-22 18:00:00,116,54,62
2019-09-22 19:00:00,102,40,62
2019-09-22 20:00:00,22,10,12
2019-09-22 21:00:00,17,4,13
2019-09-22 22:00:00,8,3,5
2019-09-22 23:00:00,5,3,2
2019-09-23 00:00:00,5,2,3
2019-09-23 01:00:00,0,0,0
2019-09-23 02:00:00,1,1,0
2019-09-23 03:00:00,0,0,0
2019-09-23 04:00:00,3,2,1
2019-09-23 05:00:00,16,8,8
2019-09-23 06:00:00,97,63,34
2019-09-23 07:00:00,147,71,76
2019-09-23 08:00:00,124,51,73
2019-09-23 09:00:00,104,55,49
2019-09-23 10:00:00,110,48,62
2019-09-23 11:00:00,131,62,69
2019-09-23 12:00:00,111,45,66
2019-09-23 13:00:00,79,51,28
2019-09-23 14:00:00,46,22,24
2019-09-23 15:00:00,38,18,20
2019-09-23 16:00:00,87,46,41
2019-09-23 17:00:00,163,100,63
2019-09-23 18:00:00,172,78,94
2019-09-23 19:00:00,138,51,87
2019-09-23 20:00:00,30,20,10
2019-09-23 21:00:00,12,5,7
2019-09-23 22:00:00,11,8,3
2019-09-23 23:00:00,3,2,1
2019-09-24 00:00:00,0,0,0
2019-09-24 01:00:00,1,1,0
2019-09-24 02:00:00,0,0,0
2019-09-24 03:00:00,4,3,1
2019-09-24 04:00:00,4,1,3
2019-09-24 05:00:00,10,5,5
2019-09-24 06:00:00,138,82,56
2019-09-24 07:00:00,158,79,79
2019-09-24 08:00:00,96,46,50
2019-09-24 09:00:00,74,30,44
2019-09-24 10:00:00,83,37,46
2019-09-24 11:00:00,106,54,52
2019-09-24 12:00:00,195,99,96
2019-09-24 13:00:00,146,76,70
2019-09-24 14:00:00,161,97,64
2019-09-24 15:00:00,180,111,69
2019-09-24 16:00:00,290,198,92
2019-09-24 17:00:00,283,152,131
2019-09-24 18:00:00,343,181,162
2019-09-24 19:00:00,215,78,137
2019-09-24 20:00:00,47,23,24
2019-09-24 21:00:00,23,12,11
2019-09-24 22:00:00,7,2,5
2019-09-24 23:00:00,8,4,4
2019-09-25 00:00:00,2,2,0
2019-09-25 01:00:00,3,0,3
2019-09-25 02:00:00,2,2,0
2019-09-25 03:00:00,3,2,1
2019-09-25 04:00:00,2,1,1
2019-09-25 05:00:00,18,10,8
2019-09-25 06:00:00,104,64,40
2019-09-25 07:00:00,161,83,78
2019-09-25 08:00:00,116,51,65
2019-09-25 09:00:00,87,33,54
2019-09-25 10:00:00,120,64,56
2019-09-25 11:00:00,178,100,78
2019-09-25 12:00:00,316,147,169
2019-09-25 13:00:00,222,111,111
2019-09-25 14:00:00,185,101,84
2019-09-25 15:00:00,191,104,87
2019-09-25 16:00:00,189,107,82
2019-09-25 17:00:00,241,124,117
2019-09-25 18:00:00,268,150,118
2019-09-25 19:00:00,201,70,131
2019-09-25 20:00:00,38,21,17
2019-09-25 21:00:00,17,6,11
2019-09-25 22:00:00,20,14,6
2019-09-25 23:00:00,11,6,5
2019-09-26 00:00:00,3,2,1
2019-09-26 01:00:00,2,1,1
2019-09-26 02:00:00,1,0,1
2019-09-26 03:00:00,2,1,1
2019-09-26 04:00:00,3,2,1
2019-09-26 05:00:00,15,7,8
2019-09-26 06:00:00,79,51,28
2019-09-26 07:00:00,110,53,57
2019-09-26 08:00:00,97,47,50
2019-09-26 09:00:00,51,27,24
2019-09-26 10:00:00,71,30,41
2019-09-26 11:00:00,134,68,66
2019-09-26 12:00:00,210,111,99
2019-09-26 13:00:00,155,86,69
2019-09-26 14:00:00,165,84,81
2019-09-26 15:00:00,135,64,71
2019-09-26 16:00:00,160,92,68
2019-09-26 17:00:00,197,96,101
2019-09-26 18:00:00,275,141,134
2019-09-26 19:00:00,160,70,90
2019-09-26 20:00:00,43,24,19
2019-09-26 21:00:00,26,18,8
2019-09-26 22:00:00,22,18,4
2019-09-26 23:00:00,2,1,1
2019-09-27 00:00:00,5,4,1
2019-09-27 01:00:00,4,2,2
2019-09-27 02:00:00,2,0,2
2019-09-27 03:00:00,4,2,2
2019-09-27 04:00:00,6,1,5
2019-09-27 05:00:00,9,5,4
2019-09-27 06:00:00,45,30,15
2019-09-27 07:00:00,150,91,59
2019-09-27 08:00:00,121,48,73
2019-09-27 09:00:00,92,40,52
2019-09-27 10:00:00,94,44,50
2019-09-27 11:00:00,154,73,81
2019-09-27 12:00:00,185,99,86
2019-09-27 13:00:00,158,75,83
2019-09-27 14:00:00,167,79,88
2019-09-27 15:00:00,165,91,74
2019-09-27 16:00:00,151,85,66
2019-09-27 17:00:00,178,94,84
2019-09-27 18:00:00,102,36,66
2019-09-27 19:00:00,18,13,5
2019-09-27 20:00:00,44,40,4
2019-09-27 21:00:00,12,10,2
2019-09-27 22:00:00,12,10,2
2019-09-27 23:00:00,13,9,4
2019-09-28 00:00:00,6,3,3
2019-09-28 01:00:00,1,0,1
2019-09-28 02:00:00,1,0,1
2019-09-28 03:00:00,8,4,4
2019-09-28 04:00:00,3,1,2
2019-09-28 05:00:00,10,8,2
2019-09-28 06:00:00,19,13,6
2019-09-28 07:00:00,68,36,32
2019-09-28 08:00:00,151,81,70
2019-09-28 09:00:00,155,83,72
2019-09-28 10:00:00,180,83,97
2019-09-28 11:00:00,179,91,88
2019-09-28 12:00:00,192,98,94
2019-09-28 13:00:00,189,109,80
2019-09-28 14:00:00,345,246,99
2019-09-28 15:00:00,614,477,137
2019-09-28 16:00:00,464,301,163
2019-09-28 17:00:00,246,126,120
2019-09-28 18:00:00,215,90,125
2019-09-28 19:00:00,104,57,47
2019-09-28 20:00:00,16,6,10
2019-09-28 21:00:00,22,16,6
2019-09-28 22:00:00,17,14,3
2019-09-28 23:00:00,21,20,1
2019-09-29 00:00:00,7,5,2
2019-09-29 01:00:00,4,1,3
2019-09-29 02:00:00,0,0,0
2019-09-29 03:00:00,0,0,0
2019-09-29 04:00:00,3,2,1
2019-09-29 05:00:00,6,5,1
2019-09-29 06:00:00,33,30,3
2019-09-29 07:00:00,73,46,27
2019-09-29 08:00:00,265,183,82
2019-09-29 09:00:00,193,123,70
2019-09-29 10:00:00,194,90,104
2019-09-29 11:00:00,169,81,88
2019-09-29 12:00:00,184,81,103
2019-09-29 13:00:00,165,71,94
2019-09-29 14:00:00,110,45,65
2019-09-29 15:00:00,121,57,64
2019-09-29 16:00:00,175,92,83
2019-09-29 17:00:00,199,108,91
2019-09-29 18:00:00,188,93,95
2019-09-29 19:00:00,98,33,65
2019-09-29 20:00:00,21,14,7
2019-09-29 21:00:00,10,5,5
2019-09-29 22:00:00,4,2,2
2019-09-29 23:00:00,0,0,0
2019-09-30 00:00:00,1,0,1
2019-09-30 01:00:00,141,141,0
2019-09-30 02:00:00,78,78,0
2019-09-30 03:00:00,57,56,1
2019-09-30 04:00:00,82,81,1
2019-09-30 05:00:00,19,13,6
2019-09-30 06:00:00,64,37,27
2019-09-30 07:00:00,167,112,55
2019-09-30 08:00:00,142,77,65
2019-09-30 09:00:00,116,70,46
2019-09-30 10:00:00,106,41,65
2019-09-30 11:00:00,223,141,82
2019-09-30 12:00:00,319,164,155
2019-09-30 13:00:00,175,74,101
2019-09-30 14:00:00,233,143,90
2019-09-30 15:00:00,321,247,74
2019-09-30 16:00:00,299,208,91
2019-09-30 17:00:00,269,154,115
2019-09-30 18:00:00,331,176,155
2019-09-30 19:00:00,180,78,102
2019-09-30 20:00:00,74,61,13
2019-09-30 21:00:00,13,13,0
2019-09-30 22:00:00,11,10,1
2019-09-30 23:00:00,7,5,2
2019-10-01 00:00:00,1,1,0
2019-10-01 01:00:00,1,1,0
2019-10-01 02:00:00,1,0,1
2019-10-01 03:00:00,6,3,3
2019-10-01 04:00:00,3,3,0
2019-10-01 05:00:00,16,9,7
2019-10-01 06:00:00,97,57,40
2019-10-01 07:00:00,180,95,85
2019-10-01 08:00:00,134,65,69
2019-10-01 09:00:00,93,51,42
2019-10-01 10:00:00,110,56,54
2019-10-01 11:00:00,165,94,71
2019-10-01 12:00:00,293,154,139
2019-10-01 13:00:00,199,104,95
2019-10-01 14:00:00,208,118,90
2019-10-01 15:00:00,303,194,109
2019-10-01 16:00:00,341,235,106
2019-10-01 17:00:00,353,195,158
2019-10-01 18:00:00,374,221,153
2019-10-01 19:00:00,173,73,100
2019-10-01 20:00:00,44,33,11
2019-10-01 21:00:00,21,17,4
2019-10-01 22:00:00,26,20,6
2019-10-01 23:00:00,9,7,2
2019-10-02 00:00:00,7,6,1
2019-10-02 01:00:00,1,1,0
2019-10-02 02:00:00,1,1,0
2019-10-02 03:00:00,4,2,2
2019-10-02 04:00:00,0,0,0
2019-10-02 05:00:00,29,20,9
2019-10-02 06:00:00,96,64,32
2019-10-02 07:00:00,188,101,87
2019-10-02 08:00:00,139,66,73
2019-10-02 09:00:00,133,76,57
2019-10-02 10:00:00,109,63,46
2019-10-02 11:00:00,170,95,75
2019-10-02 12:00:00,253,132,121
2019-10-02 13:00:00,158,73,85
2019-10-02 14:00:00,122,67,55
2019-10-02 15:00:00,116,47,69
2019-10-02 16:00:00,145,87,58
2019-10-02 17:00:00,222,120,102
2019-10-02 18:00:00,230,115,115
2019-10-02 19:00:00,81,32,49
2019-10-02 20:00:00,21,10,11
2019-10-02 21:00:00,16,9,7
2019-10-02 22:00:00,12,11,1
2019-10-02 23:00:00,3,2,1
2019-10-03 00:00:00,1,0,1
2019-10-03 01:00:00,0,0,0
2019-10-03 02:00:00,0,0,0
2019-10-03 03:00:00,2,1,1
2019-10-03 04:00:00,3,3,0
2019-10-03 05:00:00,12,8,4
2019-10-03 06:00:00,65,43,22
2019-10-03 07:00:00,165,79,86
2019-10-03 08:00:00,119,52,67
2019-10-03 09:00:00,113,54,59
2019-10-03 10:00:00,82,45,37
2019-10-03 11:00:00,138,75,63
2019-10-03 12:00:00,274,135,139
2019-10-03 13:00:00,169,77,92
2019-10-03 14:00:00,137,60,77
2019-10-03 15:00:00,119,54,65
2019-10-03 16:00:00,106,49,57
2019-10-03 17:00:00,143,76,67
2019-10-03 18:00:00,168,86,82
2019-10-03 19:00:00,75,33,42
2019-10-03 20:00:00,26,19,7
2019-10-03 21:00:00,9,9,0
2019-10-03 22:00:00,8,4,4
2019-10-03 23:00:00,8,7,1
2019-10-04 00:00:00,7,4,3
2019-10-04 01:00:00,5,2,3
2019-10-04 02:00:00,0,0,0
2019-10-04 03:00:00,0,0,0
2019-10-04 04:00:00,2,1,1
2019-10-04 05:00:00,11,7,4
2019-10-04 06:00:00,61,41,20
2019-10-04 07:00:00,124,67,57
2019-10-04 08:00:00,95,50,45
2019-10-04 09:00:00,84,41,43
2019-10-04 10:00:00,123,57,66
2019-10-04 11:00:00,142,87,55
2019-10-04 12:00:00,197,99,98
2019-10-04 13:00:00,110,47,63
2019-10-04 14:00:00,102,57,45
2019-10-04 15:00:00,115,50,65
2019-10-04 16:00:00,119,71,48
2019-10-04 17:00:00,153,95,58
2019-10-04 18:00:00,154,80,74
2019-10-04 19:00:00,57,23,34
2019-10-04 20:00:00,16,8,8
2019-10-04 21:00:00,8,6,2
2019-10-04 22:00:00,5,3,2
2019-10-04 23:00:00,4,4,0
2019-10-05 00:00:00,6,3,3
2019-10-05 01:00:00,7,5,2
2019-10-05 02:00:00,3,2,1
2019-10-05 03:00:00,0,0,0
2019-10-05 04:00:00,5,3,2
2019-10-05 05:00:00,7,5,2
2019-10-05 06:00:00,20,16,4
2019-10-05 07:00:00,78,46,32
2019-10-05 08:00:00,168,102,66
2019-10-05 09:00:00,222,133,89
2019-10-05 10:00:00,207,130,77
2019-10-05 11:00:00,197,90,107
2019-10-05 12:00:00,215,97,118
2019-10-05 13:00:00,192,92,100
2019-10-05 14:00:00,237,137,100
2019-10-05 15:00:00,313,180,133
2019-10-05 16:00:00,320,183,137
2019-10-05 17:00:00,299,144,155
2019-10-05 18:00:00,217,102,115
2019-10-05 19:00:00,96,35,61
2019-10-05 20:00:00,18,7,11
2019-10-05 21:00:00,13,8,5
2019-10-05 22:00:00,9,5,4
2019-10-05 23:00:00,9,6,3
2019-10-06 00:00:00,8,5,3
2019-10-06 01:00:00,5,1,4
2019-10-06 02:00:00,0,0,0
2019-10-06 03:00:00,0,0,0
2019-10-06 04:00:00,0,0,0
2019-10-06 05:00:00,18,18,0
2019-10-06 06:00:00,25,17,8
2019-10-06 07:00:00,94,72,22
2019-10-06 08:00:00,215,146,69
2019-10-06 09:00:00,211,110,101
2019-10-06 10:00:00,248,130,118
2019-10-06 11:00:00,272,145,127
2019-10-06 12:00:00,322,167,155
2019-10-06 13:00:00,364,203,161
2019-10-06 14:00:00,308,151,157
2019-10-06 15:00:00,265,141,124
2019-10-06 16:00:00,294,153,141
2019-10-06 17:00:00,229,112,117
2019-10-06 18:00:00,241,102,139
2019-10-06 19:00:00,72,20,52
2019-10-06 20:00:00,21,11,10
2019-10-06 21:00:00,15,6,9
2019-10-06 22:00:00,8,6,2
2019-10-06 23:00:00,3,3,0
2019-10-07 00:00:00,2,1,1
2019-10-07 01:00:00,2,2,0
2019-10-07 02:00:00,2,1,1
2019-10-07 03:00:00,3,2,1
2019-10-07 04:00:00,3,2,1
2019-10-07 05:00:00,23,21,2
2019-10-07 06:00:00,93,70,23
2019-10-07 07:00:00,138,80,58
2019-10-07 08:00:00,92,50,42
2019-10-07 09:00:00,79,37,42
2019-10-07 10:00:00,119,78,41
2019-10-07 11:00:00,162,96,66
2019-10-07 12:00:00,208,103,105
2019-10-07 13:00:00,91,41,50
2019-10-07 14:00:00,64,34,30
2019-10-07 15:00:00,88,37,51
2019-10-07 16:00:00,72,35,37
2019-10-07 17:00:00,135,72,63
2019-10-07 18:00:00,133,64,69
2019-10-07 19:00:00,64,26,38
2019-10-07 20:00:00,21,9,12
2019-10-07 21:00:00,6,3,3
2019-10-07 22:00:00,6,5,1
2019-10-07 23:00:00,18,18,0
2019-10-08 00:00:00,20,17,3
2019-10-08 01:00:00,1,1,0
2019-10-08 02:00:00,1,0,1
2019-10-08 03:00:00,5,3,2
2019-10-08 04:00:00,7,6,1
2019-10-08 05:00:00,13,10,3
2019-10-08 06:00:00,128,81,47
2019-10-08 07:00:00,189,111,78
2019-10-08 08:00:00,151,84,67
2019-10-08 09:00:00,258,215,43
2019-10-08 10:00:00,62,30,32
2019-10-08 11:00:00,102,60,42
2019-10-08 12:00:00,160,105,55
2019-10-08 13:00:00,103,66,37
2019-10-08 14:00:00,119,84,35
2019-10-08 15:00:00,138,104,34
2019-10-08 16:00:00,186,132,54
2019-10-08 17:00:00,228,142,86
2019-10-08 18:00:00,105,55,50
2019-10-08 19:00:00,63,36,27
2019-10-08 20:00:00,24,18,6
2019-10-08 21:00:00,16,11,5
2019-10-08 22:00:00,12,11,1
2019-10-08 23:00:00,58,47,11
2019-10-09 00:00:00,0,0,0
2019-10-09 01:00:00,98,43,55
2019-10-09 02:00:00,12,12,0
2019-10-09 03:00:00,1,1,0
2019-10-09 04:00:00,8,6,2
2019-10-09 05:00:00,21,13,8
2019-10-09 06:00:00,100,54,46
2019-10-09 07:00:00,168,80,88
2019-10-09 08:00:00,121,61,60
2019-10-09 09:00:00,103,49,54
2019-10-09 10:00:00,198,143,55
2019-10-09 11:00:00,192,109,83
2019-10-09 12:00:00,304,169,135
2019-10-09 13:00:00,255,164,91
2019-10-09 14:00:00,241,163,78
2019-10-09 15:00:00,366,270,96
2019-10-09 16:00:00,387,298,89
2019-10-09 17:00:00,239,128,111
2019-10-09 18:00:00,282,148,134
2019-10-09 19:00:00,96,51,45
2019-10-09 20:00:00,20,7,13
2019-10-09 21:00:00,11,6,5
2019-10-09 22:00:00,12,9,3
2019-10-09 23:00:00,2,0,2
2019-10-10 00:00:00,0,0,0
2019-10-10 01:00:00,1,0,1
2019-10-10 02:00:00,1,0,1
2019-10-10 03:00:00,2,1,1
2019-10-10 04:00:00,2,2,0
2019-10-10 05:00:00,63,56,7
2019-10-10 06:00:00,90,50,40
2019-10-10 07:00:00,159,88,71
2019-10-10 08:00:00,102,44,58
2019-10-10 09:00:00,80,39,41
2019-10-10 10:00:00,78,37,41
2019-10-10 11:00:00,128,73,55
2019-10-10 12:00:00,277,126,151
2019-10-10 13:00:00,193,120,73
2019-10-10 14:00:00,213,146,67
2019-10-10 15:00:00,379,296,83
2019-10-10 16:00:00,354,264,90
2019-10-10 17:00:00,276,158,118
2019-10-10 18:00:00,236,104,132
2019-10-10 19:00:00,47,12,35
2019-10-10 20:00:00,18,11,7
2019-10-10 21:00:00,8,5,3
2019-10-10 22:00:00,6,3,3
2019-10-10 23:00:00,2,2,0
2019-10-11 00:00:00,5,4,1
2019-10-11 01:00:00,3,2,1
2019-10-11 02:00:00,0,0,0
2019-10-11 03:00:00,0,0,0
2019-10-11 04:00:00,3,0,3
2019-10-11 05:00:00,12,5,7
2019-10-11 06:00:00,59,38,21
2019-10-11 07:00:00,97,47,50
2019-10-11 08:00:00,110,55,55
2019-10-11 09:00:00,107,54,53
2019-10-11 10:00:00,91,42,49
2019-10-11 11:00:00,137,68,69
2019-10-11 12:00:00,260,150,110
2019-10-11 13:00:00,284,179,105
2019-10-11 14:00:00,210,120,90
2019-10-11 15:00:00,268,170,98
2019-10-11 16:00:00,294,192,102
2019-10-11 17:00:00,280,161,119
2019-10-11 18:00:00,262,111,151
2019-10-11 19:00:00,70,31,39
2019-10-11 20:00:00,12,9,3
2019-10-11 21:00:00,14,8,6
2019-10-11 22:00:00,17,15,2
2019-10-11 23:00:00,18,18,0
2019-10-12 00:00:00,31,29,2
2019-10-12 01:00:00,31,29,2
2019-10-12 02:00:00,41,41,0
2019-10-12 03:00:00,47,47,0
2019-10-12 04:00:00,79,76,3
2019-10-12 05:00:00,36,35,1
2019-10-12 06:00:00,25,17,8
2019-10-12 07:00:00,74,51,23
2019-10-12 08:00:00,164,93,71
2019-10-12 09:00:00,211,113,98
2019-10-12 10:00:00,170,91,79
2019-10-12 11:00:00,212,119,93
2019-10-12 12:00:00,183,94,89
2019-10-12 13:00:00,211,128,83
2019-10-12 14:00:00,202,104,98
2019-10-12 15:00:00,233,137,96
2019-10-12 16:00:00,240,133,107
2019-10-12 17:00:00,185,110,75
2019-10-12 18:00:00,181,86,95
2019-10-12 19:00:00,79,58,21
2019-10-12 20:00:00,88,78,10
2019-10-12 21:00:00,46,43,3
2019-10-12 22:00:00,50,47,3
2019-10-12 23:00:00,5,5,0
2019-10-13 00:00:00,38,37,1
2019-10-13 01:00:00,15,15,0
2019-10-13 02:00:00,30,30,0
2019-10-13 03:00:00,57,54,3
2019-10-13 04:00:00,37,37,0
2019-10-13 05:00:00,13,12,1
2019-10-13 06:00:00,14,10,4
2019-10-13 07:00:00,50,34,16
2019-10-13 08:00:00,124,73,51
2019-10-13 09:00:00,193,106,87
2019-10-13 10:00:00,211,116,95
2019-10-13 11:00:00,242,141,101
2019-10-13 12:00:00,249,132,117
2019-10-13 13:00:00,190,108,82
2019-10-13 14:00:00,279,176,103
2019-10-13 15:00:00,334,196,138
2019-10-13 16:00:00,271,145,126
2019-10-13 17:00:00,267,160,107
2019-10-13 18:00:00,231,129,102
2019-10-13 19:00:00,70,45,25
2019-10-13 20:00:00,50,40,10
2019-10-13 21:00:00,24,19,5
2019-10-13 22:00:00,24,21,3
2019-10-13 23:00:00,17,15,2
2019-10-14 00:00:00,1,1,0
2019-10-14 01:00:00,14,14,0
2019-10-14 02:00:00,1,1,0
2019-10-14 03:00:00,1,0,1
2019-10-14 04:00:00,2,1,1
2019-10-14 05:00:00,30,23,7
2019-10-14 06:00:00,131,107,24
2019-10-14 07:00:00,182,116,66
2019-10-14 08:00:00,349,268,81
2019-10-14 09:00:00,203,151,52
2019-10-14 10:00:00,187,143,44
2019-10-14 11:00:00,214,130,84
2019-10-14 12:00:00,300,167,133
2019-10-14 13:00:00,237,144,93
2019-10-14 14:00:00,285,182,103
2019-10-14 15:00:00,346,252,94
2019-10-14 16:00:00,349,230,119
2019-10-14 17:00:00,338,204,134
2019-10-14 18:00:00,360,184,176
2019-10-14 19:00:00,198,150,48
2019-10-14 20:00:00,48,41,7
2019-10-14 21:00:00,24,17,7
2019-10-14 22:00:00,7,5,2
2019-10-14 23:00:00,5,5,0
2019-10-15 00:00:00,103,102,1
2019-10-15 01:00:00,6,6,0
2019-10-15 02:00:00,0,0,0
2019-10-15 03:00:00,2,2,0
2019-10-15 04:00:00,2,1,1
2019-10-15 05:00:00,36,30,6
2019-10-15 06:00:00,127,96,31
2019-10-15 07:00:00,256,180,76
2019-10-15 08:00:00,237,158,79
2019-10-15 09:00:00,160,112,48
2019-10-15 10:00:00,225,172,53
2019-10-15 11:00:00,187,118,69
2019-10-15 12:00:00,229,128,101
2019-10-15 13:00:00,193,139,54
2019-10-15 14:00:00,158,104,54
2019-10-15 15:00:00,127,78,49
2019-10-15 16:00:00,122,60,62
2019-10-15 17:00:00,214,142,72
2019-10-15 18:00:00,223,112,111
2019-10-15 19:00:00,108,77,31
2019-10-15 20:00:00,31,22,9
2019-10-15 21:00:00,25,18,7
2019-10-15 22:00:00,26,22,4
2019-10-15 23:00:00,8,4,4
2019-10-16 00:00:00,99,97,2
2019-10-16 01:00:00,11,9,2
2019-10-16 02:00:00,6,6,0
2019-10-16 03:00:00,1,1,0
2019-10-16 04:00:00,3,2,1
2019-10-16 05:00:00,18,5,13
2019-10-16 06:00:00,58,36,22
2019-10-16 07:00:00,67,37,30
2019-10-16 08:00:00,78,51,27
2019-10-16 09:00:00,67,31,36
2019-10-16 10:00:00,57,26,31
2019-10-16 11:00:00,82,48,34
2019-10-16 12:00:00,176,95,81
2019-10-16 13:00:00,99,48,51
2019-10-16 14:00:00,76,43,33
2019-10-16 15:00:00,83,38,45
2019-10-16 16:00:00,171,92,79
2019-10-16 17:00:00,110,49,61
2019-10-16 18:00:00,77,52,25
2019-10-16 19:00:00,43,32,11
2019-10-16 20:00:00,23,18,5
2019-10-16 21:00:00,8,7,1
2019-10-16 22:00:00,9,7,2
2019-10-16 23:00:00,10,10,0
2019-10-17 00:00:00,10,10,0
2019-10-17 01:00:00,6,6,0
2019-10-17 02:00:00,9,9,0
2019-10-17 03:00:00,0,0,0
2019-10-17 04:00:00,1,1,0
2019-10-17 05:00:00,24,20,4
2019-10-17 06:00:00,52,31,21
2019-10-17 07:00:00,126,75,51
2019-10-17 08:00:00,101,44,57
2019-10-17 09:00:00,81,39,42
2019-10-17 10:00:00,63,34,29
2019-10-17 11:00:00,89,50,39
2019-10-17 12:00:00,186,121,65
2019-10-17 13:00:00,143,77,66
2019-10-17 14:00:00,80,41,39
2019-10-17 15:00:00,51,28,23
2019-10-17 16:00:00,103,53,50
2019-10-17 17:00:00,131,73,58
2019-10-17 18:00:00,87,40,47
2019-10-17 19:00:00,26,14,12
2019-10-17 20:00:00,17,12,5
2019-10-17 21:00:00,14,11,3
2019-10-17 22:00:00,8,6,2
2019-10-17 23:00:00,35,30,5
2019-10-18 00:00:00,5,4,1
2019-10-18 01:00:00,2,1,1
2019-10-18 02:00:00,13,6,7
2019-10-18 03:00:00,4,4,0
2019-10-18 04:00:00,90,89,1
2019-10-18 05:00:00,19,11,8
2019-10-18 06:00:00,130,98,32
2019-10-18 07:00:00,135,93,42
2019-10-18 08:00:00,130,69,61
2019-10-18 09:00:00,116,58,58
2019-10-18 10:00:00,71,41,30
2019-10-18 11:00:00,96,50,46
2019-10-18 12:00:00,149,77,72
2019-10-18 13:00:00,109,62,47
2019-10-18 14:00:00,93,52,41
2019-10-18 15:00:00,75,42,33
2019-10-18 16:00:00,134,88,46
2019-10-18 17:00:00,54,28,26
2019-10-18 18:00:00,66,47,19
2019-10-18 19:00:00,26,21,5
2019-10-18 20:00:00,14,9,5
2019-10-18 21:00:00,105,70,35
2019-10-18 22:00:00,76,57,19
2019-10-18 23:00:00,43,42,1
2019-10-19 00:00:00,1,0,1
2019-10-19 01:00:00,3,2,1
2019-10-19 02:00:00,0,0,0
2019-10-19 03:00:00,29,28,1
2019-10-19 04:00:00,4,2,2
2019-10-19 05:00:00,3,2,1
2019-10-19 06:00:00,12,7,5
2019-10-19 07:00:00,30,18,12
2019-10-19 08:00:00,109,64,45
2019-10-19 09:00:00,123,56,67
2019-10-19 10:00:00,86,41,45
2019-10-19 11:00:00,102,51,51
2019-10-19 12:00:00,49,22,27
2019-10-19 13:00:00,56,31,25
2019-10-19 14:00:00,107,51,56
2019-10-19 15:00:00,185,86,99
2019-10-19 16:00:00,239,112,127
2019-10-19 17:00:00,206,102,104
2019-10-19 18:00:00,186,70,116
2019-10-19 19:00:00,34,9,25
2019-10-19 20:00:00,14,7,7
2019-10-19 21:00:00,12,5,7
2019-10-19 22:00:00,6,4,2
2019-10-19 23:00:00,4,4,0
2019-10-20 00:00:00,4,3,1
2019-10-20 01:00:00,0,0,0
2019-10-20 02:00:00,0,0,0
2019-10-20 03:00:00,2,1,1
2019-10-20 04:00:00,0,0,0
2019-10-20 05:00:00,3,3,0
2019-10-20 06:00:00,8,6,2
2019-10-20 07:00:00,55,29,26
2019-10-20 08:00:00,127,69,58
2019-10-20 09:00:00,132,72,60
2019-10-20 10:00:00,127,59,68
2019-10-20 11:00:00,129,62,67
2019-10-20 12:00:00,125,50,75
2019-10-20 13:00:00,74,41,33
2019-10-20 14:00:00,60,29,31
2019-10-20 15:00:00,71,33,38
2019-10-20 16:00:00,56,35,21
2019-10-20 17:00:00,134,78,56
2019-10-20 18:00:00,80,33,47
2019-10-20 19:00:00,15,9,6
2019-10-20 20:00:00,4,1,3
2019-10-20 21:00:00,5,3,2
2019-10-20 22:00:00,5,3,2
2019-10-20 23:00:00,4,4,0
2019-10-21 00:00:00,9,4,5
2019-10-21 01:00:00,2,1,1
2019-10-21 02:00:00,3,1,2
2019-10-21 03:00:00,6,2,4
2019-10-21 04:00:00,1,0,1
2019-10-21 05:00:00,13,8,5
2019-10-21 06:00:00,67,39,28
2019-10-21 07:00:00,96,50,46
2019-10-21 08:00:00,95,40,55
2019-10-21 09:00:00,73,33,40
2019-10-21 10:00:00,47,22,25
2019-10-21 11:00:00,112,55,57
2019-10-21 12:00:00,163,76,87
2019-10-21 13:00:00,97,61,36
2019-10-21 14:00:00,64,22,42
2019-10-21 15:00:00,55,20,35
2019-10-21 16:00:00,81,35,46
2019-10-21 17:00:00,67,34,33
2019-10-21 18:00:00,52,28,24
2019-10-21 19:00:00,15,11,4
2019-10-21 20:00:00,4,1,3
2019-10-21 21:00:00,5,3,2
2019-10-21 22:00:00,4,3,1
2019-10-21 23:00:00,2,0,2
2019-10-22 00:00:00,3,2,1
2019-10-22 01:00:00,0,0,0
2019-10-22 02:00:00,1,1,0
2019-10-22 03:00:00,1,1,0
2019-10-22 04:00:00,3,2,1
2019-10-22 05:00:00,19,10,9
2019-10-22 06:00:00,71,42,29
2019-10-22 07:00:00,87,44,43
2019-10-22 08:00:00,73,40,33
2019-10-22 09:00:00,55,22,33
2019-10-22 10:00:00,69,35,34
2019-10-22 11:00:00,109,51,58
2019-10-22 12:00:00,187,97,90
2019-10-22 13:00:00,78,31,47
2019-10-22 14:00:00,55,28,27
2019-10-22 15:00:00,80,32,48
2019-10-22 16:00:00,113,61,52
2019-10-22 17:00:00,203,109,94
2019-10-22 18:00:00,167,83,84
2019-10-22 19:00:00,36,17,19
2019-10-22 20:00:00,19,10,9
2019-10-22 21:00:00,11,5,6
2019-10-22 22:00:00,1,0,1
2019-10-22 23:00:00,1,1,0
2019-10-23 00:00:00,1,1,0
2019-10-23 01:00:00,0,0,0
2019-10-23 02:00:00,0,0,0
2019-10-23 03:00:00,0,0,0
2019-10-23 04:00:00,4,3,1
2019-10-23 05:00:00,18,8,10
2019-10-23 06:00:00,102,59,43
2019-10-23 07:00:00,116,63,53
2019-10-23 08:00:00,118,57,61
2019-10-23 09:00:00,78,34,44
2019-10-23 10:00:00,70,33,37
2019-10-23 11:00:00,126,68,58
2019-10-23 12:00:00,270,138,132
2019-10-23 13:00:00,195,91,104
2019-10-23 14:00:00,151,71,80
2019-10-23 15:00:00,150,69,81
2019-10-23 16:00:00,179,85,94
2019-10-23 17:00:00,266,154,112
2019-10-23 18:00:00,231,90,141
2019-10-23 19:00:00,32,10,22
2019-10-23 20:00:00,14,7,7
2019-10-23 21:00:00,8,1,7
2019-10-23 22:00:00,1,1,0
2019-10-23 23:00:00,3,2,1
2019-10-24 00:00:00,0,0,0
2019-10-24 01:00:00,1,0,1
2019-10-24 02:00:00,1,1,0
2019-10-24 03:00:00,0,0,0
2019-10-24 04:00:00,2,1,1
2019-10-24 05:00:00,13,8,5
2019-10-24 06:00:00,73,46,27
2019-10-24 07:00:00,129,58,71
2019-10-24 08:00:00,132,62,70
2019-10-24 09:00:00,96,49,47
2019-10-24 10:00:00,103,42,61
2019-10-24 11:00:00,153,84,69
2019-10-24 12:00:00,262,117,145
2019-10-24 13:00:00,175,77,98
2019-10-24 14:00:00,110,54,56
2019-10-24 15:00:00,126,66,60
2019-10-24 16:00:00,170,78,92
2019-10-24 17:00:00,307,141,166
2019-10-24 18:00:00,249,107,142
2019-10-24 19:00:00,61,24,37
2019-10-24 20:00:00,19,9,10
2019-10-24 21:00:00,13,7,6
2019-10-24 22:00:00,10,4,6
2019-10-24 23:00:00,2,1,1
2019-10-25 00:00:00,2,1,1
2019-10-25 01:00:00,3,1,2
2019-10-25 02:00:00,1,0,1
2019-10-25 03:00:00,0,0,0
2019-10-25 04:00:00,1,0,1
2019-10-25 05:00:00,10,4,6
2019-10-25 06:00:00,61,33,28
2019-10-25 07:00:00,121,60,61
2019-10-25 08:00:00,132,62,70
2019-10-25 09:00:00,104,42,62
2019-10-25 10:00:00,88,38,50
2019-10-25 11:00:00,77,34,43
2019-10-25 12:00:00,80,39,41
2019-10-25 13:00:00,43,16,27
2019-10-25 14:00:00,28,14,14
2019-10-25 15:00:00,78,45,33
2019-10-25 16:00:00,151,79,72
2019-10-25 17:00:00,207,114,93
2019-10-25 18:00:00,141,58,83
2019-10-25 19:00:00,15,6,9
2019-10-25 20:00:00,15,11,4
2019-10-25 21:00:00,11,2,9
2019-10-25 22:00:00,7,3,4
2019-10-25 23:00:00,5,3,2
2019-10-26 00:00:00,3,2,1
2019-10-26 01:00:00,0,0,0
2019-10-26 02:00:00,1,0,1
2019-10-26 03:00:00,1,0,1
2019-10-26 04:00:00,3,2,1
2019-10-26 05:00:00,0,0,0
2019-10-26 06:00:00,19,9,10
2019-10-26 07:00:00,51,29,22
2019-10-26 08:00:00,154,86,68
2019-10-26 09:00:00,164,83,81
2019-10-26 10:00:00,143,59,84
2019-10-26 11:00:00,147,75,72
2019-10-26 12:00:00,169,73,96
2019-10-26 13:00:00,150,77,73
2019-10-26 14:00:00,199,102,97
2019-10-26 15:00:00,253,158,95
2019-10-26 16:00:00,275,149,126
2019-10-26 17:00:00,206,92,114
2019-10-26 18:00:00,121,50,71
2019-10-26 19:00:00,7,1,6
2019-10-26 20:00:00,11,8,3
2019-10-26 21:00:00,17,8,9
2019-10-26 22:00:00,3,1,2
2019-10-26 23:00:00,3,1,2
2019-10-27 00:00:00,3,2,1
2019-10-27 01:00:00,0,0,0
2019-10-27 02:00:00,1,1,0
2019-10-27 03:00:00,0,0,0
2019-10-27 04:00:00,1,0,1
2019-10-27 05:00:00,4,3,1
2019-10-27 06:00:00,5,4,1
2019-10-27 07:00:00,32,20,12
2019-10-27 08:00:00,107,71,36
2019-10-27 09:00:00,179,94,85
2019-10-27 10:00:00,205,100,105
2019-10-27 11:00:00,223,88,135
2019-10-27 12:00:00,223,120,103
2019-10-27 13:00:00,274,135,139
2019-10-27 14:00:00,297,171,126
2019-10-27 15:00:00,448,258,190
2019-10-27 16:00:00,392,198,194
2019-10-27 17:00:00,315,147,168
2019-10-27 18:00:00,133,52,81
2019-10-27 19:00:00,17,10,7
2019-10-27 20:00:00,13,12,1
2019-10-27 21:00:00,19,17,2
2019-10-27 22:00:00,2,2,0
2019-10-27 23:00:00,6,5,1
2019-10-28 00:00:00,4,2,2
2019-10-28 01:00:00,0,0,0
2019-10-28 02:00:00,4,4,0
2019-10-28 03:00:00,3,2,1
2019-10-28 04:00:00,16,15,1
2019-10-28 05:00:00,32,25,7
2019-10-28 06:00:00,57,33,24
2019-10-28 07:00:00,85,44,41
2019-10-28 08:00:00,118,71,47
2019-10-28 09:00:00,109,61,48
2019-10-28 10:00:00,112,56,56
2019-10-28 11:00:00,133,64,69
2019-10-28 12:00:00,218,109,109
2019-10-28 13:00:00,147,74,73
2019-10-28 14:00:00,207,108,99
2019-10-28 15:00:00,231,152,79
2019-10-28 16:00:00,250,155,95
2019-10-28 17:00:00,272,153,119
2019-10-28 18:00:00,232,99,133
2019-10-28 19:00:00,37,18,19
2019-10-28 20:00:00,11,8,3
2019-10-28 21:00:00,14,10,4
2019-10-28 22:00:00,3,2,1
2019-10-28 23:00:00,7,5,2
2019-10-29 00:00:00,1,1,0
2019-10-29 01:00:00,0,0,0
2019-10-29 02:00:00,1,0,1
2019-10-29 03:00:00,1,1,0
2019-10-29 04:00:00,1,0,1
2019-10-29 05:00:00,10,9,1
2019-10-29 06:00:00,192,116,76
2019-10-29 07:00:00,138,84,54
2019-10-29 08:00:00,138,71,67
2019-10-29 09:00:00,153,114,39
2019-10-29 10:00:00,103,53,50
2019-10-29 11:00:00,143,89,54
2019-10-29 12:00:00,351,189,162
2019-10-29 13:00:00,283,186,97
2019-10-29 14:00:00,218,151,67
2019-10-29 15:00:00,237,173,64
2019-10-29 16:00:00,276,185,91
2019-10-29 17:00:00,324,193,131
2019-10-29 18:00:00,183,84,99
2019-10-29 19:00:00,46,24,22
2019-10-29 20:00:00,23,15,8
2019-10-29 21:00:00,10,8,2
2019-10-29 22:00:00,16,15,1
2019-10-29 23:00:00,52,52,0
2019-10-30 00:00:00,30,27,3
2019-10-30 01:00:00,4,3,1
2019-10-30 02:00:00,5,5,0
2019-10-30 03:00:00,0,0,0
2019-10-30 04:00:00,2,0,2
2019-10-30 05:00:00,19,10,9
2019-10-30 06:00:00,97,67,30
2019-10-30 07:00:00,127,77,50
2019-10-30 08:00:00,96,51,45
2019-10-30 09:00:00,61,32,29
2019-10-30 10:00:00,69,41,28
2019-10-30 11:00:00,121,68,53
2019-10-30 12:00:00,267,152,115
2019-10-30 13:00:00,156,83,73
2019-10-30 14:00:00,173,111,62
2019-10-30 15:00:00,214,136,78
2019-10-30 16:00:00,214,124,90
2019-10-30 17:00:00,220,123,97
2019-10-30 18:00:00,172,86,86
2019-10-30 19:00:00,44,26,18
2019-10-30 20:00:00,12,6,6
2019-10-30 21:00:00,15,12,3
2019-10-30 22:00:00,1,1,0
2019-10-30 23:00:00,0,0,0
2019-10-31 00:00:00,4,4,0
2019-10-31 01:00:00,10,10,0
2019-10-31 02:00:00,0,0,0
2019-10-31 03:00:00,4,4,0
2019-10-31 04:00:00,1,0,1
2019-10-31 05:00:00,12,8,4
2019-10-31 06:00:00,79,53,26
2019-10-31 07:00:00,98,61,37
2019-10-31 08:00:00,129,77,52
2019-10-31 09:00:00,85,58,27
2019-10-31 10:00:00,123,86,37
2019-10-31 11:00:00,147,81,66
2019-10-31 12:00:00,258,145,113
2019-10-31 13:00:00,111,51,60
2019-10-31 14:00:00,129,66,63
2019-10-31 15:00:00,160,103,57
2019-10-31 16:00:00,231,151,80
2019-10-31 17:00:00,226,139,87
2019-10-31 18:00:00,266,170,96
2019-10-31 19:00:00,70,55,15
2019-10-31 20:00:00,31,24,7
2019-10-31 21:00:00,29,26,3
2019-10-31 22:00:00,47,44,3
2019-10-31 23:00:00,5,4,1
2019-11-01 00:00:00,9,9,0
2019-11-01 01:00:00,1,1,0
2019-11-01 02:00:00,1,1,0
2019-11-01 03:00:00,11,11,0
2019-11-01 04:00:00,5,3,2
2019-11-01 05:00:00,13,8,5
2019-11-01 06:00:00,81,53,28
2019-11-01 07:00:00,149,109,40
2019-11-01 08:00:00,134,82,52
2019-11-01 09:00:00,123,81,42
2019-11-01 10:00:00,187,143,44
2019-11-01 11:00:00,155,84,71
2019-11-01 12:00:00,250,128,122
2019-11-01 13:00:00,206,109,97
2019-11-01 14:00:00,210,135,75
2019-11-01 15:00:00,262,182,80
2019-11-01 16:00:00,227,125,102
2019-11-01 17:00:00,218,117,101
2019-11-01 18:00:00,134,59,75
2019-11-01 19:00:00,43,27,16
2019-11-01 20:00:00,8,4,4
2019-11-01 21:00:00,5,3,2
2019-11-01 22:00:00,8,4,4
2019-11-01 23:00:00,13,8,5
2019-11-02 00:00:00,3,2,1
2019-11-02 01:00:00,1,0,1
2019-11-02 02:00:00,0,0,0
2019-11-02 03:00:00,2,1,1
2019-11-02 04:00:00,3,2,1
2019-11-02 05:00:00,3,2,1
2019-11-02 06:00:00,7,5,2
2019-11-02 07:00:00,64,43,21
2019-11-02 08:00:00,153,93,60
2019-11-02 09:00:00,185,99,86
2019-11-02 10:00:00,222,91,131
2019-11-02 11:00:00,270,168,102
2019-11-02 12:00:00,280,137,143
2019-11-02 13:00:00,290,170,120
2019-11-02 14:00:00,309,165,144
2019-11-02 15:00:00,303,180,123
2019-11-02 16:00:00,342,198,144
2019-11-02 17:00:00,336,189,147
2019-11-02 18:00:00,201,86,115
2019-11-02 19:00:00,39,31,8
2019-11-02 20:00:00,22,16,6
2019-11-02 21:00:00,26,24,2
2019-11-02 22:00:00,38,35,3
2019-11-02 23:00:00,56,47,9
2019-11-03 00:00:00,11,8,3
2019-11-03 01:00:00,35,34,1
2019-11-03 02:00:00,5,2,3
2019-11-03 03:00:00,0,0,0
2019-11-03 04:00:00,4,3,1
2019-11-03 05:00:00,9,8,1
2019-11-03 06:00:00,24,16,8
2019-11-03 07:00:00,171,130,41
2019-11-03 08:00:00,280,175,105
2019-11-03 09:00:00,349,252,97
2019-11-03 10:00:00,432,312,120
2019-11-03 11:00:00,509,379,130
2019-11-03 12:00:00,335,209,126
2019-11-03 13:00:00,285,169,116
2019-11-03 14:00:00,287,173,114
2019-11-03 15:00:00,289,151,138
2019-11-03 16:00:00,266,131,135
2019-11-03 17:00:00,189,79,110
2019-11-03 18:00:00,40,26,14
2019-11-03 19:00:00,32,23,9
2019-11-03 20:00:00,13,10,3
2019-11-03 21:00:00,13,13,0
2019-11-03 22:00:00,8,6,2
2019-11-03 23:00:00,1,0,1
2019-11-04 00:00:00,1,0,1
2019-11-04 01:00:00,1,0,1
2019-11-04 02:00:00,0,0,0
2019-11-04 03:00:00,11,9,2
2019-11-04 04:00:00,0,0,0
2019-11-04 05:00:00,24,14,10
2019-11-04 06:00:00,108,68,40
2019-11-04 07:00:00,241,156,85
2019-11-04 08:00:00,123,64,59
2019-11-04 09:00:00,151,96,55
2019-11-04 10:00:00,135,90,45
2019-11-04 11:00:00,121,67,54
2019-11-04 12:00:00,282,160,122
2019-11-04 13:00:00,141,86,55
2019-11-04 14:00:00,216,159,57
2019-11-04 15:00:00,252,158,94
2019-11-04 16:00:00,198,91,107
2019-11-04 17:00:00,130,55,75
2019-11-04 18:00:00,61,30,31
2019-11-04 19:00:00,42,28,14
2019-11-04 20:00:00,36,31,5
2019-11-04 21:00:00,11,8,3
2019-11-04 22:00:00,22,21,1
2019-11-04 23:00:00,13,9,4
2019-11-05 00:00:00,24,23,1
2019-11-05 01:00:00,45,43,2
2019-11-05 02:00:00,5,5,0
2019-11-05 03:00:00,4,3,1
2019-11-05 04:00:00,5,3,2
2019-11-05 05:00:00,44,29,15
2019-11-05 06:00:00,223,131,92
2019-11-05 07:00:00,223,128,95
2019-11-05 08:00:00,134,80,54
2019-11-05 09:00:00,116,69,47
2019-11-05 10:00:00,135,101,34
2019-11-05 11:00:00,174,103,71
2019-11-05 12:00:00,312,169,143
2019-11-05 13:00:00,206,121,85
2019-11-05 14:00:00,210,136,74
2019-11-05 15:00:00,214,109,105
2019-11-05 16:00:00,219,120,99
2019-11-05 17:00:00,153,87,66
2019-11-05 18:00:00,82,47,35
2019-11-05 19:00:00,37,22,15
2019-11-05 20:00:00,23,13,10
2019-11-05 21:00:00,8,3,5
2019-11-05 22:00:00,3,2,1
2019-11-05 23:00:00,12,12,0
2019-11-06 00:00:00,17,15,2
2019-11-06 01:00:00,47,46,1
2019-11-06 02:00:00,8,8,0
2019-11-06 03:00:00,1,1,0
2019-11-06 04:00:00,4,2,2
2019-11-06 05:00:00,35,17,18
2019-11-06 06:00:00,144,91,53
2019-11-06 07:00:00,226,130,96
2019-11-06 08:00:00,184,107,77
2019-11-06 09:00:00,192,136,56
2019-11-06 10:00:00,134,83,51
2019-11-06 11:00:00,153,91,62
2019-11-06 12:00:00,277,157,120
2019-11-06 13:00:00,244,157,87
2019-11-06 14:00:00,199,129,70
2019-11-06 15:00:00,211,140,71
2019-11-06 16:00:00,328,203,125
2019-11-06 17:00:00,319,205,114
2019-11-06 18:00:00,104,77,27
2019-11-06 19:00:00,108,91,17
2019-11-06 20:00:00,262,253,9
2019-11-06 21:00:00,88,76,12
2019-11-06 22:00:00,46,42,4
2019-11-06 23:00:00,15,14,1
2019-11-07 00:00:00,17,16,1
2019-11-07 01:00:00,66,60,6
2019-11-07 02:00:00,78,76,2
2019-11-07 03:00:00,98,98,0
2019-11-07 04:00:00,124,112,12
2019-11-07 05:00:00,120,109,11
2019-11-07 06:00:00,271,216,55
2019-11-07 07:00:00,370,251,119
2019-11-07 08:00:00,390,307,83
2019-11-07 09:00:00,127,97,30
2019-11-07 10:00:00,347,261,86
2019-11-07 11:00:00,233,159,74
2019-11-07 12:00:00,329,202,127
2019-11-07 13:00:00,211,149,62
2019-11-07 14:00:00,220,148,72
2019-11-07 15:00:00,284,171,113
2019-11-07 16:00:00,227,115,112
2019-11-07 17:00:00,158,81,77
2019-11-07 18:00:00,81,56,25
2019-11-07 19:00:00,54,40,14
2019-11-07 20:00:00,72,65,7
2019-11-07 21:00:00,61,54,7
2019-11-07 22:00:00,33,30,3
2019-11-07 23:00:00,5,3,2
2019-11-08 00:00:00,0,0,0
2019-11-08 01:00:00,4,2,2
2019-11-08 02:00:00,11,11,0
2019-11-08 03:00:00,12,11,1
2019-11-08 04:00:00,13,9,4
2019-11-08 05:00:00,52,47,5
2019-11-08 06:00:00,96,64,32
2019-11-08 07:00:00,173,103,70
2019-11-08 08:00:00,231,164,67
2019-11-08 09:00:00,166,114,52
2019-11-08 10:00:00,198,145,53
2019-11-08 11:00:00,279,181,98
2019-11-08 12:00:00,327,191,136
2019-11-08 13:00:00,244,146,98
2019-11-08 14:00:00,234,145,89
2019-11-08 15:00:00,189,106,83
2019-11-08 16:00:00,233,120,113
2019-11-08 17:00:00,131,63,68
2019-11-08 18:00:00,104,79,25
2019-11-08 19:00:00,40,30,10
2019-11-08 20:00:00,48,47,1
2019-11-08 21:00:00,23,17,6
2019-11-08 22:00:00,26,21,5
2019-11-08 23:00:00,10,4,6
2019-11-09 00:00:00,16,11,5
2019-11-09 01:00:00,9,6,3
2019-11-09 02:00:00,2,2,0
2019-11-09 03:00:00,1,1,0
2019-11-09 04:00:00,3,1,2
2019-11-09 05:00:00,4,2,2
2019-11-09 06:00:00,9,6,3
2019-11-09 07:00:00,110,72,38
2019-11-09 08:00:00,99,54,45
2019-11-09 09:00:00,92,53,39
2019-11-09 10:00:00,97,50,47
2019-11-09 11:00:00,166,90,76
2019-11-09 12:00:00,157,98,59
2019-11-09 13:00:00,124,68,56
2019-11-09 14:00:00,163,97,66
2019-11-09 15:00:00,175,92,83
2019-11-09 16:00:00,164,75,89
2019-11-09 17:00:00,110,68,42
2019-11-09 18:00:00,63,47,16
2019-11-09 19:00:00,34,24,10
2019-11-09 20:00:00,33,30,3
2019-11-09 21:00:00,21,12,9
2019-11-09 22:00:00,15,11,4
2019-11-09 23:00:00,10,6,4
2019-11-10 00:00:00,3,1,2
2019-11-10 01:00:00,7,7,0
2019-11-10 02:00:00,0,0,0
2019-11-10 03:00:00,4,3,1
2019-11-10 04:00:00,1,1,0
2019-11-10 05:00:00,4,2,2
2019-11-10 06:00:00,28,22,6
2019-11-10 07:00:00,60,40,20
2019-11-10 08:00:00,151,79,72
2019-11-10 09:00:00,199,121,78
2019-11-10 10:00:00,176,87,89
2019-11-10 11:00:00,162,79,83
2019-11-10 12:00:00,150,66,84
2019-11-10 13:00:00,152,72,80
2019-11-10 14:00:00,166,68,98
2019-11-10 15:00:00,215,110,105
2019-11-10 16:00:00,227,105,122
2019-11-10 17:00:00,135,55,80
2019-11-10 18:00:00,28,8,20
2019-11-10 19:00:00,7,2,5
2019-11-10 20:00:00,24,13,11
2019-11-10 21:00:00,10,7,3
2019-11-10 22:00:00,3,1,2
2019-11-10 23:00:00,4,3,1
2019-11-11 00:00:00,3,1,2
2019-11-11 01:00:00,0,0,0
2019-11-11 02:00:00,2,2,0
2019-11-11 03:00:00,2,1,1
2019-11-11 04:00:00,2,1,1
2019-11-11 05:00:00,9,4,5
2019-11-11 06:00:00,55,32,23
2019-11-11 07:00:00,123,72,51
2019-11-11 08:00:00,113,63,50
2019-11-11 09:00:00,120,59,61
2019-11-11 10:00:00,109,50,59
2019-11-11 11:00:00,186,100,86
2019-11-11 12:00:00,256,122,134
2019-11-11 13:00:00,234,120,114
2019-11-11 14:00:00,259,124,135
2019-11-11 15:00:00,278,151,127
2019-11-11 16:00:00,296,172,124
2019-11-11 17:00:00,172,104,68
2019-11-11 18:00:00,120,91,29
2019-11-11 19:00:00,70,56,14
2019-11-11 20:00:00,67,63,4
2019-11-11 21:00:00,212,203,9
2019-11-11 22:00:00,211,208,3
2019-11-11 23:00:00,6,2,4
2019-11-12 00:00:00,11,11,0
2019-11-12 01:00:00,13,12,1
2019-11-12 02:00:00,1,0,1
2019-11-12 03:00:00,1,1,0
2019-11-12 04:00:00,9,6,3
2019-11-12 05:00:00,18,12,6
2019-11-12 06:00:00,59,38,21
2019-11-12 07:00:00,66,27,39
2019-11-12 08:00:00,54,31,23
2019-11-12 09:00:00,51,21,30
2019-11-12 10:00:00,81,49,32
2019-11-12 11:00:00,82,46,36
2019-11-12 12:00:00,189,97,92
2019-11-12 13:00:00,97,42,55
2019-11-12 14:00:00,130,71,59
2019-11-12 15:00:00,107,53,54
2019-11-12 16:00:00,151,80,71
2019-11-12 17:00:00,125,65,60
2019-11-12 18:00:00,72,43,29
2019-11-12 19:00:00,36,16,20
2019-11-12 20:00:00,24,16,8
2019-11-12 21:00:00,21,13,8
2019-11-12 22:00:00,2,1,1
2019-11-12 23:00:00,2,1,1
2019-11-13 00:00:00,32,32,0
2019-11-13 01:00:00,3,2,1
2019-11-13 02:00:00,1,1,0
2019-11-13 03:00:00,1,0,1
2019-11-13 04:00:00,4,3,1
2019-11-13 05:00:00,27,15,12
2019-11-13 06:00:00,126,81,45
2019-11-13 07:00:00,173,88,85
2019-11-13 08:00:00,139,76,63
2019-11-13 09:00:00,83,38,45
2019-11-13 10:00:00,95,50,45
2019-11-13 11:00:00,155,86,69
2019-11-13 12:00:00,216,116,100
2019-11-13 13:00:00,137,67,70
2019-11-13 14:00:00,124,63,61
2019-11-13 15:00:00,197,94,103
2019-11-13 16:00:00,239,115,124
2019-11-13 17:00:00,137,63,74
2019-11-13 18:00:00,46,31,15
2019-11-13 19:00:00,27,15,12
2019-11-13 20:00:00,48,37,11
2019-11-13 21:00:00,18,11,7
2019-11-13 22:00:00,3,2,1
2019-11-13 23:00:00,18,17,1
2019-11-14 00:00:00,0,0,0
2019-11-14 01:00:00,1,1,0
2019-11-14 02:00:00,0,0,0
2019-11-14 03:00:00,2,2,0
2019-11-14 04:00:00,7,3,4
2019-11-14 05:00:00,24,17,7
2019-11-14 06:00:00,95,60,35
2019-11-14 07:00:00,170,90,80
2019-11-14 08:00:00,115,49,66
2019-11-14 09:00:00,89,53,36
2019-11-14 10:00:00,96,57,39
2019-11-14 11:00:00,117,54,63
2019-11-14 12:00:00,289,162,127
2019-11-14 13:00:00,186,99,87
2019-11-14 14:00:00,101,55,46
2019-11-14 15:00:00,112,61,51
2019-11-14 16:00:00,238,157,81
2019-11-14 17:00:00,167,101,66
2019-11-14 18:00:00,103,76,27
2019-11-14 19:00:00,75,56,19
2019-11-14 20:00:00,50,41,9
2019-11-14 21:00:00,27,13,14
2019-11-14 22:00:00,17,12,5
2019-11-14 23:00:00,18,17,1
2019-11-15 00:00:00,19,15,4
2019-11-15 01:00:00,49,47,2
2019-11-15 02:00:00,4,2,2
2019-11-15 03:00:00,3,2,1
2019-11-15 04:00:00,1,1,0
2019-11-15 05:00:00,8,6,2
2019-11-15 06:00:00,77,50,27
2019-11-15 07:00:00,117,55,62
2019-11-15 08:00:00,92,49,43
2019-11-15 09:00:00,124,67,57
2019-11-15 10:00:00,109,63,46
2019-11-15 11:00:00,138,74,64
2019-11-15 12:00:00,190,93,97
2019-11-15 13:00:00,118,61,57
2019-11-15 14:00:00,87,52,35
2019-11-15 15:00:00,176,86,90
2019-11-15 16:00:00,218,100,118
2019-11-15 17:00:00,120,50,70
2019-11-15 18:00:00,61,39,22
2019-11-15 19:00:00,24,14,10
2019-11-15 20:00:00,37,34,3
2019-11-15 21:00:00,28,24,4
2019-11-15 22:00:00,44,38,6
2019-11-15 23:00:00,21,19,2
2019-11-16 00:00:00,129,122,7
2019-11-16 01:00:00,394,387,7
2019-11-16 02:00:00,0,0,0
2019-11-16 03:00:00,2,2,0
2019-11-16 04:00:00,2,1,1
2019-11-16 05:00:00,29,28,1
2019-11-16 06:00:00,33,20,13
2019-11-16 07:00:00,69,45,24
2019-11-16 08:00:00,214,152,62
2019-11-16 09:00:00,243,146,97
2019-11-16 10:00:00,310,187,123
2019-11-16 11:00:00,224,121,103
2019-11-16 12:00:00,213,107,106
2019-11-16 13:00:00,202,97,105
2019-11-16 14:00:00,206,126,80
2019-11-16 15:00:00,229,160,69
2019-11-16 16:00:00,117,72,45
2019-11-16 17:00:00,124,91,33
2019-11-16 18:00:00,127,118,9
2019-11-16 19:00:00,60,47,13
2019-11-16 20:00:00,31,19,12
2019-11-16 21:00:00,48,44,4
2019-11-16 22:00:00,28,28,0
2019-11-16 23:00:00,54,52,2
2019-11-17 00:00:00,23,21,2
2019-11-17 01:00:00,10,10,0
2019-11-17 02:00:00,31,31,0
2019-11-17 03:00:00,13,8,5
2019-11-17 04:00:00,1,1,0
2019-11-17 05:00:00,4,2,2
2019-11-17 06:00:00,11,6,5
2019-11-17 07:00:00,42,25,17
2019-11-17 08:00:00,90,56,34
2019-11-17 09:00:00,126,77,49
2019-11-17 10:00:00,207,120,87
2019-11-17 11:00:00,207,113,94
2019-11-17 12:00:00,197,93,104
2019-11-17 13:00:00,251,138,113
2019-11-17 14:00:00,138,69,69
2019-11-17 15:00:00,88,45,43
2019-11-17 16:00:00,71,45,26
2019-11-17 17:00:00,53,31,22
2019-11-17 18:00:00,37,20,17
2019-11-17 19:00:00,13,8,5
2019-11-17 20:00:00,19,10,9
2019-11-17 21:00:00,10,4,6
2019-11-17 22:00:00,12,8,4
2019-11-17 23:00:00,12,7,5
2019-11-18 00:00:00,3,2,1
2019-11-18 01:00:00,0,0,0
2019-11-18 02:00:00,15,15,0
2019-11-18 03:00:00,5,1,4
2019-11-18 04:00:00,1,1,0
2019-11-18 05:00:00,18,10,8
2019-11-18 06:00:00,62,36,26
2019-11-18 07:00:00,104,50,54
2019-11-18 08:00:00,101,58,43
2019-11-18 09:00:00,75,31,44
2019-11-18 10:00:00,108,62,46
2019-11-18 11:00:00,154,86,68
2019-11-18 12:00:00,167,74,93
2019-11-18 13:00:00,50,28,22
2019-11-18 14:00:00,43,24,19
2019-11-18 15:00:00,33,14,19
2019-11-18 16:00:00,48,25,23
2019-11-18 17:00:00,56,24,32
2019-11-18 18:00:00,26,14,12
2019-11-18 19:00:00,17,9,8
2019-11-18 20:00:00,15,9,6
2019-11-18 21:00:00,26,11,15
2019-11-18 22:00:00,2,2,0
2019-11-18 23:00:00,5,3,2
2019-11-19 00:00:00,2,1,1
2019-11-19 01:00:00,0,0,0
2019-11-19 02:00:00,0,0,0
2019-11-19 03:00:00,1,1,0
2019-11-19 04:00:00,4,2,2
2019-11-19 05:00:00,13,6,7
2019-11-19 06:00:00,86,47,39
2019-11-19 07:00:00,99,46,53
2019-11-19 08:00:00,79,41,38
2019-11-19 09:00:00,55,25,30
2019-11-19 10:00:00,70,39,31
2019-11-19 11:00:00,120,68,52
2019-11-19 12:00:00,241,118,123
2019-11-19 13:00:00,142,75,67
2019-11-19 14:00:00,109,55,54
2019-11-19 15:00:00,132,67,65
2019-11-19 16:00:00,191,99,92
2019-11-19 17:00:00,122,51,71
2019-11-19 18:00:00,50,23,27
2019-11-19 19:00:00,30,19,11
2019-11-19 20:00:00,26,10,16
2019-11-19 21:00:00,15,11,4
2019-11-19 22:00:00,8,4,4
2019-11-19 23:00:00,3,3,0
2019-11-20 00:00:00,4,2,2
2019-11-20 01:00:00,2,1,1
2019-11-20 02:00:00,3,2,1
2019-11-20 03:00:00,6,3,3
2019-11-20 04:00:00,3,3,0
2019-11-20 05:00:00,19,10,9
2019-11-20 06:00:00,122,74,48
2019-11-20 07:00:00,152,77,75
2019-11-20 08:00:00,144,79,65
2019-11-20 09:00:00,110,48,62
2019-11-20 10:00:00,97,54,43
2019-11-20 11:00:00,190,98,92
2019-11-20 12:00:00,342,176,166
2019-11-20 13:00:00,229,128,101
2019-11-20 14:00:00,250,154,96
2019-11-20 15:00:00,396,209,187
2019-11-20 16:00:00,288,141,147
2019-11-20 17:00:00,134,54,80
2019-11-20 18:00:00,49,25,24
2019-11-20 19:00:00,34,14,20
2019-11-20 20:00:00,11,7,4
2019-11-20 21:00:00,10,6,4
2019-11-20 22:00:00,4,1,3
2019-11-20 23:00:00,8,5,3
2019-11-21 00:00:00,0,0,0
2019-11-21 01:00:00,3,2,1
2019-11-21 02:00:00,2,1,1
2019-11-21 03:00:00,2,0,2
2019-11-21 04:00:00,2,2,0
2019-11-21 05:00:00,12,6,6
2019-11-21 06:00:00,67,39,28
2019-11-21 07:00:00,133,69,64
2019-11-21 08:00:00,109,57,52
2019-11-21 09:00:00,87,40,47
2019-11-21 10:00:00,105,54,51
2019-11-21 11:00:00,128,67,61
2019-11-21 12:00:00,283,148,135
2019-11-21 13:00:00,231,142,89
2019-11-21 14:00:00,258,146,112
2019-11-21 15:00:00,401,218,183
2019-11-21 16:00:00,248,127,121
2019-11-21 17:00:00,120,58,62
2019-11-21 18:00:00,58,31,27
2019-11-21 19:00:00,26,7,19
2019-11-21 20:00:00,17,11,6
2019-11-21 21:00:00,15,9,6
2019-11-21 22:00:00,4,2,2
2019-11-21 23:00:00,5,3,2
2019-11-22 00:00:00,1,1,0
2019-11-22 01:00:00,3,1,2
2019-11-22 02:00:00,1,0,1
2019-11-22 03:00:00,0,0,0
2019-11-22 04:00:00,6,4,2
2019-11-22 05:00:00,12,6,6
2019-11-22 06:00:00,55,31,24
2019-11-22 07:00:00,112,64,48
2019-11-22 08:00:00,126,65,61
2019-11-22 09:00:00,83,42,41
2019-11-22 10:00:00,72,35,37
2019-11-22 11:00:00,111,56,55
2019-11-22 12:00:00,181,99,82
2019-11-22 13:00:00,120,54,66
2019-11-22 14:00:00,88,40,48
2019-11-22 15:00:00,116,63,53
2019-11-22 16:00:00,126,52,74
2019-11-22 17:00:00,86,32,54
2019-11-22 18:00:00,41,27,14
2019-11-22 19:00:00,25,13,12
2019-11-22 20:00:00,11,3,8
2019-11-22 21:00:00,5,3,2
2019-11-22 22:00:00,11,6,5
2019-11-22 23:00:00,10,8,2
2019-11-23 00:00:00,7,7,0
2019-11-23 01:00:00,4,2,2
2019-11-23 02:00:00,2,0,2
2019-11-23 03:00:00,0,0,0
2019-11-23 04:00:00,2,1,1
2019-11-23 05:00:00,4,3,1
2019-11-23 06:00:00,16,10,6
2019-11-23 07:00:00,57,37,20
2019-11-23 08:00:00,124,62,62
2019-11-23 09:00:00,176,90,86
2019-11-23 10:00:00,167,74,93
2019-11-23 11:00:00,222,127,95
2019-11-23 12:00:00,172,86,86
2019-11-23 13:00:00,149,64,85
2019-11-23 14:00:00,197,94,103
2019-11-23 15:00:00,178,79,99
2019-11-23 16:00:00,139,58,81
2019-11-23 17:00:00,46,20,26
2019-11-23 18:00:00,14,6,8
2019-11-23 19:00:00,8,3,5
2019-11-23 20:00:00,12,6,6
2019-11-23 21:00:00,6,1,5
2019-11-23 22:00:00,8,5,3
2019-11-23 23:00:00,3,2,1
2019-11-24 00:00:00,7,5,2
2019-11-24 01:00:00,0,0,0
2019-11-24 02:00:00,1,1,0
2019-11-24 03:00:00,0,0,0
2019-11-24 04:00:00,2,1,1
2019-11-24 05:00:00,3,3,0
2019-11-24 06:00:00,18,11,7
2019-11-24 07:00:00,54,30,24
2019-11-24 08:00:00,115,62,53
2019-11-24 09:00:00,191,106,85
2019-11-24 10:00:00,201,99,102
2019-11-24 11:00:00,290,142,148
2019-11-24 12:00:00,212,94,118
2019-11-24 13:00:00,235,111,124
2019-11-24 14:00:00,255,134,121
2019-11-24 15:00:00,497,251,246
2019-11-24 16:00:00,299,120,179
2019-11-24 17:00:00,63,24,39
2019-11-24 18:00:00,35,16,19
2019-11-24 19:00:00,12,9,3
2019-11-24 20:00:00,17,12,5
2019-11-24 21:00:00,11,7,4
2019-11-24 22:00:00,2,0,2
2019-11-24 23:00:00,0,0,0
2019-11-25 00:00:00,3,2,1
2019-11-25 01:00:00,0,0,0
2019-11-25 02:00:00,2,2,0
2019-11-25 03:00:00,5,2,3
2019-11-25 04:00:00,1,0,1
2019-11-25 05:00:00,15,5,10
2019-11-25 06:00:00,46,31,15
2019-11-25 07:00:00,83,42,41
2019-11-25 08:00:00,92,57,35
2019-11-25 09:00:00,55,18,37
2019-11-25 10:00:00,60,31,29
2019-11-25 11:00:00,113,51,62
2019-11-25 12:00:00,158,81,77
2019-11-25 13:00:00,59,27,32
2019-11-25 14:00:00,75,35,40
2019-11-25 15:00:00,97,48,49
2019-11-25 16:00:00,100,50,50
2019-11-25 17:00:00,46,20,26
2019-11-25 18:00:00,31,16,15
2019-11-25 19:00:00,14,7,7
2019-11-25 20:00:00,11,7,4
2019-11-25 21:00:00,7,6,1
2019-11-25 22:00:00,4,1,3
2019-11-25 23:00:00,3,2,1
2019-11-26 00:00:00,1,1,0
2019-11-26 01:00:00,1,1,0
2019-11-26 02:00:00,1,1,0
2019-11-26 03:00:00,3,2,1
2019-11-26 04:00:00,0,0,0
2019-11-26 05:00:00,2,1,1
2019-11-26 06:00:00,59,37,22
2019-11-26 07:00:00,83,42,41
2019-11-26 08:00:00,88,42,46
2019-11-26 09:00:00,61,28,33
2019-11-26 10:00:00,65,24,41
2019-11-26 11:00:00,84,49,35
2019-11-26 12:00:00,197,98,99
2019-11-26 13:00:00,129,57,72
2019-11-26 14:00:00,121,56,65
2019-11-26 15:00:00,120,63,57
2019-11-26 16:00:00,155,68,87
2019-11-26 17:00:00,71,27,44
2019-11-26 18:00:00,42,23,19
2019-11-26 19:00:00,18,8,10
2019-11-26 20:00:00,12,6,6
2019-11-26 21:00:00,6,5,1
2019-11-26 22:00:00,1,0,1
2019-11-26 23:00:00,2,2,0
2019-11-27 00:00:00,2,1,1
2019-11-27 01:00:00,1,0,1
2019-11-27 02:00:00,0,0,0
2019-11-27 03:00:00,1,1,0
2019-11-27 04:00:00,1,1,0
2019-11-27 05:00:00,25,7,18
2019-11-27 06:00:00,44,20,24
2019-11-27 07:00:00,67,35,32
2019-11-27 08:00:00,71,38,33
2019-11-27 09:00:00,78,36,42
2019-11-27 10:00:00,77,39,38
2019-11-27 11:00:00,131,67,64
2019-11-27 12:00:00,219,111,108
2019-11-27 13:00:00,160,72,88
2019-11-27 14:00:00,141,80,61
2019-11-27 15:00:00,296,155,141
2019-11-27 16:00:00,173,77,96
2019-11-27 17:00:00,40,20,20
2019-11-27 18:00:00,41,29,12
2019-11-27 19:00:00,9,2,7
2019-11-27 20:00:00,7,4,3
2019-11-27 21:00:00,4,3,1
2019-11-27 22:00:00,23,21,2
2019-11-27 23:00:00,8,7,1
2019-11-28 00:00:00,3,2,1
2019-11-28 01:00:00,6,5,1
2019-11-28 02:00:00,5,3,2
2019-11-28 03:00:00,1,1,0
2019-11-28 04:00:00,1,1,0
2019-11-28 05:00:00,0,0,0
2019-11-28 06:00:00,14,9,5
2019-11-28 07:00:00,37,21,16
2019-11-28 08:00:00,112,69,43
2019-11-28 09:00:00,149,72,77
2019-11-28 10:00:00,291,194,97
2019-11-28 11:00:00,265,117,148
2019-11-28 12:00:00,226,107,119
2019-11-28 13:00:00,240,110,130
2019-11-28 14:00:00,330,224,106
2019-11-28 15:00:00,386,202,184
2019-11-28 16:00:00,212,82,130
2019-11-28 17:00:00,40,21,19
2019-11-28 18:00:00,13,8,5
2019-11-28 19:00:00,8,6,2
2019-11-28 20:00:00,14,13,1
2019-11-28 21:00:00,9,7,2
2019-11-28 22:00:00,6,5,1
2019-11-28 23:00:00,39,38,1
2019-11-29 00:00:00,4,2,2
2019-11-29 01:00:00,2,1,1
2019-11-29 02:00:00,1,1,0
2019-11-29 03:00:00,0,0,0
2019-11-29 04:00:00,2,2,0
2019-11-29 05:00:00,46,42,4
2019-11-29 06:00:00,40,38,2
2019-11-29 07:00:00,55,38,17
2019-11-29 08:00:00,86,41,45
2019-11-29 09:00:00,77,41,36
2019-11-29 10:00:00,97,47,50
2019-11-29 11:00:00,174,86,88
2019-11-29 12:00:00,196,84,112
2019-11-29 13:00:00,164,84,80
2019-11-29 14:00:00,188,105,83
2019-11-29 15:00:00,361,170,191
2019-11-29 16:00:00,170,66,104
2019-11-29 17:00:00,33,12,21
2019-11-29 18:00:00,18,10,8
2019-11-29 19:00:00,7,3,4
2019-11-29 20:00:00,13,11,2
2019-11-29 21:00:00,10,10,0
2019-11-29 22:00:00,32,30,2
2019-11-29 23:00:00,14,13,1
2019-11-30 00:00:00,21,20,1
2019-11-30 01:00:00,6,5,1
2019-11-30 02:00:00,8,8,0
2019-11-30 03:00:00,1,1,0
2019-11-30 04:00:00,4,2,2
2019-11-30 05:00:00,4,3,1
2019-11-30 06:00:00,23,17,6
2019-11-30 07:00:00,140,101,39
2019-11-30 08:00:00,105,60,45
2019-11-30 09:00:00,109,57,52
2019-11-30 10:00:00,141,80,61
2019-11-30 11:00:00,211,106,105
2019-11-30 12:00:00,203,107,96
2019-11-30 13:00:00,259,118,141
2019-11-30 14:00:00,285,141,144
2019-11-30 15:00:00,481,267,214
2019-11-30 16:00:00,230,99,131
2019-11-30 17:00:00,31,9,22
2019-11-30 18:00:00,10,4,6
2019-11-30 19:00:00,6,4,2
2019-11-30 20:00:00,6,5,1
2019-11-30 21:00:00,7,5,2
2019-11-30 22:00:00,4,3,1
2019-11-30 23:00:00,3,3,0
2019-12-01 00:00:00,9,4,5
2019-12-01 01:00:00,0,0,0
2019-12-01 02:00:00,2,1,1
2019-12-01 03:00:00,2,1,1
2019-12-01 04:00:00,1,1,0
2019-12-01 05:00:00,4,1,3
2019-12-01 06:00:00,11,6,5
2019-12-01 07:00:00,32,17,15
2019-12-01 08:00:00,64,38,26
2019-12-01 09:00:00,130,71,59
2019-12-01 10:00:00,141,93,48
2019-12-01 11:00:00,146,83,63
2019-12-01 12:00:00,155,105,50
2019-12-01 13:00:00,146,89,57
2019-12-01 14:00:00,151,94,57
2019-12-01 15:00:00,153,105,48
2019-12-01 16:00:00,123,73,50
2019-12-01 17:00:00,151,126,25
2019-12-01 18:00:00,439,426,13
2019-12-01 19:00:00,85,81,4
2019-12-01 20:00:00,282,231,51
2019-12-01 21:00:00,288,267,21
2019-12-01 22:00:00,80,72,8
2019-12-01 23:00:00,59,58,1
2019-12-02 00:00:00,67,46,21
2019-12-02 01:00:00,12,12,0
2019-12-02 02:00:00,6,6,0
2019-12-02 03:00:00,4,3,1
2019-12-02 04:00:00,2,2,0
2019-12-02 05:00:00,26,16,10
2019-12-02 06:00:00,130,104,26
2019-12-02 07:00:00,207,167,40
2019-12-02 08:00:00,307,250,57
2019-12-02 09:00:00,220,180,40
2019-12-02 10:00:00,188,145,43
2019-12-02 11:00:00,217,144,73
2019-12-02 12:00:00,343,230,113
2019-12-02 13:00:00,195,117,78
2019-12-02 14:00:00,155,91,64
2019-12-02 15:00:00,209,120,89
2019-12-02 16:00:00,169,92,77
2019-12-02 17:00:00,120,87,33
2019-12-02 18:00:00,326,304,22
2019-12-02 19:00:00,149,137,12
2019-12-02 20:00:00,160,153,7
2019-12-02 21:00:00,268,260,8
2019-12-02 22:00:00,70,68,2
2019-12-02 23:00:00,0,0,0
2019-12-03 00:00:00,13,12,1
2019-12-03 01:00:00,7,5,2
2019-12-03 02:00:00,3,3,0
2019-12-03 03:00:00,3,2,1
2019-12-03 04:00:00,8,6,2
2019-12-03 05:00:00,22,15,7
2019-12-03 06:00:00,115,72,43
2019-12-03 07:00:00,203,149,54
2019-12-03 08:00:00,267,205,62
2019-12-03 09:00:00,107,70,37
2019-12-03 10:00:00,107,70,37
2019-12-03 11:00:00,145,91,54
2019-12-03 12:00:00,224,133,91
2019-12-03 13:00:00,241,139,102
2019-12-03 14:00:00,235,171,64
2019-12-03 15:00:00,191,138,53
2019-12-03 16:00:00,201,114,87
2019-12-03 17:00:00,163,120,43
2019-12-03 18:00:00,201,179,22
2019-12-03 19:00:00,182,172,10
2019-12-03 20:00:00,27,20,7
2019-12-03 21:00:00,213,205,8
2019-12-03 22:00:00,12,10,2
2019-12-03 23:00:00,10,10,0
2019-12-04 00:00:00,36,34,2
2019-12-04 01:00:00,0,0,0
2019-12-04 02:00:00,34,34,0
2019-12-04 03:00:00,90,88,2
2019-12-04 04:00:00,8,4,4
2019-12-04 05:00:00,29,21,8
2019-12-04 06:00:00,71,45,26
2019-12-04 07:00:00,124,75,49
2019-12-04 08:00:00,127,83,44
2019-12-04 09:00:00,75,47,28
2019-12-04 10:00:00,113,79,34
2019-12-04 11:00:00,138,95,43
2019-12-04 12:00:00,212,127,85
2019-12-04 13:00:00,101,53,48
2019-12-04 14:00:00,85,41,44
2019-12-04 15:00:00,112,64,48
2019-12-04 16:00:00,92,48,44
2019-12-04 17:00:00,98,59,39
2019-12-04 18:00:00,60,41,19
2019-12-04 19:00:00,22,11,11
2019-12-04 20:00:00,32,26,6
2019-12-04 21:00:00,33,32,1
2019-12-04 22:00:00,22,20,2
2019-12-04 23:00:00,3,3,0
2019-12-05 00:00:00,1,0,1
2019-12-05 01:00:00,3,1,2
2019-12-05 02:00:00,0,0,0
2019-12-05 03:00:00,1,1,0
2019-12-05 04:00:00,4,3,1
2019-12-05 05:00:00,37,27,10
2019-12-05 06:00:00,122,81,41
2019-12-05 07:00:00,212,143,69
2019-12-05 08:00:00,95,48,47
2019-12-05 09:00:00,87,61,26
2019-12-05 10:00:00,92,44,48
2019-12-05 11:00:00,167,104,63
2019-12-05 12:00:00,266,156,110
2019-12-05 13:00:00,202,129,73
2019-12-05 14:00:00,182,115,67
2019-12-05 15:00:00,247,159,88
2019-12-05 16:00:00,206,122,84
2019-12-05 17:00:00,205,146,59
2019-12-05 18:00:00,157,94,63
2019-12-05 19:00:00,108,65,43
2019-12-05 20:00:00,95,76,19
2019-12-05 21:00:00,69,62,7
2019-12-05 22:00:00,95,93,2
2019-12-05 23:00:00,35,33,2
2019-12-06 00:00:00,2,2,0
2019-12-06 01:00:00,5,4,1
2019-12-06 02:00:00,3,3,0
2019-12-06 03:00:00,4,4,0
2019-12-06 04:00:00,3,2,1
2019-12-06 05:00:00,52,47,5
2019-12-06 06:00:00,83,53,30
2019-12-06 07:00:00,112,61,51
2019-12-06 08:00:00,141,83,58
2019-12-06 09:00:00,113,71,42
2019-12-06 10:00:00,121,76,45
2019-12-06 11:00:00,95,52,43
2019-12-06 12:00:00,263,159,104
2019-12-06 13:00:00,193,105,88
2019-12-06 14:00:00,105,56,49
2019-12-06 15:00:00,142,80,62
2019-12-06 16:00:00,150,91,59
2019-12-06 17:00:00,110,69,41
2019-12-06 18:00:00,74,58,16
2019-12-06 19:00:00,60,49,11
2019-12-06 20:00:00,41,37,4
2019-12-06 21:00:00,70,67,3
2019-12-06 22:00:00,78,73,5
2019-12-06 23:00:00,9,7,2
2019-12-07 00:00:00,3,2,1
2019-12-07 01:00:00,1,1,0
2019-12-07 02:00:00,1,0,1
2019-12-07 03:00:00,2,2,0
2019-12-07 04:00:00,1,1,0
2019-12-07 05:00:00,3,2,1
2019-12-07 06:00:00,8,5,3
2019-12-07 07:00:00,36,17,19
2019-12-07 08:00:00,73,43,30
2019-12-07 09:00:00,107,54,53
2019-12-07 10:00:00,106,53,53
2019-12-07 11:00:00,98,42,56
2019-12-07 12:00:00,86,43,43
2019-12-07 13:00:00,64,33,31
2019-12-07 14:00:00,126,66,60
2019-12-07 15:00:00,126,59,67
2019-12-07 16:00:00,118,44,74
2019-12-07 17:00:00,48,25,23
2019-12-07 18:00:00,23,10,13
2019-12-07 19:00:00,18,8,10
2019-12-07 20:00:00,8,5,3
2019-12-07 21:00:00,7,4,3
2019-12-07 22:00:00,5,1,4
2019-12-07 23:00:00,10,8,2
2019-12-08 00:00:00,4,2,2
2019-12-08 01:00:00,1,1,0
2019-12-08 02:00:00,2,2,0
2019-12-08 03:00:00,3,1,2
2019-12-08 04:00:00,2,1,1
2019-12-08 05:00:00,3,3,0
2019-12-08 06:00:00,4,2,2
2019-12-08 07:00:00,29,19,10
2019-12-08 08:00:00,124,70,54
2019-12-08 09:00:00,143,75,68
2019-12-08 10:00:00,167,79,88
2019-12-08 11:00:00,188,87,101
2019-12-08 12:00:00,141,71,70
2019-12-08 13:00:00,200,118,82
2019-12-08 14:00:00,202,88,114
2019-12-08 15:00:00,169,74,95
2019-12-08 16:00:00,166,79,87
2019-12-08 17:00:00,39,15,24
2019-12-08 18:00:00,21,12,9
2019-12-08 19:00:00,9,4,5
2019-12-08 20:00:00,12,7,5
2019-12-08 21:00:00,11,5,6
2019-12-08 22:00:00,4,1,3
2019-12-08 23:00:00,4,3,1
2019-12-09 00:00:00,2,1,1
2019-12-09 01:00:00,0,0,0
2019-12-09 02:00:00,1,1,0
2019-12-09 03:00:00,3,1,2
2019-12-09 04:00:00,2,0,2
2019-12-09 05:00:00,13,7,6
2019-12-09 06:00:00,52,25,27
2019-12-09 07:00:00,87,51,36
2019-12-09 08:00:00,92,51,41
2019-12-09 09:00:00,65,33,32
2019-12-09 10:00:00,75,36,39
2019-12-09 11:00:00,102,54,48
2019-12-09 12:00:00,220,110,110
2019-12-09 13:00:00,108,50,58
2019-12-09 14:00:00,91,43,48
2019-12-09 15:00:00,95,49,46
2019-12-09 16:00:00,119,49,70
2019-12-09 17:00:00,62,34,28
2019-12-09 18:00:00,48,27,21
2019-12-09 19:00:00,22,10,12
2019-12-09 20:00:00,12,7,5
2019-12-09 21:00:00,5,3,2
2019-12-09 22:00:00,7,3,4
2019-12-09 23:00:00,9,4,5
2019-12-10 00:00:00,3,2,1
2019-12-10 01:00:00,0,0,0
2019-12-10 02:00:00,0,0,0
2019-12-10 03:00:00,0,0,0
2019-12-10 04:00:00,4,1,3
2019-12-10 05:00:00,18,10,8
2019-12-10 06:00:00,65,39,26
2019-12-10 07:00:00,116,61,55
2019-12-10 08:00:00,95,53,42
2019-12-10 09:00:00,57,27,30
2019-12-10 10:00:00,60,26,34
2019-12-10 11:00:00,86,42,44
2019-12-10 12:00:00,139,71,68
2019-12-10 13:00:00,41,16,25
2019-12-10 14:00:00,27,16,11
2019-12-10 15:00:00,29,18,11
2019-12-10 16:00:00,63,30,33
2019-12-10 17:00:00,52,28,24
2019-12-10 18:00:00,46,24,22
2019-12-10 19:00:00,24,13,11
2019-12-10 20:00:00,6,4,2
2019-12-10 21:00:00,13,9,4
2019-12-10 22:00:00,1,0,1
2019-12-10 23:00:00,8,5,3
2019-12-11 00:00:00,4,3,1
2019-12-11 01:00:00,1,1,0
2019-12-11 02:00:00,0,0,0
2019-12-11 03:00:00,0,0,0
2019-12-11 04:00:00,1,1,0
2019-12-11 05:00:00,30,18,12
2019-12-11 06:00:00,92,49,43
2019-12-11 07:00:00,101,53,48
2019-12-11 08:00:00,108,55,53
2019-12-11 09:00:00,80,32,48
2019-12-11 10:00:00,60,31,29
2019-12-11 11:00:00,46,24,22
2019-12-11 12:00:00,81,39,42
2019-12-11 13:00:00,39,22,17
2019-12-11 14:00:00,62,27,35
2019-12-11 15:00:00,64,32,32
2019-12-11 16:00:00,61,21,40
2019-12-11 17:00:00,33,16,17
2019-12-11 18:00:00,22,15,7
2019-12-11 19:00:00,12,8,4
2019-12-11 20:00:00,5,2,3
2019-12-11 21:00:00,12,7,5
2019-12-11 22:00:00,6,2,4
2019-12-11 23:00:00,1,1,0
2019-12-12 00:00:00,3,1,2
2019-12-12 01:00:00,1,1,0
2019-12-12 02:00:00,4,3,1
2019-12-12 03:00:00,6,4,2
2019-12-12 04:00:00,3,1,2
2019-12-12 05:00:00,19,9,10
2019-12-12 06:00:00,47,27,20
2019-12-12 07:00:00,88,41,47
2019-12-12 08:00:00,63,35,28
2019-12-12 09:00:00,33,17,16
2019-12-12 10:00:00,48,21,27
2019-12-12 11:00:00,82,39,43
2019-12-12 12:00:00,163,87,76
2019-12-12 13:00:00,83,36,47
2019-12-12 14:00:00,66,32,34
2019-12-12 15:00:00,45,24,21
2019-12-12 16:00:00,74,31,43
2019-12-12 17:00:00,61,25,36
2019-12-12 18:00:00,52,39,13
2019-12-12 19:00:00,37,15,22
2019-12-12 20:00:00,11,4,7
2019-12-12 21:00:00,14,8,6
2019-12-12 22:00:00,6,3,3
2019-12-12 23:00:00,3,2,1
2019-12-13 00:00:00,5,2,3
2019-12-13 01:00:00,2,1,1
2019-12-13 02:00:00,1,0,1
2019-12-13 03:00:00,1,0,1
2019-12-13 04:00:00,4,3,1
2019-12-13 05:00:00,15,8,7
2019-12-13 06:00:00,34,20,14
2019-12-13 07:00:00,89,51,38
2019-12-13 08:00:00,104,51,53
2019-12-13 09:00:00,61,32,29
2019-12-13 10:00:00,88,39,49
2019-12-13 11:00:00,105,47,58
2019-12-13 12:00:00,153,75,78
2019-12-13 13:00:00,115,59,56
2019-12-13 14:00:00,97,42,55
2019-12-13 15:00:00,128,63,65
2019-12-13 16:00:00,130,56,74
2019-12-13 17:00:00,56,24,32
2019-12-13 18:00:00,36,17,19
2019-12-13 19:00:00,15,10,5
2019-12-13 20:00:00,19,9,10
2019-12-13 21:00:00,4,2,2
2019-12-13 22:00:00,8,4,4
2019-12-13 23:00:00,6,4,2
2019-12-14 00:00:00,1,0,1
2019-12-14 01:00:00,5,2,3
2019-12-14 02:00:00,1,1,0
2019-12-14 03:00:00,0,0,0
2019-12-14 04:00:00,4,3,1
2019-12-14 05:00:00,4,3,1
2019-12-14 06:00:00,19,10,9
2019-12-14 07:00:00,39,26,13
2019-12-14 08:00:00,99,47,52
2019-12-14 09:00:00,110,59,51
2019-12-14 10:00:00,148,67,81
2019-12-14 11:00:00,139,62,77
2019-12-14 12:00:00,120,53,67
2019-12-14 13:00:00,52,26,26
2019-12-14 14:00:00,103,41,62
2019-12-14 15:00:00,111,58,53
2019-12-14 16:00:00,103,38,65
2019-12-14 17:00:00,22,10,12
2019-12-14 18:00:00,12,4,8
2019-12-14 19:00:00,5,4,1
2019-12-14 20:00:00,3,3,0
2019-12-14 21:00:00,5,0,5
2019-12-14 22:00:00,7,4,3
2019-12-14 23:00:00,5,4,1
2019-12-15 00:00:00,3,1,2
2019-12-15 01:00:00,1,1,0
2019-12-15 02:00:00,2,2,0
2019-12-15 03:00:00,3,2,1
2019-12-15 04:00:00,0,0,0
2019-12-15 05:00:00,3,3,0
2019-12-15 06:00:00,10,5,5
2019-12-15 07:00:00,29,20,9
2019-12-15 08:00:00,111,58,53
2019-12-15 09:00:00,142,70,72
2019-12-15 10:00:00,107,50,57
2019-12-15 11:00:00,134,62,72
2019-12-15 12:00:00,125,57,68
2019-12-15 13:00:00,79,31,48
2019-12-15 14:00:00,145,81,64
2019-12-15 15:00:00,254,135,119
2019-12-15 16:00:00,189,80,109
2019-12-15 17:00:00,49,20,29
2019-12-15 18:00:00,15,9,6
2019-12-15 19:00:00,11,8,3
2019-12-15 20:00:00,12,7,5
2019-12-15 21:00:00,10,3,7
2019-12-15 22:00:00,2,0,2
2019-12-15 23:00:00,3,3,0
2019-12-16 00:00:00,8,3,5
2019-12-16 01:00:00,0,0,0
2019-12-16 02:00:00,1,1,0
2019-12-16 03:00:00,1,0,1
2019-12-16 04:00:00,2,1,1
2019-12-16 05:00:00,12,7,5
2019-12-16 06:00:00,48,28,20
2019-12-16 07:00:00,75,32,43
2019-12-16 08:00:00,94,53,41
2019-12-16 09:00:00,62,29,33
2019-12-16 10:00:00,73,38,35
2019-12-16 11:00:00,228,178,50
2019-12-16 12:00:00,162,85,77
2019-12-16 13:00:00,118,65,53
2019-12-16 14:00:00,67,33,34
2019-12-16 15:00:00,95,44,51
2019-12-16 16:00:00,107,48,59
2019-12-16 17:00:00,59,24,35
2019-12-16 18:00:00,49,28,21
2019-12-16 19:00:00,21,10,11
2019-12-16 20:00:00,17,8,9
2019-12-16 21:00:00,6,2,4
2019-12-16 22:00:00,2,1,1
2019-12-16 23:00:00,5,1,4
2019-12-17 00:00:00,1,1,0
2019-12-17 01:00:00,0,0,0
2019-12-17 02:00:00,0,0,0
2019-12-17 03:00:00,2,2,0
2019-12-17 04:00:00,1,0,1
2019-12-17 05:00:00,10,6,4
2019-12-17 06:00:00,63,34,29
2019-12-17 07:00:00,95,51,44
2019-12-17 08:00:00,82,40,42
2019-12-17 09:00:00,63,28,35
2019-12-17 10:00:00,89,50,39
2019-12-17 11:00:00,118,58,60
2019-12-17 12:00:00,160,76,84
2019-12-17 13:00:00,100,47,53
2019-12-17 14:00:00,99,44,55
2019-12-17 15:00:00,111,51,60
2019-12-17 16:00:00,114,54,60
2019-12-17 17:00:00,61,24,37
2019-12-17 18:00:00,41,25,16
2019-12-17 19:00:00,29,13,16
2019-12-17 20:00:00,7,4,3
2019-12-17 21:00:00,4,1,3
2019-12-17 22:00:00,7,3,4
2019-12-17 23:00:00,3,2,1
2019-12-18 00:00:00,1,1,0
2019-12-18 01:00:00,0,0,0
2019-12-18 02:00:00,2,2,0
2019-12-18 03:00:00,1,1,0
2019-12-18 04:00:00,4,1,3
2019-12-18 05:00:00,17,7,10
2019-12-18 06:00:00,60,39,21
2019-12-18 07:00:00,81,39,42
2019-12-18 08:00:00,84,45,39
2019-12-18 09:00:00,48,18,30
2019-12-18 10:00:00,56,32,24
2019-12-18 11:00:00,103,51,52
2019-12-18 12:00:00,185,97,88
2019-12-18 13:00:00,105,52,53
2019-12-18 14:00:00,96,53,43
2019-12-18 15:00:00,90,50,40
2019-12-18 16:00:00,91,46,45
2019-12-18 17:00:00,59,29,30
2019-12-18 18:00:00,28,14,14
2019-12-18 19:00:00,15,9,6
2019-12-18 20:00:00,4,2,2
2019-12-18 21:00:00,2,1,1
2019-12-18 22:00:00,0,0,0
2019-12-18 23:00:00,2,2,0
2019-12-19 00:00:00,2,0,2
2019-12-19 01:00:00,4,1,3
2019-12-19 02:00:00,0,0,0
2019-12-19 03:00:00,0,0,0
2019-12-19 04:00:00,3,2,1
2019-12-19 05:00:00,10,5,5
2019-12-19 06:00:00,62,38,24
2019-12-19 07:00:00,67,36,31
2019-12-19 08:00:00,81,43,38
2019-12-19 09:00:00,60,32,28
2019-12-19 10:00:00,68,26,42
2019-12-19 11:00:00,88,46,42
2019-12-19 12:00:00,113,53,60
2019-12-19 13:00:00,28,14,14
2019-12-19 14:00:00,14,7,7
2019-12-19 15:00:00,20,7,13
2019-12-19 16:00:00,22,10,12
2019-12-19 17:00:00,16,7,9
2019-12-19 18:00:00,9,5,4
2019-12-19 19:00:00,2,2,0
2019-12-19 20:00:00,3,2,1
2019-12-19 21:00:00,3,3,0
2019-12-19 22:00:00,3,1,2
2019-12-19 23:00:00,2,2,0
2019-12-20 00:00:00,0,0,0
2019-12-20 01:00:00,2,1,1
2019-12-20 02:00:00,2,1,1
2019-12-20 03:00:00,0,0,0
2019-12-20 04:00:00,3,2,1
2019-12-20 05:00:00,7,5,2
2019-12-20 06:00:00,17,7,10
2019-12-20 07:00:00,23,15,8
2019-12-20 08:00:00,35,18,17
2019-12-20 09:00:00,13,6,7
2019-12-20 10:00:00,20,11,9
2019-12-20 11:00:00,29,12,17
2019-12-20 12:00:00,25,15,10
2019-12-20 13:00:00,18,9,9
2019-12-20 14:00:00,16,8,8
2019-12-20 15:00:00,23,9,14
2019-12-20 16:00:00,14,6,8
2019-12-20 17:00:00,7,5,2
2019-12-20 18:00:00,14,7,7
2019-12-20 19:00:00,9,4,5
2019-12-20 20:00:00,10,7,3
2019-12-20 21:00:00,2,2,0
2019-12-20 22:00:00,4,2,2
2019-12-20 23:00:00,2,1,1
2019-12-21 00:00:00,0,0,0
2019-12-21 01:00:00,4,3,1
2019-12-21 02:00:00,0,0,0
2019-12-21 03:00:00,0,0,0
2019-12-21 04:00:00,2,1,1
2019-12-21 05:00:00,6,3,3
2019-12-21 06:00:00,3,2,1
2019-12-21 07:00:00,18,8,10
2019-12-21 08:00:00,43,24,19
2019-12-21 09:00:00,48,26,22
2019-12-21 10:00:00,60,32,28
2019-12-21 11:00:00,45,18,27
2019-12-21 12:00:00,25,12,13
2019-12-21 13:00:00,36,19,17
2019-12-21 14:00:00,58,25,33
2019-12-21 15:00:00,79,41,38
2019-12-21 16:00:00,65,28,37
2019-12-21 17:00:00,22,11,11
2019-12-21 18:00:00,15,7,8
2019-12-21 19:00:00,15,8,7
2019-12-21 20:00:00,2,1,1
2019-12-21 21:00:00,3,2,1
2019-12-21 22:00:00,2,1,1
2019-12-21 23:00:00,6,3,3
2019-12-22 00:00:00,4,3,1
2019-12-22 01:00:00,4,2,2
2019-12-22 02:00:00,1,1,0
2019-12-22 03:00:00,3,2,1
2019-12-22 04:00:00,0,0,0
2019-12-22 05:00:00,2,2,0
2019-12-22 06:00:00,18,10,8
2019-12-22 07:00:00,35,21,14
2019-12-22 08:00:00,79,42,37
2019-12-22 09:00:00,139,71,68
2019-12-22 10:00:00,140,71,69
2019-12-22 11:00:00,148,73,75
2019-12-22 12:00:00,193,89,104
2019-12-22 13:00:00,117,40,77
2019-12-22 14:00:00,131,61,70
2019-12-22 15:00:00,98,46,52
2019-12-22 16:00:00,51,24,27
2019-12-22 17:00:00,28,11,17
2019-12-22 18:00:00,7,5,2
2019-12-22 19:00:00,1,1,0
2019-12-22 20:00:00,7,5,2
2019-12-22 21:00:00,1,1,0
2019-12-22 22:00:00,2,0,2
2019-12-22 23:00:00,2,2,0
2019-12-23 00:00:00,4,1,3
2019-12-23 01:00:00,1,0,1
2019-12-23 02:00:00,2,2,0
2019-12-23 03:00:00,2,1,1
2019-12-23 04:00:00,0,0,0
2019-12-23 05:00:00,3,2,1
2019-12-23 06:00:00,25,13,12
2019-12-23 07:00:00,29,19,10
2019-12-23 08:00:00,42,24,18
2019-12-23 09:00:00,70,28,42
2019-12-23 10:00:00,86,38,48
2019-12-23 11:00:00,95,52,43
2019-12-23 12:00:00,123,52,71
2019-12-23 13:00:00,70,34,36
2019-12-23 14:00:00,85,43,42
2019-12-23 15:00:00,112,57,55
2019-12-23 16:00:00,100,45,55
2019-12-23 17:00:00,33,16,17
2019-12-23 18:00:00,14,8,6
2019-12-23 19:00:00,7,3,4
2019-12-23 20:00:00,6,3,3
2019-12-23 21:00:00,5,3,2
2019-12-23 22:00:00,2,1,1
2019-12-23 23:00:00,2,1,1
2019-12-24 00:00:00,0,0,0
2019-12-24 01:00:00,2,1,1
2019-12-24 02:00:00,0,0,0
2019-12-24 03:00:00,0,0,0
2019-12-24 04:00:00,0,0,0
2019-12-24 05:00:00,5,2,3
2019-12-24 06:00:00,11,6,5
2019-12-24 07:00:00,28,20,8
2019-12-24 08:00:00,60,29,31
2019-12-24 09:00:00,99,44,55
2019-12-24 10:00:00,126,60,66
2019-12-24 11:00:00,120,48,72
2019-12-24 12:00:00,119,58,61
2019-12-24 13:00:00,89,36,53
2019-12-24 14:00:00,132,76,56
2019-12-24 15:00:00,100,35,65
2019-12-24 16:00:00,77,35,42
2019-12-24 17:00:00,23,6,17
2019-12-24 18:00:00,12,7,5
2019-12-24 19:00:00,9,7,2
2019-12-24 20:00:00,8,5,3
2019-12-24 21:00:00,1,0,1
2019-12-24 22:00:00,4,0,4
2019-12-24 23:00:00,1,0,1
2019-12-25 00:00:00,1,1,0
2019-12-25 01:00:00,2,2,0
2019-12-25 02:00:00,0,0,0
2019-12-25 03:00:00,2,1,1
2019-12-25 04:00:00,1,1,0
2019-12-25 05:00:00,0,0,0
2019-12-25 06:00:00,7,4,3
2019-12-25 07:00:00,14,9,5
2019-12-25 08:00:00,47,24,23
2019-12-25 09:00:00,96,52,44
2019-12-25 10:00:00,121,58,63
2019-12-25 11:00:00,169,85,84
2019-12-25 12:00:00,223,103,120
2019-12-25 13:00:00,245,119,126
2019-12-25 14:00:00,232,113,119
2019-12-25 15:00:00,253,121,132
2019-12-25 16:00:00,184,79,105
2019-12-25 17:00:00,45,15,30
2019-12-25 18:00:00,9,3,6
2019-12-25 19:00:00,2,0,2
2019-12-25 20:00:00,3,2,1
2019-12-25 21:00:00,0,0,0
2019-12-25 22:00:00,5,4,1
2019-12-25 23:00:00,2,1,1
2019-12-26 00:00:00,1,0,1
2019-12-26 01:00:00,2,2,0
2019-12-26 02:00:00,0,0,0
2019-12-26 03:00:00,0,0,0
2019-12-26 04:00:00,0,0,0
2019-12-26 05:00:00,4,2,2
2019-12-26 06:00:00,12,7,5
2019-12-26 07:00:00,17,12,5
2019-12-26 08:00:00,38,21,17
2019-12-26 09:00:00,34,16,18
2019-12-26 10:00:00,71,34,37
2019-12-26 11:00:00,88,43,45
2019-12-26 12:00:00,117,58,59
2019-12-26 13:00:00,131,60,71
2019-12-26 14:00:00,185,88,97
2019-12-26 15:00:00,127,55,72
2019-12-26 16:00:00,107,45,62
2019-12-26 17:00:00,37,14,23
2019-12-26 18:00:00,18,8,10
2019-12-26 19:00:00,9,6,3
2019-12-26 20:00:00,5,2,3
2019-12-26 21:00:00,6,3,3
2019-12-26 22:00:00,3,1,2
2019-12-26 23:00:00,2,1,1
2019-12-27 00:00:00,1,1,0
2019-12-27 01:00:00,4,2,2
2019-12-27 02:00:00,0,0,0
2019-12-27 03:00:00,1,1,0
2019-12-27 04:00:00,3,1,2
2019-12-27 05:00:00,5,4,1
2019-12-27 06:00:00,18,9,9
2019-12-27 07:00:00,45,26,19
2019-12-27 08:00:00,69,34,35
2019-12-27 09:00:00,71,31,40
2019-12-27 10:00:00,86,42,44
2019-12-27 11:00:00,90,38,52
2019-12-27 12:00:00,122,59,63
2019-12-27 13:00:00,108,49,59
2019-12-27 14:00:00,116,53,63
2019-12-27 15:00:00,115,50,65
2019-12-27 16:00:00,102,51,51
2019-12-27 17:00:00,59,15,44
2019-12-27 18:00:00,15,10,5
2019-12-27 19:00:00,13,8,5
2019-12-27 20:00:00,12,4,8
2019-12-27 21:00:00,4,1,3
2019-12-27 22:00:00,2,1,1
2019-12-27 23:00:00,7,1,6
2019-12-28 00:00:00,2,2,0
2019-12-28 01:00:00,3,1,2
2019-12-28 02:00:00,0,0,0
2019-12-28 03:00:00,0,0,0
2019-12-28 04:00:00,5,3,2
2019-12-28 05:00:00,2,1,1
2019-12-28 06:00:00,6,3,3
2019-12-28 07:00:00,28,15,13
2019-12-28 08:00:00,90,49,41
2019-12-28 09:00:00,195,68,127
2019-12-28 10:00:00,237,111,126
2019-12-28 11:00:00,231,112,119
2019-12-28 12:00:00,220,90,130
2019-12-28 13:00:00,191,95,96
2019-12-28 14:00:00,186,73,113
2019-12-28 15:00:00,143,62,81
2019-12-28 16:00:00,88,29,59
2019-12-28 17:00:00,37,16,21
2019-12-28 18:00:00,11,3,8
2019-12-28 19:00:00,27,12,15
2019-12-28 20:00:00,5,3,2
2019-12-28 21:00:00,6,5,1
2019-12-28 22:00:00,7,1,6
2019-12-28 23:00:00,3,1,2
2019-12-29 00:00:00,6,2,4
2019-12-29 01:00:00,2,1,1
2019-12-29 02:00:00,1,1,0
2019-12-29 03:00:00,0,0,0
2019-12-29 04:00:00,2,1,1
2019-12-29 05:00:00,1,0,1
2019-12-29 06:00:00,7,5,2
2019-12-29 07:00:00,24,17,7
2019-12-29 08:00:00,72,48,24
2019-12-29 09:00:00,112,59,53
2019-12-29 10:00:00,147,82,65
2019-12-29 11:00:00,202,110,92
2019-12-29 12:00:00,233,109,124
2019-12-29 13:00:00,289,120,169
2019-12-29 14:00:00,343,163,180
2019-12-29 15:00:00,325,139,186
2019-12-29 16:00:00,249,100,149
2019-12-29 17:00:00,50,12,38
2019-12-29 18:00:00,21,9,12
2019-12-29 19:00:00,15,9,6
2019-12-29 20:00:00,16,9,7
2019-12-29 21:00:00,12,6,6
2019-12-29 22:00:00,5,3,2
2019-12-29 23:00:00,6,3,3
2019-12-30 00:00:00,3,1,2
2019-12-30 01:00:00,1,0,1
2019-12-30 02:00:00,1,0,1
2019-12-30 03:00:00,0,0,0
2019-12-30 04:00:00,2,2,0
2019-12-30 05:00:00,6,3,3
2019-12-30 06:00:00,29,15,14
2019-12-30 07:00:00,32,20,12
2019-12-30 08:00:00,57,32,25
2019-12-30 09:00:00,67,33,34
2019-12-30 10:00:00,78,34,44
2019-12-30 11:00:00,91,42,49
2019-12-30 12:00:00,124,64,60
2019-12-30 13:00:00,101,52,49
2019-12-30 14:00:00,110,53,57
2019-12-30 15:00:00,124,56,68
2019-12-30 16:00:00,103,50,53
2019-12-30 17:00:00,43,16,27
2019-12-30 18:00:00,24,15,9
2019-12-30 19:00:00,8,3,5
2019-12-30 20:00:00,7,4,3
2019-12-30 21:00:00,6,4,2
2019-12-30 22:00:00,5,4,1
2019-12-30 23:00:00,3,3,0
2019-12-31 00:00:00,0,0,0
2019-12-31 01:00:00,1,0,1
2019-12-31 02:00:00,0,0,0
2019-12-31 03:00:00,2,2,0
2019-12-31 04:00:00,2,2,0
2019-12-31 05:00:00,3,2,1
2019-12-31 06:00:00,16,8,8
2019-12-31 07:00:00,30,15,15
2019-12-31 08:00:00,86,39,47
2019-12-31 09:00:00,76,36,40
2019-12-31 10:00:00,81,33,48
2019-12-31 11:00:00,70,35,35
2019-12-31 12:00:00,59,26,33
2019-12-31 13:00:00,47,19,28
2019-12-31 14:00:00,48,26,22
2019-12-31 15:00:00,49,22,27
2019-12-31 16:00:00,32,16,16
2019-12-31 17:00:00,30,17,13
2019-12-31 18:00:00,7,3,4
2019-12-31 19:00:00,3,1,2
2019-12-31 20:00:00,6,4,2
2019-12-31 21:00:00,10,8,2
2019-12-31 22:00:00,1,0,1
2019-12-31 23:00:00,12,6,6
2020-01-01 00:00:00,7,2,5
2020-01-01 01:00:00,0,0,0
2020-01-01 02:00:00,1,0,1
2020-01-01 03:00:00,1,0,1
2020-01-01 04:00:00,0,0,0
2020-01-01 05:00:00,1,1,0
2020-01-01 06:00:00,4,3,1
2020-01-01 07:00:00,19,12,7
2020-01-01 08:00:00,58,40,18
2020-01-01 09:00:00,171,90,81
2020-01-01 10:00:00,192,114,78
2020-01-01 11:00:00,262,131,131
2020-01-01 12:00:00,283,131,152
2020-01-01 13:00:00,423,201,222
2020-01-01 14:00:00,348,158,190
2020-01-01 15:00:00,432,206,226
2020-01-01 16:00:00,358,137,221
2020-01-01 17:00:00,72,24,48
2020-01-01 18:00:00,12,6,6
2020-01-01 19:00:00,19,12,7
2020-01-01 20:00:00,10,5,5
2020-01-01 21:00:00,2,1,1
2020-01-01 22:00:00,5,4,1
2020-01-01 23:00:00,0,0,0
2020-01-02 00:00:00,1,1,0
2020-01-02 01:00:00,0,0,0
2020-01-02 02:00:00,0,0,0
2020-01-02 03:00:00,1,1,0
2020-01-02 04:00:00,3,2,1
2020-01-02 05:00:00,5,3,2
2020-01-02 06:00:00,33,19,14
2020-01-02 07:00:00,51,29,22
2020-01-02 08:00:00,73,39,34
2020-01-02 09:00:00,80,41,39
2020-01-02 10:00:00,90,40,50
2020-01-02 11:00:00,78,37,41
2020-01-02 12:00:00,124,57,67
2020-01-02 13:00:00,54,20,34
2020-01-02 14:00:00,54,32,22
2020-01-02 15:00:00,42,17,25
2020-01-02 16:00:00,62,24,38
2020-01-02 17:00:00,26,11,15
2020-01-02 18:00:00,29,9,20
2020-01-02 19:00:00,19,10,9
2020-01-02 20:00:00,6,2,4
2020-01-02 21:00:00,5,4,1
2020-01-02 22:00:00,3,2,1
2020-01-02 23:00:00,3,2,1
2020-01-03 00:00:00,2,2,0
2020-01-03 01:00:00,3,0,3
2020-01-03 02:00:00,0,0,0
2020-01-03 03:00:00,0,0,0
2020-01-03 04:00:00,2,0,2
2020-01-03 05:00:00,6,4,2
2020-01-03 06:00:00,30,19,11
2020-01-03 07:00:00,61,34,27
2020-01-03 08:00:00,83,35,48
2020-01-03 09:00:00,91,48,43
2020-01-03 10:00:00,131,62,69
2020-01-03 11:00:00,247,139,108
2020-01-03 12:00:00,272,132,140
2020-01-03 13:00:00,179,75,104
2020-01-03 14:00:00,157,69,88
2020-01-03 15:00:00,148,77,71
2020-01-03 16:00:00,147,61,86
2020-01-03 17:00:00,74,35,39
2020-01-03 18:00:00,37,20,17
2020-01-03 19:00:00,18,10,8
2020-01-03 20:00:00,4,2,2
2020-01-03 21:00:00,2,1,1
2020-01-03 22:00:00,4,2,2
2020-01-03 23:00:00,2,2,0
2020-01-04 00:00:00,3,1,2
2020-01-04 01:00:00,2,1,1
2020-01-04 02:00:00,0,0,0
2020-01-04 03:00:00,0,0,0
2020-01-04 04:00:00,2,1,1
2020-01-04 05:00:00,4,2,2
2020-01-04 06:00:00,4,2,2
2020-01-04 07:00:00,17,10,7
2020-01-04 08:00:00,90,49,41
2020-01-04 09:00:00,145,78,67
2020-01-04 10:00:00,206,104,102
2020-01-04 11:00:00,220,114,106
2020-01-04 12:00:00,283,139,144
2020-01-04 13:00:00,175,72,103
2020-01-04 14:00:00,244,106,138
2020-01-04 15:00:00,78,39,39
2020-01-04 16:00:00,145,65,80
2020-01-04 17:00:00,56,19,37
2020-01-04 18:00:00,25,16,9
2020-01-04 19:00:00,8,2,6
2020-01-04 20:00:00,3,1,2
2020-01-04 21:00:00,4,2,2
2020-01-04 22:00:00,2,1,1
2020-01-04 23:00:00,3,2,1
2020-01-05 00:00:00,1,0,1
2020-01-05 01:00:00,4,4,0
2020-01-05 02:00:00,3,2,1
2020-01-05 03:00:00,0,0,0
2020-01-05 04:00:00,0,0,0
2020-01-05 05:00:00,0,0,0
2020-01-05 06:00:00,4,3,1
2020-01-05 07:00:00,20,10,10
2020-01-05 08:00:00,64,35,29
2020-01-05 09:00:00,65,26,39
2020-01-05 10:00:00,50,25,25
2020-01-05 11:00:00,52,26,26
2020-01-05 12:00:00,91,48,43
2020-01-05 13:00:00,146,82,64
2020-01-05 14:00:00,229,122,107
2020-01-05 15:00:00,289,149,140
2020-01-05 16:00:00,261,110,151
2020-01-05 17:00:00,82,30,52
2020-01-05 18:00:00,23,8,15
2020-01-05 19:00:00,7,4,3
2020-01-05 20:00:00,5,3,2
2020-01-05 21:00:00,0,0,0
2020-01-05 22:00:00,1,1,0
2020-01-05 23:00:00,2,2,0
2020-01-06 00:00:00,1,1,0
2020-01-06 01:00:00,0,0,0
2020-01-06 02:00:00,2,0,2
2020-01-06 03:00:00,1,0,1
2020-01-06 04:00:00,1,1,0
2020-01-06 05:00:00,11,5,6
2020-01-06 06:00:00,33,19,14
2020-01-06 07:00:00,57,34,23
2020-01-06 08:00:00,51,24,27
2020-01-06 09:00:00,25,11,14
2020-01-06 10:00:00,28,16,12
2020-01-06 11:00:00,51,31,20
2020-01-06 12:00:00,120,57,63
2020-01-06 13:00:00,63,31,32
2020-01-06 14:00:00,46,20,26
2020-01-06 15:00:00,59,33,26
2020-01-06 16:00:00,81,38,43
2020-01-06 17:00:00,54,28,26
2020-01-06 18:00:00,26,14,12
2020-01-06 19:00:00,15,7,8
2020-01-06 20:00:00,9,5,4
2020-01-06 21:00:00,3,2,1
2020-01-06 22:00:00,1,0,1
2020-01-06 23:00:00,1,1,0
2020-01-07 00:00:00,2,2,0
2020-01-07 01:00:00,1,0,1
2020-01-07 02:00:00,0,0,0
2020-01-07 03:00:00,0,0,0
2020-01-07 04:00:00,0,0,0
2020-01-07 05:00:00,10,7,3
2020-01-07 06:00:00,47,24,23
2020-01-07 07:00:00,76,42,34
2020-01-07 08:00:00,67,33,34
2020-01-07 09:00:00,50,23,27
2020-01-07 10:00:00,66,36,30
2020-01-07 11:00:00,93,52,41
2020-01-07 12:00:00,159,77,82
2020-01-07 13:00:00,104,48,56
2020-01-07 14:00:00,74,32,42
2020-01-07 15:00:00,62,33,29
2020-01-07 16:00:00,90,38,52
2020-01-07 17:00:00,61,31,30
2020-01-07 18:00:00,32,13,19
2020-01-07 19:00:00,9,6,3
2020-01-07 20:00:00,14,9,5
2020-01-07 21:00:00,8,5,3
2020-01-07 22:00:00,1,0,1
2020-01-07 23:00:00,2,2,0
2020-01-08 00:00:00,0,0,0
2020-01-08 01:00:00,0,0,0
2020-01-08 02:00:00,2,2,0
2020-01-08 03:00:00,2,1,1
2020-01-08 04:00:00,0,0,0
2020-01-08 05:00:00,21,13,8
2020-01-08 06:00:00,72,43,29
2020-01-08 07:00:00,88,48,40
2020-01-08 08:00:00,72,33,39
2020-01-08 09:00:00,82,40,42
2020-01-08 10:00:00,56,29,27
2020-01-08 11:00:00,115,59,56
2020-01-08 12:00:00,217,110,107
2020-01-08 13:00:00,91,38,53
2020-01-08 14:00:00,47,22,25
2020-01-08 15:00:00,64,32,32
2020-01-08 16:00:00,79,31,48
2020-01-08 17:00:00,66,28,38
2020-01-08 18:00:00,57,26,31
2020-01-08 19:00:00,25,13,12
2020-01-08 20:00:00,11,4,7
2020-01-08 21:00:00,9,3,6
2020-01-08 22:00:00,6,4,2
2020-01-08 23:00:00,2,2,0
2020-01-09 00:00:00,0,0,0
2020-01-09 01:00:00,0,0,0
2020-01-09 02:00:00,0,0,0
2020-01-09 03:00:00,0,0,0
2020-01-09 04:00:00,2,2,0
2020-01-09 05:00:00,10,7,3
2020-01-09 06:00:00,48,29,19
2020-01-09 07:00:00,44,23,21
2020-01-09 08:00:00,62,30,32
2020-01-09 09:00:00,31,11,20
2020-01-09 10:00:00,28,14,14
2020-01-09 11:00:00,59,34,25
2020-01-09 12:00:00,183,102,81
2020-01-09 13:00:00,129,54,75
2020-01-09 14:00:00,118,63,55
2020-01-09 15:00:00,130,55,75
2020-01-09 16:00:00,92,39,53
2020-01-09 17:00:00,79,42,37
2020-01-09 18:00:00,30,13,17
2020-01-09 19:00:00,20,12,8
2020-01-09 20:00:00,10,5,5
2020-01-09 21:00:00,8,3,5
2020-01-09 22:00:00,7,0,7
2020-01-09 23:00:00,5,2,3
2020-01-10 00:00:00,3,0,3
2020-01-10 01:00:00,1,0,1
2020-01-10 02:00:00,0,0,0
2020-01-10 03:00:00,0,0,0
2020-01-10 04:00:00,3,2,1
2020-01-10 05:00:00,5,2,3
2020-01-10 06:00:00,41,20,21
2020-01-10 07:00:00,52,32,20
2020-01-10 08:00:00,53,25,28
2020-01-10 09:00:00,27,12,15
2020-01-10 10:00:00,29,14,15
2020-01-10 11:00:00,37,19,18
2020-01-10 12:00:00,76,36,40
2020-01-10 13:00:00,21,10,11
2020-01-10 14:00:00,54,24,30
2020-01-10 15:00:00,63,35,28
2020-01-10 16:00:00,65,33,32
2020-01-10 17:00:00,35,12,23
2020-01-10 18:00:00,13,8,5
2020-01-10 19:00:00,14,6,8
2020-01-10 20:00:00,9,5,4
2020-01-10 21:00:00,3,1,2
2020-01-10 22:00:00,3,1,2
2020-01-10 23:00:00,1,1,0
2020-01-11 00:00:00,0,0,0
2020-01-11 01:00:00,0,0,0
2020-01-11 02:00:00,0,0,0
2020-01-11 03:00:00,0,0,0
2020-01-11 04:00:00,3,0,3
2020-01-11 05:00:00,1,1,0
2020-01-11 06:00:00,7,5,2
2020-01-11 07:00:00,28,17,11
2020-01-11 08:00:00,80,43,37
2020-01-11 09:00:00,134,74,60
2020-01-11 10:00:00,126,59,67
2020-01-11 11:00:00,163,79,84
2020-01-11 12:00:00,168,84,84
2020-01-11 13:00:00,124,57,67
2020-01-11 14:00:00,126,61,65
2020-01-11 15:00:00,141,60,81
2020-01-11 16:00:00,130,50,80
2020-01-11 17:00:00,41,17,24
2020-01-11 18:00:00,17,8,9
2020-01-11 19:00:00,7,2,5
2020-01-11 20:00:00,6,2,4
2020-01-11 21:00:00,6,3,3
2020-01-11 22:00:00,0,0,0
2020-01-11 23:00:00,2,2,0
2020-01-12 00:00:00,0,0,0
2020-01-12 01:00:00,0,0,0
2020-01-12 02:00:00,3,2,1
2020-01-12 03:00:00,0,0,0
2020-01-12 04:00:00,0,0,0
2020-01-12 05:00:00,1,1,0
2020-01-12 06:00:00,4,3,1
2020-01-12 07:00:00,14,6,8
2020-01-12 08:00:00,70,40,30
2020-01-12 09:00:00,91,50,41
2020-01-12 10:00:00,114,58,56
2020-01-12 11:00:00,130,61,69
2020-01-12 12:00:00,136,69,67
2020-01-12 13:00:00,175,81,94
2020-01-12 14:00:00,200,106,94
2020-01-12 15:00:00,270,104,166
2020-01-12 16:00:00,277,129,148
2020-01-12 17:00:00,51,11,40
2020-01-12 18:00:00,12,7,5
2020-01-12 19:00:00,2,2,0
2020-01-12 20:00:00,8,3,5
2020-01-12 21:00:00,5,3,2
2020-01-12 22:00:00,7,4,3
2020-01-12 23:00:00,3,1,2
2020-01-13 00:00:00,4,3,1
2020-01-13 01:00:00,1,0,1
2020-01-13 02:00:00,2,2,0
2020-01-13 03:00:00,2,1,1
2020-01-13 04:00:00,2,1,1
2020-01-13 05:00:00,7,4,3
2020-01-13 06:00:00,27,16,11
2020-01-13 07:00:00,37,24,13
2020-01-13 08:00:00,46,21,25
2020-01-13 09:00:00,40,20,20
2020-01-13 10:00:00,29,12,17
2020-01-13 11:00:00,52,30,22
2020-01-13 12:00:00,81,37,44
2020-01-13 13:00:00,55,24,31
2020-01-13 14:00:00,45,20,25
2020-01-13 15:00:00,57,26,31
2020-01-13 16:00:00,48,23,25
2020-01-13 17:00:00,52,25,27
2020-01-13 18:00:00,21,12,9
2020-01-13 19:00:00,12,5,7
2020-01-13 20:00:00,9,4,5
2020-01-13 21:00:00,3,2,1
2020-01-13 22:00:00,2,1,1
2020-01-13 23:00:00,1,1,0
2020-01-14 00:00:00,3,1,2
2020-01-14 01:00:00,0,0,0
2020-01-14 02:00:00,0,0,0
2020-01-14 03:00:00,2,2,0
2020-01-14 04:00:00,3,1,2
2020-01-14 05:00:00,10,6,4
2020-01-14 06:00:00,52,30,22
2020-01-14 07:00:00,31,17,14
2020-01-14 08:00:00,53,24,29
2020-01-14 09:00:00,29,14,15
2020-01-14 10:00:00,35,15,20
2020-01-14 11:00:00,51,28,23
2020-01-14 12:00:00,75,39,36
2020-01-14 13:00:00,67,32,35
2020-01-14 14:00:00,58,29,29
2020-01-14 15:00:00,161,77,84
2020-01-14 16:00:00,180,89,91
2020-01-14 17:00:00,77,35,42
2020-01-14 18:00:00,31,15,16
2020-01-14 19:00:00,1,1,0
2020-01-14 20:00:00,4,3,1
2020-01-14 21:00:00,8,4,4
2020-01-14 22:00:00,1,0,1
2020-01-14 23:00:00,2,1,1
2020-01-15 00:00:00,1,1,0
2020-01-15 01:00:00,0,0,0
2020-01-15 02:00:00,0,0,0
2020-01-15 03:00:00,1,1,0
2020-01-15 04:00:00,1,1,0
2020-01-15 05:00:00,21,12,9
2020-01-15 06:00:00,51,32,19
2020-01-15 07:00:00,73,42,31
2020-01-15 08:00:00,48,25,23
2020-01-15 09:00:00,53,24,29
2020-01-15 10:00:00,55,23,32
2020-01-15 11:00:00,97,47,50
2020-01-15 12:00:00,138,69,69
2020-01-15 13:00:00,64,31,33
2020-01-15 14:00:00,33,13,20
2020-01-15 15:00:00,39,14,25
2020-01-15 16:00:00,46,24,22
2020-01-15 17:00:00,34,15,19
2020-01-15 18:00:00,25,12,13
2020-01-15 19:00:00,20,8,12
2020-01-15 20:00:00,10,7,3
2020-01-15 21:00:00,4,3,1
2020-01-15 22:00:00,1,1,0
2020-01-15 23:00:00,1,1,0
2020-01-16 00:00:00,1,1,0
2020-01-16 01:00:00,0,0,0
2020-01-16 02:00:00,1,0,1
2020-01-16 03:00:00,0,0,0
2020-01-16 04:00:00,5,4,1
2020-01-16 05:00:00,17,9,8
2020-01-16 06:00:00,45,27,18
2020-01-16 07:00:00,69,36,33
2020-01-16 08:00:00,58,26,32
2020-01-16 09:00:00,49,23,26
2020-01-16 10:00:00,66,39,27
2020-01-16 11:00:00,104,63,41
2020-01-16 12:00:00,248,125,123
2020-01-16 13:00:00,162,77,85
2020-01-16 14:00:00,123,57,66
2020-01-16 15:00:00,161,83,78
2020-01-16 16:00:00,158,69,89
2020-01-16 17:00:00,85,36,49
2020-01-16 18:00:00,30,17,13
2020-01-16 19:00:00,10,3,7
2020-01-16 20:00:00,16,7,9
2020-01-16 21:00:00,4,2,2
2020-01-16 22:00:00,2,1,1
2020-01-16 23:00:00,5,2,3
2020-01-17 00:00:00,0,0,0
2020-01-17 01:00:00,0,0,0
2020-01-17 02:00:00,0,0,0
2020-01-17 03:00:00,1,0,1
2020-01-17 04:00:00,1,1,0
2020-01-17 05:00:00,9,5,4
2020-01-17 06:00:00,32,18,14
2020-01-17 07:00:00,74,44,30
2020-01-17 08:00:00,80,34,46
2020-01-17 09:00:00,64,26,38
2020-01-17 10:00:00,81,45,36
2020-01-17 11:00:00,95,52,43
2020-01-17 12:00:00,157,78,79
2020-01-17 13:00:00,108,49,59
2020-01-17 14:00:00,87,41,46
2020-01-17 15:00:00,81,41,40
2020-01-17 16:00:00,91,36,55
2020-01-17 17:00:00,61,25,36
2020-01-17 18:00:00,32,21,11
2020-01-17 19:00:00,21,9,12
2020-01-17 20:00:00,5,0,5
2020-01-17 21:00:00,9,8,1
2020-01-17 22:00:00,10,8,2
2020-01-17 23:00:00,9,6,3
2020-01-18 00:00:00,3,1,2
2020-01-18 01:00:00,2,1,1
2020-01-18 02:00:00,1,0,1
2020-01-18 03:00:00,0,0,0
2020-01-18 04:00:00,3,2,1
2020-01-18 05:00:00,5,2,3
2020-01-18 06:00:00,11,5,6
2020-01-18 07:00:00,17,8,9
2020-01-18 08:00:00,54,30,24
2020-01-18 09:00:00,74,37,37
2020-01-18 10:00:00,102,52,50
2020-01-18 11:00:00,158,77,81
2020-01-18 12:00:00,143,75,68
2020-01-18 13:00:00,184,86,98
2020-01-18 14:00:00,186,98,88
2020-01-18 15:00:00,218,118,100
2020-01-18 16:00:00,223,101,122
2020-01-18 17:00:00,102,41,61
2020-01-18 18:00:00,29,6,23
2020-01-18 19:00:00,13,4,9
2020-01-18 20:00:00,3,3,0
2020-01-18 21:00:00,10,3,7
2020-01-18 22:00:00,1,0,1
2020-01-18 23:00:00,4,2,2
2020-01-19 00:00:00,4,3,1
2020-01-19 01:00:00,5,2,3
2020-01-19 02:00:00,1,1,0
2020-01-19 03:00:00,1,1,0
2020-01-19 04:00:00,4,2,2
2020-01-19 05:00:00,1,0,1
2020-01-19 06:00:00,9,5,4
2020-01-19 07:00:00,29,16,13
2020-01-19 08:00:00,116,72,44
2020-01-19 09:00:00,169,90,79
2020-01-19 10:00:00,166,70,96
2020-01-19 11:00:00,79,36,43
2020-01-19 12:00:00,121,63,58
2020-01-19 13:00:00,183,84,99
2020-01-19 14:00:00,177,80,97
2020-01-19 15:00:00,233,116,117
2020-01-19 16:00:00,234,109,125
2020-01-19 17:00:00,130,54,76
2020-01-19 18:00:00,33,10,23
2020-01-19 19:00:00,10,4,6
2020-01-19 20:00:00,11,8,3
2020-01-19 21:00:00,10,6,4
2020-01-19 22:00:00,3,2,1
2020-01-19 23:00:00,2,2,0
2020-01-20 00:00:00,2,0,2
2020-01-20 01:00:00,6,3,3
2020-01-20 02:00:00,2,2,0
2020-01-20 03:00:00,2,0,2
2020-01-20 04:00:00,0,0,0
2020-01-20 05:00:00,8,4,4
2020-01-20 06:00:00,22,12,10
2020-01-20 07:00:00,45,24,21
2020-01-20 08:00:00,65,34,31
2020-01-20 09:00:00,61,25,36
2020-01-20 10:00:00,53,28,25
2020-01-20 11:00:00,123,71,52
2020-01-20 12:00:00,238,113,125
2020-01-20 13:00:00,182,84,98
2020-01-20 14:00:00,160,73,87
2020-01-20 15:00:00,167,82,85
2020-01-20 16:00:00,168,82,86
2020-01-20 17:00:00,101,34,67
2020-01-20 18:00:00,34,16,18
2020-01-20 19:00:00,23,8,15
2020-01-20 20:00:00,15,8,7
2020-01-20 21:00:00,9,6,3
2020-01-20 22:00:00,3,1,2
2020-01-20 23:00:00,2,2,0
2020-01-21 00:00:00,1,0,1
2020-01-21 01:00:00,0,0,0
2020-01-21 02:00:00,0,0,0
2020-01-21 03:00:00,2,0,2
2020-01-21 04:00:00,4,2,2
2020-01-21 05:00:00,5,4,1
2020-01-21 06:00:00,37,23,14
2020-01-21 07:00:00,53,25,28
2020-01-21 08:00:00,57,30,27
2020-01-21 09:00:00,54,26,28
2020-01-21 10:00:00,60,27,33
2020-01-21 11:00:00,47,26,21
2020-01-21 12:00:00,123,56,67
2020-01-21 13:00:00,35,19,16
2020-01-21 14:00:00,55,30,25
2020-01-21 15:00:00,28,12,16
2020-01-21 16:00:00,38,19,19
2020-01-21 17:00:00,38,14,24
2020-01-21 18:00:00,16,9,7
2020-01-21 19:00:00,8,3,5
2020-01-21 20:00:00,4,4,0
2020-01-21 21:00:00,4,2,2
2020-01-21 22:00:00,1,1,0
2020-01-21 23:00:00,1,0,1
2020-01-22 00:00:00,1,1,0
2020-01-22 01:00:00,0,0,0
2020-01-22 02:00:00,1,1,0
2020-01-22 03:00:00,4,2,2
2020-01-22 04:00:00,0,0,0
2020-01-22 05:00:00,23,13,10
2020-01-22 06:00:00,74,50,24
2020-01-22 07:00:00,90,35,55
2020-01-22 08:00:00,67,37,30
2020-01-22 09:00:00,46,20,26
2020-01-22 10:00:00,38,16,22
2020-01-22 11:00:00,56,30,26
2020-01-22 12:00:00,78,40,38
2020-01-22 13:00:00,56,26,30
2020-01-22 14:00:00,35,14,21
2020-01-22 15:00:00,72,35,37
2020-01-22 16:00:00,96,40,56
2020-01-22 17:00:00,78,33,45
2020-01-22 18:00:00,32,18,14
2020-01-22 19:00:00,31,16,15
2020-01-22 20:00:00,12,8,4
2020-01-22 21:00:00,9,2,7
2020-01-22 22:00:00,3,2,1
2020-01-22 23:00:00,4,4,0
2020-01-23 00:00:00,1,1,0
2020-01-23 01:00:00,1,0,1
2020-01-23 02:00:00,0,0,0
2020-01-23 03:00:00,6,3,3
2020-01-23 04:00:00,6,2,4
2020-01-23 05:00:00,9,6,3
2020-01-23 06:00:00,39,24,15
2020-01-23 07:00:00,63,28,35
2020-01-23 08:00:00,44,25,19
2020-01-23 09:00:00,19,9,10
2020-01-23 10:00:00,40,19,21
2020-01-23 11:00:00,45,23,22
2020-01-23 12:00:00,98,53,45
2020-01-23 13:00:00,53,22,31
2020-01-23 14:00:00,32,18,14
2020-01-23 15:00:00,41,19,22
2020-01-23 16:00:00,59,23,36
2020-01-23 17:00:00,49,21,28
2020-01-23 18:00:00,25,14,11
2020-01-23 19:00:00,11,6,5
2020-01-23 20:00:00,16,10,6
2020-01-23 21:00:00,7,4,3
2020-01-23 22:00:00,1,1,0
2020-01-23 23:00:00,1,0,1
2020-01-24 00:00:00,0,0,0
2020-01-24 01:00:00,1,0,1
2020-01-24 02:00:00,2,0,2
2020-01-24 03:00:00,4,2,2
2020-01-24 04:00:00,3,1,2
2020-01-24 05:00:00,9,3,6
2020-01-24 06:00:00,39,20,19
2020-01-24 07:00:00,78,45,33
2020-01-24 08:00:00,94,46,48
2020-01-24 09:00:00,62,29,33
2020-01-24 10:00:00,43,26,17
2020-01-24 11:00:00,61,29,32
2020-01-24 12:00:00,117,59,58
2020-01-24 13:00:00,58,20,38
2020-01-24 14:00:00,74,41,33
2020-01-24 15:00:00,133,62,71
2020-01-24 16:00:00,231,129,102
2020-01-24 17:00:00,119,54,65
2020-01-24 18:00:00,26,12,14
2020-01-24 19:00:00,10,5,5
2020-01-24 20:00:00,6,3,3
2020-01-24 21:00:00,8,5,3
2020-01-24 22:00:00,9,5,4
2020-01-24 23:00:00,3,2,1
2020-01-25 00:00:00,3,0,3
2020-01-25 01:00:00,2,1,1
2020-01-25 02:00:00,0,0,0
2020-01-25 03:00:00,0,0,0
2020-01-25 04:00:00,0,0,0
2020-01-25 05:00:00,2,2,0
2020-01-25 06:00:00,9,5,4
2020-01-25 07:00:00,22,14,8
2020-01-25 08:00:00,78,44,34
2020-01-25 09:00:00,150,84,66
2020-01-25 10:00:00,173,91,82
2020-01-25 11:00:00,156,77,79
2020-01-25 12:00:00,138,59,79
2020-01-25 13:00:00,112,59,53
2020-01-25 14:00:00,214,120,94
2020-01-25 15:00:00,273,139,134
2020-01-25 16:00:00,253,103,150
2020-01-25 17:00:00,120,47,73
2020-01-25 18:00:00,33,15,18
2020-01-25 19:00:00,12,5,7
2020-01-25 20:00:00,5,1,4
2020-01-25 21:00:00,6,3,3
2020-01-25 22:00:00,12,9,3
2020-01-25 23:00:00,6,3,3
2020-01-26 00:00:00,1,1,0
2020-01-26 01:00:00,1,0,1
2020-01-26 02:00:00,0,0,0
2020-01-26 03:00:00,0,0,0
2020-01-26 04:00:00,2,1,1
2020-01-26 05:00:00,4,4,0
2020-01-26 06:00:00,5,2,3
2020-01-26 07:00:00,36,22,14
2020-01-26 08:00:00,91,50,41
2020-01-26 09:00:00,150,78,72
2020-01-26 10:00:00,203,100,103
2020-01-26 11:00:00,254,142,112
2020-01-26 12:00:00,297,147,150
2020-01-26 13:00:00,391,195,196
2020-01-26 14:00:00,383,192,191
2020-01-26 15:00:00,261,87,174
2020-01-26 16:00:00,72,43,29
2020-01-26 17:00:00,61,19,42
2020-01-26 18:00:00,20,10,10
2020-01-26 19:00:00,3,1,2
2020-01-26 20:00:00,7,3,4
2020-01-26 21:00:00,0,0,0
2020-01-26 22:00:00,0,0,0
2020-01-26 23:00:00,1,0,1
2020-01-27 00:00:00,0,0,0
2020-01-27 01:00:00,0,0,0
2020-01-27 02:00:00,0,0,0
2020-01-27 03:00:00,3,2,1
2020-01-27 04:00:00,1,0,1
2020-01-27 05:00:00,12,8,4
2020-01-27 06:00:00,45,27,18
2020-01-27 07:00:00,65,38,27
2020-01-27 08:00:00,95,43,52
2020-01-27 09:00:00,89,46,43
2020-01-27 10:00:00,94,48,46
2020-01-27 11:00:00,139,69,70
2020-01-27 12:00:00,292,141,151
2020-01-27 13:00:00,155,77,78
2020-01-27 14:00:00,91,41,50
2020-01-27 15:00:00,87,38,49
2020-01-27 16:00:00,69,29,40
2020-01-27 17:00:00,50,25,25
2020-01-27 18:00:00,19,10,9
2020-01-27 19:00:00,17,9,8
2020-01-27 20:00:00,3,1,2
2020-01-27 21:00:00,3,2,1
2020-01-27 22:00:00,1,1,0
2020-01-27 23:00:00,0,0,0
2020-01-28 00:00:00,0,0,0
2020-01-28 01:00:00,0,0,0
2020-01-28 02:00:00,0,0,0
2020-01-28 03:00:00,2,1,1
2020-01-28 04:00:00,0,0,0
2020-01-28 05:00:00,11,5,6
2020-01-28 06:00:00,45,23,22
2020-01-28 07:00:00,51,29,22
2020-01-28 08:00:00,58,23,35
2020-01-28 09:00:00,48,26,22
2020-01-28 10:00:00,48,23,25
2020-01-28 11:00:00,86,44,42
2020-01-28 12:00:00,246,137,109
2020-01-28 13:00:00,179,81,98
2020-01-28 14:00:00,125,62,63
2020-01-28 15:00:00,142,68,74
2020-01-28 16:00:00,144,61,83
2020-01-28 17:00:00,145,74,71
2020-01-28 18:00:00,63,28,35
2020-01-28 19:00:00,29,14,15
2020-01-28 20:00:00,19,10,9
2020-01-28 21:00:00,12,3,9
2020-01-28 22:00:00,2,2,0
2020-01-28 23:00:00,0,0,0
2020-01-29 00:00:00,1,1,0
2020-01-29 01:00:00,1,0,1
2020-01-29 02:00:00,0,0,0
2020-01-29 03:00:00,1,1,0
2020-01-29 04:00:00,3,2,1
2020-01-29 05:00:00,24,15,9
2020-01-29 06:00:00,90,53,37
2020-01-29 07:00:00,103,54,49
2020-01-29 08:00:00,66,33,33
2020-01-29 09:00:00,49,22,27
2020-01-29 10:00:00,33,23,10
2020-01-29 11:00:00,32,21,11
2020-01-29 12:00:00,89,45,44
2020-01-29 13:00:00,49,20,29
2020-01-29 14:00:00,70,36,34
2020-01-29 15:00:00,95,47,48
2020-01-29 16:00:00,98,50,48
2020-01-29 17:00:00,105,51,54
2020-01-29 18:00:00,58,25,33
2020-01-29 19:00:00,24,10,14
2020-01-29 20:00:00,26,16,10
2020-01-29 21:00:00,15,6,9
2020-01-29 22:00:00,4,2,2
2020-01-29 23:00:00,0,0,0
2020-01-30 00:00:00,0,0,0
2020-01-30 01:00:00,0,0,0
2020-01-30 02:00:00,0,0,0
2020-01-30 03:00:00,1,1,0
2020-01-30 04:00:00,3,1,2
2020-01-30 05:00:00,9,8,1
2020-01-30 06:00:00,75,40,35
2020-01-30 07:00:00,126,61,65
2020-01-30 08:00:00,96,51,45
2020-01-30 09:00:00,79,33,46
2020-01-30 10:00:00,74,43,31
2020-01-30 11:00:00,141,76,65
2020-01-30 12:00:00,215,107,108
2020-01-30 13:00:00,129,60,69
2020-01-30 14:00:00,100,45,55
2020-01-30 15:00:00,112,59,53
2020-01-30 16:00:00,105,51,54
2020-01-30 17:00:00,77,35,42
2020-01-30 18:00:00,23,10,13
2020-01-30 19:00:00,14,7,7
2020-01-30 20:00:00,7,3,4
2020-01-30 21:00:00,4,4,0
2020-01-30 22:00:00,6,4,2
2020-01-30 23:00:00,2,1,1
2020-01-31 00:00:00,1,1,0
2020-01-31 01:00:00,3,2,1
2020-01-31 02:00:00,0,0,0
2020-01-31 03:00:00,0,0,0
2020-01-31 04:00:00,4,4,0
2020-01-31 05:00:00,7,4,3
2020-01-31 06:00:00,43,27,16
2020-01-31 07:00:00,86,46,40
2020-01-31 08:00:00,75,35,40
2020-01-31 09:00:00,35,10,25
2020-01-31 10:00:00,27,13,14
2020-01-31 11:00:00,18,12,6
2020-01-31 12:00:00,48,25,23
2020-01-31 13:00:00,30,14,16
2020-01-31 14:00:00,25,14,11
2020-01-31 15:00:00,23,7,16
2020-01-31 16:00:00,24,11,13
2020-01-31 17:00:00,23,12,11
2020-01-31 18:00:00,22,12,10
2020-01-31 19:00:00,12,4,8
2020-01-31 20:00:00,6,1,5
2020-01-31 21:00:00,5,1,4
2020-01-31 22:00:00,3,2,1
2020-01-31 23:00:00,2,2,0
2020-02-01 00:00:00,0,0,0
2020-02-01 01:00:00,0,0,0
2020-02-01 02:00:00,0,0,0
2020-02-01 03:00:00,0,0,0
2020-02-01 04:00:00,1,1,0
2020-02-01 05:00:00,0,0,0
2020-02-01 06:00:00,5,4,1
2020-02-01 07:00:00,9,7,2
2020-02-01 08:00:00,88,50,38
2020-02-01 09:00:00,139,81,58
2020-02-01 10:00:00,188,95,93
2020-02-01 11:00:00,183,80,103
2020-02-01 12:00:00,170,80,90
2020-02-01 13:00:00,188,96,92
2020-02-01 14:00:00,177,65,112
2020-02-01 15:00:00,118,57,61
2020-02-01 16:00:00,105,52,53
2020-02-01 17:00:00,80,26,54
2020-02-01 18:00:00,12,4,8
2020-02-01 19:00:00,9,5,4
2020-02-01 20:00:00,4,0,4
2020-02-01 21:00:00,11,6,5
2020-02-01 22:00:00,4,2,2
2020-02-01 23:00:00,2,1,1
2020-02-02 00:00:00,2,1,1
2020-02-02 01:00:00,1,1,0
2020-02-02 02:00:00,1,0,1
2020-02-02 03:00:00,3,2,1
2020-02-02 04:00:00,0,0,0
2020-02-02 05:00:00,5,3,2
2020-02-02 06:00:00,12,8,4
2020-02-02 07:00:00,19,14,5
2020-02-02 08:00:00,111,63,48
2020-02-02 09:00:00,198,113,85
2020-02-02 10:00:00,325,183,142
2020-02-02 11:00:00,353,164,189
2020-02-02 12:00:00,318,154,164
2020-02-02 13:00:00,303,148,155
2020-02-02 14:00:00,334,160,174
2020-02-02 15:00:00,377,210,167
2020-02-02 16:00:00,332,179,153
2020-02-02 17:00:00,129,42,87
2020-02-02 18:00:00,13,5,8
2020-02-02 19:00:00,10,5,5
2020-02-02 20:00:00,2,1,1
2020-02-02 21:00:00,10,6,4
2020-02-02 22:00:00,3,2,1
2020-02-02 23:00:00,3,2,1
2020-02-03 00:00:00,2,1,1
2020-02-03 01:00:00,0,0,0
2020-02-03 02:00:00,0,0,0
2020-02-03 03:00:00,2,1,1
2020-02-03 04:00:00,4,2,2
2020-02-03 05:00:00,9,5,4
2020-02-03 06:00:00,52,28,24
2020-02-03 07:00:00,60,34,26
2020-02-03 08:00:00,69,36,33
2020-02-03 09:00:00,75,34,41
2020-02-03 10:00:00,75,37,38
2020-02-03 11:00:00,111,57,54
2020-02-03 12:00:00,207,105,102
2020-02-03 13:00:00,104,57,47
2020-02-03 14:00:00,119,61,58
2020-02-03 15:00:00,191,88,103
2020-02-03 16:00:00,246,128,118
2020-02-03 17:00:00,170,81,89
2020-02-03 18:00:00,64,26,38
2020-02-03 19:00:00,24,11,13
2020-02-03 20:00:00,14,8,6
2020-02-03 21:00:00,6,3,3
2020-02-03 22:00:00,4,0,4
2020-02-03 23:00:00,6,4,2
2020-02-04 00:00:00,3,1,2
2020-02-04 01:00:00,0,0,0
2020-02-04 02:00:00,0,0,0
2020-02-04 03:00:00,1,1,0
2020-02-04 04:00:00,7,4,3
2020-02-04 05:00:00,14,8,6
2020-02-04 06:00:00,75,45,30
2020-02-04 07:00:00,106,45,61
2020-02-04 08:00:00,70,28,42
2020-02-04 09:00:00,64,28,36
2020-02-04 10:00:00,56,31,25
2020-02-04 11:00:00,52,28,24
2020-02-04 12:00:00,83,41,42
2020-02-04 13:00:00,62,32,30
2020-02-04 14:00:00,51,22,29
2020-02-04 15:00:00,45,22,23
2020-02-04 16:00:00,62,29,33
2020-02-04 17:00:00,62,35,27
2020-02-04 18:00:00,24,12,12
2020-02-04 19:00:00,10,7,3
2020-02-04 20:00:00,12,7,5
2020-02-04 21:00:00,7,5,2
2020-02-04 22:00:00,5,3,2
2020-02-04 23:00:00,1,0,1
2020-02-05 00:00:00,0,0,0
2020-02-05 01:00:00,0,0,0
2020-02-05 02:00:00,1,0,1
2020-02-05 03:00:00,0,0,0
2020-02-05 04:00:00,6,1,5
2020-02-05 05:00:00,9,5,4
2020-02-05 06:00:00,51,34,17
2020-02-05 07:00:00,48,24,24
2020-02-05 08:00:00,29,14,15
2020-02-05 09:00:00,27,12,15
2020-02-05 10:00:00,38,20,18
2020-02-05 11:00:00,58,32,26
2020-02-05 12:00:00,64,30,34
2020-02-05 13:00:00,44,22,22
2020-02-05 14:00:00,26,11,15
2020-02-05 15:00:00,28,13,15
2020-02-05 16:00:00,40,16,24
2020-02-05 17:00:00,53,27,26
2020-02-05 18:00:00,20,8,12
2020-02-05 19:00:00,12,8,4
2020-02-05 20:00:00,8,3,5
2020-02-05 21:00:00,7,5,2
2020-02-05 22:00:00,1,1,0
2020-02-05 23:00:00,4,3,1
2020-02-06 00:00:00,0,0,0
2020-02-06 01:00:00,1,0,1
2020-02-06 02:00:00,0,0,0
2020-02-06 03:00:00,0,0,0
2020-02-06 04:00:00,5,2,3
2020-02-06 05:00:00,8,5,3
2020-02-06 06:00:00,40,25,15
2020-02-06 07:00:00,64,29,35
2020-02-06 08:00:00,36,22,14
2020-02-06 09:00:00,36,11,25
2020-02-06 10:00:00,24,13,11
2020-02-06 11:00:00,38,20,18
2020-02-06 12:00:00,67,33,34
2020-02-06 13:00:00,38,18,20
2020-02-06 14:00:00,29,12,17
2020-02-06 15:00:00,30,14,16
2020-02-06 16:00:00,58,27,31
2020-02-06 17:00:00,65,32,33
2020-02-06 18:00:00,37,17,20
2020-02-06 19:00:00,19,6,13
2020-02-06 20:00:00,7,3,4
2020-02-06 21:00:00,5,4,1
2020-02-06 22:00:00,11,7,4
2020-02-06 23:00:00,5,4,1
2020-02-07 00:00:00,1,1,0
2020-02-07 01:00:00,2,1,1
2020-02-07 02:00:00,1,1,0
2020-02-07 03:00:00,0,0,0
2020-02-07 04:00:00,6,4,2
2020-02-07 05:00:00,11,7,4
2020-02-07 06:00:00,44,25,19
2020-02-07 07:00:00,83,43,40
2020-02-07 08:00:00,81,38,43
2020-02-07 09:00:00,63,29,34
2020-02-07 10:00:00,68,27,41
2020-02-07 11:00:00,75,43,32
2020-02-07 12:00:00,165,86,79
2020-02-07 13:00:00,112,54,58
2020-02-07 14:00:00,84,36,48
2020-02-07 15:00:00,71,33,38
2020-02-07 16:00:00,116,56,60
2020-02-07 17:00:00,33,14,19
2020-02-07 18:00:00,11,5,6
2020-02-07 19:00:00,5,2,3
2020-02-07 20:00:00,5,1,4
2020-02-07 21:00:00,3,2,1
2020-02-07 22:00:00,6,2,4
2020-02-07 23:00:00,2,2,0
2020-02-08 00:00:00,1,0,1
2020-02-08 01:00:00,3,2,1
2020-02-08 02:00:00,0,0,0
2020-02-08 03:00:00,0,0,0
2020-02-08 04:00:00,3,1,2
2020-02-08 05:00:00,0,0,0
2020-02-08 06:00:00,12,9,3
2020-02-08 07:00:00,34,19,15
2020-02-08 08:00:00,99,56,43
2020-02-08 09:00:00,141,74,67
2020-02-08 10:00:00,189,99,90
2020-02-08 11:00:00,326,157,169
2020-02-08 12:00:00,253,109,144
2020-02-08 13:00:00,155,64,91
2020-02-08 14:00:00,156,87,69
2020-02-08 15:00:00,274,138,136
2020-02-08 16:00:00,217,112,105
2020-02-08 17:00:00,219,84,135
2020-02-08 18:00:00,49,17,32
2020-02-08 19:00:00,14,7,7
2020-02-08 20:00:00,8,4,4
2020-02-08 21:00:00,8,5,3
2020-02-08 22:00:00,6,6,0
2020-02-08 23:00:00,2,1,1
2020-02-09 00:00:00,7,2,5
2020-02-09 01:00:00,1,1,0
2020-02-09 02:00:00,0,0,0
2020-02-09 03:00:00,3,1,2
2020-02-09 04:00:00,0,0,0
2020-02-09 05:00:00,2,1,1
2020-02-09 06:00:00,10,7,3
2020-02-09 07:00:00,44,26,18
2020-02-09 08:00:00,117,66,51
2020-02-09 09:00:00,160,84,76
2020-02-09 10:00:00,184,104,80
2020-02-09 11:00:00,243,110,133
2020-02-09 12:00:00,301,166,135
2020-02-09 13:00:00,389,198,191
2020-02-09 14:00:00,468,239,229
2020-02-09 15:00:00,470,235,235
2020-02-09 16:00:00,476,239,237
2020-02-09 17:00:00,301,112,189
2020-02-09 18:00:00,39,11,28
2020-02-09 19:00:00,9,3,6
2020-02-09 20:00:00,12,7,5
2020-02-09 21:00:00,9,3,6
2020-02-09 22:00:00,2,1,1
2020-02-09 23:00:00,2,2,0
2020-02-10 00:00:00,18,2,16
2020-02-10 01:00:00,0,0,0
2020-02-10 02:00:00,2,2,0
2020-02-10 03:00:00,2,1,1
2020-02-10 04:00:00,2,1,1
2020-02-10 05:00:00,11,7,4
2020-02-10 06:00:00,42,24,18
2020-02-10 07:00:00,79,43,36
2020-02-10 08:00:00,89,51,38
2020-02-10 09:00:00,63,32,31
2020-02-10 10:00:00,74,43,31
2020-02-10 11:00:00,115,56,59
2020-02-10 12:00:00,225,116,109
2020-02-10 13:00:00,162,82,80
2020-02-10 14:00:00,168,99,69
2020-02-10 15:00:00,204,106,98
2020-02-10 16:00:00,241,110,131
2020-02-10 17:00:00,237,101,136
2020-02-10 18:00:00,59,29,30
2020-02-10 19:00:00,17,10,7
2020-02-10 20:00:00,14,6,8
2020-02-10 21:00:00,6,5,1
2020-02-10 22:00:00,0,0,0
2020-02-10 23:00:00,1,1,0
2020-02-11 00:00:00,2,1,1
2020-02-11 01:00:00,0,0,0
2020-02-11 02:00:00,0,0,0
2020-02-11 03:00:00,1,1,0
2020-02-11 04:00:00,2,1,1
2020-02-11 05:00:00,25,16,9
2020-02-11 06:00:00,87,52,35
2020-02-11 07:00:00,141,73,68
2020-02-11 08:00:00,80,39,41
2020-02-11 09:00:00,52,21,31
2020-02-11 10:00:00,71,48,23
2020-02-11 11:00:00,72,35,37
2020-02-11 12:00:00,200,99,101
2020-02-11 13:00:00,122,59,63
2020-02-11 14:00:00,95,51,44
2020-02-11 15:00:00,86,39,47
2020-02-11 16:00:00,153,72,81
2020-02-11 17:00:00,131,64,67
2020-02-11 18:00:00,68,30,38
2020-02-11 19:00:00,22,10,12
2020-02-11 20:00:00,10,4,6
2020-02-11 21:00:00,5,3,2
2020-02-11 22:00:00,1,0,1
2020-02-11 23:00:00,1,1,0
2020-02-12 00:00:00,1,0,1
2020-02-12 01:00:00,4,2,2
2020-02-12 02:00:00,3,2,1
2020-02-12 03:00:00,1,1,0
2020-02-12 04:00:00,9,7,2
2020-02-12 05:00:00,21,9,12
2020-02-12 06:00:00,81,47,34
2020-02-12 07:00:00,130,70,60
2020-02-12 08:00:00,109,50,59
2020-02-12 09:00:00,46,22,24
2020-02-12 10:00:00,79,44,35
2020-02-12 11:00:00,120,57,63
2020-02-12 12:00:00,204,106,98
2020-02-12 13:00:00,101,46,55
2020-02-12 14:00:00,100,54,46
2020-02-12 15:00:00,110,48,62
2020-02-12 16:00:00,141,61,80
2020-02-12 17:00:00,160,85,75
2020-02-12 18:00:00,73,30,43
2020-02-12 19:00:00,35,17,18
2020-02-12 20:00:00,7,2,5
2020-02-12 21:00:00,5,4,1
2020-02-12 22:00:00,2,1,1
2020-02-12 23:00:00,3,1,2
2020-02-13 00:00:00,0,0,0
2020-02-13 01:00:00,2,1,1
2020-02-13 02:00:00,3,1,2
2020-02-13 03:00:00,1,1,0
2020-02-13 04:00:00,0,0,0
2020-02-13 05:00:00,15,10,5
2020-02-13 06:00:00,77,50,27
2020-02-13 07:00:00,130,69,61
2020-02-13 08:00:00,78,33,45
2020-02-13 09:00:00,32,12,20
2020-02-13 10:00:00,45,23,22
2020-02-13 11:00:00,99,47,52
2020-02-13 12:00:00,143,68,75
2020-02-13 13:00:00,87,39,48
2020-02-13 14:00:00,77,41,36
2020-02-13 15:00:00,80,34,46
2020-02-13 16:00:00,84,38,46
2020-02-13 17:00:00,65,37,28
2020-02-13 18:00:00,26,11,15
2020-02-13 19:00:00,16,8,8
2020-02-13 20:00:00,4,4,0
2020-02-13 21:00:00,13,5,8
2020-02-13 22:00:00,10,6,4
2020-02-13 23:00:00,7,4,3
2020-02-14 00:00:00,0,0,0
2020-02-14 01:00:00,3,2,1
2020-02-14 02:00:00,1,0,1
2020-02-14 03:00:00,1,1,0
2020-02-14 04:00:00,2,1,1
2020-02-14 05:00:00,8,4,4
2020-02-14 06:00:00,42,30,12
2020-02-14 07:00:00,99,49,50
2020-02-14 08:00:00,121,64,57
2020-02-14 09:00:00,123,54,69
2020-02-14 10:00:00,92,44,48
2020-02-14 11:00:00,146,83,63
2020-02-14 12:00:00,255,134,121
2020-02-14 13:00:00,195,88,107
2020-02-14 14:00:00,170,82,88
2020-02-14 15:00:00,137,66,71
2020-02-14 16:00:00,143,64,79
2020-02-14 17:00:00,137,58,79
2020-02-14 18:00:00,42,17,25
2020-02-14 19:00:00,22,10,12
2020-02-14 20:00:00,12,5,7
2020-02-14 21:00:00,1,0,1
2020-02-14 22:00:00,5,2,3
2020-02-14 23:00:00,3,3,0
2020-02-15 00:00:00,0,0,0
2020-02-15 01:00:00,3,0,3
2020-02-15 02:00:00,2,1,1
2020-02-15 03:00:00,0,0,0
2020-02-15 04:00:00,1,1,0
2020-02-15 05:00:00,6,4,2
2020-02-15 06:00:00,17,11,6
2020-02-15 07:00:00,45,23,22
2020-02-15 08:00:00,107,60,47
2020-02-15 09:00:00,156,79,77
2020-02-15 10:00:00,157,82,75
2020-02-15 11:00:00,159,71,88
2020-02-15 12:00:00,94,40,54
2020-02-15 13:00:00,74,29,45
2020-02-15 14:00:00,61,33,28
2020-02-15 15:00:00,107,54,53
2020-02-15 16:00:00,95,39,56
2020-02-15 17:00:00,94,40,54
2020-02-15 18:00:00,21,7,14
2020-02-15 19:00:00,20,9,11
2020-02-15 20:00:00,6,4,2
2020-02-15 21:00:00,9,5,4
2020-02-15 22:00:00,2,2,0
2020-02-15 23:00:00,2,1,1
2020-02-16 00:00:00,1,1,0
2020-02-16 01:00:00,3,2,1
2020-02-16 02:00:00,0,0,0
2020-02-16 03:00:00,2,1,1
2020-02-16 04:00:00,4,3,1
2020-02-16 05:00:00,2,2,0
2020-02-16 06:00:00,13,8,5
2020-02-16 07:00:00,43,24,19
2020-02-16 08:00:00,136,74,62
2020-02-16 09:00:00,195,105,90
2020-02-16 10:00:00,222,115,107
2020-02-16 11:00:00,262,133,129
2020-02-16 12:00:00,346,161,185
2020-02-16 13:00:00,242,109,133
2020-02-16 14:00:00,248,102,146
2020-02-16 15:00:00,194,87,107
2020-02-16 16:00:00,167,78,89
2020-02-16 17:00:00,199,90,109
2020-02-16 18:00:00,55,14,41
2020-02-16 19:00:00,8,2,6
2020-02-16 20:00:00,3,1,2
2020-02-16 21:00:00,4,1,3
2020-02-16 22:00:00,5,4,1
2020-02-16 23:00:00,1,1,0
2020-02-17 00:00:00,0,0,0
2020-02-17 01:00:00,0,0,0
2020-02-17 02:00:00,2,1,1
2020-02-17 03:00:00,2,1,1
2020-02-17 04:00:00,2,1,1
2020-02-17 05:00:00,8,5,3
2020-02-17 06:00:00,29,15,14
2020-02-17 07:00:00,64,36,28
2020-02-17 08:00:00,85,50,35
2020-02-17 09:00:00,117,61,56
2020-02-17 10:00:00,105,46,59
2020-02-17 11:00:00,249,130,119
2020-02-17 12:00:00,282,139,143
2020-02-17 13:00:00,247,116,131
2020-02-17 14:00:00,294,140,154
2020-02-17 15:00:00,279,125,154
2020-02-17 16:00:00,326,154,172
2020-02-17 17:00:00,293,138,155
2020-02-17 18:00:00,57,18,39
2020-02-17 19:00:00,21,9,12
2020-02-17 20:00:00,6,3,3
2020-02-17 21:00:00,4,2,2
2020-02-17 22:00:00,7,3,4
2020-02-17 23:00:00,2,0,2
2020-02-18 00:00:00,1,0,1
2020-02-18 01:00:00,2,1,1
2020-02-18 02:00:00,1,1,0
2020-02-18 03:00:00,1,1,0
2020-02-18 04:00:00,3,2,1
2020-02-18 05:00:00,7,5,2
2020-02-18 06:00:00,71,43,28
2020-02-18 07:00:00,126,61,65
2020-02-18 08:00:00,100,47,53
2020-02-18 09:00:00,68,29,39
2020-02-18 10:00:00,52,24,28
2020-02-18 11:00:00,144,69,75
2020-02-18 12:00:00,258,127,131
2020-02-18 13:00:00,221,106,115
2020-02-18 14:00:00,193,99,94
2020-02-18 15:00:00,184,85,99
2020-02-18 16:00:00,258,123,135
2020-02-18 17:00:00,304,162,142
2020-02-18 18:00:00,110,46,64
2020-02-18 19:00:00,22,9,13
2020-02-18 20:00:00,18,9,9
2020-02-18 21:00:00,6,4,2
2020-02-18 22:00:00,4,1,3
2020-02-18 23:00:00,1,1,0
2020-02-19 00:00:00,0,0,0
2020-02-19 01:00:00,0,0,0
2020-02-19 02:00:00,0,0,0
2020-02-19 03:00:00,1,0,1
2020-02-19 04:00:00,2,0,2
2020-02-19 05:00:00,15,7,8
2020-02-19 06:00:00,88,55,33
2020-02-19 07:00:00,150,71,79
2020-02-19 08:00:00,83,40,43
2020-02-19 09:00:00,93,45,48
2020-02-19 10:00:00,69,31,38
2020-02-19 11:00:00,124,59,65
2020-02-19 12:00:00,295,154,141
2020-02-19 13:00:00,262,134,128
2020-02-19 14:00:00,219,106,113
2020-02-19 15:00:00,252,138,114
2020-02-19 16:00:00,287,143,144
2020-02-19 17:00:00,371,193,178
2020-02-19 18:00:00,126,44,82
2020-02-19 19:00:00,39,14,25
2020-02-19 20:00:00,7,2,5
2020-02-19 21:00:00,7,4,3
2020-02-19 22:00:00,4,1,3
2020-02-19 23:00:00,0,0,0
2020-02-20 00:00:00,1,1,0
2020-02-20 01:00:00,2,1,1
2020-02-20 02:00:00,0,0,0
2020-02-20 03:00:00,2,1,1
2020-02-20 04:00:00,3,2,1
2020-02-20 05:00:00,13,9,4
2020-02-20 06:00:00,78,46,32
2020-02-20 07:00:00,157,73,84
2020-02-20 08:00:00,88,47,41
2020-02-20 09:00:00,74,34,40
2020-02-20 10:00:00,87,47,40
2020-02-20 11:00:00,179,90,89
2020-02-20 12:00:00,305,154,151
2020-02-20 13:00:00,201,97,104
2020-02-20 14:00:00,195,114,81
2020-02-20 15:00:00,278,153,125
2020-02-20 16:00:00,312,159,153
2020-02-20 17:00:00,400,192,208
2020-02-20 18:00:00,146,59,87
2020-02-20 19:00:00,26,11,15
2020-02-20 20:00:00,14,7,7
2020-02-20 21:00:00,9,5,4
2020-02-20 22:00:00,12,5,7
2020-02-20 23:00:00,3,1,2
2020-02-21 00:00:00,2,2,0
2020-02-21 01:00:00,2,1,1
2020-02-21 02:00:00,0,0,0
2020-02-21 03:00:00,1,0,1
2020-02-21 04:00:00,4,2,2
2020-02-21 05:00:00,8,6,2
2020-02-21 06:00:00,38,21,17
2020-02-21 07:00:00,147,80,67
2020-02-21 08:00:00,107,51,56
2020-02-21 09:00:00,110,50,60
2020-02-21 10:00:00,106,57,49
2020-02-21 11:00:00,150,73,77
2020-02-21 12:00:00,253,120,133
2020-02-21 13:00:00,217,100,117
2020-02-21 14:00:00,211,108,103
2020-02-21 15:00:00,254,149,105
2020-02-21 16:00:00,287,132,155
2020-02-21 17:00:00,310,154,156
2020-02-21 18:00:00,101,37,64
2020-02-21 19:00:00,15,7,8
2020-02-21 20:00:00,9,5,4
2020-02-21 21:00:00,12,7,5
2020-02-21 22:00:00,6,2,4
2020-02-21 23:00:00,1,0,1
2020-02-22 00:00:00,1,0,1
2020-02-22 01:00:00,4,3,1
2020-02-22 02:00:00,1,0,1
2020-02-22 03:00:00,0,0,0
2020-02-22 04:00:00,2,1,1
2020-02-22 05:00:00,4,3,1
2020-02-22 06:00:00,20,12,8
2020-02-22 07:00:00,82,43,39
2020-02-22 08:00:00,121,63,58
2020-02-22 09:00:00,152,83,69
2020-02-22 10:00:00,166,81,85
2020-02-22 11:00:00,180,77,103
2020-02-22 12:00:00,148,69,79
2020-02-22 13:00:00,187,92,95
2020-02-22 14:00:00,167,70,97
2020-02-22 15:00:00,171,87,84
2020-02-22 16:00:00,188,93,95
2020-02-22 17:00:00,170,71,99
2020-02-22 18:00:00,83,31,52
2020-02-22 19:00:00,11,5,6
2020-02-22 20:00:00,7,3,4
2020-02-22 21:00:00,7,3,4
2020-02-22 22:00:00,9,4,5
2020-02-22 23:00:00,8,5,3
2020-02-23 00:00:00,3,2,1
2020-02-23 01:00:00,0,0,0
2020-02-23 02:00:00,1,1,0
2020-02-23 03:00:00,1,0,1
2020-02-23 04:00:00,0,0,0
2020-02-23 05:00:00,2,0,2
2020-02-23 06:00:00,12,6,6
2020-02-23 07:00:00,29,17,12
2020-02-23 08:00:00,58,32,26
2020-02-23 09:00:00,97,53,44
2020-02-23 10:00:00,156,85,71
2020-02-23 11:00:00,140,57,83
2020-02-23 12:00:00,131,64,67
2020-02-23 13:00:00,180,87,93
2020-02-23 14:00:00,202,90,112
2020-02-23 15:00:00,146,70,76
2020-02-23 16:00:00,194,83,111
2020-02-23 17:00:00,182,77,105
2020-02-23 18:00:00,59,21,38
2020-02-23 19:00:00,9,5,4
2020-02-23 20:00:00,3,1,2
2020-02-23 21:00:00,3,2,1
2020-02-23 22:00:00,0,0,0
2020-02-23 23:00:00,3,2,1
2020-02-24 00:00:00,2,1,1
2020-02-24 01:00:00,1,0,1
2020-02-24 02:00:00,2,2,0
2020-02-24 03:00:00,1,0,1
2020-02-24 04:00:00,1,1,0
2020-02-24 05:00:00,12,7,5
2020-02-24 06:00:00,53,30,23
2020-02-24 07:00:00,104,54,50
2020-02-24 08:00:00,81,37,44
2020-02-24 09:00:00,81,46,35
2020-02-24 10:00:00,77,39,38
2020-02-24 11:00:00,132,67,65
2020-02-24 12:00:00,275,146,129
2020-02-24 13:00:00,152,59,93
2020-02-24 14:00:00,116,61,55
2020-02-24 15:00:00,119,57,62
2020-02-24 16:00:00,181,89,92
2020-02-24 17:00:00,201,107,94
2020-02-24 18:00:00,92,47,45
2020-02-24 19:00:00,33,15,18
2020-02-24 20:00:00,13,7,6
2020-02-24 21:00:00,9,5,4
2020-02-24 22:00:00,1,0,1
2020-02-24 23:00:00,5,4,1
2020-02-25 00:00:00,4,1,3
2020-02-25 01:00:00,3,1,2
2020-02-25 02:00:00,0,0,0
2020-02-25 03:00:00,3,2,1
2020-02-25 04:00:00,2,2,0
2020-02-25 05:00:00,28,15,13
2020-02-25 06:00:00,101,58,43
2020-02-25 07:00:00,156,77,79
2020-02-25 08:00:00,123,66,57
2020-02-25 09:00:00,79,34,45
2020-02-25 10:00:00,63,29,34
2020-02-25 11:00:00,113,54,59
2020-02-25 12:00:00,211,109,102
2020-02-25 13:00:00,143,64,79
2020-02-25 14:00:00,112,61,51
2020-02-25 15:00:00,115,48,67
2020-02-25 16:00:00,162,90,72
2020-02-25 17:00:00,221,103,118
2020-02-25 18:00:00,112,45,67
2020-02-25 19:00:00,26,12,14
2020-02-25 20:00:00,22,11,11
2020-02-25 21:00:00,7,6,1
2020-02-25 22:00:00,10,6,4
2020-02-25 23:00:00,1,1,0
2020-02-26 00:00:00,2,1,1
2020-02-26 01:00:00,0,0,0
2020-02-26 02:00:00,0,0,0
2020-02-26 03:00:00,0,0,0
2020-02-26 04:00:00,1,1,0
2020-02-26 05:00:00,34,19,15
2020-02-26 06:00:00,106,58,48
2020-02-26 07:00:00,167,80,87
2020-02-26 08:00:00,91,41,50
2020-02-26 09:00:00,67,25,42
2020-02-26 10:00:00,75,43,32
2020-02-26 11:00:00,117,63,54
2020-02-26 12:00:00,238,121,117
2020-02-26 13:00:00,178,90,88
2020-02-26 14:00:00,136,67,69
2020-02-26 15:00:00,152,83,69
2020-02-26 16:00:00,253,147,106
2020-02-26 17:00:00,328,166,162
2020-02-26 18:00:00,139,63,76
2020-02-26 19:00:00,28,9,19
2020-02-26 20:00:00,18,13,5
2020-02-26 21:00:00,9,6,3
2020-02-26 22:00:00,10,4,6
2020-02-26 23:00:00,2,1,1
2020-02-27 00:00:00,0,0,0
2020-02-27 01:00:00,0,0,0
2020-02-27 02:00:00,0,0,0
2020-02-27 03:00:00,0,0,0
2020-02-27 04:00:00,2,2,0
2020-02-27 05:00:00,17,11,6
2020-02-27 06:00:00,75,42,33
2020-02-27 07:00:00,172,82,90
2020-02-27 08:00:00,120,65,55
2020-02-27 09:00:00,104,41,63
2020-02-27 10:00:00,76,44,32
2020-02-27 11:00:00,170,88,82
2020-02-27 12:00:00,314,152,162
2020-02-27 13:00:00,180,82,98
2020-02-27 14:00:00,180,94,86
2020-02-27 15:00:00,204,102,102
2020-02-27 16:00:00,246,114,132
2020-02-27 17:00:00,352,177,175
2020-02-27 18:00:00,182,74,108
2020-02-27 19:00:00,41,20,21
2020-02-27 20:00:00,9,6,3
2020-02-27 21:00:00,13,11,2
2020-02-27 22:00:00,7,2,5
2020-02-27 23:00:00,11,4,7
2020-02-28 00:00:00,2,0,2
2020-02-28 01:00:00,1,1,0
2020-02-28 02:00:00,0,0,0
2020-02-28 03:00:00,1,0,1
2020-02-28 04:00:00,4,2,2
2020-02-28 05:00:00,7,4,3
2020-02-28 06:00:00,57,34,23
2020-02-28 07:00:00,125,71,54
2020-02-28 08:00:00,106,50,56
2020-02-28 09:00:00,69,37,32
2020-02-28 10:00:00,67,29,38
2020-02-28 11:00:00,96,45,51
2020-02-28 12:00:00,142,62,80
2020-02-28 13:00:00,108,58,50
2020-02-28 14:00:00,92,45,47
2020-02-28 15:00:00,116,50,66
2020-02-28 16:00:00,85,33,52
2020-02-28 17:00:00,68,28,40
2020-02-28 18:00:00,37,18,19
2020-02-28 19:00:00,14,9,5
2020-02-28 20:00:00,9,5,4
2020-02-28 21:00:00,3,1,2
2020-02-28 22:00:00,5,2,3
2020-02-28 23:00:00,0,0,0
2020-02-29 00:00:00,0,0,0
2020-02-29 01:00:00,3,1,2
2020-02-29 02:00:00,0,0,0
2020-02-29 03:00:00,0,0,0
2020-02-29 04:00:00,1,0,1
2020-02-29 05:00:00,5,2,3
2020-02-29 06:00:00,29,11,18
2020-02-29 07:00:00,67,39,28
2020-02-29 08:00:00,134,73,61
2020-02-29 09:00:00,163,89,74
2020-02-29 10:00:00,168,76,92
2020-02-29 11:00:00,183,90,93
2020-02-29 12:00:00,201,100,101
2020-02-29 13:00:00,164,58,106
2020-02-29 14:00:00,171,94,77
2020-02-29 15:00:00,253,121,132
2020-02-29 16:00:00,245,105,140
2020-02-29 17:00:00,179,71,108
2020-02-29 18:00:00,65,17,48
2020-02-29 19:00:00,9,5,4
2020-02-29 20:00:00,3,2,1
2020-02-29 21:00:00,3,2,1
2020-02-29 22:00:00,7,3,4
2020-02-29 23:00:00,3,3,0
2020-03-01 00:00:00,3,1,2
2020-03-01 01:00:00,1,1,0
2020-03-01 02:00:00,1,1,0
2020-03-01 03:00:00,2,1,1
2020-03-01 04:00:00,0,0,0
2020-03-01 05:00:00,3,2,1
2020-03-01 06:00:00,11,6,5
2020-03-01 07:00:00,72,42,30
2020-03-01 08:00:00,124,65,59
2020-03-01 09:00:00,167,86,81
2020-03-01 10:00:00,202,104,98
2020-03-01 11:00:00,209,93,116
2020-03-01 12:00:00,253,132,121
2020-03-01 13:00:00,297,139,158
2020-03-01 14:00:00,242,111,131
2020-03-01 15:00:00,168,84,84
2020-03-01 16:00:00,158,68,90
2020-03-01 17:00:00,130,60,70
2020-03-01 18:00:00,34,9,25
2020-03-01 19:00:00,9,4,5
2020-03-01 20:00:00,8,6,2
2020-03-01 21:00:00,9,4,5
2020-03-01 22:00:00,3,0,3
2020-03-01 23:00:00,1,1,0
2020-03-02 00:00:00,4,2,2
2020-03-02 01:00:00,0,0,0
2020-03-02 02:00:00,0,0,0
2020-03-02 03:00:00,0,0,0
2020-03-02 04:00:00,1,1,0
2020-03-02 05:00:00,7,5,2
2020-03-02 06:00:00,50,26,24
2020-03-02 07:00:00,90,43,47
2020-03-02 08:00:00,72,38,34
2020-03-02 09:00:00,48,17,31
2020-03-02 10:00:00,45,23,22
2020-03-02 11:00:00,64,36,28
2020-03-02 12:00:00,103,50,53
2020-03-02 13:00:00,42,17,25
2020-03-02 14:00:00,47,24,23
2020-03-02 15:00:00,48,17,31
2020-03-02 16:00:00,71,29,42
2020-03-02 17:00:00,118,61,57
2020-03-02 18:00:00,67,25,42
2020-03-02 19:00:00,14,7,7
2020-03-02 20:00:00,8,4,4
2020-03-02 21:00:00,4,2,2
2020-03-02 22:00:00,2,1,1
2020-03-02 23:00:00,1,0,1
2020-03-03 00:00:00,1,1,0
2020-03-03 01:00:00,0,0,0
2020-03-03 02:00:00,0,0,0
2020-03-03 03:00:00,2,1,1
2020-03-03 04:00:00,4,2,2
2020-03-03 05:00:00,20,6,14
2020-03-03 06:00:00,57,34,23
2020-03-03 07:00:00,126,60,66
2020-03-03 08:00:00,96,54,42
2020-03-03 09:00:00,70,30,40
2020-03-03 10:00:00,72,41,31
2020-03-03 11:00:00,100,49,51
2020-03-03 12:00:00,220,108,112
2020-03-03 13:00:00,136,62,74
2020-03-03 14:00:00,100,45,55
2020-03-03 15:00:00,83,34,49
2020-03-03 16:00:00,89,38,51
2020-03-03 17:00:00,120,66,54
2020-03-03 18:00:00,83,34,49
2020-03-03 19:00:00,21,9,12
2020-03-03 20:00:00,11,7,4
2020-03-03 21:00:00,4,1,3
2020-03-03 22:00:00,5,2,3
2020-03-03 23:00:00,1,1,0
2020-03-04 00:00:00,3,2,1
2020-03-04 01:00:00,0,0,0
2020-03-04 02:00:00,2,1,1
2020-03-04 03:00:00,2,1,1
2020-03-04 04:00:00,2,2,0
2020-03-04 05:00:00,19,8,11
2020-03-04 06:00:00,77,48,29
2020-03-04 07:00:00,137,67,70
2020-03-04 08:00:00,93,46,47
2020-03-04 09:00:00,63,29,34
2020-03-04 10:00:00,78,41,37
2020-03-04 11:00:00,143,77,66
2020-03-04 12:00:00,308,151,157
2020-03-04 13:00:00,197,100,97
2020-03-04 14:00:00,228,127,101
2020-03-04 15:00:00,266,154,112
2020-03-04 16:00:00,292,149,143
2020-03-04 17:00:00,365,189,176
2020-03-04 18:00:00,166,49,117
2020-03-04 19:00:00,28,13,15
2020-03-04 20:00:00,16,5,11
2020-03-04 21:00:00,8,4,4
2020-03-04 22:00:00,7,5,2
2020-03-04 23:00:00,1,1,0
2020-03-05 00:00:00,2,2,0
2020-03-05 01:00:00,1,0,1
2020-03-05 02:00:00,1,1,0
2020-03-05 03:00:00,1,1,0
2020-03-05 04:00:00,5,3,2
2020-03-05 05:00:00,14,9,5
2020-03-05 06:00:00,64,31,33
2020-03-05 07:00:00,106,51,55
2020-03-05 08:00:00,94,42,52
2020-03-05 09:00:00,82,35,47
2020-03-05 10:00:00,73,34,39
2020-03-05 11:00:00,116,58,58
2020-03-05 12:00:00,151,83,68
2020-03-05 13:00:00,117,54,63
2020-03-05 14:00:00,87,43,44
2020-03-05 15:00:00,112,60,52
2020-03-05 16:00:00,123,52,71
2020-03-05 17:00:00,159,75,84
2020-03-05 18:00:00,49,20,29
2020-03-05 19:00:00,13,3,10
2020-03-05 20:00:00,11,6,5
2020-03-05 21:00:00,5,3,2
2020-03-05 22:00:00,3,1,2
2020-03-05 23:00:00,1,0,1
2020-03-06 00:00:00,1,0,1
2020-03-06 01:00:00,0,0,0
2020-03-06 02:00:00,0,0,0
2020-03-06 03:00:00,0,0,0
2020-03-06 04:00:00,0,0,0
2020-03-06 05:00:00,5,3,2
2020-03-06 06:00:00,26,17,9
2020-03-06 07:00:00,59,24,35
2020-03-06 08:00:00,36,21,15
2020-03-06 09:00:00,25,8,17
2020-03-06 10:00:00,38,16,22
2020-03-06 11:00:00,57,30,27
2020-03-06 12:00:00,107,56,51
2020-03-06 13:00:00,93,40,53
2020-03-06 14:00:00,70,35,35
2020-03-06 15:00:00,79,49,30
2020-03-06 16:00:00,134,61,73
2020-03-06 17:00:00,184,96,88
2020-03-06 18:00:00,88,34,54
2020-03-06 19:00:00,26,11,15
2020-03-06 20:00:00,12,6,6
2020-03-06 21:00:00,7,2,5
2020-03-06 22:00:00,9,5,4
2020-03-06 23:00:00,0,0,0
2020-03-07 00:00:00,3,1,2
2020-03-07 01:00:00,2,2,0
2020-03-07 02:00:00,0,0,0
2020-03-07 03:00:00,0,0,0
2020-03-07 04:00:00,2,1,1
2020-03-07 05:00:00,4,2,2
2020-03-07 06:00:00,22,14,8
2020-03-07 07:00:00,61,31,30
2020-03-07 08:00:00,124,76,48
2020-03-07 09:00:00,165,73,92
2020-03-07 10:00:00,159,73,86
2020-03-07 11:00:00,139,63,76
2020-03-07 12:00:00,88,40,48
2020-03-07 13:00:00,84,44,40
2020-03-07 14:00:00,163,84,79
2020-03-07 15:00:00,188,98,90
2020-03-07 16:00:00,223,115,108
2020-03-07 17:00:00,388,188,200
2020-03-07 18:00:00,154,42,112
2020-03-07 19:00:00,12,3,9
2020-03-07 20:00:00,6,5,1
2020-03-07 21:00:00,4,3,1
2020-03-07 22:00:00,5,5,0
2020-03-07 23:00:00,4,2,2
2020-03-08 00:00:00,7,4,3
2020-03-08 01:00:00,3,2,1
2020-03-08 02:00:00,0,0,0
2020-03-08 03:00:00,0,0,0
2020-03-08 04:00:00,0,0,0
2020-03-08 05:00:00,2,1,1
2020-03-08 06:00:00,2,1,1
2020-03-08 07:00:00,16,9,7
2020-03-08 08:00:00,51,30,21
2020-03-08 09:00:00,98,59,39
2020-03-08 10:00:00,121,54,67
2020-03-08 11:00:00,180,94,86
2020-03-08 12:00:00,227,113,114
2020-03-08 13:00:00,290,143,147
2020-03-08 14:00:00,325,159,166
2020-03-08 15:00:00,353,178,175
2020-03-08 16:00:00,343,156,187
2020-03-08 17:00:00,273,137,136
2020-03-08 18:00:00,206,82,124
2020-03-08 19:00:00,91,31,60
2020-03-08 20:00:00,12,3,9
2020-03-08 21:00:00,8,7,1
2020-03-08 22:00:00,5,2,3
2020-03-08 23:00:00,3,1,2
2020-03-09 00:00:00,0,0,0
2020-03-09 01:00:00,2,1,1
2020-03-09 02:00:00,0,0,0
2020-03-09 03:00:00,0,0,0
2020-03-09 04:00:00,3,2,1
2020-03-09 05:00:00,7,4,3
2020-03-09 06:00:00,30,17,13
2020-03-09 07:00:00,55,31,24
2020-03-09 08:00:00,69,33,36
2020-03-09 09:00:00,44,22,22
2020-03-09 10:00:00,35,19,16
2020-03-09 11:00:00,95,49,46
2020-03-09 12:00:00,217,112,105
2020-03-09 13:00:00,180,91,89
2020-03-09 14:00:00,184,98,86
2020-03-09 15:00:00,247,143,104
2020-03-09 16:00:00,339,196,143
2020-03-09 17:00:00,493,289,204
2020-03-09 18:00:00,548,272,276
2020-03-09 19:00:00,232,72,160
2020-03-09 20:00:00,30,10,20
2020-03-09 21:00:00,8,3,5
2020-03-09 22:00:00,4,3,1
2020-03-09 23:00:00,1,0,1
2020-03-10 00:00:00,1,1,0
2020-03-10 01:00:00,3,0,3
2020-03-10 02:00:00,0,0,0
2020-03-10 03:00:00,3,3,0
2020-03-10 04:00:00,4,1,3
2020-03-10 05:00:00,7,5,2
2020-03-10 06:00:00,39,17,22
2020-03-10 07:00:00,60,33,27
2020-03-10 08:00:00,72,34,38
2020-03-10 09:00:00,45,23,22
2020-03-10 10:00:00,56,27,29
2020-03-10 11:00:00,105,59,46
2020-03-10 12:00:00,168,78,90
2020-03-10 13:00:00,94,52,42
2020-03-10 14:00:00,84,35,49
2020-03-10 15:00:00,83,44,39
2020-03-10 16:00:00,98,50,48
2020-03-10 17:00:00,188,110,78
2020-03-10 18:00:00,222,108,114
2020-03-10 19:00:00,133,48,85
2020-03-10 20:00:00,13,5,8
2020-03-10 21:00:00,2,1,1
2020-03-10 22:00:00,2,1,1
2020-03-10 23:00:00,5,2,3
2020-03-11 00:00:00,2,1,1
2020-03-11 01:00:00,1,1,0
2020-03-11 02:00:00,0,0,0
2020-03-11 03:00:00,1,0,1
2020-03-11 04:00:00,1,0,1
2020-03-11 05:00:00,10,6,4
2020-03-11 06:00:00,30,22,8
2020-03-11 07:00:00,61,27,34
2020-03-11 08:00:00,71,36,35
2020-03-11 09:00:00,43,18,25
2020-03-11 10:00:00,65,38,27
2020-03-11 11:00:00,100,51,49
2020-03-11 12:00:00,133,58,75
2020-03-11 13:00:00,109,52,57
2020-03-11 14:00:00,89,46,43
2020-03-11 15:00:00,176,100,76
2020-03-11 16:00:00,207,114,93
2020-03-11 17:00:00,288,147,141
2020-03-11 18:00:00,293,149,144
2020-03-11 19:00:00,192,64,128
2020-03-11 20:00:00,24,14,10
2020-03-11 21:00:00,16,9,7
2020-03-11 22:00:00,5,2,3
2020-03-11 23:00:00,5,3,2
2020-03-12 00:00:00,0,0,0
2020-03-12 01:00:00,3,2,1
2020-03-12 02:00:00,3,1,2
2020-03-12 03:00:00,0,0,0
2020-03-12 04:00:00,2,2,0
2020-03-12 05:00:00,6,4,2
2020-03-12 06:00:00,27,16,11
2020-03-12 07:00:00,55,25,30
2020-03-12 08:00:00,76,36,40
2020-03-12 09:00:00,62,31,31
2020-03-12 10:00:00,52,28,24
2020-03-12 11:00:00,101,56,45
2020-03-12 12:00:00,140,71,69
2020-03-12 13:00:00,117,58,59
2020-03-12 14:00:00,138,65,73
2020-03-12 15:00:00,147,77,70
2020-03-12 16:00:00,205,105,100
2020-03-12 17:00:00,312,165,147
2020-03-12 18:00:00,406,206,200
2020-03-12 19:00:00,195,75,120
2020-03-12 20:00:00,36,14,22
2020-03-12 21:00:00,9,5,4
2020-03-12 22:00:00,3,0,3
2020-03-12 23:00:00,0,0,0
2020-03-13 00:00:00,2,1,1
2020-03-13 01:00:00,2,1,1
2020-03-13 02:00:00,0,0,0
2020-03-13 03:00:00,0,0,0
2020-03-13 04:00:00,4,1,3
2020-03-13 05:00:00,7,3,4
2020-03-13 06:00:00,21,9,12
2020-03-13 07:00:00,46,25,21
2020-03-13 08:00:00,32,10,22
2020-03-13 09:00:00,26,11,15
2020-03-13 10:00:00,31,15,16
2020-03-13 11:00:00,57,32,25
2020-03-13 12:00:00,60,28,32
2020-03-13 13:00:00,29,12,17
2020-03-13 14:00:00,28,12,16
2020-03-13 15:00:00,31,16,15
2020-03-13 16:00:00,28,14,14
2020-03-13 17:00:00,47,21,26
2020-03-13 18:00:00,38,22,16
2020-03-13 19:00:00,25,13,12
2020-03-13 20:00:00,10,4,6
2020-03-13 21:00:00,5,2,3
2020-03-13 22:00:00,2,1,1
2020-03-13 23:00:00,4,0,4
2020-03-14 00:00:00,0,0,0
2020-03-14 01:00:00,0,0,0
2020-03-14 02:00:00,0,0,0
2020-03-14 03:00:00,1,1,0
2020-03-14 04:00:00,2,0,2
2020-03-14 05:00:00,3,1,2
2020-03-14 06:00:00,3,1,2
2020-03-14 07:00:00,16,8,8
2020-03-14 08:00:00,60,31,29
2020-03-14 09:00:00,108,69,39
2020-03-14 10:00:00,175,79,96
2020-03-14 11:00:00,147,71,76
2020-03-14 12:00:00,158,75,83
2020-03-14 13:00:00,217,107,110
2020-03-14 14:00:00,242,119,123
2020-03-14 15:00:00,254,120,134
2020-03-14 16:00:00,192,90,102
2020-03-14 17:00:00,136,56,80
2020-03-14 18:00:00,106,51,55
2020-03-14 19:00:00,48,21,27
2020-03-14 20:00:00,8,3,5
2020-03-14 21:00:00,3,2,1
2020-03-14 22:00:00,5,1,4
2020-03-14 23:00:00,1,1,0
2020-03-15 00:00:00,2,0,2
2020-03-15 01:00:00,0,0,0
2020-03-15 02:00:00,0,0,0
2020-03-15 03:00:00,0,0,0
2020-03-15 04:00:00,2,1,1
2020-03-15 05:00:00,3,2,1
2020-03-15 06:00:00,4,2,2
2020-03-15 07:00:00,22,14,8
2020-03-15 08:00:00,60,33,27
2020-03-15 09:00:00,105,59,46
2020-03-15 10:00:00,197,113,84
2020-03-15 11:00:00,280,135,145
2020-03-15 12:00:00,338,173,165
2020-03-15 13:00:00,301,141,160
2020-03-15 14:00:00,325,172,153
2020-03-15 15:00:00,379,191,188
2020-03-15 16:00:00,435,235,200
2020-03-15 17:00:00,325,146,179
2020-03-15 18:00:00,212,106,106
2020-03-15 19:00:00,149,55,94
2020-03-15 20:00:00,22,3,19
2020-03-15 21:00:00,5,4,1
2020-03-15 22:00:00,0,0,0
2020-03-15 23:00:00,1,1,0
2020-03-16 00:00:00,0,0,0
2020-03-16 01:00:00,0,0,0
2020-03-16 02:00:00,2,1,1
2020-03-16 03:00:00,1,1,0
2020-03-16 04:00:00,3,1,2
2020-03-16 05:00:00,9,6,3
2020-03-16 06:00:00,25,11,14
2020-03-16 07:00:00,51,30,21
2020-03-16 08:00:00,90,39,51
2020-03-16 09:00:00,78,50,28
2020-03-16 10:00:00,80,40,40
2020-03-16 11:00:00,123,76,47
2020-03-16 12:00:00,220,133,87
2020-03-16 13:00:00,199,106,93
2020-03-16 14:00:00,221,122,99
2020-03-16 15:00:00,312,167,145
2020-03-16 16:00:00,411,247,164
2020-03-16 17:00:00,571,293,278
2020-03-16 18:00:00,577,305,272
2020-03-16 19:00:00,390,150,240
2020-03-16 20:00:00,42,14,28
2020-03-16 21:00:00,25,18,7
2020-03-16 22:00:00,85,82,3
2020-03-16 23:00:00,32,21,11
2020-03-17 00:00:00,3,3,0
2020-03-17 01:00:00,2,1,1
2020-03-17 02:00:00,0,0,0
2020-03-17 03:00:00,14,14,0
2020-03-17 04:00:00,9,8,1
2020-03-17 05:00:00,3,1,2
2020-03-17 06:00:00,24,15,9
2020-03-17 07:00:00,129,81,48
2020-03-17 08:00:00,113,51,62
2020-03-17 09:00:00,101,63,38
2020-03-17 10:00:00,123,71,52
2020-03-17 11:00:00,145,86,59
2020-03-17 12:00:00,191,96,95
2020-03-17 13:00:00,212,102,110
2020-03-17 14:00:00,231,113,118
2020-03-17 15:00:00,247,128,119
2020-03-17 16:00:00,289,160,129
2020-03-17 17:00:00,524,288,236
2020-03-17 18:00:00,646,347,299
2020-03-17 19:00:00,405,143,262
2020-03-17 20:00:00,66,28,38
2020-03-17 21:00:00,9,1,8
2020-03-17 22:00:00,10,6,4
2020-03-17 23:00:00,3,2,1
2020-03-18 00:00:00,3,1,2
2020-03-18 01:00:00,4,1,3
2020-03-18 02:00:00,0,0,0
2020-03-18 03:00:00,2,2,0
2020-03-18 04:00:00,2,1,1
2020-03-18 05:00:00,3,1,2
2020-03-18 06:00:00,21,14,7
2020-03-18 07:00:00,89,50,39
2020-03-18 08:00:00,100,46,54
2020-03-18 09:00:00,112,55,57
2020-03-18 10:00:00,150,95,55
2020-03-18 11:00:00,216,134,82
2020-03-18 12:00:00,240,126,114
2020-03-18 13:00:00,275,152,123
2020-03-18 14:00:00,320,182,138
2020-03-18 15:00:00,369,212,157
2020-03-18 16:00:00,584,357,227
2020-03-18 17:00:00,717,419,298
2020-03-18 18:00:00,805,428,377
2020-03-18 19:00:00,454,158,296
2020-03-18 20:00:00,70,24,46
2020-03-18 21:00:00,20,11,9
2020-03-18 22:00:00,11,4,7
2020-03-18 23:00:00,5,4,1
2020-03-19 00:00:00,2,1,1
2020-03-19 01:00:00,3,2,1
2020-03-19 02:00:00,0,0,0
2020-03-19 03:00:00,2,2,0
2020-03-19 04:00:00,3,1,2
2020-03-19 05:00:00,4,3,1
2020-03-19 06:00:00,105,90,15
2020-03-19 07:00:00,111,57,54
2020-03-19 08:00:00,124,70,54
2020-03-19 09:00:00,142,95,47
2020-03-19 10:00:00,173,102,71
2020-03-19 11:00:00,210,127,83
2020-03-19 12:00:00,285,143,142
2020-03-19 13:00:00,282,148,134
2020-03-19 14:00:00,292,165,127
2020-03-19 15:00:00,405,225,180
2020-03-19 16:00:00,504,314,190
2020-03-19 17:00:00,720,408,312
2020-03-19 18:00:00,725,395,330
2020-03-19 19:00:00,522,190,332
2020-03-19 20:00:00,79,19,60
2020-03-19 21:00:00,16,5,11
2020-03-19 22:00:00,38,35,3
2020-03-19 23:00:00,35,32,3
2020-03-20 00:00:00,8,7,1
2020-03-20 01:00:00,7,7,0
2020-03-20 02:00:00,2,2,0
2020-03-20 03:00:00,2,1,1
2020-03-20 04:00:00,5,5,0
2020-03-20 05:00:00,7,3,4
2020-03-20 06:00:00,56,42,14
2020-03-20 07:00:00,101,60,41
2020-03-20 08:00:00,114,52,62
2020-03-20 09:00:00,141,71,70
2020-03-20 10:00:00,154,92,62
2020-03-20 11:00:00,214,134,80
2020-03-20 12:00:00,303,170,133
2020-03-20 13:00:00,386,218,168
2020-03-20 14:00:00,368,221,147
2020-03-20 15:00:00,397,217,180
2020-03-20 16:00:00,505,282,223
2020-03-20 17:00:00,647,384,263
2020-03-20 18:00:00,650,334,316
2020-03-20 19:00:00,388,144,244
2020-03-20 20:00:00,77,39,38
2020-03-20 21:00:00,10,5,5
2020-03-20 22:00:00,25,14,11
2020-03-20 23:00:00,7,3,4
2020-03-21 00:00:00,2,1,1
2020-03-21 01:00:00,3,1,2
2020-03-21 02:00:00,0,0,0
2020-03-21 03:00:00,0,0,0
2020-03-21 04:00:00,4,1,3
2020-03-21 05:00:00,3,2,1
2020-03-21 06:00:00,14,12,2
2020-03-21 07:00:00,89,58,31
2020-03-21 08:00:00,129,74,55
2020-03-21 09:00:00,264,186,78
2020-03-21 10:00:00,295,186,109
2020-03-21 11:00:00,366,252,114
2020-03-21 12:00:00,298,174,124
2020-03-21 13:00:00,352,202,150
2020-03-21 14:00:00,561,335,226
2020-03-21 15:00:00,553,318,235
2020-03-21 16:00:00,677,404,273
2020-03-21 17:00:00,619,355,264
2020-03-21 18:00:00,498,234,264
2020-03-21 19:00:00,344,145,199
2020-03-21 20:00:00,65,30,35
2020-03-21 21:00:00,45,37,8
2020-03-21 22:00:00,101,94,7
2020-03-21 23:00:00,34,30,4
2020-03-22 00:00:00,17,13,4
2020-03-22 01:00:00,6,5,1
2020-03-22 02:00:00,4,4,0
2020-03-22 03:00:00,26,25,1
2020-03-22 04:00:00,4,4,0
2020-03-22 05:00:00,13,12,1
2020-03-22 06:00:00,24,17,7
2020-03-22 07:00:00,67,41,26
2020-03-22 08:00:00,154,97,57
2020-03-22 09:00:00,278,194,84
2020-03-22 10:00:00,350,221,129
2020-03-22 11:00:00,404,254,150
2020-03-22 12:00:00,409,219,190
2020-03-22 13:00:00,468,251,217
2020-03-22 14:00:00,348,170,178
2020-03-22 15:00:00,322,179,143
2020-03-22 16:00:00,328,180,148
2020-03-22 17:00:00,230,107,123
2020-03-22 18:00:00,232,104,128
2020-03-22 19:00:00,143,56,87
2020-03-22 20:00:00,34,18,16
2020-03-22 21:00:00,19,14,5
2020-03-22 22:00:00,34,33,1
2020-03-22 23:00:00,0,0,0
2020-03-23 00:00:00,2,1,1
2020-03-23 01:00:00,0,0,0
2020-03-23 02:00:00,0,0,0
2020-03-23 03:00:00,4,2,2
2020-03-23 04:00:00,1,0,1
2020-03-23 05:00:00,10,8,2
2020-03-23 06:00:00,52,41,11
2020-03-23 07:00:00,144,92,52
2020-03-23 08:00:00,120,55,65
2020-03-23 09:00:00,170,122,48
2020-03-23 10:00:00,124,72,52
2020-03-23 11:00:00,159,89,70
2020-03-23 12:00:00,287,165,122
2020-03-23 13:00:00,131,57,74
2020-03-23 14:00:00,206,147,59
2020-03-23 15:00:00,200,119,81
2020-03-23 16:00:00,401,292,109
2020-03-23 17:00:00,429,251,178
2020-03-23 18:00:00,436,231,205
2020-03-23 19:00:00,285,142,143
2020-03-23 20:00:00,118,87,31
2020-03-23 21:00:00,49,44,5
2020-03-23 22:00:00,54,48,6
2020-03-23 23:00:00,8,6,2
2020-03-24 00:00:00,3,1,2
2020-03-24 01:00:00,1,0,1
2020-03-24 02:00:00,0,0,0
2020-03-24 03:00:00,2,2,0
2020-03-24 04:00:00,1,0,1
2020-03-24 05:00:00,3,2,1
2020-03-24 06:00:00,44,36,8
2020-03-24 07:00:00,113,60,53
2020-03-24 08:00:00,113,59,54
2020-03-24 09:00:00,126,87,39
2020-03-24 10:00:00,108,84,24
2020-03-24 11:00:00,110,78,32
2020-03-24 12:00:00,197,109,88
2020-03-24 13:00:00,175,97,78
2020-03-24 14:00:00,210,102,108
2020-03-24 15:00:00,229,117,112
2020-03-24 16:00:00,291,152,139
2020-03-24 17:00:00,395,213,182
2020-03-24 18:00:00,386,183,203
2020-03-24 19:00:00,372,239,133
2020-03-24 20:00:00,34,11,23
2020-03-24 21:00:00,16,4,12
2020-03-24 22:00:00,5,1,4
2020-03-24 23:00:00,0,0,0
2020-03-25 00:00:00,1,1,0
2020-03-25 01:00:00,0,0,0
2020-03-25 02:00:00,1,0,1
2020-03-25 03:00:00,2,2,0
2020-03-25 04:00:00,1,0,1
2020-03-25 05:00:00,3,1,2
2020-03-25 06:00:00,32,20,12
2020-03-25 07:00:00,91,48,43
2020-03-25 08:00:00,93,53,40
2020-03-25 09:00:00,68,27,41
2020-03-25 10:00:00,90,52,38
2020-03-25 11:00:00,88,47,41
2020-03-25 12:00:00,161,80,81
2020-03-25 13:00:00,99,58,41
2020-03-25 14:00:00,207,108,99
2020-03-25 15:00:00,305,168,137
2020-03-25 16:00:00,423,237,186
2020-03-25 17:00:00,511,286,225
2020-03-25 18:00:00,510,267,243
2020-03-25 19:00:00,327,112,215
2020-03-25 20:00:00,68,22,46
2020-03-25 21:00:00,15,8,7
2020-03-25 22:00:00,9,4,5
2020-03-25 23:00:00,4,2,2
2020-03-26 00:00:00,1,1,0
2020-03-26 01:00:00,0,0,0
2020-03-26 02:00:00,1,1,0
2020-03-26 03:00:00,2,1,1
2020-03-26 04:00:00,1,0,1
2020-03-26 05:00:00,4,1,3
2020-03-26 06:00:00,32,24,8
2020-03-26 07:00:00,133,68,65
2020-03-26 08:00:00,124,62,62
2020-03-26 09:00:00,93,47,46
2020-03-26 10:00:00,108,61,47
2020-03-26 11:00:00,138,69,69
2020-03-26 12:00:00,172,96,76
2020-03-26 13:00:00,142,66,76
2020-03-26 14:00:00,70,30,40
2020-03-26 15:00:00,120,68,52
2020-03-26 16:00:00,177,84,93
2020-03-26 17:00:00,299,166,133
2020-03-26 18:00:00,291,140,151
2020-03-26 19:00:00,153,62,91
2020-03-26 20:00:00,21,5,16
2020-03-26 21:00:00,9,4,5
2020-03-26 22:00:00,6,5,1
2020-03-26 23:00:00,7,1,6
2020-03-27 00:00:00,0,0,0
2020-03-27 01:00:00,2,1,1
2020-03-27 02:00:00,1,1,0
2020-03-27 03:00:00,1,0,1
2020-03-27 04:00:00,3,2,1
2020-03-27 05:00:00,4,0,4
2020-03-27 06:00:00,26,18,8
2020-03-27 07:00:00,83,49,34
2020-03-27 08:00:00,99,45,54
2020-03-27 09:00:00,64,35,29
2020-03-27 10:00:00,98,51,47
2020-03-27 11:00:00,100,50,50
2020-03-27 12:00:00,158,82,76
2020-03-27 13:00:00,137,76,61
2020-03-27 14:00:00,168,80,88
2020-03-27 15:00:00,189,97,92
2020-03-27 16:00:00,247,127,120
2020-03-27 17:00:00,327,184,143
2020-03-27 18:00:00,324,167,157
2020-03-27 19:00:00,165,62,103
2020-03-27 20:00:00,53,17,36
2020-03-27 21:00:00,19,16,3
2020-03-27 22:00:00,7,4,3
2020-03-27 23:00:00,5,1,4
2020-03-28 00:00:00,3,0,3
2020-03-28 01:00:00,2,1,1
2020-03-28 02:00:00,3,2,1
2020-03-28 03:00:00,1,1,0
2020-03-28 04:00:00,5,3,2
2020-03-28 05:00:00,4,1,3
2020-03-28 06:00:00,17,12,5
2020-03-28 07:00:00,58,32,26
2020-03-28 08:00:00,111,62,49
2020-03-28 09:00:00,244,145,99
2020-03-28 10:00:00,270,144,126
2020-03-28 11:00:00,320,162,158
2020-03-28 12:00:00,297,161,136
2020-03-28 13:00:00,296,151,145
2020-03-28 14:00:00,292,134,158
2020-03-28 15:00:00,280,141,139
2020-03-28 16:00:00,251,114,137
2020-03-28 17:00:00,152,66,86
2020-03-28 18:00:00,66,27,39
2020-03-28 19:00:00,66,30,36
2020-03-28 20:00:00,42,19,23
2020-03-28 21:00:00,8,4,4
2020-03-28 22:00:00,4,2,2
2020-03-28 23:00:00,1,0,1
2020-03-29 00:00:00,0,0,0
2020-03-29 01:00:00,1,1,0
2020-03-29 02:00:00,1,1,0
2020-03-29 03:00:00,0,0,0
2020-03-29 04:00:00,0,0,0
2020-03-29 05:00:00,1,0,1
2020-03-29 06:00:00,4,3,1
2020-03-29 07:00:00,34,19,15
2020-03-29 08:00:00,121,71,50
2020-03-29 09:00:00,198,113,85
2020-03-29 10:00:00,334,193,141
2020-03-29 11:00:00,383,193,190
2020-03-29 12:00:00,497,264,233
2020-03-29 13:00:00,518,275,243
2020-03-29 14:00:00,485,290,195
2020-03-29 15:00:00,519,259,260
2020-03-29 16:00:00,441,225,216
2020-03-29 17:00:00,324,154,170
2020-03-29 18:00:00,260,120,140
2020-03-29 19:00:00,131,46,85
2020-03-29 20:00:00,33,11,22
2020-03-29 21:00:00,4,2,2
2020-03-29 22:00:00,6,4,2
2020-03-29 23:00:00,6,3,3
2020-03-30 00:00:00,5,1,4
2020-03-30 01:00:00,0,0,0
2020-03-30 02:00:00,0,0,0
2020-03-30 03:00:00,1,1,0
2020-03-30 04:00:00,1,0,1
2020-03-30 05:00:00,1,1,0
2020-03-30 06:00:00,17,9,8
2020-03-30 07:00:00,77,44,33
2020-03-30 08:00:00,96,51,45
2020-03-30 09:00:00,121,65,56
2020-03-30 10:00:00,101,54,47
2020-03-30 11:00:00,93,40,53
2020-03-30 12:00:00,92,44,48
2020-03-30 13:00:00,21,11,10
2020-03-30 14:00:00,41,25,16
2020-03-30 15:00:00,85,45,40
2020-03-30 16:00:00,89,51,38
2020-03-30 17:00:00,146,76,70
2020-03-30 18:00:00,219,129,90
2020-03-30 19:00:00,212,89,123
2020-03-30 20:00:00,32,6,26
2020-03-30 21:00:00,5,3,2
2020-03-30 22:00:00,4,2,2
2020-03-30 23:00:00,2,2,0
2020-03-31 00:00:00,1,1,0
2020-03-31 01:00:00,0,0,0
2020-03-31 02:00:00,0,0,0
2020-03-31 03:00:00,1,1,0
2020-03-31 04:00:00,0,0,0
2020-03-31 05:00:00,4,1,3
2020-03-31 06:00:00,42,30,12
2020-03-31 07:00:00,135,68,67
2020-03-31 08:00:00,123,66,57
2020-03-31 09:00:00,127,67,60
2020-03-31 10:00:00,133,78,55
2020-03-31 11:00:00,185,101,84
2020-03-31 12:00:00,277,149,128
2020-03-31 13:00:00,298,138,160
2020-03-31 14:00:00,306,147,159
2020-03-31 15:00:00,140,65,75
2020-03-31 16:00:00,194,106,88
2020-03-31 17:00:00,335,174,161
2020-03-31 18:00:00,214,103,111
2020-03-31 19:00:00,168,83,85
2020-03-31 20:00:00,47,16,31
2020-03-31 21:00:00,22,10,12
2020-03-31 22:00:00,6,2,4
2020-03-31 23:00:00,3,1,2
2020-04-01 00:00:00,2,1,1
2020-04-01 01:00:00,0,0,0
2020-04-01 02:00:00,0,0,0
2020-04-01 03:00:00,2,2,0
2020-04-01 04:00:00,0,0,0
2020-04-01 05:00:00,1,0,1
2020-04-01 06:00:00,38,27,11
2020-04-01 07:00:00,112,54,58
2020-04-01 08:00:00,113,60,53
2020-04-01 09:00:00,89,44,45
2020-04-01 10:00:00,117,59,58
2020-04-01 11:00:00,155,92,63
2020-04-01 12:00:00,199,97,102
2020-04-01 13:00:00,222,119,103
2020-04-01 14:00:00,275,155,120
2020-04-01 15:00:00,377,194,183
2020-04-01 16:00:00,442,230,212
2020-04-01 17:00:00,559,295,264
2020-04-01 18:00:00,631,333,298
2020-04-01 19:00:00,376,158,218
2020-04-01 20:00:00,85,27,58
2020-04-01 21:00:00,14,5,9
2020-04-01 22:00:00,5,3,2
2020-04-01 23:00:00,4,1,3
2020-04-02 00:00:00,2,2,0
2020-04-02 01:00:00,1,1,0
2020-04-02 02:00:00,1,0,1
2020-04-02 03:00:00,3,2,1
2020-04-02 04:00:00,2,1,1
2020-04-02 05:00:00,10,6,4
2020-04-02 06:00:00,48,33,15
2020-04-02 07:00:00,100,48,52
2020-04-02 08:00:00,156,90,66
2020-04-02 09:00:00,91,43,48
2020-04-02 10:00:00,90,47,43
2020-04-02 11:00:00,130,69,61
2020-04-02 12:00:00,200,113,87
2020-04-02 13:00:00,179,86,93
2020-04-02 14:00:00,162,83,79
2020-04-02 15:00:00,240,113,127
2020-04-02 16:00:00,297,151,146
2020-04-02 17:00:00,415,222,193
2020-04-02 18:00:00,461,246,215
2020-04-02 19:00:00,270,123,147
2020-04-02 20:00:00,62,16,46
2020-04-02 21:00:00,11,4,7
2020-04-02 22:00:00,6,2,4
2020-04-02 23:00:00,0,0,0
2020-04-03 00:00:00,2,2,0
2020-04-03 01:00:00,2,2,0
2020-04-03 02:00:00,0,0,0
2020-04-03 03:00:00,7,5,2
2020-04-03 04:00:00,4,3,1
2020-04-03 05:00:00,4,3,1
2020-04-03 06:00:00,46,29,17
2020-04-03 07:00:00,170,122,48
2020-04-03 08:00:00,137,68,69
2020-04-03 09:00:00,131,61,70
2020-04-03 10:00:00,143,78,65
2020-04-03 11:00:00,153,82,71
2020-04-03 12:00:00,172,85,87
2020-04-03 13:00:00,144,71,73
2020-04-03 14:00:00,161,92,69
2020-04-03 15:00:00,159,90,69
2020-04-03 16:00:00,80,55,25
2020-04-03 17:00:00,200,110,90
2020-04-03 18:00:00,255,127,128
2020-04-03 19:00:00,179,77,102
2020-04-03 20:00:00,39,12,27
2020-04-03 21:00:00,4,1,3
2020-04-03 22:00:00,6,2,4
2020-04-03 23:00:00,6,3,3
2020-04-04 00:00:00,1,1,0
2020-04-04 01:00:00,0,0,0
2020-04-04 02:00:00,0,0,0
2020-04-04 03:00:00,0,0,0
2020-04-04 04:00:00,2,2,0
2020-04-04 05:00:00,7,4,3
2020-04-04 06:00:00,28,21,7
2020-04-04 07:00:00,51,32,19
2020-04-04 08:00:00,116,65,51
2020-04-04 09:00:00,181,95,86
2020-04-04 10:00:00,288,161,127
2020-04-04 11:00:00,374,205,169
2020-04-04 12:00:00,437,232,205
2020-04-04 13:00:00,376,185,191
2020-04-04 14:00:00,431,226,205
2020-04-04 15:00:00,361,179,182
2020-04-04 16:00:00,324,168,156
2020-04-04 17:00:00,323,148,175
2020-04-04 18:00:00,311,157,154
2020-04-04 19:00:00,202,75,127
2020-04-04 20:00:00,72,28,44
2020-04-04 21:00:00,10,4,6
2020-04-04 22:00:00,3,1,2
2020-04-04 23:00:00,9,6,3
2020-04-05 00:00:00,0,0,0
2020-04-05 01:00:00,3,1,2
2020-04-05 02:00:00,1,1,0
2020-04-05 03:00:00,2,0,2
2020-04-05 04:00:00,2,1,1
2020-04-05 05:00:00,4,2,2
2020-04-05 06:00:00,9,7,2
2020-04-05 07:00:00,53,30,23
2020-04-05 08:00:00,101,66,35
2020-04-05 09:00:00,208,115,93
2020-04-05 10:00:00,268,139,129
2020-04-05 11:00:00,285,154,131
2020-04-05 12:00:00,324,169,155
2020-04-05 13:00:00,348,185,163
2020-04-05 14:00:00,376,207,169
2020-04-05 15:00:00,423,215,208
2020-04-05 16:00:00,317,156,161
2020-04-05 17:00:00,251,126,125
2020-04-05 18:00:00,205,106,99
2020-04-05 19:00:00,146,65,81
2020-04-05 20:00:00,53,13,40
2020-04-05 21:00:00,12,9,3
2020-04-05 22:00:00,5,3,2
2020-04-05 23:00:00,136,132,4
2020-04-06 00:00:00,3,2,1
2020-04-06 01:00:00,0,0,0
2020-04-06 02:00:00,0,0,0
2020-04-06 03:00:00,2,2,0
2020-04-06 04:00:00,29,29,0
2020-04-06 05:00:00,6,3,3
2020-04-06 06:00:00,43,29,14
2020-04-06 07:00:00,163,89,74
2020-04-06 08:00:00,118,57,61
2020-04-06 09:00:00,123,66,57
2020-04-06 10:00:00,148,82,66
2020-04-06 11:00:00,237,136,101
2020-04-06 12:00:00,304,152,152
2020-04-06 13:00:00,256,140,116
2020-04-06 14:00:00,294,153,141
2020-04-06 15:00:00,343,191,152
2020-04-06 16:00:00,478,284,194
2020-04-06 17:00:00,668,356,312
2020-04-06 18:00:00,702,383,319
2020-04-06 19:00:00,454,191,263
2020-04-06 20:00:00,116,38,78
2020-04-06 21:00:00,31,21,10
2020-04-06 22:00:00,9,6,3
2020-04-06 23:00:00,34,34,0
2020-04-07 00:00:00,28,27,1
2020-04-07 01:00:00,4,4,0
2020-04-07 02:00:00,1,1,0
2020-04-07 03:00:00,382,382,0
2020-04-07 04:00:00,104,104,0
2020-04-07 05:00:00,191,189,2
2020-04-07 06:00:00,95,69,26
2020-04-07 07:00:00,176,113,63
2020-04-07 08:00:00,136,72,64
2020-04-07 09:00:00,95,51,44
2020-04-07 10:00:00,112,57,55
2020-04-07 11:00:00,119,60,59
2020-04-07 12:00:00,172,96,76
2020-04-07 13:00:00,216,115,101
2020-04-07 14:00:00,251,127,124
2020-04-07 15:00:00,291,171,120
2020-04-07 16:00:00,465,267,198
2020-04-07 17:00:00,543,307,236
2020-04-07 18:00:00,596,308,288
2020-04-07 19:00:00,421,170,251
2020-04-07 20:00:00,111,37,74
2020-04-07 21:00:00,39,24,15
2020-04-07 22:00:00,11,8,3
2020-04-07 23:00:00,8,3,5
2020-04-08 00:00:00,3,2,1
2020-04-08 01:00:00,2,1,1
2020-04-08 02:00:00,3,2,1
2020-04-08 03:00:00,18,17,1
2020-04-08 04:00:00,7,7,0
2020-04-08 05:00:00,27,23,4
2020-04-08 06:00:00,76,51,25
2020-04-08 07:00:00,169,97,72
2020-04-08 08:00:00,141,68,73
2020-04-08 09:00:00,134,77,57
2020-04-08 10:00:00,160,92,68
2020-04-08 11:00:00,270,149,121
2020-04-08 12:00:00,319,175,144
2020-04-08 13:00:00,293,146,147
2020-04-08 14:00:00,347,216,131
2020-04-08 15:00:00,330,188,142
2020-04-08 16:00:00,488,302,186
2020-04-08 17:00:00,579,333,246
2020-04-08 18:00:00,612,319,293
2020-04-08 19:00:00,450,177,273
2020-04-08 20:00:00,153,49,104
2020-04-08 21:00:00,34,16,18
2020-04-08 22:00:00,9,5,4
2020-04-08 23:00:00,1,1,0
2020-04-09 00:00:00,4,3,1
2020-04-09 01:00:00,0,0,0
2020-04-09 02:00:00,0,0,0
2020-04-09 03:00:00,0,0,0
2020-04-09 04:00:00,5,5,0
2020-04-09 05:00:00,119,117,2
2020-04-09 06:00:00,101,64,37
2020-04-09 07:00:00,177,111,66
2020-04-09 08:00:00,164,85,79
2020-04-09 09:00:00,283,203,80
2020-04-09 10:00:00,201,115,86
2020-04-09 11:00:00,305,197,108
2020-04-09 12:00:00,309,163,146
2020-04-09 13:00:00,319,181,138
2020-04-09 14:00:00,336,187,149
2020-04-09 15:00:00,367,207,160
2020-04-09 16:00:00,531,296,235
2020-04-09 17:00:00,614,365,249
2020-04-09 18:00:00,606,310,296
2020-04-09 19:00:00,496,239,257
2020-04-09 20:00:00,225,120,105
2020-04-09 21:00:00,54,33,21
2020-04-09 22:00:00,86,80,6
2020-04-09 23:00:00,7,7,0
2020-04-10 00:00:00,4,3,1
2020-04-10 01:00:00,3,1,2
2020-04-10 02:00:00,2,2,0
2020-04-10 03:00:00,1,0,1
2020-04-10 04:00:00,0,0,0
2020-04-10 05:00:00,29,23,6
2020-04-10 06:00:00,122,79,43
2020-04-10 07:00:00,183,111,72
2020-04-10 08:00:00,173,99,74
2020-04-10 09:00:00,164,91,73
2020-04-10 10:00:00,199,109,90
2020-04-10 11:00:00,281,166,115
2020-04-10 12:00:00,308,164,144
2020-04-10 13:00:00,310,171,139
2020-04-10 14:00:00,308,173,135
2020-04-10 15:00:00,340,200,140
2020-04-10 16:00:00,440,243,197
2020-04-10 17:00:00,491,265,226
2020-04-10 18:00:00,486,239,247
2020-04-10 19:00:00,330,166,164
2020-04-10 20:00:00,153,50,103
2020-04-10 21:00:00,82,70,12
2020-04-10 22:00:00,66,62,4
2020-04-10 23:00:00,18,15,3
2020-04-11 00:00:00,2,0,2
2020-04-11 01:00:00,1,1,0
2020-04-11 02:00:00,1,1,0
2020-04-11 03:00:00,0,0,0
2020-04-11 04:00:00,0,0,0
2020-04-11 05:00:00,2,1,1
2020-04-11 06:00:00,81,72,9
2020-04-11 07:00:00,108,80,28
2020-04-11 08:00:00,152,88,64
2020-04-11 09:00:00,223,135,88
2020-04-11 10:00:00,248,141,107
2020-04-11 11:00:00,224,109,115
2020-04-11 12:00:00,247,113,134
2020-04-11 13:00:00,277,155,122
2020-04-11 14:00:00,364,213,151
2020-04-11 15:00:00,382,212,170
2020-04-11 16:00:00,521,301,220
2020-04-11 17:00:00,503,285,218
2020-04-11 18:00:00,440,236,204
2020-04-11 19:00:00,365,182,183
2020-04-11 20:00:00,257,163,94
2020-04-11 21:00:00,30,20,10
2020-04-11 22:00:00,11,9,2
2020-04-11 23:00:00,3,2,1
2020-04-12 00:00:00,0,0,0
2020-04-12 01:00:00,1,1,0
2020-04-12 02:00:00,0,0,0
2020-04-12 03:00:00,1,0,1
2020-04-12 04:00:00,0,0,0
2020-04-12 05:00:00,14,11,3
2020-04-12 06:00:00,25,18,7
2020-04-12 07:00:00,87,49,38
2020-04-12 08:00:00,163,98,65
2020-04-12 09:00:00,231,132,99
2020-04-12 10:00:00,284,160,124
2020-04-12 11:00:00,424,221,203
2020-04-12 12:00:00,402,216,186
2020-04-12 13:00:00,403,228,175
2020-04-12 14:00:00,519,281,238
2020-04-12 15:00:00,467,262,205
2020-04-12 16:00:00,482,245,237
2020-04-12 17:00:00,437,236,201
2020-04-12 18:00:00,367,222,145
2020-04-12 19:00:00,335,159,176
2020-04-12 20:00:00,90,40,50
2020-04-12 21:00:00,42,30,12
2020-04-12 22:00:00,15,11,4
2020-04-12 23:00:00,4,2,2
2020-04-13 00:00:00,0,0,0
2020-04-13 01:00:00,0,0,0
2020-04-13 02:00:00,0,0,0
2020-04-13 03:00:00,2,1,1
2020-04-13 04:00:00,2,2,0
2020-04-13 05:00:00,7,5,2
2020-04-13 06:00:00,63,42,21
2020-04-13 07:00:00,159,89,70
2020-04-13 08:00:00,130,59,71
2020-04-13 09:00:00,127,69,58
2020-04-13 10:00:00,167,99,68
2020-04-13 11:00:00,213,135,78
2020-04-13 12:00:00,312,182,130
2020-04-13 13:00:00,289,170,119
2020-04-13 14:00:00,293,171,122
2020-04-13 15:00:00,424,271,153
2020-04-13 16:00:00,479,306,173
2020-04-13 17:00:00,625,390,235
2020-04-13 18:00:00,598,267,331
2020-04-13 19:00:00,441,218,223
2020-04-13 20:00:00,191,70,121
2020-04-13 21:00:00,23,5,18
2020-04-13 22:00:00,7,4,3
2020-04-13 23:00:00,1,0,1
2020-04-14 00:00:00,4,3,1
2020-04-14 01:00:00,15,14,1
2020-04-14 02:00:00,1,0,1
2020-04-14 03:00:00,15,14,1
2020-04-14 04:00:00,14,14,0
2020-04-14 05:00:00,13,10,3
2020-04-14 06:00:00,102,61,41
2020-04-14 07:00:00,195,117,78
2020-04-14 08:00:00,161,80,81
2020-04-14 09:00:00,182,104,78
2020-04-14 10:00:00,158,92,66
2020-04-14 11:00:00,258,155,103
2020-04-14 12:00:00,292,150,142
2020-04-14 13:00:00,280,147,133
2020-04-14 14:00:00,267,128,139
2020-04-14 15:00:00,307,170,137
2020-04-14 16:00:00,441,257,184
2020-04-14 17:00:00,568,326,242
2020-04-14 18:00:00,579,311,268
2020-04-14 19:00:00,472,230,242
2020-04-14 20:00:00,169,53,116
2020-04-14 21:00:00,39,26,13
2020-04-14 22:00:00,23,21,2
2020-04-14 23:00:00,28,26,2
2020-04-15 00:00:00,2,2,0
2020-04-15 01:00:00,0,0,0
2020-04-15 02:00:00,0,0,0
2020-04-15 03:00:00,1,1,0
2020-04-15 04:00:00,0,0,0
2020-04-15 05:00:00,17,9,8
2020-04-15 06:00:00,88,53,35
2020-04-15 07:00:00,133,69,64
2020-04-15 08:00:00,125,63,62
2020-04-15 09:00:00,115,67,48
2020-04-15 10:00:00,124,71,53
2020-04-15 11:00:00,157,85,72
2020-04-15 12:00:00,262,148,114
2020-04-15 13:00:00,274,150,124
2020-04-15 14:00:00,283,167,116
2020-04-15 15:00:00,349,225,124
2020-04-15 16:00:00,445,277,168
2020-04-15 17:00:00,532,292,240
2020-04-15 18:00:00,563,294,269
2020-04-15 19:00:00,411,190,221
2020-04-15 20:00:00,174,69,105
2020-04-15 21:00:00,27,15,12
2020-04-15 22:00:00,65,61,4
2020-04-15 23:00:00,17,14,3
2020-04-16 00:00:00,9,8,1
2020-04-16 01:00:00,5,5,0
2020-04-16 02:00:00,0,0,0
2020-04-16 03:00:00,3,2,1
2020-04-16 04:00:00,0,0,0
2020-04-16 05:00:00,9,6,3
2020-04-16 06:00:00,104,82,22
2020-04-16 07:00:00,194,99,95
2020-04-16 08:00:00,178,99,79
2020-04-16 09:00:00,229,145,84
2020-04-16 10:00:00,205,112,93
2020-04-16 11:00:00,212,119,93
2020-04-16 12:00:00,299,155,144
2020-04-16 13:00:00,321,172,149
2020-04-16 14:00:00,344,215,129
2020-04-16 15:00:00,426,247,179
2020-04-16 16:00:00,498,309,189
2020-04-16 17:00:00,627,334,293
2020-04-16 18:00:00,712,403,309
2020-04-16 19:00:00,497,263,234
2020-04-16 20:00:00,292,128,164
2020-04-16 21:00:00,50,39,11
2020-04-16 22:00:00,23,15,8
2020-04-16 23:00:00,43,42,1
2020-04-17 00:00:00,38,38,0
2020-04-17 01:00:00,6,3,3
2020-04-17 02:00:00,14,9,5
2020-04-17 03:00:00,1,0,1
2020-04-17 04:00:00,14,12,2
2020-04-17 05:00:00,20,17,3
2020-04-17 06:00:00,133,99,34
2020-04-17 07:00:00,175,108,67
2020-04-17 08:00:00,195,111,84
2020-04-17 09:00:00,224,154,70
2020-04-17 10:00:00,237,157,80
2020-04-17 11:00:00,266,159,107
2020-04-17 12:00:00,343,201,142
2020-04-17 13:00:00,436,316,120
2020-04-17 14:00:00,274,155,119
2020-04-17 15:00:00,279,172,107
2020-04-17 16:00:00,332,162,170
2020-04-17 17:00:00,337,195,142
2020-04-17 18:00:00,459,243,216
2020-04-17 19:00:00,308,157,151
2020-04-17 20:00:00,105,41,64
2020-04-17 21:00:00,23,10,13
2020-04-17 22:00:00,17,11,6
2020-04-17 23:00:00,3,1,2
2020-04-18 00:00:00,6,5,1
2020-04-18 01:00:00,18,17,1
2020-04-18 02:00:00,9,7,2
2020-04-18 03:00:00,3,2,1
2020-04-18 04:00:00,4,3,1
2020-04-18 05:00:00,16,13,3
2020-04-18 06:00:00,40,31,9
2020-04-18 07:00:00,90,57,33
2020-04-18 08:00:00,62,37,25
2020-04-18 09:00:00,106,67,39
2020-04-18 10:00:00,130,84,46
2020-04-18 11:00:00,202,109,93
2020-04-18 12:00:00,248,132,116
2020-04-18 13:00:00,251,115,136
2020-04-18 14:00:00,260,133,127
2020-04-18 15:00:00,294,153,141
2020-04-18 16:00:00,355,172,183
2020-04-18 17:00:00,308,152,156
2020-04-18 18:00:00,315,163,152
2020-04-18 19:00:00,310,166,144
2020-04-18 20:00:00,176,79,97
2020-04-18 21:00:00,37,18,19
2020-04-18 22:00:00,33,28,5
2020-04-18 23:00:00,12,8,4
2020-04-19 00:00:00,41,39,2
2020-04-19 01:00:00,12,11,1
2020-04-19 02:00:00,19,19,0
2020-04-19 03:00:00,7,4,3
2020-04-19 04:00:00,19,19,0
2020-04-19 05:00:00,183,182,1
2020-04-19 06:00:00,82,71,11
2020-04-19 07:00:00,115,91,24
2020-04-19 08:00:00,163,101,62
2020-04-19 09:00:00,306,182,124
2020-04-19 10:00:00,343,200,143
2020-04-19 11:00:00,373,189,184
2020-04-19 12:00:00,434,222,212
2020-04-19 13:00:00,393,203,190
2020-04-19 14:00:00,482,249,233
2020-04-19 15:00:00,519,299,220
2020-04-19 16:00:00,495,268,227
2020-04-19 17:00:00,446,231,215
2020-04-19 18:00:00,485,236,249
2020-04-19 19:00:00,371,173,198
2020-04-19 20:00:00,388,287,101
2020-04-19 21:00:00,47,25,22
2020-04-19 22:00:00,32,32,0
2020-04-19 23:00:00,11,8,3
2020-04-20 00:00:00,5,4,1
2020-04-20 01:00:00,1,1,0
2020-04-20 02:00:00,0,0,0
2020-04-20 03:00:00,4,3,1
2020-04-20 04:00:00,12,12,0
2020-04-20 05:00:00,62,60,2
2020-04-20 06:00:00,95,71,24
2020-04-20 07:00:00,209,130,79
2020-04-20 08:00:00,221,133,88
2020-04-20 09:00:00,161,83,78
2020-04-20 10:00:00,205,123,82
2020-04-20 11:00:00,254,151,103
2020-04-20 12:00:00,378,209,169
2020-04-20 13:00:00,362,223,139
2020-04-20 14:00:00,312,183,129
2020-04-20 15:00:00,374,217,157
2020-04-20 16:00:00,411,240,171
2020-04-20 17:00:00,588,340,248
2020-04-20 18:00:00,652,339,313
2020-04-20 19:00:00,563,272,291
2020-04-20 20:00:00,260,104,156
2020-04-20 21:00:00,83,62,21
2020-04-20 22:00:00,26,22,4
2020-04-20 23:00:00,8,7,1
2020-04-21 00:00:00,3,3,0
2020-04-21 01:00:00,1,0,1
2020-04-21 02:00:00,0,0,0
2020-04-21 03:00:00,3,3,0
2020-04-21 04:00:00,2,1,1
2020-04-21 05:00:00,10,5,5
2020-04-21 06:00:00,106,71,35
2020-04-21 07:00:00,133,69,64
2020-04-21 08:00:00,142,79,63
2020-04-21 09:00:00,143,79,64
2020-04-21 10:00:00,148,82,66
2020-04-21 11:00:00,170,103,67
2020-04-21 12:00:00,200,95,105
2020-04-21 13:00:00,150,93,57
2020-04-21 14:00:00,165,86,79
2020-04-21 15:00:00,209,133,76
2020-04-21 16:00:00,258,132,126
2020-04-21 17:00:00,359,198,161
2020-04-21 18:00:00,422,215,207
2020-04-21 19:00:00,250,110,140
2020-04-21 20:00:00,121,43,78
2020-04-21 21:00:00,18,7,11
2020-04-21 22:00:00,7,1,6
2020-04-21 23:00:00,31,31,0
2020-04-22 00:00:00,5,5,0
2020-04-22 01:00:00,3,2,1
2020-04-22 02:00:00,1,0,1
2020-04-22 03:00:00,6,6,0
2020-04-22 04:00:00,5,5,0
2020-04-22 05:00:00,11,7,4
2020-04-22 06:00:00,67,40,27
2020-04-22 07:00:00,87,49,38
2020-04-22 08:00:00,124,67,57
2020-04-22 09:00:00,80,38,42
2020-04-22 10:00:00,53,31,22
2020-04-22 11:00:00,49,25,24
2020-04-22 12:00:00,66,32,34
2020-04-22 13:00:00,64,35,29
2020-04-22 14:00:00,38,19,19
2020-04-22 15:00:00,76,40,36
2020-04-22 16:00:00,107,55,52
2020-04-22 17:00:00,146,88,58
2020-04-22 18:00:00,229,120,109
2020-04-22 19:00:00,187,84,103
2020-04-22 20:00:00,81,28,53
2020-04-22 21:00:00,35,17,18
2020-04-22 22:00:00,11,5,6
2020-04-22 23:00:00,3,1,2
2020-04-23 00:00:00,80,80,0
2020-04-23 01:00:00,0,0,0
2020-04-23 02:00:00,0,0,0
2020-04-23 03:00:00,3,2,1
2020-04-23 04:00:00,2,1,1
2020-04-23 05:00:00,10,7,3
2020-04-23 06:00:00,60,38,22
2020-04-23 07:00:00,115,63,52
2020-04-23 08:00:00,148,76,72
2020-04-23 09:00:00,129,54,75
2020-04-23 10:00:00,113,67,46
2020-04-23 11:00:00,169,94,75
2020-04-23 12:00:00,222,107,115
2020-04-23 13:00:00,193,105,88
2020-04-23 14:00:00,228,117,111
2020-04-23 15:00:00,259,137,122
2020-04-23 16:00:00,227,93,134
2020-04-23 17:00:00,153,71,82
2020-04-23 18:00:00,163,91,72
2020-04-23 19:00:00,234,120,114
2020-04-23 20:00:00,128,59,69
2020-04-23 21:00:00,33,9,24
2020-04-23 22:00:00,7,3,4
2020-04-23 23:00:00,2,1,1
2020-04-24 00:00:00,2,1,1
2020-04-24 01:00:00,3,1,2
2020-04-24 02:00:00,2,1,1
2020-04-24 03:00:00,0,0,0
2020-04-24 04:00:00,6,4,2
2020-04-24 05:00:00,14,8,6
2020-04-24 06:00:00,63,36,27
2020-04-24 07:00:00,143,68,75
2020-04-24 08:00:00,143,72,71
2020-04-24 09:00:00,163,78,85
2020-04-24 10:00:00,173,101,72
2020-04-24 11:00:00,168,73,95
2020-04-24 12:00:00,197,107,90
2020-04-24 13:00:00,197,95,102
2020-04-24 14:00:00,207,101,106
2020-04-24 15:00:00,273,153,120
2020-04-24 16:00:00,319,156,163
2020-04-24 17:00:00,389,202,187
2020-04-24 18:00:00,421,218,203
2020-04-24 19:00:00,296,130,166
2020-04-24 20:00:00,117,29,88
2020-04-24 21:00:00,24,8,16
2020-04-24 22:00:00,8,3,5
2020-04-24 23:00:00,1,0,1
2020-04-25 00:00:00,3,1,2
2020-04-25 01:00:00,1,1,0
2020-04-25 02:00:00,0,0,0
2020-04-25 03:00:00,0,0,0
2020-04-25 04:00:00,2,1,1
2020-04-25 05:00:00,7,5,2
2020-04-25 06:00:00,32,15,17
2020-04-25 07:00:00,28,15,13
2020-04-25 08:00:00,48,29,19
2020-04-25 09:00:00,65,33,32
2020-04-25 10:00:00,85,44,41
2020-04-25 11:00:00,126,64,62
2020-04-25 12:00:00,236,135,101
2020-04-25 13:00:00,445,230,215
2020-04-25 14:00:00,469,240,229
2020-04-25 15:00:00,552,277,275
2020-04-25 16:00:00,491,233,258
2020-04-25 17:00:00,387,205,182
2020-04-25 18:00:00,344,169,175
2020-04-25 19:00:00,293,135,158
2020-04-25 20:00:00,145,53,92
2020-04-25 21:00:00,28,12,16
2020-04-25 22:00:00,8,2,6
2020-04-25 23:00:00,4,3,1
2020-04-26 00:00:00,8,5,3
2020-04-26 01:00:00,5,2,3
2020-04-26 02:00:00,1,1,0
2020-04-26 03:00:00,1,1,0
2020-04-26 04:00:00,0,0,0
2020-04-26 05:00:00,6,3,3
2020-04-26 06:00:00,27,21,6
2020-04-26 07:00:00,103,67,36
2020-04-26 08:00:00,186,107,79
2020-04-26 09:00:00,288,155,133
2020-04-26 10:00:00,376,199,177
2020-04-26 11:00:00,371,174,197
2020-04-26 12:00:00,308,160,148
2020-04-26 13:00:00,330,184,146
2020-04-26 14:00:00,364,190,174
2020-04-26 15:00:00,366,176,190
2020-04-26 16:00:00,368,194,174
2020-04-26 17:00:00,363,191,172
2020-04-26 18:00:00,351,171,180
2020-04-26 19:00:00,270,131,139
2020-04-26 20:00:00,126,44,82
2020-04-26 21:00:00,28,11,17
2020-04-26 22:00:00,6,5,1
2020-04-26 23:00:00,3,3,0
2020-04-27 00:00:00,5,2,3
2020-04-27 01:00:00,1,0,1
2020-04-27 02:00:00,2,2,0
2020-04-27 03:00:00,2,2,0
2020-04-27 04:00:00,0,0,0
2020-04-27 05:00:00,6,4,2
2020-04-27 06:00:00,50,35,15
2020-04-27 07:00:00,121,56,65
2020-04-27 08:00:00,119,65,54
2020-04-27 09:00:00,103,51,52
2020-04-27 10:00:00,116,65,51
2020-04-27 11:00:00,180,97,83
2020-04-27 12:00:00,266,144,122
2020-04-27 13:00:00,199,93,106
2020-04-27 14:00:00,217,119,98
2020-04-27 15:00:00,230,112,118
2020-04-27 16:00:00,268,153,115
2020-04-27 17:00:00,458,287,171
2020-04-27 18:00:00,540,264,276
2020-04-27 19:00:00,368,171,197
2020-04-27 20:00:00,166,64,102
2020-04-27 21:00:00,41,13,28
2020-04-27 22:00:00,11,3,8
2020-04-27 23:00:00,3,1,2
2020-04-28 00:00:00,2,0,2
2020-04-28 01:00:00,0,0,0
2020-04-28 02:00:00,1,1,0
2020-04-28 03:00:00,1,1,0
2020-04-28 04:00:00,1,0,1
2020-04-28 05:00:00,8,4,4
2020-04-28 06:00:00,77,49,28
2020-04-28 07:00:00,170,84,86
2020-04-28 08:00:00,157,82,75
2020-04-28 09:00:00,121,57,64
2020-04-28 10:00:00,153,80,73
2020-04-28 11:00:00,149,76,73
2020-04-28 12:00:00,237,126,111
2020-04-28 13:00:00,183,92,91
2020-04-28 14:00:00,175,99,76
2020-04-28 15:00:00,249,122,127
2020-04-28 16:00:00,256,125,131
2020-04-28 17:00:00,413,248,165
2020-04-28 18:00:00,460,200,260
2020-04-28 19:00:00,258,110,148
2020-04-28 20:00:00,94,37,57
2020-04-28 21:00:00,17,9,8
2020-04-28 22:00:00,14,9,5
2020-04-28 23:00:00,7,2,5
2020-04-29 00:00:00,0,0,0
2020-04-29 01:00:00,1,1,0
2020-04-29 02:00:00,1,0,1
2020-04-29 03:00:00,2,2,0
2020-04-29 04:00:00,2,1,1
2020-04-29 05:00:00,8,4,4
2020-04-29 06:00:00,100,65,35
2020-04-29 07:00:00,159,83,76
2020-04-29 08:00:00,155,77,78
2020-04-29 09:00:00,106,55,51
2020-04-29 10:00:00,171,92,79
2020-04-29 11:00:00,253,146,107
2020-04-29 12:00:00,299,144,155
2020-04-29 13:00:00,213,119,94
2020-04-29 14:00:00,226,115,111
2020-04-29 15:00:00,255,124,131
2020-04-29 16:00:00,356,177,179
2020-04-29 17:00:00,367,216,151
2020-04-29 18:00:00,490,250,240
2020-04-29 19:00:00,350,140,210
2020-04-29 20:00:00,91,42,49
2020-04-29 21:00:00,88,74,14
2020-04-29 22:00:00,107,98,9
2020-04-29 23:00:00,5,2,3
2020-04-30 00:00:00,1,1,0
2020-04-30 01:00:00,1,0,1
2020-04-30 02:00:00,0,0,0
2020-04-30 03:00:00,3,2,1
2020-04-30 04:00:00,3,3,0
2020-04-30 05:00:00,27,22,5
2020-04-30 06:00:00,84,54,30
2020-04-30 07:00:00,157,85,72
2020-04-30 08:00:00,155,74,81
2020-04-30 09:00:00,129,68,61
2020-04-30 10:00:00,137,68,69
2020-04-30 11:00:00,183,106,77
2020-04-30 12:00:00,231,125,106
2020-04-30 13:00:00,200,101,99
2020-04-30 14:00:00,183,93,90
2020-04-30 15:00:00,186,91,95
2020-04-30 16:00:00,239,128,111
2020-04-30 17:00:00,372,203,169
2020-04-30 18:00:00,496,286,210
2020-04-30 19:00:00,347,152,195
2020-04-30 20:00:00,175,59,116
2020-04-30 21:00:00,28,9,19
2020-04-30 22:00:00,7,2,5
2020-04-30 23:00:00,3,3,0
2020-05-01 00:00:00,3,1,2
2020-05-01 01:00:00,1,0,1
2020-05-01 02:00:00,0,0,0
2020-05-01 03:00:00,0,0,0
2020-05-01 04:00:00,5,4,1
2020-05-01 05:00:00,10,5,5
2020-05-01 06:00:00,62,38,24
2020-05-01 07:00:00,164,84,80
2020-05-01 08:00:00,167,89,78
2020-05-01 09:00:00,168,92,76
2020-05-01 10:00:00,225,110,115
2020-05-01 11:00:00,227,123,104
2020-05-01 12:00:00,297,153,144
2020-05-01 13:00:00,243,122,121
2020-05-01 14:00:00,257,135,122
2020-05-01 15:00:00,260,137,123
2020-05-01 16:00:00,303,156,147
2020-05-01 17:00:00,368,208,160
2020-05-01 18:00:00,452,222,230
2020-05-01 19:00:00,317,139,178
2020-05-01 20:00:00,207,73,134
2020-05-01 21:00:00,32,16,16
2020-05-01 22:00:00,19,13,6
2020-05-01 23:00:00,10,3,7
2020-05-02 00:00:00,18,17,1
2020-05-02 01:00:00,10,8,2
2020-05-02 02:00:00,0,0,0
2020-05-02 03:00:00,0,0,0
2020-05-02 04:00:00,0,0,0
2020-05-02 05:00:00,5,2,3
2020-05-02 06:00:00,40,25,15
2020-05-02 07:00:00,88,54,34
2020-05-02 08:00:00,116,69,47
2020-05-02 09:00:00,328,234,94
2020-05-02 10:00:00,215,118,97
2020-05-02 11:00:00,180,79,101
2020-05-02 12:00:00,134,61,73
2020-05-02 13:00:00,147,82,65
2020-05-02 14:00:00,95,35,60
2020-05-02 15:00:00,65,36,29
2020-05-02 16:00:00,126,78,48
2020-05-02 17:00:00,272,170,102
2020-05-02 18:00:00,449,239,210
2020-05-02 19:00:00,317,134,183
2020-05-02 20:00:00,156,56,100
2020-05-02 21:00:00,32,10,22
2020-05-02 22:00:00,7,5,2
2020-05-02 23:00:00,2,0,2
2020-05-03 00:00:00,0,0,0
2020-05-03 01:00:00,0,0,0
2020-05-03 02:00:00,3,1,2
2020-05-03 03:00:00,4,4,0
2020-05-03 04:00:00,1,0,1
2020-05-03 05:00:00,10,7,3
2020-05-03 06:00:00,19,13,6
2020-05-03 07:00:00,62,36,26
2020-05-03 08:00:00,137,73,64
2020-05-03 09:00:00,209,129,80
2020-05-03 10:00:00,303,175,128
2020-05-03 11:00:00,435,247,188
2020-05-03 12:00:00,433,239,194
2020-05-03 13:00:00,410,222,188
2020-05-03 14:00:00,473,243,230
2020-05-03 15:00:00,442,221,221
2020-05-03 16:00:00,435,233,202
2020-05-03 17:00:00,380,189,191
2020-05-03 18:00:00,302,137,165
2020-05-03 19:00:00,199,107,92
2020-05-03 20:00:00,148,71,77
2020-05-03 21:00:00,39,13,26
2020-05-03 22:00:00,40,34,6
2020-05-03 23:00:00,8,4,4
2020-05-04 00:00:00,16,16,0
2020-05-04 01:00:00,1,1,0
2020-05-04 02:00:00,1,1,0
2020-05-04 03:00:00,1,1,0
2020-05-04 04:00:00,4,2,2
2020-05-04 05:00:00,14,9,5
2020-05-04 06:00:00,109,78,31
2020-05-04 07:00:00,204,111,93
2020-05-04 08:00:00,178,96,82
2020-05-04 09:00:00,154,84,70
2020-05-04 10:00:00,146,80,66
2020-05-04 11:00:00,181,103,78
2020-05-04 12:00:00,235,113,122
2020-05-04 13:00:00,254,146,108
2020-05-04 14:00:00,182,101,81
2020-05-04 15:00:00,277,141,136
2020-05-04 16:00:00,315,170,145
2020-05-04 17:00:00,445,244,201
2020-05-04 18:00:00,493,250,243
2020-05-04 19:00:00,339,138,201
2020-05-04 20:00:00,171,69,102
2020-05-04 21:00:00,33,11,22
2020-05-04 22:00:00,23,15,8
2020-05-04 23:00:00,2,0,2
2020-05-05 00:00:00,4,4,0
2020-05-05 01:00:00,1,1,0
2020-05-05 02:00:00,1,1,0
2020-05-05 03:00:00,2,2,0
2020-05-05 04:00:00,1,0,1
2020-05-05 05:00:00,9,6,3
2020-05-05 06:00:00,107,74,33
2020-05-05 07:00:00,172,89,83
2020-05-05 08:00:00,162,78,84
2020-05-05 09:00:00,131,75,56
2020-05-05 10:00:00,173,95,78
2020-05-05 11:00:00,237,121,116
2020-05-05 12:00:00,252,135,117
2020-05-05 13:00:00,304,179,125
2020-05-05 14:00:00,278,145,133
2020-05-05 15:00:00,376,215,161
2020-05-05 16:00:00,421,228,193
2020-05-05 17:00:00,535,307,228
2020-05-05 18:00:00,660,351,309
2020-05-05 19:00:00,444,203,241
2020-05-05 20:00:00,254,85,169
2020-05-05 21:00:00,68,28,40
2020-05-05 22:00:00,7,2,5
2020-05-05 23:00:00,4,4,0
2020-05-06 00:00:00,3,3,0
2020-05-06 01:00:00,4,2,2
2020-05-06 02:00:00,1,1,0
2020-05-06 03:00:00,2,2,0
2020-05-06 04:00:00,4,4,0
2020-05-06 05:00:00,15,10,5
2020-05-06 06:00:00,72,42,30
2020-05-06 07:00:00,148,80,68
2020-05-06 08:00:00,150,66,84
2020-05-06 09:00:00,120,60,60
2020-05-06 10:00:00,130,74,56
2020-05-06 11:00:00,174,90,84
2020-05-06 12:00:00,162,79,83
2020-05-06 13:00:00,171,76,95
2020-05-06 14:00:00,154,93,61
2020-05-06 15:00:00,215,121,94
2020-05-06 16:00:00,316,186,130
2020-05-06 17:00:00,439,249,190
2020-05-06 18:00:00,493,241,252
2020-05-06 19:00:00,399,199,200
2020-05-06 20:00:00,248,94,154
2020-05-06 21:00:00,70,27,43
2020-05-06 22:00:00,17,6,11
2020-05-06 23:00:00,3,0,3
2020-05-07 00:00:00,0,0,0
2020-05-07 01:00:00,0,0,0
2020-05-07 02:00:00,0,0,0
2020-05-07 03:00:00,3,2,1
2020-05-07 04:00:00,4,4,0
2020-05-07 05:00:00,25,14,11
2020-05-07 06:00:00,97,60,37
2020-05-07 07:00:00,183,103,80
2020-05-07 08:00:00,198,109,89
2020-05-07 09:00:00,206,125,81
2020-05-07 10:00:00,199,109,90
2020-05-07 11:00:00,251,140,111
2020-05-07 12:00:00,298,162,136
2020-05-07 13:00:00,287,153,134
2020-05-07 14:00:00,352,213,139
2020-05-07 15:00:00,333,186,147
2020-05-07 16:00:00,446,248,198
2020-05-07 17:00:00,574,306,268
2020-05-07 18:00:00,632,348,284
2020-05-07 19:00:00,532,255,277
2020-05-07 20:00:00,308,119,189
2020-05-07 21:00:00,63,26,37
2020-05-07 22:00:00,14,7,7
2020-05-07 23:00:00,9,3,6
2020-05-08 00:00:00,4,1,3
2020-05-08 01:00:00,3,2,1
2020-05-08 02:00:00,3,1,2
2020-05-08 03:00:00,1,0,1
2020-05-08 04:00:00,6,3,3
2020-05-08 05:00:00,32,19,13
2020-05-08 06:00:00,116,75,41
2020-05-08 07:00:00,180,87,93
2020-05-08 08:00:00,178,93,85
2020-05-08 09:00:00,163,86,77
2020-05-08 10:00:00,215,116,99
2020-05-08 11:00:00,245,124,121
2020-05-08 12:00:00,285,155,130
2020-05-08 13:00:00,300,167,133
2020-05-08 14:00:00,291,164,127
2020-05-08 15:00:00,386,223,163
2020-05-08 16:00:00,659,390,269
2020-05-08 17:00:00,595,350,245
2020-05-08 18:00:00,541,291,250
2020-05-08 19:00:00,492,263,229
2020-05-08 20:00:00,365,154,211
2020-05-08 21:00:00,152,57,95
2020-05-08 22:00:00,28,14,14
2020-05-08 23:00:00,16,8,8
2020-05-09 00:00:00,11,9,2
2020-05-09 01:00:00,8,4,4
2020-05-09 02:00:00,3,2,1
2020-05-09 03:00:00,1,1,0
2020-05-09 04:00:00,18,16,2
2020-05-09 05:00:00,13,7,6
2020-05-09 06:00:00,60,36,24
2020-05-09 07:00:00,128,69,59
2020-05-09 08:00:00,225,132,93
2020-05-09 09:00:00,327,170,157
2020-05-09 10:00:00,379,209,170
2020-05-09 11:00:00,411,230,181
2020-05-09 12:00:00,364,183,181
2020-05-09 13:00:00,329,175,154
2020-05-09 14:00:00,380,194,186
2020-05-09 15:00:00,423,243,180
2020-05-09 16:00:00,425,205,220
2020-05-09 17:00:00,357,188,169
2020-05-09 18:00:00,348,172,176
2020-05-09 19:00:00,330,151,179
2020-05-09 20:00:00,234,87,147
2020-05-09 21:00:00,76,17,59
2020-05-09 22:00:00,20,9,11
2020-05-09 23:00:00,6,3,3
2020-05-10 00:00:00,4,3,1
2020-05-10 01:00:00,2,1,1
2020-05-10 02:00:00,1,0,1
2020-05-10 03:00:00,4,3,1
2020-05-10 04:00:00,2,1,1
2020-05-10 05:00:00,9,5,4
2020-05-10 06:00:00,47,28,19
2020-05-10 07:00:00,128,73,55
2020-05-10 08:00:00,201,121,80
2020-05-10 09:00:00,351,215,136
2020-05-10 10:00:00,329,158,171
2020-05-10 11:00:00,312,149,163
2020-05-10 12:00:00,346,173,173
2020-05-10 13:00:00,379,208,171
2020-05-10 14:00:00,400,223,177
2020-05-10 15:00:00,434,233,201
2020-05-10 16:00:00,367,190,177
2020-05-10 17:00:00,397,228,169
2020-05-10 18:00:00,385,210,175
2020-05-10 19:00:00,398,185,213
2020-05-10 20:00:00,272,94,178
2020-05-10 21:00:00,44,11,33
2020-05-10 22:00:00,6,2,4
2020-05-10 23:00:00,7,4,3
2020-05-11 00:00:00,5,3,2
2020-05-11 01:00:00,1,1,0
2020-05-11 02:00:00,4,1,3
2020-05-11 03:00:00,2,2,0
2020-05-11 04:00:00,2,2,0
2020-05-11 05:00:00,26,15,11
2020-05-11 06:00:00,108,72,36
2020-05-11 07:00:00,188,83,105
2020-05-11 08:00:00,163,89,74
2020-05-11 09:00:00,187,105,82
2020-05-11 10:00:00,186,113,73
2020-05-11 11:00:00,253,162,91
2020-05-11 12:00:00,302,186,116
2020-05-11 13:00:00,247,135,112
2020-05-11 14:00:00,240,122,118
2020-05-11 15:00:00,280,138,142
2020-05-11 16:00:00,274,156,118
2020-05-11 17:00:00,316,143,173
2020-05-11 18:00:00,297,138,159
2020-05-11 19:00:00,143,61,82
2020-05-11 20:00:00,63,26,37
2020-05-11 21:00:00,16,5,11
2020-05-11 22:00:00,5,3,2
2020-05-11 23:00:00,1,0,1
2020-05-12 00:00:00,6,6,0
2020-05-12 01:00:00,2,1,1
2020-05-12 02:00:00,0,0,0
2020-05-12 03:00:00,5,4,1
2020-05-12 04:00:00,18,12,6
2020-05-12 05:00:00,40,30,10
2020-05-12 06:00:00,118,74,44
2020-05-12 07:00:00,209,113,96
2020-05-12 08:00:00,187,96,91
2020-05-12 09:00:00,151,87,64
2020-05-12 10:00:00,183,121,62
2020-05-12 11:00:00,162,95,67
2020-05-12 12:00:00,154,79,75
2020-05-12 13:00:00,156,100,56
2020-05-12 14:00:00,199,119,80
2020-05-12 15:00:00,293,167,126
2020-05-12 16:00:00,264,137,127
2020-05-12 17:00:00,257,146,111
2020-05-12 18:00:00,406,229,177
2020-05-12 19:00:00,400,192,208
2020-05-12 20:00:00,122,36,86
2020-05-12 21:00:00,62,47,15
2020-05-12 22:00:00,11,10,1
2020-05-12 23:00:00,2,2,0
2020-05-13 00:00:00,9,9,0
2020-05-13 01:00:00,0,0,0
2020-05-13 02:00:00,0,0,0
2020-05-13 03:00:00,3,3,0
2020-05-13 04:00:00,3,1,2
2020-05-13 05:00:00,25,16,9
2020-05-13 06:00:00,80,52,28
2020-05-13 07:00:00,169,91,78
2020-05-13 08:00:00,144,80,64
2020-05-13 09:00:00,160,84,76
2020-05-13 10:00:00,132,74,58
2020-05-13 11:00:00,191,120,71
2020-05-13 12:00:00,254,131,123
2020-05-13 13:00:00,211,122,89
2020-05-13 14:00:00,216,115,101
2020-05-13 15:00:00,273,157,116
2020-05-13 16:00:00,414,240,174
2020-05-13 17:00:00,537,300,237
2020-05-13 18:00:00,648,337,311
2020-05-13 19:00:00,448,199,249
2020-05-13 20:00:00,256,103,153
2020-05-13 21:00:00,59,20,39
2020-05-13 22:00:00,6,1,5
2020-05-13 23:00:00,5,2,3
2020-05-14 00:00:00,4,1,3
2020-05-14 01:00:00,4,3,1
2020-05-14 02:00:00,1,0,1
2020-05-14 03:00:00,2,1,1
2020-05-14 04:00:00,1,0,1
2020-05-14 05:00:00,22,12,10
2020-05-14 06:00:00,70,34,36
2020-05-14 07:00:00,120,68,52
2020-05-14 08:00:00,70,30,40
2020-05-14 09:00:00,79,51,28
2020-05-14 10:00:00,117,82,35
2020-05-14 11:00:00,177,115,62
2020-05-14 12:00:00,208,116,92
2020-05-14 13:00:00,240,133,107
2020-05-14 14:00:00,249,128,121
2020-05-14 15:00:00,340,208,132
2020-05-14 16:00:00,431,263,168
2020-05-14 17:00:00,467,273,194
2020-05-14 18:00:00,623,340,283
2020-05-14 19:00:00,518,252,266
2020-05-14 20:00:00,243,73,170
2020-05-14 21:00:00,39,13,26
2020-05-14 22:00:00,21,13,8
2020-05-14 23:00:00,2,1,1
2020-05-15 00:00:00,0,0,0
2020-05-15 01:00:00,1,0,1
2020-05-15 02:00:00,0,0,0
2020-05-15 03:00:00,1,1,0
2020-05-15 04:00:00,1,1,0
2020-05-15 05:00:00,31,18,13
2020-05-15 06:00:00,119,72,47
2020-05-15 07:00:00,159,76,83
2020-05-15 08:00:00,145,71,74
2020-05-15 09:00:00,148,78,70
2020-05-15 10:00:00,149,78,71
2020-05-15 11:00:00,255,128,127
2020-05-15 12:00:00,301,189,112
2020-05-15 13:00:00,326,191,135
2020-05-15 14:00:00,303,159,144
2020-05-15 15:00:00,359,213,146
2020-05-15 16:00:00,436,245,191
2020-05-15 17:00:00,500,283,217
2020-05-15 18:00:00,557,319,238
2020-05-15 19:00:00,436,188,248
2020-05-15 20:00:00,296,107,189
2020-05-15 21:00:00,95,25,70
2020-05-15 22:00:00,17,6,11
2020-05-15 23:00:00,10,4,6
2020-05-16 00:00:00,6,5,1
2020-05-16 01:00:00,3,2,1
2020-05-16 02:00:00,4,4,0
2020-05-16 03:00:00,3,2,1
2020-05-16 04:00:00,2,1,1
2020-05-16 05:00:00,11,6,5
2020-05-16 06:00:00,32,20,12
2020-05-16 07:00:00,57,29,28
2020-05-16 08:00:00,125,74,51
2020-05-16 09:00:00,161,80,81
2020-05-16 10:00:00,170,91,79
2020-05-16 11:00:00,192,110,82
2020-05-16 12:00:00,222,114,108
2020-05-16 13:00:00,180,81,99
2020-05-16 14:00:00,180,112,68
2020-05-16 15:00:00,249,170,79
2020-05-16 16:00:00,292,183,109
2020-05-16 17:00:00,262,134,128
2020-05-16 18:00:00,265,148,117
2020-05-16 19:00:00,235,108,127
2020-05-16 20:00:00,105,41,64
2020-05-16 21:00:00,11,5,6
2020-05-16 22:00:00,2,2,0
2020-05-16 23:00:00,1,0,1
2020-05-17 00:00:00,1,1,0
2020-05-17 01:00:00,2,1,1
2020-05-17 02:00:00,4,2,2
2020-05-17 03:00:00,2,1,1
2020-05-17 04:00:00,1,1,0
2020-05-17 05:00:00,8,6,2
2020-05-17 06:00:00,38,24,14
2020-05-17 07:00:00,119,64,55
2020-05-17 08:00:00,140,82,58
2020-05-17 09:00:00,197,104,93
2020-05-17 10:00:00,280,156,124
2020-05-17 11:00:00,347,193,154
2020-05-17 12:00:00,371,186,185
2020-05-17 13:00:00,409,197,212
2020-05-17 14:00:00,421,233,188
2020-05-17 15:00:00,419,231,188
2020-05-17 16:00:00,489,263,226
2020-05-17 17:00:00,538,270,268
2020-05-17 18:00:00,481,227,254
2020-05-17 19:00:00,378,178,200
2020-05-17 20:00:00,212,83,129
2020-05-17 21:00:00,62,16,46
2020-05-17 22:00:00,11,2,9
2020-05-17 23:00:00,3,1,2
2020-05-18 00:00:00,8,6,2
2020-05-18 01:00:00,3,1,2
2020-05-18 02:00:00,2,1,1
2020-05-18 03:00:00,1,1,0
2020-05-18 04:00:00,2,1,1
2020-05-18 05:00:00,23,14,9
2020-05-18 06:00:00,102,58,44
2020-05-18 07:00:00,172,87,85
2020-05-18 08:00:00,161,84,77
2020-05-18 09:00:00,148,77,71
2020-05-18 10:00:00,142,78,64
2020-05-18 11:00:00,166,89,77
2020-05-18 12:00:00,206,110,96
2020-05-18 13:00:00,173,95,78
2020-05-18 14:00:00,196,102,94
2020-05-18 15:00:00,248,138,110
2020-05-18 16:00:00,336,201,135
2020-05-18 17:00:00,521,280,241
2020-05-18 18:00:00,538,289,249
2020-05-18 19:00:00,529,256,273
2020-05-18 20:00:00,310,121,189
2020-05-18 21:00:00,75,22,53
2020-05-18 22:00:00,40,35,5
2020-05-18 23:00:00,6,4,2
2020-05-19 00:00:00,1,1,0
2020-05-19 01:00:00,2,1,1
2020-05-19 02:00:00,0,0,0
2020-05-19 03:00:00,4,3,1
2020-05-19 04:00:00,1,0,1
2020-05-19 05:00:00,24,14,10
2020-05-19 06:00:00,106,62,44
2020-05-19 07:00:00,221,127,94
2020-05-19 08:00:00,156,76,80
2020-05-19 09:00:00,132,74,58
2020-05-19 10:00:00,164,81,83
2020-05-19 11:00:00,168,90,78
2020-05-19 12:00:00,214,121,93
2020-05-19 13:00:00,270,146,124
2020-05-19 14:00:00,228,131,97
2020-05-19 15:00:00,312,173,139
2020-05-19 16:00:00,347,189,158
2020-05-19 17:00:00,435,239,196
2020-05-19 18:00:00,532,276,256
2020-05-19 19:00:00,453,197,256
2020-05-19 20:00:00,229,70,159
2020-05-19 21:00:00,70,23,47
2020-05-19 22:00:00,54,48,6
2020-05-19 23:00:00,3,2,1
2020-05-20 00:00:00,6,4,2
2020-05-20 01:00:00,0,0,0
2020-05-20 02:00:00,0,0,0
2020-05-20 03:00:00,1,1,0
2020-05-20 04:00:00,2,2,0
2020-05-20 05:00:00,22,13,9
2020-05-20 06:00:00,80,44,36
2020-05-20 07:00:00,178,98,80
2020-05-20 08:00:00,165,78,87
2020-05-20 09:00:00,110,49,61
2020-05-20 10:00:00,107,60,47
2020-05-20 11:00:00,144,77,67
2020-05-20 12:00:00,175,96,79
2020-05-20 13:00:00,166,88,78
2020-05-20 14:00:00,181,102,79
2020-05-20 15:00:00,151,68,83
2020-05-20 16:00:00,196,97,99
2020-05-20 17:00:00,283,144,139
2020-05-20 18:00:00,207,105,102
2020-05-20 19:00:00,221,117,104
2020-05-20 20:00:00,135,45,90
2020-05-20 21:00:00,35,14,21
2020-05-20 22:00:00,11,2,9
2020-05-20 23:00:00,10,7,3
2020-05-21 00:00:00,1,1,0
2020-05-21 01:00:00,1,0,1
2020-05-21 02:00:00,0,0,0
2020-05-21 03:00:00,2,2,0
2020-05-21 04:00:00,1,0,1
2020-05-21 05:00:00,9,5,4
2020-05-21 06:00:00,51,31,20
2020-05-21 07:00:00,70,40,30
2020-05-21 08:00:00,76,36,40
2020-05-21 09:00:00,50,25,25
2020-05-21 10:00:00,43,24,19
2020-05-21 11:00:00,132,83,49
2020-05-21 12:00:00,211,110,101
2020-05-21 13:00:00,190,94,96
2020-05-21 14:00:00,160,88,72
2020-05-21 15:00:00,180,97,83
2020-05-21 16:00:00,228,122,106
2020-05-21 17:00:00,202,101,101
2020-05-21 18:00:00,193,92,101
2020-05-21 19:00:00,206,113,93
2020-05-21 20:00:00,154,60,94
2020-05-21 21:00:00,63,26,37
2020-05-21 22:00:00,8,2,6
2020-05-21 23:00:00,8,3,5
2020-05-22 00:00:00,3,1,2
2020-05-22 01:00:00,1,1,0
2020-05-22 02:00:00,0,0,0
2020-05-22 03:00:00,1,0,1
2020-05-22 04:00:00,2,2,0
2020-05-22 05:00:00,24,15,9
2020-05-22 06:00:00,97,54,43
2020-05-22 07:00:00,151,77,74
2020-05-22 08:00:00,161,81,80
2020-05-22 09:00:00,114,59,55
2020-05-22 10:00:00,159,95,64
2020-05-22 11:00:00,184,89,95
2020-05-22 12:00:00,210,111,99
2020-05-22 13:00:00,330,219,111
2020-05-22 14:00:00,316,193,123
2020-05-22 15:00:00,393,258,135
2020-05-22 16:00:00,259,142,117
2020-05-22 17:00:00,265,114,151
2020-05-22 18:00:00,283,155,128
2020-05-22 19:00:00,138,37,101
2020-05-22 20:00:00,21,6,15
2020-05-22 21:00:00,9,4,5
2020-05-22 22:00:00,22,20,2
2020-05-22 23:00:00,13,6,7
2020-05-23 00:00:00,0,0,0
2020-05-23 01:00:00,0,0,0
2020-05-23 02:00:00,0,0,0
2020-05-23 03:00:00,0,0,0
2020-05-23 04:00:00,1,1,0
2020-05-23 05:00:00,6,4,2
2020-05-23 06:00:00,33,21,12
2020-05-23 07:00:00,67,37,30
2020-05-23 08:00:00,124,68,56
2020-05-23 09:00:00,185,104,81
2020-05-23 10:00:00,255,137,118
2020-05-23 11:00:00,324,175,149
2020-05-23 12:00:00,285,133,152
2020-05-23 13:00:00,272,123,149
2020-05-23 14:00:00,310,157,153
2020-05-23 15:00:00,729,540,189
2020-05-23 16:00:00,1019,768,251
2020-05-23 17:00:00,617,385,232
2020-05-23 18:00:00,463,278,185
2020-05-23 19:00:00,350,156,194
2020-05-23 20:00:00,228,92,136
2020-05-23 21:00:00,95,26,69
2020-05-23 22:00:00,10,4,6
2020-05-23 23:00:00,1,0,1
2020-05-24 00:00:00,9,6,3
2020-05-24 01:00:00,2,1,1
2020-05-24 02:00:00,4,3,1
2020-05-24 03:00:00,9,8,1
2020-05-24 04:00:00,0,0,0
2020-05-24 05:00:00,17,15,2
2020-05-24 06:00:00,42,24,18
2020-05-24 07:00:00,75,39,36
2020-05-24 08:00:00,148,95,53
2020-05-24 09:00:00,225,119,106
2020-05-24 10:00:00,295,165,130
2020-05-24 11:00:00,375,195,180
2020-05-24 12:00:00,348,175,173
2020-05-24 13:00:00,362,181,181
2020-05-24 14:00:00,420,223,197
2020-05-24 15:00:00,479,229,250
2020-05-24 16:00:00,500,252,248
2020-05-24 17:00:00,444,213,231
2020-05-24 18:00:00,406,184,222
2020-05-24 19:00:00,358,145,213
2020-05-24 20:00:00,243,101,142
2020-05-24 21:00:00,62,19,43
2020-05-24 22:00:00,17,5,12
2020-05-24 23:00:00,0,0,0
2020-05-25 00:00:00,4,2,2
2020-05-25 01:00:00,0,0,0
2020-05-25 02:00:00,0,0,0
2020-05-25 03:00:00,2,1,1
2020-05-25 04:00:00,3,1,2
2020-05-25 05:00:00,10,6,4
2020-05-25 06:00:00,25,16,9
2020-05-25 07:00:00,50,27,23
2020-05-25 08:00:00,56,33,23
2020-05-25 09:00:00,88,46,42
2020-05-25 10:00:00,166,87,79
2020-05-25 11:00:00,233,131,102
2020-05-25 12:00:00,244,115,129
2020-05-25 13:00:00,221,110,111
2020-05-25 14:00:00,191,102,89
2020-05-25 15:00:00,222,117,105
2020-05-25 16:00:00,269,142,127
2020-05-25 17:00:00,305,142,163
2020-05-25 18:00:00,302,150,152
2020-05-25 19:00:00,225,96,129
2020-05-25 20:00:00,107,38,69
2020-05-25 21:00:00,18,9,9
2020-05-25 22:00:00,11,1,10
2020-05-25 23:00:00,1,0,1
2020-05-26 00:00:00,1,1,0
2020-05-26 01:00:00,0,0,0
2020-05-26 02:00:00,0,0,0
2020-05-26 03:00:00,2,2,0
2020-05-26 04:00:00,1,1,0
2020-05-26 05:00:00,21,13,8
2020-05-26 06:00:00,64,37,27
2020-05-26 07:00:00,135,65,70
2020-05-26 08:00:00,126,71,55
2020-05-26 09:00:00,112,58,54
2020-05-26 10:00:00,135,67,68
2020-05-26 11:00:00,155,82,73
2020-05-26 12:00:00,191,109,82
2020-05-26 13:00:00,200,108,92
2020-05-26 14:00:00,204,108,96
2020-05-26 15:00:00,272,153,119
2020-05-26 16:00:00,398,238,160
2020-05-26 17:00:00,597,350,247
2020-05-26 18:00:00,701,384,317
2020-05-26 19:00:00,571,249,322
2020-05-26 20:00:00,360,157,203
2020-05-26 21:00:00,155,54,101
2020-05-26 22:00:00,30,20,10
2020-05-26 23:00:00,4,3,1
2020-05-27 00:00:00,13,13,0
2020-05-27 01:00:00,1,0,1
2020-05-27 02:00:00,1,1,0
2020-05-27 03:00:00,6,6,0
2020-05-27 04:00:00,7,6,1
2020-05-27 05:00:00,18,11,7
2020-05-27 06:00:00,146,87,59
2020-05-27 07:00:00,198,104,94
2020-05-27 08:00:00,207,104,103
2020-05-27 09:00:00,192,100,92
2020-05-27 10:00:00,227,114,113
2020-05-27 11:00:00,252,134,118
2020-05-27 12:00:00,277,159,118
2020-05-27 13:00:00,314,171,143
2020-05-27 14:00:00,288,154,134
2020-05-27 15:00:00,354,195,159
2020-05-27 16:00:00,386,216,170
2020-05-27 17:00:00,560,331,229
2020-05-27 18:00:00,657,375,282
2020-05-27 19:00:00,551,272,279
2020-05-27 20:00:00,381,162,219
2020-05-27 21:00:00,150,38,112
2020-05-27 22:00:00,22,10,12
2020-05-27 23:00:00,5,2,3
2020-05-28 00:00:00,2,0,2
2020-05-28 01:00:00,2,1,1
2020-05-28 02:00:00,0,0,0
2020-05-28 03:00:00,1,1,0
2020-05-28 04:00:00,0,0,0
2020-05-28 05:00:00,22,17,5
2020-05-28 06:00:00,96,56,40
2020-05-28 07:00:00,170,93,77
2020-05-28 08:00:00,163,86,77
2020-05-28 09:00:00,144,73,71
2020-05-28 10:00:00,238,151,87
2020-05-28 11:00:00,186,97,89
2020-05-28 12:00:00,251,142,109
2020-05-28 13:00:00,277,146,131
2020-05-28 14:00:00,238,128,110
2020-05-28 15:00:00,291,172,119
2020-05-28 16:00:00,310,172,138
2020-05-28 17:00:00,421,248,173
2020-05-28 18:00:00,532,270,262
2020-05-28 19:00:00,517,242,275
2020-05-28 20:00:00,292,111,181
2020-05-28 21:00:00,119,36,83
2020-05-28 22:00:00,22,8,14
2020-05-28 23:00:00,5,2,3
2020-05-29 00:00:00,4,1,3
2020-05-29 01:00:00,0,0,0
2020-05-29 02:00:00,0,0,0
2020-05-29 03:00:00,0,0,0
2020-05-29 04:00:00,9,9,0
2020-05-29 05:00:00,34,24,10
2020-05-29 06:00:00,130,73,57
2020-05-29 07:00:00,218,123,95
2020-05-29 08:00:00,248,121,127
2020-05-29 09:00:00,174,87,87
2020-05-29 10:00:00,176,95,81
2020-05-29 11:00:00,206,104,102
2020-05-29 12:00:00,333,190,143
2020-05-29 13:00:00,242,114,128
2020-05-29 14:00:00,287,159,128
2020-05-29 15:00:00,287,149,138
2020-05-29 16:00:00,317,171,146
2020-05-29 17:00:00,378,204,174
2020-05-29 18:00:00,434,238,196
2020-05-29 19:00:00,467,226,241
2020-05-29 20:00:00,296,114,182
2020-05-29 21:00:00,151,45,106
2020-05-29 22:00:00,31,5,26
2020-05-29 23:00:00,4,2,2
2020-05-30 00:00:00,3,1,2
2020-05-30 01:00:00,4,2,2
2020-05-30 02:00:00,5,2,3
2020-05-30 03:00:00,0,0,0
2020-05-30 04:00:00,1,1,0
2020-05-30 05:00:00,12,7,5
2020-05-30 06:00:00,49,34,15
2020-05-30 07:00:00,78,46,32
2020-05-30 08:00:00,108,47,61
2020-05-30 09:00:00,35,16,19
2020-05-30 10:00:00,67,52,15
2020-05-30 11:00:00,233,128,105
2020-05-30 12:00:00,201,94,107
2020-05-30 13:00:00,120,58,62
2020-05-30 14:00:00,67,28,39
2020-05-30 15:00:00,103,56,47
2020-05-30 16:00:00,92,44,48
2020-05-30 17:00:00,29,8,21
2020-05-30 18:00:00,11,7,4
2020-05-30 19:00:00,12,8,4
2020-05-30 20:00:00,10,4,6
2020-05-30 21:00:00,0,0,0
2020-05-30 22:00:00,0,0,0
2020-05-30 23:00:00,3,2,1
2020-05-31 00:00:00,1,0,1
2020-05-31 01:00:00,0,0,0
2020-05-31 02:00:00,1,1,0
2020-05-31 03:00:00,3,1,2
2020-05-31 04:00:00,0,0,0
2020-05-31 05:00:00,10,7,3
2020-05-31 06:00:00,13,6,7
2020-05-31 07:00:00,23,12,11
2020-05-31 08:00:00,68,48,20
2020-05-31 09:00:00,122,60,62
2020-05-31 10:00:00,192,106,86
2020-05-31 11:00:00,216,100,116
2020-05-31 12:00:00,209,103,106
2020-05-31 13:00:00,231,117,114
2020-05-31 14:00:00,266,144,122
2020-05-31 15:00:00,318,162,156
2020-05-31 16:00:00,386,193,193
2020-05-31 17:00:00,199,68,131
2020-05-31 18:00:00,123,58,65
2020-05-31 19:00:00,87,55,32
2020-05-31 20:00:00,57,34,23
2020-05-31 21:00:00,21,7,14
2020-05-31 22:00:00,6,3,3
2020-05-31 23:00:00,4,1,3
2020-06-01 00:00:00,3,2,1
2020-06-01 01:00:00,0,0,0
2020-06-01 02:00:00,0,0,0
2020-06-01 03:00:00,1,1,0
2020-06-01 04:00:00,0,0,0
2020-06-01 05:00:00,21,14,7
2020-06-01 06:00:00,85,54,31
2020-06-01 07:00:00,163,81,82
2020-06-01 08:00:00,138,74,64
2020-06-01 09:00:00,121,53,68
2020-06-01 10:00:00,161,93,68
2020-06-01 11:00:00,216,113,103
2020-06-01 12:00:00,266,134,132
2020-06-01 13:00:00,211,111,100
2020-06-01 14:00:00,297,174,123
2020-06-01 15:00:00,290,145,145
2020-06-01 16:00:00,437,273,164
2020-06-01 17:00:00,629,339,290
2020-06-01 18:00:00,330,155,175
2020-06-01 19:00:00,166,76,90
2020-06-01 20:00:00,89,25,64
2020-06-01 21:00:00,31,11,20
2020-06-01 22:00:00,11,3,8
2020-06-01 23:00:00,1,0,1
2020-06-02 00:00:00,1,1,0
2020-06-02 01:00:00,1,0,1
2020-06-02 02:00:00,0,0,0
2020-06-02 03:00:00,2,2,0
2020-06-02 04:00:00,1,0,1
2020-06-02 05:00:00,30,18,12
2020-06-02 06:00:00,102,56,46
2020-06-02 07:00:00,199,104,95
2020-06-02 08:00:00,166,82,84
2020-06-02 09:00:00,145,70,75
2020-06-02 10:00:00,169,83,86
2020-06-02 11:00:00,155,94,61
2020-06-02 12:00:00,219,102,117
2020-06-02 13:00:00,184,97,87
2020-06-02 14:00:00,148,71,77
2020-06-02 15:00:00,161,83,78
2020-06-02 16:00:00,131,68,63
2020-06-02 17:00:00,226,131,95
2020-06-02 18:00:00,352,199,153
2020-06-02 19:00:00,283,124,159
2020-06-02 20:00:00,164,60,104
2020-06-02 21:00:00,39,13,26
2020-06-02 22:00:00,5,1,4
2020-06-02 23:00:00,5,3,2
2020-06-03 00:00:00,2,0,2
2020-06-03 01:00:00,1,1,0
2020-06-03 02:00:00,0,0,0
2020-06-03 03:00:00,2,1,1
2020-06-03 04:00:00,3,3,0
2020-06-03 05:00:00,21,15,6
2020-06-03 06:00:00,111,66,45
2020-06-03 07:00:00,217,116,101
2020-06-03 08:00:00,181,83,98
2020-06-03 09:00:00,136,65,71
2020-06-03 10:00:00,140,65,75
2020-06-03 11:00:00,208,105,103
2020-06-03 12:00:00,229,123,106
2020-06-03 13:00:00,230,118,112
2020-06-03 14:00:00,207,97,110
2020-06-03 15:00:00,202,91,111
2020-06-03 16:00:00,279,155,124
2020-06-03 17:00:00,386,212,174
2020-06-03 18:00:00,414,201,213
2020-06-03 19:00:00,295,133,162
2020-06-03 20:00:00,151,63,88
2020-06-03 21:00:00,38,12,26
2020-06-03 22:00:00,13,7,6
2020-06-03 23:00:00,9,1,8
2020-06-04 00:00:00,1,1,0
2020-06-04 01:00:00,0,0,0
2020-06-04 02:00:00,1,1,0
2020-06-04 03:00:00,1,1,0
2020-06-04 04:00:00,4,2,2
2020-06-04 05:00:00,18,13,5
2020-06-04 06:00:00,99,59,40
2020-06-04 07:00:00,157,77,80
2020-06-04 08:00:00,121,56,65
2020-06-04 09:00:00,106,53,53
2020-06-04 10:00:00,124,65,59
2020-06-04 11:00:00,151,76,75
2020-06-04 12:00:00,169,90,79
2020-06-04 13:00:00,181,95,86
2020-06-04 14:00:00,212,99,113
2020-06-04 15:00:00,228,119,109
2020-06-04 16:00:00,325,188,137
2020-06-04 17:00:00,455,261,194
2020-06-04 18:00:00,534,311,223
2020-06-04 19:00:00,451,189,262
2020-06-04 20:00:00,287,112,175
2020-06-04 21:00:00,91,31,60
2020-06-04 22:00:00,10,3,7
2020-06-04 23:00:00,2,1,1
2020-06-05 00:00:00,2,1,1
2020-06-05 01:00:00,6,2,4
2020-06-05 02:00:00,0,0,0
2020-06-05 03:00:00,0,0,0
2020-06-05 04:00:00,3,2,1
2020-06-05 05:00:00,15,13,2
2020-06-05 06:00:00,85,51,34
2020-06-05 07:00:00,177,96,81
2020-06-05 08:00:00,167,70,97
2020-06-05 09:00:00,104,60,44
2020-06-05 10:00:00,150,74,76
2020-06-05 11:00:00,183,94,89
2020-06-05 12:00:00,201,91,110
2020-06-05 13:00:00,181,86,95
2020-06-05 14:00:00,177,99,78
2020-06-05 15:00:00,209,112,97
2020-06-05 16:00:00,264,133,131
2020-06-05 17:00:00,329,183,146
2020-06-05 18:00:00,341,151,190
2020-06-05 19:00:00,318,149,169
2020-06-05 20:00:00,205,85,120
2020-06-05 21:00:00,107,47,60
2020-06-05 22:00:00,20,7,13
2020-06-05 23:00:00,8,4,4
2020-06-06 00:00:00,1,0,1
2020-06-06 01:00:00,2,0,2
2020-06-06 02:00:00,2,1,1
2020-06-06 03:00:00,0,0,0
2020-06-06 04:00:00,2,2,0
2020-06-06 05:00:00,11,6,5
2020-06-06 06:00:00,44,26,18
2020-06-06 07:00:00,96,51,45
2020-06-06 08:00:00,133,83,50
2020-06-06 09:00:00,246,125,121
2020-06-06 10:00:00,304,162,142
2020-06-06 11:00:00,349,184,165
2020-06-06 12:00:00,336,169,167
2020-06-06 13:00:00,382,166,216
2020-06-06 14:00:00,239,116,123
2020-06-06 15:00:00,205,112,93
2020-06-06 16:00:00,261,139,122
2020-06-06 17:00:00,296,134,162
2020-06-06 18:00:00,271,142,129
2020-06-06 19:00:00,297,137,160
2020-06-06 20:00:00,178,70,108
2020-06-06 21:00:00,67,22,45
2020-06-06 22:00:00,11,4,7
2020-06-06 23:00:00,8,4,4
2020-06-07 00:00:00,3,1,2
2020-06-07 01:00:00,3,2,1
2020-06-07 02:00:00,0,0,0
2020-06-07 03:00:00,0,0,0
2020-06-07 04:00:00,1,0,1
2020-06-07 05:00:00,5,4,1
2020-06-07 06:00:00,27,17,10
2020-06-07 07:00:00,78,41,37
2020-06-07 08:00:00,81,47,34
2020-06-07 09:00:00,167,91,76
2020-06-07 10:00:00,239,122,117
2020-06-07 11:00:00,194,90,104
2020-06-07 12:00:00,228,114,114
2020-06-07 13:00:00,253,122,131
2020-06-07 14:00:00,332,188,144
2020-06-07 15:00:00,400,208,192
2020-06-07 16:00:00,462,244,218
2020-06-07 17:00:00,439,206,233
2020-06-07 18:00:00,329,161,168
2020-06-07 19:00:00,297,126,171
2020-06-07 20:00:00,245,109,136
2020-06-07 21:00:00,87,25,62
2020-06-07 22:00:00,11,0,11
2020-06-07 23:00:00,3,1,2
2020-06-08 00:00:00,1,1,0
2020-06-08 01:00:00,3,2,1
2020-06-08 02:00:00,2,1,1
2020-06-08 03:00:00,4,3,1
2020-06-08 04:00:00,4,1,3
2020-06-08 05:00:00,31,20,11
2020-06-08 06:00:00,110,60,50
2020-06-08 07:00:00,161,85,76
2020-06-08 08:00:00,175,91,84
2020-06-08 09:00:00,136,63,73
2020-06-08 10:00:00,143,73,70
2020-06-08 11:00:00,138,68,70
2020-06-08 12:00:00,188,97,91
2020-06-08 13:00:00,146,64,82
2020-06-08 14:00:00,118,62,56
2020-06-08 15:00:00,191,105,86
2020-06-08 16:00:00,257,138,119
2020-06-08 17:00:00,413,231,182
2020-06-08 18:00:00,551,294,257
2020-06-08 19:00:00,424,174,250
2020-06-08 20:00:00,182,68,114
2020-06-08 21:00:00,54,19,35
2020-06-08 22:00:00,6,1,5
2020-06-08 23:00:00,2,0,2
2020-06-09 00:00:00,2,2,0
2020-06-09 01:00:00,0,0,0
2020-06-09 02:00:00,0,0,0
2020-06-09 03:00:00,3,3,0
2020-06-09 04:00:00,3,1,2
2020-06-09 05:00:00,18,10,8
2020-06-09 06:00:00,65,33,32
2020-06-09 07:00:00,91,48,43
2020-06-09 08:00:00,70,32,38
2020-06-09 09:00:00,49,25,24
2020-06-09 10:00:00,56,27,29
2020-06-09 11:00:00,59,35,24
2020-06-09 12:00:00,105,51,54
2020-06-09 13:00:00,109,56,53
2020-06-09 14:00:00,149,71,78
2020-06-09 15:00:00,154,83,71
2020-06-09 16:00:00,243,133,110
2020-06-09 17:00:00,310,169,141
2020-06-09 18:00:00,350,172,178
2020-06-09 19:00:00,184,70,114
2020-06-09 20:00:00,115,55,60
2020-06-09 21:00:00,60,23,37
2020-06-09 22:00:00,17,2,15
2020-06-09 23:00:00,4,2,2
2020-06-10 00:00:00,3,3,0
2020-06-10 01:00:00,2,0,2
2020-06-10 02:00:00,0,0,0
2020-06-10 03:00:00,2,2,0
2020-06-10 04:00:00,2,2,0
2020-06-10 05:00:00,28,22,6
2020-06-10 06:00:00,123,64,59
2020-06-10 07:00:00,138,59,79
2020-06-10 08:00:00,109,59,50
2020-06-10 09:00:00,137,70,67
2020-06-10 10:00:00,143,72,71
2020-06-10 11:00:00,211,109,102
2020-06-10 12:00:00,305,159,146
2020-06-10 13:00:00,272,141,131
2020-06-10 14:00:00,262,129,133
2020-06-10 15:00:00,286,142,144
2020-06-10 16:00:00,330,181,149
2020-06-10 17:00:00,466,268,198
2020-06-10 18:00:00,606,301,305
2020-06-10 19:00:00,422,194,228
2020-06-10 20:00:00,265,105,160
2020-06-10 21:00:00,148,51,97
2020-06-10 22:00:00,20,10,10
2020-06-10 23:00:00,9,2,7
2020-06-11 00:00:00,0,0,0
2020-06-11 01:00:00,2,0,2
2020-06-11 02:00:00,0,0,0
2020-06-11 03:00:00,1,1,0
2020-06-11 04:00:00,2,2,0
2020-06-11 05:00:00,27,14,13
2020-06-11 06:00:00,90,51,39
2020-06-11 07:00:00,135,67,68
2020-06-11 08:00:00,101,43,58
2020-06-11 09:00:00,53,27,26
2020-06-11 10:00:00,54,29,25
2020-06-11 11:00:00,63,32,31
2020-06-11 12:00:00,132,75,57
2020-06-11 13:00:00,137,72,65
2020-06-11 14:00:00,169,99,70
2020-06-11 15:00:00,273,136,137
2020-06-11 16:00:00,362,201,161
2020-06-11 17:00:00,494,263,231
2020-06-11 18:00:00,616,321,295
2020-06-11 19:00:00,508,239,269
2020-06-11 20:00:00,336,151,185
2020-06-11 21:00:00,151,45,106
2020-06-11 22:00:00,28,8,20
2020-06-11 23:00:00,3,1,2
2020-06-12 00:00:00,0,0,0
2020-06-12 01:00:00,0,0,0
2020-06-12 02:00:00,3,2,1
2020-06-12 03:00:00,1,0,1
2020-06-12 04:00:00,5,4,1
2020-06-12 05:00:00,15,8,7
2020-06-12 06:00:00,100,60,40
2020-06-12 07:00:00,128,63,65
2020-06-12 08:00:00,93,46,47
2020-06-12 09:00:00,127,70,57
2020-06-12 10:00:00,109,50,59
2020-06-12 11:00:00,92,41,51
2020-06-12 12:00:00,99,53,46
2020-06-12 13:00:00,68,31,37
2020-06-12 14:00:00,56,25,31
2020-06-12 15:00:00,57,39,18
2020-06-12 16:00:00,162,92,70
2020-06-12 17:00:00,271,160,111
2020-06-12 18:00:00,417,224,193
2020-06-12 19:00:00,291,133,158
2020-06-12 20:00:00,214,84,130
2020-06-12 21:00:00,70,17,53
2020-06-12 22:00:00,4,2,2
2020-06-12 23:00:00,2,1,1
2020-06-13 00:00:00,0,0,0
2020-06-13 01:00:00,5,2,3
2020-06-13 02:00:00,1,0,1
2020-06-13 03:00:00,0,0,0
2020-06-13 04:00:00,5,3,2
2020-06-13 05:00:00,8,4,4
2020-06-13 06:00:00,30,18,12
2020-06-13 07:00:00,60,34,26
2020-06-13 08:00:00,85,46,39
2020-06-13 09:00:00,119,64,55
2020-06-13 10:00:00,225,132,93
2020-06-13 11:00:00,321,161,160
2020-06-13 12:00:00,316,151,165
2020-06-13 13:00:00,266,131,135
2020-06-13 14:00:00,164,74,90
2020-06-13 15:00:00,243,112,131
2020-06-13 16:00:00,238,125,113
2020-06-13 17:00:00,274,132,142
2020-06-13 18:00:00,268,126,142
2020-06-13 19:00:00,261,109,152
2020-06-13 20:00:00,89,24,65
2020-06-13 21:00:00,20,6,14
2020-06-13 22:00:00,4,0,4
2020-06-13 23:00:00,1,1,0
2020-06-14 00:00:00,3,2,1
2020-06-14 01:00:00,2,1,1
2020-06-14 02:00:00,1,1,0
2020-06-14 03:00:00,2,1,1
2020-06-14 04:00:00,0,0,0
2020-06-14 05:00:00,7,5,2
2020-06-14 06:00:00,28,14,14
2020-06-14 07:00:00,68,36,32
2020-06-14 08:00:00,111,65,46
2020-06-14 09:00:00,244,131,113
2020-06-14 10:00:00,336,187,149
2020-06-14 11:00:00,269,128,141
2020-06-14 12:00:00,314,155,159
2020-06-14 13:00:00,343,176,167
2020-06-14 14:00:00,372,190,182
2020-06-14 15:00:00,340,174,166
2020-06-14 16:00:00,340,165,175
2020-06-14 17:00:00,294,147,147
2020-06-14 18:00:00,315,164,151
2020-06-14 19:00:00,221,94,127
2020-06-14 20:00:00,169,73,96
2020-06-14 21:00:00,92,29,63
2020-06-14 22:00:00,13,2,11
2020-06-14 23:00:00,5,1,4
2020-06-15 00:00:00,0,0,0
2020-06-15 01:00:00,7,4,3
2020-06-15 02:00:00,0,0,0
2020-06-15 03:00:00,1,1,0
2020-06-15 04:00:00,1,0,1
2020-06-15 05:00:00,13,8,5
2020-06-15 06:00:00,55,30,25
2020-06-15 07:00:00,82,44,38
2020-06-15 08:00:00,69,33,36
2020-06-15 09:00:00,58,26,32
2020-06-15 10:00:00,74,34,40
2020-06-15 11:00:00,108,61,47
2020-06-15 12:00:00,122,64,58
2020-06-15 13:00:00,116,60,56
2020-06-15 14:00:00,143,64,79
2020-06-15 15:00:00,192,110,82
2020-06-15 16:00:00,257,132,125
2020-06-15 17:00:00,386,215,171
2020-06-15 18:00:00,501,261,240
2020-06-15 19:00:00,367,167,200
2020-06-15 20:00:00,246,103,143
2020-06-15 21:00:00,95,28,67
2020-06-15 22:00:00,8,3,5
2020-06-15 23:00:00,8,5,3
2020-06-16 00:00:00,2,1,1
2020-06-16 01:00:00,0,0,0
2020-06-16 02:00:00,0,0,0
2020-06-16 03:00:00,2,2,0
2020-06-16 04:00:00,5,2,3
2020-06-16 05:00:00,21,12,9
2020-06-16 06:00:00,128,77,51
2020-06-16 07:00:00,168,82,86
2020-06-16 08:00:00,164,77,87
2020-06-16 09:00:00,127,65,62
2020-06-16 10:00:00,135,63,72
2020-06-16 11:00:00,193,107,86
2020-06-16 12:00:00,213,102,111
2020-06-16 13:00:00,177,95,82
2020-06-16 14:00:00,210,97,113
2020-06-16 15:00:00,292,172,120
2020-06-16 16:00:00,385,202,183
2020-06-16 17:00:00,496,280,216
2020-06-16 18:00:00,603,330,273
2020-06-16 19:00:00,495,222,273
2020-06-16 20:00:00,320,136,184
2020-06-16 21:00:00,159,54,105
2020-06-16 22:00:00,22,9,13
2020-06-16 23:00:00,10,6,4
2020-06-17 00:00:00,1,1,0
2020-06-17 01:00:00,2,2,0
2020-06-17 02:00:00,0,0,0
2020-06-17 03:00:00,1,1,0
2020-06-17 04:00:00,3,1,2
2020-06-17 05:00:00,18,15,3
2020-06-17 06:00:00,106,65,41
2020-06-17 07:00:00,197,99,98
2020-06-17 08:00:00,179,88,91
2020-06-17 09:00:00,149,76,73
2020-06-17 10:00:00,145,65,80
2020-06-17 11:00:00,172,96,76
2020-06-17 12:00:00,232,126,106
2020-06-17 13:00:00,221,112,109
2020-06-17 14:00:00,254,131,123
2020-06-17 15:00:00,303,185,118
2020-06-17 16:00:00,331,157,174
2020-06-17 17:00:00,511,302,209
2020-06-17 18:00:00,630,351,279
2020-06-17 19:00:00,520,240,280
2020-06-17 20:00:00,343,138,205
2020-06-17 21:00:00,146,45,101
2020-06-17 22:00:00,34,7,27
2020-06-17 23:00:00,13,4,9
2020-06-18 00:00:00,4,1,3
2020-06-18 01:00:00,0,0,0
2020-06-18 02:00:00,0,0,0
2020-06-18 03:00:00,2,2,0
2020-06-18 04:00:00,5,4,1
2020-06-18 05:00:00,25,17,8
2020-06-18 06:00:00,118,69,49
2020-06-18 07:00:00,173,87,86
2020-06-18 08:00:00,166,81,85
2020-06-18 09:00:00,176,88,88
2020-06-18 10:00:00,176,89,87
2020-06-18 11:00:00,185,110,75
2020-06-18 12:00:00,243,126,117
2020-06-18 13:00:00,230,108,122
2020-06-18 14:00:00,204,106,98
2020-06-18 15:00:00,308,178,130
2020-06-18 16:00:00,311,168,143
2020-06-18 17:00:00,457,272,185
2020-06-18 18:00:00,552,306,246
2020-06-18 19:00:00,501,230,271
2020-06-18 20:00:00,368,167,201
2020-06-18 21:00:00,247,72,175
2020-06-18 22:00:00,45,19,26
2020-06-18 23:00:00,21,8,13
2020-06-19 00:00:00,11,8,3
2020-06-19 01:00:00,5,2,3
2020-06-19 02:00:00,2,2,0
2020-06-19 03:00:00,0,0,0
2020-06-19 04:00:00,4,3,1
2020-06-19 05:00:00,15,11,4
2020-06-19 06:00:00,113,68,45
2020-06-19 07:00:00,158,87,71
2020-06-19 08:00:00,174,89,85
2020-06-19 09:00:00,188,100,88
2020-06-19 10:00:00,241,129,112
2020-06-19 11:00:00,243,130,113
2020-06-19 12:00:00,281,140,141
2020-06-19 13:00:00,224,115,109
2020-06-19 14:00:00,219,122,97
2020-06-19 15:00:00,234,117,117
2020-06-19 16:00:00,284,160,124
2020-06-19 17:00:00,334,199,135
2020-06-19 18:00:00,379,199,180
2020-06-19 19:00:00,361,170,191
2020-06-19 20:00:00,233,89,144
2020-06-19 21:00:00,96,69,27
2020-06-19 22:00:00,18,12,6
2020-06-19 23:00:00,4,2,2
2020-06-20 00:00:00,56,54,2
2020-06-20 01:00:00,0,0,0
2020-06-20 02:00:00,8,5,3
2020-06-20 03:00:00,1,0,1
2020-06-20 04:00:00,1,1,0
2020-06-20 05:00:00,8,4,4
2020-06-20 06:00:00,38,24,14
2020-06-20 07:00:00,88,50,38
2020-06-20 08:00:00,135,64,71
2020-06-20 09:00:00,73,39,34
2020-06-20 10:00:00,175,109,66
2020-06-20 11:00:00,227,115,112
2020-06-20 12:00:00,221,112,109
2020-06-20 13:00:00,211,94,117
2020-06-20 14:00:00,253,122,131
2020-06-20 15:00:00,278,131,147
2020-06-20 16:00:00,294,133,161
2020-06-20 17:00:00,307,158,149
2020-06-20 18:00:00,345,165,180
2020-06-20 19:00:00,326,149,177
2020-06-20 20:00:00,222,81,141
2020-06-20 21:00:00,87,30,57
2020-06-20 22:00:00,23,11,12
2020-06-20 23:00:00,6,3,3
2020-06-21 00:00:00,4,2,2
2020-06-21 01:00:00,5,1,4
2020-06-21 02:00:00,2,2,0
2020-06-21 03:00:00,7,5,2
2020-06-21 04:00:00,4,3,1
2020-06-21 05:00:00,12,7,5
2020-06-21 06:00:00,24,13,11
2020-06-21 07:00:00,72,45,27
2020-06-21 08:00:00,104,56,48
2020-06-21 09:00:00,185,113,72
2020-06-21 10:00:00,270,134,136
2020-06-21 11:00:00,304,150,154
2020-06-21 12:00:00,280,128,152
2020-06-21 13:00:00,282,129,153
2020-06-21 14:00:00,302,168,134
2020-06-21 15:00:00,360,206,154
2020-06-21 16:00:00,401,210,191
2020-06-21 17:00:00,426,243,183
2020-06-21 18:00:00,389,178,211
2020-06-21 19:00:00,314,131,183
2020-06-21 20:00:00,262,104,158
2020-06-21 21:00:00,158,89,69
2020-06-21 22:00:00,16,5,11
2020-06-21 23:00:00,3,2,1
2020-06-22 00:00:00,0,0,0
2020-06-22 01:00:00,2,2,0
2020-06-22 02:00:00,6,6,0
2020-06-22 03:00:00,2,1,1
2020-06-22 04:00:00,6,5,1
2020-06-22 05:00:00,21,14,7
2020-06-22 06:00:00,100,62,38
2020-06-22 07:00:00,162,77,85
2020-06-22 08:00:00,177,87,90
2020-06-22 09:00:00,198,108,90
2020-06-22 10:00:00,166,82,84
2020-06-22 11:00:00,208,120,88
2020-06-22 12:00:00,256,123,133
2020-06-22 13:00:00,247,127,120
2020-06-22 14:00:00,230,118,112
2020-06-22 15:00:00,265,145,120
2020-06-22 16:00:00,367,201,166
2020-06-22 17:00:00,430,235,195
2020-06-22 18:00:00,580,312,268
2020-06-22 19:00:00,616,307,309
2020-06-22 20:00:00,451,181,270
2020-06-22 21:00:00,225,97,128
2020-06-22 22:00:00,51,22,29
2020-06-22 23:00:00,30,26,4
2020-06-23 00:00:00,2,2,0
2020-06-23 01:00:00,3,3,0
2020-06-23 02:00:00,1,0,1
2020-06-23 03:00:00,2,2,0
2020-06-23 04:00:00,0,0,0
2020-06-23 05:00:00,52,43,9
2020-06-23 06:00:00,140,83,57
2020-06-23 07:00:00,221,122,99
2020-06-23 08:00:00,232,122,110
2020-06-23 09:00:00,179,93,86
2020-06-23 10:00:00,218,116,102
2020-06-23 11:00:00,247,125,122
2020-06-23 12:00:00,293,155,138
2020-06-23 13:00:00,198,101,97
2020-06-23 14:00:00,201,85,116
2020-06-23 15:00:00,225,132,93
2020-06-23 16:00:00,254,136,118
2020-06-23 17:00:00,327,182,145
2020-06-23 18:00:00,461,247,214
2020-06-23 19:00:00,483,235,248
2020-06-23 20:00:00,331,141,190
2020-06-23 21:00:00,160,52,108
2020-06-23 22:00:00,45,13,32
2020-06-23 23:00:00,7,1,6
2020-06-24 00:00:00,1,1,0
2020-06-24 01:00:00,1,0,1
2020-06-24 02:00:00,0,0,0
2020-06-24 03:00:00,3,3,0
2020-06-24 04:00:00,2,2,0
2020-06-24 05:00:00,25,16,9
2020-06-24 06:00:00,147,87,60
2020-06-24 07:00:00,176,84,92
2020-06-24 08:00:00,164,81,83
2020-06-24 09:00:00,150,82,68
2020-06-24 10:00:00,130,69,61
2020-06-24 11:00:00,185,100,85
2020-06-24 12:00:00,257,144,113
2020-06-24 13:00:00,192,96,96
2020-06-24 14:00:00,184,83,101
2020-06-24 15:00:00,186,110,76
2020-06-24 16:00:00,292,166,126
2020-06-24 17:00:00,344,186,158
2020-06-24 18:00:00,536,312,224
2020-06-24 19:00:00,534,253,281
2020-06-24 20:00:00,320,150,170
2020-06-24 21:00:00,151,47,104
2020-06-24 22:00:00,30,9,21
2020-06-24 23:00:00,16,8,8
2020-06-25 00:00:00,13,9,4
2020-06-25 01:00:00,1,1,0
2020-06-25 02:00:00,1,1,0
2020-06-25 03:00:00,6,3,3
2020-06-25 04:00:00,0,0,0
2020-06-25 05:00:00,25,15,10
2020-06-25 06:00:00,117,69,48
2020-06-25 07:00:00,242,129,113
2020-06-25 08:00:00,162,70,92
2020-06-25 09:00:00,162,95,67
2020-06-25 10:00:00,196,100,96
2020-06-25 11:00:00,229,110,119
2020-06-25 12:00:00,231,108,123
2020-06-25 13:00:00,209,103,106
2020-06-25 14:00:00,199,105,94
2020-06-25 15:00:00,282,174,108
2020-06-25 16:00:00,356,228,128
2020-06-25 17:00:00,505,331,174
2020-06-25 18:00:00,561,327,234
2020-06-25 19:00:00,482,227,255
2020-06-25 20:00:00,353,151,202
2020-06-25 21:00:00,239,82,157
2020-06-25 22:00:00,40,7,33
2020-06-25 23:00:00,8,1,7
2020-06-26 00:00:00,2,2,0
2020-06-26 01:00:00,1,0,1
2020-06-26 02:00:00,0,0,0
2020-06-26 03:00:00,2,1,1
2020-06-26 04:00:00,5,3,2
2020-06-26 05:00:00,23,13,10
2020-06-26 06:00:00,123,74,49
2020-06-26 07:00:00,215,117,98
2020-06-26 08:00:00,185,97,88
2020-06-26 09:00:00,180,96,84
2020-06-26 10:00:00,195,101,94
2020-06-26 11:00:00,211,128,83
2020-06-26 12:00:00,275,136,139
2020-06-26 13:00:00,182,90,92
2020-06-26 14:00:00,174,84,90
2020-06-26 15:00:00,192,92,100
2020-06-26 16:00:00,235,120,115
2020-06-26 17:00:00,284,149,135
2020-06-26 18:00:00,342,193,149
2020-06-26 19:00:00,299,131,168
2020-06-26 20:00:00,240,104,136
2020-06-26 21:00:00,173,55,118
2020-06-26 22:00:00,54,21,33
2020-06-26 23:00:00,33,28,5
2020-06-27 00:00:00,6,1,5
2020-06-27 01:00:00,3,2,1
2020-06-27 02:00:00,0,0,0
2020-06-27 03:00:00,2,1,1
2020-06-27 04:00:00,4,2,2
2020-06-27 05:00:00,9,7,2
2020-06-27 06:00:00,33,24,9
2020-06-27 07:00:00,89,43,46
2020-06-27 08:00:00,134,77,57
2020-06-27 09:00:00,186,105,81
2020-06-27 10:00:00,200,122,78
2020-06-27 11:00:00,102,53,49
2020-06-27 12:00:00,104,50,54
2020-06-27 13:00:00,99,58,41
2020-06-27 14:00:00,140,77,63
2020-06-27 15:00:00,204,114,90
2020-06-27 16:00:00,220,103,117
2020-06-27 17:00:00,226,120,106
2020-06-27 18:00:00,229,110,119
2020-06-27 19:00:00,171,88,83
2020-06-27 20:00:00,141,71,70
2020-06-27 21:00:00,60,36,24
2020-06-27 22:00:00,27,23,4
2020-06-27 23:00:00,5,5,0
2020-06-28 00:00:00,0,0,0
2020-06-28 01:00:00,3,3,0
2020-06-28 02:00:00,1,1,0
2020-06-28 03:00:00,0,0,0
2020-06-28 04:00:00,3,3,0
2020-06-28 05:00:00,6,4,2
2020-06-28 06:00:00,18,9,9
2020-06-28 07:00:00,70,43,27
2020-06-28 08:00:00,114,65,49
2020-06-28 09:00:00,130,72,58
2020-06-28 10:00:00,192,105,87
2020-06-28 11:00:00,268,135,133
2020-06-28 12:00:00,276,149,127
2020-06-28 13:00:00,386,212,174
2020-06-28 14:00:00,358,176,182
2020-06-28 15:00:00,399,222,177
2020-06-28 16:00:00,417,227,190
2020-06-28 17:00:00,408,195,213
2020-06-28 18:00:00,405,223,182
2020-06-28 19:00:00,406,218,188
2020-06-28 20:00:00,320,142,178
2020-06-28 21:00:00,214,78,136
2020-06-28 22:00:00,31,12,19
2020-06-28 23:00:00,14,9,5
2020-06-29 00:00:00,2,1,1
2020-06-29 01:00:00,1,0,1
2020-06-29 02:00:00,1,0,1
2020-06-29 03:00:00,6,4,2
2020-06-29 04:00:00,4,3,1
2020-06-29 05:00:00,23,15,8
2020-06-29 06:00:00,76,44,32
2020-06-29 07:00:00,123,66,57
2020-06-29 08:00:00,137,65,72
2020-06-29 09:00:00,99,55,44
2020-06-29 10:00:00,115,67,48
2020-06-29 11:00:00,178,110,68
2020-06-29 12:00:00,202,100,102
2020-06-29 13:00:00,228,129,99
2020-06-29 14:00:00,228,126,102
2020-06-29 15:00:00,434,323,111
2020-06-29 16:00:00,439,294,145
2020-06-29 17:00:00,426,242,184
2020-06-29 18:00:00,472,251,221
2020-06-29 19:00:00,385,183,202
2020-06-29 20:00:00,302,142,160
2020-06-29 21:00:00,173,58,115
2020-06-29 22:00:00,32,11,21
2020-06-29 23:00:00,8,3,5
2020-06-30 00:00:00,4,2,2
2020-06-30 01:00:00,0,0,0
2020-06-30 02:00:00,1,1,0
2020-06-30 03:00:00,1,1,0
2020-06-30 04:00:00,3,2,1
2020-06-30 05:00:00,15,8,7
2020-06-30 06:00:00,72,46,26
2020-06-30 07:00:00,100,48,52
2020-06-30 08:00:00,159,112,47
2020-06-30 09:00:00,74,41,33
2020-06-30 10:00:00,66,38,28
2020-06-30 11:00:00,201,154,47
2020-06-30 12:00:00,159,79,80
2020-06-30 13:00:00,117,58,59
2020-06-30 14:00:00,129,68,61
2020-06-30 15:00:00,227,121,106
2020-06-30 16:00:00,215,111,104
2020-06-30 17:00:00,274,149,125
2020-06-30 18:00:00,403,227,176
2020-06-30 19:00:00,308,141,167
2020-06-30 20:00:00,199,85,114
2020-06-30 21:00:00,97,38,59
2020-06-30 22:00:00,22,8,14
2020-06-30 23:00:00,8,2,6
2020-07-01 00:00:00,4,2,2
2020-07-01 01:00:00,2,2,0
2020-07-01 02:00:00,2,2,0
2020-07-01 03:00:00,23,21,2
2020-07-01 04:00:00,3,2,1
2020-07-01 05:00:00,16,10,6
2020-07-01 06:00:00,90,59,31
2020-07-01 07:00:00,125,66,59
2020-07-01 08:00:00,86,34,52
2020-07-01 09:00:00,123,83,40
2020-07-01 10:00:00,162,115,47
2020-07-01 11:00:00,155,84,71
2020-07-01 12:00:00,150,67,83
2020-07-01 13:00:00,154,86,68
2020-07-01 14:00:00,165,95,70
2020-07-01 15:00:00,204,119,85
2020-07-01 16:00:00,210,101,109
2020-07-01 17:00:00,223,136,87
2020-07-01 18:00:00,331,178,153
2020-07-01 19:00:00,311,148,163
2020-07-01 20:00:00,236,110,126
2020-07-01 21:00:00,113,41,72
2020-07-01 22:00:00,60,44,16
2020-07-01 23:00:00,7,3,4
2020-07-02 00:00:00,1,0,1
2020-07-02 01:00:00,2,1,1
2020-07-02 02:00:00,2,2,0
2020-07-02 03:00:00,0,0,0
2020-07-02 04:00:00,2,1,1
2020-07-02 05:00:00,9,6,3
2020-07-02 06:00:00,91,54,37
2020-07-02 07:00:00,136,79,57
2020-07-02 08:00:00,90,38,52
2020-07-02 09:00:00,119,78,41
2020-07-02 10:00:00,128,70,58
2020-07-02 11:00:00,126,67,59
2020-07-02 12:00:00,125,59,66
2020-07-02 13:00:00,140,94,46
2020-07-02 14:00:00,226,120,106
2020-07-02 15:00:00,182,95,87
2020-07-02 16:00:00,221,117,104
2020-07-02 17:00:00,308,182,126
2020-07-02 18:00:00,367,193,174
2020-07-02 19:00:00,352,178,174
2020-07-02 20:00:00,239,105,134
2020-07-02 21:00:00,122,49,73
2020-07-02 22:00:00,30,16,14
2020-07-02 23:00:00,7,3,4
2020-07-03 00:00:00,0,0,0
2020-07-03 01:00:00,4,2,2
2020-07-03 02:00:00,0,0,0
2020-07-03 03:00:00,0,0,0
2020-07-03 04:00:00,3,2,1
2020-07-03 05:00:00,12,8,4
2020-07-03 06:00:00,41,24,17
2020-07-03 07:00:00,81,39,42
2020-07-03 08:00:00,132,67,65
2020-07-03 09:00:00,142,73,69
2020-07-03 10:00:00,224,124,100
2020-07-03 11:00:00,212,105,107
2020-07-03 12:00:00,229,115,114
2020-07-03 13:00:00,269,135,134
2020-07-03 14:00:00,259,129,130
2020-07-03 15:00:00,227,107,120
2020-07-03 16:00:00,276,137,139
2020-07-03 17:00:00,276,141,135
2020-07-03 18:00:00,258,138,120
2020-07-03 19:00:00,254,139,115
2020-07-03 20:00:00,219,99,120
2020-07-03 21:00:00,152,60,92
2020-07-03 22:00:00,91,72,19
2020-07-03 23:00:00,11,4,7
2020-07-04 00:00:00,13,9,4
2020-07-04 01:00:00,3,3,0
2020-07-04 02:00:00,0,0,0
2020-07-04 03:00:00,0,0,0
2020-07-04 04:00:00,0,0,0
2020-07-04 05:00:00,5,4,1
2020-07-04 06:00:00,27,16,11
2020-07-04 07:00:00,87,54,33
2020-07-04 08:00:00,108,59,49
2020-07-04 09:00:00,177,94,83
2020-07-04 10:00:00,247,146,101
2020-07-04 11:00:00,310,157,153
2020-07-04 12:00:00,298,144,154
2020-07-04 13:00:00,324,177,147
2020-07-04 14:00:00,383,227,156
2020-07-04 15:00:00,458,299,159
2020-07-04 16:00:00,655,473,182
2020-07-04 17:00:00,512,371,141
2020-07-04 18:00:00,500,319,181
2020-07-04 19:00:00,431,245,186
2020-07-04 20:00:00,233,100,133
2020-07-04 21:00:00,118,37,81
2020-07-04 22:00:00,24,9,15
2020-07-04 23:00:00,7,1,6
2020-07-05 00:00:00,1,0,1
2020-07-05 01:00:00,4,4,0
2020-07-05 02:00:00,1,0,1
2020-07-05 03:00:00,1,0,1
2020-07-05 04:00:00,1,1,0
2020-07-05 05:00:00,4,2,2
2020-07-05 06:00:00,27,16,11
2020-07-05 07:00:00,92,55,37
2020-07-05 08:00:00,133,69,64
2020-07-05 09:00:00,189,104,85
2020-07-05 10:00:00,286,150,136
2020-07-05 11:00:00,348,182,166
2020-07-05 12:00:00,354,188,166
2020-07-05 13:00:00,341,189,152
2020-07-05 14:00:00,397,225,172
2020-07-05 15:00:00,464,268,196
2020-07-05 16:00:00,508,300,208
2020-07-05 17:00:00,510,320,190
2020-07-05 18:00:00,465,316,149
2020-07-05 19:00:00,510,333,177
2020-07-05 20:00:00,261,110,151
2020-07-05 21:00:00,167,52,115
2020-07-05 22:00:00,16,3,13
2020-07-05 23:00:00,0,0,0
2020-07-06 00:00:00,2,1,1
2020-07-06 01:00:00,4,3,1
2020-07-06 02:00:00,21,19,2
2020-07-06 03:00:00,6,6,0
2020-07-06 04:00:00,3,2,1
2020-07-06 05:00:00,26,16,10
2020-07-06 06:00:00,112,81,31
2020-07-06 07:00:00,175,96,79
2020-07-06 08:00:00,155,89,66
2020-07-06 09:00:00,153,77,76
2020-07-06 10:00:00,153,81,72
2020-07-06 11:00:00,182,86,96
2020-07-06 12:00:00,262,140,122
2020-07-06 13:00:00,221,120,101
2020-07-06 14:00:00,240,153,87
2020-07-06 15:00:00,333,208,125
2020-07-06 16:00:00,359,221,138
2020-07-06 17:00:00,483,313,170
2020-07-06 18:00:00,549,325,224
2020-07-06 19:00:00,477,256,221
2020-07-06 20:00:00,320,138,182
2020-07-06 21:00:00,130,39,91
2020-07-06 22:00:00,36,17,19
2020-07-06 23:00:00,1,1,0
2020-07-07 00:00:00,4,2,2
2020-07-07 01:00:00,0,0,0
2020-07-07 02:00:00,4,4,0
2020-07-07 03:00:00,2,2,0
2020-07-07 04:00:00,2,1,1
2020-07-07 05:00:00,13,6,7
2020-07-07 06:00:00,84,50,34
2020-07-07 07:00:00,196,102,94
2020-07-07 08:00:00,170,105,65
2020-07-07 09:00:00,142,68,74
2020-07-07 10:00:00,143,71,72
2020-07-07 11:00:00,120,64,56
2020-07-07 12:00:00,168,92,76
2020-07-07 13:00:00,148,80,68
2020-07-07 14:00:00,178,98,80
2020-07-07 15:00:00,170,95,75
2020-07-07 16:00:00,252,150,102
2020-07-07 17:00:00,342,202,140
2020-07-07 18:00:00,443,249,194
2020-07-07 19:00:00,357,166,191
2020-07-07 20:00:00,264,109,155
2020-07-07 21:00:00,144,51,93
2020-07-07 22:00:00,62,38,24
2020-07-07 23:00:00,4,1,3
2020-07-08 00:00:00,1,1,0
2020-07-08 01:00:00,2,1,1
2020-07-08 02:00:00,0,0,0
2020-07-08 03:00:00,2,2,0
2020-07-08 04:00:00,2,0,2
2020-07-08 05:00:00,22,14,8
2020-07-08 06:00:00,93,59,34
2020-07-08 07:00:00,182,87,95
2020-07-08 08:00:00,158,76,82
2020-07-08 09:00:00,118,59,59
2020-07-08 10:00:00,139,86,53
2020-07-08 11:00:00,132,66,66
2020-07-08 12:00:00,225,123,102
2020-07-08 13:00:00,173,97,76
2020-07-08 14:00:00,267,169,98
2020-07-08 15:00:00,422,307,115
2020-07-08 16:00:00,515,373,142
2020-07-08 17:00:00,560,381,179
2020-07-08 18:00:00,633,403,230
2020-07-08 19:00:00,554,298,256
2020-07-08 20:00:00,386,183,203
2020-07-08 21:00:00,173,50,123
2020-07-08 22:00:00,56,28,28
2020-07-08 23:00:00,9,6,3
2020-07-09 00:00:00,3,2,1
2020-07-09 01:00:00,3,2,1
2020-07-09 02:00:00,0,0,0
2020-07-09 03:00:00,2,2,0
2020-07-09 04:00:00,4,2,2
2020-07-09 05:00:00,19,11,8
2020-07-09 06:00:00,86,51,35
2020-07-09 07:00:00,137,71,66
2020-07-09 08:00:00,176,130,46
2020-07-09 09:00:00,131,82,49
2020-07-09 10:00:00,149,89,60
2020-07-09 11:00:00,146,93,53
2020-07-09 12:00:00,191,97,94
2020-07-09 13:00:00,150,72,78
2020-07-09 14:00:00,186,92,94
2020-07-09 15:00:00,164,85,79
2020-07-09 16:00:00,236,152,84
2020-07-09 17:00:00,503,346,157
2020-07-09 18:00:00,642,436,206
2020-07-09 19:00:00,566,347,219
2020-07-09 20:00:00,395,183,212
2020-07-09 21:00:00,190,63,127
2020-07-09 22:00:00,31,10,21
2020-07-09 23:00:00,13,6,7
2020-07-10 00:00:00,11,6,5
2020-07-10 01:00:00,0,0,0
2020-07-10 02:00:00,0,0,0
2020-07-10 03:00:00,1,0,1
2020-07-10 04:00:00,7,4,3
2020-07-10 05:00:00,34,24,10
2020-07-10 06:00:00,94,53,41
2020-07-10 07:00:00,138,69,69
2020-07-10 08:00:00,110,55,55
2020-07-10 09:00:00,134,63,71
2020-07-10 10:00:00,169,92,77
2020-07-10 11:00:00,164,67,97
2020-07-10 12:00:00,216,127,89
2020-07-10 13:00:00,232,121,111
2020-07-10 14:00:00,254,152,102
2020-07-10 15:00:00,350,238,112
2020-07-10 16:00:00,406,290,116
2020-07-10 17:00:00,471,295,176
2020-07-10 18:00:00,512,328,184
2020-07-10 19:00:00,632,387,245
2020-07-10 20:00:00,431,186,245
2020-07-10 21:00:00,231,74,157
2020-07-10 22:00:00,49,21,28
2020-07-10 23:00:00,21,17,4
2020-07-11 00:00:00,11,8,3
2020-07-11 01:00:00,13,13,0
2020-07-11 02:00:00,1,0,1
2020-07-11 03:00:00,2,2,0
2020-07-11 04:00:00,4,3,1
2020-07-11 05:00:00,19,15,4
2020-07-11 06:00:00,46,31,15
2020-07-11 07:00:00,122,64,58
2020-07-11 08:00:00,167,99,68
2020-07-11 09:00:00,208,122,86
2020-07-11 10:00:00,275,150,125
2020-07-11 11:00:00,306,158,148
2020-07-11 12:00:00,245,123,122
2020-07-11 13:00:00,259,125,134
2020-07-11 14:00:00,262,120,142
2020-07-11 15:00:00,226,125,101
2020-07-11 16:00:00,206,97,109
2020-07-11 17:00:00,237,131,106
2020-07-11 18:00:00,254,106,148
2020-07-11 19:00:00,147,78,69
2020-07-11 20:00:00,148,68,80
2020-07-11 21:00:00,63,16,47
2020-07-11 22:00:00,19,11,8
2020-07-11 23:00:00,10,6,4
2020-07-12 00:00:00,2,1,1
2020-07-12 01:00:00,0,0,0
2020-07-12 02:00:00,2,1,1
2020-07-12 03:00:00,4,3,1
2020-07-12 04:00:00,1,0,1
2020-07-12 05:00:00,2,1,1
2020-07-12 06:00:00,20,16,4
2020-07-12 07:00:00,69,32,37
2020-07-12 08:00:00,86,50,36
2020-07-12 09:00:00,114,78,36
2020-07-12 10:00:00,188,121,67
2020-07-12 11:00:00,269,144,125
2020-07-12 12:00:00,298,145,153
2020-07-12 13:00:00,298,167,131
2020-07-12 14:00:00,341,188,153
2020-07-12 15:00:00,394,233,161
2020-07-12 16:00:00,457,271,186
2020-07-12 17:00:00,536,320,216
2020-07-12 18:00:00,368,179,189
2020-07-12 19:00:00,326,155,171
2020-07-12 20:00:00,223,72,151
2020-07-12 21:00:00,104,38,66
2020-07-12 22:00:00,9,2,7
2020-07-12 23:00:00,1,1,0
2020-07-13 00:00:00,8,8,0
2020-07-13 01:00:00,0,0,0
2020-07-13 02:00:00,0,0,0
2020-07-13 03:00:00,2,1,1
2020-07-13 04:00:00,9,9,0
2020-07-13 05:00:00,21,16,5
2020-07-13 06:00:00,123,77,46
2020-07-13 07:00:00,194,97,97
2020-07-13 08:00:00,149,79,70
2020-07-13 09:00:00,153,88,65
2020-07-13 10:00:00,229,144,85
2020-07-13 11:00:00,590,470,120
2020-07-13 12:00:00,250,136,114
2020-07-13 13:00:00,249,111,138
2020-07-13 14:00:00,248,143,105
2020-07-13 15:00:00,390,263,127
2020-07-13 16:00:00,470,330,140
2020-07-13 17:00:00,592,404,188
2020-07-13 18:00:00,687,422,265
2020-07-13 19:00:00,564,295,269
2020-07-13 20:00:00,414,177,237
2020-07-13 21:00:00,190,66,124
2020-07-13 22:00:00,25,7,18
2020-07-13 23:00:00,8,3,5
2020-07-14 00:00:00,0,0,0
2020-07-14 01:00:00,4,2,2
2020-07-14 02:00:00,1,0,1
2020-07-14 03:00:00,2,2,0
2020-07-14 04:00:00,4,4,0
2020-07-14 05:00:00,22,15,7
2020-07-14 06:00:00,133,76,57
2020-07-14 07:00:00,209,106,103
2020-07-14 08:00:00,236,134,102
2020-07-14 09:00:00,143,67,76
2020-07-14 10:00:00,177,84,93
2020-07-14 11:00:00,190,105,85
2020-07-14 12:00:00,232,113,119
2020-07-14 13:00:00,276,159,117
2020-07-14 14:00:00,211,118,93
2020-07-14 15:00:00,297,184,113
2020-07-14 16:00:00,400,275,125
2020-07-14 17:00:00,475,315,160
2020-07-14 18:00:00,617,393,224
2020-07-14 19:00:00,561,318,243
2020-07-14 20:00:00,416,192,224
2020-07-14 21:00:00,229,71,158
2020-07-14 22:00:00,50,24,26
2020-07-14 23:00:00,16,5,11
2020-07-15 00:00:00,5,3,2
2020-07-15 01:00:00,2,1,1
2020-07-15 02:00:00,9,6,3
2020-07-15 03:00:00,3,2,1
2020-07-15 04:00:00,5,4,1
2020-07-15 05:00:00,27,16,11
2020-07-15 06:00:00,129,77,52
2020-07-15 07:00:00,183,98,85
2020-07-15 08:00:00,182,83,99
2020-07-15 09:00:00,152,69,83
2020-07-15 10:00:00,189,93,96
2020-07-15 11:00:00,200,98,102
2020-07-15 12:00:00,254,141,113
2020-07-15 13:00:00,214,110,104
2020-07-15 14:00:00,189,93,96
2020-07-15 15:00:00,237,146,91
2020-07-15 16:00:00,405,289,116
2020-07-15 17:00:00,531,381,150
2020-07-15 18:00:00,536,311,225
2020-07-15 19:00:00,462,273,189
2020-07-15 20:00:00,435,207,228
2020-07-15 21:00:00,197,67,130
2020-07-15 22:00:00,62,25,37
2020-07-15 23:00:00,36,26,10
2020-07-16 00:00:00,1,1,0
2020-07-16 01:00:00,7,5,2
2020-07-16 02:00:00,9,9,0
2020-07-16 03:00:00,2,1,1
2020-07-16 04:00:00,2,2,0
2020-07-16 05:00:00,21,15,6
2020-07-16 06:00:00,123,74,49
2020-07-16 07:00:00,195,107,88
2020-07-16 08:00:00,197,99,98
2020-07-16 09:00:00,147,71,76
2020-07-16 10:00:00,174,91,83
2020-07-16 11:00:00,181,87,94
2020-07-16 12:00:00,247,132,115
2020-07-16 13:00:00,344,195,149
2020-07-16 14:00:00,322,173,149
2020-07-16 15:00:00,172,98,74
2020-07-16 16:00:00,273,141,132
2020-07-16 17:00:00,364,202,162
2020-07-16 18:00:00,417,240,177
2020-07-16 19:00:00,374,182,192
2020-07-16 20:00:00,275,121,154
2020-07-16 21:00:00,135,37,98
2020-07-16 22:00:00,31,11,20
2020-07-16 23:00:00,4,0,4
2020-07-17 00:00:00,1,1,0
2020-07-17 01:00:00,3,1,2
2020-07-17 02:00:00,0,0,0
2020-07-17 03:00:00,2,2,0
2020-07-17 04:00:00,2,1,1
2020-07-17 05:00:00,39,31,8
2020-07-17 06:00:00,92,51,41
2020-07-17 07:00:00,131,77,54
2020-07-17 08:00:00,150,75,75
2020-07-17 09:00:00,148,90,58
2020-07-17 10:00:00,128,62,66
2020-07-17 11:00:00,131,71,60
2020-07-17 12:00:00,142,67,75
2020-07-17 13:00:00,87,41,46
2020-07-17 14:00:00,133,65,68
2020-07-17 15:00:00,150,84,66
2020-07-17 16:00:00,188,97,91
2020-07-17 17:00:00,272,149,123
2020-07-17 18:00:00,305,168,137
2020-07-17 19:00:00,316,159,157
2020-07-17 20:00:00,266,114,152
2020-07-17 21:00:00,138,42,96
2020-07-17 22:00:00,34,13,21
2020-07-17 23:00:00,11,4,7
2020-07-18 00:00:00,7,3,4
2020-07-18 01:00:00,4,0,4
2020-07-18 02:00:00,3,1,2
2020-07-18 03:00:00,0,0,0
2020-07-18 04:00:00,4,4,0
2020-07-18 05:00:00,10,6,4
2020-07-18 06:00:00,50,33,17
2020-07-18 07:00:00,136,75,61
2020-07-18 08:00:00,182,106,76
2020-07-18 09:00:00,264,130,134
2020-07-18 10:00:00,342,183,159
2020-07-18 11:00:00,408,229,179
2020-07-18 12:00:00,348,150,198
2020-07-18 13:00:00,309,166,143
2020-07-18 14:00:00,326,154,172
2020-07-18 15:00:00,389,210,179
2020-07-18 16:00:00,502,330,172
2020-07-18 17:00:00,530,328,202
2020-07-18 18:00:00,416,238,178
2020-07-18 19:00:00,351,184,167
2020-07-18 20:00:00,324,148,176
2020-07-18 21:00:00,218,70,148
2020-07-18 22:00:00,49,18,31
2020-07-18 23:00:00,21,6,15
2020-07-19 00:00:00,8,3,5
2020-07-19 01:00:00,2,1,1
2020-07-19 02:00:00,1,1,0
2020-07-19 03:00:00,0,0,0
2020-07-19 04:00:00,1,1,0
2020-07-19 05:00:00,11,8,3
2020-07-19 06:00:00,40,27,13
2020-07-19 07:00:00,100,50,50
2020-07-19 08:00:00,183,103,80
2020-07-19 09:00:00,241,136,105
2020-07-19 10:00:00,323,157,166
2020-07-19 11:00:00,354,184,170
2020-07-19 12:00:00,290,143,147
2020-07-19 13:00:00,282,141,141
2020-07-19 14:00:00,354,206,148
2020-07-19 15:00:00,381,200,181
2020-07-19 16:00:00,392,260,132
2020-07-19 17:00:00,432,303,129
2020-07-19 18:00:00,412,246,166
2020-07-19 19:00:00,292,151,141
2020-07-19 20:00:00,302,144,158
2020-07-19 21:00:00,193,59,134
2020-07-19 22:00:00,30,12,18
2020-07-19 23:00:00,11,3,8
2020-07-20 00:00:00,6,2,4
2020-07-20 01:00:00,0,0,0
2020-07-20 02:00:00,0,0,0
2020-07-20 03:00:00,2,1,1
2020-07-20 04:00:00,2,1,1
2020-07-20 05:00:00,20,13,7
2020-07-20 06:00:00,127,81,46
2020-07-20 07:00:00,213,105,108
2020-07-20 08:00:00,213,112,101
2020-07-20 09:00:00,180,91,89
2020-07-20 10:00:00,276,150,126
2020-07-20 11:00:00,187,91,96
2020-07-20 12:00:00,207,100,107
2020-07-20 13:00:00,163,101,62
2020-07-20 14:00:00,165,75,90
2020-07-20 15:00:00,273,200,73
2020-07-20 16:00:00,382,287,95
2020-07-20 17:00:00,474,345,129
2020-07-20 18:00:00,519,333,186
2020-07-20 19:00:00,478,270,208
2020-07-20 20:00:00,442,218,224
2020-07-20 21:00:00,272,88,184
2020-07-20 22:00:00,31,10,21
2020-07-20 23:00:00,14,5,9
2020-07-21 00:00:00,0,0,0
2020-07-21 01:00:00,4,2,2
2020-07-21 02:00:00,1,0,1
2020-07-21 03:00:00,6,4,2
2020-07-21 04:00:00,2,2,0
2020-07-21 05:00:00,25,20,5
2020-07-21 06:00:00,151,92,59
2020-07-21 07:00:00,222,111,111
2020-07-21 08:00:00,246,136,110
2020-07-21 09:00:00,212,103,109
2020-07-21 10:00:00,182,96,86
2020-07-21 11:00:00,206,97,109
2020-07-21 12:00:00,221,115,106
2020-07-21 13:00:00,175,91,84
2020-07-21 14:00:00,171,101,70
2020-07-21 15:00:00,207,112,95
2020-07-21 16:00:00,278,171,107
2020-07-21 17:00:00,355,223,132
2020-07-21 18:00:00,451,260,191
2020-07-21 19:00:00,547,287,260
2020-07-21 20:00:00,446,223,223
2020-07-21 21:00:00,243,78,165
2020-07-21 22:00:00,46,17,29
2020-07-21 23:00:00,17,9,8
2020-07-22 00:00:00,2,0,2
2020-07-22 01:00:00,1,1,0
2020-07-22 02:00:00,0,0,0
2020-07-22 03:00:00,2,1,1
2020-07-22 04:00:00,1,1,0
2020-07-22 05:00:00,11,9,2
2020-07-22 06:00:00,117,72,45
2020-07-22 07:00:00,219,126,93
2020-07-22 08:00:00,203,112,91
2020-07-22 09:00:00,160,87,73
2020-07-22 10:00:00,166,89,77
2020-07-22 11:00:00,172,106,66
2020-07-22 12:00:00,170,90,80
2020-07-22 13:00:00,176,103,73
2020-07-22 14:00:00,140,77,63
2020-07-22 15:00:00,159,86,73
2020-07-22 16:00:00,215,112,103
2020-07-22 17:00:00,379,219,160
2020-07-22 18:00:00,420,246,174
2020-07-22 19:00:00,450,252,198
2020-07-22 20:00:00,374,160,214
2020-07-22 21:00:00,212,81,131
2020-07-22 22:00:00,24,8,16
2020-07-22 23:00:00,5,4,1
2020-07-23 00:00:00,7,4,3
2020-07-23 01:00:00,1,0,1
2020-07-23 02:00:00,0,0,0
2020-07-23 03:00:00,1,1,0
2020-07-23 04:00:00,1,1,0
2020-07-23 05:00:00,20,15,5
2020-07-23 06:00:00,95,53,42
2020-07-23 07:00:00,151,83,68
2020-07-23 08:00:00,196,99,97
2020-07-23 09:00:00,149,83,66
2020-07-23 10:00:00,141,71,70
2020-07-23 11:00:00,147,71,76
2020-07-23 12:00:00,209,113,96
2020-07-23 13:00:00,184,88,96
2020-07-23 14:00:00,151,79,72
2020-07-23 15:00:00,219,121,98
2020-07-23 16:00:00,219,112,107
2020-07-23 17:00:00,295,154,141
2020-07-23 18:00:00,391,225,166
2020-07-23 19:00:00,395,204,191
2020-07-23 20:00:00,313,118,195
2020-07-23 21:00:00,76,25,51
2020-07-23 22:00:00,25,6,19
2020-07-23 23:00:00,6,1,5
2020-07-24 00:00:00,2,1,1
2020-07-24 01:00:00,3,1,2
2020-07-24 02:00:00,0,0,0
2020-07-24 03:00:00,1,1,0
2020-07-24 04:00:00,4,3,1
2020-07-24 05:00:00,20,12,8
2020-07-24 06:00:00,82,49,33
2020-07-24 07:00:00,161,93,68
2020-07-24 08:00:00,172,82,90
2020-07-24 09:00:00,164,75,89
2020-07-24 10:00:00,168,86,82
2020-07-24 11:00:00,164,70,94
2020-07-24 12:00:00,174,89,85
2020-07-24 13:00:00,148,70,78
2020-07-24 14:00:00,128,75,53
2020-07-24 15:00:00,209,101,108
2020-07-24 16:00:00,229,119,110
2020-07-24 17:00:00,248,139,109
2020-07-24 18:00:00,257,140,117
2020-07-24 19:00:00,329,152,177
2020-07-24 20:00:00,245,121,124
2020-07-24 21:00:00,137,53,84
2020-07-24 22:00:00,24,8,16
2020-07-24 23:00:00,8,5,3
2020-07-25 00:00:00,11,6,5
2020-07-25 01:00:00,7,5,2
2020-07-25 02:00:00,1,0,1
2020-07-25 03:00:00,0,0,0
2020-07-25 04:00:00,3,2,1
2020-07-25 05:00:00,11,7,4
2020-07-25 06:00:00,46,27,19
2020-07-25 07:00:00,120,82,38
2020-07-25 08:00:00,159,79,80
2020-07-25 09:00:00,262,143,119
2020-07-25 10:00:00,302,177,125
2020-07-25 11:00:00,326,141,185
2020-07-25 12:00:00,282,145,137
2020-07-25 13:00:00,288,143,145
2020-07-25 14:00:00,313,158,155
2020-07-25 15:00:00,329,190,139
2020-07-25 16:00:00,409,262,147
2020-07-25 17:00:00,420,276,144
2020-07-25 18:00:00,552,409,143
2020-07-25 19:00:00,413,256,157
2020-07-25 20:00:00,322,158,164
2020-07-25 21:00:00,181,51,130
2020-07-25 22:00:00,33,12,21
2020-07-25 23:00:00,12,6,6
2020-07-26 00:00:00,10,5,5
2020-07-26 01:00:00,0,0,0
2020-07-26 02:00:00,8,2,6
2020-07-26 03:00:00,2,1,1
2020-07-26 04:00:00,1,1,0
2020-07-26 05:00:00,9,6,3
2020-07-26 06:00:00,26,16,10
2020-07-26 07:00:00,97,57,40
2020-07-26 08:00:00,192,118,74
2020-07-26 09:00:00,293,144,149
2020-07-26 10:00:00,313,174,139
2020-07-26 11:00:00,355,171,184
2020-07-26 12:00:00,292,139,153
2020-07-26 13:00:00,332,172,160
2020-07-26 14:00:00,452,315,137
2020-07-26 15:00:00,411,269,142
2020-07-26 16:00:00,419,280,139
2020-07-26 17:00:00,424,266,158
2020-07-26 18:00:00,355,199,156
2020-07-26 19:00:00,365,198,167
2020-07-26 20:00:00,307,148,159
2020-07-26 21:00:00,157,52,105
2020-07-26 22:00:00,24,7,17
2020-07-26 23:00:00,10,6,4
2020-07-27 00:00:00,9,5,4
2020-07-27 01:00:00,3,1,2
2020-07-27 02:00:00,1,0,1
2020-07-27 03:00:00,4,3,1
2020-07-27 04:00:00,3,2,1
2020-07-27 05:00:00,76,66,10
2020-07-27 06:00:00,133,77,56
2020-07-27 07:00:00,232,117,115
2020-07-27 08:00:00,193,94,99
2020-07-27 09:00:00,145,77,68
2020-07-27 10:00:00,176,92,84
2020-07-27 11:00:00,160,83,77
2020-07-27 12:00:00,219,107,112
2020-07-27 13:00:00,165,86,79
2020-07-27 14:00:00,130,66,64
2020-07-27 15:00:00,201,134,67
2020-07-27 16:00:00,197,129,68
2020-07-27 17:00:00,313,201,112
2020-07-27 18:00:00,495,322,173
2020-07-27 19:00:00,437,227,210
2020-07-27 20:00:00,408,204,204
2020-07-27 21:00:00,205,46,159
2020-07-27 22:00:00,38,16,22
2020-07-27 23:00:00,22,17,5
2020-07-28 00:00:00,1,0,1
2020-07-28 01:00:00,2,1,1
2020-07-28 02:00:00,3,1,2
2020-07-28 03:00:00,2,2,0
2020-07-28 04:00:00,2,2,0
2020-07-28 05:00:00,29,17,12
2020-07-28 06:00:00,146,83,63
2020-07-28 07:00:00,225,118,107
2020-07-28 08:00:00,220,120,100
2020-07-28 09:00:00,151,79,72
2020-07-28 10:00:00,134,64,70
2020-07-28 11:00:00,192,109,83
2020-07-28 12:00:00,228,113,115
2020-07-28 13:00:00,199,105,94
2020-07-28 14:00:00,182,97,85
2020-07-28 15:00:00,180,89,91
2020-07-28 16:00:00,299,197,102
2020-07-28 17:00:00,382,214,168
2020-07-28 18:00:00,426,257,169
2020-07-28 19:00:00,494,273,221
2020-07-28 20:00:00,443,195,248
2020-07-28 21:00:00,210,57,153
2020-07-28 22:00:00,36,11,25
2020-07-28 23:00:00,0,0,0
2020-07-29 00:00:00,14,14,0
2020-07-29 01:00:00,1,1,0
2020-07-29 02:00:00,0,0,0
2020-07-29 03:00:00,4,4,0
2020-07-29 04:00:00,9,8,1
2020-07-29 05:00:00,24,19,5
2020-07-29 06:00:00,131,83,48
2020-07-29 07:00:00,209,107,102
2020-07-29 08:00:00,223,103,120
2020-07-29 09:00:00,183,85,98
2020-07-29 10:00:00,187,99,88
2020-07-29 11:00:00,211,117,94
2020-07-29 12:00:00,257,142,115
2020-07-29 13:00:00,248,151,97
2020-07-29 14:00:00,153,87,66
2020-07-29 15:00:00,223,128,95
2020-07-29 16:00:00,269,170,99
2020-07-29 17:00:00,448,330,118
2020-07-29 18:00:00,528,333,195
2020-07-29 19:00:00,528,313,215
2020-07-29 20:00:00,403,197,206
2020-07-29 21:00:00,211,58,153
2020-07-29 22:00:00,42,8,34
2020-07-29 23:00:00,3,2,1
2020-07-30 00:00:00,1,1,0
2020-07-30 01:00:00,0,0,0
2020-07-30 02:00:00,0,0,0
2020-07-30 03:00:00,1,1,0
2020-07-30 04:00:00,1,0,1
2020-07-30 05:00:00,24,15,9
2020-07-30 06:00:00,115,71,44
2020-07-30 07:00:00,231,117,114
2020-07-30 08:00:00,209,101,108
2020-07-30 09:00:00,163,85,78
2020-07-30 10:00:00,192,110,82
2020-07-30 11:00:00,218,102,116
2020-07-30 12:00:00,215,110,105
2020-07-30 13:00:00,175,99,76
2020-07-30 14:00:00,172,111,61
2020-07-30 15:00:00,231,154,77
2020-07-30 16:00:00,312,228,84
2020-07-30 17:00:00,417,294,123
2020-07-30 18:00:00,398,274,124
2020-07-30 19:00:00,429,234,195
2020-07-30 20:00:00,424,174,250
2020-07-30 21:00:00,196,61,135
2020-07-30 22:00:00,38,15,23
2020-07-30 23:00:00,10,2,8
2020-07-31 00:00:00,2,0,2
2020-07-31 01:00:00,1,1,0
2020-07-31 02:00:00,1,1,0
2020-07-31 03:00:00,1,0,1
2020-07-31 04:00:00,3,3,0
2020-07-31 05:00:00,34,22,12
2020-07-31 06:00:00,119,69,50
2020-07-31 07:00:00,213,117,96
2020-07-31 08:00:00,221,130,91
2020-07-31 09:00:00,213,102,111
2020-07-31 10:00:00,176,91,85
2020-07-31 11:00:00,161,81,80
2020-07-31 12:00:00,180,88,92
2020-07-31 13:00:00,164,89,75
2020-07-31 14:00:00,204,97,107
2020-07-31 15:00:00,187,110,77
2020-07-31 16:00:00,239,145,94
2020-07-31 17:00:00,328,210,118
2020-07-31 18:00:00,367,220,147
2020-07-31 19:00:00,372,189,183
2020-07-31 20:00:00,326,144,182
2020-07-31 21:00:00,148,30,118
2020-07-31 22:00:00,28,11,17
2020-07-31 23:00:00,10,5,5
2020-08-01 00:00:00,6,2,4
2020-08-01 01:00:00,4,2,2
2020-08-01 02:00:00,0,0,0
2020-08-01 03:00:00,5,2,3
2020-08-01 04:00:00,6,2,4
2020-08-01 05:00:00,9,5,4
2020-08-01 06:00:00,38,19,19
2020-08-01 07:00:00,88,57,31
2020-08-01 08:00:00,168,88,80
2020-08-01 09:00:00,215,118,97
2020-08-01 10:00:00,258,130,128
2020-08-01 11:00:00,235,114,121
2020-08-01 12:00:00,318,186,132
2020-08-01 13:00:00,236,106,130
2020-08-01 14:00:00,224,116,108
2020-08-01 15:00:00,248,127,121
2020-08-01 16:00:00,316,193,123
2020-08-01 17:00:00,322,188,134
2020-08-01 18:00:00,299,178,121
2020-08-01 19:00:00,289,154,135
2020-08-01 20:00:00,340,153,187
2020-08-01 21:00:00,138,27,111
2020-08-01 22:00:00,24,14,10
2020-08-01 23:00:00,14,2,12
2020-08-02 00:00:00,5,5,0
2020-08-02 01:00:00,0,0,0
2020-08-02 02:00:00,3,2,1
2020-08-02 03:00:00,2,0,2
2020-08-02 04:00:00,2,1,1
2020-08-02 05:00:00,5,3,2
2020-08-02 06:00:00,30,18,12
2020-08-02 07:00:00,96,54,42
2020-08-02 08:00:00,191,114,77
2020-08-02 09:00:00,268,145,123
2020-08-02 10:00:00,296,145,151
2020-08-02 11:00:00,288,146,142
2020-08-02 12:00:00,337,171,166
2020-08-02 13:00:00,301,161,140
2020-08-02 14:00:00,266,127,139
2020-08-02 15:00:00,285,153,132
2020-08-02 16:00:00,373,236,137
2020-08-02 17:00:00,354,220,134
2020-08-02 18:00:00,390,242,148
2020-08-02 19:00:00,307,153,154
2020-08-02 20:00:00,310,140,170
2020-08-02 21:00:00,83,30,53
2020-08-02 22:00:00,14,4,10
2020-08-02 23:00:00,11,7,4
2020-08-03 00:00:00,5,4,1
2020-08-03 01:00:00,38,34,4
2020-08-03 02:00:00,9,5,4
2020-08-03 03:00:00,1,1,0
2020-08-03 04:00:00,4,2,2
2020-08-03 05:00:00,20,17,3
2020-08-03 06:00:00,172,108,64
2020-08-03 07:00:00,225,122,103
2020-08-03 08:00:00,189,95,94
2020-08-03 09:00:00,128,73,55
2020-08-03 10:00:00,151,77,74
2020-08-03 11:00:00,190,103,87
2020-08-03 12:00:00,219,101,118
2020-08-03 13:00:00,167,94,73
2020-08-03 14:00:00,191,108,83
2020-08-03 15:00:00,263,188,75
2020-08-03 16:00:00,313,220,93
2020-08-03 17:00:00,452,300,152
2020-08-03 18:00:00,486,324,162
2020-08-03 19:00:00,500,271,229
2020-08-03 20:00:00,435,184,251
2020-08-03 21:00:00,185,51,134
2020-08-03 22:00:00,22,6,16
2020-08-03 23:00:00,4,0,4
2020-08-04 00:00:00,5,2,3
2020-08-04 01:00:00,2,1,1
2020-08-04 02:00:00,1,1,0
2020-08-04 03:00:00,6,5,1
2020-08-04 04:00:00,0,0,0
2020-08-04 05:00:00,22,13,9
2020-08-04 06:00:00,115,67,48
2020-08-04 07:00:00,230,114,116
2020-08-04 08:00:00,224,116,108
2020-08-04 09:00:00,181,95,86
2020-08-04 10:00:00,149,74,75
2020-08-04 11:00:00,211,106,105
2020-08-04 12:00:00,234,121,113
2020-08-04 13:00:00,165,92,73
2020-08-04 14:00:00,211,129,82
2020-08-04 15:00:00,419,340,79
2020-08-04 16:00:00,588,486,102
2020-08-04 17:00:00,465,345,120
2020-08-04 18:00:00,562,385,177
2020-08-04 19:00:00,552,320,232
2020-08-04 20:00:00,375,167,208
2020-08-04 21:00:00,175,55,120
2020-08-04 22:00:00,28,12,16
2020-08-04 23:00:00,6,1,5
2020-08-05 00:00:00,7,2,5
2020-08-05 01:00:00,8,0,8
2020-08-05 02:00:00,3,2,1
2020-08-05 03:00:00,1,1,0
2020-08-05 04:00:00,5,3,2
2020-08-05 05:00:00,27,19,8
2020-08-05 06:00:00,120,69,51
2020-08-05 07:00:00,220,109,111
2020-08-05 08:00:00,255,126,129
2020-08-05 09:00:00,178,81,97
2020-08-05 10:00:00,166,83,83
2020-08-05 11:00:00,188,92,96
2020-08-05 12:00:00,184,104,80
2020-08-05 13:00:00,152,73,79
2020-08-05 14:00:00,149,90,59
2020-08-05 15:00:00,179,107,72
2020-08-05 16:00:00,308,208,100
2020-08-05 17:00:00,371,259,112
2020-08-05 18:00:00,428,264,164
2020-08-05 19:00:00,454,251,203
2020-08-05 20:00:00,490,215,275
2020-08-05 21:00:00,190,57,133
2020-08-05 22:00:00,40,23,17
2020-08-05 23:00:00,5,2,3
2020-08-06 00:00:00,3,1,2
2020-08-06 01:00:00,0,0,0
2020-08-06 02:00:00,3,2,1
2020-08-06 03:00:00,2,1,1
2020-08-06 04:00:00,0,0,0
2020-08-06 05:00:00,15,11,4
2020-08-06 06:00:00,65,37,28
2020-08-06 07:00:00,169,111,58
2020-08-06 08:00:00,67,30,37
2020-08-06 09:00:00,101,71,30
2020-08-06 10:00:00,63,45,18
2020-08-06 11:00:00,110,73,37
2020-08-06 12:00:00,174,98,76
2020-08-06 13:00:00,204,135,69
2020-08-06 14:00:00,220,144,76
2020-08-06 15:00:00,152,91,61
2020-08-06 16:00:00,186,140,46
2020-08-06 17:00:00,240,146,94
2020-08-06 18:00:00,358,221,137
2020-08-06 19:00:00,350,197,153
2020-08-06 20:00:00,345,165,180
2020-08-06 21:00:00,201,110,91
2020-08-06 22:00:00,135,118,17
2020-08-06 23:00:00,14,14,0
2020-08-07 00:00:00,1,1,0
2020-08-07 01:00:00,12,9,3
2020-08-07 02:00:00,17,17,0
2020-08-07 03:00:00,22,22,0
2020-08-07 04:00:00,5,5,0
2020-08-07 05:00:00,38,31,7
2020-08-07 06:00:00,97,63,34
2020-08-07 07:00:00,194,122,72
2020-08-07 08:00:00,281,147,134
2020-08-07 09:00:00,216,128,88
2020-08-07 10:00:00,217,147,70
2020-08-07 11:00:00,331,218,113
2020-08-07 12:00:00,291,161,130
2020-08-07 13:00:00,224,124,100
2020-08-07 14:00:00,245,122,123
2020-08-07 15:00:00,288,189,99
2020-08-07 16:00:00,315,195,120
2020-08-07 17:00:00,267,152,115
2020-08-07 18:00:00,306,152,154
2020-08-07 19:00:00,245,126,119
2020-08-07 20:00:00,158,50,108
2020-08-07 21:00:00,40,8,32
2020-08-07 22:00:00,13,7,6
2020-08-07 23:00:00,6,2,4
2020-08-08 00:00:00,4,2,2
2020-08-08 01:00:00,2,1,1
2020-08-08 02:00:00,1,1,0
2020-08-08 03:00:00,0,0,0
2020-08-08 04:00:00,1,1,0
2020-08-08 05:00:00,14,5,9
2020-08-08 06:00:00,31,21,10
2020-08-08 07:00:00,83,52,31
2020-08-08 08:00:00,149,81,68
2020-08-08 09:00:00,156,81,75
2020-08-08 10:00:00,403,295,108
2020-08-08 11:00:00,290,156,134
2020-08-08 12:00:00,204,118,86
2020-08-08 13:00:00,194,102,92
2020-08-08 14:00:00,242,125,117
2020-08-08 15:00:00,219,121,98
2020-08-08 16:00:00,287,162,125
2020-08-08 17:00:00,333,195,138
2020-08-08 18:00:00,311,154,157
2020-08-08 19:00:00,295,150,145
2020-08-08 20:00:00,214,96,118
2020-08-08 21:00:00,104,37,67
2020-08-08 22:00:00,15,9,6
2020-08-08 23:00:00,19,17,2
2020-08-09 00:00:00,4,1,3
2020-08-09 01:00:00,3,1,2
2020-08-09 02:00:00,3,2,1
2020-08-09 03:00:00,2,2,0
2020-08-09 04:00:00,11,10,1
2020-08-09 05:00:00,7,6,1
2020-08-09 06:00:00,41,29,12
2020-08-09 07:00:00,98,68,30
2020-08-09 08:00:00,212,130,82
2020-08-09 09:00:00,284,161,123
2020-08-09 10:00:00,378,207,171
2020-08-09 11:00:00,351,187,164
2020-08-09 12:00:00,320,177,143
2020-08-09 13:00:00,318,167,151
2020-08-09 14:00:00,346,214,132
2020-08-09 15:00:00,483,278,205
2020-08-09 16:00:00,576,425,151
2020-08-09 17:00:00,531,371,160
2020-08-09 18:00:00,386,228,158
2020-08-09 19:00:00,393,216,177
2020-08-09 20:00:00,307,120,187
2020-08-09 21:00:00,100,30,70
2020-08-09 22:00:00,16,8,8
2020-08-09 23:00:00,5,1,4
2020-08-10 00:00:00,2,0,2
2020-08-10 01:00:00,0,0,0
2020-08-10 02:00:00,0,0,0
2020-08-10 03:00:00,1,1,0
2020-08-10 04:00:00,1,1,0
2020-08-10 05:00:00,14,10,4
2020-08-10 06:00:00,103,63,40
2020-08-10 07:00:00,200,105,95
2020-08-10 08:00:00,187,94,93
2020-08-10 09:00:00,170,84,86
2020-08-10 10:00:00,169,89,80
2020-08-10 11:00:00,163,82,81
2020-08-10 12:00:00,221,115,106
2020-08-10 13:00:00,207,118,89
2020-08-10 14:00:00,207,137,70
2020-08-10 15:00:00,348,249,99
2020-08-10 16:00:00,499,362,137
2020-08-10 17:00:00,560,387,173
2020-08-10 18:00:00,501,323,178
2020-08-10 19:00:00,496,268,228
2020-08-10 20:00:00,438,171,267
2020-08-10 21:00:00,118,32,86
2020-08-10 22:00:00,9,2,7
2020-08-10 23:00:00,19,15,4
2020-08-11 00:00:00,4,1,3
2020-08-11 01:00:00,2,1,1
2020-08-11 02:00:00,0,0,0
2020-08-11 03:00:00,2,1,1
2020-08-11 04:00:00,5,5,0
2020-08-11 05:00:00,21,12,9
2020-08-11 06:00:00,105,63,42
2020-08-11 07:00:00,225,129,96
2020-08-11 08:00:00,201,107,94
2020-08-11 09:00:00,174,93,81
2020-08-11 10:00:00,149,80,69
2020-08-11 11:00:00,210,115,95
2020-08-11 12:00:00,252,142,110
2020-08-11 13:00:00,145,76,69
2020-08-11 14:00:00,174,100,74
2020-08-11 15:00:00,147,82,65
2020-08-11 16:00:00,237,132,105
2020-08-11 17:00:00,332,182,150
2020-08-11 18:00:00,436,228,208
2020-08-11 19:00:00,432,226,206
2020-08-11 20:00:00,284,105,179
2020-08-11 21:00:00,75,30,45
2020-08-11 22:00:00,13,7,6
2020-08-11 23:00:00,6,2,4
2020-08-12 00:00:00,7,5,2
2020-08-12 01:00:00,1,1,0
2020-08-12 02:00:00,0,0,0
2020-08-12 03:00:00,3,3,0
2020-08-12 04:00:00,1,1,0
2020-08-12 05:00:00,19,13,6
2020-08-12 06:00:00,104,54,50
2020-08-12 07:00:00,189,97,92
2020-08-12 08:00:00,221,120,101
2020-08-12 09:00:00,156,81,75
2020-08-12 10:00:00,134,62,72
2020-08-12 11:00:00,157,77,80
2020-08-12 12:00:00,194,101,93
2020-08-12 13:00:00,120,67,53
2020-08-12 14:00:00,171,91,80
2020-08-12 15:00:00,244,170,74
2020-08-12 16:00:00,282,176,106
2020-08-12 17:00:00,302,175,127
2020-08-12 18:00:00,367,191,176
2020-08-12 19:00:00,480,238,242
2020-08-12 20:00:00,316,127,189
2020-08-12 21:00:00,99,35,64
2020-08-12 22:00:00,19,10,9
2020-08-12 23:00:00,9,6,3
2020-08-13 00:00:00,1,0,1
2020-08-13 01:00:00,2,0,2
2020-08-13 02:00:00,0,0,0
2020-08-13 03:00:00,5,5,0
2020-08-13 04:00:00,3,2,1
2020-08-13 05:00:00,11,8,3
2020-08-13 06:00:00,71,44,27
2020-08-13 07:00:00,195,112,83
2020-08-13 08:00:00,187,88,99
2020-08-13 09:00:00,173,85,88
2020-08-13 10:00:00,189,118,71
2020-08-13 11:00:00,162,84,78
2020-08-13 12:00:00,225,127,98
2020-08-13 13:00:00,196,94,102
2020-08-13 14:00:00,187,100,87
2020-08-13 15:00:00,192,108,84
2020-08-13 16:00:00,254,157,97
2020-08-13 17:00:00,394,240,154
2020-08-13 18:00:00,426,246,180
2020-08-13 19:00:00,495,254,241
2020-08-13 20:00:00,404,163,241
2020-08-13 21:00:00,98,30,68
2020-08-13 22:00:00,15,4,11
2020-08-13 23:00:00,3,3,0
2020-08-14 00:00:00,4,1,3
2020-08-14 01:00:00,2,0,2
2020-08-14 02:00:00,1,0,1
2020-08-14 03:00:00,1,0,1
2020-08-14 04:00:00,6,3,3
2020-08-14 05:00:00,18,14,4
2020-08-14 06:00:00,115,68,47
2020-08-14 07:00:00,196,99,97
2020-08-14 08:00:00,197,106,91
2020-08-14 09:00:00,174,98,76
2020-08-14 10:00:00,194,96,98
2020-08-14 11:00:00,202,119,83
2020-08-14 12:00:00,187,101,86
2020-08-14 13:00:00,210,126,84
2020-08-14 14:00:00,262,164,98
2020-08-14 15:00:00,219,128,91
2020-08-14 16:00:00,240,143,97
2020-08-14 17:00:00,259,142,117
2020-08-14 18:00:00,299,167,132
2020-08-14 19:00:00,390,223,167
2020-08-14 20:00:00,377,147,230
2020-08-14 21:00:00,143,36,107
2020-08-14 22:00:00,20,9,11
2020-08-14 23:00:00,8,4,4
2020-08-15 00:00:00,6,1,5
2020-08-15 01:00:00,5,1,4
2020-08-15 02:00:00,2,1,1
2020-08-15 03:00:00,2,1,1
2020-08-15 04:00:00,1,1,0
2020-08-15 05:00:00,5,4,1
2020-08-15 06:00:00,46,28,18
2020-08-15 07:00:00,146,99,47
2020-08-15 08:00:00,224,134,90
2020-08-15 09:00:00,300,154,146
2020-08-15 10:00:00,295,159,136
2020-08-15 11:00:00,305,144,161
2020-08-15 12:00:00,265,143,122
2020-08-15 13:00:00,235,133,102
2020-08-15 14:00:00,261,153,108
2020-08-15 15:00:00,276,160,116
2020-08-15 16:00:00,282,157,125
2020-08-15 17:00:00,276,152,124
2020-08-15 18:00:00,230,121,109
2020-08-15 19:00:00,308,166,142
2020-08-15 20:00:00,279,110,169
2020-08-15 21:00:00,98,21,77
2020-08-15 22:00:00,20,9,11
2020-08-15 23:00:00,11,3,8
2020-08-16 00:00:00,6,3,3
2020-08-16 01:00:00,7,3,4
2020-08-16 02:00:00,2,2,0
2020-08-16 03:00:00,1,0,1
2020-08-16 04:00:00,3,3,0
2020-08-16 05:00:00,9,7,2
2020-08-16 06:00:00,53,30,23
2020-08-16 07:00:00,144,89,55
2020-08-16 08:00:00,248,123,125
2020-08-16 09:00:00,332,174,158
2020-08-16 10:00:00,352,175,177
2020-08-16 11:00:00,288,132,156
2020-08-16 12:00:00,187,101,86
2020-08-16 13:00:00,157,88,69
2020-08-16 14:00:00,164,86,78
2020-08-16 15:00:00,153,60,93
2020-08-16 16:00:00,148,74,74
2020-08-16 17:00:00,196,121,75
2020-08-16 18:00:00,229,137,92
2020-08-16 19:00:00,245,134,111
2020-08-16 20:00:00,195,73,122
2020-08-16 21:00:00,58,19,39
2020-08-16 22:00:00,29,8,21
2020-08-16 23:00:00,14,6,8
2020-08-17 00:00:00,2,0,2
2020-08-17 01:00:00,2,1,1
2020-08-17 02:00:00,0,0,0
2020-08-17 03:00:00,2,2,0
2020-08-17 04:00:00,4,2,2
2020-08-17 05:00:00,24,16,8
2020-08-17 06:00:00,117,68,49
2020-08-17 07:00:00,208,109,99
2020-08-17 08:00:00,208,113,95
2020-08-17 09:00:00,187,96,91
2020-08-17 10:00:00,196,107,89
2020-08-17 11:00:00,163,70,93
2020-08-17 12:00:00,189,95,94
2020-08-17 13:00:00,129,72,57
2020-08-17 14:00:00,142,76,66
2020-08-17 15:00:00,110,59,51
2020-08-17 16:00:00,165,103,62
2020-08-17 17:00:00,250,139,111
2020-08-17 18:00:00,361,224,137
2020-08-17 19:00:00,409,206,203
2020-08-17 20:00:00,474,200,274
2020-08-17 21:00:00,110,39,71
2020-08-17 22:00:00,25,7,18
2020-08-17 23:00:00,16,5,11
2020-08-18 00:00:00,6,3,3
2020-08-18 01:00:00,3,2,1
2020-08-18 02:00:00,3,2,1
2020-08-18 03:00:00,4,3,1
2020-08-18 04:00:00,3,1,2
2020-08-18 05:00:00,15,10,5
2020-08-18 06:00:00,116,66,50
2020-08-18 07:00:00,209,110,99
2020-08-18 08:00:00,209,109,100
2020-08-18 09:00:00,160,75,85
2020-08-18 10:00:00,169,86,83
2020-08-18 11:00:00,166,91,75
2020-08-18 12:00:00,186,90,96
2020-08-18 13:00:00,162,86,76
2020-08-18 14:00:00,126,62,64
2020-08-18 15:00:00,183,106,77
2020-08-18 16:00:00,192,104,88
2020-08-18 17:00:00,304,167,137
2020-08-18 18:00:00,421,241,180
2020-08-18 19:00:00,482,257,225
2020-08-18 20:00:00,419,163,256
2020-08-18 21:00:00,83,18,65
2020-08-18 22:00:00,12,5,7
2020-08-18 23:00:00,9,3,6
2020-08-19 00:00:00,0,0,0
2020-08-19 01:00:00,2,1,1
2020-08-19 02:00:00,0,0,0
2020-08-19 03:00:00,1,1,0
2020-08-19 04:00:00,1,0,1
2020-08-19 05:00:00,13,10,3
2020-08-19 06:00:00,135,81,54
2020-08-19 07:00:00,227,118,109
2020-08-19 08:00:00,205,100,105
2020-08-19 09:00:00,196,98,98
2020-08-19 10:00:00,182,93,89
2020-08-19 11:00:00,152,83,69
2020-08-19 12:00:00,235,120,115
2020-08-19 13:00:00,175,92,83
2020-08-19 14:00:00,142,60,82
2020-08-19 15:00:00,139,69,70
2020-08-19 16:00:00,212,124,88
2020-08-19 17:00:00,278,140,138
2020-08-19 18:00:00,380,212,168
2020-08-19 19:00:00,452,227,225
2020-08-19 20:00:00,326,118,208
2020-08-19 21:00:00,61,16,45
2020-08-19 22:00:00,16,7,9
2020-08-19 23:00:00,9,4,5
2020-08-20 00:00:00,2,1,1
2020-08-20 01:00:00,1,0,1
2020-08-20 02:00:00,0,0,0
2020-08-20 03:00:00,2,1,1
2020-08-20 04:00:00,6,5,1
2020-08-20 05:00:00,19,13,6
2020-08-20 06:00:00,94,68,26
2020-08-20 07:00:00,184,111,73
2020-08-20 08:00:00,211,111,100
2020-08-20 09:00:00,164,94,70
2020-08-20 10:00:00,180,94,86
2020-08-20 11:00:00,176,97,79
2020-08-20 12:00:00,185,92,93
2020-08-20 13:00:00,154,80,74
2020-08-20 14:00:00,129,72,57
2020-08-20 15:00:00,145,74,71
2020-08-20 16:00:00,204,121,83
2020-08-20 17:00:00,290,149,141
2020-08-20 18:00:00,333,172,161
2020-08-20 19:00:00,336,176,160
2020-08-20 20:00:00,208,62,146
2020-08-20 21:00:00,30,10,20
2020-08-20 22:00:00,12,6,6
2020-08-20 23:00:00,17,7,10
2020-08-21 00:00:00,2,2,0
2020-08-21 01:00:00,0,0,0
2020-08-21 02:00:00,2,2,0
2020-08-21 03:00:00,3,1,2
2020-08-21 04:00:00,3,3,0
2020-08-21 05:00:00,19,13,6
2020-08-21 06:00:00,122,86,36
2020-08-21 07:00:00,209,121,88
2020-08-21 08:00:00,196,98,98
2020-08-21 09:00:00,198,111,87
2020-08-21 10:00:00,119,69,50
2020-08-21 11:00:00,159,112,47
2020-08-21 12:00:00,227,151,76
2020-08-21 13:00:00,151,97,54
2020-08-21 14:00:00,115,69,46
2020-08-21 15:00:00,152,93,59
2020-08-21 16:00:00,188,96,92
2020-08-21 17:00:00,227,150,77
2020-08-21 18:00:00,255,150,105
2020-08-21 19:00:00,360,197,163
2020-08-21 20:00:00,270,99,171
2020-08-21 21:00:00,40,8,32
2020-08-21 22:00:00,10,5,5
2020-08-21 23:00:00,4,3,1
2020-08-22 00:00:00,16,9,7
2020-08-22 01:00:00,0,0,0
2020-08-22 02:00:00,3,3,0
2020-08-22 03:00:00,2,0,2
2020-08-22 04:00:00,2,1,1
2020-08-22 05:00:00,7,7,0
2020-08-22 06:00:00,27,14,13
2020-08-22 07:00:00,92,53,39
2020-08-22 08:00:00,225,130,95
2020-08-22 09:00:00,258,147,111
2020-08-22 10:00:00,306,172,134
2020-08-22 11:00:00,302,166,136
2020-08-22 12:00:00,391,260,131
2020-08-22 13:00:00,313,197,116
2020-08-22 14:00:00,269,135,134
2020-08-22 15:00:00,383,204,179
2020-08-22 16:00:00,276,146,130
2020-08-22 17:00:00,298,150,148
2020-08-22 18:00:00,347,197,150
2020-08-22 19:00:00,286,129,157
2020-08-22 20:00:00,215,76,139
2020-08-22 21:00:00,47,12,35
2020-08-22 22:00:00,20,13,7
2020-08-22 23:00:00,10,4,6
2020-08-23 00:00:00,5,1,4
2020-08-23 01:00:00,3,1,2
2020-08-23 02:00:00,5,2,3
2020-08-23 03:00:00,0,0,0
2020-08-23 04:00:00,3,3,0
2020-08-23 05:00:00,7,5,2
2020-08-23 06:00:00,32,21,11
2020-08-23 07:00:00,99,56,43
2020-08-23 08:00:00,165,88,77
2020-08-23 09:00:00,256,135,121
2020-08-23 10:00:00,250,121,129
2020-08-23 11:00:00,330,163,167
2020-08-23 12:00:00,277,136,141
2020-08-23 13:00:00,323,172,151
2020-08-23 14:00:00,313,156,157
2020-08-23 15:00:00,282,144,138
2020-08-23 16:00:00,301,164,137
2020-08-23 17:00:00,337,180,157
2020-08-23 18:00:00,324,155,169
2020-08-23 19:00:00,354,181,173
2020-08-23 20:00:00,249,82,167
2020-08-23 21:00:00,30,6,24
2020-08-23 22:00:00,5,3,2
2020-08-23 23:00:00,5,2,3
2020-08-24 00:00:00,0,0,0
2020-08-24 01:00:00,1,0,1
2020-08-24 02:00:00,0,0,0
2020-08-24 03:00:00,1,1,0
2020-08-24 04:00:00,3,2,1
2020-08-24 05:00:00,10,7,3
2020-08-24 06:00:00,85,48,37
2020-08-24 07:00:00,190,106,84
2020-08-24 08:00:00,162,82,80
2020-08-24 09:00:00,152,78,74
2020-08-24 10:00:00,168,85,83
2020-08-24 11:00:00,174,92,82
2020-08-24 12:00:00,199,97,102
2020-08-24 13:00:00,150,74,76
2020-08-24 14:00:00,164,74,90
2020-08-24 15:00:00,175,89,86
2020-08-24 16:00:00,226,125,101
2020-08-24 17:00:00,346,210,136
2020-08-24 18:00:00,459,258,201
2020-08-24 19:00:00,516,264,252
2020-08-24 20:00:00,351,113,238
2020-08-24 21:00:00,58,20,38
2020-08-24 22:00:00,32,20,12
2020-08-24 23:00:00,4,1,3
2020-08-25 00:00:00,1,0,1
2020-08-25 01:00:00,1,1,0
2020-08-25 02:00:00,1,1,0
2020-08-25 03:00:00,5,3,2
2020-08-25 04:00:00,5,5,0
2020-08-25 05:00:00,17,12,5
2020-08-25 06:00:00,100,59,41
2020-08-25 07:00:00,228,110,118
2020-08-25 08:00:00,235,123,112
2020-08-25 09:00:00,187,93,94
2020-08-25 10:00:00,211,121,90
2020-08-25 11:00:00,211,111,100
2020-08-25 12:00:00,235,128,107
2020-08-25 13:00:00,211,110,101
2020-08-25 14:00:00,165,79,86
2020-08-25 15:00:00,213,111,102
2020-08-25 16:00:00,288,161,127
2020-08-25 17:00:00,378,218,160
2020-08-25 18:00:00,477,259,218
2020-08-25 19:00:00,457,227,230
2020-08-25 20:00:00,308,102,206
2020-08-25 21:00:00,48,16,32
2020-08-25 22:00:00,8,4,4
2020-08-25 23:00:00,7,4,3
2020-08-26 00:00:00,2,1,1
2020-08-26 01:00:00,4,2,2
2020-08-26 02:00:00,0,0,0
2020-08-26 03:00:00,1,1,0
2020-08-26 04:00:00,2,2,0
2020-08-26 05:00:00,20,13,7
2020-08-26 06:00:00,97,54,43
2020-08-26 07:00:00,190,95,95
2020-08-26 08:00:00,205,110,95
2020-08-26 09:00:00,206,111,95
2020-08-26 10:00:00,223,132,91
2020-08-26 11:00:00,169,87,82
2020-08-26 12:00:00,222,120,102
2020-08-26 13:00:00,272,161,111
2020-08-26 14:00:00,161,89,72
2020-08-26 15:00:00,177,88,89
2020-08-26 16:00:00,274,173,101
2020-08-26 17:00:00,289,160,129
2020-08-26 18:00:00,471,265,206
2020-08-26 19:00:00,471,241,230
2020-08-26 20:00:00,361,123,238
2020-08-26 21:00:00,47,15,32
2020-08-26 22:00:00,17,7,10
2020-08-26 23:00:00,5,1,4
2020-08-27 00:00:00,1,0,1
2020-08-27 01:00:00,1,1,0
2020-08-27 02:00:00,0,0,0
2020-08-27 03:00:00,0,0,0
2020-08-27 04:00:00,4,3,1
2020-08-27 05:00:00,13,9,4
2020-08-27 06:00:00,89,55,34
2020-08-27 07:00:00,214,114,100
2020-08-27 08:00:00,206,108,98
2020-08-27 09:00:00,162,90,72
2020-08-27 10:00:00,166,68,98
2020-08-27 11:00:00,151,82,69
2020-08-27 12:00:00,190,95,95
2020-08-27 13:00:00,177,87,90
2020-08-27 14:00:00,154,91,63
2020-08-27 15:00:00,217,127,90
2020-08-27 16:00:00,248,144,104
2020-08-27 17:00:00,365,223,142
2020-08-27 18:00:00,391,238,153
2020-08-27 19:00:00,480,238,242
2020-08-27 20:00:00,354,142,212
2020-08-27 21:00:00,97,43,54
2020-08-27 22:00:00,61,49,12
2020-08-27 23:00:00,107,105,2
2020-08-28 00:00:00,55,55,0
2020-08-28 01:00:00,67,67,0
2020-08-28 02:00:00,8,8,0
2020-08-28 03:00:00,1,1,0
2020-08-28 04:00:00,2,2,0
2020-08-28 05:00:00,18,12,6
2020-08-28 06:00:00,172,111,61
2020-08-28 07:00:00,207,123,84
2020-08-28 08:00:00,261,169,92
2020-08-28 09:00:00,231,146,85
2020-08-28 10:00:00,178,98,80
2020-08-28 11:00:00,210,101,109
2020-08-28 12:00:00,191,103,88
2020-08-28 13:00:00,157,84,73
2020-08-28 14:00:00,204,108,96
2020-08-28 15:00:00,234,141,93
2020-08-28 16:00:00,218,115,103
2020-08-28 17:00:00,237,118,119
2020-08-28 18:00:00,399,233,166
2020-08-28 19:00:00,408,220,188
2020-08-28 20:00:00,300,108,192
2020-08-28 21:00:00,69,14,55
2020-08-28 22:00:00,15,9,6
2020-08-28 23:00:00,12,8,4
2020-08-29 00:00:00,5,3,2
2020-08-29 01:00:00,15,13,2
2020-08-29 02:00:00,2,0,2
2020-08-29 03:00:00,3,2,1
2020-08-29 04:00:00,6,4,2
2020-08-29 05:00:00,5,4,1
2020-08-29 06:00:00,32,18,14
2020-08-29 07:00:00,110,58,52
2020-08-29 08:00:00,150,82,68
2020-08-29 09:00:00,245,134,111
2020-08-29 10:00:00,238,136,102
2020-08-29 11:00:00,250,131,119
2020-08-29 12:00:00,207,92,115
2020-08-29 13:00:00,224,115,109
2020-08-29 14:00:00,224,123,101
2020-08-29 15:00:00,275,148,127
2020-08-29 16:00:00,262,141,121
2020-08-29 17:00:00,251,128,123
2020-08-29 18:00:00,305,164,141
2020-08-29 19:00:00,274,118,156
2020-08-29 20:00:00,197,69,128
2020-08-29 21:00:00,44,23,21
2020-08-29 22:00:00,10,8,2
2020-08-29 23:00:00,12,7,5
2020-08-30 00:00:00,5,3,2
2020-08-30 01:00:00,4,2,2
2020-08-30 02:00:00,2,0,2
2020-08-30 03:00:00,3,2,1
2020-08-30 04:00:00,1,1,0
2020-08-30 05:00:00,2,1,1
2020-08-30 06:00:00,37,24,13
2020-08-30 07:00:00,113,68,45
2020-08-30 08:00:00,191,106,85
2020-08-30 09:00:00,257,152,105
2020-08-30 10:00:00,314,164,150
2020-08-30 11:00:00,311,158,153
2020-08-30 12:00:00,340,170,170
2020-08-30 13:00:00,258,128,130
2020-08-30 14:00:00,316,159,157
2020-08-30 15:00:00,355,165,190
2020-08-30 16:00:00,311,158,153
2020-08-30 17:00:00,292,161,131
2020-08-30 18:00:00,361,183,178
2020-08-30 19:00:00,362,139,223
2020-08-30 20:00:00,54,20,34
2020-08-30 21:00:00,11,10,1
2020-08-30 22:00:00,11,4,7
2020-08-30 23:00:00,17,14,3
2020-08-31 00:00:00,5,3,2
2020-08-31 01:00:00,10,9,1
2020-08-31 02:00:00,2,2,0
2020-08-31 03:00:00,31,30,1
2020-08-31 04:00:00,0,0,0
2020-08-31 05:00:00,25,17,8
2020-08-31 06:00:00,191,149,42
2020-08-31 07:00:00,187,115,72
2020-08-31 08:00:00,185,102,83
2020-08-31 09:00:00,134,68,66
2020-08-31 10:00:00,181,114,67
2020-08-31 11:00:00,194,103,91
2020-08-31 12:00:00,263,152,111
2020-08-31 13:00:00,163,98,65
2020-08-31 14:00:00,249,148,101
2020-08-31 15:00:00,282,185,97
2020-08-31 16:00:00,258,150,108
2020-08-31 17:00:00,415,251,164
2020-08-31 18:00:00,496,297,199
2020-08-31 19:00:00,512,256,256
2020-08-31 20:00:00,296,114,182
2020-08-31 21:00:00,42,14,28
2020-08-31 22:00:00,23,15,8
2020-08-31 23:00:00,12,9,3
2020-09-01 00:00:00,4,3,1
2020-09-01 01:00:00,60,59,1
2020-09-01 02:00:00,22,22,0
2020-09-01 03:00:00,14,12,2
2020-09-01 04:00:00,4,3,1
2020-09-01 05:00:00,21,19,2
2020-09-01 06:00:00,93,59,34
2020-09-01 07:00:00,228,118,110
2020-09-01 08:00:00,242,157,85
2020-09-01 09:00:00,170,94,76
2020-09-01 10:00:00,196,91,105
2020-09-01 11:00:00,226,147,79
2020-09-01 12:00:00,232,128,104
2020-09-01 13:00:00,191,103,88
2020-09-01 14:00:00,199,105,94
2020-09-01 15:00:00,238,153,85
2020-09-01 16:00:00,309,187,122
2020-09-01 17:00:00,385,238,147
2020-09-01 18:00:00,489,291,198
2020-09-01 19:00:00,585,308,277
2020-09-01 20:00:00,313,109,204
2020-09-01 21:00:00,42,20,22
2020-09-01 22:00:00,38,25,13
2020-09-01 23:00:00,18,13,5
2020-09-02 00:00:00,10,8,2
2020-09-02 01:00:00,1,1,0
2020-09-02 02:00:00,1,1,0
2020-09-02 03:00:00,3,2,1
2020-09-02 04:00:00,3,3,0
2020-09-02 05:00:00,13,10,3
2020-09-02 06:00:00,100,62,38
2020-09-02 07:00:00,216,122,94
2020-09-02 08:00:00,274,159,115
2020-09-02 09:00:00,188,110,78
2020-09-02 10:00:00,192,116,76
2020-09-02 11:00:00,211,124,87
2020-09-02 12:00:00,226,113,113
2020-09-02 13:00:00,275,187,88
2020-09-02 14:00:00,140,78,62
2020-09-02 15:00:00,176,109,67
2020-09-02 16:00:00,231,134,97
2020-09-02 17:00:00,300,175,125
2020-09-02 18:00:00,479,264,215
2020-09-02 19:00:00,523,264,259
2020-09-02 20:00:00,278,85,193
2020-09-02 21:00:00,26,5,21
2020-09-02 22:00:00,15,8,7
2020-09-02 23:00:00,4,1,3
2020-09-03 00:00:00,0,0,0
2020-09-03 01:00:00,4,2,2
2020-09-03 02:00:00,1,0,1
2020-09-03 03:00:00,1,1,0
2020-09-03 04:00:00,2,2,0
2020-09-03 05:00:00,16,13,3
2020-09-03 06:00:00,119,77,42
2020-09-03 07:00:00,251,156,95
2020-09-03 08:00:00,227,120,107
2020-09-03 09:00:00,184,111,73
2020-09-03 10:00:00,197,111,86
2020-09-03 11:00:00,173,93,80
2020-09-03 12:00:00,277,178,99
2020-09-03 13:00:00,197,108,89
2020-09-03 14:00:00,135,73,62
2020-09-03 15:00:00,160,88,72
2020-09-03 16:00:00,212,127,85
2020-09-03 17:00:00,318,194,124
2020-09-03 18:00:00,362,202,160
2020-09-03 19:00:00,463,233,230
2020-09-03 20:00:00,265,81,184
2020-09-03 21:00:00,44,19,25
2020-09-03 22:00:00,42,29,13
2020-09-03 23:00:00,28,26,2
2020-09-04 00:00:00,24,23,1
2020-09-04 01:00:00,0,0,0
2020-09-04 02:00:00,6,6,0
2020-09-04 03:00:00,1,1,0
2020-09-04 04:00:00,9,9,0
2020-09-04 05:00:00,10,4,6
2020-09-04 06:00:00,96,60,36
2020-09-04 07:00:00,283,181,102
2020-09-04 08:00:00,326,201,125
2020-09-04 09:00:00,254,148,106
2020-09-04 10:00:00,273,150,123
2020-09-04 11:00:00,215,105,110
2020-09-04 12:00:00,189,104,85
2020-09-04 13:00:00,155,77,78
2020-09-04 14:00:00,170,94,76
2020-09-04 15:00:00,157,74,83
2020-09-04 16:00:00,214,132,82
2020-09-04 17:00:00,209,115,94
2020-09-04 18:00:00,286,176,110
2020-09-04 19:00:00,399,188,211
2020-09-04 20:00:00,161,47,114
2020-09-04 21:00:00,31,11,20
2020-09-04 22:00:00,6,4,2
2020-09-04 23:00:00,9,5,4
2020-09-05 00:00:00,9,6,3
2020-09-05 01:00:00,0,0,0
2020-09-05 02:00:00,2,1,1
2020-09-05 03:00:00,2,1,1
2020-09-05 04:00:00,0,0,0
2020-09-05 05:00:00,9,7,2
2020-09-05 06:00:00,27,17,10
2020-09-05 07:00:00,109,69,40
2020-09-05 08:00:00,165,90,75
2020-09-05 09:00:00,223,131,92
2020-09-05 10:00:00,227,111,116
2020-09-05 11:00:00,245,110,135
2020-09-05 12:00:00,259,134,125
2020-09-05 13:00:00,212,112,100
2020-09-05 14:00:00,290,174,116
2020-09-05 15:00:00,282,154,128
2020-09-05 16:00:00,298,159,139
2020-09-05 17:00:00,305,164,141
2020-09-05 18:00:00,286,144,142
2020-09-05 19:00:00,364,165,199
2020-09-05 20:00:00,142,48,94
2020-09-05 21:00:00,62,58,4
2020-09-05 22:00:00,32,28,4
2020-09-05 23:00:00,74,66,8
2020-09-06 00:00:00,3,2,1
2020-09-06 01:00:00,2,2,0
2020-09-06 02:00:00,3,2,1
2020-09-06 03:00:00,3,1,2
2020-09-06 04:00:00,3,1,2
2020-09-06 05:00:00,13,8,5
2020-09-06 06:00:00,40,28,12
2020-09-06 07:00:00,148,90,58
2020-09-06 08:00:00,251,172,79
2020-09-06 09:00:00,269,155,114
2020-09-06 10:00:00,319,171,148
2020-09-06 11:00:00,339,180,159
2020-09-06 12:00:00,286,117,169
2020-09-06 13:00:00,303,159,144
2020-09-06 14:00:00,347,179,168
2020-09-06 15:00:00,326,171,155
2020-09-06 16:00:00,352,175,177
2020-09-06 17:00:00,370,225,145
2020-09-06 18:00:00,336,188,148
2020-09-06 19:00:00,369,176,193
2020-09-06 20:00:00,172,39,133
2020-09-06 21:00:00,46,26,20
2020-09-06 22:00:00,40,20,20
2020-09-06 23:00:00,19,15,4
2020-09-07 00:00:00,37,28,9
2020-09-07 01:00:00,0,0,0
2020-09-07 02:00:00,16,15,1
2020-09-07 03:00:00,8,8,0
2020-09-07 04:00:00,6,5,1
2020-09-07 05:00:00,10,5,5
2020-09-07 06:00:00,28,16,12
2020-09-07 07:00:00,112,66,46
2020-09-07 08:00:00,179,102,77
2020-09-07 09:00:00,241,129,112
2020-09-07 10:00:00,300,150,150
2020-09-07 11:00:00,294,130,164
2020-09-07 12:00:00,304,171,133
2020-09-07 13:00:00,311,154,157
2020-09-07 14:00:00,330,167,163
2020-09-07 15:00:00,327,168,159
2020-09-07 16:00:00,353,193,160
2020-09-07 17:00:00,333,162,171
2020-09-07 18:00:00,382,212,170
2020-09-07 19:00:00,395,183,212
2020-09-07 20:00:00,172,56,116
2020-09-07 21:00:00,35,19,16
2020-09-07 22:00:00,13,6,7
2020-09-07 23:00:00,2,0,2
2020-09-08 00:00:00,3,2,1
2020-09-08 01:00:00,11,11,0
2020-09-08 02:00:00,3,2,1
2020-09-08 03:00:00,2,2,0
2020-09-08 04:00:00,9,9,0
2020-09-08 05:00:00,26,22,4
2020-09-08 06:00:00,100,62,38
2020-09-08 07:00:00,111,62,49
2020-09-08 08:00:00,151,87,64
2020-09-08 09:00:00,93,46,47
2020-09-08 10:00:00,99,57,42
2020-09-08 11:00:00,85,42,43
2020-09-08 12:00:00,120,58,62
2020-09-08 13:00:00,124,79,45
2020-09-08 14:00:00,141,88,53
2020-09-08 15:00:00,127,67,60
2020-09-08 16:00:00,161,89,72
2020-09-08 17:00:00,185,93,92
2020-09-08 18:00:00,247,136,111
2020-09-08 19:00:00,337,163,174
2020-09-08 20:00:00,127,35,92
2020-09-08 21:00:00,25,9,16
2020-09-08 22:00:00,17,15,2
2020-09-08 23:00:00,14,6,8
2020-09-09 00:00:00,4,2,2
2020-09-09 01:00:00,1,1,0
2020-09-09 02:00:00,0,0,0
2020-09-09 03:00:00,2,2,0
2020-09-09 04:00:00,3,3,0
2020-09-09 05:00:00,21,16,5
2020-09-09 06:00:00,75,40,35
2020-09-09 07:00:00,130,68,62
2020-09-09 08:00:00,149,83,66
2020-09-09 09:00:00,128,69,59
2020-09-09 10:00:00,107,51,56
2020-09-09 11:00:00,163,103,60
2020-09-09 12:00:00,150,74,76
2020-09-09 13:00:00,108,56,52
2020-09-09 14:00:00,111,64,47
2020-09-09 15:00:00,159,99,60
2020-09-09 16:00:00,144,80,64
2020-09-09 17:00:00,204,119,85
2020-09-09 18:00:00,303,174,129
2020-09-09 19:00:00,393,186,207
2020-09-09 20:00:00,172,40,132
2020-09-09 21:00:00,23,9,14
2020-09-09 22:00:00,20,10,10
2020-09-09 23:00:00,18,13,5
2020-09-10 00:00:00,9,8,1
2020-09-10 01:00:00,2,2,0
2020-09-10 02:00:00,1,1,0
2020-09-10 03:00:00,2,2,0
2020-09-10 04:00:00,5,3,2
2020-09-10 05:00:00,8,7,1
2020-09-10 06:00:00,120,85,35
2020-09-10 07:00:00,213,137,76
2020-09-10 08:00:00,188,105,83
2020-09-10 09:00:00,154,77,77
2020-09-10 10:00:00,138,78,60
2020-09-10 11:00:00,169,108,61
2020-09-10 12:00:00,162,93,69
2020-09-10 13:00:00,178,105,73
2020-09-10 14:00:00,102,58,44
2020-09-10 15:00:00,146,94,52
2020-09-10 16:00:00,206,142,64
2020-09-10 17:00:00,162,91,71
2020-09-10 18:00:00,265,151,114
2020-09-10 19:00:00,335,168,167
2020-09-10 20:00:00,155,55,100
2020-09-10 21:00:00,27,11,16
2020-09-10 22:00:00,33,22,11
2020-09-10 23:00:00,23,18,5
2020-09-11 00:00:00,3,3,0
2020-09-11 01:00:00,1,0,1
2020-09-11 02:00:00,1,0,1
2020-09-11 03:00:00,0,0,0
2020-09-11 04:00:00,3,3,0
2020-09-11 05:00:00,11,6,5
2020-09-11 06:00:00,54,34,20
2020-09-11 07:00:00,121,68,53
2020-09-11 08:00:00,109,59,50
2020-09-11 09:00:00,81,37,44
2020-09-11 10:00:00,73,42,31
2020-09-11 11:00:00,92,51,41
2020-09-11 12:00:00,100,68,32
2020-09-11 13:00:00,64,25,39
2020-09-11 14:00:00,36,16,20
2020-09-11 15:00:00,57,37,20
2020-09-11 16:00:00,60,37,23
2020-09-11 17:00:00,93,56,37
2020-09-11 18:00:00,119,54,65
2020-09-11 19:00:00,121,62,59
2020-09-11 20:00:00,48,16,32
2020-09-11 21:00:00,8,2,6
2020-09-11 22:00:00,4,2,2
2020-09-11 23:00:00,4,3,1
2020-09-12 00:00:00,3,2,1
2020-09-12 01:00:00,8,6,2
2020-09-12 02:00:00,1,1,0
2020-09-12 03:00:00,0,0,0
2020-09-12 04:00:00,2,2,0
2020-09-12 05:00:00,1,1,0
2020-09-12 06:00:00,12,8,4
2020-09-12 07:00:00,27,16,11
2020-09-12 08:00:00,50,23,27
2020-09-12 09:00:00,46,18,28
2020-09-12 10:00:00,38,22,16
2020-09-12 11:00:00,28,12,16
2020-09-12 12:00:00,20,10,10
2020-09-12 13:00:00,34,20,14
2020-09-12 14:00:00,25,9,16
2020-09-12 15:00:00,44,22,22
2020-09-12 16:00:00,45,22,23
2020-09-12 17:00:00,38,20,18
2020-09-12 18:00:00,51,23,28
2020-09-12 19:00:00,57,28,29
2020-09-12 20:00:00,22,11,11
2020-09-12 21:00:00,7,4,3
2020-09-12 22:00:00,12,7,5
2020-09-12 23:00:00,3,1,2
2020-09-13 00:00:00,4,2,2
2020-09-13 01:00:00,2,1,1
2020-09-13 02:00:00,1,1,0
2020-09-13 03:00:00,0,0,0
2020-09-13 04:00:00,1,1,0
2020-09-13 05:00:00,1,0,1
2020-09-13 06:00:00,5,3,2
2020-09-13 07:00:00,15,7,8
2020-09-13 08:00:00,34,24,10
2020-09-13 09:00:00,38,17,21
2020-09-13 10:00:00,28,12,16
2020-09-13 11:00:00,31,16,15
2020-09-13 12:00:00,52,22,30
2020-09-13 13:00:00,43,21,22
2020-09-13 14:00:00,71,42,29
2020-09-13 15:00:00,59,30,29
2020-09-13 16:00:00,56,26,30
2020-09-13 17:00:00,74,34,40
2020-09-13 18:00:00,86,41,45
2020-09-13 19:00:00,60,21,39
2020-09-13 20:00:00,22,8,14
2020-09-13 21:00:00,3,1,2
2020-09-13 22:00:00,14,7,7
2020-09-13 23:00:00,2,1,1
2020-09-14 00:00:00,4,4,0
2020-09-14 01:00:00,2,1,1
2020-09-14 02:00:00,1,0,1
2020-09-14 03:00:00,2,2,0
2020-09-14 04:00:00,1,1,0
2020-09-14 05:00:00,5,3,2
2020-09-14 06:00:00,21,11,10
2020-09-14 07:00:00,46,20,26
2020-09-14 08:00:00,43,23,20
2020-09-14 09:00:00,34,20,14
2020-09-14 10:00:00,44,20,24
2020-09-14 11:00:00,43,18,25
2020-09-14 12:00:00,32,13,19
2020-09-14 13:00:00,41,20,21
2020-09-14 14:00:00,30,14,16
2020-09-14 15:00:00,37,15,22
2020-09-14 16:00:00,43,20,23
2020-09-14 17:00:00,62,35,27
2020-09-14 18:00:00,81,42,39
2020-09-14 19:00:00,100,46,54
2020-09-14 20:00:00,30,9,21
2020-09-14 21:00:00,15,8,7
2020-09-14 22:00:00,5,2,3
2020-09-14 23:00:00,15,14,1
2020-09-15 00:00:00,8,7,1
2020-09-15 01:00:00,3,3,0
2020-09-15 02:00:00,0,0,0
2020-09-15 03:00:00,2,2,0
2020-09-15 04:00:00,1,1,0
2020-09-15 05:00:00,6,5,1
2020-09-15 06:00:00,27,17,10
2020-09-15 07:00:00,51,40,11
2020-09-15 08:00:00,64,40,24
2020-09-15 09:00:00,100,80,20
2020-09-15 10:00:00,84,62,22
2020-09-15 11:00:00,52,31,21
2020-09-15 12:00:00,69,57,12
2020-09-15 13:00:00,61,49,12
2020-09-15 14:00:00,66,41,25
2020-09-15 15:00:00,49,27,22
2020-09-15 16:00:00,53,27,26
2020-09-15 17:00:00,119,88,31
2020-09-15 18:00:00,220,167,53
2020-09-15 19:00:00,231,182,49
2020-09-15 20:00:00,195,180,15
2020-09-15 21:00:00,91,89,2
2020-09-15 22:00:00,28,24,4
2020-09-15 23:00:00,7,6,1
2020-09-16 00:00:00,6,4,2
2020-09-16 01:00:00,11,8,3
2020-09-16 02:00:00,0,0,0
2020-09-16 03:00:00,3,2,1
2020-09-16 04:00:00,9,8,1
2020-09-16 05:00:00,25,22,3
2020-09-16 06:00:00,24,13,11
2020-09-16 07:00:00,65,46,19
2020-09-16 08:00:00,86,58,28
2020-09-16 09:00:00,62,46,16
2020-09-16 10:00:00,39,21,18
2020-09-16 11:00:00,76,48,28
2020-09-16 12:00:00,90,57,33
2020-09-16 13:00:00,64,32,32
2020-09-16 14:00:00,32,19,13
2020-09-16 15:00:00,59,40,19
2020-09-16 16:00:00,60,35,25
2020-09-16 17:00:00,96,52,44
2020-09-16 18:00:00,129,72,57
2020-09-16 19:00:00,123,64,59
2020-09-16 20:00:00,58,32,26
2020-09-16 21:00:00,108,104,4
2020-09-16 22:00:00,8,4,4
2020-09-16 23:00:00,9,4,5
2020-09-17 00:00:00,0,0,0
2020-09-17 01:00:00,1,1,0
2020-09-17 02:00:00,0,0,0
2020-09-17 03:00:00,1,1,0
2020-09-17 04:00:00,0,0,0
2020-09-17 05:00:00,14,14,0
2020-09-17 06:00:00,65,50,15
2020-09-17 07:00:00,63,46,17
2020-09-17 08:00:00,88,67,21
2020-09-17 09:00:00,60,37,23
2020-09-17 10:00:00,66,44,22
2020-09-17 11:00:00,73,53,20
2020-09-17 12:00:00,122,84,38
2020-09-17 13:00:00,57,34,23
2020-09-17 14:00:00,155,127,28
2020-09-17 15:00:00,87,59,28
2020-09-17 16:00:00,98,59,39
2020-09-17 17:00:00,172,112,60
2020-09-17 18:00:00,223,129,94
2020-09-17 19:00:00,207,129,78
2020-09-17 20:00:00,96,59,37
2020-09-17 21:00:00,50,40,10
2020-09-17 22:00:00,17,12,5
2020-09-17 23:00:00,11,7,4
2020-09-18 00:00:00,1,1,0
2020-09-18 01:00:00,2,2,0
2020-09-18 02:00:00,2,2,0
2020-09-18 03:00:00,1,1,0
2020-09-18 04:00:00,2,2,0
2020-09-18 05:00:00,41,37,4
2020-09-18 06:00:00,387,368,19
2020-09-18 07:00:00,98,64,34
2020-09-18 08:00:00,257,229,28
2020-09-18 09:00:00,119,90,29
2020-09-18 10:00:00,101,65,36
2020-09-18 11:00:00,124,96,28
2020-09-18 12:00:00,111,68,43
2020-09-18 13:00:00,90,74,16
2020-09-18 14:00:00,21,13,8
2020-09-18 15:00:00,23,9,14
2020-09-18 16:00:00,64,37,27
2020-09-18 17:00:00,115,60,55
2020-09-18 18:00:00,183,96,87
2020-09-18 19:00:00,88,24,64
2020-09-18 20:00:00,14,6,8
2020-09-18 21:00:00,16,8,8
2020-09-18 22:00:00,9,6,3
2020-09-18 23:00:00,10,6,4
2020-09-19 00:00:00,3,1,2
2020-09-19 01:00:00,5,1,4
2020-09-19 02:00:00,2,2,0
2020-09-19 03:00:00,1,0,1
2020-09-19 04:00:00,1,1,0
2020-09-19 05:00:00,6,5,1
2020-09-19 06:00:00,21,12,9
2020-09-19 07:00:00,76,49,27
2020-09-19 08:00:00,156,87,69
2020-09-19 09:00:00,213,115,98
2020-09-19 10:00:00,294,173,121
2020-09-19 11:00:00,290,131,159
2020-09-19 12:00:00,299,154,145
2020-09-19 13:00:00,288,155,133
2020-09-19 14:00:00,308,163,145
2020-09-19 15:00:00,284,145,139
2020-09-19 16:00:00,359,183,176
2020-09-19 17:00:00,271,113,158
2020-09-19 18:00:00,103,66,37
2020-09-19 19:00:00,128,57,71
2020-09-19 20:00:00,32,21,11
2020-09-19 21:00:00,5,1,4
2020-09-19 22:00:00,10,6,4
2020-09-19 23:00:00,3,1,2
2020-09-20 00:00:00,6,2,4
2020-09-20 01:00:00,1,1,0
2020-09-20 02:00:00,1,0,1
2020-09-20 03:00:00,1,1,0
2020-09-20 04:00:00,2,1,1
2020-09-20 05:00:00,4,2,2
2020-09-20 06:00:00,15,10,5
2020-09-20 07:00:00,101,58,43
2020-09-20 08:00:00,190,106,84
2020-09-20 09:00:00,250,122,128
2020-09-20 10:00:00,267,136,131
2020-09-20 11:00:00,265,131,134
2020-09-20 12:00:00,254,121,133
2020-09-20 13:00:00,272,146,126
2020-09-20 14:00:00,332,183,149
2020-09-20 15:00:00,424,206,218
2020-09-20 16:00:00,395,201,194
2020-09-20 17:00:00,361,181,180
2020-09-20 18:00:00,352,203,149
2020-09-20 19:00:00,346,138,208
2020-09-20 20:00:00,84,41,43
2020-09-20 21:00:00,33,26,7
2020-09-20 22:00:00,23,17,6
2020-09-20 23:00:00,12,8,4
2020-09-21 00:00:00,12,11,1
2020-09-21 01:00:00,3,2,1
2020-09-21 02:00:00,8,8,0
2020-09-21 03:00:00,9,8,1
2020-09-21 04:00:00,2,2,0
2020-09-21 05:00:00,16,14,2
2020-09-21 06:00:00,75,44,31
2020-09-21 07:00:00,153,95,58
2020-09-21 08:00:00,212,120,92
2020-09-21 09:00:00,217,158,59
2020-09-21 10:00:00,158,107,51
2020-09-21 11:00:00,157,95,62
2020-09-21 12:00:00,216,125,91
2020-09-21 13:00:00,171,102,69
2020-09-21 14:00:00,155,90,65
2020-09-21 15:00:00,195,114,81
2020-09-21 16:00:00,226,134,92
2020-09-21 17:00:00,387,227,160
2020-09-21 18:00:00,535,318,217
2020-09-21 19:00:00,438,201,237
2020-09-21 20:00:00,78,40,38
2020-09-21 21:00:00,296,265,31
2020-09-21 22:00:00,552,530,22
2020-09-21 23:00:00,222,212,10
2020-09-22 00:00:00,8,5,3
2020-09-22 01:00:00,6,5,1
2020-09-22 02:00:00,1,1,0
2020-09-22 03:00:00,27,26,1
2020-09-22 04:00:00,12,10,2
2020-09-22 05:00:00,15,12,3
2020-09-22 06:00:00,95,65,30
2020-09-22 07:00:00,214,123,91
2020-09-22 08:00:00,203,126,77
2020-09-22 09:00:00,165,110,55
2020-09-22 10:00:00,131,71,60
2020-09-22 11:00:00,173,98,75
2020-09-22 12:00:00,239,136,103
2020-09-22 13:00:00,190,107,83
2020-09-22 14:00:00,242,131,111
2020-09-22 15:00:00,284,180,104
2020-09-22 16:00:00,296,185,111
2020-09-22 17:00:00,402,252,150
2020-09-22 18:00:00,497,264,233
2020-09-22 19:00:00,588,358,230
2020-09-22 20:00:00,296,256,40
2020-09-22 21:00:00,184,161,23
2020-09-22 22:00:00,162,157,5
2020-09-22 23:00:00,62,57,5
2020-09-23 00:00:00,8,6,2
2020-09-23 01:00:00,3,3,0
2020-09-23 02:00:00,2,0,2
2020-09-23 03:00:00,6,3,3
2020-09-23 04:00:00,5,2,3
2020-09-23 05:00:00,3,2,1
2020-09-23 06:00:00,57,34,23
2020-09-23 07:00:00,181,116,65
2020-09-23 08:00:00,191,114,77
2020-09-23 09:00:00,107,51,56
2020-09-23 10:00:00,76,38,38
2020-09-23 11:00:00,78,58,20
2020-09-23 12:00:00,66,42,24
2020-09-23 13:00:00,50,30,20
2020-09-23 14:00:00,27,9,18
2020-09-23 15:00:00,27,15,12
2020-09-23 16:00:00,34,17,17
2020-09-23 17:00:00,61,31,30
2020-09-23 18:00:00,81,39,42
2020-09-23 19:00:00,63,25,38
2020-09-23 20:00:00,20,8,12
2020-09-23 21:00:00,8,4,4
2020-09-23 22:00:00,5,3,2
2020-09-23 23:00:00,2,1,1
2020-09-24 00:00:00,3,2,1
2020-09-24 01:00:00,1,1,0
2020-09-24 02:00:00,1,1,0
2020-09-24 03:00:00,2,1,1
2020-09-24 04:00:00,2,2,0
2020-09-24 05:00:00,11,6,5
2020-09-24 06:00:00,33,19,14
2020-09-24 07:00:00,84,45,39
2020-09-24 08:00:00,126,62,64
2020-09-24 09:00:00,59,24,35
2020-09-24 10:00:00,27,7,20
2020-09-24 11:00:00,17,10,7
2020-09-24 12:00:00,37,18,19
2020-09-24 13:00:00,96,57,39
2020-09-24 14:00:00,134,61,73
2020-09-24 15:00:00,144,66,78
2020-09-24 16:00:00,201,108,93
2020-09-24 17:00:00,266,138,128
2020-09-24 18:00:00,373,194,179
2020-09-24 19:00:00,279,103,176
2020-09-24 20:00:00,56,21,35
2020-09-24 21:00:00,15,6,9
2020-09-24 22:00:00,14,5,9
2020-09-24 23:00:00,4,4,0
2020-09-25 00:00:00,2,1,1
2020-09-25 01:00:00,0,0,0
2020-09-25 02:00:00,2,1,1
2020-09-25 03:00:00,2,1,1
2020-09-25 04:00:00,1,1,0
2020-09-25 05:00:00,7,4,3
2020-09-25 06:00:00,18,11,7
2020-09-25 07:00:00,50,29,21
2020-09-25 08:00:00,45,17,28
2020-09-25 09:00:00,30,18,12
2020-09-25 10:00:00,34,16,18
2020-09-25 11:00:00,39,21,18
2020-09-25 12:00:00,55,28,27
2020-09-25 13:00:00,80,46,34
2020-09-25 14:00:00,108,54,54
2020-09-25 15:00:00,150,81,69
2020-09-25 16:00:00,233,134,99
2020-09-25 17:00:00,340,187,153
2020-09-25 18:00:00,379,197,182
2020-09-25 19:00:00,238,74,164
2020-09-25 20:00:00,43,14,29
2020-09-25 21:00:00,17,8,9
2020-09-25 22:00:00,10,4,6
2020-09-25 23:00:00,4,1,3
2020-09-26 00:00:00,0,0,0
2020-09-26 01:00:00,1,0,1
2020-09-26 02:00:00,2,1,1
2020-09-26 03:00:00,3,2,1
2020-09-26 04:00:00,1,0,1
2020-09-26 05:00:00,11,8,3
2020-09-26 06:00:00,21,13,8
2020-09-26 07:00:00,64,38,26
2020-09-26 08:00:00,193,111,82
2020-09-26 09:00:00,231,126,105
2020-09-26 10:00:00,254,115,139
2020-09-26 11:00:00,266,131,135
2020-09-26 12:00:00,242,118,124
2020-09-26 13:00:00,214,111,103
2020-09-26 14:00:00,161,60,101
2020-09-26 15:00:00,175,89,86
2020-09-26 16:00:00,261,133,128
2020-09-26 17:00:00,243,116,127
2020-09-26 18:00:00,254,125,129
2020-09-26 19:00:00,163,61,102
2020-09-26 20:00:00,24,8,16
2020-09-26 21:00:00,15,6,9
2020-09-26 22:00:00,11,8,3
2020-09-26 23:00:00,6,2,4
2020-09-27 00:00:00,2,1,1
2020-09-27 01:00:00,6,4,2
2020-09-27 02:00:00,2,2,0
2020-09-27 03:00:00,3,1,2
2020-09-27 04:00:00,3,2,1
2020-09-27 05:00:00,3,3,0
2020-09-27 06:00:00,13,7,6
2020-09-27 07:00:00,78,45,33
2020-09-27 08:00:00,140,83,57
2020-09-27 09:00:00,228,124,104
2020-09-27 10:00:00,261,144,117
2020-09-27 11:00:00,310,149,161
2020-09-27 12:00:00,292,124,168
2020-09-27 13:00:00,284,131,153
2020-09-27 14:00:00,281,149,132
2020-09-27 15:00:00,327,176,151
2020-09-27 16:00:00,389,213,176
2020-09-27 17:00:00,445,239,206
2020-09-27 18:00:00,447,192,255
2020-09-27 19:00:00,229,70,159
2020-09-27 20:00:00,35,12,23
2020-09-27 21:00:00,17,6,11
2020-09-27 22:00:00,6,3,3
2020-09-27 23:00:00,5,2,3
2020-09-28 00:00:00,3,3,0
2020-09-28 01:00:00,3,0,3
2020-09-28 02:00:00,0,0,0
2020-09-28 03:00:00,1,1,0
2020-09-28 04:00:00,1,1,0
2020-09-28 05:00:00,13,10,3
2020-09-28 06:00:00,50,22,28
2020-09-28 07:00:00,156,88,68
2020-09-28 08:00:00,139,61,78
2020-09-28 09:00:00,126,69,57
2020-09-28 10:00:00,156,70,86
2020-09-28 11:00:00,167,89,78
2020-09-28 12:00:00,222,114,108
2020-09-28 13:00:00,214,108,106
2020-09-28 14:00:00,244,119,125
2020-09-28 15:00:00,221,138,83
2020-09-28 16:00:00,355,227,128
2020-09-28 17:00:00,425,233,192
2020-09-28 18:00:00,543,294,249
2020-09-28 19:00:00,376,138,238
2020-09-28 20:00:00,50,17,33
2020-09-28 21:00:00,13,5,8
2020-09-28 22:00:00,14,5,9
2020-09-28 23:00:00,5,2,3
2020-09-29 00:00:00,3,1,2
2020-09-29 01:00:00,0,0,0
2020-09-29 02:00:00,1,0,1
2020-09-29 03:00:00,2,2,0
2020-09-29 04:00:00,4,2,2
2020-09-29 05:00:00,9,4,5
2020-09-29 06:00:00,62,34,28
2020-09-29 07:00:00,162,83,79
2020-09-29 08:00:00,139,64,75
2020-09-29 09:00:00,156,75,81
2020-09-29 10:00:00,141,68,73
2020-09-29 11:00:00,165,83,82
2020-09-29 12:00:00,190,88,102
2020-09-29 13:00:00,178,101,77
2020-09-29 14:00:00,185,93,92
2020-09-29 15:00:00,211,113,98
2020-09-29 16:00:00,303,172,131
2020-09-29 17:00:00,378,191,187
2020-09-29 18:00:00,423,229,194
2020-09-29 19:00:00,292,96,196
2020-09-29 20:00:00,62,27,35
2020-09-29 21:00:00,25,10,15
2020-09-29 22:00:00,7,1,6
2020-09-29 23:00:00,0,0,0
2020-09-30 00:00:00,3,2,1
2020-09-30 01:00:00,2,1,1
2020-09-30 02:00:00,1,0,1
2020-09-30 03:00:00,4,2,2
2020-09-30 04:00:00,6,5,1
2020-09-30 05:00:00,10,7,3
2020-09-30 06:00:00,64,35,29
2020-09-30 07:00:00,135,72,63
2020-09-30 08:00:00,158,82,76
2020-09-30 09:00:00,92,44,48
2020-09-30 10:00:00,85,44,41
2020-09-30 11:00:00,99,48,51
2020-09-30 12:00:00,168,84,84
2020-09-30 13:00:00,113,50,63
2020-09-30 14:00:00,101,53,48
2020-09-30 15:00:00,117,58,59
2020-09-30 16:00:00,194,104,90
2020-09-30 17:00:00,314,187,127
2020-09-30 18:00:00,455,235,220
2020-09-30 19:00:00,251,81,170
2020-09-30 20:00:00,49,20,29
2020-09-30 21:00:00,22,9,13
2020-09-30 22:00:00,15,2,13
2020-09-30 23:00:00,2,1,1
2020-10-01 00:00:00,1,0,1
2020-10-01 01:00:00,0,0,0
2020-10-01 02:00:00,1,1,0
2020-10-01 03:00:00,4,3,1
2020-10-01 04:00:00,2,1,1
2020-10-01 05:00:00,10,6,4
2020-10-01 06:00:00,55,29,26
2020-10-01 07:00:00,132,65,67
2020-10-01 08:00:00,104,61,43
2020-10-01 09:00:00,120,62,58
2020-10-01 10:00:00,101,38,63
2020-10-01 11:00:00,96,45,51
2020-10-01 12:00:00,97,48,49
2020-10-01 13:00:00,100,50,50
2020-10-01 14:00:00,103,46,57
2020-10-01 15:00:00,111,70,41
2020-10-01 16:00:00,187,102,85
2020-10-01 17:00:00,299,163,136
2020-10-01 18:00:00,476,258,218
2020-10-01 19:00:00,321,107,214
2020-10-01 20:00:00,55,17,38
2020-10-01 21:00:00,25,8,17
2020-10-01 22:00:00,16,3,13
2020-10-01 23:00:00,3,1,2
2020-10-02 00:00:00,3,3,0
2020-10-02 01:00:00,4,2,2
2020-10-02 02:00:00,3,0,3
2020-10-02 03:00:00,0,0,0
2020-10-02 04:00:00,3,3,0
2020-10-02 05:00:00,11,7,4
2020-10-02 06:00:00,98,68,30
2020-10-02 07:00:00,147,84,63
2020-10-02 08:00:00,158,71,87
2020-10-02 09:00:00,91,42,49
2020-10-02 10:00:00,97,48,49
2020-10-02 11:00:00,94,55,39
2020-10-02 12:00:00,145,73,72
2020-10-02 13:00:00,140,70,70
2020-10-02 14:00:00,148,82,66
2020-10-02 15:00:00,194,99,95
2020-10-02 16:00:00,240,146,94
2020-10-02 17:00:00,319,164,155
2020-10-02 18:00:00,376,190,186
2020-10-02 19:00:00,217,72,145
2020-10-02 20:00:00,49,20,29
2020-10-02 21:00:00,17,8,9
2020-10-02 22:00:00,15,7,8
2020-10-02 23:00:00,11,2,9
2020-10-03 00:00:00,3,2,1
2020-10-03 01:00:00,8,2,6
2020-10-03 02:00:00,2,1,1
2020-10-03 03:00:00,0,0,0
2020-10-03 04:00:00,0,0,0
2020-10-03 05:00:00,3,2,1
2020-10-03 06:00:00,18,10,8
2020-10-03 07:00:00,48,25,23
2020-10-03 08:00:00,101,51,50
2020-10-03 09:00:00,146,75,71
2020-10-03 10:00:00,202,107,95
2020-10-03 11:00:00,183,89,94
2020-10-03 12:00:00,198,105,93
2020-10-03 13:00:00,175,83,92
2020-10-03 14:00:00,177,92,85
2020-10-03 15:00:00,160,70,90
2020-10-03 16:00:00,176,84,92
2020-10-03 17:00:00,242,133,109
2020-10-03 18:00:00,210,75,135
2020-10-03 19:00:00,63,22,41
2020-10-03 20:00:00,19,7,12
2020-10-03 21:00:00,13,6,7
2020-10-03 22:00:00,4,3,1
2020-10-03 23:00:00,6,2,4
2020-10-04 00:00:00,3,1,2
2020-10-04 01:00:00,3,1,2
2020-10-04 02:00:00,0,0,0
2020-10-04 03:00:00,1,1,0
2020-10-04 04:00:00,5,2,3
2020-10-04 05:00:00,4,2,2
2020-10-04 06:00:00,11,5,6
2020-10-04 07:00:00,43,24,19
2020-10-04 08:00:00,108,69,39
2020-10-04 09:00:00,167,90,77
2020-10-04 10:00:00,230,119,111
2020-10-04 11:00:00,190,94,96
2020-10-04 12:00:00,187,85,102
2020-10-04 13:00:00,212,113,99
2020-10-04 14:00:00,267,122,145
2020-10-04 15:00:00,254,108,146
2020-10-04 16:00:00,229,112,117
2020-10-04 17:00:00,298,149,149
2020-10-04 18:00:00,267,127,140
2020-10-04 19:00:00,118,36,82
2020-10-04 20:00:00,31,17,14
2020-10-04 21:00:00,10,5,5
2020-10-04 22:00:00,4,2,2
2020-10-04 23:00:00,2,1,1
2020-10-05 00:00:00,1,0,1
2020-10-05 01:00:00,0,0,0
2020-10-05 02:00:00,0,0,0
2020-10-05 03:00:00,1,1,0
2020-10-05 04:00:00,3,3,0
2020-10-05 05:00:00,11,8,3
2020-10-05 06:00:00,62,31,31
2020-10-05 07:00:00,125,68,57
2020-10-05 08:00:00,163,86,77
2020-10-05 09:00:00,132,70,62
2020-10-05 10:00:00,103,48,55
2020-10-05 11:00:00,107,55,52
2020-10-05 12:00:00,130,59,71
2020-10-05 13:00:00,178,98,80
2020-10-05 14:00:00,184,88,96
2020-10-05 15:00:00,249,143,106
2020-10-05 16:00:00,298,160,138
2020-10-05 17:00:00,467,273,194
2020-10-05 18:00:00,680,339,341
2020-10-05 19:00:00,292,93,199
2020-10-05 20:00:00,48,21,27
2020-10-05 21:00:00,19,11,8
2020-10-05 22:00:00,14,4,10
2020-10-05 23:00:00,1,0,1
2020-10-06 00:00:00,0,0,0
2020-10-06 01:00:00,2,1,1
2020-10-06 02:00:00,0,0,0
2020-10-06 03:00:00,3,2,1
2020-10-06 04:00:00,5,5,0
2020-10-06 05:00:00,8,4,4
2020-10-06 06:00:00,56,33,23
2020-10-06 07:00:00,123,74,49
2020-10-06 08:00:00,174,77,97
2020-10-06 09:00:00,135,68,67
2020-10-06 10:00:00,119,61,58
2020-10-06 11:00:00,117,61,56
2020-10-06 12:00:00,196,91,105
2020-10-06 13:00:00,168,83,85
2020-10-06 14:00:00,173,91,82
2020-10-06 15:00:00,190,95,95
2020-10-06 16:00:00,288,157,131
2020-10-06 17:00:00,446,256,190
2020-10-06 18:00:00,651,337,314
2020-10-06 19:00:00,332,102,230
2020-10-06 20:00:00,44,15,29
2020-10-06 21:00:00,25,13,12
2020-10-06 22:00:00,5,1,4
2020-10-06 23:00:00,8,1,7
2020-10-07 00:00:00,4,2,2
2020-10-07 01:00:00,6,6,0
2020-10-07 02:00:00,3,1,2
2020-10-07 03:00:00,7,4,3
2020-10-07 04:00:00,1,0,1
2020-10-07 05:00:00,7,6,1
2020-10-07 06:00:00,38,22,16
2020-10-07 07:00:00,140,80,60
2020-10-07 08:00:00,156,75,81
2020-10-07 09:00:00,123,55,68
2020-10-07 10:00:00,96,48,48
2020-10-07 11:00:00,115,66,49
2020-10-07 12:00:00,137,72,65
2020-10-07 13:00:00,106,61,45
2020-10-07 14:00:00,140,80,60
2020-10-07 15:00:00,139,75,64
2020-10-07 16:00:00,198,103,95
2020-10-07 17:00:00,334,177,157
2020-10-07 18:00:00,453,231,222
2020-10-07 19:00:00,202,66,136
2020-10-07 20:00:00,40,16,24
2020-10-07 21:00:00,20,13,7
2020-10-07 22:00:00,12,5,7
2020-10-07 23:00:00,6,3,3
2020-10-08 00:00:00,2,1,1
2020-10-08 01:00:00,1,0,1
2020-10-08 02:00:00,2,1,1
2020-10-08 03:00:00,4,3,1
2020-10-08 04:00:00,2,2,0
2020-10-08 05:00:00,10,6,4
2020-10-08 06:00:00,48,28,20
2020-10-08 07:00:00,98,54,44
2020-10-08 08:00:00,171,90,81
2020-10-08 09:00:00,121,61,60
2020-10-08 10:00:00,138,57,81
2020-10-08 11:00:00,120,64,56
2020-10-08 12:00:00,173,85,88
2020-10-08 13:00:00,164,79,85
2020-10-08 14:00:00,124,63,61
2020-10-08 15:00:00,148,83,65
2020-10-08 16:00:00,265,137,128
2020-10-08 17:00:00,301,176,125
2020-10-08 18:00:00,442,226,216
2020-10-08 19:00:00,198,53,145
2020-10-08 20:00:00,32,12,20
2020-10-08 21:00:00,22,10,12
2020-10-08 22:00:00,4,2,2
2020-10-08 23:00:00,10,5,5
2020-10-09 00:00:00,4,0,4
2020-10-09 01:00:00,1,1,0
2020-10-09 02:00:00,3,0,3
2020-10-09 03:00:00,4,3,1
2020-10-09 04:00:00,4,2,2
2020-10-09 05:00:00,8,5,3
2020-10-09 06:00:00,40,18,22
2020-10-09 07:00:00,115,69,46
2020-10-09 08:00:00,197,90,107
2020-10-09 09:00:00,111,61,50
2020-10-09 10:00:00,151,73,78
2020-10-09 11:00:00,132,69,63
2020-10-09 12:00:00,147,71,76
2020-10-09 13:00:00,118,62,56
2020-10-09 14:00:00,167,78,89
2020-10-09 15:00:00,168,72,96
2020-10-09 16:00:00,199,112,87
2020-10-09 17:00:00,322,171,151
2020-10-09 18:00:00,334,138,196
2020-10-09 19:00:00,102,36,66
2020-10-09 20:00:00,30,10,20
2020-10-09 21:00:00,7,1,6
2020-10-09 22:00:00,5,2,3
2020-10-09 23:00:00,2,1,1
2020-10-10 00:00:00,1,0,1
2020-10-10 01:00:00,0,0,0
2020-10-10 02:00:00,0,0,0
2020-10-10 03:00:00,0,0,0
2020-10-10 04:00:00,0,0,0
2020-10-10 05:00:00,0,0,0
2020-10-10 06:00:00,7,3,4
2020-10-10 07:00:00,33,17,16
2020-10-10 08:00:00,87,51,36
2020-10-10 09:00:00,122,64,58
2020-10-10 10:00:00,181,95,86
2020-10-10 11:00:00,208,101,107
2020-10-10 12:00:00,196,98,98
2020-10-10 13:00:00,254,134,120
2020-10-10 14:00:00,284,144,140
2020-10-10 15:00:00,343,177,166
2020-10-10 16:00:00,298,148,150
2020-10-10 17:00:00,343,162,181
2020-10-10 18:00:00,338,162,176
2020-10-10 19:00:00,105,25,80
2020-10-10 20:00:00,21,9,12
2020-10-10 21:00:00,12,6,6
2020-10-10 22:00:00,13,7,6
2020-10-10 23:00:00,3,1,2
2020-10-11 00:00:00,1,1,0
2020-10-11 01:00:00,2,1,1
2020-10-11 02:00:00,11,6,5
2020-10-11 03:00:00,0,0,0
2020-10-11 04:00:00,2,1,1
2020-10-11 05:00:00,5,4,1
2020-10-11 06:00:00,19,10,9
2020-10-11 07:00:00,67,38,29
2020-10-11 08:00:00,153,96,57
2020-10-11 09:00:00,235,131,104
2020-10-11 10:00:00,234,110,124
2020-10-11 11:00:00,131,53,78
2020-10-11 12:00:00,95,46,49
2020-10-11 13:00:00,77,31,46
2020-10-11 14:00:00,75,35,40
2020-10-11 15:00:00,70,31,39
2020-10-11 16:00:00,61,25,36
2020-10-11 17:00:00,41,21,20
2020-10-11 18:00:00,57,24,33
2020-10-11 19:00:00,20,9,11
2020-10-11 20:00:00,10,6,4
2020-10-11 21:00:00,5,2,3
2020-10-11 22:00:00,1,0,1
2020-10-11 23:00:00,2,1,1
2020-10-12 00:00:00,4,3,1
2020-10-12 01:00:00,0,0,0
2020-10-12 02:00:00,1,1,0
2020-10-12 03:00:00,0,0,0
2020-10-12 04:00:00,2,2,0
2020-10-12 05:00:00,7,3,4
2020-10-12 06:00:00,25,14,11
2020-10-12 07:00:00,57,33,24
2020-10-12 08:00:00,98,47,51
2020-10-12 09:00:00,95,45,50
2020-10-12 10:00:00,99,49,50
2020-10-12 11:00:00,112,58,54
2020-10-12 12:00:00,161,83,78
2020-10-12 13:00:00,152,75,77
2020-10-12 14:00:00,175,78,97
2020-10-12 15:00:00,209,111,98
2020-10-12 16:00:00,359,227,132
2020-10-12 17:00:00,520,313,207
2020-10-12 18:00:00,616,286,330
2020-10-12 19:00:00,178,36,142
2020-10-12 20:00:00,40,20,20
2020-10-12 21:00:00,20,8,12
2020-10-12 22:00:00,9,4,5
2020-10-12 23:00:00,6,2,4
2020-10-13 00:00:00,3,2,1
2020-10-13 01:00:00,3,0,3
2020-10-13 02:00:00,0,0,0
2020-10-13 03:00:00,0,0,0
2020-10-13 04:00:00,1,0,1
2020-10-13 05:00:00,4,3,1
2020-10-13 06:00:00,27,16,11
2020-10-13 07:00:00,39,17,22
2020-10-13 08:00:00,71,37,34
2020-10-13 09:00:00,77,36,41
2020-10-13 10:00:00,59,30,29
2020-10-13 11:00:00,71,41,30
2020-10-13 12:00:00,109,57,52
2020-10-13 13:00:00,97,43,54
2020-10-13 14:00:00,127,63,64
2020-10-13 15:00:00,160,87,73
2020-10-13 16:00:00,220,120,100
2020-10-13 17:00:00,348,194,154
2020-10-13 18:00:00,403,181,222
2020-10-13 19:00:00,112,35,77
2020-10-13 20:00:00,30,11,19
2020-10-13 21:00:00,11,2,9
2020-10-13 22:00:00,5,3,2
2020-10-13 23:00:00,4,2,2
2020-10-14 00:00:00,3,3,0
2020-10-14 01:00:00,3,1,2
2020-10-14 02:00:00,0,0,0
2020-10-14 03:00:00,4,2,2
2020-10-14 04:00:00,3,2,1
2020-10-14 05:00:00,15,9,6
2020-10-14 06:00:00,54,32,22
2020-10-14 07:00:00,129,67,62
2020-10-14 08:00:00,160,80,80
2020-10-14 09:00:00,109,53,56
2020-10-14 10:00:00,121,68,53
2020-10-14 11:00:00,144,69,75
2020-10-14 12:00:00,209,101,108
2020-10-14 13:00:00,153,71,82
2020-10-14 14:00:00,158,85,73
2020-10-14 15:00:00,222,105,117
2020-10-14 16:00:00,273,154,119
2020-10-14 17:00:00,449,243,206
2020-10-14 18:00:00,487,212,275
2020-10-14 19:00:00,142,42,100
2020-10-14 20:00:00,33,10,23
2020-10-14 21:00:00,12,7,5
2020-10-14 22:00:00,7,3,4
2020-10-14 23:00:00,5,3,2
2020-10-15 00:00:00,5,2,3
2020-10-15 01:00:00,1,0,1
2020-10-15 02:00:00,0,0,0
2020-10-15 03:00:00,2,1,1
2020-10-15 04:00:00,0,0,0
2020-10-15 05:00:00,9,5,4
2020-10-15 06:00:00,30,20,10
2020-10-15 07:00:00,105,60,45
2020-10-15 08:00:00,140,71,69
2020-10-15 09:00:00,154,70,84
2020-10-15 10:00:00,120,60,60
2020-10-15 11:00:00,143,70,73
2020-10-15 12:00:00,177,82,95
2020-10-15 13:00:00,139,60,79
2020-10-15 14:00:00,130,70,60
2020-10-15 15:00:00,172,93,79
2020-10-15 16:00:00,215,119,96
2020-10-15 17:00:00,425,231,194
2020-10-15 18:00:00,483,223,260
2020-10-15 19:00:00,127,31,96
2020-10-15 20:00:00,35,13,22
2020-10-15 21:00:00,8,4,4
2020-10-15 22:00:00,11,3,8
2020-10-15 23:00:00,3,1,2
2020-10-16 00:00:00,5,5,0
2020-10-16 01:00:00,3,1,2
2020-10-16 02:00:00,2,1,1
2020-10-16 03:00:00,1,1,0
2020-10-16 04:00:00,3,3,0
2020-10-16 05:00:00,17,7,10
2020-10-16 06:00:00,44,23,21
2020-10-16 07:00:00,103,58,45
2020-10-16 08:00:00,138,65,73
2020-10-16 09:00:00,135,61,74
2020-10-16 10:00:00,101,51,50
2020-10-16 11:00:00,98,50,48
2020-10-16 12:00:00,129,61,68
2020-10-16 13:00:00,88,37,51
2020-10-16 14:00:00,99,53,46
2020-10-16 15:00:00,113,61,52
2020-10-16 16:00:00,121,68,53
2020-10-16 17:00:00,211,116,95
2020-10-16 18:00:00,235,100,135
2020-10-16 19:00:00,76,27,49
2020-10-16 20:00:00,25,12,13
2020-10-16 21:00:00,7,2,5
2020-10-16 22:00:00,6,4,2
2020-10-16 23:00:00,7,3,4
2020-10-17 00:00:00,0,0,0
2020-10-17 01:00:00,1,1,0
2020-10-17 02:00:00,5,3,2
2020-10-17 03:00:00,0,0,0
2020-10-17 04:00:00,1,1,0
2020-10-17 05:00:00,2,2,0
2020-10-17 06:00:00,14,10,4
2020-10-17 07:00:00,53,25,28
2020-10-17 08:00:00,111,69,42
2020-10-17 09:00:00,176,89,87
2020-10-17 10:00:00,196,104,92
2020-10-17 11:00:00,218,111,107
2020-10-17 12:00:00,223,109,114
2020-10-17 13:00:00,192,102,90
2020-10-17 14:00:00,209,111,98
2020-10-17 15:00:00,255,143,112
2020-10-17 16:00:00,271,131,140
2020-10-17 17:00:00,222,105,117
2020-10-17 18:00:00,210,88,122
2020-10-17 19:00:00,63,26,37
2020-10-17 20:00:00,28,13,15
2020-10-17 21:00:00,12,5,7
2020-10-17 22:00:00,17,6,11
2020-10-17 23:00:00,4,1,3
2020-10-18 00:00:00,6,4,2
2020-10-18 01:00:00,8,7,1
2020-10-18 02:00:00,6,2,4
2020-10-18 03:00:00,1,0,1
2020-10-18 04:00:00,4,2,2
2020-10-18 05:00:00,2,2,0
2020-10-18 06:00:00,11,5,6
2020-10-18 07:00:00,57,39,18
2020-10-18 08:00:00,105,64,41
2020-10-18 09:00:00,122,51,71
2020-10-18 10:00:00,119,55,64
2020-10-18 11:00:00,95,46,49
2020-10-18 12:00:00,127,55,72
2020-10-18 13:00:00,129,70,59
2020-10-18 14:00:00,174,94,80
2020-10-18 15:00:00,246,132,114
2020-10-18 16:00:00,255,139,116
2020-10-18 17:00:00,288,158,130
2020-10-18 18:00:00,224,71,153
2020-10-18 19:00:00,43,16,27
2020-10-18 20:00:00,24,14,10
2020-10-18 21:00:00,15,7,8
2020-10-18 22:00:00,13,6,7
2020-10-18 23:00:00,4,2,2
2020-10-19 00:00:00,7,3,4
2020-10-19 01:00:00,3,1,2
2020-10-19 02:00:00,0,0,0
2020-10-19 03:00:00,3,2,1
2020-10-19 04:00:00,2,2,0
2020-10-19 05:00:00,11,7,4
2020-10-19 06:00:00,53,28,25
2020-10-19 07:00:00,92,56,36
2020-10-19 08:00:00,141,72,69
2020-10-19 09:00:00,126,63,63
2020-10-19 10:00:00,137,61,76
2020-10-19 11:00:00,139,68,71
2020-10-19 12:00:00,136,68,68
2020-10-19 13:00:00,109,47,62
2020-10-19 14:00:00,114,59,55
2020-10-19 15:00:00,125,63,62
2020-10-19 16:00:00,143,64,79
2020-10-19 17:00:00,176,99,77
2020-10-19 18:00:00,185,80,105
2020-10-19 19:00:00,36,7,29
2020-10-19 20:00:00,15,6,9
2020-10-19 21:00:00,3,1,2
2020-10-19 22:00:00,8,3,5
2020-10-19 23:00:00,4,3,1
2020-10-20 00:00:00,1,1,0
2020-10-20 01:00:00,0,0,0
2020-10-20 02:00:00,1,0,1
2020-10-20 03:00:00,3,3,0
2020-10-20 04:00:00,0,0,0
2020-10-20 05:00:00,9,5,4
2020-10-20 06:00:00,51,27,24
2020-10-20 07:00:00,91,49,42
2020-10-20 08:00:00,156,83,73
2020-10-20 09:00:00,122,58,64
2020-10-20 10:00:00,107,49,58
2020-10-20 11:00:00,125,74,51
2020-10-20 12:00:00,205,106,99
2020-10-20 13:00:00,162,84,78
2020-10-20 14:00:00,178,98,80
2020-10-20 15:00:00,261,144,117
2020-10-20 16:00:00,335,182,153
2020-10-20 17:00:00,592,331,261
2020-10-20 18:00:00,518,233,285
2020-10-20 19:00:00,129,39,90
2020-10-20 20:00:00,34,12,22
2020-10-20 21:00:00,17,10,7
2020-10-20 22:00:00,10,4,6
2020-10-20 23:00:00,2,0,2
2020-10-21 00:00:00,0,0,0
2020-10-21 01:00:00,1,1,0
2020-10-21 02:00:00,0,0,0
2020-10-21 03:00:00,2,2,0
2020-10-21 04:00:00,2,1,1
2020-10-21 05:00:00,4,2,2
2020-10-21 06:00:00,28,17,11
2020-10-21 07:00:00,93,52,41
2020-10-21 08:00:00,123,63,60
2020-10-21 09:00:00,98,50,48
2020-10-21 10:00:00,84,32,52
2020-10-21 11:00:00,31,15,16
2020-10-21 12:00:00,98,57,41
2020-10-21 13:00:00,82,48,34
2020-10-21 14:00:00,112,53,59
2020-10-21 15:00:00,141,74,67
2020-10-21 16:00:00,243,124,119
2020-10-21 17:00:00,448,247,201
2020-10-21 18:00:00,441,181,260
2020-10-21 19:00:00,92,28,64
2020-10-21 20:00:00,20,8,12
2020-10-21 21:00:00,17,8,9
2020-10-21 22:00:00,10,4,6
2020-10-21 23:00:00,0,0,0
2020-10-22 00:00:00,1,1,0
2020-10-22 01:00:00,2,1,1
2020-10-22 02:00:00,2,1,1
2020-10-22 03:00:00,3,2,1
2020-10-22 04:00:00,4,3,1
2020-10-22 05:00:00,7,4,3
2020-10-22 06:00:00,37,20,17
2020-10-22 07:00:00,95,55,40
2020-10-22 08:00:00,141,69,72
2020-10-22 09:00:00,105,50,55
2020-10-22 10:00:00,107,51,56
2020-10-22 11:00:00,102,53,49
2020-10-22 12:00:00,137,63,74
2020-10-22 13:00:00,116,58,58
2020-10-22 14:00:00,139,74,65
2020-10-22 15:00:00,146,69,77
2020-10-22 16:00:00,280,164,116
2020-10-22 17:00:00,444,239,205
2020-10-22 18:00:00,338,144,194
2020-10-22 19:00:00,80,18,62
2020-10-22 20:00:00,13,7,6
2020-10-22 21:00:00,5,1,4
2020-10-22 22:00:00,13,6,7
2020-10-22 23:00:00,1,0,1
2020-10-23 00:00:00,2,1,1
2020-10-23 01:00:00,0,0,0
2020-10-23 02:00:00,3,1,2
2020-10-23 03:00:00,0,0,0
2020-10-23 04:00:00,3,2,1
2020-10-23 05:00:00,7,3,4
2020-10-23 06:00:00,29,19,10
2020-10-23 07:00:00,62,30,32
2020-10-23 08:00:00,56,28,28
2020-10-23 09:00:00,43,20,23
2020-10-23 10:00:00,44,25,19
2020-10-23 11:00:00,90,46,44
2020-10-23 12:00:00,82,39,43
2020-10-23 13:00:00,71,35,36
2020-10-23 14:00:00,86,38,48
2020-10-23 15:00:00,93,46,47
2020-10-23 16:00:00,115,65,50
2020-10-23 17:00:00,175,92,83
2020-10-23 18:00:00,141,49,92
2020-10-23 19:00:00,14,5,9
2020-10-23 20:00:00,10,4,6
2020-10-23 21:00:00,9,4,5
2020-10-23 22:00:00,7,3,4
2020-10-23 23:00:00,7,5,2
2020-10-24 00:00:00,4,2,2
2020-10-24 01:00:00,1,0,1
2020-10-24 02:00:00,2,1,1
2020-10-24 03:00:00,0,0,0
2020-10-24 04:00:00,2,1,1
2020-10-24 05:00:00,5,4,1
2020-10-24 06:00:00,11,7,4
2020-10-24 07:00:00,38,20,18
2020-10-24 08:00:00,111,67,44
2020-10-24 09:00:00,157,78,79
2020-10-24 10:00:00,208,121,87
2020-10-24 11:00:00,228,109,119
2020-10-24 12:00:00,183,77,106
2020-10-24 13:00:00,193,100,93
2020-10-24 14:00:00,241,121,120
2020-10-24 15:00:00,253,137,116
2020-10-24 16:00:00,268,121,147
2020-10-24 17:00:00,289,139,150
2020-10-24 18:00:00,153,51,102
2020-10-24 19:00:00,24,10,14
2020-10-24 20:00:00,10,4,6
2020-10-24 21:00:00,7,4,3
2020-10-24 22:00:00,7,3,4
2020-10-24 23:00:00,5,3,2
2020-10-25 00:00:00,0,0,0
2020-10-25 01:00:00,2,2,0
2020-10-25 02:00:00,3,1,2
2020-10-25 03:00:00,0,0,0
2020-10-25 04:00:00,2,2,0
2020-10-25 05:00:00,1,1,0
2020-10-25 06:00:00,15,8,7
2020-10-25 07:00:00,25,12,13
2020-10-25 08:00:00,92,64,28
2020-10-25 09:00:00,163,91,72
2020-10-25 10:00:00,199,104,95
2020-10-25 11:00:00,251,130,121
2020-10-25 12:00:00,246,124,122
2020-10-25 13:00:00,277,150,127
2020-10-25 14:00:00,348,175,173
2020-10-25 15:00:00,392,210,182
2020-10-25 16:00:00,398,192,206
2020-10-25 17:00:00,311,134,177
2020-10-25 18:00:00,173,65,108
2020-10-25 19:00:00,34,16,18
2020-10-25 20:00:00,9,3,6
2020-10-25 21:00:00,6,5,1
2020-10-25 22:00:00,6,3,3
2020-10-25 23:00:00,2,1,1
2020-10-26 00:00:00,0,0,0
2020-10-26 01:00:00,4,2,2
2020-10-26 02:00:00,1,1,0
2020-10-26 03:00:00,2,1,1
2020-10-26 04:00:00,1,1,0
2020-10-26 05:00:00,4,2,2
2020-10-26 06:00:00,32,19,13
2020-10-26 07:00:00,72,37,35
2020-10-26 08:00:00,112,52,60
2020-10-26 09:00:00,89,45,44
2020-10-26 10:00:00,100,58,42
2020-10-26 11:00:00,106,45,61
2020-10-26 12:00:00,166,89,77
2020-10-26 13:00:00,103,49,54
2020-10-26 14:00:00,121,66,55
2020-10-26 15:00:00,144,63,81
2020-10-26 16:00:00,249,136,113
2020-10-26 17:00:00,404,221,183
2020-10-26 18:00:00,353,140,213
2020-10-26 19:00:00,87,32,55
2020-10-26 20:00:00,19,6,13
2020-10-26 21:00:00,18,12,6
2020-10-26 22:00:00,26,13,13
2020-10-26 23:00:00,6,4,2
2020-10-27 00:00:00,3,1,2
2020-10-27 01:00:00,2,1,1
2020-10-27 02:00:00,3,0,3
2020-10-27 03:00:00,5,3,2
2020-10-27 04:00:00,2,1,1
2020-10-27 05:00:00,5,4,1
2020-10-27 06:00:00,32,17,15
2020-10-27 07:00:00,82,48,34
2020-10-27 08:00:00,122,61,61
2020-10-27 09:00:00,87,43,44
2020-10-27 10:00:00,85,40,45
2020-10-27 11:00:00,116,63,53
2020-10-27 12:00:00,133,71,62
2020-10-27 13:00:00,143,67,76
2020-10-27 14:00:00,175,98,77
2020-10-27 15:00:00,227,127,100
2020-10-27 16:00:00,289,160,129
2020-10-27 17:00:00,513,277,236
2020-10-27 18:00:00,453,194,259
2020-10-27 19:00:00,85,21,64
2020-10-27 20:00:00,23,8,15
2020-10-27 21:00:00,7,4,3
2020-10-27 22:00:00,6,2,4
2020-10-27 23:00:00,4,1,3
2020-10-28 00:00:00,1,1,0
2020-10-28 01:00:00,0,0,0
2020-10-28 02:00:00,0,0,0
2020-10-28 03:00:00,2,2,0
2020-10-28 04:00:00,3,2,1
2020-10-28 05:00:00,4,2,2
2020-10-28 06:00:00,35,18,17
2020-10-28 07:00:00,84,41,43
2020-10-28 08:00:00,127,66,61
2020-10-28 09:00:00,97,48,49
2020-10-28 10:00:00,92,53,39
2020-10-28 11:00:00,111,49,62
2020-10-28 12:00:00,165,88,77
2020-10-28 13:00:00,114,49,65
2020-10-28 14:00:00,109,50,59
2020-10-28 15:00:00,115,54,61
2020-10-28 16:00:00,178,100,78
2020-10-28 17:00:00,326,165,161
2020-10-28 18:00:00,242,100,142
2020-10-28 19:00:00,60,21,39
2020-10-28 20:00:00,38,19,19
2020-10-28 21:00:00,19,12,7
2020-10-28 22:00:00,8,4,4
2020-10-28 23:00:00,5,2,3
2020-10-29 00:00:00,4,1,3
2020-10-29 01:00:00,0,0,0
2020-10-29 02:00:00,2,0,2
2020-10-29 03:00:00,1,1,0
2020-10-29 04:00:00,2,2,0
2020-10-29 05:00:00,7,4,3
2020-10-29 06:00:00,27,19,8
2020-10-29 07:00:00,94,48,46
2020-10-29 08:00:00,105,58,47
2020-10-29 09:00:00,111,56,55
2020-10-29 10:00:00,90,44,46
2020-10-29 11:00:00,91,38,53
2020-10-29 12:00:00,125,70,55
2020-10-29 13:00:00,137,70,67
2020-10-29 14:00:00,138,72,66
2020-10-29 15:00:00,232,146,86
2020-10-29 16:00:00,324,165,159
2020-10-29 17:00:00,548,313,235
2020-10-29 18:00:00,423,157,266
2020-10-29 19:00:00,88,30,58
2020-10-29 20:00:00,25,7,18
2020-10-29 21:00:00,14,9,5
2020-10-29 22:00:00,8,4,4
2020-10-29 23:00:00,7,4,3
2020-10-30 00:00:00,2,1,1
2020-10-30 01:00:00,1,1,0
2020-10-30 02:00:00,3,1,2
2020-10-30 03:00:00,1,1,0
2020-10-30 04:00:00,4,3,1
2020-10-30 05:00:00,8,5,3
2020-10-30 06:00:00,20,14,6
2020-10-30 07:00:00,66,36,30
2020-10-30 08:00:00,98,45,53
2020-10-30 09:00:00,98,49,49
2020-10-30 10:00:00,117,62,55
2020-10-30 11:00:00,144,75,69
2020-10-30 12:00:00,200,101,99
2020-10-30 13:00:00,148,63,85
2020-10-30 14:00:00,194,96,98
2020-10-30 15:00:00,280,177,103
2020-10-30 16:00:00,325,163,162
2020-10-30 17:00:00,472,262,210
2020-10-30 18:00:00,277,110,167
2020-10-30 19:00:00,47,20,27
2020-10-30 20:00:00,39,14,25
2020-10-30 21:00:00,18,8,10
2020-10-30 22:00:00,4,1,3
2020-10-30 23:00:00,11,6,5
2020-10-31 00:00:00,7,2,5
2020-10-31 01:00:00,0,0,0
2020-10-31 02:00:00,0,0,0
2020-10-31 03:00:00,0,0,0
2020-10-31 04:00:00,0,0,0
2020-10-31 05:00:00,3,2,1
2020-10-31 06:00:00,6,5,1
2020-10-31 07:00:00,55,32,23
2020-10-31 08:00:00,124,67,57
2020-10-31 09:00:00,217,114,103
2020-10-31 10:00:00,268,150,118
2020-10-31 11:00:00,299,159,140
2020-10-31 12:00:00,267,126,141
2020-10-31 13:00:00,324,154,170
2020-10-31 14:00:00,347,178,169
2020-10-31 15:00:00,365,197,168
2020-10-31 16:00:00,380,197,183
2020-10-31 17:00:00,356,173,183
2020-10-31 18:00:00,184,59,125
2020-10-31 19:00:00,37,15,22
2020-10-31 20:00:00,27,13,14
2020-10-31 21:00:00,8,5,3
2020-10-31 22:00:00,10,6,4
2020-10-31 23:00:00,8,4,4
2020-11-01 00:00:00,4,2,2
2020-11-01 01:00:00,5,3,2
2020-11-01 02:00:00,1,0,1
2020-11-01 03:00:00,2,0,2
2020-11-01 04:00:00,4,3,1
2020-11-01 05:00:00,9,5,4
2020-11-01 06:00:00,27,18,9
2020-11-01 07:00:00,97,64,33
2020-11-01 08:00:00,183,104,79
2020-11-01 09:00:00,238,131,107
2020-11-01 10:00:00,292,140,152
2020-11-01 11:00:00,319,163,156
2020-11-01 12:00:00,300,153,147
2020-11-01 13:00:00,348,168,180
2020-11-01 14:00:00,422,224,198
2020-11-01 15:00:00,436,240,196
2020-11-01 16:00:00,489,236,253
2020-11-01 17:00:00,312,120,192
2020-11-01 18:00:00,34,10,24
2020-11-01 19:00:00,28,17,11
2020-11-01 20:00:00,10,5,5
2020-11-01 21:00:00,10,5,5
2020-11-01 22:00:00,10,6,4
2020-11-01 23:00:00,7,4,3
2020-11-02 00:00:00,5,3,2
2020-11-02 01:00:00,2,1,1
2020-11-02 02:00:00,0,0,0
2020-11-02 03:00:00,1,1,0
2020-11-02 04:00:00,0,0,0
2020-11-02 05:00:00,7,6,1
2020-11-02 06:00:00,60,35,25
2020-11-02 07:00:00,136,73,63
2020-11-02 08:00:00,175,96,79
2020-11-02 09:00:00,117,61,56
2020-11-02 10:00:00,125,63,62
2020-11-02 11:00:00,154,80,74
2020-11-02 12:00:00,221,117,104
2020-11-02 13:00:00,212,118,94
2020-11-02 14:00:00,259,133,126
2020-11-02 15:00:00,251,147,104
2020-11-02 16:00:00,390,223,167
2020-11-02 17:00:00,309,111,198
2020-11-02 18:00:00,98,47,51
2020-11-02 19:00:00,43,16,27
2020-11-02 20:00:00,14,5,9
2020-11-02 21:00:00,16,7,9
2020-11-02 22:00:00,10,4,6
2020-11-02 23:00:00,9,6,3
2020-11-03 00:00:00,2,1,1
2020-11-03 01:00:00,1,0,1
2020-11-03 02:00:00,0,0,0
2020-11-03 03:00:00,2,2,0
2020-11-03 04:00:00,4,3,1
2020-11-03 05:00:00,9,6,3
2020-11-03 06:00:00,48,28,20
2020-11-03 07:00:00,85,48,37
2020-11-03 08:00:00,63,30,33
2020-11-03 09:00:00,28,11,17
2020-11-03 10:00:00,31,17,14
2020-11-03 11:00:00,42,23,19
2020-11-03 12:00:00,80,45,35
2020-11-03 13:00:00,96,44,52
2020-11-03 14:00:00,44,23,21
2020-11-03 15:00:00,106,60,46
2020-11-03 16:00:00,224,108,116
2020-11-03 17:00:00,178,78,100
2020-11-03 18:00:00,64,28,36
2020-11-03 19:00:00,25,11,14
2020-11-03 20:00:00,11,3,8
2020-11-03 21:00:00,8,6,2
2020-11-03 22:00:00,6,1,5
2020-11-03 23:00:00,3,1,2
2020-11-04 00:00:00,5,2,3
2020-11-04 01:00:00,0,0,0
2020-11-04 02:00:00,0,0,0
2020-11-04 03:00:00,2,2,0
2020-11-04 04:00:00,2,2,0
2020-11-04 05:00:00,6,4,2
2020-11-04 06:00:00,23,13,10
2020-11-04 07:00:00,70,39,31
2020-11-04 08:00:00,71,40,31
2020-11-04 09:00:00,109,61,48
2020-11-04 10:00:00,93,47,46
2020-11-04 11:00:00,120,69,51
2020-11-04 12:00:00,150,75,75
2020-11-04 13:00:00,106,47,59
2020-11-04 14:00:00,72,35,37
2020-11-04 15:00:00,90,45,45
2020-11-04 16:00:00,149,72,77
2020-11-04 17:00:00,96,44,52
2020-11-04 18:00:00,34,15,19
2020-11-04 19:00:00,33,17,16
2020-11-04 20:00:00,12,6,6
2020-11-04 21:00:00,5,1,4
2020-11-04 22:00:00,8,5,3
2020-11-04 23:00:00,4,1,3
2020-11-05 00:00:00,0,0,0
2020-11-05 01:00:00,4,1,3
2020-11-05 02:00:00,0,0,0
2020-11-05 03:00:00,1,1,0
2020-11-05 04:00:00,4,2,2
2020-11-05 05:00:00,7,5,2
2020-11-05 06:00:00,36,22,14
2020-11-05 07:00:00,99,56,43
2020-11-05 08:00:00,101,50,51
2020-11-05 09:00:00,98,48,50
2020-11-05 10:00:00,92,49,43
2020-11-05 11:00:00,71,27,44
2020-11-05 12:00:00,62,27,35
2020-11-05 13:00:00,53,29,24
2020-11-05 14:00:00,47,18,29
2020-11-05 15:00:00,77,49,28
2020-11-05 16:00:00,176,95,81
2020-11-05 17:00:00,144,54,90
2020-11-05 18:00:00,59,28,31
2020-11-05 19:00:00,34,15,19
2020-11-05 20:00:00,25,11,14
2020-11-05 21:00:00,16,6,10
2020-11-05 22:00:00,11,6,5
2020-11-05 23:00:00,5,2,3
2020-11-06 00:00:00,3,2,1
2020-11-06 01:00:00,2,2,0
2020-11-06 02:00:00,0,0,0
2020-11-06 03:00:00,1,1,0
2020-11-06 04:00:00,2,1,1
2020-11-06 05:00:00,10,6,4
2020-11-06 06:00:00,27,17,10
2020-11-06 07:00:00,121,66,55
2020-11-06 08:00:00,134,66,68
2020-11-06 09:00:00,104,52,52
2020-11-06 10:00:00,115,55,60
2020-11-06 11:00:00,101,50,51
2020-11-06 12:00:00,175,88,87
2020-11-06 13:00:00,143,65,78
2020-11-06 14:00:00,110,65,45
2020-11-06 15:00:00,216,121,95
2020-11-06 16:00:00,330,181,149
2020-11-06 17:00:00,275,121,154
2020-11-06 18:00:00,81,34,47
2020-11-06 19:00:00,31,16,15
2020-11-06 20:00:00,17,5,12
2020-11-06 21:00:00,15,9,6
2020-11-06 22:00:00,2,0,2
2020-11-06 23:00:00,4,1,3
2020-11-07 00:00:00,6,4,2
2020-11-07 01:00:00,2,1,1
2020-11-07 02:00:00,2,1,1
2020-11-07 03:00:00,1,1,0
2020-11-07 04:00:00,0,0,0
2020-11-07 05:00:00,7,4,3
2020-11-07 06:00:00,21,11,10
2020-11-07 07:00:00,46,28,18
2020-11-07 08:00:00,139,81,58
2020-11-07 09:00:00,184,97,87
2020-11-07 10:00:00,182,91,91
2020-11-07 11:00:00,229,117,112
2020-11-07 12:00:00,179,85,94
2020-11-07 13:00:00,155,80,75
2020-11-07 14:00:00,213,98,115
2020-11-07 15:00:00,211,109,102
2020-11-07 16:00:00,249,116,133
2020-11-07 17:00:00,107,30,77
2020-11-07 18:00:00,25,13,12
2020-11-07 19:00:00,11,4,7
2020-11-07 20:00:00,5,2,3
2020-11-07 21:00:00,4,2,2
2020-11-07 22:00:00,11,6,5
2020-11-07 23:00:00,7,4,3
2020-11-08 00:00:00,4,3,1
2020-11-08 01:00:00,0,0,0
2020-11-08 02:00:00,0,0,0
2020-11-08 03:00:00,0,0,0
2020-11-08 04:00:00,2,2,0
2020-11-08 05:00:00,5,4,1
2020-11-08 06:00:00,11,7,4
2020-11-08 07:00:00,42,25,17
2020-11-08 08:00:00,139,86,53
2020-11-08 09:00:00,209,104,105
2020-11-08 10:00:00,302,161,141
2020-11-08 11:00:00,298,150,148
2020-11-08 12:00:00,314,162,152
2020-11-08 13:00:00,434,249,185
2020-11-08 14:00:00,514,311,203
2020-11-08 15:00:00,673,347,326
2020-11-08 16:00:00,490,211,279
2020-11-08 17:00:00,189,75,114
2020-11-08 18:00:00,26,11,15
2020-11-08 19:00:00,15,8,7
2020-11-08 20:00:00,13,8,5
2020-11-08 21:00:00,12,6,6
2020-11-08 22:00:00,1,0,1
2020-11-08 23:00:00,4,3,1
2020-11-09 00:00:00,1,0,1
2020-11-09 01:00:00,1,1,0
2020-11-09 02:00:00,0,0,0
2020-11-09 03:00:00,1,1,0
2020-11-09 04:00:00,3,1,2
2020-11-09 05:00:00,5,3,2
2020-11-09 06:00:00,43,25,18
2020-11-09 07:00:00,104,50,54
2020-11-09 08:00:00,128,62,66
2020-11-09 09:00:00,95,48,47
2020-11-09 10:00:00,702,628,74
2020-11-09 11:00:00,370,306,64
2020-11-09 12:00:00,578,491,87
2020-11-09 13:00:00,322,260,62
2020-11-09 14:00:00,112,56,56
2020-11-09 15:00:00,135,69,66
2020-11-09 16:00:00,175,87,88
2020-11-09 17:00:00,94,35,59
2020-11-09 18:00:00,38,19,19
2020-11-09 19:00:00,15,9,6
2020-11-09 20:00:00,9,6,3
2020-11-09 21:00:00,8,1,7
2020-11-09 22:00:00,3,2,1
2020-11-09 23:00:00,2,1,1
2020-11-10 00:00:00,3,1,2
2020-11-10 01:00:00,0,0,0
2020-11-10 02:00:00,0,0,0
2020-11-10 03:00:00,2,2,0
2020-11-10 04:00:00,2,2,0
2020-11-10 05:00:00,8,6,2
2020-11-10 06:00:00,48,29,19
2020-11-10 07:00:00,111,56,55
2020-11-10 08:00:00,117,64,53
2020-11-10 09:00:00,104,43,61
2020-11-10 10:00:00,120,63,57
2020-11-10 11:00:00,142,72,70
2020-11-10 12:00:00,149,76,73
2020-11-10 13:00:00,105,56,49
2020-11-10 14:00:00,96,43,53
2020-11-10 15:00:00,100,49,51
2020-11-10 16:00:00,120,65,55
2020-11-10 17:00:00,114,46,68
2020-11-10 18:00:00,60,26,34
2020-11-10 19:00:00,25,10,15
2020-11-10 20:00:00,23,12,11
2020-11-10 21:00:00,7,3,4
2020-11-10 22:00:00,7,4,3
2020-11-10 23:00:00,2,0,2
2020-11-11 00:00:00,1,1,0
2020-11-11 01:00:00,0,0,0
2020-11-11 02:00:00,0,0,0
2020-11-11 03:00:00,1,1,0
2020-11-11 04:00:00,1,1,0
2020-11-11 05:00:00,3,2,1
2020-11-11 06:00:00,37,23,14
2020-11-11 07:00:00,122,67,55
2020-11-11 08:00:00,134,66,68
2020-11-11 09:00:00,119,61,58
2020-11-11 10:00:00,135,66,69
2020-11-11 11:00:00,166,85,81
2020-11-11 12:00:00,218,114,104
2020-11-11 13:00:00,163,68,95
2020-11-11 14:00:00,173,86,87
2020-11-11 15:00:00,188,101,87
2020-11-11 16:00:00,326,161,165
2020-11-11 17:00:00,132,49,83
2020-11-11 18:00:00,72,34,38
2020-11-11 19:00:00,22,9,13
2020-11-11 20:00:00,24,11,13
2020-11-11 21:00:00,9,2,7
2020-11-11 22:00:00,2,2,0
2020-11-11 23:00:00,4,1,3
2020-11-12 00:00:00,1,0,1
2020-11-12 01:00:00,3,1,2
2020-11-12 02:00:00,1,1,0
2020-11-12 03:00:00,1,1,0
2020-11-12 04:00:00,2,1,1
2020-11-12 05:00:00,5,4,1
2020-11-12 06:00:00,34,23,11
2020-11-12 07:00:00,93,45,48
2020-11-12 08:00:00,141,77,64
2020-11-12 09:00:00,109,53,56
2020-11-12 10:00:00,117,61,56
2020-11-12 11:00:00,123,54,69
2020-11-12 12:00:00,141,75,66
2020-11-12 13:00:00,108,47,61
2020-11-12 14:00:00,96,43,53
2020-11-12 15:00:00,77,38,39
2020-11-12 16:00:00,82,50,32
2020-11-12 17:00:00,81,38,43
2020-11-12 18:00:00,33,15,18
2020-11-12 19:00:00,20,9,11
2020-11-12 20:00:00,6,2,4
2020-11-12 21:00:00,3,1,2
2020-11-12 22:00:00,2,1,1
2020-11-12 23:00:00,3,2,1
2020-11-13 00:00:00,0,0,0
2020-11-13 01:00:00,0,0,0
2020-11-13 02:00:00,2,1,1
2020-11-13 03:00:00,0,0,0
2020-11-13 04:00:00,3,3,0
2020-11-13 05:00:00,6,3,3
2020-11-13 06:00:00,14,8,6
2020-11-13 07:00:00,58,31,27
2020-11-13 08:00:00,93,47,46
2020-11-13 09:00:00,79,41,38
2020-11-13 10:00:00,125,64,61
2020-11-13 11:00:00,100,52,48
2020-11-13 12:00:00,183,96,87
2020-11-13 13:00:00,193,96,97
2020-11-13 14:00:00,219,114,105
2020-11-13 15:00:00,340,164,176
2020-11-13 16:00:00,357,186,171
2020-11-13 17:00:00,117,39,78
2020-11-13 18:00:00,23,8,15
2020-11-13 19:00:00,21,8,13
2020-11-13 20:00:00,10,2,8
2020-11-13 21:00:00,1,0,1
2020-11-13 22:00:00,9,7,2
2020-11-13 23:00:00,3,2,1
2020-11-14 00:00:00,5,3,2
2020-11-14 01:00:00,5,1,4
2020-11-14 02:00:00,2,1,1
2020-11-14 03:00:00,1,0,1
2020-11-14 04:00:00,4,3,1
2020-11-14 05:00:00,5,4,1
2020-11-14 06:00:00,17,8,9
2020-11-14 07:00:00,59,33,26
2020-11-14 08:00:00,134,74,60
2020-11-14 09:00:00,181,99,82
2020-11-14 10:00:00,266,142,124
2020-11-14 11:00:00,278,136,142
2020-11-14 12:00:00,267,140,127
2020-11-14 13:00:00,213,91,122
2020-11-14 14:00:00,159,75,84
2020-11-14 15:00:00,87,39,48
2020-11-14 16:00:00,51,22,29
2020-11-14 17:00:00,10,3,7
2020-11-14 18:00:00,9,6,3
2020-11-14 19:00:00,11,6,5
2020-11-14 20:00:00,1,1,0
2020-11-14 21:00:00,9,7,2
2020-11-14 22:00:00,7,2,5
2020-11-14 23:00:00,3,2,1
2020-11-15 00:00:00,1,1,0
2020-11-15 01:00:00,2,1,1
2020-11-15 02:00:00,6,3,3
2020-11-15 03:00:00,0,0,0
2020-11-15 04:00:00,0,0,0
2020-11-15 05:00:00,2,1,1
2020-11-15 06:00:00,22,14,8
2020-11-15 07:00:00,47,25,22
2020-11-15 08:00:00,111,60,51
2020-11-15 09:00:00,192,111,81
2020-11-15 10:00:00,307,160,147
2020-11-15 11:00:00,340,181,159
2020-11-15 12:00:00,243,123,120
2020-11-15 13:00:00,298,162,136
2020-11-15 14:00:00,330,186,144
2020-11-15 15:00:00,392,209,183
2020-11-15 16:00:00,325,152,173
2020-11-15 17:00:00,96,28,68
2020-11-15 18:00:00,28,11,17
2020-11-15 19:00:00,5,4,1
2020-11-15 20:00:00,4,2,2
2020-11-15 21:00:00,10,4,6
2020-11-15 22:00:00,2,1,1
2020-11-15 23:00:00,5,4,1
2020-11-16 00:00:00,4,0,4
2020-11-16 01:00:00,0,0,0
2020-11-16 02:00:00,2,1,1
2020-11-16 03:00:00,2,1,1
2020-11-16 04:00:00,1,1,0
2020-11-16 05:00:00,4,3,1
2020-11-16 06:00:00,39,20,19
2020-11-16 07:00:00,87,43,44
2020-11-16 08:00:00,71,38,33
2020-11-16 09:00:00,48,20,28
2020-11-16 10:00:00,55,33,22
2020-11-16 11:00:00,56,25,31
2020-11-16 12:00:00,53,23,30
2020-11-16 13:00:00,23,8,15
2020-11-16 14:00:00,25,12,13
2020-11-16 15:00:00,35,19,16
2020-11-16 16:00:00,84,45,39
2020-11-16 17:00:00,90,46,44
2020-11-16 18:00:00,36,16,20
2020-11-16 19:00:00,30,18,12
2020-11-16 20:00:00,19,7,12
2020-11-16 21:00:00,13,5,8
2020-11-16 22:00:00,10,6,4
2020-11-16 23:00:00,3,1,2
2020-11-17 00:00:00,2,1,1
2020-11-17 01:00:00,4,2,2
2020-11-17 02:00:00,0,0,0
2020-11-17 03:00:00,2,2,0
2020-11-17 04:00:00,1,1,0
2020-11-17 05:00:00,9,7,2
2020-11-17 06:00:00,38,20,18
2020-11-17 07:00:00,119,62,57
2020-11-17 08:00:00,148,77,71
2020-11-17 09:00:00,103,47,56
2020-11-17 10:00:00,107,60,47
2020-11-17 11:00:00,107,47,60
2020-11-17 12:00:00,54,27,27
2020-11-17 13:00:00,59,40,19
2020-11-17 14:00:00,121,63,58
2020-11-17 15:00:00,218,118,100
2020-11-17 16:00:00,185,94,91
2020-11-17 17:00:00,5,3,2
2020-11-17 18:00:00,15,8,7
2020-11-17 19:00:00,6,4,2
2020-11-17 20:00:00,5,4,1
2020-11-17 21:00:00,8,3,5
2020-11-17 22:00:00,6,3,3
2020-11-17 23:00:00,2,2,0
2020-11-18 00:00:00,2,0,2
2020-11-18 01:00:00,0,0,0
2020-11-18 02:00:00,0,0,0
2020-11-18 03:00:00,3,2,1
2020-11-18 04:00:00,1,1,0
2020-11-18 05:00:00,3,2,1
2020-11-18 06:00:00,30,21,9
2020-11-18 07:00:00,80,42,38
2020-11-18 08:00:00,83,48,35
2020-11-18 09:00:00,55,27,28
2020-11-18 10:00:00,41,22,19
2020-11-18 11:00:00,74,38,36
2020-11-18 12:00:00,89,45,44
2020-11-18 13:00:00,25,12,13
2020-11-18 14:00:00,28,20,8
2020-11-18 15:00:00,113,63,50
2020-11-18 16:00:00,118,61,57
2020-11-18 17:00:00,88,46,42
2020-11-18 18:00:00,55,20,35
2020-11-18 19:00:00,38,20,18
2020-11-18 20:00:00,20,10,10
2020-11-18 21:00:00,5,3,2
2020-11-18 22:00:00,8,5,3
2020-11-18 23:00:00,5,1,4
2020-11-19 00:00:00,5,2,3
2020-11-19 01:00:00,1,1,0
2020-11-19 02:00:00,0,0,0
2020-11-19 03:00:00,0,0,0
2020-11-19 04:00:00,2,1,1
2020-11-19 05:00:00,9,8,1
2020-11-19 06:00:00,29,17,12
2020-11-19 07:00:00,131,72,59
2020-11-19 08:00:00,146,76,70
2020-11-19 09:00:00,153,78,75
2020-11-19 10:00:00,156,83,73
2020-11-19 11:00:00,141,65,76
2020-11-19 12:00:00,167,88,79
2020-11-19 13:00:00,150,79,71
2020-11-19 14:00:00,146,77,69
2020-11-19 15:00:00,318,184,134
2020-11-19 16:00:00,383,185,198
2020-11-19 17:00:00,120,42,78
2020-11-19 18:00:00,36,15,21
2020-11-19 19:00:00,26,11,15
2020-11-19 20:00:00,17,10,7
2020-11-19 21:00:00,13,5,8
2020-11-19 22:00:00,7,4,3
2020-11-19 23:00:00,7,1,6
2020-11-20 00:00:00,2,2,0
2020-11-20 01:00:00,2,0,2
2020-11-20 02:00:00,1,0,1
2020-11-20 03:00:00,1,1,0
2020-11-20 04:00:00,3,2,1
2020-11-20 05:00:00,7,4,3
2020-11-20 06:00:00,38,24,14
2020-11-20 07:00:00,83,42,41
2020-11-20 08:00:00,111,58,53
2020-11-20 09:00:00,153,96,57
2020-11-20 10:00:00,101,53,48
2020-11-20 11:00:00,106,48,58
2020-11-20 12:00:00,98,53,45
2020-11-20 13:00:00,123,76,47
2020-11-20 14:00:00,162,81,81
2020-11-20 15:00:00,160,87,73
2020-11-20 16:00:00,298,167,131
2020-11-20 17:00:00,169,57,112
2020-11-20 18:00:00,50,21,29
2020-11-20 19:00:00,34,15,19
2020-11-20 20:00:00,15,7,8
2020-11-20 21:00:00,9,6,3
2020-11-20 22:00:00,7,3,4
2020-11-20 23:00:00,7,4,3
2020-11-21 00:00:00,4,2,2
2020-11-21 01:00:00,3,1,2
2020-11-21 02:00:00,1,1,0
2020-11-21 03:00:00,2,0,2
2020-11-21 04:00:00,4,3,1
2020-11-21 05:00:00,1,0,1
2020-11-21 06:00:00,16,10,6
2020-11-21 07:00:00,44,26,18
2020-11-21 08:00:00,138,84,54
2020-11-21 09:00:00,245,130,115
2020-11-21 10:00:00,358,197,161
2020-11-21 11:00:00,456,252,204
2020-11-21 12:00:00,434,212,222
2020-11-21 13:00:00,474,275,199
2020-11-21 14:00:00,590,317,273
2020-11-21 15:00:00,774,378,396
2020-11-21 16:00:00,498,234,264
2020-11-21 17:00:00,128,38,90
2020-11-21 18:00:00,19,6,13
2020-11-21 19:00:00,21,12,9
2020-11-21 20:00:00,17,8,9
2020-11-21 21:00:00,7,3,4
2020-11-21 22:00:00,7,5,2
2020-11-21 23:00:00,3,1,2
2020-11-22 00:00:00,4,1,3
2020-11-22 01:00:00,3,0,3
2020-11-22 02:00:00,3,2,1
2020-11-22 03:00:00,2,1,1
2020-11-22 04:00:00,1,1,0
2020-11-22 05:00:00,6,5,1
2020-11-22 06:00:00,14,5,9
2020-11-22 07:00:00,61,38,23
2020-11-22 08:00:00,141,77,64
2020-11-22 09:00:00,211,124,87
2020-11-22 10:00:00,260,134,126
2020-11-22 11:00:00,270,135,135
2020-11-22 12:00:00,280,149,131
2020-11-22 13:00:00,214,111,103
2020-11-22 14:00:00,171,79,92
2020-11-22 15:00:00,157,82,75
2020-11-22 16:00:00,126,57,69
2020-11-22 17:00:00,48,15,33
2020-11-22 18:00:00,16,6,10
2020-11-22 19:00:00,10,3,7
2020-11-22 20:00:00,10,4,6
2020-11-22 21:00:00,6,4,2
2020-11-22 22:00:00,9,4,5
2020-11-22 23:00:00,7,2,5
2020-11-23 00:00:00,1,1,0
2020-11-23 01:00:00,4,1,3
2020-11-23 02:00:00,1,1,0
2020-11-23 03:00:00,0,0,0
2020-11-23 04:00:00,1,1,0
2020-11-23 05:00:00,5,3,2
2020-11-23 06:00:00,33,19,14
2020-11-23 07:00:00,76,42,34
2020-11-23 08:00:00,105,51,54
2020-11-23 09:00:00,48,25,23
2020-11-23 10:00:00,50,28,22
2020-11-23 11:00:00,69,36,33
2020-11-23 12:00:00,135,78,57
2020-11-23 13:00:00,164,93,71
2020-11-23 14:00:00,171,104,67
2020-11-23 15:00:00,232,127,105
2020-11-23 16:00:00,254,120,134
2020-11-23 17:00:00,114,46,68
2020-11-23 18:00:00,59,28,31
2020-11-23 19:00:00,38,15,23
2020-11-23 20:00:00,24,12,12
2020-11-23 21:00:00,16,6,10
2020-11-23 22:00:00,14,6,8
2020-11-23 23:00:00,7,4,3
2020-11-24 00:00:00,0,0,0
2020-11-24 01:00:00,2,1,1
2020-11-24 02:00:00,1,0,1
2020-11-24 03:00:00,3,2,1
2020-11-24 04:00:00,2,1,1
2020-11-24 05:00:00,5,4,1
2020-11-24 06:00:00,37,22,15
2020-11-24 07:00:00,107,60,47
2020-11-24 08:00:00,103,51,52
2020-11-24 09:00:00,110,51,59
2020-11-24 10:00:00,103,50,53
2020-11-24 11:00:00,94,45,49
2020-11-24 12:00:00,99,53,46
2020-11-24 13:00:00,99,57,42
2020-11-24 14:00:00,59,25,34
2020-11-24 15:00:00,51,31,20
2020-11-24 16:00:00,114,57,57
2020-11-24 17:00:00,45,21,24
2020-11-24 18:00:00,30,15,15
2020-11-24 19:00:00,23,10,13
2020-11-24 20:00:00,7,5,2
2020-11-24 21:00:00,8,5,3
2020-11-24 22:00:00,10,3,7
2020-11-24 23:00:00,4,1,3
2020-11-25 00:00:00,2,2,0
2020-11-25 01:00:00,2,0,2
2020-11-25 02:00:00,0,0,0
2020-11-25 03:00:00,5,3,2
2020-11-25 04:00:00,0,0,0
2020-11-25 05:00:00,8,6,2
2020-11-25 06:00:00,38,21,17
2020-11-25 07:00:00,56,29,27
2020-11-25 08:00:00,126,64,62
2020-11-25 09:00:00,131,75,56
2020-11-25 10:00:00,169,85,84
2020-11-25 11:00:00,172,92,80
2020-11-25 12:00:00,199,100,99
2020-11-25 13:00:00,211,114,97
2020-11-25 14:00:00,308,163,145
2020-11-25 15:00:00,324,179,145
2020-11-25 16:00:00,331,159,172
2020-11-25 17:00:00,101,34,67
2020-11-25 18:00:00,29,16,13
2020-11-25 19:00:00,17,8,9
2020-11-25 20:00:00,14,4,10
2020-11-25 21:00:00,19,9,10
2020-11-25 22:00:00,7,3,4
2020-11-25 23:00:00,1,0,1
2020-11-26 00:00:00,1,0,1
2020-11-26 01:00:00,2,1,1
2020-11-26 02:00:00,0,0,0
2020-11-26 03:00:00,2,1,1
2020-11-26 04:00:00,4,3,1
2020-11-26 05:00:00,1,0,1
2020-11-26 06:00:00,10,8,2
2020-11-26 07:00:00,63,38,25
2020-11-26 08:00:00,161,93,68
2020-11-26 09:00:00,182,89,93
2020-11-26 10:00:00,206,119,87
2020-11-26 11:00:00,290,164,126
2020-11-26 12:00:00,256,137,119
2020-11-26 13:00:00,240,123,117
2020-11-26 14:00:00,292,157,135
2020-11-26 15:00:00,200,114,86
2020-11-26 16:00:00,230,98,132
2020-11-26 17:00:00,47,16,31
2020-11-26 18:00:00,24,11,13
2020-11-26 19:00:00,9,2,7
2020-11-26 20:00:00,12,6,6
2020-11-26 21:00:00,4,1,3
2020-11-26 22:00:00,2,1,1
2020-11-26 23:00:00,4,2,2
2020-11-27 00:00:00,2,1,1
2020-11-27 01:00:00,1,1,0
2020-11-27 02:00:00,0,0,0
2020-11-27 03:00:00,0,0,0
2020-11-27 04:00:00,3,2,1
2020-11-27 05:00:00,1,1,0
2020-11-27 06:00:00,15,11,4
2020-11-27 07:00:00,64,37,27
2020-11-27 08:00:00,114,55,59
2020-11-27 09:00:00,151,90,61
2020-11-27 10:00:00,244,140,104
2020-11-27 11:00:00,355,197,158
2020-11-27 12:00:00,405,218,187
2020-11-27 13:00:00,417,218,199
2020-11-27 14:00:00,508,268,240
2020-11-27 15:00:00,483,265,218
2020-11-27 16:00:00,426,206,220
2020-11-27 17:00:00,96,19,77
2020-11-27 18:00:00,23,13,10
2020-11-27 19:00:00,17,7,10
2020-11-27 20:00:00,15,6,9
2020-11-27 21:00:00,7,5,2
2020-11-27 22:00:00,5,3,2
2020-11-27 23:00:00,2,1,1
2020-11-28 00:00:00,1,1,0
2020-11-28 01:00:00,0,0,0
2020-11-28 02:00:00,0,0,0
2020-11-28 03:00:00,0,0,0
2020-11-28 04:00:00,2,2,0
2020-11-28 05:00:00,1,0,1
2020-11-28 06:00:00,10,7,3
2020-11-28 07:00:00,26,21,5
2020-11-28 08:00:00,107,63,44
2020-11-28 09:00:00,122,65,57
2020-11-28 10:00:00,165,81,84
2020-11-28 11:00:00,144,85,59
2020-11-28 12:00:00,172,84,88
2020-11-28 13:00:00,163,83,80
2020-11-28 14:00:00,323,190,133
2020-11-28 15:00:00,351,180,171
2020-11-28 16:00:00,376,190,186
2020-11-28 17:00:00,95,26,69
2020-11-28 18:00:00,16,8,8
2020-11-28 19:00:00,11,6,5
2020-11-28 20:00:00,7,2,5
2020-11-28 21:00:00,5,2,3
2020-11-28 22:00:00,6,3,3
2020-11-28 23:00:00,9,4,5
2020-11-29 00:00:00,0,0,0
2020-11-29 01:00:00,1,0,1
2020-11-29 02:00:00,0,0,0
2020-11-29 03:00:00,0,0,0
2020-11-29 04:00:00,1,1,0
2020-11-29 05:00:00,4,1,3
2020-11-29 06:00:00,9,6,3
2020-11-29 07:00:00,49,31,18
2020-11-29 08:00:00,92,54,38
2020-11-29 09:00:00,140,68,72
2020-11-29 10:00:00,196,124,72
2020-11-29 11:00:00,230,130,100
2020-11-29 12:00:00,295,144,151
2020-11-29 13:00:00,310,175,135
2020-11-29 14:00:00,504,293,211
2020-11-29 15:00:00,678,363,315
2020-11-29 16:00:00,423,197,226
2020-11-29 17:00:00,96,31,65
2020-11-29 18:00:00,21,9,12
2020-11-29 19:00:00,17,4,13
2020-11-29 20:00:00,12,8,4
2020-11-29 21:00:00,9,4,5
2020-11-29 22:00:00,7,2,5
2020-11-29 23:00:00,4,1,3
2020-11-30 00:00:00,0,0,0
2020-11-30 01:00:00,6,3,3
2020-11-30 02:00:00,0,0,0
2020-11-30 03:00:00,1,1,0
2020-11-30 04:00:00,0,0,0
2020-11-30 05:00:00,2,1,1
2020-11-30 06:00:00,13,10,3
2020-11-30 07:00:00,44,25,19
2020-11-30 08:00:00,74,39,35
2020-11-30 09:00:00,93,50,43
2020-11-30 10:00:00,111,59,52
2020-11-30 11:00:00,127,74,53
2020-11-30 12:00:00,265,139,126
2020-11-30 13:00:00,225,115,110
2020-11-30 14:00:00,254,137,117
2020-11-30 15:00:00,610,308,302
2020-11-30 16:00:00,402,192,210
2020-11-30 17:00:00,158,75,83
2020-11-30 18:00:00,53,23,30
2020-11-30 19:00:00,30,15,15
2020-11-30 20:00:00,19,7,12
2020-11-30 21:00:00,11,6,5
2020-11-30 22:00:00,5,2,3
2020-11-30 23:00:00,5,4,1
2020-12-01 00:00:00,1,0,1
2020-12-01 01:00:00,4,1,3
2020-12-01 02:00:00,0,0,0
2020-12-01 03:00:00,3,3,0
2020-12-01 04:00:00,2,1,1
2020-12-01 05:00:00,7,5,2
2020-12-01 06:00:00,34,17,17
2020-12-01 07:00:00,117,67,50
2020-12-01 08:00:00,168,85,83
2020-12-01 09:00:00,130,70,60
2020-12-01 10:00:00,130,74,56
2020-12-01 11:00:00,166,86,80
2020-12-01 12:00:00,274,145,129
2020-12-01 13:00:00,227,126,101
2020-12-01 14:00:00,267,154,113
2020-12-01 15:00:00,477,243,234
2020-12-01 16:00:00,456,220,236
2020-12-01 17:00:00,162,57,105
2020-12-01 18:00:00,60,30,30
2020-12-01 19:00:00,54,23,31
2020-12-01 20:00:00,20,10,10
2020-12-01 21:00:00,4,1,3
2020-12-01 22:00:00,4,1,3
2020-12-01 23:00:00,1,0,1
2020-12-02 00:00:00,0,0,0
2020-12-02 01:00:00,0,0,0
2020-12-02 02:00:00,0,0,0
2020-12-02 03:00:00,2,2,0
2020-12-02 04:00:00,5,2,3
2020-12-02 05:00:00,8,5,3
2020-12-02 06:00:00,39,25,14
2020-12-02 07:00:00,111,62,49
2020-12-02 08:00:00,152,71,81
2020-12-02 09:00:00,150,81,69
2020-12-02 10:00:00,131,65,66
2020-12-02 11:00:00,179,96,83
2020-12-02 12:00:00,298,154,144
2020-12-02 13:00:00,277,151,126
2020-12-02 14:00:00,337,199,138
2020-12-02 15:00:00,495,263,232
2020-12-02 16:00:00,470,226,244
2020-12-02 17:00:00,146,44,102
2020-12-02 18:00:00,71,35,36
2020-12-02 19:00:00,31,14,17
2020-12-02 20:00:00,28,19,9
2020-12-02 21:00:00,13,3,10
2020-12-02 22:00:00,7,4,3
2020-12-02 23:00:00,6,3,3
2020-12-03 00:00:00,1,0,1
2020-12-03 01:00:00,1,0,1
2020-12-03 02:00:00,0,0,0
2020-12-03 03:00:00,1,1,0
2020-12-03 04:00:00,2,1,1
2020-12-03 05:00:00,9,6,3
2020-12-03 06:00:00,36,20,16
2020-12-03 07:00:00,95,57,38
2020-12-03 08:00:00,149,75,74
2020-12-03 09:00:00,124,61,63
2020-12-03 10:00:00,105,54,51
2020-12-03 11:00:00,133,61,72
2020-12-03 12:00:00,157,83,74
2020-12-03 13:00:00,143,76,67
2020-12-03 14:00:00,158,75,83
2020-12-03 15:00:00,183,102,81
2020-12-03 16:00:00,232,112,120
2020-12-03 17:00:00,97,40,57
2020-12-03 18:00:00,73,42,31
2020-12-03 19:00:00,64,27,37
2020-12-03 20:00:00,32,12,20
2020-12-03 21:00:00,16,7,9
2020-12-03 22:00:00,14,6,8
2020-12-03 23:00:00,5,3,2
2020-12-04 00:00:00,2,0,2
2020-12-04 01:00:00,2,1,1
2020-12-04 02:00:00,2,1,1
2020-12-04 03:00:00,3,1,2
2020-12-04 04:00:00,3,2,1
2020-12-04 05:00:00,9,5,4
2020-12-04 06:00:00,42,24,18
2020-12-04 07:00:00,83,46,37
2020-12-04 08:00:00,121,63,58
2020-12-04 09:00:00,114,60,54
2020-12-04 10:00:00,155,85,70
2020-12-04 11:00:00,207,108,99
2020-12-04 12:00:00,211,106,105
2020-12-04 13:00:00,239,114,125
2020-12-04 14:00:00,324,172,152
2020-12-04 15:00:00,566,314,252
2020-12-04 16:00:00,450,200,250
2020-12-04 17:00:00,174,61,113
2020-12-04 18:00:00,85,41,44
2020-12-04 19:00:00,42,15,27
2020-12-04 20:00:00,30,16,14
2020-12-04 21:00:00,11,4,7
2020-12-04 22:00:00,11,7,4
2020-12-04 23:00:00,9,3,6
2020-12-05 00:00:00,1,0,1
2020-12-05 01:00:00,5,2,3
2020-12-05 02:00:00,6,4,2
2020-12-05 03:00:00,0,0,0
2020-12-05 04:00:00,3,2,1
2020-12-05 05:00:00,0,0,0
2020-12-05 06:00:00,15,10,5
2020-12-05 07:00:00,49,34,15
2020-12-05 08:00:00,152,78,74
2020-12-05 09:00:00,216,116,100
2020-12-05 10:00:00,280,149,131
2020-12-05 11:00:00,369,194,175
2020-12-05 12:00:00,430,236,194
2020-12-05 13:00:00,465,261,204
2020-12-05 14:00:00,601,319,282
2020-12-05 15:00:00,916,497,419
2020-12-05 16:00:00,502,185,317
2020-12-05 17:00:00,112,30,82
2020-12-05 18:00:00,30,16,14
2020-12-05 19:00:00,14,3,11
2020-12-05 20:00:00,13,5,8
2020-12-05 21:00:00,14,7,7
2020-12-05 22:00:00,9,4,5
2020-12-05 23:00:00,0,0,0
2020-12-06 00:00:00,0,0,0
2020-12-06 01:00:00,5,2,3
2020-12-06 02:00:00,4,3,1
2020-12-06 03:00:00,4,1,3
2020-12-06 04:00:00,1,1,0
2020-12-06 05:00:00,6,4,2
2020-12-06 06:00:00,15,9,6
2020-12-06 07:00:00,44,30,14
2020-12-06 08:00:00,131,77,54
2020-12-06 09:00:00,153,81,72
2020-12-06 10:00:00,188,109,79
2020-12-06 11:00:00,285,152,133
2020-12-06 12:00:00,279,145,134
2020-12-06 13:00:00,260,145,115
2020-12-06 14:00:00,310,168,142
2020-12-06 15:00:00,570,325,245
2020-12-06 16:00:00,444,186,258
2020-12-06 17:00:00,100,25,75
2020-12-06 18:00:00,40,21,19
2020-12-06 19:00:00,24,11,13
2020-12-06 20:00:00,15,10,5
2020-12-06 21:00:00,12,7,5
2020-12-06 22:00:00,11,3,8
2020-12-06 23:00:00,1,0,1
2020-12-07 00:00:00,2,0,2
2020-12-07 01:00:00,2,2,0
2020-12-07 02:00:00,1,1,0
2020-12-07 03:00:00,2,2,0
2020-12-07 04:00:00,3,1,2
2020-12-07 05:00:00,7,4,3
2020-12-07 06:00:00,33,21,12
2020-12-07 07:00:00,104,57,47
2020-12-07 08:00:00,138,76,62
2020-12-07 09:00:00,110,56,54
2020-12-07 10:00:00,95,52,43
2020-12-07 11:00:00,166,97,69
2020-12-07 12:00:00,190,88,102
2020-12-07 13:00:00,138,75,63
2020-12-07 14:00:00,187,105,82
2020-12-07 15:00:00,243,126,117
2020-12-07 16:00:00,278,137,141
2020-12-07 17:00:00,103,45,58
2020-12-07 18:00:00,92,51,41
2020-12-07 19:00:00,60,26,34
2020-12-07 20:00:00,21,12,9
2020-12-07 21:00:00,19,9,10
2020-12-07 22:00:00,10,3,7
2020-12-07 23:00:00,2,2,0
2020-12-08 00:00:00,2,1,1
2020-12-08 01:00:00,0,0,0
2020-12-08 02:00:00,0,0,0
2020-12-08 03:00:00,2,1,1
2020-12-08 04:00:00,1,1,0
2020-12-08 05:00:00,7,4,3
2020-12-08 06:00:00,31,21,10
2020-12-08 07:00:00,94,50,44
2020-12-08 08:00:00,138,69,69
2020-12-08 09:00:00,126,58,68
2020-12-08 10:00:00,63,26,37
2020-12-08 11:00:00,60,30,30
2020-12-08 12:00:00,66,32,34
2020-12-08 13:00:00,98,52,46
2020-12-08 14:00:00,88,46,42
2020-12-08 15:00:00,87,39,48
2020-12-08 16:00:00,107,56,51
2020-12-08 17:00:00,22,9,13
2020-12-08 18:00:00,21,12,9
2020-12-08 19:00:00,11,4,7
2020-12-08 20:00:00,9,6,3
2020-12-08 21:00:00,9,5,4
2020-12-08 22:00:00,5,3,2
2020-12-08 23:00:00,1,0,1
2020-12-09 00:00:00,1,0,1
2020-12-09 01:00:00,0,0,0
2020-12-09 02:00:00,0,0,0
2020-12-09 03:00:00,2,1,1
2020-12-09 04:00:00,1,1,0
2020-12-09 05:00:00,3,3,0
2020-12-09 06:00:00,36,24,12
2020-12-09 07:00:00,73,40,33
2020-12-09 08:00:00,122,65,57
2020-12-09 09:00:00,112,56,56
2020-12-09 10:00:00,95,44,51
2020-12-09 11:00:00,100,58,42
2020-12-09 12:00:00,195,104,91
2020-12-09 13:00:00,154,78,76
2020-12-09 14:00:00,167,87,80
2020-12-09 15:00:00,324,186,138
2020-12-09 16:00:00,360,181,179
2020-12-09 17:00:00,143,55,88
2020-12-09 18:00:00,65,33,32
2020-12-09 19:00:00,51,24,27
2020-12-09 20:00:00,26,18,8
2020-12-09 21:00:00,27,14,13
2020-12-09 22:00:00,10,3,7
2020-12-09 23:00:00,2,1,1
2020-12-10 00:00:00,3,1,2
2020-12-10 01:00:00,2,1,1
2020-12-10 02:00:00,11,6,5
2020-12-10 03:00:00,2,2,0
2020-12-10 04:00:00,4,2,2
2020-12-10 05:00:00,10,6,4
2020-12-10 06:00:00,33,19,14
2020-12-10 07:00:00,77,42,35
2020-12-10 08:00:00,140,75,65
2020-12-10 09:00:00,99,50,49
2020-12-10 10:00:00,105,56,49
2020-12-10 11:00:00,120,56,64
2020-12-10 12:00:00,154,76,78
2020-12-10 13:00:00,120,64,56
2020-12-10 14:00:00,166,88,78
2020-12-10 15:00:00,224,131,93
2020-12-10 16:00:00,282,132,150
2020-12-10 17:00:00,101,39,62
2020-12-10 18:00:00,55,26,29
2020-12-10 19:00:00,23,13,10
2020-12-10 20:00:00,13,6,7
2020-12-10 21:00:00,7,2,5
2020-12-10 22:00:00,7,5,2
2020-12-10 23:00:00,6,3,3
2020-12-11 00:00:00,1,0,1
2020-12-11 01:00:00,2,1,1
2020-12-11 02:00:00,4,2,2
2020-12-11 03:00:00,0,0,0
2020-12-11 04:00:00,2,2,0
2020-12-11 05:00:00,9,5,4
2020-12-11 06:00:00,19,13,6
2020-12-11 07:00:00,79,40,39
2020-12-11 08:00:00,121,64,57
2020-12-11 09:00:00,109,50,59
2020-12-11 10:00:00,83,41,42
2020-12-11 11:00:00,109,55,54
2020-12-11 12:00:00,170,93,77
2020-12-11 13:00:00,180,89,91
2020-12-11 14:00:00,198,101,97
2020-12-11 15:00:00,277,165,112
2020-12-11 16:00:00,364,173,191
2020-12-11 17:00:00,118,37,81
2020-12-11 18:00:00,50,22,28
2020-12-11 19:00:00,42,23,19
2020-12-11 20:00:00,22,10,12
2020-12-11 21:00:00,16,10,6
2020-12-11 22:00:00,14,3,11
2020-12-11 23:00:00,7,4,3
2020-12-12 00:00:00,1,0,1
2020-12-12 01:00:00,3,2,1
2020-12-12 02:00:00,0,0,0
2020-12-12 03:00:00,1,1,0
2020-12-12 04:00:00,3,2,1
2020-12-12 05:00:00,0,0,0
2020-12-12 06:00:00,12,7,5
2020-12-12 07:00:00,42,25,17
2020-12-12 08:00:00,115,71,44
2020-12-12 09:00:00,232,139,93
2020-12-12 10:00:00,309,152,157
2020-12-12 11:00:00,355,184,171
2020-12-12 12:00:00,339,173,166
2020-12-12 13:00:00,385,224,161
2020-12-12 14:00:00,532,288,244
2020-12-12 15:00:00,693,389,304
2020-12-12 16:00:00,516,206,310
2020-12-12 17:00:00,99,30,69
2020-12-12 18:00:00,30,15,15
2020-12-12 19:00:00,24,13,11
2020-12-12 20:00:00,12,7,5
2020-12-12 21:00:00,8,3,5
2020-12-12 22:00:00,14,9,5
2020-12-12 23:00:00,10,2,8
2020-12-13 00:00:00,3,3,0
2020-12-13 01:00:00,0,0,0
2020-12-13 02:00:00,2,1,1
2020-12-13 03:00:00,0,0,0
2020-12-13 04:00:00,1,1,0
2020-12-13 05:00:00,5,4,1
2020-12-13 06:00:00,14,6,8
2020-12-13 07:00:00,54,30,24
2020-12-13 08:00:00,88,50,38
2020-12-13 09:00:00,113,54,59
2020-12-13 10:00:00,75,36,39
2020-12-13 11:00:00,96,55,41
2020-12-13 12:00:00,130,61,69
2020-12-13 13:00:00,172,100,72
2020-12-13 14:00:00,223,117,106
2020-12-13 15:00:00,284,147,137
2020-12-13 16:00:00,180,76,104
2020-12-13 17:00:00,53,30,23
2020-12-13 18:00:00,32,14,18
2020-12-13 19:00:00,9,6,3
2020-12-13 20:00:00,10,4,6
2020-12-13 21:00:00,10,8,2
2020-12-13 22:00:00,10,6,4
2020-12-13 23:00:00,8,2,6
2020-12-14 00:00:00,3,0,3
2020-12-14 01:00:00,0,0,0
2020-12-14 02:00:00,0,0,0
2020-12-14 03:00:00,0,0,0
2020-12-14 04:00:00,3,3,0
2020-12-14 05:00:00,12,7,5
2020-12-14 06:00:00,25,14,11
2020-12-14 07:00:00,63,36,27
2020-12-14 08:00:00,112,53,59
2020-12-14 09:00:00,75,43,32
2020-12-14 10:00:00,79,45,34
2020-12-14 11:00:00,94,50,44
2020-12-14 12:00:00,164,82,82
2020-12-14 13:00:00,182,101,81
2020-12-14 14:00:00,198,98,100
2020-12-14 15:00:00,112,43,69
2020-12-14 16:00:00,163,86,77
2020-12-14 17:00:00,91,43,48
2020-12-14 18:00:00,60,30,30
2020-12-14 19:00:00,27,16,11
2020-12-14 20:00:00,19,12,7
2020-12-14 21:00:00,13,5,8
2020-12-14 22:00:00,1,0,1
2020-12-14 23:00:00,3,2,1
2020-12-15 00:00:00,1,1,0
2020-12-15 01:00:00,1,1,0
2020-12-15 02:00:00,0,0,0
2020-12-15 03:00:00,0,0,0
2020-12-15 04:00:00,2,2,0
2020-12-15 05:00:00,9,6,3
2020-12-15 06:00:00,9,4,5
2020-12-15 07:00:00,43,28,15
2020-12-15 08:00:00,65,33,32
2020-12-15 09:00:00,48,26,22
2020-12-15 10:00:00,52,28,24
2020-12-15 11:00:00,93,50,43
2020-12-15 12:00:00,99,45,54
2020-12-15 13:00:00,102,56,46
2020-12-15 14:00:00,114,61,53
2020-12-15 15:00:00,143,78,65
2020-12-15 16:00:00,176,83,93
2020-12-15 17:00:00,75,40,35
2020-12-15 18:00:00,49,24,25
2020-12-15 19:00:00,32,18,14
2020-12-15 20:00:00,17,7,10
2020-12-15 21:00:00,9,4,5
2020-12-15 22:00:00,9,5,4
2020-12-15 23:00:00,2,1,1
2020-12-16 00:00:00,1,0,1
2020-12-16 01:00:00,0,0,0
2020-12-16 02:00:00,0,0,0
2020-12-16 03:00:00,0,0,0
2020-12-16 04:00:00,2,1,1
2020-12-16 05:00:00,8,6,2
2020-12-16 06:00:00,21,13,8
2020-12-16 07:00:00,65,40,25
2020-12-16 08:00:00,116,61,55
2020-12-16 09:00:00,114,66,48
2020-12-16 10:00:00,129,65,64
2020-12-16 11:00:00,149,81,68
2020-12-16 12:00:00,151,69,82
2020-12-16 13:00:00,73,29,44
2020-12-16 14:00:00,31,17,14
2020-12-16 15:00:00,47,23,24
2020-12-16 16:00:00,55,32,23
2020-12-16 17:00:00,31,14,17
2020-12-16 18:00:00,46,29,17
2020-12-16 19:00:00,10,3,7
2020-12-16 20:00:00,14,7,7
2020-12-16 21:00:00,8,5,3
2020-12-16 22:00:00,5,1,4
2020-12-16 23:00:00,0,0,0
2020-12-17 00:00:00,0,0,0
2020-12-17 01:00:00,0,0,0
2020-12-17 02:00:00,0,0,0
2020-12-17 03:00:00,1,1,0
2020-12-17 04:00:00,3,2,1
2020-12-17 05:00:00,13,9,4
2020-12-17 06:00:00,12,6,6
2020-12-17 07:00:00,56,34,22
2020-12-17 08:00:00,109,56,53
2020-12-17 09:00:00,97,48,49
2020-12-17 10:00:00,103,57,46
2020-12-17 11:00:00,145,71,74
2020-12-17 12:00:00,226,107,119
2020-12-17 13:00:00,235,134,101
2020-12-17 14:00:00,249,129,120
2020-12-17 15:00:00,347,194,153
2020-12-17 16:00:00,392,177,215
2020-12-17 17:00:00,152,61,91
2020-12-17 18:00:00,64,32,32
2020-12-17 19:00:00,33,15,18
2020-12-17 20:00:00,22,12,10
2020-12-17 21:00:00,9,5,4
2020-12-17 22:00:00,7,4,3
2020-12-17 23:00:00,2,0,2
2020-12-18 00:00:00,0,0,0
2020-12-18 01:00:00,0,0,0
2020-12-18 02:00:00,0,0,0
2020-12-18 03:00:00,0,0,0
2020-12-18 04:00:00,3,2,1
2020-12-18 05:00:00,10,7,3
2020-12-18 06:00:00,13,8,5
2020-12-18 07:00:00,37,27,10
2020-12-18 08:00:00,69,34,35
2020-12-18 09:00:00,52,27,25
2020-12-18 10:00:00,68,34,34
2020-12-18 11:00:00,76,37,39
2020-12-18 12:00:00,102,57,45
2020-12-18 13:00:00,117,63,54
2020-12-18 14:00:00,101,46,55
2020-12-18 15:00:00,123,69,54
2020-12-18 16:00:00,154,84,70
2020-12-18 17:00:00,43,22,21
2020-12-18 18:00:00,15,7,8
2020-12-18 19:00:00,20,8,12
2020-12-18 20:00:00,7,4,3
2020-12-18 21:00:00,7,5,2
2020-12-18 22:00:00,13,7,6
2020-12-18 23:00:00,4,2,2
2020-12-19 00:00:00,6,1,5
2020-12-19 01:00:00,0,0,0
2020-12-19 02:00:00,0,0,0
2020-12-19 03:00:00,2,1,1
2020-12-19 04:00:00,2,2,0
2020-12-19 05:00:00,4,2,2
2020-12-19 06:00:00,19,10,9
2020-12-19 07:00:00,36,23,13
2020-12-19 08:00:00,144,81,63
2020-12-19 09:00:00,179,95,84
2020-12-19 10:00:00,243,130,113
2020-12-19 11:00:00,288,155,133
2020-12-19 12:00:00,205,97,108
2020-12-19 13:00:00,150,73,77
2020-12-19 14:00:00,106,49,57
2020-12-19 15:00:00,81,40,41
2020-12-19 16:00:00,58,27,31
2020-12-19 17:00:00,6,3,3
2020-12-19 18:00:00,8,4,4
2020-12-19 19:00:00,7,5,2
2020-12-19 20:00:00,2,0,2
2020-12-19 21:00:00,2,1,1
2020-12-19 22:00:00,2,2,0
2020-12-19 23:00:00,2,2,0
2020-12-20 00:00:00,5,1,4
2020-12-20 01:00:00,0,0,0
2020-12-20 02:00:00,0,0,0
2020-12-20 03:00:00,0,0,0
2020-12-20 04:00:00,0,0,0
2020-12-20 05:00:00,1,1,0
2020-12-20 06:00:00,13,7,6
2020-12-20 07:00:00,30,20,10
2020-12-20 08:00:00,105,63,42
2020-12-20 09:00:00,137,78,59
2020-12-20 10:00:00,159,76,83
2020-12-20 11:00:00,215,121,94
2020-12-20 12:00:00,244,123,121
2020-12-20 13:00:00,252,149,103
2020-12-20 14:00:00,335,194,141
2020-12-20 15:00:00,325,165,160
2020-12-20 16:00:00,216,104,112
2020-12-20 17:00:00,69,23,46
2020-12-20 18:00:00,31,12,19
2020-12-20 19:00:00,26,12,14
2020-12-20 20:00:00,14,6,8
2020-12-20 21:00:00,9,3,6
2020-12-20 22:00:00,8,4,4
2020-12-20 23:00:00,0,0,0
2020-12-21 00:00:00,2,1,1
2020-12-21 01:00:00,1,0,1
2020-12-21 02:00:00,0,0,0
2020-12-21 03:00:00,0,0,0
2020-12-21 04:00:00,1,1,0
2020-12-21 05:00:00,6,3,3
2020-12-21 06:00:00,12,5,7
2020-12-21 07:00:00,31,17,14
2020-12-21 08:00:00,24,14,10
2020-12-21 09:00:00,17,14,3
2020-12-21 10:00:00,40,28,12
2020-12-21 11:00:00,41,34,7
2020-12-21 12:00:00,37,32,5
2020-12-21 13:00:00,79,69,10
2020-12-21 14:00:00,136,126,10
2020-12-21 15:00:00,67,59,8
2020-12-21 16:00:00,315,295,20
2020-12-21 17:00:00,323,314,9
2020-12-21 18:00:00,243,236,7
2020-12-21 19:00:00,14,8,6
2020-12-21 20:00:00,3,1,2
2020-12-21 21:00:00,10,3,7
2020-12-21 22:00:00,3,2,1
2020-12-21 23:00:00,3,1,2
2020-12-22 00:00:00,2,1,1
2020-12-22 01:00:00,0,0,0
2020-12-22 02:00:00,0,0,0
2020-12-22 03:00:00,0,0,0
2020-12-22 04:00:00,2,2,0
2020-12-22 05:00:00,6,4,2
2020-12-22 06:00:00,25,14,11
2020-12-22 07:00:00,56,31,25
2020-12-22 08:00:00,112,62,50
2020-12-22 09:00:00,166,88,78
2020-12-22 10:00:00,189,104,85
2020-12-22 11:00:00,232,129,103
2020-12-22 12:00:00,260,127,133
2020-12-22 13:00:00,254,135,119
2020-12-22 14:00:00,312,162,150
2020-12-22 15:00:00,387,210,177
2020-12-22 16:00:00,378,168,210
2020-12-22 17:00:00,115,44,71
2020-12-22 18:00:00,57,26,31
2020-12-22 19:00:00,37,19,18
2020-12-22 20:00:00,21,10,11
2020-12-22 21:00:00,9,6,3
2020-12-22 22:00:00,10,4,6
2020-12-22 23:00:00,2,0,2
2020-12-23 00:00:00,0,0,0
2020-12-23 01:00:00,0,0,0
2020-12-23 02:00:00,3,2,1
2020-12-23 03:00:00,3,1,2
2020-12-23 04:00:00,1,1,0
2020-12-23 05:00:00,4,3,1
2020-12-23 06:00:00,27,16,11
2020-12-23 07:00:00,34,22,12
2020-12-23 08:00:00,99,54,45
2020-12-23 09:00:00,108,60,48
2020-12-23 10:00:00,127,61,66
2020-12-23 11:00:00,149,71,78
2020-12-23 12:00:00,215,121,94
2020-12-23 13:00:00,254,138,116
2020-12-23 14:00:00,321,161,160
2020-12-23 15:00:00,488,282,206
2020-12-23 16:00:00,395,173,222
2020-12-23 17:00:00,97,23,74
2020-12-23 18:00:00,28,15,13
2020-12-23 19:00:00,20,9,11
2020-12-23 20:00:00,11,7,4
2020-12-23 21:00:00,10,5,5
2020-12-23 22:00:00,9,3,6
2020-12-23 23:00:00,6,5,1
2020-12-24 00:00:00,1,0,1
2020-12-24 01:00:00,1,1,0
2020-12-24 02:00:00,1,1,0
2020-12-24 03:00:00,0,0,0
2020-12-24 04:00:00,5,3,2
2020-12-24 05:00:00,5,3,2
2020-12-24 06:00:00,7,6,1
2020-12-24 07:00:00,49,29,20
2020-12-24 08:00:00,99,49,50
2020-12-24 09:00:00,117,65,52
2020-12-24 10:00:00,205,116,89
2020-12-24 11:00:00,263,128,135
2020-12-24 12:00:00,297,150,147
2020-12-24 13:00:00,375,207,168
2020-12-24 14:00:00,355,197,158
2020-12-24 15:00:00,409,209,200
2020-12-24 16:00:00,305,104,201
2020-12-24 17:00:00,52,15,37
2020-12-24 18:00:00,22,8,14
2020-12-24 19:00:00,21,11,10
2020-12-24 20:00:00,11,5,6
2020-12-24 21:00:00,10,6,4
2020-12-24 22:00:00,3,0,3
2020-12-24 23:00:00,2,1,1
2020-12-25 00:00:00,3,0,3
2020-12-25 01:00:00,2,1,1
2020-12-25 02:00:00,0,0,0
2020-12-25 03:00:00,0,0,0
2020-12-25 04:00:00,3,2,1
2020-12-25 05:00:00,2,0,2
2020-12-25 06:00:00,6,4,2
2020-12-25 07:00:00,21,13,8
2020-12-25 08:00:00,67,41,26
2020-12-25 09:00:00,110,56,54
2020-12-25 10:00:00,146,73,73
2020-12-25 11:00:00,170,86,84
2020-12-25 12:00:00,204,96,108
2020-12-25 13:00:00,216,105,111
2020-12-25 14:00:00,235,112,123
2020-12-25 15:00:00,152,75,77
2020-12-25 16:00:00,100,35,65
2020-12-25 17:00:00,14,6,8
2020-12-25 18:00:00,3,1,2
2020-12-25 19:00:00,2,1,1
2020-12-25 20:00:00,3,2,1
2020-12-25 21:00:00,1,0,1
2020-12-25 22:00:00,3,2,1
2020-12-25 23:00:00,0,0,0
2020-12-26 00:00:00,0,0,0
2020-12-26 01:00:00,0,0,0
2020-12-26 02:00:00,0,0,0
2020-12-26 03:00:00,3,3,0
2020-12-26 04:00:00,1,1,0
2020-12-26 05:00:00,0,0,0
2020-12-26 06:00:00,8,7,1
2020-12-26 07:00:00,21,11,10
2020-12-26 08:00:00,81,47,34
2020-12-26 09:00:00,139,77,62
2020-12-26 10:00:00,100,48,52
2020-12-26 11:00:00,170,86,84
2020-12-26 12:00:00,173,88,85
2020-12-26 13:00:00,251,125,126
2020-12-26 14:00:00,308,173,135
2020-12-26 15:00:00,353,183,170
2020-12-26 16:00:00,287,124,163
2020-12-26 17:00:00,59,23,36
2020-12-26 18:00:00,29,11,18
2020-12-26 19:00:00,17,10,7
2020-12-26 20:00:00,10,3,7
2020-12-26 21:00:00,7,3,4
2020-12-26 22:00:00,5,2,3
2020-12-26 23:00:00,1,1,0
2020-12-27 00:00:00,0,0,0
2020-12-27 01:00:00,1,1,0
2020-12-27 02:00:00,1,0,1
2020-12-27 03:00:00,2,1,1
2020-12-27 04:00:00,2,2,0
2020-12-27 05:00:00,1,1,0
2020-12-27 06:00:00,12,6,6
2020-12-27 07:00:00,28,16,12
2020-12-27 08:00:00,61,31,30
2020-12-27 09:00:00,58,33,25
2020-12-27 10:00:00,84,48,36
2020-12-27 11:00:00,159,101,58
2020-12-27 12:00:00,258,138,120
2020-12-27 13:00:00,292,170,122
2020-12-27 14:00:00,384,200,184
2020-12-27 15:00:00,463,259,204
2020-12-27 16:00:00,424,184,240
2020-12-27 17:00:00,117,40,77
2020-12-27 18:00:00,17,7,10
2020-12-27 19:00:00,15,10,5
2020-12-27 20:00:00,12,2,10
2020-12-27 21:00:00,9,5,4
2020-12-27 22:00:00,9,3,6
2020-12-27 23:00:00,2,1,1
2020-12-28 00:00:00,1,1,0
2020-12-28 01:00:00,4,2,2
2020-12-28 02:00:00,2,1,1
2020-12-28 03:00:00,1,0,1
2020-12-28 04:00:00,2,2,0
2020-12-28 05:00:00,7,3,4
2020-12-28 06:00:00,17,8,9
2020-12-28 07:00:00,45,24,21
2020-12-28 08:00:00,99,58,41
2020-12-28 09:00:00,142,86,56
2020-12-28 10:00:00,205,117,88
2020-12-28 11:00:00,327,176,151
2020-12-28 12:00:00,400,202,198
2020-12-28 13:00:00,409,209,200
2020-12-28 14:00:00,491,281,210
2020-12-28 15:00:00,733,383,350
2020-12-28 16:00:00,477,203,274
2020-12-28 17:00:00,120,38,82
2020-12-28 18:00:00,34,17,17
2020-12-28 19:00:00,25,15,10
2020-12-28 20:00:00,12,6,6
2020-12-28 21:00:00,12,7,5
2020-12-28 22:00:00,6,2,4
2020-12-28 23:00:00,6,3,3
2020-12-29 00:00:00,3,2,1
2020-12-29 01:00:00,0,0,0
2020-12-29 02:00:00,2,2,0
2020-12-29 03:00:00,1,0,1
2020-12-29 04:00:00,1,1,0
2020-12-29 05:00:00,5,2,3
2020-12-29 06:00:00,19,12,7
2020-12-29 07:00:00,46,27,19
2020-12-29 08:00:00,114,60,54
2020-12-29 09:00:00,105,54,51
2020-12-29 10:00:00,141,76,65
2020-12-29 11:00:00,169,91,78
2020-12-29 12:00:00,239,119,120
2020-12-29 13:00:00,216,124,92
2020-12-29 14:00:00,204,94,110
2020-12-29 15:00:00,241,144,97
2020-12-29 16:00:00,196,94,102
2020-12-29 17:00:00,56,24,32
2020-12-29 18:00:00,12,6,6
2020-12-29 19:00:00,4,2,2
2020-12-29 20:00:00,7,1,6
2020-12-29 21:00:00,2,2,0
2020-12-29 22:00:00,2,1,1
2020-12-29 23:00:00,1,0,1
2020-12-30 00:00:00,4,3,1
2020-12-30 01:00:00,0,0,0
2020-12-30 02:00:00,0,0,0
2020-12-30 03:00:00,0,0,0
2020-12-30 04:00:00,3,2,1
2020-12-30 05:00:00,3,2,1
2020-12-30 06:00:00,14,9,5
2020-12-30 07:00:00,22,12,10
2020-12-30 08:00:00,44,22,22
2020-12-30 09:00:00,41,25,16
2020-12-30 10:00:00,23,12,11
2020-12-30 11:00:00,112,69,43
2020-12-30 12:00:00,164,90,74
2020-12-30 13:00:00,147,71,76
2020-12-30 14:00:00,95,47,48
2020-12-30 15:00:00,149,82,67
2020-12-30 16:00:00,204,96,108
2020-12-30 17:00:00,64,22,42
2020-12-30 18:00:00,14,9,5
2020-12-30 19:00:00,11,8,3
2020-12-30 20:00:00,3,2,1
2020-12-30 21:00:00,6,3,3
2020-12-30 22:00:00,2,1,1
2020-12-30 23:00:00,2,1,1
2020-12-31 00:00:00,1,0,1
2020-12-31 01:00:00,0,0,0
2020-12-31 02:00:00,0,0,0
2020-12-31 03:00:00,0,0,0
2020-12-31 04:00:00,3,1,2
2020-12-31 05:00:00,2,1,1
2020-12-31 06:00:00,15,10,5
2020-12-31 07:00:00,44,23,21
2020-12-31 08:00:00,93,56,37
2020-12-31 09:00:00,105,57,48
2020-12-31 10:00:00,169,101,68
2020-12-31 11:00:00,238,127,111
2020-12-31 12:00:00,264,146,118
2020-12-31 13:00:00,253,151,102
2020-12-31 14:00:00,291,163,128
2020-12-31 15:00:00,317,184,133
2020-12-31 16:00:00,273,129,144
2020-12-31 17:00:00,61,17,44
2020-12-31 18:00:00,38,19,19
2020-12-31 19:00:00,25,12,13
2020-12-31 20:00:00,15,7,8
2020-12-31 21:00:00,7,1,6
2020-12-31 22:00:00,4,3,1
2020-12-31 23:00:00,6,4,2
2021-01-01 00:00:00,4,3,1
2021-01-01 01:00:00,0,0,0
2021-01-01 02:00:00,0,0,0
2021-01-01 03:00:00,9,6,3
2021-01-01 04:00:00,2,2,0
2021-01-01 05:00:00,5,2,3
2021-01-01 06:00:00,4,2,2
2021-01-01 07:00:00,12,8,4
2021-01-01 08:00:00,65,46,19
2021-01-01 09:00:00,121,67,54
2021-01-01 10:00:00,234,147,87
2021-01-01 11:00:00,355,192,163
2021-01-01 12:00:00,302,162,140
2021-01-01 13:00:00,270,137,133
2021-01-01 14:00:00,115,49,66
2021-01-01 15:00:00,82,50,32
2021-01-01 16:00:00,93,54,39
2021-01-01 17:00:00,24,9,15
2021-01-01 18:00:00,23,11,12
2021-01-01 19:00:00,22,13,9
2021-01-01 20:00:00,11,5,6
2021-01-01 21:00:00,18,9,9
2021-01-01 22:00:00,4,2,2
2021-01-01 23:00:00,6,3,3
2021-01-02 00:00:00,1,0,1
2021-01-02 01:00:00,0,0,0
2021-01-02 02:00:00,3,2,1
2021-01-02 03:00:00,1,0,1
2021-01-02 04:00:00,2,2,0
2021-01-02 05:00:00,3,2,1
2021-01-02 06:00:00,8,4,4
2021-01-02 07:00:00,13,9,4
2021-01-02 08:00:00,42,28,14
2021-01-02 09:00:00,44,21,23
2021-01-02 10:00:00,63,40,23
2021-01-02 11:00:00,74,36,38
2021-01-02 12:00:00,86,52,34
2021-01-02 13:00:00,59,33,26
2021-01-02 14:00:00,35,20,15
2021-01-02 15:00:00,37,24,13
2021-01-02 16:00:00,51,29,22
2021-01-02 17:00:00,19,8,11
2021-01-02 18:00:00,8,6,2
2021-01-02 19:00:00,3,3,0
2021-01-02 20:00:00,2,1,1
2021-01-02 21:00:00,1,0,1
2021-01-02 22:00:00,0,0,0
2021-01-02 23:00:00,2,2,0
2021-01-03 00:00:00,2,1,1
2021-01-03 01:00:00,0,0,0
2021-01-03 02:00:00,0,0,0
2021-01-03 03:00:00,0,0,0
2021-01-03 04:00:00,1,1,0
2021-01-03 05:00:00,6,3,3
2021-01-03 06:00:00,9,5,4
2021-01-03 07:00:00,35,21,14
2021-01-03 08:00:00,78,43,35
2021-01-03 09:00:00,54,32,22
2021-01-03 10:00:00,67,42,25
2021-01-03 11:00:00,179,120,59
2021-01-03 12:00:00,339,201,138
2021-01-03 13:00:00,407,224,183
2021-01-03 14:00:00,489,266,223
2021-01-03 15:00:00,489,257,232
2021-01-03 16:00:00,346,163,183
2021-01-03 17:00:00,110,33,77
2021-01-03 18:00:00,40,21,19
2021-01-03 19:00:00,30,14,16
2021-01-03 20:00:00,14,8,6
2021-01-03 21:00:00,8,3,5
2021-01-03 22:00:00,6,2,4
2021-01-03 23:00:00,0,0,0
2021-01-04 00:00:00,0,0,0
2021-01-04 01:00:00,0,0,0
2021-01-04 02:00:00,0,0,0
2021-01-04 03:00:00,2,1,1
2021-01-04 04:00:00,0,0,0
2021-01-04 05:00:00,7,5,2
2021-01-04 06:00:00,22,10,12
2021-01-04 07:00:00,32,18,14
2021-01-04 08:00:00,57,34,23
2021-01-04 09:00:00,61,27,34
2021-01-04 10:00:00,31,17,14
2021-01-04 11:00:00,32,21,11
2021-01-04 12:00:00,143,69,74
2021-01-04 13:00:00,37,18,19
2021-01-04 14:00:00,76,51,25
2021-01-04 15:00:00,275,158,117
2021-01-04 16:00:00,372,182,190
2021-01-04 17:00:00,136,50,86
2021-01-04 18:00:00,64,34,30
2021-01-04 19:00:00,35,18,17
2021-01-04 20:00:00,21,10,11
2021-01-04 21:00:00,11,5,6
2021-01-04 22:00:00,11,4,7
2021-01-04 23:00:00,0,0,0
2021-01-05 00:00:00,3,1,2
2021-01-05 01:00:00,0,0,0
2021-01-05 02:00:00,1,0,1
2021-01-05 03:00:00,4,2,2
2021-01-05 04:00:00,1,0,1
2021-01-05 05:00:00,13,8,5
2021-01-05 06:00:00,37,16,21
2021-01-05 07:00:00,74,39,35
2021-01-05 08:00:00,147,85,62
2021-01-05 09:00:00,138,71,67
2021-01-05 10:00:00,145,62,83
2021-01-05 11:00:00,119,59,60
2021-01-05 12:00:00,68,34,34
2021-01-05 13:00:00,34,17,17
2021-01-05 14:00:00,33,19,14
2021-01-05 15:00:00,67,32,35
2021-01-05 16:00:00,109,60,49
2021-01-05 17:00:00,59,27,32
2021-01-05 18:00:00,34,16,18
2021-01-05 19:00:00,21,10,11
2021-01-05 20:00:00,16,6,10
2021-01-05 21:00:00,3,2,1
2021-01-05 22:00:00,0,0,0
2021-01-05 23:00:00,0,0,0
2021-01-06 00:00:00,0,0,0
2021-01-06 01:00:00,0,0,0
2021-01-06 02:00:00,0,0,0
2021-01-06 03:00:00,1,1,0
2021-01-06 04:00:00,1,0,1
2021-01-06 05:00:00,8,6,2
2021-01-06 06:00:00,26,12,14
2021-01-06 07:00:00,78,47,31
2021-01-06 08:00:00,111,56,55
2021-01-06 09:00:00,107,59,48
2021-01-06 10:00:00,140,77,63
2021-01-06 11:00:00,223,117,106
2021-01-06 12:00:00,296,153,143
2021-01-06 13:00:00,217,112,105
2021-01-06 14:00:00,293,152,141
2021-01-06 15:00:00,401,226,175
2021-01-06 16:00:00,421,210,211
2021-01-06 17:00:00,206,73,133
2021-01-06 18:00:00,83,38,45
2021-01-06 19:00:00,35,19,16
2021-01-06 20:00:00,28,12,16
2021-01-06 21:00:00,7,2,5
2021-01-06 22:00:00,13,10,3
2021-01-06 23:00:00,6,4,2
2021-01-07 00:00:00,1,0,1
2021-01-07 01:00:00,2,1,1
2021-01-07 02:00:00,0,0,0
2021-01-07 03:00:00,1,1,0
2021-01-07 04:00:00,2,1,1
2021-01-07 05:00:00,6,5,1
2021-01-07 06:00:00,24,12,12
2021-01-07 07:00:00,80,47,33
2021-01-07 08:00:00,137,75,62
2021-01-07 09:00:00,138,77,61
2021-01-07 10:00:00,173,84,89
2021-01-07 11:00:00,140,70,70
2021-01-07 12:00:00,270,145,125
2021-01-07 13:00:00,179,88,91
2021-01-07 14:00:00,204,100,104
2021-01-07 15:00:00,251,136,115
2021-01-07 16:00:00,492,273,219
2021-01-07 17:00:00,235,86,149
2021-01-07 18:00:00,67,30,37
2021-01-07 19:00:00,31,12,19
2021-01-07 20:00:00,22,12,10
2021-01-07 21:00:00,8,3,5
2021-01-07 22:00:00,11,3,8
2021-01-07 23:00:00,10,4,6
2021-01-08 00:00:00,2,0,2
2021-01-08 01:00:00,1,1,0
2021-01-08 02:00:00,0,0,0
2021-01-08 03:00:00,0,0,0
2021-01-08 04:00:00,2,2,0
2021-01-08 05:00:00,8,4,4
2021-01-08 06:00:00,18,8,10
2021-01-08 07:00:00,47,26,21
2021-01-08 08:00:00,57,29,28
2021-01-08 09:00:00,32,16,16
2021-01-08 10:00:00,42,24,18
2021-01-08 11:00:00,72,36,36
2021-01-08 12:00:00,117,55,62
2021-01-08 13:00:00,65,34,31
2021-01-08 14:00:00,66,32,34
2021-01-08 15:00:00,143,81,62
2021-01-08 16:00:00,377,199,178
2021-01-08 17:00:00,208,86,122
2021-01-08 18:00:00,57,24,33
2021-01-08 19:00:00,35,15,20
2021-01-08 20:00:00,25,11,14
2021-01-08 21:00:00,8,4,4
2021-01-08 22:00:00,2,0,2
2021-01-08 23:00:00,3,2,1
2021-01-09 00:00:00,4,2,2
2021-01-09 01:00:00,0,0,0
2021-01-09 02:00:00,0,0,0
2021-01-09 03:00:00,0,0,0
2021-01-09 04:00:00,1,1,0
2021-01-09 05:00:00,2,1,1
2021-01-09 06:00:00,12,6,6
2021-01-09 07:00:00,30,17,13
2021-01-09 08:00:00,87,49,38
2021-01-09 09:00:00,184,104,80
2021-01-09 10:00:00,246,136,110
2021-01-09 11:00:00,332,180,152
2021-01-09 12:00:00,363,197,166
2021-01-09 13:00:00,380,224,156
2021-01-09 14:00:00,397,198,199
2021-01-09 15:00:00,412,235,177
2021-01-09 16:00:00,362,168,194
2021-01-09 17:00:00,120,36,84
2021-01-09 18:00:00,40,19,21
2021-01-09 19:00:00,34,17,17
2021-01-09 20:00:00,15,7,8
2021-01-09 21:00:00,15,9,6
2021-01-09 22:00:00,5,2,3
2021-01-09 23:00:00,9,4,5
2021-01-10 00:00:00,4,1,3
2021-01-10 01:00:00,0,0,0
2021-01-10 02:00:00,0,0,0
2021-01-10 03:00:00,1,0,1
2021-01-10 04:00:00,1,1,0
2021-01-10 05:00:00,0,0,0
2021-01-10 06:00:00,12,6,6
2021-01-10 07:00:00,29,19,10
2021-01-10 08:00:00,120,68,52
2021-01-10 09:00:00,177,107,70
2021-01-10 10:00:00,236,138,98
2021-01-10 11:00:00,339,204,135
2021-01-10 12:00:00,338,174,164
2021-01-10 13:00:00,349,181,168
2021-01-10 14:00:00,357,209,148
2021-01-10 15:00:00,399,247,152
2021-01-10 16:00:00,361,183,178
2021-01-10 17:00:00,136,40,96
2021-01-10 18:00:00,23,11,12
2021-01-10 19:00:00,32,16,16
2021-01-10 20:00:00,12,6,6
2021-01-10 21:00:00,6,2,4
2021-01-10 22:00:00,7,5,2
2021-01-10 23:00:00,4,1,3
2021-01-11 00:00:00,1,0,1
2021-01-11 01:00:00,3,2,1
2021-01-11 02:00:00,3,1,2
2021-01-11 03:00:00,1,1,0
2021-01-11 04:00:00,2,1,1
2021-01-11 05:00:00,6,4,2
2021-01-11 06:00:00,35,20,15
2021-01-11 07:00:00,50,28,22
2021-01-11 08:00:00,85,46,39
2021-01-11 09:00:00,49,28,21
2021-01-11 10:00:00,20,8,12
2021-01-11 11:00:00,32,15,17
2021-01-11 12:00:00,80,43,37
2021-01-11 13:00:00,105,60,45
2021-01-11 14:00:00,101,49,52
2021-01-11 15:00:00,96,51,45
2021-01-11 16:00:00,75,35,40
2021-01-11 17:00:00,49,24,25
2021-01-11 18:00:00,20,11,9
2021-01-11 19:00:00,13,8,5
2021-01-11 20:00:00,12,2,10
2021-01-11 21:00:00,9,4,5
2021-01-11 22:00:00,1,1,0
2021-01-11 23:00:00,0,0,0
2021-01-12 00:00:00,1,1,0
2021-01-12 01:00:00,0,0,0
2021-01-12 02:00:00,0,0,0
2021-01-12 03:00:00,1,1,0
2021-01-12 04:00:00,0,0,0
2021-01-12 05:00:00,2,2,0
2021-01-12 06:00:00,14,9,5
2021-01-12 07:00:00,31,20,11
2021-01-12 08:00:00,49,31,18
2021-01-12 09:00:00,33,23,10
2021-01-12 10:00:00,28,15,13
2021-01-12 11:00:00,92,57,35
2021-01-12 12:00:00,125,67,58
2021-01-12 13:00:00,106,56,50
2021-01-12 14:00:00,120,68,52
2021-01-12 15:00:00,142,83,59
2021-01-12 16:00:00,246,124,122
2021-01-12 17:00:00,78,31,47
2021-01-12 18:00:00,25,13,12
2021-01-12 19:00:00,16,11,5
2021-01-12 20:00:00,7,5,2
2021-01-12 21:00:00,4,2,2
2021-01-12 22:00:00,0,0,0
2021-01-12 23:00:00,1,0,1
2021-01-13 00:00:00,0,0,0
2021-01-13 01:00:00,1,1,0
2021-01-13 02:00:00,0,0,0
2021-01-13 03:00:00,4,2,2
2021-01-13 04:00:00,2,1,1
2021-01-13 05:00:00,4,3,1
2021-01-13 06:00:00,34,20,14
2021-01-13 07:00:00,90,48,42
2021-01-13 08:00:00,157,78,79
2021-01-13 09:00:00,131,66,65
2021-01-13 10:00:00,179,99,80
2021-01-13 11:00:00,273,149,124
2021-01-13 12:00:00,426,222,204
2021-01-13 13:00:00,344,173,171
2021-01-13 14:00:00,351,187,164
2021-01-13 15:00:00,474,254,220
2021-01-13 16:00:00,590,298,292
2021-01-13 17:00:00,262,102,160
2021-01-13 18:00:00,82,41,41
2021-01-13 19:00:00,56,25,31
2021-01-13 20:00:00,25,12,13
2021-01-13 21:00:00,5,1,4
2021-01-13 22:00:00,4,2,2
2021-01-13 23:00:00,6,4,2
2021-01-14 00:00:00,5,1,4
2021-01-14 01:00:00,3,1,2
2021-01-14 02:00:00,0,0,0
2021-01-14 03:00:00,1,1,0
2021-01-14 04:00:00,3,2,1
2021-01-14 05:00:00,5,4,1
2021-01-14 06:00:00,26,14,12
2021-01-14 07:00:00,86,48,38
2021-01-14 08:00:00,165,94,71
2021-01-14 09:00:00,109,48,61
2021-01-14 10:00:00,136,69,67
2021-01-14 11:00:00,184,109,75
2021-01-14 12:00:00,367,191,176
2021-01-14 13:00:00,307,148,159
2021-01-14 14:00:00,267,149,118
2021-01-14 15:00:00,373,208,165
2021-01-14 16:00:00,449,237,212
2021-01-14 17:00:00,284,103,181
2021-01-14 18:00:00,72,35,37
2021-01-14 19:00:00,42,20,22
2021-01-14 20:00:00,20,11,9
2021-01-14 21:00:00,16,8,8
2021-01-14 22:00:00,8,3,5
2021-01-14 23:00:00,5,1,4
2021-01-15 00:00:00,2,1,1
2021-01-15 01:00:00,2,0,2
2021-01-15 02:00:00,2,1,1
2021-01-15 03:00:00,1,0,1
2021-01-15 04:00:00,1,1,0
2021-01-15 05:00:00,8,5,3
2021-01-15 06:00:00,32,16,16
2021-01-15 07:00:00,72,41,31
2021-01-15 08:00:00,114,65,49
2021-01-15 09:00:00,112,54,58
2021-01-15 10:00:00,137,79,58
2021-01-15 11:00:00,168,98,70
2021-01-15 12:00:00,240,120,120
2021-01-15 13:00:00,257,145,112
2021-01-15 14:00:00,264,141,123
2021-01-15 15:00:00,378,186,192
2021-01-15 16:00:00,371,207,164
2021-01-15 17:00:00,209,67,142
2021-01-15 18:00:00,55,24,31
2021-01-15 19:00:00,26,12,14
2021-01-15 20:00:00,13,9,4
2021-01-15 21:00:00,15,9,6
2021-01-15 22:00:00,17,7,10
2021-01-15 23:00:00,8,3,5
2021-01-16 00:00:00,3,0,3
2021-01-16 01:00:00,0,0,0
2021-01-16 02:00:00,0,0,0
2021-01-16 03:00:00,0,0,0
2021-01-16 04:00:00,3,2,1
2021-01-16 05:00:00,4,1,3
2021-01-16 06:00:00,10,7,3
2021-01-16 07:00:00,37,18,19
2021-01-16 08:00:00,92,47,45
2021-01-16 09:00:00,192,102,90
2021-01-16 10:00:00,319,180,139
2021-01-16 11:00:00,328,163,165
2021-01-16 12:00:00,286,158,128
2021-01-16 13:00:00,403,206,197
2021-01-16 14:00:00,290,163,127
2021-01-16 15:00:00,377,207,170
2021-01-16 16:00:00,368,150,218
2021-01-16 17:00:00,175,64,111
2021-01-16 18:00:00,29,14,15
2021-01-16 19:00:00,23,14,9
2021-01-16 20:00:00,14,3,11
2021-01-16 21:00:00,16,10,6
2021-01-16 22:00:00,7,2,5
2021-01-16 23:00:00,8,5,3
2021-01-17 00:00:00,3,1,2
2021-01-17 01:00:00,6,3,3
2021-01-17 02:00:00,1,0,1
2021-01-17 03:00:00,2,1,1
2021-01-17 04:00:00,4,4,0
2021-01-17 05:00:00,5,3,2
2021-01-17 06:00:00,8,4,4
2021-01-17 07:00:00,32,21,11
2021-01-17 08:00:00,112,67,45
2021-01-17 09:00:00,178,107,71
2021-01-17 10:00:00,295,183,112
2021-01-17 11:00:00,363,196,167
2021-01-17 12:00:00,323,167,156
2021-01-17 13:00:00,334,163,171
2021-01-17 14:00:00,371,198,173
2021-01-17 15:00:00,415,214,201
2021-01-17 16:00:00,393,192,201
2021-01-17 17:00:00,168,59,109
2021-01-17 18:00:00,39,13,26
2021-01-17 19:00:00,17,7,10
2021-01-17 20:00:00,8,5,3
2021-01-17 21:00:00,7,5,2
2021-01-17 22:00:00,4,1,3
2021-01-17 23:00:00,5,4,1
2021-01-18 00:00:00,5,0,5
2021-01-18 01:00:00,1,0,1
2021-01-18 02:00:00,1,1,0
2021-01-18 03:00:00,0,0,0
2021-01-18 04:00:00,2,2,0
2021-01-18 05:00:00,8,4,4
2021-01-18 06:00:00,21,8,13
2021-01-18 07:00:00,40,28,12
2021-01-18 08:00:00,118,64,54
2021-01-18 09:00:00,193,107,86
2021-01-18 10:00:00,258,144,114
2021-01-18 11:00:00,372,188,184
2021-01-18 12:00:00,355,171,184
2021-01-18 13:00:00,392,214,178
2021-01-18 14:00:00,485,267,218
2021-01-18 15:00:00,649,343,306
2021-01-18 16:00:00,824,393,431
2021-01-18 17:00:00,279,96,183
2021-01-18 18:00:00,66,29,37
2021-01-18 19:00:00,28,12,16
2021-01-18 20:00:00,17,8,9
2021-01-18 21:00:00,16,10,6
2021-01-18 22:00:00,6,3,3
2021-01-18 23:00:00,5,2,3
2021-01-19 00:00:00,3,2,1
2021-01-19 01:00:00,1,0,1
2021-01-19 02:00:00,1,1,0
2021-01-19 03:00:00,1,0,1
2021-01-19 04:00:00,2,1,1
2021-01-19 05:00:00,10,5,5
2021-01-19 06:00:00,26,14,12
2021-01-19 07:00:00,70,35,35
2021-01-19 08:00:00,106,59,47
2021-01-19 09:00:00,79,39,40
2021-01-19 10:00:00,96,45,51
2021-01-19 11:00:00,102,53,49
2021-01-19 12:00:00,191,98,93
2021-01-19 13:00:00,169,95,74
2021-01-19 14:00:00,192,97,95
2021-01-19 15:00:00,278,137,141
2021-01-19 16:00:00,463,246,217
2021-01-19 17:00:00,266,101,165
2021-01-19 18:00:00,87,41,46
2021-01-19 19:00:00,57,25,32
2021-01-19 20:00:00,29,13,16
2021-01-19 21:00:00,13,7,6
2021-01-19 22:00:00,3,1,2
2021-01-19 23:00:00,8,4,4
2021-01-20 00:00:00,4,3,1
2021-01-20 01:00:00,0,0,0
2021-01-20 02:00:00,0,0,0
2021-01-20 03:00:00,2,1,1
2021-01-20 04:00:00,4,3,1
2021-01-20 05:00:00,13,8,5
2021-01-20 06:00:00,24,11,13
2021-01-20 07:00:00,84,48,36
2021-01-20 08:00:00,101,50,51
2021-01-20 09:00:00,76,43,33
2021-01-20 10:00:00,87,43,44
2021-01-20 11:00:00,119,69,50
2021-01-20 12:00:00,190,91,99
2021-01-20 13:00:00,142,74,68
2021-01-20 14:00:00,160,73,87
2021-01-20 15:00:00,226,127,99
2021-01-20 16:00:00,313,152,161
2021-01-20 17:00:00,232,104,128
2021-01-20 18:00:00,68,29,39
2021-01-20 19:00:00,43,21,22
2021-01-20 20:00:00,36,20,16
2021-01-20 21:00:00,18,8,10
2021-01-20 22:00:00,10,5,5
2021-01-20 23:00:00,11,4,7
2021-01-21 00:00:00,2,1,1
2021-01-21 01:00:00,2,1,1
2021-01-21 02:00:00,0,0,0
2021-01-21 03:00:00,3,2,1
2021-01-21 04:00:00,1,0,1
2021-01-21 05:00:00,6,6,0
2021-01-21 06:00:00,28,14,14
2021-01-21 07:00:00,58,29,29
2021-01-21 08:00:00,91,43,48
2021-01-21 09:00:00,68,41,27
2021-01-21 10:00:00,82,43,39
2021-01-21 11:00:00,100,56,44
2021-01-21 12:00:00,134,60,74
2021-01-21 13:00:00,125,69,56
2021-01-21 14:00:00,142,67,75
2021-01-21 15:00:00,173,96,77
2021-01-21 16:00:00,253,133,120
2021-01-21 17:00:00,151,65,86
2021-01-21 18:00:00,75,32,43
2021-01-21 19:00:00,31,17,14
2021-01-21 20:00:00,26,12,14
2021-01-21 21:00:00,9,5,4
2021-01-21 22:00:00,11,6,5
2021-01-21 23:00:00,3,1,2
2021-01-22 00:00:00,0,0,0
2021-01-22 01:00:00,1,1,0
2021-01-22 02:00:00,0,0,0
2021-01-22 03:00:00,1,0,1
2021-01-22 04:00:00,1,1,0
2021-01-22 05:00:00,5,5,0
2021-01-22 06:00:00,27,15,12
2021-01-22 07:00:00,63,34,29
2021-01-22 08:00:00,142,75,67
2021-01-22 09:00:00,103,52,51
2021-01-22 10:00:00,116,57,59
2021-01-22 11:00:00,175,94,81
2021-01-22 12:00:00,280,149,131
2021-01-22 13:00:00,243,117,126
2021-01-22 14:00:00,260,144,116
2021-01-22 15:00:00,416,202,214
2021-01-22 16:00:00,569,266,303
2021-01-22 17:00:00,342,142,200
2021-01-22 18:00:00,64,19,45
2021-01-22 19:00:00,29,14,15
2021-01-22 20:00:00,22,9,13
2021-01-22 21:00:00,9,2,7
2021-01-22 22:00:00,13,9,4
2021-01-22 23:00:00,6,3,3
2021-01-23 00:00:00,3,1,2
2021-01-23 01:00:00,2,0,2
2021-01-23 02:00:00,2,1,1
2021-01-23 03:00:00,0,0,0
2021-01-23 04:00:00,1,1,0
2021-01-23 05:00:00,3,1,2
2021-01-23 06:00:00,13,9,4
2021-01-23 07:00:00,33,17,16
2021-01-23 08:00:00,104,59,45
2021-01-23 09:00:00,176,95,81
2021-01-23 10:00:00,251,133,118
2021-01-23 11:00:00,330,177,153
2021-01-23 12:00:00,378,185,193
2021-01-23 13:00:00,454,245,209
2021-01-23 14:00:00,529,280,249
2021-01-23 15:00:00,687,383,304
2021-01-23 16:00:00,657,289,368
2021-01-23 17:00:00,240,84,156
2021-01-23 18:00:00,37,15,22
2021-01-23 19:00:00,23,10,13
2021-01-23 20:00:00,14,6,8
2021-01-23 21:00:00,8,1,7
2021-01-23 22:00:00,2,1,1
2021-01-23 23:00:00,3,1,2
2021-01-24 00:00:00,0,0,0
2021-01-24 01:00:00,2,1,1
2021-01-24 02:00:00,2,1,1
2021-01-24 03:00:00,3,1,2
2021-01-24 04:00:00,2,1,1
2021-01-24 05:00:00,3,2,1
2021-01-24 06:00:00,8,4,4
2021-01-24 07:00:00,14,9,5
2021-01-24 08:00:00,42,27,15
2021-01-24 09:00:00,126,76,50
2021-01-24 10:00:00,157,85,72
2021-01-24 11:00:00,140,62,78
2021-01-24 12:00:00,141,73,68
2021-01-24 13:00:00,121,57,64
2021-01-24 14:00:00,114,58,56
2021-01-24 15:00:00,153,81,72
2021-01-24 16:00:00,188,88,100
2021-01-24 17:00:00,67,29,38
2021-01-24 18:00:00,21,8,13
2021-01-24 19:00:00,12,7,5
2021-01-24 20:00:00,8,1,7
2021-01-24 21:00:00,10,9,1
2021-01-24 22:00:00,9,4,5
2021-01-24 23:00:00,7,2,5
2021-01-25 00:00:00,1,1,0
2021-01-25 01:00:00,0,0,0
2021-01-25 02:00:00,2,2,0
2021-01-25 03:00:00,1,1,0
2021-01-25 04:00:00,2,1,1
2021-01-25 05:00:00,10,5,5
2021-01-25 06:00:00,31,15,16
2021-01-25 07:00:00,76,40,36
2021-01-25 08:00:00,117,65,52
2021-01-25 09:00:00,112,64,48
2021-01-25 10:00:00,105,47,58
2021-01-25 11:00:00,121,67,54
2021-01-25 12:00:00,233,122,111
2021-01-25 13:00:00,217,100,117
2021-01-25 14:00:00,256,143,113
2021-01-25 15:00:00,351,190,161
2021-01-25 16:00:00,575,291,284
2021-01-25 17:00:00,342,144,198
2021-01-25 18:00:00,79,31,48
2021-01-25 19:00:00,30,18,12
2021-01-25 20:00:00,20,11,9
2021-01-25 21:00:00,16,9,7
2021-01-25 22:00:00,12,5,7
2021-01-25 23:00:00,3,2,1
2021-01-26 00:00:00,4,3,1
2021-01-26 01:00:00,1,0,1
2021-01-26 02:00:00,1,1,0
2021-01-26 03:00:00,3,2,1
2021-01-26 04:00:00,2,0,2
2021-01-26 05:00:00,4,3,1
2021-01-26 06:00:00,28,17,11
2021-01-26 07:00:00,96,52,44
2021-01-26 08:00:00,115,58,57
2021-01-26 09:00:00,118,62,56
2021-01-26 10:00:00,100,53,47
2021-01-26 11:00:00,123,68,55
2021-01-26 12:00:00,170,79,91
2021-01-26 13:00:00,146,74,72
2021-01-26 14:00:00,134,68,66
2021-01-26 15:00:00,152,74,78
2021-01-26 16:00:00,215,118,97
2021-01-26 17:00:00,187,70,117
2021-01-26 18:00:00,58,35,23
2021-01-26 19:00:00,36,15,21
2021-01-26 20:00:00,27,13,14
2021-01-26 21:00:00,14,7,7
2021-01-26 22:00:00,8,4,4
2021-01-26 23:00:00,3,2,1
2021-01-27 00:00:00,2,1,1
2021-01-27 01:00:00,1,1,0
2021-01-27 02:00:00,1,1,0
2021-01-27 03:00:00,2,1,1
2021-01-27 04:00:00,2,1,1
2021-01-27 05:00:00,8,6,2
2021-01-27 06:00:00,25,15,10
2021-01-27 07:00:00,52,27,25
2021-01-27 08:00:00,76,39,37
2021-01-27 09:00:00,60,30,30
2021-01-27 10:00:00,88,44,44
2021-01-27 11:00:00,151,73,78
2021-01-27 12:00:00,185,99,86
2021-01-27 13:00:00,232,121,111
2021-01-27 14:00:00,233,125,108
2021-01-27 15:00:00,290,161,129
2021-01-27 16:00:00,346,175,171
2021-01-27 17:00:00,247,98,149
2021-01-27 18:00:00,62,31,31
2021-01-27 19:00:00,27,13,14
2021-01-27 20:00:00,18,5,13
2021-01-27 21:00:00,18,10,8
2021-01-27 22:00:00,7,4,3
2021-01-27 23:00:00,6,3,3
2021-01-28 00:00:00,1,0,1
2021-01-28 01:00:00,1,1,0
2021-01-28 02:00:00,1,0,1
2021-01-28 03:00:00,1,1,0
2021-01-28 04:00:00,3,1,2
2021-01-28 05:00:00,6,5,1
2021-01-28 06:00:00,16,6,10
2021-01-28 07:00:00,48,24,24
2021-01-28 08:00:00,62,37,25
2021-01-28 09:00:00,49,21,28
2021-01-28 10:00:00,50,28,22
2021-01-28 11:00:00,98,53,45
2021-01-28 12:00:00,141,74,67
2021-01-28 13:00:00,143,79,64
2021-01-28 14:00:00,162,91,71
2021-01-28 15:00:00,219,104,115
2021-01-28 16:00:00,307,179,128
2021-01-28 17:00:00,254,107,147
2021-01-28 18:00:00,92,40,52
2021-01-28 19:00:00,38,17,21
2021-01-28 20:00:00,27,14,13
2021-01-28 21:00:00,21,11,10
2021-01-28 22:00:00,9,3,6
2021-01-28 23:00:00,6,5,1
2021-01-29 00:00:00,0,0,0
2021-01-29 01:00:00,0,0,0
2021-01-29 02:00:00,2,1,1
2021-01-29 03:00:00,0,0,0
2021-01-29 04:00:00,3,2,1
2021-01-29 05:00:00,6,2,4
2021-01-29 06:00:00,23,16,7
2021-01-29 07:00:00,60,31,29
2021-01-29 08:00:00,128,68,60
2021-01-29 09:00:00,98,52,46
2021-01-29 10:00:00,129,72,57
2021-01-29 11:00:00,116,60,56
2021-01-29 12:00:00,182,95,87
2021-01-29 13:00:00,191,108,83
2021-01-29 14:00:00,200,101,99
2021-01-29 15:00:00,261,138,123
2021-01-29 16:00:00,303,159,144
2021-01-29 17:00:00,258,116,142
2021-01-29 18:00:00,78,37,41
2021-01-29 19:00:00,27,9,18
2021-01-29 20:00:00,10,5,5
2021-01-29 21:00:00,6,3,3
2021-01-29 22:00:00,1,1,0
2021-01-29 23:00:00,7,3,4
2021-01-30 00:00:00,2,1,1
2021-01-30 01:00:00,1,0,1
2021-01-30 02:00:00,0,0,0
2021-01-30 03:00:00,0,0,0
2021-01-30 04:00:00,0,0,0
2021-01-30 05:00:00,1,1,0
2021-01-30 06:00:00,9,8,1
2021-01-30 07:00:00,30,15,15
2021-01-30 08:00:00,115,63,52
2021-01-30 09:00:00,146,71,75
2021-01-30 10:00:00,201,117,84
2021-01-30 11:00:00,197,107,90
2021-01-30 12:00:00,217,108,109
2021-01-30 13:00:00,201,91,110
2021-01-30 14:00:00,248,129,119
2021-01-30 15:00:00,256,124,132
2021-01-30 16:00:00,251,120,131
2021-01-30 17:00:00,134,46,88
2021-01-30 18:00:00,18,6,12
2021-01-30 19:00:00,15,7,8
2021-01-30 20:00:00,9,4,5
2021-01-30 21:00:00,4,2,2
2021-01-30 22:00:00,8,4,4
2021-01-30 23:00:00,5,3,2
2021-01-31 00:00:00,1,0,1
2021-01-31 01:00:00,4,2,2
2021-01-31 02:00:00,2,0,2
2021-01-31 03:00:00,0,0,0
2021-01-31 04:00:00,1,1,0
2021-01-31 05:00:00,0,0,0
2021-01-31 06:00:00,18,12,6
2021-01-31 07:00:00,34,21,13
2021-01-31 08:00:00,109,66,43
2021-01-31 09:00:00,209,120,89
2021-01-31 10:00:00,194,92,102
2021-01-31 11:00:00,192,97,95
2021-01-31 12:00:00,151,79,72
2021-01-31 13:00:00,111,57,54
2021-01-31 14:00:00,180,111,69
2021-01-31 15:00:00,184,102,82
2021-01-31 16:00:00,230,106,124
2021-01-31 17:00:00,107,40,67
2021-01-31 18:00:00,43,20,23
2021-01-31 19:00:00,15,8,7
2021-01-31 20:00:00,8,4,4
2021-01-31 21:00:00,2,1,1
2021-01-31 22:00:00,4,4,0
2021-01-31 23:00:00,5,1,4
2021-02-01 00:00:00,2,2,0
2021-02-01 01:00:00,2,0,2
2021-02-01 02:00:00,0,0,0
2021-02-01 03:00:00,0,0,0
2021-02-01 04:00:00,2,1,1
2021-02-01 05:00:00,6,4,2
2021-02-01 06:00:00,22,10,12
2021-02-01 07:00:00,72,43,29
2021-02-01 08:00:00,80,35,45
2021-02-01 09:00:00,45,22,23
2021-02-01 10:00:00,36,18,18
2021-02-01 11:00:00,67,32,35
2021-02-01 12:00:00,77,41,36
2021-02-01 13:00:00,69,34,35
2021-02-01 14:00:00,74,36,38
2021-02-01 15:00:00,69,32,37
2021-02-01 16:00:00,141,84,57
2021-02-01 17:00:00,130,59,71
2021-02-01 18:00:00,45,19,26
2021-02-01 19:00:00,16,9,7
2021-02-01 20:00:00,11,7,4
2021-02-01 21:00:00,13,6,7
2021-02-01 22:00:00,322,322,0
2021-02-01 23:00:00,333,329,4
2021-02-02 00:00:00,2,0,2
2021-02-02 01:00:00,20,20,0
2021-02-02 02:00:00,0,0,0
2021-02-02 03:00:00,2,2,0
2021-02-02 04:00:00,2,1,1
2021-02-02 05:00:00,6,3,3
2021-02-02 06:00:00,17,10,7
2021-02-02 07:00:00,65,31,34
2021-02-02 08:00:00,60,35,25
2021-02-02 09:00:00,54,28,26
2021-02-02 10:00:00,78,33,45
2021-02-02 11:00:00,84,48,36
2021-02-02 12:00:00,119,55,64
2021-02-02 13:00:00,59,32,27
2021-02-02 14:00:00,129,65,64
2021-02-02 15:00:00,71,39,32
2021-02-02 16:00:00,192,112,80
2021-02-02 17:00:00,225,103,122
2021-02-02 18:00:00,59,19,40
2021-02-02 19:00:00,21,11,10
2021-02-02 20:00:00,8,4,4
2021-02-02 21:00:00,4,3,1
2021-02-02 22:00:00,8,3,5
2021-02-02 23:00:00,8,7,1
2021-02-03 00:00:00,5,2,3
2021-02-03 01:00:00,3,1,2
2021-02-03 02:00:00,1,1,0
2021-02-03 03:00:00,3,2,1
2021-02-03 04:00:00,2,0,2
2021-02-03 05:00:00,3,3,0
2021-02-03 06:00:00,33,23,10
2021-02-03 07:00:00,116,66,50
2021-02-03 08:00:00,149,72,77
2021-02-03 09:00:00,114,61,53
2021-02-03 10:00:00,136,73,63
2021-02-03 11:00:00,208,116,92
2021-02-03 12:00:00,623,457,166
2021-02-03 13:00:00,437,327,110
2021-02-03 14:00:00,259,144,115
2021-02-03 15:00:00,348,168,180
2021-02-03 16:00:00,420,246,174
2021-02-03 17:00:00,399,184,215
2021-02-03 18:00:00,137,48,89
2021-02-03 19:00:00,43,16,27
2021-02-03 20:00:00,13,5,8
2021-02-03 21:00:00,18,8,10
2021-02-03 22:00:00,17,11,6
2021-02-03 23:00:00,7,3,4
2021-02-04 00:00:00,5,1,4
2021-02-04 01:00:00,2,2,0
2021-02-04 02:00:00,1,1,0
2021-02-04 03:00:00,2,2,0
2021-02-04 04:00:00,2,0,2
2021-02-04 05:00:00,6,5,1
2021-02-04 06:00:00,19,9,10
2021-02-04 07:00:00,91,50,41
2021-02-04 08:00:00,101,48,53
2021-02-04 09:00:00,69,33,36
2021-02-04 10:00:00,55,27,28
2021-02-04 11:00:00,75,32,43
2021-02-04 12:00:00,98,52,46
2021-02-04 13:00:00,100,47,53
2021-02-04 14:00:00,66,34,32
2021-02-04 15:00:00,108,58,50
2021-02-04 16:00:00,155,80,75
2021-02-04 17:00:00,156,72,84
2021-02-04 18:00:00,63,27,36
2021-02-04 19:00:00,29,11,18
2021-02-04 20:00:00,15,9,6
2021-02-04 21:00:00,19,11,8
2021-02-04 22:00:00,9,2,7
2021-02-04 23:00:00,3,2,1
2021-02-05 00:00:00,1,0,1
2021-02-05 01:00:00,2,1,1
2021-02-05 02:00:00,0,0,0
2021-02-05 03:00:00,0,0,0
2021-02-05 04:00:00,0,0,0
2021-02-05 05:00:00,6,5,1
2021-02-05 06:00:00,32,16,16
2021-02-05 07:00:00,93,55,38
2021-02-05 08:00:00,138,65,73
2021-02-05 09:00:00,116,65,51
2021-02-05 10:00:00,120,70,50
2021-02-05 11:00:00,123,58,65
2021-02-05 12:00:00,189,98,91
2021-02-05 13:00:00,137,55,82
2021-02-05 14:00:00,164,93,71
2021-02-05 15:00:00,178,93,85
2021-02-05 16:00:00,270,135,135
2021-02-05 17:00:00,245,108,137
2021-02-05 18:00:00,78,31,47
2021-02-05 19:00:00,35,17,18
2021-02-05 20:00:00,16,6,10
2021-02-05 21:00:00,9,6,3
2021-02-05 22:00:00,8,3,5
2021-02-05 23:00:00,13,7,6
2021-02-06 00:00:00,1,0,1
2021-02-06 01:00:00,3,1,2
2021-02-06 02:00:00,2,2,0
2021-02-06 03:00:00,4,1,3
2021-02-06 04:00:00,1,1,0
2021-02-06 05:00:00,2,1,1
2021-02-06 06:00:00,10,7,3
2021-02-06 07:00:00,50,17,33
2021-02-06 08:00:00,119,64,55
2021-02-06 09:00:00,180,92,88
2021-02-06 10:00:00,209,121,88
2021-02-06 11:00:00,237,131,106
2021-02-06 12:00:00,262,127,135
2021-02-06 13:00:00,276,145,131
2021-02-06 14:00:00,196,98,98
2021-02-06 15:00:00,156,81,75
2021-02-06 16:00:00,293,174,119
2021-02-06 17:00:00,424,193,231
2021-02-06 18:00:00,79,21,58
2021-02-06 19:00:00,18,10,8
2021-02-06 20:00:00,20,9,11
2021-02-06 21:00:00,10,4,6
2021-02-06 22:00:00,11,7,4
2021-02-06 23:00:00,9,4,5
2021-02-07 00:00:00,2,0,2
2021-02-07 01:00:00,3,3,0
2021-02-07 02:00:00,1,1,0
2021-02-07 03:00:00,0,0,0
2021-02-07 04:00:00,2,1,1
2021-02-07 05:00:00,8,4,4
2021-02-07 06:00:00,19,10,9
2021-02-07 07:00:00,56,38,18
2021-02-07 08:00:00,148,79,69
2021-02-07 09:00:00,258,149,109
2021-02-07 10:00:00,395,222,173
2021-02-07 11:00:00,457,264,193
2021-02-07 12:00:00,512,268,244
2021-02-07 13:00:00,560,288,272
2021-02-07 14:00:00,409,173,236
2021-02-07 15:00:00,234,129,105
2021-02-07 16:00:00,202,78,124
2021-02-07 17:00:00,48,20,28
2021-02-07 18:00:00,25,12,13
2021-02-07 19:00:00,17,5,12
2021-02-07 20:00:00,13,7,6
2021-02-07 21:00:00,5,2,3
2021-02-07 22:00:00,3,3,0
2021-02-07 23:00:00,7,0,7
2021-02-08 00:00:00,4,3,1
2021-02-08 01:00:00,0,0,0
2021-02-08 02:00:00,2,1,1
2021-02-08 03:00:00,3,2,1
2021-02-08 04:00:00,3,2,1
2021-02-08 05:00:00,10,5,5
2021-02-08 06:00:00,31,14,17
2021-02-08 07:00:00,90,53,37
2021-02-08 08:00:00,134,67,67
2021-02-08 09:00:00,93,48,45
2021-02-08 10:00:00,84,46,38
2021-02-08 11:00:00,124,64,60
2021-02-08 12:00:00,221,111,110
2021-02-08 13:00:00,203,116,87
2021-02-08 14:00:00,179,78,101
2021-02-08 15:00:00,244,132,112
2021-02-08 16:00:00,395,202,193
2021-02-08 17:00:00,386,171,215
2021-02-08 18:00:00,104,36,68
2021-02-08 19:00:00,45,19,26
2021-02-08 20:00:00,26,12,14
2021-02-08 21:00:00,20,11,9
2021-02-08 22:00:00,7,3,4
2021-02-08 23:00:00,1,0,1
2021-02-09 00:00:00,5,2,3
2021-02-09 01:00:00,3,1,2
2021-02-09 02:00:00,0,0,0
2021-02-09 03:00:00,0,0,0
2021-02-09 04:00:00,3,2,1
2021-02-09 05:00:00,2,2,0
2021-02-09 06:00:00,38,18,20
2021-02-09 07:00:00,86,52,34
2021-02-09 08:00:00,126,64,62
2021-02-09 09:00:00,104,49,55
2021-02-09 10:00:00,130,66,64
2021-02-09 11:00:00,182,102,80
2021-02-09 12:00:00,255,130,125
2021-02-09 13:00:00,226,112,114
2021-02-09 14:00:00,211,118,93
2021-02-09 15:00:00,324,177,147
2021-02-09 16:00:00,421,220,201
2021-02-09 17:00:00,412,188,224
2021-02-09 18:00:00,106,36,70
2021-02-09 19:00:00,39,16,23
2021-02-09 20:00:00,22,13,9
2021-02-09 21:00:00,16,7,9
2021-02-09 22:00:00,7,5,2
2021-02-09 23:00:00,2,0,2
2021-02-10 00:00:00,2,1,1
2021-02-10 01:00:00,1,0,1
2021-02-10 02:00:00,9,8,1
2021-02-10 03:00:00,1,1,0
2021-02-10 04:00:00,1,0,1
2021-02-10 05:00:00,5,4,1
2021-02-10 06:00:00,37,19,18
2021-02-10 07:00:00,86,48,38
2021-02-10 08:00:00,132,60,72
2021-02-10 09:00:00,130,65,65
2021-02-10 10:00:00,86,43,43
2021-02-10 11:00:00,145,80,65
2021-02-10 12:00:00,233,119,114
2021-02-10 13:00:00,242,120,122
2021-02-10 14:00:00,155,77,78
2021-02-10 15:00:00,171,85,86
2021-02-10 16:00:00,236,131,105
2021-02-10 17:00:00,262,134,128
2021-02-10 18:00:00,81,28,53
2021-02-10 19:00:00,30,17,13
2021-02-10 20:00:00,9,3,6
2021-02-10 21:00:00,10,5,5
2021-02-10 22:00:00,1,0,1
2021-02-10 23:00:00,3,1,2
2021-02-11 00:00:00,82,82,0
2021-02-11 01:00:00,3,3,0
2021-02-11 02:00:00,0,0,0
2021-02-11 03:00:00,1,1,0
2021-02-11 04:00:00,3,1,2
2021-02-11 05:00:00,4,3,1
2021-02-11 06:00:00,33,18,15
2021-02-11 07:00:00,80,43,37
2021-02-11 08:00:00,108,53,55
2021-02-11 09:00:00,57,24,33
2021-02-11 10:00:00,70,34,36
2021-02-11 11:00:00,89,46,43
2021-02-11 12:00:00,99,54,45
2021-02-11 13:00:00,63,28,35
2021-02-11 14:00:00,78,42,36
2021-02-11 15:00:00,72,36,36
2021-02-11 16:00:00,106,63,43
2021-02-11 17:00:00,124,57,67
2021-02-11 18:00:00,43,15,28
2021-02-11 19:00:00,10,6,4
2021-02-11 20:00:00,11,6,5
2021-02-11 21:00:00,6,2,4
2021-02-11 22:00:00,1,0,1
2021-02-11 23:00:00,1,1,0
2021-02-12 00:00:00,1,0,1
2021-02-12 01:00:00,0,0,0
2021-02-12 02:00:00,0,0,0
2021-02-12 03:00:00,2,1,1
2021-02-12 04:00:00,4,3,1
2021-02-12 05:00:00,6,2,4
2021-02-12 06:00:00,18,9,9
2021-02-12 07:00:00,61,35,26
2021-02-12 08:00:00,78,47,31
2021-02-12 09:00:00,60,25,35
2021-02-12 10:00:00,53,27,26
2021-02-12 11:00:00,87,48,39
2021-02-12 12:00:00,136,64,72
2021-02-12 13:00:00,98,38,60
2021-02-12 14:00:00,98,52,46
2021-02-12 15:00:00,130,62,68
2021-02-12 16:00:00,142,71,71
2021-02-12 17:00:00,145,69,76
2021-02-12 18:00:00,36,12,24
2021-02-12 19:00:00,16,8,8
2021-02-12 20:00:00,9,5,4
2021-02-12 21:00:00,10,6,4
2021-02-12 22:00:00,22,12,10
2021-02-12 23:00:00,11,2,9
2021-02-13 00:00:00,3,2,1
2021-02-13 01:00:00,2,0,2
2021-02-13 02:00:00,0,0,0
2021-02-13 03:00:00,0,0,0
2021-02-13 04:00:00,2,1,1
2021-02-13 05:00:00,4,2,2
2021-02-13 06:00:00,4,2,2
2021-02-13 07:00:00,18,10,8
2021-02-13 08:00:00,52,33,19
2021-02-13 09:00:00,108,60,48
2021-02-13 10:00:00,153,79,74
2021-02-13 11:00:00,205,108,97
2021-02-13 12:00:00,237,115,122
2021-02-13 13:00:00,215,105,110
2021-02-13 14:00:00,209,105,104
2021-02-13 15:00:00,206,88,118
2021-02-13 16:00:00,159,67,92
2021-02-13 17:00:00,149,55,94
2021-02-13 18:00:00,34,15,19
2021-02-13 19:00:00,9,4,5
2021-02-13 20:00:00,12,7,5
2021-02-13 21:00:00,7,3,4
2021-02-13 22:00:00,5,2,3
2021-02-13 23:00:00,3,1,2
2021-02-14 00:00:00,0,0,0
2021-02-14 01:00:00,1,0,1
2021-02-14 02:00:00,1,0,1
2021-02-14 03:00:00,0,0,0
2021-02-14 04:00:00,2,1,1
2021-02-14 05:00:00,0,0,0
2021-02-14 06:00:00,1,0,1
2021-02-14 07:00:00,15,6,9
2021-02-14 08:00:00,31,17,14
2021-02-14 09:00:00,64,34,30
2021-02-14 10:00:00,70,37,33
2021-02-14 11:00:00,137,74,63
2021-02-14 12:00:00,156,77,79
2021-02-14 13:00:00,184,87,97
2021-02-14 14:00:00,161,78,83
2021-02-14 15:00:00,123,50,73
2021-02-14 16:00:00,106,48,58
2021-02-14 17:00:00,102,42,60
2021-02-14 18:00:00,22,9,13
2021-02-14 19:00:00,13,6,7
2021-02-14 20:00:00,2,0,2
2021-02-14 21:00:00,0,0,0
2021-02-14 22:00:00,0,0,0
2021-02-14 23:00:00,0,0,0
2021-02-15 00:00:00,0,0,0
2021-02-15 01:00:00,0,0,0
2021-02-15 02:00:00,0,0,0
2021-02-15 03:00:00,0,0,0
2021-02-15 04:00:00,4,2,2
2021-02-15 05:00:00,0,0,0
2021-02-15 06:00:00,5,2,3
2021-02-15 07:00:00,12,5,7
2021-02-15 08:00:00,28,17,11
2021-02-15 09:00:00,46,22,24
2021-02-15 10:00:00,48,21,27
2021-02-15 11:00:00,54,30,24
2021-02-15 12:00:00,94,46,48
2021-02-15 13:00:00,80,35,45
2021-02-15 14:00:00,69,37,32
2021-02-15 15:00:00,91,47,44
2021-02-15 16:00:00,90,48,42
2021-02-15 17:00:00,94,41,53
2021-02-15 18:00:00,21,10,11
2021-02-15 19:00:00,22,13,9
2021-02-15 20:00:00,12,6,6
2021-02-15 21:00:00,2,0,2
2021-02-15 22:00:00,4,3,1
2021-02-15 23:00:00,3,0,3
2021-02-16 00:00:00,0,0,0
2021-02-16 01:00:00,1,1,0
2021-02-16 02:00:00,1,1,0
2021-02-16 03:00:00,3,2,1
2021-02-16 04:00:00,2,0,2
2021-02-16 05:00:00,4,3,1
2021-02-16 06:00:00,16,10,6
2021-02-16 07:00:00,71,39,32
2021-02-16 08:00:00,84,40,44
2021-02-16 09:00:00,89,48,41
2021-02-16 10:00:00,85,43,42
2021-02-16 11:00:00,104,54,50
2021-02-16 12:00:00,160,85,75
2021-02-16 13:00:00,165,89,76
2021-02-16 14:00:00,244,134,110
2021-02-16 15:00:00,233,110,123
2021-02-16 16:00:00,386,212,174
2021-02-16 17:00:00,528,267,261
2021-02-16 18:00:00,212,68,144
2021-02-16 19:00:00,41,16,25
2021-02-16 20:00:00,21,15,6
2021-02-16 21:00:00,9,3,6
2021-02-16 22:00:00,5,2,3
2021-02-16 23:00:00,6,1,5
2021-02-17 00:00:00,2,0,2
2021-02-17 01:00:00,0,0,0
2021-02-17 02:00:00,1,1,0
2021-02-17 03:00:00,2,1,1
2021-02-17 04:00:00,1,0,1
2021-02-17 05:00:00,5,4,1
2021-02-17 06:00:00,36,17,19
2021-02-17 07:00:00,97,58,39
2021-02-17 08:00:00,138,70,68
2021-02-17 09:00:00,111,52,59
2021-02-17 10:00:00,87,43,44
2021-02-17 11:00:00,134,73,61
2021-02-17 12:00:00,237,113,124
2021-02-17 13:00:00,175,91,84
2021-02-17 14:00:00,186,91,95
2021-02-17 15:00:00,265,130,135
2021-02-17 16:00:00,402,211,191
2021-02-17 17:00:00,436,211,225
2021-02-17 18:00:00,152,46,106
2021-02-17 19:00:00,30,12,18
2021-02-17 20:00:00,23,10,13
2021-02-17 21:00:00,15,8,7
2021-02-17 22:00:00,8,5,3
2021-02-17 23:00:00,5,2,3
2021-02-18 00:00:00,1,0,1
2021-02-18 01:00:00,0,0,0
2021-02-18 02:00:00,0,0,0
2021-02-18 03:00:00,1,1,0
2021-02-18 04:00:00,2,0,2
2021-02-18 05:00:00,5,5,0
2021-02-18 06:00:00,21,13,8
2021-02-18 07:00:00,108,68,40
2021-02-18 08:00:00,137,60,77
2021-02-18 09:00:00,98,49,49
2021-02-18 10:00:00,82,41,41
2021-02-18 11:00:00,71,31,40
2021-02-18 12:00:00,117,56,61
2021-02-18 13:00:00,62,29,33
2021-02-18 14:00:00,58,34,24
2021-02-18 15:00:00,99,46,53
2021-02-18 16:00:00,119,63,56
2021-02-18 17:00:00,177,96,81
2021-02-18 18:00:00,78,22,56
2021-02-18 19:00:00,25,16,9
2021-02-18 20:00:00,10,4,6
2021-02-18 21:00:00,12,4,8
2021-02-18 22:00:00,8,2,6
2021-02-18 23:00:00,11,6,5
2021-02-19 00:00:00,1,0,1
2021-02-19 01:00:00,4,1,3
2021-02-19 02:00:00,0,0,0
2021-02-19 03:00:00,1,1,0
2021-02-19 04:00:00,1,0,1
2021-02-19 05:00:00,6,6,0
2021-02-19 06:00:00,30,17,13
2021-02-19 07:00:00,98,54,44
2021-02-19 08:00:00,115,58,57
2021-02-19 09:00:00,109,58,51
2021-02-19 10:00:00,119,58,61
2021-02-19 11:00:00,143,73,70
2021-02-19 12:00:00,177,84,93
2021-02-19 13:00:00,156,89,67
2021-02-19 14:00:00,179,82,97
2021-02-19 15:00:00,119,64,55
2021-02-19 16:00:00,121,63,58
2021-02-19 17:00:00,147,77,70
2021-02-19 18:00:00,72,27,45
2021-02-19 19:00:00,26,14,12
2021-02-19 20:00:00,18,11,7
2021-02-19 21:00:00,15,6,9
2021-02-19 22:00:00,10,5,5
2021-02-19 23:00:00,2,2,0
2021-02-20 00:00:00,0,0,0
2021-02-20 01:00:00,1,0,1
2021-02-20 02:00:00,0,0,0
2021-02-20 03:00:00,0,0,0
2021-02-20 04:00:00,1,1,0
2021-02-20 05:00:00,7,4,3
2021-02-20 06:00:00,11,7,4
2021-02-20 07:00:00,71,39,32
2021-02-20 08:00:00,140,78,62
2021-02-20 09:00:00,199,99,100
2021-02-20 10:00:00,213,100,113
2021-02-20 11:00:00,313,174,139
2021-02-20 12:00:00,332,160,172
2021-02-20 13:00:00,411,219,192
2021-02-20 14:00:00,460,226,234
2021-02-20 15:00:00,364,153,211
2021-02-20 16:00:00,286,140,146
2021-02-20 17:00:00,172,81,91
2021-02-20 18:00:00,54,17,37
2021-02-20 19:00:00,19,9,10
2021-02-20 20:00:00,13,6,7
2021-02-20 21:00:00,10,5,5
2021-02-20 22:00:00,6,2,4
2021-02-20 23:00:00,3,1,2
2021-02-21 00:00:00,0,0,0
2021-02-21 01:00:00,0,0,0
2021-02-21 02:00:00,1,1,0
2021-02-21 03:00:00,1,1,0
2021-02-21 04:00:00,3,2,1
2021-02-21 05:00:00,5,3,2
2021-02-21 06:00:00,13,8,5
2021-02-21 07:00:00,50,23,27
2021-02-21 08:00:00,86,50,36
2021-02-21 09:00:00,141,70,71
2021-02-21 10:00:00,168,93,75
2021-02-21 11:00:00,251,125,126
2021-02-21 12:00:00,238,118,120
2021-02-21 13:00:00,210,108,102
2021-02-21 14:00:00,237,132,105
2021-02-21 15:00:00,258,126,132
2021-02-21 16:00:00,216,96,120
2021-02-21 17:00:00,209,98,111
2021-02-21 18:00:00,66,23,43
2021-02-21 19:00:00,12,5,7
2021-02-21 20:00:00,3,1,2
2021-02-21 21:00:00,2,1,1
2021-02-21 22:00:00,1,1,0
2021-02-21 23:00:00,0,0,0
2021-02-22 00:00:00,1,1,0
2021-02-22 01:00:00,1,0,1
2021-02-22 02:00:00,2,1,1
2021-02-22 03:00:00,1,1,0
2021-02-22 04:00:00,1,0,1
2021-02-22 05:00:00,9,7,2
2021-02-22 06:00:00,29,13,16
2021-02-22 07:00:00,87,50,37
2021-02-22 08:00:00,72,36,36
2021-02-22 09:00:00,55,29,26
2021-02-22 10:00:00,43,17,26
2021-02-22 11:00:00,58,31,27
2021-02-22 12:00:00,48,22,26
2021-02-22 13:00:00,55,31,24
2021-02-22 14:00:00,125,70,55
2021-02-22 15:00:00,255,139,116
2021-02-22 16:00:00,349,198,151
2021-02-22 17:00:00,573,295,278
2021-02-22 18:00:00,256,93,163
2021-02-22 19:00:00,22,8,14
2021-02-22 20:00:00,10,8,2
2021-02-22 21:00:00,6,4,2
2021-02-22 22:00:00,7,5,2
2021-02-22 23:00:00,10,6,4
2021-02-23 00:00:00,1,0,1
2021-02-23 01:00:00,2,1,1
2021-02-23 02:00:00,0,0,0
2021-02-23 03:00:00,0,0,0
2021-02-23 04:00:00,4,2,2
2021-02-23 05:00:00,7,6,1
2021-02-23 06:00:00,43,21,22
2021-02-23 07:00:00,96,53,43
2021-02-23 08:00:00,143,74,69
2021-02-23 09:00:00,117,61,56
2021-02-23 10:00:00,112,60,52
2021-02-23 11:00:00,160,83,77
2021-02-23 12:00:00,199,99,100
2021-02-23 13:00:00,207,108,99
2021-02-23 14:00:00,141,78,63
2021-02-23 15:00:00,215,115,100
2021-02-23 16:00:00,211,91,120
2021-02-23 17:00:00,187,100,87
2021-02-23 18:00:00,87,34,53
2021-02-23 19:00:00,29,14,15
2021-02-23 20:00:00,16,5,11
2021-02-23 21:00:00,11,5,6
2021-02-23 22:00:00,4,3,1
2021-02-23 23:00:00,5,3,2
2021-02-24 00:00:00,4,2,2
2021-02-24 01:00:00,0,0,0
2021-02-24 02:00:00,0,0,0
2021-02-24 03:00:00,3,2,1
2021-02-24 04:00:00,1,0,1
2021-02-24 05:00:00,11,8,3
2021-02-24 06:00:00,31,17,14
2021-02-24 07:00:00,89,46,43
2021-02-24 08:00:00,122,71,51
2021-02-24 09:00:00,108,51,57
2021-02-24 10:00:00,87,45,42
2021-02-24 11:00:00,123,68,55
2021-02-24 12:00:00,207,105,102
2021-02-24 13:00:00,200,106,94
2021-02-24 14:00:00,212,109,103
2021-02-24 15:00:00,241,124,117
2021-02-24 16:00:00,345,187,158
2021-02-24 17:00:00,428,217,211
2021-02-24 18:00:00,212,82,130
2021-02-24 19:00:00,57,28,29
2021-02-24 20:00:00,22,8,14
2021-02-24 21:00:00,8,6,2
2021-02-24 22:00:00,8,2,6
2021-02-24 23:00:00,3,2,1
2021-02-25 00:00:00,4,2,2
2021-02-25 01:00:00,1,0,1
2021-02-25 02:00:00,0,0,0
2021-02-25 03:00:00,0,0,0
2021-02-25 04:00:00,4,2,2
2021-02-25 05:00:00,2,1,1
2021-02-25 06:00:00,25,13,12
2021-02-25 07:00:00,72,44,28
2021-02-25 08:00:00,116,61,55
2021-02-25 09:00:00,86,40,46
2021-02-25 10:00:00,79,39,40
2021-02-25 11:00:00,99,47,52
2021-02-25 12:00:00,134,71,63
2021-02-25 13:00:00,138,69,69
2021-02-25 14:00:00,109,60,49
2021-02-25 15:00:00,134,68,66
2021-02-25 16:00:00,126,69,57
2021-02-25 17:00:00,333,173,160
2021-02-25 18:00:00,172,65,107
2021-02-25 19:00:00,25,6,19
2021-02-25 20:00:00,16,13,3
2021-02-25 21:00:00,11,4,7
2021-02-25 22:00:00,7,3,4
2021-02-25 23:00:00,3,1,2
2021-02-26 00:00:00,1,1,0
2021-02-26 01:00:00,1,1,0
2021-02-26 02:00:00,3,0,3
2021-02-26 03:00:00,0,0,0
2021-02-26 04:00:00,1,1,0
2021-02-26 05:00:00,10,7,3
2021-02-26 06:00:00,35,19,16
2021-02-26 07:00:00,93,51,42
2021-02-26 08:00:00,138,73,65
2021-02-26 09:00:00,102,57,45
2021-02-26 10:00:00,149,84,65
2021-02-26 11:00:00,169,77,92
2021-02-26 12:00:00,195,92,103
2021-02-26 13:00:00,221,107,114
2021-02-26 14:00:00,201,95,106
2021-02-26 15:00:00,146,56,90
2021-02-26 16:00:00,180,111,69
2021-02-26 17:00:00,388,215,173
2021-02-26 18:00:00,183,65,118
2021-02-26 19:00:00,32,13,19
2021-02-26 20:00:00,18,7,11
2021-02-26 21:00:00,6,1,5
2021-02-26 22:00:00,6,4,2
2021-02-26 23:00:00,0,0,0
2021-02-27 00:00:00,1,0,1
2021-02-27 01:00:00,3,1,2
2021-02-27 02:00:00,0,0,0
2021-02-27 03:00:00,0,0,0
2021-02-27 04:00:00,1,1,0
2021-02-27 05:00:00,2,2,0
2021-02-27 06:00:00,14,8,6
2021-02-27 07:00:00,69,44,25
2021-02-27 08:00:00,158,92,66
2021-02-27 09:00:00,225,112,113
2021-02-27 10:00:00,331,183,148
2021-02-27 11:00:00,385,202,183
2021-02-27 12:00:00,348,166,182
2021-02-27 13:00:00,355,188,167
2021-02-27 14:00:00,420,237,183
2021-02-27 15:00:00,383,207,176
2021-02-27 16:00:00,460,229,231
2021-02-27 17:00:00,332,158,174
2021-02-27 18:00:00,136,38,98
2021-02-27 19:00:00,18,7,11
2021-02-27 20:00:00,9,4,5
2021-02-27 21:00:00,7,4,3
2021-02-27 22:00:00,10,4,6
2021-02-27 23:00:00,8,6,2
2021-02-28 00:00:00,7,4,3
2021-02-28 01:00:00,1,0,1
2021-02-28 02:00:00,1,1,0
2021-02-28 03:00:00,0,0,0
2021-02-28 04:00:00,1,1,0
2021-02-28 05:00:00,3,3,0
2021-02-28 06:00:00,16,9,7
2021-02-28 07:00:00,77,43,34
2021-02-28 08:00:00,105,63,42
2021-02-28 09:00:00,173,96,77
2021-02-28 10:00:00,198,105,93
2021-02-28 11:00:00,281,141,140
2021-02-28 12:00:00,244,113,131
2021-02-28 13:00:00,242,128,114
2021-02-28 14:00:00,334,190,144
2021-02-28 15:00:00,328,168,160
2021-02-28 16:00:00,354,170,184
2021-02-28 17:00:00,254,122,132
2021-02-28 18:00:00,106,29,77
2021-02-28 19:00:00,16,5,11
2021-02-28 20:00:00,14,8,6
2021-02-28 21:00:00,6,3,3
2021-02-28 22:00:00,1,0,1
2021-02-28 23:00:00,4,3,1
2021-03-01 00:00:00,1,1,0
2021-03-01 01:00:00,0,0,0
2021-03-01 02:00:00,3,2,1
2021-03-01 03:00:00,1,1,0
2021-03-01 04:00:00,2,1,1
2021-03-01 05:00:00,6,5,1
2021-03-01 06:00:00,35,20,15
2021-03-01 07:00:00,102,61,41
2021-03-01 08:00:00,113,59,54
2021-03-01 09:00:00,117,63,54
2021-03-01 10:00:00,109,61,48
2021-03-01 11:00:00,145,72,73
2021-03-01 12:00:00,195,104,91
2021-03-01 13:00:00,194,98,96
2021-03-01 14:00:00,275,167,108
2021-03-01 15:00:00,355,212,143
2021-03-01 16:00:00,398,199,199
2021-03-01 17:00:00,469,249,220
2021-03-01 18:00:00,260,84,176
2021-03-01 19:00:00,51,20,31
2021-03-01 20:00:00,29,14,15
2021-03-01 21:00:00,11,4,7
2021-03-01 22:00:00,8,2,6
2021-03-01 23:00:00,7,5,2
2021-03-02 00:00:00,3,1,2
2021-03-02 01:00:00,1,1,0
2021-03-02 02:00:00,0,0,0
2021-03-02 03:00:00,2,2,0
2021-03-02 04:00:00,2,1,1
2021-03-02 05:00:00,5,4,1
2021-03-02 06:00:00,46,24,22
2021-03-02 07:00:00,111,62,49
2021-03-02 08:00:00,116,54,62
2021-03-02 09:00:00,72,36,36
2021-03-02 10:00:00,65,37,28
2021-03-02 11:00:00,92,46,46
2021-03-02 12:00:00,139,70,69
2021-03-02 13:00:00,140,79,61
2021-03-02 14:00:00,141,82,59
2021-03-02 15:00:00,189,96,93
2021-03-02 16:00:00,310,158,152
2021-03-02 17:00:00,436,236,200
2021-03-02 18:00:00,257,84,173
2021-03-02 19:00:00,52,22,30
2021-03-02 20:00:00,20,9,11
2021-03-02 21:00:00,11,5,6
2021-03-02 22:00:00,8,4,4
2021-03-02 23:00:00,4,2,2
2021-03-03 00:00:00,6,2,4
2021-03-03 01:00:00,5,2,3
2021-03-03 02:00:00,3,1,2
2021-03-03 03:00:00,4,3,1
2021-03-03 04:00:00,1,0,1
2021-03-03 05:00:00,7,6,1
2021-03-03 06:00:00,51,28,23
2021-03-03 07:00:00,117,67,50
2021-03-03 08:00:00,149,78,71
2021-03-03 09:00:00,130,63,67
2021-03-03 10:00:00,146,77,69
2021-03-03 11:00:00,195,110,85
2021-03-03 12:00:00,297,144,153
2021-03-03 13:00:00,251,115,136
2021-03-03 14:00:00,275,144,131
2021-03-03 15:00:00,361,199,162
2021-03-03 16:00:00,436,240,196
2021-03-03 17:00:00,704,386,318
2021-03-03 18:00:00,402,139,263
2021-03-03 19:00:00,58,20,38
2021-03-03 20:00:00,19,9,10
2021-03-03 21:00:00,10,4,6
2021-03-03 22:00:00,7,3,4
2021-03-03 23:00:00,4,2,2
2021-03-04 00:00:00,2,1,1
2021-03-04 01:00:00,0,0,0
2021-03-04 02:00:00,0,0,0
2021-03-04 03:00:00,1,1,0
2021-03-04 04:00:00,2,1,1
2021-03-04 05:00:00,12,9,3
2021-03-04 06:00:00,47,25,22
2021-03-04 07:00:00,125,66,59
2021-03-04 08:00:00,141,67,74
2021-03-04 09:00:00,121,63,58
2021-03-04 10:00:00,91,49,42
2021-03-04 11:00:00,145,79,66
2021-03-04 12:00:00,223,113,110
2021-03-04 13:00:00,99,40,59
2021-03-04 14:00:00,48,17,31
2021-03-04 15:00:00,39,20,19
2021-03-04 16:00:00,47,28,19
2021-03-04 17:00:00,101,48,53
2021-03-04 18:00:00,55,24,31
2021-03-04 19:00:00,17,10,7
2021-03-04 20:00:00,8,3,5
2021-03-04 21:00:00,7,3,4
2021-03-04 22:00:00,4,1,3
2021-03-04 23:00:00,4,2,2
2021-03-05 00:00:00,5,1,4
2021-03-05 01:00:00,3,3,0
2021-03-05 02:00:00,3,1,2
2021-03-05 03:00:00,0,0,0
2021-03-05 04:00:00,2,1,1
2021-03-05 05:00:00,4,4,0
2021-03-05 06:00:00,33,17,16
2021-03-05 07:00:00,75,39,36
2021-03-05 08:00:00,106,55,51
2021-03-05 09:00:00,62,31,31
2021-03-05 10:00:00,49,25,24
2021-03-05 11:00:00,35,15,20
2021-03-05 12:00:00,68,37,31
2021-03-05 13:00:00,76,35,41
2021-03-05 14:00:00,122,62,60
2021-03-05 15:00:00,117,56,61
2021-03-05 16:00:00,150,80,70
2021-03-05 17:00:00,233,120,113
2021-03-05 18:00:00,152,57,95
2021-03-05 19:00:00,27,10,17
2021-03-05 20:00:00,17,7,10
2021-03-05 21:00:00,14,7,7
2021-03-05 22:00:00,13,6,7
2021-03-05 23:00:00,7,4,3
2021-03-06 00:00:00,2,0,2
2021-03-06 01:00:00,0,0,0
2021-03-06 02:00:00,2,1,1
2021-03-06 03:00:00,0,0,0
2021-03-06 04:00:00,2,1,1
2021-03-06 05:00:00,2,2,0
2021-03-06 06:00:00,27,20,7
2021-03-06 07:00:00,70,40,30
2021-03-06 08:00:00,175,95,80
2021-03-06 09:00:00,181,86,95
2021-03-06 10:00:00,270,158,112
2021-03-06 11:00:00,315,135,180
2021-03-06 12:00:00,317,175,142
2021-03-06 13:00:00,278,142,136
2021-03-06 14:00:00,375,173,202
2021-03-06 15:00:00,201,98,103
2021-03-06 16:00:00,223,129,94
2021-03-06 17:00:00,254,109,145
2021-03-06 18:00:00,115,37,78
2021-03-06 19:00:00,18,7,11
2021-03-06 20:00:00,17,8,9
2021-03-06 21:00:00,6,4,2
2021-03-06 22:00:00,5,2,3
2021-03-06 23:00:00,4,3,1
2021-03-07 00:00:00,3,1,2
2021-03-07 01:00:00,2,1,1
2021-03-07 02:00:00,0,0,0
2021-03-07 03:00:00,0,0,0
2021-03-07 04:00:00,0,0,0
2021-03-07 05:00:00,1,1,0
2021-03-07 06:00:00,13,8,5
2021-03-07 07:00:00,53,30,23
2021-03-07 08:00:00,125,81,44
2021-03-07 09:00:00,120,53,67
2021-03-07 10:00:00,143,82,61
2021-03-07 11:00:00,221,104,117
2021-03-07 12:00:00,88,52,36
2021-03-07 13:00:00,159,83,76
2021-03-07 14:00:00,232,124,108
2021-03-07 15:00:00,222,96,126
2021-03-07 16:00:00,123,65,58
2021-03-07 17:00:00,113,60,53
2021-03-07 18:00:00,60,19,41
2021-03-07 19:00:00,19,10,9
2021-03-07 20:00:00,4,3,1
2021-03-07 21:00:00,10,5,5
2021-03-07 22:00:00,6,4,2
2021-03-07 23:00:00,0,0,0
2021-03-08 00:00:00,0,0,0
2021-03-08 01:00:00,3,1,2
2021-03-08 02:00:00,0,0,0
2021-03-08 03:00:00,0,0,0
2021-03-08 04:00:00,2,1,1
2021-03-08 05:00:00,8,6,2
2021-03-08 06:00:00,35,21,14
2021-03-08 07:00:00,125,71,54
2021-03-08 08:00:00,148,72,76
2021-03-08 09:00:00,122,61,61
2021-03-08 10:00:00,142,81,61
2021-03-08 11:00:00,181,77,104
2021-03-08 12:00:00,234,124,110
2021-03-08 13:00:00,234,113,121
2021-03-08 14:00:00,173,94,79
2021-03-08 15:00:00,240,123,117
2021-03-08 16:00:00,231,106,125
2021-03-08 17:00:00,362,201,161
2021-03-08 18:00:00,266,112,154
2021-03-08 19:00:00,59,22,37
2021-03-08 20:00:00,19,14,5
2021-03-08 21:00:00,7,3,4
2021-03-08 22:00:00,2,1,1
2021-03-08 23:00:00,0,0,0
2021-03-09 00:00:00,2,0,2
2021-03-09 01:00:00,2,2,0
2021-03-09 02:00:00,1,1,0
2021-03-09 03:00:00,2,1,1
2021-03-09 04:00:00,2,0,2
2021-03-09 05:00:00,11,7,4
2021-03-09 06:00:00,57,36,21
2021-03-09 07:00:00,118,57,61
2021-03-09 08:00:00,136,72,64
2021-03-09 09:00:00,76,35,41
2021-03-09 10:00:00,75,35,40
2021-03-09 11:00:00,131,68,63
2021-03-09 12:00:00,169,82,87
2021-03-09 13:00:00,190,97,93
2021-03-09 14:00:00,168,76,92
2021-03-09 15:00:00,194,102,92
2021-03-09 16:00:00,266,145,121
2021-03-09 17:00:00,454,260,194
2021-03-09 18:00:00,383,155,228
2021-03-09 19:00:00,64,22,42
2021-03-09 20:00:00,17,7,10
2021-03-09 21:00:00,13,7,6
2021-03-09 22:00:00,11,7,4
2021-03-09 23:00:00,8,4,4
2021-03-10 00:00:00,4,1,3
2021-03-10 01:00:00,2,2,0
2021-03-10 02:00:00,0,0,0
2021-03-10 03:00:00,1,1,0
2021-03-10 04:00:00,1,0,1
2021-03-10 05:00:00,7,7,0
2021-03-10 06:00:00,68,41,27
2021-03-10 07:00:00,94,46,48
2021-03-10 08:00:00,122,73,49
2021-03-10 09:00:00,120,60,60
2021-03-10 10:00:00,116,58,58
2021-03-10 11:00:00,184,107,77
2021-03-10 12:00:00,334,178,156
2021-03-10 13:00:00,228,126,102
2021-03-10 14:00:00,252,135,117
2021-03-10 15:00:00,363,197,166
2021-03-10 16:00:00,405,216,189
2021-03-10 17:00:00,563,331,232
2021-03-10 18:00:00,410,159,251
2021-03-10 19:00:00,46,14,32
2021-03-10 20:00:00,9,5,4
2021-03-10 21:00:00,5,2,3
2021-03-10 22:00:00,12,6,6
2021-03-10 23:00:00,2,1,1
2021-03-11 00:00:00,3,2,1
2021-03-11 01:00:00,2,1,1
2021-03-11 02:00:00,0,0,0
2021-03-11 03:00:00,1,1,0
2021-03-11 04:00:00,1,0,1
2021-03-11 05:00:00,8,5,3
2021-03-11 06:00:00,73,39,34
2021-03-11 07:00:00,138,73,65
2021-03-11 08:00:00,158,78,80
2021-03-11 09:00:00,105,52,53
2021-03-11 10:00:00,146,80,66
2021-03-11 11:00:00,182,102,80
2021-03-11 12:00:00,286,146,140
2021-03-11 13:00:00,205,102,103
2021-03-11 14:00:00,262,142,120
2021-03-11 15:00:00,297,172,125
2021-03-11 16:00:00,357,175,182
2021-03-11 17:00:00,549,305,244
2021-03-11 18:00:00,425,157,268
2021-03-11 19:00:00,76,26,50
2021-03-11 20:00:00,11,4,7
2021-03-11 21:00:00,8,5,3
2021-03-11 22:00:00,3,0,3
2021-03-11 23:00:00,3,1,2
2021-03-12 00:00:00,2,0,2
2021-03-12 01:00:00,0,0,0
2021-03-12 02:00:00,1,1,0
2021-03-12 03:00:00,2,2,0
2021-03-12 04:00:00,3,2,1
2021-03-12 05:00:00,10,5,5
2021-03-12 06:00:00,55,33,22
2021-03-12 07:00:00,136,77,59
2021-03-12 08:00:00,152,76,76
2021-03-12 09:00:00,123,64,59
2021-03-12 10:00:00,138,72,66
2021-03-12 11:00:00,159,75,84
2021-03-12 12:00:00,224,108,116
2021-03-12 13:00:00,243,138,105
2021-03-12 14:00:00,253,144,109
2021-03-12 15:00:00,286,150,136
2021-03-12 16:00:00,396,213,183
2021-03-12 17:00:00,582,326,256
2021-03-12 18:00:00,415,147,268
2021-03-12 19:00:00,63,16,47
2021-03-12 20:00:00,17,10,7
2021-03-12 21:00:00,14,8,6
2021-03-12 22:00:00,2,1,1
2021-03-12 23:00:00,5,3,2
2021-03-13 00:00:00,2,1,1
2021-03-13 01:00:00,2,0,2
2021-03-13 02:00:00,0,0,0
2021-03-13 03:00:00,1,1,0
2021-03-13 04:00:00,1,1,0
2021-03-13 05:00:00,3,1,2
2021-03-13 06:00:00,35,26,9
2021-03-13 07:00:00,76,39,37
2021-03-13 08:00:00,162,88,74
2021-03-13 09:00:00,168,89,79
2021-03-13 10:00:00,270,162,108
2021-03-13 11:00:00,313,146,167
2021-03-13 12:00:00,358,175,183
2021-03-13 13:00:00,403,221,182
2021-03-13 14:00:00,467,255,212
2021-03-13 15:00:00,468,249,219
2021-03-13 16:00:00,464,243,221
2021-03-13 17:00:00,409,215,194
2021-03-13 18:00:00,221,80,141
2021-03-13 19:00:00,43,14,29
2021-03-13 20:00:00,17,10,7
2021-03-13 21:00:00,5,3,2
2021-03-13 22:00:00,5,2,3
2021-03-13 23:00:00,6,3,3
2021-03-14 00:00:00,3,0,3
2021-03-14 01:00:00,1,0,1
2021-03-14 02:00:00,0,0,0
2021-03-14 03:00:00,0,0,0
2021-03-14 04:00:00,0,0,0
2021-03-14 05:00:00,4,3,1
2021-03-14 06:00:00,8,4,4
2021-03-14 07:00:00,26,17,9
2021-03-14 08:00:00,92,53,39
2021-03-14 09:00:00,142,76,66
2021-03-14 10:00:00,151,64,87
2021-03-14 11:00:00,112,67,45
2021-03-14 12:00:00,86,40,46
2021-03-14 13:00:00,69,32,37
2021-03-14 14:00:00,67,33,34
2021-03-14 15:00:00,48,27,21
2021-03-14 16:00:00,114,62,52
2021-03-14 17:00:00,71,34,37
2021-03-14 18:00:00,60,24,36
2021-03-14 19:00:00,38,16,22
2021-03-14 20:00:00,11,7,4
2021-03-14 21:00:00,11,8,3
2021-03-14 22:00:00,4,1,3
2021-03-14 23:00:00,5,4,1
2021-03-15 00:00:00,3,0,3
2021-03-15 01:00:00,4,3,1
2021-03-15 02:00:00,0,0,0
2021-03-15 03:00:00,1,1,0
2021-03-15 04:00:00,1,0,1
2021-03-15 05:00:00,6,3,3
2021-03-15 06:00:00,30,20,10
2021-03-15 07:00:00,61,28,33
2021-03-15 08:00:00,98,53,45
2021-03-15 09:00:00,88,43,45
2021-03-15 10:00:00,77,39,38
2021-03-15 11:00:00,111,57,54
2021-03-15 12:00:00,190,94,96
2021-03-15 13:00:00,171,86,85
2021-03-15 14:00:00,209,110,99
2021-03-15 15:00:00,254,125,129
2021-03-15 16:00:00,252,130,122
2021-03-15 17:00:00,381,205,176
2021-03-15 18:00:00,481,249,232
2021-03-15 19:00:00,249,82,167
2021-03-15 20:00:00,49,20,29
2021-03-15 21:00:00,11,4,7
2021-03-15 22:00:00,5,3,2
2021-03-15 23:00:00,0,0,0
2021-03-16 00:00:00,0,0,0
2021-03-16 01:00:00,3,1,2
2021-03-16 02:00:00,0,0,0
2021-03-16 03:00:00,1,1,0
2021-03-16 04:00:00,2,0,2
2021-03-16 05:00:00,9,6,3
2021-03-16 06:00:00,33,17,16
2021-03-16 07:00:00,89,52,37
2021-03-16 08:00:00,114,57,57
2021-03-16 09:00:00,98,53,45
2021-03-16 10:00:00,130,63,67
2021-03-16 11:00:00,135,74,61
2021-03-16 12:00:00,206,97,109
2021-03-16 13:00:00,194,103,91
2021-03-16 14:00:00,187,96,91
2021-03-16 15:00:00,227,111,116
2021-03-16 16:00:00,280,159,121
2021-03-16 17:00:00,465,277,188
2021-03-16 18:00:00,588,305,283
2021-03-16 19:00:00,416,169,247
2021-03-16 20:00:00,45,17,28
2021-03-16 21:00:00,18,6,12
2021-03-16 22:00:00,4,3,1
2021-03-16 23:00:00,1,0,1
2021-03-17 00:00:00,1,0,1
2021-03-17 01:00:00,5,3,2
2021-03-17 02:00:00,1,0,1
2021-03-17 03:00:00,2,2,0
2021-03-17 04:00:00,4,2,2
2021-03-17 05:00:00,6,4,2
2021-03-17 06:00:00,34,19,15
2021-03-17 07:00:00,81,46,35
2021-03-17 08:00:00,121,66,55
2021-03-17 09:00:00,93,45,48
2021-03-17 10:00:00,118,63,55
2021-03-17 11:00:00,142,77,65
2021-03-17 12:00:00,215,107,108
2021-03-17 13:00:00,155,81,74
2021-03-17 14:00:00,200,112,88
2021-03-17 15:00:00,227,119,108
2021-03-17 16:00:00,283,145,138
2021-03-17 17:00:00,446,262,184
2021-03-17 18:00:00,476,248,228
2021-03-17 19:00:00,306,103,203
2021-03-17 20:00:00,56,18,38
2021-03-17 21:00:00,18,8,10
2021-03-17 22:00:00,8,4,4
2021-03-17 23:00:00,10,8,2
2021-03-18 00:00:00,9,2,7
2021-03-18 01:00:00,0,0,0
2021-03-18 02:00:00,0,0,0
2021-03-18 03:00:00,1,1,0
2021-03-18 04:00:00,3,1,2
2021-03-18 05:00:00,3,3,0
2021-03-18 06:00:00,34,18,16
2021-03-18 07:00:00,85,49,36
2021-03-18 08:00:00,127,72,55
2021-03-18 09:00:00,92,43,49
2021-03-18 10:00:00,75,34,41
2021-03-18 11:00:00,63,27,36
2021-03-18 12:00:00,89,42,47
2021-03-18 13:00:00,95,53,42
2021-03-18 14:00:00,100,45,55
2021-03-18 15:00:00,97,48,49
2021-03-18 16:00:00,62,27,35
2021-03-18 17:00:00,50,25,25
2021-03-18 18:00:00,79,43,36
2021-03-18 19:00:00,61,22,39
2021-03-18 20:00:00,12,6,6
2021-03-18 21:00:00,7,4,3
2021-03-18 22:00:00,6,2,4
2021-03-18 23:00:00,5,3,2
2021-03-19 00:00:00,2,1,1
2021-03-19 01:00:00,0,0,0
2021-03-19 02:00:00,0,0,0
2021-03-19 03:00:00,0,0,0
2021-03-19 04:00:00,0,0,0
2021-03-19 05:00:00,4,3,1
2021-03-19 06:00:00,22,11,11
2021-03-19 07:00:00,58,38,20
2021-03-19 08:00:00,103,48,55
2021-03-19 09:00:00,93,49,44
2021-03-19 10:00:00,100,50,50
2021-03-19 11:00:00,162,80,82
2021-03-19 12:00:00,162,78,84
2021-03-19 13:00:00,155,78,77
2021-03-19 14:00:00,141,63,78
2021-03-19 15:00:00,153,77,76
2021-03-19 16:00:00,175,100,75
2021-03-19 17:00:00,193,88,105
2021-03-19 18:00:00,94,46,48
2021-03-19 19:00:00,81,37,44
2021-03-19 20:00:00,16,3,13
2021-03-19 21:00:00,4,4,0
2021-03-19 22:00:00,8,3,5
2021-03-19 23:00:00,1,0,1
2021-03-20 00:00:00,0,0,0
2021-03-20 01:00:00,0,0,0
2021-03-20 02:00:00,1,1,0
2021-03-20 03:00:00,4,3,1
2021-03-20 04:00:00,0,0,0
2021-03-20 05:00:00,0,0,0
2021-03-20 06:00:00,5,3,2
2021-03-20 07:00:00,23,11,12
2021-03-20 08:00:00,91,51,40
2021-03-20 09:00:00,138,72,66
2021-03-20 10:00:00,156,76,80
2021-03-20 11:00:00,186,96,90
2021-03-20 12:00:00,217,117,100
2021-03-20 13:00:00,263,112,151
2021-03-20 14:00:00,245,133,112
2021-03-20 15:00:00,280,143,137
2021-03-20 16:00:00,319,162,157
2021-03-20 17:00:00,116,29,87
2021-03-20 18:00:00,64,36,28
2021-03-20 19:00:00,27,11,16
2021-03-20 20:00:00,10,5,5
2021-03-20 21:00:00,7,4,3
2021-03-20 22:00:00,3,0,3
2021-03-20 23:00:00,3,1,2
2021-03-21 00:00:00,0,0,0
2021-03-21 01:00:00,0,0,0
2021-03-21 02:00:00,1,1,0
2021-03-21 03:00:00,1,1,0
2021-03-21 04:00:00,0,0,0
2021-03-21 05:00:00,3,2,1
2021-03-21 06:00:00,17,10,7
2021-03-21 07:00:00,49,30,19
2021-03-21 08:00:00,108,63,45
2021-03-21 09:00:00,173,86,87
2021-03-21 10:00:00,156,80,76
2021-03-21 11:00:00,102,41,61
2021-03-21 12:00:00,78,45,33
2021-03-21 13:00:00,128,60,68
2021-03-21 14:00:00,129,64,65
2021-03-21 15:00:00,161,74,87
2021-03-21 16:00:00,90,36,54
2021-03-21 17:00:00,79,40,39
2021-03-21 18:00:00,65,35,30
2021-03-21 19:00:00,43,21,22
2021-03-21 20:00:00,7,3,4
2021-03-21 21:00:00,9,3,6
2021-03-21 22:00:00,3,2,1
2021-03-21 23:00:00,3,2,1
2021-03-22 00:00:00,1,0,1
2021-03-22 01:00:00,0,0,0
2021-03-22 02:00:00,0,0,0
2021-03-22 03:00:00,3,1,2
2021-03-22 04:00:00,1,0,1
2021-03-22 05:00:00,6,4,2
2021-03-22 06:00:00,22,10,12
2021-03-22 07:00:00,57,34,23
2021-03-22 08:00:00,77,42,35
2021-03-22 09:00:00,68,35,33
2021-03-22 10:00:00,80,36,44
2021-03-22 11:00:00,123,64,59
2021-03-22 12:00:00,215,111,104
2021-03-22 13:00:00,205,93,112
2021-03-22 14:00:00,92,45,47
2021-03-22 15:00:00,86,49,37
2021-03-22 16:00:00,259,167,92
2021-03-22 17:00:00,496,272,224
2021-03-22 18:00:00,551,284,267
2021-03-22 19:00:00,348,131,217
2021-03-22 20:00:00,56,11,45
2021-03-22 21:00:00,19,10,9
2021-03-22 22:00:00,10,5,5
2021-03-22 23:00:00,2,1,1
2021-03-23 00:00:00,3,0,3
2021-03-23 01:00:00,1,0,1
2021-03-23 02:00:00,1,1,0
2021-03-23 03:00:00,2,1,1
2021-03-23 04:00:00,2,1,1
2021-03-23 05:00:00,6,6,0
2021-03-23 06:00:00,41,25,16
2021-03-23 07:00:00,86,50,36
2021-03-23 08:00:00,144,72,72
2021-03-23 09:00:00,80,38,42
2021-03-23 10:00:00,104,60,44
2021-03-23 11:00:00,146,79,67
2021-03-23 12:00:00,229,104,125
2021-03-23 13:00:00,193,100,93
2021-03-23 14:00:00,230,122,108
2021-03-23 15:00:00,273,138,135
2021-03-23 16:00:00,311,177,134
2021-03-23 17:00:00,465,267,198
2021-03-23 18:00:00,460,231,229
2021-03-23 19:00:00,263,94,169
2021-03-23 20:00:00,51,21,30
2021-03-23 21:00:00,13,3,10
2021-03-23 22:00:00,5,2,3
2021-03-23 23:00:00,4,2,2
2021-03-24 00:00:00,3,1,2
2021-03-24 01:00:00,0,0,0
2021-03-24 02:00:00,0,0,0
2021-03-24 03:00:00,2,2,0
2021-03-24 04:00:00,2,1,1
2021-03-24 05:00:00,9,4,5
2021-03-24 06:00:00,33,19,14
2021-03-24 07:00:00,90,46,44
2021-03-24 08:00:00,106,50,56
2021-03-24 09:00:00,86,39,47
2021-03-24 10:00:00,67,37,30
2021-03-24 11:00:00,104,57,47
2021-03-24 12:00:00,143,65,78
2021-03-24 13:00:00,127,74,53
2021-03-24 14:00:00,96,49,47
2021-03-24 15:00:00,99,52,47
2021-03-24 16:00:00,54,17,37
2021-03-24 17:00:00,42,22,20
2021-03-24 18:00:00,53,27,26
2021-03-24 19:00:00,80,46,34
2021-03-24 20:00:00,23,11,12
2021-03-24 21:00:00,7,3,4
2021-03-24 22:00:00,5,3,2
2021-03-24 23:00:00,0,0,0
2021-03-25 00:00:00,2,0,2
2021-03-25 01:00:00,0,0,0
2021-03-25 02:00:00,0,0,0
2021-03-25 03:00:00,1,1,0
2021-03-25 04:00:00,1,0,1
2021-03-25 05:00:00,4,4,0
2021-03-25 06:00:00,27,15,12
2021-03-25 07:00:00,54,28,26
2021-03-25 08:00:00,118,63,55
2021-03-25 09:00:00,103,51,52
2021-03-25 10:00:00,74,30,44
2021-03-25 11:00:00,83,44,39
2021-03-25 12:00:00,170,86,84
2021-03-25 13:00:00,156,80,76
2021-03-25 14:00:00,183,102,81
2021-03-25 15:00:00,251,135,116
2021-03-25 16:00:00,318,168,150
2021-03-25 17:00:00,466,258,208
2021-03-25 18:00:00,494,245,249
2021-03-25 19:00:00,367,137,230
2021-03-25 20:00:00,90,25,65
2021-03-25 21:00:00,12,6,6
2021-03-25 22:00:00,12,4,8
2021-03-25 23:00:00,2,0,2
2021-03-26 00:00:00,2,1,1
2021-03-26 01:00:00,2,2,0
2021-03-26 02:00:00,3,2,1
2021-03-26 03:00:00,1,1,0
2021-03-26 04:00:00,3,1,2
2021-03-26 05:00:00,9,5,4
2021-03-26 06:00:00,31,18,13
2021-03-26 07:00:00,94,51,43
2021-03-26 08:00:00,121,61,60
2021-03-26 09:00:00,86,46,40
2021-03-26 10:00:00,135,73,62
2021-03-26 11:00:00,108,45,63
2021-03-26 12:00:00,149,69,80
2021-03-26 13:00:00,121,60,61
2021-03-26 14:00:00,139,71,68
2021-03-26 15:00:00,155,82,73
2021-03-26 16:00:00,156,72,84
2021-03-26 17:00:00,307,180,127
2021-03-26 18:00:00,318,140,178
2021-03-26 19:00:00,211,82,129
2021-03-26 20:00:00,45,13,32
2021-03-26 21:00:00,18,8,10
2021-03-26 22:00:00,19,5,14
2021-03-26 23:00:00,1,1,0
2021-03-27 00:00:00,1,1,0
2021-03-27 01:00:00,2,1,1
2021-03-27 02:00:00,0,0,0
2021-03-27 03:00:00,0,0,0
2021-03-27 04:00:00,1,1,0
2021-03-27 05:00:00,3,3,0
2021-03-27 06:00:00,19,10,9
2021-03-27 07:00:00,58,39,19
2021-03-27 08:00:00,139,80,59
2021-03-27 09:00:00,163,83,80
2021-03-27 10:00:00,232,112,120
2021-03-27 11:00:00,260,126,134
2021-03-27 12:00:00,235,99,136
2021-03-27 13:00:00,241,125,116
2021-03-27 14:00:00,336,170,166
2021-03-27 15:00:00,288,131,157
2021-03-27 16:00:00,331,146,185
2021-03-27 17:00:00,298,130,168
2021-03-27 18:00:00,262,127,135
2021-03-27 19:00:00,170,54,116
2021-03-27 20:00:00,46,14,32
2021-03-27 21:00:00,18,8,10
2021-03-27 22:00:00,4,2,2
2021-03-27 23:00:00,4,1,3
2021-03-28 00:00:00,3,0,3
2021-03-28 01:00:00,0,0,0
2021-03-28 02:00:00,1,1,0
2021-03-28 03:00:00,1,1,0
2021-03-28 04:00:00,1,1,0
2021-03-28 05:00:00,1,1,0
2021-03-28 06:00:00,16,7,9
2021-03-28 07:00:00,32,19,13
2021-03-28 08:00:00,113,66,47
2021-03-28 09:00:00,123,66,57
2021-03-28 10:00:00,129,55,74
2021-03-28 11:00:00,68,29,39
2021-03-28 12:00:00,55,30,25
2021-03-28 13:00:00,16,5,11
2021-03-28 14:00:00,15,6,9
2021-03-28 15:00:00,30,20,10
2021-03-28 16:00:00,128,65,63
2021-03-28 17:00:00,175,98,77
2021-03-28 18:00:00,174,84,90
2021-03-28 19:00:00,176,80,96
2021-03-28 20:00:00,37,9,28
2021-03-28 21:00:00,5,3,2
2021-03-28 22:00:00,6,2,4
2021-03-28 23:00:00,1,0,1
2021-03-29 00:00:00,1,0,1
2021-03-29 01:00:00,0,0,0
2021-03-29 02:00:00,0,0,0
2021-03-29 03:00:00,1,1,0
2021-03-29 04:00:00,3,1,2
2021-03-29 05:00:00,5,2,3
2021-03-29 06:00:00,35,21,14
2021-03-29 07:00:00,95,51,44
2021-03-29 08:00:00,102,49,53
2021-03-29 09:00:00,107,56,51
2021-03-29 10:00:00,140,74,66
2021-03-29 11:00:00,180,93,87
2021-03-29 12:00:00,233,120,113
2021-03-29 13:00:00,189,76,113
2021-03-29 14:00:00,181,90,91
2021-03-29 15:00:00,185,96,89
2021-03-29 16:00:00,253,141,112
2021-03-29 17:00:00,397,225,172
2021-03-29 18:00:00,429,206,223
2021-03-29 19:00:00,291,125,166
2021-03-29 20:00:00,57,16,41
2021-03-29 21:00:00,9,5,4
2021-03-29 22:00:00,11,4,7
2021-03-29 23:00:00,3,2,1
2021-03-30 00:00:00,0,0,0
2021-03-30 01:00:00,0,0,0
2021-03-30 02:00:00,4,1,3
2021-03-30 03:00:00,2,2,0
2021-03-30 04:00:00,1,0,1
2021-03-30 05:00:00,7,6,1
2021-03-30 06:00:00,53,29,24
2021-03-30 07:00:00,86,44,42
2021-03-30 08:00:00,118,54,64
2021-03-30 09:00:00,98,57,41
2021-03-30 10:00:00,143,67,76
2021-03-30 11:00:00,142,80,62
2021-03-30 12:00:00,261,126,135
2021-03-30 13:00:00,215,119,96
2021-03-30 14:00:00,201,104,97
2021-03-30 15:00:00,253,132,121
2021-03-30 16:00:00,298,135,163
2021-03-30 17:00:00,428,251,177
2021-03-30 18:00:00,547,296,251
2021-03-30 19:00:00,391,144,247
2021-03-30 20:00:00,95,32,63
2021-03-30 21:00:00,10,1,9
2021-03-30 22:00:00,9,6,3
2021-03-30 23:00:00,2,0,2
2021-03-31 00:00:00,1,0,1
2021-03-31 01:00:00,1,0,1
2021-03-31 02:00:00,1,1,0
2021-03-31 03:00:00,2,1,1
2021-03-31 04:00:00,2,1,1
2021-03-31 05:00:00,15,13,2
2021-03-31 06:00:00,65,33,32
2021-03-31 07:00:00,103,56,47
2021-03-31 08:00:00,123,64,59
2021-03-31 09:00:00,102,48,54
2021-03-31 10:00:00,128,68,60
2021-03-31 11:00:00,225,118,107
2021-03-31 12:00:00,232,113,119
2021-03-31 13:00:00,208,107,101
2021-03-31 14:00:00,215,105,110
2021-03-31 15:00:00,254,132,122
2021-03-31 16:00:00,341,190,151
2021-03-31 17:00:00,395,220,175
2021-03-31 18:00:00,516,264,252
2021-03-31 19:00:00,396,147,249
2021-03-31 20:00:00,78,27,51
2021-03-31 21:00:00,25,14,11
2021-03-31 22:00:00,3,2,1
2021-03-31 23:00:00,2,1,1
2021-04-01 00:00:00,2,2,0
2021-04-01 01:00:00,2,1,1
2021-04-01 02:00:00,0,0,0
2021-04-01 03:00:00,2,2,0
2021-04-01 04:00:00,1,0,1
2021-04-01 05:00:00,12,9,3
2021-04-01 06:00:00,49,30,19
2021-04-01 07:00:00,90,47,43
2021-04-01 08:00:00,112,59,53
2021-04-01 09:00:00,106,52,54
2021-04-01 10:00:00,109,58,51
2021-04-01 11:00:00,114,52,62
2021-04-01 12:00:00,187,95,92
2021-04-01 13:00:00,133,75,58
2021-04-01 14:00:00,155,79,76
2021-04-01 15:00:00,209,96,113
2021-04-01 16:00:00,199,84,115
2021-04-01 17:00:00,313,170,143
2021-04-01 18:00:00,339,161,178
2021-04-01 19:00:00,316,138,178
2021-04-01 20:00:00,87,23,64
2021-04-01 21:00:00,19,9,10
2021-04-01 22:00:00,5,0,5
2021-04-01 23:00:00,9,4,5
2021-04-02 00:00:00,2,2,0
2021-04-02 01:00:00,0,0,0
2021-04-02 02:00:00,0,0,0
2021-04-02 03:00:00,1,0,1
2021-04-02 04:00:00,2,1,1
2021-04-02 05:00:00,8,6,2
2021-04-02 06:00:00,49,29,20
2021-04-02 07:00:00,113,60,53
2021-04-02 08:00:00,121,51,70
2021-04-02 09:00:00,80,47,33
2021-04-02 10:00:00,129,64,65
2021-04-02 11:00:00,122,62,60
2021-04-02 12:00:00,201,110,91
2021-04-02 13:00:00,165,63,102
2021-04-02 14:00:00,165,89,76
2021-04-02 15:00:00,198,100,98
2021-04-02 16:00:00,278,144,134
2021-04-02 17:00:00,297,147,150
2021-04-02 18:00:00,388,186,202
2021-04-02 19:00:00,255,95,160
2021-04-02 20:00:00,66,20,46
2021-04-02 21:00:00,19,5,14
2021-04-02 22:00:00,13,4,9
2021-04-02 23:00:00,11,3,8
2021-04-03 00:00:00,0,0,0
2021-04-03 01:00:00,3,3,0
2021-04-03 02:00:00,0,0,0
2021-04-03 03:00:00,1,1,0
2021-04-03 04:00:00,1,1,0
2021-04-03 05:00:00,2,2,0
2021-04-03 06:00:00,30,13,17
2021-04-03 07:00:00,55,28,27
2021-04-03 08:00:00,131,69,62
2021-04-03 09:00:00,175,99,76
2021-04-03 10:00:00,244,125,119
2021-04-03 11:00:00,287,137,150
2021-04-03 12:00:00,226,106,120
2021-04-03 13:00:00,193,86,107
2021-04-03 14:00:00,287,138,149
2021-04-03 15:00:00,260,112,148
2021-04-03 16:00:00,241,123,118
2021-04-03 17:00:00,224,89,135
2021-04-03 18:00:00,189,85,104
2021-04-03 19:00:00,132,54,78
2021-04-03 20:00:00,35,13,22
2021-04-03 21:00:00,7,2,5
2021-04-03 22:00:00,14,10,4
2021-04-03 23:00:00,8,4,4
2021-04-04 00:00:00,2,2,0
2021-04-04 01:00:00,5,3,2
2021-04-04 02:00:00,1,1,0
2021-04-04 03:00:00,1,0,1
2021-04-04 04:00:00,0,0,0
2021-04-04 05:00:00,2,2,0
2021-04-04 06:00:00,7,4,3
2021-04-04 07:00:00,40,25,15
2021-04-04 08:00:00,117,74,43
2021-04-04 09:00:00,145,70,75
2021-04-04 10:00:00,148,73,75
2021-04-04 11:00:00,182,91,91
2021-04-04 12:00:00,190,90,100
2021-04-04 13:00:00,190,96,94
2021-04-04 14:00:00,193,92,101
2021-04-04 15:00:00,220,83,137
2021-04-04 16:00:00,85,47,38
2021-04-04 17:00:00,168,88,80
2021-04-04 18:00:00,218,117,101
2021-04-04 19:00:00,311,141,170
2021-04-04 20:00:00,67,17,50
2021-04-04 21:00:00,8,3,5
2021-04-04 22:00:00,4,1,3
2021-04-04 23:00:00,4,1,3
2021-04-05 00:00:00,8,8,0
2021-04-05 01:00:00,0,0,0
2021-04-05 02:00:00,2,1,1
2021-04-05 03:00:00,1,1,0
2021-04-05 04:00:00,1,0,1
2021-04-05 05:00:00,6,5,1
2021-04-05 06:00:00,41,21,20
2021-04-05 07:00:00,100,64,36
2021-04-05 08:00:00,144,77,67
2021-04-05 09:00:00,106,47,59
2021-04-05 10:00:00,96,40,56
2021-04-05 11:00:00,135,67,68
2021-04-05 12:00:00,234,118,116
2021-04-05 13:00:00,205,103,102
2021-04-05 14:00:00,231,113,118
2021-04-05 15:00:00,267,142,125
2021-04-05 16:00:00,329,194,135
2021-04-05 17:00:00,505,288,217
2021-04-05 18:00:00,553,264,289
2021-04-05 19:00:00,398,158,240
2021-04-05 20:00:00,105,25,80
2021-04-05 21:00:00,14,4,10
2021-04-05 22:00:00,8,6,2
2021-04-05 23:00:00,6,1,5
2021-04-06 00:00:00,2,1,1
2021-04-06 01:00:00,0,0,0
2021-04-06 02:00:00,0,0,0
2021-04-06 03:00:00,1,1,0
2021-04-06 04:00:00,5,2,3
2021-04-06 05:00:00,8,4,4
2021-04-06 06:00:00,72,41,31
2021-04-06 07:00:00,119,63,56
2021-04-06 08:00:00,162,84,78
2021-04-06 09:00:00,133,64,69
2021-04-06 10:00:00,112,57,55
2021-04-06 11:00:00,132,70,62
2021-04-06 12:00:00,237,118,119
2021-04-06 13:00:00,194,95,99
2021-04-06 14:00:00,217,122,95
2021-04-06 15:00:00,237,125,112
2021-04-06 16:00:00,319,174,145
2021-04-06 17:00:00,426,236,190
2021-04-06 18:00:00,488,239,249
2021-04-06 19:00:00,375,155,220
2021-04-06 20:00:00,125,37,88
2021-04-06 21:00:00,15,6,9
2021-04-06 22:00:00,10,6,4
2021-04-06 23:00:00,5,3,2
2021-04-07 00:00:00,3,2,1
2021-04-07 01:00:00,11,7,4
2021-04-07 02:00:00,1,1,0
2021-04-07 03:00:00,2,2,0
2021-04-07 04:00:00,5,1,4
2021-04-07 05:00:00,19,17,2
2021-04-07 06:00:00,69,41,28
2021-04-07 07:00:00,84,44,40
2021-04-07 08:00:00,100,56,44
2021-04-07 09:00:00,107,62,45
2021-04-07 10:00:00,64,32,32
2021-04-07 11:00:00,92,42,50
2021-04-07 12:00:00,118,61,57
2021-04-07 13:00:00,94,59,35
2021-04-07 14:00:00,100,53,47
2021-04-07 15:00:00,81,50,31
2021-04-07 16:00:00,121,70,51
2021-04-07 17:00:00,164,100,64
2021-04-07 18:00:00,211,114,97
2021-04-07 19:00:00,151,68,83
2021-04-07 20:00:00,71,32,39
2021-04-07 21:00:00,18,11,7
2021-04-07 22:00:00,7,7,0
2021-04-07 23:00:00,11,11,0
2021-04-08 00:00:00,30,30,0
2021-04-08 01:00:00,4,4,0
2021-04-08 02:00:00,2,1,1
2021-04-08 03:00:00,0,0,0
2021-04-08 04:00:00,3,1,2
2021-04-08 05:00:00,9,9,0
2021-04-08 06:00:00,48,31,17
2021-04-08 07:00:00,117,71,46
2021-04-08 08:00:00,156,78,78
2021-04-08 09:00:00,101,47,54
2021-04-08 10:00:00,123,64,59
2021-04-08 11:00:00,164,84,80
2021-04-08 12:00:00,219,108,111
2021-04-08 13:00:00,185,94,91
2021-04-08 14:00:00,207,102,105
2021-04-08 15:00:00,260,133,127
2021-04-08 16:00:00,300,169,131
2021-04-08 17:00:00,398,212,186
2021-04-08 18:00:00,409,197,212
2021-04-08 19:00:00,324,136,188
2021-04-08 20:00:00,83,29,54
2021-04-08 21:00:00,24,11,13
2021-04-08 22:00:00,12,6,6
2021-04-08 23:00:00,1,0,1
2021-04-09 00:00:00,7,7,0
2021-04-09 01:00:00,2,2,0
2021-04-09 02:00:00,1,0,1
2021-04-09 03:00:00,1,1,0
2021-04-09 04:00:00,3,2,1
2021-04-09 05:00:00,6,3,3
2021-04-09 06:00:00,45,31,14
2021-04-09 07:00:00,142,90,52
2021-04-09 08:00:00,144,71,73
2021-04-09 09:00:00,121,67,54
2021-04-09 10:00:00,114,61,53
2021-04-09 11:00:00,145,94,51
2021-04-09 12:00:00,142,80,62
2021-04-09 13:00:00,141,79,62
2021-04-09 14:00:00,136,85,51
2021-04-09 15:00:00,133,67,66
2021-04-09 16:00:00,120,65,55
2021-04-09 17:00:00,175,101,74
2021-04-09 18:00:00,182,100,82
2021-04-09 19:00:00,108,43,65
2021-04-09 20:00:00,48,32,16
2021-04-09 21:00:00,32,25,7
2021-04-09 22:00:00,46,44,2
2021-04-09 23:00:00,22,22,0
2021-04-10 00:00:00,21,20,1
2021-04-10 01:00:00,41,40,1
2021-04-10 02:00:00,0,0,0
2021-04-10 03:00:00,0,0,0
2021-04-10 04:00:00,1,1,0
2021-04-10 05:00:00,5,4,1
2021-04-10 06:00:00,16,9,7
2021-04-10 07:00:00,41,25,16
2021-04-10 08:00:00,123,68,55
2021-04-10 09:00:00,217,141,76
2021-04-10 10:00:00,279,164,115
2021-04-10 11:00:00,331,180,151
2021-04-10 12:00:00,416,273,143
2021-04-10 13:00:00,304,166,138
2021-04-10 14:00:00,324,173,151
2021-04-10 15:00:00,427,238,189
2021-04-10 16:00:00,385,184,201
2021-04-10 17:00:00,228,105,123
2021-04-10 18:00:00,167,94,73
2021-04-10 19:00:00,127,56,71
2021-04-10 20:00:00,45,20,25
2021-04-10 21:00:00,31,24,7
2021-04-10 22:00:00,12,7,5
2021-04-10 23:00:00,4,2,2
2021-04-11 00:00:00,3,2,1
2021-04-11 01:00:00,0,0,0
2021-04-11 02:00:00,1,0,1
2021-04-11 03:00:00,1,0,1
2021-04-11 04:00:00,1,1,0
2021-04-11 05:00:00,3,2,1
2021-04-11 06:00:00,16,11,5
2021-04-11 07:00:00,73,36,37
2021-04-11 08:00:00,121,79,42
2021-04-11 09:00:00,184,101,83
2021-04-11 10:00:00,288,153,135
2021-04-11 11:00:00,294,126,168
2021-04-11 12:00:00,336,161,175
2021-04-11 13:00:00,353,165,188
2021-04-11 14:00:00,354,190,164
2021-04-11 15:00:00,472,279,193
2021-04-11 16:00:00,388,212,176
2021-04-11 17:00:00,313,183,130
2021-04-11 18:00:00,369,199,170
2021-04-11 19:00:00,297,143,154
2021-04-11 20:00:00,88,34,54
2021-04-11 21:00:00,12,2,10
2021-04-11 22:00:00,10,7,3
2021-04-11 23:00:00,5,2,3
2021-04-12 00:00:00,0,0,0
2021-04-12 01:00:00,1,1,0
2021-04-12 02:00:00,3,0,3
2021-04-12 03:00:00,0,0,0
2021-04-12 04:00:00,2,1,1
2021-04-12 05:00:00,6,3,3
2021-04-12 06:00:00,35,20,15
2021-04-12 07:00:00,88,47,41
2021-04-12 08:00:00,102,53,49
2021-04-12 09:00:00,122,66,56
2021-04-12 10:00:00,99,52,47
2021-04-12 11:00:00,173,90,83
2021-04-12 12:00:00,212,110,102
2021-04-12 13:00:00,181,96,85
2021-04-12 14:00:00,171,87,84
2021-04-12 15:00:00,233,125,108
2021-04-12 16:00:00,327,198,129
2021-04-12 17:00:00,415,231,184
2021-04-12 18:00:00,443,249,194
2021-04-12 19:00:00,422,222,200
2021-04-12 20:00:00,145,60,85
2021-04-12 21:00:00,188,177,11
2021-04-12 22:00:00,11,5,6
2021-04-12 23:00:00,1,1,0
2021-04-13 00:00:00,1,0,1
2021-04-13 01:00:00,0,0,0
2021-04-13 02:00:00,0,0,0
2021-04-13 03:00:00,1,1,0
2021-04-13 04:00:00,1,0,1
2021-04-13 05:00:00,4,3,1
2021-04-13 06:00:00,58,32,26
2021-04-13 07:00:00,115,61,54
2021-04-13 08:00:00,152,79,73
2021-04-13 09:00:00,178,98,80
2021-04-13 10:00:00,178,102,76
2021-04-13 11:00:00,168,103,65
2021-04-13 12:00:00,237,125,112
2021-04-13 13:00:00,232,149,83
2021-04-13 14:00:00,245,144,101
2021-04-13 15:00:00,285,180,105
2021-04-13 16:00:00,337,214,123
2021-04-13 17:00:00,469,287,182
2021-04-13 18:00:00,522,265,257
2021-04-13 19:00:00,636,395,241
2021-04-13 20:00:00,161,68,93
2021-04-13 21:00:00,54,35,19
2021-04-13 22:00:00,15,8,7
2021-04-13 23:00:00,5,4,1
2021-04-14 00:00:00,4,3,1
2021-04-14 01:00:00,2,1,1
2021-04-14 02:00:00,0,0,0
2021-04-14 03:00:00,9,9,0
2021-04-14 04:00:00,57,57,0
2021-04-14 05:00:00,194,192,2
2021-04-14 06:00:00,61,36,25
2021-04-14 07:00:00,135,79,56
2021-04-14 08:00:00,181,96,85
2021-04-14 09:00:00,128,76,52
2021-04-14 10:00:00,118,54,64
2021-04-14 11:00:00,160,99,61
2021-04-14 12:00:00,315,185,130
2021-04-14 13:00:00,252,157,95
2021-04-14 14:00:00,227,132,95
2021-04-14 15:00:00,329,199,130
2021-04-14 16:00:00,320,178,142
2021-04-14 17:00:00,494,302,192
2021-04-14 18:00:00,527,306,221
2021-04-14 19:00:00,485,244,241
2021-04-14 20:00:00,201,74,127
2021-04-14 21:00:00,30,13,17
2021-04-14 22:00:00,15,8,7
2021-04-14 23:00:00,6,5,1
2021-04-15 00:00:00,6,3,3
2021-04-15 01:00:00,3,1,2
2021-04-15 02:00:00,0,0,0
2021-04-15 03:00:00,1,1,0
2021-04-15 04:00:00,3,2,1
2021-04-15 05:00:00,5,3,2
2021-04-15 06:00:00,54,32,22
2021-04-15 07:00:00,117,70,47
2021-04-15 08:00:00,179,108,71
2021-04-15 09:00:00,168,107,61
2021-04-15 10:00:00,149,81,68
2021-04-15 11:00:00,238,134,104
2021-04-15 12:00:00,272,161,111
2021-04-15 13:00:00,256,136,120
2021-04-15 14:00:00,254,155,99
2021-04-15 15:00:00,261,139,122
2021-04-15 16:00:00,301,169,132
2021-04-15 17:00:00,510,330,180
2021-04-15 18:00:00,577,321,256
2021-04-15 19:00:00,495,229,266
2021-04-15 20:00:00,241,92,149
2021-04-15 21:00:00,63,28,35
2021-04-15 22:00:00,13,6,7
2021-04-15 23:00:00,6,2,4
2021-04-16 00:00:00,5,3,2
2021-04-16 01:00:00,1,0,1
2021-04-16 02:00:00,1,1,0
2021-04-16 03:00:00,0,0,0
2021-04-16 04:00:00,4,2,2
2021-04-16 05:00:00,7,5,2
2021-04-16 06:00:00,61,34,27
2021-04-16 07:00:00,109,60,49
2021-04-16 08:00:00,139,73,66
2021-04-16 09:00:00,146,69,77
2021-04-16 10:00:00,173,100,73
2021-04-16 11:00:00,177,92,85
2021-04-16 12:00:00,242,134,108
2021-04-16 13:00:00,212,103,109
2021-04-16 14:00:00,251,124,127
2021-04-16 15:00:00,283,166,117
2021-04-16 16:00:00,302,179,123
2021-04-16 17:00:00,420,247,173
2021-04-16 18:00:00,485,273,212
2021-04-16 19:00:00,472,230,242
2021-04-16 20:00:00,283,122,161
2021-04-16 21:00:00,89,62,27
2021-04-16 22:00:00,34,27,7
2021-04-16 23:00:00,9,4,5
2021-04-17 00:00:00,1,0,1
2021-04-17 01:00:00,6,4,2
2021-04-17 02:00:00,0,0,0
2021-04-17 03:00:00,0,0,0
2021-04-17 04:00:00,5,4,1
2021-04-17 05:00:00,3,2,1
2021-04-17 06:00:00,34,21,13
2021-04-17 07:00:00,108,60,48
2021-04-17 08:00:00,179,110,69
2021-04-17 09:00:00,271,154,117
2021-04-17 10:00:00,334,188,146
2021-04-17 11:00:00,350,185,165
2021-04-17 12:00:00,333,191,142
2021-04-17 13:00:00,322,179,143
2021-04-17 14:00:00,434,252,182
2021-04-17 15:00:00,432,253,179
2021-04-17 16:00:00,531,311,220
2021-04-17 17:00:00,469,289,180
2021-04-17 18:00:00,404,239,165
2021-04-17 19:00:00,338,170,168
2021-04-17 20:00:00,218,79,139
2021-04-17 21:00:00,29,14,15
2021-04-17 22:00:00,8,5,3
2021-04-17 23:00:00,2,0,2
2021-04-18 00:00:00,2,2,0
2021-04-18 01:00:00,1,1,0
2021-04-18 02:00:00,0,0,0
2021-04-18 03:00:00,1,1,0
2021-04-18 04:00:00,1,0,1
2021-04-18 05:00:00,0,0,0
2021-04-18 06:00:00,44,30,14
2021-04-18 07:00:00,97,61,36
2021-04-18 08:00:00,168,97,71
2021-04-18 09:00:00,263,135,128
2021-04-18 10:00:00,333,184,149
2021-04-18 11:00:00,332,162,170
2021-04-18 12:00:00,327,167,160
2021-04-18 13:00:00,344,185,159
2021-04-18 14:00:00,392,221,171
2021-04-18 15:00:00,372,165,207
2021-04-18 16:00:00,430,203,227
2021-04-18 17:00:00,363,170,193
2021-04-18 18:00:00,330,166,164
2021-04-18 19:00:00,339,161,178
2021-04-18 20:00:00,185,52,133
2021-04-18 21:00:00,31,9,22
2021-04-18 22:00:00,5,3,2
2021-04-18 23:00:00,3,1,2
2021-04-19 00:00:00,3,2,1
2021-04-19 01:00:00,0,0,0
2021-04-19 02:00:00,0,0,0
2021-04-19 03:00:00,5,4,1
2021-04-19 04:00:00,8,1,7
2021-04-19 05:00:00,7,4,3
2021-04-19 06:00:00,90,51,39
2021-04-19 07:00:00,106,49,57
2021-04-19 08:00:00,127,71,56
2021-04-19 09:00:00,127,63,64
2021-04-19 10:00:00,168,93,75
2021-04-19 11:00:00,205,115,90
2021-04-19 12:00:00,237,133,104
2021-04-19 13:00:00,199,117,82
2021-04-19 14:00:00,203,126,77
2021-04-19 15:00:00,245,145,100
2021-04-19 16:00:00,410,284,126
2021-04-19 17:00:00,425,254,171
2021-04-19 18:00:00,527,289,238
2021-04-19 19:00:00,432,194,238
2021-04-19 20:00:00,218,63,155
2021-04-19 21:00:00,25,10,15
2021-04-19 22:00:00,9,6,3
2021-04-19 23:00:00,7,5,2
2021-04-20 00:00:00,2,2,0
2021-04-20 01:00:00,2,1,1
2021-04-20 02:00:00,2,1,1
2021-04-20 03:00:00,4,3,1
2021-04-20 04:00:00,1,0,1
2021-04-20 05:00:00,17,14,3
2021-04-20 06:00:00,81,50,31
2021-04-20 07:00:00,143,76,67
2021-04-20 08:00:00,141,59,82
2021-04-20 09:00:00,125,65,60
2021-04-20 10:00:00,138,70,68
2021-04-20 11:00:00,174,88,86
2021-04-20 12:00:00,206,104,102
2021-04-20 13:00:00,178,95,83
2021-04-20 14:00:00,213,127,86
2021-04-20 15:00:00,309,208,101
2021-04-20 16:00:00,312,179,133
2021-04-20 17:00:00,452,273,179
2021-04-20 18:00:00,540,291,249
2021-04-20 19:00:00,490,242,248
2021-04-20 20:00:00,249,79,170
2021-04-20 21:00:00,35,8,27
2021-04-20 22:00:00,17,12,5
2021-04-20 23:00:00,3,1,2
2021-04-21 00:00:00,15,8,7
2021-04-21 01:00:00,0,0,0
2021-04-21 02:00:00,1,1,0
2021-04-21 03:00:00,2,1,1
2021-04-21 04:00:00,1,0,1
2021-04-21 05:00:00,12,8,4
2021-04-21 06:00:00,112,77,35
2021-04-21 07:00:00,328,252,76
2021-04-21 08:00:00,226,147,79
2021-04-21 09:00:00,134,75,59
2021-04-21 10:00:00,154,73,81
2021-04-21 11:00:00,166,92,74
2021-04-21 12:00:00,230,136,94
2021-04-21 13:00:00,201,96,105
2021-04-21 14:00:00,182,106,76
2021-04-21 15:00:00,308,201,107
2021-04-21 16:00:00,345,203,142
2021-04-21 17:00:00,425,271,154
2021-04-21 18:00:00,633,390,243
2021-04-21 19:00:00,600,342,258
2021-04-21 20:00:00,759,585,174
2021-04-21 21:00:00,79,61,18
2021-04-21 22:00:00,169,159,10
2021-04-21 23:00:00,13,7,6
2021-04-22 00:00:00,4,2,2
2021-04-22 01:00:00,1,1,0
2021-04-22 02:00:00,3,2,1
2021-04-22 03:00:00,2,2,0
2021-04-22 04:00:00,1,0,1
2021-04-22 05:00:00,4,3,1
2021-04-22 06:00:00,67,39,28
2021-04-22 07:00:00,110,50,60
2021-04-22 08:00:00,155,88,67
2021-04-22 09:00:00,161,96,65
2021-04-22 10:00:00,173,103,70
2021-04-22 11:00:00,361,304,57
2021-04-22 12:00:00,211,121,90
2021-04-22 13:00:00,129,61,68
2021-04-22 14:00:00,179,106,73
2021-04-22 15:00:00,251,177,74
2021-04-22 16:00:00,240,135,105
2021-04-22 17:00:00,339,216,123
2021-04-22 18:00:00,489,253,236
2021-04-22 19:00:00,443,223,220
2021-04-22 20:00:00,210,73,137
2021-04-22 21:00:00,50,30,20
2021-04-22 22:00:00,30,25,5
2021-04-22 23:00:00,13,9,4
2021-04-23 00:00:00,2,0,2
2021-04-23 01:00:00,0,0,0
2021-04-23 02:00:00,2,1,1
2021-04-23 03:00:00,0,0,0
2021-04-23 04:00:00,0,0,0
2021-04-23 05:00:00,7,4,3
2021-04-23 06:00:00,61,35,26
2021-04-23 07:00:00,120,70,50
2021-04-23 08:00:00,117,57,60
2021-04-23 09:00:00,134,80,54
2021-04-23 10:00:00,121,64,57
2021-04-23 11:00:00,158,85,73
2021-04-23 12:00:00,183,99,84
2021-04-23 13:00:00,153,80,73
2021-04-23 14:00:00,131,65,66
2021-04-23 15:00:00,182,94,88
2021-04-23 16:00:00,220,119,101
2021-04-23 17:00:00,274,143,131
2021-04-23 18:00:00,287,135,152
2021-04-23 19:00:00,242,100,142
2021-04-23 20:00:00,100,34,66
2021-04-23 21:00:00,18,8,10
2021-04-23 22:00:00,10,2,8
2021-04-23 23:00:00,4,1,3
2021-04-24 00:00:00,8,6,2
2021-04-24 01:00:00,11,3,8
2021-04-24 02:00:00,4,2,2
2021-04-24 03:00:00,19,19,0
2021-04-24 04:00:00,10,10,0
2021-04-24 05:00:00,2,1,1
2021-04-24 06:00:00,22,14,8
2021-04-24 07:00:00,44,21,23
2021-04-24 08:00:00,83,53,30
2021-04-24 09:00:00,127,72,55
2021-04-24 10:00:00,101,58,43
2021-04-24 11:00:00,114,50,64
2021-04-24 12:00:00,102,45,57
2021-04-24 13:00:00,93,45,48
2021-04-24 14:00:00,91,45,46
2021-04-24 15:00:00,69,31,38
2021-04-24 16:00:00,113,71,42
2021-04-24 17:00:00,102,56,46
2021-04-24 18:00:00,77,41,36
2021-04-24 19:00:00,65,36,29
2021-04-24 20:00:00,122,92,30
2021-04-24 21:00:00,20,12,8
2021-04-24 22:00:00,9,6,3
2021-04-24 23:00:00,2,0,2
2021-04-25 00:00:00,1,1,0
2021-04-25 01:00:00,3,2,1
2021-04-25 02:00:00,0,0,0
2021-04-25 03:00:00,0,0,0
2021-04-25 04:00:00,0,0,0
2021-04-25 05:00:00,4,4,0
2021-04-25 06:00:00,26,13,13
2021-04-25 07:00:00,58,29,29
2021-04-25 08:00:00,92,53,39
2021-04-25 09:00:00,149,88,61
2021-04-25 10:00:00,206,105,101
2021-04-25 11:00:00,220,103,117
2021-04-25 12:00:00,205,96,109
2021-04-25 13:00:00,251,142,109
2021-04-25 14:00:00,288,163,125
2021-04-25 15:00:00,331,159,172
2021-04-25 16:00:00,314,154,160
2021-04-25 17:00:00,334,192,142
2021-04-25 18:00:00,387,192,195
2021-04-25 19:00:00,173,56,117
2021-04-25 20:00:00,37,11,26
2021-04-25 21:00:00,11,6,5
2021-04-25 22:00:00,7,3,4
2021-04-25 23:00:00,3,2,1
2021-04-26 00:00:00,2,1,1
2021-04-26 01:00:00,2,2,0
2021-04-26 02:00:00,2,1,1
2021-04-26 03:00:00,1,1,0
2021-04-26 04:00:00,3,2,1
2021-04-26 05:00:00,10,7,3
2021-04-26 06:00:00,60,32,28
2021-04-26 07:00:00,122,62,60
2021-04-26 08:00:00,126,66,60
2021-04-26 09:00:00,94,42,52
2021-04-26 10:00:00,143,57,86
2021-04-26 11:00:00,151,80,71
2021-04-26 12:00:00,245,134,111
2021-04-26 13:00:00,194,101,93
2021-04-26 14:00:00,223,131,92
2021-04-26 15:00:00,241,148,93
2021-04-26 16:00:00,318,181,137
2021-04-26 17:00:00,523,343,180
2021-04-26 18:00:00,496,253,243
2021-04-26 19:00:00,430,212,218
2021-04-26 20:00:00,223,91,132
2021-04-26 21:00:00,45,23,22
2021-04-26 22:00:00,9,5,4
2021-04-26 23:00:00,13,11,2
2021-04-27 00:00:00,1,0,1
2021-04-27 01:00:00,8,6,2
2021-04-27 02:00:00,2,1,1
2021-04-27 03:00:00,3,2,1
2021-04-27 04:00:00,2,0,2
2021-04-27 05:00:00,21,16,5
2021-04-27 06:00:00,85,47,38
2021-04-27 07:00:00,137,75,62
2021-04-27 08:00:00,146,76,70
2021-04-27 09:00:00,98,41,57
2021-04-27 10:00:00,109,65,44
2021-04-27 11:00:00,111,61,50
2021-04-27 12:00:00,148,83,65
2021-04-27 13:00:00,149,83,66
2021-04-27 14:00:00,161,97,64
2021-04-27 15:00:00,208,118,90
2021-04-27 16:00:00,256,144,112
2021-04-27 17:00:00,350,207,143
2021-04-27 18:00:00,324,158,166
2021-04-27 19:00:00,346,178,168
2021-04-27 20:00:00,142,57,85
2021-04-27 21:00:00,50,32,18
2021-04-27 22:00:00,12,8,4
2021-04-27 23:00:00,4,3,1
2021-04-28 00:00:00,37,36,1
2021-04-28 01:00:00,1,1,0
2021-04-28 02:00:00,3,3,0
2021-04-28 03:00:00,3,2,1
2021-04-28 04:00:00,3,1,2
2021-04-28 05:00:00,15,12,3
2021-04-28 06:00:00,82,46,36
2021-04-28 07:00:00,133,69,64
2021-04-28 08:00:00,164,101,63
2021-04-28 09:00:00,125,70,55
2021-04-28 10:00:00,108,49,59
2021-04-28 11:00:00,93,42,51
2021-04-28 12:00:00,196,99,97
2021-04-28 13:00:00,145,75,70
2021-04-28 14:00:00,144,69,75
2021-04-28 15:00:00,179,99,80
2021-04-28 16:00:00,176,93,83
2021-04-28 17:00:00,290,158,132
2021-04-28 18:00:00,296,144,152
2021-04-28 19:00:00,270,120,150
2021-04-28 20:00:00,118,41,77
2021-04-28 21:00:00,21,7,14
2021-04-28 22:00:00,7,5,2
2021-04-28 23:00:00,5,2,3
2021-04-29 00:00:00,0,0,0
2021-04-29 01:00:00,0,0,0
2021-04-29 02:00:00,0,0,0
2021-04-29 03:00:00,1,1,0
2021-04-29 04:00:00,2,1,1
2021-04-29 05:00:00,22,13,9
2021-04-29 06:00:00,78,41,37
2021-04-29 07:00:00,122,60,62
2021-04-29 08:00:00,131,68,63
2021-04-29 09:00:00,138,72,66
2021-04-29 10:00:00,145,64,81
2021-04-29 11:00:00,161,84,77
2021-04-29 12:00:00,212,112,100
2021-04-29 13:00:00,195,101,94
2021-04-29 14:00:00,186,100,86
2021-04-29 15:00:00,197,91,106
2021-04-29 16:00:00,240,142,98
2021-04-29 17:00:00,347,201,146
2021-04-29 18:00:00,444,251,193
2021-04-29 19:00:00,398,174,224
2021-04-29 20:00:00,211,78,133
2021-04-29 21:00:00,67,35,32
2021-04-29 22:00:00,20,12,8
2021-04-29 23:00:00,1,0,1
2021-04-30 00:00:00,8,7,1
2021-04-30 01:00:00,3,2,1
2021-04-30 02:00:00,2,0,2
2021-04-30 03:00:00,1,1,0
2021-04-30 04:00:00,1,1,0
2021-04-30 05:00:00,21,15,6
2021-04-30 06:00:00,109,76,33
2021-04-30 07:00:00,70,39,31
2021-04-30 08:00:00,84,38,46
2021-04-30 09:00:00,56,27,29
2021-04-30 10:00:00,81,47,34
2021-04-30 11:00:00,85,50,35
2021-04-30 12:00:00,135,83,52
2021-04-30 13:00:00,119,69,50
2021-04-30 14:00:00,161,85,76
2021-04-30 15:00:00,189,124,65
2021-04-30 16:00:00,299,194,105
2021-04-30 17:00:00,419,259,160
2021-04-30 18:00:00,417,250,167
2021-04-30 19:00:00,443,253,190
2021-04-30 20:00:00,225,107,118
2021-04-30 21:00:00,184,164,20
2021-04-30 22:00:00,54,49,5
2021-04-30 23:00:00,6,2,4
2021-05-01 00:00:00,6,5,1
2021-05-01 01:00:00,2,0,2
2021-05-01 02:00:00,3,1,2
2021-05-01 03:00:00,2,1,1
2021-05-01 04:00:00,0,0,0
2021-05-01 05:00:00,5,4,1
2021-05-01 06:00:00,63,45,18
2021-05-01 07:00:00,92,59,33
2021-05-01 08:00:00,143,85,58
2021-05-01 09:00:00,162,86,76
2021-05-01 10:00:00,231,137,94
2021-05-01 11:00:00,217,113,104
2021-05-01 12:00:00,243,149,94
2021-05-01 13:00:00,238,128,110
2021-05-01 14:00:00,229,128,101
2021-05-01 15:00:00,198,85,113
2021-05-01 16:00:00,210,109,101
2021-05-01 17:00:00,239,122,117
2021-05-01 18:00:00,258,142,116
2021-05-01 19:00:00,220,105,115
2021-05-01 20:00:00,166,69,97
2021-05-01 21:00:00,64,50,14
2021-05-01 22:00:00,37,35,2
2021-05-01 23:00:00,41,34,7
2021-05-02 00:00:00,25,23,2
2021-05-02 01:00:00,3,1,2
2021-05-02 02:00:00,7,3,4
2021-05-02 03:00:00,0,0,0
2021-05-02 04:00:00,7,7,0
2021-05-02 05:00:00,8,7,1
2021-05-02 06:00:00,32,19,13
2021-05-02 07:00:00,95,63,32
2021-05-02 08:00:00,137,84,53
2021-05-02 09:00:00,223,113,110
2021-05-02 10:00:00,302,157,145
2021-05-02 11:00:00,279,134,145
2021-05-02 12:00:00,315,139,176
2021-05-02 13:00:00,335,181,154
2021-05-02 14:00:00,342,188,154
2021-05-02 15:00:00,347,171,176
2021-05-02 16:00:00,379,191,188
2021-05-02 17:00:00,338,159,179
2021-05-02 18:00:00,355,187,168
2021-05-02 19:00:00,269,129,140
2021-05-02 20:00:00,199,71,128
2021-05-02 21:00:00,47,21,26
2021-05-02 22:00:00,9,4,5
2021-05-02 23:00:00,8,3,5
2021-05-03 00:00:00,4,2,2
2021-05-03 01:00:00,4,4,0
2021-05-03 02:00:00,2,0,2
2021-05-03 03:00:00,2,2,0
2021-05-03 04:00:00,1,0,1
2021-05-03 05:00:00,25,16,9
2021-05-03 06:00:00,101,61,40
2021-05-03 07:00:00,114,61,53
2021-05-03 08:00:00,114,62,52
2021-05-03 09:00:00,96,57,39
2021-05-03 10:00:00,104,54,50
2021-05-03 11:00:00,116,66,50
2021-05-03 12:00:00,162,76,86
2021-05-03 13:00:00,159,95,64
2021-05-03 14:00:00,104,46,58
2021-05-03 15:00:00,64,38,26
2021-05-03 16:00:00,50,37,13
2021-05-03 17:00:00,92,67,25
2021-05-03 18:00:00,167,118,49
2021-05-03 19:00:00,126,70,56
2021-05-03 20:00:00,102,60,42
2021-05-03 21:00:00,42,30,12
2021-05-03 22:00:00,33,28,5
2021-05-03 23:00:00,20,17,3
2021-05-04 00:00:00,24,20,4
2021-05-04 01:00:00,33,28,5
2021-05-04 02:00:00,4,4,0
2021-05-04 03:00:00,2,1,1
2021-05-04 04:00:00,6,4,2
2021-05-04 05:00:00,29,23,6
2021-05-04 06:00:00,91,57,34
2021-05-04 07:00:00,303,244,59
2021-05-04 08:00:00,553,482,71
2021-05-04 09:00:00,273,205,68
2021-05-04 10:00:00,360,305,55
2021-05-04 11:00:00,284,201,83
2021-05-04 12:00:00,229,119,110
2021-05-04 13:00:00,198,121,77
2021-05-04 14:00:00,183,123,60
2021-05-04 15:00:00,270,171,99
2021-05-04 16:00:00,293,186,107
2021-05-04 17:00:00,471,295,176
2021-05-04 18:00:00,578,331,247
2021-05-04 19:00:00,485,252,233
2021-05-04 20:00:00,282,132,150
2021-05-04 21:00:00,73,34,39
2021-05-04 22:00:00,130,123,7
2021-05-04 23:00:00,95,91,4
2021-05-05 00:00:00,9,6,3
2021-05-05 01:00:00,3,2,1
2021-05-05 02:00:00,1,0,1
2021-05-05 03:00:00,2,2,0
2021-05-05 04:00:00,3,2,1
2021-05-05 05:00:00,19,12,7
2021-05-05 06:00:00,101,52,49
2021-05-05 07:00:00,154,89,65
2021-05-05 08:00:00,266,208,58
2021-05-05 09:00:00,270,198,72
2021-05-05 10:00:00,154,99,55
2021-05-05 11:00:00,250,173,77
2021-05-05 12:00:00,277,179,98
2021-05-05 13:00:00,234,162,72
2021-05-05 14:00:00,164,96,68
2021-05-05 15:00:00,223,159,64
2021-05-05 16:00:00,273,193,80
2021-05-05 17:00:00,293,178,115
2021-05-05 18:00:00,366,202,164
2021-05-05 19:00:00,370,192,178
2021-05-05 20:00:00,217,81,136
2021-05-05 21:00:00,63,26,37
2021-05-05 22:00:00,52,45,7
2021-05-05 23:00:00,22,20,2
2021-05-06 00:00:00,34,28,6
2021-05-06 01:00:00,390,390,0
2021-05-06 02:00:00,272,270,2
2021-05-06 03:00:00,125,123,2
2021-05-06 04:00:00,4,3,1
2021-05-06 05:00:00,33,26,7
2021-05-06 06:00:00,126,86,40
2021-05-06 07:00:00,126,65,61
2021-05-06 08:00:00,142,78,64
2021-05-06 09:00:00,214,169,45
2021-05-06 10:00:00,118,73,45
2021-05-06 11:00:00,175,132,43
2021-05-06 12:00:00,408,318,90
2021-05-06 13:00:00,165,102,63
2021-05-06 14:00:00,143,80,63
2021-05-06 15:00:00,112,64,48
2021-05-06 16:00:00,114,73,41
2021-05-06 17:00:00,220,142,78
2021-05-06 18:00:00,318,190,128
2021-05-06 19:00:00,436,252,184
2021-05-06 20:00:00,217,99,118
2021-05-06 21:00:00,166,135,31
2021-05-06 22:00:00,34,28,6
2021-05-06 23:00:00,29,26,3
2021-05-07 00:00:00,51,47,4
2021-05-07 01:00:00,387,387,0
2021-05-07 02:00:00,30,29,1
2021-05-07 03:00:00,49,48,1
2021-05-07 04:00:00,60,59,1
2021-05-07 05:00:00,24,20,4
2021-05-07 06:00:00,72,38,34
2021-05-07 07:00:00,121,69,52
2021-05-07 08:00:00,152,82,70
2021-05-07 09:00:00,99,60,39
2021-05-07 10:00:00,88,50,38
2021-05-07 11:00:00,76,37,39
2021-05-07 12:00:00,207,161,46
2021-05-07 13:00:00,184,110,74
2021-05-07 14:00:00,262,221,41
2021-05-07 15:00:00,330,235,95
2021-05-07 16:00:00,190,104,86
2021-05-07 17:00:00,244,136,108
2021-05-07 18:00:00,270,157,113
2021-05-07 19:00:00,273,175,98
2021-05-07 20:00:00,179,104,75
2021-05-07 21:00:00,52,35,17
2021-05-07 22:00:00,41,35,6
2021-05-07 23:00:00,143,140,3
2021-05-08 00:00:00,1538,1532,6
2021-05-08 01:00:00,913,913,0
2021-05-08 02:00:00,78,78,0
2021-05-08 03:00:00,16,16,0
2021-05-08 04:00:00,42,42,0
2021-05-08 05:00:00,129,127,2
2021-05-08 06:00:00,57,38,19
2021-05-08 07:00:00,109,72,37
2021-05-08 08:00:00,140,97,43
2021-05-08 09:00:00,425,355,70
2021-05-08 10:00:00,379,295,84
2021-05-08 11:00:00,278,144,134
2021-05-08 12:00:00,350,211,139
2021-05-08 13:00:00,374,210,164
2021-05-08 14:00:00,336,210,126
2021-05-08 15:00:00,343,186,157
2021-05-08 16:00:00,262,143,119
2021-05-08 17:00:00,268,163,105
2021-05-08 18:00:00,179,107,72
2021-05-08 19:00:00,198,150,48
2021-05-08 20:00:00,117,70,47
2021-05-08 21:00:00,45,32,13
2021-05-08 22:00:00,16,9,7
2021-05-08 23:00:00,7,2,5
2021-05-09 00:00:00,1,1,0
2021-05-09 01:00:00,4,3,1
2021-05-09 02:00:00,0,0,0
2021-05-09 03:00:00,3,0,3
2021-05-09 04:00:00,1,1,0
2021-05-09 05:00:00,8,5,3
2021-05-09 06:00:00,27,15,12
2021-05-09 07:00:00,61,37,24
2021-05-09 08:00:00,129,73,56
2021-05-09 09:00:00,165,95,70
2021-05-09 10:00:00,265,131,134
2021-05-09 11:00:00,283,163,120
2021-05-09 12:00:00,331,181,150
2021-05-09 13:00:00,330,187,143
2021-05-09 14:00:00,352,185,167
2021-05-09 15:00:00,409,234,175
2021-05-09 16:00:00,453,278,175
2021-05-09 17:00:00,523,294,229
2021-05-09 18:00:00,413,232,181
2021-05-09 19:00:00,249,111,138
2021-05-09 20:00:00,183,67,116
2021-05-09 21:00:00,52,21,31
2021-05-09 22:00:00,10,6,4
2021-05-09 23:00:00,0,0,0
2021-05-10 00:00:00,0,0,0
2021-05-10 01:00:00,0,0,0
2021-05-10 02:00:00,1,1,0
2021-05-10 03:00:00,1,1,0
2021-05-10 04:00:00,2,1,1
2021-05-10 05:00:00,20,11,9
2021-05-10 06:00:00,66,34,32
2021-05-10 07:00:00,124,75,49
2021-05-10 08:00:00,136,74,62
2021-05-10 09:00:00,131,87,44
2021-05-10 10:00:00,108,47,61
2021-05-10 11:00:00,138,63,75
2021-05-10 12:00:00,171,88,83
2021-05-10 13:00:00,167,83,84
2021-05-10 14:00:00,207,120,87
2021-05-10 15:00:00,276,178,98
2021-05-10 16:00:00,338,212,126
2021-05-10 17:00:00,388,229,159
2021-05-10 18:00:00,453,252,201
2021-05-10 19:00:00,407,189,218
2021-05-10 20:00:00,199,76,123
2021-05-10 21:00:00,59,35,24
2021-05-10 22:00:00,12,4,8
2021-05-10 23:00:00,0,0,0
2021-05-11 00:00:00,1,1,0
2021-05-11 01:00:00,1,1,0
2021-05-11 02:00:00,1,1,0
2021-05-11 03:00:00,4,3,1
2021-05-11 04:00:00,4,3,1
2021-05-11 05:00:00,29,18,11
2021-05-11 06:00:00,101,59,42
2021-05-11 07:00:00,149,77,72
2021-05-11 08:00:00,202,111,91
2021-05-11 09:00:00,148,90,58
2021-05-11 10:00:00,104,61,43
2021-05-11 11:00:00,180,104,76
2021-05-11 12:00:00,257,134,123
2021-05-11 13:00:00,195,108,87
2021-05-11 14:00:00,227,149,78
2021-05-11 15:00:00,218,112,106
2021-05-11 16:00:00,288,170,118
2021-05-11 17:00:00,425,265,160
2021-05-11 18:00:00,463,271,192
2021-05-11 19:00:00,436,204,232
2021-05-11 20:00:00,254,110,144
2021-05-11 21:00:00,68,32,36
2021-05-11 22:00:00,60,57,3
2021-05-11 23:00:00,11,7,4
2021-05-12 00:00:00,5,3,2
2021-05-12 01:00:00,3,3,0
2021-05-12 02:00:00,1,0,1
2021-05-12 03:00:00,9,7,2
2021-05-12 04:00:00,23,21,2
2021-05-12 05:00:00,21,15,6
2021-05-12 06:00:00,101,59,42
2021-05-12 07:00:00,236,172,64
2021-05-12 08:00:00,283,222,61
2021-05-12 09:00:00,166,117,49
2021-05-12 10:00:00,118,69,49
2021-05-12 11:00:00,161,95,66
2021-05-12 12:00:00,185,103,82
2021-05-12 13:00:00,181,103,78
2021-05-12 14:00:00,168,96,72
2021-05-12 15:00:00,241,146,95
2021-05-12 16:00:00,285,164,121
2021-05-12 17:00:00,371,226,145
2021-05-12 18:00:00,452,246,206
2021-05-12 19:00:00,383,181,202
2021-05-12 20:00:00,257,112,145
2021-05-12 21:00:00,60,30,30
2021-05-12 22:00:00,8,4,4
2021-05-12 23:00:00,7,3,4
2021-05-13 00:00:00,4,2,2
2021-05-13 01:00:00,4,2,2
2021-05-13 02:00:00,1,1,0
2021-05-13 03:00:00,0,0,0
2021-05-13 04:00:00,4,2,2
2021-05-13 05:00:00,43,40,3
2021-05-13 06:00:00,83,44,39
2021-05-13 07:00:00,165,102,63
2021-05-13 08:00:00,241,171,70
2021-05-13 09:00:00,110,49,61
2021-05-13 10:00:00,167,110,57
2021-05-13 11:00:00,202,115,87
2021-05-13 12:00:00,346,217,129
2021-05-13 13:00:00,206,104,102
2021-05-13 14:00:00,224,120,104
2021-05-13 15:00:00,222,136,86
2021-05-13 16:00:00,300,184,116
2021-05-13 17:00:00,362,214,148
2021-05-13 18:00:00,453,248,205
2021-05-13 19:00:00,465,246,219
2021-05-13 20:00:00,287,105,182
2021-05-13 21:00:00,95,36,59
2021-05-13 22:00:00,28,14,14
2021-05-13 23:00:00,5,1,4
2021-05-14 00:00:00,3,3,0
2021-05-14 01:00:00,4,2,2
2021-05-14 02:00:00,0,0,0
2021-05-14 03:00:00,1,0,1
2021-05-14 04:00:00,2,1,1
2021-05-14 05:00:00,13,10,3
2021-05-14 06:00:00,84,49,35
2021-05-14 07:00:00,125,67,58
2021-05-14 08:00:00,164,78,86
2021-05-14 09:00:00,190,111,79
2021-05-14 10:00:00,181,105,76
2021-05-14 11:00:00,193,104,89
2021-05-14 12:00:00,271,167,104
2021-05-14 13:00:00,209,108,101
2021-05-14 14:00:00,210,121,89
2021-05-14 15:00:00,309,209,100
2021-05-14 16:00:00,235,133,102
2021-05-14 17:00:00,415,261,154
2021-05-14 18:00:00,413,241,172
2021-05-14 19:00:00,341,168,173
2021-05-14 20:00:00,286,123,163
2021-05-14 21:00:00,87,46,41
2021-05-14 22:00:00,12,4,8
2021-05-14 23:00:00,8,5,3
2021-05-15 00:00:00,8,5,3
2021-05-15 01:00:00,6,2,4
2021-05-15 02:00:00,2,1,1
2021-05-15 03:00:00,3,1,2
2021-05-15 04:00:00,2,1,1
2021-05-15 05:00:00,13,8,5
2021-05-15 06:00:00,61,37,24
2021-05-15 07:00:00,95,54,41
2021-05-15 08:00:00,168,86,82
2021-05-15 09:00:00,248,130,118
2021-05-15 10:00:00,294,155,139
2021-05-15 11:00:00,308,136,172
2021-05-15 12:00:00,299,153,146
2021-05-15 13:00:00,284,151,133
2021-05-15 14:00:00,342,179,163
2021-05-15 15:00:00,405,230,175
2021-05-15 16:00:00,410,259,151
2021-05-15 17:00:00,356,186,170
2021-05-15 18:00:00,350,193,157
2021-05-15 19:00:00,331,156,175
2021-05-15 20:00:00,288,104,184
2021-05-15 21:00:00,78,32,46
2021-05-15 22:00:00,34,18,16
2021-05-15 23:00:00,5,4,1
2021-05-16 00:00:00,41,39,2
2021-05-16 01:00:00,9,3,6
2021-05-16 02:00:00,5,2,3
2021-05-16 03:00:00,3,2,1
2021-05-16 04:00:00,1,0,1
2021-05-16 05:00:00,10,6,4
2021-05-16 06:00:00,42,24,18
2021-05-16 07:00:00,103,60,43
2021-05-16 08:00:00,174,100,74
2021-05-16 09:00:00,224,116,108
2021-05-16 10:00:00,300,168,132
2021-05-16 11:00:00,326,159,167
2021-05-16 12:00:00,366,179,187
2021-05-16 13:00:00,329,189,140
2021-05-16 14:00:00,361,191,170
2021-05-16 15:00:00,393,189,204
2021-05-16 16:00:00,385,197,188
2021-05-16 17:00:00,339,173,166
2021-05-16 18:00:00,327,183,144
2021-05-16 19:00:00,288,124,164
2021-05-16 20:00:00,210,90,120
2021-05-16 21:00:00,63,18,45
2021-05-16 22:00:00,12,1,11
2021-05-16 23:00:00,4,2,2
2021-05-17 00:00:00,3,2,1
2021-05-17 01:00:00,0,0,0
2021-05-17 02:00:00,2,2,0
2021-05-17 03:00:00,1,1,0
2021-05-17 04:00:00,2,1,1
2021-05-17 05:00:00,19,12,7
2021-05-17 06:00:00,69,31,38
2021-05-17 07:00:00,76,37,39
2021-05-17 08:00:00,118,68,50
2021-05-17 09:00:00,83,49,34
2021-05-17 10:00:00,106,52,54
2021-05-17 11:00:00,103,57,46
2021-05-17 12:00:00,160,87,73
2021-05-17 13:00:00,303,223,80
2021-05-17 14:00:00,135,60,75
2021-05-17 15:00:00,161,88,73
2021-05-17 16:00:00,152,82,70
2021-05-17 17:00:00,164,95,69
2021-05-17 18:00:00,169,85,84
2021-05-17 19:00:00,98,64,34
2021-05-17 20:00:00,147,96,51
2021-05-17 21:00:00,67,58,9
2021-05-17 22:00:00,16,14,2
2021-05-17 23:00:00,23,22,1
2021-05-18 00:00:00,0,0,0
2021-05-18 01:00:00,0,0,0
2021-05-18 02:00:00,1,1,0
2021-05-18 03:00:00,1,1,0
2021-05-18 04:00:00,12,11,1
2021-05-18 05:00:00,32,23,9
2021-05-18 06:00:00,82,50,32
2021-05-18 07:00:00,126,64,62
2021-05-18 08:00:00,251,176,75
2021-05-18 09:00:00,155,96,59
2021-05-18 10:00:00,103,55,48
2021-05-18 11:00:00,134,75,59
2021-05-18 12:00:00,220,116,104
2021-05-18 13:00:00,289,205,84
2021-05-18 14:00:00,140,81,59
2021-05-18 15:00:00,183,100,83
2021-05-18 16:00:00,177,92,85
2021-05-18 17:00:00,317,182,135
2021-05-18 18:00:00,323,182,141
2021-05-18 19:00:00,280,139,141
2021-05-18 20:00:00,151,65,86
2021-05-18 21:00:00,30,9,21
2021-05-18 22:00:00,11,9,2
2021-05-18 23:00:00,7,5,2
2021-05-19 00:00:00,1,1,0
2021-05-19 01:00:00,1,1,0
2021-05-19 02:00:00,2,2,0
2021-05-19 03:00:00,3,3,0
2021-05-19 04:00:00,2,1,1
2021-05-19 05:00:00,13,9,4
2021-05-19 06:00:00,111,70,41
2021-05-19 07:00:00,114,68,46
2021-05-19 08:00:00,243,168,75
2021-05-19 09:00:00,365,311,54
2021-05-19 10:00:00,337,282,55
2021-05-19 11:00:00,151,87,64
2021-05-19 12:00:00,265,166,99
2021-05-19 13:00:00,195,98,97
2021-05-19 14:00:00,214,134,80
2021-05-19 15:00:00,257,170,87
2021-05-19 16:00:00,225,128,97
2021-05-19 17:00:00,330,185,145
2021-05-19 18:00:00,382,194,188
2021-05-19 19:00:00,374,187,187
2021-05-19 20:00:00,231,96,135
2021-05-19 21:00:00,73,23,50
2021-05-19 22:00:00,17,8,9
2021-05-19 23:00:00,2,1,1
2021-05-20 00:00:00,2,1,1
2021-05-20 01:00:00,3,2,1
2021-05-20 02:00:00,1,0,1
2021-05-20 03:00:00,3,2,1
2021-05-20 04:00:00,2,1,1
2021-05-20 05:00:00,19,15,4
2021-05-20 06:00:00,60,31,29
2021-05-20 07:00:00,77,38,39
2021-05-20 08:00:00,131,66,65
2021-05-20 09:00:00,97,46,51
2021-05-20 10:00:00,104,62,42
2021-05-20 11:00:00,90,43,47
2021-05-20 12:00:00,138,71,67
2021-05-20 13:00:00,121,55,66
2021-05-20 14:00:00,152,80,72
2021-05-20 15:00:00,164,74,90
2021-05-20 16:00:00,213,119,94
2021-05-20 17:00:00,320,167,153
2021-05-20 18:00:00,354,184,170
2021-05-20 19:00:00,346,170,176
2021-05-20 20:00:00,245,98,147
2021-05-20 21:00:00,74,19,55
2021-05-20 22:00:00,16,9,7
2021-05-20 23:00:00,6,1,5
2021-05-21 00:00:00,3,2,1
2021-05-21 01:00:00,2,0,2
2021-05-21 02:00:00,0,0,0
2021-05-21 03:00:00,0,0,0
2021-05-21 04:00:00,2,2,0
2021-05-21 05:00:00,14,11,3
2021-05-21 06:00:00,69,36,33
2021-05-21 07:00:00,120,63,57
2021-05-21 08:00:00,110,51,59
2021-05-21 09:00:00,83,43,40
2021-05-21 10:00:00,207,160,47
2021-05-21 11:00:00,116,56,60
2021-05-21 12:00:00,146,74,72
2021-05-21 13:00:00,138,68,70
2021-05-21 14:00:00,171,92,79
2021-05-21 15:00:00,211,114,97
2021-05-21 16:00:00,306,172,134
2021-05-21 17:00:00,298,160,138
2021-05-21 18:00:00,356,177,179
2021-05-21 19:00:00,268,127,141
2021-05-21 20:00:00,228,86,142
2021-05-21 21:00:00,114,52,62
2021-05-21 22:00:00,36,22,14
2021-05-21 23:00:00,12,7,5
2021-05-22 00:00:00,10,6,4
2021-05-22 01:00:00,0,0,0
2021-05-22 02:00:00,2,1,1
2021-05-22 03:00:00,4,3,1
2021-05-22 04:00:00,7,4,3
2021-05-22 05:00:00,7,5,2
2021-05-22 06:00:00,35,19,16
2021-05-22 07:00:00,66,41,25
2021-05-22 08:00:00,135,71,64
2021-05-22 09:00:00,146,77,69
2021-05-22 10:00:00,201,103,98
2021-05-22 11:00:00,191,105,86
2021-05-22 12:00:00,217,116,101
2021-05-22 13:00:00,217,132,85
2021-05-22 14:00:00,293,166,127
2021-05-22 15:00:00,359,202,157
2021-05-22 16:00:00,384,192,192
2021-05-22 17:00:00,336,153,183
2021-05-22 18:00:00,227,96,131
2021-05-22 19:00:00,181,85,96
2021-05-22 20:00:00,128,46,82
2021-05-22 21:00:00,65,26,39
2021-05-22 22:00:00,118,105,13
2021-05-22 23:00:00,13,10,3
2021-05-23 00:00:00,5,2,3
2021-05-23 01:00:00,8,5,3
2021-05-23 02:00:00,1,1,0
2021-05-23 03:00:00,2,0,2
2021-05-23 04:00:00,2,0,2
2021-05-23 05:00:00,3,2,1
2021-05-23 06:00:00,32,19,13
2021-05-23 07:00:00,67,35,32
2021-05-23 08:00:00,109,60,49
2021-05-23 09:00:00,158,85,73
2021-05-23 10:00:00,202,114,88
2021-05-23 11:00:00,240,111,129
2021-05-23 12:00:00,221,116,105
2021-05-23 13:00:00,223,114,109
2021-05-23 14:00:00,229,117,112
2021-05-23 15:00:00,246,132,114
2021-05-23 16:00:00,257,138,119
2021-05-23 17:00:00,221,105,116
2021-05-23 18:00:00,127,58,69
2021-05-23 19:00:00,119,61,58
2021-05-23 20:00:00,92,49,43
2021-05-23 21:00:00,23,6,17
2021-05-23 22:00:00,12,7,5
2021-05-23 23:00:00,7,3,4
2021-05-24 00:00:00,1,0,1
2021-05-24 01:00:00,0,0,0
2021-05-24 02:00:00,0,0,0
2021-05-24 03:00:00,2,2,0
2021-05-24 04:00:00,4,1,3
2021-05-24 05:00:00,11,7,4
2021-05-24 06:00:00,62,35,27
2021-05-24 07:00:00,95,51,44
2021-05-24 08:00:00,106,51,55
2021-05-24 09:00:00,139,99,40
2021-05-24 10:00:00,85,47,38
2021-05-24 11:00:00,83,49,34
2021-05-24 12:00:00,95,50,45
2021-05-24 13:00:00,87,53,34
2021-05-24 14:00:00,79,46,33
2021-05-24 15:00:00,146,86,60
2021-05-24 16:00:00,163,93,70
2021-05-24 17:00:00,245,137,108
2021-05-24 18:00:00,375,231,144
2021-05-24 19:00:00,312,155,157
2021-05-24 20:00:00,230,96,134
2021-05-24 21:00:00,124,73,51
2021-05-24 22:00:00,37,21,16
2021-05-24 23:00:00,4,2,2
2021-05-25 00:00:00,23,22,1
2021-05-25 01:00:00,42,41,1
2021-05-25 02:00:00,106,103,3
2021-05-25 03:00:00,4,4,0
2021-05-25 04:00:00,7,4,3
2021-05-25 05:00:00,37,25,12
2021-05-25 06:00:00,101,61,40
2021-05-25 07:00:00,127,70,57
2021-05-25 08:00:00,162,86,76
2021-05-25 09:00:00,148,94,54
2021-05-25 10:00:00,138,77,61
2021-05-25 11:00:00,124,70,54
2021-05-25 12:00:00,245,137,108
2021-05-25 13:00:00,159,88,71
2021-05-25 14:00:00,140,72,68
2021-05-25 15:00:00,177,99,78
2021-05-25 16:00:00,209,109,100
2021-05-25 17:00:00,294,175,119
2021-05-25 18:00:00,353,180,173
2021-05-25 19:00:00,337,166,171
2021-05-25 20:00:00,234,105,129
2021-05-25 21:00:00,85,35,50
2021-05-25 22:00:00,24,17,7
2021-05-25 23:00:00,13,6,7
2021-05-26 00:00:00,1,1,0
2021-05-26 01:00:00,5,3,2
2021-05-26 02:00:00,5,4,1
2021-05-26 03:00:00,8,3,5
2021-05-26 04:00:00,5,1,4
2021-05-26 05:00:00,18,9,9
2021-05-26 06:00:00,103,54,49
2021-05-26 07:00:00,136,71,65
2021-05-26 08:00:00,152,73,79
2021-05-26 09:00:00,119,65,54
2021-05-26 10:00:00,116,61,55
2021-05-26 11:00:00,110,57,53
2021-05-26 12:00:00,159,88,71
2021-05-26 13:00:00,141,69,72
2021-05-26 14:00:00,180,83,97
2021-05-26 15:00:00,167,84,83
2021-05-26 16:00:00,214,114,100
2021-05-26 17:00:00,288,172,116
2021-05-26 18:00:00,353,196,157
2021-05-26 19:00:00,310,149,161
2021-05-26 20:00:00,225,88,137
2021-05-26 21:00:00,72,25,47
2021-05-26 22:00:00,21,13,8
2021-05-26 23:00:00,31,30,1
2021-05-27 00:00:00,8,5,3
2021-05-27 01:00:00,1,1,0
2021-05-27 02:00:00,0,0,0
2021-05-27 03:00:00,7,5,2
2021-05-27 04:00:00,2,1,1
2021-05-27 05:00:00,6,5,1
2021-05-27 06:00:00,36,16,20
2021-05-27 07:00:00,55,28,27
2021-05-27 08:00:00,101,64,37
2021-05-27 09:00:00,43,21,22
2021-05-27 10:00:00,34,17,17
2021-05-27 11:00:00,137,90,47
2021-05-27 12:00:00,115,73,42
2021-05-27 13:00:00,69,26,43
2021-05-27 14:00:00,72,43,29
2021-05-27 15:00:00,502,461,41
2021-05-27 16:00:00,200,165,35
2021-05-27 17:00:00,198,151,47
2021-05-27 18:00:00,154,79,75
2021-05-27 19:00:00,216,129,87
2021-05-27 20:00:00,111,52,59
2021-05-27 21:00:00,64,45,19
2021-05-27 22:00:00,23,18,5
2021-05-27 23:00:00,38,36,2
2021-05-28 00:00:00,28,28,0
2021-05-28 01:00:00,4,4,0
2021-05-28 02:00:00,54,54,0
2021-05-28 03:00:00,0,0,0
2021-05-28 04:00:00,0,0,0
2021-05-28 05:00:00,21,18,3
2021-05-28 06:00:00,75,44,31
2021-05-28 07:00:00,122,72,50
2021-05-28 08:00:00,165,102,63
2021-05-28 09:00:00,142,77,65
2021-05-28 10:00:00,221,130,91
2021-05-28 11:00:00,232,154,78
2021-05-28 12:00:00,217,143,74
2021-05-28 13:00:00,305,200,105
2021-05-28 14:00:00,324,225,99
2021-05-28 15:00:00,291,172,119
2021-05-28 16:00:00,294,176,118
2021-05-28 17:00:00,313,174,139
2021-05-28 18:00:00,283,165,118
2021-05-28 19:00:00,299,150,149
2021-05-28 20:00:00,217,91,126
2021-05-28 21:00:00,87,24,63
2021-05-28 22:00:00,19,11,8
2021-05-28 23:00:00,7,3,4
2021-05-29 00:00:00,6,4,2
2021-05-29 01:00:00,2,1,1
2021-05-29 02:00:00,5,3,2
2021-05-29 03:00:00,1,0,1
2021-05-29 04:00:00,5,2,3
2021-05-29 05:00:00,5,4,1
2021-05-29 06:00:00,47,25,22
2021-05-29 07:00:00,91,45,46
2021-05-29 08:00:00,141,81,60
2021-05-29 09:00:00,242,139,103
2021-05-29 10:00:00,303,147,156
2021-05-29 11:00:00,327,158,169
2021-05-29 12:00:00,343,161,182
2021-05-29 13:00:00,347,182,165
2021-05-29 14:00:00,331,173,158
2021-05-29 15:00:00,381,176,205
2021-05-29 16:00:00,401,187,214
2021-05-29 17:00:00,319,169,150
2021-05-29 18:00:00,309,154,155
2021-05-29 19:00:00,283,139,144
2021-05-29 20:00:00,189,79,110
2021-05-29 21:00:00,89,26,63
2021-05-29 22:00:00,28,14,14
2021-05-29 23:00:00,10,6,4
2021-05-30 00:00:00,7,4,3
2021-05-30 01:00:00,5,3,2
2021-05-30 02:00:00,0,0,0
2021-05-30 03:00:00,3,1,2
2021-05-30 04:00:00,1,1,0
2021-05-30 05:00:00,7,6,1
2021-05-30 06:00:00,38,20,18
2021-05-30 07:00:00,103,56,47
2021-05-30 08:00:00,161,90,71
2021-05-30 09:00:00,238,135,103
2021-05-30 10:00:00,307,168,139
2021-05-30 11:00:00,306,163,143
2021-05-30 12:00:00,261,119,142
2021-05-30 13:00:00,216,107,109
2021-05-30 14:00:00,223,107,116
2021-05-30 15:00:00,318,138,180
2021-05-30 16:00:00,272,120,152
2021-05-30 17:00:00,275,148,127
2021-05-30 18:00:00,262,121,141
2021-05-30 19:00:00,243,120,123
2021-05-30 20:00:00,218,98,120
2021-05-30 21:00:00,97,33,64
2021-05-30 22:00:00,24,14,10
2021-05-30 23:00:00,14,12,2
2021-05-31 00:00:00,38,38,0
2021-05-31 01:00:00,1,0,1
2021-05-31 02:00:00,3,2,1
2021-05-31 03:00:00,1,0,1
2021-05-31 04:00:00,4,4,0
2021-05-31 05:00:00,19,14,5
2021-05-31 06:00:00,52,31,21
2021-05-31 07:00:00,80,46,34
2021-05-31 08:00:00,186,98,88
2021-05-31 09:00:00,271,151,120
2021-05-31 10:00:00,296,159,137
2021-05-31 11:00:00,396,209,187
2021-05-31 12:00:00,347,154,193
2021-05-31 13:00:00,331,172,159
2021-05-31 14:00:00,370,187,183
2021-05-31 15:00:00,380,202,178
2021-05-31 16:00:00,319,161,158
2021-05-31 17:00:00,326,154,172
2021-05-31 18:00:00,347,176,171
2021-05-31 19:00:00,288,128,160
2021-05-31 20:00:00,218,100,118
2021-05-31 21:00:00,125,45,80
2021-05-31 22:00:00,25,9,16
2021-05-31 23:00:00,44,36,8
2021-06-01 00:00:00,8,4,4
2021-06-01 01:00:00,4,1,3
2021-06-01 02:00:00,6,3,3
2021-06-01 03:00:00,2,1,1
2021-06-01 04:00:00,4,1,3
2021-06-01 05:00:00,21,13,8
2021-06-01 06:00:00,82,45,37
2021-06-01 07:00:00,134,71,63
2021-06-01 08:00:00,160,74,86
2021-06-01 09:00:00,147,70,77
2021-06-01 10:00:00,164,84,80
2021-06-01 11:00:00,148,71,77
2021-06-01 12:00:00,244,127,117
2021-06-01 13:00:00,200,107,93
2021-06-01 14:00:00,175,99,76
2021-06-01 15:00:00,205,118,87
2021-06-01 16:00:00,331,200,131
2021-06-01 17:00:00,415,261,154
2021-06-01 18:00:00,455,255,200
2021-06-01 19:00:00,370,182,188
2021-06-01 20:00:00,340,153,187
2021-06-01 21:00:00,183,68,115
2021-06-01 22:00:00,33,6,27
2021-06-01 23:00:00,16,12,4
2021-06-02 00:00:00,4,2,2
2021-06-02 01:00:00,5,4,1
2021-06-02 02:00:00,8,8,0
2021-06-02 03:00:00,4,1,3
2021-06-02 04:00:00,3,2,1
2021-06-02 05:00:00,35,25,10
2021-06-02 06:00:00,132,73,59
2021-06-02 07:00:00,155,81,74
2021-06-02 08:00:00,170,83,87
2021-06-02 09:00:00,167,75,92
2021-06-02 10:00:00,177,90,87
2021-06-02 11:00:00,177,92,85
2021-06-02 12:00:00,196,95,101
2021-06-02 13:00:00,194,101,93
2021-06-02 14:00:00,143,63,80
2021-06-02 15:00:00,183,105,78
2021-06-02 16:00:00,221,119,102
2021-06-02 17:00:00,326,203,123
2021-06-02 18:00:00,513,354,159
2021-06-02 19:00:00,399,197,202
2021-06-02 20:00:00,369,164,205
2021-06-02 21:00:00,168,53,115
2021-06-02 22:00:00,21,8,13
2021-06-02 23:00:00,27,22,5
2021-06-03 00:00:00,105,100,5
2021-06-03 01:00:00,2,2,0
2021-06-03 02:00:00,3,2,1
2021-06-03 03:00:00,4,4,0
2021-06-03 04:00:00,6,2,4
2021-06-03 05:00:00,58,50,8
2021-06-03 06:00:00,150,100,50
2021-06-03 07:00:00,160,82,78
2021-06-03 08:00:00,172,90,82
2021-06-03 09:00:00,214,128,86
2021-06-03 10:00:00,161,86,75
2021-06-03 11:00:00,159,88,71
2021-06-03 12:00:00,218,125,93
2021-06-03 13:00:00,177,88,89
2021-06-03 14:00:00,185,92,93
2021-06-03 15:00:00,219,131,88
2021-06-03 16:00:00,231,126,105
2021-06-03 17:00:00,309,174,135
2021-06-03 18:00:00,356,197,159
2021-06-03 19:00:00,384,196,188
2021-06-03 20:00:00,254,95,159
2021-06-03 21:00:00,155,60,95
2021-06-03 22:00:00,30,8,22
2021-06-03 23:00:00,29,19,10
2021-06-04 00:00:00,9,7,2
2021-06-04 01:00:00,4,2,2
2021-06-04 02:00:00,8,6,2
2021-06-04 03:00:00,5,5,0
2021-06-04 04:00:00,1,1,0
2021-06-04 05:00:00,20,14,6
2021-06-04 06:00:00,96,64,32
2021-06-04 07:00:00,158,98,60
2021-06-04 08:00:00,171,110,61
2021-06-04 09:00:00,218,150,68
2021-06-04 10:00:00,231,148,83
2021-06-04 11:00:00,189,95,94
2021-06-04 12:00:00,170,91,79
2021-06-04 13:00:00,150,81,69
2021-06-04 14:00:00,180,103,77
2021-06-04 15:00:00,175,94,81
2021-06-04 16:00:00,272,161,111
2021-06-04 17:00:00,295,171,124
2021-06-04 18:00:00,403,242,161
2021-06-04 19:00:00,314,167,147
2021-06-04 20:00:00,256,135,121
2021-06-04 21:00:00,129,59,70
2021-06-04 22:00:00,337,324,13
2021-06-04 23:00:00,43,39,4
2021-06-05 00:00:00,199,190,9
2021-06-05 01:00:00,6,5,1
2021-06-05 02:00:00,0,0,0
2021-06-05 03:00:00,5,4,1
2021-06-05 04:00:00,1,0,1
2021-06-05 05:00:00,8,6,2
2021-06-05 06:00:00,53,30,23
2021-06-05 07:00:00,96,47,49
2021-06-05 08:00:00,160,91,69
2021-06-05 09:00:00,191,100,91
2021-06-05 10:00:00,279,167,112
2021-06-05 11:00:00,305,153,152
2021-06-05 12:00:00,250,124,126
2021-06-05 13:00:00,227,127,100
2021-06-05 14:00:00,265,134,131
2021-06-05 15:00:00,255,127,128
2021-06-05 16:00:00,217,108,109
2021-06-05 17:00:00,208,112,96
2021-06-05 18:00:00,157,80,77
2021-06-05 19:00:00,139,67,72
2021-06-05 20:00:00,119,40,79
2021-06-05 21:00:00,63,27,36
2021-06-05 22:00:00,43,30,13
2021-06-05 23:00:00,35,32,3
2021-06-06 00:00:00,83,78,5
2021-06-06 01:00:00,9,8,1
2021-06-06 02:00:00,2,1,1
2021-06-06 03:00:00,2,2,0
2021-06-06 04:00:00,1,1,0
2021-06-06 05:00:00,9,5,4
2021-06-06 06:00:00,32,18,14
2021-06-06 07:00:00,79,52,27
2021-06-06 08:00:00,139,75,64
2021-06-06 09:00:00,162,96,66
2021-06-06 10:00:00,152,74,78
2021-06-06 11:00:00,175,93,82
2021-06-06 12:00:00,151,76,75
2021-06-06 13:00:00,155,75,80
2021-06-06 14:00:00,129,79,50
2021-06-06 15:00:00,160,108,52
2021-06-06 16:00:00,176,92,84
2021-06-06 17:00:00,170,92,78
2021-06-06 18:00:00,225,182,43
2021-06-06 19:00:00,257,223,34
2021-06-06 20:00:00,367,263,104
2021-06-06 21:00:00,369,316,53
2021-06-06 22:00:00,129,127,2
2021-06-06 23:00:00,133,130,3
2021-06-07 00:00:00,38,37,1
2021-06-07 01:00:00,0,0,0
2021-06-07 02:00:00,2,1,1
2021-06-07 03:00:00,2,2,0
2021-06-07 04:00:00,1,0,1
2021-06-07 05:00:00,19,18,1
2021-06-07 06:00:00,105,78,27
2021-06-07 07:00:00,99,48,51
2021-06-07 08:00:00,135,81,54
2021-06-07 09:00:00,146,87,59
2021-06-07 10:00:00,120,70,50
2021-06-07 11:00:00,172,122,50
2021-06-07 12:00:00,195,104,91
2021-06-07 13:00:00,218,127,91
2021-06-07 14:00:00,161,82,79
2021-06-07 15:00:00,190,118,72
2021-06-07 16:00:00,343,226,117
2021-06-07 17:00:00,389,218,171
2021-06-07 18:00:00,497,277,220
2021-06-07 19:00:00,427,214,213
2021-06-07 20:00:00,284,127,157
2021-06-07 21:00:00,158,87,71
2021-06-07 22:00:00,46,31,15
2021-06-07 23:00:00,19,14,5
2021-06-08 00:00:00,12,12,0
2021-06-08 01:00:00,14,13,1
2021-06-08 02:00:00,8,7,1
2021-06-08 03:00:00,6,6,0
2021-06-08 04:00:00,96,93,3
2021-06-08 05:00:00,35,21,14
2021-06-08 06:00:00,145,83,62
2021-06-08 07:00:00,182,112,70
2021-06-08 08:00:00,180,94,86
2021-06-08 09:00:00,138,61,77
2021-06-08 10:00:00,191,106,85
2021-06-08 11:00:00,119,51,68
2021-06-08 12:00:00,179,92,87
2021-06-08 13:00:00,126,62,64
2021-06-08 14:00:00,191,104,87
2021-06-08 15:00:00,205,103,102
2021-06-08 16:00:00,284,160,124
2021-06-08 17:00:00,361,184,177
2021-06-08 18:00:00,382,206,176
2021-06-08 19:00:00,173,87,86
2021-06-08 20:00:00,152,91,61
2021-06-08 21:00:00,75,20,55
2021-06-08 22:00:00,18,11,7
2021-06-08 23:00:00,14,10,4
2021-06-09 00:00:00,8,4,4
2021-06-09 01:00:00,20,19,1
2021-06-09 02:00:00,0,0,0
2021-06-09 03:00:00,6,5,1
2021-06-09 04:00:00,12,10,2
2021-06-09 05:00:00,45,34,11
2021-06-09 06:00:00,93,46,47
2021-06-09 07:00:00,180,104,76
2021-06-09 08:00:00,212,135,77
2021-06-09 09:00:00,138,77,61
2021-06-09 10:00:00,163,93,70
2021-06-09 11:00:00,174,98,76
2021-06-09 12:00:00,235,116,119
2021-06-09 13:00:00,145,70,75
2021-06-09 14:00:00,168,83,85
2021-06-09 15:00:00,215,126,89
2021-06-09 16:00:00,364,246,118
2021-06-09 17:00:00,458,289,169
2021-06-09 18:00:00,494,304,190
2021-06-09 19:00:00,441,222,219
2021-06-09 20:00:00,364,190,174
2021-06-09 21:00:00,120,42,78
2021-06-09 22:00:00,26,9,17
2021-06-09 23:00:00,14,5,9
2021-06-10 00:00:00,1,1,0
2021-06-10 01:00:00,0,0,0
2021-06-10 02:00:00,0,0,0
2021-06-10 03:00:00,1,1,0
2021-06-10 04:00:00,3,1,2
2021-06-10 05:00:00,31,22,9
2021-06-10 06:00:00,106,53,53
2021-06-10 07:00:00,140,73,67
2021-06-10 08:00:00,272,185,87
2021-06-10 09:00:00,103,44,59
2021-06-10 10:00:00,137,79,58
2021-06-10 11:00:00,198,105,93
2021-06-10 12:00:00,216,127,89
2021-06-10 13:00:00,135,65,70
2021-06-10 14:00:00,156,80,76
2021-06-10 15:00:00,178,98,80
2021-06-10 16:00:00,221,128,93
2021-06-10 17:00:00,292,164,128
2021-06-10 18:00:00,405,228,177
2021-06-10 19:00:00,304,148,156
2021-06-10 20:00:00,238,91,147
2021-06-10 21:00:00,94,32,62
2021-06-10 22:00:00,28,9,19
2021-06-10 23:00:00,1,0,1
2021-06-11 00:00:00,1,1,0
2021-06-11 01:00:00,0,0,0
2021-06-11 02:00:00,0,0,0
2021-06-11 03:00:00,2,2,0
2021-06-11 04:00:00,4,3,1
2021-06-11 05:00:00,23,16,7
2021-06-11 06:00:00,77,40,37
2021-06-11 07:00:00,113,59,54
2021-06-11 08:00:00,129,55,74
2021-06-11 09:00:00,106,64,42
2021-06-11 10:00:00,132,71,61
2021-06-11 11:00:00,63,29,34
2021-06-11 12:00:00,97,66,31
2021-06-11 13:00:00,33,16,17
2021-06-11 14:00:00,51,23,28
2021-06-11 15:00:00,68,39,29
2021-06-11 16:00:00,67,37,30
2021-06-11 17:00:00,128,72,56
2021-06-11 18:00:00,127,64,63
2021-06-11 19:00:00,170,82,88
2021-06-11 20:00:00,147,70,77
2021-06-11 21:00:00,74,31,43
2021-06-11 22:00:00,20,9,11
2021-06-11 23:00:00,2,1,1
2021-06-12 00:00:00,3,2,1
2021-06-12 01:00:00,1,0,1
2021-06-12 02:00:00,1,0,1
2021-06-12 03:00:00,1,1,0
2021-06-12 04:00:00,2,2,0
2021-06-12 05:00:00,11,6,5
2021-06-12 06:00:00,56,32,24
2021-06-12 07:00:00,107,59,48
2021-06-12 08:00:00,214,121,93
2021-06-12 09:00:00,279,133,146
2021-06-12 10:00:00,352,147,205
2021-06-12 11:00:00,302,129,173
2021-06-12 12:00:00,293,123,170
2021-06-12 13:00:00,290,142,148
2021-06-12 14:00:00,351,190,161
2021-06-12 15:00:00,403,206,197
2021-06-12 16:00:00,337,171,166
2021-06-12 17:00:00,257,128,129
2021-06-12 18:00:00,282,127,155
2021-06-12 19:00:00,279,152,127
2021-06-12 20:00:00,168,90,78
2021-06-12 21:00:00,254,225,29
2021-06-12 22:00:00,70,63,7
2021-06-12 23:00:00,82,75,7
2021-06-13 00:00:00,15,11,4
2021-06-13 01:00:00,10,6,4
2021-06-13 02:00:00,0,0,0
2021-06-13 03:00:00,0,0,0
2021-06-13 04:00:00,1,1,0
2021-06-13 05:00:00,6,5,1
2021-06-13 06:00:00,25,13,12
2021-06-13 07:00:00,44,26,18
2021-06-13 08:00:00,104,56,48
2021-06-13 09:00:00,101,49,52
2021-06-13 10:00:00,137,65,72
2021-06-13 11:00:00,209,96,113
2021-06-13 12:00:00,217,103,114
2021-06-13 13:00:00,221,90,131
2021-06-13 14:00:00,144,58,86
2021-06-13 15:00:00,58,22,36
2021-06-13 16:00:00,42,22,20
2021-06-13 17:00:00,54,24,30
2021-06-13 18:00:00,44,22,22
2021-06-13 19:00:00,38,16,22
2021-06-13 20:00:00,70,40,30
2021-06-13 21:00:00,87,32,55
2021-06-13 22:00:00,13,4,9
2021-06-13 23:00:00,5,1,4
2021-06-14 00:00:00,3,2,1
2021-06-14 01:00:00,5,0,5
2021-06-14 02:00:00,1,1,0
2021-06-14 03:00:00,2,1,1
2021-06-14 04:00:00,1,0,1
2021-06-14 05:00:00,9,6,3
2021-06-14 06:00:00,55,30,25
2021-06-14 07:00:00,101,56,45
2021-06-14 08:00:00,94,49,45
2021-06-14 09:00:00,88,41,47
2021-06-14 10:00:00,96,41,55
2021-06-14 11:00:00,85,26,59
2021-06-14 12:00:00,81,42,39
2021-06-14 13:00:00,78,31,47
2021-06-14 14:00:00,120,71,49
2021-06-14 15:00:00,158,73,85
2021-06-14 16:00:00,186,93,93
2021-06-14 17:00:00,229,121,108
2021-06-14 18:00:00,368,199,169
2021-06-14 19:00:00,327,156,171
2021-06-14 20:00:00,279,135,144
2021-06-14 21:00:00,181,66,115
2021-06-14 22:00:00,48,28,20
2021-06-14 23:00:00,6,1,5
2021-06-15 00:00:00,17,15,2
2021-06-15 01:00:00,15,15,0
2021-06-15 02:00:00,3,3,0
2021-06-15 03:00:00,1,1,0
2021-06-15 04:00:00,1,0,1
2021-06-15 05:00:00,33,19,14
2021-06-15 06:00:00,102,58,44
2021-06-15 07:00:00,194,87,107
2021-06-15 08:00:00,184,86,98
2021-06-15 09:00:00,142,72,70
2021-06-15 10:00:00,128,66,62
2021-06-15 11:00:00,167,81,86
2021-06-15 12:00:00,220,102,118
2021-06-15 13:00:00,156,84,72
2021-06-15 14:00:00,173,114,59
2021-06-15 15:00:00,161,98,63
2021-06-15 16:00:00,184,87,97
2021-06-15 17:00:00,266,165,101
2021-06-15 18:00:00,387,208,179
2021-06-15 19:00:00,423,201,222
2021-06-15 20:00:00,281,129,152
2021-06-15 21:00:00,166,74,92
2021-06-15 22:00:00,57,40,17
2021-06-15 23:00:00,2,2,0
2021-06-16 00:00:00,3,2,1
2021-06-16 01:00:00,1,0,1
2021-06-16 02:00:00,1,0,1
2021-06-16 03:00:00,3,2,1
2021-06-16 04:00:00,5,2,3
2021-06-16 05:00:00,24,18,6
2021-06-16 06:00:00,104,57,47
2021-06-16 07:00:00,140,72,68
2021-06-16 08:00:00,161,78,83
2021-06-16 09:00:00,166,88,78
2021-06-16 10:00:00,211,142,69
2021-06-16 11:00:00,168,90,78
2021-06-16 12:00:00,226,111,115
2021-06-16 13:00:00,169,87,82
2021-06-16 14:00:00,205,109,96
2021-06-16 15:00:00,213,117,96
2021-06-16 16:00:00,301,170,131
2021-06-16 17:00:00,363,214,149
2021-06-16 18:00:00,471,273,198
2021-06-16 19:00:00,498,246,252
2021-06-16 20:00:00,371,156,215
2021-06-16 21:00:00,186,76,110
2021-06-16 22:00:00,67,42,25
2021-06-16 23:00:00,19,14,5
2021-06-17 00:00:00,3,1,2
2021-06-17 01:00:00,0,0,0
2021-06-17 02:00:00,3,2,1
2021-06-17 03:00:00,2,1,1
2021-06-17 04:00:00,5,3,2
2021-06-17 05:00:00,33,26,7
2021-06-17 06:00:00,133,89,44
2021-06-17 07:00:00,185,95,90
2021-06-17 08:00:00,189,87,102
2021-06-17 09:00:00,152,81,71
2021-06-17 10:00:00,169,89,80
2021-06-17 11:00:00,177,98,79
2021-06-17 12:00:00,237,118,119
2021-06-17 13:00:00,169,80,89
2021-06-17 14:00:00,221,133,88
2021-06-17 15:00:00,219,128,91
2021-06-17 16:00:00,297,176,121
2021-06-17 17:00:00,370,226,144
2021-06-17 18:00:00,423,252,171
2021-06-17 19:00:00,408,200,208
2021-06-17 20:00:00,367,175,192
2021-06-17 21:00:00,213,99,114
2021-06-17 22:00:00,38,20,18
2021-06-17 23:00:00,9,7,2
2021-06-18 00:00:00,7,6,1
2021-06-18 01:00:00,2,2,0
2021-06-18 02:00:00,1,1,0
2021-06-18 03:00:00,1,0,1
2021-06-18 04:00:00,3,1,2
2021-06-18 05:00:00,23,22,1
2021-06-18 06:00:00,99,66,33
2021-06-18 07:00:00,137,64,73
2021-06-18 08:00:00,189,91,98
2021-06-18 09:00:00,217,113,104
2021-06-18 10:00:00,258,123,135
2021-06-18 11:00:00,264,147,117
2021-06-18 12:00:00,273,137,136
2021-06-18 13:00:00,259,155,104
2021-06-18 14:00:00,218,121,97
2021-06-18 15:00:00,260,139,121
2021-06-18 16:00:00,283,169,114
2021-06-18 17:00:00,280,166,114
2021-06-18 18:00:00,338,189,149
2021-06-18 19:00:00,337,179,158
2021-06-18 20:00:00,257,127,130
2021-06-18 21:00:00,162,57,105
2021-06-18 22:00:00,28,8,20
2021-06-18 23:00:00,5,1,4
2021-06-19 00:00:00,9,5,4
2021-06-19 01:00:00,1,0,1
2021-06-19 02:00:00,0,0,0
2021-06-19 03:00:00,2,2,0
2021-06-19 04:00:00,5,3,2
2021-06-19 05:00:00,11,8,3
2021-06-19 06:00:00,46,19,27
2021-06-19 07:00:00,107,65,42
2021-06-19 08:00:00,217,122,95
2021-06-19 09:00:00,248,124,124
2021-06-19 10:00:00,329,165,164
2021-06-19 11:00:00,318,156,162
2021-06-19 12:00:00,241,105,136
2021-06-19 13:00:00,250,112,138
2021-06-19 14:00:00,293,151,142
2021-06-19 15:00:00,358,192,166
2021-06-19 16:00:00,336,172,164
2021-06-19 17:00:00,291,137,154
2021-06-19 18:00:00,286,149,137
2021-06-19 19:00:00,286,154,132
2021-06-19 20:00:00,263,120,143
2021-06-19 21:00:00,190,73,117
2021-06-19 22:00:00,55,24,31
2021-06-19 23:00:00,8,4,4
2021-06-20 00:00:00,9,6,3
2021-06-20 01:00:00,6,5,1
2021-06-20 02:00:00,5,2,3
2021-06-20 03:00:00,0,0,0
2021-06-20 04:00:00,2,2,0
2021-06-20 05:00:00,17,12,5
2021-06-20 06:00:00,59,30,29
2021-06-20 07:00:00,128,74,54
2021-06-20 08:00:00,188,116,72
2021-06-20 09:00:00,233,117,116
2021-06-20 10:00:00,281,139,142
2021-06-20 11:00:00,427,246,181
2021-06-20 12:00:00,314,162,152
2021-06-20 13:00:00,363,194,169
2021-06-20 14:00:00,375,191,184
2021-06-20 15:00:00,358,196,162
2021-06-20 16:00:00,328,179,149
2021-06-20 17:00:00,321,174,147
2021-06-20 18:00:00,308,167,141
2021-06-20 19:00:00,299,171,128
2021-06-20 20:00:00,252,118,134
2021-06-20 21:00:00,206,95,111
2021-06-20 22:00:00,39,20,19
2021-06-20 23:00:00,13,5,8
2021-06-21 00:00:00,6,2,4
2021-06-21 01:00:00,3,2,1
2021-06-21 02:00:00,3,1,2
2021-06-21 03:00:00,1,1,0
2021-06-21 04:00:00,3,2,1
2021-06-21 05:00:00,26,18,8
2021-06-21 06:00:00,97,49,48
2021-06-21 07:00:00,152,78,74
2021-06-21 08:00:00,175,80,95
2021-06-21 09:00:00,169,67,102
2021-06-21 10:00:00,211,119,92
2021-06-21 11:00:00,242,134,108
2021-06-21 12:00:00,239,118,121
2021-06-21 13:00:00,167,75,92
2021-06-21 14:00:00,172,95,77
2021-06-21 15:00:00,198,110,88
2021-06-21 16:00:00,222,135,87
2021-06-21 17:00:00,302,169,133
2021-06-21 18:00:00,312,167,145
2021-06-21 19:00:00,354,171,183
2021-06-21 20:00:00,403,196,207
2021-06-21 21:00:00,316,128,188
2021-06-21 22:00:00,80,20,60
2021-06-21 23:00:00,21,16,5
2021-06-22 00:00:00,4,0,4
2021-06-22 01:00:00,3,2,1
2021-06-22 02:00:00,3,2,1
2021-06-22 03:00:00,1,1,0
2021-06-22 04:00:00,7,3,4
2021-06-22 05:00:00,36,20,16
2021-06-22 06:00:00,138,85,53
2021-06-22 07:00:00,194,97,97
2021-06-22 08:00:00,172,83,89
2021-06-22 09:00:00,213,134,79
2021-06-22 10:00:00,167,73,94
2021-06-22 11:00:00,237,150,87
2021-06-22 12:00:00,208,112,96
2021-06-22 13:00:00,180,78,102
2021-06-22 14:00:00,156,81,75
2021-06-22 15:00:00,183,94,89
2021-06-22 16:00:00,214,123,91
2021-06-22 17:00:00,265,148,117
2021-06-22 18:00:00,459,282,177
2021-06-22 19:00:00,415,228,187
2021-06-22 20:00:00,332,154,178
2021-06-22 21:00:00,246,84,162
2021-06-22 22:00:00,58,15,43
2021-06-22 23:00:00,60,54,6
2021-06-23 00:00:00,5,1,4
2021-06-23 01:00:00,1,1,0
2021-06-23 02:00:00,4,4,0
2021-06-23 03:00:00,4,3,1
2021-06-23 04:00:00,2,1,1
2021-06-23 05:00:00,36,26,10
2021-06-23 06:00:00,101,53,48
2021-06-23 07:00:00,140,76,64
2021-06-23 08:00:00,189,93,96
2021-06-23 09:00:00,148,66,82
2021-06-23 10:00:00,116,58,58
2021-06-23 11:00:00,145,70,75
2021-06-23 12:00:00,193,82,111
2021-06-23 13:00:00,201,96,105
2021-06-23 14:00:00,181,88,93
2021-06-23 15:00:00,166,84,82
2021-06-23 16:00:00,256,145,111
2021-06-23 17:00:00,302,179,123
2021-06-23 18:00:00,366,195,171
2021-06-23 19:00:00,403,204,199
2021-06-23 20:00:00,391,176,215
2021-06-23 21:00:00,283,97,186
2021-06-23 22:00:00,40,12,28
2021-06-23 23:00:00,6,2,4
2021-06-24 00:00:00,2,1,1
2021-06-24 01:00:00,3,2,1
2021-06-24 02:00:00,1,1,0
2021-06-24 03:00:00,4,3,1
2021-06-24 04:00:00,2,1,1
2021-06-24 05:00:00,27,19,8
2021-06-24 06:00:00,151,84,67
2021-06-24 07:00:00,160,85,75
2021-06-24 08:00:00,228,126,102
2021-06-24 09:00:00,185,99,86
2021-06-24 10:00:00,168,89,79
2021-06-24 11:00:00,165,77,88
2021-06-24 12:00:00,191,104,87
2021-06-24 13:00:00,170,83,87
2021-06-24 14:00:00,156,82,74
2021-06-24 15:00:00,190,95,95
2021-06-24 16:00:00,249,141,108
2021-06-24 17:00:00,246,161,85
2021-06-24 18:00:00,313,156,157
2021-06-24 19:00:00,291,147,144
2021-06-24 20:00:00,331,152,179
2021-06-24 21:00:00,202,80,122
2021-06-24 22:00:00,51,19,32
2021-06-24 23:00:00,33,11,22
2021-06-25 00:00:00,7,1,6
2021-06-25 01:00:00,3,1,2
2021-06-25 02:00:00,0,0,0
2021-06-25 03:00:00,2,2,0
2021-06-25 04:00:00,3,2,1
2021-06-25 05:00:00,24,18,6
2021-06-25 06:00:00,106,58,48
2021-06-25 07:00:00,191,106,85
2021-06-25 08:00:00,244,118,126
2021-06-25 09:00:00,221,104,117
2021-06-25 10:00:00,140,65,75
2021-06-25 11:00:00,180,91,89
2021-06-25 12:00:00,207,106,101
2021-06-25 13:00:00,128,45,83
2021-06-25 14:00:00,122,67,55
2021-06-25 15:00:00,160,88,72
2021-06-25 16:00:00,184,111,73
2021-06-25 17:00:00,156,80,76
2021-06-25 18:00:00,198,106,92
2021-06-25 19:00:00,249,120,129
2021-06-25 20:00:00,215,100,115
2021-06-25 21:00:00,225,95,130
2021-06-25 22:00:00,63,14,49
2021-06-25 23:00:00,34,17,17
2021-06-26 00:00:00,32,24,8
2021-06-26 01:00:00,12,9,3
2021-06-26 02:00:00,6,6,0
2021-06-26 03:00:00,2,1,1
2021-06-26 04:00:00,4,3,1
2021-06-26 05:00:00,23,15,8
2021-06-26 06:00:00,85,46,39
2021-06-26 07:00:00,217,130,87
2021-06-26 08:00:00,285,156,129
2021-06-26 09:00:00,344,177,167
2021-06-26 10:00:00,255,108,147
2021-06-26 11:00:00,173,67,106
2021-06-26 12:00:00,143,62,81
2021-06-26 13:00:00,116,57,59
2021-06-26 14:00:00,126,62,64
2021-06-26 15:00:00,146,67,79
2021-06-26 16:00:00,139,93,46
2021-06-26 17:00:00,110,58,52
2021-06-26 18:00:00,69,31,38
2021-06-26 19:00:00,67,24,43
2021-06-26 20:00:00,170,94,76
2021-06-26 21:00:00,201,89,112
2021-06-26 22:00:00,63,27,36
2021-06-26 23:00:00,18,8,10
2021-06-27 00:00:00,22,14,8
2021-06-27 01:00:00,5,3,2
2021-06-27 02:00:00,3,1,2
2021-06-27 03:00:00,0,0,0
2021-06-27 04:00:00,3,3,0
2021-06-27 05:00:00,22,15,7
2021-06-27 06:00:00,105,64,41
2021-06-27 07:00:00,229,118,111
2021-06-27 08:00:00,232,118,114
2021-06-27 09:00:00,234,112,122
2021-06-27 10:00:00,177,79,98
2021-06-27 11:00:00,155,65,90
2021-06-27 12:00:00,97,45,52
2021-06-27 13:00:00,77,42,35
2021-06-27 14:00:00,105,66,39
2021-06-27 15:00:00,122,55,67
2021-06-27 16:00:00,127,73,54
2021-06-27 17:00:00,97,51,46
2021-06-27 18:00:00,112,61,51
2021-06-27 19:00:00,111,66,45
2021-06-27 20:00:00,178,88,90
2021-06-27 21:00:00,213,93,120
2021-06-27 22:00:00,65,24,41
2021-06-27 23:00:00,23,12,11
2021-06-28 00:00:00,8,4,4
2021-06-28 01:00:00,1,1,0
2021-06-28 02:00:00,2,2,0
2021-06-28 03:00:00,3,3,0
2021-06-28 04:00:00,17,15,2
2021-06-28 05:00:00,67,42,25
2021-06-28 06:00:00,146,83,63
2021-06-28 07:00:00,223,107,116
2021-06-28 08:00:00,187,80,107
2021-06-28 09:00:00,73,24,49
2021-06-28 10:00:00,53,19,34
2021-06-28 11:00:00,54,28,26
2021-06-28 12:00:00,50,23,27
2021-06-28 13:00:00,60,31,29
2021-06-28 14:00:00,32,18,14
2021-06-28 15:00:00,49,33,16
2021-06-28 16:00:00,64,47,17
2021-06-28 17:00:00,78,39,39
2021-06-28 18:00:00,95,43,52
2021-06-28 19:00:00,85,42,43
2021-06-28 20:00:00,117,66,51
2021-06-28 21:00:00,174,70,104
2021-06-28 22:00:00,69,26,43
2021-06-28 23:00:00,26,12,14
2021-06-29 00:00:00,13,4,9
2021-06-29 01:00:00,2,2,0
2021-06-29 02:00:00,0,0,0
2021-06-29 03:00:00,5,3,2
2021-06-29 04:00:00,3,1,2
2021-06-29 05:00:00,58,46,12
2021-06-29 06:00:00,157,80,77
2021-06-29 07:00:00,256,126,130
2021-06-29 08:00:00,264,139,125
2021-06-29 09:00:00,197,97,100
2021-06-29 10:00:00,173,80,93
2021-06-29 11:00:00,136,57,79
2021-06-29 12:00:00,135,67,68
2021-06-29 13:00:00,95,42,53
2021-06-29 14:00:00,108,49,59
2021-06-29 15:00:00,111,56,55
2021-06-29 16:00:00,132,74,58
2021-06-29 17:00:00,166,96,70
2021-06-29 18:00:00,215,111,104
2021-06-29 19:00:00,257,117,140
2021-06-29 20:00:00,278,150,128
2021-06-29 21:00:00,251,95,156
2021-06-29 22:00:00,58,17,41
2021-06-29 23:00:00,20,14,6
2021-06-30 00:00:00,19,13,6
2021-06-30 01:00:00,22,13,9
2021-06-30 02:00:00,10,9,1
2021-06-30 03:00:00,4,4,0
2021-06-30 04:00:00,6,5,1
2021-06-30 05:00:00,35,20,15
2021-06-30 06:00:00,143,86,57
2021-06-30 07:00:00,204,102,102
2021-06-30 08:00:00,211,116,95
2021-06-30 09:00:00,163,77,86
2021-06-30 10:00:00,141,71,70
2021-06-30 11:00:00,127,57,70
2021-06-30 12:00:00,166,85,81
2021-06-30 13:00:00,138,57,81
2021-06-30 14:00:00,172,91,81
2021-06-30 15:00:00,155,79,76
2021-06-30 16:00:00,176,77,99
2021-06-30 17:00:00,235,118,117
2021-06-30 18:00:00,281,148,133
2021-06-30 19:00:00,283,129,154
2021-06-30 20:00:00,226,93,133
2021-06-30 21:00:00,119,36,83
2021-06-30 22:00:00,27,11,16
2021-06-30 23:00:00,10,3,7
2021-07-01 00:00:00,2,0,2
2021-07-01 01:00:00,3,1,2
2021-07-01 02:00:00,2,0,2
2021-07-01 03:00:00,1,1,0
2021-07-01 04:00:00,4,1,3
2021-07-01 05:00:00,28,20,8
2021-07-01 06:00:00,123,68,55
2021-07-01 07:00:00,165,80,85
2021-07-01 08:00:00,161,83,78
2021-07-01 09:00:00,160,70,90
2021-07-01 10:00:00,116,52,64
2021-07-01 11:00:00,113,50,63
2021-07-01 12:00:00,191,95,96
2021-07-01 13:00:00,125,63,62
2021-07-01 14:00:00,128,63,65
2021-07-01 15:00:00,154,77,77
2021-07-01 16:00:00,212,106,106
2021-07-01 17:00:00,192,83,109
2021-07-01 18:00:00,257,139,118
2021-07-01 19:00:00,250,108,142
2021-07-01 20:00:00,230,102,128
2021-07-01 21:00:00,145,56,89
2021-07-01 22:00:00,35,15,20
2021-07-01 23:00:00,22,8,14
2021-07-02 00:00:00,8,3,5
2021-07-02 01:00:00,1,0,1
2021-07-02 02:00:00,2,1,1
2021-07-02 03:00:00,0,0,0
2021-07-02 04:00:00,5,4,1
2021-07-02 05:00:00,21,15,6
2021-07-02 06:00:00,100,52,48
2021-07-02 07:00:00,140,66,74
2021-07-02 08:00:00,198,102,96
2021-07-02 09:00:00,162,75,87
2021-07-02 10:00:00,158,84,74
2021-07-02 11:00:00,181,86,95
2021-07-02 12:00:00,175,87,88
2021-07-02 13:00:00,171,76,95
2021-07-02 14:00:00,179,83,96
2021-07-02 15:00:00,173,87,86
2021-07-02 16:00:00,202,104,98
2021-07-02 17:00:00,188,101,87
2021-07-02 18:00:00,197,90,107
2021-07-02 19:00:00,273,131,142
2021-07-02 20:00:00,223,105,118
2021-07-02 21:00:00,193,70,123
2021-07-02 22:00:00,33,15,18
2021-07-02 23:00:00,15,4,11
2021-07-03 00:00:00,8,6,2
2021-07-03 01:00:00,5,3,2
2021-07-03 02:00:00,3,1,2
2021-07-03 03:00:00,2,2,0
2021-07-03 04:00:00,7,4,3
2021-07-03 05:00:00,23,11,12
2021-07-03 06:00:00,64,37,27
2021-07-03 07:00:00,124,67,57
2021-07-03 08:00:00,207,120,87
2021-07-03 09:00:00,246,122,124
2021-07-03 10:00:00,277,136,141
2021-07-03 11:00:00,255,110,145
2021-07-03 12:00:00,262,121,141
2021-07-03 13:00:00,233,103,130
2021-07-03 14:00:00,213,79,134
2021-07-03 15:00:00,210,92,118
2021-07-03 16:00:00,225,102,123
2021-07-03 17:00:00,208,92,116
2021-07-03 18:00:00,177,80,97
2021-07-03 19:00:00,214,107,107
2021-07-03 20:00:00,198,91,107
2021-07-03 21:00:00,205,76,129
2021-07-03 22:00:00,58,18,40
2021-07-03 23:00:00,17,10,7
2021-07-04 00:00:00,5,4,1
2021-07-04 01:00:00,5,2,3
2021-07-04 02:00:00,1,0,1
2021-07-04 03:00:00,0,0,0
2021-07-04 04:00:00,3,1,2
2021-07-04 05:00:00,7,4,3
2021-07-04 06:00:00,61,35,26
2021-07-04 07:00:00,112,48,64
2021-07-04 08:00:00,180,97,83
2021-07-04 09:00:00,234,130,104
2021-07-04 10:00:00,263,119,144
2021-07-04 11:00:00,276,126,150
2021-07-04 12:00:00,226,106,120
2021-07-04 13:00:00,234,115,119
2021-07-04 14:00:00,249,110,139
2021-07-04 15:00:00,225,97,128
2021-07-04 16:00:00,267,121,146
2021-07-04 17:00:00,196,103,93
2021-07-04 18:00:00,212,99,113
2021-07-04 19:00:00,220,106,114
2021-07-04 20:00:00,243,113,130
2021-07-04 21:00:00,202,76,126
2021-07-04 22:00:00,101,38,63
2021-07-04 23:00:00,19,5,14
2021-07-05 00:00:00,3,2,1
2021-07-05 01:00:00,2,2,0
2021-07-05 02:00:00,4,4,0
2021-07-05 03:00:00,5,2,3
2021-07-05 04:00:00,4,4,0
2021-07-05 05:00:00,14,10,4
2021-07-05 06:00:00,47,25,22
2021-07-05 07:00:00,107,63,44
2021-07-05 08:00:00,154,88,66
2021-07-05 09:00:00,191,85,106
2021-07-05 10:00:00,233,123,110
2021-07-05 11:00:00,226,99,127
2021-07-05 12:00:00,221,99,122
2021-07-05 13:00:00,221,104,117
2021-07-05 14:00:00,289,154,135
2021-07-05 15:00:00,246,105,141
2021-07-05 16:00:00,453,257,196
2021-07-05 17:00:00,294,163,131
2021-07-05 18:00:00,271,142,129
2021-07-05 19:00:00,274,134,140
2021-07-05 20:00:00,276,132,144
2021-07-05 21:00:00,174,64,110
2021-07-05 22:00:00,37,11,26
2021-07-05 23:00:00,4,0,4
2021-07-06 00:00:00,2,1,1
2021-07-06 01:00:00,2,2,0
2021-07-06 02:00:00,0,0,0
2021-07-06 03:00:00,1,1,0
2021-07-06 04:00:00,6,2,4
2021-07-06 05:00:00,31,22,9
2021-07-06 06:00:00,90,44,46
2021-07-06 07:00:00,126,64,62
2021-07-06 08:00:00,174,91,83
2021-07-06 09:00:00,152,63,89
2021-07-06 10:00:00,248,194,54
2021-07-06 11:00:00,141,73,68
2021-07-06 12:00:00,218,105,113
2021-07-06 13:00:00,189,91,98
2021-07-06 14:00:00,161,84,77
2021-07-06 15:00:00,193,86,107
2021-07-06 16:00:00,189,106,83
2021-07-06 17:00:00,279,156,123
2021-07-06 18:00:00,294,155,139
2021-07-06 19:00:00,335,159,176
2021-07-06 20:00:00,290,133,157
2021-07-06 21:00:00,206,72,134
2021-07-06 22:00:00,34,15,19
2021-07-06 23:00:00,10,7,3
2021-07-07 00:00:00,7,2,5
2021-07-07 01:00:00,1,1,0
2021-07-07 02:00:00,0,0,0
2021-07-07 03:00:00,2,2,0
2021-07-07 04:00:00,1,0,1
2021-07-07 05:00:00,39,28,11
2021-07-07 06:00:00,103,49,54
2021-07-07 07:00:00,133,72,61
2021-07-07 08:00:00,163,81,82
2021-07-07 09:00:00,163,101,62
2021-07-07 10:00:00,189,125,64
2021-07-07 11:00:00,141,67,74
2021-07-07 12:00:00,175,90,85
2021-07-07 13:00:00,128,56,72
2021-07-07 14:00:00,131,70,61
2021-07-07 15:00:00,170,93,77
2021-07-07 16:00:00,228,110,118
2021-07-07 17:00:00,287,150,137
2021-07-07 18:00:00,331,173,158
2021-07-07 19:00:00,351,173,178
2021-07-07 20:00:00,335,146,189
2021-07-07 21:00:00,213,98,115
2021-07-07 22:00:00,55,19,36
2021-07-07 23:00:00,12,7,5
2021-07-08 00:00:00,5,2,3
2021-07-08 01:00:00,2,1,1
2021-07-08 02:00:00,1,0,1
2021-07-08 03:00:00,1,1,0
2021-07-08 04:00:00,2,0,2
2021-07-08 05:00:00,17,11,6
2021-07-08 06:00:00,74,49,25
2021-07-08 07:00:00,141,62,79
2021-07-08 08:00:00,179,94,85
2021-07-08 09:00:00,127,62,65
2021-07-08 10:00:00,123,61,62
2021-07-08 11:00:00,155,84,71
2021-07-08 12:00:00,170,76,94
2021-07-08 13:00:00,134,67,67
2021-07-08 14:00:00,157,84,73
2021-07-08 15:00:00,147,71,76
2021-07-08 16:00:00,211,115,96
2021-07-08 17:00:00,268,156,112
2021-07-08 18:00:00,321,170,151
2021-07-08 19:00:00,318,154,164
2021-07-08 20:00:00,304,158,146
2021-07-08 21:00:00,230,72,158
2021-07-08 22:00:00,48,20,28
2021-07-08 23:00:00,26,20,6
2021-07-09 00:00:00,10,9,1
2021-07-09 01:00:00,11,4,7
2021-07-09 02:00:00,1,1,0
2021-07-09 03:00:00,1,1,0
2021-07-09 04:00:00,2,1,1
2021-07-09 05:00:00,18,11,7
2021-07-09 06:00:00,90,47,43
2021-07-09 07:00:00,167,92,75
2021-07-09 08:00:00,214,114,100
2021-07-09 09:00:00,173,91,82
2021-07-09 10:00:00,182,88,94
2021-07-09 11:00:00,199,103,96
2021-07-09 12:00:00,225,113,112
2021-07-09 13:00:00,164,88,76
2021-07-09 14:00:00,163,78,85
2021-07-09 15:00:00,218,120,98
2021-07-09 16:00:00,202,115,87
2021-07-09 17:00:00,254,132,122
2021-07-09 18:00:00,277,157,120
2021-07-09 19:00:00,283,145,138
2021-07-09 20:00:00,256,116,140
2021-07-09 21:00:00,163,59,104
2021-07-09 22:00:00,37,14,23
2021-07-09 23:00:00,10,5,5
2021-07-10 00:00:00,5,2,3
2021-07-10 01:00:00,3,1,2
2021-07-10 02:00:00,0,0,0
2021-07-10 03:00:00,0,0,0
2021-07-10 04:00:00,2,2,0
2021-07-10 05:00:00,13,7,6
2021-07-10 06:00:00,65,37,28
2021-07-10 07:00:00,121,70,51
2021-07-10 08:00:00,171,92,79
2021-07-10 09:00:00,244,117,127
2021-07-10 10:00:00,252,131,121
2021-07-10 11:00:00,282,122,160
2021-07-10 12:00:00,254,135,119
2021-07-10 13:00:00,281,115,166
2021-07-10 14:00:00,258,112,146
2021-07-10 15:00:00,290,135,155
2021-07-10 16:00:00,229,114,115
2021-07-10 17:00:00,234,112,122
2021-07-10 18:00:00,220,113,107
2021-07-10 19:00:00,255,132,123
2021-07-10 20:00:00,266,130,136
2021-07-10 21:00:00,188,63,125
2021-07-10 22:00:00,33,19,14
2021-07-10 23:00:00,14,6,8
2021-07-11 00:00:00,2,2,0
2021-07-11 01:00:00,1,1,0
2021-07-11 02:00:00,2,1,1
2021-07-11 03:00:00,1,0,1
2021-07-11 04:00:00,2,1,1
2021-07-11 05:00:00,9,8,1
2021-07-11 06:00:00,65,44,21
2021-07-11 07:00:00,139,76,63
2021-07-11 08:00:00,184,97,87
2021-07-11 09:00:00,286,159,127
2021-07-11 10:00:00,276,127,149
2021-07-11 11:00:00,310,149,161
2021-07-11 12:00:00,295,151,144
2021-07-11 13:00:00,245,135,110
2021-07-11 14:00:00,211,100,111
2021-07-11 15:00:00,328,184,144
2021-07-11 16:00:00,310,161,149
2021-07-11 17:00:00,250,134,116
2021-07-11 18:00:00,249,133,116
2021-07-11 19:00:00,249,114,135
2021-07-11 20:00:00,294,145,149
2021-07-11 21:00:00,188,65,123
2021-07-11 22:00:00,94,77,17
2021-07-11 23:00:00,32,31,1
2021-07-12 00:00:00,1,0,1
2021-07-12 01:00:00,0,0,0
2021-07-12 02:00:00,1,1,0
2021-07-12 03:00:00,2,1,1
2021-07-12 04:00:00,0,0,0
2021-07-12 05:00:00,24,18,6
2021-07-12 06:00:00,127,80,47
2021-07-12 07:00:00,177,83,94
2021-07-12 08:00:00,171,87,84
2021-07-12 09:00:00,188,104,84
2021-07-12 10:00:00,163,93,70
2021-07-12 11:00:00,192,93,99
2021-07-12 12:00:00,290,175,115
2021-07-12 13:00:00,167,84,83
2021-07-12 14:00:00,180,95,85
2021-07-12 15:00:00,222,124,98
2021-07-12 16:00:00,218,116,102
2021-07-12 17:00:00,322,178,144
2021-07-12 18:00:00,373,211,162
2021-07-12 19:00:00,356,184,172
2021-07-12 20:00:00,374,201,173
2021-07-12 21:00:00,263,102,161
2021-07-12 22:00:00,57,25,32
2021-07-12 23:00:00,7,3,4
2021-07-13 00:00:00,13,12,1
2021-07-13 01:00:00,6,1,5
2021-07-13 02:00:00,2,0,2
2021-07-13 03:00:00,1,1,0
2021-07-13 04:00:00,1,1,0
2021-07-13 05:00:00,31,17,14
2021-07-13 06:00:00,125,63,62
2021-07-13 07:00:00,202,115,87
2021-07-13 08:00:00,215,125,90
2021-07-13 09:00:00,160,84,76
2021-07-13 10:00:00,160,101,59
2021-07-13 11:00:00,191,99,92
2021-07-13 12:00:00,198,100,98
2021-07-13 13:00:00,147,64,83
2021-07-13 14:00:00,151,72,79
2021-07-13 15:00:00,166,90,76
2021-07-13 16:00:00,202,115,87
2021-07-13 17:00:00,311,180,131
2021-07-13 18:00:00,389,218,171
2021-07-13 19:00:00,361,183,178
2021-07-13 20:00:00,338,161,177
2021-07-13 21:00:00,259,88,171
2021-07-13 22:00:00,86,62,24
2021-07-13 23:00:00,7,4,3
2021-07-14 00:00:00,6,4,2
2021-07-14 01:00:00,0,0,0
2021-07-14 02:00:00,3,2,1
2021-07-14 03:00:00,2,2,0
2021-07-14 04:00:00,2,0,2
2021-07-14 05:00:00,33,24,9
2021-07-14 06:00:00,120,64,56
2021-07-14 07:00:00,180,100,80
2021-07-14 08:00:00,228,127,101
2021-07-14 09:00:00,156,77,79
2021-07-14 10:00:00,127,58,69
2021-07-14 11:00:00,155,80,75
2021-07-14 12:00:00,180,80,100
2021-07-14 13:00:00,175,104,71
2021-07-14 14:00:00,172,79,93
2021-07-14 15:00:00,163,90,73
2021-07-14 16:00:00,237,126,111
2021-07-14 17:00:00,309,165,144
2021-07-14 18:00:00,367,210,157
2021-07-14 19:00:00,375,197,178
2021-07-14 20:00:00,311,159,152
2021-07-14 21:00:00,202,69,133
2021-07-14 22:00:00,43,22,21
2021-07-14 23:00:00,12,5,7
2021-07-15 00:00:00,1,0,1
2021-07-15 01:00:00,2,1,1
2021-07-15 02:00:00,2,0,2
2021-07-15 03:00:00,1,1,0
2021-07-15 04:00:00,3,2,1
2021-07-15 05:00:00,36,21,15
2021-07-15 06:00:00,113,57,56
2021-07-15 07:00:00,121,63,58
2021-07-15 08:00:00,169,88,81
2021-07-15 09:00:00,160,89,71
2021-07-15 10:00:00,138,64,74
2021-07-15 11:00:00,131,71,60
2021-07-15 12:00:00,182,95,87
2021-07-15 13:00:00,140,65,75
2021-07-15 14:00:00,123,62,61
2021-07-15 15:00:00,139,67,72
2021-07-15 16:00:00,175,80,95
2021-07-15 17:00:00,228,120,108
2021-07-15 18:00:00,290,151,139
2021-07-15 19:00:00,311,163,148
2021-07-15 20:00:00,286,117,169
2021-07-15 21:00:00,165,58,107
2021-07-15 22:00:00,31,12,19
2021-07-15 23:00:00,8,1,7
2021-07-16 00:00:00,3,1,2
2021-07-16 01:00:00,3,2,1
2021-07-16 02:00:00,3,3,0
2021-07-16 03:00:00,3,0,3
2021-07-16 04:00:00,3,2,1
2021-07-16 05:00:00,19,10,9
2021-07-16 06:00:00,84,42,42
2021-07-16 07:00:00,151,81,70
2021-07-16 08:00:00,172,81,91
2021-07-16 09:00:00,163,89,74
2021-07-16 10:00:00,113,53,60
2021-07-16 11:00:00,132,56,76
2021-07-16 12:00:00,163,68,95
2021-07-16 13:00:00,128,70,58
2021-07-16 14:00:00,143,69,74
2021-07-16 15:00:00,163,81,82
2021-07-16 16:00:00,184,80,104
2021-07-16 17:00:00,266,155,111
2021-07-16 18:00:00,220,108,112
2021-07-16 19:00:00,223,115,108
2021-07-16 20:00:00,194,88,106
2021-07-16 21:00:00,110,36,74
2021-07-16 22:00:00,73,47,26
2021-07-16 23:00:00,9,7,2
2021-07-17 00:00:00,5,2,3
2021-07-17 01:00:00,1,1,0
2021-07-17 02:00:00,0,0,0
2021-07-17 03:00:00,1,1,0
2021-07-17 04:00:00,1,1,0
2021-07-17 05:00:00,10,7,3
2021-07-17 06:00:00,41,25,16
2021-07-17 07:00:00,101,48,53
2021-07-17 08:00:00,170,95,75
2021-07-17 09:00:00,267,142,125
2021-07-17 10:00:00,268,127,141
2021-07-17 11:00:00,257,114,143
2021-07-17 12:00:00,306,149,157
2021-07-17 13:00:00,277,120,157
2021-07-17 14:00:00,310,150,160
2021-07-17 15:00:00,298,144,154
2021-07-17 16:00:00,349,174,175
2021-07-17 17:00:00,299,167,132
2021-07-17 18:00:00,254,133,121
2021-07-17 19:00:00,246,136,110
2021-07-17 20:00:00,232,105,127
2021-07-17 21:00:00,141,51,90
2021-07-17 22:00:00,26,10,16
2021-07-17 23:00:00,8,4,4
2021-07-18 00:00:00,7,4,3
2021-07-18 01:00:00,2,2,0
2021-07-18 02:00:00,2,2,0
2021-07-18 03:00:00,2,2,0
2021-07-18 04:00:00,2,1,1
2021-07-18 05:00:00,8,4,4
2021-07-18 06:00:00,37,23,14
2021-07-18 07:00:00,123,72,51
2021-07-18 08:00:00,191,99,92
2021-07-18 09:00:00,246,128,118
2021-07-18 10:00:00,277,149,128
2021-07-18 11:00:00,294,119,175
2021-07-18 12:00:00,289,146,143
2021-07-18 13:00:00,282,137,145
2021-07-18 14:00:00,311,151,160
2021-07-18 15:00:00,302,159,143
2021-07-18 16:00:00,264,129,135
2021-07-18 17:00:00,317,172,145
2021-07-18 18:00:00,273,139,134
2021-07-18 19:00:00,269,133,136
2021-07-18 20:00:00,256,120,136
2021-07-18 21:00:00,187,61,126
2021-07-18 22:00:00,24,10,14
2021-07-18 23:00:00,4,2,2
2021-07-19 00:00:00,2,0,2
2021-07-19 01:00:00,3,2,1
2021-07-19 02:00:00,4,2,2
2021-07-19 03:00:00,1,1,0
2021-07-19 04:00:00,1,0,1
2021-07-19 05:00:00,27,17,10
2021-07-19 06:00:00,98,49,49
2021-07-19 07:00:00,175,99,76
2021-07-19 08:00:00,179,81,98
2021-07-19 09:00:00,153,79,74
2021-07-19 10:00:00,182,86,96
2021-07-19 11:00:00,194,91,103
2021-07-19 12:00:00,243,120,123
2021-07-19 13:00:00,163,71,92
2021-07-19 14:00:00,191,99,92
2021-07-19 15:00:00,179,81,98
2021-07-19 16:00:00,188,103,85
2021-07-19 17:00:00,278,158,120
2021-07-19 18:00:00,372,190,182
2021-07-19 19:00:00,391,214,177
2021-07-19 20:00:00,338,155,183
2021-07-19 21:00:00,159,45,114
2021-07-19 22:00:00,19,4,15
2021-07-19 23:00:00,6,3,3
2021-07-20 00:00:00,7,4,3
2021-07-20 01:00:00,1,0,1
2021-07-20 02:00:00,3,1,2
2021-07-20 03:00:00,2,2,0
2021-07-20 04:00:00,4,2,2
2021-07-20 05:00:00,18,12,6
2021-07-20 06:00:00,87,46,41
2021-07-20 07:00:00,150,80,70
2021-07-20 08:00:00,163,80,83
2021-07-20 09:00:00,121,54,67
2021-07-20 10:00:00,101,44,57
2021-07-20 11:00:00,135,68,67
2021-07-20 12:00:00,149,78,71
2021-07-20 13:00:00,137,72,65
2021-07-20 14:00:00,116,56,60
2021-07-20 15:00:00,156,85,71
2021-07-20 16:00:00,196,89,107
2021-07-20 17:00:00,267,145,122
2021-07-20 18:00:00,357,200,157
2021-07-20 19:00:00,350,174,176
2021-07-20 20:00:00,299,125,174
2021-07-20 21:00:00,133,45,88
2021-07-20 22:00:00,21,10,11
2021-07-20 23:00:00,2,1,1
2021-07-21 00:00:00,3,2,1
2021-07-21 01:00:00,2,1,1
2021-07-21 02:00:00,0,0,0
2021-07-21 03:00:00,3,2,1
2021-07-21 04:00:00,1,0,1
2021-07-21 05:00:00,26,17,9
2021-07-21 06:00:00,103,57,46
2021-07-21 07:00:00,162,81,81
2021-07-21 08:00:00,160,71,89
2021-07-21 09:00:00,174,107,67
2021-07-21 10:00:00,114,50,64
2021-07-21 11:00:00,141,84,57
2021-07-21 12:00:00,162,74,88
2021-07-21 13:00:00,168,83,85
2021-07-21 14:00:00,186,95,91
2021-07-21 15:00:00,167,86,81
2021-07-21 16:00:00,243,133,110
2021-07-21 17:00:00,284,177,107
2021-07-21 18:00:00,387,205,182
2021-07-21 19:00:00,303,140,163
2021-07-21 20:00:00,305,143,162
2021-07-21 21:00:00,139,43,96
2021-07-21 22:00:00,22,5,17
2021-07-21 23:00:00,5,1,4
2021-07-22 00:00:00,4,2,2
2021-07-22 01:00:00,1,1,0
2021-07-22 02:00:00,1,0,1
2021-07-22 03:00:00,6,4,2
2021-07-22 04:00:00,2,1,1
2021-07-22 05:00:00,32,21,11
2021-07-22 06:00:00,114,64,50
2021-07-22 07:00:00,168,95,73
2021-07-22 08:00:00,232,114,118
2021-07-22 09:00:00,172,89,83
2021-07-22 10:00:00,145,64,81
2021-07-22 11:00:00,196,102,94
2021-07-22 12:00:00,210,106,104
2021-07-22 13:00:00,159,78,81
2021-07-22 14:00:00,169,70,99
2021-07-22 15:00:00,172,92,80
2021-07-22 16:00:00,226,125,101
2021-07-22 17:00:00,294,175,119
2021-07-22 18:00:00,328,181,147
2021-07-22 19:00:00,326,154,172
2021-07-22 20:00:00,298,125,173
2021-07-22 21:00:00,166,61,105
2021-07-22 22:00:00,23,10,13
2021-07-22 23:00:00,13,6,7
2021-07-23 00:00:00,17,15,2
2021-07-23 01:00:00,2,0,2
2021-07-23 02:00:00,1,1,0
2021-07-23 03:00:00,4,3,1
2021-07-23 04:00:00,2,1,1
2021-07-23 05:00:00,23,14,9
2021-07-23 06:00:00,98,57,41
2021-07-23 07:00:00,173,90,83
2021-07-23 08:00:00,225,122,103
2021-07-23 09:00:00,193,85,108
2021-07-23 10:00:00,149,77,72
2021-07-23 11:00:00,162,72,90
2021-07-23 12:00:00,188,91,97
2021-07-23 13:00:00,205,105,100
2021-07-23 14:00:00,237,105,132
2021-07-23 15:00:00,241,115,126
2021-07-23 16:00:00,223,110,113
2021-07-23 17:00:00,234,124,110
2021-07-23 18:00:00,292,144,148
2021-07-23 19:00:00,268,128,140
2021-07-23 20:00:00,260,114,146
2021-07-23 21:00:00,150,56,94
2021-07-23 22:00:00,33,14,19
2021-07-23 23:00:00,17,7,10
2021-07-24 00:00:00,17,8,9
2021-07-24 01:00:00,14,7,7
2021-07-24 02:00:00,0,0,0
2021-07-24 03:00:00,2,1,1
2021-07-24 04:00:00,2,1,1
2021-07-24 05:00:00,11,8,3
2021-07-24 06:00:00,56,31,25
2021-07-24 07:00:00,138,80,58
2021-07-24 08:00:00,214,109,105
2021-07-24 09:00:00,242,127,115
2021-07-24 10:00:00,271,138,133
2021-07-24 11:00:00,263,122,141
2021-07-24 12:00:00,314,168,146
2021-07-24 13:00:00,288,132,156
2021-07-24 14:00:00,265,112,153
2021-07-24 15:00:00,235,106,129
2021-07-24 16:00:00,269,133,136
2021-07-24 17:00:00,224,107,117
2021-07-24 18:00:00,233,127,106
2021-07-24 19:00:00,257,125,132
2021-07-24 20:00:00,261,119,142
2021-07-24 21:00:00,175,58,117
2021-07-24 22:00:00,23,9,14
2021-07-24 23:00:00,11,6,5
2021-07-25 00:00:00,2,0,2
2021-07-25 01:00:00,1,1,0
2021-07-25 02:00:00,1,1,0
2021-07-25 03:00:00,2,1,1
2021-07-25 04:00:00,3,2,1
2021-07-25 05:00:00,10,7,3
2021-07-25 06:00:00,57,35,22
2021-07-25 07:00:00,145,81,64
2021-07-25 08:00:00,164,84,80
2021-07-25 09:00:00,253,141,112
2021-07-25 10:00:00,295,141,154
2021-07-25 11:00:00,309,145,164
2021-07-25 12:00:00,257,114,143
2021-07-25 13:00:00,267,128,139
2021-07-25 14:00:00,238,107,131
2021-07-25 15:00:00,236,131,105
2021-07-25 16:00:00,294,154,140
2021-07-25 17:00:00,280,150,130
2021-07-25 18:00:00,241,123,118
2021-07-25 19:00:00,296,147,149
2021-07-25 20:00:00,356,156,200
2021-07-25 21:00:00,152,56,96
2021-07-25 22:00:00,32,15,17
2021-07-25 23:00:00,8,5,3
2021-07-26 00:00:00,6,3,3
2021-07-26 01:00:00,2,1,1
2021-07-26 02:00:00,2,0,2
2021-07-26 03:00:00,1,1,0
2021-07-26 04:00:00,4,2,2
2021-07-26 05:00:00,35,28,7
2021-07-26 06:00:00,128,67,61
2021-07-26 07:00:00,179,95,84
2021-07-26 08:00:00,190,96,94
2021-07-26 09:00:00,190,95,95
2021-07-26 10:00:00,194,108,86
2021-07-26 11:00:00,201,97,104
2021-07-26 12:00:00,232,113,119
2021-07-26 13:00:00,169,71,98
2021-07-26 14:00:00,173,97,76
2021-07-26 15:00:00,234,104,130
2021-07-26 16:00:00,252,137,115
2021-07-26 17:00:00,272,150,122
2021-07-26 18:00:00,371,198,173
2021-07-26 19:00:00,374,183,191
2021-07-26 20:00:00,370,162,208
2021-07-26 21:00:00,187,74,113
2021-07-26 22:00:00,14,4,10
2021-07-26 23:00:00,10,7,3
2021-07-27 00:00:00,5,2,3
2021-07-27 01:00:00,2,1,1
2021-07-27 02:00:00,4,2,2
2021-07-27 03:00:00,7,4,3
2021-07-27 04:00:00,1,0,1
2021-07-27 05:00:00,32,25,7
2021-07-27 06:00:00,140,77,63
2021-07-27 07:00:00,205,102,103
2021-07-27 08:00:00,230,105,125
2021-07-27 09:00:00,175,75,100
2021-07-27 10:00:00,156,71,85
2021-07-27 11:00:00,194,88,106
2021-07-27 12:00:00,205,100,105
2021-07-27 13:00:00,161,77,84
2021-07-27 14:00:00,112,57,55
2021-07-27 15:00:00,139,72,67
2021-07-27 16:00:00,178,94,84
2021-07-27 17:00:00,267,141,126
2021-07-27 18:00:00,290,150,140
2021-07-27 19:00:00,386,203,183
2021-07-27 20:00:00,356,151,205
2021-07-27 21:00:00,165,52,113
2021-07-27 22:00:00,30,10,20
2021-07-27 23:00:00,5,3,2
2021-07-28 00:00:00,12,11,1
2021-07-28 01:00:00,10,9,1
2021-07-28 02:00:00,9,9,0
2021-07-28 03:00:00,14,13,1
2021-07-28 04:00:00,30,28,2
2021-07-28 05:00:00,32,24,8
2021-07-28 06:00:00,105,55,50
2021-07-28 07:00:00,181,98,83
2021-07-28 08:00:00,204,97,107
2021-07-28 09:00:00,213,110,103
2021-07-28 10:00:00,171,89,82
2021-07-28 11:00:00,161,84,77
2021-07-28 12:00:00,180,84,96
2021-07-28 13:00:00,140,62,78
2021-07-28 14:00:00,151,79,72
2021-07-28 15:00:00,141,73,68
2021-07-28 16:00:00,174,99,75
2021-07-28 17:00:00,223,136,87
2021-07-28 18:00:00,288,152,136
2021-07-28 19:00:00,334,171,163
2021-07-28 20:00:00,317,139,178
2021-07-28 21:00:00,173,64,109
2021-07-28 22:00:00,37,16,21
2021-07-28 23:00:00,12,4,8
2021-07-29 00:00:00,0,0,0
2021-07-29 01:00:00,0,0,0
2021-07-29 02:00:00,0,0,0
2021-07-29 03:00:00,0,0,0
2021-07-29 04:00:00,0,0,0
2021-07-29 05:00:00,0,0,0
2021-07-29 06:00:00,0,0,0
2021-07-29 07:00:00,0,0,0
2021-07-29 08:00:00,0,0,0
2021-07-29 09:00:00,0,0,0
2021-07-29 10:00:00,0,0,0
2021-07-29 11:00:00,0,0,0
2021-07-29 12:00:00,0,0,0
2021-07-29 13:00:00,0,0,0
2021-07-29 14:00:00,0,0,0
2021-07-29 15:00:00,0,0,0
2021-07-29 16:00:00,0,0,0
2021-07-29 17:00:00,0,0,0
2021-07-29 18:00:00,0,0,0
2021-07-29 19:00:00,0,0,0
2021-07-29 20:00:00,0,0,0
2021-07-29 21:00:00,0,0,0
2021-07-29 22:00:00,0,0,0
2021-07-29 23:00:00,0,0,0
2021-07-30 00:00:00,0,0,0
2021-07-30 01:00:00,0,0,0
2021-07-30 02:00:00,0,0,0
2021-07-30 03:00:00,0,0,0
2021-07-30 04:00:00,0,0,0
2021-07-30 05:00:00,0,0,0
2021-07-30 06:00:00,0,0,0
2021-07-30 07:00:00,0,0,0
2021-07-30 08:00:00,0,0,0
2021-07-30 09:00:00,0,0,0
2021-07-30 10:00:00,0,0,0
2021-07-30 11:00:00,0,0,0
2021-07-30 12:00:00,0,0,0
2021-07-30 13:00:00,0,0,0
2021-07-30 14:00:00,0,0,0
2021-07-30 15:00:00,0,0,0
2021-07-30 16:00:00,0,0,0
2021-07-30 17:00:00,0,0,0
2021-07-30 18:00:00,0,0,0
2021-07-30 19:00:00,0,0,0
2021-07-30 20:00:00,0,0,0
2021-07-30 21:00:00,0,0,0
2021-07-30 22:00:00,0,0,0
2021-07-30 23:00:00,0,0,0
2021-07-31 00:00:00,0,0,0
2021-07-31 01:00:00,0,0,0
2021-07-31 02:00:00,0,0,0
2021-07-31 03:00:00,0,0,0
2021-07-31 04:00:00,0,0,0
2021-07-31 05:00:00,0,0,0
2021-07-31 06:00:00,0,0,0
2021-07-31 07:00:00,0,0,0
2021-07-31 08:00:00,0,0,0
2021-07-31 09:00:00,0,0,0
2021-07-31 10:00:00,0,0,0
2021-07-31 11:00:00,0,0,0
2021-07-31 12:00:00,0,0,0
2021-07-31 13:00:00,0,0,0
2021-07-31 14:00:00,0,0,0
2021-07-31 15:00:00,0,0,0
2021-07-31 16:00:00,0,0,0
2021-07-31 17:00:00,0,0,0
2021-07-31 18:00:00,0,0,0
2021-07-31 19:00:00,0,0,0
2021-07-31 20:00:00,0,0,0
2021-07-31 21:00:00,0,0,0
2021-07-31 22:00:00,0,0,0
2021-07-31 23:00:00,0,0,0
2021-08-01 00:00:00,0,0,0
2021-08-01 01:00:00,0,0,0
2021-08-01 02:00:00,0,0,0
2021-08-01 03:00:00,0,0,0
2021-08-01 04:00:00,0,0,0
2021-08-01 05:00:00,0,0,0
2021-08-01 06:00:00,0,0,0
2021-08-01 07:00:00,0,0,0
2021-08-01 08:00:00,0,0,0
2021-08-01 09:00:00,0,0,0
2021-08-01 10:00:00,0,0,0
2021-08-01 11:00:00,0,0,0
2021-08-01 12:00:00,0,0,0
2021-08-01 13:00:00,0,0,0
2021-08-01 14:00:00,0,0,0
2021-08-01 15:00:00,0,0,0
2021-08-01 16:00:00,0,0,0
2021-08-01 17:00:00,0,0,0
2021-08-01 18:00:00,0,0,0
2021-08-01 19:00:00,0,0,0
2021-08-01 20:00:00,0,0,0
2021-08-01 21:00:00,0,0,0
2021-08-01 22:00:00,0,0,0
2021-08-01 23:00:00,0,0,0
2021-08-02 00:00:00,0,0,0
2021-08-02 01:00:00,0,0,0
2021-08-02 02:00:00,0,0,0
2021-08-02 03:00:00,0,0,0
2021-08-02 04:00:00,0,0,0
2021-08-02 05:00:00,0,0,0
2021-08-02 06:00:00,0,0,0
2021-08-02 07:00:00,0,0,0
2021-08-02 08:00:00,0,0,0
2021-08-02 09:00:00,0,0,0
2021-08-02 10:00:00,0,0,0
2021-08-02 11:00:00,0,0,0
2021-08-02 12:00:00,0,0,0
2021-08-02 13:00:00,0,0,0
2021-08-02 14:00:00,0,0,0
2021-08-02 15:00:00,0,0,0
2021-08-02 16:00:00,0,0,0
2021-08-02 17:00:00,0,0,0
2021-08-02 18:00:00,0,0,0
2021-08-02 19:00:00,0,0,0
2021-08-02 20:00:00,0,0,0
2021-08-02 21:00:00,0,0,0
2021-08-02 22:00:00,0,0,0
2021-08-02 23:00:00,0,0,0
2021-08-03 00:00:00,0,0,0
2021-08-03 01:00:00,0,0,0
2021-08-03 02:00:00,0,0,0
2021-08-03 03:00:00,0,0,0
2021-08-03 04:00:00,0,0,0
2021-08-03 05:00:00,0,0,0
2021-08-03 06:00:00,0,0,0
2021-08-03 07:00:00,0,0,0
2021-08-03 08:00:00,0,0,0
2021-08-03 09:00:00,0,0,0
2021-08-03 10:00:00,0,0,0
2021-08-03 11:00:00,0,0,0
2021-08-03 12:00:00,0,0,0
2021-08-03 13:00:00,0,0,0
2021-08-03 14:00:00,0,0,0
2021-08-03 15:00:00,0,0,0
2021-08-03 16:00:00,0,0,0
2021-08-03 17:00:00,0,0,0
2021-08-03 18:00:00,0,0,0
2021-08-03 19:00:00,0,0,0
2021-08-03 20:00:00,0,0,0
2021-08-03 21:00:00,0,0,0
2021-08-03 22:00:00,0,0,0
2021-08-03 23:00:00,0,0,0
2021-08-04 00:00:00,0,0,0
2021-08-04 01:00:00,0,0,0
2021-08-04 02:00:00,0,0,0
2021-08-04 03:00:00,0,0,0
2021-08-04 04:00:00,0,0,0
2021-08-04 05:00:00,0,0,0
2021-08-04 06:00:00,0,0,0
2021-08-04 07:00:00,0,0,0
2021-08-04 08:00:00,0,0,0
2021-08-04 09:00:00,0,0,0
2021-08-04 10:00:00,0,0,0
2021-08-04 11:00:00,0,0,0
2021-08-04 12:00:00,0,0,0
2021-08-04 13:00:00,0,0,0
2021-08-04 14:00:00,0,0,0
2021-08-04 15:00:00,0,0,0
2021-08-04 16:00:00,0,0,0
2021-08-04 17:00:00,0,0,0
2021-08-04 18:00:00,0,0,0
2021-08-04 19:00:00,0,0,0
2021-08-04 20:00:00,0,0,0
2021-08-04 21:00:00,0,0,0
2021-08-04 22:00:00,0,0,0
2021-08-04 23:00:00,0,0,0
2021-08-05 00:00:00,0,0,0
2021-08-05 01:00:00,0,0,0
2021-08-05 02:00:00,0,0,0
2021-08-05 03:00:00,0,0,0
2021-08-05 04:00:00,0,0,0
2021-08-05 05:00:00,0,0,0
2021-08-05 06:00:00,0,0,0
2021-08-05 07:00:00,0,0,0
2021-08-05 08:00:00,0,0,0
2021-08-05 09:00:00,0,0,0
2021-08-05 10:00:00,0,0,0
2021-08-05 11:00:00,0,0,0
2021-08-05 12:00:00,0,0,0
2021-08-05 13:00:00,0,0,0
2021-08-05 14:00:00,0,0,0
2021-08-05 15:00:00,0,0,0
2021-08-05 16:00:00,0,0,0
2021-08-05 17:00:00,0,0,0
2021-08-05 18:00:00,0,0,0
2021-08-05 19:00:00,0,0,0
2021-08-05 20:00:00,0,0,0
2021-08-05 21:00:00,0,0,0
2021-08-05 22:00:00,0,0,0
2021-08-05 23:00:00,0,0,0
2021-08-06 00:00:00,0,0,0
2021-08-06 01:00:00,0,0,0
2021-08-06 02:00:00,0,0,0
2021-08-06 03:00:00,0,0,0
2021-08-06 04:00:00,0,0,0
2021-08-06 05:00:00,0,0,0
2021-08-06 06:00:00,0,0,0
2021-08-06 07:00:00,0,0,0
2021-08-06 08:00:00,0,0,0
2021-08-06 09:00:00,0,0,0
2021-08-06 10:00:00,0,0,0
2021-08-06 11:00:00,0,0,0
2021-08-06 12:00:00,0,0,0
2021-08-06 13:00:00,0,0,0
2021-08-06 14:00:00,0,0,0
2021-08-06 15:00:00,0,0,0
2021-08-06 16:00:00,0,0,0
2021-08-06 17:00:00,0,0,0
2021-08-06 18:00:00,0,0,0
2021-08-06 19:00:00,0,0,0
2021-08-06 20:00:00,0,0,0
2021-08-06 21:00:00,0,0,0
2021-08-06 22:00:00,0,0,0
2021-08-06 23:00:00,0,0,0
2021-08-07 00:00:00,0,0,0
2021-08-07 01:00:00,0,0,0
2021-08-07 02:00:00,0,0,0
2021-08-07 03:00:00,0,0,0
2021-08-07 04:00:00,0,0,0
2021-08-07 05:00:00,0,0,0
2021-08-07 06:00:00,0,0,0
2021-08-07 07:00:00,0,0,0
2021-08-07 08:00:00,0,0,0
2021-08-07 09:00:00,0,0,0
2021-08-07 10:00:00,0,0,0
2021-08-07 11:00:00,0,0,0
2021-08-07 12:00:00,0,0,0
2021-08-07 13:00:00,0,0,0
2021-08-07 14:00:00,0,0,0
2021-08-07 15:00:00,0,0,0
2021-08-07 16:00:00,0,0,0
2021-08-07 17:00:00,0,0,0
2021-08-07 18:00:00,0,0,0
2021-08-07 19:00:00,0,0,0
2021-08-07 20:00:00,0,0,0
2021-08-07 21:00:00,0,0,0
2021-08-07 22:00:00,0,0,0
2021-08-07 23:00:00,0,0,0
2021-08-08 00:00:00,0,0,0
2021-08-08 01:00:00,0,0,0
2021-08-08 02:00:00,0,0,0
2021-08-08 03:00:00,0,0,0
2021-08-08 04:00:00,0,0,0
2021-08-08 05:00:00,0,0,0
2021-08-08 06:00:00,0,0,0
2021-08-08 07:00:00,0,0,0
2021-08-08 08:00:00,0,0,0
2021-08-08 09:00:00,0,0,0
2021-08-08 10:00:00,0,0,0
2021-08-08 11:00:00,0,0,0
2021-08-08 12:00:00,0,0,0
2021-08-08 13:00:00,0,0,0
2021-08-08 14:00:00,0,0,0
2021-08-08 15:00:00,0,0,0
2021-08-08 16:00:00,0,0,0
2021-08-08 17:00:00,0,0,0
2021-08-08 18:00:00,0,0,0
2021-08-08 19:00:00,0,0,0
2021-08-08 20:00:00,0,0,0
2021-08-08 21:00:00,0,0,0
2021-08-08 22:00:00,0,0,0
2021-08-08 23:00:00,0,0,0
2021-08-09 00:00:00,0,0,0
2021-08-09 01:00:00,0,0,0
2021-08-09 02:00:00,0,0,0
2021-08-09 03:00:00,0,0,0
2021-08-09 04:00:00,0,0,0
2021-08-09 05:00:00,0,0,0
2021-08-09 06:00:00,0,0,0
2021-08-09 07:00:00,0,0,0
2021-08-09 08:00:00,0,0,0
2021-08-09 09:00:00,0,0,0
2021-08-09 10:00:00,0,0,0
2021-08-09 11:00:00,0,0,0
2021-08-09 12:00:00,0,0,0
2021-08-09 13:00:00,0,0,0
2021-08-09 14:00:00,0,0,0
2021-08-09 15:00:00,0,0,0
2021-08-09 16:00:00,0,0,0
2021-08-09 17:00:00,0,0,0
2021-08-09 18:00:00,0,0,0
2021-08-09 19:00:00,0,0,0
2021-08-09 20:00:00,0,0,0
2021-08-09 21:00:00,0,0,0
2021-08-09 22:00:00,0,0,0
2021-08-09 23:00:00,0,0,0
2021-08-10 00:00:00,0,0,0
2021-08-10 01:00:00,0,0,0
2021-08-10 02:00:00,0,0,0
2021-08-10 03:00:00,0,0,0
2021-08-10 04:00:00,0,0,0
2021-08-10 05:00:00,0,0,0
2021-08-10 06:00:00,0,0,0
2021-08-10 07:00:00,0,0,0
2021-08-10 08:00:00,0,0,0
2021-08-10 09:00:00,0,0,0
2021-08-10 10:00:00,0,0,0
2021-08-10 11:00:00,0,0,0
2021-08-10 12:00:00,0,0,0
2021-08-10 13:00:00,0,0,0
2021-08-10 14:00:00,0,0,0
2021-08-10 15:00:00,0,0,0
2021-08-10 16:00:00,0,0,0
2021-08-10 17:00:00,0,0,0
2021-08-10 18:00:00,0,0,0
2021-08-10 19:00:00,0,0,0
2021-08-10 20:00:00,0,0,0
2021-08-10 21:00:00,0,0,0
2021-08-10 22:00:00,0,0,0
2021-08-10 23:00:00,0,0,0
2021-08-11 00:00:00,0,0,0
2021-08-11 01:00:00,0,0,0
2021-08-11 02:00:00,0,0,0
2021-08-11 03:00:00,0,0,0
2021-08-11 04:00:00,0,0,0
2021-08-11 05:00:00,0,0,0
2021-08-11 06:00:00,0,0,0
2021-08-11 07:00:00,0,0,0
2021-08-11 08:00:00,0,0,0
2021-08-11 09:00:00,0,0,0
2021-08-11 10:00:00,0,0,0
2021-08-11 11:00:00,0,0,0
2021-08-11 12:00:00,0,0,0
2021-08-11 13:00:00,0,0,0
2021-08-11 14:00:00,0,0,0
2021-08-11 15:00:00,0,0,0
2021-08-11 16:00:00,0,0,0
2021-08-11 17:00:00,0,0,0
2021-08-11 18:00:00,0,0,0
2021-08-11 19:00:00,0,0,0
2021-08-11 20:00:00,0,0,0
2021-08-11 21:00:00,0,0,0
2021-08-11 22:00:00,0,0,0
2021-08-11 23:00:00,0,0,0
2021-08-12 00:00:00,0,0,0
2021-08-12 01:00:00,0,0,0
2021-08-12 02:00:00,0,0,0
2021-08-12 03:00:00,0,0,0
2021-08-12 04:00:00,0,0,0
2021-08-12 05:00:00,0,0,0
2021-08-12 06:00:00,0,0,0
2021-08-12 07:00:00,0,0,0
2021-08-12 08:00:00,0,0,0
2021-08-12 09:00:00,0,0,0
2021-08-12 10:00:00,0,0,0
2021-08-12 11:00:00,0,0,0
2021-08-12 12:00:00,0,0,0
2021-08-12 13:00:00,0,0,0
2021-08-12 14:00:00,0,0,0
2021-08-12 15:00:00,0,0,0
2021-08-12 16:00:00,0,0,0
2021-08-12 17:00:00,0,0,0
2021-08-12 18:00:00,0,0,0
2021-08-12 19:00:00,0,0,0
2021-08-12 20:00:00,0,0,0
2021-08-12 21:00:00,0,0,0
2021-08-12 22:00:00,0,0,0
2021-08-12 23:00:00,0,0,0
2021-08-13 00:00:00,0,0,0
2021-08-13 01:00:00,0,0,0
2021-08-13 02:00:00,0,0,0
2021-08-13 03:00:00,0,0,0
2021-08-13 04:00:00,0,0,0
2021-08-13 05:00:00,0,0,0
2021-08-13 06:00:00,0,0,0
2021-08-13 07:00:00,0,0,0
2021-08-13 08:00:00,0,0,0
2021-08-13 09:00:00,0,0,0
2021-08-13 10:00:00,0,0,0
2021-08-13 11:00:00,0,0,0
2021-08-13 12:00:00,0,0,0
2021-08-13 13:00:00,0,0,0
2021-08-13 14:00:00,0,0,0
2021-08-13 15:00:00,0,0,0
2021-08-13 16:00:00,0,0,0
2021-08-13 17:00:00,0,0,0
2021-08-13 18:00:00,0,0,0
2021-08-13 19:00:00,0,0,0
2021-08-13 20:00:00,0,0,0
2021-08-13 21:00:00,0,0,0
2021-08-13 22:00:00,0,0,0
2021-08-13 23:00:00,0,0,0
2021-08-14 00:00:00,0,0,0
2021-08-14 01:00:00,0,0,0
2021-08-14 02:00:00,0,0,0
2021-08-14 03:00:00,0,0,0
2021-08-14 04:00:00,0,0,0
2021-08-14 05:00:00,0,0,0
2021-08-14 06:00:00,0,0,0
2021-08-14 07:00:00,0,0,0
2021-08-14 08:00:00,0,0,0
2021-08-14 09:00:00,0,0,0
2021-08-14 10:00:00,0,0,0
2021-08-14 11:00:00,0,0,0
2021-08-14 12:00:00,0,0,0
2021-08-14 13:00:00,0,0,0
2021-08-14 14:00:00,0,0,0
2021-08-14 15:00:00,0,0,0
2021-08-14 16:00:00,0,0,0
2021-08-14 17:00:00,0,0,0
2021-08-14 18:00:00,0,0,0
2021-08-14 19:00:00,0,0,0
2021-08-14 20:00:00,0,0,0
2021-08-14 21:00:00,0,0,0
2021-08-14 22:00:00,0,0,0
2021-08-14 23:00:00,0,0,0
2021-08-15 00:00:00,0,0,0
2021-08-15 01:00:00,0,0,0
2021-08-15 02:00:00,0,0,0
2021-08-15 03:00:00,0,0,0
2021-08-15 04:00:00,0,0,0
2021-08-15 05:00:00,0,0,0
2021-08-15 06:00:00,0,0,0
2021-08-15 07:00:00,0,0,0
2021-08-15 08:00:00,0,0,0
2021-08-15 09:00:00,0,0,0
2021-08-15 10:00:00,0,0,0
2021-08-15 11:00:00,0,0,0
2021-08-15 12:00:00,0,0,0
2021-08-15 13:00:00,0,0,0
2021-08-15 14:00:00,0,0,0
2021-08-15 15:00:00,0,0,0
2021-08-15 16:00:00,0,0,0
2021-08-15 17:00:00,0,0,0
2021-08-15 18:00:00,0,0,0
2021-08-15 19:00:00,0,0,0
2021-08-15 20:00:00,0,0,0
2021-08-15 21:00:00,0,0,0
2021-08-15 22:00:00,0,0,0
2021-08-15 23:00:00,0,0,0
2021-08-16 00:00:00,0,0,0
2021-08-16 01:00:00,0,0,0
2021-08-16 02:00:00,0,0,0
2021-08-16 03:00:00,0,0,0
2021-08-16 04:00:00,0,0,0
2021-08-16 05:00:00,0,0,0
2021-08-16 06:00:00,0,0,0
2021-08-16 07:00:00,0,0,0
2021-08-16 08:00:00,0,0,0
2021-08-16 09:00:00,0,0,0
2021-08-16 10:00:00,0,0,0
2021-08-16 11:00:00,0,0,0
2021-08-16 12:00:00,0,0,0
2021-08-16 13:00:00,0,0,0
2021-08-16 14:00:00,0,0,0
2021-08-16 15:00:00,0,0,0
2021-08-16 16:00:00,0,0,0
2021-08-16 17:00:00,0,0,0
2021-08-16 18:00:00,0,0,0
2021-08-16 19:00:00,0,0,0
2021-08-16 20:00:00,0,0,0
2021-08-16 21:00:00,0,0,0
2021-08-16 22:00:00,0,0,0
2021-08-16 23:00:00,0,0,0
2021-08-17 00:00:00,0,0,0
2021-08-17 01:00:00,0,0,0
2021-08-17 02:00:00,0,0,0
2021-08-17 03:00:00,0,0,0
2021-08-17 04:00:00,0,0,0
2021-08-17 05:00:00,0,0,0
2021-08-17 06:00:00,0,0,0
2021-08-17 07:00:00,0,0,0
2021-08-17 08:00:00,0,0,0
2021-08-17 09:00:00,0,0,0
2021-08-17 10:00:00,0,0,0
2021-08-17 11:00:00,0,0,0
2021-08-17 12:00:00,0,0,0
2021-08-17 13:00:00,0,0,0
2021-08-17 14:00:00,0,0,0
2021-08-17 15:00:00,0,0,0
2021-08-17 16:00:00,0,0,0
2021-08-17 17:00:00,0,0,0
2021-08-17 18:00:00,0,0,0
2021-08-17 19:00:00,0,0,0
2021-08-17 20:00:00,0,0,0
2021-08-17 21:00:00,0,0,0
2021-08-17 22:00:00,0,0,0
2021-08-17 23:00:00,0,0,0
2021-08-18 00:00:00,0,0,0
2021-08-18 01:00:00,0,0,0
2021-08-18 02:00:00,0,0,0
2021-08-18 03:00:00,0,0,0
2021-08-18 04:00:00,0,0,0
2021-08-18 05:00:00,0,0,0
2021-08-18 06:00:00,0,0,0
2021-08-18 07:00:00,0,0,0
2021-08-18 08:00:00,0,0,0
2021-08-18 09:00:00,0,0,0
2021-08-18 10:00:00,0,0,0
2021-08-18 11:00:00,0,0,0
2021-08-18 12:00:00,0,0,0
2021-08-18 13:00:00,0,0,0
2021-08-18 14:00:00,0,0,0
2021-08-18 15:00:00,0,0,0
2021-08-18 16:00:00,0,0,0
2021-08-18 17:00:00,0,0,0
2021-08-18 18:00:00,0,0,0
2021-08-18 19:00:00,0,0,0
2021-08-18 20:00:00,0,0,0
2021-08-18 21:00:00,0,0,0
2021-08-18 22:00:00,0,0,0
2021-08-18 23:00:00,0,0,0
2021-08-19 00:00:00,0,0,0
2021-08-19 01:00:00,0,0,0
2021-08-19 02:00:00,0,0,0
2021-08-19 03:00:00,0,0,0
2021-08-19 04:00:00,0,0,0
2021-08-19 05:00:00,0,0,0
2021-08-19 06:00:00,0,0,0
2021-08-19 07:00:00,0,0,0
2021-08-19 08:00:00,0,0,0
2021-08-19 09:00:00,0,0,0
2021-08-19 10:00:00,0,0,0
2021-08-19 11:00:00,0,0,0
2021-08-19 12:00:00,0,0,0
2021-08-19 13:00:00,0,0,0
2021-08-19 14:00:00,0,0,0
2021-08-19 15:00:00,0,0,0
2021-08-19 16:00:00,0,0,0
2021-08-19 17:00:00,0,0,0
2021-08-19 18:00:00,0,0,0
2021-08-19 19:00:00,0,0,0
2021-08-19 20:00:00,0,0,0
2021-08-19 21:00:00,0,0,0
2021-08-19 22:00:00,0,0,0
2021-08-19 23:00:00,0,0,0
2021-08-20 00:00:00,0,0,0
2021-08-20 01:00:00,0,0,0
2021-08-20 02:00:00,0,0,0
2021-08-20 03:00:00,0,0,0
2021-08-20 04:00:00,0,0,0
2021-08-20 05:00:00,0,0,0
2021-08-20 06:00:00,0,0,0
2021-08-20 07:00:00,0,0,0
2021-08-20 08:00:00,0,0,0
2021-08-20 09:00:00,0,0,0
2021-08-20 10:00:00,0,0,0
2021-08-20 11:00:00,0,0,0
2021-08-20 12:00:00,0,0,0
2021-08-20 13:00:00,0,0,0
2021-08-20 14:00:00,0,0,0
2021-08-20 15:00:00,0,0,0
2021-08-20 16:00:00,0,0,0
2021-08-20 17:00:00,0,0,0
2021-08-20 18:00:00,0,0,0
2021-08-20 19:00:00,0,0,0
2021-08-20 20:00:00,0,0,0
2021-08-20 21:00:00,0,0,0
2021-08-20 22:00:00,0,0,0
2021-08-20 23:00:00,0,0,0
2021-08-21 00:00:00,0,0,0
2021-08-21 01:00:00,0,0,0
2021-08-21 02:00:00,0,0,0
2021-08-21 03:00:00,0,0,0
2021-08-21 04:00:00,0,0,0
2021-08-21 05:00:00,0,0,0
2021-08-21 06:00:00,0,0,0
2021-08-21 07:00:00,0,0,0
2021-08-21 08:00:00,0,0,0
2021-08-21 09:00:00,0,0,0
2021-08-21 10:00:00,0,0,0
2021-08-21 11:00:00,0,0,0
2021-08-21 12:00:00,0,0,0
2021-08-21 13:00:00,0,0,0
2021-08-21 14:00:00,0,0,0
2021-08-21 15:00:00,0,0,0
2021-08-21 16:00:00,0,0,0
2021-08-21 17:00:00,0,0,0
2021-08-21 18:00:00,0,0,0
2021-08-21 19:00:00,0,0,0
2021-08-21 20:00:00,0,0,0
2021-08-21 21:00:00,0,0,0
2021-08-21 22:00:00,0,0,0
2021-08-21 23:00:00,0,0,0
2021-08-22 00:00:00,0,0,0
2021-08-22 01:00:00,0,0,0
2021-08-22 02:00:00,0,0,0
2021-08-22 03:00:00,0,0,0
2021-08-22 04:00:00,0,0,0
2021-08-22 05:00:00,0,0,0
2021-08-22 06:00:00,0,0,0
2021-08-22 07:00:00,0,0,0
2021-08-22 08:00:00,0,0,0
2021-08-22 09:00:00,0,0,0
2021-08-22 10:00:00,0,0,0
2021-08-22 11:00:00,0,0,0
2021-08-22 12:00:00,0,0,0
2021-08-22 13:00:00,0,0,0
2021-08-22 14:00:00,0,0,0
2021-08-22 15:00:00,0,0,0
2021-08-22 16:00:00,0,0,0
2021-08-22 17:00:00,0,0,0
2021-08-22 18:00:00,0,0,0
2021-08-22 19:00:00,0,0,0
2021-08-22 20:00:00,0,0,0
2021-08-22 21:00:00,0,0,0
2021-08-22 22:00:00,0,0,0
2021-08-22 23:00:00,0,0,0
2021-08-23 00:00:00,0,0,0
2021-08-23 01:00:00,0,0,0
2021-08-23 02:00:00,0,0,0
2021-08-23 03:00:00,0,0,0
2021-08-23 04:00:00,0,0,0
2021-08-23 05:00:00,0,0,0
2021-08-23 06:00:00,0,0,0
2021-08-23 07:00:00,0,0,0
2021-08-23 08:00:00,0,0,0
2021-08-23 09:00:00,0,0,0
2021-08-23 10:00:00,0,0,0
2021-08-23 11:00:00,0,0,0
2021-08-23 12:00:00,0,0,0
2021-08-23 13:00:00,0,0,0
2021-08-23 14:00:00,0,0,0
2021-08-23 15:00:00,0,0,0
2021-08-23 16:00:00,0,0,0
2021-08-23 17:00:00,0,0,0
2021-08-23 18:00:00,0,0,0
2021-08-23 19:00:00,0,0,0
2021-08-23 20:00:00,0,0,0
2021-08-23 21:00:00,0,0,0
2021-08-23 22:00:00,0,0,0
2021-08-23 23:00:00,0,0,0
2021-08-24 00:00:00,0,0,0
2021-08-24 01:00:00,0,0,0
2021-08-24 02:00:00,0,0,0
2021-08-24 03:00:00,0,0,0
2021-08-24 04:00:00,0,0,0
2021-08-24 05:00:00,0,0,0
2021-08-24 06:00:00,0,0,0
2021-08-24 07:00:00,0,0,0
2021-08-24 08:00:00,0,0,0
2021-08-24 09:00:00,0,0,0
2021-08-24 10:00:00,0,0,0
2021-08-24 11:00:00,0,0,0
2021-08-24 12:00:00,0,0,0
2021-08-24 13:00:00,0,0,0
2021-08-24 14:00:00,0,0,0
2021-08-24 15:00:00,0,0,0
2021-08-24 16:00:00,0,0,0
2021-08-24 17:00:00,0,0,0
2021-08-24 18:00:00,0,0,0
2021-08-24 19:00:00,0,0,0
2021-08-24 20:00:00,0,0,0
2021-08-24 21:00:00,0,0,0
2021-08-24 22:00:00,0,0,0
2021-08-24 23:00:00,0,0,0
2021-08-25 00:00:00,0,0,0
2021-08-25 01:00:00,0,0,0
2021-08-25 02:00:00,0,0,0
2021-08-25 03:00:00,0,0,0
2021-08-25 04:00:00,0,0,0
2021-08-25 05:00:00,0,0,0
2021-08-25 06:00:00,0,0,0
2021-08-25 07:00:00,0,0,0
2021-08-25 08:00:00,0,0,0
2021-08-25 09:00:00,0,0,0
2021-08-25 10:00:00,0,0,0
2021-08-25 11:00:00,0,0,0
2021-08-25 12:00:00,0,0,0
2021-08-25 13:00:00,0,0,0
2021-08-25 14:00:00,0,0,0
2021-08-25 15:00:00,0,0,0
2021-08-25 16:00:00,0,0,0
2021-08-25 17:00:00,0,0,0
2021-08-25 18:00:00,0,0,0
2021-08-25 19:00:00,0,0,0
2021-08-25 20:00:00,0,0,0
2021-08-25 21:00:00,0,0,0
2021-08-25 22:00:00,0,0,0
2021-08-25 23:00:00,0,0,0
2021-08-26 00:00:00,0,0,0
2021-08-26 01:00:00,0,0,0
2021-08-26 02:00:00,0,0,0
2021-08-26 03:00:00,0,0,0
2021-08-26 04:00:00,0,0,0
2021-08-26 05:00:00,0,0,0
2021-08-26 06:00:00,0,0,0
2021-08-26 07:00:00,0,0,0
2021-08-26 08:00:00,0,0,0
2021-08-26 09:00:00,0,0,0
2021-08-26 10:00:00,0,0,0
2021-08-26 11:00:00,0,0,0
2021-08-26 12:00:00,0,0,0
2021-08-26 13:00:00,0,0,0
2021-08-26 14:00:00,0,0,0
2021-08-26 15:00:00,0,0,0
2021-08-26 16:00:00,0,0,0
2021-08-26 17:00:00,0,0,0
2021-08-26 18:00:00,0,0,0
2021-08-26 19:00:00,0,0,0
2021-08-26 20:00:00,0,0,0
2021-08-26 21:00:00,0,0,0
2021-08-26 22:00:00,0,0,0
2021-08-26 23:00:00,0,0,0
2021-08-27 00:00:00,0,0,0
2021-08-27 01:00:00,0,0,0
2021-08-27 02:00:00,0,0,0
2021-08-27 03:00:00,0,0,0
2021-08-27 04:00:00,0,0,0
2021-08-27 05:00:00,0,0,0
2021-08-27 06:00:00,0,0,0
2021-08-27 07:00:00,0,0,0
2021-08-27 08:00:00,0,0,0
2021-08-27 09:00:00,0,0,0
2021-08-27 10:00:00,0,0,0
2021-08-27 11:00:00,0,0,0
2021-08-27 12:00:00,0,0,0
2021-08-27 13:00:00,0,0,0
2021-08-27 14:00:00,0,0,0
2021-08-27 15:00:00,0,0,0
2021-08-27 16:00:00,0,0,0
2021-08-27 17:00:00,0,0,0
2021-08-27 18:00:00,0,0,0
2021-08-27 19:00:00,0,0,0
2021-08-27 20:00:00,0,0,0
2021-08-27 21:00:00,0,0,0
2021-08-27 22:00:00,0,0,0
2021-08-27 23:00:00,0,0,0
2021-08-28 00:00:00,0,0,0
2021-08-28 01:00:00,0,0,0
2021-08-28 02:00:00,0,0,0
2021-08-28 03:00:00,0,0,0
2021-08-28 04:00:00,0,0,0
2021-08-28 05:00:00,0,0,0
2021-08-28 06:00:00,0,0,0
2021-08-28 07:00:00,0,0,0
2021-08-28 08:00:00,0,0,0
2021-08-28 09:00:00,0,0,0
2021-08-28 10:00:00,0,0,0
2021-08-28 11:00:00,0,0,0
2021-08-28 12:00:00,0,0,0
2021-08-28 13:00:00,0,0,0
2021-08-28 14:00:00,0,0,0
2021-08-28 15:00:00,0,0,0
2021-08-28 16:00:00,0,0,0
2021-08-28 17:00:00,0,0,0
2021-08-28 18:00:00,0,0,0
2021-08-28 19:00:00,0,0,0
2021-08-28 20:00:00,0,0,0
2021-08-28 21:00:00,0,0,0
2021-08-28 22:00:00,0,0,0
2021-08-28 23:00:00,0,0,0
2021-08-29 00:00:00,0,0,0
2021-08-29 01:00:00,0,0,0
2021-08-29 02:00:00,0,0,0
2021-08-29 03:00:00,0,0,0
2021-08-29 04:00:00,0,0,0
2021-08-29 05:00:00,0,0,0
2021-08-29 06:00:00,0,0,0
2021-08-29 07:00:00,0,0,0
2021-08-29 08:00:00,0,0,0
2021-08-29 09:00:00,0,0,0
2021-08-29 10:00:00,0,0,0
2021-08-29 11:00:00,0,0,0
2021-08-29 12:00:00,0,0,0
2021-08-29 13:00:00,0,0,0
2021-08-29 14:00:00,0,0,0
2021-08-29 15:00:00,0,0,0
2021-08-29 16:00:00,0,0,0
2021-08-29 17:00:00,0,0,0
2021-08-29 18:00:00,0,0,0
2021-08-29 19:00:00,0,0,0
2021-08-29 20:00:00,0,0,0
2021-08-29 21:00:00,0,0,0
2021-08-29 22:00:00,0,0,0
2021-08-29 23:00:00,0,0,0
2021-08-30 00:00:00,0,0,0
2021-08-30 01:00:00,0,0,0
2021-08-30 02:00:00,0,0,0
2021-08-30 03:00:00,0,0,0
2021-08-30 04:00:00,0,0,0
2021-08-30 05:00:00,0,0,0
2021-08-30 06:00:00,0,0,0
2021-08-30 07:00:00,0,0,0
2021-08-30 08:00:00,0,0,0
2021-08-30 09:00:00,0,0,0
2021-08-30 10:00:00,0,0,0
2021-08-30 11:00:00,0,0,0
2021-08-30 12:00:00,0,0,0
2021-08-30 13:00:00,0,0,0
2021-08-30 14:00:00,0,0,0
2021-08-30 15:00:00,0,0,0
2021-08-30 16:00:00,0,0,0
2021-08-30 17:00:00,0,0,0
2021-08-30 18:00:00,0,0,0
2021-08-30 19:00:00,0,0,0
2021-08-30 20:00:00,0,0,0
2021-08-30 21:00:00,0,0,0
2021-08-30 22:00:00,0,0,0
2021-08-30 23:00:00,0,0,0
2021-08-31 00:00:00,0,0,0
2021-08-31 01:00:00,0,0,0
2021-08-31 02:00:00,0,0,0
2021-08-31 03:00:00,0,0,0
2021-08-31 04:00:00,0,0,0
2021-08-31 05:00:00,0,0,0
2021-08-31 06:00:00,0,0,0
2021-08-31 07:00:00,0,0,0
2021-08-31 08:00:00,0,0,0
2021-08-31 09:00:00,0,0,0
2021-08-31 10:00:00,0,0,0
2021-08-31 11:00:00,0,0,0
2021-08-31 12:00:00,0,0,0
2021-08-31 13:00:00,0,0,0
2021-08-31 14:00:00,0,0,0
2021-08-31 15:00:00,0,0,0
2021-08-31 16:00:00,0,0,0
2021-08-31 17:00:00,0,0,0
2021-08-31 18:00:00,0,0,0
2021-08-31 19:00:00,0,0,0
2021-08-31 20:00:00,0,0,0
2021-08-31 21:00:00,0,0,0
2021-08-31 22:00:00,0,0,0
2021-08-31 23:00:00,0,0,0
2021-09-01 00:00:00,0,0,0
2021-09-01 01:00:00,0,0,0
2021-09-01 02:00:00,0,0,0
2021-09-01 03:00:00,0,0,0
2021-09-01 04:00:00,0,0,0
2021-09-01 05:00:00,0,0,0
2021-09-01 06:00:00,0,0,0
2021-09-01 07:00:00,0,0,0
2021-09-01 08:00:00,0,0,0
2021-09-01 09:00:00,0,0,0
2021-09-01 10:00:00,0,0,0
2021-09-01 11:00:00,0,0,0
2021-09-01 12:00:00,0,0,0
2021-09-01 13:00:00,0,0,0
2021-09-01 14:00:00,0,0,0
2021-09-01 15:00:00,0,0,0
2021-09-01 16:00:00,0,0,0
2021-09-01 17:00:00,0,0,0
2021-09-01 18:00:00,0,0,0
2021-09-01 19:00:00,0,0,0
2021-09-01 20:00:00,0,0,0
2021-09-01 21:00:00,0,0,0
2021-09-01 22:00:00,0,0,0
2021-09-01 23:00:00,0,0,0
2021-09-02 00:00:00,0,0,0
2021-09-02 01:00:00,0,0,0
2021-09-02 02:00:00,0,0,0
2021-09-02 03:00:00,0,0,0
2021-09-02 04:00:00,0,0,0
2021-09-02 05:00:00,0,0,0
2021-09-02 06:00:00,0,0,0
2021-09-02 07:00:00,0,0,0
2021-09-02 08:00:00,0,0,0
2021-09-02 09:00:00,0,0,0
2021-09-02 10:00:00,0,0,0
2021-09-02 11:00:00,0,0,0
2021-09-02 12:00:00,0,0,0
2021-09-02 13:00:00,0,0,0
2021-09-02 14:00:00,0,0,0
2021-09-02 15:00:00,0,0,0
2021-09-02 16:00:00,0,0,0
2021-09-02 17:00:00,0,0,0
2021-09-02 18:00:00,0,0,0
2021-09-02 19:00:00,0,0,0
2021-09-02 20:00:00,0,0,0
2021-09-02 21:00:00,0,0,0
2021-09-02 22:00:00,0,0,0
2021-09-02 23:00:00,0,0,0
2021-09-03 00:00:00,0,0,0
2021-09-03 01:00:00,0,0,0
2021-09-03 02:00:00,0,0,0
2021-09-03 03:00:00,0,0,0
2021-09-03 04:00:00,0,0,0
2021-09-03 05:00:00,0,0,0
2021-09-03 06:00:00,0,0,0
2021-09-03 07:00:00,0,0,0
2021-09-03 08:00:00,0,0,0
2021-09-03 09:00:00,0,0,0
2021-09-03 10:00:00,0,0,0
2021-09-03 11:00:00,0,0,0
2021-09-03 12:00:00,0,0,0
2021-09-03 13:00:00,0,0,0
2021-09-03 14:00:00,0,0,0
2021-09-03 15:00:00,0,0,0
2021-09-03 16:00:00,0,0,0
2021-09-03 17:00:00,0,0,0
2021-09-03 18:00:00,0,0,0
2021-09-03 19:00:00,0,0,0
2021-09-03 20:00:00,0,0,0
2021-09-03 21:00:00,0,0,0
2021-09-03 22:00:00,0,0,0
2021-09-03 23:00:00,0,0,0
2021-09-04 00:00:00,0,0,0
2021-09-04 01:00:00,0,0,0
2021-09-04 02:00:00,0,0,0
2021-09-04 03:00:00,0,0,0
2021-09-04 04:00:00,0,0,0
2021-09-04 05:00:00,0,0,0
2021-09-04 06:00:00,0,0,0
2021-09-04 07:00:00,0,0,0
2021-09-04 08:00:00,0,0,0
2021-09-04 09:00:00,0,0,0
2021-09-04 10:00:00,0,0,0
2021-09-04 11:00:00,0,0,0
2021-09-04 12:00:00,0,0,0
2021-09-04 13:00:00,0,0,0
2021-09-04 14:00:00,0,0,0
2021-09-04 15:00:00,0,0,0
2021-09-04 16:00:00,0,0,0
2021-09-04 17:00:00,0,0,0
2021-09-04 18:00:00,0,0,0
2021-09-04 19:00:00,0,0,0
2021-09-04 20:00:00,0,0,0
2021-09-04 21:00:00,0,0,0
2021-09-04 22:00:00,0,0,0
2021-09-04 23:00:00,0,0,0
2021-09-05 00:00:00,0,0,0
2021-09-05 01:00:00,0,0,0
2021-09-05 02:00:00,0,0,0
2021-09-05 03:00:00,0,0,0
2021-09-05 04:00:00,0,0,0
2021-09-05 05:00:00,0,0,0
2021-09-05 06:00:00,0,0,0
2021-09-05 07:00:00,0,0,0
2021-09-05 08:00:00,0,0,0
2021-09-05 09:00:00,0,0,0
2021-09-05 10:00:00,0,0,0
2021-09-05 11:00:00,0,0,0
2021-09-05 12:00:00,0,0,0
2021-09-05 13:00:00,0,0,0
2021-09-05 14:00:00,0,0,0
2021-09-05 15:00:00,0,0,0
2021-09-05 16:00:00,0,0,0
2021-09-05 17:00:00,0,0,0
2021-09-05 18:00:00,0,0,0
2021-09-05 19:00:00,0,0,0
2021-09-05 20:00:00,0,0,0
2021-09-05 21:00:00,0,0,0
2021-09-05 22:00:00,0,0,0
2021-09-05 23:00:00,0,0,0
2021-09-06 00:00:00,0,0,0
2021-09-06 01:00:00,0,0,0
2021-09-06 02:00:00,0,0,0
2021-09-06 03:00:00,0,0,0
2021-09-06 04:00:00,0,0,0
2021-09-06 05:00:00,0,0,0
2021-09-06 06:00:00,0,0,0
2021-09-06 07:00:00,0,0,0
2021-09-06 08:00:00,0,0,0
2021-09-06 09:00:00,0,0,0
2021-09-06 10:00:00,0,0,0
2021-09-06 11:00:00,0,0,0
2021-09-06 12:00:00,0,0,0
2021-09-06 13:00:00,0,0,0
2021-09-06 14:00:00,0,0,0
2021-09-06 15:00:00,0,0,0
2021-09-06 16:00:00,0,0,0
2021-09-06 17:00:00,0,0,0
2021-09-06 18:00:00,0,0,0
2021-09-06 19:00:00,0,0,0
2021-09-06 20:00:00,0,0,0
2021-09-06 21:00:00,0,0,0
2021-09-06 22:00:00,0,0,0
2021-09-06 23:00:00,0,0,0
2021-09-07 00:00:00,0,0,0
2021-09-07 01:00:00,0,0,0
2021-09-07 02:00:00,0,0,0
2021-09-07 03:00:00,0,0,0
2021-09-07 04:00:00,0,0,0
2021-09-07 05:00:00,0,0,0
2021-09-07 06:00:00,0,0,0
2021-09-07 07:00:00,0,0,0
2021-09-07 08:00:00,0,0,0
2021-09-07 09:00:00,0,0,0
2021-09-07 10:00:00,0,0,0
2021-09-07 11:00:00,0,0,0
2021-09-07 12:00:00,0,0,0
2021-09-07 13:00:00,0,0,0
2021-09-07 14:00:00,0,0,0
2021-09-07 15:00:00,0,0,0
2021-09-07 16:00:00,0,0,0
2021-09-07 17:00:00,0,0,0
2021-09-07 18:00:00,0,0,0
2021-09-07 19:00:00,0,0,0
2021-09-07 20:00:00,0,0,0
2021-09-07 21:00:00,0,0,0
2021-09-07 22:00:00,0,0,0
2021-09-07 23:00:00,0,0,0
2021-09-08 00:00:00,0,0,0
2021-09-08 01:00:00,0,0,0
2021-09-08 02:00:00,0,0,0
2021-09-08 03:00:00,0,0,0
2021-09-08 04:00:00,0,0,0
2021-09-08 05:00:00,0,0,0
2021-09-08 06:00:00,0,0,0
2021-09-08 07:00:00,0,0,0
2021-09-08 08:00:00,0,0,0
2021-09-08 09:00:00,0,0,0
2021-09-08 10:00:00,0,0,0
2021-09-08 11:00:00,0,0,0
2021-09-08 12:00:00,0,0,0
2021-09-08 13:00:00,0,0,0
2021-09-08 14:00:00,0,0,0
2021-09-08 15:00:00,0,0,0
2021-09-08 16:00:00,0,0,0
2021-09-08 17:00:00,0,0,0
2021-09-08 18:00:00,0,0,0
2021-09-08 19:00:00,0,0,0
2021-09-08 20:00:00,0,0,0
2021-09-08 21:00:00,0,0,0
2021-09-08 22:00:00,0,0,0
2021-09-08 23:00:00,0,0,0
2021-09-09 00:00:00,0,0,0
2021-09-09 01:00:00,0,0,0
2021-09-09 02:00:00,0,0,0
2021-09-09 03:00:00,0,0,0
2021-09-09 04:00:00,0,0,0
2021-09-09 05:00:00,0,0,0
2021-09-09 06:00:00,0,0,0
2021-09-09 07:00:00,0,0,0
2021-09-09 08:00:00,0,0,0
2021-09-09 09:00:00,0,0,0
2021-09-09 10:00:00,0,0,0
2021-09-09 11:00:00,0,0,0
2021-09-09 12:00:00,0,0,0
2021-09-09 13:00:00,0,0,0
2021-09-09 14:00:00,0,0,0
2021-09-09 15:00:00,0,0,0
2021-09-09 16:00:00,0,0,0
2021-09-09 17:00:00,0,0,0
2021-09-09 18:00:00,0,0,0
2021-09-09 19:00:00,0,0,0
2021-09-09 20:00:00,0,0,0
2021-09-09 21:00:00,0,0,0
2021-09-09 22:00:00,0,0,0
2021-09-09 23:00:00,0,0,0
2021-09-10 00:00:00,0,0,0
2021-09-10 01:00:00,0,0,0
2021-09-10 02:00:00,0,0,0
2021-09-10 03:00:00,0,0,0
2021-09-10 04:00:00,0,0,0
2021-09-10 05:00:00,0,0,0
2021-09-10 06:00:00,0,0,0
2021-09-10 07:00:00,0,0,0
2021-09-10 08:00:00,0,0,0
2021-09-10 09:00:00,0,0,0
2021-09-10 10:00:00,0,0,0
2021-09-10 11:00:00,0,0,0
2021-09-10 12:00:00,0,0,0
2021-09-10 13:00:00,0,0,0
2021-09-10 14:00:00,0,0,0
2021-09-10 15:00:00,0,0,0
2021-09-10 16:00:00,0,0,0
2021-09-10 17:00:00,0,0,0
2021-09-10 18:00:00,0,0,0
2021-09-10 19:00:00,0,0,0
2021-09-10 20:00:00,0,0,0
2021-09-10 21:00:00,0,0,0
2021-09-10 22:00:00,0,0,0
2021-09-10 23:00:00,0,0,0
2021-09-11 00:00:00,0,0,0
2021-09-11 01:00:00,0,0,0
2021-09-11 02:00:00,0,0,0
2021-09-11 03:00:00,0,0,0
2021-09-11 04:00:00,0,0,0
2021-09-11 05:00:00,0,0,0
2021-09-11 06:00:00,0,0,0
2021-09-11 07:00:00,0,0,0
2021-09-11 08:00:00,0,0,0
2021-09-11 09:00:00,0,0,0
2021-09-11 10:00:00,0,0,0
2021-09-11 11:00:00,0,0,0
2021-09-11 12:00:00,0,0,0
2021-09-11 13:00:00,0,0,0
2021-09-11 14:00:00,0,0,0
2021-09-11 15:00:00,0,0,0
2021-09-11 16:00:00,0,0,0
2021-09-11 17:00:00,0,0,0
2021-09-11 18:00:00,0,0,0
2021-09-11 19:00:00,0,0,0
2021-09-11 20:00:00,0,0,0
2021-09-11 21:00:00,0,0,0
2021-09-11 22:00:00,0,0,0
2021-09-11 23:00:00,0,0,0
2021-09-12 00:00:00,0,0,0
2021-09-12 01:00:00,0,0,0
2021-09-12 02:00:00,0,0,0
2021-09-12 03:00:00,0,0,0
2021-09-12 04:00:00,0,0,0
2021-09-12 05:00:00,0,0,0
2021-09-12 06:00:00,0,0,0
2021-09-12 07:00:00,0,0,0
2021-09-12 08:00:00,0,0,0
2021-09-12 09:00:00,0,0,0
2021-09-12 10:00:00,0,0,0
2021-09-12 11:00:00,0,0,0
2021-09-12 12:00:00,0,0,0
2021-09-12 13:00:00,0,0,0
2021-09-12 14:00:00,0,0,0
2021-09-12 15:00:00,0,0,0
2021-09-12 16:00:00,0,0,0
2021-09-12 17:00:00,0,0,0
2021-09-12 18:00:00,0,0,0
2021-09-12 19:00:00,0,0,0
2021-09-12 20:00:00,0,0,0
2021-09-12 21:00:00,0,0,0
2021-09-12 22:00:00,0,0,0
2021-09-12 23:00:00,0,0,0
2021-09-13 00:00:00,0,0,0
2021-09-13 01:00:00,0,0,0
2021-09-13 02:00:00,0,0,0
2021-09-13 03:00:00,0,0,0
2021-09-13 04:00:00,0,0,0
2021-09-13 05:00:00,0,0,0
2021-09-13 06:00:00,0,0,0
2021-09-13 07:00:00,0,0,0
2021-09-13 08:00:00,0,0,0
2021-09-13 09:00:00,0,0,0
2021-09-13 10:00:00,0,0,0
2021-09-13 11:00:00,0,0,0
2021-09-13 12:00:00,0,0,0
2021-09-13 13:00:00,0,0,0
2021-09-13 14:00:00,0,0,0
2021-09-13 15:00:00,0,0,0
2021-09-13 16:00:00,0,0,0
2021-09-13 17:00:00,0,0,0
2021-09-13 18:00:00,0,0,0
2021-09-13 19:00:00,0,0,0
2021-09-13 20:00:00,0,0,0
2021-09-13 21:00:00,0,0,0
2021-09-13 22:00:00,0,0,0
2021-09-13 23:00:00,0,0,0
2021-09-14 00:00:00,0,0,0
2021-09-14 01:00:00,0,0,0
2021-09-14 02:00:00,0,0,0
2021-09-14 03:00:00,0,0,0
2021-09-14 04:00:00,0,0,0
2021-09-14 05:00:00,0,0,0
2021-09-14 06:00:00,0,0,0
2021-09-14 07:00:00,0,0,0
2021-09-14 08:00:00,0,0,0
2021-09-14 09:00:00,0,0,0
2021-09-14 10:00:00,0,0,0
2021-09-14 11:00:00,0,0,0
2021-09-14 12:00:00,0,0,0
2021-09-14 13:00:00,0,0,0
2021-09-14 14:00:00,0,0,0
2021-09-14 15:00:00,0,0,0
2021-09-14 16:00:00,0,0,0
2021-09-14 17:00:00,0,0,0
2021-09-14 18:00:00,0,0,0
2021-09-14 19:00:00,0,0,0
2021-09-14 20:00:00,0,0,0
2021-09-14 21:00:00,0,0,0
2021-09-14 22:00:00,0,0,0
2021-09-14 23:00:00,0,0,0
2021-09-15 00:00:00,0,0,0
2021-09-15 01:00:00,0,0,0
2021-09-15 02:00:00,0,0,0
2021-09-15 03:00:00,0,0,0
2021-09-15 04:00:00,0,0,0
2021-09-15 05:00:00,0,0,0
2021-09-15 06:00:00,0,0,0
2021-09-15 07:00:00,0,0,0
2021-09-15 08:00:00,0,0,0
2021-09-15 09:00:00,0,0,0
2021-09-15 10:00:00,0,0,0
2021-09-15 11:00:00,0,0,0
2021-09-15 12:00:00,0,0,0
2021-09-15 13:00:00,0,0,0
2021-09-15 14:00:00,75,58,17
2021-09-15 15:00:00,204,152,52
2021-09-15 16:00:00,225,136,89
2021-09-15 17:00:00,320,203,117
2021-09-15 18:00:00,436,250,186
2021-09-15 19:00:00,432,206,226
2021-09-15 20:00:00,291,221,70
2021-09-15 21:00:00,36,18,18
2021-09-15 22:00:00,25,19,6
2021-09-15 23:00:00,148,146,2
2021-09-16 00:00:00,274,271,3
2021-09-16 01:00:00,620,613,7
2021-09-16 02:00:00,209,207,2
2021-09-16 03:00:00,394,394,0
2021-09-16 04:00:00,57,57,0
2021-09-16 05:00:00,57,56,1
2021-09-16 06:00:00,105,77,28
2021-09-16 07:00:00,322,250,72
2021-09-16 08:00:00,353,255,98
2021-09-16 09:00:00,214,128,86
2021-09-16 10:00:00,253,173,80
2021-09-16 11:00:00,305,217,88
2021-09-16 12:00:00,455,336,119
2021-09-16 13:00:00,269,166,103
2021-09-16 14:00:00,216,132,84
2021-09-16 15:00:00,217,120,97
2021-09-16 16:00:00,201,102,99
2021-09-16 17:00:00,280,162,118
2021-09-16 18:00:00,357,195,162
2021-09-16 19:00:00,320,153,167
2021-09-16 20:00:00,92,49,43
2021-09-16 21:00:00,25,18,7
2021-09-16 22:00:00,56,50,6
2021-09-16 23:00:00,36,33,3
2021-09-17 00:00:00,9,5,4
2021-09-17 01:00:00,9,6,3
2021-09-17 02:00:00,2,1,1
2021-09-17 03:00:00,1,0,1
2021-09-17 04:00:00,1,1,0
2021-09-17 05:00:00,12,6,6
2021-09-17 06:00:00,114,97,17
2021-09-17 07:00:00,207,149,58
2021-09-17 08:00:00,197,133,64
2021-09-17 09:00:00,234,167,67
2021-09-17 10:00:00,212,185,27
2021-09-17 11:00:00,166,125,41
2021-09-17 12:00:00,342,303,39
2021-09-17 13:00:00,222,171,51
2021-09-17 14:00:00,109,56,53
2021-09-17 15:00:00,102,52,50
2021-09-17 16:00:00,118,72,46
2021-09-17 17:00:00,134,78,56
2021-09-17 18:00:00,196,119,77
2021-09-17 19:00:00,243,146,97
2021-09-17 20:00:00,196,145,51
2021-09-17 21:00:00,86,75,11
2021-09-17 22:00:00,44,38,6
2021-09-17 23:00:00,1,1,0
2021-09-18 00:00:00,3,3,0
2021-09-18 01:00:00,0,0,0
2021-09-18 02:00:00,0,0,0
2021-09-18 03:00:00,0,0,0
2021-09-18 04:00:00,0,0,0
2021-09-18 05:00:00,2,1,1
2021-09-18 06:00:00,21,14,7
2021-09-18 07:00:00,78,47,31
2021-09-18 08:00:00,163,84,79
2021-09-18 09:00:00,168,88,80
2021-09-18 10:00:00,251,127,124
2021-09-18 11:00:00,299,144,155
2021-09-18 12:00:00,290,128,162
2021-09-18 13:00:00,208,72,136
2021-09-18 14:00:00,60,28,32
2021-09-18 15:00:00,44,21,23
2021-09-18 16:00:00,93,46,47
2021-09-18 17:00:00,80,36,44
2021-09-18 18:00:00,96,45,51
2021-09-18 19:00:00,84,38,46
2021-09-18 20:00:00,22,11,11
2021-09-18 21:00:00,16,8,8
2021-09-18 22:00:00,5,3,2
2021-09-18 23:00:00,3,3,0
2021-09-19 00:00:00,3,2,1
2021-09-19 01:00:00,1,0,1
2021-09-19 02:00:00,1,1,0
2021-09-19 03:00:00,0,0,0
2021-09-19 04:00:00,0,0,0
2021-09-19 05:00:00,6,4,2
2021-09-19 06:00:00,28,18,10
2021-09-19 07:00:00,68,40,28
2021-09-19 08:00:00,168,95,73
2021-09-19 09:00:00,192,94,98
2021-09-19 10:00:00,227,114,113
2021-09-19 11:00:00,248,110,138
2021-09-19 12:00:00,210,82,128
2021-09-19 13:00:00,210,98,112
2021-09-19 14:00:00,275,134,141
2021-09-19 15:00:00,211,91,120
2021-09-19 16:00:00,245,121,124
2021-09-19 17:00:00,170,67,103
2021-09-19 18:00:00,126,66,60
2021-09-19 19:00:00,127,46,81
2021-09-19 20:00:00,36,15,21
2021-09-19 21:00:00,19,9,10
2021-09-19 22:00:00,17,7,10
2021-09-19 23:00:00,3,2,1
2021-09-20 00:00:00,4,2,2
2021-09-20 01:00:00,0,0,0
2021-09-20 02:00:00,1,0,1
2021-09-20 03:00:00,3,1,2
2021-09-20 04:00:00,0,0,0
2021-09-20 05:00:00,7,4,3
2021-09-20 06:00:00,50,29,21
2021-09-20 07:00:00,121,70,51
2021-09-20 08:00:00,172,89,83
2021-09-20 09:00:00,158,80,78
2021-09-20 10:00:00,154,68,86
2021-09-20 11:00:00,145,65,80
2021-09-20 12:00:00,179,82,97
2021-09-20 13:00:00,170,79,91
2021-09-20 14:00:00,194,94,100
2021-09-20 15:00:00,214,106,108
2021-09-20 16:00:00,270,152,118
2021-09-20 17:00:00,365,205,160
2021-09-20 18:00:00,491,270,221
2021-09-20 19:00:00,440,160,280
2021-09-20 20:00:00,105,35,70
2021-09-20 21:00:00,13,6,7
2021-09-20 22:00:00,10,3,7
2021-09-20 23:00:00,6,2,4
2021-09-21 00:00:00,1,0,1
2021-09-21 01:00:00,3,1,2
2021-09-21 02:00:00,2,2,0
2021-09-21 03:00:00,2,0,2
2021-09-21 04:00:00,3,1,2
2021-09-21 05:00:00,14,8,6
2021-09-21 06:00:00,58,32,26
2021-09-21 07:00:00,143,77,66
2021-09-21 08:00:00,193,95,98
2021-09-21 09:00:00,131,68,63
2021-09-21 10:00:00,143,57,86
2021-09-21 11:00:00,187,100,87
2021-09-21 12:00:00,226,104,122
2021-09-21 13:00:00,188,88,100
2021-09-21 14:00:00,188,98,90
2021-09-21 15:00:00,232,104,128
2021-09-21 16:00:00,250,151,99
2021-09-21 17:00:00,352,197,155
2021-09-21 18:00:00,447,239,208
2021-09-21 19:00:00,423,156,267
2021-09-21 20:00:00,58,22,36
2021-09-21 21:00:00,20,11,9
2021-09-21 22:00:00,12,5,7
2021-09-21 23:00:00,5,3,2
2021-09-22 00:00:00,1,1,0
2021-09-22 01:00:00,0,0,0
2021-09-22 02:00:00,6,3,3
2021-09-22 03:00:00,3,1,2
2021-09-22 04:00:00,5,4,1
2021-09-22 05:00:00,9,6,3
2021-09-22 06:00:00,54,29,25
2021-09-22 07:00:00,139,77,62
2021-09-22 08:00:00,126,67,59
2021-09-22 09:00:00,125,54,71
2021-09-22 10:00:00,127,66,61
2021-09-22 11:00:00,124,57,67
2021-09-22 12:00:00,144,59,85
2021-09-22 13:00:00,137,78,59
2021-09-22 14:00:00,124,60,64
2021-09-22 15:00:00,120,63,57
2021-09-22 16:00:00,221,117,104
2021-09-22 17:00:00,238,126,112
2021-09-22 18:00:00,410,235,175
2021-09-22 19:00:00,245,79,166
2021-09-22 20:00:00,44,18,26
2021-09-22 21:00:00,27,11,16
2021-09-22 22:00:00,10,4,6
2021-09-22 23:00:00,2,0,2
2021-09-23 00:00:00,6,6,0
2021-09-23 01:00:00,3,1,2
2021-09-23 02:00:00,0,0,0
2021-09-23 03:00:00,2,1,1
2021-09-23 04:00:00,3,2,1
2021-09-23 05:00:00,12,8,4
2021-09-23 06:00:00,72,43,29
2021-09-23 07:00:00,202,110,92
2021-09-23 08:00:00,189,76,113
2021-09-23 09:00:00,125,67,58
2021-09-23 10:00:00,156,73,83
2021-09-23 11:00:00,168,98,70
2021-09-23 12:00:00,178,82,96
2021-09-23 13:00:00,139,57,82
2021-09-23 14:00:00,141,69,72
2021-09-23 15:00:00,191,91,100
2021-09-23 16:00:00,192,103,89
2021-09-23 17:00:00,304,170,134
2021-09-23 18:00:00,452,232,220
2021-09-23 19:00:00,307,103,204
2021-09-23 20:00:00,59,15,44
2021-09-23 21:00:00,22,11,11
2021-09-23 22:00:00,7,2,5
2021-09-23 23:00:00,6,2,4
2021-09-24 00:00:00,0,0,0
2021-09-24 01:00:00,0,0,0
2021-09-24 02:00:00,2,1,1
2021-09-24 03:00:00,0,0,0
2021-09-24 04:00:00,2,0,2
2021-09-24 05:00:00,6,4,2
2021-09-24 06:00:00,62,37,25
2021-09-24 07:00:00,164,96,68
2021-09-24 08:00:00,212,102,110
2021-09-24 09:00:00,149,65,84
2021-09-24 10:00:00,153,77,76
2021-09-24 11:00:00,148,73,75
2021-09-24 12:00:00,195,96,99
2021-09-24 13:00:00,156,76,80
2021-09-24 14:00:00,169,82,87
2021-09-24 15:00:00,217,107,110
2021-09-24 16:00:00,244,115,129
2021-09-24 17:00:00,281,153,128
2021-09-24 18:00:00,308,159,149
2021-09-24 19:00:00,267,93,174
2021-09-24 20:00:00,68,28,40
2021-09-24 21:00:00,38,16,22
2021-09-24 22:00:00,12,5,7
2021-09-24 23:00:00,2,2,0
2021-09-25 00:00:00,4,2,2
2021-09-25 01:00:00,1,1,0
2021-09-25 02:00:00,0,0,0
2021-09-25 03:00:00,3,1,2
2021-09-25 04:00:00,2,1,1
2021-09-25 05:00:00,5,3,2
2021-09-25 06:00:00,28,17,11
2021-09-25 07:00:00,103,56,47
2021-09-25 08:00:00,176,96,80
2021-09-25 09:00:00,271,134,137
2021-09-25 10:00:00,246,107,139
2021-09-25 11:00:00,270,132,138
2021-09-25 12:00:00,236,109,127
2021-09-25 13:00:00,278,127,151
2021-09-25 14:00:00,320,154,166
2021-09-25 15:00:00,258,116,142
2021-09-25 16:00:00,297,169,128
2021-09-25 17:00:00,281,138,143
2021-09-25 18:00:00,286,137,149
2021-09-25 19:00:00,221,74,147
2021-09-25 20:00:00,43,15,28
2021-09-25 21:00:00,12,4,8
2021-09-25 22:00:00,7,3,4
2021-09-25 23:00:00,6,3,3
2021-09-26 00:00:00,7,3,4
2021-09-26 01:00:00,0,0,0
2021-09-26 02:00:00,2,1,1
2021-09-26 03:00:00,1,0,1
2021-09-26 04:00:00,0,0,0
2021-09-26 05:00:00,3,1,2
2021-09-26 06:00:00,29,21,8
2021-09-26 07:00:00,95,50,45
2021-09-26 08:00:00,116,62,54
2021-09-26 09:00:00,201,110,91
2021-09-26 10:00:00,213,94,119
2021-09-26 11:00:00,217,106,111
2021-09-26 12:00:00,177,82,95
2021-09-26 13:00:00,182,88,94
2021-09-26 14:00:00,78,25,53
2021-09-26 15:00:00,52,34,18
2021-09-26 16:00:00,28,14,14
2021-09-26 17:00:00,47,24,23
2021-09-26 18:00:00,41,19,22
2021-09-26 19:00:00,35,18,17
2021-09-26 20:00:00,10,4,6
2021-09-26 21:00:00,3,1,2
2021-09-26 22:00:00,2,1,1
2021-09-26 23:00:00,2,1,1
2021-09-27 00:00:00,0,0,0
2021-09-27 01:00:00,3,3,0
2021-09-27 02:00:00,1,1,0
2021-09-27 03:00:00,0,0,0
2021-09-27 04:00:00,2,0,2
2021-09-27 05:00:00,5,4,1
2021-09-27 06:00:00,44,22,22
2021-09-27 07:00:00,91,48,43
2021-09-27 08:00:00,102,50,52
2021-09-27 09:00:00,106,55,51
2021-09-27 10:00:00,119,53,66
2021-09-27 11:00:00,102,48,54
2021-09-27 12:00:00,112,42,70
2021-09-27 13:00:00,70,32,38
2021-09-27 14:00:00,34,16,18
2021-09-27 15:00:00,28,17,11
2021-09-27 16:00:00,101,59,42
2021-09-27 17:00:00,239,128,111
2021-09-27 18:00:00,306,158,148
2021-09-27 19:00:00,165,58,107
2021-09-27 20:00:00,28,7,21
2021-09-27 21:00:00,11,5,6
2021-09-27 22:00:00,12,6,6
2021-09-27 23:00:00,4,2,2
2021-09-28 00:00:00,0,0,0
2021-09-28 01:00:00,1,1,0
2021-09-28 02:00:00,1,1,0
2021-09-28 03:00:00,2,1,1
2021-09-28 04:00:00,1,0,1
2021-09-28 05:00:00,12,8,4
2021-09-28 06:00:00,55,29,26
2021-09-28 07:00:00,104,55,49
2021-09-28 08:00:00,121,57,64
2021-09-28 09:00:00,105,47,58
2021-09-28 10:00:00,87,45,42
2021-09-28 11:00:00,108,52,56
2021-09-28 12:00:00,146,65,81
2021-09-28 13:00:00,128,64,64
2021-09-28 14:00:00,155,75,80
2021-09-28 15:00:00,155,67,88
2021-09-28 16:00:00,178,86,92
2021-09-28 17:00:00,324,179,145
2021-09-28 18:00:00,418,226,192
2021-09-28 19:00:00,213,57,156
2021-09-28 20:00:00,39,15,24
2021-09-28 21:00:00,5,4,1
2021-09-28 22:00:00,13,6,7
2021-09-28 23:00:00,3,2,1
2021-09-29 00:00:00,1,1,0
2021-09-29 01:00:00,1,0,1
2021-09-29 02:00:00,1,1,0
2021-09-29 03:00:00,1,0,1
2021-09-29 04:00:00,2,1,1
2021-09-29 05:00:00,7,5,2
2021-09-29 06:00:00,42,24,18
2021-09-29 07:00:00,89,53,36
2021-09-29 08:00:00,139,74,65
2021-09-29 09:00:00,109,37,72
2021-09-29 10:00:00,77,41,36
2021-09-29 11:00:00,107,56,51
2021-09-29 12:00:00,130,61,69
2021-09-29 13:00:00,88,43,45
2021-09-29 14:00:00,72,25,47
2021-09-29 15:00:00,80,33,47
2021-09-29 16:00:00,114,64,50
2021-09-29 17:00:00,171,83,88
2021-09-29 18:00:00,243,126,117
2021-09-29 19:00:00,128,41,87
2021-09-29 20:00:00,28,14,14
2021-09-29 21:00:00,21,12,9
2021-09-29 22:00:00,16,4,12
2021-09-29 23:00:00,3,1,2
2021-09-30 00:00:00,0,0,0
2021-09-30 01:00:00,0,0,0
2021-09-30 02:00:00,0,0,0
2021-09-30 03:00:00,0,0,0
2021-09-30 04:00:00,0,0,0
2021-09-30 05:00:00,0,0,0
2021-09-30 06:00:00,0,0,0
2021-09-30 07:00:00,0,0,0
2021-09-30 08:00:00,0,0,0
2021-09-30 09:00:00,0,0,0
2021-09-30 10:00:00,0,0,0
2021-09-30 11:00:00,0,0,0
2021-09-30 12:00:00,0,0,0
2021-09-30 13:00:00,0,0,0
2021-09-30 14:00:00,0,0,0
2021-09-30 15:00:00,0,0,0
2021-09-30 16:00:00,0,0,0
2021-09-30 17:00:00,0,0,0
2021-09-30 18:00:00,0,0,0
2021-09-30 19:00:00,0,0,0
2021-09-30 20:00:00,0,0,0
2021-09-30 21:00:00,0,0,0
2021-09-30 22:00:00,0,0,0
2021-09-30 23:00:00,0,0,0
2021-10-01 00:00:00,0,0,0
2021-10-01 01:00:00,0,0,0
2021-10-01 02:00:00,0,0,0
2021-10-01 03:00:00,0,0,0
2021-10-01 04:00:00,0,0,0
2021-10-01 05:00:00,0,0,0
2021-10-01 06:00:00,0,0,0
2021-10-01 07:00:00,0,0,0
2021-10-01 08:00:00,0,0,0
2021-10-01 09:00:00,0,0,0
2021-10-01 10:00:00,0,0,0
2021-10-01 11:00:00,0,0,0
2021-10-01 12:00:00,8,4,4
2021-10-01 13:00:00,232,119,113
2021-10-01 14:00:00,173,81,92
2021-10-01 15:00:00,199,103,96
2021-10-01 16:00:00,207,85,122
2021-10-01 17:00:00,260,144,116
2021-10-01 18:00:00,318,151,167
2021-10-01 19:00:00,186,57,129
2021-10-01 20:00:00,27,10,17
2021-10-01 21:00:00,12,5,7
2021-10-01 22:00:00,8,4,4
2021-10-01 23:00:00,18,12,6
2021-10-02 00:00:00,2,2,0
2021-10-02 01:00:00,1,1,0
2021-10-02 02:00:00,2,2,0
2021-10-02 03:00:00,0,0,0
2021-10-02 04:00:00,1,0,1
2021-10-02 05:00:00,8,5,3
2021-10-02 06:00:00,19,13,6
2021-10-02 07:00:00,72,43,29
2021-10-02 08:00:00,129,64,65
2021-10-02 09:00:00,177,85,92
2021-10-02 10:00:00,211,101,110
2021-10-02 11:00:00,223,97,126
2021-10-02 12:00:00,201,77,124
2021-10-02 13:00:00,182,84,98
2021-10-02 14:00:00,279,139,140
2021-10-02 15:00:00,261,121,140
2021-10-02 16:00:00,325,171,154
2021-10-02 17:00:00,307,122,185
2021-10-02 18:00:00,230,100,130
2021-10-02 19:00:00,120,41,79
2021-10-02 20:00:00,21,10,11
2021-10-02 21:00:00,10,5,5
2021-10-02 22:00:00,18,11,7
2021-10-02 23:00:00,4,0,4
2021-10-03 00:00:00,5,4,1
2021-10-03 01:00:00,1,0,1
2021-10-03 02:00:00,1,0,1
2021-10-03 03:00:00,0,0,0
2021-10-03 04:00:00,1,1,0
2021-10-03 05:00:00,5,3,2
2021-10-03 06:00:00,22,11,11
2021-10-03 07:00:00,67,42,25
2021-10-03 08:00:00,117,65,52
2021-10-03 09:00:00,117,51,66
2021-10-03 10:00:00,140,63,77
2021-10-03 11:00:00,162,77,85
2021-10-03 12:00:00,121,57,64
2021-10-03 13:00:00,131,59,72
2021-10-03 14:00:00,132,63,69
2021-10-03 15:00:00,176,92,84
2021-10-03 16:00:00,204,104,100
2021-10-03 17:00:00,206,98,108
2021-10-03 18:00:00,196,85,111
2021-10-03 19:00:00,85,25,60
2021-10-03 20:00:00,31,16,15
2021-10-03 21:00:00,10,3,7
2021-10-03 22:00:00,12,7,5
2021-10-03 23:00:00,9,6,3
2021-10-04 00:00:00,3,1,2
2021-10-04 01:00:00,1,1,0
2021-10-04 02:00:00,1,1,0
2021-10-04 03:00:00,1,1,0
2021-10-04 04:00:00,2,1,1
2021-10-04 05:00:00,6,4,2
2021-10-04 06:00:00,42,23,19
2021-10-04 07:00:00,90,50,40
2021-10-04 08:00:00,152,76,76
2021-10-04 09:00:00,109,46,63
2021-10-04 10:00:00,82,37,45
2021-10-04 11:00:00,116,55,61
2021-10-04 12:00:00,218,101,117
2021-10-04 13:00:00,155,69,86
2021-10-04 14:00:00,156,69,87
2021-10-04 15:00:00,136,66,70
2021-10-04 16:00:00,197,107,90
2021-10-04 17:00:00,376,223,153
2021-10-04 18:00:00,435,203,232
2021-10-04 19:00:00,159,43,116
2021-10-04 20:00:00,29,13,16
2021-10-04 21:00:00,15,6,9
2021-10-04 22:00:00,2,1,1
2021-10-04 23:00:00,6,5,1
2021-10-05 00:00:00,4,2,2
2021-10-05 01:00:00,3,0,3
2021-10-05 02:00:00,0,0,0
2021-10-05 03:00:00,0,0,0
2021-10-05 04:00:00,5,2,3
2021-10-05 05:00:00,17,12,5
2021-10-05 06:00:00,39,18,21
2021-10-05 07:00:00,47,25,22
2021-10-05 08:00:00,89,48,41
2021-10-05 09:00:00,54,19,35
2021-10-05 10:00:00,61,27,34
2021-10-05 11:00:00,56,28,28
2021-10-05 12:00:00,59,24,35
2021-10-05 13:00:00,89,50,39
2021-10-05 14:00:00,77,40,37
2021-10-05 15:00:00,84,39,45
2021-10-05 16:00:00,72,38,34
2021-10-05 17:00:00,247,154,93
2021-10-05 18:00:00,415,204,211
2021-10-05 19:00:00,161,50,111
2021-10-05 20:00:00,21,9,12
2021-10-05 21:00:00,2,1,1
2021-10-05 22:00:00,5,4,1
2021-10-05 23:00:00,4,3,1
2021-10-06 00:00:00,1,1,0
2021-10-06 01:00:00,2,1,1
2021-10-06 02:00:00,1,1,0
2021-10-06 03:00:00,0,0,0
2021-10-06 04:00:00,2,1,1
2021-10-06 05:00:00,11,6,5
2021-10-06 06:00:00,44,25,19
2021-10-06 07:00:00,100,57,43
2021-10-06 08:00:00,161,85,76
2021-10-06 09:00:00,140,75,65
2021-10-06 10:00:00,101,42,59
2021-10-06 11:00:00,85,37,48
2021-10-06 12:00:00,126,62,64
2021-10-06 13:00:00,142,68,74
2021-10-06 14:00:00,137,77,60
2021-10-06 15:00:00,155,76,79
2021-10-06 16:00:00,208,108,100
2021-10-06 17:00:00,317,187,130
2021-10-06 18:00:00,432,209,223
2021-10-06 19:00:00,173,56,117
2021-10-06 20:00:00,29,16,13
2021-10-06 21:00:00,8,3,5
2021-10-06 22:00:00,10,3,7
2021-10-06 23:00:00,6,3,3
2021-10-07 00:00:00,0,0,0
2021-10-07 01:00:00,1,1,0
2021-10-07 02:00:00,3,1,2
2021-10-07 03:00:00,3,1,2
2021-10-07 04:00:00,1,1,0
2021-10-07 05:00:00,10,7,3
2021-10-07 06:00:00,38,18,20
2021-10-07 07:00:00,116,70,46
2021-10-07 08:00:00,144,72,72
2021-10-07 09:00:00,130,63,67
2021-10-07 10:00:00,127,62,65
2021-10-07 11:00:00,125,62,63
2021-10-07 12:00:00,176,83,93
2021-10-07 13:00:00,133,58,75
2021-10-07 14:00:00,108,48,60
2021-10-07 15:00:00,170,96,74
2021-10-07 16:00:00,181,89,92
2021-10-07 17:00:00,280,155,125
2021-10-07 18:00:00,370,179,191
2021-10-07 19:00:00,126,35,91
2021-10-07 20:00:00,25,14,11
2021-10-07 21:00:00,14,10,4
2021-10-07 22:00:00,4,2,2
2021-10-07 23:00:00,2,1,1
2021-10-08 00:00:00,2,1,1
2021-10-08 01:00:00,0,0,0
2021-10-08 02:00:00,0,0,0
2021-10-08 03:00:00,0,0,0
2021-10-08 04:00:00,5,5,0
2021-10-08 05:00:00,10,6,4
2021-10-08 06:00:00,34,15,19
2021-10-08 07:00:00,115,67,48
2021-10-08 08:00:00,154,71,83
2021-10-08 09:00:00,122,61,61
2021-10-08 10:00:00,106,55,51
2021-10-08 11:00:00,152,64,88
2021-10-08 12:00:00,157,79,78
2021-10-08 13:00:00,122,58,64
2021-10-08 14:00:00,130,67,63
2021-10-08 15:00:00,176,79,97
2021-10-08 16:00:00,278,156,122
2021-10-08 17:00:00,344,173,171
2021-10-08 18:00:00,362,160,202
2021-10-08 19:00:00,94,20,74
2021-10-08 20:00:00,26,14,12
2021-10-08 21:00:00,15,11,4
2021-10-08 22:00:00,10,4,6
2021-10-08 23:00:00,10,6,4
2021-10-09 00:00:00,1,0,1
2021-10-09 01:00:00,4,3,1
2021-10-09 02:00:00,2,2,0
2021-10-09 03:00:00,0,0,0
2021-10-09 04:00:00,0,0,0
2021-10-09 05:00:00,8,7,1
2021-10-09 06:00:00,24,13,11
2021-10-09 07:00:00,69,42,27
2021-10-09 08:00:00,132,76,56
2021-10-09 09:00:00,193,109,84
2021-10-09 10:00:00,232,130,102
2021-10-09 11:00:00,230,103,127
2021-10-09 12:00:00,196,92,104
2021-10-09 13:00:00,176,76,100
2021-10-09 14:00:00,196,83,113
2021-10-09 15:00:00,146,63,83
2021-10-09 16:00:00,135,63,72
2021-10-09 17:00:00,76,35,41
2021-10-09 18:00:00,98,39,59
2021-10-09 19:00:00,20,7,13
2021-10-09 20:00:00,17,11,6
2021-10-09 21:00:00,9,5,4
2021-10-09 22:00:00,6,2,4
2021-10-09 23:00:00,5,4,1
2021-10-10 00:00:00,5,1,4
2021-10-10 01:00:00,1,1,0
2021-10-10 02:00:00,1,0,1
2021-10-10 03:00:00,0,0,0
2021-10-10 04:00:00,1,0,1
2021-10-10 05:00:00,4,4,0
2021-10-10 06:00:00,11,6,5
2021-10-10 07:00:00,54,31,23
2021-10-10 08:00:00,118,69,49
2021-10-10 09:00:00,186,94,92
2021-10-10 10:00:00,159,75,84
2021-10-10 11:00:00,167,76,91
2021-10-10 12:00:00,210,100,110
2021-10-10 13:00:00,219,103,116
2021-10-10 14:00:00,269,135,134
2021-10-10 15:00:00,260,117,143
2021-10-10 16:00:00,251,119,132
2021-10-10 17:00:00,207,86,121
2021-10-10 18:00:00,145,51,94
2021-10-10 19:00:00,22,9,13
2021-10-10 20:00:00,6,4,2
2021-10-10 21:00:00,9,5,4
2021-10-10 22:00:00,3,1,2
2021-10-10 23:00:00,8,3,5
2021-10-11 00:00:00,0,0,0
2021-10-11 01:00:00,0,0,0
2021-10-11 02:00:00,1,1,0
2021-10-11 03:00:00,1,0,1
2021-10-11 04:00:00,2,2,0
2021-10-11 05:00:00,9,5,4
2021-10-11 06:00:00,35,14,21
2021-10-11 07:00:00,69,42,27
2021-10-11 08:00:00,122,56,66
2021-10-11 09:00:00,104,61,43
2021-10-11 10:00:00,132,59,73
2021-10-11 11:00:00,122,64,58
2021-10-11 12:00:00,171,78,93
2021-10-11 13:00:00,134,65,69
2021-10-11 14:00:00,147,74,73
2021-10-11 15:00:00,179,97,82
2021-10-11 16:00:00,222,117,105
2021-10-11 17:00:00,380,203,177
2021-10-11 18:00:00,465,222,243
2021-10-11 19:00:00,147,42,105
2021-10-11 20:00:00,35,15,20
2021-10-11 21:00:00,13,6,7
2021-10-11 22:00:00,7,3,4
2021-10-11 23:00:00,8,3,5
2021-10-12 00:00:00,3,2,1
2021-10-12 01:00:00,1,0,1
2021-10-12 02:00:00,0,0,0
2021-10-12 03:00:00,0,0,0
2021-10-12 04:00:00,5,3,2
2021-10-12 05:00:00,10,6,4
2021-10-12 06:00:00,42,21,21
2021-10-12 07:00:00,102,58,44
2021-10-12 08:00:00,127,59,68
2021-10-12 09:00:00,102,38,64
2021-10-12 10:00:00,113,61,52
2021-10-12 11:00:00,112,53,59
2021-10-12 12:00:00,129,63,66
2021-10-12 13:00:00,97,55,42
2021-10-12 14:00:00,89,36,53
2021-10-12 15:00:00,92,46,46
2021-10-12 16:00:00,88,37,51
2021-10-12 17:00:00,144,78,66
2021-10-12 18:00:00,109,60,49
2021-10-12 19:00:00,44,12,32
2021-10-12 20:00:00,11,6,5
2021-10-12 21:00:00,5,3,2
2021-10-12 22:00:00,4,1,3
2021-10-12 23:00:00,4,2,2
2021-10-13 00:00:00,1,0,1
2021-10-13 01:00:00,1,0,1
2021-10-13 02:00:00,1,0,1
2021-10-13 03:00:00,0,0,0
2021-10-13 04:00:00,4,2,2
2021-10-13 05:00:00,10,4,6
2021-10-13 06:00:00,50,29,21
2021-10-13 07:00:00,76,38,38
2021-10-13 08:00:00,132,62,70
2021-10-13 09:00:00,96,42,54
2021-10-13 10:00:00,118,63,55
2021-10-13 11:00:00,91,48,43
2021-10-13 12:00:00,156,74,82
2021-10-13 13:00:00,92,44,48
2021-10-13 14:00:00,91,51,40
2021-10-13 15:00:00,151,67,84
2021-10-13 16:00:00,163,88,75
2021-10-13 17:00:00,281,139,142
2021-10-13 18:00:00,276,116,160
2021-10-13 19:00:00,81,26,55
2021-10-13 20:00:00,18,10,8
2021-10-13 21:00:00,5,3,2
2021-10-13 22:00:00,6,2,4
2021-10-13 23:00:00,4,2,2
2021-10-14 00:00:00,0,0,0
2021-10-14 01:00:00,0,0,0
2021-10-14 02:00:00,2,1,1
2021-10-14 03:00:00,0,0,0
2021-10-14 04:00:00,1,0,1
2021-10-14 05:00:00,6,5,1
2021-10-14 06:00:00,45,22,23
2021-10-14 07:00:00,97,53,44
2021-10-14 08:00:00,115,62,53
2021-10-14 09:00:00,105,49,56
2021-10-14 10:00:00,80,31,49
2021-10-14 11:00:00,111,57,54
2021-10-14 12:00:00,131,65,66
2021-10-14 13:00:00,89,41,48
2021-10-14 14:00:00,82,42,40
2021-10-14 15:00:00,124,66,58
2021-10-14 16:00:00,155,74,81
2021-10-14 17:00:00,207,103,104
2021-10-14 18:00:00,217,106,111
2021-10-14 19:00:00,68,25,43
2021-10-14 20:00:00,25,13,12
2021-10-14 21:00:00,11,5,6
2021-10-14 22:00:00,18,11,7
2021-10-14 23:00:00,2,1,1
2021-10-15 00:00:00,0,0,0
2021-10-15 01:00:00,0,0,0
2021-10-15 02:00:00,3,2,1
2021-10-15 03:00:00,3,1,2
2021-10-15 04:00:00,4,1,3
2021-10-15 05:00:00,6,3,3
2021-10-15 06:00:00,32,19,13
2021-10-15 07:00:00,91,55,36
2021-10-15 08:00:00,132,63,69
2021-10-15 09:00:00,120,53,67
2021-10-15 10:00:00,94,33,61
2021-10-15 11:00:00,115,57,58
2021-10-15 12:00:00,134,64,70
2021-10-15 13:00:00,115,48,67
2021-10-15 14:00:00,98,45,53
2021-10-15 15:00:00,126,62,64
2021-10-15 16:00:00,158,77,81
2021-10-15 17:00:00,210,114,96
2021-10-15 18:00:00,260,100,160
2021-10-15 19:00:00,60,23,37
2021-10-15 20:00:00,7,4,3
2021-10-15 21:00:00,12,8,4
2021-10-15 22:00:00,12,5,7
2021-10-15 23:00:00,3,2,1
2021-10-16 00:00:00,2,1,1
2021-10-16 01:00:00,1,0,1
2021-10-16 02:00:00,2,2,0
2021-10-16 03:00:00,0,0,0
2021-10-16 04:00:00,0,0,0
2021-10-16 05:00:00,2,1,1
2021-10-16 06:00:00,14,8,6
2021-10-16 07:00:00,53,30,23
2021-10-16 08:00:00,143,78,65
2021-10-16 09:00:00,180,97,83
2021-10-16 10:00:00,204,94,110
2021-10-16 11:00:00,210,95,115
2021-10-16 12:00:00,206,97,109
2021-10-16 13:00:00,204,97,107
2021-10-16 14:00:00,214,109,105
2021-10-16 15:00:00,291,141,150
2021-10-16 16:00:00,283,151,132
2021-10-16 17:00:00,299,153,146
2021-10-16 18:00:00,236,89,147
2021-10-16 19:00:00,64,26,38
2021-10-16 20:00:00,21,10,11
2021-10-16 21:00:00,9,4,5
2021-10-16 22:00:00,4,0,4
2021-10-16 23:00:00,11,7,4
2021-10-17 00:00:00,8,1,7
2021-10-17 01:00:00,2,1,1
2021-10-17 02:00:00,2,1,1
2021-10-17 03:00:00,0,0,0
2021-10-17 04:00:00,1,0,1
2021-10-17 05:00:00,4,4,0
2021-10-17 06:00:00,20,10,10
2021-10-17 07:00:00,47,25,22
2021-10-17 08:00:00,127,77,50
2021-10-17 09:00:00,170,97,73
2021-10-17 10:00:00,201,97,104
2021-10-17 11:00:00,211,94,117
2021-10-17 12:00:00,225,107,118
2021-10-17 13:00:00,176,80,96
2021-10-17 14:00:00,233,117,116
2021-10-17 15:00:00,189,96,93
2021-10-17 16:00:00,181,94,87
2021-10-17 17:00:00,214,94,120
2021-10-17 18:00:00,128,46,82
2021-10-17 19:00:00,38,14,24
2021-10-17 20:00:00,4,1,3
2021-10-17 21:00:00,7,2,5
2021-10-17 22:00:00,5,3,2
2021-10-17 23:00:00,36,20,16
2021-10-18 00:00:00,2,1,1
2021-10-18 01:00:00,3,2,1
2021-10-18 02:00:00,0,0,0
2021-10-18 03:00:00,0,0,0
2021-10-18 04:00:00,3,1,2
2021-10-18 05:00:00,5,2,3
2021-10-18 06:00:00,36,18,18
2021-10-18 07:00:00,80,45,35
2021-10-18 08:00:00,118,65,53
2021-10-18 09:00:00,99,52,47
2021-10-18 10:00:00,99,53,46
2021-10-18 11:00:00,126,57,69
2021-10-18 12:00:00,195,96,99
2021-10-18 13:00:00,127,60,67
2021-10-18 14:00:00,137,68,69
2021-10-18 15:00:00,190,97,93
2021-10-18 16:00:00,187,85,102
2021-10-18 17:00:00,292,171,121
2021-10-18 18:00:00,346,140,206
2021-10-18 19:00:00,72,26,46
2021-10-18 20:00:00,20,11,9
2021-10-18 21:00:00,16,9,7
2021-10-18 22:00:00,10,8,2
2021-10-18 23:00:00,2,1,1
2021-10-19 00:00:00,8,4,4
2021-10-19 01:00:00,2,0,2
2021-10-19 02:00:00,1,0,1
2021-10-19 03:00:00,0,0,0
2021-10-19 04:00:00,2,1,1
2021-10-19 05:00:00,16,8,8
2021-10-19 06:00:00,50,23,27
2021-10-19 07:00:00,119,67,52
2021-10-19 08:00:00,162,80,82
2021-10-19 09:00:00,138,75,63
2021-10-19 10:00:00,135,66,69
2021-10-19 11:00:00,150,76,74
2021-10-19 12:00:00,224,111,113
2021-10-19 13:00:00,151,72,79
2021-10-19 14:00:00,142,75,67
2021-10-19 15:00:00,163,72,91
2021-10-19 16:00:00,213,117,96
2021-10-19 17:00:00,374,213,161
2021-10-19 18:00:00,388,166,222
2021-10-19 19:00:00,89,32,57
2021-10-19 20:00:00,24,15,9
2021-10-19 21:00:00,14,6,8
2021-10-19 22:00:00,6,6,0
2021-10-19 23:00:00,4,1,3
2021-10-20 00:00:00,5,4,1
2021-10-20 01:00:00,2,2,0
2021-10-20 02:00:00,0,0,0
2021-10-20 03:00:00,0,0,0
2021-10-20 04:00:00,2,2,0
2021-10-20 05:00:00,7,3,4
2021-10-20 06:00:00,17,7,10
2021-10-20 07:00:00,44,21,23
2021-10-20 08:00:00,57,25,32
2021-10-20 09:00:00,44,19,25
2021-10-20 10:00:00,33,17,16
2021-10-20 11:00:00,73,35,38
2021-10-20 12:00:00,157,79,78
2021-10-20 13:00:00,94,45,49
2021-10-20 14:00:00,117,55,62
2021-10-20 15:00:00,136,64,72
2021-10-20 16:00:00,161,83,78
2021-10-20 17:00:00,269,140,129
2021-10-20 18:00:00,273,125,148
2021-10-20 19:00:00,56,20,36
2021-10-20 20:00:00,27,12,15
2021-10-20 21:00:00,28,15,13
2021-10-20 22:00:00,16,10,6
2021-10-20 23:00:00,4,2,2
2021-10-21 00:00:00,2,1,1
2021-10-21 01:00:00,0,0,0
2021-10-21 02:00:00,2,2,0
2021-10-21 03:00:00,0,0,0
2021-10-21 04:00:00,6,1,5
2021-10-21 05:00:00,9,7,2
2021-10-21 06:00:00,41,21,20
2021-10-21 07:00:00,100,57,43
2021-10-21 08:00:00,153,81,72
2021-10-21 09:00:00,127,58,69
2021-10-21 10:00:00,109,49,60
2021-10-21 11:00:00,157,75,82
2021-10-21 12:00:00,178,76,102
2021-10-21 13:00:00,127,56,71
2021-10-21 14:00:00,133,63,70
2021-10-21 15:00:00,91,40,51
2021-10-21 16:00:00,135,65,70
2021-10-21 17:00:00,191,100,91
2021-10-21 18:00:00,146,64,82
2021-10-21 19:00:00,25,9,16
2021-10-21 20:00:00,5,2,3
2021-10-21 21:00:00,3,1,2
2021-10-21 22:00:00,2,1,1
2021-10-21 23:00:00,1,1,0
2021-10-22 00:00:00,2,1,1
2021-10-22 01:00:00,0,0,0
2021-10-22 02:00:00,3,1,2
2021-10-22 03:00:00,0,0,0
2021-10-22 04:00:00,1,0,1
2021-10-22 05:00:00,8,6,2
2021-10-22 06:00:00,33,17,16
2021-10-22 07:00:00,101,58,43
2021-10-22 08:00:00,109,48,61
2021-10-22 09:00:00,87,41,46
2021-10-22 10:00:00,99,43,56
2021-10-22 11:00:00,101,40,61
2021-10-22 12:00:00,126,61,65
2021-10-22 13:00:00,103,46,57
2021-10-22 14:00:00,105,55,50
2021-10-22 15:00:00,109,50,59
2021-10-22 16:00:00,131,70,61
2021-10-22 17:00:00,190,98,92
2021-10-22 18:00:00,204,77,127
2021-10-22 19:00:00,40,14,26
2021-10-22 20:00:00,13,6,7
2021-10-22 21:00:00,6,4,2
2021-10-22 22:00:00,7,4,3
2021-10-22 23:00:00,9,3,6
2021-10-23 00:00:00,7,2,5
2021-10-23 01:00:00,1,1,0
2021-10-23 02:00:00,0,0,0
2021-10-23 03:00:00,0,0,0
2021-10-23 04:00:00,3,3,0
2021-10-23 05:00:00,8,4,4
2021-10-23 06:00:00,12,6,6
2021-10-23 07:00:00,46,28,18
2021-10-23 08:00:00,118,63,55
2021-10-23 09:00:00,169,94,75
2021-10-23 10:00:00,203,91,112
2021-10-23 11:00:00,169,66,103
2021-10-23 12:00:00,120,48,72
2021-10-23 13:00:00,105,59,46
2021-10-23 14:00:00,154,72,82
2021-10-23 15:00:00,193,88,105
2021-10-23 16:00:00,152,81,71
2021-10-23 17:00:00,244,110,134
2021-10-23 18:00:00,111,36,75
2021-10-23 19:00:00,24,10,14
2021-10-23 20:00:00,22,11,11
2021-10-23 21:00:00,12,6,6
2021-10-23 22:00:00,13,6,7
2021-10-23 23:00:00,2,1,1
2021-10-24 00:00:00,2,2,0
2021-10-24 01:00:00,2,2,0
2021-10-24 02:00:00,1,0,1
2021-10-24 03:00:00,0,0,0
2021-10-24 04:00:00,2,1,1
2021-10-24 05:00:00,9,5,4
2021-10-24 06:00:00,14,7,7
2021-10-24 07:00:00,35,19,16
2021-10-24 08:00:00,93,48,45
2021-10-24 09:00:00,146,80,66
2021-10-24 10:00:00,105,53,52
2021-10-24 11:00:00,73,32,41
2021-10-24 12:00:00,107,43,64
2021-10-24 13:00:00,70,22,48
2021-10-24 14:00:00,29,11,18
2021-10-24 15:00:00,52,34,18
2021-10-24 16:00:00,218,130,88
2021-10-24 17:00:00,332,169,163
2021-10-24 18:00:00,166,56,110
2021-10-24 19:00:00,30,9,21
2021-10-24 20:00:00,21,6,15
2021-10-24 21:00:00,11,4,7
2021-10-24 22:00:00,12,4,8
2021-10-24 23:00:00,6,2,4
2021-10-25 00:00:00,1,0,1
2021-10-25 01:00:00,0,0,0
2021-10-25 02:00:00,1,0,1
2021-10-25 03:00:00,0,0,0
2021-10-25 04:00:00,3,2,1
2021-10-25 05:00:00,9,6,3
2021-10-25 06:00:00,20,10,10
2021-10-25 07:00:00,76,34,42
2021-10-25 08:00:00,75,34,41
2021-10-25 09:00:00,68,35,33
2021-10-25 10:00:00,69,33,36
2021-10-25 11:00:00,67,36,31
2021-10-25 12:00:00,109,50,59
2021-10-25 13:00:00,62,30,32
2021-10-25 14:00:00,36,18,18
2021-10-25 15:00:00,41,23,18
2021-10-25 16:00:00,76,32,44
2021-10-25 17:00:00,120,65,55
2021-10-25 18:00:00,103,36,67
2021-10-25 19:00:00,34,15,19
2021-10-25 20:00:00,9,4,5
2021-10-25 21:00:00,5,4,1
2021-10-25 22:00:00,12,4,8
2021-10-25 23:00:00,2,1,1
2021-10-26 00:00:00,1,0,1
2021-10-26 01:00:00,0,0,0
2021-10-26 02:00:00,2,0,2
2021-10-26 03:00:00,0,0,0
2021-10-26 04:00:00,3,2,1
2021-10-26 05:00:00,11,7,4
2021-10-26 06:00:00,21,12,9
2021-10-26 07:00:00,56,31,25
2021-10-26 08:00:00,96,46,50
2021-10-26 09:00:00,74,34,40
2021-10-26 10:00:00,46,26,20
2021-10-26 11:00:00,70,37,33
2021-10-26 12:00:00,86,33,53
2021-10-26 13:00:00,64,33,31
2021-10-26 14:00:00,47,21,26
2021-10-26 15:00:00,46,19,27
2021-10-26 16:00:00,154,85,69
2021-10-26 17:00:00,270,144,126
2021-10-26 18:00:00,211,77,134
2021-10-26 19:00:00,31,14,17
2021-10-26 20:00:00,16,7,9
2021-10-26 21:00:00,9,4,5
2021-10-26 22:00:00,7,4,3
2021-10-26 23:00:00,1,0,1
2021-10-27 00:00:00,0,0,0
2021-10-27 01:00:00,2,1,1
2021-10-27 02:00:00,0,0,0
2021-10-27 03:00:00,0,0,0
2021-10-27 04:00:00,2,2,0
2021-10-27 05:00:00,11,6,5
2021-10-27 06:00:00,27,14,13
2021-10-27 07:00:00,61,37,24
2021-10-27 08:00:00,126,60,66
2021-10-27 09:00:00,131,54,77
2021-10-27 10:00:00,70,37,33
2021-10-27 11:00:00,94,40,54
2021-10-27 12:00:00,123,63,60
2021-10-27 13:00:00,81,40,41
2021-10-27 14:00:00,84,43,41
2021-10-27 15:00:00,86,38,48
2021-10-27 16:00:00,124,73,51
2021-10-27 17:00:00,219,116,103
2021-10-27 18:00:00,100,42,58
2021-10-27 19:00:00,27,11,16
2021-10-27 20:00:00,12,6,6
2021-10-27 21:00:00,10,5,5
2021-10-27 22:00:00,6,2,4
2021-10-27 23:00:00,2,2,0
2021-10-28 00:00:00,0,0,0
2021-10-28 01:00:00,0,0,0
2021-10-28 02:00:00,1,0,1
2021-10-28 03:00:00,0,0,0
2021-10-28 04:00:00,0,0,0
2021-10-28 05:00:00,6,4,2
2021-10-28 06:00:00,12,7,5
2021-10-28 07:00:00,38,21,17
2021-10-28 08:00:00,76,42,34
2021-10-28 09:00:00,52,29,23
2021-10-28 10:00:00,40,18,22
2021-10-28 11:00:00,25,15,10
2021-10-28 12:00:00,29,14,15
2021-10-28 13:00:00,29,10,19
2021-10-28 14:00:00,16,8,8
2021-10-28 15:00:00,21,12,9
2021-10-28 16:00:00,58,25,33
2021-10-28 17:00:00,91,43,48
2021-10-28 18:00:00,49,20,29
2021-10-28 19:00:00,15,8,7
2021-10-28 20:00:00,5,0,5
2021-10-28 21:00:00,4,2,2
2021-10-28 22:00:00,1,1,0
2021-10-28 23:00:00,1,0,1
2021-10-29 00:00:00,2,1,1
2021-10-29 01:00:00,0,0,0
2021-10-29 02:00:00,0,0,0
2021-10-29 03:00:00,0,0,0
2021-10-29 04:00:00,0,0,0
2021-10-29 05:00:00,4,3,1
2021-10-29 06:00:00,8,4,4
2021-10-29 07:00:00,33,19,14
2021-10-29 08:00:00,58,27,31
2021-10-29 09:00:00,38,15,23
2021-10-29 10:00:00,85,46,39
2021-10-29 11:00:00,105,51,54
2021-10-29 12:00:00,114,60,54
2021-10-29 13:00:00,99,48,51
2021-10-29 14:00:00,102,42,60
2021-10-29 15:00:00,116,60,56
2021-10-29 16:00:00,155,76,79
2021-10-29 17:00:00,222,107,115
2021-10-29 18:00:00,179,67,112
2021-10-29 19:00:00,35,14,21
2021-10-29 20:00:00,14,4,10
2021-10-29 21:00:00,17,12,5
2021-10-29 22:00:00,11,6,5
2021-10-29 23:00:00,3,2,1
2021-10-30 00:00:00,2,0,2
2021-10-30 01:00:00,4,1,3
2021-10-30 02:00:00,1,0,1
2021-10-30 03:00:00,2,1,1
2021-10-30 04:00:00,4,1,3
2021-10-30 05:00:00,8,7,1
2021-10-30 06:00:00,11,4,7
2021-10-30 07:00:00,57,38,19
2021-10-30 08:00:00,102,52,50
2021-10-30 09:00:00,192,105,87
2021-10-30 10:00:00,296,141,155
2021-10-30 11:00:00,277,118,159
2021-10-30 12:00:00,286,135,151
2021-10-30 13:00:00,300,125,175
2021-10-30 14:00:00,361,169,192
2021-10-30 15:00:00,387,177,210
2021-10-30 16:00:00,403,198,205
2021-10-30 17:00:00,345,150,195
2021-10-30 18:00:00,154,53,101
2021-10-30 19:00:00,21,10,11
2021-10-30 20:00:00,14,7,7
2021-10-30 21:00:00,12,5,7
2021-10-30 22:00:00,8,5,3
2021-10-30 23:00:00,6,3,3
2021-10-31 00:00:00,4,1,3
2021-10-31 01:00:00,4,2,2
2021-10-31 02:00:00,1,0,1
2021-10-31 03:00:00,0,0,0
2021-10-31 04:00:00,0,0,0
2021-10-31 05:00:00,3,2,1
2021-10-31 06:00:00,8,3,5
2021-10-31 07:00:00,40,25,15
2021-10-31 08:00:00,125,74,51
2021-10-31 09:00:00,174,90,84
2021-10-31 10:00:00,180,79,101
2021-10-31 11:00:00,263,134,129
2021-10-31 12:00:00,277,142,135
2021-10-31 13:00:00,304,154,150
2021-10-31 14:00:00,344,169,175
2021-10-31 15:00:00,336,163,173
2021-10-31 16:00:00,424,215,209
2021-10-31 17:00:00,396,167,229
2021-10-31 18:00:00,182,49,133
2021-10-31 19:00:00,23,5,18
2021-10-31 20:00:00,18,7,11
2021-10-31 21:00:00,15,8,7
2021-10-31 22:00:00,5,3,2
2021-10-31 23:00:00,6,2,4
2021-11-01 00:00:00,0,0,0
2021-11-01 01:00:00,2,2,0
2021-11-01 02:00:00,2,1,1
2021-11-01 03:00:00,0,0,0
2021-11-01 04:00:00,4,2,2
2021-11-01 05:00:00,5,3,2
2021-11-01 06:00:00,30,13,17
2021-11-01 07:00:00,75,48,27
2021-11-01 08:00:00,119,62,57
2021-11-01 09:00:00,107,55,52
2021-11-01 10:00:00,129,59,70
2021-11-01 11:00:00,121,54,67
2021-11-01 12:00:00,92,44,48
2021-11-01 13:00:00,65,27,38
2021-11-01 14:00:00,45,19,26
2021-11-01 15:00:00,54,26,28
2021-11-01 16:00:00,38,18,20
2021-11-01 17:00:00,140,73,67
2021-11-01 18:00:00,107,39,68
2021-11-01 19:00:00,34,15,19
2021-11-01 20:00:00,22,11,11
2021-11-01 21:00:00,5,4,1
2021-11-01 22:00:00,6,5,1
2021-11-01 23:00:00,7,3,4
2021-11-02 00:00:00,2,1,1
2021-11-02 01:00:00,0,0,0
2021-11-02 02:00:00,1,0,1
2021-11-02 03:00:00,0,0,0
2021-11-02 04:00:00,1,1,0
2021-11-02 05:00:00,6,5,1
2021-11-02 06:00:00,39,20,19
2021-11-02 07:00:00,73,42,31
2021-11-02 08:00:00,132,66,66
2021-11-02 09:00:00,112,51,61
2021-11-02 10:00:00,110,53,57
2021-11-02 11:00:00,108,53,55
2021-11-02 12:00:00,117,57,60
2021-11-02 13:00:00,49,19,30
2021-11-02 14:00:00,31,17,14
2021-11-02 15:00:00,44,24,20
2021-11-02 16:00:00,65,37,28
2021-11-02 17:00:00,132,76,56
2021-11-02 18:00:00,117,40,77
2021-11-02 19:00:00,26,11,15
2021-11-02 20:00:00,11,7,4
2021-11-02 21:00:00,17,7,10
2021-11-02 22:00:00,8,3,5
2021-11-02 23:00:00,3,1,2
2021-11-03 00:00:00,2,2,0
2021-11-03 01:00:00,2,0,2
2021-11-03 02:00:00,2,0,2
2021-11-03 03:00:00,0,0,0
2021-11-03 04:00:00,3,2,1
2021-11-03 05:00:00,12,7,5
2021-11-03 06:00:00,43,20,23
2021-11-03 07:00:00,71,44,27
2021-11-03 08:00:00,121,60,61
2021-11-03 09:00:00,113,54,59
2021-11-03 10:00:00,99,50,49
2021-11-03 11:00:00,101,47,54
2021-11-03 12:00:00,153,86,67
2021-11-03 13:00:00,116,40,76
2021-11-03 14:00:00,79,39,40
2021-11-03 15:00:00,110,50,60
2021-11-03 16:00:00,70,34,36
2021-11-03 17:00:00,160,76,84
2021-11-03 18:00:00,79,32,47
2021-11-03 19:00:00,34,16,18
2021-11-03 20:00:00,16,7,9
2021-11-03 21:00:00,3,2,1
2021-11-03 22:00:00,8,4,4
2021-11-03 23:00:00,4,2,2
2021-11-04 00:00:00,0,0,0
2021-11-04 01:00:00,0,0,0
2021-11-04 02:00:00,1,1,0
2021-11-04 03:00:00,0,0,0
2021-11-04 04:00:00,3,2,1
2021-11-04 05:00:00,9,7,2
2021-11-04 06:00:00,30,14,16
2021-11-04 07:00:00,51,31,20
2021-11-04 08:00:00,64,26,38
2021-11-04 09:00:00,20,9,11
2021-11-04 10:00:00,20,10,10
2021-11-04 11:00:00,55,30,25
2021-11-04 12:00:00,115,56,59
2021-11-04 13:00:00,72,32,40
2021-11-04 14:00:00,53,26,27
2021-11-04 15:00:00,41,23,18
2021-11-04 16:00:00,90,54,36
2021-11-04 17:00:00,188,97,91
2021-11-04 18:00:00,134,46,88
2021-11-04 19:00:00,38,19,19
2021-11-04 20:00:00,8,2,6
2021-11-04 21:00:00,8,5,3
2021-11-04 22:00:00,10,5,5
2021-11-04 23:00:00,4,1,3
2021-11-05 00:00:00,3,2,1
2021-11-05 01:00:00,0,0,0
2021-11-05 02:00:00,0,0,0
2021-11-05 03:00:00,1,0,1
2021-11-05 04:00:00,11,9,2
2021-11-05 05:00:00,6,5,1
2021-11-05 06:00:00,20,7,13
2021-11-05 07:00:00,37,20,17
2021-11-05 08:00:00,73,39,34
2021-11-05 09:00:00,84,44,40
2021-11-05 10:00:00,87,41,46
2021-11-05 11:00:00,137,71,66
2021-11-05 12:00:00,178,90,88
2021-11-05 13:00:00,131,49,82
2021-11-05 14:00:00,78,45,33
2021-11-05 15:00:00,185,89,96
2021-11-05 16:00:00,248,128,120
2021-11-05 17:00:00,303,145,158
2021-11-05 18:00:00,123,31,92
2021-11-05 19:00:00,29,14,15
2021-11-05 20:00:00,16,8,8
2021-11-05 21:00:00,5,2,3
2021-11-05 22:00:00,3,2,1
2021-11-05 23:00:00,13,8,5
2021-11-06 00:00:00,0,0,0
2021-11-06 01:00:00,2,1,1
2021-11-06 02:00:00,0,0,0
2021-11-06 03:00:00,0,0,0
2021-11-06 04:00:00,1,1,0
2021-11-06 05:00:00,2,1,1
2021-11-06 06:00:00,15,11,4
2021-11-06 07:00:00,39,22,17
2021-11-06 08:00:00,98,59,39
2021-11-06 09:00:00,82,27,55
2021-11-06 10:00:00,79,46,33
2021-11-06 11:00:00,122,48,74
2021-11-06 12:00:00,71,30,41
2021-11-06 13:00:00,70,38,32
2021-11-06 14:00:00,117,50,67
2021-11-06 15:00:00,59,30,29
2021-11-06 16:00:00,101,52,49
2021-11-06 17:00:00,115,46,69
2021-11-06 18:00:00,10,1,9
2021-11-06 19:00:00,2,1,1
2021-11-06 20:00:00,2,2,0
2021-11-06 21:00:00,4,2,2
2021-11-06 22:00:00,4,3,1
2021-11-06 23:00:00,3,1,2
2021-11-07 00:00:00,1,0,1
2021-11-07 01:00:00,0,0,0
2021-11-07 02:00:00,0,0,0
2021-11-07 03:00:00,0,0,0
2021-11-07 04:00:00,1,0,1
2021-11-07 05:00:00,10,6,4
2021-11-07 06:00:00,20,12,8
2021-11-07 07:00:00,58,30,28
2021-11-07 08:00:00,132,77,55
2021-11-07 09:00:00,223,120,103
2021-11-07 10:00:00,241,125,116
2021-11-07 11:00:00,170,71,99
2021-11-07 12:00:00,52,13,39
2021-11-07 13:00:00,58,26,32
2021-11-07 14:00:00,61,34,27
2021-11-07 15:00:00,127,61,66
2021-11-07 16:00:00,133,58,75
2021-11-07 17:00:00,31,12,19
2021-11-07 18:00:00,12,5,7
2021-11-07 19:00:00,10,5,5
2021-11-07 20:00:00,7,3,4
2021-11-07 21:00:00,8,4,4
2021-11-07 22:00:00,5,3,2
2021-11-07 23:00:00,4,1,3
2021-11-08 00:00:00,2,1,1
2021-11-08 01:00:00,3,0,3
2021-11-08 02:00:00,3,0,3
2021-11-08 03:00:00,1,0,1
2021-11-08 04:00:00,1,1,0
2021-11-08 05:00:00,14,10,4
2021-11-08 06:00:00,40,18,22
2021-11-08 07:00:00,125,69,56
2021-11-08 08:00:00,127,67,60
2021-11-08 09:00:00,143,71,72
2021-11-08 10:00:00,150,73,77
2021-11-08 11:00:00,176,88,88
2021-11-08 12:00:00,226,120,106
2021-11-08 13:00:00,171,77,94
2021-11-08 14:00:00,171,78,93
2021-11-08 15:00:00,243,119,124
2021-11-08 16:00:00,287,138,149
2021-11-08 17:00:00,179,70,109
2021-11-08 18:00:00,52,17,35
2021-11-08 19:00:00,11,5,6
2021-11-08 20:00:00,17,9,8
2021-11-08 21:00:00,9,4,5
2021-11-08 22:00:00,4,1,3
2021-11-08 23:00:00,6,3,3
2021-11-09 00:00:00,2,0,2
2021-11-09 01:00:00,1,1,0
2021-11-09 02:00:00,1,1,0
2021-11-09 03:00:00,1,1,0
2021-11-09 04:00:00,2,1,1
2021-11-09 05:00:00,11,5,6
2021-11-09 06:00:00,58,28,30
2021-11-09 07:00:00,83,43,40
2021-11-09 08:00:00,123,62,61
2021-11-09 09:00:00,110,62,48
2021-11-09 10:00:00,120,58,62
2021-11-09 11:00:00,96,40,56
2021-11-09 12:00:00,113,54,59
2021-11-09 13:00:00,56,20,36
2021-11-09 14:00:00,40,22,18
2021-11-09 15:00:00,26,11,15
2021-11-09 16:00:00,39,21,18
2021-11-09 17:00:00,21,8,13
2021-11-09 18:00:00,24,12,12
2021-11-09 19:00:00,16,10,6
2021-11-09 20:00:00,10,4,6
2021-11-09 21:00:00,10,7,3
2021-11-09 22:00:00,9,3,6
2021-11-09 23:00:00,5,2,3
2021-11-10 00:00:00,2,1,1
2021-11-10 01:00:00,0,0,0
2021-11-10 02:00:00,0,0,0
2021-11-10 03:00:00,0,0,0
2021-11-10 04:00:00,0,0,0
2021-11-10 05:00:00,11,11,0
2021-11-10 06:00:00,49,25,24
2021-11-10 07:00:00,120,62,58
2021-11-10 08:00:00,161,73,88
2021-11-10 09:00:00,128,67,61
2021-11-10 10:00:00,139,71,68
2021-11-10 11:00:00,143,71,72
2021-11-10 12:00:00,260,135,125
2021-11-10 13:00:00,152,80,72
2021-11-10 14:00:00,153,80,73
2021-11-10 15:00:00,153,82,71
2021-11-10 16:00:00,233,109,124
2021-11-10 17:00:00,160,68,92
2021-11-10 18:00:00,55,23,32
2021-11-10 19:00:00,18,8,10
2021-11-10 20:00:00,12,6,6
2021-11-10 21:00:00,9,3,6
2021-11-10 22:00:00,7,5,2
2021-11-10 23:00:00,0,0,0
2021-11-11 00:00:00,0,0,0
2021-11-11 01:00:00,0,0,0
2021-11-11 02:00:00,3,0,3
2021-11-11 03:00:00,0,0,0
2021-11-11 04:00:00,0,0,0
2021-11-11 05:00:00,0,0,0
2021-11-11 06:00:00,0,0,0
2021-11-11 07:00:00,0,0,0
2021-11-11 08:00:00,0,0,0
2021-11-11 09:00:00,0,0,0
2021-11-11 10:00:00,0,0,0
2021-11-11 11:00:00,0,0,0
2021-11-11 12:00:00,0,0,0
2021-11-11 13:00:00,0,0,0
2021-11-11 14:00:00,29,17,12
2021-11-11 15:00:00,46,28,18
2021-11-11 16:00:00,77,29,48
2021-11-11 17:00:00,21,12,9
2021-11-11 18:00:00,28,15,13
2021-11-11 19:00:00,18,6,12
2021-11-11 20:00:00,2,2,0
2021-11-11 21:00:00,3,1,2
2021-11-11 22:00:00,2,0,2
2021-11-11 23:00:00,1,1,0
2021-11-12 00:00:00,0,0,0
2021-11-12 01:00:00,0,0,0
2021-11-12 02:00:00,0,0,0
2021-11-12 03:00:00,0,0,0
2021-11-12 04:00:00,1,0,1
2021-11-12 05:00:00,4,4,0
2021-11-12 06:00:00,35,17,18
2021-11-12 07:00:00,83,46,37
2021-11-12 08:00:00,101,53,48
2021-11-12 09:00:00,42,16,26
2021-11-12 10:00:00,46,24,22
2021-11-12 11:00:00,52,32,20
2021-11-12 12:00:00,62,28,34
2021-11-12 13:00:00,34,14,20
2021-11-12 14:00:00,64,38,26
2021-11-12 15:00:00,123,69,54
2021-11-12 16:00:00,157,84,73
2021-11-12 17:00:00,124,49,75
2021-11-12 18:00:00,58,28,30
2021-11-12 19:00:00,24,11,13
2021-11-12 20:00:00,18,12,6
2021-11-12 21:00:00,18,9,9
2021-11-12 22:00:00,12,4,8
2021-11-12 23:00:00,4,3,1
2021-11-13 00:00:00,3,1,2
2021-11-13 01:00:00,2,2,0
2021-11-13 02:00:00,1,1,0
2021-11-13 03:00:00,0,0,0
2021-11-13 04:00:00,1,0,1
2021-11-13 05:00:00,5,3,2
2021-11-13 06:00:00,18,11,7
2021-11-13 07:00:00,90,54,36
2021-11-13 08:00:00,164,90,74
2021-11-13 09:00:00,235,134,101
2021-11-13 10:00:00,266,142,124
2021-11-13 11:00:00,282,131,151
2021-11-13 12:00:00,257,112,145
2021-11-13 13:00:00,251,125,126
2021-11-13 14:00:00,254,121,133
2021-11-13 15:00:00,228,111,117
2021-11-13 16:00:00,137,53,84
2021-11-13 17:00:00,26,9,17
2021-11-13 18:00:00,7,4,3
2021-11-13 19:00:00,3,0,3
2021-11-13 20:00:00,1,1,0
2021-11-13 21:00:00,7,3,4
2021-11-13 22:00:00,0,0,0
2021-11-13 23:00:00,2,2,0
2021-11-14 00:00:00,1,1,0
2021-11-14 01:00:00,0,0,0
2021-11-14 02:00:00,1,1,0
2021-11-14 03:00:00,0,0,0
2021-11-14 04:00:00,1,1,0
2021-11-14 05:00:00,4,2,2
2021-11-14 06:00:00,10,6,4
2021-11-14 07:00:00,35,24,11
2021-11-14 08:00:00,63,33,30
2021-11-14 09:00:00,56,40,16
2021-11-14 10:00:00,84,41,43
2021-11-14 11:00:00,78,41,37
2021-11-14 12:00:00,40,15,25
2021-11-14 13:00:00,30,15,15
2021-11-14 14:00:00,36,21,15
2021-11-14 15:00:00,40,27,13
2021-11-14 16:00:00,33,21,12
2021-11-14 17:00:00,21,8,13
2021-11-14 18:00:00,11,7,4
2021-11-14 19:00:00,7,6,1
2021-11-14 20:00:00,3,1,2
2021-11-14 21:00:00,1,1,0
2021-11-14 22:00:00,2,2,0
2021-11-14 23:00:00,0,0,0
2021-11-15 00:00:00,0,0,0
2021-11-15 01:00:00,0,0,0
2021-11-15 02:00:00,0,0,0
2021-11-15 03:00:00,0,0,0
2021-11-15 04:00:00,1,0,1
2021-11-15 05:00:00,12,8,4
2021-11-15 06:00:00,37,19,18
2021-11-15 07:00:00,73,47,26
2021-11-15 08:00:00,105,52,53
2021-11-15 09:00:00,75,41,34
2021-11-15 10:00:00,18,8,10
2021-11-15 11:00:00,9,6,3
2021-11-15 12:00:00,20,13,7
2021-11-15 13:00:00,107,74,33
2021-11-15 14:00:00,190,104,86
2021-11-15 15:00:00,357,192,165
2021-11-15 16:00:00,373,180,193
2021-11-15 17:00:00,124,50,74
2021-11-15 18:00:00,60,31,29
2021-11-15 19:00:00,17,5,12
2021-11-15 20:00:00,7,5,2
2021-11-15 21:00:00,4,2,2
2021-11-15 22:00:00,7,5,2
2021-11-15 23:00:00,3,1,2
2021-11-16 00:00:00,0,0,0
2021-11-16 01:00:00,1,1,0
2021-11-16 02:00:00,0,0,0
2021-11-16 03:00:00,0,0,0
2021-11-16 04:00:00,3,1,2
2021-11-16 05:00:00,16,9,7
2021-11-16 06:00:00,53,27,26
2021-11-16 07:00:00,121,72,49
2021-11-16 08:00:00,147,78,69
2021-11-16 09:00:00,113,54,59
2021-11-16 10:00:00,108,59,49
2021-11-16 11:00:00,110,52,58
2021-11-16 12:00:00,211,107,104
2021-11-16 13:00:00,175,89,86
2021-11-16 14:00:00,176,86,90
2021-11-16 15:00:00,346,182,164
2021-11-16 16:00:00,375,184,191
2021-11-16 17:00:00,164,62,102
2021-11-16 18:00:00,35,17,18
2021-11-16 19:00:00,32,15,17
2021-11-16 20:00:00,17,7,10
2021-11-16 21:00:00,11,6,5
2021-11-16 22:00:00,12,4,8
2021-11-16 23:00:00,5,2,3
2021-11-17 00:00:00,0,0,0
2021-11-17 01:00:00,2,2,0
2021-11-17 02:00:00,0,0,0
2021-11-17 03:00:00,0,0,0
2021-11-17 04:00:00,2,0,2
2021-11-17 05:00:00,13,8,5
2021-11-17 06:00:00,49,26,23
2021-11-17 07:00:00,93,56,37
2021-11-17 08:00:00,134,73,61
2021-11-17 09:00:00,84,39,45
2021-11-17 10:00:00,100,51,49
2021-11-17 11:00:00,138,76,62
2021-11-17 12:00:00,210,94,116
2021-11-17 13:00:00,168,81,87
2021-11-17 14:00:00,183,89,94
2021-11-17 15:00:00,200,101,99
2021-11-17 16:00:00,280,129,151
2021-11-17 17:00:00,131,60,71
2021-11-17 18:00:00,54,23,31
2021-11-17 19:00:00,26,13,13
2021-11-17 20:00:00,21,12,9
2021-11-17 21:00:00,11,6,5
2021-11-17 22:00:00,11,6,5
2021-11-17 23:00:00,1,1,0
2021-11-18 00:00:00,0,0,0
2021-11-18 01:00:00,3,2,1
2021-11-18 02:00:00,1,0,1
2021-11-18 03:00:00,0,0,0
2021-11-18 04:00:00,3,1,2
2021-11-18 05:00:00,20,14,6
2021-11-18 06:00:00,42,20,22
2021-11-18 07:00:00,75,44,31
2021-11-18 08:00:00,129,70,59
2021-11-18 09:00:00,97,44,53
2021-11-18 10:00:00,100,48,52
2021-11-18 11:00:00,124,66,58
2021-11-18 12:00:00,133,59,74
2021-11-18 13:00:00,64,28,36
2021-11-18 14:00:00,48,22,26
2021-11-18 15:00:00,23,9,14
2021-11-18 16:00:00,39,19,20
2021-11-18 17:00:00,34,20,14
2021-11-18 18:00:00,19,9,10
2021-11-18 19:00:00,21,9,12
2021-11-18 20:00:00,19,12,7
2021-11-18 21:00:00,1,1,0
2021-11-18 22:00:00,1,1,0
2021-11-18 23:00:00,1,0,1
2021-11-19 00:00:00,0,0,0
2021-11-19 01:00:00,0,0,0
2021-11-19 02:00:00,0,0,0
2021-11-19 03:00:00,0,0,0
2021-11-19 04:00:00,1,1,0
2021-11-19 05:00:00,8,7,1
2021-11-19 06:00:00,35,15,20
2021-11-19 07:00:00,100,61,39
2021-11-19 08:00:00,152,78,74
2021-11-19 09:00:00,125,66,59
2021-11-19 10:00:00,126,58,68
2021-11-19 11:00:00,132,63,69
2021-11-19 12:00:00,160,74,86
2021-11-19 13:00:00,135,69,66
2021-11-19 14:00:00,159,85,74
2021-11-19 15:00:00,152,79,73
2021-11-19 16:00:00,160,70,90
2021-11-19 17:00:00,69,32,37
2021-11-19 18:00:00,43,16,27
2021-11-19 19:00:00,11,4,7
2021-11-19 20:00:00,6,4,2
2021-11-19 21:00:00,6,3,3
2021-11-19 22:00:00,5,2,3
2021-11-19 23:00:00,6,3,3
2021-11-20 00:00:00,2,2,0
2021-11-20 01:00:00,2,0,2
2021-11-20 02:00:00,0,0,0
2021-11-20 03:00:00,0,0,0
2021-11-20 04:00:00,0,0,0
2021-11-20 05:00:00,2,1,1
2021-11-20 06:00:00,12,8,4
2021-11-20 07:00:00,56,35,21
2021-11-20 08:00:00,138,71,67
2021-11-20 09:00:00,181,89,92
2021-11-20 10:00:00,173,102,71
2021-11-20 11:00:00,213,106,107
2021-11-20 12:00:00,203,94,109
2021-11-20 13:00:00,237,122,115
2021-11-20 14:00:00,303,156,147
2021-11-20 15:00:00,305,138,167
2021-11-20 16:00:00,269,113,156
2021-11-20 17:00:00,84,25,59
2021-11-20 18:00:00,23,8,15
2021-11-20 19:00:00,17,12,5
2021-11-20 20:00:00,13,7,6
2021-11-20 21:00:00,4,2,2
2021-11-20 22:00:00,1,1,0
2021-11-20 23:00:00,4,2,2
2021-11-21 00:00:00,4,3,1
2021-11-21 01:00:00,4,1,3
2021-11-21 02:00:00,2,1,1
2021-11-21 03:00:00,0,0,0
2021-11-21 04:00:00,1,1,0
2021-11-21 05:00:00,4,3,1
2021-11-21 06:00:00,16,10,6
2021-11-21 07:00:00,53,27,26
2021-11-21 08:00:00,131,78,53
2021-11-21 09:00:00,194,95,99
2021-11-21 10:00:00,177,94,83
2021-11-21 11:00:00,237,116,121
2021-11-21 12:00:00,179,93,86
2021-11-21 13:00:00,202,97,105
2021-11-21 14:00:00,280,148,132
2021-11-21 15:00:00,495,262,233
2021-11-21 16:00:00,390,169,221
2021-11-21 17:00:00,84,30,54
2021-11-21 18:00:00,19,8,11
2021-11-21 19:00:00,8,5,3
2021-11-21 20:00:00,11,4,7
2021-11-21 21:00:00,7,4,3
2021-11-21 22:00:00,6,3,3
2021-11-21 23:00:00,6,3,3
2021-11-22 00:00:00,1,0,1
2021-11-22 01:00:00,2,2,0
2021-11-22 02:00:00,3,0,3
2021-11-22 03:00:00,0,0,0
2021-11-22 04:00:00,2,1,1
2021-11-22 05:00:00,15,12,3
2021-11-22 06:00:00,31,17,14
2021-11-22 07:00:00,75,38,37
2021-11-22 08:00:00,121,67,54
2021-11-22 09:00:00,94,38,56
2021-11-22 10:00:00,84,43,41
2021-11-22 11:00:00,128,64,64
2021-11-22 12:00:00,104,45,59
2021-11-22 13:00:00,46,22,24
2021-11-22 14:00:00,60,29,31
2021-11-22 15:00:00,51,23,28
2021-11-22 16:00:00,79,43,36
2021-11-22 17:00:00,44,18,26
2021-11-22 18:00:00,21,9,12
2021-11-22 19:00:00,32,17,15
2021-11-22 20:00:00,25,15,10
2021-11-22 21:00:00,7,3,4
2021-11-22 22:00:00,2,2,0
2021-11-22 23:00:00,2,1,1
2021-11-23 00:00:00,2,0,2
2021-11-23 01:00:00,0,0,0
2021-11-23 02:00:00,1,1,0
2021-11-23 03:00:00,2,0,2
2021-11-23 04:00:00,0,0,0
2021-11-23 05:00:00,3,2,1
2021-11-23 06:00:00,9,4,5
2021-11-23 07:00:00,47,27,20
2021-11-23 08:00:00,93,54,39
2021-11-23 09:00:00,66,30,36
2021-11-23 10:00:00,96,51,45
2021-11-23 11:00:00,124,60,64
2021-11-23 12:00:00,165,82,83
2021-11-23 13:00:00,89,37,52
2021-11-23 14:00:00,109,58,51
2021-11-23 15:00:00,299,156,143
2021-11-23 16:00:00,298,130,168
2021-11-23 17:00:00,112,36,76
2021-11-23 18:00:00,48,28,20
2021-11-23 19:00:00,30,12,18
2021-11-23 20:00:00,14,7,7
2021-11-23 21:00:00,4,1,3
2021-11-23 22:00:00,5,3,2
2021-11-23 23:00:00,4,1,3
2021-11-24 00:00:00,2,1,1
2021-11-24 01:00:00,1,1,0
2021-11-24 02:00:00,1,0,1
2021-11-24 03:00:00,1,1,0
2021-11-24 04:00:00,1,1,0
2021-11-24 05:00:00,5,3,2
2021-11-24 06:00:00,24,11,13
2021-11-24 07:00:00,69,44,25
2021-11-24 08:00:00,117,56,61
2021-11-24 09:00:00,88,45,43
2021-11-24 10:00:00,105,51,54
2021-11-24 11:00:00,127,58,69
2021-11-24 12:00:00,153,75,78
2021-11-24 13:00:00,99,45,54
2021-11-24 14:00:00,119,54,65
2021-11-24 15:00:00,110,57,53
2021-11-24 16:00:00,156,67,89
2021-11-24 17:00:00,60,25,35
2021-11-24 18:00:00,39,19,20
2021-11-24 19:00:00,18,10,8
2021-11-24 20:00:00,14,6,8
2021-11-24 21:00:00,4,2,2
2021-11-24 22:00:00,0,0,0
2021-11-24 23:00:00,4,3,1
2021-11-25 00:00:00,2,0,2
2021-11-25 01:00:00,0,0,0
2021-11-25 02:00:00,0,0,0
2021-11-25 03:00:00,1,1,0
2021-11-25 04:00:00,0,0,0
2021-11-25 05:00:00,3,2,1
2021-11-25 06:00:00,16,12,4
2021-11-25 07:00:00,39,17,22
2021-11-25 08:00:00,87,59,28
2021-11-25 09:00:00,141,76,65
2021-11-25 10:00:00,204,105,99
2021-11-25 11:00:00,222,118,104
2021-11-25 12:00:00,239,119,120
2021-11-25 13:00:00,156,70,86
2021-11-25 14:00:00,98,42,56
2021-11-25 15:00:00,47,19,28
2021-11-25 16:00:00,29,11,18
2021-11-25 17:00:00,6,4,2
2021-11-25 18:00:00,3,1,2
2021-11-25 19:00:00,3,2,1
2021-11-25 20:00:00,2,1,1
2021-11-25 21:00:00,3,3,0
2021-11-25 22:00:00,3,2,1
2021-11-25 23:00:00,4,1,3
2021-11-26 00:00:00,0,0,0
2021-11-26 01:00:00,0,0,0
2021-11-26 02:00:00,0,0,0
2021-11-26 03:00:00,1,1,0
2021-11-26 04:00:00,1,1,0
2021-11-26 05:00:00,7,3,4
2021-11-26 06:00:00,14,10,4
2021-11-26 07:00:00,43,27,16
2021-11-26 08:00:00,86,42,44
2021-11-26 09:00:00,88,45,43
2021-11-26 10:00:00,134,71,63
2021-11-26 11:00:00,181,92,89
2021-11-26 12:00:00,167,85,82
2021-11-26 13:00:00,174,92,82
2021-11-26 14:00:00,129,60,69
2021-11-26 15:00:00,166,76,90
2021-11-26 16:00:00,126,51,75
2021-11-26 17:00:00,42,22,20
2021-11-26 18:00:00,22,8,14
2021-11-26 19:00:00,16,12,4
2021-11-26 20:00:00,19,11,8
2021-11-26 21:00:00,13,6,7
2021-11-26 22:00:00,6,2,4
2021-11-26 23:00:00,7,3,4
2021-11-27 00:00:00,2,1,1
2021-11-27 01:00:00,0,0,0
2021-11-27 02:00:00,0,0,0
2021-11-27 03:00:00,0,0,0
2021-11-27 04:00:00,2,0,2
2021-11-27 05:00:00,6,4,2
2021-11-27 06:00:00,17,8,9
2021-11-27 07:00:00,36,20,16
2021-11-27 08:00:00,80,47,33
2021-11-27 09:00:00,125,68,57
2021-11-27 10:00:00,135,65,70
2021-11-27 11:00:00,155,77,78
2021-11-27 12:00:00,177,91,86
2021-11-27 13:00:00,101,37,64
2021-11-27 14:00:00,61,24,37
2021-11-27 15:00:00,67,36,31
2021-11-27 16:00:00,56,25,31
2021-11-27 17:00:00,27,11,16
2021-11-27 18:00:00,16,9,7
2021-11-27 19:00:00,2,1,1
2021-11-27 20:00:00,3,3,0
2021-11-27 21:00:00,2,1,1
2021-11-27 22:00:00,0,0,0
2021-11-27 23:00:00,0,0,0
2021-11-28 00:00:00,2,1,1
2021-11-28 01:00:00,1,1,0
2021-11-28 02:00:00,1,0,1
2021-11-28 03:00:00,1,1,0
2021-11-28 04:00:00,2,2,0
2021-11-28 05:00:00,1,1,0
2021-11-28 06:00:00,9,6,3
2021-11-28 07:00:00,28,16,12
2021-11-28 08:00:00,114,63,51
2021-11-28 09:00:00,170,87,83
2021-11-28 10:00:00,218,111,107
2021-11-28 11:00:00,150,69,81
2021-11-28 12:00:00,99,45,54
2021-11-28 13:00:00,70,34,36
2021-11-28 14:00:00,53,27,26
2021-11-28 15:00:00,86,37,49
2021-11-28 16:00:00,118,63,55
2021-11-28 17:00:00,47,17,30
2021-11-28 18:00:00,17,7,10
2021-11-28 19:00:00,26,15,11
2021-11-28 20:00:00,15,5,10
2021-11-28 21:00:00,1,1,0
2021-11-28 22:00:00,9,3,6
2021-11-28 23:00:00,5,1,4
2021-11-29 00:00:00,4,2,2
2021-11-29 01:00:00,1,1,0
2021-11-29 02:00:00,0,0,0
2021-11-29 03:00:00,0,0,0
2021-11-29 04:00:00,1,0,1
2021-11-29 05:00:00,12,7,5
2021-11-29 06:00:00,28,16,12
2021-11-29 07:00:00,62,35,27
2021-11-29 08:00:00,99,56,43
2021-11-29 09:00:00,100,47,53
2021-11-29 10:00:00,111,58,53
2021-11-29 11:00:00,90,47,43
2021-11-29 12:00:00,156,76,80
2021-11-29 13:00:00,162,83,79
2021-11-29 14:00:00,208,99,109
2021-11-29 15:00:00,227,114,113
2021-11-29 16:00:00,272,124,148
2021-11-29 17:00:00,96,44,52
2021-11-29 18:00:00,77,29,48
2021-11-29 19:00:00,26,13,13
2021-11-29 20:00:00,16,7,9
2021-11-29 21:00:00,14,5,9
2021-11-29 22:00:00,7,5,2
2021-11-29 23:00:00,5,1,4
2021-11-30 00:00:00,0,0,0
2021-11-30 01:00:00,2,1,1
2021-11-30 02:00:00,2,1,1
2021-11-30 03:00:00,0,0,0
2021-11-30 04:00:00,3,2,1
2021-11-30 05:00:00,8,4,4
2021-11-30 06:00:00,43,22,21
2021-11-30 07:00:00,79,43,36
2021-11-30 08:00:00,80,45,35
2021-11-30 09:00:00,48,19,29
2021-11-30 10:00:00,56,29,27
2021-11-30 11:00:00,87,44,43
2021-11-30 12:00:00,90,37,53
2021-11-30 13:00:00,82,38,44
2021-11-30 14:00:00,79,36,43
2021-11-30 15:00:00,116,62,54
2021-11-30 16:00:00,174,71,103
2021-11-30 17:00:00,72,35,37
2021-11-30 18:00:00,72,40,32
2021-11-30 19:00:00,34,14,20
2021-11-30 20:00:00,23,9,14
2021-11-30 21:00:00,9,4,5
2021-11-30 22:00:00,6,2,4
2021-11-30 23:00:00,6,3,3
2021-12-01 00:00:00,2,0,2
2021-12-01 01:00:00,2,1,1
2021-12-01 02:00:00,2,1,1
2021-12-01 03:00:00,0,0,0
2021-12-01 04:00:00,2,1,1
2021-12-01 05:00:00,11,7,4
2021-12-01 06:00:00,39,21,18
2021-12-01 07:00:00,82,53,29
2021-12-01 08:00:00,149,69,80
2021-12-01 09:00:00,97,46,51
2021-12-01 10:00:00,100,51,49
2021-12-01 11:00:00,84,40,44
2021-12-01 12:00:00,142,62,80
2021-12-01 13:00:00,100,52,48
2021-12-01 14:00:00,106,55,51
2021-12-01 15:00:00,163,84,79
2021-12-01 16:00:00,212,98,114
2021-12-01 17:00:00,104,40,64
2021-12-01 18:00:00,63,28,35
2021-12-01 19:00:00,27,14,13
2021-12-01 20:00:00,16,8,8
2021-12-01 21:00:00,5,2,3
2021-12-01 22:00:00,1,1,0
2021-12-01 23:00:00,6,4,2
2021-12-02 00:00:00,0,0,0
2021-12-02 01:00:00,0,0,0
2021-12-02 02:00:00,1,1,0
2021-12-02 03:00:00,0,0,0
2021-12-02 04:00:00,0,0,0
2021-12-02 05:00:00,10,6,4
2021-12-02 06:00:00,31,15,16
2021-12-02 07:00:00,58,31,27
2021-12-02 08:00:00,62,31,31
2021-12-02 09:00:00,54,36,18
2021-12-02 10:00:00,43,21,22
2021-12-02 11:00:00,52,26,26
2021-12-02 12:00:00,80,36,44
2021-12-02 13:00:00,48,22,26
2021-12-02 14:00:00,85,44,41
2021-12-02 15:00:00,131,67,64
2021-12-02 16:00:00,193,86,107
2021-12-02 17:00:00,87,41,46
2021-12-02 18:00:00,51,23,28
2021-12-02 19:00:00,26,13,13
2021-12-02 20:00:00,26,14,12
2021-12-02 21:00:00,9,5,4
2021-12-02 22:00:00,9,3,6
2021-12-02 23:00:00,0,0,0
2021-12-03 00:00:00,0,0,0
2021-12-03 01:00:00,1,1,0
2021-12-03 02:00:00,0,0,0
2021-12-03 03:00:00,0,0,0
2021-12-03 04:00:00,0,0,0
2021-12-03 05:00:00,7,5,2
2021-12-03 06:00:00,28,12,16
2021-12-03 07:00:00,60,37,23
2021-12-03 08:00:00,116,64,52
2021-12-03 09:00:00,87,42,45
2021-12-03 10:00:00,87,39,48
2021-12-03 11:00:00,107,58,49
2021-12-03 12:00:00,165,88,77
2021-12-03 13:00:00,139,64,75
2021-12-03 14:00:00,154,75,79
2021-12-03 15:00:00,192,108,84
2021-12-03 16:00:00,185,81,104
2021-12-03 17:00:00,60,31,29
2021-12-03 18:00:00,40,21,19
2021-12-03 19:00:00,23,6,17
2021-12-03 20:00:00,12,5,7
2021-12-03 21:00:00,2,1,1
2021-12-03 22:00:00,10,5,5
2021-12-03 23:00:00,0,0,0
2021-12-04 00:00:00,3,2,1
2021-12-04 01:00:00,6,4,2
2021-12-04 02:00:00,4,2,2
2021-12-04 03:00:00,0,0,0
2021-12-04 04:00:00,2,1,1
2021-12-04 05:00:00,5,2,3
2021-12-04 06:00:00,6,4,2
2021-12-04 07:00:00,18,10,8
2021-12-04 08:00:00,46,29,17
2021-12-04 09:00:00,86,47,39
2021-12-04 10:00:00,83,44,39
2021-12-04 11:00:00,121,53,68
2021-12-04 12:00:00,82,34,48
2021-12-04 13:00:00,46,18,28
2021-12-04 14:00:00,50,16,34
2021-12-04 15:00:00,71,47,24
2021-12-04 16:00:00,58,23,35
2021-12-04 17:00:00,21,12,9
2021-12-04 18:00:00,23,11,12
2021-12-04 19:00:00,10,4,6
2021-12-04 20:00:00,15,9,6
2021-12-04 21:00:00,4,2,2
2021-12-04 22:00:00,5,1,4
2021-12-04 23:00:00,3,1,2
2021-12-05 00:00:00,0,0,0
2021-12-05 01:00:00,0,0,0
2021-12-05 02:00:00,0,0,0
2021-12-05 03:00:00,1,1,0
2021-12-05 04:00:00,1,1,0
2021-12-05 05:00:00,5,3,2
2021-12-05 06:00:00,5,2,3
2021-12-05 07:00:00,35,21,14
2021-12-05 08:00:00,145,82,63
2021-12-05 09:00:00,211,117,94
2021-12-05 10:00:00,266,127,139
2021-12-05 11:00:00,271,123,148
2021-12-05 12:00:00,250,120,130
2021-12-05 13:00:00,290,152,138
2021-12-05 14:00:00,320,172,148
2021-12-05 15:00:00,316,145,171
2021-12-05 16:00:00,235,92,143
2021-12-05 17:00:00,58,28,30
2021-12-05 18:00:00,24,9,15
2021-12-05 19:00:00,17,8,9
2021-12-05 20:00:00,4,1,3
2021-12-05 21:00:00,3,3,0
2021-12-05 22:00:00,27,14,13
2021-12-05 23:00:00,2,1,1
2021-12-06 00:00:00,0,0,0
2021-12-06 01:00:00,0,0,0
2021-12-06 02:00:00,0,0,0
2021-12-06 03:00:00,0,0,0
2021-12-06 04:00:00,4,2,2
2021-12-06 05:00:00,9,4,5
2021-12-06 06:00:00,18,9,9
2021-12-06 07:00:00,53,34,19
2021-12-06 08:00:00,76,35,41
2021-12-06 09:00:00,71,39,32
2021-12-06 10:00:00,67,39,28
2021-12-06 11:00:00,100,51,49
2021-12-06 12:00:00,144,94,50
2021-12-06 13:00:00,68,33,35
2021-12-06 14:00:00,91,47,44
2021-12-06 15:00:00,105,58,47
2021-12-06 16:00:00,106,46,60
2021-12-06 17:00:00,56,26,30
2021-12-06 18:00:00,57,26,31
2021-12-06 19:00:00,20,8,12
2021-12-06 20:00:00,12,6,6
2021-12-06 21:00:00,8,5,3
2021-12-06 22:00:00,2,0,2
2021-12-06 23:00:00,1,0,1
2021-12-07 00:00:00,2,1,1
2021-12-07 01:00:00,0,0,0
2021-12-07 02:00:00,1,1,0
2021-12-07 03:00:00,0,0,0
2021-12-07 04:00:00,1,1,0
2021-12-07 05:00:00,13,7,6
2021-12-07 06:00:00,30,14,16
2021-12-07 07:00:00,67,37,30
2021-12-07 08:00:00,115,63,52
2021-12-07 09:00:00,93,48,45
2021-12-07 10:00:00,67,35,32
2021-12-07 11:00:00,83,43,40
2021-12-07 12:00:00,131,68,63
2021-12-07 13:00:00,82,43,39
2021-12-07 14:00:00,78,44,34
2021-12-07 15:00:00,134,73,61
2021-12-07 16:00:00,174,84,90
2021-12-07 17:00:00,82,30,52
2021-12-07 18:00:00,47,20,27
2021-12-07 19:00:00,30,15,15
2021-12-07 20:00:00,20,10,10
2021-12-07 21:00:00,13,6,7
2021-12-07 22:00:00,1,1,0
2021-12-07 23:00:00,3,2,1
2021-12-08 00:00:00,1,0,1
2021-12-08 01:00:00,1,0,1
2021-12-08 02:00:00,1,1,0
2021-12-08 03:00:00,2,1,1
2021-12-08 04:00:00,0,0,0
2021-12-08 05:00:00,9,5,4
2021-12-08 06:00:00,39,25,14
2021-12-08 07:00:00,65,35,30
2021-12-08 08:00:00,84,48,36
2021-12-08 09:00:00,113,55,58
2021-12-08 10:00:00,76,35,41
2021-12-08 11:00:00,75,35,40
2021-12-08 12:00:00,165,79,86
2021-12-08 13:00:00,147,60,87
2021-12-08 14:00:00,132,62,70
2021-12-08 15:00:00,254,120,134
2021-12-08 16:00:00,255,116,139
2021-12-08 17:00:00,63,28,35
2021-12-08 18:00:00,58,21,37
2021-12-08 19:00:00,22,11,11
2021-12-08 20:00:00,11,6,5
2021-12-08 21:00:00,7,4,3
2021-12-08 22:00:00,7,4,3
2021-12-08 23:00:00,3,1,2
2021-12-09 00:00:00,0,0,0
2021-12-09 01:00:00,1,1,0
2021-12-09 02:00:00,1,1,0
2021-12-09 03:00:00,0,0,0
2021-12-09 04:00:00,0,0,0
2021-12-09 05:00:00,9,5,4
2021-12-09 06:00:00,32,17,15
2021-12-09 07:00:00,61,29,32
2021-12-09 08:00:00,77,42,35
2021-12-09 09:00:00,80,44,36
2021-12-09 10:00:00,75,38,37
2021-12-09 11:00:00,85,44,41
2021-12-09 12:00:00,114,52,62
2021-12-09 13:00:00,71,34,37
2021-12-09 14:00:00,121,73,48
2021-12-09 15:00:00,269,124,145
2021-12-09 16:00:00,326,152,174
2021-12-09 17:00:00,102,35,67
2021-12-09 18:00:00,39,17,22
2021-12-09 19:00:00,17,10,7
2021-12-09 20:00:00,22,11,11
2021-12-09 21:00:00,13,8,5
2021-12-09 22:00:00,6,2,4
2021-12-09 23:00:00,4,2,2
2021-12-10 00:00:00,1,1,0
2021-12-10 01:00:00,0,0,0
2021-12-10 02:00:00,0,0,0
2021-12-10 03:00:00,0,0,0
2021-12-10 04:00:00,4,3,1
2021-12-10 05:00:00,7,4,3
2021-12-10 06:00:00,30,15,15
2021-12-10 07:00:00,59,37,22
2021-12-10 08:00:00,108,57,51
2021-12-10 09:00:00,84,42,42
2021-12-10 10:00:00,92,44,48
2021-12-10 11:00:00,93,39,54
2021-12-10 12:00:00,94,52,42
2021-12-10 13:00:00,78,30,48
2021-12-10 14:00:00,65,28,37
2021-12-10 15:00:00,57,33,24
2021-12-10 16:00:00,62,22,40
2021-12-10 17:00:00,29,16,13
2021-12-10 18:00:00,20,10,10
2021-12-10 19:00:00,5,2,3
2021-12-10 20:00:00,5,3,2
2021-12-10 21:00:00,5,2,3
2021-12-10 22:00:00,0,0,0
2021-12-10 23:00:00,0,0,0
2021-12-11 00:00:00,0,0,0
2021-12-11 01:00:00,0,0,0
2021-12-11 02:00:00,0,0,0
2021-12-11 03:00:00,0,0,0
2021-12-11 04:00:00,0,0,0
2021-12-11 05:00:00,4,3,1
2021-12-11 06:00:00,8,5,3
2021-12-11 07:00:00,17,12,5
2021-12-11 08:00:00,47,25,22
2021-12-11 09:00:00,97,52,45
2021-12-11 10:00:00,168,95,73
2021-12-11 11:00:00,219,97,122
2021-12-11 12:00:00,208,101,107
2021-12-11 13:00:00,234,121,113
2021-12-11 14:00:00,186,67,119
2021-12-11 15:00:00,135,66,69
2021-12-11 16:00:00,105,49,56
2021-12-11 17:00:00,37,17,20
2021-12-11 18:00:00,8,5,3
2021-12-11 19:00:00,3,2,1
2021-12-11 20:00:00,2,2,0
2021-12-11 21:00:00,4,1,3
2021-12-11 22:00:00,4,2,2
2021-12-11 23:00:00,1,0,1
2021-12-12 00:00:00,0,0,0
2021-12-12 01:00:00,1,1,0
2021-12-12 02:00:00,1,1,0
2021-12-12 03:00:00,2,0,2
2021-12-12 04:00:00,2,1,1
2021-12-12 05:00:00,8,6,2
2021-12-12 06:00:00,6,2,4
2021-12-12 07:00:00,17,8,9
2021-12-12 08:00:00,64,47,17
2021-12-12 09:00:00,120,66,54
2021-12-12 10:00:00,146,77,69
2021-12-12 11:00:00,160,74,86
2021-12-12 12:00:00,146,65,81
2021-12-12 13:00:00,81,44,37
2021-12-12 14:00:00,108,58,50
2021-12-12 15:00:00,73,32,41
2021-12-12 16:00:00,55,27,28
2021-12-12 17:00:00,16,5,11
2021-12-12 18:00:00,9,5,4
2021-12-12 19:00:00,9,5,4
2021-12-12 20:00:00,15,6,9
2021-12-12 21:00:00,4,2,2
2021-12-12 22:00:00,3,1,2
2021-12-12 23:00:00,0,0,0
2021-12-13 00:00:00,1,1,0
2021-12-13 01:00:00,2,2,0
2021-12-13 02:00:00,0,0,0
2021-12-13 03:00:00,0,0,0
2021-12-13 04:00:00,1,0,1
2021-12-13 05:00:00,4,3,1
2021-12-13 06:00:00,18,12,6
2021-12-13 07:00:00,65,33,32
2021-12-13 08:00:00,81,41,40
2021-12-13 09:00:00,75,39,36
2021-12-13 10:00:00,97,44,53
2021-12-13 11:00:00,89,41,48
2021-12-13 12:00:00,128,68,60
2021-12-13 13:00:00,72,36,36
2021-12-13 14:00:00,57,34,23
2021-12-13 15:00:00,107,62,45
2021-12-13 16:00:00,114,48,66
2021-12-13 17:00:00,50,21,29
2021-12-13 18:00:00,27,15,12
2021-12-13 19:00:00,23,14,9
2021-12-13 20:00:00,22,10,12
2021-12-13 21:00:00,5,2,3
2021-12-13 22:00:00,5,2,3
2021-12-13 23:00:00,1,1,0
2021-12-14 00:00:00,1,0,1
2021-12-14 01:00:00,0,0,0
2021-12-14 02:00:00,0,0,0
2021-12-14 03:00:00,0,0,0
2021-12-14 04:00:00,0,0,0
2021-12-14 05:00:00,6,3,3
2021-12-14 06:00:00,43,20,23
2021-12-14 07:00:00,60,33,27
2021-12-14 08:00:00,120,67,53
2021-12-14 09:00:00,78,41,37
2021-12-14 10:00:00,70,38,32
2021-12-14 11:00:00,99,47,52
2021-12-14 12:00:00,98,42,56
2021-12-14 13:00:00,69,33,36
2021-12-14 14:00:00,45,24,21
2021-12-14 15:00:00,56,37,19
2021-12-14 16:00:00,72,31,41
2021-12-14 17:00:00,28,16,12
2021-12-14 18:00:00,16,11,5
2021-12-14 19:00:00,18,9,9
2021-12-14 20:00:00,7,5,2
2021-12-14 21:00:00,6,1,5
2021-12-14 22:00:00,7,5,2
2021-12-14 23:00:00,3,3,0
2021-12-15 00:00:00,0,0,0
2021-12-15 01:00:00,1,0,1
2021-12-15 02:00:00,1,1,0
2021-12-15 03:00:00,0,0,0
2021-12-15 04:00:00,0,0,0
2021-12-15 05:00:00,9,7,2
2021-12-15 06:00:00,32,17,15
2021-12-15 07:00:00,55,31,24
2021-12-15 08:00:00,72,39,33
2021-12-15 09:00:00,72,37,35
2021-12-15 10:00:00,70,34,36
2021-12-15 11:00:00,70,36,34
2021-12-15 12:00:00,92,37,55
2021-12-15 13:00:00,46,23,23
2021-12-15 14:00:00,50,25,25
2021-12-15 15:00:00,54,31,23
2021-12-15 16:00:00,72,33,39
2021-12-15 17:00:00,51,26,25
2021-12-15 18:00:00,36,17,19
2021-12-15 19:00:00,11,7,4
2021-12-15 20:00:00,14,9,5
2021-12-15 21:00:00,7,2,5
2021-12-15 22:00:00,6,4,2
2021-12-15 23:00:00,0,0,0
2021-12-16 00:00:00,2,0,2
2021-12-16 01:00:00,0,0,0
2021-12-16 02:00:00,0,0,0
2021-12-16 03:00:00,0,0,0
2021-12-16 04:00:00,1,1,0
2021-12-16 05:00:00,8,6,2
2021-12-16 06:00:00,41,22,19
2021-12-16 07:00:00,48,26,22
2021-12-16 08:00:00,66,36,30
2021-12-16 09:00:00,56,26,30
2021-12-16 10:00:00,66,38,28
2021-12-16 11:00:00,108,63,45
2021-12-16 12:00:00,109,48,61
2021-12-16 13:00:00,76,39,37
2021-12-16 14:00:00,94,54,40
2021-12-16 15:00:00,114,54,60
2021-12-16 16:00:00,154,66,88
2021-12-16 17:00:00,65,26,39
2021-12-16 18:00:00,41,19,22
2021-12-16 19:00:00,19,10,9
2021-12-16 20:00:00,13,7,6
2021-12-16 21:00:00,4,3,1
2021-12-16 22:00:00,2,1,1
2021-12-16 23:00:00,4,3,1
2021-12-17 00:00:00,1,0,1
2021-12-17 01:00:00,2,1,1
2021-12-17 02:00:00,0,0,0
2021-12-17 03:00:00,0,0,0
2021-12-17 04:00:00,0,0,0
2021-12-17 05:00:00,4,3,1
2021-12-17 06:00:00,16,8,8
2021-12-17 07:00:00,55,34,21
2021-12-17 08:00:00,102,57,45
2021-12-17 09:00:00,87,44,43
2021-12-17 10:00:00,94,43,51
2021-12-17 11:00:00,113,51,62
2021-12-17 12:00:00,118,57,61
2021-12-17 13:00:00,123,69,54
2021-12-17 14:00:00,138,70,68
2021-12-17 15:00:00,156,77,79
2021-12-17 16:00:00,147,57,90
2021-12-17 17:00:00,36,16,20
2021-12-17 18:00:00,18,6,12
2021-12-17 19:00:00,10,2,8
2021-12-17 20:00:00,5,5,0
2021-12-17 21:00:00,4,2,2
2021-12-17 22:00:00,5,3,2
2021-12-17 23:00:00,0,0,0
2021-12-18 00:00:00,0,0,0
2021-12-18 01:00:00,0,0,0
2021-12-18 02:00:00,3,2,1
2021-12-18 03:00:00,0,0,0
2021-12-18 04:00:00,0,0,0
2021-12-18 05:00:00,2,0,2
2021-12-18 06:00:00,6,5,1
2021-12-18 07:00:00,43,37,6
2021-12-18 08:00:00,26,19,7
2021-12-18 09:00:00,68,37,31
2021-12-18 10:00:00,75,36,39
2021-12-18 11:00:00,43,18,25
2021-12-18 12:00:00,54,24,30
2021-12-18 13:00:00,18,7,11
2021-12-18 14:00:00,25,16,9
2021-12-18 15:00:00,47,26,21
2021-12-18 16:00:00,76,39,37
2021-12-18 17:00:00,21,6,15
2021-12-18 18:00:00,13,7,6
2021-12-18 19:00:00,14,8,6
2021-12-18 20:00:00,8,6,2
2021-12-18 21:00:00,7,2,5
2021-12-18 22:00:00,8,4,4
2021-12-18 23:00:00,1,0,1
2021-12-19 00:00:00,2,2,0
2021-12-19 01:00:00,1,1,0
2021-12-19 02:00:00,1,0,1
2021-12-19 03:00:00,0,0,0
2021-12-19 04:00:00,0,0,0
2021-12-19 05:00:00,6,4,2
2021-12-19 06:00:00,12,8,4
2021-12-19 07:00:00,30,17,13
2021-12-19 08:00:00,107,64,43
2021-12-19 09:00:00,195,105,90
2021-12-19 10:00:00,228,125,103
2021-12-19 11:00:00,331,165,166
2021-12-19 12:00:00,372,183,189
2021-12-19 13:00:00,370,188,182
2021-12-19 14:00:00,434,226,208
2021-12-19 15:00:00,539,271,268
2021-12-19 16:00:00,353,139,214
2021-12-19 17:00:00,62,24,38
2021-12-19 18:00:00,20,11,9
2021-12-19 19:00:00,6,1,5
2021-12-19 20:00:00,9,5,4
2021-12-19 21:00:00,3,1,2
2021-12-19 22:00:00,4,1,3
2021-12-19 23:00:00,3,2,1
2021-12-20 00:00:00,2,2,0
2021-12-20 01:00:00,1,0,1
2021-12-20 02:00:00,0,0,0
2021-12-20 03:00:00,0,0,0
2021-12-20 04:00:00,2,2,0
2021-12-20 05:00:00,6,3,3
2021-12-20 06:00:00,14,8,6
2021-12-20 07:00:00,28,12,16
2021-12-20 08:00:00,72,42,30
2021-12-20 09:00:00,59,25,34
2021-12-20 10:00:00,70,42,28
2021-12-20 11:00:00,79,38,41
2021-12-20 12:00:00,96,43,53
2021-12-20 13:00:00,68,35,33
2021-12-20 14:00:00,90,44,46
2021-12-20 15:00:00,82,35,47
2021-12-20 16:00:00,72,34,38
2021-12-20 17:00:00,32,15,17
2021-12-20 18:00:00,22,14,8
2021-12-20 19:00:00,9,3,6
2021-12-20 20:00:00,8,6,2
2021-12-20 21:00:00,4,2,2
2021-12-20 22:00:00,7,2,5
2021-12-20 23:00:00,1,1,0
2021-12-21 00:00:00,1,0,1
2021-12-21 01:00:00,0,0,0
2021-12-21 02:00:00,0,0,0
2021-12-21 03:00:00,1,0,1
2021-12-21 04:00:00,2,2,0
2021-12-21 05:00:00,10,7,3
2021-12-21 06:00:00,17,8,9
2021-12-21 07:00:00,41,21,20
2021-12-21 08:00:00,64,34,30
2021-12-21 09:00:00,80,40,40
2021-12-21 10:00:00,99,54,45
2021-12-21 11:00:00,89,36,53
2021-12-21 12:00:00,141,75,66
2021-12-21 13:00:00,121,58,63
2021-12-21 14:00:00,96,41,55
2021-12-21 15:00:00,91,53,38
2021-12-21 16:00:00,114,51,63
2021-12-21 17:00:00,34,11,23
2021-12-21 18:00:00,32,17,15
2021-12-21 19:00:00,6,3,3
2021-12-21 20:00:00,7,2,5
2021-12-21 21:00:00,2,1,1
2021-12-21 22:00:00,1,0,1
2021-12-21 23:00:00,0,0,0
2021-12-22 00:00:00,0,0,0
2021-12-22 01:00:00,0,0,0
2021-12-22 02:00:00,0,0,0
2021-12-22 03:00:00,0,0,0
2021-12-22 04:00:00,0,0,0
2021-12-22 05:00:00,4,2,2
2021-12-22 06:00:00,17,11,6
2021-12-22 07:00:00,37,19,18
2021-12-22 08:00:00,66,39,27
2021-12-22 09:00:00,63,33,30
2021-12-22 10:00:00,83,40,43
2021-12-22 11:00:00,76,40,36
2021-12-22 12:00:00,144,70,74
2021-12-22 13:00:00,64,29,35
2021-12-22 14:00:00,14,8,6
2021-12-22 15:00:00,15,10,5
2021-12-22 16:00:00,38,20,18
2021-12-22 17:00:00,36,14,22
2021-12-22 18:00:00,11,8,3
2021-12-22 19:00:00,13,7,6
2021-12-22 20:00:00,5,3,2
2021-12-22 21:00:00,8,4,4
2021-12-22 22:00:00,2,1,1
2021-12-22 23:00:00,1,0,1
2021-12-23 00:00:00,0,0,0
2021-12-23 01:00:00,0,0,0
2021-12-23 02:00:00,0,0,0
2021-12-23 03:00:00,0,0,0
2021-12-23 04:00:00,0,0,0
2021-12-23 05:00:00,5,3,2
2021-12-23 06:00:00,12,5,7
2021-12-23 07:00:00,35,17,18
2021-12-23 08:00:00,68,35,33
2021-12-23 09:00:00,80,46,34
2021-12-23 10:00:00,110,52,58
2021-12-23 11:00:00,149,78,71
2021-12-23 12:00:00,162,76,86
2021-12-23 13:00:00,134,69,65
2021-12-23 14:00:00,117,53,64
2021-12-23 15:00:00,146,72,74
2021-12-23 16:00:00,66,27,39
2021-12-23 17:00:00,43,21,22
2021-12-23 18:00:00,18,12,6
2021-12-23 19:00:00,6,3,3
2021-12-23 20:00:00,7,5,2
2021-12-23 21:00:00,11,5,6
2021-12-23 22:00:00,1,1,0
2021-12-23 23:00:00,2,1,1
2021-12-24 00:00:00,2,1,1
2021-12-24 01:00:00,2,1,1
2021-12-24 02:00:00,0,0,0
2021-12-24 03:00:00,0,0,0
2021-12-24 04:00:00,0,0,0
2021-12-24 05:00:00,4,3,1
2021-12-24 06:00:00,8,5,3
2021-12-24 07:00:00,18,10,8
2021-12-24 08:00:00,68,44,24
2021-12-24 09:00:00,99,52,47
2021-12-24 10:00:00,96,49,47
2021-12-24 11:00:00,106,54,52
2021-12-24 12:00:00,132,49,83
2021-12-24 13:00:00,56,31,25
2021-12-24 14:00:00,94,56,38
2021-12-24 15:00:00,115,51,64
2021-12-24 16:00:00,54,25,29
2021-12-24 17:00:00,8,3,5
2021-12-24 18:00:00,9,4,5
2021-12-24 19:00:00,3,3,0
2021-12-24 20:00:00,6,3,3
2021-12-24 21:00:00,0,0,0
2021-12-24 22:00:00,1,1,0
2021-12-24 23:00:00,2,1,1
2021-12-25 00:00:00,0,0,0
2021-12-25 01:00:00,0,0,0
2021-12-25 02:00:00,0,0,0
2021-12-25 03:00:00,1,0,1
2021-12-25 04:00:00,0,0,0
2021-12-25 05:00:00,1,1,0
2021-12-25 06:00:00,2,1,1
2021-12-25 07:00:00,12,7,5
2021-12-25 08:00:00,36,24,12
2021-12-25 09:00:00,52,29,23
2021-12-25 10:00:00,95,52,43
2021-12-25 11:00:00,83,39,44
2021-12-25 12:00:00,93,47,46
2021-12-25 13:00:00,73,34,39
2021-12-25 14:00:00,134,66,68
2021-12-25 15:00:00,187,103,84
2021-12-25 16:00:00,120,35,85
2021-12-25 17:00:00,37,15,22
2021-12-25 18:00:00,9,4,5
2021-12-25 19:00:00,10,5,5
2021-12-25 20:00:00,6,4,2
2021-12-25 21:00:00,2,1,1
2021-12-25 22:00:00,0,0,0
2021-12-25 23:00:00,0,0,0
2021-12-26 00:00:00,0,0,0
2021-12-26 01:00:00,0,0,0
2021-12-26 02:00:00,1,1,0
2021-12-26 03:00:00,0,0,0
2021-12-26 04:00:00,1,1,0
2021-12-26 05:00:00,2,2,0
2021-12-26 06:00:00,3,1,2
2021-12-26 07:00:00,14,4,10
2021-12-26 08:00:00,23,12,11
2021-12-26 09:00:00,71,31,40
2021-12-26 10:00:00,53,26,27
2021-12-26 11:00:00,31,17,14
2021-12-26 12:00:00,52,32,20
2021-12-26 13:00:00,60,35,25
2021-12-26 14:00:00,78,38,40
2021-12-26 15:00:00,135,60,75
2021-12-26 16:00:00,74,30,44
2021-12-26 17:00:00,16,6,10
2021-12-26 18:00:00,8,4,4
2021-12-26 19:00:00,10,5,5
2021-12-26 20:00:00,5,3,2
2021-12-26 21:00:00,6,5,1
2021-12-26 22:00:00,1,1,0
2021-12-26 23:00:00,1,1,0
2021-12-27 00:00:00,0,0,0
2021-12-27 01:00:00,0,0,0
2021-12-27 02:00:00,0,0,0
2021-12-27 03:00:00,0,0,0
2021-12-27 04:00:00,0,0,0
2021-12-27 05:00:00,2,1,1
2021-12-27 06:00:00,2,1,1
2021-12-27 07:00:00,5,2,3
2021-12-27 08:00:00,16,9,7
2021-12-27 09:00:00,35,16,19
2021-12-27 10:00:00,63,33,30
2021-12-27 11:00:00,81,37,44
2021-12-27 12:00:00,67,29,38
2021-12-27 13:00:00,97,46,51
2021-12-27 14:00:00,112,47,65
2021-12-27 15:00:00,106,47,59
2021-12-27 16:00:00,105,49,56
2021-12-27 17:00:00,20,9,11
2021-12-27 18:00:00,9,3,6
2021-12-27 19:00:00,0,0,0
2021-12-27 20:00:00,2,1,1
2021-12-27 21:00:00,3,2,1
2021-12-27 22:00:00,2,2,0
2021-12-27 23:00:00,0,0,0
2021-12-28 00:00:00,1,1,0
2021-12-28 01:00:00,1,0,1
2021-12-28 02:00:00,0,0,0
2021-12-28 03:00:00,0,0,0
2021-12-28 04:00:00,1,1,0
2021-12-28 05:00:00,1,0,1
2021-12-28 06:00:00,2,1,1
2021-12-28 07:00:00,9,5,4
2021-12-28 08:00:00,21,11,10
2021-12-28 09:00:00,45,23,22
2021-12-28 10:00:00,40,24,16
2021-12-28 11:00:00,44,20,24
2021-12-28 12:00:00,63,31,32
2021-12-28 13:00:00,91,54,37
2021-12-28 14:00:00,78,44,34
2021-12-28 15:00:00,81,41,40
2021-12-28 16:00:00,67,28,39
2021-12-28 17:00:00,24,10,14
2021-12-28 18:00:00,12,6,6
2021-12-28 19:00:00,22,17,5
2021-12-28 20:00:00,9,3,6
2021-12-28 21:00:00,2,2,0
2021-12-28 22:00:00,4,1,3
2021-12-28 23:00:00,1,0,1
2021-12-29 00:00:00,3,2,1
2021-12-29 01:00:00,0,0,0
2021-12-29 02:00:00,0,0,0
2021-12-29 03:00:00,0,0,0
2021-12-29 04:00:00,0,0,0
2021-12-29 05:00:00,2,1,1
2021-12-29 06:00:00,1,0,1
2021-12-29 07:00:00,17,9,8
2021-12-29 08:00:00,28,14,14
2021-12-29 09:00:00,41,22,19
2021-12-29 10:00:00,58,28,30
2021-12-29 11:00:00,137,72,65
2021-12-29 12:00:00,140,70,70
2021-12-29 13:00:00,140,66,74
2021-12-29 14:00:00,133,70,63
2021-12-29 15:00:00,147,66,81
2021-12-29 16:00:00,106,47,59
2021-12-29 17:00:00,32,12,20
2021-12-29 18:00:00,9,6,3
2021-12-29 19:00:00,3,1,2
2021-12-29 20:00:00,3,2,1
2021-12-29 21:00:00,5,2,3
2021-12-29 22:00:00,3,2,1
2021-12-29 23:00:00,1,1,0
2021-12-30 00:00:00,3,1,2
2021-12-30 01:00:00,1,1,0
2021-12-30 02:00:00,0,0,0
2021-12-30 03:00:00,0,0,0
2021-12-30 04:00:00,1,1,0
2021-12-30 05:00:00,0,0,0
2021-12-30 06:00:00,5,4,1
2021-12-30 07:00:00,11,6,5
2021-12-30 08:00:00,27,14,13
2021-12-30 09:00:00,46,29,17
2021-12-30 10:00:00,61,27,34
2021-12-30 11:00:00,68,34,34
2021-12-30 12:00:00,74,32,42
2021-12-30 13:00:00,90,50,40
2021-12-30 14:00:00,69,38,31
2021-12-30 15:00:00,89,50,39
2021-12-30 16:00:00,86,42,44
2021-12-30 17:00:00,31,12,19
2021-12-30 18:00:00,18,10,8
2021-12-30 19:00:00,11,6,5
2021-12-30 20:00:00,7,4,3
2021-12-30 21:00:00,1,0,1
2021-12-30 22:00:00,6,3,3
2021-12-30 23:00:00,4,3,1
2021-12-31 00:00:00,1,0,1
2021-12-31 01:00:00,0,0,0
2021-12-31 02:00:00,0,0,0
2021-12-31 03:00:00,0,0,0
2021-12-31 04:00:00,2,1,1
2021-12-31 05:00:00,0,0,0
2021-12-31 06:00:00,4,3,1
2021-12-31 07:00:00,8,4,4
2021-12-31 08:00:00,20,14,6
2021-12-31 09:00:00,67,36,31
2021-12-31 10:00:00,89,46,43
2021-12-31 11:00:00,151,72,79
2021-12-31 12:00:00,180,94,86
2021-12-31 13:00:00,188,89,99
2021-12-31 14:00:00,227,100,127
2021-12-31 15:00:00,266,118,148
2021-12-31 16:00:00,292,141,151
2021-12-31 17:00:00,46,9,37
2021-12-31 18:00:00,8,4,4
2021-12-31 19:00:00,3,1,2
2021-12-31 20:00:00,2,0,2
2021-12-31 21:00:00,5,1,4
2021-12-31 22:00:00,6,2,4
2021-12-31 23:00:00,3,2,1
2022-01-01 00:00:00,1,1,0
2022-01-01 01:00:00,0,0,0
2022-01-01 02:00:00,0,0,0
2022-01-01 03:00:00,1,1,0
2022-01-01 04:00:00,0,0,0
2022-01-01 05:00:00,0,0,0
2022-01-01 06:00:00,3,2,1
2022-01-01 07:00:00,6,3,3
2022-01-01 08:00:00,21,10,11
2022-01-01 09:00:00,43,25,18
2022-01-01 10:00:00,66,33,33
2022-01-01 11:00:00,105,56,49
2022-01-01 12:00:00,176,84,92
2022-01-01 13:00:00,124,55,69
2022-01-01 14:00:00,115,57,58
2022-01-01 15:00:00,126,62,64
2022-01-01 16:00:00,106,42,64
2022-01-01 17:00:00,26,9,17
2022-01-01 18:00:00,6,2,4
2022-01-01 19:00:00,6,2,4
2022-01-01 20:00:00,0,0,0
2022-01-01 21:00:00,1,1,0
2022-01-01 22:00:00,0,0,0
2022-01-01 23:00:00,0,0,0
2022-01-02 00:00:00,0,0,0
2022-01-02 01:00:00,0,0,0
2022-01-02 02:00:00,0,0,0
2022-01-02 03:00:00,0,0,0
2022-01-02 04:00:00,0,0,0
2022-01-02 05:00:00,1,1,0
2022-01-02 06:00:00,4,2,2
2022-01-02 07:00:00,2,1,1
2022-01-02 08:00:00,16,9,7
2022-01-02 09:00:00,23,11,12
2022-01-02 10:00:00,47,25,22
2022-01-02 11:00:00,49,21,28
2022-01-02 12:00:00,26,9,17
2022-01-02 13:00:00,23,13,10
2022-01-02 14:00:00,49,19,30
2022-01-02 15:00:00,41,28,13
2022-01-02 16:00:00,36,16,20
2022-01-02 17:00:00,11,6,5
2022-01-02 18:00:00,2,1,1
2022-01-02 19:00:00,1,1,0
2022-01-02 20:00:00,0,0,0
2022-01-02 21:00:00,0,0,0
2022-01-02 22:00:00,1,1,0
2022-01-02 23:00:00,0,0,0
2022-01-03 00:00:00,0,0,0
2022-01-03 01:00:00,3,1,2
2022-01-03 02:00:00,0,0,0
2022-01-03 03:00:00,0,0,0
2022-01-03 04:00:00,0,0,0
2022-01-03 05:00:00,5,3,2
2022-01-03 06:00:00,9,4,5
2022-01-03 07:00:00,28,12,16
2022-01-03 08:00:00,20,13,7
2022-01-03 09:00:00,28,14,14
2022-01-03 10:00:00,29,16,13
2022-01-03 11:00:00,46,26,20
2022-01-03 12:00:00,81,40,41
2022-01-03 13:00:00,38,14,24
2022-01-03 14:00:00,56,26,30
2022-01-03 15:00:00,142,86,56
2022-01-03 16:00:00,163,74,89
2022-01-03 17:00:00,68,28,40
2022-01-03 18:00:00,25,13,12
2022-01-03 19:00:00,15,6,9
2022-01-03 20:00:00,10,6,4
2022-01-03 21:00:00,4,2,2
2022-01-03 22:00:00,6,3,3
2022-01-03 23:00:00,2,2,0
2022-01-04 00:00:00,0,0,0
2022-01-04 01:00:00,0,0,0
2022-01-04 02:00:00,0,0,0
2022-01-04 03:00:00,0,0,0
2022-01-04 04:00:00,0,0,0
2022-01-04 05:00:00,3,2,1
2022-01-04 06:00:00,15,8,7
2022-01-04 07:00:00,34,16,18
2022-01-04 08:00:00,95,52,43
2022-01-04 09:00:00,83,47,36
2022-01-04 10:00:00,87,44,43
2022-01-04 11:00:00,131,68,63
2022-01-04 12:00:00,160,76,84
2022-01-04 13:00:00,84,34,50
2022-01-04 14:00:00,26,14,12
2022-01-04 15:00:00,71,43,28
2022-01-04 16:00:00,101,46,55
2022-01-04 17:00:00,48,18,30
2022-01-04 18:00:00,21,12,9
2022-01-04 19:00:00,14,9,5
2022-01-04 20:00:00,3,1,2
2022-01-04 21:00:00,6,3,3
2022-01-04 22:00:00,3,1,2
2022-01-04 23:00:00,4,1,3
2022-01-05 00:00:00,0,0,0
2022-01-05 01:00:00,0,0,0
2022-01-05 02:00:00,0,0,0
2022-01-05 03:00:00,0,0,0
2022-01-05 04:00:00,1,1,0
2022-01-05 05:00:00,5,4,1
2022-01-05 06:00:00,19,10,9
2022-01-05 07:00:00,41,23,18
2022-01-05 08:00:00,65,29,36
2022-01-05 09:00:00,48,22,26
2022-01-05 10:00:00,39,22,17
2022-01-05 11:00:00,82,40,42
2022-01-05 12:00:00,118,59,59
2022-01-05 13:00:00,48,20,28
2022-01-05 14:00:00,55,33,22
2022-01-05 15:00:00,73,33,40
2022-01-05 16:00:00,72,34,38
2022-01-05 17:00:00,50,23,27
2022-01-05 18:00:00,16,5,11
2022-01-05 19:00:00,15,7,8
2022-01-05 20:00:00,11,8,3
2022-01-05 21:00:00,6,2,4
2022-01-05 22:00:00,2,2,0
2022-01-05 23:00:00,6,4,2
2022-01-06 00:00:00,0,0,0
2022-01-06 01:00:00,0,0,0
2022-01-06 02:00:00,0,0,0
2022-01-06 03:00:00,0,0,0
2022-01-06 04:00:00,0,0,0
2022-01-06 05:00:00,2,2,0
2022-01-06 06:00:00,11,8,3
2022-01-06 07:00:00,43,21,22
2022-01-06 08:00:00,63,40,23
2022-01-06 09:00:00,62,30,32
2022-01-06 10:00:00,55,27,28
2022-01-06 11:00:00,30,16,14
2022-01-06 12:00:00,40,24,16
2022-01-06 13:00:00,33,16,17
2022-01-06 14:00:00,36,22,14
2022-01-06 15:00:00,47,32,15
2022-01-06 16:00:00,45,23,22
2022-01-06 17:00:00,18,9,9
2022-01-06 18:00:00,8,4,4
2022-01-06 19:00:00,5,3,2
2022-01-06 20:00:00,3,1,2
2022-01-06 21:00:00,2,1,1
2022-01-06 22:00:00,0,0,0
2022-01-06 23:00:00,0,0,0
2022-01-07 00:00:00,0,0,0
2022-01-07 01:00:00,1,1,0
2022-01-07 02:00:00,0,0,0
2022-01-07 03:00:00,0,0,0
2022-01-07 04:00:00,0,0,0
2022-01-07 05:00:00,3,3,0
2022-01-07 06:00:00,19,11,8
2022-01-07 07:00:00,21,13,8
2022-01-07 08:00:00,48,29,19
2022-01-07 09:00:00,51,26,25
2022-01-07 10:00:00,30,14,16
2022-01-07 11:00:00,16,10,6
2022-01-07 12:00:00,18,9,9
2022-01-07 13:00:00,56,32,24
2022-01-07 14:00:00,144,75,69
2022-01-07 15:00:00,159,78,81
2022-01-07 16:00:00,158,78,80
2022-01-07 17:00:00,107,48,59
2022-01-07 18:00:00,36,15,21
2022-01-07 19:00:00,14,8,6
2022-01-07 20:00:00,9,6,3
2022-01-07 21:00:00,19,11,8
2022-01-07 22:00:00,4,0,4
2022-01-07 23:00:00,3,2,1
2022-01-08 00:00:00,2,0,2
2022-01-08 01:00:00,0,0,0
2022-01-08 02:00:00,1,1,0
2022-01-08 03:00:00,0,0,0
2022-01-08 04:00:00,0,0,0
2022-01-08 05:00:00,4,2,2
2022-01-08 06:00:00,8,5,3
2022-01-08 07:00:00,30,17,13
2022-01-08 08:00:00,81,51,30
2022-01-08 09:00:00,175,106,69
2022-01-08 10:00:00,195,99,96
2022-01-08 11:00:00,271,143,128
2022-01-08 12:00:00,310,155,155
2022-01-08 13:00:00,342,189,153
2022-01-08 14:00:00,289,133,156
2022-01-08 15:00:00,320,170,150
2022-01-08 16:00:00,251,108,143
2022-01-08 17:00:00,106,33,73
2022-01-08 18:00:00,14,3,11
2022-01-08 19:00:00,9,5,4
2022-01-08 20:00:00,12,8,4
2022-01-08 21:00:00,17,8,9
2022-01-08 22:00:00,5,2,3
2022-01-08 23:00:00,3,3,0
2022-01-09 00:00:00,5,1,4
2022-01-09 01:00:00,1,1,0
2022-01-09 02:00:00,2,1,1
2022-01-09 03:00:00,0,0,0
2022-01-09 04:00:00,0,0,0
2022-01-09 05:00:00,3,2,1
2022-01-09 06:00:00,13,8,5
2022-01-09 07:00:00,28,20,8
2022-01-09 08:00:00,123,74,49
2022-01-09 09:00:00,178,105,73
2022-01-09 10:00:00,265,150,115
2022-01-09 11:00:00,456,252,204
2022-01-09 12:00:00,535,287,248
2022-01-09 13:00:00,668,341,327
2022-01-09 14:00:00,621,350,271
2022-01-09 15:00:00,1039,473,566
2022-01-09 16:00:00,849,408,441
2022-01-09 17:00:00,223,64,159
2022-01-09 18:00:00,16,4,12
2022-01-09 19:00:00,7,4,3
2022-01-09 20:00:00,11,6,5
2022-01-09 21:00:00,10,8,2
2022-01-09 22:00:00,7,1,6
2022-01-09 23:00:00,1,1,0
2022-01-10 00:00:00,1,0,1
2022-01-10 01:00:00,0,0,0
2022-01-10 02:00:00,0,0,0
2022-01-10 03:00:00,1,1,0
2022-01-10 04:00:00,0,0,0
2022-01-10 05:00:00,9,8,1
2022-01-10 06:00:00,22,10,12
2022-01-10 07:00:00,26,12,14
2022-01-10 08:00:00,47,33,14
2022-01-10 09:00:00,29,14,15
2022-01-10 10:00:00,30,16,14
2022-01-10 11:00:00,66,33,33
2022-01-10 12:00:00,85,41,44
2022-01-10 13:00:00,79,39,40
2022-01-10 14:00:00,84,41,43
2022-01-10 15:00:00,87,49,38
2022-01-10 16:00:00,141,80,61
2022-01-10 17:00:00,104,36,68
2022-01-10 18:00:00,48,24,24
2022-01-10 19:00:00,29,11,18
2022-01-10 20:00:00,18,9,9
2022-01-10 21:00:00,12,5,7
2022-01-10 22:00:00,1,1,0
2022-01-10 23:00:00,0,0,0
2022-01-11 00:00:00,0,0,0
2022-01-11 01:00:00,0,0,0
2022-01-11 02:00:00,0,0,0
2022-01-11 03:00:00,0,0,0
2022-01-11 04:00:00,0,0,0
2022-01-11 05:00:00,4,3,1
2022-01-11 06:00:00,25,16,9
2022-01-11 07:00:00,29,14,15
2022-01-11 08:00:00,41,21,20
2022-01-11 09:00:00,33,14,19
2022-01-11 10:00:00,36,19,17
2022-01-11 11:00:00,56,30,26
2022-01-11 12:00:00,92,52,40
2022-01-11 13:00:00,64,29,35
2022-01-11 14:00:00,42,22,20
2022-01-11 15:00:00,49,24,25
2022-01-11 16:00:00,86,49,37
2022-01-11 17:00:00,56,26,30
2022-01-11 18:00:00,37,19,18
2022-01-11 19:00:00,18,9,9
2022-01-11 20:00:00,8,3,5
2022-01-11 21:00:00,8,6,2
2022-01-11 22:00:00,5,4,1
2022-01-11 23:00:00,4,2,2
2022-01-12 00:00:00,1,0,1
2022-01-12 01:00:00,1,1,0
2022-01-12 02:00:00,0,0,0
2022-01-12 03:00:00,0,0,0
2022-01-12 04:00:00,0,0,0
2022-01-12 05:00:00,14,9,5
2022-01-12 06:00:00,22,13,9
2022-01-12 07:00:00,32,14,18
2022-01-12 08:00:00,74,41,33
2022-01-12 09:00:00,65,30,35
2022-01-12 10:00:00,62,40,22
2022-01-12 11:00:00,90,43,47
2022-01-12 12:00:00,131,68,63
2022-01-12 13:00:00,110,51,59
2022-01-12 14:00:00,118,68,50
2022-01-12 15:00:00,185,90,95
2022-01-12 16:00:00,293,150,143
2022-01-12 17:00:00,228,87,141
2022-01-12 18:00:00,63,30,33
2022-01-12 19:00:00,29,13,16
2022-01-12 20:00:00,24,13,11
2022-01-12 21:00:00,14,4,10
2022-01-12 22:00:00,5,2,3
2022-01-12 23:00:00,3,1,2
2022-01-13 00:00:00,1,1,0
2022-01-13 01:00:00,0,0,0
2022-01-13 02:00:00,0,0,0
2022-01-13 03:00:00,0,0,0
2022-01-13 04:00:00,1,1,0
2022-01-13 05:00:00,4,3,1
2022-01-13 06:00:00,16,7,9
2022-01-13 07:00:00,22,15,7
2022-01-13 08:00:00,64,36,28
2022-01-13 09:00:00,68,32,36
2022-01-13 10:00:00,100,54,46
2022-01-13 11:00:00,152,80,72
2022-01-13 12:00:00,202,104,98
2022-01-13 13:00:00,190,89,101
2022-01-13 14:00:00,206,102,104
2022-01-13 15:00:00,440,232,208
2022-01-13 16:00:00,556,299,257
2022-01-13 17:00:00,239,85,154
2022-01-13 18:00:00,60,24,36
2022-01-13 19:00:00,33,18,15
2022-01-13 20:00:00,35,16,19
2022-01-13 21:00:00,13,5,8
2022-01-13 22:00:00,6,3,3
2022-01-13 23:00:00,3,2,1
2022-01-14 00:00:00,0,0,0
2022-01-14 01:00:00,0,0,0
2022-01-14 02:00:00,0,0,0
2022-01-14 03:00:00,0,0,0
2022-01-14 04:00:00,3,2,1
2022-01-14 05:00:00,7,5,2
2022-01-14 06:00:00,20,13,7
2022-01-14 07:00:00,55,31,24
2022-01-14 08:00:00,108,57,51
2022-01-14 09:00:00,72,33,39
2022-01-14 10:00:00,86,51,35
2022-01-14 11:00:00,128,66,62
2022-01-14 12:00:00,235,135,100
2022-01-14 13:00:00,172,98,74
2022-01-14 14:00:00,210,110,100
2022-01-14 15:00:00,247,123,124
2022-01-14 16:00:00,333,169,164
2022-01-14 17:00:00,163,63,100
2022-01-14 18:00:00,45,18,27
2022-01-14 19:00:00,14,9,5
2022-01-14 20:00:00,12,5,7
2022-01-14 21:00:00,8,4,4
2022-01-14 22:00:00,2,0,2
2022-01-14 23:00:00,5,4,1
2022-01-15 00:00:00,8,4,4
2022-01-15 01:00:00,1,0,1
2022-01-15 02:00:00,0,0,0
2022-01-15 03:00:00,1,0,1
2022-01-15 04:00:00,2,2,0
2022-01-15 05:00:00,3,2,1
2022-01-15 06:00:00,13,6,7
2022-01-15 07:00:00,42,28,14
2022-01-15 08:00:00,110,62,48
2022-01-15 09:00:00,153,83,70
2022-01-15 10:00:00,178,90,88
2022-01-15 11:00:00,206,93,113
2022-01-15 12:00:00,225,125,100
2022-01-15 13:00:00,181,83,98
2022-01-15 14:00:00,208,114,94
2022-01-15 15:00:00,212,113,99
2022-01-15 16:00:00,221,98,123
2022-01-15 17:00:00,90,31,59
2022-01-15 18:00:00,27,15,12
2022-01-15 19:00:00,25,15,10
2022-01-15 20:00:00,4,3,1
2022-01-15 21:00:00,3,1,2
2022-01-15 22:00:00,2,2,0
2022-01-15 23:00:00,2,2,0
2022-01-16 00:00:00,2,1,1
2022-01-16 01:00:00,0,0,0
2022-01-16 02:00:00,1,1,0
2022-01-16 03:00:00,2,2,0
2022-01-16 04:00:00,1,0,1
2022-01-16 05:00:00,5,2,3
2022-01-16 06:00:00,7,5,2
2022-01-16 07:00:00,27,17,10
2022-01-16 08:00:00,74,44,30
2022-01-16 09:00:00,153,88,65
2022-01-16 10:00:00,205,109,96
2022-01-16 11:00:00,228,123,105
2022-01-16 12:00:00,241,116,125
2022-01-16 13:00:00,260,139,121
2022-01-16 14:00:00,284,145,139
2022-01-16 15:00:00,275,140,135
2022-01-16 16:00:00,267,124,143
2022-01-16 17:00:00,133,58,75
2022-01-16 18:00:00,43,14,29
2022-01-16 19:00:00,19,10,9
2022-01-16 20:00:00,15,8,7
2022-01-16 21:00:00,2,2,0
2022-01-16 22:00:00,3,2,1
2022-01-16 23:00:00,9,4,5
2022-01-17 00:00:00,4,1,3
2022-01-17 01:00:00,1,0,1
2022-01-17 02:00:00,1,1,0
2022-01-17 03:00:00,1,0,1
2022-01-17 04:00:00,0,0,0
2022-01-17 05:00:00,5,3,2
2022-01-17 06:00:00,11,3,8
2022-01-17 07:00:00,32,23,9
2022-01-17 08:00:00,71,43,28
2022-01-17 09:00:00,151,90,61
2022-01-17 10:00:00,166,82,84
2022-01-17 11:00:00,202,103,99
2022-01-17 12:00:00,247,124,123
2022-01-17 13:00:00,266,159,107
2022-01-17 14:00:00,367,198,169
2022-01-17 15:00:00,428,208,220
2022-01-17 16:00:00,354,161,193
2022-01-17 17:00:00,119,47,72
2022-01-17 18:00:00,29,11,18
2022-01-17 19:00:00,14,5,9
2022-01-17 20:00:00,18,11,7
2022-01-17 21:00:00,10,3,7
2022-01-17 22:00:00,4,1,3
2022-01-17 23:00:00,0,0,0
2022-01-18 00:00:00,0,0,0
2022-01-18 01:00:00,1,0,1
2022-01-18 02:00:00,1,1,0
2022-01-18 03:00:00,0,0,0
2022-01-18 04:00:00,0,0,0
2022-01-18 05:00:00,11,8,3
2022-01-18 06:00:00,35,18,17
2022-01-18 07:00:00,59,31,28
2022-01-18 08:00:00,81,44,37
2022-01-18 09:00:00,48,25,23
2022-01-18 10:00:00,50,25,25
2022-01-18 11:00:00,73,41,32
2022-01-18 12:00:00,118,63,55
2022-01-18 13:00:00,112,55,57
2022-01-18 14:00:00,86,40,46
2022-01-18 15:00:00,102,57,45
2022-01-18 16:00:00,205,115,90
2022-01-18 17:00:00,127,51,76
2022-01-18 18:00:00,53,26,27
2022-01-18 19:00:00,30,12,18
2022-01-18 20:00:00,13,6,7
2022-01-18 21:00:00,11,7,4
2022-01-18 22:00:00,13,6,7
2022-01-18 23:00:00,3,1,2
2022-01-19 00:00:00,4,1,3
2022-01-19 01:00:00,1,1,0
2022-01-19 02:00:00,2,1,1
2022-01-19 03:00:00,2,0,2
2022-01-19 04:00:00,2,1,1
2022-01-19 05:00:00,7,4,3
2022-01-19 06:00:00,28,16,12
2022-01-19 07:00:00,65,37,28
2022-01-19 08:00:00,94,50,44
2022-01-19 09:00:00,87,42,45
2022-01-19 10:00:00,113,63,50
2022-01-19 11:00:00,114,59,55
2022-01-19 12:00:00,167,82,85
2022-01-19 13:00:00,108,50,58
2022-01-19 14:00:00,123,61,62
2022-01-19 15:00:00,109,57,52
2022-01-19 16:00:00,211,105,106
2022-01-19 17:00:00,135,55,80
2022-01-19 18:00:00,57,28,29
2022-01-19 19:00:00,35,19,16
2022-01-19 20:00:00,19,9,10
2022-01-19 21:00:00,5,2,3
2022-01-19 22:00:00,6,3,3
2022-01-19 23:00:00,0,0,0
2022-01-20 00:00:00,4,3,1
2022-01-20 01:00:00,0,0,0
2022-01-20 02:00:00,1,0,1
2022-01-20 03:00:00,0,0,0
2022-01-20 04:00:00,1,1,0
2022-01-20 05:00:00,6,4,2
2022-01-20 06:00:00,22,12,10
2022-01-20 07:00:00,50,25,25
2022-01-20 08:00:00,66,36,30
2022-01-20 09:00:00,80,39,41
2022-01-20 10:00:00,86,39,47
2022-01-20 11:00:00,105,60,45
2022-01-20 12:00:00,111,48,63
2022-01-20 13:00:00,95,48,47
2022-01-20 14:00:00,88,48,40
2022-01-20 15:00:00,141,73,68
2022-01-20 16:00:00,113,54,59
2022-01-20 17:00:00,82,38,44
2022-01-20 18:00:00,48,24,24
2022-01-20 19:00:00,34,16,18
2022-01-20 20:00:00,23,9,14
2022-01-20 21:00:00,14,8,6
2022-01-20 22:00:00,13,5,8
2022-01-20 23:00:00,7,5,2
2022-01-21 00:00:00,2,1,1
2022-01-21 01:00:00,0,0,0
2022-01-21 02:00:00,1,0,1
2022-01-21 03:00:00,0,0,0
2022-01-21 04:00:00,1,1,0
2022-01-21 05:00:00,9,5,4
2022-01-21 06:00:00,25,15,10
2022-01-21 07:00:00,58,31,27
2022-01-21 08:00:00,113,52,61
2022-01-21 09:00:00,111,57,54
2022-01-21 10:00:00,113,56,57
2022-01-21 11:00:00,141,71,70
2022-01-21 12:00:00,199,95,104
2022-01-21 13:00:00,180,91,89
2022-01-21 14:00:00,165,79,86
2022-01-21 15:00:00,270,142,128
2022-01-21 16:00:00,436,205,231
2022-01-21 17:00:00,275,100,175
2022-01-21 18:00:00,63,27,36
2022-01-21 19:00:00,22,8,14
2022-01-21 20:00:00,20,9,11
2022-01-21 21:00:00,8,6,2
2022-01-21 22:00:00,4,1,3
2022-01-21 23:00:00,9,3,6
2022-01-22 00:00:00,6,3,3
2022-01-22 01:00:00,1,1,0
2022-01-22 02:00:00,2,1,1
2022-01-22 03:00:00,0,0,0
2022-01-22 04:00:00,0,0,0
2022-01-22 05:00:00,1,1,0
2022-01-22 06:00:00,6,3,3
2022-01-22 07:00:00,31,19,12
2022-01-22 08:00:00,100,56,44
2022-01-22 09:00:00,172,99,73
2022-01-22 10:00:00,189,102,87
2022-01-22 11:00:00,307,172,135
2022-01-22 12:00:00,350,162,188
2022-01-22 13:00:00,364,197,167
2022-01-22 14:00:00,401,192,209
2022-01-22 15:00:00,613,322,291
2022-01-22 16:00:00,635,320,315
2022-01-22 17:00:00,271,79,192
2022-01-22 18:00:00,41,19,22
2022-01-22 19:00:00,15,9,6
2022-01-22 20:00:00,19,10,9
2022-01-22 21:00:00,4,3,1
2022-01-22 22:00:00,7,3,4
2022-01-22 23:00:00,7,4,3
2022-01-23 00:00:00,3,0,3
2022-01-23 01:00:00,1,0,1
2022-01-23 02:00:00,3,3,0
2022-01-23 03:00:00,2,0,2
2022-01-23 04:00:00,1,1,0
2022-01-23 05:00:00,4,3,1
2022-01-23 06:00:00,14,8,6
2022-01-23 07:00:00,34,19,15
2022-01-23 08:00:00,73,40,33
2022-01-23 09:00:00,128,70,58
2022-01-23 10:00:00,174,98,76
2022-01-23 11:00:00,223,108,115
2022-01-23 12:00:00,163,71,92
2022-01-23 13:00:00,189,110,79
2022-01-23 14:00:00,211,108,103
2022-01-23 15:00:00,262,133,129
2022-01-23 16:00:00,215,98,117
2022-01-23 17:00:00,103,40,63
2022-01-23 18:00:00,30,14,16
2022-01-23 19:00:00,14,7,7
2022-01-23 20:00:00,12,5,7
2022-01-23 21:00:00,6,5,1
2022-01-23 22:00:00,4,1,3
2022-01-23 23:00:00,0,0,0
2022-01-24 00:00:00,1,0,1
2022-01-24 01:00:00,0,0,0
2022-01-24 02:00:00,0,0,0
2022-01-24 03:00:00,0,0,0
2022-01-24 04:00:00,0,0,0
2022-01-24 05:00:00,5,3,2
2022-01-24 06:00:00,29,17,12
2022-01-24 07:00:00,64,36,28
2022-01-24 08:00:00,78,32,46
2022-01-24 09:00:00,62,34,28
2022-01-24 10:00:00,87,39,48
2022-01-24 11:00:00,73,41,32
2022-01-24 12:00:00,123,61,62
2022-01-24 13:00:00,96,47,49
2022-01-24 14:00:00,106,50,56
2022-01-24 15:00:00,115,62,53
2022-01-24 16:00:00,173,87,86
2022-01-24 17:00:00,147,64,83
2022-01-24 18:00:00,59,27,32
2022-01-24 19:00:00,30,17,13
2022-01-24 20:00:00,25,12,13
2022-01-24 21:00:00,8,2,6
2022-01-24 22:00:00,6,4,2
2022-01-24 23:00:00,1,0,1
2022-01-25 00:00:00,2,1,1
2022-01-25 01:00:00,0,0,0
2022-01-25 02:00:00,1,1,0
2022-01-25 03:00:00,0,0,0
2022-01-25 04:00:00,0,0,0
2022-01-25 05:00:00,11,8,3
2022-01-25 06:00:00,38,21,17
2022-01-25 07:00:00,91,50,41
2022-01-25 08:00:00,100,48,52
2022-01-25 09:00:00,80,40,40
2022-01-25 10:00:00,77,40,37
2022-01-25 11:00:00,90,46,44
2022-01-25 12:00:00,182,95,87
2022-01-25 13:00:00,172,90,82
2022-01-25 14:00:00,180,93,87
2022-01-25 15:00:00,311,163,148
2022-01-25 16:00:00,452,240,212
2022-01-25 17:00:00,343,156,187
2022-01-25 18:00:00,63,23,40
2022-01-25 19:00:00,30,14,16
2022-01-25 20:00:00,6,2,4
2022-01-25 21:00:00,10,3,7
2022-01-25 22:00:00,5,2,3
2022-01-25 23:00:00,2,1,1
2022-01-26 00:00:00,0,0,0
2022-01-26 01:00:00,1,0,1
2022-01-26 02:00:00,0,0,0
2022-01-26 03:00:00,0,0,0
2022-01-26 04:00:00,4,2,2
2022-01-26 05:00:00,13,8,5
2022-01-26 06:00:00,31,16,15
2022-01-26 07:00:00,44,20,24
2022-01-26 08:00:00,84,40,44
2022-01-26 09:00:00,67,36,31
2022-01-26 10:00:00,60,28,32
2022-01-26 11:00:00,102,52,50
2022-01-26 12:00:00,133,63,70
2022-01-26 13:00:00,140,68,72
2022-01-26 14:00:00,167,95,72
2022-01-26 15:00:00,243,120,123
2022-01-26 16:00:00,416,235,181
2022-01-26 17:00:00,319,125,194
2022-01-26 18:00:00,62,28,34
2022-01-26 19:00:00,30,10,20
2022-01-26 20:00:00,15,7,8
2022-01-26 21:00:00,4,0,4
2022-01-26 22:00:00,10,5,5
2022-01-26 23:00:00,0,0,0
2022-01-27 00:00:00,0,0,0
2022-01-27 01:00:00,0,0,0
2022-01-27 02:00:00,0,0,0
2022-01-27 03:00:00,0,0,0
2022-01-27 04:00:00,3,2,1
2022-01-27 05:00:00,4,2,2
2022-01-27 06:00:00,26,13,13
2022-01-27 07:00:00,63,40,23
2022-01-27 08:00:00,83,32,51
2022-01-27 09:00:00,56,30,26
2022-01-27 10:00:00,91,46,45
2022-01-27 11:00:00,107,52,55
2022-01-27 12:00:00,217,117,100
2022-01-27 13:00:00,207,100,107
2022-01-27 14:00:00,219,124,95
2022-01-27 15:00:00,331,165,166
2022-01-27 16:00:00,483,291,192
2022-01-27 17:00:00,377,147,230
2022-01-27 18:00:00,78,29,49
2022-01-27 19:00:00,29,9,20
2022-01-27 20:00:00,18,9,9
2022-01-27 21:00:00,2,1,1
2022-01-27 22:00:00,13,7,6
2022-01-27 23:00:00,2,2,0
2022-01-28 00:00:00,1,1,0
2022-01-28 01:00:00,0,0,0
2022-01-28 02:00:00,0,0,0
2022-01-28 03:00:00,0,0,0
2022-01-28 04:00:00,2,2,0
2022-01-28 05:00:00,7,4,3
2022-01-28 06:00:00,18,13,5
2022-01-28 07:00:00,62,30,32
2022-01-28 08:00:00,83,40,43
2022-01-28 09:00:00,84,43,41
2022-01-28 10:00:00,121,70,51
2022-01-28 11:00:00,169,79,90
2022-01-28 12:00:00,156,81,75
2022-01-28 13:00:00,160,84,76
2022-01-28 14:00:00,195,97,98
2022-01-28 15:00:00,233,112,121
2022-01-28 16:00:00,326,183,143
2022-01-28 17:00:00,327,116,211
2022-01-28 18:00:00,73,28,45
2022-01-28 19:00:00,20,8,12
2022-01-28 20:00:00,21,14,7
2022-01-28 21:00:00,12,7,5
2022-01-28 22:00:00,8,2,6
2022-01-28 23:00:00,16,4,12
2022-01-29 00:00:00,2,0,2
2022-01-29 01:00:00,0,0,0
2022-01-29 02:00:00,0,0,0
2022-01-29 03:00:00,0,0,0
2022-01-29 04:00:00,1,1,0
2022-01-29 05:00:00,5,3,2
2022-01-29 06:00:00,4,2,2
2022-01-29 07:00:00,40,25,15
2022-01-29 08:00:00,96,59,37
2022-01-29 09:00:00,189,107,82
2022-01-29 10:00:00,221,111,110
2022-01-29 11:00:00,238,115,123
2022-01-29 12:00:00,290,148,142
2022-01-29 13:00:00,278,143,135
2022-01-29 14:00:00,306,169,137
2022-01-29 15:00:00,365,173,192
2022-01-29 16:00:00,356,177,179
2022-01-29 17:00:00,220,84,136
2022-01-29 18:00:00,37,20,17
2022-01-29 19:00:00,28,10,18
2022-01-29 20:00:00,8,5,3
2022-01-29 21:00:00,17,11,6
2022-01-29 22:00:00,8,3,5
2022-01-29 23:00:00,1,1,0
2022-01-30 00:00:00,1,1,0
2022-01-30 01:00:00,5,2,3
2022-01-30 02:00:00,0,0,0
2022-01-30 03:00:00,1,1,0
2022-01-30 04:00:00,0,0,0
2022-01-30 05:00:00,2,1,1
2022-01-30 06:00:00,8,5,3
2022-01-30 07:00:00,35,21,14
2022-01-30 08:00:00,89,51,38
2022-01-30 09:00:00,149,79,70
2022-01-30 10:00:00,148,80,68
2022-01-30 11:00:00,187,102,85
2022-01-30 12:00:00,145,67,78
2022-01-30 13:00:00,106,46,60
2022-01-30 14:00:00,71,39,32
2022-01-30 15:00:00,75,33,42
2022-01-30 16:00:00,47,28,19
2022-01-30 17:00:00,35,16,19
2022-01-30 18:00:00,7,1,6
2022-01-30 19:00:00,8,4,4
2022-01-30 20:00:00,12,8,4
2022-01-30 21:00:00,6,3,3
2022-01-30 22:00:00,6,2,4
2022-01-30 23:00:00,1,1,0
2022-01-31 00:00:00,0,0,0
2022-01-31 01:00:00,1,1,0
2022-01-31 02:00:00,2,2,0
2022-01-31 03:00:00,0,0,0
2022-01-31 04:00:00,2,0,2
2022-01-31 05:00:00,4,3,1
2022-01-31 06:00:00,18,10,8
2022-01-31 07:00:00,56,29,27
2022-01-31 08:00:00,90,49,41
2022-01-31 09:00:00,63,33,30
2022-01-31 10:00:00,70,40,30
2022-01-31 11:00:00,111,56,55
2022-01-31 12:00:00,185,95,90
2022-01-31 13:00:00,165,90,75
2022-01-31 14:00:00,201,100,101
2022-01-31 15:00:00,307,176,131
2022-01-31 16:00:00,448,234,214
2022-01-31 17:00:00,366,134,232
2022-01-31 18:00:00,96,37,59
2022-01-31 19:00:00,27,11,16
2022-01-31 20:00:00,14,7,7
2022-01-31 21:00:00,7,3,4
2022-01-31 22:00:00,4,2,2
2022-01-31 23:00:00,1,1,0
2022-02-01 00:00:00,4,3,1
2022-02-01 01:00:00,1,0,1
2022-02-01 02:00:00,0,0,0
2022-02-01 03:00:00,1,1,0
2022-02-01 04:00:00,4,2,2
2022-02-01 05:00:00,3,2,1
2022-02-01 06:00:00,26,17,9
2022-02-01 07:00:00,88,42,46
2022-02-01 08:00:00,114,62,52
2022-02-01 09:00:00,82,43,39
2022-02-01 10:00:00,93,51,42
2022-02-01 11:00:00,106,50,56
2022-02-01 12:00:00,164,84,80
2022-02-01 13:00:00,113,54,59
2022-02-01 14:00:00,113,47,66
2022-02-01 15:00:00,136,74,62
2022-02-01 16:00:00,244,128,116
2022-02-01 17:00:00,202,95,107
2022-02-01 18:00:00,71,33,38
2022-02-01 19:00:00,24,11,13
2022-02-01 20:00:00,14,6,8
2022-02-01 21:00:00,8,3,5
2022-02-01 22:00:00,6,2,4
2022-02-01 23:00:00,7,4,3
2022-02-02 00:00:00,2,1,1
2022-02-02 01:00:00,5,3,2
2022-02-02 02:00:00,3,1,2
2022-02-02 03:00:00,0,0,0
2022-02-02 04:00:00,2,1,1
2022-02-02 05:00:00,8,5,3
2022-02-02 06:00:00,30,13,17
2022-02-02 07:00:00,77,43,34
2022-02-02 08:00:00,99,54,45
2022-02-02 09:00:00,78,42,36
2022-02-02 10:00:00,89,45,44
2022-02-02 11:00:00,93,46,47
2022-02-02 12:00:00,125,64,61
2022-02-02 13:00:00,76,36,40
2022-02-02 14:00:00,101,47,54
2022-02-02 15:00:00,82,40,42
2022-02-02 16:00:00,94,55,39
2022-02-02 17:00:00,97,35,62
2022-02-02 18:00:00,48,23,25
2022-02-02 19:00:00,22,13,9
2022-02-02 20:00:00,13,6,7
2022-02-02 21:00:00,12,6,6
2022-02-02 22:00:00,7,3,4
2022-02-02 23:00:00,4,1,3
2022-02-03 00:00:00,1,0,1
2022-02-03 01:00:00,0,0,0
2022-02-03 02:00:00,0,0,0
2022-02-03 03:00:00,0,0,0
2022-02-03 04:00:00,1,0,1
2022-02-03 05:00:00,5,5,0
2022-02-03 06:00:00,29,15,14
2022-02-03 07:00:00,62,39,23
2022-02-03 08:00:00,63,32,31
2022-02-03 09:00:00,47,24,23
2022-02-03 10:00:00,67,35,32
2022-02-03 11:00:00,69,32,37
2022-02-03 12:00:00,116,61,55
2022-02-03 13:00:00,85,40,45
2022-02-03 14:00:00,60,30,30
2022-02-03 15:00:00,98,57,41
2022-02-03 16:00:00,249,130,119
2022-02-03 17:00:00,176,84,92
2022-02-03 18:00:00,62,21,41
2022-02-03 19:00:00,41,24,17
2022-02-03 20:00:00,31,13,18
2022-02-03 21:00:00,10,4,6
2022-02-03 22:00:00,10,3,7
2022-02-03 23:00:00,1,0,1
2022-02-04 00:00:00,5,5,0
2022-02-04 01:00:00,4,2,2
2022-02-04 02:00:00,0,0,0
2022-02-04 03:00:00,1,1,0
2022-02-04 04:00:00,2,1,1
2022-02-04 05:00:00,5,4,1
2022-02-04 06:00:00,29,14,15
2022-02-04 07:00:00,73,40,33
2022-02-04 08:00:00,92,43,49
2022-02-04 09:00:00,62,35,27
2022-02-04 10:00:00,78,36,42
2022-02-04 11:00:00,103,58,45
2022-02-04 12:00:00,155,72,83
2022-02-04 13:00:00,113,50,63
2022-02-04 14:00:00,87,40,47
2022-02-04 15:00:00,99,47,52
2022-02-04 16:00:00,145,73,72
2022-02-04 17:00:00,149,60,89
2022-02-04 18:00:00,42,18,24
2022-02-04 19:00:00,22,10,12
2022-02-04 20:00:00,10,4,6
2022-02-04 21:00:00,7,3,4
2022-02-04 22:00:00,0,0,0
2022-02-04 23:00:00,7,3,4
2022-02-05 00:00:00,0,0,0
2022-02-05 01:00:00,2,1,1
2022-02-05 02:00:00,0,0,0
2022-02-05 03:00:00,0,0,0
2022-02-05 04:00:00,1,0,1
2022-02-05 05:00:00,3,3,0
2022-02-05 06:00:00,8,5,3
2022-02-05 07:00:00,45,25,20
2022-02-05 08:00:00,104,58,46
2022-02-05 09:00:00,160,77,83
2022-02-05 10:00:00,193,110,83
2022-02-05 11:00:00,241,129,112
2022-02-05 12:00:00,217,111,106
2022-02-05 13:00:00,217,92,125
2022-02-05 14:00:00,243,135,108
2022-02-05 15:00:00,245,123,122
2022-02-05 16:00:00,303,165,138
2022-02-05 17:00:00,293,112,181
2022-02-05 18:00:00,64,19,45
2022-02-05 19:00:00,14,5,9
2022-02-05 20:00:00,11,4,7
2022-02-05 21:00:00,2,2,0
2022-02-05 22:00:00,5,3,2
2022-02-05 23:00:00,7,3,4
2022-02-06 00:00:00,2,1,1
2022-02-06 01:00:00,4,2,2
2022-02-06 02:00:00,0,0,0
2022-02-06 03:00:00,1,1,0
2022-02-06 04:00:00,0,0,0
2022-02-06 05:00:00,2,2,0
2022-02-06 06:00:00,10,3,7
2022-02-06 07:00:00,45,34,11
2022-02-06 08:00:00,101,53,48
2022-02-06 09:00:00,219,120,99
2022-02-06 10:00:00,262,130,132
2022-02-06 11:00:00,399,210,189
2022-02-06 12:00:00,411,217,194
2022-02-06 13:00:00,498,245,253
2022-02-06 14:00:00,573,310,263
2022-02-06 15:00:00,597,298,299
2022-02-06 16:00:00,582,281,301
2022-02-06 17:00:00,442,174,268
2022-02-06 18:00:00,62,21,41
2022-02-06 19:00:00,20,12,8
2022-02-06 20:00:00,21,6,15
2022-02-06 21:00:00,6,3,3
2022-02-06 22:00:00,5,3,2
2022-02-06 23:00:00,3,1,2
2022-02-07 00:00:00,2,1,1
2022-02-07 01:00:00,1,1,0
2022-02-07 02:00:00,1,1,0
2022-02-07 03:00:00,0,0,0
2022-02-07 04:00:00,2,2,0
2022-02-07 05:00:00,8,5,3
2022-02-07 06:00:00,22,9,13
2022-02-07 07:00:00,82,44,38
2022-02-07 08:00:00,86,48,38
2022-02-07 09:00:00,69,34,35
2022-02-07 10:00:00,48,19,29
2022-02-07 11:00:00,48,19,29
2022-02-07 12:00:00,119,64,55
2022-02-07 13:00:00,85,51,34
2022-02-07 14:00:00,109,54,55
2022-02-07 15:00:00,126,73,53
2022-02-07 16:00:00,209,101,108
2022-02-07 17:00:00,247,109,138
2022-02-07 18:00:00,96,40,56
2022-02-07 19:00:00,37,16,21
2022-02-07 20:00:00,19,11,8
2022-02-07 21:00:00,7,4,3
2022-02-07 22:00:00,4,1,3
2022-02-07 23:00:00,0,0,0
2022-02-08 00:00:00,0,0,0
2022-02-08 01:00:00,1,0,1
2022-02-08 02:00:00,0,0,0
2022-02-08 03:00:00,0,0,0
2022-02-08 04:00:00,1,0,1
2022-02-08 05:00:00,7,4,3
2022-02-08 06:00:00,26,12,14
2022-02-08 07:00:00,94,54,40
2022-02-08 08:00:00,116,66,50
2022-02-08 09:00:00,121,60,61
2022-02-08 10:00:00,104,49,55
2022-02-08 11:00:00,122,64,58
2022-02-08 12:00:00,157,81,76
2022-02-08 13:00:00,150,72,78
2022-02-08 14:00:00,150,75,75
2022-02-08 15:00:00,146,77,69
2022-02-08 16:00:00,204,104,100
2022-02-08 17:00:00,249,112,137
2022-02-08 18:00:00,54,19,35
2022-02-08 19:00:00,21,11,10
2022-02-08 20:00:00,19,9,10
2022-02-08 21:00:00,13,5,8
2022-02-08 22:00:00,9,2,7
2022-02-08 23:00:00,3,1,2
2022-02-09 00:00:00,3,2,1
2022-02-09 01:00:00,0,0,0
2022-02-09 02:00:00,1,0,1
2022-02-09 03:00:00,1,1,0
2022-02-09 04:00:00,1,1,0
2022-02-09 05:00:00,9,5,4
2022-02-09 06:00:00,52,25,27
2022-02-09 07:00:00,76,46,30
2022-02-09 08:00:00,129,68,61
2022-02-09 09:00:00,109,47,62
2022-02-09 10:00:00,115,61,54
2022-02-09 11:00:00,130,63,67
2022-02-09 12:00:00,187,102,85
2022-02-09 13:00:00,166,76,90
2022-02-09 14:00:00,160,83,77
2022-02-09 15:00:00,189,94,95
2022-02-09 16:00:00,289,151,138
2022-02-09 17:00:00,355,175,180
2022-02-09 18:00:00,129,49,80
2022-02-09 19:00:00,33,17,16
2022-02-09 20:00:00,24,10,14
2022-02-09 21:00:00,9,4,5
2022-02-09 22:00:00,8,6,2
2022-02-09 23:00:00,6,2,4
2022-02-10 00:00:00,3,2,1
2022-02-10 01:00:00,0,0,0
2022-02-10 02:00:00,0,0,0
2022-02-10 03:00:00,0,0,0
2022-02-10 04:00:00,2,0,2
2022-02-10 05:00:00,5,4,1
2022-02-10 06:00:00,21,9,12
2022-02-10 07:00:00,70,40,30
2022-02-10 08:00:00,91,47,44
2022-02-10 09:00:00,89,50,39
2022-02-10 10:00:00,99,44,55
2022-02-10 11:00:00,102,53,49
2022-02-10 12:00:00,138,66,72
2022-02-10 13:00:00,96,51,45
2022-02-10 14:00:00,104,44,60
2022-02-10 15:00:00,160,89,71
2022-02-10 16:00:00,187,103,84
2022-02-10 17:00:00,233,111,122
2022-02-10 18:00:00,103,43,60
2022-02-10 19:00:00,45,19,26
2022-02-10 20:00:00,21,9,12
2022-02-10 21:00:00,13,9,4
2022-02-10 22:00:00,4,1,3
2022-02-10 23:00:00,13,7,6
2022-02-11 00:00:00,0,0,0
2022-02-11 01:00:00,0,0,0
2022-02-11 02:00:00,2,2,0
2022-02-11 03:00:00,0,0,0
2022-02-11 04:00:00,2,1,1
2022-02-11 05:00:00,9,7,2
2022-02-11 06:00:00,29,15,14
2022-02-11 07:00:00,88,49,39
2022-02-11 08:00:00,135,67,68
2022-02-11 09:00:00,84,41,43
2022-02-11 10:00:00,92,41,51
2022-02-11 11:00:00,98,44,54
2022-02-11 12:00:00,128,72,56
2022-02-11 13:00:00,151,78,73
2022-02-11 14:00:00,163,73,90
2022-02-11 15:00:00,207,116,91
2022-02-11 16:00:00,394,195,199
2022-02-11 17:00:00,503,249,254
2022-02-11 18:00:00,124,39,85
2022-02-11 19:00:00,15,6,9
2022-02-11 20:00:00,15,8,7
2022-02-11 21:00:00,12,8,4
2022-02-11 22:00:00,11,4,7
2022-02-11 23:00:00,11,4,7
2022-02-12 00:00:00,3,0,3
2022-02-12 01:00:00,0,0,0
2022-02-12 02:00:00,0,0,0
2022-02-12 03:00:00,0,0,0
2022-02-12 04:00:00,1,0,1
2022-02-12 05:00:00,6,4,2
2022-02-12 06:00:00,9,4,5
2022-02-12 07:00:00,63,37,26
2022-02-12 08:00:00,143,77,66
2022-02-12 09:00:00,224,127,97
2022-02-12 10:00:00,333,182,151
2022-02-12 11:00:00,418,200,218
2022-02-12 12:00:00,442,218,224
2022-02-12 13:00:00,456,228,228
2022-02-12 14:00:00,504,270,234
2022-02-12 15:00:00,541,258,283
2022-02-12 16:00:00,516,216,300
2022-02-12 17:00:00,433,165,268
2022-02-12 18:00:00,99,31,68
2022-02-12 19:00:00,29,11,18
2022-02-12 20:00:00,9,9,0
2022-02-12 21:00:00,9,3,6
2022-02-12 22:00:00,2,1,1
2022-02-12 23:00:00,5,3,2
2022-02-13 00:00:00,0,0,0
2022-02-13 01:00:00,1,0,1
2022-02-13 02:00:00,0,0,0
2022-02-13 03:00:00,1,1,0
2022-02-13 04:00:00,2,2,0
2022-02-13 05:00:00,6,4,2
2022-02-13 06:00:00,15,9,6
2022-02-13 07:00:00,65,40,25
2022-02-13 08:00:00,114,56,58
2022-02-13 09:00:00,166,92,74
2022-02-13 10:00:00,210,104,106
2022-02-13 11:00:00,323,176,147
2022-02-13 12:00:00,359,166,193
2022-02-13 13:00:00,391,180,211
2022-02-13 14:00:00,391,188,203
2022-02-13 15:00:00,325,158,167
2022-02-13 16:00:00,289,143,146
2022-02-13 17:00:00,186,70,116
2022-02-13 18:00:00,72,19,53
2022-02-13 19:00:00,29,16,13
2022-02-13 20:00:00,8,2,6
2022-02-13 21:00:00,10,3,7
2022-02-13 22:00:00,11,3,8
2022-02-13 23:00:00,4,2,2
2022-02-14 00:00:00,2,1,1
2022-02-14 01:00:00,0,0,0
2022-02-14 02:00:00,1,0,1
2022-02-14 03:00:00,0,0,0
2022-02-14 04:00:00,1,1,0
2022-02-14 05:00:00,10,5,5
2022-02-14 06:00:00,17,10,7
2022-02-14 07:00:00,41,21,20
2022-02-14 08:00:00,84,40,44
2022-02-14 09:00:00,53,29,24
2022-02-14 10:00:00,33,15,18
2022-02-14 11:00:00,59,34,25
2022-02-14 12:00:00,81,38,43
2022-02-14 13:00:00,55,23,32
2022-02-14 14:00:00,83,42,41
2022-02-14 15:00:00,136,76,60
2022-02-14 16:00:00,196,109,87
2022-02-14 17:00:00,211,102,109
2022-02-14 18:00:00,85,34,51
2022-02-14 19:00:00,34,16,18
2022-02-14 20:00:00,16,5,11
2022-02-14 21:00:00,9,6,3
2022-02-14 22:00:00,10,5,5
2022-02-14 23:00:00,1,0,1
2022-02-15 00:00:00,1,1,0
2022-02-15 01:00:00,0,0,0
2022-02-15 02:00:00,2,2,0
2022-02-15 03:00:00,0,0,0
2022-02-15 04:00:00,0,0,0
2022-02-15 05:00:00,9,6,3
2022-02-15 06:00:00,30,16,14
2022-02-15 07:00:00,98,56,42
2022-02-15 08:00:00,94,45,49
2022-02-15 09:00:00,82,43,39
2022-02-15 10:00:00,82,44,38
2022-02-15 11:00:00,106,58,48
2022-02-15 12:00:00,143,73,70
2022-02-15 13:00:00,120,53,67
2022-02-15 14:00:00,120,57,63
2022-02-15 15:00:00,171,93,78
2022-02-15 16:00:00,188,97,91
2022-02-15 17:00:00,286,150,136
2022-02-15 18:00:00,127,46,81
2022-02-15 19:00:00,48,15,33
2022-02-15 20:00:00,19,10,9
2022-02-15 21:00:00,10,4,6
2022-02-15 22:00:00,11,6,5
2022-02-15 23:00:00,2,2,0
2022-02-16 00:00:00,4,2,2
2022-02-16 01:00:00,2,0,2
2022-02-16 02:00:00,0,0,0
2022-02-16 03:00:00,0,0,0
2022-02-16 04:00:00,4,4,0
2022-02-16 05:00:00,16,6,10
2022-02-16 06:00:00,43,21,22
2022-02-16 07:00:00,81,43,38
2022-02-16 08:00:00,112,57,55
2022-02-16 09:00:00,99,50,49
2022-02-16 10:00:00,136,64,72
2022-02-16 11:00:00,141,72,69
2022-02-16 12:00:00,179,87,92
2022-02-16 13:00:00,152,79,73
2022-02-16 14:00:00,163,86,77
2022-02-16 15:00:00,155,83,72
2022-02-16 16:00:00,231,129,102
2022-02-16 17:00:00,444,222,222
2022-02-16 18:00:00,164,51,113
2022-02-16 19:00:00,51,25,26
2022-02-16 20:00:00,29,13,16
2022-02-16 21:00:00,8,2,6
2022-02-16 22:00:00,7,3,4
2022-02-16 23:00:00,3,2,1
2022-02-17 00:00:00,1,1,0
2022-02-17 01:00:00,1,0,1
2022-02-17 02:00:00,1,1,0
2022-02-17 03:00:00,2,0,2
2022-02-17 04:00:00,2,2,0
2022-02-17 05:00:00,10,5,5
2022-02-17 06:00:00,36,21,15
2022-02-17 07:00:00,86,47,39
2022-02-17 08:00:00,110,55,55
2022-02-17 09:00:00,72,40,32
2022-02-17 10:00:00,97,52,45
2022-02-17 11:00:00,114,53,61
2022-02-17 12:00:00,136,71,65
2022-02-17 13:00:00,107,49,58
2022-02-17 14:00:00,97,46,51
2022-02-17 15:00:00,113,59,54
2022-02-17 16:00:00,171,94,77
2022-02-17 17:00:00,233,118,115
2022-02-17 18:00:00,144,64,80
2022-02-17 19:00:00,42,20,22
2022-02-17 20:00:00,25,5,20
2022-02-17 21:00:00,12,6,6
2022-02-17 22:00:00,6,3,3
2022-02-17 23:00:00,2,1,1
2022-02-18 00:00:00,4,3,1
2022-02-18 01:00:00,0,0,0
2022-02-18 02:00:00,2,1,1
2022-02-18 03:00:00,0,0,0
2022-02-18 04:00:00,1,0,1
2022-02-18 05:00:00,9,7,2
2022-02-18 06:00:00,29,19,10
2022-02-18 07:00:00,58,28,30
2022-02-18 08:00:00,103,50,53
2022-02-18 09:00:00,104,61,43
2022-02-18 10:00:00,157,73,84
2022-02-18 11:00:00,100,41,59
2022-02-18 12:00:00,135,66,69
2022-02-18 13:00:00,123,52,71
2022-02-18 14:00:00,123,71,52
2022-02-18 15:00:00,179,101,78
2022-02-18 16:00:00,295,148,147
2022-02-18 17:00:00,442,195,247
2022-02-18 18:00:00,182,59,123
2022-02-18 19:00:00,42,14,28
2022-02-18 20:00:00,14,8,6
2022-02-18 21:00:00,13,5,8
2022-02-18 22:00:00,2,0,2
2022-02-18 23:00:00,5,3,2
2022-02-19 00:00:00,2,1,1
2022-02-19 01:00:00,0,0,0
2022-02-19 02:00:00,5,0,5
2022-02-19 03:00:00,0,0,0
2022-02-19 04:00:00,0,0,0
2022-02-19 05:00:00,3,3,0
2022-02-19 06:00:00,17,9,8
2022-02-19 07:00:00,51,32,19
2022-02-19 08:00:00,116,60,56
2022-02-19 09:00:00,119,69,50
2022-02-19 10:00:00,133,69,64
2022-02-19 11:00:00,144,72,72
2022-02-19 12:00:00,116,60,56
2022-02-19 13:00:00,142,66,76
2022-02-19 14:00:00,167,90,77
2022-02-19 15:00:00,201,85,116
2022-02-19 16:00:00,149,77,72
2022-02-19 17:00:00,138,61,77
2022-02-19 18:00:00,45,14,31
2022-02-19 19:00:00,13,6,7
2022-02-19 20:00:00,12,6,6
2022-02-19 21:00:00,9,6,3
2022-02-19 22:00:00,7,3,4
2022-02-19 23:00:00,1,0,1
2022-02-20 00:00:00,5,2,3
2022-02-20 01:00:00,3,1,2
2022-02-20 02:00:00,1,1,0
2022-02-20 03:00:00,0,0,0
2022-02-20 04:00:00,0,0,0
2022-02-20 05:00:00,0,0,0
2022-02-20 06:00:00,10,8,2
2022-02-20 07:00:00,59,33,26
2022-02-20 08:00:00,99,60,39
2022-02-20 09:00:00,124,59,65
2022-02-20 10:00:00,153,83,70
2022-02-20 11:00:00,243,128,115
2022-02-20 12:00:00,227,88,139
2022-02-20 13:00:00,253,135,118
2022-02-20 14:00:00,328,168,160
2022-02-20 15:00:00,306,126,180
2022-02-20 16:00:00,216,101,115
2022-02-20 17:00:00,219,85,134
2022-02-20 18:00:00,62,18,44
2022-02-20 19:00:00,6,1,5
2022-02-20 20:00:00,4,2,2
2022-02-20 21:00:00,6,3,3
2022-02-20 22:00:00,1,1,0
2022-02-20 23:00:00,5,2,3
2022-02-21 00:00:00,0,0,0
2022-02-21 01:00:00,0,0,0
2022-02-21 02:00:00,0,0,0
2022-02-21 03:00:00,0,0,0
2022-02-21 04:00:00,1,1,0
2022-02-21 05:00:00,7,3,4
2022-02-21 06:00:00,8,8,0
2022-02-21 07:00:00,60,38,22
2022-02-21 08:00:00,117,64,53
2022-02-21 09:00:00,92,47,45
2022-02-21 10:00:00,149,73,76
2022-02-21 11:00:00,155,69,86
2022-02-21 12:00:00,129,61,68
2022-02-21 13:00:00,164,82,82
2022-02-21 14:00:00,253,129,124
2022-02-21 15:00:00,315,157,158
2022-02-21 16:00:00,341,168,173
2022-02-21 17:00:00,315,157,158
2022-02-21 18:00:00,78,23,55
2022-02-21 19:00:00,21,9,12
2022-02-21 20:00:00,4,3,1
2022-02-21 21:00:00,8,4,4
2022-02-21 22:00:00,3,2,1
2022-02-21 23:00:00,3,1,2
2022-02-22 00:00:00,1,1,0
2022-02-22 01:00:00,0,0,0
2022-02-22 02:00:00,0,0,0
2022-02-22 03:00:00,0,0,0
2022-02-22 04:00:00,0,0,0
2022-02-22 05:00:00,4,3,1
2022-02-22 06:00:00,27,16,11
2022-02-22 07:00:00,50,27,23
2022-02-22 08:00:00,50,26,24
2022-02-22 09:00:00,265,239,26
2022-02-22 10:00:00,109,82,27
2022-02-22 11:00:00,44,26,18
2022-02-22 12:00:00,124,66,58
2022-02-22 13:00:00,70,39,31
2022-02-22 14:00:00,48,19,29
2022-02-22 15:00:00,68,36,32
2022-02-22 16:00:00,83,46,37
2022-02-22 17:00:00,168,83,85
2022-02-22 18:00:00,73,31,42
2022-02-22 19:00:00,4,2,2
2022-02-22 20:00:00,10,5,5
2022-02-22 21:00:00,3,3,0
2022-02-22 22:00:00,4,3,1
2022-02-22 23:00:00,2,1,1
2022-02-23 00:00:00,0,0,0
2022-02-23 01:00:00,2,1,1
2022-02-23 02:00:00,1,1,0
2022-02-23 03:00:00,1,1,0
2022-02-23 04:00:00,1,1,0
2022-02-23 05:00:00,9,5,4
2022-02-23 06:00:00,35,21,14
2022-02-23 07:00:00,56,30,26
2022-02-23 08:00:00,74,42,32
2022-02-23 09:00:00,73,34,39
2022-02-23 10:00:00,86,47,39
2022-02-23 11:00:00,111,56,55
2022-02-23 12:00:00,153,74,79
2022-02-23 13:00:00,141,67,74
2022-02-23 14:00:00,159,73,86
2022-02-23 15:00:00,161,70,91
2022-02-23 16:00:00,248,132,116
2022-02-23 17:00:00,270,134,136
2022-02-23 18:00:00,117,33,84
2022-02-23 19:00:00,26,15,11
2022-02-23 20:00:00,10,3,7
2022-02-23 21:00:00,14,7,7
2022-02-23 22:00:00,8,3,5
2022-02-23 23:00:00,1,1,0
2022-02-24 00:00:00,0,0,0
2022-02-24 01:00:00,0,0,0
2022-02-24 02:00:00,0,0,0
2022-02-24 03:00:00,0,0,0
2022-02-24 04:00:00,0,0,0
2022-02-24 05:00:00,0,0,0
2022-02-24 06:00:00,0,0,0
2022-02-24 07:00:00,0,0,0
2022-02-24 08:00:00,0,0,0
2022-02-24 09:00:00,0,0,0
2022-02-24 10:00:00,0,0,0
2022-02-24 11:00:00,64,64,0
2022-02-24 12:00:00,56,56,0
2022-02-24 13:00:00,108,50,58
2022-02-24 14:00:00,118,55,63
2022-02-24 15:00:00,202,104,98
2022-02-24 16:00:00,234,133,101
2022-02-24 17:00:00,399,193,206
2022-02-24 18:00:00,138,50,88
2022-02-24 19:00:00,34,17,17
2022-02-24 20:00:00,21,10,11
2022-02-24 21:00:00,7,4,3
2022-02-24 22:00:00,11,5,6
2022-02-24 23:00:00,4,2,2
2022-02-25 00:00:00,2,1,1
2022-02-25 01:00:00,2,0,2
2022-02-25 02:00:00,0,0,0
2022-02-25 03:00:00,0,0,0
2022-02-25 04:00:00,0,0,0
2022-02-25 05:00:00,6,3,3
2022-02-25 06:00:00,22,10,12
2022-02-25 07:00:00,71,40,31
2022-02-25 08:00:00,84,44,40
2022-02-25 09:00:00,76,39,37
2022-02-25 10:00:00,136,69,67
2022-02-25 11:00:00,144,67,77
2022-02-25 12:00:00,179,87,92
2022-02-25 13:00:00,168,84,84
2022-02-25 14:00:00,235,112,123
2022-02-25 15:00:00,242,125,117
2022-02-25 16:00:00,350,180,170
2022-02-25 17:00:00,445,212,233
2022-02-25 18:00:00,157,37,120
2022-02-25 19:00:00,17,8,9
2022-02-25 20:00:00,17,8,9
2022-02-25 21:00:00,10,5,5
2022-02-25 22:00:00,1,0,1
2022-02-25 23:00:00,4,2,2
2022-02-26 00:00:00,2,0,2
2022-02-26 01:00:00,0,0,0
2022-02-26 02:00:00,0,0,0
2022-02-26 03:00:00,0,0,0
2022-02-26 04:00:00,0,0,0
2022-02-26 05:00:00,4,4,0
2022-02-26 06:00:00,14,6,8
2022-02-26 07:00:00,36,21,15
2022-02-26 08:00:00,93,54,39
2022-02-26 09:00:00,164,90,74
2022-02-26 10:00:00,204,90,114
2022-02-26 11:00:00,225,111,114
2022-02-26 12:00:00,223,110,113
2022-02-26 13:00:00,228,101,127
2022-02-26 14:00:00,186,79,107
2022-02-26 15:00:00,93,37,56
2022-02-26 16:00:00,65,25,40
2022-02-26 17:00:00,33,14,19
2022-02-26 18:00:00,10,5,5
2022-02-26 19:00:00,8,4,4
2022-02-26 20:00:00,2,1,1
2022-02-26 21:00:00,0,0,0
2022-02-26 22:00:00,0,0,0
2022-02-26 23:00:00,8,3,5
2022-02-27 00:00:00,2,1,1
2022-02-27 01:00:00,2,1,1
2022-02-27 02:00:00,0,0,0
2022-02-27 03:00:00,0,0,0
2022-02-27 04:00:00,1,1,0
2022-02-27 05:00:00,3,2,1
2022-02-27 06:00:00,8,3,5
2022-02-27 07:00:00,27,15,12
2022-02-27 08:00:00,99,60,39
2022-02-27 09:00:00,132,73,59
2022-02-27 10:00:00,201,97,104
2022-02-27 11:00:00,212,102,110
2022-02-27 12:00:00,130,63,67
2022-02-27 13:00:00,70,29,41
2022-02-27 14:00:00,72,42,30
2022-02-27 15:00:00,52,20,32
2022-02-27 16:00:00,49,26,23
2022-02-27 17:00:00,45,22,23
2022-02-27 18:00:00,26,11,15
2022-02-27 19:00:00,7,4,3
2022-02-27 20:00:00,4,3,1
2022-02-27 21:00:00,3,1,2
2022-02-27 22:00:00,1,0,1
2022-02-27 23:00:00,0,0,0
2022-02-28 00:00:00,0,0,0
2022-02-28 01:00:00,0,0,0
2022-02-28 02:00:00,1,0,1
2022-02-28 03:00:00,0,0,0
2022-02-28 04:00:00,0,0,0
2022-02-28 05:00:00,2,1,1
2022-02-28 06:00:00,15,7,8
2022-02-28 07:00:00,24,12,12
2022-02-28 08:00:00,27,15,12
2022-02-28 09:00:00,25,15,10
2022-02-28 10:00:00,24,10,14
2022-02-28 11:00:00,27,15,12
2022-02-28 12:00:00,43,20,23
2022-02-28 13:00:00,22,10,12
2022-02-28 14:00:00,14,8,6
2022-02-28 15:00:00,12,6,6
2022-02-28 16:00:00,27,15,12
2022-02-28 17:00:00,43,25,18
2022-02-28 18:00:00,28,12,16
2022-02-28 19:00:00,9,6,3
2022-02-28 20:00:00,9,6,3
2022-02-28 21:00:00,1,0,1
2022-02-28 22:00:00,1,0,1
2022-02-28 23:00:00,0,0,0
2022-03-01 00:00:00,1,1,0
2022-03-01 01:00:00,1,1,0
2022-03-01 02:00:00,1,1,0
2022-03-01 03:00:00,0,0,0
2022-03-01 04:00:00,2,0,2
2022-03-01 05:00:00,4,2,2
2022-03-01 06:00:00,28,17,11
2022-03-01 07:00:00,63,32,31
2022-03-01 08:00:00,108,55,53
2022-03-01 09:00:00,72,33,39
2022-03-01 10:00:00,118,61,57
2022-03-01 11:00:00,116,61,55
2022-03-01 12:00:00,185,89,96
2022-03-01 13:00:00,146,70,76
2022-03-01 14:00:00,133,62,71
2022-03-01 15:00:00,214,118,96
2022-03-01 16:00:00,303,150,153
2022-03-01 17:00:00,387,197,190
2022-03-01 18:00:00,219,81,138
2022-03-01 19:00:00,33,14,19
2022-03-01 20:00:00,21,8,13
2022-03-01 21:00:00,16,11,5
2022-03-01 22:00:00,7,3,4
2022-03-01 23:00:00,5,3,2
2022-03-02 00:00:00,1,0,1
2022-03-02 01:00:00,0,0,0
2022-03-02 02:00:00,0,0,0
2022-03-02 03:00:00,1,0,1
2022-03-02 04:00:00,6,4,2
2022-03-02 05:00:00,15,7,8
2022-03-02 06:00:00,47,23,24
2022-03-02 07:00:00,76,43,33
2022-03-02 08:00:00,90,46,44
2022-03-02 09:00:00,51,17,34
2022-03-02 10:00:00,38,19,19
2022-03-02 11:00:00,56,29,27
2022-03-02 12:00:00,81,38,43
2022-03-02 13:00:00,59,28,31
2022-03-02 14:00:00,39,19,20
2022-03-02 15:00:00,72,34,38
2022-03-02 16:00:00,113,66,47
2022-03-02 17:00:00,199,100,99
2022-03-02 18:00:00,175,81,94
2022-03-02 19:00:00,31,11,20
2022-03-02 20:00:00,18,9,9
2022-03-02 21:00:00,6,3,3
2022-03-02 22:00:00,2,1,1
2022-03-02 23:00:00,3,2,1
2022-03-03 00:00:00,3,3,0
2022-03-03 01:00:00,0,0,0
2022-03-03 02:00:00,2,1,1
2022-03-03 03:00:00,0,0,0
2022-03-03 04:00:00,0,0,0
2022-03-03 05:00:00,4,3,1
2022-03-03 06:00:00,28,17,11
2022-03-03 07:00:00,94,53,41
2022-03-03 08:00:00,94,40,54
2022-03-03 09:00:00,47,27,20
2022-03-03 10:00:00,57,29,28
2022-03-03 11:00:00,79,40,39
2022-03-03 12:00:00,109,45,64
2022-03-03 13:00:00,121,63,58
2022-03-03 14:00:00,106,53,53
2022-03-03 15:00:00,218,126,92
2022-03-03 16:00:00,286,158,128
2022-03-03 17:00:00,491,264,227
2022-03-03 18:00:00,296,101,195
2022-03-03 19:00:00,39,20,19
2022-03-03 20:00:00,15,6,9
2022-03-03 21:00:00,10,6,4
2022-03-03 22:00:00,6,4,2
2022-03-03 23:00:00,1,1,0
2022-03-04 00:00:00,1,1,0
2022-03-04 01:00:00,3,1,2
2022-03-04 02:00:00,0,0,0
2022-03-04 03:00:00,2,2,0
2022-03-04 04:00:00,1,1,0
2022-03-04 05:00:00,7,3,4
2022-03-04 06:00:00,28,19,9
2022-03-04 07:00:00,76,41,35
2022-03-04 08:00:00,106,50,56
2022-03-04 09:00:00,61,30,31
2022-03-04 10:00:00,82,34,48
2022-03-04 11:00:00,100,55,45
2022-03-04 12:00:00,117,60,57
2022-03-04 13:00:00,112,49,63
2022-03-04 14:00:00,98,43,55
2022-03-04 15:00:00,137,68,69
2022-03-04 16:00:00,232,126,106
2022-03-04 17:00:00,321,161,160
2022-03-04 18:00:00,210,75,135
2022-03-04 19:00:00,34,12,22
2022-03-04 20:00:00,13,3,10
2022-03-04 21:00:00,9,6,3
2022-03-04 22:00:00,4,3,1
2022-03-04 23:00:00,6,5,1
2022-03-05 00:00:00,8,4,4
2022-03-05 01:00:00,2,0,2
2022-03-05 02:00:00,4,1,3
2022-03-05 03:00:00,0,0,0
2022-03-05 04:00:00,3,1,2
2022-03-05 05:00:00,4,3,1
2022-03-05 06:00:00,20,14,6
2022-03-05 07:00:00,77,36,41
2022-03-05 08:00:00,128,66,62
2022-03-05 09:00:00,147,82,65
2022-03-05 10:00:00,171,82,89
2022-03-05 11:00:00,233,110,123
2022-03-05 12:00:00,219,100,119
2022-03-05 13:00:00,277,132,145
2022-03-05 14:00:00,372,202,170
2022-03-05 15:00:00,465,272,193
2022-03-05 16:00:00,481,250,231
2022-03-05 17:00:00,408,190,218
2022-03-05 18:00:00,209,63,146
2022-03-05 19:00:00,23,7,16
2022-03-05 20:00:00,16,11,5
2022-03-05 21:00:00,11,4,7
2022-03-05 22:00:00,10,7,3
2022-03-05 23:00:00,6,4,2
2022-03-06 00:00:00,0,0,0
2022-03-06 01:00:00,2,2,0
2022-03-06 02:00:00,0,0,0
2022-03-06 03:00:00,1,0,1
2022-03-06 04:00:00,1,0,1
2022-03-06 05:00:00,3,3,0
2022-03-06 06:00:00,23,12,11
2022-03-06 07:00:00,46,24,22
2022-03-06 08:00:00,107,64,43
2022-03-06 09:00:00,117,62,55
2022-03-06 10:00:00,181,88,93
2022-03-06 11:00:00,196,98,98
2022-03-06 12:00:00,229,103,126
2022-03-06 13:00:00,242,109,133
2022-03-06 14:00:00,354,209,145
2022-03-06 15:00:00,473,252,221
2022-03-06 16:00:00,457,238,219
2022-03-06 17:00:00,400,203,197
2022-03-06 18:00:00,208,61,147
2022-03-06 19:00:00,22,7,15
2022-03-06 20:00:00,11,5,6
2022-03-06 21:00:00,5,2,3
2022-03-06 22:00:00,5,3,2
2022-03-06 23:00:00,4,2,2
2022-03-07 00:00:00,0,0,0
2022-03-07 01:00:00,2,1,1
2022-03-07 02:00:00,0,0,0
2022-03-07 03:00:00,0,0,0
2022-03-07 04:00:00,3,1,2
2022-03-07 05:00:00,13,8,5
2022-03-07 06:00:00,40,21,19
2022-03-07 07:00:00,85,42,43
2022-03-07 08:00:00,92,48,44
2022-03-07 09:00:00,76,37,39
2022-03-07 10:00:00,80,38,42
2022-03-07 11:00:00,92,45,47
2022-03-07 12:00:00,117,64,53
2022-03-07 13:00:00,96,48,48
2022-03-07 14:00:00,96,45,51
2022-03-07 15:00:00,133,69,64
2022-03-07 16:00:00,229,123,106
2022-03-07 17:00:00,398,227,171
2022-03-07 18:00:00,284,110,174
2022-03-07 19:00:00,42,17,25
2022-03-07 20:00:00,12,4,8
2022-03-07 21:00:00,4,2,2
2022-03-07 22:00:00,3,2,1
2022-03-07 23:00:00,8,4,4
2022-03-08 00:00:00,2,1,1
2022-03-08 01:00:00,0,0,0
2022-03-08 02:00:00,0,0,0
2022-03-08 03:00:00,1,1,0
2022-03-08 04:00:00,3,3,0
2022-03-08 05:00:00,12,7,5
2022-03-08 06:00:00,39,26,13
2022-03-08 07:00:00,76,38,38
2022-03-08 08:00:00,63,30,33
2022-03-08 09:00:00,47,26,21
2022-03-08 10:00:00,38,13,25
2022-03-08 11:00:00,62,38,24
2022-03-08 12:00:00,114,51,63
2022-03-08 13:00:00,79,36,43
2022-03-08 14:00:00,69,35,34
2022-03-08 15:00:00,151,75,76
2022-03-08 16:00:00,207,110,97
2022-03-08 17:00:00,367,195,172
2022-03-08 18:00:00,284,106,178
2022-03-08 19:00:00,51,17,34
2022-03-08 20:00:00,14,6,8
2022-03-08 21:00:00,7,5,2
2022-03-08 22:00:00,4,2,2
2022-03-08 23:00:00,3,2,1
2022-03-09 00:00:00,3,2,1
2022-03-09 01:00:00,0,0,0
2022-03-09 02:00:00,0,0,0
2022-03-09 03:00:00,0,0,0
2022-03-09 04:00:00,1,1,0
2022-03-09 05:00:00,12,7,5
2022-03-09 06:00:00,71,44,27
2022-03-09 07:00:00,102,56,46
2022-03-09 08:00:00,136,70,66
2022-03-09 09:00:00,140,72,68
2022-03-09 10:00:00,110,48,62
2022-03-09 11:00:00,149,81,68
2022-03-09 12:00:00,236,109,127
2022-03-09 13:00:00,175,92,83
2022-03-09 14:00:00,240,156,84
2022-03-09 15:00:00,254,159,95
2022-03-09 16:00:00,299,166,133
2022-03-09 17:00:00,393,209,184
2022-03-09 18:00:00,268,105,163
2022-03-09 19:00:00,28,8,20
2022-03-09 20:00:00,17,7,10
2022-03-09 21:00:00,7,4,3
2022-03-09 22:00:00,3,1,2
2022-03-09 23:00:00,4,2,2
2022-03-10 00:00:00,0,0,0
2022-03-10 01:00:00,0,0,0
2022-03-10 02:00:00,1,1,0
2022-03-10 03:00:00,0,0,0
2022-03-10 04:00:00,2,2,0
2022-03-10 05:00:00,4,4,0
2022-03-10 06:00:00,57,32,25
2022-03-10 07:00:00,78,42,36
2022-03-10 08:00:00,114,54,60
2022-03-10 09:00:00,74,37,37
2022-03-10 10:00:00,90,47,43
2022-03-10 11:00:00,123,55,68
2022-03-10 12:00:00,172,79,93
2022-03-10 13:00:00,136,65,71
2022-03-10 14:00:00,140,67,73
2022-03-10 15:00:00,125,55,70
2022-03-10 16:00:00,156,81,75
2022-03-10 17:00:00,198,97,101
2022-03-10 18:00:00,173,75,98
2022-03-10 19:00:00,32,14,18
2022-03-10 20:00:00,18,7,11
2022-03-10 21:00:00,2,1,1
2022-03-10 22:00:00,9,5,4
2022-03-10 23:00:00,3,1,2
2022-03-11 00:00:00,1,1,0
2022-03-11 01:00:00,1,0,1
2022-03-11 02:00:00,1,1,0
2022-03-11 03:00:00,1,0,1
2022-03-11 04:00:00,0,0,0
2022-03-11 05:00:00,12,7,5
2022-03-11 06:00:00,42,26,16
2022-03-11 07:00:00,78,41,37
2022-03-11 08:00:00,102,47,55
2022-03-11 09:00:00,92,48,44
2022-03-11 10:00:00,96,50,46
2022-03-11 11:00:00,126,62,64
2022-03-11 12:00:00,123,66,57
2022-03-11 13:00:00,118,51,67
2022-03-11 14:00:00,147,63,84
2022-03-11 15:00:00,128,69,59
2022-03-11 16:00:00,195,108,87
2022-03-11 17:00:00,257,120,137
2022-03-11 18:00:00,211,82,129
2022-03-11 19:00:00,42,20,22
2022-03-11 20:00:00,15,5,10
2022-03-11 21:00:00,5,1,4
2022-03-11 22:00:00,7,2,5
2022-03-11 23:00:00,8,2,6
2022-03-12 00:00:00,1,1,0
2022-03-12 01:00:00,3,2,1
2022-03-12 02:00:00,3,1,2
2022-03-12 03:00:00,1,1,0
2022-03-12 04:00:00,2,0,2
2022-03-12 05:00:00,5,2,3
2022-03-12 06:00:00,38,23,15
2022-03-12 07:00:00,79,42,37
2022-03-12 08:00:00,154,85,69
2022-03-12 09:00:00,206,113,93
2022-03-12 10:00:00,264,131,133
2022-03-12 11:00:00,322,148,174
2022-03-12 12:00:00,310,140,170
2022-03-12 13:00:00,343,159,184
2022-03-12 14:00:00,309,149,160
2022-03-12 15:00:00,246,89,157
2022-03-12 16:00:00,79,29,50
2022-03-12 17:00:00,74,38,36
2022-03-12 18:00:00,44,22,22
2022-03-12 19:00:00,10,4,6
2022-03-12 20:00:00,10,7,3
2022-03-12 21:00:00,2,1,1
2022-03-12 22:00:00,7,3,4
2022-03-12 23:00:00,4,2,2
2022-03-13 00:00:00,1,0,1
2022-03-13 01:00:00,0,0,0
2022-03-13 02:00:00,0,0,0
2022-03-13 03:00:00,0,0,0
2022-03-13 04:00:00,1,1,0
2022-03-13 05:00:00,3,2,1
2022-03-13 06:00:00,4,2,2
2022-03-13 07:00:00,35,24,11
2022-03-13 08:00:00,119,65,54
2022-03-13 09:00:00,154,75,79
2022-03-13 10:00:00,208,116,92
2022-03-13 11:00:00,353,195,158
2022-03-13 12:00:00,355,143,212
2022-03-13 13:00:00,266,124,142
2022-03-13 14:00:00,240,104,136
2022-03-13 15:00:00,162,75,87
2022-03-13 16:00:00,227,114,113
2022-03-13 17:00:00,161,71,90
2022-03-13 18:00:00,93,42,51
2022-03-13 19:00:00,39,12,27
2022-03-13 20:00:00,16,10,6
2022-03-13 21:00:00,8,2,6
2022-03-13 22:00:00,4,2,2
2022-03-13 23:00:00,0,0,0
2022-03-14 00:00:00,1,0,1
2022-03-14 01:00:00,1,0,1
2022-03-14 02:00:00,0,0,0
2022-03-14 03:00:00,0,0,0
2022-03-14 04:00:00,0,0,0
2022-03-14 05:00:00,9,6,3
2022-03-14 06:00:00,22,11,11
2022-03-14 07:00:00,58,33,25
2022-03-14 08:00:00,75,39,36
2022-03-14 09:00:00,62,28,34
2022-03-14 10:00:00,75,37,38
2022-03-14 11:00:00,55,24,31
2022-03-14 12:00:00,65,31,34
2022-03-14 13:00:00,61,27,34
2022-03-14 14:00:00,31,14,17
2022-03-14 15:00:00,28,12,16
2022-03-14 16:00:00,35,24,11
2022-03-14 17:00:00,68,41,27
2022-03-14 18:00:00,52,26,26
2022-03-14 19:00:00,33,13,20
2022-03-14 20:00:00,9,3,6
2022-03-14 21:00:00,5,2,3
2022-03-14 22:00:00,7,3,4
2022-03-14 23:00:00,8,3,5
2022-03-15 00:00:00,1,1,0
2022-03-15 01:00:00,1,1,0
2022-03-15 02:00:00,0,0,0
2022-03-15 03:00:00,0,0,0
2022-03-15 04:00:00,4,2,2
2022-03-15 05:00:00,5,2,3
2022-03-15 06:00:00,37,27,10
2022-03-15 07:00:00,86,38,48
2022-03-15 08:00:00,106,57,49
2022-03-15 09:00:00,96,46,50
2022-03-15 10:00:00,77,36,41
2022-03-15 11:00:00,123,81,42
2022-03-15 12:00:00,163,79,84
2022-03-15 13:00:00,121,63,58
2022-03-15 14:00:00,83,43,40
2022-03-15 15:00:00,64,30,34
2022-03-15 16:00:00,139,70,69
2022-03-15 17:00:00,263,138,125
2022-03-15 18:00:00,413,227,186
2022-03-15 19:00:00,227,81,146
2022-03-15 20:00:00,36,8,28
2022-03-15 21:00:00,0,0,0
2022-03-15 22:00:00,1,1,0
2022-03-15 23:00:00,4,4,0
2022-03-16 00:00:00,1,1,0
2022-03-16 01:00:00,0,0,0
2022-03-16 02:00:00,0,0,0
2022-03-16 03:00:00,1,1,0
2022-03-16 04:00:00,1,1,0
2022-03-16 05:00:00,12,7,5
2022-03-16 06:00:00,38,19,19
2022-03-16 07:00:00,71,39,32
2022-03-16 08:00:00,95,45,50
2022-03-16 09:00:00,93,45,48
2022-03-16 10:00:00,74,41,33
2022-03-16 11:00:00,93,44,49
2022-03-16 12:00:00,151,76,75
2022-03-16 13:00:00,133,61,72
2022-03-16 14:00:00,135,65,70
2022-03-16 15:00:00,233,136,97
2022-03-16 16:00:00,346,231,115
2022-03-16 17:00:00,432,232,200
2022-03-16 18:00:00,480,226,254
2022-03-16 19:00:00,231,77,154
2022-03-16 20:00:00,47,20,27
2022-03-16 21:00:00,3,3,0
2022-03-16 22:00:00,7,3,4
2022-03-16 23:00:00,0,0,0
2022-03-17 00:00:00,2,2,0
2022-03-17 01:00:00,0,0,0
2022-03-17 02:00:00,0,0,0
2022-03-17 03:00:00,0,0,0
2022-03-17 04:00:00,4,1,3
2022-03-17 05:00:00,8,6,2
2022-03-17 06:00:00,22,12,10
2022-03-17 07:00:00,75,45,30
2022-03-17 08:00:00,107,50,57
2022-03-17 09:00:00,66,37,29
2022-03-17 10:00:00,89,43,46
2022-03-17 11:00:00,107,47,60
2022-03-17 12:00:00,139,63,76
2022-03-17 13:00:00,121,54,67
2022-03-17 14:00:00,94,42,52
2022-03-17 15:00:00,59,25,34
2022-03-17 16:00:00,82,48,34
2022-03-17 17:00:00,160,81,79
2022-03-17 18:00:00,208,99,109
2022-03-17 19:00:00,105,34,71
2022-03-17 20:00:00,29,10,19
2022-03-17 21:00:00,5,5,0
2022-03-17 22:00:00,3,1,2
2022-03-17 23:00:00,3,2,1
2022-03-18 00:00:00,0,0,0
2022-03-18 01:00:00,0,0,0
2022-03-18 02:00:00,1,0,1
2022-03-18 03:00:00,0,0,0
2022-03-18 04:00:00,0,0,0
2022-03-18 05:00:00,3,3,0
2022-03-18 06:00:00,22,13,9
2022-03-18 07:00:00,65,34,31
2022-03-18 08:00:00,118,55,63
2022-03-18 09:00:00,84,42,42
2022-03-18 10:00:00,102,59,43
2022-03-18 11:00:00,112,59,53
2022-03-18 12:00:00,92,41,51
2022-03-18 13:00:00,130,56,74
2022-03-18 14:00:00,130,63,67
2022-03-18 15:00:00,162,89,73
2022-03-18 16:00:00,207,103,104
2022-03-18 17:00:00,257,131,126
2022-03-18 18:00:00,264,118,146
2022-03-18 19:00:00,127,42,85
2022-03-18 20:00:00,26,11,15
2022-03-18 21:00:00,9,2,7
2022-03-18 22:00:00,3,3,0
2022-03-18 23:00:00,0,0,0
2022-03-19 00:00:00,2,2,0
2022-03-19 01:00:00,0,0,0
2022-03-19 02:00:00,0,0,0
2022-03-19 03:00:00,0,0,0
2022-03-19 04:00:00,0,0,0
2022-03-19 05:00:00,0,0,0
2022-03-19 06:00:00,4,3,1
2022-03-19 07:00:00,21,13,8
2022-03-19 08:00:00,86,52,34
2022-03-19 09:00:00,184,100,84
2022-03-19 10:00:00,166,83,83
2022-03-19 11:00:00,187,82,105
2022-03-19 12:00:00,164,82,82
2022-03-19 13:00:00,210,112,98
2022-03-19 14:00:00,166,66,100
2022-03-19 15:00:00,97,35,62
2022-03-19 16:00:00,60,29,31
2022-03-19 17:00:00,75,39,36
2022-03-19 18:00:00,82,43,39
2022-03-19 19:00:00,94,42,52
2022-03-19 20:00:00,14,3,11
2022-03-19 21:00:00,12,7,5
2022-03-19 22:00:00,9,2,7
2022-03-19 23:00:00,3,2,1
2022-03-20 00:00:00,3,3,0
2022-03-20 01:00:00,2,0,2
2022-03-20 02:00:00,0,0,0
2022-03-20 03:00:00,0,0,0
2022-03-20 04:00:00,0,0,0
2022-03-20 05:00:00,2,1,1
2022-03-20 06:00:00,13,8,5
2022-03-20 07:00:00,42,25,17
2022-03-20 08:00:00,83,42,41
2022-03-20 09:00:00,133,76,57
2022-03-20 10:00:00,235,124,111
2022-03-20 11:00:00,236,106,130
2022-03-20 12:00:00,195,97,98
2022-03-20 13:00:00,158,72,86
2022-03-20 14:00:00,111,42,69
2022-03-20 15:00:00,89,40,49
2022-03-20 16:00:00,68,33,35
2022-03-20 17:00:00,80,43,37
2022-03-20 18:00:00,76,35,41
2022-03-20 19:00:00,53,17,36
2022-03-20 20:00:00,13,7,6
2022-03-20 21:00:00,4,1,3
2022-03-20 22:00:00,4,2,2
2022-03-20 23:00:00,4,2,2
2022-03-21 00:00:00,2,1,1
2022-03-21 01:00:00,4,2,2
2022-03-21 02:00:00,0,0,0
2022-03-21 03:00:00,0,0,0
2022-03-21 04:00:00,3,1,2
2022-03-21 05:00:00,3,2,1
2022-03-21 06:00:00,22,14,8
2022-03-21 07:00:00,34,14,20
2022-03-21 08:00:00,40,21,19
2022-03-21 09:00:00,36,18,18
2022-03-21 10:00:00,51,20,31
2022-03-21 11:00:00,26,13,13
2022-03-21 12:00:00,100,60,40
2022-03-21 13:00:00,89,38,51
2022-03-21 14:00:00,92,48,44
2022-03-21 15:00:00,124,62,62
2022-03-21 16:00:00,148,68,80
2022-03-21 17:00:00,179,84,95
2022-03-21 18:00:00,162,80,82
2022-03-21 19:00:00,83,43,40
2022-03-21 20:00:00,18,5,13
2022-03-21 21:00:00,1,1,0
2022-03-21 22:00:00,8,3,5
2022-03-21 23:00:00,2,2,0
2022-03-22 00:00:00,0,0,0
2022-03-22 01:00:00,0,0,0
2022-03-22 02:00:00,1,1,0
2022-03-22 03:00:00,0,0,0
2022-03-22 04:00:00,0,0,0
2022-03-22 05:00:00,11,11,0
2022-03-22 06:00:00,37,17,20
2022-03-22 07:00:00,71,43,28
2022-03-22 08:00:00,261,200,61
2022-03-22 09:00:00,288,247,41
2022-03-22 10:00:00,272,245,27
2022-03-22 11:00:00,280,223,57
2022-03-22 12:00:00,289,211,78
2022-03-22 13:00:00,295,229,66
2022-03-22 14:00:00,351,257,94
2022-03-22 15:00:00,444,297,147
2022-03-22 16:00:00,569,359,210
2022-03-22 17:00:00,627,384,243
2022-03-22 18:00:00,673,358,315
2022-03-22 19:00:00,171,171,0
2022-03-22 20:00:00,75,19,56
2022-03-22 21:00:00,6,6,0
2022-03-22 22:00:00,0,0,0
2022-03-22 23:00:00,7,7,0
2022-03-23 00:00:00,0,0,0
2022-03-23 01:00:00,7,7,0
2022-03-23 02:00:00,0,0,0
2022-03-23 03:00:00,0,0,0
2022-03-23 04:00:00,5,2,3
2022-03-23 05:00:00,7,7,0
2022-03-23 06:00:00,36,19,17
2022-03-23 07:00:00,91,47,44
2022-03-23 08:00:00,0,0,0
2022-03-23 09:00:00,0,0,0
2022-03-23 10:00:00,0,0,0
2022-03-23 11:00:00,0,0,0
2022-03-23 12:00:00,0,0,0
2022-03-23 13:00:00,0,0,0
2022-03-23 14:00:00,0,0,0
2022-03-23 15:00:00,0,0,0
2022-03-23 16:00:00,0,0,0
2022-03-23 17:00:00,0,0,0
2022-03-23 18:00:00,0,0,0
2022-03-23 19:00:00,0,0,0
2022-03-23 20:00:00,0,0,0
2022-03-23 21:00:00,0,0,0
2022-03-23 22:00:00,0,0,0
2022-03-23 23:00:00,0,0,0
2022-03-24 00:00:00,0,0,0
2022-03-24 01:00:00,0,0,0
2022-03-24 02:00:00,0,0,0
2022-03-24 03:00:00,0,0,0
2022-03-24 04:00:00,0,0,0
2022-03-24 05:00:00,0,0,0
2022-03-24 06:00:00,0,0,0
2022-03-24 07:00:00,0,0,0
2022-03-24 08:00:00,0,0,0
2022-03-24 09:00:00,0,0,0
2022-03-24 10:00:00,0,0,0
2022-03-24 11:00:00,0,0,0
2022-03-24 12:00:00,0,0,0
2022-03-24 13:00:00,0,0,0
2022-03-24 14:00:00,0,0,0
2022-03-24 15:00:00,0,0,0
2022-03-24 16:00:00,0,0,0
2022-03-24 17:00:00,0,0,0
2022-03-24 18:00:00,0,0,0
2022-03-24 19:00:00,0,0,0
2022-03-24 20:00:00,0,0,0
2022-03-24 21:00:00,0,0,0
2022-03-24 22:00:00,0,0,0
2022-03-24 23:00:00,0,0,0
2022-03-25 00:00:00,0,0,0
2022-03-25 01:00:00,0,0,0
2022-03-25 02:00:00,0,0,0
2022-03-25 03:00:00,0,0,0
2022-03-25 04:00:00,0,0,0
2022-03-25 05:00:00,0,0,0
2022-03-25 06:00:00,0,0,0
2022-03-25 07:00:00,0,0,0
2022-03-25 08:00:00,0,0,0
2022-03-25 09:00:00,0,0,0
2022-03-25 10:00:00,0,0,0
2022-03-25 11:00:00,0,0,0
2022-03-25 12:00:00,0,0,0
2022-03-25 13:00:00,0,0,0
2022-03-25 14:00:00,0,0,0
2022-03-25 15:00:00,0,0,0
2022-03-25 16:00:00,0,0,0
2022-03-25 17:00:00,0,0,0
2022-03-25 18:00:00,0,0,0
2022-03-25 19:00:00,0,0,0
2022-03-25 20:00:00,0,0,0
2022-03-25 21:00:00,0,0,0
2022-03-25 22:00:00,0,0,0
2022-03-25 23:00:00,0,0,0
2022-03-26 00:00:00,0,0,0
2022-03-26 01:00:00,0,0,0
2022-03-26 02:00:00,0,0,0
2022-03-26 03:00:00,0,0,0
2022-03-26 04:00:00,0,0,0
2022-03-26 05:00:00,0,0,0
2022-03-26 06:00:00,0,0,0
2022-03-26 07:00:00,0,0,0
2022-03-26 08:00:00,0,0,0
2022-03-26 09:00:00,0,0,0
2022-03-26 10:00:00,0,0,0
2022-03-26 11:00:00,0,0,0
2022-03-26 12:00:00,0,0,0
2022-03-26 13:00:00,0,0,0
2022-03-26 14:00:00,0,0,0
2022-03-26 15:00:00,0,0,0
2022-03-26 16:00:00,0,0,0
2022-03-26 17:00:00,0,0,0
2022-03-26 18:00:00,0,0,0
2022-03-26 19:00:00,0,0,0
2022-03-26 20:00:00,0,0,0
2022-03-26 21:00:00,0,0,0
2022-03-26 22:00:00,0,0,0
2022-03-26 23:00:00,0,0,0
2022-03-27 00:00:00,0,0,0
2022-03-27 01:00:00,0,0,0
2022-03-27 02:00:00,0,0,0
2022-03-27 03:00:00,0,0,0
2022-03-27 04:00:00,0,0,0
2022-03-27 05:00:00,0,0,0
2022-03-27 06:00:00,0,0,0
2022-03-27 07:00:00,0,0,0
2022-03-27 08:00:00,0,0,0
2022-03-27 09:00:00,0,0,0
2022-03-27 10:00:00,0,0,0
2022-03-27 11:00:00,0,0,0
2022-03-27 12:00:00,0,0,0
2022-03-27 13:00:00,0,0,0
2022-03-27 14:00:00,0,0,0
2022-03-27 15:00:00,0,0,0
2022-03-27 16:00:00,0,0,0
2022-03-27 17:00:00,0,0,0
2022-03-27 18:00:00,0,0,0
2022-03-27 19:00:00,0,0,0
2022-03-27 20:00:00,0,0,0
2022-03-27 21:00:00,0,0,0
2022-03-27 22:00:00,0,0,0
2022-03-27 23:00:00,0,0,0
2022-03-28 00:00:00,0,0,0
2022-03-28 01:00:00,0,0,0
2022-03-28 02:00:00,0,0,0
2022-03-28 03:00:00,0,0,0
2022-03-28 04:00:00,0,0,0
2022-03-28 05:00:00,0,0,0
2022-03-28 06:00:00,0,0,0
2022-03-28 07:00:00,0,0,0
2022-03-28 08:00:00,0,0,0
2022-03-28 09:00:00,0,0,0
2022-03-28 10:00:00,0,0,0
2022-03-28 11:00:00,0,0,0
2022-03-28 12:00:00,0,0,0
2022-03-28 13:00:00,0,0,0
2022-03-28 14:00:00,0,0,0
2022-03-28 15:00:00,0,0,0
2022-03-28 16:00:00,0,0,0
2022-03-28 17:00:00,0,0,0
2022-03-28 18:00:00,0,0,0
2022-03-28 19:00:00,0,0,0
2022-03-28 20:00:00,0,0,0
2022-03-28 21:00:00,0,0,0
2022-03-28 22:00:00,0,0,0
2022-03-28 23:00:00,0,0,0
2022-03-29 00:00:00,0,0,0
2022-03-29 01:00:00,0,0,0
2022-03-29 02:00:00,0,0,0
2022-03-29 03:00:00,0,0,0
2022-03-29 04:00:00,0,0,0
2022-03-29 05:00:00,0,0,0
2022-03-29 06:00:00,0,0,0
2022-03-29 07:00:00,0,0,0
2022-03-29 08:00:00,0,0,0
2022-03-29 09:00:00,0,0,0
2022-03-29 10:00:00,0,0,0
2022-03-29 11:00:00,0,0,0
2022-03-29 12:00:00,0,0,0
2022-03-29 13:00:00,0,0,0
2022-03-29 14:00:00,0,0,0
2022-03-29 15:00:00,0,0,0
2022-03-29 16:00:00,0,0,0
2022-03-29 17:00:00,0,0,0
2022-03-29 18:00:00,0,0,0
2022-03-29 19:00:00,0,0,0
2022-03-29 20:00:00,0,0,0
2022-03-29 21:00:00,0,0,0
2022-03-29 22:00:00,0,0,0
2022-03-29 23:00:00,0,0,0
2022-03-30 00:00:00,0,0,0
2022-03-30 01:00:00,0,0,0
2022-03-30 02:00:00,0,0,0
2022-03-30 03:00:00,0,0,0
2022-03-30 04:00:00,0,0,0
2022-03-30 05:00:00,0,0,0
2022-03-30 06:00:00,0,0,0
2022-03-30 07:00:00,0,0,0
2022-03-30 08:00:00,0,0,0
2022-03-30 09:00:00,0,0,0
2022-03-30 10:00:00,0,0,0
2022-03-30 11:00:00,0,0,0
2022-03-30 12:00:00,0,0,0
2022-03-30 13:00:00,0,0,0
2022-03-30 14:00:00,0,0,0
2022-03-30 15:00:00,0,0,0
2022-03-30 16:00:00,0,0,0
2022-03-30 17:00:00,0,0,0
2022-03-30 18:00:00,0,0,0
2022-03-30 19:00:00,0,0,0
2022-03-30 20:00:00,0,0,0
2022-03-30 21:00:00,0,0,0
2022-03-30 22:00:00,0,0,0
2022-03-30 23:00:00,0,0,0
2022-03-31 00:00:00,0,0,0
2022-03-31 01:00:00,0,0,0
2022-03-31 02:00:00,0,0,0
2022-03-31 03:00:00,0,0,0
2022-03-31 04:00:00,0,0,0
2022-03-31 05:00:00,0,0,0
2022-03-31 06:00:00,0,0,0
2022-03-31 07:00:00,0,0,0
2022-03-31 08:00:00,0,0,0
2022-03-31 09:00:00,0,0,0
2022-03-31 10:00:00,0,0,0
2022-03-31 11:00:00,0,0,0
2022-03-31 12:00:00,0,0,0
2022-03-31 13:00:00,0,0,0
2022-03-31 14:00:00,0,0,0
2022-03-31 15:00:00,0,0,0
2022-03-31 16:00:00,0,0,0
2022-03-31 17:00:00,0,0,0
2022-03-31 18:00:00,0,0,0
2022-03-31 19:00:00,0,0,0
2022-03-31 20:00:00,0,0,0
2022-03-31 21:00:00,0,0,0
2022-03-31 22:00:00,0,0,0
2022-03-31 23:00:00,0,0,0
2022-04-01 00:00:00,0,0,0
2022-04-01 01:00:00,0,0,0
2022-04-01 02:00:00,0,0,0
2022-04-01 03:00:00,0,0,0
2022-04-01 04:00:00,0,0,0
2022-04-01 05:00:00,0,0,0
2022-04-01 06:00:00,0,0,0
2022-04-01 07:00:00,0,0,0
2022-04-01 08:00:00,0,0,0
2022-04-01 09:00:00,0,0,0
2022-04-01 10:00:00,0,0,0
2022-04-01 11:00:00,0,0,0
2022-04-01 12:00:00,0,0,0
2022-04-01 13:00:00,0,0,0
2022-04-01 14:00:00,0,0,0
2022-04-01 15:00:00,0,0,0
2022-04-01 16:00:00,0,0,0
2022-04-01 17:00:00,0,0,0
2022-04-01 18:00:00,0,0,0
2022-04-01 19:00:00,0,0,0
2022-04-01 20:00:00,0,0,0
2022-04-01 21:00:00,0,0,0
2022-04-01 22:00:00,0,0,0
2022-04-01 23:00:00,0,0,0
2022-04-02 00:00:00,0,0,0
2022-04-02 01:00:00,0,0,0
2022-04-02 02:00:00,0,0,0
2022-04-02 03:00:00,0,0,0
2022-04-02 04:00:00,0,0,0
2022-04-02 05:00:00,0,0,0
2022-04-02 06:00:00,0,0,0
2022-04-02 07:00:00,0,0,0
2022-04-02 08:00:00,0,0,0
2022-04-02 09:00:00,0,0,0
2022-04-02 10:00:00,0,0,0
2022-04-02 11:00:00,0,0,0
2022-04-02 12:00:00,0,0,0
2022-04-02 13:00:00,0,0,0
2022-04-02 14:00:00,0,0,0
2022-04-02 15:00:00,0,0,0
2022-04-02 16:00:00,0,0,0
2022-04-02 17:00:00,0,0,0
2022-04-02 18:00:00,0,0,0
2022-04-02 19:00:00,0,0,0
2022-04-02 20:00:00,0,0,0
2022-04-02 21:00:00,0,0,0
2022-04-02 22:00:00,0,0,0
2022-04-02 23:00:00,0,0,0
2022-04-03 00:00:00,0,0,0
2022-04-03 01:00:00,0,0,0
2022-04-03 02:00:00,0,0,0
2022-04-03 03:00:00,0,0,0
2022-04-03 04:00:00,0,0,0
2022-04-03 05:00:00,0,0,0
2022-04-03 06:00:00,0,0,0
2022-04-03 07:00:00,0,0,0
2022-04-03 08:00:00,0,0,0
2022-04-03 09:00:00,0,0,0
2022-04-03 10:00:00,0,0,0
2022-04-03 11:00:00,0,0,0
2022-04-03 12:00:00,0,0,0
2022-04-03 13:00:00,0,0,0
2022-04-03 14:00:00,0,0,0
2022-04-03 15:00:00,0,0,0
2022-04-03 16:00:00,0,0,0
2022-04-03 17:00:00,0,0,0
2022-04-03 18:00:00,0,0,0
2022-04-03 19:00:00,0,0,0
2022-04-03 20:00:00,0,0,0
2022-04-03 21:00:00,0,0,0
2022-04-03 22:00:00,0,0,0
2022-04-03 23:00:00,0,0,0
2022-04-04 00:00:00,0,0,0
2022-04-04 01:00:00,0,0,0
2022-04-04 02:00:00,0,0,0
2022-04-04 03:00:00,0,0,0
2022-04-04 04:00:00,0,0,0
2022-04-04 05:00:00,0,0,0
2022-04-04 06:00:00,0,0,0
2022-04-04 07:00:00,0,0,0
2022-04-04 08:00:00,0,0,0
2022-04-04 09:00:00,0,0,0
2022-04-04 10:00:00,0,0,0
2022-04-04 11:00:00,0,0,0
2022-04-04 12:00:00,0,0,0
2022-04-04 13:00:00,0,0,0
2022-04-04 14:00:00,0,0,0
2022-04-04 15:00:00,0,0,0
2022-04-04 16:00:00,0,0,0
2022-04-04 17:00:00,0,0,0
2022-04-04 18:00:00,0,0,0
2022-04-04 19:00:00,0,0,0
2022-04-04 20:00:00,0,0,0
2022-04-04 21:00:00,0,0,0
2022-04-04 22:00:00,0,0,0
2022-04-04 23:00:00,0,0,0
2022-04-05 00:00:00,0,0,0
2022-04-05 01:00:00,0,0,0
2022-04-05 02:00:00,0,0,0
2022-04-05 03:00:00,0,0,0
2022-04-05 04:00:00,0,0,0
2022-04-05 05:00:00,0,0,0
2022-04-05 06:00:00,0,0,0
2022-04-05 07:00:00,0,0,0
2022-04-05 08:00:00,0,0,0
2022-04-05 09:00:00,0,0,0
2022-04-05 10:00:00,0,0,0
2022-04-05 11:00:00,76,37,39
2022-04-05 12:00:00,253,130,123
2022-04-05 13:00:00,189,91,98
2022-04-05 14:00:00,175,95,80
2022-04-05 15:00:00,199,99,100
2022-04-05 16:00:00,295,154,141
2022-04-05 17:00:00,369,193,176
2022-04-05 18:00:00,469,258,211
2022-04-05 19:00:00,350,166,184
2022-04-05 20:00:00,98,28,70
2022-04-05 21:00:00,17,9,8
2022-04-05 22:00:00,12,4,8
2022-04-05 23:00:00,8,3,5
2022-04-06 00:00:00,7,3,4
2022-04-06 01:00:00,2,0,2
2022-04-06 02:00:00,2,2,0
2022-04-06 03:00:00,3,1,2
2022-04-06 04:00:00,4,2,2
2022-04-06 05:00:00,28,17,11
2022-04-06 06:00:00,88,47,41
2022-04-06 07:00:00,173,99,74
2022-04-06 08:00:00,207,91,116
2022-04-06 09:00:00,180,86,94
2022-04-06 10:00:00,169,81,88
2022-04-06 11:00:00,177,89,88
2022-04-06 12:00:00,260,124,136
2022-04-06 13:00:00,226,128,98
2022-04-06 14:00:00,265,130,135
2022-04-06 15:00:00,298,151,147
2022-04-06 16:00:00,337,177,160
2022-04-06 17:00:00,473,258,215
2022-04-06 18:00:00,577,313,264
2022-04-06 19:00:00,350,155,195
2022-04-06 20:00:00,89,27,62
2022-04-06 21:00:00,26,16,10
2022-04-06 22:00:00,35,16,19
2022-04-06 23:00:00,4,2,2
2022-04-07 00:00:00,6,2,4
2022-04-07 01:00:00,2,2,0
2022-04-07 02:00:00,3,1,2
2022-04-07 03:00:00,1,1,0
2022-04-07 04:00:00,1,0,1
2022-04-07 05:00:00,23,11,12
2022-04-07 06:00:00,89,47,42
2022-04-07 07:00:00,192,91,101
2022-04-07 08:00:00,216,105,111
2022-04-07 09:00:00,175,79,96
2022-04-07 10:00:00,192,105,87
2022-04-07 11:00:00,245,133,112
2022-04-07 12:00:00,310,147,163
2022-04-07 13:00:00,275,147,128
2022-04-07 14:00:00,377,201,176
2022-04-07 15:00:00,456,225,231
2022-04-07 16:00:00,609,340,269
2022-04-07 17:00:00,734,428,306
2022-04-07 18:00:00,834,431,403
2022-04-07 19:00:00,512,209,303
2022-04-07 20:00:00,174,58,116
2022-04-07 21:00:00,35,15,20
2022-04-07 22:00:00,14,7,7
2022-04-07 23:00:00,34,17,17
2022-04-08 00:00:00,5,2,3
2022-04-08 01:00:00,1,0,1
2022-04-08 02:00:00,1,0,1
2022-04-08 03:00:00,0,0,0
2022-04-08 04:00:00,3,2,1
2022-04-08 05:00:00,11,6,5
2022-04-08 06:00:00,72,40,32
2022-04-08 07:00:00,121,74,47
2022-04-08 08:00:00,147,69,78
2022-04-08 09:00:00,118,56,62
2022-04-08 10:00:00,125,63,62
2022-04-08 11:00:00,125,58,67
2022-04-08 12:00:00,160,67,93
2022-04-08 13:00:00,162,81,81
2022-04-08 14:00:00,106,54,52
2022-04-08 15:00:00,108,47,61
2022-04-08 16:00:00,155,87,68
2022-04-08 17:00:00,194,98,96
2022-04-08 18:00:00,165,92,73
2022-04-08 19:00:00,200,99,101
2022-04-08 20:00:00,80,27,53
2022-04-08 21:00:00,17,13,4
2022-04-08 22:00:00,12,6,6
2022-04-08 23:00:00,8,6,2
2022-04-09 00:00:00,9,4,5
2022-04-09 01:00:00,4,1,3
2022-04-09 02:00:00,5,3,2
2022-04-09 03:00:00,0,0,0
2022-04-09 04:00:00,3,2,1
2022-04-09 05:00:00,6,4,2
2022-04-09 06:00:00,24,14,10
2022-04-09 07:00:00,72,47,25
2022-04-09 08:00:00,184,84,100
2022-04-09 09:00:00,256,128,128
2022-04-09 10:00:00,308,180,128
2022-04-09 11:00:00,340,161,179
2022-04-09 12:00:00,277,133,144
2022-04-09 13:00:00,192,82,110
2022-04-09 14:00:00,215,114,101
2022-04-09 15:00:00,242,110,132
2022-04-09 16:00:00,323,180,143
2022-04-09 17:00:00,281,130,151
2022-04-09 18:00:00,172,72,100
2022-04-09 19:00:00,113,57,56
2022-04-09 20:00:00,61,28,33
2022-04-09 21:00:00,13,10,3
2022-04-09 22:00:00,5,2,3
2022-04-09 23:00:00,4,2,2
2022-04-10 00:00:00,0,0,0
2022-04-10 01:00:00,0,0,0
2022-04-10 02:00:00,0,0,0
2022-04-10 03:00:00,2,2,0
2022-04-10 04:00:00,0,0,0
2022-04-10 05:00:00,4,2,2
2022-04-10 06:00:00,17,9,8
2022-04-10 07:00:00,50,27,23
2022-04-10 08:00:00,69,38,31
2022-04-10 09:00:00,112,64,48
2022-04-10 10:00:00,128,59,69
2022-04-10 11:00:00,165,84,81
2022-04-10 12:00:00,192,104,88
2022-04-10 13:00:00,224,108,116
2022-04-10 14:00:00,288,134,154
2022-04-10 15:00:00,166,79,87
2022-04-10 16:00:00,93,41,52
2022-04-10 17:00:00,177,94,83
2022-04-10 18:00:00,155,74,81
2022-04-10 19:00:00,101,45,56
2022-04-10 20:00:00,35,12,23
2022-04-10 21:00:00,15,8,7
2022-04-10 22:00:00,7,4,3
2022-04-10 23:00:00,2,1,1
2022-04-11 00:00:00,0,0,0
2022-04-11 01:00:00,2,0,2
2022-04-11 02:00:00,0,0,0
2022-04-11 03:00:00,0,0,0
2022-04-11 04:00:00,0,0,0
2022-04-11 05:00:00,10,6,4
2022-04-11 06:00:00,36,18,18
2022-04-11 07:00:00,85,39,46
2022-04-11 08:00:00,105,57,48
2022-04-11 09:00:00,82,41,41
2022-04-11 10:00:00,80,41,39
2022-04-11 11:00:00,95,51,44
2022-04-11 12:00:00,127,65,62
2022-04-11 13:00:00,107,49,58
2022-04-11 14:00:00,126,79,47
2022-04-11 15:00:00,136,73,63
2022-04-11 16:00:00,211,106,105
2022-04-11 17:00:00,312,181,131
2022-04-11 18:00:00,421,217,204
2022-04-11 19:00:00,325,151,174
2022-04-11 20:00:00,118,44,74
2022-04-11 21:00:00,17,11,6
2022-04-11 22:00:00,10,3,7
2022-04-11 23:00:00,3,3,0
2022-04-12 00:00:00,3,1,2
2022-04-12 01:00:00,0,0,0
2022-04-12 02:00:00,0,0,0
2022-04-12 03:00:00,0,0,0
2022-04-12 04:00:00,2,2,0
2022-04-12 05:00:00,14,8,6
2022-04-12 06:00:00,78,43,35
2022-04-12 07:00:00,134,73,61
2022-04-12 08:00:00,140,69,71
2022-04-12 09:00:00,83,39,44
2022-04-12 10:00:00,65,31,34
2022-04-12 11:00:00,106,51,55
2022-04-12 12:00:00,161,77,84
2022-04-12 13:00:00,108,51,57
2022-04-12 14:00:00,113,62,51
2022-04-12 15:00:00,72,26,46
2022-04-12 16:00:00,134,74,60
2022-04-12 17:00:00,251,139,112
2022-04-12 18:00:00,323,167,156
2022-04-12 19:00:00,197,94,103
2022-04-12 20:00:00,56,20,36
2022-04-12 21:00:00,13,5,8
2022-04-12 22:00:00,6,2,4
2022-04-12 23:00:00,6,3,3
2022-04-13 00:00:00,3,1,2
2022-04-13 01:00:00,0,0,0
2022-04-13 02:00:00,2,1,1
2022-04-13 03:00:00,0,0,0
2022-04-13 04:00:00,0,0,0
2022-04-13 05:00:00,19,11,8
2022-04-13 06:00:00,65,34,31
2022-04-13 07:00:00,120,61,59
2022-04-13 08:00:00,154,81,73
2022-04-13 09:00:00,113,53,60
2022-04-13 10:00:00,82,37,45
2022-04-13 11:00:00,91,44,47
2022-04-13 12:00:00,112,53,59
2022-04-13 13:00:00,67,31,36
2022-04-13 14:00:00,77,39,38
2022-04-13 15:00:00,152,75,77
2022-04-13 16:00:00,220,113,107
2022-04-13 17:00:00,251,141,110
2022-04-13 18:00:00,269,140,129
2022-04-13 19:00:00,209,107,102
2022-04-13 20:00:00,86,35,51
2022-04-13 21:00:00,26,12,14
2022-04-13 22:00:00,14,9,5
2022-04-13 23:00:00,7,5,2
2022-04-14 00:00:00,7,3,4
2022-04-14 01:00:00,0,0,0
2022-04-14 02:00:00,0,0,0
2022-04-14 03:00:00,1,1,0
2022-04-14 04:00:00,1,0,1
2022-04-14 05:00:00,15,9,6
2022-04-14 06:00:00,50,28,22
2022-04-14 07:00:00,126,58,68
2022-04-14 08:00:00,135,77,58
2022-04-14 09:00:00,114,46,68
2022-04-14 10:00:00,71,30,41
2022-04-14 11:00:00,99,56,43
2022-04-14 12:00:00,183,93,90
2022-04-14 13:00:00,167,92,75
2022-04-14 14:00:00,166,85,81
2022-04-14 15:00:00,186,99,87
2022-04-14 16:00:00,268,126,142
2022-04-14 17:00:00,311,174,137
2022-04-14 18:00:00,388,210,178
2022-04-14 19:00:00,260,125,135
2022-04-14 20:00:00,101,31,70
2022-04-14 21:00:00,26,17,9
2022-04-14 22:00:00,16,8,8
2022-04-14 23:00:00,12,8,4
2022-04-15 00:00:00,4,1,3
2022-04-15 01:00:00,2,0,2
2022-04-15 02:00:00,1,1,0
2022-04-15 03:00:00,0,0,0
2022-04-15 04:00:00,2,1,1
2022-04-15 05:00:00,16,9,7
2022-04-15 06:00:00,54,26,28
2022-04-15 07:00:00,102,60,42
2022-04-15 08:00:00,143,60,83
2022-04-15 09:00:00,116,53,63
2022-04-15 10:00:00,108,58,50
2022-04-15 11:00:00,107,50,57
2022-04-15 12:00:00,163,80,83
2022-04-15 13:00:00,169,78,91
2022-04-15 14:00:00,219,117,102
2022-04-15 15:00:00,300,151,149
2022-04-15 16:00:00,398,200,198
2022-04-15 17:00:00,414,227,187
2022-04-15 18:00:00,450,238,212
2022-04-15 19:00:00,340,147,193
2022-04-15 20:00:00,125,50,75
2022-04-15 21:00:00,21,9,12
2022-04-15 22:00:00,37,28,9
2022-04-15 23:00:00,19,11,8
2022-04-16 00:00:00,4,1,3
2022-04-16 01:00:00,6,4,2
2022-04-16 02:00:00,2,2,0
2022-04-16 03:00:00,0,0,0
2022-04-16 04:00:00,1,0,1
2022-04-16 05:00:00,4,2,2
2022-04-16 06:00:00,27,14,13
2022-04-16 07:00:00,51,27,24
2022-04-16 08:00:00,115,67,48
2022-04-16 09:00:00,212,101,111
2022-04-16 10:00:00,263,140,123
2022-04-16 11:00:00,235,111,124
2022-04-16 12:00:00,357,172,185
2022-04-16 13:00:00,250,113,137
2022-04-16 14:00:00,138,70,68
2022-04-16 15:00:00,132,64,68
2022-04-16 16:00:00,185,87,98
2022-04-16 17:00:00,110,54,56
2022-04-16 18:00:00,93,44,49
2022-04-16 19:00:00,129,73,56
2022-04-16 20:00:00,75,18,57
2022-04-16 21:00:00,36,24,12
2022-04-16 22:00:00,17,11,6
2022-04-16 23:00:00,11,8,3
2022-04-17 00:00:00,11,8,3
2022-04-17 01:00:00,0,0,0
2022-04-17 02:00:00,3,1,2
2022-04-17 03:00:00,0,0,0
2022-04-17 04:00:00,3,2,1
2022-04-17 05:00:00,4,3,1
2022-04-17 06:00:00,30,14,16
2022-04-17 07:00:00,67,42,25
2022-04-17 08:00:00,141,78,63
2022-04-17 09:00:00,268,155,113
2022-04-17 10:00:00,411,216,195
2022-04-17 11:00:00,402,194,208
2022-04-17 12:00:00,460,225,235
2022-04-17 13:00:00,500,248,252
2022-04-17 14:00:00,566,295,271
2022-04-17 15:00:00,555,283,272
2022-04-17 16:00:00,515,259,256
2022-04-17 17:00:00,426,210,216
2022-04-17 18:00:00,384,190,194
2022-04-17 19:00:00,275,124,151
2022-04-17 20:00:00,104,30,74
2022-04-17 21:00:00,25,15,10
2022-04-17 22:00:00,24,14,10
2022-04-17 23:00:00,16,7,9
2022-04-18 00:00:00,1,0,1
2022-04-18 01:00:00,1,0,1
2022-04-18 02:00:00,1,0,1
2022-04-18 03:00:00,0,0,0
2022-04-18 04:00:00,0,0,0
2022-04-18 05:00:00,12,7,5
2022-04-18 06:00:00,57,27,30
2022-04-18 07:00:00,90,48,42
2022-04-18 08:00:00,105,46,59
2022-04-18 09:00:00,62,33,29
2022-04-18 10:00:00,91,47,44
2022-04-18 11:00:00,108,51,57
2022-04-18 12:00:00,67,31,36
2022-04-18 13:00:00,29,15,14
2022-04-18 14:00:00,33,15,18
2022-04-18 15:00:00,43,26,17
2022-04-18 16:00:00,60,29,31
2022-04-18 17:00:00,85,53,32
2022-04-18 18:00:00,67,34,33
2022-04-18 19:00:00,68,36,32
2022-04-18 20:00:00,23,2,21
2022-04-18 21:00:00,9,6,3
2022-04-18 22:00:00,4,1,3
2022-04-18 23:00:00,0,0,0
2022-04-19 00:00:00,1,0,1
2022-04-19 01:00:00,0,0,0
2022-04-19 02:00:00,0,0,0
2022-04-19 03:00:00,0,0,0
2022-04-19 04:00:00,0,0,0
2022-04-19 05:00:00,22,11,11
2022-04-19 06:00:00,78,43,35
2022-04-19 07:00:00,139,79,60
2022-04-19 08:00:00,186,101,85
2022-04-19 09:00:00,161,79,82
2022-04-19 10:00:00,121,64,57
2022-04-19 11:00:00,140,68,72
2022-04-19 12:00:00,240,127,113
2022-04-19 13:00:00,176,89,87
2022-04-19 14:00:00,192,95,97
2022-04-19 15:00:00,237,132,105
2022-04-19 16:00:00,364,206,158
2022-04-19 17:00:00,495,284,211
2022-04-19 18:00:00,565,275,290
2022-04-19 19:00:00,392,177,215
2022-04-19 20:00:00,149,51,98
2022-04-19 21:00:00,39,24,15
2022-04-19 22:00:00,8,4,4
2022-04-19 23:00:00,5,4,1
2022-04-20 00:00:00,8,3,5
2022-04-20 01:00:00,5,3,2
2022-04-20 02:00:00,1,0,1
2022-04-20 03:00:00,0,0,0
2022-04-20 04:00:00,2,2,0
2022-04-20 05:00:00,29,15,14
2022-04-20 06:00:00,97,49,48
2022-04-20 07:00:00,181,92,89
2022-04-20 08:00:00,168,73,95
2022-04-20 09:00:00,178,88,90
2022-04-20 10:00:00,138,65,73
2022-04-20 11:00:00,128,57,71
2022-04-20 12:00:00,138,70,68
2022-04-20 13:00:00,94,39,55
2022-04-20 14:00:00,63,19,44
2022-04-20 15:00:00,66,35,31
2022-04-20 16:00:00,76,44,32
2022-04-20 17:00:00,162,107,55
2022-04-20 18:00:00,174,93,81
2022-04-20 19:00:00,72,31,41
2022-04-20 20:00:00,58,27,31
2022-04-20 21:00:00,18,10,8
2022-04-20 22:00:00,23,10,13
2022-04-20 23:00:00,2,1,1
2022-04-21 00:00:00,3,0,3
2022-04-21 01:00:00,6,6,0
2022-04-21 02:00:00,0,0,0
2022-04-21 03:00:00,0,0,0
2022-04-21 04:00:00,1,0,1
2022-04-21 05:00:00,17,10,7
2022-04-21 06:00:00,57,33,24
2022-04-21 07:00:00,113,61,52
2022-04-21 08:00:00,125,61,64
2022-04-21 09:00:00,125,69,56
2022-04-21 10:00:00,100,50,50
2022-04-21 11:00:00,139,72,67
2022-04-21 12:00:00,135,59,76
2022-04-21 13:00:00,121,73,48
2022-04-21 14:00:00,171,64,107
2022-04-21 15:00:00,153,82,71
2022-04-21 16:00:00,224,123,101
2022-04-21 17:00:00,286,161,125
2022-04-21 18:00:00,82,41,41
2022-04-21 19:00:00,40,24,16
2022-04-21 20:00:00,53,26,27
2022-04-21 21:00:00,21,14,7
2022-04-21 22:00:00,11,5,6
2022-04-21 23:00:00,11,6,5
2022-04-22 00:00:00,3,0,3
2022-04-22 01:00:00,0,0,0
2022-04-22 02:00:00,1,1,0
2022-04-22 03:00:00,0,0,0
2022-04-22 04:00:00,2,1,1
2022-04-22 05:00:00,17,10,7
2022-04-22 06:00:00,65,36,29
2022-04-22 07:00:00,142,75,67
2022-04-22 08:00:00,138,61,77
2022-04-22 09:00:00,129,69,60
2022-04-22 10:00:00,116,62,54
2022-04-22 11:00:00,150,76,74
2022-04-22 12:00:00,277,148,129
2022-04-22 13:00:00,241,130,111
2022-04-22 14:00:00,286,134,152
2022-04-22 15:00:00,319,161,158
2022-04-22 16:00:00,422,228,194
2022-04-22 17:00:00,556,303,253
2022-04-22 18:00:00,470,228,242
2022-04-22 19:00:00,337,159,178
2022-04-22 20:00:00,158,54,104
2022-04-22 21:00:00,72,45,27
2022-04-22 22:00:00,38,20,18
2022-04-22 23:00:00,14,11,3
2022-04-23 00:00:00,13,6,7
2022-04-23 01:00:00,2,1,1
2022-04-23 02:00:00,8,6,2
2022-04-23 03:00:00,0,0,0
2022-04-23 04:00:00,2,1,1
2022-04-23 05:00:00,8,3,5
2022-04-23 06:00:00,37,21,16
2022-04-23 07:00:00,83,43,40
2022-04-23 08:00:00,119,58,61
2022-04-23 09:00:00,170,98,72
2022-04-23 10:00:00,242,114,128
2022-04-23 11:00:00,292,148,144
2022-04-23 12:00:00,320,172,148
2022-04-23 13:00:00,370,194,176
2022-04-23 14:00:00,541,290,251
2022-04-23 15:00:00,510,255,255
2022-04-23 16:00:00,527,262,265
2022-04-23 17:00:00,409,204,205
2022-04-23 18:00:00,436,218,218
2022-04-23 19:00:00,345,164,181
2022-04-23 20:00:00,231,128,103
2022-04-23 21:00:00,51,28,23
2022-04-23 22:00:00,33,24,9
2022-04-23 23:00:00,37,24,13
2022-04-24 00:00:00,7,4,3
2022-04-24 01:00:00,6,5,1
2022-04-24 02:00:00,3,0,3
2022-04-24 03:00:00,3,3,0
2022-04-24 04:00:00,3,0,3
2022-04-24 05:00:00,8,4,4
2022-04-24 06:00:00,30,16,14
2022-04-24 07:00:00,71,45,26
2022-04-24 08:00:00,203,108,95
2022-04-24 09:00:00,280,159,121
2022-04-24 10:00:00,369,184,185
2022-04-24 11:00:00,431,208,223
2022-04-24 12:00:00,534,274,260
2022-04-24 13:00:00,539,303,236
2022-04-24 14:00:00,627,332,295
2022-04-24 15:00:00,651,327,324
2022-04-24 16:00:00,565,305,260
2022-04-24 17:00:00,465,217,248
2022-04-24 18:00:00,370,174,196
2022-04-24 19:00:00,253,105,148
2022-04-24 20:00:00,131,59,72
2022-04-24 21:00:00,27,13,14
2022-04-24 22:00:00,19,11,8
2022-04-24 23:00:00,5,2,3
2022-04-25 00:00:00,2,1,1
2022-04-25 01:00:00,3,0,3
2022-04-25 02:00:00,0,0,0
2022-04-25 03:00:00,1,1,0
2022-04-25 04:00:00,1,0,1
2022-04-25 05:00:00,12,4,8
2022-04-25 06:00:00,50,27,23
2022-04-25 07:00:00,96,52,44
2022-04-25 08:00:00,115,60,55
2022-04-25 09:00:00,107,55,52
2022-04-25 10:00:00,117,64,53
2022-04-25 11:00:00,130,64,66
2022-04-25 12:00:00,156,78,78
2022-04-25 13:00:00,110,50,60
2022-04-25 14:00:00,135,65,70
2022-04-25 15:00:00,133,64,69
2022-04-25 16:00:00,236,130,106
2022-04-25 17:00:00,318,182,136
2022-04-25 18:00:00,292,156,136
2022-04-25 19:00:00,254,117,137
2022-04-25 20:00:00,98,33,65
2022-04-25 21:00:00,18,9,9
2022-04-25 22:00:00,17,7,10
2022-04-25 23:00:00,2,2,0
2022-04-26 00:00:00,2,1,1
2022-04-26 01:00:00,0,0,0
2022-04-26 02:00:00,0,0,0
2022-04-26 03:00:00,2,1,1
2022-04-26 04:00:00,2,0,2
2022-04-26 05:00:00,24,13,11
2022-04-26 06:00:00,125,74,51
2022-04-26 07:00:00,217,116,101
2022-04-26 08:00:00,184,87,97
2022-04-26 09:00:00,164,74,90
2022-04-26 10:00:00,102,55,47
2022-04-26 11:00:00,104,46,58
2022-04-26 12:00:00,141,84,57
2022-04-26 13:00:00,124,58,66
2022-04-26 14:00:00,148,72,76
2022-04-26 15:00:00,167,77,90
2022-04-26 16:00:00,265,142,123
2022-04-26 17:00:00,436,258,178
2022-04-26 18:00:00,392,207,185
2022-04-26 19:00:00,297,144,153
2022-04-26 20:00:00,134,49,85
2022-04-26 21:00:00,26,10,16
2022-04-26 22:00:00,22,13,9
2022-04-26 23:00:00,6,4,2
2022-04-27 00:00:00,3,1,2
2022-04-27 01:00:00,0,0,0
2022-04-27 02:00:00,0,0,0
2022-04-27 03:00:00,0,0,0
2022-04-27 04:00:00,4,2,2
2022-04-27 05:00:00,30,15,15
2022-04-27 06:00:00,122,69,53
2022-04-27 07:00:00,175,88,87
2022-04-27 08:00:00,204,107,97
2022-04-27 09:00:00,144,71,73
2022-04-27 10:00:00,112,57,55
2022-04-27 11:00:00,147,75,72
2022-04-27 12:00:00,230,115,115
2022-04-27 13:00:00,188,90,98
2022-04-27 14:00:00,199,108,91
2022-04-27 15:00:00,283,134,149
2022-04-27 16:00:00,313,172,141
2022-04-27 17:00:00,394,225,169
2022-04-27 18:00:00,371,195,176
2022-04-27 19:00:00,299,145,154
2022-04-27 20:00:00,145,54,91
2022-04-27 21:00:00,11,6,5
2022-04-27 22:00:00,25,12,13
2022-04-27 23:00:00,16,6,10
2022-04-28 00:00:00,6,5,1
2022-04-28 01:00:00,11,6,5
2022-04-28 02:00:00,0,0,0
2022-04-28 03:00:00,0,0,0
2022-04-28 04:00:00,5,3,2
2022-04-28 05:00:00,19,9,10
2022-04-28 06:00:00,91,48,43
2022-04-28 07:00:00,170,90,80
2022-04-28 08:00:00,183,84,99
2022-04-28 09:00:00,127,63,64
2022-04-28 10:00:00,108,57,51
2022-04-28 11:00:00,132,70,62
2022-04-28 12:00:00,197,100,97
2022-04-28 13:00:00,158,79,79
2022-04-28 14:00:00,177,98,79
2022-04-28 15:00:00,195,106,89
2022-04-28 16:00:00,251,120,131
2022-04-28 17:00:00,299,171,128
2022-04-28 18:00:00,351,186,165
2022-04-28 19:00:00,242,113,129
2022-04-28 20:00:00,88,39,49
2022-04-28 21:00:00,23,13,10
2022-04-28 22:00:00,22,10,12
2022-04-28 23:00:00,8,6,2
2022-04-29 00:00:00,7,4,3
2022-04-29 01:00:00,1,0,1
2022-04-29 02:00:00,3,2,1
2022-04-29 03:00:00,2,2,0
2022-04-29 04:00:00,6,3,3
2022-04-29 05:00:00,18,9,9
2022-04-29 06:00:00,74,39,35
2022-04-29 07:00:00,147,74,73
2022-04-29 08:00:00,163,74,89
2022-04-29 09:00:00,139,76,63
2022-04-29 10:00:00,143,71,72
2022-04-29 11:00:00,158,83,75
2022-04-29 12:00:00,242,105,137
2022-04-29 13:00:00,224,137,87
2022-04-29 14:00:00,251,126,125
2022-04-29 15:00:00,304,158,146
2022-04-29 16:00:00,388,209,179
2022-04-29 17:00:00,459,248,211
2022-04-29 18:00:00,448,232,216
2022-04-29 19:00:00,355,181,174
2022-04-29 20:00:00,146,61,85
2022-04-29 21:00:00,43,18,25
2022-04-29 22:00:00,21,14,7
2022-04-29 23:00:00,14,8,6
2022-04-30 00:00:00,8,4,4
2022-04-30 01:00:00,3,2,1
2022-04-30 02:00:00,0,0,0
2022-04-30 03:00:00,1,1,0
2022-04-30 04:00:00,0,0,0
2022-04-30 05:00:00,1,0,1
2022-04-30 06:00:00,12,6,6
2022-04-30 07:00:00,40,25,15
2022-04-30 08:00:00,115,62,53
2022-04-30 09:00:00,126,69,57
2022-04-30 10:00:00,156,78,78
2022-04-30 11:00:00,170,89,81
2022-04-30 12:00:00,283,148,135
2022-04-30 13:00:00,367,186,181
2022-04-30 14:00:00,447,243,204
2022-04-30 15:00:00,474,259,215
2022-04-30 16:00:00,488,266,222
2022-04-30 17:00:00,465,208,257
2022-04-30 18:00:00,363,191,172
2022-04-30 19:00:00,297,148,149
2022-04-30 20:00:00,207,97,110
2022-04-30 21:00:00,36,21,15
2022-04-30 22:00:00,12,8,4
2022-04-30 23:00:00,20,12,8
2022-05-01 00:00:00,18,15,3
2022-05-01 01:00:00,5,2,3
2022-05-01 02:00:00,7,5,2
2022-05-01 03:00:00,0,0,0
2022-05-01 04:00:00,1,0,1
2022-05-01 05:00:00,6,3,3
2022-05-01 06:00:00,35,24,11
2022-05-01 07:00:00,76,35,41
2022-05-01 08:00:00,131,86,45
2022-05-01 09:00:00,242,130,112
2022-05-01 10:00:00,295,138,157
2022-05-01 11:00:00,367,166,201
2022-05-01 12:00:00,359,187,172
2022-05-01 13:00:00,436,205,231
2022-05-01 14:00:00,461,237,224
2022-05-01 15:00:00,468,249,219
2022-05-01 16:00:00,420,223,197
2022-05-01 17:00:00,377,204,173
2022-05-01 18:00:00,305,146,159
2022-05-01 19:00:00,268,118,150
2022-05-01 20:00:00,163,65,98
2022-05-01 21:00:00,43,19,24
2022-05-01 22:00:00,9,2,7
2022-05-01 23:00:00,9,3,6
2022-05-02 00:00:00,10,6,4
2022-05-02 01:00:00,5,1,4
2022-05-02 02:00:00,0,0,0
2022-05-02 03:00:00,1,1,0
2022-05-02 04:00:00,3,1,2
2022-05-02 05:00:00,10,4,6
2022-05-02 06:00:00,34,14,20
2022-05-02 07:00:00,44,24,20
2022-05-02 08:00:00,72,38,34
2022-05-02 09:00:00,50,24,26
2022-05-02 10:00:00,52,34,18
2022-05-02 11:00:00,63,40,23
2022-05-02 12:00:00,118,60,58
2022-05-02 13:00:00,100,48,52
2022-05-02 14:00:00,135,76,59
2022-05-02 15:00:00,123,59,64
2022-05-02 16:00:00,185,95,90
2022-05-02 17:00:00,226,124,102
2022-05-02 18:00:00,257,139,118
2022-05-02 19:00:00,165,78,87
2022-05-02 20:00:00,90,38,52
2022-05-02 21:00:00,14,8,6
2022-05-02 22:00:00,8,4,4
2022-05-02 23:00:00,12,5,7
2022-05-03 00:00:00,1,0,1
2022-05-03 01:00:00,11,3,8
2022-05-03 02:00:00,0,0,0
2022-05-03 03:00:00,1,0,1
2022-05-03 04:00:00,3,2,1
2022-05-03 05:00:00,35,20,15
2022-05-03 06:00:00,116,63,53
2022-05-03 07:00:00,158,89,69
2022-05-03 08:00:00,184,88,96
2022-05-03 09:00:00,104,48,56
2022-05-03 10:00:00,88,51,37
2022-05-03 11:00:00,110,62,48
2022-05-03 12:00:00,166,82,84
2022-05-03 13:00:00,135,67,68
2022-05-03 14:00:00,167,83,84
2022-05-03 15:00:00,196,95,101
2022-05-03 16:00:00,237,120,117
2022-05-03 17:00:00,367,221,146
2022-05-03 18:00:00,310,157,153
2022-05-03 19:00:00,182,88,94
2022-05-03 20:00:00,80,29,51
2022-05-03 21:00:00,29,16,13
2022-05-03 22:00:00,8,5,3
2022-05-03 23:00:00,14,6,8
2022-05-04 00:00:00,6,3,3
2022-05-04 01:00:00,0,0,0
2022-05-04 02:00:00,7,4,3
2022-05-04 03:00:00,1,0,1
2022-05-04 04:00:00,3,2,1
2022-05-04 05:00:00,24,13,11
2022-05-04 06:00:00,141,71,70
2022-05-04 07:00:00,178,95,83
2022-05-04 08:00:00,197,100,97
2022-05-04 09:00:00,156,81,75
2022-05-04 10:00:00,147,73,74
2022-05-04 11:00:00,150,73,77
2022-05-04 12:00:00,215,109,106
2022-05-04 13:00:00,189,92,97
2022-05-04 14:00:00,188,78,110
2022-05-04 15:00:00,250,130,120
2022-05-04 16:00:00,457,226,231
2022-05-04 17:00:00,528,271,257
2022-05-04 18:00:00,507,265,242
2022-05-04 19:00:00,324,146,178
2022-05-04 20:00:00,151,60,91
2022-05-04 21:00:00,87,63,24
2022-05-04 22:00:00,48,35,13
2022-05-04 23:00:00,24,18,6
2022-05-05 00:00:00,5,2,3
2022-05-05 01:00:00,0,0,0
2022-05-05 02:00:00,2,0,2
2022-05-05 03:00:00,0,0,0
2022-05-05 04:00:00,5,2,3
2022-05-05 05:00:00,28,14,14
2022-05-05 06:00:00,64,33,31
2022-05-05 07:00:00,145,80,65
2022-05-05 08:00:00,108,54,54
2022-05-05 09:00:00,76,41,35
2022-05-05 10:00:00,59,26,33
2022-05-05 11:00:00,57,28,29
2022-05-05 12:00:00,48,23,25
2022-05-05 13:00:00,39,18,21
2022-05-05 14:00:00,47,27,20
2022-05-05 15:00:00,65,28,37
2022-05-05 16:00:00,94,50,44
2022-05-05 17:00:00,111,69,42
2022-05-05 18:00:00,88,49,39
2022-05-05 19:00:00,63,31,32
2022-05-05 20:00:00,37,17,20
2022-05-05 21:00:00,20,10,10
2022-05-05 22:00:00,13,7,6
2022-05-05 23:00:00,9,3,6
2022-05-06 00:00:00,2,0,2
2022-05-06 01:00:00,1,1,0
2022-05-06 02:00:00,0,0,0
2022-05-06 03:00:00,1,1,0
2022-05-06 04:00:00,3,0,3
2022-05-06 05:00:00,16,10,6
2022-05-06 06:00:00,62,32,30
2022-05-06 07:00:00,138,77,61
2022-05-06 08:00:00,194,91,103
2022-05-06 09:00:00,96,48,48
2022-05-06 10:00:00,93,46,47
2022-05-06 11:00:00,64,28,36
2022-05-06 12:00:00,38,19,19
2022-05-06 13:00:00,41,23,18
2022-05-06 14:00:00,116,66,50
2022-05-06 15:00:00,190,105,85
2022-05-06 16:00:00,216,113,103
2022-05-06 17:00:00,227,107,120
2022-05-06 18:00:00,176,94,82
2022-05-06 19:00:00,111,48,63
2022-05-06 20:00:00,46,19,27
2022-05-06 21:00:00,14,8,6
2022-05-06 22:00:00,24,15,9
2022-05-06 23:00:00,10,7,3
2022-05-07 00:00:00,4,3,1
2022-05-07 01:00:00,4,3,1
2022-05-07 02:00:00,8,4,4
2022-05-07 03:00:00,0,0,0
2022-05-07 04:00:00,2,0,2
2022-05-07 05:00:00,4,2,2
2022-05-07 06:00:00,35,18,17
2022-05-07 07:00:00,88,53,35
2022-05-07 08:00:00,121,64,57
2022-05-07 09:00:00,157,94,63
2022-05-07 10:00:00,196,91,105
2022-05-07 11:00:00,299,160,139
2022-05-07 12:00:00,289,135,154
2022-05-07 13:00:00,297,139,158
2022-05-07 14:00:00,237,115,122
2022-05-07 15:00:00,229,113,116
2022-05-07 16:00:00,198,97,101
2022-05-07 17:00:00,225,111,114
2022-05-07 18:00:00,161,62,99
2022-05-07 19:00:00,153,68,85
2022-05-07 20:00:00,103,53,50
2022-05-07 21:00:00,30,21,9
2022-05-07 22:00:00,27,14,13
2022-05-07 23:00:00,8,6,2
2022-05-08 00:00:00,5,4,1
2022-05-08 01:00:00,3,2,1
2022-05-08 02:00:00,0,0,0
2022-05-08 03:00:00,0,0,0
2022-05-08 04:00:00,3,2,1
2022-05-08 05:00:00,3,2,1
2022-05-08 06:00:00,31,16,15
2022-05-08 07:00:00,64,38,26
2022-05-08 08:00:00,134,70,64
2022-05-08 09:00:00,200,104,96
2022-05-08 10:00:00,241,130,111
2022-05-08 11:00:00,314,142,172
2022-05-08 12:00:00,388,186,202
2022-05-08 13:00:00,392,204,188
2022-05-08 14:00:00,461,237,224
2022-05-08 15:00:00,562,303,259
2022-05-08 16:00:00,545,245,300
2022-05-08 17:00:00,421,212,209
2022-05-08 18:00:00,379,195,184
2022-05-08 19:00:00,292,127,165
2022-05-08 20:00:00,148,55,93
2022-05-08 21:00:00,37,15,22
2022-05-08 22:00:00,9,4,5
2022-05-08 23:00:00,11,5,6
2022-05-09 00:00:00,1,1,0
2022-05-09 01:00:00,0,0,0
2022-05-09 02:00:00,0,0,0
2022-05-09 03:00:00,0,0,0
2022-05-09 04:00:00,0,0,0
2022-05-09 05:00:00,31,18,13
2022-05-09 06:00:00,74,39,35
2022-05-09 07:00:00,153,74,79
2022-05-09 08:00:00,180,86,94
2022-05-09 09:00:00,107,47,60
2022-05-09 10:00:00,130,73,57
2022-05-09 11:00:00,151,80,71
2022-05-09 12:00:00,251,125,126
2022-05-09 13:00:00,183,90,93
2022-05-09 14:00:00,223,105,118
2022-05-09 15:00:00,282,153,129
2022-05-09 16:00:00,319,169,150
2022-05-09 17:00:00,285,160,125
2022-05-09 18:00:00,296,164,132
2022-05-09 19:00:00,266,120,146
2022-05-09 20:00:00,138,63,75
2022-05-09 21:00:00,45,18,27
2022-05-09 22:00:00,15,5,10
2022-05-09 23:00:00,9,8,1
2022-05-10 00:00:00,2,1,1
2022-05-10 01:00:00,0,0,0
2022-05-10 02:00:00,0,0,0
2022-05-10 03:00:00,0,0,0
2022-05-10 04:00:00,2,0,2
2022-05-10 05:00:00,26,17,9
2022-05-10 06:00:00,93,46,47
2022-05-10 07:00:00,143,78,65
2022-05-10 08:00:00,148,78,70
2022-05-10 09:00:00,135,69,66
2022-05-10 10:00:00,96,49,47
2022-05-10 11:00:00,151,90,61
2022-05-10 12:00:00,230,115,115
2022-05-10 13:00:00,176,83,93
2022-05-10 14:00:00,223,109,114
2022-05-10 15:00:00,315,177,138
2022-05-10 16:00:00,399,207,192
2022-05-10 17:00:00,517,304,213
2022-05-10 18:00:00,614,336,278
2022-05-10 19:00:00,435,202,233
2022-05-10 20:00:00,192,76,116
2022-05-10 21:00:00,41,19,22
2022-05-10 22:00:00,29,19,10
2022-05-10 23:00:00,15,9,6
2022-05-11 00:00:00,7,1,6
2022-05-11 01:00:00,1,1,0
2022-05-11 02:00:00,1,0,1
2022-05-11 03:00:00,0,0,0
2022-05-11 04:00:00,4,3,1
2022-05-11 05:00:00,25,13,12
2022-05-11 06:00:00,131,67,64
2022-05-11 07:00:00,210,106,104
2022-05-11 08:00:00,228,106,122
2022-05-11 09:00:00,162,79,83
2022-05-11 10:00:00,151,72,79
2022-05-11 11:00:00,215,104,111
2022-05-11 12:00:00,270,140,130
2022-05-11 13:00:00,190,89,101
2022-05-11 14:00:00,199,109,90
2022-05-11 15:00:00,263,124,139
2022-05-11 16:00:00,315,171,144
2022-05-11 17:00:00,415,252,163
2022-05-11 18:00:00,396,207,189
2022-05-11 19:00:00,251,115,136
2022-05-11 20:00:00,90,37,53
2022-05-11 21:00:00,24,14,10
2022-05-11 22:00:00,7,4,3
2022-05-11 23:00:00,5,2,3
2022-05-12 00:00:00,10,4,6
2022-05-12 01:00:00,0,0,0
2022-05-12 02:00:00,3,0,3
2022-05-12 03:00:00,3,2,1
2022-05-12 04:00:00,2,0,2
2022-05-12 05:00:00,17,8,9
2022-05-12 06:00:00,57,27,30
2022-05-12 07:00:00,157,82,75
2022-05-12 08:00:00,113,52,61
2022-05-12 09:00:00,98,50,48
2022-05-12 10:00:00,70,36,34
2022-05-12 11:00:00,63,33,30
2022-05-12 12:00:00,37,21,16
2022-05-12 13:00:00,31,12,19
2022-05-12 14:00:00,25,14,11
2022-05-12 15:00:00,61,30,31
2022-05-12 16:00:00,73,44,29
2022-05-12 17:00:00,225,140,85
2022-05-12 18:00:00,313,160,153
2022-05-12 19:00:00,267,120,147
2022-05-12 20:00:00,174,71,103
2022-05-12 21:00:00,47,19,28
2022-05-12 22:00:00,8,4,4
2022-05-12 23:00:00,6,5,1
2022-05-13 00:00:00,3,1,2
2022-05-13 01:00:00,0,0,0
2022-05-13 02:00:00,0,0,0
2022-05-13 03:00:00,1,1,0
2022-05-13 04:00:00,3,1,2
2022-05-13 05:00:00,28,13,15
2022-05-13 06:00:00,77,43,34
2022-05-13 07:00:00,158,77,81
2022-05-13 08:00:00,169,75,94
2022-05-13 09:00:00,168,83,85
2022-05-13 10:00:00,170,88,82
2022-05-13 11:00:00,186,89,97
2022-05-13 12:00:00,224,122,102
2022-05-13 13:00:00,216,109,107
2022-05-13 14:00:00,203,94,109
2022-05-13 15:00:00,262,134,128
2022-05-13 16:00:00,321,181,140
2022-05-13 17:00:00,365,199,166
2022-05-13 18:00:00,343,180,163
2022-05-13 19:00:00,206,89,117
2022-05-13 20:00:00,102,37,65
2022-05-13 21:00:00,95,22,73
2022-05-13 22:00:00,32,21,11
2022-05-13 23:00:00,17,12,5
2022-05-14 00:00:00,15,8,7
2022-05-14 01:00:00,6,4,2
2022-05-14 02:00:00,4,1,3
2022-05-14 03:00:00,0,0,0
2022-05-14 04:00:00,3,1,2
2022-05-14 05:00:00,4,2,2
2022-05-14 06:00:00,42,27,15
2022-05-14 07:00:00,55,23,32
2022-05-14 08:00:00,77,43,34
2022-05-14 09:00:00,144,72,72
2022-05-14 10:00:00,189,93,96
2022-05-14 11:00:00,221,110,111
2022-05-14 12:00:00,286,143,143
2022-05-14 13:00:00,318,157,161
2022-05-14 14:00:00,359,168,191
2022-05-14 15:00:00,483,266,217
2022-05-14 16:00:00,414,208,206
2022-05-14 17:00:00,503,261,242
2022-05-14 18:00:00,437,202,235
2022-05-14 19:00:00,315,152,163
2022-05-14 20:00:00,305,163,142
2022-05-14 21:00:00,80,28,52
2022-05-14 22:00:00,30,16,14
2022-05-14 23:00:00,10,6,4
2022-05-15 00:00:00,9,6,3
2022-05-15 01:00:00,5,4,1
2022-05-15 02:00:00,0,0,0
2022-05-15 03:00:00,0,0,0
2022-05-15 04:00:00,2,1,1
2022-05-15 05:00:00,2,1,1
2022-05-15 06:00:00,28,17,11
2022-05-15 07:00:00,55,30,25
2022-05-15 08:00:00,69,40,29
2022-05-15 09:00:00,131,72,59
2022-05-15 10:00:00,125,67,58
2022-05-15 11:00:00,102,47,55
2022-05-15 12:00:00,59,27,32
2022-05-15 13:00:00,45,25,20
2022-05-15 14:00:00,61,29,32
2022-05-15 15:00:00,147,79,68
2022-05-15 16:00:00,65,28,37
2022-05-15 17:00:00,42,17,25
2022-05-15 18:00:00,196,127,69
2022-05-15 19:00:00,322,170,152
2022-05-15 20:00:00,168,51,117
2022-05-15 21:00:00,13,6,7
2022-05-15 22:00:00,8,3,5
2022-05-15 23:00:00,5,1,4
2022-05-16 00:00:00,8,6,2
2022-05-16 01:00:00,2,0,2
2022-05-16 02:00:00,1,1,0
2022-05-16 03:00:00,0,0,0
2022-05-16 04:00:00,0,0,0
2022-05-16 05:00:00,24,11,13
2022-05-16 06:00:00,71,33,38
2022-05-16 07:00:00,176,91,85
2022-05-16 08:00:00,168,61,107
2022-05-16 09:00:00,135,67,68
2022-05-16 10:00:00,187,102,85
2022-05-16 11:00:00,245,121,124
2022-05-16 12:00:00,276,138,138
2022-05-16 13:00:00,170,86,84
2022-05-16 14:00:00,201,99,102
2022-05-16 15:00:00,259,135,124
2022-05-16 16:00:00,358,199,159
2022-05-16 17:00:00,540,305,235
2022-05-16 18:00:00,586,317,269
2022-05-16 19:00:00,473,227,246
2022-05-16 20:00:00,251,111,140
2022-05-16 21:00:00,53,15,38
2022-05-16 22:00:00,28,18,10
2022-05-16 23:00:00,10,8,2
2022-05-17 00:00:00,5,3,2
2022-05-17 01:00:00,2,2,0
2022-05-17 02:00:00,4,3,1
2022-05-17 03:00:00,0,0,0
2022-05-17 04:00:00,3,1,2
2022-05-17 05:00:00,36,21,15
2022-05-17 06:00:00,124,70,54
2022-05-17 07:00:00,205,107,98
2022-05-17 08:00:00,180,90,90
2022-05-17 09:00:00,139,68,71
2022-05-17 10:00:00,117,63,54
2022-05-17 11:00:00,145,79,66
2022-05-17 12:00:00,203,102,101
2022-05-17 13:00:00,198,95,103
2022-05-17 14:00:00,182,94,88
2022-05-17 15:00:00,208,110,98
2022-05-17 16:00:00,266,134,132
2022-05-17 17:00:00,404,238,166
2022-05-17 18:00:00,392,216,176
2022-05-17 19:00:00,346,167,179
2022-05-17 20:00:00,222,94,128
2022-05-17 21:00:00,76,24,52
2022-05-17 22:00:00,16,10,6
2022-05-17 23:00:00,11,7,4
2022-05-18 00:00:00,7,4,3
2022-05-18 01:00:00,6,3,3
2022-05-18 02:00:00,0,0,0
2022-05-18 03:00:00,0,0,0
2022-05-18 04:00:00,2,1,1
2022-05-18 05:00:00,16,10,6
2022-05-18 06:00:00,80,44,36
2022-05-18 07:00:00,118,56,62
2022-05-18 08:00:00,79,45,34
2022-05-18 09:00:00,40,24,16
2022-05-18 10:00:00,28,12,16
2022-05-18 11:00:00,67,36,31
2022-05-18 12:00:00,151,79,72
2022-05-18 13:00:00,113,53,60
2022-05-18 14:00:00,131,68,63
2022-05-18 15:00:00,188,103,85
2022-05-18 16:00:00,253,145,108
2022-05-18 17:00:00,316,175,141
2022-05-18 18:00:00,304,148,156
2022-05-18 19:00:00,252,109,143
2022-05-18 20:00:00,159,69,90
2022-05-18 21:00:00,54,21,33
2022-05-18 22:00:00,18,10,8
2022-05-18 23:00:00,4,2,2
2022-05-19 00:00:00,2,0,2
2022-05-19 01:00:00,2,2,0
2022-05-19 02:00:00,4,4,0
2022-05-19 03:00:00,0,0,0
2022-05-19 04:00:00,3,2,1
2022-05-19 05:00:00,22,12,10
2022-05-19 06:00:00,136,78,58
2022-05-19 07:00:00,220,116,104
2022-05-19 08:00:00,196,90,106
2022-05-19 09:00:00,155,77,78
2022-05-19 10:00:00,131,67,64
2022-05-19 11:00:00,173,77,96
2022-05-19 12:00:00,221,106,115
2022-05-19 13:00:00,150,69,81
2022-05-19 14:00:00,180,94,86
2022-05-19 15:00:00,238,122,116
2022-05-19 16:00:00,447,237,210
2022-05-19 17:00:00,544,300,244
2022-05-19 18:00:00,521,297,224
2022-05-19 19:00:00,401,218,183
2022-05-19 20:00:00,247,98,149
2022-05-19 21:00:00,77,27,50
2022-05-19 22:00:00,20,10,10
2022-05-19 23:00:00,18,12,6
2022-05-20 00:00:00,3,3,0
2022-05-20 01:00:00,2,1,1
2022-05-20 02:00:00,3,1,2
2022-05-20 03:00:00,2,0,2
2022-05-20 04:00:00,5,4,1
2022-05-20 05:00:00,25,13,12
2022-05-20 06:00:00,77,36,41
2022-05-20 07:00:00,177,93,84
2022-05-20 08:00:00,203,95,108
2022-05-20 09:00:00,198,103,95
2022-05-20 10:00:00,133,73,60
2022-05-20 11:00:00,152,70,82
2022-05-20 12:00:00,162,83,79
2022-05-20 13:00:00,154,84,70
2022-05-20 14:00:00,191,88,103
2022-05-20 15:00:00,275,142,133
2022-05-20 16:00:00,377,209,168
2022-05-20 17:00:00,477,260,217
2022-05-20 18:00:00,514,257,257
2022-05-20 19:00:00,392,197,195
2022-05-20 20:00:00,287,125,162
2022-05-20 21:00:00,142,51,91
2022-05-20 22:00:00,31,15,16
2022-05-20 23:00:00,12,7,5
2022-05-21 00:00:00,34,19,15
2022-05-21 01:00:00,0,0,0
2022-05-21 02:00:00,3,1,2
2022-05-21 03:00:00,0,0,0
2022-05-21 04:00:00,4,0,4
2022-05-21 05:00:00,12,7,5
2022-05-21 06:00:00,57,36,21
2022-05-21 07:00:00,135,69,66
2022-05-21 08:00:00,191,93,98
2022-05-21 09:00:00,259,135,124
2022-05-21 10:00:00,341,175,166
2022-05-21 11:00:00,399,215,184
2022-05-21 12:00:00,438,216,222
2022-05-21 13:00:00,412,199,213
2022-05-21 14:00:00,506,254,252
2022-05-21 15:00:00,562,296,266
2022-05-21 16:00:00,523,245,278
2022-05-21 17:00:00,503,248,255
2022-05-21 18:00:00,496,266,230
2022-05-21 19:00:00,361,169,192
2022-05-21 20:00:00,302,127,175
2022-05-21 21:00:00,243,163,80
2022-05-21 22:00:00,46,25,21
2022-05-21 23:00:00,23,16,7
2022-05-22 00:00:00,16,7,9
2022-05-22 01:00:00,13,6,7
2022-05-22 02:00:00,3,2,1
2022-05-22 03:00:00,0,0,0
2022-05-22 04:00:00,3,3,0
2022-05-22 05:00:00,9,5,4
2022-05-22 06:00:00,47,28,19
2022-05-22 07:00:00,123,69,54
2022-05-22 08:00:00,200,110,90
2022-05-22 09:00:00,307,156,151
2022-05-22 10:00:00,426,221,205
2022-05-22 11:00:00,516,269,247
2022-05-22 12:00:00,497,240,257
2022-05-22 13:00:00,482,256,226
2022-05-22 14:00:00,569,296,273
2022-05-22 15:00:00,589,300,289
2022-05-22 16:00:00,528,269,259
2022-05-22 17:00:00,487,259,228
2022-05-22 18:00:00,444,224,220
2022-05-22 19:00:00,345,156,189
2022-05-22 20:00:00,189,87,102
2022-05-22 21:00:00,63,27,36
2022-05-22 22:00:00,32,6,26
2022-05-22 23:00:00,20,9,11
2022-05-23 00:00:00,9,5,4
2022-05-23 01:00:00,1,0,1
2022-05-23 02:00:00,0,0,0
2022-05-23 03:00:00,0,0,0
2022-05-23 04:00:00,3,1,2
2022-05-23 05:00:00,29,13,16
2022-05-23 06:00:00,103,57,46
2022-05-23 07:00:00,162,85,77
2022-05-23 08:00:00,186,88,98
2022-05-23 09:00:00,149,72,77
2022-05-23 10:00:00,148,75,73
2022-05-23 11:00:00,145,71,74
2022-05-23 12:00:00,204,107,97
2022-05-23 13:00:00,195,102,93
2022-05-23 14:00:00,231,114,117
2022-05-23 15:00:00,190,99,91
2022-05-23 16:00:00,312,174,138
2022-05-23 17:00:00,447,241,206
2022-05-23 18:00:00,444,257,187
2022-05-23 19:00:00,402,182,220
2022-05-23 20:00:00,288,129,159
2022-05-23 21:00:00,94,36,58
2022-05-23 22:00:00,26,16,10
2022-05-23 23:00:00,10,5,5
2022-05-24 00:00:00,11,8,3
2022-05-24 01:00:00,3,3,0
2022-05-24 02:00:00,3,2,1
2022-05-24 03:00:00,2,2,0
2022-05-24 04:00:00,5,3,2
2022-05-24 05:00:00,50,31,19
2022-05-24 06:00:00,140,70,70
2022-05-24 07:00:00,194,97,97
2022-05-24 08:00:00,199,89,110
2022-05-24 09:00:00,180,87,93
2022-05-24 10:00:00,137,61,76
2022-05-24 11:00:00,173,88,85
2022-05-24 12:00:00,228,118,110
2022-05-24 13:00:00,164,75,89
2022-05-24 14:00:00,191,95,96
2022-05-24 15:00:00,207,93,114
2022-05-24 16:00:00,226,127,99
2022-05-24 17:00:00,268,147,121
2022-05-24 18:00:00,262,143,119
2022-05-24 19:00:00,142,66,76
2022-05-24 20:00:00,86,38,48
2022-05-24 21:00:00,57,17,40
2022-05-24 22:00:00,23,18,5
2022-05-24 23:00:00,9,4,5
2022-05-25 00:00:00,7,3,4
2022-05-25 01:00:00,1,1,0
2022-05-25 02:00:00,2,2,0
2022-05-25 03:00:00,0,0,0
2022-05-25 04:00:00,6,5,1
2022-05-25 05:00:00,31,16,15
2022-05-25 06:00:00,135,64,71
2022-05-25 07:00:00,184,81,103
2022-05-25 08:00:00,167,73,94
2022-05-25 09:00:00,133,74,59
2022-05-25 10:00:00,121,66,55
2022-05-25 11:00:00,187,96,91
2022-05-25 12:00:00,236,114,122
2022-05-25 13:00:00,205,100,105
2022-05-25 14:00:00,215,115,100
2022-05-25 15:00:00,292,160,132
2022-05-25 16:00:00,416,243,173
2022-05-25 17:00:00,541,313,228
2022-05-25 18:00:00,582,309,273
2022-05-25 19:00:00,494,235,259
2022-05-25 20:00:00,297,118,179
2022-05-25 21:00:00,88,29,59
2022-05-25 22:00:00,27,16,11
2022-05-25 23:00:00,9,6,3
2022-05-26 00:00:00,4,0,4
2022-05-26 01:00:00,4,4,0
2022-05-26 02:00:00,1,1,0
2022-05-26 03:00:00,1,1,0
2022-05-26 04:00:00,5,2,3
2022-05-26 05:00:00,42,27,15
2022-05-26 06:00:00,127,71,56
2022-05-26 07:00:00,160,85,75
2022-05-26 08:00:00,211,93,118
2022-05-26 09:00:00,152,76,76
2022-05-26 10:00:00,98,53,45
2022-05-26 11:00:00,116,56,60
2022-05-26 12:00:00,210,106,104
2022-05-26 13:00:00,192,100,92
2022-05-26 14:00:00,140,60,80
2022-05-26 15:00:00,176,88,88
2022-05-26 16:00:00,185,94,91
2022-05-26 17:00:00,226,129,97
2022-05-26 18:00:00,146,83,63
2022-05-26 19:00:00,120,67,53
2022-05-26 20:00:00,64,31,33
2022-05-26 21:00:00,65,26,39
2022-05-26 22:00:00,16,6,10
2022-05-26 23:00:00,11,7,4
2022-05-27 00:00:00,6,2,4
2022-05-27 01:00:00,5,3,2
2022-05-27 02:00:00,1,1,0
2022-05-27 03:00:00,0,0,0
2022-05-27 04:00:00,2,1,1
2022-05-27 05:00:00,19,8,11
2022-05-27 06:00:00,71,41,30
2022-05-27 07:00:00,145,76,69
2022-05-27 08:00:00,145,68,77
2022-05-27 09:00:00,168,99,69
2022-05-27 10:00:00,147,81,66
2022-05-27 11:00:00,215,109,106
2022-05-27 12:00:00,219,116,103
2022-05-27 13:00:00,191,83,108
2022-05-27 14:00:00,215,111,104
2022-05-27 15:00:00,280,134,146
2022-05-27 16:00:00,274,144,130
2022-05-27 17:00:00,322,175,147
2022-05-27 18:00:00,359,176,183
2022-05-27 19:00:00,277,131,146
2022-05-27 20:00:00,195,88,107
2022-05-27 21:00:00,96,38,58
2022-05-27 22:00:00,32,20,12
2022-05-27 23:00:00,15,12,3
2022-05-28 00:00:00,23,20,3
2022-05-28 01:00:00,5,2,3
2022-05-28 02:00:00,9,2,7
2022-05-28 03:00:00,1,0,1
2022-05-28 04:00:00,7,4,3
2022-05-28 05:00:00,13,6,7
2022-05-28 06:00:00,41,22,19
2022-05-28 07:00:00,74,41,33
2022-05-28 08:00:00,112,66,46
2022-05-28 09:00:00,204,104,100
2022-05-28 10:00:00,215,116,99
2022-05-28 11:00:00,185,89,96
2022-05-28 12:00:00,200,97,103
2022-05-28 13:00:00,158,68,90
2022-05-28 14:00:00,182,91,91
2022-05-28 15:00:00,172,86,86
2022-05-28 16:00:00,66,30,36
2022-05-28 17:00:00,79,43,36
2022-05-28 18:00:00,78,38,40
2022-05-28 19:00:00,55,24,31
2022-05-28 20:00:00,33,17,16
2022-05-28 21:00:00,18,10,8
2022-05-28 22:00:00,9,7,2
2022-05-28 23:00:00,3,2,1
2022-05-29 00:00:00,6,6,0
2022-05-29 01:00:00,0,0,0
2022-05-29 02:00:00,0,0,0
2022-05-29 03:00:00,1,1,0
2022-05-29 04:00:00,0,0,0
2022-05-29 05:00:00,8,4,4
2022-05-29 06:00:00,22,10,12
2022-05-29 07:00:00,47,27,20
2022-05-29 08:00:00,112,58,54
2022-05-29 09:00:00,228,129,99
2022-05-29 10:00:00,252,135,117
2022-05-29 11:00:00,234,108,126
2022-05-29 12:00:00,237,126,111
2022-05-29 13:00:00,237,122,115
2022-05-29 14:00:00,90,30,60
2022-05-29 15:00:00,25,12,13
2022-05-29 16:00:00,50,31,19
2022-05-29 17:00:00,90,35,55
2022-05-29 18:00:00,72,37,35
2022-05-29 19:00:00,57,30,27
2022-05-29 20:00:00,64,30,34
2022-05-29 21:00:00,54,32,22
2022-05-29 22:00:00,9,4,5
2022-05-29 23:00:00,6,4,2
2022-05-30 00:00:00,2,2,0
2022-05-30 01:00:00,1,0,1
2022-05-30 02:00:00,2,1,1
2022-05-30 03:00:00,0,0,0
2022-05-30 04:00:00,5,2,3
2022-05-30 05:00:00,14,9,5
2022-05-30 06:00:00,27,16,11
2022-05-30 07:00:00,82,44,38
2022-05-30 08:00:00,154,100,54
2022-05-30 09:00:00,172,94,78
2022-05-30 10:00:00,352,185,167
2022-05-30 11:00:00,458,213,245
2022-05-30 12:00:00,376,197,179
2022-05-30 13:00:00,429,208,221
2022-05-30 14:00:00,506,261,245
2022-05-30 15:00:00,412,202,210
2022-05-30 16:00:00,394,197,197
2022-05-30 17:00:00,403,211,192
2022-05-30 18:00:00,358,178,180
2022-05-30 19:00:00,291,133,158
2022-05-30 20:00:00,157,67,90
2022-05-30 21:00:00,67,23,44
2022-05-30 22:00:00,17,7,10
2022-05-30 23:00:00,6,4,2
2022-05-31 00:00:00,2,1,1
2022-05-31 01:00:00,8,3,5
2022-05-31 02:00:00,0,0,0
2022-05-31 03:00:00,1,0,1
2022-05-31 04:00:00,6,1,5
2022-05-31 05:00:00,31,19,12
2022-05-31 06:00:00,110,59,51
2022-05-31 07:00:00,216,106,110
2022-05-31 08:00:00,214,101,113
2022-05-31 09:00:00,177,89,88
2022-05-31 10:00:00,121,58,63
2022-05-31 11:00:00,188,88,100
2022-05-31 12:00:00,282,148,134
2022-05-31 13:00:00,266,131,135
2022-05-31 14:00:00,249,129,120
2022-05-31 15:00:00,362,194,168
2022-05-31 16:00:00,440,251,189
2022-05-31 17:00:00,562,333,229
2022-05-31 18:00:00,700,355,345
2022-05-31 19:00:00,503,238,265
2022-05-31 20:00:00,364,158,206
2022-05-31 21:00:00,141,51,90
2022-05-31 22:00:00,29,15,14
2022-05-31 23:00:00,17,14,3