Date,MTS Trl West of I-90 Bridge Total,Bike East,Bike West
2019-12-01 00:00:00,0,0,0
2019-12-01 01:00:00,0,0,0
2019-12-01 02:00:00,0,0,0
2019-12-01 03:00:00,0,0,0
2019-12-01 04:00:00,0,0,0
2019-12-01 05:00:00,0,0,0
2019-12-01 06:00:00,2,0,2
2019-12-01 07:00:00,6,4,2
2019-12-01 08:00:00,6,2,4
2019-12-01 09:00:00,11,7,4
2019-12-01 10:00:00,17,7,10
2019-12-01 11:00:00,18,12,6
2019-12-01 12:00:00,22,13,9
2019-12-01 13:00:00,20,10,10
2019-12-01 14:00:00,20,13,7
2019-12-01 15:00:00,15,10,5
2019-12-01 16:00:00,4,3,1
2019-12-01 17:00:00,0,0,0
2019-12-01 18:00:00,3,2,1
2019-12-01 19:00:00,2,2,0
2019-12-01 20:00:00,1,0,1
2019-12-01 21:00:00,1,1,0
2019-12-01 22:00:00,0,0,0
2019-12-01 23:00:00,0,0,0
2019-12-02 00:00:00,0,0,0
2019-12-02 01:00:00,0,0,0
2019-12-02 02:00:00,0,0,0
2019-12-02 03:00:00,0,0,0
2019-12-02 04:00:00,1,1,0
2019-12-02 05:00:00,7,5,2
2019-12-02 06:00:00,13,6,7
2019-12-02 07:00:00,37,21,16
2019-12-02 08:00:00,36,25,11
2019-12-02 09:00:00,23,15,8
2019-12-02 10:00:00,8,4,4
2019-12-02 11:00:00,17,6,11
2019-12-02 12:00:00,18,8,10
2019-12-02 13:00:00,10,6,4
2019-12-02 14:00:00,15,5,10
2019-12-02 15:00:00,29,16,13
2019-12-02 16:00:00,34,19,15
2019-12-02 17:00:00,40,21,19
2019-12-02 18:00:00,35,13,22
2019-12-02 19:00:00,8,4,4
2019-12-02 20:00:00,5,2,3
2019-12-02 21:00:00,7,3,4
2019-12-02 22:00:00,0,0,0
2019-12-02 23:00:00,1,1,0
2019-12-03 00:00:00,0,0,0
2019-12-03 01:00:00,1,0,1
2019-12-03 02:00:00,0,0,0
2019-12-03 03:00:00,0,0,0
2019-12-03 04:00:00,1,1,0
2019-12-03 05:00:00,5,4,1
2019-12-03 06:00:00,15,9,6
2019-12-03 07:00:00,34,20,14
2019-12-03 08:00:00,46,31,15
2019-12-03 09:00:00,25,19,6
2019-12-03 10:00:00,8,4,4
2019-12-03 11:00:00,15,9,6
2019-12-03 12:00:00,18,11,7
2019-12-03 13:00:00,12,6,6
2019-12-03 14:00:00,20,10,10
2019-12-03 15:00:00,20,11,9
2019-12-03 16:00:00,33,17,16
2019-12-03 17:00:00,50,12,38
2019-12-03 18:00:00,34,19,15
2019-12-03 19:00:00,11,3,8
2019-12-03 20:00:00,8,6,2
2019-12-03 21:00:00,1,1,0
2019-12-03 22:00:00,0,0,0
2019-12-03 23:00:00,3,3,0
2019-12-04 00:00:00,0,0,0
2019-12-04 01:00:00,0,0,0
2019-12-04 02:00:00,0,0,0
2019-12-04 03:00:00,0,0,0
2019-12-04 04:00:00,3,3,0
2019-12-04 05:00:00,0,0,0
2019-12-04 06:00:00,11,7,4
2019-12-04 07:00:00,36,18,18
2019-12-04 08:00:00,23,16,7
2019-12-04 09:00:00,12,9,3
2019-12-04 10:00:00,10,6,4
2019-12-04 11:00:00,7,3,4
2019-12-04 12:00:00,2,2,0
2019-12-04 13:00:00,7,2,5
2019-12-04 14:00:00,6,5,1
2019-12-04 15:00:00,7,4,3
2019-12-04 16:00:00,25,11,14
2019-12-04 17:00:00,31,12,19
2019-12-04 18:00:00,14,6,8
2019-12-04 19:00:00,10,5,5
2019-12-04 20:00:00,5,2,3
2019-12-04 21:00:00,3,1,2
2019-12-04 22:00:00,0,0,0
2019-12-04 23:00:00,0,0,0
2019-12-05 00:00:00,0,0,0
2019-12-05 01:00:00,1,0,1
2019-12-05 02:00:00,0,0,0
2019-12-05 03:00:00,0,0,0
2019-12-05 04:00:00,2,2,0
2019-12-05 05:00:00,5,3,2
2019-12-05 06:00:00,16,12,4
2019-12-05 07:00:00,34,14,20
2019-12-05 08:00:00,46,28,18
2019-12-05 09:00:00,23,17,6
2019-12-05 10:00:00,11,6,5
2019-12-05 11:00:00,10,5,5
2019-12-05 12:00:00,9,4,5
2019-12-05 13:00:00,12,7,5
2019-12-05 14:00:00,13,5,8
2019-12-05 15:00:00,32,20,12
2019-12-05 16:00:00,27,17,10
2019-12-05 17:00:00,43,19,24
2019-12-05 18:00:00,21,7,14
2019-12-05 19:00:00,14,7,7
2019-12-05 20:00:00,0,0,0
2019-12-05 21:00:00,0,0,0
2019-12-05 22:00:00,0,0,0
2019-12-05 23:00:00,0,0,0
2019-12-06 00:00:00,0,0,0
2019-12-06 01:00:00,2,1,1
2019-12-06 02:00:00,0,0,0
2019-12-06 03:00:00,1,1,0
2019-12-06 04:00:00,1,1,0
2019-12-06 05:00:00,6,3,3
2019-12-06 06:00:00,7,6,1
2019-12-06 07:00:00,27,16,11
2019-12-06 08:00:00,25,15,10
2019-12-06 09:00:00,29,17,12
2019-12-06 10:00:00,21,12,9
2019-12-06 11:00:00,15,9,6
2019-12-06 12:00:00,27,12,15
2019-12-06 13:00:00,25,16,9
2019-12-06 14:00:00,20,12,8
2019-12-06 15:00:00,35,18,17
2019-12-06 16:00:00,33,15,18
2019-12-06 17:00:00,28,7,21
2019-12-06 18:00:00,14,4,10
2019-12-06 19:00:00,6,3,3
2019-12-06 20:00:00,4,2,2
2019-12-06 21:00:00,1,1,0
2019-12-06 22:00:00,0,0,0
2019-12-06 23:00:00,0,0,0
2019-12-07 00:00:00,0,0,0
2019-12-07 01:00:00,0,0,0
2019-12-07 02:00:00,0,0,0
2019-12-07 03:00:00,0,0,0
2019-12-07 04:00:00,0,0,0
2019-12-07 05:00:00,0,0,0
2019-12-07 06:00:00,0,0,0
2019-12-07 07:00:00,1,0,1
2019-12-07 08:00:00,19,3,16
2019-12-07 09:00:00,49,2,47
2019-12-07 10:00:00,37,31,6
2019-12-07 11:00:00,22,18,4
2019-12-07 12:00:00,17,5,12
2019-12-07 13:00:00,22,17,5
2019-12-07 14:00:00,20,13,7
2019-12-07 15:00:00,9,7,2
2019-12-07 16:00:00,9,3,6
2019-12-07 17:00:00,4,3,1
2019-12-07 18:00:00,4,3,1
2019-12-07 19:00:00,0,0,0
2019-12-07 20:00:00,0,0,0
2019-12-07 21:00:00,2,2,0
2019-12-07 22:00:00,0,0,0
2019-12-07 23:00:00,0,0,0
2019-12-08 00:00:00,0,0,0
2019-12-08 01:00:00,0,0,0
2019-12-08 02:00:00,0,0,0
2019-12-08 03:00:00,0,0,0
2019-12-08 04:00:00,0,0,0
2019-12-08 05:00:00,0,0,0
2019-12-08 06:00:00,1,0,1
2019-12-08 07:00:00,8,6,2
2019-12-08 08:00:00,26,2,24
2019-12-08 09:00:00,43,23,20
2019-12-08 10:00:00,42,20,22
2019-12-08 11:00:00,55,31,24
2019-12-08 12:00:00,59,36,23
2019-12-08 13:00:00,42,21,21
2019-12-08 14:00:00,48,27,21
2019-12-08 15:00:00,48,36,12
2019-12-08 16:00:00,12,11,1
2019-12-08 17:00:00,4,3,1
2019-12-08 18:00:00,1,1,0
2019-12-08 19:00:00,3,3,0
2019-12-08 20:00:00,0,0,0
2019-12-08 21:00:00,1,1,0
2019-12-08 22:00:00,0,0,0
2019-12-08 23:00:00,0,0,0
2019-12-09 00:00:00,0,0,0
2019-12-09 01:00:00,0,0,0
2019-12-09 02:00:00,0,0,0
2019-12-09 03:00:00,0,0,0
2019-12-09 04:00:00,1,1,0
2019-12-09 05:00:00,8,6,2
2019-12-09 06:00:00,17,10,7
2019-12-09 07:00:00,40,23,17
2019-12-09 08:00:00,40,24,16
2019-12-09 09:00:00,26,17,9
2019-12-09 10:00:00,17,8,9
2019-12-09 11:00:00,13,3,10
2019-12-09 12:00:00,13,4,9
2019-12-09 13:00:00,11,3,8
2019-12-09 14:00:00,23,10,13
2019-12-09 15:00:00,29,12,17
2019-12-09 16:00:00,41,24,17
2019-12-09 17:00:00,49,18,31
2019-12-09 18:00:00,34,17,17
2019-12-09 19:00:00,23,7,16
2019-12-09 20:00:00,3,1,2
2019-12-09 21:00:00,2,1,1
2019-12-09 22:00:00,1,1,0
2019-12-09 23:00:00,0,0,0
2019-12-10 00:00:00,0,0,0
2019-12-10 01:00:00,0,0,0
2019-12-10 02:00:00,0,0,0
2019-12-10 03:00:00,0,0,0
2019-12-10 04:00:00,2,2,0
2019-12-10 05:00:00,7,3,4
2019-12-10 06:00:00,13,8,5
2019-12-10 07:00:00,35,21,14
2019-12-10 08:00:00,27,16,11
2019-12-10 09:00:00,19,9,10
2019-12-10 10:00:00,9,6,3
2019-12-10 11:00:00,7,6,1
2019-12-10 12:00:00,0,0,0
2019-12-10 13:00:00,1,0,1
2019-12-10 14:00:00,2,0,2
2019-12-10 15:00:00,12,6,6
2019-12-10 16:00:00,15,7,8
2019-12-10 17:00:00,31,14,17
2019-12-10 18:00:00,25,10,15
2019-12-10 19:00:00,6,4,2
2019-12-10 20:00:00,3,2,1
2019-12-10 21:00:00,2,2,0
2019-12-10 22:00:00,0,0,0
2019-12-10 23:00:00,1,1,0
2019-12-11 00:00:00,0,0,0
2019-12-11 01:00:00,0,0,0
2019-12-11 02:00:00,1,0,1
2019-12-11 03:00:00,0,0,0
2019-12-11 04:00:00,2,2,0
2019-12-11 05:00:00,4,3,1
2019-12-11 06:00:00,9,8,1
2019-12-11 07:00:00,24,11,13
2019-12-11 08:00:00,30,18,12
2019-12-11 09:00:00,12,8,4
2019-12-11 10:00:00,8,6,2
2019-12-11 11:00:00,5,5,0
2019-12-11 12:00:00,3,0,3
2019-12-11 13:00:00,6,3,3
2019-12-11 14:00:00,4,2,2
2019-12-11 15:00:00,6,2,4
2019-12-11 16:00:00,15,6,9
2019-12-11 17:00:00,22,8,14
2019-12-11 18:00:00,17,3,14
2019-12-11 19:00:00,11,7,4
2019-12-11 20:00:00,2,2,0
2019-12-11 21:00:00,2,0,2
2019-12-11 22:00:00,1,1,0
2019-12-11 23:00:00,1,1,0
2019-12-12 00:00:00,0,0,0
2019-12-12 01:00:00,0,0,0
2019-12-12 02:00:00,0,0,0
2019-12-12 03:00:00,1,1,0
2019-12-12 04:00:00,0,0,0
2019-12-12 05:00:00,1,1,0
2019-12-12 06:00:00,11,7,4
2019-12-12 07:00:00,20,12,8
2019-12-12 08:00:00,25,18,7
2019-12-12 09:00:00,8,6,2
2019-12-12 10:00:00,4,1,3
2019-12-12 11:00:00,4,3,1
2019-12-12 12:00:00,1,1,0
2019-12-12 13:00:00,2,1,1
2019-12-12 14:00:00,6,2,4
2019-12-12 15:00:00,4,2,2
2019-12-12 16:00:00,23,12,11
2019-12-12 17:00:00,23,5,18
2019-12-12 18:00:00,19,6,13
2019-12-12 19:00:00,13,7,6
2019-12-12 20:00:00,3,3,0
2019-12-12 21:00:00,4,1,3
2019-12-12 22:00:00,0,0,0
2019-12-12 23:00:00,0,0,0
2019-12-13 00:00:00,0,0,0
2019-12-13 01:00:00,0,0,0
2019-12-13 02:00:00,0,0,0
2019-12-13 03:00:00,0,0,0
2019-12-13 04:00:00,0,0,0
2019-12-13 05:00:00,4,2,2
2019-12-13 06:00:00,16,7,9
2019-12-13 07:00:00,30,14,16
2019-12-13 08:00:00,30,22,8
2019-12-13 09:00:00,26,17,9
2019-12-13 10:00:00,20,14,6
2019-12-13 11:00:00,14,8,6
2019-12-13 12:00:00,15,9,6
2019-12-13 13:00:00,14,7,7
2019-12-13 14:00:00,17,7,10
2019-12-13 15:00:00,21,11,10
2019-12-13 16:00:00,25,12,13
2019-12-13 17:00:00,24,11,13
2019-12-13 18:00:00,15,4,11
2019-12-13 19:00:00,11,4,7
2019-12-13 20:00:00,2,1,1
2019-12-13 21:00:00,1,1,0
2019-12-13 22:00:00,0,0,0
2019-12-13 23:00:00,0,0,0
2019-12-14 00:00:00,0,0,0
2019-12-14 01:00:00,4,2,2
2019-12-14 02:00:00,0,0,0
2019-12-14 03:00:00,0,0,0
2019-12-14 04:00:00,0,0,0
2019-12-14 05:00:00,0,0,0
2019-12-14 06:00:00,4,2,2
2019-12-14 07:00:00,1,1,0
2019-12-14 08:00:00,9,4,5
2019-12-14 09:00:00,15,10,5
2019-12-14 10:00:00,22,9,13
2019-12-14 11:00:00,30,15,15
2019-12-14 12:00:00,16,12,4
2019-12-14 13:00:00,18,12,6
2019-12-14 14:00:00,14,10,4
2019-12-14 15:00:00,19,12,7
2019-12-14 16:00:00,5,4,1
2019-12-14 17:00:00,3,3,0
2019-12-14 18:00:00,4,4,0
2019-12-14 19:00:00,2,0,2
2019-12-14 20:00:00,0,0,0
2019-12-14 21:00:00,2,2,0
2019-12-14 22:00:00,0,0,0
2019-12-14 23:00:00,0,0,0
2019-12-15 00:00:00,0,0,0
2019-12-15 01:00:00,0,0,0
2019-12-15 02:00:00,0,0,0
2019-12-15 03:00:00,0,0,0
2019-12-15 04:00:00,0,0,0
2019-12-15 05:00:00,0,0,0
2019-12-15 06:00:00,3,1,2
2019-12-15 07:00:00,6,2,4
2019-12-15 08:00:00,11,2,9
2019-12-15 09:00:00,30,8,22
2019-12-15 10:00:00,24,12,12
2019-12-15 11:00:00,41,31,10
2019-12-15 12:00:00,18,12,6
2019-12-15 13:00:00,27,15,12
2019-12-15 14:00:00,33,19,14
2019-12-15 15:00:00,35,24,11
2019-12-15 16:00:00,14,10,4
2019-12-15 17:00:00,7,4,3
2019-12-15 18:00:00,4,4,0
2019-12-15 19:00:00,0,0,0
2019-12-15 20:00:00,0,0,0
2019-12-15 21:00:00,0,0,0
2019-12-15 22:00:00,3,1,2
2019-12-15 23:00:00,0,0,0
2019-12-16 00:00:00,1,1,0
2019-12-16 01:00:00,0,0,0
2019-12-16 02:00:00,0,0,0
2019-12-16 03:00:00,0,0,0
2019-12-16 04:00:00,3,3,0
2019-12-16 05:00:00,4,3,1
2019-12-16 06:00:00,17,11,6
2019-12-16 07:00:00,24,9,15
2019-12-16 08:00:00,36,20,16
2019-12-16 09:00:00,15,11,4
2019-12-16 10:00:00,18,10,8
2019-12-16 11:00:00,9,3,6
2019-12-16 12:00:00,5,3,2
2019-12-16 13:00:00,13,5,8
2019-12-16 14:00:00,12,7,5
2019-12-16 15:00:00,29,13,16
2019-12-16 16:00:00,35,17,18
2019-12-16 17:00:00,47,21,26
2019-12-16 18:00:00,22,11,11
2019-12-16 19:00:00,16,6,10
2019-12-16 20:00:00,6,5,1
2019-12-16 21:00:00,5,3,2
2019-12-16 22:00:00,2,1,1
2019-12-16 23:00:00,0,0,0
2019-12-17 00:00:00,0,0,0
2019-12-17 01:00:00,1,0,1
2019-12-17 02:00:00,0,0,0
2019-12-17 03:00:00,0,0,0
2019-12-17 04:00:00,1,1,0
2019-12-17 05:00:00,8,5,3
2019-12-17 06:00:00,18,11,7
2019-12-17 07:00:00,34,19,15
2019-12-17 08:00:00,32,18,14
2019-12-17 09:00:00,22,10,12
2019-12-17 10:00:00,16,10,6
2019-12-17 11:00:00,14,7,7
2019-12-17 12:00:00,23,16,7
2019-12-17 13:00:00,17,5,12
2019-12-17 14:00:00,31,15,16
2019-12-17 15:00:00,24,15,9
2019-12-17 16:00:00,35,19,16
2019-12-17 17:00:00,46,18,28
2019-12-17 18:00:00,31,10,21
2019-12-17 19:00:00,9,5,4
2019-12-17 20:00:00,10,6,4
2019-12-17 21:00:00,5,4,1
2019-12-17 22:00:00,0,0,0
2019-12-17 23:00:00,1,0,1
2019-12-18 00:00:00,0,0,0
2019-12-18 01:00:00,0,0,0
2019-12-18 02:00:00,0,0,0
2019-12-18 03:00:00,0,0,0
2019-12-18 04:00:00,1,1,0
2019-12-18 05:00:00,5,4,1
2019-12-18 06:00:00,13,9,4
2019-12-18 07:00:00,22,12,10
2019-12-18 08:00:00,31,19,12
2019-12-18 09:00:00,21,15,6
2019-12-18 10:00:00,8,5,3
2019-12-18 11:00:00,7,2,5
2019-12-18 12:00:00,10,5,5
2019-12-18 13:00:00,10,3,7
2019-12-18 14:00:00,10,4,6
2019-12-18 15:00:00,10,5,5
2019-12-18 16:00:00,24,8,16
2019-12-18 17:00:00,27,9,18
2019-12-18 18:00:00,18,8,10
2019-12-18 19:00:00,9,5,4
2019-12-18 20:00:00,1,0,1
2019-12-18 21:00:00,0,0,0
2019-12-18 22:00:00,2,1,1
2019-12-18 23:00:00,0,0,0
2019-12-19 00:00:00,0,0,0
2019-12-19 01:00:00,0,0,0
2019-12-19 02:00:00,0,0,0
2019-12-19 03:00:00,0,0,0
2019-12-19 04:00:00,2,2,0
2019-12-19 05:00:00,1,1,0
2019-12-19 06:00:00,9,5,4
2019-12-19 07:00:00,15,9,6
2019-12-19 08:00:00,15,10,5
2019-12-19 09:00:00,10,6,4
2019-12-19 10:00:00,9,8,1
2019-12-19 11:00:00,7,4,3
2019-12-19 12:00:00,8,2,6
2019-12-19 13:00:00,3,0,3
2019-12-19 14:00:00,0,0,0
2019-12-19 15:00:00,5,1,4
2019-12-19 16:00:00,10,5,5
2019-12-19 17:00:00,20,5,15
2019-12-19 18:00:00,13,5,8
2019-12-19 19:00:00,7,3,4
2019-12-19 20:00:00,1,1,0
2019-12-19 21:00:00,1,1,0
2019-12-19 22:00:00,1,1,0
2019-12-19 23:00:00,0,0,0
2019-12-20 00:00:00,0,0,0
2019-12-20 01:00:00,1,0,1
2019-12-20 02:00:00,0,0,0
2019-12-20 03:00:00,0,0,0
2019-12-20 04:00:00,0,0,0
2019-12-20 05:00:00,3,2,1
2019-12-20 06:00:00,3,2,1
2019-12-20 07:00:00,3,2,1
2019-12-20 08:00:00,8,4,4
2019-12-20 09:00:00,6,3,3
2019-12-20 10:00:00,3,3,0
2019-12-20 11:00:00,4,1,3
2019-12-20 12:00:00,0,0,0
2019-12-20 13:00:00,1,1,0
2019-12-20 14:00:00,1,0,1
2019-12-20 15:00:00,2,2,0
2019-12-20 16:00:00,2,2,0
2019-12-20 17:00:00,9,3,6
2019-12-20 18:00:00,6,1,5
2019-12-20 19:00:00,3,1,2
2019-12-20 20:00:00,2,1,1
2019-12-20 21:00:00,1,1,0
2019-12-20 22:00:00,1,0,1
2019-12-20 23:00:00,0,0,0
2019-12-21 00:00:00,0,0,0
2019-12-21 01:00:00,0,0,0
2019-12-21 02:00:00,0,0,0
2019-12-21 03:00:00,0,0,0
2019-12-21 04:00:00,0,0,0
2019-12-21 05:00:00,0,0,0
2019-12-21 06:00:00,0,0,0
2019-12-21 07:00:00,0,0,0
2019-12-21 08:00:00,4,2,2
2019-12-21 09:00:00,12,12,0
2019-12-21 10:00:00,3,0,3
2019-12-21 11:00:00,6,2,4
2019-12-21 12:00:00,5,5,0
2019-12-21 13:00:00,7,2,5
2019-12-21 14:00:00,10,5,5
2019-12-21 15:00:00,10,6,4
2019-12-21 16:00:00,3,1,2
2019-12-21 17:00:00,2,1,1
2019-12-21 18:00:00,4,2,2
2019-12-21 19:00:00,2,2,0
2019-12-21 20:00:00,0,0,0
2019-12-21 21:00:00,10,2,8
2019-12-21 22:00:00,8,0,8
2019-12-21 23:00:00,0,0,0
2019-12-22 00:00:00,0,0,0
2019-12-22 01:00:00,0,0,0
2019-12-22 02:00:00,0,0,0
2019-12-22 03:00:00,1,0,1
2019-12-22 04:00:00,0,0,0
2019-12-22 05:00:00,0,0,0
2019-12-22 06:00:00,1,0,1
2019-12-22 07:00:00,3,1,2
2019-12-22 08:00:00,20,7,13
2019-12-22 09:00:00,39,20,19
2019-12-22 10:00:00,44,27,17
2019-12-22 11:00:00,53,26,27
2019-12-22 12:00:00,78,52,26
2019-12-22 13:00:00,36,25,11
2019-12-22 14:00:00,36,23,13
2019-12-22 15:00:00,9,8,1
2019-12-22 16:00:00,11,10,1
2019-12-22 17:00:00,4,2,2
2019-12-22 18:00:00,1,1,0
2019-12-22 19:00:00,1,1,0
2019-12-22 20:00:00,0,0,0
2019-12-22 21:00:00,2,2,0
2019-12-22 22:00:00,0,0,0
2019-12-22 23:00:00,0,0,0
2019-12-23 00:00:00,0,0,0
2019-12-23 01:00:00,0,0,0
2019-12-23 02:00:00,0,0,0
2019-12-23 03:00:00,0,0,0
2019-12-23 04:00:00,0,0,0
2019-12-23 05:00:00,0,0,0
2019-12-23 06:00:00,3,3,0
2019-12-23 07:00:00,12,9,3
2019-12-23 08:00:00,16,11,5
2019-12-23 09:00:00,11,6,5
2019-12-23 10:00:00,14,7,7
2019-12-23 11:00:00,7,4,3
2019-12-23 12:00:00,11,4,7
2019-12-23 13:00:00,9,4,5
2019-12-23 14:00:00,13,8,5
2019-12-23 15:00:00,12,6,6
2019-12-23 16:00:00,27,13,14
2019-12-23 17:00:00,14,5,9
2019-12-23 18:00:00,10,3,7
2019-12-23 19:00:00,4,2,2
2019-12-23 20:00:00,1,0,1
2019-12-23 21:00:00,1,1,0
2019-12-23 22:00:00,0,0,0
2019-12-23 23:00:00,1,1,0
2019-12-24 00:00:00,0,0,0
2019-12-24 01:00:00,0,0,0
2019-12-24 02:00:00,0,0,0
2019-12-24 03:00:00,0,0,0
2019-12-24 04:00:00,0,0,0
2019-12-24 05:00:00,1,1,0
2019-12-24 06:00:00,1,1,0
2019-12-24 07:00:00,15,8,7
2019-12-24 08:00:00,15,6,9
2019-12-24 09:00:00,16,9,7
2019-12-24 10:00:00,14,3,11
2019-12-24 11:00:00,28,16,12
2019-12-24 12:00:00,24,14,10
2019-12-24 13:00:00,21,11,10
2019-12-24 14:00:00,32,15,17
2019-12-24 15:00:00,25,12,13
2019-12-24 16:00:00,10,5,5
2019-12-24 17:00:00,4,2,2
2019-12-24 18:00:00,1,1,0
2019-12-24 19:00:00,1,1,0
2019-12-24 20:00:00,0,0,0
2019-12-24 21:00:00,1,1,0
2019-12-24 22:00:00,0,0,0
2019-12-24 23:00:00,0,0,0
2019-12-25 00:00:00,0,0,0
2019-12-25 01:00:00,0,0,0
2019-12-25 02:00:00,0,0,0
2019-12-25 03:00:00,0,0,0
2019-12-25 04:00:00,0,0,0
2019-12-25 05:00:00,0,0,0
2019-12-25 06:00:00,0,0,0
2019-12-25 07:00:00,2,0,2
2019-12-25 08:00:00,5,0,5
2019-12-25 09:00:00,5,3,2
2019-12-25 10:00:00,10,3,7
2019-12-25 11:00:00,21,14,7
2019-12-25 12:00:00,17,6,11
2019-12-25 13:00:00,20,5,15
2019-12-25 14:00:00,23,6,17
2019-12-25 15:00:00,25,14,11
2019-12-25 16:00:00,6,5,1
2019-12-25 17:00:00,1,1,0
2019-12-25 18:00:00,0,0,0
2019-12-25 19:00:00,0,0,0
2019-12-25 20:00:00,0,0,0
2019-12-25 21:00:00,0,0,0
2019-12-25 22:00:00,0,0,0
2019-12-25 23:00:00,2,1,1
2019-12-26 00:00:00,0,0,0
2019-12-26 01:00:00,0,0,0
2019-12-26 02:00:00,0,0,0
2019-12-26 03:00:00,0,0,0
2019-12-26 04:00:00,1,1,0
2019-12-26 05:00:00,1,0,1
2019-12-26 06:00:00,4,3,1
2019-12-26 07:00:00,7,5,2
2019-12-26 08:00:00,6,4,2
2019-12-26 09:00:00,9,5,4
2019-12-26 10:00:00,8,5,3
2019-12-26 11:00:00,11,3,8
2019-12-26 12:00:00,11,4,7
2019-12-26 13:00:00,23,15,8
2019-12-26 14:00:00,19,7,12
2019-12-26 15:00:00,22,14,8
2019-12-26 16:00:00,10,7,3
2019-12-26 17:00:00,10,5,5
2019-12-26 18:00:00,9,4,5
2019-12-26 19:00:00,4,1,3
2019-12-26 20:00:00,3,2,1
2019-12-26 21:00:00,0,0,0
2019-12-26 22:00:00,0,0,0
2019-12-26 23:00:00,1,1,0
2019-12-27 00:00:00,1,1,0
2019-12-27 01:00:00,0,0,0
2019-12-27 02:00:00,0,0,0
2019-12-27 03:00:00,0,0,0
2019-12-27 04:00:00,1,1,0
2019-12-27 05:00:00,0,0,0
2019-12-27 06:00:00,9,5,4
2019-12-27 07:00:00,5,3,2
2019-12-27 08:00:00,8,5,3
2019-12-27 09:00:00,8,2,6
2019-12-27 10:00:00,9,4,5
2019-12-27 11:00:00,14,6,8
2019-12-27 12:00:00,19,6,13
2019-12-27 13:00:00,16,8,8
2019-12-27 14:00:00,15,11,4
2019-12-27 15:00:00,16,9,7
2019-12-27 16:00:00,18,12,6
2019-12-27 17:00:00,11,6,5
2019-12-27 18:00:00,6,0,6
2019-12-27 19:00:00,4,2,2
2019-12-27 20:00:00,0,0,0
2019-12-27 21:00:00,1,1,0
2019-12-27 22:00:00,1,0,1
2019-12-27 23:00:00,2,1,1
2019-12-28 00:00:00,0,0,0
2019-12-28 01:00:00,1,0,1
2019-12-28 02:00:00,0,0,0
2019-12-28 03:00:00,0,0,0
2019-12-28 04:00:00,1,1,0
2019-12-28 05:00:00,2,0,2
2019-12-28 06:00:00,1,1,0
2019-12-28 07:00:00,1,1,0
2019-12-28 08:00:00,15,11,4
2019-12-28 09:00:00,45,9,36
2019-12-28 10:00:00,47,18,29
2019-12-28 11:00:00,50,19,31
2019-12-28 12:00:00,48,21,27
2019-12-28 13:00:00,40,18,22
2019-12-28 14:00:00,29,22,7
2019-12-28 15:00:00,23,13,10
2019-12-28 16:00:00,5,1,4
2019-12-28 17:00:00,5,5,0
2019-12-28 18:00:00,0,0,0
2019-12-28 19:00:00,0,0,0
2019-12-28 20:00:00,0,0,0
2019-12-28 21:00:00,1,1,0
2019-12-28 22:00:00,0,0,0
2019-12-28 23:00:00,2,1,1
2019-12-29 00:00:00,1,1,0
2019-12-29 01:00:00,1,1,0
2019-12-29 02:00:00,0,0,0
2019-12-29 03:00:00,0,0,0
2019-12-29 04:00:00,0,0,0
2019-12-29 05:00:00,0,0,0
2019-12-29 06:00:00,0,0,0
2019-12-29 07:00:00,2,1,1
2019-12-29 08:00:00,12,3,9
2019-12-29 09:00:00,17,7,10
2019-12-29 10:00:00,18,11,7
2019-12-29 11:00:00,27,11,16
2019-12-29 12:00:00,35,22,13
2019-12-29 13:00:00,65,35,30
2019-12-29 14:00:00,52,28,24
2019-12-29 15:00:00,41,25,16
2019-12-29 16:00:00,26,25,1
2019-12-29 17:00:00,7,6,1
2019-12-29 18:00:00,5,4,1
2019-12-29 19:00:00,0,0,0
2019-12-29 20:00:00,0,0,0
2019-12-29 21:00:00,2,1,1
2019-12-29 22:00:00,2,2,0
2019-12-29 23:00:00,1,0,1
2019-12-30 00:00:00,0,0,0
2019-12-30 01:00:00,0,0,0
2019-12-30 02:00:00,0,0,0
2019-12-30 03:00:00,0,0,0
2019-12-30 04:00:00,1,1,0
2019-12-30 05:00:00,4,3,1
2019-12-30 06:00:00,8,4,4
2019-12-30 07:00:00,13,7,6
2019-12-30 08:00:00,26,19,7
2019-12-30 09:00:00,25,11,14
2019-12-30 10:00:00,8,0,8
2019-12-30 11:00:00,15,4,11
2019-12-30 12:00:00,15,10,5
2019-12-30 13:00:00,8,4,4
2019-12-30 14:00:00,14,5,9
2019-12-30 15:00:00,15,6,9
2019-12-30 16:00:00,24,18,6
2019-12-30 17:00:00,17,10,7
2019-12-30 18:00:00,13,6,7
2019-12-30 19:00:00,6,4,2
2019-12-30 20:00:00,1,0,1
2019-12-30 21:00:00,3,1,2
2019-12-30 22:00:00,0,0,0
2019-12-30 23:00:00,2,2,0
2019-12-31 00:00:00,0,0,0
2019-12-31 01:00:00,1,0,1
2019-12-31 02:00:00,0,0,0
2019-12-31 03:00:00,0,0,0
2019-12-31 04:00:00,2,1,1
2019-12-31 05:00:00,2,2,0
2019-12-31 06:00:00,7,5,2
2019-12-31 07:00:00,10,4,6
2019-12-31 08:00:00,11,9,2
2019-12-31 09:00:00,11,3,8
2019-12-31 10:00:00,12,2,10
2019-12-31 11:00:00,17,12,5
2019-12-31 12:00:00,8,5,3
2019-12-31 13:00:00,4,1,3
2019-12-31 14:00:00,6,4,2
2019-12-31 15:00:00,14,6,8
2019-12-31 16:00:00,13,6,7
2019-12-31 17:00:00,4,0,4
2019-12-31 18:00:00,2,1,1
2013-12-18 00:00:00,1,0,1
2013-12-18 01:00:00,1,0,1
2013-12-18 02:00:00,1,1,0
2013-12-18 03:00:00,0,0,0
2013-12-18 04:00:00,2,2,0
2013-12-18 05:00:00,7,1,6
2013-12-18 06:00:00,10,6,4
2013-12-18 07:00:00,27,16,11
2013-12-18 08:00:00,19,9,10
2013-12-18 09:00:00,12,3,9
2013-12-18 10:00:00,7,4,3
2013-12-18 11:00:00,15,9,6
2013-12-18 12:00:00,15,9,6
2013-12-18 13:00:00,5,2,3
2013-12-18 14:00:00,12,6,6
2013-12-18 15:00:00,15,7,8
2013-12-18 16:00:00,21,11,10
2013-12-18 17:00:00,20,8,12
2013-12-18 18:00:00,28,20,8
2013-12-18 19:00:00,11,9,2
2013-12-18 20:00:00,3,2,1
2013-12-18 21:00:00,2,1,1
2013-12-18 22:00:00,0,0,0
2013-12-18 23:00:00,2,1,1
2013-12-19 00:00:00,0,0,0
2013-12-19 01:00:00,0,0,0
2013-12-19 02:00:00,0,0,0
2013-12-19 03:00:00,0,0,0
2013-12-19 04:00:00,3,3,0
2013-12-19 05:00:00,1,0,1
2013-12-19 06:00:00,6,3,3
2013-12-19 07:00:00,21,15,6
2013-12-19 08:00:00,27,10,17
2013-12-19 09:00:00,15,5,10
2013-12-19 10:00:00,8,1,7
2013-12-19 11:00:00,18,5,13
2013-12-19 12:00:00,14,7,7
2013-12-19 13:00:00,16,12,4
2013-12-19 14:00:00,20,12,8
2013-12-19 15:00:00,10,6,4
2013-12-19 16:00:00,18,9,9
2013-12-19 17:00:00,22,10,12
2013-12-19 18:00:00,29,14,15
2013-12-19 19:00:00,4,2,2
2013-12-19 20:00:00,6,5,1
2013-12-19 21:00:00,3,2,1
2013-12-19 22:00:00,0,0,0
2013-12-19 23:00:00,0,0,0
2013-12-20 00:00:00,0,0,0
2013-12-20 01:00:00,0,0,0
2013-12-20 02:00:00,0,0,0
2013-12-20 03:00:00,0,0,0
2013-12-20 04:00:00,1,1,0
2013-12-20 05:00:00,2,0,2
2013-12-20 06:00:00,3,1,2
2013-12-20 07:00:00,5,4,1
2013-12-20 08:00:00,6,2,4
2013-12-20 09:00:00,1,1,0
2013-12-20 10:00:00,1,0,1
2013-12-20 11:00:00,0,0,0
2013-12-20 12:00:00,1,0,1
2013-12-20 13:00:00,2,0,2
2013-12-20 14:00:00,1,1,0
2013-12-20 15:00:00,0,0,0
2020-01-01 00:00:00,0,0,0
2013-12-20 16:00:00,3,3,0
2013-12-20 17:00:00,6,2,4
2013-12-20 18:00:00,5,4,1
2013-12-20 19:00:00,0,0,0
2013-12-20 20:00:00,1,1,0
2013-12-20 21:00:00,1,1,0
2013-12-20 22:00:00,1,1,0
2013-12-20 23:00:00,0,0,0
2013-12-21 00:00:00,0,0,0
2013-12-21 01:00:00,1,0,1
2013-12-21 02:00:00,0,0,0
2013-12-21 03:00:00,0,0,0
2013-12-21 04:00:00,0,0,0
2013-12-21 05:00:00,0,0,0
2013-12-21 06:00:00,0,0,0
2013-12-21 07:00:00,5,2,3
2013-12-21 08:00:00,39,19,20
2013-12-21 09:00:00,81,18,63
2013-12-21 10:00:00,49,19,30
2013-12-21 11:00:00,57,43,14
2013-12-21 12:00:00,62,43,19
2013-12-21 13:00:00,29,12,17
2013-12-21 14:00:00,16,9,7
2013-12-21 15:00:00,15,11,4
2013-12-21 16:00:00,8,3,5
2013-12-21 17:00:00,1,1,0
2013-12-21 18:00:00,0,0,0
2013-12-21 19:00:00,0,0,0
2013-12-21 20:00:00,0,0,0
2013-12-21 21:00:00,25,25,0
2013-12-21 22:00:00,1,1,0
2013-12-21 23:00:00,0,0,0
2013-12-22 00:00:00,1,1,0
2013-12-22 01:00:00,0,0,0
2013-12-22 02:00:00,0,0,0
2013-12-22 03:00:00,0,0,0
2013-12-22 04:00:00,0,0,0
2013-12-22 05:00:00,0,0,0
2013-12-22 06:00:00,0,0,0
2013-12-22 07:00:00,3,1,2
2013-12-22 08:00:00,16,7,9
2013-12-22 09:00:00,58,18,40
2013-12-22 10:00:00,40,25,15
2013-12-22 11:00:00,32,18,14
2013-12-22 12:00:00,25,24,1
2013-12-22 13:00:00,13,5,8
2013-12-22 14:00:00,14,11,3
2013-12-22 15:00:00,5,2,3
2013-12-22 16:00:00,7,7,0
2013-12-22 17:00:00,3,2,1
2013-12-22 18:00:00,1,1,0
2013-12-22 19:00:00,0,0,0
2013-12-22 20:00:00,0,0,0
2013-12-22 21:00:00,0,0,0
2013-12-22 22:00:00,0,0,0
2013-12-22 23:00:00,0,0,0
2013-12-23 00:00:00,0,0,0
2013-12-23 01:00:00,0,0,0
2013-12-23 02:00:00,0,0,0
2013-12-23 03:00:00,1,0,1
2013-12-23 04:00:00,1,1,0
2013-12-23 05:00:00,1,0,1
2013-12-23 06:00:00,6,5,1
2013-12-23 07:00:00,16,14,2
2013-12-23 08:00:00,9,3,6
2013-12-23 09:00:00,13,4,9
2013-12-23 10:00:00,2,0,2
2013-12-23 11:00:00,3,2,1
2013-12-23 12:00:00,9,5,4
2013-12-23 13:00:00,13,6,7
2013-12-23 14:00:00,18,5,13
2013-12-23 15:00:00,32,19,13
2013-12-23 16:00:00,19,10,9
2013-12-23 17:00:00,15,7,8
2013-12-23 18:00:00,18,12,6
2013-12-23 19:00:00,6,5,1
2013-12-23 20:00:00,0,0,0
2013-12-23 21:00:00,1,1,0
2013-12-23 22:00:00,1,0,1
2013-12-23 23:00:00,0,0,0
2013-12-24 00:00:00,0,0,0
2013-12-24 01:00:00,0,0,0
2013-12-24 02:00:00,0,0,0
2013-12-24 03:00:00,0,0,0
2013-12-24 04:00:00,1,1,0
2013-12-24 05:00:00,11,2,9
2013-12-24 06:00:00,0,0,0
2013-12-24 07:00:00,0,0,0
2013-12-24 08:00:00,0,0,0
2013-12-24 09:00:00,0,0,0
2013-12-24 10:00:00,25,13,12
2013-12-24 11:00:00,35,21,14
2013-12-24 12:00:00,42,18,24
2013-12-24 13:00:00,49,30,19
2013-12-24 14:00:00,46,26,20
2013-12-24 15:00:00,24,14,10
2013-12-24 16:00:00,10,7,3
2013-12-24 17:00:00,9,6,3
2013-12-24 18:00:00,7,3,4
2013-12-24 19:00:00,8,5,3
2013-12-24 20:00:00,0,0,0
2013-12-24 21:00:00,0,0,0
2013-12-24 22:00:00,0,0,0
2013-12-24 23:00:00,0,0,0
2013-12-25 00:00:00,0,0,0
2013-12-25 01:00:00,0,0,0
2013-12-25 02:00:00,0,0,0
2013-12-25 03:00:00,0,0,0
2013-12-25 04:00:00,0,0,0
2013-12-25 05:00:00,0,0,0
2013-12-25 06:00:00,0,0,0
2013-12-25 07:00:00,0,0,0
2013-12-25 08:00:00,1,0,1
2013-12-25 09:00:00,7,3,4
2013-12-25 10:00:00,14,1,13
2013-12-25 11:00:00,18,8,10
2013-12-25 12:00:00,27,17,10
2013-12-25 13:00:00,37,16,21
2013-12-25 14:00:00,41,16,25
2013-12-25 15:00:00,29,20,9
2013-12-25 16:00:00,15,10,5
2013-12-25 17:00:00,2,1,1
2013-12-25 18:00:00,0,0,0
2013-12-25 19:00:00,2,2,0
2013-12-25 20:00:00,0,0,0
2013-12-25 21:00:00,0,0,0
2013-12-25 22:00:00,0,0,0
2013-12-25 23:00:00,0,0,0
2013-12-26 00:00:00,1,1,0
2013-12-26 01:00:00,0,0,0
2013-12-26 02:00:00,0,0,0
2013-12-26 03:00:00,0,0,0
2013-12-26 04:00:00,1,1,0
2013-12-26 05:00:00,2,0,2
2013-12-26 06:00:00,8,7,1
2013-12-26 07:00:00,15,11,4
2013-12-26 08:00:00,12,3,9
2013-12-26 09:00:00,26,13,13
2013-12-26 10:00:00,18,8,10
2013-12-26 11:00:00,25,8,17
2013-12-26 12:00:00,20,10,10
2013-12-26 13:00:00,26,14,12
2013-12-26 14:00:00,36,17,19
2013-12-26 15:00:00,37,24,13
2013-12-26 16:00:00,33,13,20
2013-12-26 17:00:00,15,10,5
2013-12-26 18:00:00,12,9,3
2013-12-26 19:00:00,5,3,2
2013-12-26 20:00:00,2,1,1
2013-12-26 21:00:00,1,1,0
2013-12-26 22:00:00,1,0,1
2013-12-26 23:00:00,0,0,0
2013-12-27 00:00:00,0,0,0
2013-12-27 01:00:00,0,0,0
2013-12-27 02:00:00,0,0,0
2013-12-27 03:00:00,0,0,0
2013-12-27 04:00:00,1,1,0
2013-12-27 05:00:00,1,0,1
2013-12-27 06:00:00,9,7,2
2013-12-27 07:00:00,10,8,2
2013-12-27 08:00:00,11,5,6
2013-12-27 09:00:00,23,6,17
2013-12-30 18:00:00,17,10,7
2013-12-27 10:00:00,19,8,11
2013-12-27 11:00:00,33,4,29
2013-12-27 12:00:00,21,16,5
2013-12-27 13:00:00,12,8,4
2013-12-27 14:00:00,6,2,4
2013-12-27 15:00:00,8,3,5
2013-12-27 16:00:00,10,6,4
2013-12-27 17:00:00,16,7,9
2013-12-27 18:00:00,7,4,3
2013-12-27 19:00:00,3,3,0
2013-12-27 20:00:00,0,0,0
2013-12-27 21:00:00,1,1,0
2013-12-27 22:00:00,1,1,0
2013-12-27 23:00:00,1,0,1
2013-12-28 00:00:00,0,0,0
2013-12-28 01:00:00,0,0,0
2013-12-28 02:00:00,0,0,0
2013-12-28 03:00:00,0,0,0
2013-12-28 04:00:00,0,0,0
2013-12-28 05:00:00,0,0,0
2013-12-28 06:00:00,1,1,0
2013-12-28 07:00:00,1,1,0
2013-12-28 08:00:00,12,10,2
2013-12-28 09:00:00,65,35,30
2013-12-28 10:00:00,41,22,19
2013-12-28 11:00:00,76,38,38
2013-12-28 12:00:00,53,31,22
2013-12-28 13:00:00,61,31,30
2013-12-28 14:00:00,85,41,44
2013-12-28 15:00:00,40,30,10
2013-12-28 16:00:00,22,15,7
2013-12-28 17:00:00,3,3,0
2013-12-28 18:00:00,0,0,0
2013-12-28 19:00:00,2,2,0
2013-12-28 20:00:00,0,0,0
2013-12-28 21:00:00,4,3,1
2013-12-28 22:00:00,0,0,0
2013-12-28 23:00:00,0,0,0
2013-12-29 00:00:00,2,1,1
2013-12-29 01:00:00,0,0,0
2013-12-29 02:00:00,1,0,1
2013-12-29 03:00:00,0,0,0
2013-12-29 04:00:00,1,1,0
2013-12-29 05:00:00,1,0,1
2013-12-29 06:00:00,1,1,0
2013-12-29 07:00:00,10,0,10
2013-12-29 08:00:00,28,15,13
2013-12-29 09:00:00,33,17,16
2013-12-29 10:00:00,68,35,33
2013-12-29 11:00:00,53,38,15
2013-12-29 12:00:00,66,47,19
2013-12-29 13:00:00,47,32,15
2013-12-29 14:00:00,25,10,15
2013-12-29 15:00:00,28,15,13
2013-12-29 16:00:00,15,11,4
2013-12-29 17:00:00,1,1,0
2013-12-29 18:00:00,1,0,1
2013-12-29 19:00:00,5,5,0
2013-12-29 20:00:00,0,0,0
2013-12-29 21:00:00,0,0,0
2013-12-29 22:00:00,0,0,0
2013-12-29 23:00:00,0,0,0
2013-12-30 00:00:00,0,0,0
2013-12-30 01:00:00,0,0,0
2013-12-30 02:00:00,0,0,0
2013-12-30 03:00:00,0,0,0
2013-12-30 04:00:00,1,1,0
2013-12-30 05:00:00,5,3,2
2013-12-30 06:00:00,13,11,2
2013-12-30 07:00:00,22,15,7
2013-12-30 08:00:00,27,14,13
2013-12-30 09:00:00,20,10,10
2013-12-30 10:00:00,13,7,6
2013-12-30 11:00:00,18,9,9
2013-12-30 12:00:00,18,12,6
2013-12-30 13:00:00,10,5,5
2013-12-30 14:00:00,19,8,11
2013-12-30 15:00:00,28,20,8
2013-12-30 16:00:00,27,10,17
2013-12-30 17:00:00,35,18,17
2013-12-30 19:00:00,11,10,1
2013-12-30 20:00:00,2,0,2
2013-12-30 21:00:00,2,1,1
2013-12-30 22:00:00,2,0,2
2013-12-30 23:00:00,1,1,0
2013-12-31 00:00:00,0,0,0
2013-12-31 01:00:00,0,0,0
2013-12-31 02:00:00,0,0,0
2013-12-31 03:00:00,0,0,0
2013-12-31 04:00:00,1,1,0
2013-12-31 05:00:00,4,2,2
2013-12-31 06:00:00,5,4,1
2013-12-31 07:00:00,16,10,6
2013-12-31 08:00:00,18,7,11
2013-12-31 09:00:00,14,6,8
2013-12-31 10:00:00,10,6,4
2013-12-31 11:00:00,26,6,20
2013-12-31 12:00:00,26,15,11
2013-12-31 13:00:00,21,12,9
2013-12-31 14:00:00,20,13,7
2013-12-31 15:00:00,18,9,9
2013-12-31 16:00:00,15,8,7
2013-12-31 17:00:00,16,7,9
2013-12-31 18:00:00,4,3,1
2013-12-31 19:00:00,7,4,3
2013-12-31 20:00:00,0,0,0
2013-12-31 21:00:00,0,0,0
2013-12-31 22:00:00,1,0,1
2013-12-31 23:00:00,1,1,0
2014-01-01 00:00:00,0,0,0
2014-01-01 01:00:00,0,0,0
2014-01-01 02:00:00,2,1,1
2014-01-01 03:00:00,0,0,0
2014-01-01 04:00:00,1,1,0
2014-01-01 05:00:00,1,0,1
2014-01-01 06:00:00,1,0,1
2014-01-01 07:00:00,1,0,1
2014-01-01 08:00:00,14,6,8
2014-01-01 09:00:00,27,11,16
2014-01-01 10:00:00,29,16,13
2014-01-01 11:00:00,81,35,46
2014-01-01 12:00:00,77,39,38
2014-01-01 13:00:00,88,58,30
2014-01-01 14:00:00,51,33,18
2014-01-01 15:00:00,77,52,25
2014-01-01 16:00:00,27,15,12
2014-01-01 17:00:00,9,5,4
2014-01-01 18:00:00,0,0,0
2014-01-01 19:00:00,1,0,1
2014-01-01 20:00:00,0,0,0
2014-01-01 21:00:00,2,0,2
2014-01-01 22:00:00,0,0,0
2014-01-01 23:00:00,0,0,0
2014-01-02 00:00:00,0,0,0
2014-01-02 01:00:00,0,0,0
2014-01-02 02:00:00,0,0,0
2014-01-02 03:00:00,0,0,0
2014-01-02 04:00:00,0,0,0
2014-01-02 05:00:00,6,3,3
2014-01-02 06:00:00,5,3,2
2014-01-02 07:00:00,23,15,8
2014-01-02 08:00:00,23,11,12
2014-01-02 09:00:00,15,6,9
2014-01-02 10:00:00,10,3,7
2014-01-02 11:00:00,8,4,4
2014-01-02 12:00:00,11,3,8
2014-01-02 13:00:00,14,5,9
2014-01-02 14:00:00,14,7,7
2014-01-02 15:00:00,13,7,6
2014-01-02 16:00:00,18,7,11
2014-01-02 17:00:00,33,15,18
2014-01-02 18:00:00,9,5,4
2014-01-02 19:00:00,8,6,2
2014-01-02 20:00:00,3,2,1
2014-01-02 21:00:00,1,1,0
2014-01-02 22:00:00,0,0,0
2014-01-02 23:00:00,0,0,0
2014-01-03 00:00:00,0,0,0
2014-01-03 01:00:00,0,0,0
2014-01-03 02:00:00,0,0,0
2014-01-03 03:00:00,0,0,0
2014-01-03 04:00:00,1,1,0
2014-01-03 05:00:00,9,5,4
2014-01-03 06:00:00,11,7,4
2014-01-03 07:00:00,21,10,11
2014-01-03 08:00:00,33,22,11
2014-01-03 09:00:00,11,2,9
2014-01-03 10:00:00,13,7,6
2014-01-03 11:00:00,14,7,7
2014-01-03 12:00:00,16,4,12
2014-01-03 13:00:00,23,12,11
2014-01-03 14:00:00,20,7,13
2014-01-03 15:00:00,48,28,20
2014-01-03 16:00:00,37,16,21
2014-01-03 17:00:00,33,18,15
2014-01-03 18:00:00,18,16,2
2014-01-03 19:00:00,6,4,2
2014-01-03 20:00:00,3,2,1
2014-01-03 21:00:00,0,0,0
2014-01-03 22:00:00,1,0,1
2014-01-03 23:00:00,0,0,0
2014-01-04 00:00:00,0,0,0
2014-01-04 01:00:00,1,0,1
2014-01-04 02:00:00,0,0,0
2014-01-04 03:00:00,0,0,0
2014-01-04 04:00:00,1,1,0
2014-01-04 05:00:00,2,0,2
2014-01-04 06:00:00,1,1,0
2014-01-04 07:00:00,17,1,16
2014-01-04 08:00:00,49,20,29
2014-01-04 09:00:00,60,31,29
2014-01-04 10:00:00,52,35,17
2014-01-04 11:00:00,95,50,45
2014-01-04 12:00:00,106,55,51
2014-01-04 13:00:00,137,78,59
2014-01-04 14:00:00,78,44,34
2014-01-04 15:00:00,64,38,26
2014-01-04 16:00:00,39,27,12
2014-01-04 17:00:00,8,6,2
2014-01-04 18:00:00,1,0,1
2014-01-04 19:00:00,2,2,0
2014-01-04 20:00:00,0,0,0
2014-01-04 21:00:00,0,0,0
2014-01-04 22:00:00,0,0,0
2014-01-04 23:00:00,0,0,0
2014-01-05 00:00:00,0,0,0
2014-01-05 01:00:00,0,0,0
2014-01-05 02:00:00,0,0,0
2014-01-05 03:00:00,0,0,0
2014-01-05 04:00:00,1,0,1
2014-01-05 05:00:00,0,0,0
2014-01-05 06:00:00,1,1,0
2014-01-05 07:00:00,3,0,3
2014-01-05 08:00:00,15,3,12
2014-01-05 09:00:00,23,7,16
2014-01-05 10:00:00,43,25,18
2014-01-05 11:00:00,50,25,25
2014-01-05 12:00:00,71,34,37
2014-01-05 13:00:00,71,32,39
2014-01-05 14:00:00,90,54,36
2014-01-05 15:00:00,56,36,20
2014-01-05 16:00:00,41,31,10
2014-01-05 17:00:00,12,9,3
2014-01-05 18:00:00,2,1,1
2014-01-05 19:00:00,2,1,1
2014-01-05 20:00:00,0,0,0
2014-01-05 21:00:00,0,0,0
2014-01-05 22:00:00,0,0,0
2014-01-05 23:00:00,0,0,0
2014-01-06 00:00:00,0,0,0
2014-01-06 01:00:00,0,0,0
2014-01-06 02:00:00,0,0,0
2014-01-06 03:00:00,0,0,0
2014-01-06 04:00:00,1,1,0
2014-01-06 05:00:00,5,1,4
2014-01-06 06:00:00,5,4,1
2014-01-06 07:00:00,28,18,10
2014-01-06 08:00:00,32,17,15
2014-01-06 09:00:00,17,6,11
2014-01-06 10:00:00,10,4,6
2014-01-06 11:00:00,10,4,6
2014-01-06 12:00:00,21,6,15
2014-01-06 13:00:00,16,10,6
2014-01-06 14:00:00,19,11,8
2014-01-06 15:00:00,19,9,10
2014-01-06 16:00:00,19,7,12
2014-01-06 17:00:00,35,18,17
2014-01-06 18:00:00,31,20,11
2014-01-06 19:00:00,11,8,3
2014-01-06 20:00:00,2,2,0
2014-01-06 21:00:00,3,1,2
2014-01-06 22:00:00,0,0,0
2014-01-06 23:00:00,0,0,0
2014-01-07 00:00:00,0,0,0
2014-01-07 01:00:00,0,0,0
2014-01-07 02:00:00,0,0,0
2014-01-07 03:00:00,1,1,0
2014-01-07 04:00:00,1,1,0
2014-01-07 05:00:00,7,5,2
2014-01-07 06:00:00,15,9,6
2014-01-07 07:00:00,31,12,19
2014-01-07 08:00:00,23,13,10
2014-01-07 09:00:00,14,6,8
2014-01-07 10:00:00,7,2,5
2014-01-07 11:00:00,9,3,6
2014-01-07 12:00:00,5,3,2
2014-01-07 13:00:00,5,2,3
2014-01-07 14:00:00,10,4,6
2014-01-07 15:00:00,7,5,2
2014-01-07 16:00:00,23,17,6
2014-01-07 17:00:00,30,13,17
2014-01-07 18:00:00,32,20,12
2014-01-07 19:00:00,16,11,5
2014-01-07 20:00:00,1,0,1
2014-01-07 21:00:00,1,1,0
2014-01-07 22:00:00,2,1,1
2014-01-07 23:00:00,0,0,0
2014-01-08 00:00:00,0,0,0
2014-01-08 01:00:00,0,0,0
2014-01-08 02:00:00,0,0,0
2014-01-08 03:00:00,0,0,0
2014-01-08 04:00:00,3,3,0
2014-01-08 05:00:00,4,1,3
2014-01-08 06:00:00,8,5,3
2014-01-08 07:00:00,29,12,17
2014-01-08 08:00:00,17,13,4
2014-01-08 09:00:00,20,10,10
2014-01-08 10:00:00,4,2,2
2014-01-08 11:00:00,9,6,3
2014-01-08 12:00:00,3,1,2
2014-01-08 13:00:00,5,1,4
2014-01-08 14:00:00,0,0,0
2014-01-08 15:00:00,9,5,4
2014-01-08 16:00:00,11,5,6
2014-01-08 17:00:00,30,15,15
2014-01-08 18:00:00,20,14,6
2014-01-08 19:00:00,8,7,1
2014-01-08 20:00:00,1,1,0
2014-01-08 21:00:00,4,2,2
2014-01-08 22:00:00,1,0,1
2014-01-08 23:00:00,0,0,0
2014-01-09 00:00:00,0,0,0
2014-01-09 01:00:00,1,1,0
2014-01-09 02:00:00,0,0,0
2014-01-09 03:00:00,0,0,0
2014-01-09 04:00:00,2,1,1
2014-01-09 05:00:00,2,1,1
2014-01-09 06:00:00,12,9,3
2014-01-09 07:00:00,19,10,9
2014-01-09 08:00:00,28,11,17
2014-01-09 09:00:00,27,12,15
2014-01-09 10:00:00,16,7,9
2014-01-09 11:00:00,11,6,5
2014-01-09 12:00:00,6,3,3
2014-01-09 13:00:00,13,11,2
2014-01-09 14:00:00,1,1,0
2014-01-09 15:00:00,8,3,5
2014-01-09 16:00:00,17,8,9
2014-01-09 17:00:00,26,14,12
2014-01-09 18:00:00,28,13,15
2014-01-09 19:00:00,10,6,4
2014-01-09 20:00:00,1,1,0
2014-01-09 21:00:00,2,1,1
2014-01-09 22:00:00,1,0,1
2014-01-09 23:00:00,1,0,1
2014-01-10 00:00:00,0,0,0
2014-01-10 01:00:00,0,0,0
2014-01-10 02:00:00,0,0,0
2014-01-10 03:00:00,0,0,0
2014-01-10 04:00:00,1,1,0
2014-01-10 05:00:00,6,3,3
2014-01-10 06:00:00,8,4,4
2014-01-10 07:00:00,19,8,11
2014-01-10 08:00:00,26,16,10
2014-01-10 09:00:00,5,0,5
2014-01-10 10:00:00,4,1,3
2014-01-10 11:00:00,8,5,3
2014-01-10 12:00:00,3,2,1
2014-01-10 13:00:00,1,0,1
2014-01-10 14:00:00,7,3,4
2014-01-10 15:00:00,4,2,2
2014-01-10 16:00:00,28,16,12
2014-01-10 17:00:00,21,10,11
2014-01-10 18:00:00,21,15,6
2014-01-10 19:00:00,7,3,4
2014-01-10 20:00:00,2,2,0
2014-01-10 21:00:00,1,1,0
2014-01-10 22:00:00,0,0,0
2014-01-10 23:00:00,0,0,0
2014-01-11 00:00:00,0,0,0
2014-01-11 01:00:00,1,0,1
2014-01-11 02:00:00,0,0,0
2014-01-11 03:00:00,0,0,0
2014-01-11 04:00:00,0,0,0
2014-01-11 05:00:00,0,0,0
2014-01-11 06:00:00,0,0,0
2014-01-11 07:00:00,0,0,0
2014-01-11 08:00:00,8,5,3
2014-01-11 09:00:00,8,5,3
2014-01-11 10:00:00,22,10,12
2014-01-11 11:00:00,31,21,10
2014-01-11 12:00:00,16,16,0
2014-01-11 13:00:00,6,5,1
2014-01-11 14:00:00,6,3,3
2014-01-11 15:00:00,4,2,2
2014-01-11 16:00:00,2,2,0
2014-01-11 17:00:00,0,0,0
2014-01-11 18:00:00,0,0,0
2014-01-11 19:00:00,0,0,0
2014-01-11 20:00:00,0,0,0
2014-01-11 21:00:00,0,0,0
2014-01-11 22:00:00,1,1,0
2014-01-11 23:00:00,0,0,0
2014-01-12 00:00:00,0,0,0
2014-01-12 01:00:00,1,0,1
2014-01-12 02:00:00,1,1,0
2014-01-12 03:00:00,1,0,1
2014-01-12 04:00:00,0,0,0
2014-01-12 05:00:00,1,0,1
2014-01-12 06:00:00,0,0,0
2014-01-12 07:00:00,2,1,1
2014-01-12 08:00:00,17,7,10
2014-01-12 09:00:00,16,11,5
2014-01-12 10:00:00,32,19,13
2014-01-12 11:00:00,60,48,12
2014-01-12 12:00:00,27,10,17
2014-01-12 13:00:00,27,16,11
2014-01-12 14:00:00,35,23,12
2014-01-12 15:00:00,17,13,4
2014-01-12 16:00:00,15,8,7
2014-01-12 17:00:00,4,4,0
2014-01-12 18:00:00,0,0,0
2014-01-12 19:00:00,0,0,0
2014-01-12 20:00:00,0,0,0
2014-01-12 21:00:00,0,0,0
2014-01-12 22:00:00,0,0,0
2014-01-12 23:00:00,0,0,0
2014-01-13 00:00:00,0,0,0
2014-01-13 01:00:00,0,0,0
2014-01-13 02:00:00,0,0,0
2014-01-13 03:00:00,0,0,0
2014-01-13 04:00:00,3,2,1
2014-01-13 05:00:00,8,4,4
2014-01-13 06:00:00,12,7,5
2014-01-13 07:00:00,19,12,7
2014-01-13 08:00:00,32,17,15
2014-01-13 09:00:00,20,8,12
2014-01-13 10:00:00,6,1,5
2014-01-13 11:00:00,20,7,13
2014-01-13 12:00:00,17,10,7
2014-01-13 13:00:00,10,2,8
2014-01-13 14:00:00,12,8,4
2014-01-13 15:00:00,18,14,4
2014-01-13 16:00:00,26,14,12
2014-01-13 17:00:00,52,26,26
2014-01-13 18:00:00,37,26,11
2014-01-13 19:00:00,14,10,4
2014-01-13 20:00:00,4,1,3
2014-01-13 21:00:00,1,0,1
2014-01-13 22:00:00,0,0,0
2014-01-13 23:00:00,1,1,0
2014-01-14 00:00:00,1,1,0
2014-01-14 01:00:00,0,0,0
2014-01-14 02:00:00,0,0,0
2014-01-14 03:00:00,0,0,0
2014-01-14 04:00:00,2,2,0
2014-01-14 05:00:00,13,8,5
2014-01-14 06:00:00,29,19,10
2014-01-14 07:00:00,38,18,20
2014-01-14 08:00:00,46,23,23
2014-01-14 09:00:00,14,7,7
2014-01-14 10:00:00,8,3,5
2014-01-14 11:00:00,11,5,6
2014-01-14 12:00:00,24,14,10
2014-01-14 13:00:00,33,21,12
2014-01-14 14:00:00,18,11,7
2014-01-14 15:00:00,26,9,17
2014-01-14 16:00:00,33,17,16
2014-01-14 17:00:00,42,17,25
2014-01-14 18:00:00,52,33,19
2014-01-14 19:00:00,25,16,9
2014-01-14 20:00:00,8,6,2
2014-01-14 21:00:00,2,2,0
2014-01-14 22:00:00,0,0,0
2014-01-14 23:00:00,0,0,0
2014-01-15 00:00:00,0,0,0
2014-01-15 01:00:00,1,1,0
2014-01-15 02:00:00,0,0,0
2014-01-15 03:00:00,1,0,1
2014-01-15 04:00:00,3,3,0
2014-01-15 05:00:00,10,6,4
2014-01-15 06:00:00,27,16,11
2014-01-15 07:00:00,39,25,14
2014-01-15 08:00:00,44,18,26
2014-01-15 09:00:00,24,10,14
2014-01-15 10:00:00,17,7,10
2014-01-15 11:00:00,14,14,0
2014-01-15 12:00:00,18,6,12
2014-01-15 13:00:00,15,5,10
2014-01-15 14:00:00,25,14,11
2014-01-15 15:00:00,35,13,22
2014-01-15 16:00:00,50,29,21
2014-01-15 17:00:00,59,33,26
2014-01-15 18:00:00,48,33,15
2014-01-15 19:00:00,19,13,6
2014-01-15 20:00:00,6,4,2
2014-01-15 21:00:00,4,2,2
2014-01-15 22:00:00,0,0,0
2014-01-15 23:00:00,0,0,0
2014-01-16 00:00:00,0,0,0
2014-01-16 01:00:00,0,0,0
2014-01-16 02:00:00,0,0,0
2014-01-16 03:00:00,0,0,0
2014-01-16 04:00:00,2,2,0
2014-01-16 05:00:00,6,3,3
2014-01-16 06:00:00,20,17,3
2014-01-16 07:00:00,39,23,16
2014-01-16 08:00:00,39,18,21
2014-01-16 09:00:00,24,11,13
2014-01-16 10:00:00,8,4,4
2014-01-16 11:00:00,15,8,7
2014-01-16 12:00:00,15,6,9
2014-01-16 13:00:00,11,6,5
2014-01-16 14:00:00,13,4,9
2014-01-16 15:00:00,20,9,11
2014-01-16 16:00:00,41,18,23
2014-01-16 17:00:00,50,23,27
2014-01-16 18:00:00,37,24,13
2014-01-16 19:00:00,17,13,4
2014-01-16 20:00:00,4,2,2
2014-01-16 21:00:00,5,4,1
2014-01-16 22:00:00,0,0,0
2014-01-16 23:00:00,0,0,0
2014-01-17 00:00:00,0,0,0
2014-01-17 01:00:00,0,0,0
2014-01-17 02:00:00,0,0,0
2014-01-17 03:00:00,0,0,0
2014-01-17 04:00:00,2,1,1
2014-01-17 05:00:00,12,6,6
2014-01-17 06:00:00,17,7,10
2014-01-17 07:00:00,34,19,15
2014-01-17 08:00:00,33,18,15
2014-01-17 09:00:00,16,12,4
2014-01-17 10:00:00,12,6,6
2014-01-17 11:00:00,14,3,11
2014-01-17 12:00:00,11,5,6
2014-01-17 13:00:00,18,7,11
2014-01-17 14:00:00,14,3,11
2014-01-17 15:00:00,20,10,10
2014-01-17 16:00:00,40,21,19
2014-01-17 17:00:00,44,17,27
2014-01-17 18:00:00,31,18,13
2014-01-17 19:00:00,17,10,7
2014-01-17 20:00:00,2,1,1
2014-01-17 21:00:00,0,0,0
2014-01-17 22:00:00,3,1,2
2014-01-17 23:00:00,0,0,0
2014-01-18 00:00:00,0,0,0
2014-01-18 01:00:00,1,1,0
2014-01-18 02:00:00,0,0,0
2014-01-18 03:00:00,0,0,0
2014-01-18 04:00:00,0,0,0
2014-01-18 05:00:00,0,0,0
2014-01-18 06:00:00,2,0,2
2014-01-18 07:00:00,4,2,2
2014-01-18 08:00:00,53,14,39
2014-01-18 09:00:00,66,21,45
2014-01-18 10:00:00,89,30,59
2014-01-18 11:00:00,105,70,35
2014-01-18 12:00:00,120,72,48
2014-01-18 13:00:00,108,74,34
2014-01-18 14:00:00,82,39,43
2014-01-18 15:00:00,62,37,25
2014-01-18 16:00:00,42,26,16
2014-01-18 17:00:00,11,8,3
2014-01-18 18:00:00,5,4,1
2014-01-18 19:00:00,3,3,0
2014-01-18 20:00:00,0,0,0
2014-01-18 21:00:00,1,1,0
2014-01-18 22:00:00,1,1,0
2014-01-18 23:00:00,0,0,0
2014-01-19 00:00:00,0,0,0
2014-01-19 01:00:00,0,0,0
2014-01-19 02:00:00,1,0,1
2014-01-19 03:00:00,1,1,0
2014-01-19 04:00:00,0,0,0
2014-01-19 05:00:00,0,0,0
2014-01-19 06:00:00,1,0,1
2014-01-19 07:00:00,19,3,16
2014-01-19 08:00:00,32,13,19
2014-01-19 09:00:00,51,26,25
2014-01-19 10:00:00,73,45,28
2014-01-19 11:00:00,92,59,33
2014-01-19 12:00:00,54,37,17
2014-01-19 13:00:00,42,24,18
2014-01-19 14:00:00,27,20,7
2014-01-19 15:00:00,16,11,5
2014-01-19 16:00:00,7,6,1
2014-01-19 17:00:00,3,3,0
2014-01-19 18:00:00,2,2,0
2014-01-19 19:00:00,3,2,1
2014-01-19 20:00:00,0,0,0
2014-01-19 21:00:00,0,0,0
2014-01-19 22:00:00,0,0,0
2014-01-19 23:00:00,0,0,0
2014-01-20 00:00:00,0,0,0
2014-01-20 01:00:00,0,0,0
2014-01-20 02:00:00,0,0,0
2014-01-20 03:00:00,0,0,0
2014-01-20 04:00:00,0,0,0
2014-01-20 05:00:00,5,3,2
2014-01-20 06:00:00,7,4,3
2014-01-20 07:00:00,21,11,10
2014-01-20 08:00:00,19,8,11
2014-01-20 09:00:00,26,10,16
2014-01-20 10:00:00,29,14,15
2014-01-20 11:00:00,19,11,8
2014-01-20 12:00:00,36,14,22
2014-01-20 13:00:00,46,25,21
2014-01-20 14:00:00,68,31,37
2014-01-20 15:00:00,63,36,27
2014-01-20 16:00:00,41,22,19
2014-01-20 17:00:00,28,16,12
2014-01-20 18:00:00,25,19,6
2014-01-20 19:00:00,7,5,2
2014-01-20 20:00:00,4,4,0
2014-01-20 21:00:00,1,0,1
2014-01-20 22:00:00,0,0,0
2014-01-20 23:00:00,0,0,0
2014-01-21 00:00:00,0,0,0
2014-01-21 01:00:00,0,0,0
2014-01-21 02:00:00,0,0,0
2014-01-21 03:00:00,0,0,0
2014-01-21 04:00:00,1,1,0
2014-01-21 05:00:00,8,6,2
2014-01-21 06:00:00,23,14,9
2014-01-21 07:00:00,42,22,20
2014-01-21 08:00:00,48,24,24
2014-01-21 09:00:00,23,10,13
2014-01-21 10:00:00,5,0,5
2014-01-21 11:00:00,13,11,2
2014-01-21 12:00:00,4,0,4
2014-01-21 13:00:00,18,9,9
2014-01-21 14:00:00,17,6,11
2014-01-21 15:00:00,25,15,10
2014-01-21 16:00:00,35,18,17
2014-01-21 17:00:00,52,28,24
2014-01-21 18:00:00,41,29,12
2014-01-21 19:00:00,11,7,4
2014-01-21 20:00:00,6,5,1
2014-01-21 21:00:00,5,3,2
2014-01-21 22:00:00,0,0,0
2014-01-21 23:00:00,0,0,0
2014-01-22 00:00:00,0,0,0
2014-01-22 01:00:00,0,0,0
2014-01-22 02:00:00,0,0,0
2014-01-22 03:00:00,0,0,0
2014-01-22 04:00:00,2,2,0
2014-01-22 05:00:00,7,6,1
2014-01-22 06:00:00,11,7,4
2014-01-22 07:00:00,40,21,19
2014-01-22 08:00:00,41,16,25
2014-01-22 09:00:00,27,15,12
2014-01-22 10:00:00,10,4,6
2014-01-22 11:00:00,11,7,4
2014-01-22 12:00:00,21,16,5
2014-01-22 13:00:00,11,4,7
2014-01-22 14:00:00,13,7,6
2014-01-22 15:00:00,27,11,16
2014-01-22 16:00:00,39,23,16
2014-01-22 17:00:00,40,17,23
2014-01-22 18:00:00,49,36,13
2014-01-22 19:00:00,14,11,3
2014-01-22 20:00:00,2,1,1
2014-01-22 21:00:00,3,1,2
2014-01-22 22:00:00,0,0,0
2014-01-22 23:00:00,2,1,1
2014-01-23 00:00:00,1,0,1
2014-01-23 01:00:00,2,2,0
2014-01-23 02:00:00,0,0,0
2014-01-23 03:00:00,0,0,0
2014-01-23 04:00:00,2,2,0
2014-01-23 05:00:00,8,4,4
2014-01-23 06:00:00,17,9,8
2014-01-23 07:00:00,34,21,13
2014-01-23 08:00:00,31,15,16
2014-01-23 09:00:00,20,12,8
2014-01-23 10:00:00,10,5,5
2014-01-23 11:00:00,12,5,7
2014-01-23 12:00:00,6,1,5
2014-01-23 13:00:00,17,6,11
2014-01-23 14:00:00,32,23,9
2014-01-23 15:00:00,28,15,13
2014-01-23 16:00:00,41,19,22
2014-01-23 17:00:00,64,27,37
2014-01-23 18:00:00,20,14,6
2014-01-23 19:00:00,12,8,4
2014-01-23 20:00:00,4,3,1
2014-01-23 21:00:00,3,0,3
2014-01-23 22:00:00,2,2,0
2014-01-23 23:00:00,1,1,0
2014-01-24 00:00:00,2,2,0
2014-01-24 01:00:00,0,0,0
2014-01-24 02:00:00,0,0,0
2014-01-24 03:00:00,0,0,0
2014-01-24 04:00:00,3,2,1
2014-01-24 05:00:00,9,3,6
2014-01-24 06:00:00,13,9,4
2014-01-24 07:00:00,40,24,16
2014-01-24 08:00:00,35,17,18
2014-01-24 09:00:00,21,11,10
2014-01-24 10:00:00,12,4,8
2014-01-24 11:00:00,13,6,7
2014-01-24 12:00:00,27,9,18
2014-01-24 13:00:00,28,15,13
2014-01-24 14:00:00,37,20,17
2014-01-24 15:00:00,40,24,16
2014-01-24 16:00:00,67,26,41
2014-01-24 17:00:00,52,30,22
2014-01-24 18:00:00,28,21,7
2014-01-24 19:00:00,15,7,8
2014-01-24 20:00:00,0,0,0
2014-01-24 21:00:00,0,0,0
2014-01-24 22:00:00,1,1,0
2014-01-24 23:00:00,0,0,0
2014-01-25 00:00:00,1,1,0
2014-01-25 01:00:00,0,0,0
2014-01-25 02:00:00,0,0,0
2014-01-25 03:00:00,0,0,0
2014-01-25 04:00:00,0,0,0
2014-01-25 05:00:00,0,0,0
2014-01-25 06:00:00,1,0,1
2014-01-25 07:00:00,5,2,3
2014-01-25 08:00:00,40,12,28
2014-01-25 09:00:00,59,16,43
2014-01-25 10:00:00,107,25,82
2014-01-25 11:00:00,154,91,63
2014-01-25 12:00:00,87,46,41
2014-01-25 13:00:00,152,106,46
2014-01-25 14:00:00,138,68,70
2014-01-25 15:00:00,117,79,38
2014-01-25 16:00:00,80,53,27
2014-01-25 17:00:00,14,9,5
2014-01-25 18:00:00,6,4,2
2014-01-25 19:00:00,4,3,1
2014-01-25 20:00:00,1,1,0
2014-01-25 21:00:00,1,0,1
2014-01-25 22:00:00,1,1,0
2014-01-25 23:00:00,0,0,0
2014-01-26 00:00:00,0,0,0
2014-01-26 01:00:00,0,0,0
2014-01-26 02:00:00,0,0,0
2014-01-26 03:00:00,1,0,1
2014-01-26 04:00:00,1,0,1
2014-01-26 05:00:00,0,0,0
2014-01-26 06:00:00,0,0,0
2014-01-26 07:00:00,12,3,9
2014-01-26 08:00:00,13,7,6
2014-01-26 09:00:00,84,29,55
2014-01-26 10:00:00,43,26,17
2014-01-26 11:00:00,101,52,49
2014-01-26 12:00:00,133,90,43
2014-01-26 13:00:00,88,52,36
2014-01-26 14:00:00,114,57,57
2014-01-26 15:00:00,100,56,44
2014-01-26 16:00:00,46,27,19
2014-01-26 17:00:00,22,18,4
2014-01-26 18:00:00,0,0,0
2014-01-26 19:00:00,1,1,0
2014-01-26 20:00:00,0,0,0
2014-01-26 21:00:00,0,0,0
2014-01-26 22:00:00,0,0,0
2014-01-26 23:00:00,0,0,0
2014-01-27 00:00:00,0,0,0
2014-01-27 01:00:00,0,0,0
2014-01-27 02:00:00,0,0,0
2014-01-27 03:00:00,0,0,0
2014-01-27 04:00:00,5,4,1
2014-01-27 05:00:00,6,2,4
2014-01-27 06:00:00,10,5,5
2014-01-27 07:00:00,33,19,14
2014-01-27 08:00:00,37,21,16
2014-01-27 09:00:00,13,5,8
2014-01-27 10:00:00,12,5,7
2014-01-27 11:00:00,7,5,2
2014-01-27 12:00:00,3,2,1
2014-01-27 13:00:00,15,9,6
2014-01-27 14:00:00,15,11,4
2014-01-27 15:00:00,13,9,4
2014-01-27 16:00:00,27,9,18
2014-01-27 17:00:00,45,23,22
2014-01-27 18:00:00,36,21,15
2014-01-27 19:00:00,17,13,4
2014-01-27 20:00:00,4,4,0
2014-01-27 21:00:00,2,2,0
2014-01-27 22:00:00,3,1,2
2014-01-27 23:00:00,2,2,0
2014-01-28 00:00:00,0,0,0
2014-01-28 01:00:00,0,0,0
2014-01-28 02:00:00,0,0,0
2014-01-28 03:00:00,0,0,0
2014-01-28 04:00:00,2,2,0
2014-01-28 05:00:00,10,7,3
2014-01-28 06:00:00,18,15,3
2014-01-28 07:00:00,32,17,15
2014-01-28 08:00:00,40,20,20
2014-01-28 09:00:00,24,13,11
2014-01-28 10:00:00,9,8,1
2014-01-28 11:00:00,10,3,7
2014-01-28 12:00:00,6,3,3
2014-01-28 13:00:00,10,4,6
2014-01-28 14:00:00,11,7,4
2014-01-28 15:00:00,14,8,6
2014-01-28 16:00:00,20,9,11
2014-01-28 17:00:00,55,24,31
2014-01-28 18:00:00,39,27,12
2014-01-28 19:00:00,9,6,3
2014-01-28 20:00:00,0,0,0
2014-01-28 21:00:00,1,0,1
2014-01-28 22:00:00,0,0,0
2014-01-28 23:00:00,0,0,0
2014-01-29 00:00:00,0,0,0
2014-01-29 01:00:00,0,0,0
2014-01-29 02:00:00,0,0,0
2014-01-29 03:00:00,0,0,0
2014-01-29 04:00:00,2,2,0
2014-01-29 05:00:00,9,6,3
2014-01-29 06:00:00,9,6,3
2014-01-29 07:00:00,24,12,12
2014-01-29 08:00:00,24,13,11
2014-01-29 09:00:00,19,8,11
2014-01-29 10:00:00,5,2,3
2014-01-29 11:00:00,9,5,4
2014-01-29 12:00:00,9,4,5
2014-01-29 13:00:00,3,2,1
2014-01-29 14:00:00,6,5,1
2014-01-29 15:00:00,6,2,4
2014-01-29 16:00:00,19,5,14
2014-01-29 17:00:00,25,11,14
2014-01-29 18:00:00,26,17,9
2014-01-29 19:00:00,10,9,1
2014-01-29 20:00:00,5,3,2
2014-01-29 21:00:00,1,0,1
2014-01-29 22:00:00,1,0,1
2014-01-29 23:00:00,0,0,0
2014-01-30 00:00:00,3,1,2
2014-01-30 01:00:00,2,2,0
2014-01-30 02:00:00,0,0,0
2014-01-30 03:00:00,0,0,0
2014-01-30 04:00:00,2,2,0
2014-01-30 05:00:00,7,5,2
2014-01-30 06:00:00,14,8,6
2014-01-30 07:00:00,26,15,11
2014-01-30 08:00:00,27,14,13
2014-01-30 09:00:00,23,9,14
2014-01-30 10:00:00,6,2,4
2014-01-30 11:00:00,16,8,8
2014-01-30 12:00:00,9,6,3
2014-01-30 13:00:00,5,4,1
2014-01-30 14:00:00,12,3,9
2014-01-30 15:00:00,15,8,7
2014-01-30 16:00:00,27,14,13
2014-01-30 17:00:00,44,24,20
2014-01-30 18:00:00,31,17,14
2014-01-30 19:00:00,7,4,3
2014-01-30 20:00:00,4,3,1
2014-01-30 21:00:00,1,1,0
2014-01-30 22:00:00,0,0,0
2014-01-30 23:00:00,0,0,0
2014-01-31 00:00:00,0,0,0
2014-01-31 01:00:00,0,0,0
2014-01-31 02:00:00,0,0,0
2014-01-31 03:00:00,0,0,0
2014-01-31 04:00:00,2,2,0
2014-01-31 05:00:00,3,1,2
2014-01-31 06:00:00,12,7,5
2014-01-31 07:00:00,35,28,7
2014-01-31 08:00:00,24,9,15
2014-01-31 09:00:00,16,6,10
2014-01-31 10:00:00,9,2,7
2014-01-31 11:00:00,4,1,3
2014-01-31 12:00:00,5,1,4
2014-01-31 13:00:00,13,6,7
2014-01-31 14:00:00,12,10,2
2014-01-31 15:00:00,24,8,16
2014-01-31 16:00:00,23,10,13
2014-01-31 17:00:00,43,25,18
2014-01-31 18:00:00,21,13,8
2014-01-31 19:00:00,9,3,6
2014-01-31 20:00:00,0,0,0
2014-01-31 21:00:00,2,2,0
2014-01-31 22:00:00,0,0,0
2014-01-31 23:00:00,0,0,0
2014-02-01 00:00:00,1,1,0
2014-02-01 01:00:00,0,0,0
2014-02-01 02:00:00,0,0,0
2014-02-01 03:00:00,0,0,0
2014-02-01 04:00:00,0,0,0
2014-02-01 05:00:00,1,1,0
2014-02-01 06:00:00,1,0,1
2014-02-01 07:00:00,5,2,3
2014-02-01 08:00:00,56,23,33
2014-02-01 09:00:00,119,56,63
2014-02-01 10:00:00,65,25,40
2014-02-01 11:00:00,64,32,32
2014-02-01 12:00:00,129,94,35
2014-02-01 13:00:00,79,64,15
2014-02-01 14:00:00,72,41,31
2014-02-01 15:00:00,54,27,27
2014-02-01 16:00:00,29,15,14
2014-02-01 17:00:00,12,11,1
2014-02-01 18:00:00,3,3,0
2014-02-01 19:00:00,1,1,0
2014-02-01 20:00:00,0,0,0
2014-02-01 21:00:00,0,0,0
2014-02-01 22:00:00,1,1,0
2014-02-01 23:00:00,0,0,0
2014-02-02 00:00:00,0,0,0
2014-02-02 01:00:00,0,0,0
2014-02-02 02:00:00,0,0,0
2014-02-02 03:00:00,0,0,0
2014-02-02 04:00:00,0,0,0
2014-02-02 05:00:00,0,0,0
2014-02-02 06:00:00,3,0,3
2014-02-02 07:00:00,6,1,5
2014-02-02 08:00:00,23,7,16
2014-02-02 09:00:00,48,22,26
2014-02-02 10:00:00,66,26,40
2014-02-02 11:00:00,77,54,23
2014-02-02 12:00:00,99,65,34
2014-02-02 13:00:00,81,46,35
2014-02-02 14:00:00,49,30,19
2014-02-02 15:00:00,35,22,13
2014-02-02 16:00:00,17,11,6
2014-02-02 17:00:00,8,7,1
2014-02-02 18:00:00,0,0,0
2014-02-02 19:00:00,1,1,0
2014-02-02 20:00:00,0,0,0
2014-02-02 21:00:00,1,1,0
2014-02-02 22:00:00,1,1,0
2014-02-02 23:00:00,0,0,0
2014-02-03 00:00:00,0,0,0
2014-02-03 01:00:00,1,1,0
2014-02-03 02:00:00,0,0,0
2014-02-03 03:00:00,0,0,0
2014-02-03 04:00:00,3,2,1
2014-02-03 05:00:00,6,3,3
2014-02-03 06:00:00,12,9,3
2014-02-03 07:00:00,19,12,7
2014-02-03 08:00:00,33,16,17
2014-02-03 09:00:00,14,6,8
2014-02-03 10:00:00,9,2,7
2014-02-03 11:00:00,16,2,14
2014-02-03 12:00:00,13,7,6
2014-02-03 13:00:00,16,11,5
2014-02-03 14:00:00,12,7,5
2014-02-03 15:00:00,19,11,8
2014-02-03 16:00:00,31,10,21
2014-02-03 17:00:00,33,23,10
2014-02-03 18:00:00,34,20,14
2014-02-03 19:00:00,17,9,8
2014-02-03 20:00:00,1,0,1
2014-02-03 21:00:00,3,2,1
2014-02-03 22:00:00,0,0,0
2014-02-03 23:00:00,0,0,0
2014-02-04 00:00:00,0,0,0
2014-02-04 01:00:00,0,0,0
2014-02-04 02:00:00,0,0,0
2014-02-04 03:00:00,0,0,0
2014-02-04 04:00:00,2,2,0
2014-02-04 05:00:00,6,4,2
2014-02-04 06:00:00,10,8,2
2014-02-04 07:00:00,24,12,12
2014-02-04 08:00:00,25,11,14
2014-02-04 09:00:00,11,3,8
2014-02-04 10:00:00,6,4,2
2014-02-04 11:00:00,15,11,4
2014-02-04 12:00:00,4,3,1
2014-02-04 13:00:00,7,5,2
2014-02-04 14:00:00,11,3,8
2014-02-04 15:00:00,12,7,5
2014-02-04 16:00:00,17,7,10
2014-02-04 17:00:00,26,15,11
2014-02-04 18:00:00,35,19,16
2014-02-04 19:00:00,6,5,1
2014-02-04 20:00:00,4,3,1
2014-02-04 21:00:00,1,1,0
2014-02-04 22:00:00,1,1,0
2014-02-04 23:00:00,0,0,0
2014-02-05 00:00:00,0,0,0
2014-02-05 01:00:00,1,0,1
2014-02-05 02:00:00,0,0,0
2014-02-05 03:00:00,0,0,0
2014-02-05 04:00:00,2,2,0
2014-02-05 05:00:00,5,2,3
2014-02-05 06:00:00,6,3,3
2014-02-05 07:00:00,26,19,7
2014-02-05 08:00:00,20,8,12
2014-02-05 09:00:00,18,12,6
2014-02-05 10:00:00,33,30,3
2014-02-05 11:00:00,27,24,3
2014-02-05 12:00:00,16,12,4
2014-02-05 13:00:00,17,10,7
2014-02-05 14:00:00,37,7,30
2014-02-05 15:00:00,19,2,17
2014-02-05 16:00:00,27,6,21
2014-02-05 17:00:00,32,14,18
2014-02-05 18:00:00,22,12,10
2014-02-05 19:00:00,9,6,3
2014-02-05 20:00:00,3,1,2
2014-02-05 21:00:00,3,1,2
2014-02-05 22:00:00,2,1,1
2014-02-05 23:00:00,0,0,0
2014-02-06 00:00:00,0,0,0
2014-02-06 01:00:00,0,0,0
2014-02-06 02:00:00,0,0,0
2014-02-06 03:00:00,0,0,0
2014-02-06 04:00:00,1,1,0
2014-02-06 05:00:00,2,1,1
2014-02-06 06:00:00,7,4,3
2014-02-06 07:00:00,17,9,8
2014-02-06 08:00:00,17,9,8
2014-02-06 09:00:00,7,4,3
2014-02-06 10:00:00,3,1,2
2014-02-06 11:00:00,12,6,6
2014-02-06 12:00:00,8,1,7
2014-02-06 13:00:00,5,5,0
2014-02-06 14:00:00,4,3,1
2014-02-06 15:00:00,12,10,2
2014-02-06 16:00:00,10,4,6
2014-02-06 17:00:00,16,7,9
2014-02-06 18:00:00,20,9,11
2014-02-06 19:00:00,5,5,0
2014-02-06 20:00:00,3,3,0
2014-02-06 21:00:00,2,2,0
2014-02-06 22:00:00,1,1,0
2014-02-06 23:00:00,0,0,0
2014-02-07 00:00:00,0,0,0
2014-02-07 01:00:00,0,0,0
2014-02-07 02:00:00,0,0,0
2014-02-07 03:00:00,0,0,0
2014-02-07 04:00:00,1,1,0
2014-02-07 05:00:00,5,2,3
2014-02-07 06:00:00,3,1,2
2014-02-07 07:00:00,18,8,10
2014-02-07 08:00:00,16,9,7
2014-02-07 09:00:00,6,3,3
2014-02-07 10:00:00,4,1,3
2014-02-07 11:00:00,5,1,4
2014-02-07 12:00:00,14,8,6
2014-02-07 13:00:00,8,5,3
2014-02-07 14:00:00,14,3,11
2014-02-07 15:00:00,9,7,2
2014-02-07 16:00:00,17,8,9
2014-02-07 17:00:00,22,12,10
2014-02-07 18:00:00,10,6,4
2014-02-07 19:00:00,6,3,3
2014-02-07 20:00:00,2,2,0
2014-02-07 21:00:00,0,0,0
2014-02-07 22:00:00,2,1,1
2014-02-07 23:00:00,1,1,0
2014-02-08 00:00:00,0,0,0
2014-02-08 01:00:00,0,0,0
2014-02-08 02:00:00,2,2,0
2014-02-08 03:00:00,0,0,0
2014-02-08 04:00:00,0,0,0
2014-02-08 05:00:00,0,0,0
2014-02-08 06:00:00,2,0,2
2014-02-08 07:00:00,6,1,5
2014-02-08 08:00:00,12,3,9
2014-02-08 09:00:00,23,5,18
2014-02-08 10:00:00,25,12,13
2014-02-08 11:00:00,46,22,24
2014-02-08 12:00:00,55,31,24
2014-02-08 13:00:00,60,36,24
2014-02-11 22:00:00,1,1,0
2014-02-08 14:00:00,60,36,24
2014-02-08 15:00:00,35,23,12
2014-02-08 16:00:00,26,15,11
2014-02-08 17:00:00,8,7,1
2014-02-08 18:00:00,2,1,1
2014-02-08 19:00:00,3,3,0
2014-02-08 20:00:00,0,0,0
2014-02-08 21:00:00,1,1,0
2014-02-08 22:00:00,0,0,0
2014-02-08 23:00:00,0,0,0
2014-02-09 00:00:00,1,0,1
2014-02-09 01:00:00,2,2,0
2014-02-09 02:00:00,0,0,0
2014-02-09 03:00:00,0,0,0
2014-02-09 04:00:00,0,0,0
2014-02-09 05:00:00,0,0,0
2014-02-09 06:00:00,1,1,0
2014-02-09 07:00:00,1,0,1
2014-02-09 08:00:00,1,1,0
2014-02-09 09:00:00,2,1,1
2014-02-09 10:00:00,0,0,0
2014-02-09 11:00:00,1,1,0
2014-02-09 12:00:00,2,0,2
2014-02-09 13:00:00,0,0,0
2014-02-09 14:00:00,4,3,1
2014-02-09 15:00:00,2,1,1
2014-02-09 16:00:00,1,0,1
2014-02-09 17:00:00,2,2,0
2014-02-09 18:00:00,1,1,0
2014-02-09 19:00:00,1,0,1
2014-02-09 20:00:00,1,1,0
2014-02-09 21:00:00,0,0,0
2014-02-09 22:00:00,0,0,0
2014-02-09 23:00:00,0,0,0
2014-02-10 00:00:00,0,0,0
2014-02-10 01:00:00,0,0,0
2014-02-10 02:00:00,0,0,0
2014-02-10 03:00:00,1,0,1
2014-02-10 04:00:00,2,2,0
2014-02-10 05:00:00,6,5,1
2014-02-10 06:00:00,4,3,1
2014-02-10 07:00:00,12,8,4
2014-02-10 08:00:00,15,9,6
2014-02-10 09:00:00,4,1,3
2014-02-10 10:00:00,8,3,5
2014-02-10 11:00:00,6,4,2
2014-02-10 12:00:00,3,1,2
2014-02-10 13:00:00,8,5,3
2014-02-10 14:00:00,2,2,0
2014-02-10 15:00:00,4,1,3
2014-02-10 16:00:00,14,7,7
2014-02-10 17:00:00,14,6,8
2014-02-10 18:00:00,11,6,5
2014-02-10 19:00:00,13,7,6
2014-02-10 20:00:00,1,1,0
2014-02-10 21:00:00,2,2,0
2014-02-10 22:00:00,0,0,0
2014-02-10 23:00:00,3,2,1
2014-02-11 00:00:00,0,0,0
2014-02-11 01:00:00,1,1,0
2014-02-11 02:00:00,0,0,0
2014-02-11 03:00:00,0,0,0
2014-02-11 04:00:00,2,2,0
2014-02-11 05:00:00,9,5,4
2014-02-11 06:00:00,15,11,4
2014-02-11 07:00:00,29,15,14
2014-02-11 08:00:00,26,11,15
2014-02-11 09:00:00,14,3,11
2014-02-11 10:00:00,10,4,6
2014-02-11 11:00:00,17,10,7
2014-02-11 12:00:00,12,5,7
2014-02-11 13:00:00,10,5,5
2014-02-11 14:00:00,21,13,8
2014-02-11 15:00:00,11,6,5
2014-02-11 16:00:00,25,9,16
2014-02-11 17:00:00,22,13,9
2014-02-11 18:00:00,34,21,13
2014-02-11 19:00:00,17,14,3
2014-02-11 20:00:00,4,2,2
2014-02-11 21:00:00,1,1,0
2014-02-11 23:00:00,0,0,0
2014-02-12 00:00:00,0,0,0
2014-02-12 01:00:00,0,0,0
2014-02-12 02:00:00,1,0,1
2014-02-12 03:00:00,0,0,0
2014-02-12 04:00:00,3,3,0
2014-02-12 05:00:00,5,1,4
2014-02-12 06:00:00,8,5,3
2014-02-12 07:00:00,23,11,12
2014-02-12 08:00:00,19,11,8
2014-02-12 09:00:00,19,7,12
2014-02-12 10:00:00,8,3,5
2014-02-12 11:00:00,11,6,5
2014-02-12 12:00:00,12,8,4
2014-02-12 13:00:00,13,7,6
2014-02-12 14:00:00,16,8,8
2014-02-12 15:00:00,24,16,8
2014-02-12 16:00:00,26,13,13
2014-02-12 17:00:00,37,20,17
2014-02-12 18:00:00,28,16,12
2014-02-12 19:00:00,12,10,2
2014-02-12 20:00:00,5,3,2
2014-02-12 21:00:00,3,2,1
2014-02-12 22:00:00,1,1,0
2014-02-12 23:00:00,0,0,0
2014-02-13 00:00:00,0,0,0
2014-02-13 01:00:00,0,0,0
2014-02-13 02:00:00,2,1,1
2014-02-13 03:00:00,0,0,0
2014-02-13 04:00:00,3,2,1
2014-02-13 05:00:00,4,2,2
2014-02-13 06:00:00,16,10,6
2014-02-13 07:00:00,32,14,18
2014-02-13 08:00:00,43,23,20
2014-02-13 09:00:00,27,12,15
2014-02-13 10:00:00,19,12,7
2014-02-13 11:00:00,14,8,6
2014-02-13 12:00:00,12,5,7
2014-02-13 13:00:00,16,5,11
2014-02-13 14:00:00,19,15,4
2014-02-13 15:00:00,29,15,14
2014-02-13 16:00:00,31,17,14
2014-02-13 17:00:00,46,21,25
2014-02-13 18:00:00,40,27,13
2014-02-13 19:00:00,14,8,6
2014-02-13 20:00:00,4,2,2
2014-02-13 21:00:00,2,2,0
2014-02-13 22:00:00,0,0,0
2014-02-13 23:00:00,0,0,0
2014-02-14 00:00:00,0,0,0
2014-02-14 01:00:00,0,0,0
2014-02-14 02:00:00,1,0,1
2014-02-14 03:00:00,0,0,0
2014-02-14 04:00:00,2,1,1
2014-02-14 05:00:00,4,2,2
2014-02-14 06:00:00,8,7,1
2014-02-14 07:00:00,18,11,7
2014-02-14 08:00:00,26,15,11
2014-02-14 09:00:00,11,3,8
2014-02-14 10:00:00,8,4,4
2014-02-14 11:00:00,2,0,2
2014-02-14 12:00:00,9,3,6
2014-02-14 13:00:00,0,0,0
2014-02-14 14:00:00,11,3,8
2014-02-14 15:00:00,14,9,5
2014-02-14 16:00:00,34,18,16
2014-02-14 17:00:00,43,22,21
2014-02-14 18:00:00,22,11,11
2014-02-14 19:00:00,3,2,1
2014-02-14 20:00:00,2,2,0
2014-02-14 21:00:00,1,1,0
2014-02-14 22:00:00,3,1,2
2014-02-14 23:00:00,0,0,0
2014-02-15 00:00:00,0,0,0
2014-02-15 01:00:00,0,0,0
2014-02-15 02:00:00,0,0,0
2014-02-15 03:00:00,0,0,0
2014-02-15 04:00:00,0,0,0
2014-02-15 05:00:00,0,0,0
2014-02-15 06:00:00,1,0,1
2014-02-15 07:00:00,7,1,6
2014-02-15 08:00:00,41,20,21
2014-02-15 09:00:00,89,40,49
2014-02-15 10:00:00,90,38,52
2014-02-15 11:00:00,90,60,30
2014-02-15 12:00:00,59,45,14
2014-02-15 13:00:00,38,29,9
2014-02-15 14:00:00,6,5,1
2014-02-15 15:00:00,3,0,3
2014-02-15 16:00:00,4,2,2
2014-02-15 17:00:00,2,1,1
2014-02-15 18:00:00,4,2,2
2014-02-15 19:00:00,0,0,0
2014-02-15 20:00:00,0,0,0
2014-02-15 21:00:00,0,0,0
2014-02-15 22:00:00,0,0,0
2014-02-15 23:00:00,0,0,0
2014-02-16 00:00:00,0,0,0
2014-02-16 01:00:00,0,0,0
2014-02-16 02:00:00,0,0,0
2014-02-16 03:00:00,0,0,0
2014-02-16 04:00:00,0,0,0
2014-02-16 05:00:00,1,0,1
2014-02-16 06:00:00,0,0,0
2014-02-16 07:00:00,1,1,0
2014-02-16 08:00:00,19,3,16
2014-02-16 09:00:00,32,16,16
2014-02-16 10:00:00,40,17,23
2014-02-16 11:00:00,47,33,14
2014-02-16 12:00:00,24,17,7
2014-02-16 13:00:00,20,11,9
2014-02-16 14:00:00,10,5,5
2014-02-16 15:00:00,4,2,2
2014-02-16 16:00:00,5,3,2
2014-02-16 17:00:00,2,2,0
2014-02-16 18:00:00,0,0,0
2014-02-16 19:00:00,0,0,0
2014-02-16 20:00:00,0,0,0
2014-02-16 21:00:00,0,0,0
2014-02-16 22:00:00,0,0,0
2014-02-16 23:00:00,0,0,0
2014-02-17 00:00:00,0,0,0
2014-02-17 01:00:00,0,0,0
2014-02-17 02:00:00,1,0,1
2014-02-17 03:00:00,0,0,0
2014-02-17 04:00:00,0,0,0
2014-02-17 05:00:00,1,0,1
2014-02-17 06:00:00,1,1,0
2014-02-17 07:00:00,1,0,1
2014-02-17 08:00:00,14,5,9
2014-02-17 09:00:00,7,1,6
2014-02-17 10:00:00,11,7,4
2014-02-17 11:00:00,18,1,17
2014-02-17 12:00:00,21,14,7
2014-02-17 13:00:00,8,5,3
2014-02-17 14:00:00,14,9,5
2014-02-17 15:00:00,13,5,8
2014-02-17 16:00:00,18,12,6
2014-02-17 17:00:00,20,14,6
2014-02-17 18:00:00,8,6,2
2014-02-17 19:00:00,2,1,1
2014-02-17 20:00:00,0,0,0
2014-02-17 21:00:00,1,1,0
2014-02-17 22:00:00,1,0,1
2014-02-17 23:00:00,3,2,1
2014-02-18 00:00:00,0,0,0
2014-02-18 01:00:00,0,0,0
2014-02-18 02:00:00,1,0,1
2014-02-18 03:00:00,0,0,0
2014-02-18 04:00:00,2,2,0
2014-02-18 05:00:00,10,7,3
2014-02-18 06:00:00,8,5,3
2014-02-18 07:00:00,24,17,7
2014-02-18 08:00:00,27,12,15
2014-02-18 09:00:00,7,5,2
2014-02-18 10:00:00,4,2,2
2014-02-18 11:00:00,3,2,1
2014-02-18 12:00:00,4,3,1
2014-02-18 13:00:00,1,1,0
2014-02-18 14:00:00,1,0,1
2014-02-18 15:00:00,4,3,1
2014-02-18 16:00:00,14,6,8
2014-02-18 17:00:00,30,13,17
2014-02-18 18:00:00,22,14,8
2014-02-18 19:00:00,12,8,4
2014-02-18 20:00:00,1,1,0
2014-02-18 21:00:00,0,0,0
2014-02-18 22:00:00,1,1,0
2014-02-18 23:00:00,0,0,0
2014-02-19 00:00:00,0,0,0
2014-02-19 01:00:00,0,0,0
2014-02-19 02:00:00,1,0,1
2014-02-19 03:00:00,0,0,0
2014-02-19 04:00:00,3,3,0
2014-02-19 05:00:00,10,4,6
2014-02-19 06:00:00,3,3,0
2014-02-19 07:00:00,26,14,12
2014-02-19 08:00:00,34,13,21
2014-02-19 09:00:00,17,11,6
2014-02-19 10:00:00,12,6,6
2014-02-19 11:00:00,17,7,10
2014-02-19 12:00:00,14,6,8
2014-02-19 13:00:00,15,12,3
2014-02-19 14:00:00,16,11,5
2014-02-19 15:00:00,16,9,7
2014-02-19 16:00:00,32,17,15
2014-02-19 17:00:00,39,22,17
2014-02-19 18:00:00,28,19,9
2014-02-19 19:00:00,24,15,9
2014-02-19 20:00:00,11,9,2
2014-02-19 21:00:00,0,0,0
2014-02-19 22:00:00,2,1,1
2014-02-19 23:00:00,0,0,0
2014-02-20 00:00:00,0,0,0
2014-02-20 01:00:00,0,0,0
2014-02-20 02:00:00,1,0,1
2014-02-20 03:00:00,0,0,0
2014-02-20 04:00:00,2,2,0
2014-02-20 05:00:00,4,3,1
2014-02-20 06:00:00,8,4,4
2014-02-20 07:00:00,23,13,10
2014-02-20 08:00:00,25,9,16
2014-02-20 09:00:00,16,9,7
2014-02-20 10:00:00,13,8,5
2014-02-20 11:00:00,6,3,3
2014-02-20 12:00:00,8,3,5
2014-02-20 13:00:00,10,4,6
2014-02-20 14:00:00,16,9,7
2014-02-20 15:00:00,18,8,10
2014-02-20 16:00:00,24,11,13
2014-02-20 17:00:00,31,16,15
2014-02-20 18:00:00,24,14,10
2014-02-20 19:00:00,9,6,3
2014-02-20 20:00:00,14,4,10
2014-02-20 21:00:00,0,0,0
2014-02-20 22:00:00,54,52,2
2014-02-20 23:00:00,1,1,0
2014-02-21 00:00:00,0,0,0
2014-02-21 01:00:00,0,0,0
2014-02-21 02:00:00,2,1,1
2014-02-21 03:00:00,0,0,0
2014-02-21 04:00:00,3,3,0
2014-02-21 05:00:00,6,3,3
2014-02-21 06:00:00,9,5,4
2014-02-21 07:00:00,25,13,12
2014-02-21 08:00:00,25,9,16
2014-02-21 09:00:00,14,7,7
2014-02-21 10:00:00,12,6,6
2014-02-21 11:00:00,5,2,3
2014-02-21 12:00:00,26,18,8
2014-02-21 13:00:00,12,4,8
2014-02-21 14:00:00,17,10,7
2014-02-21 15:00:00,14,8,6
2014-02-21 16:00:00,28,13,15
2014-02-21 17:00:00,34,17,17
2014-02-21 18:00:00,26,17,9
2014-02-21 19:00:00,10,6,4
2014-02-21 20:00:00,2,0,2
2014-02-21 21:00:00,1,1,0
2014-02-21 22:00:00,0,0,0
2014-02-21 23:00:00,1,1,0
2014-02-22 00:00:00,0,0,0
2014-02-22 01:00:00,0,0,0
2014-02-22 02:00:00,0,0,0
2014-02-22 03:00:00,0,0,0
2014-02-22 04:00:00,0,0,0
2014-02-22 05:00:00,0,0,0
2014-02-22 06:00:00,1,0,1
2014-02-22 07:00:00,10,5,5
2014-02-22 08:00:00,24,14,10
2014-02-22 09:00:00,37,5,32
2014-02-22 10:00:00,44,33,11
2014-02-22 11:00:00,54,33,21
2014-02-22 12:00:00,34,30,4
2014-02-22 13:00:00,13,12,1
2014-02-22 14:00:00,18,8,10
2014-02-22 15:00:00,14,8,6
2014-02-22 16:00:00,8,4,4
2014-02-22 17:00:00,7,4,3
2014-02-22 18:00:00,2,2,0
2014-02-22 19:00:00,1,1,0
2014-02-22 20:00:00,0,0,0
2014-02-22 21:00:00,0,0,0
2014-02-22 22:00:00,0,0,0
2014-02-22 23:00:00,0,0,0
2014-02-23 00:00:00,0,0,0
2014-02-23 01:00:00,0,0,0
2014-02-23 02:00:00,0,0,0
2014-02-23 03:00:00,0,0,0
2014-02-23 04:00:00,0,0,0
2014-02-23 05:00:00,0,0,0
2014-02-23 06:00:00,1,1,0
2014-02-23 07:00:00,14,11,3
2014-02-23 08:00:00,23,8,15
2014-02-23 09:00:00,33,21,12
2014-02-23 10:00:00,24,9,15
2014-02-23 11:00:00,61,41,20
2014-02-23 12:00:00,31,12,19
2014-02-23 13:00:00,18,11,7
2014-02-23 14:00:00,9,6,3
2014-02-23 15:00:00,6,5,1
2014-02-23 16:00:00,3,1,2
2014-02-23 17:00:00,4,3,1
2014-02-23 18:00:00,2,1,1
2014-02-23 19:00:00,0,0,0
2014-02-23 20:00:00,0,0,0
2014-02-23 21:00:00,0,0,0
2014-02-23 22:00:00,0,0,0
2014-02-23 23:00:00,0,0,0
2014-02-24 00:00:00,0,0,0
2014-02-24 01:00:00,0,0,0
2014-02-24 02:00:00,1,0,1
2014-02-24 03:00:00,0,0,0
2014-02-24 04:00:00,2,2,0
2014-02-24 05:00:00,4,2,2
2014-02-24 06:00:00,8,6,2
2014-02-24 07:00:00,34,22,12
2014-02-24 08:00:00,14,10,4
2014-02-24 09:00:00,17,7,10
2014-02-24 10:00:00,5,3,2
2014-02-24 11:00:00,1,1,0
2014-02-24 12:00:00,0,0,0
2014-02-24 13:00:00,1,0,1
2014-02-24 14:00:00,3,1,2
2014-02-24 15:00:00,4,4,0
2014-02-24 16:00:00,16,8,8
2014-02-24 17:00:00,31,10,21
2014-02-24 18:00:00,16,9,7
2014-02-24 19:00:00,12,8,4
2014-02-24 20:00:00,3,2,1
2014-02-24 21:00:00,3,1,2
2014-02-24 22:00:00,2,1,1
2014-02-24 23:00:00,0,0,0
2014-02-25 00:00:00,0,0,0
2014-02-25 01:00:00,0,0,0
2014-02-25 02:00:00,1,0,1
2014-02-25 03:00:00,0,0,0
2014-02-25 04:00:00,3,3,0
2014-02-25 05:00:00,8,7,1
2014-02-25 06:00:00,13,8,5
2014-02-25 07:00:00,48,26,22
2014-02-25 08:00:00,46,22,24
2014-02-25 09:00:00,15,6,9
2014-02-25 10:00:00,10,7,3
2014-02-25 11:00:00,11,7,4
2014-02-25 12:00:00,20,11,9
2014-02-25 13:00:00,26,15,11
2014-02-25 14:00:00,21,10,11
2014-02-25 15:00:00,25,12,13
2014-02-25 16:00:00,38,20,18
2014-02-25 17:00:00,67,33,34
2014-02-25 18:00:00,62,37,25
2014-02-25 19:00:00,20,10,10
2014-02-25 20:00:00,6,5,1
2014-02-25 21:00:00,1,1,0
2014-02-25 22:00:00,2,1,1
2014-02-25 23:00:00,1,1,0
2014-02-26 00:00:00,0,0,0
2014-02-26 01:00:00,0,0,0
2014-02-26 02:00:00,1,0,1
2014-02-26 03:00:00,0,0,0
2014-02-26 04:00:00,3,3,0
2014-02-26 05:00:00,10,7,3
2014-02-26 06:00:00,25,14,11
2014-02-26 07:00:00,51,25,26
2014-02-26 08:00:00,59,29,30
2014-02-26 09:00:00,27,12,15
2014-02-26 10:00:00,14,7,7
2014-02-26 11:00:00,25,14,11
2014-02-26 12:00:00,12,6,6
2014-02-26 13:00:00,29,10,19
2014-02-26 14:00:00,31,20,11
2014-02-26 15:00:00,48,23,25
2014-02-26 16:00:00,72,34,38
2014-02-26 17:00:00,86,54,32
2014-02-26 18:00:00,57,39,18
2014-02-26 19:00:00,21,14,7
2014-02-26 20:00:00,7,6,1
2014-02-26 21:00:00,1,0,1
2014-02-26 22:00:00,2,2,0
2014-02-26 23:00:00,2,0,2
2014-02-27 00:00:00,1,1,0
2014-02-27 01:00:00,0,0,0
2014-02-27 02:00:00,1,0,1
2014-02-27 03:00:00,0,0,0
2014-02-27 04:00:00,2,2,0
2014-02-27 05:00:00,12,9,3
2014-02-27 06:00:00,20,13,7
2014-02-27 07:00:00,42,24,18
2014-02-27 08:00:00,39,19,20
2014-02-27 09:00:00,34,11,23
2014-02-27 10:00:00,21,12,9
2014-02-27 11:00:00,11,6,5
2014-02-27 12:00:00,22,11,11
2014-02-27 13:00:00,18,9,9
2014-02-27 14:00:00,23,10,13
2014-02-27 15:00:00,30,20,10
2014-02-27 16:00:00,45,21,24
2014-02-27 17:00:00,51,19,32
2014-02-27 18:00:00,43,31,12
2014-02-27 19:00:00,14,11,3
2014-02-27 20:00:00,2,1,1
2014-02-27 21:00:00,3,1,2
2014-02-27 22:00:00,4,2,2
2014-02-27 23:00:00,0,0,0
2014-02-28 00:00:00,2,0,2
2014-02-28 01:00:00,1,0,1
2014-02-28 02:00:00,1,0,1
2014-02-28 03:00:00,1,1,0
2014-02-28 04:00:00,1,1,0
2014-02-28 05:00:00,7,4,3
2014-02-28 06:00:00,17,11,6
2014-02-28 07:00:00,38,19,19
2014-02-28 08:00:00,51,26,25
2014-02-28 09:00:00,20,8,12
2014-02-28 10:00:00,41,11,30
2014-02-28 11:00:00,26,15,11
2014-02-28 12:00:00,26,15,11
2014-02-28 13:00:00,46,29,17
2014-02-28 14:00:00,37,21,16
2014-02-28 15:00:00,39,17,22
2014-02-28 16:00:00,70,38,32
2014-02-28 17:00:00,58,40,18
2014-02-28 18:00:00,40,28,12
2014-02-28 19:00:00,11,7,4
2014-02-28 20:00:00,3,2,1
2014-02-28 21:00:00,2,0,2
2014-02-28 22:00:00,3,3,0
2014-02-28 23:00:00,0,0,0
2014-03-01 00:00:00,1,0,1
2014-03-01 01:00:00,0,0,0
2014-03-01 02:00:00,0,0,0
2014-03-01 03:00:00,0,0,0
2014-03-01 04:00:00,0,0,0
2014-03-01 05:00:00,0,0,0
2014-03-01 06:00:00,4,1,3
2014-03-01 07:00:00,3,2,1
2014-03-01 08:00:00,40,16,24
2014-03-01 09:00:00,58,35,23
2014-03-01 10:00:00,61,35,26
2014-03-01 11:00:00,89,64,25
2014-03-01 12:00:00,57,33,24
2014-03-01 13:00:00,38,26,12
2014-03-01 14:00:00,27,16,11
2014-03-01 15:00:00,12,4,8
2014-03-01 16:00:00,6,1,5
2014-03-01 17:00:00,3,2,1
2014-03-01 18:00:00,5,5,0
2014-03-01 19:00:00,0,0,0
2014-03-01 20:00:00,0,0,0
2014-03-01 21:00:00,2,1,1
2014-03-01 22:00:00,0,0,0
2014-03-01 23:00:00,0,0,0
2014-03-02 00:00:00,0,0,0
2014-03-02 01:00:00,0,0,0
2014-03-02 02:00:00,0,0,0
2014-03-02 03:00:00,0,0,0
2014-03-02 04:00:00,0,0,0
2014-03-02 05:00:00,0,0,0
2014-03-02 06:00:00,2,1,1
2014-03-02 07:00:00,2,0,2
2014-03-02 08:00:00,16,8,8
2014-03-02 09:00:00,20,12,8
2014-03-02 10:00:00,12,7,5
2014-03-02 11:00:00,45,35,10
2014-03-02 12:00:00,20,19,1
2014-03-02 13:00:00,9,5,4
2014-03-02 14:00:00,7,4,3
2014-03-02 15:00:00,5,4,1
2014-03-02 16:00:00,2,1,1
2014-03-02 17:00:00,2,1,1
2014-03-02 18:00:00,1,1,0
2014-03-02 19:00:00,1,1,0
2014-03-02 20:00:00,1,1,0
2014-03-02 21:00:00,2,1,1
2014-03-02 22:00:00,0,0,0
2014-03-02 23:00:00,0,0,0
2014-03-03 00:00:00,0,0,0
2014-03-03 01:00:00,0,0,0
2014-03-03 02:00:00,0,0,0
2014-03-03 03:00:00,0,0,0
2014-03-03 04:00:00,2,2,0
2014-03-03 05:00:00,6,4,2
2014-03-03 06:00:00,5,4,1
2014-03-03 07:00:00,18,7,11
2014-03-03 08:00:00,26,13,13
2014-03-03 09:00:00,9,4,5
2014-03-03 10:00:00,7,5,2
2014-03-03 11:00:00,2,1,1
2014-03-03 12:00:00,5,3,2
2014-03-03 13:00:00,5,4,1
2014-03-03 14:00:00,9,3,6
2014-03-03 15:00:00,14,5,9
2014-03-03 16:00:00,37,17,20
2014-03-03 17:00:00,40,25,15
2014-03-03 18:00:00,22,14,8
2014-03-03 19:00:00,9,8,1
2014-03-03 20:00:00,5,3,2
2014-03-03 21:00:00,1,1,0
2014-03-03 22:00:00,1,1,0
2014-03-03 23:00:00,0,0,0
2014-03-04 00:00:00,2,1,1
2014-03-04 01:00:00,0,0,0
2014-03-04 02:00:00,1,0,1
2014-03-04 03:00:00,0,0,0
2014-03-04 04:00:00,2,2,0
2014-03-04 05:00:00,6,4,2
2014-03-04 06:00:00,12,7,5
2014-03-04 07:00:00,23,12,11
2014-03-04 08:00:00,31,15,16
2014-03-04 09:00:00,9,3,6
2014-03-04 10:00:00,4,2,2
2014-03-04 11:00:00,4,1,3
2014-03-04 12:00:00,5,0,5
2014-03-04 13:00:00,4,3,1
2014-03-04 14:00:00,6,3,3
2014-03-04 15:00:00,6,2,4
2014-03-04 16:00:00,11,6,5
2014-03-04 17:00:00,34,20,14
2014-03-04 18:00:00,39,26,13
2014-03-04 19:00:00,9,4,5
2014-03-04 20:00:00,3,2,1
2014-03-04 21:00:00,2,1,1
2014-03-04 22:00:00,0,0,0
2014-03-04 23:00:00,0,0,0
2014-03-05 00:00:00,0,0,0
2014-03-05 01:00:00,0,0,0
2014-03-05 02:00:00,1,0,1
2014-03-05 03:00:00,0,0,0
2014-03-05 04:00:00,0,0,0
2014-03-05 05:00:00,4,2,2
2014-03-05 06:00:00,8,5,3
2014-03-05 07:00:00,17,10,7
2014-03-05 08:00:00,26,11,15
2014-03-05 09:00:00,13,6,7
2014-03-05 10:00:00,12,3,9
2014-03-05 11:00:00,5,1,4
2014-03-05 12:00:00,13,7,6
2014-03-05 13:00:00,12,6,6
2014-03-05 14:00:00,10,2,8
2014-03-05 15:00:00,21,14,7
2014-03-05 16:00:00,16,5,11
2014-03-05 17:00:00,24,14,10
2014-03-05 18:00:00,23,15,8
2014-03-05 19:00:00,9,9,0
2014-03-05 20:00:00,2,1,1
2014-03-05 21:00:00,0,0,0
2014-03-05 22:00:00,2,2,0
2014-03-05 23:00:00,0,0,0
2014-03-06 00:00:00,0,0,0
2014-03-06 01:00:00,0,0,0
2014-03-06 02:00:00,0,0,0
2014-03-06 03:00:00,0,0,0
2014-03-06 04:00:00,2,2,0
2014-03-06 05:00:00,2,1,1
2014-03-06 06:00:00,8,5,3
2014-03-06 07:00:00,22,15,7
2014-03-06 08:00:00,24,14,10
2014-03-06 09:00:00,17,10,7
2014-03-06 10:00:00,10,1,9
2014-03-06 11:00:00,16,11,5
2014-03-06 12:00:00,6,5,1
2014-03-06 13:00:00,5,3,2
2014-03-06 14:00:00,4,0,4
2014-03-06 15:00:00,5,3,2
2014-03-06 16:00:00,20,6,14
2014-03-06 17:00:00,23,10,13
2014-03-06 18:00:00,24,13,11
2014-03-06 19:00:00,9,5,4
2014-03-06 20:00:00,5,4,1
2014-03-06 21:00:00,2,2,0
2014-03-06 22:00:00,2,1,1
2014-03-06 23:00:00,1,0,1
2014-03-07 00:00:00,0,0,0
2014-03-07 01:00:00,0,0,0
2014-03-07 02:00:00,0,0,0
2014-03-07 03:00:00,0,0,0
2014-03-07 04:00:00,2,2,0
2014-03-07 05:00:00,12,8,4
2014-03-07 06:00:00,19,13,6
2014-03-07 07:00:00,38,21,17
2014-03-07 08:00:00,48,20,28
2014-03-07 09:00:00,25,15,10
2014-03-07 10:00:00,27,7,20
2014-03-07 11:00:00,24,14,10
2014-03-07 12:00:00,18,12,6
2014-03-07 13:00:00,35,16,19
2014-03-07 14:00:00,39,18,21
2014-03-07 15:00:00,55,30,25
2014-03-07 16:00:00,84,32,52
2014-03-07 17:00:00,91,56,35
2014-03-07 18:00:00,53,37,16
2014-03-07 19:00:00,7,5,2
2014-03-07 20:00:00,4,3,1
2014-03-07 21:00:00,1,1,0
2014-03-07 22:00:00,0,0,0
2014-03-07 23:00:00,0,0,0
2014-03-08 00:00:00,0,0,0
2014-03-08 01:00:00,0,0,0
2014-03-08 02:00:00,0,0,0
2014-03-08 03:00:00,0,0,0
2014-03-08 04:00:00,0,0,0
2014-03-08 05:00:00,0,0,0
2014-03-08 06:00:00,4,2,2
2014-03-08 07:00:00,9,4,5
2014-03-08 08:00:00,63,12,51
2014-03-08 09:00:00,169,49,120
2014-03-08 10:00:00,112,59,53
2014-03-08 11:00:00,64,54,10
2014-03-08 12:00:00,27,23,4
2014-03-08 13:00:00,14,4,10
2014-03-08 14:00:00,7,6,1
2014-03-08 15:00:00,5,2,3
2014-03-08 16:00:00,0,0,0
2014-03-08 17:00:00,3,0,3
2014-03-08 18:00:00,1,1,0
2014-03-08 19:00:00,2,1,1
2014-03-08 20:00:00,1,0,1
2014-03-08 21:00:00,0,0,0
2014-03-08 22:00:00,0,0,0
2014-03-08 23:00:00,0,0,0
2014-03-09 00:00:00,1,1,0
2014-03-09 01:00:00,0,0,0
2014-03-09 02:00:00,0,0,0
2014-03-09 03:00:00,0,0,0
2014-03-09 04:00:00,0,0,0
2014-03-09 05:00:00,0,0,0
2014-03-09 06:00:00,1,1,0
2014-03-09 07:00:00,3,1,2
2014-03-09 08:00:00,8,5,3
2014-03-09 09:00:00,17,7,10
2014-03-09 10:00:00,24,10,14
2014-03-09 11:00:00,41,25,16
2014-03-09 12:00:00,39,21,18
2014-03-09 13:00:00,61,24,37
2014-03-09 14:00:00,78,48,30
2014-03-09 15:00:00,87,53,34
2014-03-09 16:00:00,47,25,22
2014-03-09 17:00:00,33,25,8
2014-03-09 18:00:00,18,14,4
2014-03-09 19:00:00,4,1,3
2014-03-09 20:00:00,1,0,1
2014-03-09 21:00:00,0,0,0
2014-03-09 22:00:00,0,0,0
2014-03-09 23:00:00,0,0,0
2014-03-10 00:00:00,0,0,0
2014-03-10 01:00:00,0,0,0
2014-03-10 02:00:00,0,0,0
2014-03-10 03:00:00,0,0,0
2014-03-10 04:00:00,2,2,0
2014-03-10 05:00:00,4,2,2
2014-03-10 06:00:00,13,9,4
2014-03-10 07:00:00,23,13,10
2014-03-10 08:00:00,31,18,13
2014-03-10 09:00:00,15,9,6
2014-03-10 10:00:00,5,0,5
2014-03-10 11:00:00,8,3,5
2014-03-10 12:00:00,7,3,4
2014-03-10 13:00:00,6,5,1
2014-03-10 14:00:00,8,3,5
2014-03-10 15:00:00,10,5,5
2014-03-10 16:00:00,20,7,13
2014-03-10 17:00:00,31,11,20
2014-03-10 18:00:00,45,33,12
2014-03-10 19:00:00,19,13,6
2014-03-10 20:00:00,3,1,2
2014-03-10 21:00:00,3,2,1
2014-03-10 22:00:00,2,2,0
2014-03-10 23:00:00,0,0,0
2014-03-11 00:00:00,1,0,1
2014-03-11 01:00:00,0,0,0
2014-03-11 02:00:00,1,0,1
2014-03-11 03:00:00,0,0,0
2014-03-11 04:00:00,4,4,0
2014-03-11 05:00:00,8,4,4
2014-03-11 06:00:00,16,10,6
2014-03-11 07:00:00,50,32,18
2014-03-11 08:00:00,56,22,34
2014-03-11 09:00:00,32,10,22
2014-03-11 10:00:00,26,18,8
2014-03-11 11:00:00,26,14,12
2014-03-11 12:00:00,32,19,13
2014-03-11 13:00:00,23,14,9
2014-03-11 14:00:00,36,17,19
2014-03-11 15:00:00,52,21,31
2014-03-11 16:00:00,70,29,41
2014-03-11 17:00:00,122,60,62
2014-03-11 18:00:00,121,92,29
2014-03-11 19:00:00,36,28,8
2014-03-11 20:00:00,8,5,3
2014-03-11 21:00:00,2,1,1
2014-03-11 22:00:00,1,1,0
2014-03-11 23:00:00,2,1,1
2014-03-12 00:00:00,1,0,1
2014-03-12 01:00:00,0,0,0
2014-03-12 02:00:00,0,0,0
2014-03-12 03:00:00,1,1,0
2014-03-12 04:00:00,3,2,1
2014-03-12 05:00:00,10,7,3
2014-03-12 06:00:00,21,13,8
2014-03-12 07:00:00,49,26,23
2014-03-12 08:00:00,66,29,37
2014-03-12 09:00:00,35,17,18
2014-03-12 10:00:00,24,11,13
2014-03-12 11:00:00,23,8,15
2014-03-12 12:00:00,42,21,21
2014-03-12 13:00:00,35,21,14
2014-03-12 14:00:00,42,22,20
2014-03-12 15:00:00,69,37,32
2014-03-12 16:00:00,102,41,61
2014-03-12 17:00:00,131,63,68
2014-03-12 18:00:00,125,91,34
2014-03-12 19:00:00,49,38,11
2014-03-12 20:00:00,16,10,6
2014-03-12 21:00:00,2,2,0
2014-03-12 22:00:00,2,0,2
2014-03-12 23:00:00,0,0,0
2014-03-13 00:00:00,0,0,0
2014-03-13 01:00:00,0,0,0
2014-03-13 02:00:00,0,0,0
2014-03-13 03:00:00,0,0,0
2014-03-13 04:00:00,5,3,2
2014-03-13 05:00:00,11,7,4
2014-03-13 06:00:00,20,10,10
2014-03-13 07:00:00,44,27,17
2014-03-13 08:00:00,46,22,24
2014-03-13 09:00:00,34,13,21
2014-03-13 10:00:00,18,13,5
2014-03-13 11:00:00,19,9,10
2014-03-13 12:00:00,22,9,13
2014-03-13 13:00:00,30,16,14
2014-03-13 14:00:00,25,9,16
2014-03-13 15:00:00,33,18,15
2014-03-13 16:00:00,75,39,36
2014-03-13 17:00:00,92,46,46
2014-03-13 18:00:00,62,38,24
2014-03-13 19:00:00,37,29,8
2014-03-13 20:00:00,7,2,5
2014-03-13 21:00:00,1,1,0
2014-03-13 22:00:00,2,1,1
2014-03-13 23:00:00,0,0,0
2014-03-14 00:00:00,0,0,0
2014-03-14 01:00:00,0,0,0
2014-03-14 02:00:00,0,0,0
2014-03-14 03:00:00,0,0,0
2014-03-14 04:00:00,2,1,1
2014-03-14 05:00:00,5,2,3
2014-03-14 06:00:00,8,7,1
2014-03-14 07:00:00,23,13,10
2014-03-14 08:00:00,20,7,13
2014-03-14 09:00:00,12,3,9
2014-03-14 10:00:00,8,6,2
2014-03-14 11:00:00,3,2,1
2014-03-14 12:00:00,9,3,6
2014-03-14 13:00:00,12,5,7
2014-03-14 14:00:00,23,8,15
2014-03-14 15:00:00,25,15,10
2014-03-14 16:00:00,34,16,18
2014-03-14 17:00:00,51,32,19
2014-03-14 18:00:00,33,20,13
2014-03-14 19:00:00,14,11,3
2014-03-14 20:00:00,3,0,3
2014-03-14 21:00:00,0,0,0
2014-03-14 22:00:00,0,0,0
2014-03-14 23:00:00,0,0,0
2014-03-15 00:00:00,0,0,0
2014-03-15 01:00:00,0,0,0
2014-03-15 02:00:00,0,0,0
2014-03-15 03:00:00,0,0,0
2014-03-15 04:00:00,0,0,0
2014-03-15 05:00:00,1,1,0
2014-03-15 06:00:00,1,0,1
2014-03-15 07:00:00,7,2,5
2014-03-15 08:00:00,37,14,23
2014-03-15 09:00:00,81,46,35
2014-03-15 10:00:00,65,27,38
2014-03-15 11:00:00,91,42,49
2014-03-15 12:00:00,66,35,31
2014-03-15 13:00:00,71,43,28
2014-03-15 14:00:00,72,46,26
2014-03-15 15:00:00,47,35,12
2014-03-15 16:00:00,52,42,10
2014-03-15 17:00:00,41,32,9
2014-03-15 18:00:00,11,7,4
2014-03-15 19:00:00,4,4,0
2014-03-15 20:00:00,1,1,0
2014-03-15 21:00:00,0,0,0
2014-03-15 22:00:00,1,1,0
2014-03-15 23:00:00,0,0,0
2014-03-16 00:00:00,0,0,0
2014-03-16 01:00:00,0,0,0
2014-03-16 02:00:00,0,0,0
2014-03-16 03:00:00,0,0,0
2014-03-16 04:00:00,0,0,0
2014-03-16 05:00:00,0,0,0
2014-03-16 06:00:00,0,0,0
2014-03-16 07:00:00,6,3,3
2014-03-16 08:00:00,5,2,3
2014-03-16 09:00:00,9,4,5
2014-03-16 10:00:00,4,0,4
2014-03-16 11:00:00,13,4,9
2014-03-16 12:00:00,5,4,1
2014-03-16 13:00:00,9,5,4
2014-03-16 14:00:00,7,5,2
2014-03-16 15:00:00,3,1,2
2014-03-16 16:00:00,4,2,2
2014-03-16 17:00:00,9,7,2
2014-03-16 18:00:00,2,1,1
2014-03-16 19:00:00,4,4,0
2014-03-16 20:00:00,0,0,0
2014-03-16 21:00:00,1,0,1
2014-03-16 22:00:00,0,0,0
2014-03-16 23:00:00,0,0,0
2014-03-17 00:00:00,0,0,0
2014-03-17 01:00:00,0,0,0
2014-03-17 02:00:00,0,0,0
2014-03-17 03:00:00,0,0,0
2014-03-17 04:00:00,3,3,0
2014-03-17 05:00:00,5,3,2
2014-03-17 06:00:00,11,8,3
2014-03-17 07:00:00,35,21,14
2014-03-17 08:00:00,48,26,22
2014-03-17 09:00:00,24,8,16
2014-03-17 10:00:00,13,3,10
2014-03-17 11:00:00,17,11,6
2014-03-17 12:00:00,18,13,5
2014-03-17 13:00:00,24,14,10
2014-03-17 14:00:00,30,12,18
2014-03-17 15:00:00,26,12,14
2014-03-17 16:00:00,48,31,17
2014-03-17 17:00:00,61,24,37
2014-03-17 18:00:00,68,46,22
2014-03-17 19:00:00,23,16,7
2014-03-17 20:00:00,6,3,3
2014-03-17 21:00:00,1,1,0
2014-03-17 22:00:00,0,0,0
2014-03-17 23:00:00,0,0,0
2014-03-18 00:00:00,0,0,0
2014-03-18 01:00:00,0,0,0
2014-03-18 02:00:00,0,0,0
2014-03-18 03:00:00,0,0,0
2014-03-18 04:00:00,2,2,0
2014-03-18 05:00:00,5,5,0
2014-03-18 06:00:00,24,17,7
2014-03-18 07:00:00,40,28,12
2014-03-18 08:00:00,46,23,23
2014-03-18 09:00:00,17,6,11
2014-03-18 10:00:00,21,14,7
2014-03-18 11:00:00,18,11,7
2014-03-18 12:00:00,24,9,15
2014-03-18 13:00:00,13,7,6
2014-03-18 14:00:00,32,15,17
2014-03-18 15:00:00,27,12,15
2014-03-18 16:00:00,33,18,15
2014-03-18 17:00:00,66,34,32
2014-03-18 18:00:00,66,36,30
2014-03-18 19:00:00,26,18,8
2014-03-18 20:00:00,10,9,1
2014-03-18 21:00:00,2,2,0
2014-03-18 22:00:00,1,1,0
2014-03-18 23:00:00,0,0,0
2014-03-19 00:00:00,0,0,0
2014-03-19 01:00:00,0,0,0
2014-03-19 02:00:00,0,0,0
2014-03-19 03:00:00,0,0,0
2014-03-19 04:00:00,2,2,0
2014-03-19 05:00:00,8,6,2
2014-03-19 06:00:00,10,7,3
2014-03-19 07:00:00,35,17,18
2014-03-19 08:00:00,32,20,12
2014-03-19 09:00:00,22,7,15
2014-03-19 10:00:00,10,5,5
2014-03-19 11:00:00,8,1,7
2014-03-19 12:00:00,8,6,2
2014-03-19 13:00:00,4,1,3
2014-03-19 14:00:00,1,1,0
2014-03-19 15:00:00,10,7,3
2014-03-19 16:00:00,30,11,19
2014-03-19 17:00:00,45,27,18
2014-03-19 18:00:00,41,19,22
2014-03-19 19:00:00,21,16,5
2014-03-19 20:00:00,7,4,3
2014-03-19 21:00:00,4,3,1
2014-03-19 22:00:00,1,1,0
2014-03-19 23:00:00,1,0,1
2014-03-20 00:00:00,0,0,0
2014-03-20 01:00:00,1,1,0
2014-03-20 02:00:00,1,0,1
2014-03-20 03:00:00,0,0,0
2014-03-20 04:00:00,2,2,0
2014-03-20 05:00:00,5,2,3
2014-03-20 06:00:00,17,14,3
2014-03-20 07:00:00,37,24,13
2014-03-20 08:00:00,40,18,22
2014-03-20 09:00:00,25,12,13
2014-03-20 10:00:00,11,9,2
2014-03-20 11:00:00,22,10,12
2014-03-20 12:00:00,15,9,6
2014-03-20 13:00:00,19,9,10
2014-03-20 14:00:00,23,13,10
2014-03-20 15:00:00,31,14,17
2014-03-20 16:00:00,53,25,28
2014-03-20 17:00:00,78,41,37
2014-03-20 18:00:00,64,37,27
2014-03-20 19:00:00,32,19,13
2014-03-20 20:00:00,11,8,3
2014-03-20 21:00:00,1,1,0
2014-03-20 22:00:00,2,1,1
2014-03-20 23:00:00,0,0,0
2014-03-21 00:00:00,1,0,1
2014-03-21 01:00:00,0,0,0
2014-03-21 02:00:00,0,0,0
2014-03-21 03:00:00,0,0,0
2014-03-21 04:00:00,3,2,1
2014-03-21 05:00:00,10,5,5
2014-03-21 06:00:00,15,8,7
2014-03-21 07:00:00,42,24,18
2014-03-21 08:00:00,49,23,26
2014-03-21 09:00:00,23,8,15
2014-03-21 10:00:00,15,5,10
2014-03-21 11:00:00,22,9,13
2014-03-21 12:00:00,29,14,15
2014-03-21 13:00:00,31,15,16
2014-03-21 14:00:00,29,11,18
2014-03-21 15:00:00,43,24,19
2014-03-21 16:00:00,70,39,31
2014-03-21 17:00:00,75,39,36
2014-03-21 18:00:00,71,45,26
2014-03-21 19:00:00,18,13,5
2014-03-21 20:00:00,5,3,2
2014-03-21 21:00:00,3,3,0
2014-03-21 22:00:00,1,1,0
2014-03-21 23:00:00,0,0,0
2014-03-22 00:00:00,0,0,0
2014-03-22 01:00:00,0,0,0
2014-03-22 02:00:00,0,0,0
2014-03-22 03:00:00,0,0,0
2014-03-22 04:00:00,0,0,0
2014-03-22 05:00:00,1,1,0
2014-03-22 06:00:00,2,1,1
2014-03-22 07:00:00,10,2,8
2014-03-22 08:00:00,45,13,32
2014-03-22 09:00:00,97,55,42
2014-03-22 10:00:00,141,54,87
2014-03-22 11:00:00,169,98,71
2014-03-22 12:00:00,129,74,55
2014-03-22 13:00:00,99,63,36
2014-03-22 14:00:00,100,58,42
2014-03-22 15:00:00,94,58,36
2014-03-22 16:00:00,51,28,23
2014-03-22 17:00:00,38,28,10
2014-03-22 18:00:00,20,8,12
2014-03-22 19:00:00,6,3,3
2014-03-22 20:00:00,3,3,0
2014-03-22 21:00:00,0,0,0
2014-03-22 22:00:00,0,0,0
2014-03-22 23:00:00,0,0,0
2014-03-23 00:00:00,0,0,0
2014-03-23 01:00:00,0,0,0
2014-03-23 02:00:00,0,0,0
2014-03-23 03:00:00,0,0,0
2014-03-23 04:00:00,0,0,0
2014-03-23 05:00:00,1,0,1
2014-03-23 06:00:00,3,2,1
2014-03-23 07:00:00,29,4,25
2014-03-23 08:00:00,39,13,26
2014-03-23 09:00:00,61,30,31
2014-03-23 10:00:00,94,56,38
2014-03-23 11:00:00,117,58,59
2014-03-23 12:00:00,112,71,41
2014-03-23 13:00:00,107,68,39
2014-03-23 14:00:00,130,74,56
2014-03-23 15:00:00,109,60,49
2014-03-23 16:00:00,109,58,51
2014-03-23 17:00:00,56,38,18
2014-03-23 18:00:00,20,16,4
2014-03-23 19:00:00,6,6,0
2014-03-23 20:00:00,1,1,0
2014-03-23 21:00:00,0,0,0
2014-03-23 22:00:00,0,0,0
2014-03-23 23:00:00,1,1,0
2014-03-24 00:00:00,0,0,0
2014-03-24 01:00:00,0,0,0
2014-03-24 02:00:00,0,0,0
2014-03-24 03:00:00,0,0,0
2014-03-24 04:00:00,4,3,1
2014-03-24 05:00:00,14,5,9
2014-03-24 06:00:00,26,15,11
2014-03-24 07:00:00,65,40,25
2014-03-24 08:00:00,60,25,35
2014-03-24 09:00:00,26,20,6
2014-03-24 10:00:00,17,8,9
2014-03-24 11:00:00,18,5,13
2014-03-24 12:00:00,38,22,16
2014-03-24 13:00:00,36,15,21
2014-03-24 14:00:00,46,26,20
2014-03-24 15:00:00,55,28,27
2014-03-24 16:00:00,88,36,52
2014-03-24 17:00:00,121,58,63
2014-03-24 18:00:00,148,93,55
2014-03-24 19:00:00,58,45,13
2014-03-24 20:00:00,9,7,2
2014-03-24 21:00:00,3,2,1
2014-03-24 22:00:00,2,1,1
2014-03-24 23:00:00,0,0,0
2014-03-25 00:00:00,1,1,0
2014-03-25 01:00:00,0,0,0
2014-03-25 02:00:00,1,1,0
2014-03-25 03:00:00,2,1,1
2014-03-25 04:00:00,3,3,0
2014-03-25 05:00:00,8,4,4
2014-03-25 06:00:00,18,12,6
2014-03-25 07:00:00,36,22,14
2014-03-25 08:00:00,33,13,20
2014-03-25 09:00:00,13,5,8
2014-03-25 10:00:00,8,5,3
2014-03-25 11:00:00,7,3,4
2014-03-25 12:00:00,2,1,1
2014-03-25 13:00:00,7,3,4
2014-03-25 14:00:00,2,2,0
2014-03-25 15:00:00,8,5,3
2014-03-25 16:00:00,27,9,18
2014-03-25 17:00:00,39,16,23
2014-03-25 18:00:00,36,23,13
2014-03-25 19:00:00,12,9,3
2014-03-25 20:00:00,5,5,0
2014-03-25 21:00:00,0,0,0
2014-03-25 22:00:00,1,1,0
2014-03-25 23:00:00,0,0,0
2014-03-26 00:00:00,0,0,0
2014-03-26 01:00:00,0,0,0
2014-03-26 02:00:00,0,0,0
2014-03-26 03:00:00,0,0,0
2014-03-26 04:00:00,3,3,0
2014-03-26 05:00:00,12,6,6
2014-03-26 06:00:00,13,13,0
2014-03-26 07:00:00,35,18,17
2014-03-26 08:00:00,38,19,19
2014-03-26 09:00:00,29,12,17
2014-03-26 10:00:00,15,5,10
2014-03-26 11:00:00,7,2,5
2014-03-26 12:00:00,9,8,1
2014-03-26 13:00:00,4,0,4
2014-03-26 14:00:00,10,6,4
2014-03-26 15:00:00,11,5,6
2014-03-26 16:00:00,32,13,19
2014-03-26 17:00:00,38,15,23
2014-03-26 18:00:00,42,28,14
2014-03-26 19:00:00,19,13,6
2014-03-26 20:00:00,6,4,2
2014-03-26 21:00:00,1,1,0
2014-03-26 22:00:00,1,0,1
2014-03-26 23:00:00,0,0,0
2014-03-27 00:00:00,0,0,0
2014-03-27 01:00:00,0,0,0
2014-03-27 02:00:00,0,0,0
2014-03-27 03:00:00,0,0,0
2014-03-27 04:00:00,3,3,0
2014-03-27 05:00:00,7,5,2
2014-03-27 06:00:00,18,13,5
2014-03-27 07:00:00,31,19,12
2014-03-27 08:00:00,34,20,14
2014-03-27 09:00:00,27,12,15
2014-03-27 10:00:00,12,2,10
2014-03-27 11:00:00,16,11,5
2014-03-27 12:00:00,15,10,5
2014-03-27 13:00:00,10,6,4
2014-03-27 14:00:00,14,5,9
2014-03-27 15:00:00,23,8,15
2014-03-27 16:00:00,38,20,18
2014-03-27 17:00:00,63,32,31
2014-03-27 18:00:00,59,35,24
2014-03-27 19:00:00,25,17,8
2014-03-27 20:00:00,8,7,1
2014-03-27 21:00:00,4,3,1
2014-03-27 22:00:00,0,0,0
2014-03-27 23:00:00,0,0,0
2014-03-28 00:00:00,0,0,0
2014-03-28 01:00:00,0,0,0
2014-03-28 02:00:00,0,0,0
2014-03-28 03:00:00,0,0,0
2014-03-28 04:00:00,2,2,0
2014-03-28 05:00:00,5,2,3
2014-03-28 06:00:00,11,9,2
2014-03-28 07:00:00,21,14,7
2014-03-28 08:00:00,21,10,11
2014-03-28 09:00:00,13,3,10
2014-03-28 10:00:00,2,0,2
2014-03-28 11:00:00,0,0,0
2014-03-28 12:00:00,5,1,4
2014-03-28 13:00:00,5,3,2
2014-03-28 14:00:00,3,1,2
2014-03-28 15:00:00,4,2,2
2014-03-28 16:00:00,14,7,7
2014-03-28 17:00:00,25,17,8
2014-03-28 18:00:00,27,19,8
2014-03-28 19:00:00,15,7,8
2014-03-28 20:00:00,3,3,0
2014-03-28 21:00:00,1,1,0
2014-03-28 22:00:00,1,1,0
2014-03-28 23:00:00,0,0,0
2014-03-29 00:00:00,0,0,0
2014-03-29 01:00:00,0,0,0
2014-03-29 02:00:00,0,0,0
2014-03-29 03:00:00,0,0,0
2014-03-29 04:00:00,0,0,0
2014-03-29 05:00:00,0,0,0
2014-03-29 06:00:00,1,1,0
2014-03-29 07:00:00,6,3,3
2014-03-29 08:00:00,7,3,4
2014-03-29 09:00:00,19,3,16
2014-03-29 10:00:00,24,11,13
2014-03-29 11:00:00,21,13,8
2014-03-29 12:00:00,24,18,6
2014-03-29 13:00:00,12,6,6
2014-03-29 14:00:00,7,4,3
2014-03-29 15:00:00,23,10,13
2014-03-29 16:00:00,15,10,5
2014-03-29 17:00:00,8,4,4
2014-03-29 18:00:00,5,3,2
2014-03-29 19:00:00,2,2,0
2014-03-29 20:00:00,1,1,0
2014-03-29 21:00:00,0,0,0
2014-03-29 22:00:00,2,2,0
2014-03-29 23:00:00,1,0,1
2014-03-30 00:00:00,0,0,0
2014-03-30 01:00:00,0,0,0
2014-03-30 02:00:00,0,0,0
2014-03-30 03:00:00,1,1,0
2014-03-30 04:00:00,1,0,1
2014-03-30 05:00:00,1,0,1
2014-03-30 06:00:00,0,0,0
2014-03-30 07:00:00,17,3,14
2014-03-30 08:00:00,35,15,20
2014-03-30 09:00:00,136,102,34
2014-03-30 10:00:00,116,29,87
2014-03-30 11:00:00,91,42,49
2014-03-30 12:00:00,118,65,53
2014-03-30 13:00:00,102,64,38
2014-03-30 14:00:00,86,49,37
2014-03-30 15:00:00,79,45,34
2014-03-30 16:00:00,71,48,23
2014-03-30 17:00:00,36,24,12
2014-03-30 18:00:00,10,9,1
2014-03-30 19:00:00,6,6,0
2014-03-30 20:00:00,2,2,0
2014-03-30 21:00:00,0,0,0
2014-03-30 22:00:00,3,2,1
2014-03-30 23:00:00,0,0,0
2014-03-31 00:00:00,0,0,0
2014-03-31 01:00:00,1,1,0
2014-03-31 02:00:00,0,0,0
2014-03-31 03:00:00,0,0,0
2014-03-31 04:00:00,3,3,0
2014-03-31 05:00:00,8,4,4
2014-03-31 06:00:00,24,22,2
2014-03-31 07:00:00,54,31,23
2014-03-31 08:00:00,45,22,23
2014-03-31 09:00:00,23,8,15
2014-03-31 10:00:00,15,6,9
2014-03-31 11:00:00,23,12,11
2014-03-31 12:00:00,18,3,15
2014-03-31 13:00:00,16,12,4
2014-03-31 14:00:00,35,19,16
2014-03-31 15:00:00,47,30,17
2014-03-31 16:00:00,83,40,43
2014-03-31 17:00:00,115,43,72
2014-03-31 18:00:00,121,80,41
2014-03-31 19:00:00,52,37,15
2014-03-31 20:00:00,11,7,4
2014-03-31 21:00:00,1,1,0
2014-03-31 22:00:00,2,1,1
2014-03-31 23:00:00,1,1,0
2014-04-01 00:00:00,0,0,0
2014-04-01 01:00:00,0,0,0
2014-04-01 02:00:00,0,0,0
2014-04-01 03:00:00,0,0,0
2014-04-01 04:00:00,1,1,0
2014-04-01 05:00:00,9,6,3
2014-04-01 06:00:00,21,14,7
2014-04-01 07:00:00,58,27,31
2014-04-01 08:00:00,55,31,24
2014-04-01 09:00:00,31,12,19
2014-04-01 10:00:00,36,12,24
2014-04-01 11:00:00,31,22,9
2014-04-01 12:00:00,26,19,7
2014-04-01 13:00:00,31,12,19
2014-04-01 14:00:00,27,18,9
2014-04-01 15:00:00,34,10,24
2014-04-01 16:00:00,68,26,42
2014-04-01 17:00:00,134,60,74
2014-04-01 18:00:00,113,67,46
2014-04-01 19:00:00,61,36,25
2014-04-01 20:00:00,13,12,1
2014-04-01 21:00:00,2,0,2
2014-04-01 22:00:00,0,0,0
2014-04-01 23:00:00,0,0,0
2014-04-02 00:00:00,0,0,0
2014-04-02 01:00:00,1,1,0
2014-04-02 02:00:00,0,0,0
2014-04-02 03:00:00,0,0,0
2014-04-02 04:00:00,2,1,1
2014-04-02 05:00:00,10,6,4
2014-04-02 06:00:00,18,11,7
2014-04-02 07:00:00,66,36,30
2014-04-02 08:00:00,61,36,25
2014-04-02 09:00:00,35,17,18
2014-04-02 10:00:00,18,14,4
2014-04-02 11:00:00,21,10,11
2014-04-02 12:00:00,10,4,6
2014-04-02 13:00:00,21,10,11
2014-04-02 14:00:00,23,12,11
2014-04-02 15:00:00,35,19,16
2014-04-02 16:00:00,69,36,33
2014-04-02 17:00:00,119,56,63
2014-04-02 18:00:00,123,79,44
2014-04-02 19:00:00,56,43,13
2014-04-02 20:00:00,16,6,10
2014-04-02 21:00:00,4,2,2
2014-04-02 22:00:00,0,0,0
2014-04-02 23:00:00,0,0,0
2014-04-03 00:00:00,1,1,0
2014-04-03 01:00:00,0,0,0
2014-04-03 02:00:00,0,0,0
2014-04-03 03:00:00,0,0,0
2014-04-03 04:00:00,2,2,0
2014-04-03 05:00:00,7,5,2
2014-04-03 06:00:00,22,11,11
2014-04-03 07:00:00,36,20,16
2014-04-03 08:00:00,46,26,20
2014-04-03 09:00:00,28,11,17
2014-04-03 10:00:00,14,8,6
2014-04-03 11:00:00,20,14,6
2014-04-03 12:00:00,18,9,9
2014-04-03 13:00:00,18,10,8
2014-04-03 14:00:00,14,9,5
2014-04-03 15:00:00,8,5,3
2014-04-03 16:00:00,19,9,10
2014-04-03 17:00:00,39,21,18
2014-04-03 18:00:00,27,15,12
2014-04-03 19:00:00,45,21,24
2014-04-03 20:00:00,2,2,0
2014-04-03 21:00:00,3,2,1
2014-04-03 22:00:00,2,0,2
2014-04-03 23:00:00,0,0,0
2014-04-04 00:00:00,1,1,0
2014-04-04 01:00:00,0,0,0
2014-04-04 02:00:00,0,0,0
2014-04-04 03:00:00,0,0,0
2014-04-04 04:00:00,1,1,0
2014-04-04 05:00:00,7,3,4
2014-04-04 06:00:00,10,7,3
2014-04-04 07:00:00,21,10,11
2014-04-04 08:00:00,46,23,23
2014-04-04 09:00:00,27,15,12
2014-04-04 10:00:00,15,10,5
2014-04-04 11:00:00,17,8,9
2014-04-04 12:00:00,24,12,12
2014-04-04 13:00:00,11,5,6
2014-04-04 14:00:00,24,11,13
2014-04-04 15:00:00,26,14,12
2014-04-04 16:00:00,51,28,23
2014-04-04 17:00:00,71,39,32
2014-04-04 18:00:00,54,40,14
2014-04-04 19:00:00,24,15,9
2014-04-04 20:00:00,4,3,1
2014-04-04 21:00:00,0,0,0
2014-04-04 22:00:00,7,4,3
2014-04-04 23:00:00,1,1,0
2014-04-05 00:00:00,0,0,0
2014-04-05 01:00:00,2,1,1
2014-04-05 02:00:00,2,0,2
2014-04-05 03:00:00,0,0,0
2014-04-05 04:00:00,0,0,0
2014-04-05 05:00:00,0,0,0
2014-04-05 06:00:00,3,1,2
2014-04-05 07:00:00,8,3,5
2014-04-05 08:00:00,30,6,24
2014-04-05 09:00:00,53,28,25
2014-04-05 10:00:00,68,34,34
2014-04-05 11:00:00,100,48,52
2014-04-05 12:00:00,62,41,21
2014-04-05 13:00:00,20,15,5
2014-04-05 14:00:00,13,11,2
2014-04-05 15:00:00,24,13,11
2014-04-05 16:00:00,13,11,2
2014-04-05 17:00:00,9,6,3
2014-04-05 18:00:00,4,2,2
2014-04-05 19:00:00,5,4,1
2014-04-05 20:00:00,1,1,0
2014-04-05 21:00:00,0,0,0
2014-04-05 22:00:00,0,0,0
2014-04-05 23:00:00,0,0,0
2014-04-06 00:00:00,0,0,0
2014-04-06 01:00:00,0,0,0
2014-04-06 02:00:00,0,0,0
2014-04-06 03:00:00,0,0,0
2014-04-06 04:00:00,0,0,0
2014-04-06 05:00:00,1,0,1
2014-04-06 06:00:00,5,1,4
2014-04-06 07:00:00,23,6,17
2014-04-06 08:00:00,52,24,28
2014-04-06 09:00:00,103,33,70
2014-04-06 10:00:00,185,36,149
2014-04-06 11:00:00,301,241,60
2014-04-06 12:00:00,144,84,60
2014-04-06 13:00:00,142,96,46
2014-04-06 14:00:00,86,51,35
2014-04-06 15:00:00,88,58,30
2014-04-06 16:00:00,87,60,27
2014-04-06 17:00:00,58,31,27
2014-04-06 18:00:00,32,25,7
2014-04-06 19:00:00,5,4,1
2014-04-06 20:00:00,1,1,0
2014-04-06 21:00:00,0,0,0
2014-04-06 22:00:00,0,0,0
2014-04-06 23:00:00,0,0,0
2014-04-07 00:00:00,2,1,1
2014-04-07 01:00:00,0,0,0
2014-04-07 02:00:00,0,0,0
2014-04-07 03:00:00,0,0,0
2014-04-07 04:00:00,3,2,1
2014-04-07 05:00:00,19,6,13
2014-04-07 06:00:00,29,18,11
2014-04-07 07:00:00,75,38,37
2014-04-07 08:00:00,76,44,32
2014-04-07 09:00:00,40,21,19
2014-04-07 10:00:00,26,12,14
2014-04-07 11:00:00,37,20,17
2014-04-07 12:00:00,47,22,25
2014-04-07 13:00:00,50,30,20
2014-04-07 14:00:00,68,41,27
2014-04-07 15:00:00,82,40,42
2014-04-07 16:00:00,105,47,58
2014-04-07 17:00:00,166,95,71
2014-04-07 18:00:00,175,101,74
2014-04-07 19:00:00,90,58,32
2014-04-07 20:00:00,12,10,2
2014-04-07 21:00:00,6,5,1
2014-04-07 22:00:00,1,0,1
2014-04-07 23:00:00,5,3,2
2014-04-08 00:00:00,0,0,0
2014-04-08 01:00:00,1,0,1
2014-04-08 02:00:00,1,1,0
2014-04-08 03:00:00,0,0,0
2014-04-08 04:00:00,3,3,0
2014-04-08 05:00:00,8,3,5
2014-04-08 06:00:00,21,12,9
2014-04-08 07:00:00,46,29,17
2014-04-08 08:00:00,48,26,22
2014-04-08 09:00:00,27,15,12
2014-04-08 10:00:00,13,7,6
2014-04-08 11:00:00,19,13,6
2014-04-08 12:00:00,18,9,9
2014-04-08 13:00:00,21,14,7
2014-04-08 14:00:00,9,7,2
2014-04-08 15:00:00,21,9,12
2014-04-08 16:00:00,24,12,12
2014-04-08 17:00:00,29,12,17
2014-04-08 18:00:00,40,22,18
2014-04-08 19:00:00,11,9,2
2014-04-08 20:00:00,7,6,1
2014-04-08 21:00:00,0,0,0
2014-04-08 22:00:00,0,0,0
2014-04-08 23:00:00,0,0,0
2014-04-09 00:00:00,0,0,0
2014-04-09 01:00:00,0,0,0
2014-04-09 02:00:00,0,0,0
2014-04-09 03:00:00,0,0,0
2014-04-09 04:00:00,3,2,1
2014-04-09 05:00:00,11,2,9
2014-04-09 06:00:00,26,17,9
2014-04-09 07:00:00,55,24,31
2014-04-09 08:00:00,56,33,23
2014-04-09 09:00:00,21,10,11
2014-04-09 10:00:00,24,10,14
2014-04-09 11:00:00,25,12,13
2014-04-09 12:00:00,21,13,8
2014-04-09 13:00:00,29,12,17
2014-04-09 14:00:00,42,28,14
2014-04-09 15:00:00,46,26,20
2014-04-09 16:00:00,72,32,40
2014-04-09 17:00:00,113,55,58
2014-04-09 18:00:00,113,66,47
2014-04-09 19:00:00,55,43,12
2014-04-09 20:00:00,15,11,4
2014-04-09 21:00:00,4,2,2
2014-04-09 22:00:00,2,1,1
2014-04-09 23:00:00,1,0,1
2014-04-10 00:00:00,0,0,0
2014-04-10 01:00:00,0,0,0
2014-04-10 02:00:00,0,0,0
2014-04-10 03:00:00,0,0,0
2014-04-10 04:00:00,3,2,1
2014-04-10 05:00:00,7,3,4
2014-04-10 06:00:00,28,18,10
2014-04-10 07:00:00,59,33,26
2014-04-10 08:00:00,52,26,26
2014-04-10 09:00:00,30,17,13
2014-04-10 10:00:00,24,16,8
2014-04-10 11:00:00,38,15,23
2014-04-10 12:00:00,27,17,10
2014-04-10 13:00:00,25,15,10
2014-04-10 14:00:00,33,15,18
2014-04-10 15:00:00,20,15,5
2014-04-10 16:00:00,69,32,37
2014-04-10 17:00:00,122,63,59
2014-04-10 18:00:00,104,68,36
2014-04-10 19:00:00,54,30,24
2014-04-10 20:00:00,25,10,15
2014-04-10 21:00:00,2,2,0
2014-04-10 22:00:00,1,0,1
2014-04-10 23:00:00,0,0,0
2014-04-11 00:00:00,0,0,0
2014-04-11 01:00:00,0,0,0
2014-04-11 02:00:00,0,0,0
2014-04-11 03:00:00,0,0,0
2014-04-11 04:00:00,4,3,1
2014-04-11 05:00:00,18,6,12
2014-04-11 06:00:00,24,14,10
2014-04-11 07:00:00,57,35,22
2014-04-11 08:00:00,46,27,19
2014-04-11 09:00:00,31,15,16
2014-04-11 10:00:00,26,9,17
2014-04-11 11:00:00,21,8,13
2014-04-11 12:00:00,27,20,7
2014-04-11 13:00:00,27,14,13
2014-04-11 14:00:00,48,27,21
2014-04-11 15:00:00,34,15,19
2014-04-11 16:00:00,76,36,40
2014-04-11 17:00:00,106,70,36
2014-04-11 18:00:00,66,43,23
2014-04-11 19:00:00,30,14,16
2014-04-11 20:00:00,13,11,2
2014-04-11 21:00:00,1,0,1
2014-04-11 22:00:00,0,0,0
2014-04-11 23:00:00,1,1,0
2014-04-12 00:00:00,0,0,0
2014-04-12 01:00:00,0,0,0
2014-04-12 02:00:00,0,0,0
2014-04-12 03:00:00,0,0,0
2014-04-12 04:00:00,1,0,1
2014-04-12 05:00:00,1,1,0
2014-04-12 06:00:00,5,1,4
2014-04-12 07:00:00,27,12,15
2014-04-12 08:00:00,57,13,44
2014-04-12 09:00:00,116,47,69
2014-04-12 10:00:00,134,51,83
2014-04-12 11:00:00,147,106,41
2014-04-12 12:00:00,129,80,49
2014-04-12 13:00:00,127,64,63
2014-04-12 14:00:00,105,49,56
2014-04-12 15:00:00,140,76,64
2014-04-12 16:00:00,112,78,34
2014-04-12 17:00:00,74,42,32
2014-04-12 18:00:00,48,33,15
2014-04-12 19:00:00,28,20,8
2014-04-12 20:00:00,3,1,2
2014-04-12 21:00:00,2,2,0
2014-04-12 22:00:00,0,0,0
2014-04-12 23:00:00,2,1,1
2014-04-13 00:00:00,0,0,0
2014-04-13 01:00:00,0,0,0
2014-04-13 02:00:00,0,0,0
2014-04-13 03:00:00,0,0,0
2014-04-13 04:00:00,0,0,0
2014-04-13 05:00:00,1,1,0
2014-04-13 06:00:00,3,3,0
2014-04-13 07:00:00,15,8,7
2014-04-13 08:00:00,54,11,43
2014-04-13 09:00:00,102,46,56
2014-04-13 10:00:00,306,76,230
2014-04-13 11:00:00,285,213,72
2014-04-13 12:00:00,254,167,87
2014-04-13 13:00:00,218,115,103
2014-04-13 14:00:00,165,95,70
2014-04-13 15:00:00,157,85,72
2014-04-13 16:00:00,134,95,39
2014-04-13 17:00:00,96,58,38
2014-04-13 18:00:00,58,33,25
2014-04-13 19:00:00,27,16,11
2014-04-13 20:00:00,10,7,3
2014-04-13 21:00:00,0,0,0
2014-04-13 22:00:00,0,0,0
2014-04-13 23:00:00,0,0,0
2014-04-14 00:00:00,0,0,0
2014-04-14 01:00:00,0,0,0
2014-04-14 02:00:00,0,0,0
2014-04-14 03:00:00,0,0,0
2014-04-14 04:00:00,3,3,0
2014-04-14 05:00:00,13,5,8
2014-04-14 06:00:00,32,26,6
2014-04-14 07:00:00,69,42,27
2014-04-14 08:00:00,57,34,23
2014-04-14 09:00:00,41,24,17
2014-04-14 10:00:00,25,15,10
2014-04-14 11:00:00,18,10,8
2014-04-14 12:00:00,38,23,15
2014-04-14 13:00:00,31,18,13
2014-04-14 14:00:00,33,20,13
2014-04-14 15:00:00,59,37,22
2014-04-14 16:00:00,82,28,54
2014-04-14 17:00:00,151,69,82
2014-04-14 18:00:00,139,90,49
2014-04-14 19:00:00,48,33,15
2014-04-14 20:00:00,12,8,4
2014-04-14 21:00:00,4,3,1
2014-04-14 22:00:00,1,1,0
2014-04-14 23:00:00,0,0,0
2014-04-15 00:00:00,0,0,0
2014-04-15 01:00:00,0,0,0
2014-04-15 02:00:00,0,0,0
2014-04-15 03:00:00,0,0,0
2014-04-15 04:00:00,2,2,0
2014-04-15 05:00:00,11,7,4
2014-04-15 06:00:00,20,16,4
2014-04-15 07:00:00,39,20,19
2014-04-15 08:00:00,54,29,25
2014-04-15 09:00:00,33,20,13
2014-04-15 10:00:00,16,10,6
2014-04-15 11:00:00,18,10,8
2014-04-15 12:00:00,13,7,6
2014-04-15 13:00:00,18,5,13
2014-04-15 14:00:00,29,21,8
2014-04-15 15:00:00,22,10,12
2014-04-15 16:00:00,42,16,26
2014-04-15 17:00:00,79,31,48
2014-04-15 18:00:00,66,40,26
2014-04-15 19:00:00,55,35,20
2014-04-15 20:00:00,12,9,3
2014-04-15 21:00:00,2,1,1
2014-04-15 22:00:00,2,0,2
2014-04-15 23:00:00,1,1,0
2014-04-16 00:00:00,0,0,0
2014-04-16 01:00:00,0,0,0
2014-04-16 02:00:00,0,0,0
2014-04-16 03:00:00,0,0,0
2014-04-16 04:00:00,2,2,0
2014-04-16 05:00:00,10,4,6
2014-04-16 06:00:00,16,8,8
2014-04-16 07:00:00,26,14,12
2014-04-16 08:00:00,34,16,18
2014-04-16 09:00:00,19,11,8
2014-04-16 10:00:00,6,1,5
2014-04-16 11:00:00,12,4,8
2014-04-16 12:00:00,5,3,2
2014-04-16 13:00:00,5,2,3
2014-04-16 14:00:00,5,4,1
2014-04-16 15:00:00,14,9,5
2014-04-16 16:00:00,20,10,10
2014-04-16 17:00:00,30,10,20
2014-04-16 18:00:00,45,32,13
2014-04-16 19:00:00,21,14,7
2014-04-16 20:00:00,6,5,1
2014-04-16 21:00:00,3,1,2
2014-04-16 22:00:00,0,0,0
2014-04-16 23:00:00,1,1,0
2014-04-17 00:00:00,0,0,0
2014-04-17 01:00:00,0,0,0
2014-04-17 02:00:00,0,0,0
2014-04-17 03:00:00,0,0,0
2014-04-17 04:00:00,2,2,0
2014-04-17 05:00:00,4,3,1
2014-04-17 06:00:00,10,5,5
2014-04-17 07:00:00,17,11,6
2014-04-17 08:00:00,26,14,12
2014-04-17 09:00:00,9,2,7
2014-04-17 10:00:00,11,5,6
2014-04-17 11:00:00,8,4,4
2014-04-17 12:00:00,4,4,0
2014-04-17 13:00:00,5,2,3
2014-04-17 14:00:00,5,1,4
2014-04-17 15:00:00,6,4,2
2014-04-17 16:00:00,16,4,12
2014-04-17 17:00:00,23,9,14
2014-04-17 18:00:00,29,16,13
2014-04-17 19:00:00,20,11,9
2014-04-17 20:00:00,5,5,0
2014-04-17 21:00:00,1,1,0
2014-04-17 22:00:00,2,1,1
2014-04-17 23:00:00,2,1,1
2014-04-18 00:00:00,0,0,0
2014-04-18 01:00:00,0,0,0
2014-04-18 02:00:00,0,0,0
2014-04-18 03:00:00,0,0,0
2014-04-18 04:00:00,1,1,0
2014-04-18 05:00:00,11,5,6
2014-04-18 06:00:00,20,11,9
2014-04-18 07:00:00,49,28,21
2014-04-18 08:00:00,47,21,26
2014-04-18 09:00:00,35,24,11
2014-04-18 10:00:00,27,16,11
2014-04-18 11:00:00,30,16,14
2014-04-18 12:00:00,35,18,17
2014-04-18 13:00:00,47,21,26
2014-04-18 14:00:00,49,16,33
2014-04-18 15:00:00,53,31,22
2014-04-18 16:00:00,77,42,35
2014-04-18 17:00:00,122,53,69
2014-04-18 18:00:00,116,81,35
2014-04-18 19:00:00,36,26,10
2014-04-18 20:00:00,7,5,2
2014-04-18 21:00:00,2,2,0
2014-04-18 22:00:00,0,0,0
2014-04-18 23:00:00,0,0,0
2014-04-19 00:00:00,1,0,1
2014-04-19 01:00:00,0,0,0
2014-04-19 02:00:00,1,1,0
2014-04-19 03:00:00,0,0,0
2014-04-19 04:00:00,0,0,0
2014-04-19 05:00:00,1,1,0
2014-04-19 06:00:00,8,2,6
2014-04-19 07:00:00,27,13,14
2014-04-19 08:00:00,86,38,48
2014-04-19 09:00:00,111,41,70
2014-04-19 10:00:00,115,57,58
2014-04-19 11:00:00,123,92,31
2014-04-19 12:00:00,46,39,7
2014-04-19 13:00:00,19,14,5
2014-04-19 14:00:00,9,6,3
2014-04-19 15:00:00,14,6,8
2014-04-19 16:00:00,8,4,4
2014-04-19 17:00:00,4,2,2
2014-04-19 18:00:00,3,0,3
2014-04-19 19:00:00,3,2,1
2014-04-19 20:00:00,2,1,1
2014-04-19 21:00:00,0,0,0
2014-04-19 22:00:00,0,0,0
2014-04-19 23:00:00,1,1,0
2014-04-20 00:00:00,0,0,0
2014-04-20 01:00:00,0,0,0
2014-04-20 02:00:00,0,0,0
2014-04-20 03:00:00,0,0,0
2014-04-20 04:00:00,0,0,0
2014-04-20 05:00:00,0,0,0
2014-04-20 06:00:00,2,1,1
2014-04-20 07:00:00,17,7,10
2014-04-20 08:00:00,49,19,30
2014-04-20 09:00:00,70,40,30
2014-04-20 10:00:00,107,49,58
2014-04-20 11:00:00,131,79,52
2014-04-20 12:00:00,126,63,63
2014-04-20 13:00:00,154,86,68
2014-04-20 14:00:00,125,76,49
2014-04-20 15:00:00,120,64,56
2014-04-20 16:00:00,103,65,38
2014-04-20 17:00:00,72,37,35
2014-04-20 18:00:00,41,28,13
2014-04-20 19:00:00,28,16,12
2014-04-20 20:00:00,6,5,1
2014-04-20 21:00:00,2,0,2
2014-04-20 22:00:00,0,0,0
2014-04-20 23:00:00,0,0,0
2014-04-21 00:00:00,3,2,1
2014-04-21 01:00:00,0,0,0
2014-04-21 02:00:00,0,0,0
2014-04-21 03:00:00,0,0,0
2014-04-21 04:00:00,2,2,0
2014-04-21 05:00:00,12,2,10
2014-04-21 06:00:00,27,16,11
2014-04-21 07:00:00,43,30,13
2014-04-21 08:00:00,56,32,24
2014-04-21 09:00:00,32,18,14
2014-04-21 10:00:00,14,8,6
2014-04-21 11:00:00,20,13,7
2014-04-21 12:00:00,32,25,7
2014-04-21 13:00:00,23,11,12
2014-04-21 14:00:00,22,7,15
2014-04-21 15:00:00,27,16,11
2014-04-21 16:00:00,56,21,35
2014-04-21 17:00:00,96,39,57
2014-04-21 18:00:00,87,58,29
2014-04-21 19:00:00,43,27,16
2014-04-21 20:00:00,7,6,1
2014-04-21 21:00:00,5,3,2
2014-04-21 22:00:00,2,1,1
2014-04-21 23:00:00,0,0,0
2014-04-22 00:00:00,0,0,0
2014-04-22 01:00:00,1,1,0
2014-04-22 02:00:00,0,0,0
2014-04-22 03:00:00,0,0,0
2014-04-22 04:00:00,2,2,0
2014-04-22 05:00:00,5,4,1
2014-04-22 06:00:00,11,9,2
2014-04-22 07:00:00,29,17,12
2014-04-22 08:00:00,25,14,11
2014-04-22 09:00:00,13,4,9
2014-04-22 10:00:00,5,2,3
2014-04-22 11:00:00,7,3,4
2014-04-22 12:00:00,9,7,2
2014-04-22 13:00:00,13,8,5
2014-04-22 14:00:00,14,3,11
2014-04-22 15:00:00,19,12,7
2014-04-22 16:00:00,32,12,20
2014-04-22 17:00:00,55,23,32
2014-04-22 18:00:00,50,29,21
2014-04-22 19:00:00,34,16,18
2014-04-22 20:00:00,9,7,2
2014-04-22 21:00:00,2,1,1
2014-04-22 22:00:00,1,1,0
2014-04-22 23:00:00,0,0,0
2014-04-23 00:00:00,0,0,0
2014-04-23 01:00:00,0,0,0
2014-04-23 02:00:00,0,0,0
2014-04-23 03:00:00,0,0,0
2014-04-23 04:00:00,3,3,0
2014-04-23 05:00:00,12,3,9
2014-04-23 06:00:00,18,12,6
2014-04-23 07:00:00,37,23,14
2014-04-23 08:00:00,40,21,19
2014-04-23 09:00:00,28,11,17
2014-04-23 10:00:00,24,11,13
2014-04-23 11:00:00,20,12,8
2014-04-23 12:00:00,20,9,11
2014-04-23 13:00:00,9,7,2
2014-04-23 14:00:00,29,5,24
2014-04-23 15:00:00,73,49,24
2014-04-23 16:00:00,33,13,20
2014-04-23 17:00:00,56,32,24
2014-04-23 18:00:00,38,26,12
2014-04-23 19:00:00,23,15,8
2014-04-23 20:00:00,7,7,0
2014-04-23 21:00:00,2,1,1
2014-04-23 22:00:00,1,1,0
2014-04-23 23:00:00,1,1,0
2014-04-24 00:00:00,0,0,0
2014-04-24 01:00:00,0,0,0
2014-04-24 02:00:00,0,0,0
2014-04-24 03:00:00,0,0,0
2014-04-24 04:00:00,3,3,0
2014-04-24 05:00:00,4,3,1
2014-04-24 06:00:00,12,6,6
2014-04-24 07:00:00,19,8,11
2014-04-24 08:00:00,28,12,16
2014-04-24 09:00:00,31,11,20
2014-04-24 10:00:00,16,8,8
2014-04-24 11:00:00,14,6,8
2014-04-24 12:00:00,14,13,1
2014-04-24 13:00:00,6,4,2
2014-04-24 14:00:00,2,1,1
2014-04-24 15:00:00,7,4,3
2014-04-24 16:00:00,21,11,10
2014-04-24 17:00:00,47,27,20
2014-04-24 18:00:00,53,32,21
2014-04-24 19:00:00,28,16,12
2014-04-24 20:00:00,14,11,3
2014-04-24 21:00:00,4,3,1
2014-04-24 22:00:00,0,0,0
2014-04-24 23:00:00,1,1,0
2014-04-25 00:00:00,0,0,0
2014-04-25 01:00:00,0,0,0
2014-04-25 02:00:00,0,0,0
2014-04-25 03:00:00,0,0,0
2014-04-25 04:00:00,3,3,0
2014-04-25 05:00:00,13,5,8
2014-04-25 06:00:00,27,12,15
2014-04-25 07:00:00,65,37,28
2014-04-25 08:00:00,55,29,26
2014-04-25 09:00:00,29,17,12
2014-04-25 10:00:00,26,14,12
2014-04-25 11:00:00,29,9,20
2014-04-25 12:00:00,33,15,18
2014-04-25 13:00:00,37,21,16
2014-04-25 14:00:00,38,22,16
2014-04-25 15:00:00,39,23,16
2014-04-28 23:00:00,0,0,0
2014-04-25 16:00:00,72,36,36
2014-04-25 17:00:00,88,47,41
2014-04-25 18:00:00,86,59,27
2014-04-25 19:00:00,46,33,13
2014-04-25 20:00:00,13,8,5
2014-04-25 21:00:00,5,4,1
2014-04-25 22:00:00,2,1,1
2014-04-25 23:00:00,0,0,0
2014-04-26 00:00:00,0,0,0
2014-04-26 01:00:00,1,1,0
2014-04-26 02:00:00,2,2,0
2014-04-26 03:00:00,0,0,0
2014-04-26 04:00:00,0,0,0
2014-04-26 05:00:00,0,0,0
2014-04-26 06:00:00,3,0,3
2014-04-26 07:00:00,37,14,23
2014-04-26 08:00:00,118,43,75
2014-04-26 09:00:00,143,60,83
2014-04-26 10:00:00,189,86,103
2014-04-26 11:00:00,246,137,109
2014-04-26 12:00:00,152,99,53
2014-04-26 13:00:00,125,86,39
2014-04-26 14:00:00,108,67,41
2014-04-26 15:00:00,88,47,41
2014-04-26 16:00:00,68,41,27
2014-04-26 17:00:00,54,36,18
2014-04-26 18:00:00,20,12,8
2014-04-26 19:00:00,10,9,1
2014-04-26 20:00:00,0,0,0
2014-04-26 21:00:00,2,0,2
2014-04-26 22:00:00,1,1,0
2014-04-26 23:00:00,0,0,0
2014-04-27 00:00:00,0,0,0
2014-04-27 01:00:00,0,0,0
2014-04-27 02:00:00,0,0,0
2014-04-27 03:00:00,0,0,0
2014-04-27 04:00:00,1,0,1
2014-04-27 05:00:00,2,0,2
2014-04-27 06:00:00,3,0,3
2014-04-27 07:00:00,12,7,5
2014-04-27 08:00:00,26,10,16
2014-04-27 09:00:00,57,31,26
2014-04-27 10:00:00,59,26,33
2014-04-27 11:00:00,64,39,25
2014-04-27 12:00:00,62,42,20
2014-04-27 13:00:00,45,25,20
2014-04-27 14:00:00,32,19,13
2014-04-27 15:00:00,34,27,7
2014-04-27 16:00:00,40,19,21
2014-04-27 17:00:00,28,20,8
2014-04-27 18:00:00,14,10,4
2014-04-27 19:00:00,3,2,1
2014-04-27 20:00:00,3,3,0
2014-04-27 21:00:00,0,0,0
2014-04-27 22:00:00,1,1,0
2014-04-27 23:00:00,0,0,0
2014-04-28 00:00:00,0,0,0
2014-04-28 01:00:00,0,0,0
2014-04-28 02:00:00,0,0,0
2014-04-28 03:00:00,0,0,0
2014-04-28 04:00:00,3,2,1
2014-04-28 05:00:00,11,2,9
2014-04-28 06:00:00,37,26,11
2014-04-28 07:00:00,58,37,21
2014-04-28 08:00:00,69,42,27
2014-04-28 09:00:00,32,17,15
2014-04-28 10:00:00,30,20,10
2014-04-28 11:00:00,24,16,8
2014-04-28 12:00:00,15,7,8
2014-04-28 13:00:00,35,22,13
2014-04-28 14:00:00,29,17,12
2014-04-28 15:00:00,33,21,12
2014-04-28 16:00:00,62,29,33
2014-04-28 17:00:00,110,63,47
2014-04-28 18:00:00,131,69,62
2014-04-28 19:00:00,72,46,26
2014-04-28 20:00:00,14,11,3
2014-04-28 21:00:00,5,4,1
2014-04-28 22:00:00,2,2,0
2014-04-29 00:00:00,0,0,0
2014-04-29 01:00:00,0,0,0
2014-04-29 02:00:00,0,0,0
2014-04-29 03:00:00,0,0,0
2014-04-29 04:00:00,4,3,1
2014-04-29 05:00:00,12,9,3
2014-04-29 06:00:00,60,36,24
2014-04-29 07:00:00,101,62,39
2014-04-29 08:00:00,89,54,35
2014-04-29 09:00:00,41,23,18
2014-04-29 10:00:00,25,18,7
2014-04-29 11:00:00,40,24,16
2014-04-29 12:00:00,34,22,12
2014-04-29 13:00:00,44,24,20
2014-04-29 14:00:00,36,19,17
2014-04-29 15:00:00,57,40,17
2014-04-29 16:00:00,111,68,43
2014-04-29 17:00:00,192,110,82
2014-04-29 18:00:00,168,101,67
2014-04-29 19:00:00,142,85,57
2014-04-29 20:00:00,35,25,10
2014-04-29 21:00:00,5,3,2
2014-04-29 22:00:00,4,4,0
2014-04-29 23:00:00,1,1,0
2014-04-30 00:00:00,3,2,1
2014-04-30 01:00:00,0,0,0
2014-04-30 02:00:00,0,0,0
2014-04-30 03:00:00,0,0,0
2014-04-30 04:00:00,3,2,1
2014-04-30 05:00:00,23,11,12
2014-04-30 06:00:00,56,41,15
2014-04-30 07:00:00,101,69,32
2014-04-30 08:00:00,89,58,31
2014-04-30 09:00:00,55,37,18
2014-04-30 10:00:00,49,24,25
2014-04-30 11:00:00,52,33,19
2014-04-30 12:00:00,46,26,20
2014-04-30 13:00:00,42,28,14
2014-04-30 14:00:00,62,32,30
2014-04-30 15:00:00,79,52,27
2014-04-30 16:00:00,134,87,47
2014-04-30 17:00:00,179,121,58
2014-04-30 18:00:00,177,101,76
2014-04-30 19:00:00,101,72,29
2014-04-30 20:00:00,49,43,6
2014-04-30 21:00:00,3,3,0
2014-04-30 22:00:00,8,4,4
2014-04-30 23:00:00,3,3,0
2014-05-01 00:00:00,0,0,0
2014-05-01 01:00:00,0,0,0
2014-05-01 02:00:00,0,0,0
2014-05-01 03:00:00,0,0,0
2014-05-01 04:00:00,3,3,0
2014-05-01 05:00:00,20,16,4
2014-05-01 06:00:00,62,31,31
2014-05-01 07:00:00,131,85,46
2014-05-01 08:00:00,106,71,35
2014-05-01 09:00:00,55,28,27
2014-05-01 10:00:00,61,39,22
2014-05-01 11:00:00,63,34,29
2014-05-01 12:00:00,54,33,21
2014-05-01 13:00:00,48,33,15
2014-05-01 14:00:00,45,26,19
2014-05-01 15:00:00,64,35,29
2014-05-01 16:00:00,140,60,80
2014-05-01 17:00:00,237,137,100
2014-05-01 18:00:00,202,122,80
2014-05-01 19:00:00,100,63,37
2014-05-01 20:00:00,62,31,31
2014-05-01 21:00:00,6,5,1
2014-05-01 22:00:00,1,0,1
2014-05-01 23:00:00,0,0,0
2014-05-02 00:00:00,0,0,0
2014-05-02 01:00:00,0,0,0
2014-05-02 02:00:00,0,0,0
2014-05-02 03:00:00,0,0,0
2014-05-02 04:00:00,3,3,0
2014-05-02 05:00:00,17,9,8
2014-05-02 06:00:00,60,35,25
2014-05-02 07:00:00,118,77,41
2014-05-02 08:00:00,83,56,27
2014-05-02 09:00:00,42,32,10
2014-05-02 10:00:00,47,22,25
2014-05-02 11:00:00,40,25,15
2014-05-02 12:00:00,42,25,17
2014-05-02 13:00:00,51,26,25
2014-05-02 14:00:00,40,21,19
2014-05-02 15:00:00,58,25,33
2014-05-02 16:00:00,111,49,62
2014-05-02 17:00:00,151,78,73
2014-05-02 18:00:00,88,58,30
2014-05-02 19:00:00,35,23,12
2014-05-02 20:00:00,19,14,5
2014-05-02 21:00:00,3,1,2
2014-05-02 22:00:00,2,2,0
2014-05-02 23:00:00,0,0,0
2014-05-03 00:00:00,2,2,0
2014-05-03 01:00:00,0,0,0
2014-05-03 02:00:00,0,0,0
2014-05-03 03:00:00,0,0,0
2014-05-03 04:00:00,0,0,0
2014-05-03 05:00:00,1,0,1
2014-05-03 06:00:00,9,5,4
2014-05-03 07:00:00,28,9,19
2014-05-03 08:00:00,89,38,51
2014-05-03 09:00:00,89,48,41
2014-05-03 10:00:00,141,96,45
2014-05-03 11:00:00,96,51,45
2014-05-03 12:00:00,61,29,32
2014-05-03 13:00:00,53,34,19
2014-05-03 14:00:00,40,12,28
2014-05-03 15:00:00,42,34,8
2014-05-03 16:00:00,15,12,3
2014-05-03 17:00:00,9,6,3
2014-05-03 18:00:00,5,3,2
2014-05-03 19:00:00,3,3,0
2014-05-03 20:00:00,1,1,0
2014-05-03 21:00:00,0,0,0
2014-05-03 22:00:00,2,1,1
2014-05-03 23:00:00,0,0,0
2014-05-04 00:00:00,0,0,0
2014-05-04 01:00:00,0,0,0
2014-05-04 02:00:00,0,0,0
2014-05-04 03:00:00,0,0,0
2014-05-04 04:00:00,0,0,0
2014-05-04 05:00:00,0,0,0
2014-05-04 06:00:00,2,0,2
2014-05-04 07:00:00,3,1,2
2014-05-04 08:00:00,14,6,8
2014-05-04 09:00:00,12,8,4
2014-05-04 10:00:00,21,12,9
2014-05-04 11:00:00,28,23,5
2014-05-04 12:00:00,26,14,12
2014-05-04 13:00:00,23,10,13
2014-05-04 14:00:00,28,18,10
2014-05-04 15:00:00,13,7,6
2014-05-04 16:00:00,16,14,2
2014-05-04 17:00:00,9,6,3
2014-05-04 18:00:00,6,3,3
2014-05-04 19:00:00,5,3,2
2014-05-04 20:00:00,1,1,0
2014-05-04 21:00:00,1,1,0
2014-05-04 22:00:00,1,1,0
2014-05-04 23:00:00,2,1,1
2014-05-05 00:00:00,0,0,0
2014-05-05 01:00:00,0,0,0
2014-05-05 02:00:00,1,1,0
2014-05-05 03:00:00,1,0,1
2014-05-05 04:00:00,2,2,0
2014-05-05 05:00:00,12,4,8
2014-05-05 06:00:00,22,17,5
2014-05-05 07:00:00,43,25,18
2014-05-05 08:00:00,48,24,24
2014-05-05 09:00:00,21,10,11
2014-05-05 10:00:00,15,5,10
2014-05-05 11:00:00,7,4,3
2014-05-05 12:00:00,8,2,6
2014-05-05 13:00:00,10,6,4
2014-05-05 14:00:00,18,10,8
2014-05-05 15:00:00,11,6,5
2014-05-05 16:00:00,21,8,13
2014-05-05 17:00:00,51,17,34
2014-05-05 18:00:00,76,46,30
2014-05-05 19:00:00,52,38,14
2014-05-05 20:00:00,14,8,6
2014-05-05 21:00:00,2,1,1
2014-05-05 22:00:00,0,0,0
2014-05-05 23:00:00,1,1,0
2014-05-06 00:00:00,1,0,1
2014-05-06 01:00:00,0,0,0
2014-05-06 02:00:00,0,0,0
2014-05-06 03:00:00,0,0,0
2014-05-06 04:00:00,2,2,0
2014-05-06 05:00:00,10,8,2
2014-05-06 06:00:00,60,45,15
2014-05-06 07:00:00,92,53,39
2014-05-06 08:00:00,76,44,32
2014-05-06 09:00:00,37,18,19
2014-05-06 10:00:00,20,13,7
2014-05-06 11:00:00,28,19,9
2014-05-06 12:00:00,18,6,12
2014-05-06 13:00:00,32,15,17
2014-05-06 14:00:00,30,13,17
2014-05-06 15:00:00,31,14,17
2014-05-06 16:00:00,85,41,44
2014-05-06 17:00:00,162,72,90
2014-05-06 18:00:00,152,88,64
2014-05-06 19:00:00,100,66,34
2014-05-06 20:00:00,29,20,9
2014-05-06 21:00:00,8,5,3
2014-05-06 22:00:00,4,3,1
2014-05-06 23:00:00,1,1,0
2014-05-07 00:00:00,0,0,0
2014-05-07 01:00:00,0,0,0
2014-05-07 02:00:00,0,0,0
2014-05-07 03:00:00,0,0,0
2014-05-07 04:00:00,2,2,0
2014-05-07 05:00:00,16,8,8
2014-05-07 06:00:00,67,43,24
2014-05-07 07:00:00,106,58,48
2014-05-07 08:00:00,117,75,42
2014-05-07 09:00:00,60,39,21
2014-05-07 10:00:00,34,21,13
2014-05-07 11:00:00,45,26,19
2014-05-07 12:00:00,58,35,23
2014-05-07 13:00:00,44,21,23
2014-05-07 14:00:00,53,28,25
2014-05-07 15:00:00,61,36,25
2014-05-07 16:00:00,128,73,55
2014-05-07 17:00:00,218,106,112
2014-05-07 18:00:00,193,105,88
2014-05-07 19:00:00,144,100,44
2014-05-07 20:00:00,46,33,13
2014-05-07 21:00:00,7,5,2
2014-05-07 22:00:00,2,1,1
2014-05-07 23:00:00,0,0,0
2014-05-08 00:00:00,1,1,0
2014-05-08 01:00:00,2,0,2
2014-05-08 02:00:00,0,0,0
2014-05-08 03:00:00,0,0,0
2014-05-08 04:00:00,3,3,0
2014-05-08 05:00:00,11,7,4
2014-05-08 06:00:00,39,24,15
2014-05-08 07:00:00,78,46,32
2014-05-08 08:00:00,79,42,37
2014-05-08 09:00:00,44,21,23
2014-05-08 10:00:00,23,13,10
2014-05-08 11:00:00,21,10,11
2014-05-08 12:00:00,9,7,2
2014-05-08 13:00:00,12,9,3
2014-05-08 14:00:00,4,1,3
2014-05-08 15:00:00,7,2,5
2014-05-08 16:00:00,27,9,18
2014-05-08 17:00:00,59,23,36
2014-05-08 18:00:00,59,38,21
2014-05-08 19:00:00,30,20,10
2014-05-08 20:00:00,4,1,3
2014-05-08 21:00:00,3,2,1
2014-05-08 22:00:00,1,1,0
2014-05-08 23:00:00,0,0,0
2014-05-09 00:00:00,1,1,0
2014-05-09 01:00:00,1,0,1
2014-05-09 02:00:00,0,0,0
2014-05-09 03:00:00,0,0,0
2014-05-09 04:00:00,3,3,0
2014-05-09 05:00:00,14,7,7
2014-05-09 06:00:00,30,22,8
2014-05-09 07:00:00,60,41,19
2014-05-09 08:00:00,54,28,26
2014-05-09 09:00:00,39,20,19
2014-05-09 10:00:00,25,15,10
2014-05-09 11:00:00,23,15,8
2014-05-09 12:00:00,24,12,12
2014-05-09 13:00:00,16,10,6
2014-05-09 14:00:00,14,5,9
2014-05-09 15:00:00,14,8,6
2014-05-09 16:00:00,40,19,21
2014-05-09 17:00:00,74,28,46
2014-05-09 18:00:00,59,33,26
2014-05-09 19:00:00,22,19,3
2014-05-09 20:00:00,9,3,6
2014-05-09 21:00:00,2,2,0
2014-05-09 22:00:00,3,3,0
2014-05-09 23:00:00,1,1,0
2014-05-10 00:00:00,0,0,0
2014-05-10 01:00:00,0,0,0
2014-05-10 02:00:00,0,0,0
2014-05-10 03:00:00,0,0,0
2014-05-10 04:00:00,0,0,0
2014-05-10 05:00:00,3,1,2
2014-05-10 06:00:00,4,2,2
2014-05-10 07:00:00,21,9,12
2014-05-10 08:00:00,60,20,40
2014-05-10 09:00:00,70,27,43
2014-05-10 10:00:00,143,64,79
2014-05-10 11:00:00,145,85,60
2014-05-10 12:00:00,131,94,37
2014-05-10 13:00:00,126,88,38
2014-05-10 14:00:00,170,138,32
2014-05-10 15:00:00,81,63,18
2014-05-10 16:00:00,53,36,17
2014-05-10 17:00:00,28,17,11
2014-05-10 18:00:00,36,22,14
2014-05-10 19:00:00,12,9,3
2014-05-10 20:00:00,7,5,2
2014-05-10 21:00:00,1,0,1
2014-05-10 22:00:00,2,2,0
2014-05-10 23:00:00,0,0,0
2014-05-11 00:00:00,1,0,1
2014-05-11 01:00:00,0,0,0
2014-05-11 02:00:00,0,0,0
2014-05-11 03:00:00,0,0,0
2014-05-11 04:00:00,0,0,0
2014-05-11 05:00:00,1,1,0
2014-05-11 06:00:00,9,2,7
2014-05-11 07:00:00,15,3,12
2014-05-11 08:00:00,73,16,57
2014-05-11 09:00:00,116,71,45
2014-05-11 10:00:00,124,59,65
2014-05-11 11:00:00,196,122,74
2014-05-11 12:00:00,173,97,76
2014-05-11 13:00:00,157,109,48
2014-05-11 14:00:00,162,94,68
2014-05-11 15:00:00,142,82,60
2014-05-11 16:00:00,137,81,56
2014-05-11 17:00:00,97,56,41
2014-05-11 18:00:00,66,45,21
2014-05-11 19:00:00,27,15,12
2014-05-11 20:00:00,13,10,3
2014-05-11 21:00:00,5,3,2
2014-05-11 22:00:00,0,0,0
2014-05-11 23:00:00,0,0,0
2014-05-12 00:00:00,0,0,0
2014-05-12 01:00:00,0,0,0
2014-05-12 02:00:00,0,0,0
2014-05-12 03:00:00,1,1,0
2014-05-12 04:00:00,4,3,1
2014-05-12 05:00:00,23,10,13
2014-05-12 06:00:00,61,44,17
2014-05-12 07:00:00,120,86,34
2014-05-12 08:00:00,92,46,46
2014-05-12 09:00:00,47,34,13
2014-05-12 10:00:00,45,26,19
2014-05-12 11:00:00,34,20,14
2014-05-12 12:00:00,42,22,20
2014-05-12 13:00:00,53,36,17
2014-05-12 14:00:00,42,27,15
2014-05-12 15:00:00,67,52,15
2014-05-12 16:00:00,106,66,40
2014-05-12 17:00:00,193,117,76
2014-05-12 18:00:00,196,127,69
2014-05-12 19:00:00,119,81,38
2014-05-12 20:00:00,22,12,10
2014-05-12 21:00:00,5,4,1
2014-05-12 22:00:00,3,1,2
2014-05-12 23:00:00,0,0,0
2014-05-13 00:00:00,1,0,1
2014-05-13 01:00:00,0,0,0
2014-05-13 02:00:00,0,0,0
2014-05-13 03:00:00,0,0,0
2014-05-13 04:00:00,2,2,0
2014-05-13 05:00:00,21,12,9
2014-05-13 06:00:00,77,49,28
2014-05-13 07:00:00,143,96,47
2014-05-13 08:00:00,127,85,42
2014-05-13 09:00:00,57,39,18
2014-05-13 10:00:00,37,24,13
2014-05-13 11:00:00,46,28,18
2014-05-13 12:00:00,49,33,16
2014-05-13 13:00:00,40,28,12
2014-05-13 14:00:00,44,31,13
2014-05-13 15:00:00,62,43,19
2014-05-13 16:00:00,112,76,36
2014-05-13 17:00:00,217,105,112
2014-05-13 18:00:00,222,126,96
2014-05-13 19:00:00,143,109,34
2014-05-13 20:00:00,49,29,20
2014-05-13 21:00:00,7,6,1
2014-05-13 22:00:00,5,5,0
2014-05-13 23:00:00,2,1,1
2014-05-14 00:00:00,0,0,0
2014-05-14 01:00:00,1,0,1
2014-05-14 02:00:00,0,0,0
2014-05-14 03:00:00,0,0,0
2014-05-14 04:00:00,3,3,0
2014-05-14 05:00:00,21,9,12
2014-05-14 06:00:00,78,46,32
2014-05-14 07:00:00,118,71,47
2014-05-14 08:00:00,100,68,32
2014-05-14 09:00:00,68,42,26
2014-05-14 10:00:00,44,26,18
2014-05-14 11:00:00,67,38,29
2014-05-14 12:00:00,39,33,6
2014-05-14 13:00:00,35,23,12
2014-05-14 14:00:00,42,33,9
2014-05-14 15:00:00,60,42,18
2014-05-14 16:00:00,102,69,33
2014-05-14 17:00:00,201,121,80
2014-05-14 18:00:00,235,135,100
2014-05-14 19:00:00,138,97,41
2014-05-14 20:00:00,39,27,12
2014-05-14 21:00:00,6,2,4
2014-05-14 22:00:00,4,3,1
2014-05-14 23:00:00,3,2,1
2014-05-15 00:00:00,0,0,0
2014-05-15 01:00:00,8,3,5
2014-05-15 02:00:00,0,0,0
2014-05-15 03:00:00,0,0,0
2014-05-15 04:00:00,4,3,1
2014-05-15 05:00:00,20,13,7
2014-05-15 06:00:00,61,40,21
2014-05-15 07:00:00,112,70,42
2014-05-15 08:00:00,118,67,51
2014-05-15 09:00:00,66,40,26
2014-05-21 22:00:00,7,5,2
2014-05-15 10:00:00,56,35,21
2014-05-15 11:00:00,42,25,17
2014-05-15 12:00:00,42,32,10
2014-05-15 13:00:00,42,23,19
2014-05-15 14:00:00,46,31,15
2014-05-15 15:00:00,47,33,14
2014-05-15 16:00:00,113,55,58
2014-05-15 17:00:00,183,98,85
2014-05-15 18:00:00,183,120,63
2014-05-15 19:00:00,91,64,27
2014-05-15 20:00:00,44,32,12
2014-05-15 21:00:00,5,2,3
2014-05-15 22:00:00,3,2,1
2014-05-15 23:00:00,0,0,0
2014-05-16 00:00:00,0,0,0
2014-05-16 01:00:00,1,0,1
2014-05-16 02:00:00,0,0,0
2014-05-16 03:00:00,0,0,0
2014-05-16 04:00:00,4,3,1
2014-05-16 05:00:00,31,13,18
2014-05-16 06:00:00,85,42,43
2014-05-16 07:00:00,183,102,81
2014-05-16 08:00:00,157,82,75
2014-05-16 09:00:00,61,39,22
2014-05-16 10:00:00,35,15,20
2014-05-16 11:00:00,43,20,23
2014-05-16 12:00:00,50,28,22
2014-05-16 13:00:00,47,23,24
2014-05-16 14:00:00,31,22,9
2014-05-16 15:00:00,60,26,34
2014-05-16 16:00:00,134,62,72
2014-05-16 17:00:00,190,103,87
2014-05-16 18:00:00,123,79,44
2014-05-16 19:00:00,65,40,25
2014-05-16 20:00:00,27,19,8
2014-05-16 21:00:00,3,3,0
2014-05-16 22:00:00,0,0,0
2014-05-16 23:00:00,2,1,1
2014-05-17 00:00:00,0,0,0
2014-05-17 01:00:00,1,0,1
2014-05-17 02:00:00,3,2,1
2014-05-17 03:00:00,0,0,0
2014-05-17 04:00:00,0,0,0
2014-05-17 05:00:00,2,2,0
2014-05-17 06:00:00,10,2,8
2014-05-17 07:00:00,28,15,13
2014-05-17 08:00:00,65,29,36
2014-05-17 09:00:00,88,35,53
2014-05-17 10:00:00,155,83,72
2014-05-17 11:00:00,124,68,56
2014-05-17 12:00:00,165,96,69
2014-05-17 13:00:00,169,118,51
2014-05-17 14:00:00,153,107,46
2014-05-17 15:00:00,110,80,30
2014-05-17 16:00:00,83,50,33
2014-05-17 17:00:00,50,34,16
2014-05-17 18:00:00,32,20,12
2014-05-17 19:00:00,17,6,11
2014-05-17 20:00:00,11,5,6
2014-05-17 21:00:00,7,2,5
2014-05-17 22:00:00,1,1,0
2014-05-17 23:00:00,0,0,0
2014-05-18 00:00:00,0,0,0
2014-05-18 01:00:00,0,0,0
2014-05-18 02:00:00,1,1,0
2014-05-18 03:00:00,1,0,1
2014-05-18 04:00:00,0,0,0
2014-05-18 05:00:00,1,0,1
2014-05-18 06:00:00,3,2,1
2014-05-18 07:00:00,18,5,13
2014-05-18 08:00:00,66,24,42
2014-05-18 09:00:00,101,50,51
2014-05-18 10:00:00,103,57,46
2014-05-18 11:00:00,121,60,61
2014-05-18 12:00:00,127,75,52
2014-05-18 13:00:00,119,59,60
2014-05-18 14:00:00,140,81,59
2014-05-18 15:00:00,104,73,31
2014-05-18 16:00:00,63,37,26
2014-05-18 17:00:00,35,29,6
2014-05-18 18:00:00,10,7,3
2014-05-18 19:00:00,12,9,3
2014-05-18 20:00:00,1,0,1
2014-05-18 21:00:00,0,0,0
2014-05-18 22:00:00,0,0,0
2014-05-18 23:00:00,0,0,0
2014-05-19 00:00:00,0,0,0
2014-05-19 01:00:00,0,0,0
2014-05-19 02:00:00,1,1,0
2014-05-19 03:00:00,0,0,0
2014-05-19 04:00:00,4,3,1
2014-05-19 05:00:00,15,8,7
2014-05-19 06:00:00,37,26,11
2014-05-19 07:00:00,79,47,32
2014-05-19 08:00:00,83,44,39
2014-05-19 09:00:00,38,19,19
2014-05-19 10:00:00,28,10,18
2014-05-19 11:00:00,26,14,12
2014-05-19 12:00:00,25,14,11
2014-05-19 13:00:00,15,8,7
2014-05-19 14:00:00,28,22,6
2014-05-19 15:00:00,35,22,13
2014-05-19 16:00:00,76,42,34
2014-05-19 17:00:00,106,48,58
2014-05-19 18:00:00,110,68,42
2014-05-19 19:00:00,74,52,22
2014-05-19 20:00:00,33,25,8
2014-05-19 21:00:00,8,6,2
2014-05-19 22:00:00,1,0,1
2014-05-19 23:00:00,0,0,0
2014-05-20 00:00:00,1,0,1
2014-05-20 01:00:00,0,0,0
2014-05-20 02:00:00,0,0,0
2014-05-20 03:00:00,0,0,0
2014-05-20 04:00:00,3,3,0
2014-05-20 05:00:00,20,14,6
2014-05-20 06:00:00,68,42,26
2014-05-20 07:00:00,148,93,55
2014-05-20 08:00:00,113,78,35
2014-05-20 09:00:00,56,43,13
2014-05-20 10:00:00,41,19,22
2014-05-20 11:00:00,31,20,11
2014-05-20 12:00:00,33,20,13
2014-05-20 13:00:00,47,25,22
2014-05-20 14:00:00,41,28,13
2014-05-20 15:00:00,35,17,18
2014-05-20 16:00:00,118,72,46
2014-05-20 17:00:00,203,104,99
2014-05-20 18:00:00,190,105,85
2014-05-20 19:00:00,146,98,48
2014-05-20 20:00:00,43,31,12
2014-05-20 21:00:00,4,4,0
2014-05-20 22:00:00,2,2,0
2014-05-20 23:00:00,1,1,0
2014-05-21 00:00:00,2,1,1
2014-05-21 01:00:00,0,0,0
2014-05-21 02:00:00,1,0,1
2014-05-21 03:00:00,0,0,0
2014-05-21 04:00:00,2,2,0
2014-05-21 05:00:00,13,5,8
2014-05-21 06:00:00,71,42,29
2014-05-21 07:00:00,93,53,40
2014-05-21 08:00:00,110,65,45
2014-05-21 09:00:00,59,29,30
2014-05-21 10:00:00,25,14,11
2014-05-21 11:00:00,33,15,18
2014-05-21 12:00:00,31,21,10
2014-05-21 13:00:00,30,12,18
2014-05-21 14:00:00,22,12,10
2014-05-21 15:00:00,41,21,20
2014-05-21 16:00:00,86,36,50
2014-05-21 17:00:00,165,74,91
2014-05-21 18:00:00,224,126,98
2014-05-21 19:00:00,110,74,36
2014-05-21 20:00:00,43,24,19
2014-05-21 21:00:00,12,6,6
2014-05-21 23:00:00,1,1,0
2014-05-22 00:00:00,0,0,0
2014-05-22 01:00:00,1,0,1
2014-05-22 02:00:00,0,0,0
2014-05-22 03:00:00,0,0,0
2014-05-22 04:00:00,1,1,0
2014-05-22 05:00:00,7,5,2
2014-05-22 06:00:00,49,21,28
2014-05-22 07:00:00,108,65,43
2014-05-22 08:00:00,105,73,32
2014-05-22 09:00:00,51,29,22
2014-05-22 10:00:00,29,17,12
2014-05-22 11:00:00,52,27,25
2014-05-22 12:00:00,47,36,11
2014-05-22 13:00:00,33,18,15
2014-05-22 14:00:00,36,20,16
2014-05-22 15:00:00,59,34,25
2014-05-22 16:00:00,85,39,46
2014-05-22 17:00:00,166,85,81
2014-05-22 18:00:00,161,94,67
2014-05-22 19:00:00,66,40,26
2014-05-22 20:00:00,36,19,17
2014-05-22 21:00:00,9,7,2
2014-05-22 22:00:00,6,4,2
2014-05-22 23:00:00,3,2,1
2014-05-23 00:00:00,1,0,1
2014-05-23 01:00:00,0,0,0
2014-05-23 02:00:00,0,0,0
2014-05-23 03:00:00,0,0,0
2014-05-23 04:00:00,3,2,1
2014-05-23 05:00:00,13,4,9
2014-05-23 06:00:00,33,22,11
2014-05-23 07:00:00,49,29,20
2014-05-23 08:00:00,43,25,18
2014-05-23 09:00:00,19,5,14
2014-05-23 10:00:00,12,5,7
2014-05-23 11:00:00,7,3,4
2014-05-23 12:00:00,7,4,3
2014-05-23 13:00:00,13,2,11
2014-05-23 14:00:00,15,8,7
2014-05-23 15:00:00,25,10,15
2014-05-23 16:00:00,50,23,27
2014-05-23 17:00:00,62,30,32
2014-05-23 18:00:00,47,33,14
2014-05-23 19:00:00,22,14,8
2014-05-23 20:00:00,12,7,5
2014-05-23 21:00:00,2,2,0
2014-05-23 22:00:00,2,1,1
2014-05-23 23:00:00,1,1,0
2014-05-24 00:00:00,0,0,0
2014-05-24 01:00:00,0,0,0
2014-05-24 02:00:00,1,1,0
2014-05-24 03:00:00,0,0,0
2014-05-24 04:00:00,0,0,0
2014-05-24 05:00:00,1,0,1
2014-05-24 06:00:00,12,1,11
2014-05-24 07:00:00,26,10,16
2014-05-24 08:00:00,79,31,48
2014-05-24 09:00:00,102,48,54
2014-05-24 10:00:00,116,55,61
2014-05-24 11:00:00,202,112,90
2014-05-24 12:00:00,120,76,44
2014-05-24 13:00:00,131,76,55
2014-05-24 14:00:00,130,72,58
2014-05-24 15:00:00,112,67,45
2014-05-24 16:00:00,84,62,22
2014-05-24 17:00:00,59,40,19
2014-05-24 18:00:00,36,30,6
2014-05-24 19:00:00,21,15,6
2014-05-24 20:00:00,8,5,3
2014-05-24 21:00:00,1,0,1
2014-05-24 22:00:00,1,0,1
2014-05-24 23:00:00,2,2,0
2014-05-25 00:00:00,0,0,0
2014-05-25 01:00:00,0,0,0
2014-05-25 02:00:00,0,0,0
2014-05-25 03:00:00,0,0,0
2014-05-25 04:00:00,0,0,0
2014-05-25 05:00:00,0,0,0
2014-05-25 06:00:00,5,1,4
2014-05-25 07:00:00,24,6,18
2014-05-25 08:00:00,43,18,25
2014-05-25 09:00:00,78,22,56
2014-05-25 10:00:00,102,56,46
2014-05-25 11:00:00,93,61,32
2014-05-25 12:00:00,101,58,43
2014-05-25 13:00:00,72,33,39
2014-05-25 14:00:00,48,31,17
2014-05-25 15:00:00,26,14,12
2014-05-25 16:00:00,9,6,3
2014-05-25 17:00:00,26,11,15
2014-05-25 18:00:00,10,10,0
2014-05-25 19:00:00,4,4,0
2014-05-25 20:00:00,2,1,1
2014-05-25 21:00:00,1,0,1
2014-05-25 22:00:00,2,2,0
2014-05-25 23:00:00,1,1,0
2014-05-26 00:00:00,0,0,0
2014-05-26 01:00:00,0,0,0
2014-05-26 02:00:00,1,0,1
2014-05-26 03:00:00,0,0,0
2014-05-26 04:00:00,0,0,0
2014-05-26 05:00:00,1,1,0
2014-05-26 06:00:00,5,1,4
2014-05-26 07:00:00,11,3,8
2014-05-26 08:00:00,37,19,18
2014-05-26 09:00:00,44,21,23
2014-05-26 10:00:00,73,30,43
2014-05-26 11:00:00,119,55,64
2014-05-26 12:00:00,126,60,66
2014-05-26 13:00:00,124,67,57
2014-05-26 14:00:00,93,63,30
2014-05-26 15:00:00,82,45,37
2014-05-26 16:00:00,97,60,37
2014-05-26 17:00:00,54,31,23
2014-05-26 18:00:00,48,26,22
2014-05-26 19:00:00,31,24,7
2014-05-26 20:00:00,11,8,3
2014-05-26 21:00:00,4,3,1
2014-05-26 22:00:00,0,0,0
2014-05-26 23:00:00,0,0,0
2014-05-27 00:00:00,1,1,0
2014-05-27 01:00:00,0,0,0
2014-05-27 02:00:00,0,0,0
2014-05-27 03:00:00,0,0,0
2014-05-27 04:00:00,2,2,0
2014-05-27 05:00:00,15,10,5
2014-05-27 06:00:00,52,29,23
2014-05-27 07:00:00,119,76,43
2014-05-27 08:00:00,85,56,29
2014-05-27 09:00:00,51,34,17
2014-05-27 10:00:00,20,11,9
2014-05-27 11:00:00,33,16,17
2014-05-27 12:00:00,28,22,6
2014-05-27 13:00:00,25,12,13
2014-05-27 14:00:00,30,21,9
2014-05-27 15:00:00,36,20,16
2014-05-27 16:00:00,70,33,37
2014-05-27 17:00:00,168,62,106
2014-05-27 18:00:00,152,88,64
2014-05-27 19:00:00,97,65,32
2014-05-27 20:00:00,36,30,6
2014-05-27 21:00:00,10,8,2
2014-05-27 22:00:00,5,3,2
2014-05-27 23:00:00,0,0,0
2014-05-28 00:00:00,0,0,0
2014-05-28 01:00:00,1,1,0
2014-05-28 02:00:00,0,0,0
2014-05-28 03:00:00,0,0,0
2014-05-28 04:00:00,3,3,0
2014-05-28 05:00:00,8,2,6
2014-05-28 06:00:00,35,20,15
2014-05-28 07:00:00,67,47,20
2014-05-28 08:00:00,74,40,34
2014-05-28 09:00:00,32,16,16
2014-05-28 10:00:00,32,18,14
2014-05-28 11:00:00,26,11,15
2014-05-28 12:00:00,23,15,8
2014-05-28 13:00:00,29,12,17
2014-05-28 14:00:00,24,14,10
2014-05-28 15:00:00,23,13,10
2014-05-28 16:00:00,46,18,28
2014-05-28 17:00:00,82,45,37
2014-05-28 18:00:00,100,59,41
2014-05-28 19:00:00,58,42,16
2014-05-28 20:00:00,14,11,3
2014-05-28 21:00:00,5,3,2
2014-05-28 22:00:00,2,2,0
2014-05-28 23:00:00,0,0,0
2014-05-29 00:00:00,1,0,1
2014-05-29 01:00:00,0,0,0
2014-05-29 02:00:00,0,0,0
2014-05-29 03:00:00,2,1,1
2014-05-29 04:00:00,3,3,0
2014-05-29 05:00:00,12,9,3
2014-05-29 06:00:00,39,23,16
2014-05-29 07:00:00,93,53,40
2014-05-29 08:00:00,74,36,38
2014-05-29 09:00:00,43,20,23
2014-05-29 10:00:00,28,17,11
2014-05-29 11:00:00,22,13,9
2014-05-29 12:00:00,22,12,10
2014-05-29 13:00:00,32,19,13
2014-05-29 14:00:00,27,15,12
2014-05-29 15:00:00,43,19,24
2014-05-29 16:00:00,78,44,34
2014-05-29 17:00:00,158,82,76
2014-05-29 18:00:00,114,64,50
2014-05-29 19:00:00,81,60,21
2014-05-29 20:00:00,49,31,18
2014-05-29 21:00:00,3,3,0
2014-05-29 22:00:00,3,3,0
2014-05-29 23:00:00,1,0,1
2014-05-30 00:00:00,0,0,0
2014-05-30 01:00:00,1,0,1
2014-05-30 02:00:00,0,0,0
2014-05-30 03:00:00,0,0,0
2014-05-30 04:00:00,2,1,1
2014-05-30 05:00:00,17,7,10
2014-05-30 06:00:00,52,32,20
2014-05-30 07:00:00,116,80,36
2014-05-30 08:00:00,116,75,41
2014-05-30 09:00:00,49,34,15
2014-05-30 10:00:00,45,23,22
2014-05-30 11:00:00,41,22,19
2014-05-30 12:00:00,47,32,15
2014-05-30 13:00:00,51,29,22
2014-05-30 14:00:00,43,24,19
2014-05-30 15:00:00,53,31,22
2014-05-30 16:00:00,100,43,57
2014-05-30 17:00:00,174,78,96
2014-05-30 18:00:00,137,86,51
2014-05-30 19:00:00,42,30,12
2014-05-30 20:00:00,31,22,9
2014-05-30 21:00:00,2,0,2
2014-05-30 22:00:00,2,1,1
2014-05-30 23:00:00,2,0,2
2014-05-31 00:00:00,0,0,0
2014-05-31 01:00:00,0,0,0
2014-05-31 02:00:00,0,0,0
2014-05-31 03:00:00,2,0,2
2014-05-31 04:00:00,0,0,0
2014-05-31 05:00:00,4,1,3
2014-05-31 06:00:00,11,5,6
2014-05-31 07:00:00,48,16,32
2014-05-31 08:00:00,104,40,64
2014-05-31 09:00:00,147,80,67
2014-05-31 10:00:00,179,98,81
2014-05-31 11:00:00,176,99,77
2014-05-31 12:00:00,194,125,69
2014-05-31 13:00:00,170,99,71
2014-05-31 14:00:00,181,117,64
2014-05-31 15:00:00,136,88,48
2014-05-31 16:00:00,109,69,40
2014-05-31 17:00:00,66,39,27
2014-05-31 18:00:00,55,27,28
2014-05-31 19:00:00,41,35,6
2014-05-31 20:00:00,27,21,6
2014-05-31 21:00:00,1,0,1
2014-05-31 22:00:00,4,2,2
2014-05-31 23:00:00,0,0,0
2014-06-01 00:00:00,2,0,2
2014-06-01 01:00:00,0,0,0
2014-06-01 02:00:00,1,0,1
2014-06-01 03:00:00,0,0,0
2014-06-01 04:00:00,0,0,0
2014-06-01 05:00:00,7,0,7
2014-06-01 06:00:00,9,4,5
2014-06-01 07:00:00,30,3,27
2014-06-01 08:00:00,86,38,48
2014-06-01 09:00:00,105,51,54
2014-06-01 10:00:00,144,89,55
2014-06-01 11:00:00,215,130,85
2014-06-01 12:00:00,126,74,52
2014-06-01 13:00:00,150,86,64
2014-06-01 14:00:00,144,68,76
2014-06-01 15:00:00,137,83,54
2014-06-01 16:00:00,117,77,40
2014-06-01 17:00:00,98,60,38
2014-06-01 18:00:00,58,44,14
2014-06-01 19:00:00,26,17,9
2014-06-01 20:00:00,26,15,11
2014-06-01 21:00:00,3,2,1
2014-06-01 22:00:00,3,3,0
2014-06-01 23:00:00,1,0,1
2014-06-02 00:00:00,2,0,2
2014-06-02 01:00:00,0,0,0
2014-06-02 02:00:00,0,0,0
2014-06-02 03:00:00,0,0,0
2014-06-02 04:00:00,3,3,0
2014-06-02 05:00:00,17,8,9
2014-06-02 06:00:00,55,31,24
2014-06-02 07:00:00,100,64,36
2014-06-02 08:00:00,77,56,21
2014-06-02 09:00:00,33,22,11
2014-06-02 10:00:00,24,11,13
2014-06-02 11:00:00,29,19,10
2014-06-02 12:00:00,20,6,14
2014-06-02 13:00:00,32,18,14
2014-06-02 14:00:00,39,25,14
2014-06-02 15:00:00,38,24,14
2014-06-02 16:00:00,72,44,28
2014-06-02 17:00:00,148,92,56
2014-06-02 18:00:00,153,102,51
2014-06-02 19:00:00,101,70,31
2014-06-02 20:00:00,42,33,9
2014-06-02 21:00:00,5,4,1
2014-06-02 22:00:00,2,1,1
2014-06-02 23:00:00,0,0,0
2014-06-03 00:00:00,0,0,0
2014-06-03 01:00:00,0,0,0
2014-06-03 02:00:00,0,0,0
2014-06-03 03:00:00,0,0,0
2014-06-03 04:00:00,3,2,1
2014-06-03 05:00:00,15,10,5
2014-06-03 06:00:00,53,27,26
2014-06-03 07:00:00,107,61,46
2014-06-03 08:00:00,67,38,29
2014-06-03 09:00:00,42,17,25
2014-06-03 10:00:00,27,14,13
2014-06-03 11:00:00,23,15,8
2014-06-03 12:00:00,20,9,11
2014-06-03 13:00:00,22,12,10
2014-06-03 14:00:00,27,13,14
2014-06-03 15:00:00,34,16,18
2014-06-03 16:00:00,79,38,41
2014-06-03 17:00:00,161,67,94
2014-06-03 18:00:00,176,96,80
2014-06-03 19:00:00,114,81,33
2014-06-03 20:00:00,53,39,14
2014-06-03 21:00:00,9,7,2
2014-06-03 22:00:00,8,4,4
2014-06-03 23:00:00,5,4,1
2014-06-04 00:00:00,0,0,0
2014-06-04 01:00:00,0,0,0
2014-06-04 02:00:00,0,0,0
2014-06-04 03:00:00,0,0,0
2014-06-04 04:00:00,4,3,1
2014-06-04 05:00:00,20,7,13
2014-06-04 06:00:00,58,32,26
2014-06-04 07:00:00,93,50,43
2014-06-04 08:00:00,82,44,38
2014-06-04 09:00:00,49,23,26
2014-06-04 10:00:00,28,16,12
2014-06-04 11:00:00,26,11,15
2014-06-04 12:00:00,21,13,8
2014-06-04 13:00:00,31,17,14
2014-06-04 14:00:00,28,16,12
2014-06-04 15:00:00,48,19,29
2014-06-04 16:00:00,84,37,47
2014-06-04 17:00:00,131,64,67
2014-06-04 18:00:00,164,84,80
2014-06-04 19:00:00,128,90,38
2014-06-04 20:00:00,43,28,15
2014-06-04 21:00:00,12,10,2
2014-06-04 22:00:00,3,1,2
2014-06-04 23:00:00,3,2,1
2014-06-05 00:00:00,0,0,0
2014-06-05 01:00:00,0,0,0
2014-06-05 02:00:00,1,0,1
2014-06-05 03:00:00,1,1,0
2014-06-05 04:00:00,2,2,0
2014-06-05 05:00:00,13,8,5
2014-06-05 06:00:00,53,28,25
2014-06-05 07:00:00,98,52,46
2014-06-05 08:00:00,60,40,20
2014-06-05 09:00:00,47,28,19
2014-06-05 10:00:00,29,14,15
2014-06-05 11:00:00,25,14,11
2014-06-05 12:00:00,45,23,22
2014-06-05 13:00:00,38,23,15
2014-06-05 14:00:00,37,19,18
2014-06-05 15:00:00,55,37,18
2014-06-05 16:00:00,87,57,30
2014-06-05 17:00:00,167,90,77
2014-06-05 18:00:00,147,84,63
2014-06-05 19:00:00,83,38,45
2014-06-05 20:00:00,48,30,18
2014-06-05 21:00:00,9,8,1
2014-06-05 22:00:00,2,2,0
2014-06-05 23:00:00,1,0,1
2014-06-06 00:00:00,2,0,2
2014-06-06 01:00:00,0,0,0
2014-06-06 02:00:00,0,0,0
2014-06-06 03:00:00,0,0,0
2014-06-06 04:00:00,3,3,0
2014-06-06 05:00:00,24,13,11
2014-06-06 06:00:00,47,29,18
2014-06-06 07:00:00,79,48,31
2014-06-06 08:00:00,82,59,23
2014-06-06 09:00:00,73,52,21
2014-06-06 10:00:00,33,26,7
2014-06-06 11:00:00,53,32,21
2014-06-06 12:00:00,54,34,20
2014-06-06 13:00:00,39,28,11
2014-06-06 14:00:00,50,27,23
2014-06-06 15:00:00,56,35,21
2014-06-06 16:00:00,95,67,28
2014-06-06 17:00:00,136,79,57
2014-06-06 18:00:00,113,66,47
2014-06-06 19:00:00,47,37,10
2014-06-06 20:00:00,30,21,9
2014-06-06 21:00:00,1,0,1
2014-06-06 22:00:00,3,2,1
2014-06-06 23:00:00,1,1,0
2014-06-07 00:00:00,2,0,2
2014-06-07 01:00:00,1,0,1
2014-06-07 02:00:00,0,0,0
2014-06-07 03:00:00,1,0,1
2014-06-07 04:00:00,0,0,0
2014-06-07 05:00:00,2,2,0
2014-06-07 06:00:00,13,4,9
2014-06-07 07:00:00,44,18,26
2014-06-07 08:00:00,110,49,61
2014-06-07 09:00:00,130,62,68
2014-06-07 10:00:00,179,111,68
2014-06-07 11:00:00,176,102,74
2014-06-07 12:00:00,170,104,66
2014-06-07 13:00:00,150,80,70
2014-06-07 14:00:00,132,74,58
2014-06-07 15:00:00,170,110,60
2014-06-07 16:00:00,173,120,53
2014-06-07 17:00:00,80,45,35
2014-06-07 18:00:00,49,37,12
2014-06-07 19:00:00,35,25,10
2014-06-07 20:00:00,13,9,4
2014-06-07 21:00:00,4,1,3
2014-06-07 22:00:00,1,1,0
2014-06-07 23:00:00,1,1,0
2014-06-08 00:00:00,0,0,0
2014-06-08 01:00:00,0,0,0
2014-06-08 02:00:00,0,0,0
2014-06-08 03:00:00,1,0,1
2014-06-08 04:00:00,0,0,0
2014-06-08 05:00:00,1,0,1
2014-06-08 06:00:00,19,6,13
2014-06-08 07:00:00,46,22,24
2014-06-08 08:00:00,98,25,73
2014-06-08 09:00:00,162,75,87
2014-06-08 10:00:00,178,80,98
2014-06-08 11:00:00,163,90,73
2014-06-08 12:00:00,154,97,57
2014-06-08 13:00:00,137,81,56
2014-06-08 14:00:00,123,63,60
2014-06-08 15:00:00,162,115,47
2014-06-08 16:00:00,104,76,28
2014-06-08 17:00:00,97,59,38
2014-06-08 18:00:00,54,26,28
2014-06-08 19:00:00,40,25,15
2014-06-08 20:00:00,32,25,7
2014-06-08 21:00:00,3,3,0
2014-06-08 22:00:00,3,2,1
2014-06-08 23:00:00,1,1,0
2014-06-09 00:00:00,0,0,0
2014-06-09 01:00:00,0,0,0
2014-06-09 02:00:00,0,0,0
2014-06-09 03:00:00,2,1,1
2014-06-09 04:00:00,3,3,0
2014-06-09 05:00:00,7,1,6
2014-06-09 06:00:00,36,20,16
2014-06-09 07:00:00,70,46,24
2014-06-09 08:00:00,68,39,29
2014-06-09 09:00:00,33,25,8
2014-06-09 10:00:00,29,15,14
2014-06-09 11:00:00,23,16,7
2014-06-09 12:00:00,32,17,15
2014-06-09 13:00:00,21,11,10
2014-06-09 14:00:00,19,12,7
2014-06-09 15:00:00,32,16,16
2014-06-09 16:00:00,53,19,34
2014-06-09 17:00:00,94,47,47
2014-06-09 18:00:00,118,65,53
2014-06-09 19:00:00,66,42,24
2014-06-09 20:00:00,25,18,7
2014-06-09 21:00:00,6,2,4
2014-06-09 22:00:00,2,2,0
2014-06-09 23:00:00,0,0,0
2014-06-10 00:00:00,0,0,0
2014-06-10 01:00:00,1,1,0
2014-06-10 02:00:00,0,0,0
2014-06-10 03:00:00,0,0,0
2014-06-10 04:00:00,4,4,0
2014-06-10 05:00:00,15,7,8
2014-06-10 06:00:00,53,29,24
2014-06-10 07:00:00,103,53,50
2014-06-10 08:00:00,75,41,34
2014-06-10 09:00:00,40,20,20
2014-06-10 10:00:00,37,10,27
2014-06-10 11:00:00,22,11,11
2014-06-10 12:00:00,26,18,8
2014-06-10 13:00:00,32,23,9
2014-06-10 14:00:00,30,19,11
2014-06-10 15:00:00,35,17,18
2014-06-10 16:00:00,77,31,46
2014-06-10 17:00:00,157,76,81
2014-06-10 18:00:00,167,85,82
2014-06-10 19:00:00,109,77,32
2014-06-10 20:00:00,26,19,7
2014-06-10 21:00:00,8,7,1
2014-06-10 22:00:00,1,0,1
2014-06-10 23:00:00,1,0,1
2014-06-11 00:00:00,0,0,0
2014-06-11 01:00:00,0,0,0
2014-06-11 02:00:00,1,0,1
2014-06-11 03:00:00,0,0,0
2014-06-11 04:00:00,3,3,0
2014-06-11 05:00:00,15,5,10
2014-06-11 06:00:00,57,35,22
2014-06-11 07:00:00,84,56,28
2014-06-11 08:00:00,90,62,28
2014-06-11 09:00:00,51,34,17
2014-06-11 10:00:00,34,21,13
2014-06-11 11:00:00,40,23,17
2014-06-11 12:00:00,59,27,32
2014-06-11 13:00:00,37,22,15
2014-06-11 14:00:00,52,32,20
2014-06-11 15:00:00,58,32,26
2014-06-11 16:00:00,91,58,33
2014-06-11 17:00:00,202,107,95
2014-06-11 18:00:00,205,97,108
2014-06-11 19:00:00,137,93,44
2014-06-11 20:00:00,47,32,15
2014-06-11 21:00:00,11,6,5
2014-06-11 22:00:00,3,3,0
2014-06-11 23:00:00,1,0,1
2014-06-12 00:00:00,2,2,0
2014-06-12 01:00:00,0,0,0
2014-06-12 02:00:00,0,0,0
2014-06-12 03:00:00,0,0,0
2014-06-12 04:00:00,1,1,0
2014-06-12 05:00:00,10,6,4
2014-06-12 06:00:00,48,18,30
2014-06-12 07:00:00,86,50,36
2014-06-12 08:00:00,75,35,40
2014-06-12 09:00:00,29,12,17
2014-06-12 10:00:00,13,5,8
2014-06-12 11:00:00,16,5,11
2014-06-12 12:00:00,26,14,12
2014-06-12 13:00:00,30,13,17
2014-06-12 14:00:00,16,11,5
2014-06-12 15:00:00,26,15,11
2014-06-12 16:00:00,63,38,25
2014-06-12 17:00:00,95,53,42
2014-06-12 18:00:00,97,57,40
2014-06-12 19:00:00,52,32,20
2014-06-12 20:00:00,20,5,15
2014-06-12 21:00:00,10,10,0
2014-06-12 22:00:00,5,3,2
2014-06-12 23:00:00,0,0,0
2014-06-13 00:00:00,0,0,0
2014-06-13 01:00:00,1,0,1
2014-06-13 02:00:00,0,0,0
2014-06-13 03:00:00,0,0,0
2014-06-13 04:00:00,1,1,0
2014-06-13 05:00:00,5,1,4
2014-06-13 06:00:00,14,8,6
2014-06-13 07:00:00,27,10,17
2014-06-13 08:00:00,35,17,18
2014-06-13 09:00:00,18,8,10
2014-06-13 10:00:00,9,4,5
2014-06-13 11:00:00,0,0,0
2014-06-13 12:00:00,8,6,2
2014-06-13 13:00:00,5,2,3
2014-06-13 14:00:00,14,6,8
2014-06-13 15:00:00,18,10,8
2014-06-13 16:00:00,19,12,7
2014-06-13 17:00:00,36,18,18
2014-06-13 18:00:00,35,21,14
2014-06-13 19:00:00,21,18,3
2014-06-13 20:00:00,5,4,1
2014-06-13 21:00:00,1,0,1
2014-06-13 22:00:00,4,3,1
2014-06-13 23:00:00,3,2,1
2014-06-14 00:00:00,0,0,0
2014-06-14 01:00:00,0,0,0
2014-06-14 02:00:00,0,0,0
2014-06-14 03:00:00,0,0,0
2014-06-14 04:00:00,0,0,0
2014-06-14 05:00:00,2,0,2
2014-06-14 06:00:00,17,10,7
2014-06-14 07:00:00,24,1,23
2014-06-14 08:00:00,79,22,57
2014-06-14 09:00:00,141,60,81
2014-06-14 10:00:00,126,50,76
2014-06-14 11:00:00,150,74,76
2014-06-14 12:00:00,116,84,32
2014-06-14 13:00:00,113,79,34
2014-06-14 14:00:00,84,55,29
2014-06-14 15:00:00,84,49,35
2014-06-14 16:00:00,103,70,33
2014-06-14 17:00:00,63,41,22
2014-06-14 18:00:00,29,21,8
2014-06-14 19:00:00,14,10,4
2014-06-14 20:00:00,8,5,3
2014-06-14 21:00:00,1,1,0
2014-06-14 22:00:00,1,0,1
2014-06-14 23:00:00,1,1,0
2014-06-15 00:00:00,0,0,0
2014-06-15 01:00:00,3,1,2
2014-06-15 02:00:00,0,0,0
2014-06-15 03:00:00,0,0,0
2014-06-15 04:00:00,0,0,0
2014-06-15 05:00:00,0,0,0
2014-06-15 06:00:00,9,4,5
2014-06-15 07:00:00,26,2,24
2014-06-15 08:00:00,38,13,25
2014-06-15 09:00:00,75,37,38
2014-06-15 10:00:00,75,33,42
2014-06-15 11:00:00,114,56,58
2014-06-15 12:00:00,91,52,39
2014-06-15 13:00:00,63,35,28
2014-06-15 14:00:00,73,45,28
2014-06-15 15:00:00,73,49,24
2014-06-15 16:00:00,37,21,16
2014-06-15 17:00:00,43,35,8
2014-06-15 18:00:00,22,19,3
2014-06-15 19:00:00,5,5,0
2014-06-15 20:00:00,0,0,0
2014-06-15 21:00:00,0,0,0
2014-06-15 22:00:00,0,0,0
2014-06-15 23:00:00,0,0,0
2014-06-16 00:00:00,0,0,0
2014-06-16 01:00:00,0,0,0
2014-06-16 02:00:00,1,1,0
2014-06-16 03:00:00,0,0,0
2014-06-16 04:00:00,3,3,0
2014-06-16 05:00:00,10,4,6
2014-06-16 06:00:00,24,16,8
2014-06-16 07:00:00,39,19,20
2014-06-16 08:00:00,42,21,21
2014-06-16 09:00:00,20,6,14
2014-06-16 10:00:00,10,4,6
2014-06-16 11:00:00,7,3,4
2014-06-16 12:00:00,3,3,0
2014-06-16 13:00:00,6,3,3
2014-06-16 14:00:00,13,5,8
2014-06-16 15:00:00,10,9,1
2014-06-16 16:00:00,49,25,24
2014-06-16 17:00:00,65,28,37
2014-06-16 18:00:00,78,42,36
2014-06-16 19:00:00,61,37,24
2014-06-16 20:00:00,32,21,11
2014-06-16 21:00:00,5,2,3
2014-06-16 22:00:00,1,1,0
2014-06-16 23:00:00,1,0,1
2014-06-17 00:00:00,0,0,0
2014-06-17 01:00:00,1,0,1
2014-06-17 02:00:00,0,0,0
2014-06-17 03:00:00,0,0,0
2014-06-17 04:00:00,1,1,0
2014-06-17 05:00:00,4,2,2
2014-06-17 06:00:00,39,22,17
2014-06-17 07:00:00,56,29,27
2014-06-17 08:00:00,59,30,29
2014-06-17 09:00:00,34,17,17
2014-06-17 10:00:00,18,9,9
2014-06-17 11:00:00,13,9,4
2014-06-17 12:00:00,13,5,8
2014-06-17 13:00:00,23,13,10
2014-06-17 14:00:00,34,17,17
2014-06-17 15:00:00,40,16,24
2014-06-17 16:00:00,58,30,28
2014-06-17 17:00:00,119,61,58
2014-06-17 18:00:00,121,65,56
2014-06-17 19:00:00,83,54,29
2014-06-17 20:00:00,38,26,12
2014-06-17 21:00:00,14,9,5
2014-06-17 22:00:00,5,5,0
2014-06-17 23:00:00,2,1,1
2014-06-18 00:00:00,1,0,1
2014-06-18 01:00:00,0,0,0
2014-06-18 02:00:00,0,0,0
2014-06-18 03:00:00,3,1,2
2014-06-18 04:00:00,2,2,0
2014-06-18 05:00:00,21,10,11
2014-06-18 06:00:00,54,30,24
2014-06-18 07:00:00,96,58,38
2014-06-18 08:00:00,90,52,38
2014-06-18 09:00:00,41,16,25
2014-06-18 10:00:00,33,18,15
2014-06-18 11:00:00,25,11,14
2014-06-18 12:00:00,40,29,11
2014-06-18 13:00:00,37,15,22
2014-06-18 14:00:00,34,23,11
2014-06-18 15:00:00,44,25,19
2014-06-18 16:00:00,91,46,45
2014-06-18 17:00:00,143,60,83
2014-06-18 18:00:00,173,92,81
2014-06-18 19:00:00,155,102,53
2014-06-18 20:00:00,46,32,14
2014-06-18 21:00:00,6,1,5
2014-06-18 22:00:00,8,4,4
2014-06-18 23:00:00,1,1,0
2014-06-19 00:00:00,0,0,0
2014-06-19 01:00:00,0,0,0
2014-06-19 02:00:00,0,0,0
2014-06-19 03:00:00,0,0,0
2014-06-19 04:00:00,3,3,0
2014-06-19 05:00:00,10,6,4
2014-06-19 06:00:00,60,26,34
2014-06-19 07:00:00,95,49,46
2014-06-19 08:00:00,79,37,42
2014-06-19 09:00:00,52,31,21
2014-06-19 10:00:00,22,11,11
2014-06-19 11:00:00,35,21,14
2014-06-19 12:00:00,44,30,14
2014-06-19 13:00:00,42,24,18
2014-06-19 14:00:00,42,25,17
2014-06-19 15:00:00,56,36,20
2014-06-19 16:00:00,115,80,35
2014-06-19 17:00:00,178,113,65
2014-06-19 18:00:00,152,83,69
2014-06-19 19:00:00,77,46,31
2014-06-19 20:00:00,94,27,67
2014-06-19 21:00:00,11,9,2
2014-06-19 22:00:00,6,5,1
2014-06-19 23:00:00,39,39,0
2014-06-20 00:00:00,0,0,0
2014-06-20 01:00:00,0,0,0
2014-06-20 02:00:00,0,0,0
2014-06-20 03:00:00,0,0,0
2014-06-20 04:00:00,2,2,0
2014-06-20 05:00:00,10,5,5
2014-06-20 06:00:00,53,41,12
2014-06-20 07:00:00,65,41,24
2014-06-20 08:00:00,54,31,23
2014-06-20 09:00:00,41,18,23
2014-06-20 10:00:00,23,11,12
2014-06-20 11:00:00,34,20,14
2014-06-20 12:00:00,29,16,13
2014-06-20 13:00:00,22,14,8
2014-06-20 14:00:00,29,16,13
2014-06-20 15:00:00,31,19,12
2014-06-20 16:00:00,64,42,22
2014-06-20 17:00:00,123,58,65
2014-06-20 18:00:00,79,49,30
2014-06-20 19:00:00,47,28,19
2014-06-20 20:00:00,23,19,4
2014-06-20 21:00:00,3,2,1
2014-06-20 22:00:00,10,10,0
2014-06-20 23:00:00,0,0,0
2014-06-21 00:00:00,2,0,2
2014-06-21 01:00:00,0,0,0
2014-06-21 02:00:00,0,0,0
2014-06-21 03:00:00,0,0,0
2014-06-21 04:00:00,2,2,0
2014-06-21 05:00:00,3,0,3
2014-06-21 06:00:00,8,5,3
2014-06-21 07:00:00,39,17,22
2014-06-21 08:00:00,74,35,39
2014-06-21 09:00:00,89,49,40
2014-06-21 10:00:00,162,87,75
2014-06-21 11:00:00,149,74,75
2014-06-21 12:00:00,180,110,70
2014-06-21 13:00:00,146,73,73
2014-06-21 14:00:00,140,70,70
2014-06-21 15:00:00,90,45,45
2014-06-21 16:00:00,97,49,48
2014-06-21 17:00:00,77,39,38
2014-06-21 18:00:00,61,31,30
2014-06-21 19:00:00,32,16,16
2014-06-21 20:00:00,30,15,15
2014-06-21 21:00:00,3,2,1
2014-06-21 22:00:00,0,0,0
2014-06-21 23:00:00,3,2,1
2014-06-22 00:00:00,0,0,0
2014-06-22 01:00:00,0,0,0
2014-06-22 02:00:00,0,0,0
2014-06-22 03:00:00,0,0,0
2014-06-22 04:00:00,0,0,0
2014-06-22 05:00:00,3,2,1
2014-06-22 06:00:00,13,7,6
2014-06-22 07:00:00,45,23,22
2014-06-22 08:00:00,87,44,43
2014-06-22 09:00:00,137,69,68
2014-06-22 10:00:00,167,84,83
2014-06-22 11:00:00,167,84,83
2014-06-22 12:00:00,166,83,83
2014-06-22 13:00:00,208,104,104
2014-06-22 14:00:00,138,69,69
2014-06-22 15:00:00,116,58,58
2014-06-22 16:00:00,107,54,53
2014-06-22 17:00:00,71,33,38
2014-06-22 18:00:00,72,47,25
2014-06-22 19:00:00,49,30,19
2014-06-22 20:00:00,20,15,5
2014-06-22 21:00:00,11,7,4
2014-06-22 22:00:00,3,1,2
2014-06-22 23:00:00,0,0,0
2014-06-23 00:00:00,0,0,0
2014-06-23 01:00:00,0,0,0
2014-06-23 02:00:00,1,1,0
2014-06-23 03:00:00,0,0,0
2014-06-23 04:00:00,3,3,0
2014-06-23 05:00:00,15,9,6
2014-06-23 06:00:00,38,23,15
2014-06-23 07:00:00,70,55,15
2014-06-23 08:00:00,74,51,23
2014-06-23 09:00:00,46,32,14
2014-06-23 10:00:00,25,17,8
2014-06-23 11:00:00,34,22,12
2014-06-23 12:00:00,24,13,11
2014-06-23 13:00:00,41,26,15
2014-06-23 14:00:00,55,28,27
2014-06-23 15:00:00,41,27,14
2014-06-23 16:00:00,68,34,34
2014-06-23 17:00:00,125,62,63
2014-06-23 18:00:00,159,90,69
2014-06-23 19:00:00,72,50,22
2014-06-23 20:00:00,25,18,7
2014-06-23 21:00:00,8,6,2
2014-06-23 22:00:00,1,1,0
2014-06-23 23:00:00,0,0,0
2014-06-24 00:00:00,1,0,1
2014-06-24 01:00:00,0,0,0
2014-06-24 02:00:00,0,0,0
2014-06-24 03:00:00,0,0,0
2014-06-24 04:00:00,3,3,0
2014-06-24 05:00:00,9,5,4
2014-06-24 06:00:00,35,24,11
2014-06-24 07:00:00,74,47,27
2014-06-24 08:00:00,70,36,34
2014-06-24 09:00:00,30,14,16
2014-06-24 10:00:00,28,12,16
2014-06-24 11:00:00,15,10,5
2014-06-24 12:00:00,23,14,9
2014-06-24 13:00:00,12,8,4
2014-06-24 14:00:00,30,16,14
2014-06-24 15:00:00,48,30,18
2014-06-24 16:00:00,67,45,22
2014-06-24 17:00:00,141,67,74
2014-06-24 18:00:00,136,93,43
2014-06-24 19:00:00,119,81,38
2014-06-24 20:00:00,52,34,18
2014-06-24 21:00:00,14,9,5
2014-06-24 22:00:00,0,0,0
2014-06-24 23:00:00,3,1,2
2014-06-25 00:00:00,0,0,0
2014-06-25 01:00:00,0,0,0
2014-06-25 02:00:00,0,0,0
2014-06-25 03:00:00,0,0,0
2014-06-25 04:00:00,2,2,0
2014-06-25 05:00:00,15,5,10
2014-06-25 06:00:00,50,32,18
2014-06-25 07:00:00,98,63,35
2014-06-25 08:00:00,94,55,39
2014-06-25 09:00:00,56,38,18
2014-06-25 10:00:00,32,24,8
2014-06-25 11:00:00,35,20,15
2014-06-25 12:00:00,40,25,15
2014-06-25 13:00:00,28,14,14
2014-06-25 14:00:00,52,20,32
2014-06-25 15:00:00,27,19,8
2014-06-25 16:00:00,85,54,31
2014-06-25 17:00:00,157,71,86
2014-06-25 18:00:00,153,77,76
2014-06-25 19:00:00,132,91,41
2014-06-25 20:00:00,86,64,22
2014-06-25 21:00:00,8,6,2
2014-06-25 22:00:00,2,2,0
2014-06-25 23:00:00,0,0,0
2014-06-26 00:00:00,0,0,0
2014-06-26 01:00:00,0,0,0
2014-06-26 02:00:00,0,0,0
2014-06-26 03:00:00,0,0,0
2014-06-26 04:00:00,3,3,0
2014-06-26 05:00:00,7,4,3
2014-06-26 06:00:00,42,20,22
2014-06-26 07:00:00,74,42,32
2014-06-26 08:00:00,57,30,27
2014-06-26 09:00:00,34,11,23
2014-06-26 10:00:00,12,7,5
2014-06-26 11:00:00,18,6,12
2014-06-26 12:00:00,19,13,6
2014-06-26 13:00:00,25,11,14
2014-06-26 14:00:00,18,5,13
2014-06-26 15:00:00,30,21,9
2014-06-26 16:00:00,58,32,26
2014-06-26 17:00:00,138,70,68
2014-06-26 18:00:00,101,66,35
2014-06-26 19:00:00,47,32,15
2014-06-26 20:00:00,25,16,9
2014-06-26 21:00:00,2,2,0
2014-06-26 22:00:00,3,3,0
2014-06-26 23:00:00,3,3,0
2014-06-27 00:00:00,1,0,1
2014-06-27 01:00:00,1,0,1
2014-06-27 02:00:00,0,0,0
2014-06-27 03:00:00,1,0,1
2014-06-27 04:00:00,2,2,0
2014-06-27 05:00:00,7,2,5
2014-06-27 06:00:00,29,19,10
2014-06-27 07:00:00,35,22,13
2014-06-27 08:00:00,43,17,26
2014-06-27 09:00:00,14,5,9
2014-06-27 10:00:00,16,10,6
2014-06-27 11:00:00,19,8,11
2014-06-27 12:00:00,12,1,11
2014-06-27 13:00:00,14,12,2
2014-06-27 14:00:00,21,11,10
2014-06-27 15:00:00,23,12,11
2014-06-27 16:00:00,49,21,28
2014-06-27 17:00:00,71,42,29
2014-06-27 18:00:00,48,27,21
2014-06-27 19:00:00,24,18,6
2014-06-27 20:00:00,10,6,4
2014-06-27 21:00:00,1,1,0
2014-06-27 22:00:00,2,1,1
2014-06-27 23:00:00,3,2,1
2014-06-28 00:00:00,0,0,0
2014-06-28 01:00:00,2,1,1
2014-06-28 02:00:00,2,2,0
2014-06-28 03:00:00,2,0,2
2014-06-28 04:00:00,1,0,1
2014-06-28 05:00:00,3,0,3
2014-06-28 06:00:00,8,1,7
2014-06-28 07:00:00,23,12,11
2014-06-28 08:00:00,51,26,25
2014-06-28 09:00:00,89,45,44
2014-06-28 10:00:00,90,41,49
2014-06-28 11:00:00,124,71,53
2014-06-28 12:00:00,97,54,43
2014-06-28 13:00:00,80,52,28
2014-06-28 14:00:00,65,41,24
2014-06-28 15:00:00,65,40,25
2014-06-28 16:00:00,58,35,23
2014-06-28 17:00:00,45,32,13
2014-06-28 18:00:00,34,20,14
2014-06-28 19:00:00,22,14,8
2014-06-28 20:00:00,11,7,4
2014-06-28 21:00:00,3,2,1
2014-06-28 22:00:00,3,3,0
2014-06-28 23:00:00,1,1,0
2014-06-29 00:00:00,1,0,1
2014-06-29 01:00:00,0,0,0
2014-06-29 02:00:00,0,0,0
2014-06-29 03:00:00,0,0,0
2014-06-29 04:00:00,2,0,2
2014-06-29 05:00:00,1,0,1
2014-06-29 06:00:00,14,4,10
2014-06-29 07:00:00,34,6,28
2014-06-29 08:00:00,87,32,55
2014-06-29 09:00:00,122,56,66
2014-06-29 10:00:00,174,85,89
2014-06-29 11:00:00,154,85,69
2014-06-29 12:00:00,144,85,59
2014-06-29 13:00:00,157,79,78
2014-06-29 14:00:00,159,88,71
2014-06-29 15:00:00,95,60,35
2014-06-29 16:00:00,104,60,44
2014-06-29 17:00:00,86,54,32
2014-06-29 18:00:00,63,43,20
2014-06-29 19:00:00,31,22,9
2014-06-29 20:00:00,30,18,12
2014-06-29 21:00:00,5,5,0
2014-06-29 22:00:00,0,0,0
2014-06-29 23:00:00,1,1,0
2014-06-30 00:00:00,2,1,1
2014-06-30 01:00:00,1,1,0
2014-06-30 02:00:00,0,0,0
2014-06-30 03:00:00,1,0,1
2014-06-30 04:00:00,1,1,0
2014-06-30 05:00:00,10,5,5
2014-06-30 06:00:00,40,29,11
2014-06-30 07:00:00,88,57,31
2014-06-30 08:00:00,84,48,36
2014-06-30 09:00:00,40,27,13
2014-06-30 10:00:00,25,22,3
2014-06-30 11:00:00,40,22,18
2014-06-30 12:00:00,26,19,7
2014-06-30 13:00:00,46,26,20
2014-06-30 14:00:00,54,32,22
2014-06-30 15:00:00,47,31,16
2014-06-30 16:00:00,98,63,35
2014-06-30 17:00:00,157,75,82
2014-06-30 18:00:00,191,111,80
2014-06-30 19:00:00,103,66,37
2014-06-30 20:00:00,52,37,15
2014-06-30 21:00:00,11,11,0
2014-06-30 22:00:00,4,4,0
2014-06-30 23:00:00,3,2,1
2014-07-01 00:00:00,1,0,1
2014-07-01 01:00:00,1,0,1
2014-07-01 02:00:00,0,0,0
2014-07-01 03:00:00,2,2,0
2014-07-01 04:00:00,3,1,2
2014-07-01 05:00:00,11,6,5
2014-07-01 06:00:00,64,40,24
2014-07-01 07:00:00,121,78,43
2014-07-01 08:00:00,100,73,27
2014-07-01 09:00:00,61,46,15
2014-07-01 10:00:00,43,28,15
2014-07-01 11:00:00,43,32,11
2014-07-01 12:00:00,40,24,16
2014-07-01 13:00:00,42,29,13
2014-07-01 14:00:00,26,14,12
2014-07-01 15:00:00,27,13,14
2014-07-01 16:00:00,83,28,55
2014-07-01 17:00:00,169,89,80
2014-07-01 18:00:00,188,102,86
2014-07-01 19:00:00,158,105,53
2014-07-01 20:00:00,59,39,20
2014-07-01 21:00:00,10,6,4
2014-07-01 22:00:00,7,6,1
2014-07-01 23:00:00,4,2,2
2014-07-02 00:00:00,1,1,0
2014-07-02 01:00:00,1,1,0
2014-07-02 02:00:00,1,1,0
2014-07-02 03:00:00,1,0,1
2014-07-02 04:00:00,2,1,1
2014-07-02 05:00:00,20,9,11
2014-07-02 06:00:00,51,32,19
2014-07-02 07:00:00,120,73,47
2014-07-02 08:00:00,84,43,41
2014-07-02 09:00:00,52,31,21
2014-07-02 10:00:00,32,19,13
2014-07-02 11:00:00,31,11,20
2014-07-02 12:00:00,59,47,12
2014-07-02 13:00:00,27,17,10
2014-07-02 14:00:00,41,26,15
2014-07-02 15:00:00,48,33,15
2014-07-02 16:00:00,98,64,34
2014-07-02 17:00:00,176,97,79
2014-07-02 18:00:00,184,96,88
2014-07-02 19:00:00,106,76,30
2014-07-02 20:00:00,49,40,9
2014-07-02 21:00:00,20,12,8
2014-07-02 22:00:00,6,4,2
2014-07-02 23:00:00,1,0,1
2014-07-03 00:00:00,4,2,2
2014-07-03 01:00:00,0,0,0
2014-07-03 02:00:00,0,0,0
2014-07-03 03:00:00,1,0,1
2014-07-03 04:00:00,1,1,0
2014-07-03 05:00:00,9,7,2
2014-07-03 06:00:00,51,28,23
2014-07-03 07:00:00,88,52,36
2014-07-03 08:00:00,81,42,39
2014-07-03 09:00:00,38,22,16
2014-07-03 10:00:00,26,8,18
2014-07-03 11:00:00,27,18,9
2014-07-03 12:00:00,26,14,12
2014-07-03 13:00:00,36,13,23
2014-07-03 14:00:00,43,29,14
2014-07-03 15:00:00,48,14,34
2014-07-03 16:00:00,84,50,34
2014-07-03 17:00:00,106,48,58
2014-07-03 18:00:00,77,49,28
2014-07-03 19:00:00,49,36,13
2014-07-03 20:00:00,23,17,6
2014-07-03 21:00:00,10,6,4
2014-07-03 22:00:00,5,2,3
2014-07-03 23:00:00,6,4,2
2014-07-04 00:00:00,1,0,1
2014-07-04 01:00:00,1,0,1
2014-07-04 02:00:00,2,1,1
2014-07-04 03:00:00,2,1,1
2014-07-04 04:00:00,0,0,0
2014-07-04 05:00:00,1,0,1
2014-07-04 06:00:00,20,10,10
2014-07-04 07:00:00,34,18,16
2014-07-04 08:00:00,76,43,33
2014-07-04 09:00:00,108,57,51
2014-07-04 10:00:00,151,91,60
2014-07-04 11:00:00,143,88,55
2014-07-04 12:00:00,171,107,64
2014-07-04 13:00:00,119,66,53
2014-07-04 14:00:00,129,74,55
2014-07-04 15:00:00,94,57,37
2014-07-04 16:00:00,70,44,26
2014-07-04 17:00:00,47,28,19
2014-07-04 18:00:00,32,18,14
2014-07-04 19:00:00,13,10,3
2014-07-04 20:00:00,11,7,4
2014-07-04 21:00:00,1,1,0
2014-07-04 22:00:00,0,0,0
2014-07-04 23:00:00,2,1,1
2014-07-05 00:00:00,0,0,0
2014-07-05 01:00:00,3,1,2
2014-07-05 02:00:00,0,0,0
2014-07-05 03:00:00,1,0,1
2014-07-05 04:00:00,0,0,0
2014-07-05 05:00:00,2,0,2
2014-07-05 06:00:00,6,0,6
2014-07-05 07:00:00,26,10,16
2014-07-05 08:00:00,45,23,22
2014-07-05 09:00:00,73,32,41
2014-07-05 10:00:00,95,58,37
2014-07-05 11:00:00,81,49,32
2014-07-05 12:00:00,108,62,46
2014-07-05 13:00:00,105,68,37
2014-07-05 14:00:00,86,46,40
2014-07-05 15:00:00,81,38,43
2014-07-05 16:00:00,79,47,32
2014-07-05 17:00:00,47,26,21
2014-07-05 18:00:00,49,30,19
2014-07-05 19:00:00,23,13,10
2014-07-05 20:00:00,19,11,8
2014-07-05 21:00:00,6,1,5
2014-07-05 22:00:00,0,0,0
2014-07-05 23:00:00,1,0,1
2014-07-06 00:00:00,1,1,0
2014-07-06 01:00:00,1,1,0
2014-07-06 02:00:00,1,0,1
2014-07-06 03:00:00,1,0,1
2014-07-06 04:00:00,0,0,0
2014-07-06 05:00:00,1,1,0
2014-07-06 06:00:00,5,2,3
2014-07-06 07:00:00,44,7,37
2014-07-06 08:00:00,60,23,37
2014-07-06 09:00:00,131,77,54
2014-07-06 10:00:00,163,112,51
2014-07-06 11:00:00,215,145,70
2014-07-06 12:00:00,190,114,76
2014-07-06 13:00:00,233,169,64
2014-07-06 14:00:00,183,131,52
2014-07-06 15:00:00,141,79,62
2014-07-06 16:00:00,112,76,36
2014-07-06 17:00:00,124,73,51
2014-07-06 18:00:00,61,40,21
2014-07-06 19:00:00,58,36,22
2014-07-06 20:00:00,20,13,7
2014-07-06 21:00:00,19,14,5
2014-07-06 22:00:00,3,3,0
2014-07-06 23:00:00,0,0,0
2014-07-07 00:00:00,1,0,1
2014-07-07 01:00:00,1,1,0
2014-07-07 02:00:00,0,0,0
2014-07-07 03:00:00,0,0,0
2014-07-07 04:00:00,2,1,1
2014-07-07 05:00:00,8,3,5
2014-07-07 06:00:00,37,26,11
2014-07-07 07:00:00,90,47,43
2014-07-07 08:00:00,71,36,35
2014-07-07 09:00:00,46,24,22
2014-07-07 10:00:00,27,9,18
2014-07-07 11:00:00,21,10,11
2014-07-07 12:00:00,37,29,8
2014-07-07 13:00:00,35,25,10
2014-07-07 14:00:00,26,17,9
2014-07-07 15:00:00,42,31,11
2014-07-07 16:00:00,79,50,29
2014-07-07 17:00:00,141,65,76
2014-07-07 18:00:00,156,84,72
2014-07-07 19:00:00,102,67,35
2014-07-07 20:00:00,53,37,16
2014-07-07 21:00:00,10,9,1
2014-07-07 22:00:00,4,3,1
2014-07-07 23:00:00,1,1,0
2014-07-08 00:00:00,1,0,1
2014-07-08 01:00:00,0,0,0
2014-07-08 02:00:00,0,0,0
2014-07-08 03:00:00,1,0,1
2014-07-08 04:00:00,1,1,0
2014-07-08 05:00:00,10,6,4
2014-07-08 06:00:00,60,34,26
2014-07-08 07:00:00,120,91,29
2014-07-08 08:00:00,94,71,23
2014-07-08 09:00:00,44,29,15
2014-07-08 10:00:00,50,34,16
2014-07-08 11:00:00,43,26,17
2014-07-08 12:00:00,44,30,14
2014-07-08 13:00:00,27,16,11
2014-07-08 14:00:00,41,32,9
2014-07-08 15:00:00,38,25,13
2014-07-08 16:00:00,85,49,36
2014-07-08 17:00:00,168,102,66
2014-07-08 18:00:00,178,117,61
2014-07-08 19:00:00,114,82,32
2014-07-08 20:00:00,87,62,25
2014-07-08 21:00:00,22,16,6
2014-07-08 22:00:00,11,6,5
2014-07-08 23:00:00,5,2,3
2014-07-09 00:00:00,1,1,0
2014-07-09 01:00:00,0,0,0
2014-07-09 02:00:00,0,0,0
2014-07-09 03:00:00,1,1,0
2014-07-09 04:00:00,3,1,2
2014-07-09 05:00:00,18,5,13
2014-07-09 06:00:00,55,39,16
2014-07-09 07:00:00,97,63,34
2014-07-09 08:00:00,95,66,29
2014-07-09 09:00:00,52,36,16
2014-07-09 10:00:00,67,44,23
2014-07-09 11:00:00,49,24,25
2014-07-09 12:00:00,38,27,11
2014-07-09 13:00:00,30,20,10
2014-07-09 14:00:00,43,24,19
2014-07-09 15:00:00,35,20,15
2014-07-09 16:00:00,86,51,35
2014-07-09 17:00:00,157,85,72
2014-07-09 18:00:00,191,107,84
2014-07-09 19:00:00,151,82,69
2014-07-09 20:00:00,65,46,19
2014-07-09 21:00:00,37,34,3
2014-07-09 22:00:00,3,3,0
2014-07-09 23:00:00,3,2,1
2014-07-10 00:00:00,4,2,2
2014-07-10 01:00:00,1,1,0
2014-07-10 02:00:00,0,0,0
2014-07-10 03:00:00,0,0,0
2014-07-10 04:00:00,3,2,1
2014-07-10 05:00:00,9,4,5
2014-07-10 06:00:00,55,33,22
2014-07-10 07:00:00,110,69,41
2014-07-10 08:00:00,78,58,20
2014-07-10 09:00:00,64,47,17
2014-07-10 10:00:00,38,21,17
2014-07-10 11:00:00,48,32,16
2014-07-10 12:00:00,34,24,10
2014-07-10 13:00:00,33,24,9
2014-07-10 14:00:00,32,25,7
2014-07-10 15:00:00,37,27,10
2014-07-10 16:00:00,60,43,17
2014-07-10 17:00:00,138,69,69
2014-07-10 18:00:00,135,64,71
2014-07-10 19:00:00,101,70,31
2014-07-10 20:00:00,52,33,19
2014-07-10 21:00:00,13,8,5
2014-07-10 22:00:00,4,3,1
2014-07-10 23:00:00,3,3,0
2014-07-11 00:00:00,0,0,0
2014-07-11 01:00:00,0,0,0
2014-07-11 02:00:00,0,0,0
2014-07-11 03:00:00,0,0,0
2014-07-11 04:00:00,2,2,0
2014-07-11 05:00:00,8,5,3
2014-07-11 06:00:00,51,31,20
2014-07-11 07:00:00,90,65,25
2014-07-11 08:00:00,75,52,23
2014-07-11 09:00:00,47,31,16
2014-07-11 10:00:00,50,34,16
2014-07-11 11:00:00,42,34,8
2014-07-11 12:00:00,35,21,14
2014-07-11 13:00:00,30,20,10
2014-07-11 14:00:00,36,21,15
2014-07-11 15:00:00,44,27,17
2014-07-11 16:00:00,82,48,34
2014-07-11 17:00:00,124,80,44
2014-07-11 18:00:00,105,68,37
2014-07-11 19:00:00,60,34,26
2014-07-11 20:00:00,37,26,11
2014-07-11 21:00:00,12,8,4
2014-07-11 22:00:00,4,3,1
2014-07-11 23:00:00,4,1,3
2014-07-12 00:00:00,2,1,1
2014-07-12 01:00:00,2,2,0
2014-07-12 02:00:00,0,0,0
2014-07-12 03:00:00,2,2,0
2014-07-12 04:00:00,5,5,0
2014-07-12 05:00:00,32,30,2
2014-07-12 06:00:00,37,26,11
2014-07-12 07:00:00,74,48,26
2014-07-12 08:00:00,97,53,44
2014-07-12 09:00:00,120,74,46
2014-07-12 10:00:00,200,116,84
2014-07-12 11:00:00,183,136,47
2014-07-12 12:00:00,125,83,42
2014-07-12 13:00:00,119,93,26
2014-07-12 14:00:00,77,44,33
2014-07-12 15:00:00,62,40,22
2014-07-12 16:00:00,63,43,20
2014-07-12 17:00:00,36,29,7
2014-07-12 18:00:00,33,20,13
2014-07-12 19:00:00,32,15,17
2014-07-12 20:00:00,16,13,3
2014-07-12 21:00:00,8,0,8
2014-07-12 22:00:00,5,4,1
2014-07-12 23:00:00,3,3,0
2014-07-13 00:00:00,0,0,0
2014-07-13 01:00:00,1,0,1
2014-07-13 02:00:00,1,0,1
2014-07-13 03:00:00,2,2,0
2014-07-13 04:00:00,1,0,1
2014-07-13 05:00:00,3,0,3
2014-07-13 06:00:00,10,3,7
2014-07-13 07:00:00,46,24,22
2014-07-13 08:00:00,109,55,54
2014-07-13 09:00:00,164,110,54
2014-07-13 10:00:00,161,96,65
2014-07-13 11:00:00,172,122,50
2014-07-13 12:00:00,106,69,37
2014-07-13 13:00:00,119,74,45
2014-07-13 14:00:00,79,54,25
2014-07-13 15:00:00,69,44,25
2014-07-13 16:00:00,74,43,31
2014-07-13 17:00:00,45,30,15
2014-07-13 18:00:00,45,21,24
2014-07-13 19:00:00,30,17,13
2014-07-13 20:00:00,16,9,7
2014-07-13 21:00:00,5,2,3
2014-07-13 22:00:00,9,5,4
2014-07-13 23:00:00,2,1,1
2014-07-14 00:00:00,1,1,0
2014-07-14 01:00:00,0,0,0
2014-07-14 02:00:00,1,1,0
2014-07-14 03:00:00,1,0,1
2014-07-14 04:00:00,2,2,0
2014-07-14 05:00:00,12,6,6
2014-07-14 06:00:00,48,29,19
2014-07-14 07:00:00,89,62,27
2014-07-14 08:00:00,83,61,22
2014-07-14 09:00:00,62,43,19
2014-07-14 10:00:00,30,19,11
2014-07-14 11:00:00,37,21,16
2014-07-14 12:00:00,36,22,14
2014-07-14 13:00:00,26,17,9
2014-07-14 14:00:00,23,10,13
2014-07-14 15:00:00,36,27,9
2014-07-14 16:00:00,65,33,32
2014-07-14 17:00:00,124,76,48
2014-07-14 18:00:00,125,64,61
2014-07-14 19:00:00,86,56,30
2014-07-14 20:00:00,52,32,20
2014-07-14 21:00:00,18,13,5
2014-07-14 22:00:00,1,1,0
2014-07-14 23:00:00,2,1,1
2014-07-15 00:00:00,1,0,1
2014-07-15 01:00:00,1,1,0
2014-07-15 02:00:00,0,0,0
2014-07-15 03:00:00,1,0,1
2014-07-15 04:00:00,3,2,1
2014-07-15 05:00:00,10,5,5
2014-07-15 06:00:00,60,33,27
2014-07-15 07:00:00,107,62,45
2014-07-15 08:00:00,95,69,26
2014-07-15 09:00:00,68,47,21
2014-07-15 10:00:00,40,29,11
2014-07-15 11:00:00,59,31,28
2014-07-15 12:00:00,52,38,14
2014-07-15 13:00:00,28,16,12
2014-07-15 14:00:00,39,27,12
2014-07-15 15:00:00,36,27,9
2014-07-15 16:00:00,85,50,35
2014-07-15 17:00:00,154,78,76
2014-07-15 18:00:00,134,83,51
2014-07-15 19:00:00,130,80,50
2014-07-15 20:00:00,66,48,18
2014-07-15 21:00:00,13,5,8
2014-07-15 22:00:00,5,3,2
2014-07-15 23:00:00,3,1,2
2014-07-16 00:00:00,2,1,1
2014-07-16 01:00:00,0,0,0
2014-07-16 02:00:00,0,0,0
2014-07-16 03:00:00,1,0,1
2014-07-16 04:00:00,4,4,0
2014-07-16 05:00:00,12,7,5
2014-07-16 06:00:00,54,31,23
2014-07-16 07:00:00,116,74,42
2014-07-16 08:00:00,89,74,15
2014-07-16 09:00:00,54,36,18
2014-07-16 10:00:00,41,24,17
2014-07-16 11:00:00,43,32,11
2014-07-16 12:00:00,28,18,10
2014-07-16 13:00:00,54,34,20
2014-07-16 14:00:00,25,15,10
2014-07-16 15:00:00,38,26,12
2014-07-16 16:00:00,59,28,31
2014-07-16 17:00:00,128,71,57
2014-07-16 18:00:00,155,76,79
2014-07-16 19:00:00,102,67,35
2014-07-16 20:00:00,73,52,21
2014-07-16 21:00:00,14,11,3
2014-07-16 22:00:00,7,2,5
2014-07-16 23:00:00,2,2,0
2014-07-17 00:00:00,4,3,1
2014-07-17 01:00:00,0,0,0
2014-07-17 02:00:00,0,0,0
2014-07-17 03:00:00,1,1,0
2014-07-17 04:00:00,4,2,2
2014-07-17 05:00:00,9,7,2
2014-07-17 06:00:00,57,24,33
2014-07-17 07:00:00,98,58,40
2014-07-17 08:00:00,85,39,46
2014-07-17 09:00:00,48,20,28
2014-07-17 10:00:00,25,9,16
2014-07-17 11:00:00,22,10,12
2014-07-17 12:00:00,25,13,12
2014-07-17 13:00:00,39,27,12
2014-07-17 14:00:00,32,21,11
2014-07-17 15:00:00,49,28,21
2014-07-17 16:00:00,73,52,21
2014-07-17 17:00:00,153,102,51
2014-07-17 18:00:00,160,105,55
2014-07-17 19:00:00,101,51,50
2014-07-17 20:00:00,67,48,19
2014-07-17 21:00:00,16,13,3
2014-07-17 22:00:00,3,2,1
2014-07-17 23:00:00,2,2,0
2014-07-18 00:00:00,0,0,0
2014-07-18 01:00:00,0,0,0
2014-07-18 02:00:00,1,1,0
2014-07-18 03:00:00,0,0,0
2014-07-18 04:00:00,1,1,0
2014-07-18 05:00:00,8,4,4
2014-07-18 06:00:00,59,35,24
2014-07-18 07:00:00,116,59,57
2014-07-18 08:00:00,82,42,40
2014-07-18 09:00:00,73,46,27
2014-07-18 10:00:00,38,19,19
2014-07-18 11:00:00,31,14,17
2014-07-18 12:00:00,44,22,22
2014-07-18 13:00:00,49,38,11
2014-07-18 14:00:00,52,29,23
2014-07-18 15:00:00,80,54,26
2014-07-18 16:00:00,93,71,22
2014-07-18 17:00:00,128,88,40
2014-07-18 18:00:00,89,65,24
2014-07-18 19:00:00,75,42,33
2014-07-18 20:00:00,46,29,17
2014-07-18 21:00:00,10,4,6
2014-07-18 22:00:00,8,3,5
2014-07-18 23:00:00,1,1,0
2014-07-19 00:00:00,3,0,3
2014-07-19 01:00:00,1,1,0
2014-07-19 02:00:00,0,0,0
2014-07-19 03:00:00,0,0,0
2014-07-19 04:00:00,0,0,0
2014-07-19 05:00:00,1,0,1
2014-07-19 06:00:00,17,4,13
2014-07-19 07:00:00,24,11,13
2014-07-19 08:00:00,78,33,45
2014-07-19 09:00:00,97,25,72
2014-07-19 10:00:00,146,62,84
2014-07-19 11:00:00,121,72,49
2014-07-19 12:00:00,112,65,47
2014-07-19 13:00:00,111,66,45
2014-07-19 14:00:00,116,66,50
2014-07-19 15:00:00,113,63,50
2014-07-19 16:00:00,69,42,27
2014-07-19 17:00:00,47,34,13
2014-07-19 18:00:00,57,35,22
2014-07-19 19:00:00,33,29,4
2014-07-19 20:00:00,22,14,8
2014-07-19 21:00:00,7,4,3
2014-07-19 22:00:00,7,4,3
2014-07-19 23:00:00,5,4,1
2014-07-20 00:00:00,0,0,0
2014-07-20 01:00:00,0,0,0
2014-07-20 02:00:00,1,0,1
2014-07-20 03:00:00,0,0,0
2014-07-20 04:00:00,1,1,0
2014-07-20 05:00:00,4,3,1
2014-07-20 06:00:00,11,3,8
2014-07-20 07:00:00,22,5,17
2014-07-20 08:00:00,43,14,29
2014-07-20 09:00:00,78,32,46
2014-07-20 10:00:00,78,25,53
2014-07-20 11:00:00,85,50,35
2014-07-20 12:00:00,115,69,46
2014-07-20 13:00:00,93,56,37
2014-07-20 14:00:00,98,55,43
2014-07-20 15:00:00,80,41,39
2014-07-20 16:00:00,68,47,21
2014-07-20 17:00:00,41,20,21
2014-07-20 18:00:00,32,18,14
2014-07-20 19:00:00,21,16,5
2014-07-20 20:00:00,7,6,1
2014-07-20 21:00:00,7,5,2
2014-07-20 22:00:00,4,2,2
2014-07-20 23:00:00,2,2,0
2014-07-21 00:00:00,0,0,0
2014-07-21 01:00:00,1,1,0
2014-07-21 02:00:00,1,0,1
2014-07-21 03:00:00,0,0,0
2014-07-21 04:00:00,2,2,0
2014-07-21 05:00:00,15,8,7
2014-07-21 06:00:00,66,43,23
2014-07-21 07:00:00,154,98,56
2014-07-21 08:00:00,154,97,57
2014-07-21 09:00:00,55,30,25
2014-07-21 10:00:00,33,17,16
2014-07-21 11:00:00,16,8,8
2014-07-21 12:00:00,49,30,19
2014-07-21 13:00:00,24,14,10
2014-07-21 14:00:00,55,27,28
2014-07-21 15:00:00,63,36,27
2014-07-21 16:00:00,100,71,29
2014-07-21 17:00:00,210,133,77
2014-07-21 18:00:00,197,127,70
2014-07-21 19:00:00,157,105,52
2014-07-21 20:00:00,63,46,17
2014-07-21 21:00:00,11,8,3
2014-07-21 22:00:00,8,7,1
2014-07-21 23:00:00,2,2,0
2014-07-22 00:00:00,0,0,0
2014-07-22 01:00:00,0,0,0
2014-07-22 02:00:00,1,1,0
2014-07-22 03:00:00,0,0,0
2014-07-22 04:00:00,3,2,1
2014-07-22 05:00:00,20,12,8
2014-07-22 06:00:00,81,44,37
2014-07-22 07:00:00,156,76,80
2014-07-22 08:00:00,134,64,70
2014-07-22 09:00:00,68,40,28
2014-07-22 10:00:00,41,20,21
2014-07-22 11:00:00,33,13,20
2014-07-22 12:00:00,41,23,18
2014-07-22 13:00:00,25,14,11
2014-07-22 14:00:00,33,20,13
2014-07-22 15:00:00,33,18,15
2014-07-22 16:00:00,94,37,57
2014-07-22 17:00:00,213,116,97
2014-07-22 18:00:00,209,112,97
2014-07-22 19:00:00,128,95,33
2014-07-22 20:00:00,44,34,10
2014-07-22 21:00:00,8,7,1
2014-07-22 22:00:00,8,6,2
2014-07-22 23:00:00,1,1,0
2014-07-23 00:00:00,5,4,1
2014-07-23 01:00:00,0,0,0
2014-07-23 02:00:00,0,0,0
2014-07-23 03:00:00,0,0,0
2014-07-23 04:00:00,3,2,1
2014-07-23 05:00:00,10,4,6
2014-07-23 06:00:00,28,19,9
2014-07-23 07:00:00,31,15,16
2014-07-23 08:00:00,33,12,21
2014-07-23 09:00:00,21,7,14
2014-07-23 10:00:00,7,4,3
2014-07-23 11:00:00,8,3,5
2014-07-23 12:00:00,3,1,2
2014-07-23 13:00:00,1,0,1
2014-07-23 14:00:00,3,2,1
2014-07-23 15:00:00,4,2,2
2014-07-26 23:00:00,4,3,1
2014-07-23 16:00:00,22,8,14
2014-07-23 17:00:00,36,18,18
2014-07-23 18:00:00,38,28,10
2014-07-23 19:00:00,30,21,9
2014-07-23 20:00:00,10,8,2
2014-07-23 21:00:00,5,2,3
2014-07-23 22:00:00,5,3,2
2014-07-23 23:00:00,0,0,0
2014-07-24 00:00:00,0,0,0
2014-07-24 01:00:00,0,0,0
2014-07-24 02:00:00,0,0,0
2014-07-24 03:00:00,0,0,0
2014-07-24 04:00:00,2,1,1
2014-07-24 05:00:00,14,6,8
2014-07-24 06:00:00,37,20,17
2014-07-24 07:00:00,59,36,23
2014-07-24 08:00:00,48,24,24
2014-07-24 09:00:00,40,15,25
2014-07-24 10:00:00,20,4,16
2014-07-24 11:00:00,17,4,13
2014-07-24 12:00:00,12,6,6
2014-07-24 13:00:00,16,8,8
2014-07-24 14:00:00,28,10,18
2014-07-24 15:00:00,20,14,6
2014-07-24 16:00:00,46,20,26
2014-07-24 17:00:00,97,46,51
2014-07-24 18:00:00,96,59,37
2014-07-24 19:00:00,67,41,26
2014-07-24 20:00:00,33,24,9
2014-07-24 21:00:00,9,5,4
2014-07-24 22:00:00,6,2,4
2014-07-24 23:00:00,3,1,2
2014-07-25 00:00:00,2,0,2
2014-07-25 01:00:00,0,0,0
2014-07-25 02:00:00,1,1,0
2014-07-25 03:00:00,1,0,1
2014-07-25 04:00:00,1,1,0
2014-07-25 05:00:00,11,9,2
2014-07-25 06:00:00,39,22,17
2014-07-25 07:00:00,82,58,24
2014-07-25 08:00:00,90,66,24
2014-07-25 09:00:00,59,40,19
2014-07-25 10:00:00,37,24,13
2014-07-25 11:00:00,35,20,15
2014-07-25 12:00:00,60,19,41
2014-07-25 13:00:00,41,22,19
2014-07-25 14:00:00,54,26,28
2014-07-25 15:00:00,60,38,22
2014-07-25 16:00:00,85,51,34
2014-07-25 17:00:00,147,87,60
2014-07-25 18:00:00,119,72,47
2014-07-25 19:00:00,65,31,34
2014-07-25 20:00:00,38,30,8
2014-07-25 21:00:00,7,1,6
2014-07-25 22:00:00,5,3,2
2014-07-25 23:00:00,3,2,1
2014-07-26 00:00:00,6,2,4
2014-07-26 01:00:00,2,2,0
2014-07-26 02:00:00,0,0,0
2014-07-26 03:00:00,0,0,0
2014-07-26 04:00:00,0,0,0
2014-07-26 05:00:00,1,0,1
2014-07-26 06:00:00,14,6,8
2014-07-26 07:00:00,35,13,22
2014-07-26 08:00:00,123,61,62
2014-07-26 09:00:00,127,75,52
2014-07-26 10:00:00,145,88,57
2014-07-26 11:00:00,174,113,61
2014-07-26 12:00:00,149,96,53
2014-07-26 13:00:00,133,85,48
2014-07-26 14:00:00,129,76,53
2014-07-26 15:00:00,134,91,43
2014-07-26 16:00:00,90,53,37
2014-07-26 17:00:00,74,54,20
2014-07-26 18:00:00,61,34,27
2014-07-26 19:00:00,42,28,14
2014-07-26 20:00:00,30,18,12
2014-07-26 21:00:00,14,9,5
2014-07-26 22:00:00,8,6,2
2014-07-27 00:00:00,1,1,0
2014-07-27 01:00:00,1,0,1
2014-07-27 02:00:00,2,1,1
2014-07-27 03:00:00,2,2,0
2014-07-27 04:00:00,0,0,0
2014-07-27 05:00:00,2,2,0
2014-07-27 06:00:00,10,2,8
2014-07-27 07:00:00,25,10,15
2014-07-27 08:00:00,93,50,43
2014-07-27 09:00:00,152,104,48
2014-07-27 10:00:00,159,103,56
2014-07-27 11:00:00,192,130,62
2014-07-27 12:00:00,180,117,63
2014-07-27 13:00:00,128,86,42
2014-07-27 14:00:00,143,99,44
2014-07-27 15:00:00,136,99,37
2014-07-27 16:00:00,119,85,34
2014-07-27 17:00:00,84,50,34
2014-07-27 18:00:00,49,31,18
2014-07-27 19:00:00,38,26,12
2014-07-27 20:00:00,11,4,7
2014-07-27 21:00:00,9,7,2
2014-07-27 22:00:00,4,4,0
2014-07-27 23:00:00,1,0,1
2014-07-28 00:00:00,0,0,0
2014-07-28 01:00:00,1,0,1
2014-07-28 02:00:00,1,0,1
2014-07-28 03:00:00,1,1,0
2014-07-28 04:00:00,1,1,0
2014-07-28 05:00:00,9,4,5
2014-07-28 06:00:00,46,30,16
2014-07-28 07:00:00,107,69,38
2014-07-28 08:00:00,75,60,15
2014-07-28 09:00:00,45,35,10
2014-07-28 10:00:00,52,37,15
2014-07-28 11:00:00,31,14,17
2014-07-28 12:00:00,34,21,13
2014-07-28 13:00:00,36,21,15
2014-07-28 14:00:00,31,25,6
2014-07-28 15:00:00,36,24,12
2014-07-28 16:00:00,85,53,32
2014-07-28 17:00:00,141,87,54
2014-07-28 18:00:00,148,80,68
2014-07-28 19:00:00,97,66,31
2014-07-28 20:00:00,61,34,27
2014-07-28 21:00:00,14,9,5
2014-07-28 22:00:00,4,2,2
2014-07-28 23:00:00,1,1,0
2014-07-29 00:00:00,3,3,0
2014-07-29 01:00:00,0,0,0
2014-07-29 02:00:00,0,0,0
2014-07-29 03:00:00,1,1,0
2014-07-29 04:00:00,1,1,0
2014-07-29 05:00:00,12,5,7
2014-07-29 06:00:00,69,44,25
2014-07-29 07:00:00,117,75,42
2014-07-29 08:00:00,118,91,27
2014-07-29 09:00:00,71,52,19
2014-07-29 10:00:00,61,39,22
2014-07-29 11:00:00,47,29,18
2014-07-29 12:00:00,50,28,22
2014-07-29 13:00:00,39,32,7
2014-07-29 14:00:00,32,23,9
2014-07-29 15:00:00,53,36,17
2014-07-29 16:00:00,63,52,11
2014-07-29 17:00:00,176,108,68
2014-07-29 18:00:00,197,99,98
2014-07-29 19:00:00,152,93,59
2014-07-29 20:00:00,65,47,18
2014-07-29 21:00:00,9,4,5
2014-07-29 22:00:00,2,1,1
2014-07-29 23:00:00,1,1,0
2014-07-30 00:00:00,0,0,0
2014-07-30 01:00:00,0,0,0
2014-07-30 02:00:00,0,0,0
2014-07-30 03:00:00,0,0,0
2014-07-30 04:00:00,1,1,0
2014-07-30 05:00:00,12,3,9
2014-07-30 06:00:00,52,32,20
2014-07-30 07:00:00,121,72,49
2014-07-30 08:00:00,92,68,24
2014-07-30 09:00:00,72,55,17
2014-07-30 10:00:00,54,36,18
2014-07-30 11:00:00,31,13,18
2014-07-30 12:00:00,45,25,20
2014-07-30 13:00:00,39,33,6
2014-07-30 14:00:00,59,34,25
2014-07-30 15:00:00,41,27,14
2014-07-30 16:00:00,67,44,23
2014-07-30 17:00:00,161,85,76
2014-07-30 18:00:00,180,91,89
2014-07-30 19:00:00,111,72,39
2014-07-30 20:00:00,60,43,17
2014-07-30 21:00:00,4,0,4
2014-07-30 22:00:00,7,6,1
2014-07-30 23:00:00,3,1,2
2014-07-31 00:00:00,0,0,0
2014-07-31 01:00:00,0,0,0
2014-07-31 02:00:00,0,0,0
2014-07-31 03:00:00,0,0,0
2014-07-31 04:00:00,1,1,0
2014-07-31 05:00:00,12,6,6
2014-07-31 06:00:00,41,23,18
2014-07-31 07:00:00,114,65,49
2014-07-31 08:00:00,97,65,32
2014-07-31 09:00:00,77,55,22
2014-07-31 10:00:00,48,21,27
2014-07-31 11:00:00,42,31,11
2014-07-31 12:00:00,48,24,24
2014-07-31 13:00:00,66,29,37
2014-07-31 14:00:00,61,46,15
2014-07-31 15:00:00,44,33,11
2014-07-31 16:00:00,48,34,14
2014-07-31 17:00:00,141,97,44
2014-07-31 18:00:00,144,85,59
2014-07-31 19:00:00,103,58,45
2014-07-31 20:00:00,43,30,13
2014-07-31 21:00:00,18,10,8
2014-07-31 22:00:00,8,8,0
2014-07-31 23:00:00,1,0,1
2014-08-01 00:00:00,0,0,0
2014-08-01 01:00:00,1,0,1
2014-08-01 02:00:00,0,0,0
2014-08-01 03:00:00,0,0,0
2014-08-01 04:00:00,1,1,0
2014-08-01 05:00:00,6,2,4
2014-08-01 06:00:00,42,18,24
2014-08-01 07:00:00,110,66,44
2014-08-01 08:00:00,97,70,27
2014-08-01 09:00:00,64,32,32
2014-08-01 10:00:00,51,23,28
2014-08-01 11:00:00,100,57,43
2014-08-01 12:00:00,56,11,45
2014-08-01 13:00:00,47,24,23
2014-08-01 14:00:00,92,68,24
2014-08-01 15:00:00,60,25,35
2014-08-01 16:00:00,74,53,21
2014-08-01 17:00:00,115,77,38
2014-08-01 18:00:00,87,51,36
2014-08-01 19:00:00,45,23,22
2014-08-01 20:00:00,31,23,8
2014-08-01 21:00:00,8,6,2
2014-08-01 22:00:00,2,1,1
2014-08-01 23:00:00,1,1,0
2014-08-02 00:00:00,1,1,0
2014-08-02 01:00:00,1,0,1
2014-08-02 02:00:00,1,0,1
2014-08-02 03:00:00,0,0,0
2014-08-02 04:00:00,0,0,0
2014-08-02 05:00:00,3,1,2
2014-08-02 06:00:00,14,5,9
2014-08-02 07:00:00,46,17,29
2014-08-02 08:00:00,63,31,32
2014-08-02 09:00:00,110,51,59
2014-08-02 10:00:00,117,54,63
2014-08-02 11:00:00,162,67,95
2014-08-02 12:00:00,174,69,105
2014-08-02 13:00:00,95,35,60
2014-08-02 14:00:00,114,77,37
2014-08-02 15:00:00,138,81,57
2014-08-02 16:00:00,81,43,38
2014-08-02 17:00:00,54,32,22
2014-08-02 18:00:00,56,35,21
2014-08-02 19:00:00,19,10,9
2014-08-02 20:00:00,14,8,6
2014-08-02 21:00:00,3,2,1
2014-08-02 22:00:00,7,5,2
2014-08-02 23:00:00,2,2,0
2014-08-03 00:00:00,4,3,1
2014-08-03 01:00:00,0,0,0
2014-08-03 02:00:00,0,0,0
2014-08-03 03:00:00,0,0,0
2014-08-03 04:00:00,0,0,0
2014-08-03 05:00:00,1,0,1
2014-08-03 06:00:00,7,2,5
2014-08-03 07:00:00,31,7,24
2014-08-03 08:00:00,91,32,59
2014-08-03 09:00:00,138,92,46
2014-08-03 10:00:00,126,75,51
2014-08-03 11:00:00,187,101,86
2014-08-03 12:00:00,94,39,55
2014-08-03 13:00:00,59,29,30
2014-08-03 14:00:00,124,70,54
2014-08-03 15:00:00,128,64,64
2014-08-03 16:00:00,95,62,33
2014-08-03 17:00:00,86,39,47
2014-08-03 18:00:00,52,22,30
2014-08-03 19:00:00,42,21,21
2014-08-03 20:00:00,22,18,4
2014-08-03 21:00:00,8,4,4
2014-08-03 22:00:00,7,3,4
2014-08-03 23:00:00,0,0,0
2014-08-04 00:00:00,0,0,0
2014-08-04 01:00:00,0,0,0
2014-08-04 02:00:00,0,0,0
2014-08-04 03:00:00,0,0,0
2014-08-04 04:00:00,1,1,0
2014-08-04 05:00:00,8,4,4
2014-08-04 06:00:00,45,25,20
2014-08-04 07:00:00,85,56,29
2014-08-04 08:00:00,95,65,30
2014-08-04 09:00:00,59,42,17
2014-08-04 10:00:00,37,28,9
2014-08-04 11:00:00,34,21,13
2014-08-04 12:00:00,30,19,11
2014-08-04 13:00:00,28,20,8
2014-08-04 14:00:00,24,20,4
2014-08-04 15:00:00,23,15,8
2014-08-04 16:00:00,59,28,31
2014-08-04 17:00:00,122,84,38
2014-08-04 18:00:00,139,81,58
2014-08-04 19:00:00,88,62,26
2014-08-04 20:00:00,55,36,19
2014-08-04 21:00:00,12,7,5
2014-08-04 22:00:00,8,4,4
2014-08-04 23:00:00,0,0,0
2014-08-05 00:00:00,2,1,1
2014-08-05 01:00:00,0,0,0
2014-08-05 02:00:00,0,0,0
2014-08-05 03:00:00,0,0,0
2014-08-05 04:00:00,1,1,0
2014-08-05 05:00:00,7,3,4
2014-08-05 06:00:00,65,35,30
2014-08-05 07:00:00,117,63,54
2014-08-05 08:00:00,106,48,58
2014-08-05 09:00:00,60,32,28
2014-08-05 10:00:00,33,16,17
2014-08-05 11:00:00,27,9,18
2014-08-05 12:00:00,31,23,8
2014-08-05 13:00:00,30,14,16
2014-08-05 14:00:00,32,19,13
2014-08-05 15:00:00,47,27,20
2014-08-05 16:00:00,72,44,28
2014-08-05 17:00:00,161,83,78
2014-08-05 18:00:00,147,85,62
2014-08-05 19:00:00,152,80,72
2014-08-05 20:00:00,58,47,11
2014-08-05 21:00:00,7,5,2
2014-08-05 22:00:00,8,7,1
2014-08-05 23:00:00,3,2,1
2014-08-06 00:00:00,1,1,0
2014-08-06 01:00:00,0,0,0
2014-08-06 02:00:00,0,0,0
2014-08-06 03:00:00,0,0,0
2014-08-06 04:00:00,2,1,1
2014-08-06 05:00:00,12,3,9
2014-08-06 06:00:00,46,27,19
2014-08-06 07:00:00,102,59,43
2014-08-06 08:00:00,92,44,48
2014-08-06 09:00:00,59,39,20
2014-08-06 10:00:00,38,23,15
2014-08-06 11:00:00,29,16,13
2014-08-06 12:00:00,36,20,16
2014-08-06 13:00:00,44,29,15
2014-08-06 14:00:00,43,21,22
2014-08-06 15:00:00,43,29,14
2014-08-06 16:00:00,83,60,23
2014-08-06 17:00:00,130,89,41
2014-08-06 18:00:00,146,84,62
2014-08-06 19:00:00,115,72,43
2014-08-06 20:00:00,56,40,16
2014-08-06 21:00:00,14,7,7
2014-08-06 22:00:00,2,1,1
2014-08-06 23:00:00,1,0,1
2014-08-07 00:00:00,1,0,1
2014-08-07 01:00:00,0,0,0
2014-08-07 02:00:00,1,0,1
2014-08-07 03:00:00,0,0,0
2014-08-07 04:00:00,3,2,1
2014-08-07 05:00:00,10,7,3
2014-08-07 06:00:00,48,28,20
2014-08-07 07:00:00,93,50,43
2014-08-07 08:00:00,88,54,34
2014-08-07 09:00:00,38,23,15
2014-08-07 10:00:00,44,23,21
2014-08-07 11:00:00,39,26,13
2014-08-07 12:00:00,43,28,15
2014-08-07 13:00:00,34,20,14
2014-08-07 14:00:00,22,13,9
2014-08-07 15:00:00,41,28,13
2014-08-07 16:00:00,72,49,23
2014-08-07 17:00:00,156,95,61
2014-08-07 18:00:00,161,97,64
2014-08-07 19:00:00,87,52,35
2014-08-07 20:00:00,44,30,14
2014-08-07 21:00:00,8,5,3
2014-08-07 22:00:00,5,4,1
2014-08-07 23:00:00,1,0,1
2014-08-08 00:00:00,0,0,0
2014-08-08 01:00:00,3,2,1
2014-08-08 02:00:00,0,0,0
2014-08-08 03:00:00,0,0,0
2014-08-08 04:00:00,4,3,1
2014-08-08 05:00:00,6,2,4
2014-08-08 06:00:00,45,27,18
2014-08-08 07:00:00,70,48,22
2014-08-08 08:00:00,75,38,37
2014-08-08 09:00:00,53,38,15
2014-08-08 10:00:00,45,29,16
2014-08-08 11:00:00,31,20,11
2014-08-08 12:00:00,34,21,13
2014-08-08 13:00:00,52,33,19
2014-08-08 14:00:00,47,25,22
2014-08-08 15:00:00,57,37,20
2014-08-08 16:00:00,59,36,23
2014-08-08 17:00:00,113,70,43
2014-08-08 18:00:00,93,53,40
2014-08-08 19:00:00,57,44,13
2014-08-08 20:00:00,39,27,12
2014-08-08 21:00:00,12,9,3
2014-08-08 22:00:00,6,2,4
2014-08-08 23:00:00,0,0,0
2014-08-09 00:00:00,1,1,0
2014-08-09 01:00:00,0,0,0
2014-08-09 02:00:00,0,0,0
2014-08-09 03:00:00,0,0,0
2014-08-09 04:00:00,0,0,0
2014-08-09 05:00:00,1,1,0
2014-08-09 06:00:00,18,10,8
2014-08-09 07:00:00,52,29,23
2014-08-09 08:00:00,107,66,41
2014-08-09 09:00:00,139,65,74
2014-08-09 10:00:00,158,96,62
2014-08-09 11:00:00,143,72,71
2014-08-09 12:00:00,141,105,36
2014-08-09 13:00:00,117,76,41
2014-08-09 14:00:00,104,68,36
2014-08-09 15:00:00,88,62,26
2014-08-09 16:00:00,101,55,46
2014-08-09 17:00:00,60,36,24
2014-08-09 18:00:00,37,25,12
2014-08-09 19:00:00,36,22,14
2014-08-09 20:00:00,20,18,2
2014-08-09 21:00:00,3,2,1
2014-08-09 22:00:00,3,0,3
2014-08-09 23:00:00,4,1,3
2014-08-10 00:00:00,0,0,0
2014-08-10 01:00:00,0,0,0
2014-08-10 02:00:00,0,0,0
2014-08-10 03:00:00,0,0,0
2014-08-10 04:00:00,0,0,0
2014-08-10 05:00:00,0,0,0
2014-08-10 06:00:00,6,2,4
2014-08-10 07:00:00,32,7,25
2014-08-10 08:00:00,67,36,31
2014-08-10 09:00:00,126,78,48
2014-08-10 10:00:00,152,97,55
2014-08-10 11:00:00,198,131,67
2014-08-10 12:00:00,332,279,53
2014-08-10 13:00:00,215,175,40
2014-08-10 14:00:00,109,79,30
2014-08-10 15:00:00,116,84,32
2014-08-10 16:00:00,90,67,23
2014-08-10 17:00:00,75,46,29
2014-08-10 18:00:00,46,26,20
2014-08-10 19:00:00,41,27,14
2014-08-10 20:00:00,20,12,8
2014-08-10 21:00:00,4,3,1
2014-08-10 22:00:00,2,2,0
2014-08-10 23:00:00,2,1,1
2014-08-11 00:00:00,0,0,0
2014-08-11 01:00:00,0,0,0
2014-08-11 02:00:00,0,0,0
2014-08-11 03:00:00,0,0,0
2014-08-11 04:00:00,1,1,0
2014-08-11 05:00:00,6,2,4
2014-08-11 06:00:00,32,17,15
2014-08-11 07:00:00,97,58,39
2014-08-11 08:00:00,88,61,27
2014-08-11 09:00:00,47,33,14
2014-08-11 10:00:00,33,23,10
2014-08-11 11:00:00,31,20,11
2014-08-11 12:00:00,40,24,16
2014-08-11 13:00:00,27,20,7
2014-08-11 14:00:00,20,12,8
2014-08-11 15:00:00,34,17,17
2014-08-11 16:00:00,52,27,25
2014-08-11 17:00:00,112,57,55
2014-08-11 18:00:00,131,75,56
2014-08-11 19:00:00,91,66,25
2014-08-11 20:00:00,36,27,9
2014-08-11 21:00:00,5,3,2
2014-08-11 22:00:00,2,2,0
2014-08-11 23:00:00,1,0,1
2014-08-12 00:00:00,0,0,0
2014-08-12 01:00:00,0,0,0
2014-08-12 02:00:00,0,0,0
2014-08-12 03:00:00,0,0,0
2014-08-12 04:00:00,2,2,0
2014-08-12 05:00:00,6,4,2
2014-08-12 06:00:00,45,26,19
2014-08-12 07:00:00,71,39,32
2014-08-12 08:00:00,73,43,30
2014-08-12 09:00:00,26,10,16
2014-08-12 10:00:00,12,7,5
2014-08-12 11:00:00,23,3,20
2014-08-12 12:00:00,14,7,7
2014-08-12 13:00:00,13,3,10
2014-08-12 14:00:00,16,10,6
2014-08-12 15:00:00,29,16,13
2014-08-12 16:00:00,64,30,34
2014-08-12 17:00:00,109,59,50
2014-08-12 18:00:00,121,61,60
2014-08-12 19:00:00,66,53,13
2014-08-12 20:00:00,21,9,12
2014-08-12 21:00:00,2,2,0
2014-08-12 22:00:00,2,1,1
2014-08-12 23:00:00,0,0,0
2014-08-13 00:00:00,0,0,0
2014-08-13 01:00:00,0,0,0
2014-08-13 02:00:00,1,1,0
2014-08-13 03:00:00,0,0,0
2014-08-13 04:00:00,1,0,1
2014-08-13 05:00:00,3,0,3
2014-08-13 06:00:00,10,4,6
2014-08-13 07:00:00,40,28,12
2014-08-13 08:00:00,41,15,26
2014-08-13 09:00:00,34,13,21
2014-08-13 10:00:00,21,11,10
2014-08-13 11:00:00,19,10,9
2014-08-13 12:00:00,19,8,11
2014-08-13 13:00:00,28,11,17
2014-08-13 14:00:00,23,14,9
2014-08-13 15:00:00,20,9,11
2014-08-13 16:00:00,39,26,13
2014-08-13 17:00:00,80,37,43
2014-08-13 18:00:00,104,59,45
2014-08-13 19:00:00,69,41,28
2014-08-13 20:00:00,28,25,3
2014-08-13 21:00:00,2,0,2
2014-08-13 22:00:00,1,1,0
2014-08-13 23:00:00,2,1,1
2014-08-14 00:00:00,2,0,2
2014-08-14 01:00:00,0,0,0
2014-08-14 02:00:00,0,0,0
2014-08-14 03:00:00,0,0,0
2014-08-14 04:00:00,2,2,0
2014-08-14 05:00:00,9,4,5
2014-08-14 06:00:00,32,16,16
2014-08-14 07:00:00,86,58,28
2014-08-14 08:00:00,65,38,27
2014-08-14 09:00:00,40,17,23
2014-08-14 10:00:00,30,12,18
2014-08-14 11:00:00,18,12,6
2014-08-14 12:00:00,25,14,11
2014-08-14 13:00:00,26,12,14
2014-08-14 14:00:00,31,16,15
2014-08-14 15:00:00,33,18,15
2014-08-14 16:00:00,42,21,21
2014-08-14 17:00:00,102,54,48
2014-08-14 18:00:00,112,63,49
2014-08-14 19:00:00,63,36,27
2014-08-14 20:00:00,23,10,13
2014-08-14 21:00:00,6,3,3
2014-08-14 22:00:00,2,1,1
2014-08-14 23:00:00,2,2,0
2014-08-15 00:00:00,1,1,0
2014-08-15 01:00:00,2,0,2
2014-08-15 02:00:00,0,0,0
2014-08-15 03:00:00,0,0,0
2014-08-15 04:00:00,1,1,0
2014-08-15 05:00:00,6,4,2
2014-08-15 06:00:00,31,20,11
2014-08-15 07:00:00,58,35,23
2014-08-15 08:00:00,58,27,31
2014-08-15 09:00:00,28,8,20
2014-08-15 10:00:00,14,4,10
2014-08-15 11:00:00,15,5,10
2014-08-15 12:00:00,24,9,15
2014-08-15 13:00:00,16,8,8
2014-08-15 14:00:00,36,18,18
2014-08-15 15:00:00,37,21,16
2014-08-15 16:00:00,62,40,22
2014-08-15 17:00:00,91,55,36
2014-08-15 18:00:00,55,32,23
2014-08-15 19:00:00,48,29,19
2014-08-15 20:00:00,17,12,5
2014-08-15 21:00:00,2,2,0
2014-08-15 22:00:00,0,0,0
2014-08-15 23:00:00,1,0,1
2014-08-16 00:00:00,2,0,2
2014-08-16 01:00:00,0,0,0
2014-08-16 02:00:00,0,0,0
2014-08-16 03:00:00,1,1,0
2014-08-16 04:00:00,0,0,0
2014-08-16 05:00:00,0,0,0
2014-08-16 06:00:00,2,0,2
2014-08-16 07:00:00,27,11,16
2014-08-16 08:00:00,53,28,25
2014-08-16 09:00:00,112,44,68
2014-08-16 10:00:00,126,76,50
2014-08-16 11:00:00,189,122,67
2014-08-16 12:00:00,121,66,55
2014-08-16 13:00:00,114,75,39
2014-08-16 14:00:00,103,56,47
2014-08-16 15:00:00,70,41,29
2014-08-16 16:00:00,87,51,36
2014-08-16 17:00:00,70,44,26
2014-08-16 18:00:00,53,26,27
2014-08-16 19:00:00,26,13,13
2014-08-16 20:00:00,16,15,1
2014-08-16 21:00:00,0,0,0
2014-08-16 22:00:00,1,0,1
2014-08-16 23:00:00,3,2,1
2014-08-17 00:00:00,2,0,2
2014-08-17 01:00:00,0,0,0
2014-08-17 02:00:00,0,0,0
2014-08-17 03:00:00,0,0,0
2014-08-17 04:00:00,0,0,0
2014-08-17 05:00:00,3,1,2
2014-08-17 06:00:00,6,3,3
2014-08-17 07:00:00,28,11,17
2014-08-17 08:00:00,68,21,47
2014-08-17 09:00:00,119,74,45
2014-08-17 10:00:00,113,68,45
2014-08-17 11:00:00,147,82,65
2014-08-17 12:00:00,104,61,43
2014-08-17 13:00:00,115,69,46
2014-08-17 14:00:00,119,61,58
2014-08-17 15:00:00,88,45,43
2014-08-17 16:00:00,99,53,46
2014-08-17 17:00:00,76,45,31
2014-08-17 18:00:00,56,42,14
2014-08-17 19:00:00,19,10,9
2014-08-17 20:00:00,18,14,4
2014-08-17 21:00:00,5,5,0
2014-08-17 22:00:00,4,1,3
2014-08-17 23:00:00,3,3,0
2014-08-18 00:00:00,0,0,0
2014-08-18 01:00:00,1,1,0
2014-08-18 02:00:00,0,0,0
2014-08-18 03:00:00,0,0,0
2014-08-18 04:00:00,2,2,0
2014-08-18 05:00:00,7,3,4
2014-08-18 06:00:00,31,22,9
2014-08-18 07:00:00,73,39,34
2014-08-18 08:00:00,88,60,28
2014-08-18 09:00:00,56,37,19
2014-08-18 10:00:00,22,14,8
2014-08-18 11:00:00,34,24,10
2014-08-18 12:00:00,27,13,14
2014-08-18 13:00:00,28,16,12
2014-08-18 14:00:00,29,19,10
2014-08-18 15:00:00,33,21,12
2014-08-18 16:00:00,78,32,46
2014-08-18 17:00:00,131,87,44
2014-08-18 18:00:00,128,72,56
2014-08-18 19:00:00,72,44,28
2014-08-18 20:00:00,33,21,12
2014-08-18 21:00:00,7,5,2
2014-08-18 22:00:00,2,2,0
2014-08-18 23:00:00,1,1,0
2014-08-19 00:00:00,0,0,0
2014-08-19 01:00:00,1,1,0
2014-08-19 02:00:00,0,0,0
2014-08-19 03:00:00,0,0,0
2014-08-19 04:00:00,1,1,0
2014-08-19 05:00:00,8,6,2
2014-08-19 06:00:00,49,27,22
2014-08-19 07:00:00,109,58,51
2014-08-19 08:00:00,96,65,31
2014-08-19 09:00:00,49,41,8
2014-08-19 10:00:00,33,21,12
2014-08-19 11:00:00,38,24,14
2014-08-19 12:00:00,35,21,14
2014-08-19 13:00:00,35,24,11
2014-08-19 14:00:00,28,18,10
2014-08-19 15:00:00,35,21,14
2014-08-19 16:00:00,68,40,28
2014-08-19 17:00:00,149,91,58
2014-08-19 18:00:00,162,96,66
2014-08-19 19:00:00,97,69,28
2014-08-19 20:00:00,54,37,17
2014-08-19 21:00:00,5,3,2
2014-08-19 22:00:00,9,6,3
2014-08-19 23:00:00,2,2,0
2014-08-20 00:00:00,1,0,1
2014-08-20 01:00:00,2,1,1
2014-08-20 02:00:00,0,0,0
2014-08-20 03:00:00,0,0,0
2014-08-20 04:00:00,2,2,0
2014-08-20 05:00:00,8,3,5
2014-08-20 06:00:00,34,20,14
2014-08-20 07:00:00,65,36,29
2014-08-20 08:00:00,81,45,36
2014-08-20 09:00:00,46,24,22
2014-08-20 10:00:00,42,18,24
2014-08-20 11:00:00,26,17,9
2014-08-20 12:00:00,15,7,8
2014-08-20 13:00:00,23,8,15
2014-08-20 14:00:00,34,19,15
2014-08-20 15:00:00,38,20,18
2014-08-20 16:00:00,62,31,31
2014-08-20 17:00:00,124,61,63
2014-08-20 18:00:00,125,75,50
2014-08-20 19:00:00,96,52,44
2014-08-20 20:00:00,43,32,11
2014-08-20 21:00:00,4,4,0
2014-08-20 22:00:00,3,1,2
2014-08-20 23:00:00,0,0,0
2014-08-21 00:00:00,1,1,0
2014-08-21 01:00:00,1,0,1
2014-08-21 02:00:00,0,0,0
2014-08-21 03:00:00,0,0,0
2014-08-21 04:00:00,2,2,0
2014-08-21 05:00:00,7,2,5
2014-08-21 06:00:00,44,27,17
2014-08-21 07:00:00,81,39,42
2014-08-21 08:00:00,71,38,33
2014-08-21 09:00:00,43,19,24
2014-08-21 10:00:00,32,16,16
2014-08-21 11:00:00,44,22,22
2014-08-21 12:00:00,28,22,6
2014-08-21 13:00:00,27,12,15
2014-08-21 14:00:00,23,13,10
2014-08-21 15:00:00,42,21,21
2014-08-21 16:00:00,73,32,41
2014-08-21 17:00:00,135,68,67
2014-08-21 18:00:00,140,89,51
2014-08-21 19:00:00,77,43,34
2014-08-21 20:00:00,39,26,13
2014-08-21 21:00:00,5,2,3
2014-08-21 22:00:00,4,1,3
2014-08-21 23:00:00,0,0,0
2014-08-22 00:00:00,0,0,0
2014-08-22 01:00:00,0,0,0
2014-08-22 02:00:00,0,0,0
2014-08-22 03:00:00,0,0,0
2014-08-22 04:00:00,2,2,0
2014-08-22 05:00:00,7,2,5
2014-08-22 06:00:00,31,20,11
2014-08-22 07:00:00,72,44,28
2014-08-22 08:00:00,64,35,29
2014-08-22 09:00:00,53,34,19
2014-08-22 10:00:00,21,8,13
2014-08-22 11:00:00,36,23,13
2014-08-22 12:00:00,32,19,13
2014-08-22 13:00:00,34,21,13
2014-08-22 14:00:00,41,25,16
2014-08-22 15:00:00,55,31,24
2014-08-22 16:00:00,90,51,39
2014-08-22 17:00:00,135,86,49
2014-08-22 18:00:00,87,55,32
2014-08-22 19:00:00,60,40,20
2014-08-22 20:00:00,18,15,3
2014-08-22 21:00:00,3,1,2
2014-08-22 22:00:00,1,0,1
2014-08-22 23:00:00,0,0,0
2014-08-23 00:00:00,0,0,0
2014-08-23 01:00:00,5,1,4
2014-08-23 02:00:00,5,5,0
2014-08-23 03:00:00,3,2,1
2014-08-23 04:00:00,0,0,0
2014-08-23 05:00:00,1,0,1
2014-08-23 06:00:00,6,5,1
2014-08-23 07:00:00,25,10,15
2014-08-23 08:00:00,70,35,35
2014-08-23 09:00:00,113,68,45
2014-08-23 10:00:00,132,72,60
2014-08-23 11:00:00,162,99,63
2014-08-23 12:00:00,151,101,50
2014-08-23 13:00:00,130,71,59
2014-08-23 14:00:00,95,55,40
2014-08-23 15:00:00,86,56,30
2014-08-23 16:00:00,66,36,30
2014-08-23 17:00:00,67,45,22
2014-08-23 18:00:00,54,32,22
2014-08-23 19:00:00,33,17,16
2014-08-23 20:00:00,16,12,4
2014-08-23 21:00:00,2,1,1
2014-08-23 22:00:00,0,0,0
2014-08-23 23:00:00,3,2,1
2014-08-24 00:00:00,1,1,0
2014-08-24 01:00:00,0,0,0
2014-08-24 02:00:00,0,0,0
2014-08-24 03:00:00,0,0,0
2014-08-24 04:00:00,0,0,0
2014-08-24 05:00:00,0,0,0
2014-08-24 06:00:00,2,2,0
2014-08-24 07:00:00,23,4,19
2014-08-24 08:00:00,55,20,35
2014-08-24 09:00:00,135,65,70
2014-08-24 10:00:00,134,58,76
2014-08-24 11:00:00,165,75,90
2014-08-24 12:00:00,181,110,71
2014-08-24 13:00:00,122,81,41
2014-08-24 14:00:00,156,89,67
2014-08-24 15:00:00,125,59,66
2014-08-24 16:00:00,75,42,33
2014-08-24 17:00:00,91,65,26
2014-08-24 18:00:00,53,39,14
2014-08-24 19:00:00,29,19,10
2014-08-24 20:00:00,21,15,6
2014-08-24 21:00:00,4,3,1
2014-08-24 22:00:00,0,0,0
2014-08-24 23:00:00,1,1,0
2014-08-25 00:00:00,1,1,0
2014-08-25 01:00:00,0,0,0
2014-08-25 02:00:00,0,0,0
2014-08-25 03:00:00,0,0,0
2014-08-25 04:00:00,3,3,0
2014-08-25 05:00:00,12,3,9
2014-08-25 06:00:00,41,28,13
2014-08-25 07:00:00,83,51,32
2014-08-25 08:00:00,86,52,34
2014-08-25 09:00:00,49,35,14
2014-08-25 10:00:00,22,16,6
2014-08-25 11:00:00,32,18,14
2014-08-25 12:00:00,28,15,13
2014-08-25 13:00:00,42,25,17
2014-08-25 14:00:00,24,14,10
2014-08-25 15:00:00,28,18,10
2014-08-25 16:00:00,50,28,22
2014-08-25 17:00:00,144,97,47
2014-08-25 18:00:00,130,88,42
2014-08-25 19:00:00,74,54,20
2014-08-25 20:00:00,32,18,14
2014-08-25 21:00:00,4,4,0
2014-08-25 22:00:00,5,2,3
2014-08-25 23:00:00,0,0,0
2014-08-26 00:00:00,1,0,1
2014-08-26 01:00:00,0,0,0
2014-08-26 02:00:00,1,1,0
2014-08-26 03:00:00,0,0,0
2014-08-26 04:00:00,3,2,1
2014-08-26 05:00:00,7,4,3
2014-08-26 06:00:00,46,31,15
2014-08-26 07:00:00,81,40,41
2014-08-26 08:00:00,98,59,39
2014-08-26 09:00:00,41,30,11
2014-08-26 10:00:00,27,18,9
2014-08-26 11:00:00,39,22,17
2014-08-26 12:00:00,34,23,11
2014-08-26 13:00:00,27,16,11
2014-08-26 14:00:00,46,30,16
2014-08-26 15:00:00,45,31,14
2014-08-26 16:00:00,62,37,25
2014-08-26 17:00:00,144,76,68
2014-08-26 18:00:00,146,84,62
2014-08-26 19:00:00,103,68,35
2014-08-26 20:00:00,34,23,11
2014-08-26 21:00:00,7,6,1
2014-08-26 22:00:00,8,5,3
2014-08-26 23:00:00,3,3,0
2014-08-27 00:00:00,0,0,0
2014-08-27 01:00:00,2,0,2
2014-08-27 02:00:00,0,0,0
2014-08-27 03:00:00,0,0,0
2014-08-27 04:00:00,4,4,0
2014-08-27 05:00:00,8,2,6
2014-08-27 06:00:00,39,25,14
2014-08-27 07:00:00,93,57,36
2014-08-27 08:00:00,89,69,20
2014-08-27 09:00:00,48,38,10
2014-08-27 10:00:00,44,29,15
2014-08-27 11:00:00,30,12,18
2014-08-27 12:00:00,37,20,17
2014-08-27 13:00:00,24,16,8
2014-08-27 14:00:00,41,23,18
2014-08-27 15:00:00,34,21,13
2014-08-27 16:00:00,78,37,41
2014-08-27 17:00:00,127,77,50
2014-08-27 18:00:00,143,86,57
2014-08-27 19:00:00,88,57,31
2014-08-27 20:00:00,39,29,10
2014-08-27 21:00:00,7,3,4
2014-08-27 22:00:00,6,2,4
2014-08-27 23:00:00,1,1,0
2014-08-28 00:00:00,0,0,0
2014-08-28 01:00:00,0,0,0
2014-08-28 02:00:00,0,0,0
2014-08-28 03:00:00,0,0,0
2014-08-28 04:00:00,1,1,0
2014-08-28 05:00:00,8,5,3
2014-08-28 06:00:00,37,24,13
2014-08-28 07:00:00,80,45,35
2014-08-28 08:00:00,84,38,46
2014-08-28 09:00:00,50,28,22
2014-08-28 10:00:00,24,15,9
2014-08-28 11:00:00,25,14,11
2014-08-28 12:00:00,21,13,8
2014-08-28 13:00:00,19,6,13
2014-08-28 14:00:00,24,9,15
2014-08-28 15:00:00,35,17,18
2014-08-28 16:00:00,71,39,32
2014-08-28 17:00:00,132,75,57
2014-08-28 18:00:00,124,75,49
2014-08-28 19:00:00,84,47,37
2014-08-28 20:00:00,28,13,15
2014-08-28 21:00:00,7,3,4
2014-08-28 22:00:00,4,4,0
2014-08-28 23:00:00,2,2,0
2014-08-29 00:00:00,0,0,0
2014-08-29 01:00:00,0,0,0
2014-08-29 02:00:00,0,0,0
2014-08-29 03:00:00,0,0,0
2014-08-29 04:00:00,2,2,0
2014-08-29 05:00:00,5,1,4
2014-08-29 06:00:00,25,17,8
2014-08-29 07:00:00,48,29,19
2014-08-29 08:00:00,53,29,24
2014-08-29 09:00:00,42,27,15
2014-08-29 10:00:00,20,7,13
2014-08-29 11:00:00,19,11,8
2014-08-29 12:00:00,21,11,10
2014-08-29 13:00:00,19,8,11
2014-08-29 14:00:00,22,9,13
2014-08-29 15:00:00,35,25,10
2014-08-29 16:00:00,51,21,30
2014-08-29 17:00:00,74,46,28
2014-08-29 18:00:00,73,42,31
2014-08-29 19:00:00,39,23,16
2014-08-29 20:00:00,14,9,5
2014-08-29 21:00:00,1,1,0
2014-08-29 22:00:00,1,1,0
2014-08-29 23:00:00,2,2,0
2014-08-30 00:00:00,0,0,0
2014-08-30 01:00:00,1,0,1
2014-08-30 02:00:00,0,0,0
2014-08-30 03:00:00,0,0,0
2014-08-30 04:00:00,0,0,0
2014-08-30 05:00:00,1,1,0
2014-08-30 06:00:00,3,0,3
2014-08-30 07:00:00,9,2,7
2014-08-30 08:00:00,25,10,15
2014-08-30 09:00:00,38,22,16
2014-08-30 10:00:00,25,11,14
2014-08-30 11:00:00,25,14,11
2014-08-30 12:00:00,20,11,9
2014-08-30 13:00:00,5,4,1
2014-08-30 14:00:00,10,4,6
2014-08-30 15:00:00,24,13,11
2014-08-30 16:00:00,14,9,5
2014-08-30 17:00:00,8,4,4
2014-08-30 18:00:00,14,8,6
2014-08-30 19:00:00,7,6,1
2014-08-30 20:00:00,1,1,0
2014-08-30 21:00:00,0,0,0
2014-08-30 22:00:00,2,1,1
2014-08-30 23:00:00,0,0,0
2014-08-31 00:00:00,0,0,0
2014-08-31 01:00:00,0,0,0
2014-08-31 02:00:00,2,2,0
2014-08-31 03:00:00,0,0,0
2014-08-31 04:00:00,2,2,0
2014-08-31 05:00:00,0,0,0
2014-08-31 06:00:00,3,3,0
2014-08-31 07:00:00,6,2,4
2014-08-31 08:00:00,30,7,23
2014-08-31 09:00:00,40,23,17
2014-08-31 10:00:00,76,42,34
2014-08-31 11:00:00,76,52,24
2014-08-31 12:00:00,94,40,54
2014-08-31 13:00:00,103,45,58
2014-08-31 14:00:00,89,53,36
2014-08-31 15:00:00,83,47,36
2014-08-31 16:00:00,70,33,37
2014-08-31 17:00:00,51,35,16
2014-08-31 18:00:00,33,18,15
2014-08-31 19:00:00,14,11,3
2014-08-31 20:00:00,4,2,2
2014-08-31 21:00:00,2,2,0
2014-08-31 22:00:00,7,4,3
2014-08-31 23:00:00,0,0,0
2014-09-01 00:00:00,1,1,0
2014-09-01 01:00:00,1,0,1
2014-09-01 02:00:00,1,1,0
2014-09-01 03:00:00,0,0,0
2014-09-01 04:00:00,0,0,0
2014-09-01 05:00:00,3,2,1
2014-09-01 06:00:00,3,0,3
2014-09-01 07:00:00,19,9,10
2014-09-01 08:00:00,41,8,33
2014-09-01 09:00:00,79,41,38
2014-09-01 10:00:00,99,46,53
2014-09-01 11:00:00,135,77,58
2014-09-01 12:00:00,157,75,82
2014-09-01 13:00:00,156,83,73
2014-09-01 14:00:00,131,71,60
2014-09-01 15:00:00,117,66,51
2014-09-01 16:00:00,116,62,54
2014-09-01 17:00:00,74,45,29
2014-09-01 18:00:00,57,37,20
2014-09-01 19:00:00,34,23,11
2014-09-01 20:00:00,6,3,3
2014-09-01 21:00:00,0,0,0
2014-09-01 22:00:00,1,0,1
2014-09-01 23:00:00,1,1,0
2014-09-02 00:00:00,0,0,0
2014-09-02 01:00:00,0,0,0
2014-09-02 02:00:00,0,0,0
2014-09-02 03:00:00,0,0,0
2014-09-02 04:00:00,5,5,0
2014-09-02 05:00:00,4,2,2
2014-09-02 06:00:00,21,16,5
2014-09-02 07:00:00,51,24,27
2014-09-02 08:00:00,58,34,24
2014-09-02 09:00:00,30,11,19
2014-09-02 10:00:00,34,15,19
2014-09-02 11:00:00,23,15,8
2014-09-02 12:00:00,18,9,9
2014-09-02 13:00:00,27,16,11
2014-09-02 14:00:00,16,7,9
2014-09-02 15:00:00,19,13,6
2014-09-02 16:00:00,38,24,14
2014-09-02 17:00:00,67,29,38
2014-09-02 18:00:00,83,48,35
2014-09-02 19:00:00,35,22,13
2014-09-02 20:00:00,7,4,3
2014-09-02 21:00:00,4,3,1
2014-09-02 22:00:00,1,1,0
2014-09-02 23:00:00,0,0,0
2014-09-03 00:00:00,0,0,0
2014-09-03 01:00:00,0,0,0
2014-09-03 02:00:00,0,0,0
2014-09-03 03:00:00,0,0,0
2014-09-03 04:00:00,2,2,0
2014-09-03 05:00:00,7,2,5
2014-09-03 06:00:00,19,8,11
2014-09-03 07:00:00,67,49,18
2014-09-03 08:00:00,65,32,33
2014-09-03 09:00:00,31,11,20
2014-09-03 10:00:00,23,5,18
2014-09-03 11:00:00,28,12,16
2014-09-03 12:00:00,26,13,13
2014-09-03 13:00:00,19,6,13
2014-09-03 14:00:00,23,15,8
2014-09-03 15:00:00,35,20,15
2014-09-03 16:00:00,57,31,26
2014-09-03 17:00:00,119,53,66
2014-09-03 18:00:00,120,74,46
2014-09-03 19:00:00,76,48,28
2014-09-03 20:00:00,30,19,11
2014-09-03 21:00:00,6,6,0
2014-09-03 22:00:00,3,2,1
2014-09-03 23:00:00,3,2,1
2014-09-04 00:00:00,0,0,0
2014-09-04 01:00:00,0,0,0
2014-09-04 02:00:00,0,0,0
2014-09-04 03:00:00,0,0,0
2014-09-04 04:00:00,4,3,1
2014-09-04 05:00:00,8,2,6
2014-09-04 06:00:00,47,32,15
2014-09-04 07:00:00,107,68,39
2014-09-04 08:00:00,77,48,29
2014-09-04 09:00:00,55,39,16
2014-09-04 10:00:00,31,14,17
2014-09-04 11:00:00,36,16,20
2014-09-04 12:00:00,31,19,12
2014-09-04 13:00:00,48,33,15
2014-09-04 14:00:00,42,23,19
2014-09-04 15:00:00,52,28,24
2014-09-04 16:00:00,129,56,73
2014-09-04 17:00:00,169,92,77
2014-09-04 18:00:00,132,79,53
2014-09-04 19:00:00,60,44,16
2014-09-04 20:00:00,22,14,8
2014-09-04 21:00:00,11,5,6
2014-09-04 22:00:00,6,5,1
2014-09-04 23:00:00,3,1,2
2014-09-05 00:00:00,2,0,2
2014-09-05 01:00:00,0,0,0
2014-09-05 02:00:00,0,0,0
2014-09-05 03:00:00,0,0,0
2014-09-05 04:00:00,1,1,0
2014-09-05 05:00:00,9,5,4
2014-09-05 06:00:00,24,14,10
2014-09-05 07:00:00,67,32,35
2014-09-05 08:00:00,65,37,28
2014-09-05 09:00:00,37,26,11
2014-09-05 10:00:00,27,16,11
2014-09-05 11:00:00,39,26,13
2014-09-05 12:00:00,43,27,16
2014-09-05 13:00:00,30,26,4
2014-09-05 14:00:00,39,24,15
2014-09-05 15:00:00,47,26,21
2014-09-05 16:00:00,64,37,27
2014-09-05 17:00:00,128,72,56
2014-09-05 18:00:00,99,59,40
2014-09-05 19:00:00,45,28,17
2014-09-05 20:00:00,15,6,9
2014-09-05 21:00:00,0,0,0
2014-09-05 22:00:00,4,3,1
2014-09-05 23:00:00,0,0,0
2014-09-06 00:00:00,0,0,0
2014-09-06 01:00:00,9,4,5
2014-09-06 02:00:00,0,0,0
2014-09-06 03:00:00,0,0,0
2014-09-06 04:00:00,0,0,0
2014-09-06 05:00:00,1,0,1
2014-09-06 06:00:00,7,3,4
2014-09-06 07:00:00,23,14,9
2014-09-06 08:00:00,63,30,33
2014-09-06 09:00:00,105,54,51
2014-09-06 10:00:00,115,64,51
2014-09-06 11:00:00,143,93,50
2014-09-06 12:00:00,154,119,35
2014-09-06 13:00:00,131,83,48
2014-09-06 14:00:00,99,66,33
2014-09-06 15:00:00,99,68,31
2014-09-06 16:00:00,79,43,36
2014-09-06 17:00:00,63,39,24
2014-09-06 18:00:00,56,34,22
2014-09-06 19:00:00,28,22,6
2014-09-06 20:00:00,11,8,3
2014-09-06 21:00:00,0,0,0
2014-09-06 22:00:00,1,1,0
2014-09-06 23:00:00,4,4,0
2014-09-07 00:00:00,2,1,1
2014-09-07 01:00:00,0,0,0
2014-09-07 02:00:00,0,0,0
2014-09-07 03:00:00,0,0,0
2014-09-07 04:00:00,1,1,0
2014-09-07 05:00:00,1,0,1
2014-09-07 06:00:00,8,3,5
2014-09-07 07:00:00,20,5,15
2014-09-07 08:00:00,56,22,34
2014-09-07 09:00:00,86,50,36
2014-09-07 10:00:00,145,85,60
2014-09-07 11:00:00,186,112,74
2014-09-07 12:00:00,87,55,32
2014-09-07 13:00:00,114,66,48
2014-09-07 14:00:00,116,70,46
2014-09-07 15:00:00,115,58,57
2014-09-07 16:00:00,99,45,54
2014-09-07 17:00:00,72,41,31
2014-09-07 18:00:00,45,33,12
2014-09-07 19:00:00,29,18,11
2014-09-07 20:00:00,11,9,2
2014-09-07 21:00:00,3,2,1
2014-09-07 22:00:00,1,0,1
2014-09-07 23:00:00,1,1,0
2014-09-08 00:00:00,0,0,0
2014-09-08 01:00:00,1,1,0
2014-09-08 02:00:00,1,1,0
2014-09-08 03:00:00,0,0,0
2014-09-08 04:00:00,1,1,0
2014-09-08 05:00:00,12,5,7
2014-09-08 06:00:00,32,21,11
2014-09-08 07:00:00,58,33,25
2014-09-08 08:00:00,73,44,29
2014-09-08 09:00:00,46,27,19
2014-09-08 10:00:00,22,10,12
2014-09-08 11:00:00,15,5,10
2014-09-08 12:00:00,15,12,3
2014-09-08 13:00:00,10,7,3
2014-09-08 14:00:00,14,7,7
2014-09-08 15:00:00,14,7,7
2014-09-08 16:00:00,43,19,24
2014-09-08 17:00:00,115,55,60
2014-09-08 18:00:00,101,54,47
2014-09-08 19:00:00,48,34,14
2014-09-08 20:00:00,14,9,5
2014-09-08 21:00:00,4,4,0
2014-09-08 22:00:00,4,2,2
2014-09-08 23:00:00,0,0,0
2014-09-09 00:00:00,0,0,0
2014-09-09 01:00:00,0,0,0
2014-09-09 02:00:00,0,0,0
2014-09-09 03:00:00,3,3,0
2014-09-09 04:00:00,1,1,0
2014-09-09 05:00:00,7,5,2
2014-09-09 06:00:00,31,20,11
2014-09-09 07:00:00,59,36,23
2014-09-09 08:00:00,69,31,38
2014-09-09 09:00:00,28,16,12
2014-09-09 10:00:00,28,13,15
2014-09-09 11:00:00,19,8,11
2014-09-09 12:00:00,16,6,10
2014-09-09 13:00:00,18,6,12
2014-09-09 14:00:00,23,14,9
2014-09-09 15:00:00,34,20,14
2014-09-09 16:00:00,35,14,21
2014-09-09 17:00:00,127,61,66
2014-09-09 18:00:00,135,72,63
2014-09-09 19:00:00,91,63,28
2014-09-09 20:00:00,20,16,4
2014-09-09 21:00:00,6,4,2
2014-09-09 22:00:00,3,1,2
2014-09-09 23:00:00,1,0,1
2014-09-10 00:00:00,0,0,0
2014-09-10 01:00:00,3,2,1
2014-09-10 02:00:00,0,0,0
2014-09-10 03:00:00,0,0,0
2014-09-10 04:00:00,5,2,3
2014-09-10 05:00:00,12,2,10
2014-09-10 06:00:00,31,22,9
2014-09-10 07:00:00,78,49,29
2014-09-10 08:00:00,68,34,34
2014-09-10 09:00:00,41,18,23
2014-09-10 10:00:00,20,9,11
2014-09-10 11:00:00,37,22,15
2014-09-10 12:00:00,27,16,11
2014-09-10 13:00:00,26,10,16
2014-09-10 14:00:00,31,14,17
2014-09-10 15:00:00,32,22,10
2014-09-10 16:00:00,62,30,32
2014-09-10 17:00:00,117,53,64
2014-09-10 18:00:00,123,73,50
2014-09-10 19:00:00,55,39,16
2014-09-10 20:00:00,22,16,6
2014-09-10 21:00:00,4,4,0
2014-09-10 22:00:00,2,2,0
2014-09-10 23:00:00,1,1,0
2014-09-11 00:00:00,1,1,0
2014-09-11 01:00:00,1,1,0
2014-09-11 02:00:00,0,0,0
2014-09-11 03:00:00,0,0,0
2014-09-11 04:00:00,1,1,0
2014-09-11 05:00:00,11,4,7
2014-09-11 06:00:00,29,16,13
2014-09-11 07:00:00,72,44,28
2014-09-11 08:00:00,73,46,27
2014-09-11 09:00:00,45,21,24
2014-09-11 10:00:00,36,19,17
2014-09-11 11:00:00,25,15,10
2014-09-11 12:00:00,38,23,15
2014-09-11 13:00:00,41,26,15
2014-09-11 14:00:00,18,11,7
2014-09-11 15:00:00,39,16,23
2014-09-11 16:00:00,69,34,35
2014-09-11 17:00:00,129,67,62
2014-09-11 18:00:00,137,78,59
2014-09-11 19:00:00,73,47,26
2014-09-11 20:00:00,12,8,4
2014-09-11 21:00:00,5,2,3
2014-09-11 22:00:00,1,1,0
2014-09-11 23:00:00,1,1,0
2014-09-12 00:00:00,1,1,0
2014-09-12 01:00:00,0,0,0
2014-09-12 02:00:00,0,0,0
2014-09-12 03:00:00,0,0,0
2014-09-12 04:00:00,2,2,0
2014-09-12 05:00:00,5,2,3
2014-09-12 06:00:00,24,10,14
2014-09-12 07:00:00,72,46,26
2014-09-12 08:00:00,77,44,33
2014-09-12 09:00:00,56,35,21
2014-09-12 10:00:00,31,15,16
2014-09-12 11:00:00,42,17,25
2014-09-12 12:00:00,47,30,17
2014-09-12 13:00:00,31,16,15
2014-09-12 14:00:00,37,18,19
2014-09-12 15:00:00,51,29,22
2014-09-12 16:00:00,55,22,33
2014-09-12 17:00:00,123,70,53
2014-09-12 18:00:00,82,41,41
2014-09-12 19:00:00,45,29,16
2014-09-12 20:00:00,12,8,4
2014-09-12 21:00:00,1,0,1
2014-09-12 22:00:00,3,3,0
2014-09-12 23:00:00,2,1,1
2014-09-13 00:00:00,2,1,1
2014-09-13 01:00:00,0,0,0
2014-09-13 02:00:00,0,0,0
2014-09-13 03:00:00,0,0,0
2014-09-13 04:00:00,0,0,0
2014-09-13 05:00:00,0,0,0
2014-09-13 06:00:00,8,2,6
2014-09-13 07:00:00,25,11,14
2014-09-13 08:00:00,50,18,32
2014-09-13 09:00:00,85,52,33
2014-09-13 10:00:00,112,64,48
2014-09-13 11:00:00,145,93,52
2014-09-13 12:00:00,124,76,48
2014-09-13 13:00:00,90,52,38
2014-09-13 14:00:00,80,52,28
2014-09-13 15:00:00,79,43,36
2014-09-13 16:00:00,60,32,28
2014-09-13 17:00:00,50,24,26
2014-09-13 18:00:00,41,22,19
2014-09-13 19:00:00,12,8,4
2014-09-13 20:00:00,6,5,1
2014-09-13 21:00:00,0,0,0
2014-09-13 22:00:00,2,1,1
2014-09-13 23:00:00,1,0,1
2014-09-14 00:00:00,3,3,0
2014-09-14 01:00:00,0,0,0
2014-09-14 02:00:00,0,0,0
2014-09-14 03:00:00,0,0,0
2014-09-14 04:00:00,0,0,0
2014-09-14 05:00:00,0,0,0
2014-09-14 06:00:00,2,2,0
2014-09-14 07:00:00,21,5,16
2014-09-14 08:00:00,55,19,36
2014-09-14 09:00:00,120,63,57
2014-09-14 10:00:00,148,83,65
2014-09-14 11:00:00,213,126,87
2014-09-14 12:00:00,126,89,37
2014-09-14 13:00:00,97,62,35
2014-09-14 14:00:00,85,47,38
2014-09-14 15:00:00,80,36,44
2014-09-14 16:00:00,86,43,43
2014-09-14 17:00:00,55,24,31
2014-09-14 18:00:00,44,29,15
2014-09-14 19:00:00,18,14,4
2014-09-14 20:00:00,6,3,3
2014-09-14 21:00:00,5,4,1
2014-09-14 22:00:00,5,3,2
2014-09-14 23:00:00,0,0,0
2014-09-15 00:00:00,0,0,0
2014-09-15 01:00:00,0,0,0
2014-09-15 02:00:00,1,1,0
2014-09-15 03:00:00,2,2,0
2014-09-15 04:00:00,2,2,0
2014-09-15 05:00:00,7,3,4
2014-09-15 06:00:00,25,16,9
2014-09-15 07:00:00,64,32,32
2014-09-15 08:00:00,99,56,43
2014-09-15 09:00:00,53,24,29
2014-09-15 10:00:00,28,15,13
2014-09-15 11:00:00,34,20,14
2014-09-15 12:00:00,27,17,10
2014-09-15 13:00:00,29,15,14
2014-09-15 14:00:00,32,16,16
2014-09-15 15:00:00,43,16,27
2014-09-15 16:00:00,56,36,20
2014-09-15 17:00:00,127,80,47
2014-09-15 18:00:00,159,91,68
2014-09-15 19:00:00,70,50,20
2014-09-15 20:00:00,13,6,7
2014-09-15 21:00:00,8,6,2
2014-09-15 22:00:00,2,2,0
2014-09-15 23:00:00,0,0,0
2014-09-16 00:00:00,1,0,1
2014-09-16 01:00:00,1,1,0
2014-09-16 02:00:00,0,0,0
2014-09-16 03:00:00,0,0,0
2014-09-16 04:00:00,2,2,0
2014-09-16 05:00:00,5,2,3
2014-09-16 06:00:00,36,18,18
2014-09-16 07:00:00,85,40,45
2014-09-16 08:00:00,85,50,35
2014-09-16 09:00:00,47,20,27
2014-09-16 10:00:00,19,13,6
2014-09-16 11:00:00,28,11,17
2014-09-16 12:00:00,24,17,7
2014-09-16 13:00:00,21,7,14
2014-09-16 14:00:00,27,17,10
2014-09-16 15:00:00,51,29,22
2014-09-16 16:00:00,51,32,19
2014-09-16 17:00:00,146,75,71
2014-09-16 18:00:00,139,84,55
2014-09-16 19:00:00,100,63,37
2014-09-16 20:00:00,22,14,8
2014-09-16 21:00:00,3,2,1
2014-09-16 22:00:00,1,1,0
2014-09-16 23:00:00,0,0,0
2014-09-17 00:00:00,0,0,0
2014-09-17 01:00:00,0,0,0
2014-09-17 02:00:00,0,0,0
2014-09-17 03:00:00,0,0,0
2014-09-17 04:00:00,2,1,1
2014-09-17 05:00:00,3,2,1
2014-09-17 06:00:00,25,17,8
2014-09-17 07:00:00,73,37,36
2014-09-17 08:00:00,83,44,39
2014-09-17 09:00:00,43,16,27
2014-09-17 10:00:00,28,10,18
2014-09-17 11:00:00,26,13,13
2014-09-17 12:00:00,7,5,2
2014-09-17 13:00:00,12,3,9
2014-09-17 14:00:00,20,9,11
2014-09-17 15:00:00,25,12,13
2014-09-17 16:00:00,51,29,22
2014-09-17 17:00:00,86,36,50
2014-09-17 18:00:00,100,64,36
2014-09-17 19:00:00,47,35,12
2014-09-17 20:00:00,13,9,4
2014-09-17 21:00:00,8,6,2
2014-09-17 22:00:00,2,2,0
2014-09-17 23:00:00,0,0,0
2014-09-18 00:00:00,1,1,0
2014-09-18 01:00:00,0,0,0
2014-09-18 02:00:00,0,0,0
2014-09-18 03:00:00,0,0,0
2014-09-18 04:00:00,0,0,0
2014-09-18 05:00:00,5,3,2
2014-09-18 06:00:00,22,9,13
2014-09-18 07:00:00,47,29,18
2014-09-18 08:00:00,41,20,21
2014-09-18 09:00:00,37,10,27
2014-09-18 10:00:00,16,6,10
2014-09-18 11:00:00,14,9,5
2014-09-18 12:00:00,7,5,2
2014-09-18 13:00:00,11,5,6
2014-09-18 14:00:00,14,6,8
2014-09-18 15:00:00,23,11,12
2014-09-18 16:00:00,24,12,12
2014-09-18 17:00:00,84,39,45
2014-09-18 18:00:00,69,34,35
2014-09-18 19:00:00,39,32,7
2014-09-18 20:00:00,9,8,1
2014-09-18 21:00:00,2,2,0
2014-09-18 22:00:00,5,4,1
2014-09-18 23:00:00,1,1,0
2014-09-19 00:00:00,1,1,0
2014-09-19 01:00:00,0,0,0
2014-09-19 02:00:00,0,0,0
2014-09-19 03:00:00,0,0,0
2014-09-19 04:00:00,1,1,0
2014-09-19 05:00:00,8,3,5
2014-09-19 06:00:00,29,16,13
2014-09-19 07:00:00,53,30,23
2014-09-19 08:00:00,88,40,48
2014-09-19 09:00:00,62,17,45
2014-09-19 10:00:00,29,12,17
2014-09-19 11:00:00,41,21,20
2014-09-19 12:00:00,31,19,12
2014-09-19 13:00:00,39,21,18
2014-09-19 14:00:00,42,24,18
2014-09-19 15:00:00,45,24,21
2014-09-19 16:00:00,64,42,22
2014-09-19 17:00:00,110,55,55
2014-09-19 18:00:00,79,49,30
2014-09-19 19:00:00,38,22,16
2014-09-19 20:00:00,9,8,1
2014-09-19 21:00:00,2,1,1
2014-09-19 22:00:00,1,1,0
2014-09-19 23:00:00,1,1,0
2014-09-20 00:00:00,1,0,1
2014-09-20 01:00:00,2,2,0
2014-09-20 02:00:00,0,0,0
2014-09-20 03:00:00,0,0,0
2014-09-20 04:00:00,0,0,0
2014-09-20 05:00:00,0,0,0
2014-09-20 06:00:00,1,0,1
2014-09-20 07:00:00,11,3,8
2014-09-20 08:00:00,33,10,23
2014-09-20 09:00:00,77,33,44
2014-09-20 10:00:00,90,35,55
2014-09-20 11:00:00,165,103,62
2014-09-20 12:00:00,100,65,35
2014-09-20 13:00:00,75,37,38
2014-09-20 14:00:00,95,55,40
2014-09-20 15:00:00,84,50,34
2014-09-20 16:00:00,62,27,35
2014-09-20 17:00:00,54,37,17
2014-09-20 18:00:00,47,28,19
2014-09-20 19:00:00,26,18,8
2014-09-20 20:00:00,5,4,1
2014-09-20 21:00:00,3,2,1
2014-09-20 22:00:00,0,0,0
2014-09-20 23:00:00,1,1,0
2014-09-21 00:00:00,1,1,0
2014-09-21 01:00:00,2,0,2
2014-09-21 02:00:00,1,0,1
2014-09-21 03:00:00,0,0,0
2014-09-21 04:00:00,0,0,0
2014-09-21 05:00:00,0,0,0
2014-09-21 06:00:00,4,1,3
2014-09-21 07:00:00,23,5,18
2014-09-21 08:00:00,46,21,25
2014-09-21 09:00:00,115,72,43
2014-09-21 10:00:00,134,70,64
2014-09-21 11:00:00,163,105,58
2014-09-21 12:00:00,142,100,42
2014-09-21 13:00:00,118,71,47
2014-09-21 14:00:00,81,41,40
2014-09-21 15:00:00,95,49,46
2014-09-21 16:00:00,72,39,33
2014-09-21 17:00:00,42,22,20
2014-09-21 18:00:00,32,16,16
2014-09-21 19:00:00,34,26,8
2014-09-21 20:00:00,1,0,1
2014-09-21 21:00:00,0,0,0
2014-09-21 22:00:00,1,1,0
2014-09-21 23:00:00,0,0,0
2014-09-22 00:00:00,0,0,0
2014-09-22 01:00:00,0,0,0
2014-09-22 02:00:00,0,0,0
2014-09-22 03:00:00,0,0,0
2014-09-22 04:00:00,1,1,0
2014-09-22 05:00:00,9,5,4
2014-09-22 06:00:00,26,17,9
2014-09-22 07:00:00,62,31,31
2014-09-22 08:00:00,70,35,35
2014-09-22 09:00:00,38,15,23
2014-09-22 10:00:00,11,2,9
2014-09-22 11:00:00,14,7,7
2014-09-22 12:00:00,16,7,9
2014-09-22 13:00:00,11,7,4
2014-09-22 14:00:00,27,10,17
2014-09-22 15:00:00,24,15,9
2014-09-22 16:00:00,57,23,34
2014-09-22 17:00:00,107,52,55
2014-09-22 18:00:00,120,71,49
2014-09-22 19:00:00,48,39,9
2014-09-22 20:00:00,18,12,6
2014-09-22 21:00:00,1,1,0
2014-09-22 22:00:00,4,4,0
2014-09-22 23:00:00,3,0,3
2014-09-23 00:00:00,0,0,0
2014-09-23 01:00:00,0,0,0
2014-09-23 02:00:00,0,0,0
2014-09-23 03:00:00,0,0,0
2014-09-23 04:00:00,1,1,0
2014-09-23 05:00:00,6,3,3
2014-09-23 06:00:00,23,14,9
2014-09-23 07:00:00,40,19,21
2014-09-23 08:00:00,65,35,30
2014-09-23 09:00:00,42,18,24
2014-09-23 10:00:00,22,5,17
2014-09-23 11:00:00,25,12,13
2014-09-23 12:00:00,14,8,6
2014-09-23 13:00:00,12,7,5
2014-09-23 14:00:00,13,8,5
2014-09-23 15:00:00,28,8,20
2014-09-23 16:00:00,34,16,18
2014-09-23 17:00:00,93,41,52
2014-09-23 18:00:00,53,31,22
2014-09-23 19:00:00,28,21,7
2014-09-23 20:00:00,13,7,6
2014-09-23 21:00:00,5,3,2
2014-09-23 22:00:00,1,1,0
2014-09-23 23:00:00,0,0,0
2014-09-24 00:00:00,1,1,0
2014-09-24 01:00:00,0,0,0
2014-09-24 02:00:00,0,0,0
2014-09-24 03:00:00,0,0,0
2014-09-24 04:00:00,0,0,0
2014-09-24 05:00:00,5,3,2
2014-09-24 06:00:00,16,11,5
2014-09-24 07:00:00,27,12,15
2014-09-24 08:00:00,30,16,14
2014-09-24 09:00:00,19,9,10
2014-09-24 10:00:00,5,1,4
2014-09-24 11:00:00,4,2,2
2014-09-24 12:00:00,5,1,4
2014-09-24 13:00:00,1,0,1
2014-09-24 14:00:00,12,4,8
2014-09-24 15:00:00,11,6,5
2014-09-24 16:00:00,27,11,16
2014-09-24 17:00:00,48,20,28
2014-09-24 18:00:00,39,24,15
2014-09-24 19:00:00,40,28,12
2014-09-24 20:00:00,11,3,8
2014-09-24 21:00:00,3,2,1
2014-09-24 22:00:00,0,0,0
2014-09-24 23:00:00,2,2,0
2014-09-25 00:00:00,1,1,0
2014-09-25 01:00:00,1,1,0
2014-09-25 02:00:00,0,0,0
2014-09-25 03:00:00,0,0,0
2014-09-25 04:00:00,2,2,0
2014-09-25 05:00:00,3,1,2
2014-09-25 06:00:00,13,7,6
2014-09-25 07:00:00,26,11,15
2014-09-25 08:00:00,41,22,19
2014-09-25 09:00:00,29,10,19
2014-09-25 10:00:00,13,4,9
2014-09-25 11:00:00,8,3,5
2014-09-25 12:00:00,8,4,4
2014-09-25 13:00:00,16,10,6
2014-09-25 14:00:00,14,8,6
2014-09-25 15:00:00,16,10,6
2014-09-25 16:00:00,45,26,19
2014-09-25 17:00:00,76,39,37
2014-09-25 18:00:00,69,52,17
2014-09-25 19:00:00,30,17,13
2014-09-25 20:00:00,9,5,4
2014-09-25 21:00:00,2,2,0
2014-09-25 22:00:00,0,0,0
2014-09-25 23:00:00,1,1,0
2014-09-26 00:00:00,0,0,0
2014-09-26 01:00:00,0,0,0
2014-09-26 02:00:00,0,0,0
2014-09-26 03:00:00,0,0,0
2014-09-26 04:00:00,1,1,0
2014-09-26 05:00:00,7,4,3
2014-09-26 06:00:00,17,10,7
2014-09-26 07:00:00,26,13,13
2014-09-26 08:00:00,26,15,11
2014-09-26 09:00:00,20,8,12
2014-09-26 10:00:00,10,4,6
2014-09-26 11:00:00,5,4,1
2014-09-26 12:00:00,9,6,3
2014-09-26 13:00:00,13,3,10
2014-09-26 14:00:00,17,8,9
2014-09-26 15:00:00,22,12,10
2014-09-26 16:00:00,40,19,21
2014-09-26 17:00:00,57,38,19
2014-09-26 18:00:00,38,18,20
2014-09-26 19:00:00,19,16,3
2014-09-26 20:00:00,7,5,2
2014-09-26 21:00:00,1,1,0
2014-09-26 22:00:00,1,1,0
2014-09-26 23:00:00,0,0,0
2014-09-27 00:00:00,2,1,1
2014-09-27 01:00:00,0,0,0
2014-09-27 02:00:00,0,0,0
2014-09-27 03:00:00,0,0,0
2014-09-27 04:00:00,0,0,0
2014-09-27 05:00:00,2,0,2
2014-09-27 06:00:00,5,1,4
2014-09-27 07:00:00,25,9,16
2014-09-27 08:00:00,39,19,20
2014-09-27 09:00:00,85,35,50
2014-09-27 10:00:00,100,51,49
2014-09-27 11:00:00,126,93,33
2014-09-27 12:00:00,132,98,34
2014-09-27 13:00:00,77,35,42
2014-09-27 14:00:00,90,53,37
2014-09-27 15:00:00,87,37,50
2014-09-27 16:00:00,85,50,35
2014-09-27 17:00:00,43,19,24
2014-09-27 18:00:00,45,32,13
2014-09-27 19:00:00,13,12,1
2014-09-27 20:00:00,4,4,0
2014-09-27 21:00:00,2,1,1
2014-09-27 22:00:00,4,4,0
2014-09-27 23:00:00,3,3,0
2014-09-28 00:00:00,2,2,0
2014-09-28 01:00:00,0,0,0
2014-09-28 02:00:00,0,0,0
2014-09-28 03:00:00,0,0,0
2014-09-28 04:00:00,0,0,0
2014-09-28 05:00:00,0,0,0
2014-09-28 06:00:00,4,1,3
2014-09-28 07:00:00,16,5,11
2014-09-28 08:00:00,44,21,23
2014-09-28 09:00:00,73,32,41
2014-09-28 10:00:00,100,57,43
2014-09-28 11:00:00,143,94,49
2014-09-28 12:00:00,112,79,33
2014-09-28 13:00:00,79,39,40
2014-09-28 14:00:00,71,32,39
2014-09-28 15:00:00,73,40,33
2014-09-28 16:00:00,80,37,43
2014-09-28 17:00:00,69,45,24
2014-09-28 18:00:00,34,24,10
2014-09-28 19:00:00,12,10,2
2014-09-28 20:00:00,0,0,0
2014-09-28 21:00:00,2,1,1
2014-09-28 22:00:00,1,1,0
2014-09-28 23:00:00,0,0,0
2014-09-29 00:00:00,0,0,0
2014-09-29 01:00:00,0,0,0
2014-09-29 02:00:00,0,0,0
2014-09-29 03:00:00,0,0,0
2014-09-29 04:00:00,1,1,0
2014-09-29 05:00:00,8,4,4
2014-09-29 06:00:00,27,16,11
2014-09-29 07:00:00,44,22,22
2014-09-29 08:00:00,44,26,18
2014-09-29 09:00:00,37,15,22
2014-09-29 10:00:00,13,8,5
2014-09-29 11:00:00,6,3,3
2014-09-29 12:00:00,6,0,6
2014-09-29 13:00:00,7,5,2
2014-09-29 14:00:00,7,2,5
2014-09-29 15:00:00,10,6,4
2014-09-29 16:00:00,25,13,12
2014-09-29 17:00:00,49,19,30
2014-09-29 18:00:00,53,34,19
2014-09-29 19:00:00,16,13,3
2014-09-29 20:00:00,9,6,3
2014-09-29 21:00:00,5,2,3
2014-09-29 22:00:00,2,1,1
2014-09-29 23:00:00,1,1,0
2014-09-30 00:00:00,1,0,1
2014-09-30 01:00:00,0,0,0
2014-09-30 02:00:00,0,0,0
2014-09-30 03:00:00,1,0,1
2014-09-30 04:00:00,1,1,0
2014-09-30 05:00:00,8,3,5
2014-09-30 06:00:00,24,16,8
2014-09-30 07:00:00,39,22,17
2014-09-30 08:00:00,60,29,31
2014-09-30 09:00:00,31,20,11
2014-09-30 10:00:00,26,9,17
2014-09-30 11:00:00,22,11,11
2014-09-30 12:00:00,19,12,7
2014-09-30 13:00:00,21,10,11
2014-09-30 14:00:00,29,14,15
2014-09-30 15:00:00,30,15,15
2014-09-30 16:00:00,37,20,17
2014-09-30 17:00:00,74,38,36
2014-09-30 18:00:00,96,54,42
2014-09-30 19:00:00,43,32,11
2014-09-30 20:00:00,18,12,6
2014-09-30 21:00:00,1,1,0
2014-09-30 22:00:00,1,1,0
2014-09-30 23:00:00,1,0,1
2014-10-01 00:00:00,0,0,0
2014-10-01 01:00:00,0,0,0
2014-10-01 02:00:00,0,0,0
2014-10-01 03:00:00,0,0,0
2014-10-01 04:00:00,2,1,1
2014-10-01 05:00:00,13,7,6
2014-10-01 06:00:00,26,13,13
2014-10-01 07:00:00,78,38,40
2014-10-01 08:00:00,67,36,31
2014-10-01 09:00:00,31,12,19
2014-10-01 10:00:00,21,10,11
2014-10-01 11:00:00,20,5,15
2014-10-01 12:00:00,10,7,3
2014-10-01 13:00:00,12,5,7
2014-10-01 14:00:00,21,9,12
2014-10-01 15:00:00,41,26,15
2014-10-01 16:00:00,72,35,37
2014-10-01 17:00:00,92,43,49
2014-10-01 18:00:00,117,69,48
2014-10-01 19:00:00,47,33,14
2014-10-01 20:00:00,11,8,3
2014-10-01 21:00:00,6,5,1
2014-10-01 22:00:00,3,1,2
2014-10-01 23:00:00,2,1,1
2014-10-02 00:00:00,2,2,0
2014-10-02 01:00:00,1,1,0
2014-10-02 02:00:00,0,0,0
2014-10-02 03:00:00,0,0,0
2014-10-02 04:00:00,1,1,0
2014-10-02 05:00:00,5,4,1
2014-10-02 06:00:00,28,18,10
2014-10-02 07:00:00,62,39,23
2014-10-02 08:00:00,67,39,28
2014-10-02 09:00:00,25,8,17
2014-10-02 10:00:00,29,14,15
2014-10-02 11:00:00,33,13,20
2014-10-02 12:00:00,25,13,12
2014-10-02 13:00:00,37,21,16
2014-10-02 14:00:00,47,17,30
2014-10-02 15:00:00,67,35,32
2014-10-02 16:00:00,126,59,67
2014-10-02 17:00:00,101,65,36
2014-10-02 18:00:00,44,27,17
2014-10-02 19:00:00,11,8,3
2014-10-02 20:00:00,6,4,2
2014-10-02 21:00:00,1,1,0
2014-10-02 22:00:00,0,0,0
2014-10-02 23:00:00,0,0,0
2014-10-03 00:00:00,0,0,0
2014-10-03 01:00:00,0,0,0
2014-10-03 02:00:00,0,0,0
2014-10-03 03:00:00,1,1,0
2014-10-03 04:00:00,7,4,3
2014-10-03 05:00:00,23,12,11
2014-10-03 06:00:00,62,35,27
2014-10-03 07:00:00,70,35,35
2014-10-03 08:00:00,43,27,16
2014-10-03 09:00:00,30,15,15
2014-10-03 10:00:00,37,19,18
2014-10-03 11:00:00,30,13,17
2014-10-03 12:00:00,42,23,19
2014-10-03 13:00:00,44,22,22
2014-10-03 14:00:00,36,15,21
2014-10-03 15:00:00,71,32,39
2014-10-03 16:00:00,109,55,54
2014-10-03 17:00:00,90,53,37
2014-10-03 18:00:00,25,16,9
2014-10-03 19:00:00,5,5,0
2014-10-03 20:00:00,5,3,2
2014-10-03 21:00:00,4,4,0
2014-10-03 22:00:00,3,3,0
2014-10-03 23:00:00,0,0,0
2014-10-04 00:00:00,3,1,2
2014-10-04 01:00:00,1,1,0
2014-10-04 02:00:00,0,0,0
2014-10-04 03:00:00,2,0,2
2014-10-04 04:00:00,0,0,0
2014-10-04 05:00:00,3,1,2
2014-10-04 06:00:00,8,4,4
2014-10-04 07:00:00,46,32,14
2014-10-04 08:00:00,92,40,52
2014-10-04 09:00:00,115,33,82
2014-10-04 10:00:00,167,130,37
2014-10-04 11:00:00,128,80,48
2014-10-04 12:00:00,94,66,28
2014-10-04 13:00:00,65,40,25
2014-10-04 14:00:00,77,34,43
2014-10-04 15:00:00,57,29,28
2014-10-04 16:00:00,61,31,30
2014-10-04 17:00:00,35,22,13
2014-10-04 18:00:00,9,5,4
2014-10-04 19:00:00,4,4,0
2014-10-04 20:00:00,2,1,1
2014-10-04 21:00:00,2,1,1
2014-10-04 22:00:00,1,1,0
2014-10-04 23:00:00,0,0,0
2014-10-05 00:00:00,2,1,1
2014-10-05 01:00:00,0,0,0
2014-10-05 02:00:00,0,0,0
2014-10-05 03:00:00,1,1,0
2014-10-05 04:00:00,2,0,2
2014-10-05 05:00:00,3,2,1
2014-10-05 06:00:00,10,2,8
2014-10-05 07:00:00,38,14,24
2014-10-05 08:00:00,74,45,29
2014-10-05 09:00:00,107,38,69
2014-10-05 10:00:00,155,102,53
2014-10-05 11:00:00,108,61,47
2014-10-05 12:00:00,107,56,51
2014-10-05 13:00:00,129,73,56
2014-10-05 14:00:00,123,66,57
2014-10-05 15:00:00,123,66,57
2014-10-05 16:00:00,85,52,33
2014-10-05 17:00:00,44,30,14
2014-10-05 18:00:00,17,13,4
2014-10-05 19:00:00,3,2,1
2014-10-05 20:00:00,0,0,0
2014-10-05 21:00:00,1,1,0
2014-10-05 22:00:00,0,0,0
2014-10-05 23:00:00,0,0,0
2014-10-06 00:00:00,1,1,0
2014-10-06 01:00:00,0,0,0
2014-10-06 02:00:00,0,0,0
2014-10-06 03:00:00,1,1,0
2014-10-06 04:00:00,8,4,4
2014-10-06 05:00:00,19,14,5
2014-10-06 06:00:00,63,35,28
2014-10-06 07:00:00,62,42,20
2014-10-06 08:00:00,45,23,22
2014-10-06 09:00:00,25,13,12
2014-10-06 10:00:00,25,5,20
2014-10-06 11:00:00,33,13,20
2014-10-06 12:00:00,33,21,12
2014-10-06 13:00:00,41,19,22
2014-10-06 14:00:00,34,16,18
2014-10-06 15:00:00,65,29,36
2014-10-06 16:00:00,122,60,62
2014-10-06 17:00:00,102,63,39
2014-10-06 18:00:00,41,30,11
2014-10-06 19:00:00,8,4,4
2014-10-06 20:00:00,1,1,0
2014-10-06 21:00:00,3,2,1
2014-10-06 22:00:00,0,0,0
2014-10-06 23:00:00,0,0,0
2014-10-07 00:00:00,1,1,0
2014-10-07 01:00:00,0,0,0
2014-10-07 02:00:00,0,0,0
2014-10-07 03:00:00,2,2,0
2014-10-07 04:00:00,8,5,3
2014-10-07 05:00:00,34,18,16
2014-10-07 06:00:00,62,30,32
2014-10-07 07:00:00,73,44,29
2014-10-07 08:00:00,34,14,20
2014-10-07 09:00:00,25,13,12
2014-10-07 10:00:00,16,10,6
2014-10-07 11:00:00,20,10,10
2014-10-07 12:00:00,7,2,5
2014-10-07 13:00:00,26,13,13
2014-10-07 14:00:00,28,13,15
2014-10-07 15:00:00,54,21,33
2014-10-07 16:00:00,118,48,70
2014-10-07 17:00:00,119,74,45
2014-10-07 18:00:00,44,33,11
2014-10-07 19:00:00,15,10,5
2014-10-07 20:00:00,4,3,1
2014-10-07 21:00:00,1,1,0
2014-10-07 22:00:00,1,1,0
2014-10-07 23:00:00,2,1,1
2014-10-08 00:00:00,0,0,0
2014-10-08 01:00:00,0,0,0
2014-10-08 02:00:00,0,0,0
2014-10-08 03:00:00,2,2,0
2014-10-08 04:00:00,6,4,2
2014-10-08 05:00:00,24,11,13
2014-10-08 06:00:00,58,31,27
2014-10-08 07:00:00,63,38,25
2014-10-08 08:00:00,38,23,15
2014-10-08 09:00:00,21,7,14
2014-10-08 10:00:00,31,15,16
2014-10-08 11:00:00,17,11,6
2014-10-08 12:00:00,20,8,12
2014-10-08 13:00:00,25,10,15
2014-10-08 14:00:00,33,17,16
2014-10-08 15:00:00,50,28,22
2014-10-08 16:00:00,112,48,64
2014-10-08 17:00:00,104,58,46
2014-10-08 18:00:00,39,29,10
2014-10-08 19:00:00,11,10,1
2014-10-08 20:00:00,2,2,0
2014-10-08 21:00:00,1,1,0
2014-10-08 22:00:00,3,2,1
2014-10-08 23:00:00,1,0,1
2014-10-09 00:00:00,0,0,0
2014-10-09 01:00:00,0,0,0
2014-10-09 02:00:00,0,0,0
2014-10-09 03:00:00,2,2,0
2014-10-09 04:00:00,7,5,2
2014-10-09 05:00:00,22,12,10
2014-10-09 06:00:00,66,35,31
2014-10-09 07:00:00,70,37,33
2014-10-09 08:00:00,29,12,17
2014-10-09 09:00:00,19,12,7
2014-10-09 10:00:00,13,7,6
2014-10-09 11:00:00,20,9,11
2014-10-09 12:00:00,24,12,12
2014-10-09 13:00:00,30,15,15
2014-10-09 14:00:00,29,12,17
2014-10-09 15:00:00,51,19,32
2014-10-09 16:00:00,117,58,59
2014-10-09 17:00:00,103,65,38
2014-10-09 18:00:00,37,31,6
2014-10-09 19:00:00,11,6,5
2014-10-09 20:00:00,2,2,0
2014-10-09 21:00:00,8,5,3
2014-10-09 22:00:00,0,0,0
2014-10-09 23:00:00,0,0,0
2014-10-10 00:00:00,1,1,0
2014-10-10 01:00:00,0,0,0
2014-10-10 02:00:00,0,0,0
2014-10-10 03:00:00,2,2,0
2014-10-10 04:00:00,7,3,4
2014-10-10 05:00:00,18,12,6
2014-10-10 06:00:00,47,24,23
2014-10-10 07:00:00,58,28,30
2014-10-10 08:00:00,36,18,18
2014-10-10 09:00:00,28,13,15
2014-10-10 10:00:00,20,14,6
2014-10-10 11:00:00,13,5,8
2014-10-10 12:00:00,23,11,12
2014-10-10 13:00:00,9,4,5
2014-10-10 14:00:00,24,15,9
2014-10-10 15:00:00,51,19,32
2014-10-10 16:00:00,74,42,32
2014-10-10 17:00:00,46,33,13
2014-10-10 18:00:00,17,12,5
2014-10-10 19:00:00,6,4,2
2014-10-10 20:00:00,2,1,1
2014-10-10 21:00:00,3,0,3
2014-10-10 22:00:00,0,0,0
2014-10-10 23:00:00,0,0,0
2014-10-11 00:00:00,0,0,0
2014-10-11 01:00:00,0,0,0
2014-10-11 02:00:00,2,1,1
2014-10-11 03:00:00,0,0,0
2014-10-11 04:00:00,0,0,0
2014-10-11 05:00:00,2,0,2
2014-10-11 06:00:00,16,5,11
2014-10-11 07:00:00,18,6,12
2014-10-11 08:00:00,40,18,22
2014-10-11 09:00:00,50,15,35
2014-10-11 10:00:00,108,78,30
2014-10-11 11:00:00,73,63,10
2014-10-11 12:00:00,28,19,9
2014-10-11 13:00:00,20,16,4
2014-10-11 14:00:00,21,10,11
2014-10-11 15:00:00,29,11,18
2014-10-11 16:00:00,18,12,6
2014-10-11 17:00:00,9,7,2
2014-10-11 18:00:00,0,0,0
2014-10-11 19:00:00,3,2,1
2014-10-11 20:00:00,1,1,0
2014-10-11 21:00:00,2,1,1
2014-10-11 22:00:00,2,2,0
2014-10-11 23:00:00,0,0,0
2014-10-12 00:00:00,2,1,1
2014-10-12 01:00:00,0,0,0
2014-10-12 02:00:00,0,0,0
2014-10-12 03:00:00,0,0,0
2014-10-12 04:00:00,0,0,0
2014-10-12 05:00:00,2,1,1
2014-10-12 06:00:00,13,4,9
2014-10-12 07:00:00,35,13,22
2014-10-12 08:00:00,85,35,50
2014-10-12 09:00:00,86,41,45
2014-10-12 10:00:00,118,78,40
2014-10-12 11:00:00,73,52,21
2014-10-12 12:00:00,58,38,20
2014-10-12 13:00:00,49,22,27
2014-10-12 14:00:00,55,31,24
2014-10-12 15:00:00,42,30,12
2014-10-12 16:00:00,30,20,10
2014-10-12 17:00:00,18,9,9
2014-10-12 18:00:00,5,5,0
2014-10-12 19:00:00,3,2,1
2014-10-12 20:00:00,2,0,2
2014-10-12 21:00:00,0,0,0
2014-10-12 22:00:00,2,2,0
2014-10-12 23:00:00,1,0,1
2014-10-13 00:00:00,1,1,0
2014-10-13 01:00:00,0,0,0
2014-10-13 02:00:00,0,0,0
2014-10-13 03:00:00,2,2,0
2014-10-13 04:00:00,7,3,4
2014-10-13 05:00:00,19,10,9
2014-10-13 06:00:00,47,27,20
2014-10-13 07:00:00,62,32,30
2014-10-13 08:00:00,35,12,23
2014-10-13 09:00:00,26,10,16
2014-10-13 10:00:00,25,11,14
2014-10-13 11:00:00,35,15,20
2014-10-13 12:00:00,36,22,14
2014-10-13 13:00:00,27,16,11
2014-10-13 14:00:00,29,11,18
2014-10-13 15:00:00,40,21,19
2014-10-13 16:00:00,78,39,39
2014-10-13 17:00:00,69,43,26
2014-10-13 18:00:00,28,20,8
2014-10-13 19:00:00,10,7,3
2014-10-13 20:00:00,1,1,0
2014-10-13 21:00:00,1,1,0
2014-10-13 22:00:00,0,0,0
2014-10-13 23:00:00,0,0,0
2014-10-14 00:00:00,0,0,0
2014-10-14 01:00:00,0,0,0
2014-10-14 02:00:00,0,0,0
2014-10-14 03:00:00,2,2,0
2014-10-14 04:00:00,3,2,1
2014-10-14 05:00:00,16,10,6
2014-10-14 06:00:00,41,22,19
2014-10-14 07:00:00,55,24,31
2014-10-14 08:00:00,38,14,24
2014-10-14 09:00:00,13,5,8
2014-10-14 10:00:00,22,8,14
2014-10-14 11:00:00,10,7,3
2014-10-14 12:00:00,12,3,9
2014-10-14 13:00:00,6,4,2
2014-10-14 14:00:00,13,5,8
2014-10-14 15:00:00,34,19,15
2014-10-14 16:00:00,71,28,43
2014-10-14 17:00:00,74,44,30
2014-10-14 18:00:00,28,16,12
2014-10-14 19:00:00,9,7,2
2014-10-14 20:00:00,6,5,1
2014-10-14 21:00:00,3,2,1
2014-10-14 22:00:00,0,0,0
2014-10-14 23:00:00,0,0,0
2014-10-15 00:00:00,0,0,0
2014-10-15 01:00:00,0,0,0
2014-10-15 02:00:00,0,0,0
2014-10-15 03:00:00,1,1,0
2014-10-15 04:00:00,4,2,2
2014-10-15 05:00:00,12,6,6
2014-10-15 06:00:00,39,20,19
2014-10-15 07:00:00,34,14,20
2014-10-15 08:00:00,16,6,10
2014-10-15 09:00:00,8,5,3
2014-10-15 10:00:00,8,2,6
2014-10-15 11:00:00,8,3,5
2014-10-15 12:00:00,10,7,3
2014-10-15 13:00:00,6,2,4
2014-10-15 14:00:00,6,4,2
2014-10-15 15:00:00,24,11,13
2014-10-15 16:00:00,42,18,24
2014-10-15 17:00:00,37,25,12
2014-10-15 18:00:00,20,18,2
2014-10-15 19:00:00,8,7,1
2014-10-15 20:00:00,2,1,1
2014-10-15 21:00:00,0,0,0
2014-10-15 22:00:00,0,0,0
2014-10-15 23:00:00,1,1,0
2014-10-16 00:00:00,0,0,0
2014-10-16 01:00:00,1,0,1
2014-10-16 02:00:00,0,0,0
2014-10-16 03:00:00,1,1,0
2014-10-16 04:00:00,7,4,3
2014-10-16 05:00:00,16,9,7
2014-10-16 06:00:00,51,26,25
2014-10-16 07:00:00,63,29,34
2014-10-16 08:00:00,46,21,25
2014-10-16 09:00:00,22,11,11
2014-10-16 10:00:00,19,6,13
2014-10-16 11:00:00,32,15,17
2014-10-16 12:00:00,20,8,12
2014-10-16 13:00:00,35,16,19
2014-10-16 14:00:00,40,24,16
2014-10-16 15:00:00,68,31,37
2014-10-16 16:00:00,107,52,55
2014-10-16 17:00:00,97,60,37
2014-10-16 18:00:00,25,19,6
2014-10-16 19:00:00,12,8,4
2014-10-16 20:00:00,2,2,0
2014-10-16 21:00:00,10,8,2
2014-10-16 22:00:00,0,0,0
2014-10-16 23:00:00,0,0,0
2014-10-17 00:00:00,0,0,0
2014-10-17 01:00:00,0,0,0
2014-10-17 02:00:00,0,0,0
2014-10-17 03:00:00,1,1,0
2014-10-17 04:00:00,7,4,3
2014-10-17 05:00:00,12,8,4
2014-10-17 06:00:00,40,23,17
2014-10-17 07:00:00,29,15,14
2014-10-17 08:00:00,32,11,21
2014-10-17 09:00:00,17,8,9
2014-10-17 10:00:00,5,2,3
2014-10-17 11:00:00,11,5,6
2014-10-17 12:00:00,5,2,3
2014-10-17 13:00:00,3,2,1
2014-10-17 14:00:00,6,3,3
2014-10-17 15:00:00,23,11,12
2014-10-17 16:00:00,42,21,21
2014-10-17 17:00:00,34,23,11
2014-10-17 18:00:00,13,7,6
2014-10-17 19:00:00,9,6,3
2014-10-17 20:00:00,0,0,0
2014-10-17 21:00:00,0,0,0
2014-10-17 22:00:00,1,0,1
2014-10-17 23:00:00,1,1,0
2014-10-18 00:00:00,1,0,1
2014-10-18 01:00:00,1,1,0
2014-10-18 02:00:00,0,0,0
2014-10-18 03:00:00,0,0,0
2014-10-18 04:00:00,0,0,0
2014-10-18 05:00:00,1,0,1
2014-10-18 06:00:00,0,0,0
2014-10-18 07:00:00,19,4,15
2014-10-18 08:00:00,23,9,14
2014-10-18 09:00:00,39,10,29
2014-10-18 10:00:00,96,61,35
2014-10-18 11:00:00,42,25,17
2014-10-18 12:00:00,33,20,13
2014-10-18 13:00:00,24,10,14
2014-10-18 14:00:00,33,17,16
2014-10-18 15:00:00,32,21,11
2014-10-18 16:00:00,22,16,6
2014-10-18 17:00:00,10,5,5
2014-10-18 18:00:00,8,8,0
2014-10-18 19:00:00,0,0,0
2014-10-18 20:00:00,0,0,0
2014-10-18 21:00:00,0,0,0
2014-10-18 22:00:00,0,0,0
2014-10-18 23:00:00,1,1,0
2014-10-19 00:00:00,0,0,0
2014-10-19 01:00:00,0,0,0
2014-10-19 02:00:00,3,1,2
2014-10-19 03:00:00,0,0,0
2014-10-19 04:00:00,1,1,0
2014-10-19 05:00:00,4,1,3
2014-10-19 06:00:00,20,3,17
2014-10-19 07:00:00,57,14,43
2014-10-19 08:00:00,72,25,47
2014-10-19 09:00:00,102,47,55
2014-10-19 10:00:00,124,69,55
2014-10-19 11:00:00,109,55,54
2014-10-19 12:00:00,118,64,54
2014-10-19 13:00:00,133,60,73
2014-10-19 14:00:00,119,65,54
2014-10-19 15:00:00,101,51,50
2014-10-19 16:00:00,55,33,22
2014-10-19 17:00:00,30,24,6
2014-10-19 18:00:00,11,8,3
2014-10-19 19:00:00,3,2,1
2014-10-19 20:00:00,1,0,1
2014-10-19 21:00:00,1,1,0
2014-10-19 22:00:00,0,0,0
2014-10-19 23:00:00,0,0,0
2014-10-20 00:00:00,1,1,0
2014-10-20 01:00:00,0,0,0
2014-10-20 02:00:00,0,0,0
2014-10-20 03:00:00,1,1,0
2014-10-20 04:00:00,6,4,2
2014-10-20 05:00:00,14,10,4
2014-10-20 06:00:00,36,18,18
2014-10-20 07:00:00,39,23,16
2014-10-20 08:00:00,30,15,15
2014-10-20 09:00:00,8,1,7
2014-10-20 10:00:00,10,2,8
2014-10-20 11:00:00,10,7,3
2014-10-20 12:00:00,12,2,10
2014-10-20 13:00:00,5,2,3
2014-10-20 14:00:00,18,10,8
2014-10-20 15:00:00,27,16,11
2014-10-20 16:00:00,57,26,31
2014-10-20 17:00:00,55,34,21
2014-10-20 18:00:00,25,21,4
2014-10-20 19:00:00,10,7,3
2014-10-20 20:00:00,1,1,0
2014-10-20 21:00:00,0,0,0
2014-10-20 22:00:00,1,1,0
2014-10-20 23:00:00,0,0,0
2014-10-21 00:00:00,0,0,0
2014-10-21 01:00:00,1,0,1
2014-10-21 02:00:00,1,1,0
2014-10-21 03:00:00,1,1,0
2014-10-21 04:00:00,6,4,2
2014-10-21 05:00:00,16,13,3
2014-10-21 06:00:00,39,21,18
2014-10-21 07:00:00,50,25,25
2014-10-21 08:00:00,30,13,17
2014-10-21 09:00:00,23,7,16
2014-10-21 10:00:00,20,8,12
2014-10-21 11:00:00,22,10,12
2014-10-21 12:00:00,16,8,8
2014-10-21 13:00:00,12,6,6
2014-10-21 14:00:00,20,7,13
2014-10-21 15:00:00,31,17,14
2014-10-21 16:00:00,69,23,46
2014-10-21 17:00:00,66,44,22
2014-10-21 18:00:00,26,14,12
2014-10-21 19:00:00,14,12,2
2014-10-21 20:00:00,5,0,5
2014-10-21 21:00:00,3,3,0
2014-10-21 22:00:00,0,0,0
2014-10-21 23:00:00,0,0,0
2014-10-22 00:00:00,0,0,0
2014-10-22 01:00:00,0,0,0
2014-10-22 02:00:00,0,0,0
2014-10-22 03:00:00,1,1,0
2014-10-22 04:00:00,2,0,2
2014-10-22 05:00:00,9,4,5
2014-10-22 06:00:00,32,18,14
2014-10-22 07:00:00,35,17,18
2014-10-22 08:00:00,20,8,12
2014-10-22 09:00:00,8,3,5
2014-10-22 10:00:00,4,1,3
2014-10-22 11:00:00,3,0,3
2014-10-22 12:00:00,5,2,3
2014-10-22 13:00:00,2,2,0
2014-10-22 14:00:00,6,3,3
2014-10-22 15:00:00,9,4,5
2014-10-22 16:00:00,32,14,18
2014-10-22 17:00:00,40,31,9
2014-10-22 18:00:00,22,15,7
2014-10-22 19:00:00,3,1,2
2014-10-22 20:00:00,1,0,1
2014-10-22 21:00:00,0,0,0
2014-10-22 22:00:00,1,1,0
2014-10-22 23:00:00,0,0,0
2014-10-23 00:00:00,0,0,0
2014-10-23 01:00:00,0,0,0
2014-10-23 02:00:00,0,0,0
2014-10-23 03:00:00,2,2,0
2014-10-23 04:00:00,4,3,1
2014-10-23 05:00:00,11,8,3
2014-10-23 06:00:00,25,12,13
2014-10-23 07:00:00,28,12,16
2014-10-23 08:00:00,20,6,14
2014-10-23 09:00:00,3,1,2
2014-10-23 10:00:00,10,4,6
2014-10-23 11:00:00,3,0,3
2014-10-23 12:00:00,14,5,9
2014-10-23 13:00:00,15,9,6
2014-10-23 14:00:00,14,5,9
2014-10-23 15:00:00,15,10,5
2014-10-23 16:00:00,39,12,27
2014-10-23 17:00:00,26,14,12
2014-10-23 18:00:00,25,18,7
2014-10-23 19:00:00,5,3,2
2014-10-23 20:00:00,4,4,0
2014-10-23 21:00:00,2,2,0
2014-10-23 22:00:00,1,0,1
2014-10-23 23:00:00,0,0,0
2014-10-24 00:00:00,0,0,0
2014-10-24 01:00:00,2,2,0
2014-10-24 02:00:00,0,0,0
2014-10-24 03:00:00,1,1,0
2014-10-24 04:00:00,8,5,3
2014-10-24 05:00:00,18,14,4
2014-10-24 06:00:00,41,21,20
2014-10-24 07:00:00,44,22,22
2014-10-24 08:00:00,42,16,26
2014-10-24 09:00:00,20,7,13
2014-10-24 10:00:00,22,11,11
2014-10-24 11:00:00,40,16,24
2014-10-24 12:00:00,37,20,17
2014-10-24 13:00:00,19,9,10
2014-10-24 14:00:00,37,20,17
2014-10-24 15:00:00,52,23,29
2014-10-24 16:00:00,72,40,32
2014-10-24 17:00:00,52,29,23
2014-10-24 18:00:00,27,19,8
2014-10-24 19:00:00,6,4,2
2014-10-24 20:00:00,0,0,0
2014-10-24 21:00:00,1,1,0
2014-10-24 22:00:00,0,0,0
2014-10-24 23:00:00,0,0,0
2014-10-25 00:00:00,0,0,0
2014-10-25 01:00:00,0,0,0
2014-10-25 02:00:00,0,0,0
2014-10-25 03:00:00,0,0,0
2014-10-25 04:00:00,0,0,0
2014-10-25 05:00:00,3,0,3
2014-10-25 06:00:00,8,4,4
2014-10-25 07:00:00,19,8,11
2014-10-25 08:00:00,33,15,18
2014-10-25 09:00:00,27,21,6
2014-10-25 10:00:00,65,48,17
2014-10-25 11:00:00,42,27,15
2014-10-25 12:00:00,19,5,14
2014-10-25 13:00:00,28,23,5
2014-10-25 14:00:00,12,7,5
2014-10-25 15:00:00,14,8,6
2014-10-25 16:00:00,7,4,3
2014-10-25 17:00:00,5,2,3
2014-10-25 18:00:00,0,0,0
2014-10-25 19:00:00,2,1,1
2014-10-25 20:00:00,0,0,0
2014-10-25 21:00:00,0,0,0
2014-10-25 22:00:00,1,1,0
2014-10-25 23:00:00,0,0,0
2014-10-26 00:00:00,0,0,0
2014-10-26 01:00:00,1,0,1
2014-10-26 02:00:00,1,1,0
2014-10-26 03:00:00,0,0,0
2014-10-26 04:00:00,0,0,0
2014-10-26 05:00:00,2,0,2
2014-10-26 06:00:00,2,0,2
2014-10-26 07:00:00,6,3,3
2014-10-26 08:00:00,27,14,13
2014-10-26 09:00:00,31,14,17
2014-10-26 10:00:00,33,24,9
2014-10-26 11:00:00,22,11,11
2014-10-26 12:00:00,13,9,4
2014-10-26 13:00:00,15,4,11
2014-10-26 14:00:00,26,11,15
2014-10-26 15:00:00,18,9,9
2014-10-26 16:00:00,20,16,4
2014-10-26 17:00:00,9,4,5
2014-10-26 18:00:00,4,3,1
2014-10-26 19:00:00,0,0,0
2014-10-26 20:00:00,0,0,0
2014-10-26 21:00:00,1,1,0
2014-10-26 22:00:00,0,0,0
2014-10-26 23:00:00,0,0,0
2014-10-27 00:00:00,1,1,0
2014-10-27 01:00:00,0,0,0
2014-10-27 02:00:00,0,0,0
2014-10-27 03:00:00,1,1,0
2014-10-27 04:00:00,6,3,3
2014-10-27 05:00:00,13,9,4
2014-10-27 06:00:00,47,23,24
2014-10-27 07:00:00,55,26,29
2014-10-27 08:00:00,34,18,16
2014-10-27 09:00:00,15,7,8
2014-10-27 10:00:00,24,5,19
2014-10-27 11:00:00,19,14,5
2014-10-27 12:00:00,30,12,18
2014-10-27 13:00:00,37,17,20
2014-10-27 14:00:00,36,17,19
2014-10-27 15:00:00,39,19,20
2014-10-27 16:00:00,89,41,48
2014-10-27 17:00:00,63,40,23
2014-10-27 18:00:00,26,19,7
2014-10-27 19:00:00,12,8,4
2014-10-27 20:00:00,1,0,1
2014-10-27 21:00:00,1,1,0
2014-10-27 22:00:00,1,1,0
2014-10-27 23:00:00,0,0,0
2014-10-28 00:00:00,1,1,0
2014-10-28 01:00:00,0,0,0
2014-10-28 02:00:00,0,0,0
2014-10-28 03:00:00,1,1,0
2014-10-28 04:00:00,3,2,1
2014-10-28 05:00:00,9,8,1
2014-10-28 06:00:00,23,9,14
2014-10-28 07:00:00,22,10,12
2014-10-28 08:00:00,21,10,11
2014-10-28 09:00:00,10,2,8
2014-10-28 10:00:00,7,4,3
2014-10-28 11:00:00,3,1,2
2014-10-28 12:00:00,3,1,2
2014-10-28 13:00:00,4,0,4
2014-10-28 14:00:00,9,6,3
2014-10-28 15:00:00,16,9,7
2014-10-28 16:00:00,41,15,26
2014-10-28 17:00:00,49,29,20
2014-10-28 18:00:00,14,10,4
2014-10-28 19:00:00,10,7,3
2014-10-28 20:00:00,6,3,3
2014-10-28 21:00:00,1,1,0
2014-10-28 22:00:00,2,2,0
2014-10-28 23:00:00,2,1,1
2014-10-29 00:00:00,1,1,0
2014-10-29 01:00:00,0,0,0
2014-10-29 02:00:00,0,0,0
2014-10-29 03:00:00,2,1,1
2014-10-29 04:00:00,5,3,2
2014-10-29 05:00:00,13,7,6
2014-10-29 06:00:00,42,22,20
2014-10-29 07:00:00,58,29,29
2014-10-29 08:00:00,35,14,21
2014-10-29 09:00:00,21,10,11
2014-10-29 10:00:00,24,9,15
2014-10-29 11:00:00,28,16,12
2014-10-29 12:00:00,21,6,15
2014-10-29 13:00:00,36,13,23
2014-10-29 14:00:00,33,21,12
2014-10-29 15:00:00,46,20,26
2014-10-29 16:00:00,84,38,46
2014-10-29 17:00:00,67,42,25
2014-10-29 18:00:00,32,23,9
2014-10-29 19:00:00,12,8,4
2014-10-29 20:00:00,6,4,2
2014-10-29 21:00:00,3,1,2
2014-10-29 22:00:00,0,0,0
2014-10-29 23:00:00,1,0,1
2014-10-30 00:00:00,0,0,0
2014-10-30 01:00:00,1,1,0
2014-10-30 02:00:00,0,0,0
2014-10-30 03:00:00,1,1,0
2014-10-30 04:00:00,5,2,3
2014-10-30 05:00:00,17,12,5
2014-10-30 06:00:00,25,11,14
2014-10-30 07:00:00,38,24,14
2014-10-30 08:00:00,27,12,15
2014-10-30 09:00:00,10,5,5
2014-10-30 10:00:00,9,3,6
2014-10-30 11:00:00,3,2,1
2014-10-30 12:00:00,2,1,1
2014-10-30 13:00:00,3,1,2
2014-10-30 14:00:00,7,2,5
2014-10-30 15:00:00,18,10,8
2014-10-30 16:00:00,39,17,22
2014-10-30 17:00:00,39,24,15
2014-10-30 18:00:00,12,6,6
2014-10-30 19:00:00,8,7,1
2014-10-30 20:00:00,4,1,3
2014-10-30 21:00:00,1,1,0
2014-10-30 22:00:00,0,0,0
2014-10-30 23:00:00,0,0,0
2014-10-31 00:00:00,1,1,0
2014-10-31 01:00:00,0,0,0
2014-10-31 02:00:00,0,0,0
2014-10-31 03:00:00,0,0,0
2014-10-31 04:00:00,5,4,1
2014-10-31 05:00:00,4,3,1
2014-10-31 06:00:00,21,9,12
2014-10-31 07:00:00,18,5,13
2014-10-31 08:00:00,20,11,9
2014-10-31 09:00:00,6,1,5
2014-10-31 10:00:00,3,2,1
2014-10-31 11:00:00,6,2,4
2014-10-31 12:00:00,9,5,4
2014-10-31 13:00:00,6,1,5
2014-10-31 14:00:00,20,10,10
2014-10-31 15:00:00,33,17,16
2014-10-31 16:00:00,35,19,16
2014-10-31 17:00:00,25,17,8
2014-10-31 18:00:00,12,8,4
2014-10-31 19:00:00,5,3,2
2014-10-31 20:00:00,1,1,0
2014-10-31 21:00:00,2,1,1
2014-10-31 22:00:00,0,0,0
2014-10-31 23:00:00,0,0,0
2014-11-01 00:00:00,0,0,0
2014-11-01 01:00:00,1,0,1
2014-11-01 02:00:00,0,0,0
2014-11-01 03:00:00,0,0,0
2014-11-01 04:00:00,1,0,1
2014-11-01 05:00:00,1,1,0
2014-11-01 06:00:00,3,1,2
2014-11-01 07:00:00,32,12,20
2014-11-01 08:00:00,117,60,57
2014-11-01 09:00:00,122,69,53
2014-11-01 10:00:00,130,70,60
2014-11-01 11:00:00,123,94,29
2014-11-01 12:00:00,62,39,23
2014-11-01 13:00:00,64,38,26
2014-11-01 14:00:00,57,27,30
2014-11-01 15:00:00,58,32,26
2014-11-01 16:00:00,33,22,11
2014-11-01 17:00:00,15,11,4
2014-11-01 18:00:00,4,4,0
2014-11-01 19:00:00,1,1,0
2014-11-01 20:00:00,1,0,1
2014-11-01 21:00:00,1,1,0
2014-11-01 22:00:00,0,0,0
2014-11-01 23:00:00,3,3,0
2014-11-02 00:00:00,2,1,1
2014-11-02 01:00:00,1,1,0
2014-11-02 02:00:00,0,0,0
2014-11-02 03:00:00,0,0,0
2014-11-02 04:00:00,0,0,0
2014-11-02 05:00:00,6,1,5
2014-11-02 06:00:00,22,4,18
2014-11-02 07:00:00,30,13,17
2014-11-02 08:00:00,95,56,39
2014-11-02 09:00:00,80,52,28
2014-11-02 10:00:00,100,71,29
2014-11-02 11:00:00,75,27,48
2014-11-02 12:00:00,97,40,57
2014-11-02 13:00:00,23,13,10
2014-11-02 14:00:00,9,5,4
2014-11-02 15:00:00,7,5,2
2014-11-02 16:00:00,6,3,3
2014-11-02 17:00:00,0,0,0
2014-11-02 18:00:00,4,4,0
2014-11-02 19:00:00,1,1,0
2014-11-02 20:00:00,2,1,1
2014-11-02 21:00:00,0,0,0
2014-11-02 22:00:00,0,0,0
2014-11-02 23:00:00,0,0,0
2014-11-03 00:00:00,0,0,0
2014-11-03 01:00:00,2,2,0
2014-11-03 02:00:00,0,0,0
2014-11-03 03:00:00,1,1,0
2014-11-03 04:00:00,9,4,5
2014-11-03 05:00:00,12,6,6
2014-11-03 06:00:00,38,18,20
2014-11-03 07:00:00,55,27,28
2014-11-03 08:00:00,18,8,10
2014-11-03 09:00:00,6,1,5
2014-11-03 10:00:00,0,0,0
2014-11-03 11:00:00,5,1,4
2014-11-03 12:00:00,4,3,1
2014-11-03 13:00:00,2,1,1
2014-11-03 14:00:00,3,1,2
2014-11-03 15:00:00,8,2,6
2014-11-03 16:00:00,25,12,13
2014-11-03 17:00:00,44,19,25
2014-11-03 18:00:00,47,28,19
2014-11-03 19:00:00,18,14,4
2014-11-03 20:00:00,5,3,2
2014-11-03 21:00:00,4,3,1
2014-11-03 22:00:00,1,0,1
2014-11-03 23:00:00,0,0,0
2014-11-04 00:00:00,3,2,1
2014-11-04 01:00:00,0,0,0
2014-11-04 02:00:00,0,0,0
2014-11-04 03:00:00,0,0,0
2014-11-04 04:00:00,1,1,0
2014-11-04 05:00:00,5,3,2
2014-11-04 06:00:00,12,9,3
2014-11-04 07:00:00,37,20,17
2014-11-04 08:00:00,43,24,19
2014-11-04 09:00:00,31,8,23
2014-11-04 10:00:00,14,6,8
2014-11-04 11:00:00,7,5,2
2014-11-04 12:00:00,6,2,4
2014-11-04 13:00:00,12,6,6
2014-11-04 14:00:00,15,6,9
2014-11-04 15:00:00,17,8,9
2014-11-04 16:00:00,22,9,13
2014-11-04 17:00:00,57,29,28
2014-11-04 18:00:00,45,27,18
2014-11-04 19:00:00,31,20,11
2014-11-04 20:00:00,7,4,3
2014-11-04 21:00:00,2,0,2
2014-11-04 22:00:00,5,1,4
2014-11-04 23:00:00,2,2,0
2014-11-05 00:00:00,1,0,1
2014-11-05 01:00:00,0,0,0
2014-11-05 02:00:00,0,0,0
2014-11-05 03:00:00,0,0,0
2014-11-05 04:00:00,1,1,0
2014-11-05 05:00:00,11,6,5
2014-11-05 06:00:00,16,14,2
2014-11-05 07:00:00,49,26,23
2014-11-05 08:00:00,66,34,32
2014-11-05 09:00:00,41,21,20
2014-11-05 10:00:00,29,12,17
2014-11-05 11:00:00,29,12,17
2014-11-05 12:00:00,18,11,7
2014-11-05 13:00:00,23,13,10
2014-11-05 14:00:00,13,6,7
2014-11-05 15:00:00,14,7,7
2014-11-05 16:00:00,33,13,20
2014-11-05 17:00:00,59,25,34
2014-11-05 18:00:00,35,23,12
2014-11-05 19:00:00,23,16,7
2014-11-05 20:00:00,9,5,4
2014-11-05 21:00:00,6,4,2
2014-11-05 22:00:00,0,0,0
2014-11-05 23:00:00,1,1,0
2014-11-06 00:00:00,0,0,0
2014-11-06 01:00:00,0,0,0
2014-11-06 02:00:00,0,0,0
2014-11-06 03:00:00,0,0,0
2014-11-06 04:00:00,1,1,0
2014-11-06 05:00:00,4,3,1
2014-11-06 06:00:00,14,12,2
2014-11-06 07:00:00,27,16,11
2014-11-06 08:00:00,27,14,13
2014-11-06 09:00:00,16,5,11
2014-11-06 10:00:00,9,4,5
2014-11-06 11:00:00,10,2,8
2014-11-06 12:00:00,9,6,3
2014-11-06 13:00:00,3,2,1
2014-11-06 14:00:00,6,3,3
2014-11-06 15:00:00,13,7,6
2014-11-06 16:00:00,15,7,8
2014-11-06 17:00:00,47,23,24
2014-11-06 18:00:00,32,23,9
2014-11-06 19:00:00,13,10,3
2014-11-06 20:00:00,9,5,4
2014-11-06 21:00:00,3,3,0
2014-11-06 22:00:00,2,1,1
2014-11-06 23:00:00,1,1,0
2014-11-07 00:00:00,0,0,0
2014-11-07 01:00:00,1,1,0
2014-11-07 02:00:00,0,0,0
2014-11-07 03:00:00,0,0,0
2014-11-07 04:00:00,1,1,0
2014-11-07 05:00:00,9,5,4
2014-11-07 06:00:00,23,17,6
2014-11-07 07:00:00,58,27,31
2014-11-07 08:00:00,57,38,19
2014-11-07 09:00:00,39,19,20
2014-11-07 10:00:00,27,11,16
2014-11-07 11:00:00,31,13,18
2014-11-07 12:00:00,45,21,24
2014-11-07 13:00:00,45,25,20
2014-11-07 14:00:00,43,22,21
2014-11-07 15:00:00,46,21,25
2014-11-07 16:00:00,60,31,29
2014-11-07 17:00:00,77,46,31
2014-11-07 18:00:00,50,30,20
2014-11-07 19:00:00,16,6,10
2014-11-07 20:00:00,6,4,2
2014-11-07 21:00:00,2,1,1
2014-11-07 22:00:00,3,2,1
2014-11-07 23:00:00,0,0,0
2014-11-08 00:00:00,0,0,0
2014-11-08 01:00:00,0,0,0
2014-11-08 02:00:00,2,2,0
2014-11-08 03:00:00,0,0,0
2014-11-08 04:00:00,0,0,0
2014-11-08 05:00:00,0,0,0
2014-11-08 06:00:00,7,0,7
2014-11-08 07:00:00,8,6,2
2014-11-08 08:00:00,53,10,43
2014-11-08 09:00:00,70,27,43
2014-11-08 10:00:00,91,43,48
2014-11-08 11:00:00,119,68,51
2014-11-08 12:00:00,105,69,36
2014-11-08 13:00:00,113,66,47
2014-11-08 14:00:00,114,62,52
2014-11-08 15:00:00,116,69,47
2014-11-08 16:00:00,71,46,25
2014-11-08 17:00:00,30,28,2
2014-11-08 18:00:00,5,4,1
2014-11-08 19:00:00,3,1,2
2014-11-08 20:00:00,2,0,2
2014-11-08 21:00:00,0,0,0
2014-11-08 22:00:00,1,1,0
2014-11-08 23:00:00,0,0,0
2014-11-09 00:00:00,0,0,0
2014-11-09 01:00:00,0,0,0
2014-11-09 02:00:00,0,0,0
2014-11-09 03:00:00,1,1,0
2014-11-09 04:00:00,0,0,0
2014-11-09 05:00:00,0,0,0
2014-11-09 06:00:00,1,0,1
2014-11-09 07:00:00,5,2,3
2014-11-09 08:00:00,5,1,4
2014-11-09 09:00:00,14,7,7
2014-11-09 10:00:00,20,9,11
2014-11-09 11:00:00,28,21,7
2014-11-09 12:00:00,18,4,14
2014-11-09 13:00:00,37,24,13
2014-11-09 14:00:00,25,20,5
2014-11-09 15:00:00,11,6,5
2014-11-09 16:00:00,8,6,2
2014-11-09 17:00:00,1,1,0
2014-11-09 18:00:00,3,3,0
2014-11-09 19:00:00,4,2,2
2014-11-09 20:00:00,2,1,1
2014-11-09 21:00:00,1,1,0
2014-11-09 22:00:00,1,1,0
2014-11-09 23:00:00,0,0,0
2014-11-10 00:00:00,0,0,0
2014-11-10 01:00:00,0,0,0
2014-11-10 02:00:00,1,1,0
2014-11-10 03:00:00,0,0,0
2014-11-10 04:00:00,1,1,0
2014-11-10 05:00:00,7,4,3
2014-11-10 06:00:00,9,8,1
2014-11-10 07:00:00,51,29,22
2014-11-10 08:00:00,67,32,35
2014-11-10 09:00:00,27,14,13
2014-11-10 10:00:00,21,9,12
2014-11-10 11:00:00,11,5,6
2014-11-10 12:00:00,20,9,11
2014-11-10 13:00:00,29,10,19
2014-11-10 14:00:00,44,21,23
2014-11-10 15:00:00,34,19,15
2014-11-10 16:00:00,43,25,18
2014-11-10 17:00:00,68,34,34
2014-11-10 18:00:00,67,42,25
2014-11-10 19:00:00,25,19,6
2014-11-10 20:00:00,6,4,2
2014-11-10 21:00:00,9,7,2
2014-11-10 22:00:00,5,3,2
2014-11-10 23:00:00,0,0,0
2014-11-11 00:00:00,0,0,0
2014-11-11 01:00:00,0,0,0
2014-11-11 02:00:00,0,0,0
2014-11-11 03:00:00,0,0,0
2014-11-11 04:00:00,0,0,0
2014-11-11 05:00:00,6,4,2
2014-11-11 06:00:00,10,8,2
2014-11-11 07:00:00,31,14,17
2014-11-11 08:00:00,46,22,24
2014-11-11 09:00:00,41,17,24
2014-11-11 10:00:00,31,8,23
2014-11-11 11:00:00,35,16,19
2014-11-11 12:00:00,32,21,11
2014-11-11 13:00:00,27,12,15
2014-11-11 14:00:00,31,17,14
2014-11-11 15:00:00,31,14,17
2014-11-11 16:00:00,39,19,20
2014-11-11 17:00:00,50,25,25
2014-11-11 18:00:00,50,35,15
2014-11-11 19:00:00,12,10,2
2014-11-11 20:00:00,6,5,1
2014-11-11 21:00:00,2,1,1
2014-11-11 22:00:00,1,1,0
2014-11-11 23:00:00,0,0,0
2014-11-12 00:00:00,0,0,0
2014-11-12 01:00:00,0,0,0
2014-11-12 02:00:00,0,0,0
2014-11-12 03:00:00,0,0,0
2014-11-12 04:00:00,1,1,0
2014-11-12 05:00:00,7,4,3
2014-11-12 06:00:00,10,8,2
2014-11-12 07:00:00,34,16,18
2014-11-12 08:00:00,46,23,23
2014-11-12 09:00:00,25,14,11
2014-11-12 10:00:00,9,3,6
2014-11-12 11:00:00,13,5,8
2014-11-12 12:00:00,14,10,4
2014-11-12 13:00:00,9,3,6
2014-11-12 14:00:00,7,4,3
2014-11-12 15:00:00,13,4,9
2014-11-12 16:00:00,30,12,18
2014-11-12 17:00:00,52,27,25
2014-11-12 18:00:00,38,21,17
2014-11-12 19:00:00,15,11,4
2014-11-12 20:00:00,5,4,1
2014-11-12 21:00:00,1,1,0
2014-11-12 22:00:00,3,2,1
2014-11-12 23:00:00,0,0,0
2014-11-13 00:00:00,0,0,0
2014-11-13 01:00:00,0,0,0
2014-11-13 02:00:00,0,0,0
2014-11-13 03:00:00,0,0,0
2014-11-13 04:00:00,1,1,0
2014-11-13 05:00:00,5,4,1
2014-11-13 06:00:00,6,3,3
2014-11-13 07:00:00,27,14,13
2014-11-13 08:00:00,42,22,20
2014-11-13 09:00:00,16,4,12
2014-11-13 10:00:00,9,5,4
2014-11-13 11:00:00,17,6,11
2014-11-13 12:00:00,11,5,6
2014-11-13 13:00:00,13,6,7
2014-11-13 14:00:00,12,7,5
2014-11-13 15:00:00,19,12,7
2014-11-13 16:00:00,30,12,18
2014-11-13 17:00:00,38,25,13
2014-11-13 18:00:00,42,27,15
2014-11-13 19:00:00,16,9,7
2014-11-13 20:00:00,7,6,1
2014-11-13 21:00:00,4,2,2
2014-11-13 22:00:00,2,1,1
2014-11-13 23:00:00,1,0,1
2014-11-14 00:00:00,0,0,0
2014-11-14 01:00:00,0,0,0
2014-11-14 02:00:00,1,1,0
2014-11-14 03:00:00,0,0,0
2014-11-14 04:00:00,2,2,0
2014-11-14 05:00:00,6,4,2
2014-11-14 06:00:00,11,9,2
2014-11-14 07:00:00,29,17,12
2014-11-14 08:00:00,31,17,14
2014-11-14 09:00:00,22,11,11
2014-11-14 10:00:00,17,10,7
2014-11-14 11:00:00,15,3,12
2014-11-14 12:00:00,18,7,11
2014-11-14 13:00:00,16,9,7
2014-11-14 14:00:00,32,14,18
2014-11-14 15:00:00,31,19,12
2014-11-14 16:00:00,36,15,21
2014-11-14 17:00:00,41,17,24
2014-11-14 18:00:00,33,24,9
2014-11-14 19:00:00,12,4,8
2014-11-14 20:00:00,3,1,2
2014-11-14 21:00:00,2,2,0
2014-11-14 22:00:00,1,1,0
2014-11-14 23:00:00,1,1,0
2014-11-15 00:00:00,2,2,0
2014-11-15 01:00:00,3,2,1
2014-11-15 02:00:00,1,1,0
2014-11-15 03:00:00,0,0,0
2014-11-15 04:00:00,0,0,0
2014-11-15 05:00:00,4,2,2
2014-11-15 06:00:00,1,0,1
2014-11-15 07:00:00,2,2,0
2014-11-15 08:00:00,3,2,1
2014-11-15 09:00:00,51,27,24
2014-11-15 10:00:00,78,38,40
2014-11-15 11:00:00,81,45,36
2014-11-15 12:00:00,117,75,42
2014-11-15 13:00:00,111,65,46
2014-11-15 14:00:00,71,48,23
2014-11-15 15:00:00,45,27,18
2014-11-15 16:00:00,31,27,4
2014-11-15 17:00:00,4,2,2
2014-11-15 18:00:00,5,1,4
2014-11-15 19:00:00,2,2,0
2014-11-15 20:00:00,0,0,0
2014-11-15 21:00:00,0,0,0
2014-11-15 22:00:00,0,0,0
2014-11-15 23:00:00,1,0,1
2014-11-16 00:00:00,0,0,0
2014-11-16 01:00:00,1,1,0
2014-11-16 02:00:00,0,0,0
2014-11-16 03:00:00,0,0,0
2014-11-16 04:00:00,0,0,0
2014-11-16 05:00:00,0,0,0
2014-11-16 06:00:00,1,1,0
2014-11-16 07:00:00,10,5,5
2014-11-16 08:00:00,16,3,13
2014-11-16 09:00:00,20,11,9
2014-11-16 10:00:00,41,18,23
2014-11-16 11:00:00,49,28,21
2014-11-16 12:00:00,63,36,27
2014-11-16 13:00:00,47,32,15
2014-11-16 14:00:00,72,32,40
2014-11-16 15:00:00,69,39,30
2014-11-16 16:00:00,31,24,7
2014-11-16 17:00:00,12,9,3
2014-11-16 18:00:00,8,6,2
2014-11-16 19:00:00,7,4,3
2014-11-16 20:00:00,0,0,0
2014-11-16 21:00:00,0,0,0
2014-11-16 22:00:00,0,0,0
2014-11-16 23:00:00,0,0,0
2014-11-17 00:00:00,0,0,0
2014-11-17 01:00:00,0,0,0
2014-11-17 02:00:00,1,1,0
2014-11-17 03:00:00,0,0,0
2014-11-17 04:00:00,2,2,0
2014-11-17 05:00:00,5,2,3
2014-11-17 06:00:00,14,10,4
2014-11-17 07:00:00,43,20,23
2014-11-17 08:00:00,46,32,14
2014-11-17 09:00:00,31,12,19
2014-11-17 10:00:00,15,5,10
2014-11-17 11:00:00,27,7,20
2014-11-17 12:00:00,22,15,7
2014-11-17 13:00:00,16,10,6
2014-11-17 14:00:00,21,9,12
2014-11-17 15:00:00,32,15,17
2014-11-17 16:00:00,31,14,17
2014-11-17 17:00:00,54,23,31
2014-11-17 18:00:00,53,29,24
2014-11-17 19:00:00,21,17,4
2014-11-17 20:00:00,5,3,2
2014-11-17 21:00:00,4,3,1
2014-11-17 22:00:00,1,1,0
2014-11-17 23:00:00,0,0,0
2014-11-18 00:00:00,0,0,0
2014-11-18 01:00:00,0,0,0
2014-11-18 02:00:00,0,0,0
2014-11-18 03:00:00,0,0,0
2014-11-18 04:00:00,2,2,0
2014-11-18 05:00:00,4,3,1
2014-11-18 06:00:00,8,7,1
2014-11-18 07:00:00,37,20,17
2014-11-18 08:00:00,43,15,28
2014-11-18 09:00:00,29,13,16
2014-11-18 10:00:00,21,11,10
2014-11-18 11:00:00,25,11,14
2014-11-18 12:00:00,12,7,5
2014-11-18 13:00:00,19,10,9
2014-11-18 14:00:00,19,7,12
2014-11-18 15:00:00,16,9,7
2014-11-18 16:00:00,31,13,18
2014-11-18 17:00:00,45,22,23
2014-11-18 18:00:00,42,27,15
2014-11-18 19:00:00,21,15,6
2014-11-18 20:00:00,9,6,3
2014-11-18 21:00:00,3,3,0
2014-11-18 22:00:00,1,1,0
2014-11-18 23:00:00,0,0,0
2014-11-19 00:00:00,0,0,0
2014-11-19 01:00:00,0,0,0
2014-11-19 02:00:00,0,0,0
2014-11-19 03:00:00,0,0,0
2014-11-19 04:00:00,2,2,0
2014-11-19 05:00:00,5,3,2
2014-11-19 06:00:00,22,12,10
2014-11-19 07:00:00,50,20,30
2014-11-19 08:00:00,53,28,25
2014-11-19 09:00:00,33,19,14
2014-11-19 10:00:00,19,3,16
2014-11-19 11:00:00,21,8,13
2014-11-19 12:00:00,28,9,19
2014-11-19 13:00:00,32,14,18
2014-11-19 14:00:00,14,8,6
2014-11-19 15:00:00,24,12,12
2014-11-19 16:00:00,32,20,12
2014-11-19 17:00:00,56,25,31
2014-11-19 18:00:00,53,38,15
2014-11-19 19:00:00,20,13,7
2014-11-19 20:00:00,6,4,2
2014-11-19 21:00:00,6,5,1
2014-11-19 22:00:00,3,2,1
2014-11-19 23:00:00,0,0,0
2014-11-20 00:00:00,2,2,0
2014-11-20 01:00:00,0,0,0
2014-11-20 02:00:00,0,0,0
2014-11-20 03:00:00,0,0,0
2014-11-20 04:00:00,2,2,0
2014-11-20 05:00:00,4,4,0
2014-11-20 06:00:00,10,4,6
2014-11-20 07:00:00,33,19,14
2014-11-20 08:00:00,40,25,15
2014-11-20 09:00:00,22,10,12
2014-11-20 10:00:00,14,4,10
2014-11-20 11:00:00,12,6,6
2014-11-20 12:00:00,16,9,7
2014-11-20 13:00:00,10,4,6
2014-11-20 14:00:00,12,6,6
2014-11-20 15:00:00,17,9,8
2014-11-20 16:00:00,25,11,14
2014-11-20 17:00:00,40,18,22
2014-11-20 18:00:00,42,29,13
2014-11-20 19:00:00,17,8,9
2014-11-20 20:00:00,10,7,3
2014-11-20 21:00:00,4,2,2
2014-11-20 22:00:00,1,1,0
2014-11-20 23:00:00,1,1,0
2014-11-21 00:00:00,0,0,0
2014-11-21 01:00:00,0,0,0
2014-11-21 02:00:00,1,1,0
2014-11-21 03:00:00,0,0,0
2014-11-21 04:00:00,2,1,1
2014-11-21 05:00:00,3,3,0
2014-11-21 06:00:00,13,7,6
2014-11-21 07:00:00,29,18,11
2014-11-21 08:00:00,34,19,15
2014-11-21 09:00:00,18,9,9
2014-11-21 10:00:00,12,5,7
2014-11-21 11:00:00,9,3,6
2014-11-21 12:00:00,10,2,8
2014-11-21 13:00:00,5,3,2
2014-11-21 14:00:00,6,4,2
2014-11-21 15:00:00,6,2,4
2014-11-21 16:00:00,16,8,8
2014-11-21 17:00:00,25,10,15
2014-11-21 18:00:00,23,18,5
2014-11-21 19:00:00,15,8,7
2014-11-21 20:00:00,1,1,0
2014-11-21 21:00:00,2,2,0
2014-11-21 22:00:00,1,0,1
2014-11-21 23:00:00,0,0,0
2014-11-22 00:00:00,2,1,1
2014-11-22 01:00:00,0,0,0
2014-11-22 02:00:00,0,0,0
2014-11-22 03:00:00,1,1,0
2014-11-22 04:00:00,0,0,0
2014-11-22 05:00:00,0,0,0
2014-11-22 06:00:00,3,1,2
2014-11-22 07:00:00,2,1,1
2014-11-22 08:00:00,20,6,14
2014-11-22 09:00:00,41,19,22
2014-11-22 10:00:00,61,29,32
2014-11-22 11:00:00,43,19,24
2014-11-22 12:00:00,52,33,19
2014-11-22 13:00:00,36,21,15
2014-11-22 14:00:00,42,23,19
2014-11-22 15:00:00,43,20,23
2014-11-22 16:00:00,32,25,7
2014-11-22 17:00:00,9,7,2
2014-11-22 18:00:00,3,2,1
2014-11-22 19:00:00,3,1,2
2014-11-22 20:00:00,3,2,1
2014-11-22 21:00:00,2,2,0
2014-11-22 22:00:00,0,0,0
2014-11-22 23:00:00,1,1,0
2014-11-23 00:00:00,0,0,0
2014-11-23 01:00:00,0,0,0
2014-11-23 02:00:00,3,2,1
2014-11-23 03:00:00,1,1,0
2014-11-23 04:00:00,0,0,0
2014-11-23 05:00:00,0,0,0
2014-11-23 06:00:00,2,0,2
2014-11-23 07:00:00,3,1,2
2014-11-23 08:00:00,3,3,0
2014-11-23 09:00:00,22,7,15
2014-11-23 10:00:00,8,5,3
2014-11-23 11:00:00,27,18,9
2014-11-23 12:00:00,32,14,18
2014-11-23 13:00:00,26,12,14
2014-11-23 14:00:00,32,14,18
2014-11-23 15:00:00,47,25,22
2014-11-23 16:00:00,29,15,14
2014-11-23 17:00:00,12,11,1
2014-11-23 18:00:00,0,0,0
2014-11-23 19:00:00,3,3,0
2014-11-23 20:00:00,0,0,0
2014-11-23 21:00:00,1,1,0
2014-11-23 22:00:00,1,0,1
2014-11-23 23:00:00,0,0,0
2014-11-24 00:00:00,0,0,0
2014-11-24 01:00:00,0,0,0
2014-11-24 02:00:00,0,0,0
2014-11-24 03:00:00,0,0,0
2014-11-24 04:00:00,1,1,0
2014-11-24 05:00:00,6,4,2
2014-11-24 06:00:00,10,7,3
2014-11-24 07:00:00,27,16,11
2014-11-24 08:00:00,46,26,20
2014-11-24 09:00:00,30,17,13
2014-11-24 10:00:00,20,8,12
2014-11-24 11:00:00,21,8,13
2014-11-24 12:00:00,15,6,9
2014-11-24 13:00:00,12,5,7
2014-11-24 14:00:00,4,1,3
2014-11-24 15:00:00,10,5,5
2014-11-24 16:00:00,22,8,14
2014-11-24 17:00:00,40,19,21
2014-11-24 18:00:00,39,19,20
2014-11-24 19:00:00,21,14,7
2014-11-24 20:00:00,4,2,2
2014-11-24 21:00:00,4,4,0
2014-11-24 22:00:00,1,0,1
2014-11-24 23:00:00,0,0,0
2014-11-25 00:00:00,1,1,0
2014-11-25 01:00:00,0,0,0
2014-11-25 02:00:00,0,0,0
2014-11-25 03:00:00,0,0,0
2014-11-25 04:00:00,1,1,0
2014-11-25 05:00:00,2,1,1
2014-11-25 06:00:00,9,7,2
2014-11-25 07:00:00,17,11,6
2014-11-25 08:00:00,26,10,16
2014-11-25 09:00:00,17,9,8
2014-11-25 10:00:00,12,6,6
2014-11-25 11:00:00,8,2,6
2014-11-25 12:00:00,2,1,1
2014-11-25 13:00:00,7,2,5
2014-11-25 14:00:00,4,2,2
2014-11-25 15:00:00,4,2,2
2014-11-25 16:00:00,9,4,5
2014-11-25 17:00:00,25,9,16
2014-11-25 18:00:00,25,16,9
2014-11-25 19:00:00,21,13,8
2014-11-25 20:00:00,5,4,1
2014-11-25 21:00:00,5,4,1
2014-11-25 22:00:00,1,1,0
2014-11-25 23:00:00,0,0,0
2014-11-26 00:00:00,0,0,0
2014-11-26 01:00:00,0,0,0
2014-11-26 02:00:00,0,0,0
2014-11-26 03:00:00,0,0,0
2014-11-26 04:00:00,1,1,0
2014-11-26 05:00:00,4,3,1
2014-11-26 06:00:00,10,5,5
2014-11-26 07:00:00,24,12,12
2014-11-26 08:00:00,38,21,17
2014-11-26 09:00:00,29,17,12
2014-11-26 10:00:00,18,7,11
2014-11-26 11:00:00,19,6,13
2014-11-26 12:00:00,21,7,14
2014-11-26 13:00:00,29,10,19
2014-11-26 14:00:00,34,19,15
2014-11-26 15:00:00,31,16,15
2014-11-26 16:00:00,46,25,21
2014-11-26 17:00:00,25,12,13
2014-11-26 18:00:00,17,9,8
2014-11-26 19:00:00,12,10,2
2014-11-26 20:00:00,0,0,0
2014-11-26 21:00:00,3,2,1
2014-11-26 22:00:00,0,0,0
2014-11-26 23:00:00,0,0,0
2014-11-27 00:00:00,0,0,0
2014-11-27 01:00:00,0,0,0
2014-11-27 02:00:00,0,0,0
2014-11-27 03:00:00,0,0,0
2014-11-27 04:00:00,0,0,0
2014-11-27 05:00:00,0,0,0
2014-11-27 06:00:00,0,0,0
2014-11-27 07:00:00,2,1,1
2014-11-27 08:00:00,15,8,7
2014-11-27 09:00:00,41,29,12
2014-11-27 10:00:00,17,9,8
2014-11-27 11:00:00,111,89,22
2014-11-27 12:00:00,43,23,20
2014-11-27 13:00:00,15,7,8
2014-11-27 14:00:00,12,5,7
2014-11-27 15:00:00,15,9,6
2014-11-27 16:00:00,5,2,3
2014-11-27 17:00:00,3,2,1
2014-11-27 18:00:00,0,0,0
2014-11-27 19:00:00,1,1,0
2014-11-27 20:00:00,1,1,0
2014-11-27 21:00:00,0,0,0
2014-11-27 22:00:00,1,0,1
2014-11-27 23:00:00,0,0,0
2014-11-28 00:00:00,0,0,0
2014-11-28 01:00:00,0,0,0
2014-11-28 02:00:00,0,0,0
2014-11-28 03:00:00,0,0,0
2014-11-28 04:00:00,0,0,0
2014-11-28 05:00:00,1,0,1
2014-11-28 06:00:00,2,0,2
2014-11-28 07:00:00,5,2,3
2014-11-28 08:00:00,6,5,1
2014-11-28 09:00:00,5,2,3
2014-11-28 10:00:00,7,5,2
2014-11-28 11:00:00,10,1,9
2014-11-28 12:00:00,3,2,1
2014-11-28 13:00:00,7,6,1
2014-11-28 14:00:00,0,0,0
2014-11-28 15:00:00,1,1,0
2014-11-28 16:00:00,4,2,2
2014-11-28 17:00:00,3,3,0
2014-11-28 18:00:00,2,2,0
2014-11-28 19:00:00,1,1,0
2014-11-28 20:00:00,0,0,0
2014-11-28 21:00:00,0,0,0
2014-11-28 22:00:00,0,0,0
2014-11-28 23:00:00,2,1,1
2014-11-29 00:00:00,0,0,0
2014-11-29 01:00:00,0,0,0
2014-11-29 02:00:00,1,1,0
2014-11-29 03:00:00,0,0,0
2014-11-29 04:00:00,0,0,0
2014-11-29 05:00:00,0,0,0
2014-11-29 06:00:00,0,0,0
2014-11-29 07:00:00,1,0,1
2014-11-29 08:00:00,1,0,1
2014-11-29 09:00:00,1,1,0
2014-11-29 10:00:00,1,1,0
2014-11-29 11:00:00,8,2,6
2014-11-29 12:00:00,2,0,2
2014-11-29 13:00:00,14,11,3
2014-11-29 14:00:00,19,17,2
2014-11-29 15:00:00,14,10,4
2014-11-29 16:00:00,2,0,2
2014-11-29 17:00:00,2,2,0
2014-11-29 18:00:00,0,0,0
2014-11-29 19:00:00,3,3,0
2014-11-29 20:00:00,0,0,0
2014-11-29 21:00:00,1,1,0
2014-11-29 22:00:00,0,0,0
2014-11-29 23:00:00,0,0,0
2014-11-30 00:00:00,0,0,0
2014-11-30 01:00:00,0,0,0
2014-11-30 02:00:00,0,0,0
2014-11-30 03:00:00,1,1,0
2014-11-30 04:00:00,0,0,0
2014-11-30 05:00:00,0,0,0
2014-11-30 06:00:00,0,0,0
2014-11-30 07:00:00,1,0,1
2014-11-30 08:00:00,4,1,3
2014-11-30 09:00:00,7,3,4
2014-11-30 10:00:00,7,3,4
2014-11-30 11:00:00,13,10,3
2014-11-30 12:00:00,21,7,14
2014-11-30 13:00:00,12,8,4
2014-11-30 14:00:00,18,9,9
2014-11-30 15:00:00,16,8,8
2014-11-30 16:00:00,9,6,3
2014-11-30 17:00:00,4,4,0
2014-11-30 18:00:00,1,1,0
2014-11-30 19:00:00,2,2,0
2014-11-30 20:00:00,0,0,0
2014-11-30 21:00:00,1,1,0
2014-11-30 22:00:00,0,0,0
2014-11-30 23:00:00,0,0,0
2014-12-01 00:00:00,0,0,0
2014-12-01 01:00:00,0,0,0
2014-12-01 02:00:00,1,1,0
2014-12-01 03:00:00,0,0,0
2014-12-01 04:00:00,3,2,1
2014-12-01 05:00:00,2,0,2
2014-12-01 06:00:00,6,5,1
2014-12-01 07:00:00,16,5,11
2014-12-01 08:00:00,21,10,11
2014-12-01 09:00:00,17,6,11
2014-12-01 10:00:00,8,3,5
2014-12-01 11:00:00,11,1,10
2014-12-01 12:00:00,5,1,4
2014-12-01 13:00:00,6,4,2
2014-12-01 14:00:00,6,4,2
2014-12-01 15:00:00,5,4,1
2014-12-01 16:00:00,16,10,6
2014-12-01 17:00:00,25,10,15
2014-12-01 18:00:00,29,20,9
2014-12-01 19:00:00,16,11,5
2014-12-01 20:00:00,5,5,0
2014-12-01 21:00:00,1,1,0
2014-12-01 22:00:00,0,0,0
2014-12-01 23:00:00,0,0,0
2014-12-02 00:00:00,0,0,0
2014-12-02 01:00:00,0,0,0
2014-12-02 02:00:00,0,0,0
2014-12-02 03:00:00,0,0,0
2014-12-02 04:00:00,2,2,0
2014-12-02 05:00:00,2,1,1
2014-12-02 06:00:00,7,6,1
2014-12-02 07:00:00,21,10,11
2014-12-02 08:00:00,32,19,13
2014-12-02 09:00:00,21,10,11
2014-12-02 10:00:00,7,1,6
2014-12-02 11:00:00,13,4,9
2014-12-02 12:00:00,10,4,6
2014-12-02 13:00:00,18,13,5
2014-12-02 14:00:00,7,3,4
2014-12-02 15:00:00,13,5,8
2014-12-02 16:00:00,18,9,9
2014-12-02 17:00:00,28,14,14
2014-12-02 18:00:00,33,20,13
2014-12-02 19:00:00,14,11,3
2014-12-02 20:00:00,7,6,1
2014-12-02 21:00:00,3,3,0
2014-12-02 22:00:00,1,1,0
2014-12-02 23:00:00,0,0,0
2014-12-03 00:00:00,0,0,0
2014-12-03 01:00:00,0,0,0
2014-12-03 02:00:00,0,0,0
2014-12-03 03:00:00,0,0,0
2014-12-03 04:00:00,2,2,0
2014-12-03 05:00:00,7,3,4
2014-12-03 06:00:00,8,6,2
2014-12-03 07:00:00,26,12,14
2014-12-03 08:00:00,33,13,20
2014-12-03 09:00:00,22,12,10
2014-12-03 10:00:00,7,3,4
2014-12-03 11:00:00,9,1,8
2014-12-03 12:00:00,15,5,10
2014-12-03 13:00:00,28,5,23
2014-12-03 14:00:00,17,10,7
2014-12-03 15:00:00,16,10,6
2014-12-03 16:00:00,21,11,10
2014-12-03 17:00:00,33,15,18
2014-12-03 18:00:00,27,16,11
2014-12-03 19:00:00,20,13,7
2014-12-03 20:00:00,4,4,0
2014-12-03 21:00:00,9,6,3
2014-12-03 22:00:00,0,0,0
2014-12-03 23:00:00,1,0,1
2014-12-04 00:00:00,0,0,0
2014-12-04 01:00:00,0,0,0
2014-12-04 02:00:00,0,0,0
2014-12-04 03:00:00,0,0,0
2014-12-04 04:00:00,3,2,1
2014-12-04 05:00:00,4,3,1
2014-12-04 06:00:00,10,5,5
2014-12-04 07:00:00,31,17,14
2014-12-04 08:00:00,27,15,12
2014-12-04 09:00:00,19,9,10
2014-12-04 10:00:00,9,4,5
2014-12-04 11:00:00,11,2,9
2014-12-04 12:00:00,18,12,6
2014-12-04 13:00:00,8,2,6
2014-12-04 14:00:00,10,8,2
2014-12-04 15:00:00,7,2,5
2014-12-04 16:00:00,14,6,8
2014-12-04 17:00:00,29,14,15
2014-12-04 18:00:00,35,22,13
2014-12-04 19:00:00,19,12,7
2014-12-04 20:00:00,4,4,0
2014-12-04 21:00:00,3,2,1
2014-12-04 22:00:00,1,1,0
2014-12-04 23:00:00,2,1,1
2014-12-05 00:00:00,0,0,0
2014-12-05 01:00:00,0,0,0
2014-12-05 02:00:00,0,0,0
2014-12-05 03:00:00,0,0,0
2014-12-05 04:00:00,2,2,0
2014-12-05 05:00:00,5,3,2
2014-12-05 06:00:00,7,2,5
2014-12-05 07:00:00,27,18,9
2014-12-05 08:00:00,29,13,16
2014-12-05 09:00:00,12,5,7
2014-12-05 10:00:00,13,5,8
2014-12-05 11:00:00,6,3,3
2014-12-05 12:00:00,10,4,6
2014-12-05 13:00:00,7,5,2
2014-12-05 14:00:00,8,3,5
2014-12-05 15:00:00,10,6,4
2014-12-05 16:00:00,22,15,7
2014-12-05 17:00:00,38,18,20
2014-12-05 18:00:00,23,13,10
2014-12-05 19:00:00,13,7,6
2014-12-05 20:00:00,3,2,1
2014-12-05 21:00:00,1,1,0
2014-12-05 22:00:00,0,0,0
2014-12-05 23:00:00,5,5,0
2014-12-06 00:00:00,0,0,0
2014-12-06 01:00:00,0,0,0
2014-12-06 02:00:00,0,0,0
2014-12-06 03:00:00,0,0,0
2014-12-06 04:00:00,0,0,0
2014-12-06 05:00:00,0,0,0
2014-12-06 06:00:00,1,0,1
2014-12-06 07:00:00,8,1,7
2014-12-06 08:00:00,15,10,5
2014-12-06 09:00:00,42,15,27
2014-12-06 10:00:00,47,29,18
2014-12-06 11:00:00,70,54,16
2014-12-06 12:00:00,42,31,11
2014-12-06 13:00:00,25,15,10
2014-12-06 14:00:00,30,10,20
2014-12-06 15:00:00,39,22,17
2014-12-06 16:00:00,20,14,6
2014-12-06 17:00:00,9,7,2
2014-12-06 18:00:00,0,0,0
2014-12-06 19:00:00,1,1,0
2014-12-06 20:00:00,1,1,0
2014-12-06 21:00:00,0,0,0
2014-12-06 22:00:00,0,0,0
2014-12-06 23:00:00,0,0,0
2014-12-07 00:00:00,1,1,0
2014-12-07 01:00:00,0,0,0
2014-12-07 02:00:00,0,0,0
2014-12-07 03:00:00,1,1,0
2014-12-07 04:00:00,2,0,2
2014-12-07 05:00:00,0,0,0
2014-12-07 06:00:00,0,0,0
2014-12-07 07:00:00,5,1,4
2014-12-07 08:00:00,26,8,18
2014-12-07 09:00:00,81,45,36
2014-12-07 10:00:00,81,32,49
2014-12-07 11:00:00,105,66,39
2014-12-07 12:00:00,110,44,66
2014-12-07 13:00:00,87,40,47
2014-12-07 14:00:00,65,41,24
2014-12-07 15:00:00,65,38,27
2014-12-07 16:00:00,17,14,3
2014-12-07 17:00:00,9,5,4
2014-12-07 18:00:00,4,4,0
2014-12-07 19:00:00,5,3,2
2014-12-07 20:00:00,1,1,0
2014-12-07 21:00:00,1,1,0
2014-12-07 22:00:00,0,0,0
2014-12-07 23:00:00,1,0,1
2014-12-08 00:00:00,0,0,0
2014-12-08 01:00:00,0,0,0
2014-12-08 02:00:00,1,1,0
2014-12-08 03:00:00,0,0,0
2014-12-08 04:00:00,1,1,0
2014-12-08 05:00:00,10,7,3
2014-12-08 06:00:00,8,7,1
2014-12-08 07:00:00,36,21,15
2014-12-08 08:00:00,40,20,20
2014-12-08 09:00:00,32,20,12
2014-12-08 10:00:00,20,7,13
2014-12-08 11:00:00,21,11,10
2014-12-08 12:00:00,13,9,4
2014-12-08 13:00:00,15,7,8
2014-12-08 14:00:00,14,9,5
2014-12-08 15:00:00,16,7,9
2014-12-08 16:00:00,21,9,12
2014-12-08 17:00:00,46,21,25
2014-12-08 18:00:00,33,17,16
2014-12-08 19:00:00,18,13,5
2014-12-08 20:00:00,5,2,3
2014-12-08 21:00:00,4,4,0
2014-12-08 22:00:00,0,0,0
2014-12-08 23:00:00,2,1,1
2014-12-09 00:00:00,0,0,0
2014-12-09 01:00:00,0,0,0
2014-12-09 02:00:00,0,0,0
2014-12-09 03:00:00,0,0,0
2014-12-09 04:00:00,1,1,0
2014-12-09 05:00:00,1,1,0
2014-12-09 06:00:00,10,8,2
2014-12-09 07:00:00,20,12,8
2014-12-09 08:00:00,33,17,16
2014-12-09 09:00:00,19,7,12
2014-12-09 10:00:00,8,2,6
2014-12-09 11:00:00,4,1,3
2014-12-09 12:00:00,9,4,5
2014-12-09 13:00:00,8,5,3
2014-12-09 14:00:00,7,4,3
2014-12-09 15:00:00,13,4,9
2014-12-09 16:00:00,22,12,10
2014-12-09 17:00:00,41,21,20
2014-12-09 18:00:00,30,23,7
2014-12-09 19:00:00,19,14,5
2014-12-09 20:00:00,6,3,3
2014-12-09 21:00:00,6,3,3
2014-12-09 22:00:00,0,0,0
2014-12-09 23:00:00,2,1,1
2014-12-10 00:00:00,2,1,1
2014-12-10 01:00:00,0,0,0
2014-12-10 02:00:00,0,0,0
2014-12-10 03:00:00,0,0,0
2014-12-10 04:00:00,1,1,0
2014-12-10 05:00:00,6,3,3
2014-12-10 06:00:00,5,3,2
2014-12-10 07:00:00,31,16,15
2014-12-10 08:00:00,24,12,12
2014-12-10 09:00:00,35,18,17
2014-12-10 10:00:00,10,5,5
2014-12-10 11:00:00,9,5,4
2014-12-10 12:00:00,8,4,4
2014-12-10 13:00:00,3,2,1
2014-12-10 14:00:00,3,2,1
2014-12-10 15:00:00,6,3,3
2014-12-10 16:00:00,13,7,6
2014-12-10 17:00:00,20,9,11
2014-12-10 18:00:00,25,17,8
2014-12-10 19:00:00,20,15,5
2014-12-10 20:00:00,2,1,1
2014-12-10 21:00:00,4,4,0
2014-12-10 22:00:00,0,0,0
2014-12-10 23:00:00,1,1,0
2014-12-11 00:00:00,0,0,0
2014-12-11 01:00:00,0,0,0
2014-12-11 02:00:00,0,0,0
2014-12-11 03:00:00,0,0,0
2014-12-11 04:00:00,1,1,0
2014-12-11 05:00:00,4,4,0
2014-12-11 06:00:00,12,9,3
2014-12-11 07:00:00,22,11,11
2014-12-11 08:00:00,26,13,13
2014-12-11 09:00:00,16,8,8
2014-12-11 10:00:00,10,5,5
2014-12-11 11:00:00,6,3,3
2014-12-11 12:00:00,6,3,3
2014-12-11 13:00:00,4,2,2
2014-12-11 14:00:00,6,3,3
2014-12-11 15:00:00,7,4,3
2014-12-11 16:00:00,18,9,9
2014-12-11 17:00:00,26,13,13
2014-12-11 18:00:00,22,11,11
2014-12-11 19:00:00,15,8,7
2014-12-11 20:00:00,3,2,1
2014-12-11 21:00:00,4,2,2
2014-12-11 22:00:00,1,1,0
2014-12-11 23:00:00,0,0,0
2014-12-12 00:00:00,0,0,0
2014-12-12 01:00:00,1,1,0
2014-12-12 02:00:00,0,0,0
2014-12-12 03:00:00,0,0,0
2014-12-12 04:00:00,1,1,0
2014-12-12 05:00:00,4,2,2
2014-12-12 06:00:00,10,5,5
2014-12-12 07:00:00,25,13,12
2014-12-12 08:00:00,37,19,18
2014-12-12 09:00:00,23,12,11
2014-12-12 10:00:00,22,11,11
2014-12-12 11:00:00,12,6,6
2014-12-12 12:00:00,18,9,9
2014-12-12 13:00:00,18,9,9
2014-12-12 14:00:00,12,6,6
2014-12-12 15:00:00,16,8,8
2014-12-12 16:00:00,35,18,17
2014-12-12 17:00:00,41,21,20
2014-12-12 18:00:00,33,17,16
2014-12-12 19:00:00,15,8,7
2014-12-12 20:00:00,3,2,1
2014-12-12 21:00:00,0,0,0
2014-12-12 22:00:00,0,0,0
2014-12-12 23:00:00,1,1,0
2014-12-13 00:00:00,0,0,0
2014-12-13 01:00:00,0,0,0
2014-12-13 02:00:00,0,0,0
2014-12-13 03:00:00,0,0,0
2014-12-13 04:00:00,0,0,0
2014-12-13 05:00:00,0,0,0
2014-12-13 06:00:00,1,1,0
2014-12-13 07:00:00,10,5,5
2014-12-13 08:00:00,34,17,17
2014-12-13 09:00:00,72,36,36
2014-12-13 10:00:00,70,35,35
2014-12-13 11:00:00,70,35,35
2014-12-13 12:00:00,92,46,46
2014-12-13 13:00:00,100,50,50
2014-12-13 14:00:00,76,38,38
2014-12-13 15:00:00,83,42,41
2014-12-13 16:00:00,29,15,14
2014-12-13 17:00:00,13,7,6
2014-12-13 18:00:00,3,2,1
2014-12-13 19:00:00,2,1,1
2014-12-13 20:00:00,1,1,0
2014-12-13 21:00:00,1,1,0
2014-12-13 22:00:00,0,0,0
2014-12-13 23:00:00,1,1,0
2014-12-14 00:00:00,1,1,0
2014-12-14 01:00:00,0,0,0
2014-12-14 02:00:00,1,1,0
2014-12-14 03:00:00,0,0,0
2014-12-14 04:00:00,1,1,0
2014-12-14 05:00:00,0,0,0
2014-12-14 06:00:00,0,0,0
2014-12-14 07:00:00,6,3,3
2014-12-14 08:00:00,24,12,12
2014-12-14 09:00:00,65,33,32
2014-12-14 10:00:00,84,42,42
2014-12-14 11:00:00,96,48,48
2014-12-14 12:00:00,90,45,45
2014-12-14 13:00:00,87,44,43
2014-12-14 14:00:00,70,35,35
2014-12-14 15:00:00,66,33,33
2014-12-14 16:00:00,32,16,16
2014-12-14 17:00:00,16,8,8
2014-12-14 18:00:00,1,1,0
2014-12-14 19:00:00,1,1,0
2014-12-14 20:00:00,0,0,0
2014-12-14 21:00:00,1,1,0
2014-12-14 22:00:00,0,0,0
2014-12-14 23:00:00,2,1,1
2014-12-15 00:00:00,0,0,0
2014-12-15 01:00:00,0,0,0
2014-12-15 02:00:00,1,1,0
2014-12-15 03:00:00,0,0,0
2014-12-15 04:00:00,2,1,1
2014-12-15 05:00:00,4,2,2
2014-12-15 06:00:00,15,8,7
2014-12-15 07:00:00,36,18,18
2014-12-15 08:00:00,40,20,20
2014-12-15 09:00:00,36,18,18
2014-12-15 10:00:00,12,6,6
2014-12-15 11:00:00,8,4,4
2014-12-15 12:00:00,23,12,11
2014-12-15 13:00:00,16,8,8
2014-12-15 14:00:00,15,8,7
2014-12-15 15:00:00,19,10,9
2014-12-15 16:00:00,27,14,13
2014-12-15 17:00:00,53,27,26
2014-12-15 18:00:00,50,25,25
2014-12-15 19:00:00,22,11,11
2014-12-15 20:00:00,5,3,2
2014-12-15 21:00:00,5,3,2
2014-12-15 22:00:00,1,1,0
2014-12-15 23:00:00,5,3,2
2014-12-16 00:00:00,0,0,0
2014-12-16 01:00:00,0,0,0
2014-12-16 02:00:00,0,0,0
2014-12-16 03:00:00,0,0,0
2014-12-16 04:00:00,3,2,1
2014-12-16 05:00:00,3,2,1
2014-12-16 06:00:00,20,10,10
2014-12-16 07:00:00,36,18,18
2014-12-16 08:00:00,48,24,24
2014-12-16 09:00:00,31,16,15
2014-12-16 10:00:00,15,8,7
2014-12-16 11:00:00,13,7,6
2014-12-16 12:00:00,13,7,6
2014-12-16 13:00:00,9,5,4
2014-12-16 14:00:00,15,7,8
2014-12-16 15:00:00,15,10,5
2014-12-16 16:00:00,18,8,10
2014-12-16 17:00:00,50,23,27
2014-12-16 18:00:00,47,35,12
2014-12-16 19:00:00,26,12,14
2014-12-16 20:00:00,3,1,2
2014-12-16 21:00:00,5,3,2
2014-12-16 22:00:00,0,0,0
2014-12-16 23:00:00,4,3,1
2014-12-17 00:00:00,0,0,0
2014-12-17 01:00:00,0,0,0
2014-12-17 02:00:00,0,0,0
2014-12-17 03:00:00,0,0,0
2014-12-17 04:00:00,1,1,0
2014-12-17 05:00:00,4,2,2
2014-12-17 06:00:00,7,5,2
2014-12-17 07:00:00,17,9,8
2014-12-17 08:00:00,28,12,16
2014-12-17 09:00:00,25,13,12
2014-12-17 10:00:00,13,6,7
2014-12-17 11:00:00,18,9,9
2014-12-17 12:00:00,11,6,5
2014-12-17 13:00:00,15,2,13
2014-12-17 14:00:00,9,6,3
2014-12-17 15:00:00,10,5,5
2014-12-17 16:00:00,23,8,15
2014-12-17 17:00:00,33,19,14
2014-12-17 18:00:00,29,12,17
2014-12-17 19:00:00,20,15,5
2014-12-17 20:00:00,5,3,2
2014-12-17 21:00:00,8,6,2
2014-12-17 22:00:00,2,2,0
2014-12-17 23:00:00,2,1,1
2014-12-18 00:00:00,1,0,1
2014-12-18 01:00:00,0,0,0
2014-12-18 02:00:00,0,0,0
2014-12-18 03:00:00,0,0,0
2014-12-18 04:00:00,0,0,0
2014-12-18 05:00:00,2,1,1
2014-12-18 06:00:00,11,6,5
2014-12-18 07:00:00,28,15,13
2014-12-18 08:00:00,32,17,15
2014-12-18 09:00:00,20,10,10
2014-12-18 10:00:00,19,7,12
2014-12-18 11:00:00,13,6,7
2014-12-18 12:00:00,11,5,6
2014-12-18 13:00:00,5,4,1
2014-12-18 14:00:00,10,4,6
2014-12-18 15:00:00,10,7,3
2014-12-18 16:00:00,13,8,5
2014-12-18 17:00:00,34,18,16
2014-12-18 18:00:00,33,18,15
2014-12-18 19:00:00,8,6,2
2014-12-18 20:00:00,2,2,0
2014-12-18 21:00:00,2,2,0
2014-12-18 22:00:00,1,1,0
2014-12-18 23:00:00,1,1,0
2014-12-19 00:00:00,0,0,0
2014-12-19 01:00:00,1,1,0
2014-12-19 02:00:00,0,0,0
2014-12-19 03:00:00,0,0,0
2014-12-19 04:00:00,0,0,0
2014-12-19 05:00:00,4,3,1
2014-12-19 06:00:00,9,5,4
2014-12-19 07:00:00,17,10,7
2014-12-19 08:00:00,23,13,10
2014-12-19 09:00:00,27,11,16
2014-12-19 10:00:00,19,8,11
2014-12-19 11:00:00,23,11,12
2014-12-19 12:00:00,19,10,9
2014-12-19 13:00:00,14,6,8
2014-12-19 14:00:00,18,10,8
2014-12-19 15:00:00,22,12,10
2014-12-19 16:00:00,37,20,17
2014-12-19 17:00:00,40,23,17
2014-12-19 18:00:00,24,15,9
2014-12-19 19:00:00,7,6,1
2014-12-19 20:00:00,6,2,4
2014-12-19 21:00:00,7,4,3
2014-12-19 22:00:00,4,2,2
2014-12-19 23:00:00,0,0,0
2014-12-20 00:00:00,0,0,0
2014-12-20 01:00:00,0,0,0
2014-12-20 02:00:00,1,1,0
2014-12-20 03:00:00,1,0,1
2014-12-20 04:00:00,1,1,0
2014-12-20 05:00:00,0,0,0
2014-12-20 06:00:00,0,0,0
2014-12-20 07:00:00,1,0,1
2014-12-20 08:00:00,15,6,9
2014-12-20 09:00:00,19,5,14
2014-12-20 10:00:00,49,10,39
2014-12-20 11:00:00,27,16,11
2014-12-20 12:00:00,30,26,4
2014-12-20 13:00:00,18,11,7
2014-12-20 14:00:00,9,7,2
2014-12-20 15:00:00,2,2,0
2014-12-20 16:00:00,5,2,3
2014-12-20 17:00:00,9,9,0
2014-12-20 18:00:00,1,1,0
2014-12-20 19:00:00,3,3,0
2014-12-20 20:00:00,0,0,0
2014-12-20 21:00:00,9,9,0
2014-12-20 22:00:00,3,2,1
2014-12-20 23:00:00,1,1,0
2014-12-21 00:00:00,1,0,1
2014-12-21 01:00:00,0,0,0
2014-12-21 02:00:00,3,1,2
2014-12-21 03:00:00,1,1,0
2014-12-21 04:00:00,0,0,0
2014-12-21 05:00:00,0,0,0
2014-12-21 06:00:00,0,0,0
2014-12-21 07:00:00,2,1,1
2014-12-21 08:00:00,21,3,18
2014-12-21 09:00:00,46,25,21
2014-12-21 10:00:00,42,22,20
2014-12-21 11:00:00,64,43,21
2014-12-21 12:00:00,57,36,21
2014-12-21 13:00:00,36,16,20
2014-12-21 14:00:00,41,22,19
2014-12-21 15:00:00,30,22,8
2014-12-21 16:00:00,21,16,5
2014-12-21 17:00:00,5,4,1
2014-12-21 18:00:00,1,1,0
2014-12-21 19:00:00,3,3,0
2014-12-21 20:00:00,0,0,0
2014-12-21 21:00:00,0,0,0
2014-12-21 22:00:00,0,0,0
2014-12-21 23:00:00,0,0,0
2014-12-22 00:00:00,1,0,1
2014-12-22 01:00:00,0,0,0
2014-12-22 02:00:00,1,1,0
2014-12-22 03:00:00,0,0,0
2014-12-22 04:00:00,1,1,0
2014-12-22 05:00:00,5,4,1
2014-12-22 06:00:00,12,9,3
2014-12-22 07:00:00,29,20,9
2014-12-22 08:00:00,36,17,19
2014-12-22 09:00:00,31,11,20
2014-12-22 10:00:00,14,7,7
2014-12-22 11:00:00,16,6,10
2014-12-22 12:00:00,18,6,12
2014-12-22 13:00:00,28,18,10
2014-12-22 14:00:00,38,17,21
2014-12-22 15:00:00,25,20,5
2014-12-22 16:00:00,36,18,18
2014-12-22 17:00:00,43,20,23
2014-12-22 18:00:00,35,16,19
2014-12-22 19:00:00,16,11,5
2014-12-22 20:00:00,4,2,2
2014-12-22 21:00:00,3,3,0
2014-12-22 22:00:00,0,0,0
2014-12-22 23:00:00,0,0,0
2014-12-23 00:00:00,0,0,0
2014-12-23 01:00:00,0,0,0
2014-12-23 02:00:00,0,0,0
2014-12-23 03:00:00,0,0,0
2014-12-23 04:00:00,1,1,0
2014-12-23 05:00:00,1,1,0
2014-12-23 06:00:00,11,9,2
2014-12-23 07:00:00,15,8,7
2014-12-23 08:00:00,19,7,12
2014-12-23 09:00:00,14,4,10
2014-12-23 10:00:00,13,8,5
2014-12-23 11:00:00,18,4,14
2014-12-23 12:00:00,15,7,8
2014-12-23 13:00:00,7,5,2
2014-12-23 14:00:00,8,4,4
2014-12-23 15:00:00,13,5,8
2014-12-23 16:00:00,10,8,2
2014-12-23 17:00:00,13,3,10
2014-12-23 18:00:00,13,11,2
2014-12-23 19:00:00,6,3,3
2014-12-23 20:00:00,3,2,1
2014-12-23 21:00:00,1,1,0
2014-12-23 22:00:00,0,0,0
2014-12-23 23:00:00,0,0,0
2014-12-24 00:00:00,0,0,0
2014-12-24 01:00:00,0,0,0
2014-12-24 02:00:00,0,0,0
2014-12-24 03:00:00,0,0,0
2014-12-24 04:00:00,0,0,0
2014-12-24 05:00:00,1,1,0
2014-12-24 06:00:00,4,4,0
2014-12-24 07:00:00,11,7,4
2014-12-24 08:00:00,8,6,2
2014-12-24 09:00:00,15,3,12
2014-12-24 10:00:00,10,6,4
2014-12-24 11:00:00,27,17,10
2014-12-24 12:00:00,29,18,11
2014-12-24 13:00:00,39,23,16
2014-12-24 14:00:00,25,18,7
2014-12-24 15:00:00,22,16,6
2014-12-24 16:00:00,15,11,4
2014-12-24 17:00:00,8,6,2
2014-12-24 18:00:00,1,1,0
2014-12-24 19:00:00,0,0,0
2014-12-24 20:00:00,0,0,0
2014-12-24 21:00:00,0,0,0
2014-12-24 22:00:00,1,1,0
2014-12-24 23:00:00,1,1,0
2014-12-25 00:00:00,0,0,0
2014-12-25 01:00:00,0,0,0
2014-12-25 02:00:00,0,0,0
2014-12-25 03:00:00,0,0,0
2014-12-25 04:00:00,1,1,0
2014-12-25 05:00:00,0,0,0
2014-12-25 06:00:00,0,0,0
2014-12-25 07:00:00,1,1,0
2014-12-25 08:00:00,2,2,0
2014-12-25 09:00:00,13,7,6
2014-12-25 10:00:00,16,8,8
2014-12-25 11:00:00,24,17,7
2014-12-25 12:00:00,53,34,19
2014-12-25 13:00:00,46,30,16
2014-12-25 14:00:00,55,28,27
2014-12-25 15:00:00,44,36,8
2014-12-25 16:00:00,20,16,4
2014-12-25 17:00:00,2,2,0
2014-12-25 18:00:00,0,0,0
2014-12-25 19:00:00,1,1,0
2014-12-25 20:00:00,0,0,0
2014-12-25 21:00:00,3,3,0
2014-12-25 22:00:00,1,1,0
2014-12-25 23:00:00,0,0,0
2014-12-26 00:00:00,0,0,0
2014-12-26 01:00:00,2,2,0
2014-12-26 02:00:00,0,0,0
2014-12-26 03:00:00,0,0,0
2014-12-26 04:00:00,0,0,0
2014-12-26 05:00:00,1,1,0
2014-12-26 06:00:00,7,6,1
2014-12-26 07:00:00,8,7,1
2014-12-26 08:00:00,15,10,5
2014-12-26 09:00:00,17,11,6
2014-12-26 10:00:00,27,15,12
2014-12-26 11:00:00,34,22,12
2014-12-26 12:00:00,29,18,11
2014-12-26 13:00:00,55,36,19
2014-12-26 14:00:00,50,34,16
2014-12-26 15:00:00,47,35,12
2014-12-26 16:00:00,40,32,8
2014-12-26 17:00:00,11,7,4
2014-12-26 18:00:00,11,8,3
2014-12-26 19:00:00,0,0,0
2014-12-26 20:00:00,0,0,0
2014-12-26 21:00:00,0,0,0
2014-12-26 22:00:00,0,0,0
2014-12-26 23:00:00,0,0,0
2014-12-27 00:00:00,0,0,0
2014-12-27 01:00:00,0,0,0
2014-12-27 02:00:00,1,1,0
2014-12-27 03:00:00,0,0,0
2014-12-27 04:00:00,0,0,0
2014-12-27 05:00:00,0,0,0
2014-12-27 06:00:00,0,0,0
2014-12-27 07:00:00,3,2,1
2014-12-27 08:00:00,6,4,2
2014-12-27 09:00:00,6,5,1
2014-12-27 10:00:00,40,26,14
2014-12-27 11:00:00,44,33,11
2014-12-27 12:00:00,29,23,6
2014-12-27 13:00:00,30,22,8
2014-12-27 14:00:00,20,18,2
2014-12-27 15:00:00,12,6,6
2014-12-27 16:00:00,7,6,1
2014-12-27 17:00:00,5,4,1
2014-12-27 18:00:00,3,2,1
2014-12-27 19:00:00,0,0,0
2014-12-27 20:00:00,0,0,0
2014-12-27 21:00:00,1,1,0
2014-12-27 22:00:00,1,1,0
2014-12-27 23:00:00,0,0,0
2014-12-28 00:00:00,0,0,0
2014-12-28 01:00:00,0,0,0
2014-12-28 02:00:00,0,0,0
2014-12-28 03:00:00,1,1,0
2014-12-28 04:00:00,0,0,0
2014-12-28 05:00:00,0,0,0
2014-12-28 06:00:00,0,0,0
2014-12-28 07:00:00,7,4,3
2014-12-28 08:00:00,27,16,11
2014-12-28 09:00:00,44,34,10
2014-12-28 10:00:00,41,24,17
2014-12-28 11:00:00,51,38,13
2014-12-28 12:00:00,51,39,12
2014-12-28 13:00:00,26,18,8
2014-12-28 14:00:00,29,21,8
2014-12-28 15:00:00,13,9,4
2014-12-28 16:00:00,14,11,3
2014-12-28 17:00:00,2,1,1
2014-12-28 18:00:00,1,1,0
2014-12-28 19:00:00,3,3,0
2014-12-28 20:00:00,0,0,0
2014-12-28 21:00:00,0,0,0
2014-12-28 22:00:00,0,0,0
2014-12-28 23:00:00,1,1,0
2014-12-29 00:00:00,0,0,0
2014-12-29 01:00:00,0,0,0
2014-12-29 02:00:00,1,1,0
2014-12-29 03:00:00,0,0,0
2014-12-29 04:00:00,1,1,0
2014-12-29 05:00:00,3,2,1
2014-12-29 06:00:00,7,6,1
2014-12-29 07:00:00,18,13,5
2014-12-29 08:00:00,22,19,3
2014-12-29 09:00:00,21,15,6
2014-12-29 10:00:00,16,12,4
2014-12-29 11:00:00,17,10,7
2014-12-29 12:00:00,13,8,5
2014-12-29 13:00:00,16,8,8
2014-12-29 14:00:00,23,12,11
2014-12-29 15:00:00,27,14,13
2014-12-29 16:00:00,31,16,15
2014-12-29 17:00:00,32,16,16
2014-12-29 18:00:00,26,13,13
2014-12-29 19:00:00,6,3,3
2014-12-29 20:00:00,5,3,2
2014-12-29 21:00:00,3,2,1
2014-12-29 22:00:00,0,0,0
2014-12-29 23:00:00,0,0,0
2014-12-30 00:00:00,0,0,0
2014-12-30 01:00:00,0,0,0
2014-12-30 02:00:00,0,0,0
2014-12-30 03:00:00,0,0,0
2014-12-30 04:00:00,1,1,0
2014-12-30 05:00:00,1,1,0
2014-12-30 06:00:00,7,4,3
2014-12-30 07:00:00,12,6,6
2014-12-30 08:00:00,16,8,8
2014-12-30 09:00:00,8,4,4
2014-12-30 10:00:00,12,6,6
2014-12-30 11:00:00,13,7,6
2014-12-30 12:00:00,14,7,7
2014-12-30 13:00:00,13,7,6
2014-12-30 14:00:00,15,8,7
2014-12-30 15:00:00,22,11,11
2014-12-30 16:00:00,22,11,11
2014-12-30 17:00:00,28,14,14
2014-12-30 18:00:00,24,12,12
2014-12-30 19:00:00,6,3,3
2014-12-30 20:00:00,2,1,1
2014-12-30 21:00:00,6,3,3
2014-12-30 22:00:00,0,0,0
2014-12-30 23:00:00,2,1,1
2014-12-31 00:00:00,1,1,0
2014-12-31 01:00:00,0,0,0
2014-12-31 02:00:00,0,0,0
2014-12-31 03:00:00,0,0,0
2014-12-31 04:00:00,2,1,1
2014-12-31 05:00:00,2,1,1
2014-12-31 06:00:00,5,3,2
2014-12-31 07:00:00,12,6,6
2014-12-31 08:00:00,9,5,4
2014-12-31 09:00:00,11,5,6
2014-12-31 10:00:00,12,5,7
2014-12-31 11:00:00,14,8,6
2014-12-31 12:00:00,42,15,27
2014-12-31 13:00:00,30,19,11
2014-12-31 14:00:00,36,26,10
2014-12-31 15:00:00,35,22,13
2014-12-31 16:00:00,26,20,6
2014-12-31 17:00:00,12,5,7
2014-12-31 18:00:00,4,2,2
2014-12-31 19:00:00,1,1,0
2014-12-31 20:00:00,5,1,4
2014-12-31 21:00:00,1,0,1
2014-12-31 22:00:00,3,3,0
2014-12-31 23:00:00,0,0,0
2015-01-01 00:00:00,0,0,0
2015-01-01 01:00:00,0,0,0
2015-01-01 02:00:00,0,0,0
2015-01-01 03:00:00,0,0,0
2015-01-01 04:00:00,0,0,0
2015-01-01 05:00:00,0,0,0
2015-01-01 06:00:00,0,0,0
2015-01-01 07:00:00,2,0,2
2015-01-01 08:00:00,5,3,2
2015-01-01 09:00:00,12,2,10
2015-01-01 10:00:00,12,3,9
2015-01-01 11:00:00,42,23,19
2015-01-01 12:00:00,47,11,36
2015-01-01 13:00:00,76,31,45
2015-01-01 14:00:00,74,47,27
2015-01-01 15:00:00,39,23,16
2015-01-01 16:00:00,40,34,6
2015-01-01 17:00:00,6,4,2
2015-01-01 18:00:00,1,1,0
2015-01-01 19:00:00,0,0,0
2015-01-01 20:00:00,0,0,0
2015-01-01 21:00:00,2,0,2
2015-01-01 22:00:00,2,2,0
2015-01-01 23:00:00,0,0,0
2015-01-02 00:00:00,0,0,0
2015-01-02 01:00:00,0,0,0
2015-01-02 02:00:00,1,1,0
2015-01-02 03:00:00,0,0,0
2015-01-02 04:00:00,1,1,0
2015-01-02 05:00:00,3,0,3
2015-01-02 06:00:00,5,4,1
2015-01-02 07:00:00,9,7,2
2015-01-02 08:00:00,14,5,9
2015-01-02 09:00:00,15,6,9
2015-01-02 10:00:00,19,10,9
2015-01-02 11:00:00,26,13,13
2015-01-02 12:00:00,11,6,5
2015-01-02 13:00:00,14,8,6
2015-01-02 14:00:00,21,17,4
2015-01-02 15:00:00,19,11,8
2015-01-02 16:00:00,9,6,3
2015-01-02 17:00:00,3,1,2
2015-01-02 18:00:00,4,2,2
2015-01-02 19:00:00,0,0,0
2015-01-02 20:00:00,0,0,0
2015-01-02 21:00:00,0,0,0
2015-01-02 22:00:00,0,0,0
2015-01-02 23:00:00,0,0,0
2015-01-03 00:00:00,0,0,0
2015-01-03 01:00:00,0,0,0
2015-01-03 02:00:00,1,1,0
2015-01-03 03:00:00,0,0,0
2015-01-03 04:00:00,0,0,0
2015-01-03 05:00:00,0,0,0
2015-01-03 06:00:00,4,0,4
2015-01-03 07:00:00,12,4,8
2015-01-03 08:00:00,38,13,25
2015-01-03 09:00:00,49,17,32
2015-01-03 10:00:00,81,37,44
2015-01-03 11:00:00,67,41,26
2015-01-03 12:00:00,59,44,15
2015-01-03 13:00:00,30,13,17
2015-01-03 14:00:00,32,19,13
2015-01-03 15:00:00,20,13,7
2015-01-03 16:00:00,13,10,3
2015-01-03 17:00:00,1,1,0
2015-01-03 18:00:00,1,1,0
2015-01-03 19:00:00,1,0,1
2015-01-03 20:00:00,0,0,0
2015-01-03 21:00:00,1,1,0
2015-01-03 22:00:00,0,0,0
2015-01-03 23:00:00,1,1,0
2015-01-04 00:00:00,0,0,0
2015-01-04 01:00:00,0,0,0
2015-01-04 02:00:00,1,1,0
2015-01-04 03:00:00,0,0,0
2015-01-04 04:00:00,0,0,0
2015-01-04 05:00:00,0,0,0
2015-01-04 06:00:00,2,1,1
2015-01-04 07:00:00,8,4,4
2015-01-04 08:00:00,14,6,8
2015-01-04 09:00:00,11,7,4
2015-01-04 10:00:00,56,35,21
2015-01-04 11:00:00,12,9,3
2015-01-04 12:00:00,11,5,6
2015-01-04 13:00:00,7,4,3
2015-01-04 14:00:00,16,14,2
2015-01-04 15:00:00,8,5,3
2015-01-04 16:00:00,2,2,0
2015-01-04 17:00:00,0,0,0
2015-01-04 18:00:00,1,1,0
2015-01-04 19:00:00,0,0,0
2015-01-04 20:00:00,3,1,2
2015-01-04 21:00:00,1,1,0
2015-01-04 22:00:00,1,0,1
2015-01-04 23:00:00,0,0,0
2015-01-05 00:00:00,0,0,0
2015-01-05 01:00:00,1,1,0
2015-01-05 02:00:00,0,0,0
2015-01-05 03:00:00,1,1,0
2015-01-05 04:00:00,5,3,2
2015-01-05 05:00:00,5,4,1
2015-01-05 06:00:00,23,12,11
2015-01-05 07:00:00,34,18,16
2015-01-05 08:00:00,12,3,9
2015-01-05 09:00:00,8,4,4
2015-01-05 10:00:00,5,2,3
2015-01-05 11:00:00,0,0,0
2015-01-05 12:00:00,6,1,5
2015-01-05 13:00:00,4,2,2
2015-01-05 14:00:00,7,1,6
2015-01-05 15:00:00,12,7,5
2015-01-05 16:00:00,22,10,12
2015-01-05 17:00:00,39,24,15
2015-01-05 18:00:00,16,10,6
2015-01-05 19:00:00,4,3,1
2015-01-05 20:00:00,5,4,1
2015-01-05 21:00:00,1,1,0
2015-01-05 22:00:00,2,1,1
2015-01-05 23:00:00,1,0,1
2015-01-06 00:00:00,0,0,0
2015-01-06 01:00:00,0,0,0
2015-01-06 02:00:00,1,1,0
2015-01-06 03:00:00,2,2,0
2015-01-06 04:00:00,2,2,0
2015-01-06 05:00:00,13,9,4
2015-01-06 06:00:00,37,20,17
2015-01-06 07:00:00,57,35,22
2015-01-06 08:00:00,48,17,31
2015-01-06 09:00:00,17,7,10
2015-01-06 10:00:00,17,6,11
2015-01-06 11:00:00,27,18,9
2015-01-06 12:00:00,25,9,16
2015-01-06 13:00:00,25,13,12
2015-01-06 14:00:00,22,14,8
2015-01-06 15:00:00,32,17,15
2015-01-06 16:00:00,62,27,35
2015-01-06 17:00:00,66,43,23
2015-01-06 18:00:00,25,17,8
2015-01-06 19:00:00,6,3,3
2015-01-06 20:00:00,8,7,1
2015-01-06 21:00:00,2,1,1
2015-01-06 22:00:00,1,0,1
2015-01-06 23:00:00,2,1,1
2015-01-07 00:00:00,0,0,0
2015-01-07 01:00:00,0,0,0
2015-01-07 02:00:00,0,0,0
2015-01-07 03:00:00,3,3,0
2015-01-07 04:00:00,8,5,3
2015-01-07 05:00:00,15,11,4
2015-01-07 06:00:00,36,22,14
2015-01-07 07:00:00,51,25,26
2015-01-07 08:00:00,42,16,26
2015-01-07 09:00:00,24,12,12
2015-01-07 10:00:00,13,6,7
2015-01-07 11:00:00,11,4,7
2015-01-07 12:00:00,16,6,10
2015-01-07 13:00:00,21,11,10
2015-01-07 14:00:00,24,12,12
2015-01-07 15:00:00,36,21,15
2015-01-07 16:00:00,62,23,39
2015-01-11 00:00:00,0,0,0
2015-01-07 17:00:00,57,31,26
2015-01-07 18:00:00,23,16,7
2015-01-07 19:00:00,4,3,1
2015-01-07 20:00:00,6,3,3
2015-01-07 21:00:00,0,0,0
2015-01-07 22:00:00,1,1,0
2015-01-07 23:00:00,0,0,0
2015-01-08 00:00:00,0,0,0
2015-01-08 01:00:00,0,0,0
2015-01-08 02:00:00,2,2,0
2015-01-08 03:00:00,2,2,0
2015-01-08 04:00:00,2,2,0
2015-01-08 05:00:00,15,5,10
2015-01-08 06:00:00,30,14,16
2015-01-08 07:00:00,38,17,21
2015-01-08 08:00:00,36,11,25
2015-01-08 09:00:00,16,4,12
2015-01-08 10:00:00,14,2,12
2015-01-08 11:00:00,21,11,10
2015-01-08 12:00:00,21,11,10
2015-01-08 13:00:00,13,6,7
2015-01-08 14:00:00,33,18,15
2015-01-08 15:00:00,37,26,11
2015-01-08 16:00:00,55,31,24
2015-01-08 17:00:00,39,22,17
2015-01-08 18:00:00,25,16,9
2015-01-08 19:00:00,2,0,2
2015-01-08 20:00:00,6,5,1
2015-01-08 21:00:00,2,2,0
2015-01-08 22:00:00,0,0,0
2015-01-08 23:00:00,0,0,0
2015-01-09 00:00:00,0,0,0
2015-01-09 01:00:00,1,1,0
2015-01-09 02:00:00,0,0,0
2015-01-09 03:00:00,1,1,0
2015-01-09 04:00:00,3,2,1
2015-01-09 05:00:00,13,8,5
2015-01-09 06:00:00,30,17,13
2015-01-09 07:00:00,48,21,27
2015-01-09 08:00:00,37,16,21
2015-01-09 09:00:00,16,9,7
2015-01-09 10:00:00,12,5,7
2015-01-09 11:00:00,24,9,15
2015-01-09 12:00:00,19,7,12
2015-01-09 13:00:00,18,8,10
2015-01-09 14:00:00,38,21,17
2015-01-09 15:00:00,39,20,19
2015-01-09 16:00:00,49,29,20
2015-01-09 17:00:00,46,29,17
2015-01-09 18:00:00,18,11,7
2015-01-09 19:00:00,3,3,0
2015-01-09 20:00:00,2,2,0
2015-01-09 21:00:00,1,1,0
2015-01-09 22:00:00,0,0,0
2015-01-09 23:00:00,1,1,0
2015-01-10 00:00:00,1,0,1
2015-01-10 01:00:00,0,0,0
2015-01-10 02:00:00,1,1,0
2015-01-10 03:00:00,0,0,0
2015-01-10 04:00:00,0,0,0
2015-01-10 05:00:00,0,0,0
2015-01-10 06:00:00,5,4,1
2015-01-10 07:00:00,28,11,17
2015-01-10 08:00:00,66,33,33
2015-01-10 09:00:00,49,17,32
2015-01-10 10:00:00,63,22,41
2015-01-10 11:00:00,75,44,31
2015-01-10 12:00:00,64,43,21
2015-01-10 13:00:00,48,32,16
2015-01-10 14:00:00,21,13,8
2015-01-10 15:00:00,11,6,5
2015-01-10 16:00:00,3,1,2
2015-01-10 17:00:00,0,0,0
2015-01-10 18:00:00,3,3,0
2015-01-10 19:00:00,0,0,0
2015-01-10 20:00:00,0,0,0
2015-01-10 21:00:00,1,1,0
2015-01-10 22:00:00,0,0,0
2015-01-10 23:00:00,0,0,0
2015-01-11 01:00:00,0,0,0
2015-01-11 02:00:00,2,1,1
2015-01-11 03:00:00,0,0,0
2015-01-11 04:00:00,0,0,0
2015-01-11 05:00:00,1,0,1
2015-01-11 06:00:00,1,0,1
2015-01-11 07:00:00,25,4,21
2015-01-11 08:00:00,60,23,37
2015-01-11 09:00:00,80,34,46
2015-01-11 10:00:00,91,60,31
2015-01-11 11:00:00,70,42,28
2015-01-11 12:00:00,52,32,20
2015-01-11 13:00:00,67,48,19
2015-01-11 14:00:00,42,23,19
2015-01-11 15:00:00,34,24,10
2015-01-11 16:00:00,7,7,0
2015-01-11 17:00:00,0,0,0
2015-01-11 18:00:00,3,2,1
2015-01-11 19:00:00,0,0,0
2015-01-11 20:00:00,0,0,0
2015-01-11 21:00:00,1,1,0
2015-01-11 22:00:00,0,0,0
2015-01-11 23:00:00,3,1,2
2015-01-12 00:00:00,0,0,0
2015-01-12 01:00:00,0,0,0
2015-01-12 02:00:00,1,1,0
2015-01-12 03:00:00,3,2,1
2015-01-12 04:00:00,4,3,1
2015-01-12 05:00:00,20,13,7
2015-01-12 06:00:00,36,21,15
2015-01-12 07:00:00,45,23,22
2015-01-12 08:00:00,31,13,18
2015-01-12 09:00:00,16,6,10
2015-01-12 10:00:00,18,4,14
2015-01-12 11:00:00,18,7,11
2015-01-12 12:00:00,23,12,11
2015-01-12 13:00:00,21,7,14
2015-01-12 14:00:00,32,17,15
2015-01-12 15:00:00,39,21,18
2015-01-12 16:00:00,67,30,37
2015-01-12 17:00:00,52,37,15
2015-01-12 18:00:00,15,10,5
2015-01-12 19:00:00,13,9,4
2015-01-12 20:00:00,4,3,1
2015-01-12 21:00:00,1,1,0
2015-01-12 22:00:00,0,0,0
2015-01-12 23:00:00,1,1,0
2015-01-13 00:00:00,0,0,0
2015-01-13 01:00:00,1,1,0
2015-01-13 02:00:00,0,0,0
2015-01-13 03:00:00,1,1,0
2015-01-13 04:00:00,4,2,2
2015-01-13 05:00:00,24,15,9
2015-01-13 06:00:00,26,11,15
2015-01-13 07:00:00,57,26,31
2015-01-13 08:00:00,41,20,21
2015-01-13 09:00:00,18,7,11
2015-01-13 10:00:00,15,5,10
2015-01-13 11:00:00,15,8,7
2015-01-13 12:00:00,29,12,17
2015-01-13 13:00:00,30,17,13
2015-01-13 14:00:00,27,17,10
2015-01-13 15:00:00,38,12,26
2015-01-13 16:00:00,55,30,25
2015-01-13 17:00:00,51,30,21
2015-01-13 18:00:00,29,21,8
2015-01-13 19:00:00,6,3,3
2015-01-13 20:00:00,9,5,4
2015-01-13 21:00:00,3,2,1
2015-01-13 22:00:00,2,1,1
2015-01-13 23:00:00,0,0,0
2015-01-14 00:00:00,0,0,0
2015-01-14 01:00:00,0,0,0
2015-01-14 02:00:00,0,0,0
2015-01-14 03:00:00,3,3,0
2015-01-14 04:00:00,4,3,1
2015-01-14 05:00:00,19,10,9
2015-01-14 06:00:00,49,24,25
2015-01-14 07:00:00,51,27,24
2015-01-14 08:00:00,42,21,21
2015-01-14 09:00:00,17,4,13
2015-01-14 10:00:00,18,9,9
2015-01-14 11:00:00,18,5,13
2015-01-14 12:00:00,20,7,13
2015-01-14 13:00:00,24,11,13
2015-01-14 14:00:00,28,12,16
2015-01-14 15:00:00,52,33,19
2015-01-14 16:00:00,62,33,29
2015-01-14 17:00:00,55,27,28
2015-01-14 18:00:00,29,23,6
2015-01-14 19:00:00,7,5,2
2015-01-14 20:00:00,4,2,2
2015-01-14 21:00:00,4,3,1
2015-01-14 22:00:00,2,1,1
2015-01-14 23:00:00,1,1,0
2015-01-15 00:00:00,0,0,0
2015-01-15 01:00:00,0,0,0
2015-01-15 02:00:00,0,0,0
2015-01-15 03:00:00,2,2,0
2015-01-15 04:00:00,3,2,1
2015-01-15 05:00:00,9,5,4
2015-01-15 06:00:00,29,17,12
2015-01-15 07:00:00,39,20,19
2015-01-15 08:00:00,36,14,22
2015-01-15 09:00:00,12,5,7
2015-01-15 10:00:00,14,7,7
2015-01-15 11:00:00,9,4,5
2015-01-15 12:00:00,11,7,4
2015-01-15 13:00:00,12,6,6
2015-01-15 14:00:00,7,4,3
2015-01-15 15:00:00,15,10,5
2015-01-15 16:00:00,34,22,12
2015-01-15 17:00:00,29,17,12
2015-01-15 18:00:00,12,11,1
2015-01-15 19:00:00,5,4,1
2015-01-15 20:00:00,3,2,1
2015-01-15 21:00:00,1,0,1
2015-01-15 22:00:00,1,1,0
2015-01-15 23:00:00,1,1,0
2015-01-16 00:00:00,0,0,0
2015-01-16 01:00:00,0,0,0
2015-01-16 02:00:00,0,0,0
2015-01-16 03:00:00,2,2,0
2015-01-16 04:00:00,2,1,1
2015-01-16 05:00:00,15,7,8
2015-01-16 06:00:00,24,14,10
2015-01-16 07:00:00,41,23,18
2015-01-16 08:00:00,30,14,16
2015-01-16 09:00:00,14,3,11
2015-01-16 10:00:00,8,5,3
2015-01-16 11:00:00,18,3,15
2015-01-16 12:00:00,12,5,7
2015-01-16 13:00:00,18,6,12
2015-01-16 14:00:00,33,19,14
2015-01-16 15:00:00,40,26,14
2015-01-16 16:00:00,57,34,23
2015-01-16 17:00:00,37,19,18
2015-01-16 18:00:00,17,11,6
2015-01-16 19:00:00,9,5,4
2015-01-16 20:00:00,3,2,1
2015-01-16 21:00:00,4,4,0
2015-01-16 22:00:00,2,2,0
2015-01-16 23:00:00,0,0,0
2015-01-17 00:00:00,0,0,0
2015-01-17 01:00:00,1,1,0
2015-01-17 02:00:00,0,0,0
2015-01-17 03:00:00,1,1,0
2015-01-17 04:00:00,0,0,0
2015-01-17 05:00:00,3,1,2
2015-01-17 06:00:00,3,3,0
2015-01-17 07:00:00,35,12,23
2015-01-17 08:00:00,49,18,31
2015-01-17 09:00:00,101,23,78
2015-01-17 10:00:00,91,63,28
2015-01-17 11:00:00,46,37,9
2015-01-17 12:00:00,45,41,4
2015-01-17 13:00:00,26,20,6
2015-01-20 21:00:00,4,4,0
2015-01-17 14:00:00,17,11,6
2015-01-17 15:00:00,8,4,4
2015-01-17 16:00:00,6,6,0
2015-01-17 17:00:00,2,1,1
2015-01-17 18:00:00,3,3,0
2015-01-17 19:00:00,1,1,0
2015-01-17 20:00:00,1,0,1
2015-01-17 21:00:00,1,1,0
2015-01-17 22:00:00,0,0,0
2015-01-17 23:00:00,0,0,0
2015-01-18 00:00:00,0,0,0
2015-01-18 01:00:00,0,0,0
2015-01-18 02:00:00,1,1,0
2015-01-18 03:00:00,0,0,0
2015-01-18 04:00:00,0,0,0
2015-01-18 05:00:00,0,0,0
2015-01-18 06:00:00,1,0,1
2015-01-18 07:00:00,6,0,6
2015-01-18 08:00:00,26,10,16
2015-01-18 09:00:00,27,18,9
2015-01-18 10:00:00,29,27,2
2015-01-18 11:00:00,11,6,5
2015-01-18 12:00:00,3,2,1
2015-01-18 13:00:00,7,2,5
2015-01-18 14:00:00,4,2,2
2015-01-18 15:00:00,7,5,2
2015-01-18 16:00:00,3,1,2
2015-01-18 17:00:00,1,1,0
2015-01-18 18:00:00,3,1,2
2015-01-18 19:00:00,1,1,0
2015-01-18 20:00:00,0,0,0
2015-01-18 21:00:00,0,0,0
2015-01-18 22:00:00,0,0,0
2015-01-18 23:00:00,0,0,0
2015-01-19 00:00:00,0,0,0
2015-01-19 01:00:00,1,1,0
2015-01-19 02:00:00,0,0,0
2015-01-19 03:00:00,0,0,0
2015-01-19 04:00:00,3,1,2
2015-01-19 05:00:00,9,4,5
2015-01-19 06:00:00,17,7,10
2015-01-19 07:00:00,35,15,20
2015-01-19 08:00:00,27,9,18
2015-01-19 09:00:00,35,18,17
2015-01-19 10:00:00,32,17,15
2015-01-19 11:00:00,33,20,13
2015-01-19 12:00:00,46,25,21
2015-01-19 13:00:00,39,25,14
2015-01-19 14:00:00,27,14,13
2015-01-19 15:00:00,54,30,24
2015-01-19 16:00:00,34,24,10
2015-01-19 17:00:00,31,21,10
2015-01-19 18:00:00,15,8,7
2015-01-19 19:00:00,5,4,1
2015-01-19 20:00:00,3,2,1
2015-01-19 21:00:00,2,0,2
2015-01-19 22:00:00,0,0,0
2015-01-19 23:00:00,0,0,0
2015-01-20 00:00:00,0,0,0
2015-01-20 01:00:00,0,0,0
2015-01-20 02:00:00,0,0,0
2015-01-20 03:00:00,3,3,0
2015-01-20 04:00:00,5,3,2
2015-01-20 05:00:00,21,12,9
2015-01-20 06:00:00,41,22,19
2015-01-20 07:00:00,51,28,23
2015-01-20 08:00:00,39,17,22
2015-01-20 09:00:00,16,6,10
2015-01-20 10:00:00,38,14,24
2015-01-20 11:00:00,20,10,10
2015-01-20 12:00:00,31,20,11
2015-01-20 13:00:00,30,17,13
2015-01-20 14:00:00,33,17,16
2015-01-20 15:00:00,39,17,22
2015-01-20 16:00:00,68,33,35
2015-01-20 17:00:00,48,31,17
2015-01-20 18:00:00,40,23,17
2015-01-20 19:00:00,13,7,6
2015-01-20 20:00:00,6,4,2
2015-01-20 22:00:00,1,0,1
2015-01-20 23:00:00,0,0,0
2015-01-21 00:00:00,0,0,0
2015-01-21 01:00:00,0,0,0
2015-01-21 02:00:00,1,1,0
2015-01-21 03:00:00,2,2,0
2015-01-21 04:00:00,6,4,2
2015-01-21 05:00:00,15,6,9
2015-01-21 06:00:00,34,17,17
2015-01-21 07:00:00,50,25,25
2015-01-21 08:00:00,30,11,19
2015-01-21 09:00:00,16,5,11
2015-01-21 10:00:00,25,13,12
2015-01-21 11:00:00,29,9,20
2015-01-21 12:00:00,18,14,4
2015-01-21 13:00:00,20,7,13
2015-01-21 14:00:00,27,15,12
2015-01-21 15:00:00,44,26,18
2015-01-21 16:00:00,51,26,25
2015-01-21 17:00:00,45,25,20
2015-01-21 18:00:00,30,23,7
2015-01-21 19:00:00,7,6,1
2015-01-21 20:00:00,5,4,1
2015-01-21 21:00:00,3,3,0
2015-01-21 22:00:00,1,1,0
2015-01-21 23:00:00,1,1,0
2015-01-22 00:00:00,1,1,0
2015-01-22 01:00:00,0,0,0
2015-01-22 02:00:00,1,1,0
2015-01-22 03:00:00,2,2,0
2015-01-22 04:00:00,5,3,2
2015-01-22 05:00:00,11,7,4
2015-01-22 06:00:00,23,11,12
2015-01-22 07:00:00,38,21,17
2015-01-22 08:00:00,24,10,14
2015-01-22 09:00:00,7,0,7
2015-01-22 10:00:00,13,7,6
2015-01-22 11:00:00,7,4,3
2015-01-22 12:00:00,8,5,3
2015-01-22 13:00:00,6,1,5
2015-01-22 14:00:00,16,5,11
2015-01-22 15:00:00,28,16,12
2015-01-22 16:00:00,35,17,18
2015-01-22 17:00:00,29,19,10
2015-01-22 18:00:00,13,7,6
2015-01-22 19:00:00,3,3,0
2015-01-22 20:00:00,4,2,2
2015-01-22 21:00:00,2,2,0
2015-01-22 22:00:00,0,0,0
2015-01-22 23:00:00,2,1,1
2015-01-23 00:00:00,1,0,1
2015-01-23 01:00:00,0,0,0
2015-01-23 02:00:00,0,0,0
2015-01-23 03:00:00,3,3,0
2015-01-23 04:00:00,6,4,2
2015-01-23 05:00:00,10,4,6
2015-01-23 06:00:00,18,10,8
2015-01-23 07:00:00,34,18,16
2015-01-23 08:00:00,25,15,10
2015-01-23 09:00:00,4,1,3
2015-01-23 10:00:00,12,2,10
2015-01-23 11:00:00,12,6,6
2015-01-23 12:00:00,3,2,1
2015-01-23 13:00:00,3,0,3
2015-01-23 14:00:00,13,9,4
2015-01-23 15:00:00,23,10,13
2015-01-23 16:00:00,31,16,15
2015-01-23 17:00:00,33,19,14
2015-01-23 18:00:00,11,5,6
2015-01-23 19:00:00,7,6,1
2015-01-23 20:00:00,4,3,1
2015-01-23 21:00:00,2,2,0
2015-01-23 22:00:00,2,2,0
2015-01-23 23:00:00,0,0,0
2015-01-24 00:00:00,0,0,0
2015-01-24 01:00:00,0,0,0
2015-01-24 02:00:00,0,0,0
2015-01-24 03:00:00,1,1,0
2015-01-24 04:00:00,0,0,0
2015-01-24 05:00:00,0,0,0
2015-01-24 06:00:00,2,0,2
2015-01-24 07:00:00,15,6,9
2015-01-24 08:00:00,30,10,20
2015-01-24 09:00:00,71,10,61
2015-01-24 10:00:00,72,30,42
2015-01-24 11:00:00,61,37,24
2015-01-24 12:00:00,73,56,17
2015-01-24 13:00:00,71,40,31
2015-01-24 14:00:00,43,21,22
2015-01-24 15:00:00,35,20,15
2015-01-24 16:00:00,19,14,5
2015-01-24 17:00:00,4,3,1
2015-01-24 18:00:00,6,6,0
2015-01-24 19:00:00,6,5,1
2015-01-24 20:00:00,0,0,0
2015-01-24 21:00:00,0,0,0
2015-01-24 22:00:00,4,1,3
2015-01-24 23:00:00,5,4,1
2015-01-25 00:00:00,2,1,1
2015-01-25 01:00:00,0,0,0
2015-01-25 02:00:00,2,2,0
2015-01-25 03:00:00,0,0,0
2015-01-25 04:00:00,0,0,0
2015-01-25 05:00:00,4,1,3
2015-01-25 06:00:00,6,2,4
2015-01-25 07:00:00,29,6,23
2015-01-25 08:00:00,91,36,55
2015-01-25 09:00:00,119,37,82
2015-01-25 10:00:00,170,86,84
2015-01-25 11:00:00,193,113,80
2015-01-25 12:00:00,158,90,68
2015-01-25 13:00:00,190,95,95
2015-01-25 14:00:00,170,104,66
2015-01-25 15:00:00,120,80,40
2015-01-25 16:00:00,36,30,6
2015-01-25 17:00:00,10,10,0
2015-01-25 18:00:00,4,3,1
2015-01-25 19:00:00,1,0,1
2015-01-25 20:00:00,0,0,0
2015-01-25 21:00:00,1,1,0
2015-01-25 22:00:00,3,2,1
2015-01-25 23:00:00,0,0,0
2015-01-26 00:00:00,0,0,0
2015-01-26 01:00:00,1,1,0
2015-01-26 02:00:00,0,0,0
2015-01-26 03:00:00,2,2,0
2015-01-26 04:00:00,9,6,3
2015-01-26 05:00:00,21,13,8
2015-01-26 06:00:00,37,22,15
2015-01-26 07:00:00,59,32,27
2015-01-26 08:00:00,33,18,15
2015-01-26 09:00:00,27,12,15
2015-01-26 10:00:00,31,14,17
2015-01-26 11:00:00,33,11,22
2015-01-26 12:00:00,40,12,28
2015-01-26 13:00:00,54,33,21
2015-01-26 14:00:00,64,24,40
2015-01-26 15:00:00,68,34,34
2015-01-26 16:00:00,85,49,36
2015-01-26 17:00:00,64,33,31
2015-01-26 18:00:00,26,20,6
2015-01-26 19:00:00,5,3,2
2015-01-26 20:00:00,9,5,4
2015-01-26 21:00:00,4,2,2
2015-01-26 22:00:00,2,1,1
2015-01-26 23:00:00,2,2,0
2015-01-27 00:00:00,0,0,0
2015-01-27 01:00:00,1,1,0
2015-01-27 02:00:00,0,0,0
2015-01-27 03:00:00,1,1,0
2015-01-27 04:00:00,6,5,1
2015-01-27 05:00:00,19,12,7
2015-01-27 06:00:00,43,22,21
2015-01-27 07:00:00,47,24,23
2015-01-27 08:00:00,35,16,19
2015-01-27 09:00:00,16,9,7
2015-01-27 10:00:00,14,7,7
2015-01-27 11:00:00,8,0,8
2015-01-27 12:00:00,13,8,5
2015-01-27 13:00:00,13,5,8
2015-01-27 14:00:00,11,4,7
2015-01-27 15:00:00,24,9,15
2015-01-27 16:00:00,50,25,25
2015-01-27 17:00:00,56,34,22
2015-01-27 18:00:00,25,11,14
2015-01-27 19:00:00,9,7,2
2015-01-27 20:00:00,7,5,2
2015-01-27 21:00:00,5,3,2
2015-01-27 22:00:00,2,2,0
2015-01-27 23:00:00,1,1,0
2015-01-28 00:00:00,1,1,0
2015-01-28 01:00:00,0,0,0
2015-01-28 02:00:00,0,0,0
2015-01-28 03:00:00,2,2,0
2015-01-28 04:00:00,4,2,2
2015-01-28 05:00:00,17,9,8
2015-01-28 06:00:00,35,17,18
2015-01-28 07:00:00,58,27,31
2015-01-28 08:00:00,37,21,16
2015-01-28 09:00:00,22,10,12
2015-01-28 10:00:00,24,11,13
2015-01-28 11:00:00,22,14,8
2015-01-28 12:00:00,15,8,7
2015-01-28 13:00:00,26,10,16
2015-01-28 14:00:00,29,14,15
2015-01-28 15:00:00,44,26,18
2015-01-28 16:00:00,64,33,31
2015-01-28 17:00:00,52,26,26
2015-01-28 18:00:00,37,21,16
2015-01-28 19:00:00,17,13,4
2015-01-28 20:00:00,8,6,2
2015-01-28 21:00:00,2,1,1
2015-01-28 22:00:00,1,1,0
2015-01-28 23:00:00,1,1,0
2015-01-29 00:00:00,0,0,0
2015-01-29 01:00:00,1,1,0
2015-01-29 02:00:00,0,0,0
2015-01-29 03:00:00,2,2,0
2015-01-29 04:00:00,4,3,1
2015-01-29 05:00:00,7,4,3
2015-01-29 06:00:00,40,25,15
2015-01-29 07:00:00,56,31,25
2015-01-29 08:00:00,27,12,15
2015-01-29 09:00:00,17,8,9
2015-01-29 10:00:00,26,9,17
2015-01-29 11:00:00,27,12,15
2015-01-29 12:00:00,30,13,17
2015-01-29 13:00:00,31,14,17
2015-01-29 14:00:00,22,17,5
2015-01-29 15:00:00,52,29,23
2015-01-29 16:00:00,71,32,39
2015-01-29 17:00:00,52,25,27
2015-01-29 18:00:00,20,15,5
2015-01-29 19:00:00,11,6,5
2015-01-29 20:00:00,3,3,0
2015-01-29 21:00:00,2,2,0
2015-01-29 22:00:00,2,2,0
2015-01-29 23:00:00,1,1,0
2015-01-30 00:00:00,0,0,0
2015-01-30 01:00:00,0,0,0
2015-01-30 02:00:00,0,0,0
2015-01-30 03:00:00,2,2,0
2015-01-30 04:00:00,7,4,3
2015-01-30 05:00:00,17,12,5
2015-01-30 06:00:00,34,17,17
2015-01-30 07:00:00,59,30,29
2015-01-30 08:00:00,35,19,16
2015-01-30 09:00:00,17,6,11
2015-01-30 10:00:00,34,7,27
2015-01-30 11:00:00,27,15,12
2015-01-30 12:00:00,19,12,7
2015-01-30 13:00:00,33,13,20
2015-01-30 14:00:00,38,17,21
2015-01-30 15:00:00,43,19,24
2015-01-30 16:00:00,54,34,20
2015-01-30 17:00:00,47,24,23
2015-01-30 18:00:00,21,16,5
2015-01-30 19:00:00,2,2,0
2015-01-30 20:00:00,6,3,3
2015-01-30 21:00:00,2,2,0
2015-01-30 22:00:00,0,0,0
2015-01-30 23:00:00,1,1,0
2015-01-31 00:00:00,1,0,1
2015-01-31 01:00:00,0,0,0
2015-01-31 02:00:00,0,0,0
2015-01-31 03:00:00,0,0,0
2015-01-31 04:00:00,0,0,0
2015-01-31 05:00:00,1,1,0
2015-01-31 06:00:00,6,1,5
2015-01-31 07:00:00,35,12,23
2015-01-31 08:00:00,74,27,47
2015-01-31 09:00:00,115,53,62
2015-01-31 10:00:00,124,51,73
2015-01-31 11:00:00,99,55,44
2015-01-31 12:00:00,146,100,46
2015-01-31 13:00:00,96,67,29
2015-01-31 14:00:00,92,58,34
2015-01-31 15:00:00,57,41,16
2015-01-31 16:00:00,19,13,6
2015-01-31 17:00:00,1,1,0
2015-01-31 18:00:00,6,5,1
2015-01-31 19:00:00,2,1,1
2015-01-31 20:00:00,2,1,1
2015-01-31 21:00:00,0,0,0
2015-01-31 22:00:00,3,2,1
2015-01-31 23:00:00,3,1,2
2015-02-01 00:00:00,0,0,0
2015-02-01 01:00:00,0,0,0
2015-02-01 02:00:00,1,1,0
2015-02-01 03:00:00,0,0,0
2015-02-01 04:00:00,0,0,0
2015-02-01 05:00:00,0,0,0
2015-02-01 06:00:00,4,3,1
2015-02-01 07:00:00,28,8,20
2015-02-01 08:00:00,45,23,22
2015-02-01 09:00:00,46,24,22
2015-02-01 10:00:00,53,46,7
2015-02-01 11:00:00,22,12,10
2015-02-01 12:00:00,13,8,5
2015-02-01 13:00:00,15,7,8
2015-02-01 14:00:00,6,2,4
2015-02-01 15:00:00,3,0,3
2015-02-01 16:00:00,1,1,0
2015-02-01 17:00:00,2,2,0
2015-02-01 18:00:00,1,1,0
2015-02-01 19:00:00,1,1,0
2015-02-01 20:00:00,1,1,0
2015-02-01 21:00:00,1,1,0
2015-02-01 22:00:00,1,1,0
2015-02-01 23:00:00,1,0,1
2015-02-02 00:00:00,0,0,0
2015-02-02 01:00:00,0,0,0
2015-02-02 02:00:00,0,0,0
2015-02-02 03:00:00,2,2,0
2015-02-02 04:00:00,3,2,1
2015-02-02 05:00:00,10,7,3
2015-02-02 06:00:00,19,11,8
2015-02-02 07:00:00,26,13,13
2015-02-02 08:00:00,15,5,10
2015-02-02 09:00:00,16,7,9
2015-02-02 10:00:00,9,6,3
2015-02-02 11:00:00,5,3,2
2015-02-02 12:00:00,3,3,0
2015-02-02 13:00:00,2,0,2
2015-02-02 14:00:00,7,1,6
2015-02-02 15:00:00,17,9,8
2015-02-02 16:00:00,36,16,20
2015-02-02 17:00:00,32,21,11
2015-02-02 18:00:00,16,11,5
2015-02-02 19:00:00,9,7,2
2015-02-02 20:00:00,4,3,1
2015-02-02 21:00:00,1,0,1
2015-02-02 22:00:00,2,1,1
2015-02-02 23:00:00,1,1,0
2015-02-03 00:00:00,0,0,0
2015-02-03 01:00:00,0,0,0
2015-02-03 02:00:00,1,1,0
2015-02-03 03:00:00,1,1,0
2015-02-03 04:00:00,3,2,1
2015-02-03 05:00:00,23,13,10
2015-02-03 06:00:00,34,18,16
2015-02-03 07:00:00,50,29,21
2015-02-03 08:00:00,26,16,10
2015-02-03 09:00:00,17,5,12
2015-02-03 10:00:00,0,0,0
2015-02-03 11:00:00,11,9,2
2015-02-03 12:00:00,5,4,1
2015-02-03 13:00:00,5,2,3
2015-02-03 14:00:00,2,0,2
2015-02-03 15:00:00,7,1,6
2015-02-03 16:00:00,16,9,7
2015-02-03 17:00:00,50,21,29
2015-02-03 18:00:00,47,23,24
2015-02-03 19:00:00,22,14,8
2015-02-03 20:00:00,8,6,2
2015-02-03 21:00:00,5,4,1
2015-02-03 22:00:00,4,3,1
2015-02-03 23:00:00,0,0,0
2015-02-04 00:00:00,3,2,1
2015-02-04 01:00:00,0,0,0
2015-02-04 02:00:00,0,0,0
2015-02-04 03:00:00,0,0,0
2015-02-04 04:00:00,3,2,1
2015-02-04 05:00:00,5,3,2
2015-02-04 06:00:00,12,7,5
2015-02-04 07:00:00,49,25,24
2015-02-04 08:00:00,43,15,28
2015-02-04 09:00:00,28,13,15
2015-02-04 10:00:00,16,9,7
2015-02-04 11:00:00,21,7,14
2015-02-04 12:00:00,12,3,9
2015-02-04 13:00:00,10,9,1
2015-02-04 14:00:00,9,4,5
2015-02-04 15:00:00,18,7,11
2015-02-04 16:00:00,23,10,13
2015-02-04 17:00:00,46,23,23
2015-02-04 18:00:00,35,21,14
2015-02-04 19:00:00,19,12,7
2015-02-04 20:00:00,5,4,1
2015-02-04 21:00:00,3,3,0
2015-02-04 22:00:00,5,3,2
2015-02-04 23:00:00,2,1,1
2015-02-05 00:00:00,0,0,0
2015-02-05 01:00:00,0,0,0
2015-02-05 02:00:00,0,0,0
2015-02-05 03:00:00,1,1,0
2015-02-05 04:00:00,2,2,0
2015-02-05 05:00:00,1,0,1
2015-02-05 06:00:00,4,3,1
2015-02-05 07:00:00,14,9,5
2015-02-05 08:00:00,20,9,11
2015-02-05 09:00:00,17,7,10
2015-02-05 10:00:00,4,2,2
2015-02-05 11:00:00,7,3,4
2015-02-05 12:00:00,7,1,6
2015-02-05 13:00:00,7,4,3
2015-02-05 14:00:00,9,4,5
2015-02-05 15:00:00,5,3,2
2015-02-05 16:00:00,13,9,4
2015-02-05 17:00:00,27,13,14
2015-02-05 18:00:00,20,14,6
2015-02-05 19:00:00,18,12,6
2015-02-05 20:00:00,5,4,1
2015-02-05 21:00:00,4,3,1
2015-02-05 22:00:00,0,0,0
2015-02-05 23:00:00,2,2,0
2015-02-06 00:00:00,0,0,0
2015-02-06 01:00:00,1,1,0
2015-02-06 02:00:00,0,0,0
2015-02-06 03:00:00,1,1,0
2015-02-06 04:00:00,0,0,0
2015-02-06 05:00:00,3,3,0
2015-02-06 06:00:00,7,3,4
2015-02-06 07:00:00,19,8,11
2015-02-06 08:00:00,25,16,9
2015-02-06 09:00:00,18,8,10
2015-02-06 10:00:00,8,1,7
2015-02-06 11:00:00,3,1,2
2015-02-06 12:00:00,0,0,0
2015-02-06 13:00:00,2,1,1
2015-02-06 14:00:00,4,3,1
2015-02-06 15:00:00,8,4,4
2015-02-06 16:00:00,14,9,5
2015-02-06 17:00:00,28,13,15
2015-02-06 18:00:00,31,14,17
2015-02-06 19:00:00,10,6,4
2015-02-06 20:00:00,3,3,0
2015-02-06 21:00:00,4,2,2
2015-02-06 22:00:00,0,0,0
2015-02-06 23:00:00,2,1,1
2015-02-07 00:00:00,1,1,0
2015-02-07 01:00:00,1,0,1
2015-02-07 02:00:00,0,0,0
2015-02-07 03:00:00,1,0,1
2015-02-07 04:00:00,0,0,0
2015-02-07 05:00:00,0,0,0
2015-02-07 06:00:00,0,0,0
2015-02-07 07:00:00,3,1,2
2015-02-07 08:00:00,11,2,9
2015-02-07 09:00:00,20,18,2
2015-02-07 10:00:00,47,8,39
2015-02-07 11:00:00,31,31,0
2015-02-07 12:00:00,36,24,12
2015-02-07 13:00:00,34,24,10
2015-02-07 14:00:00,21,11,10
2015-02-07 15:00:00,22,11,11
2015-02-07 16:00:00,11,7,4
2015-02-07 17:00:00,5,5,0
2015-02-07 18:00:00,2,0,2
2015-02-07 19:00:00,1,1,0
2015-02-07 20:00:00,3,3,0
2015-02-07 21:00:00,0,0,0
2015-02-07 22:00:00,0,0,0
2015-02-07 23:00:00,0,0,0
2015-02-08 00:00:00,2,0,2
2015-02-08 01:00:00,0,0,0
2015-02-08 02:00:00,1,1,0
2015-02-08 03:00:00,1,1,0
2015-02-08 04:00:00,1,1,0
2015-02-08 05:00:00,0,0,0
2015-02-08 06:00:00,2,1,1
2015-02-08 07:00:00,4,0,4
2015-02-08 08:00:00,35,3,32
2015-02-08 09:00:00,74,42,32
2015-02-08 10:00:00,85,42,43
2015-02-08 11:00:00,141,92,49
2015-02-08 12:00:00,136,80,56
2015-02-08 13:00:00,121,74,47
2015-02-08 14:00:00,111,67,44
2015-02-08 15:00:00,63,39,24
2015-02-08 16:00:00,54,34,20
2015-02-08 17:00:00,27,22,5
2015-02-08 18:00:00,9,8,1
2015-02-08 19:00:00,8,6,2
2015-02-08 20:00:00,0,0,0
2015-02-08 21:00:00,1,1,0
2015-02-08 22:00:00,1,1,0
2015-02-08 23:00:00,2,2,0
2015-02-09 00:00:00,2,1,1
2015-02-09 01:00:00,1,0,1
2015-02-09 02:00:00,1,1,0
2015-02-09 03:00:00,0,0,0
2015-02-09 04:00:00,3,3,0
2015-02-09 05:00:00,5,5,0
2015-02-09 06:00:00,9,5,4
2015-02-09 07:00:00,31,15,16
2015-02-09 08:00:00,41,22,19
2015-02-09 09:00:00,18,7,11
2015-02-09 10:00:00,10,7,3
2015-02-09 11:00:00,12,5,7
2015-02-09 12:00:00,6,1,5
2015-02-09 13:00:00,8,3,5
2015-02-09 14:00:00,7,5,2
2015-02-09 15:00:00,11,3,8
2015-02-09 16:00:00,27,14,13
2015-02-09 17:00:00,38,19,19
2015-02-09 18:00:00,43,24,19
2015-02-09 19:00:00,22,13,9
2015-02-09 20:00:00,5,4,1
2015-02-09 21:00:00,4,4,0
2015-02-09 22:00:00,1,1,0
2015-02-09 23:00:00,1,1,0
2015-02-10 00:00:00,0,0,0
2015-02-10 01:00:00,0,0,0
2015-02-10 02:00:00,0,0,0
2015-02-10 03:00:00,0,0,0
2015-02-10 04:00:00,2,2,0
2015-02-10 05:00:00,3,1,2
2015-02-10 06:00:00,10,5,5
2015-02-10 07:00:00,31,18,13
2015-02-10 08:00:00,37,19,18
2015-02-10 09:00:00,31,11,20
2015-02-10 10:00:00,15,5,10
2015-02-10 11:00:00,16,9,7
2015-02-10 12:00:00,9,5,4
2015-02-10 13:00:00,15,8,7
2015-02-10 14:00:00,13,5,8
2015-02-10 15:00:00,20,10,10
2015-02-10 16:00:00,43,20,23
2015-02-10 17:00:00,50,31,19
2015-02-10 18:00:00,56,33,23
2015-02-10 19:00:00,33,17,16
2015-02-10 20:00:00,10,8,2
2015-02-10 21:00:00,4,4,0
2015-02-10 22:00:00,3,3,0
2015-02-10 23:00:00,1,1,0
2015-02-11 00:00:00,1,1,0
2015-02-11 01:00:00,0,0,0
2015-02-11 02:00:00,0,0,0
2015-02-11 03:00:00,0,0,0
2015-02-11 04:00:00,2,2,0
2015-02-11 05:00:00,3,2,1
2015-02-11 06:00:00,23,11,12
2015-02-11 07:00:00,40,22,18
2015-02-11 08:00:00,56,35,21
2015-02-11 09:00:00,45,19,26
2015-02-11 10:00:00,22,10,12
2015-02-11 11:00:00,14,9,5
2015-02-11 12:00:00,13,3,10
2015-02-11 13:00:00,28,12,16
2015-02-11 14:00:00,14,10,4
2015-02-11 15:00:00,28,11,17
2015-02-11 16:00:00,40,21,19
2015-02-11 17:00:00,76,31,45
2015-02-11 18:00:00,68,43,25
2015-02-11 19:00:00,24,13,11
2015-02-11 20:00:00,5,3,2
2015-02-11 21:00:00,5,5,0
2015-02-11 22:00:00,6,4,2
2015-02-11 23:00:00,0,0,0
2015-02-12 00:00:00,0,0,0
2015-02-12 01:00:00,0,0,0
2015-02-12 02:00:00,0,0,0
2015-02-12 03:00:00,1,1,0
2015-02-12 04:00:00,1,1,0
2015-02-12 05:00:00,4,4,0
2015-02-12 06:00:00,14,8,6
2015-02-12 07:00:00,39,18,21
2015-02-12 08:00:00,33,18,15
2015-02-12 09:00:00,28,13,15
2015-02-12 10:00:00,19,10,9
2015-02-12 11:00:00,27,9,18
2015-02-12 12:00:00,19,10,9
2015-02-12 13:00:00,11,6,5
2015-02-12 14:00:00,25,10,15
2015-02-12 15:00:00,27,16,11
2015-02-12 16:00:00,46,20,26
2015-02-12 17:00:00,59,27,32
2015-02-12 18:00:00,44,30,14
2015-02-12 19:00:00,27,15,12
2015-02-12 20:00:00,4,4,0
2015-02-12 21:00:00,4,3,1
2015-02-12 22:00:00,4,4,0
2015-02-12 23:00:00,1,0,1
2015-02-13 00:00:00,1,1,0
2015-02-13 01:00:00,0,0,0
2015-02-13 02:00:00,0,0,0
2015-02-13 03:00:00,0,0,0
2015-02-13 04:00:00,0,0,0
2015-02-13 05:00:00,4,2,2
2015-02-13 06:00:00,15,12,3
2015-02-13 07:00:00,40,18,22
2015-02-13 08:00:00,62,37,25
2015-02-13 09:00:00,36,15,21
2015-02-13 10:00:00,20,15,5
2015-02-13 11:00:00,19,4,15
2015-02-13 12:00:00,24,15,9
2015-02-13 13:00:00,33,19,14
2015-02-13 14:00:00,27,18,9
2015-02-13 15:00:00,35,17,18
2015-02-13 16:00:00,35,11,24
2015-02-13 17:00:00,71,41,30
2015-02-13 18:00:00,29,19,10
2015-02-13 19:00:00,25,20,5
2015-02-13 20:00:00,3,3,0
2015-02-13 21:00:00,9,6,3
2015-02-13 22:00:00,4,3,1
2015-02-13 23:00:00,1,1,0
2015-02-14 00:00:00,0,0,0
2015-02-14 01:00:00,1,1,0
2015-02-14 02:00:00,1,0,1
2015-02-14 03:00:00,0,0,0
2015-02-14 04:00:00,0,0,0
2015-02-14 05:00:00,0,0,0
2015-02-14 06:00:00,0,0,0
2015-02-14 07:00:00,8,4,4
2015-02-14 08:00:00,44,19,25
2015-02-14 09:00:00,96,39,57
2015-02-14 10:00:00,92,20,72
2015-02-14 11:00:00,84,43,41
2015-02-14 12:00:00,82,51,31
2015-02-14 13:00:00,67,42,25
2015-02-14 14:00:00,92,39,53
2015-02-14 15:00:00,88,45,43
2015-02-14 16:00:00,74,42,32
2015-02-14 17:00:00,46,31,15
2015-02-14 18:00:00,18,15,3
2015-02-14 19:00:00,6,6,0
2015-02-14 20:00:00,1,0,1
2015-02-14 21:00:00,0,0,0
2015-02-14 22:00:00,0,0,0
2015-02-14 23:00:00,1,0,1
2015-02-15 00:00:00,3,3,0
2015-02-15 01:00:00,0,0,0
2015-02-15 02:00:00,2,2,0
2015-02-15 03:00:00,0,0,0
2015-02-15 04:00:00,0,0,0
2015-02-15 05:00:00,0,0,0
2015-02-15 06:00:00,2,0,2
2015-02-15 07:00:00,1,0,1
2015-02-15 08:00:00,40,9,31
2015-02-15 09:00:00,68,27,41
2015-02-15 10:00:00,104,45,59
2015-02-15 11:00:00,138,85,53
2015-02-15 12:00:00,164,101,63
2015-02-15 13:00:00,166,88,78
2015-02-15 14:00:00,124,85,39
2015-02-15 15:00:00,162,93,69
2015-02-15 16:00:00,109,67,42
2015-02-15 17:00:00,46,24,22
2015-02-15 18:00:00,14,14,0
2015-02-15 19:00:00,9,9,0
2015-02-15 20:00:00,1,1,0
2015-02-15 21:00:00,0,0,0
2015-02-15 22:00:00,2,2,0
2015-02-15 23:00:00,0,0,0
2015-02-16 00:00:00,0,0,0
2015-02-16 01:00:00,0,0,0
2015-02-16 02:00:00,1,1,0
2015-02-16 03:00:00,0,0,0
2015-02-16 04:00:00,0,0,0
2015-02-16 05:00:00,1,1,0
2015-02-16 06:00:00,4,3,1
2015-02-16 07:00:00,23,12,11
2015-02-16 08:00:00,35,15,20
2015-02-16 09:00:00,31,10,21
2015-02-16 10:00:00,51,15,36
2015-02-16 11:00:00,68,22,46
2015-02-16 12:00:00,70,41,29
2015-02-16 13:00:00,73,52,21
2015-02-16 14:00:00,60,30,30
2015-02-16 15:00:00,61,19,42
2015-02-16 16:00:00,69,50,19
2015-02-16 17:00:00,52,32,20
2015-02-16 18:00:00,42,29,13
2015-02-16 19:00:00,10,7,3
2015-02-16 20:00:00,1,1,0
2015-02-16 21:00:00,3,2,1
2015-02-16 22:00:00,4,3,1
2015-02-16 23:00:00,2,2,0
2015-02-17 00:00:00,3,2,1
2015-02-17 01:00:00,0,0,0
2015-02-17 02:00:00,0,0,0
2015-02-17 03:00:00,0,0,0
2015-02-17 04:00:00,3,3,0
2015-02-17 05:00:00,3,2,1
2015-02-17 06:00:00,22,14,8
2015-02-17 07:00:00,39,21,18
2015-02-17 08:00:00,50,28,22
2015-02-17 09:00:00,25,11,14
2015-02-17 10:00:00,24,10,14
2015-02-17 11:00:00,26,12,14
2015-02-17 12:00:00,28,16,12
2015-02-17 13:00:00,35,17,18
2015-02-17 14:00:00,32,10,22
2015-02-17 15:00:00,51,26,25
2015-02-17 16:00:00,60,33,27
2015-02-17 17:00:00,79,40,39
2015-02-17 18:00:00,72,39,33
2015-02-17 19:00:00,38,25,13
2015-02-17 20:00:00,5,3,2
2015-02-17 21:00:00,5,5,0
2015-02-17 22:00:00,0,0,0
2015-02-17 23:00:00,0,0,0
2015-02-18 00:00:00,1,1,0
2015-02-18 01:00:00,0,0,0
2015-02-18 02:00:00,0,0,0
2015-02-18 03:00:00,0,0,0
2015-02-18 04:00:00,2,2,0
2015-02-18 05:00:00,3,3,0
2015-02-18 06:00:00,15,8,7
2015-02-18 07:00:00,54,28,26
2015-02-18 08:00:00,57,32,25
2015-02-18 09:00:00,35,17,18
2015-02-18 10:00:00,22,9,13
2015-02-18 11:00:00,26,17,9
2015-02-18 12:00:00,18,13,5
2015-02-18 13:00:00,24,12,12
2015-02-18 14:00:00,15,10,5
2015-02-18 15:00:00,29,17,12
2015-02-18 16:00:00,39,16,23
2015-02-18 17:00:00,61,33,28
2015-02-18 18:00:00,56,35,21
2015-02-18 19:00:00,35,26,9
2015-02-18 20:00:00,8,7,1
2015-02-18 21:00:00,8,7,1
2015-02-18 22:00:00,4,1,3
2015-02-18 23:00:00,1,1,0
2015-02-19 00:00:00,0,0,0
2015-02-19 01:00:00,0,0,0
2015-02-19 02:00:00,1,1,0
2015-02-19 03:00:00,0,0,0
2015-02-19 04:00:00,4,3,1
2015-02-19 05:00:00,3,1,2
2015-02-19 06:00:00,13,9,4
2015-02-19 07:00:00,30,13,17
2015-02-19 08:00:00,27,17,10
2015-02-19 09:00:00,33,14,19
2015-02-19 10:00:00,10,5,5
2015-02-19 11:00:00,9,7,2
2015-02-19 12:00:00,10,3,7
2015-02-19 13:00:00,4,1,3
2015-02-19 14:00:00,7,4,3
2015-02-19 15:00:00,8,3,5
2015-02-19 16:00:00,21,7,14
2015-02-19 17:00:00,41,18,23
2015-02-19 18:00:00,32,22,10
2015-02-19 19:00:00,12,8,4
2015-02-19 20:00:00,8,5,3
2015-02-19 21:00:00,4,4,0
2015-02-19 22:00:00,1,0,1
2015-02-19 23:00:00,0,0,0
2015-02-20 00:00:00,2,1,1
2015-02-20 01:00:00,0,0,0
2015-02-20 02:00:00,0,0,0
2015-02-20 03:00:00,1,1,0
2015-02-20 04:00:00,1,1,0
2015-02-20 05:00:00,6,4,2
2015-02-20 06:00:00,6,3,3
2015-02-20 07:00:00,18,9,9
2015-02-20 08:00:00,25,17,8
2015-02-20 09:00:00,27,8,19
2015-02-20 10:00:00,12,4,8
2015-02-20 11:00:00,13,4,9
2015-02-20 12:00:00,10,7,3
2015-02-20 13:00:00,9,4,5
2015-02-20 14:00:00,15,5,10
2015-02-20 15:00:00,21,9,12
2015-02-20 16:00:00,29,17,12
2015-02-20 17:00:00,35,18,17
2015-02-20 18:00:00,40,25,15
2015-02-20 19:00:00,16,10,6
2015-02-20 20:00:00,0,0,0
2015-02-20 21:00:00,0,0,0
2015-02-20 22:00:00,0,0,0
2015-02-20 23:00:00,0,0,0
2015-02-21 00:00:00,0,0,0
2015-02-21 01:00:00,0,0,0
2015-02-21 02:00:00,0,0,0
2015-02-21 03:00:00,0,0,0
2015-02-21 04:00:00,0,0,0
2015-02-21 05:00:00,0,0,0
2015-02-21 06:00:00,0,0,0
2015-02-21 07:00:00,0,0,0
2015-02-21 08:00:00,0,0,0
2015-02-21 09:00:00,0,0,0
2015-02-21 10:00:00,0,0,0
2015-02-21 11:00:00,0,0,0
2015-02-21 12:00:00,0,0,0
2015-02-21 13:00:00,0,0,0
2015-02-21 14:00:00,0,0,0
2015-02-21 15:00:00,0,0,0
2015-02-21 16:00:00,0,0,0
2015-02-21 17:00:00,0,0,0
2015-02-21 18:00:00,0,0,0
2015-02-21 19:00:00,0,0,0
2015-02-21 20:00:00,0,0,0
2015-02-21 21:00:00,0,0,0
2015-02-21 22:00:00,0,0,0
2015-02-21 23:00:00,0,0,0
2015-02-22 00:00:00,0,0,0
2015-02-22 01:00:00,0,0,0
2015-02-22 02:00:00,0,0,0
2015-02-22 03:00:00,0,0,0
2015-02-22 04:00:00,0,0,0
2015-02-22 05:00:00,0,0,0
2015-02-22 06:00:00,0,0,0
2015-02-22 07:00:00,0,0,0
2015-02-22 08:00:00,0,0,0
2015-02-22 09:00:00,0,0,0
2015-02-22 10:00:00,0,0,0
2015-02-22 11:00:00,0,0,0
2015-02-22 12:00:00,0,0,0
2015-02-22 13:00:00,0,0,0
2015-02-22 14:00:00,0,0,0
2015-02-22 15:00:00,0,0,0
2015-02-22 16:00:00,0,0,0
2015-02-22 17:00:00,0,0,0
2015-02-22 18:00:00,0,0,0
2015-02-22 19:00:00,0,0,0
2015-02-22 20:00:00,0,0,0
2015-02-22 21:00:00,0,0,0
2015-02-22 22:00:00,0,0,0
2015-02-22 23:00:00,0,0,0
2015-02-23 00:00:00,0,0,0
2015-02-23 01:00:00,0,0,0
2015-02-23 02:00:00,0,0,0
2015-02-23 03:00:00,0,0,0
2015-02-23 04:00:00,0,0,0
2015-02-23 05:00:00,0,0,0
2015-02-23 06:00:00,0,0,0
2015-02-23 07:00:00,0,0,0
2015-02-23 08:00:00,0,0,0
2015-02-23 09:00:00,0,0,0
2015-02-23 10:00:00,0,0,0
2015-02-23 11:00:00,0,0,0
2015-02-23 12:00:00,0,0,0
2015-02-23 13:00:00,0,0,0
2015-02-23 14:00:00,0,0,0
2015-02-23 15:00:00,0,0,0
2015-02-23 16:00:00,0,0,0
2015-02-23 17:00:00,0,0,0
2015-02-23 18:00:00,0,0,0
2015-02-23 19:00:00,0,0,0
2015-02-23 20:00:00,0,0,0
2015-02-23 21:00:00,0,0,0
2015-02-23 22:00:00,0,0,0
2015-02-23 23:00:00,0,0,0
2015-02-24 00:00:00,0,0,0
2015-02-24 01:00:00,0,0,0
2015-02-24 02:00:00,0,0,0
2015-02-24 03:00:00,0,0,0
2015-02-24 04:00:00,0,0,0
2015-02-24 05:00:00,0,0,0
2015-02-24 06:00:00,0,0,0
2015-02-24 07:00:00,0,0,0
2015-02-24 08:00:00,0,0,0
2015-02-24 09:00:00,0,0,0
2015-02-24 10:00:00,0,0,0
2015-02-24 11:00:00,0,0,0
2015-02-24 12:00:00,0,0,0
2015-02-24 13:00:00,0,0,0
2015-02-24 14:00:00,0,0,0
2015-02-24 15:00:00,0,0,0
2015-02-24 16:00:00,0,0,0
2015-02-24 17:00:00,0,0,0
2015-02-24 18:00:00,0,0,0
2015-02-24 19:00:00,0,0,0
2015-02-24 20:00:00,0,0,0
2015-02-24 21:00:00,0,0,0
2015-02-24 22:00:00,0,0,0
2015-02-24 23:00:00,0,0,0
2015-02-25 00:00:00,0,0,0
2015-02-25 01:00:00,0,0,0
2015-02-25 02:00:00,0,0,0
2015-02-25 03:00:00,0,0,0
2015-02-25 04:00:00,0,0,0
2015-02-25 05:00:00,0,0,0
2015-02-25 06:00:00,0,0,0
2015-02-25 07:00:00,0,0,0
2015-02-25 08:00:00,0,0,0
2015-02-25 09:00:00,0,0,0
2015-02-25 10:00:00,0,0,0
2015-02-25 11:00:00,0,0,0
2015-02-25 12:00:00,0,0,0
2015-02-25 13:00:00,0,0,0
2015-02-25 14:00:00,0,0,0
2015-02-25 15:00:00,0,0,0
2015-02-25 16:00:00,0,0,0
2015-02-25 17:00:00,0,0,0
2015-02-25 18:00:00,0,0,0
2015-02-25 19:00:00,0,0,0
2015-02-25 20:00:00,0,0,0
2015-02-25 21:00:00,0,0,0
2015-02-25 22:00:00,0,0,0
2015-02-25 23:00:00,0,0,0
2015-02-26 00:00:00,0,0,0
2015-02-26 01:00:00,0,0,0
2015-02-26 02:00:00,0,0,0
2015-02-26 03:00:00,0,0,0
2015-02-26 04:00:00,0,0,0
2015-02-26 05:00:00,0,0,0
2015-02-26 06:00:00,0,0,0
2015-02-26 07:00:00,0,0,0
2015-02-26 08:00:00,0,0,0
2015-02-26 09:00:00,0,0,0
2015-02-26 10:00:00,0,0,0
2015-02-26 11:00:00,0,0,0
2015-02-26 12:00:00,0,0,0
2015-02-26 13:00:00,0,0,0
2015-02-26 14:00:00,0,0,0
2015-02-26 15:00:00,0,0,0
2015-02-26 16:00:00,0,0,0
2015-02-26 17:00:00,0,0,0
2015-02-26 18:00:00,0,0,0
2015-02-26 19:00:00,0,0,0
2015-02-26 20:00:00,0,0,0
2015-02-26 21:00:00,0,0,0
2015-02-26 22:00:00,0,0,0
2015-02-26 23:00:00,0,0,0
2015-02-27 00:00:00,0,0,0
2015-02-27 01:00:00,0,0,0
2015-02-27 02:00:00,0,0,0
2015-02-27 03:00:00,0,0,0
2015-02-27 04:00:00,0,0,0
2015-02-27 05:00:00,0,0,0
2015-02-27 06:00:00,0,0,0
2015-02-27 07:00:00,0,0,0
2015-02-27 08:00:00,0,0,0
2015-02-27 09:00:00,0,0,0
2015-02-27 10:00:00,0,0,0
2015-02-27 11:00:00,0,0,0
2015-02-27 12:00:00,0,0,0
2015-02-27 13:00:00,0,0,0
2015-02-27 14:00:00,0,0,0
2015-02-27 15:00:00,0,0,0
2015-02-27 16:00:00,0,0,0
2015-02-27 17:00:00,0,0,0
2015-02-27 18:00:00,0,0,0
2015-02-27 19:00:00,0,0,0
2015-02-27 20:00:00,0,0,0
2015-02-27 21:00:00,0,0,0
2015-02-27 22:00:00,0,0,0
2015-02-27 23:00:00,0,0,0
2015-02-28 00:00:00,0,0,0
2015-02-28 01:00:00,0,0,0
2015-02-28 02:00:00,0,0,0
2015-02-28 03:00:00,0,0,0
2015-02-28 04:00:00,0,0,0
2015-02-28 05:00:00,0,0,0
2015-02-28 06:00:00,0,0,0
2015-02-28 07:00:00,0,0,0
2015-02-28 08:00:00,0,0,0
2015-02-28 09:00:00,0,0,0
2015-02-28 10:00:00,0,0,0
2015-02-28 11:00:00,0,0,0
2015-02-28 12:00:00,0,0,0
2015-02-28 13:00:00,0,0,0
2015-02-28 14:00:00,0,0,0
2015-02-28 15:00:00,0,0,0
2015-02-28 16:00:00,0,0,0
2015-02-28 17:00:00,0,0,0
2015-02-28 18:00:00,0,0,0
2015-02-28 19:00:00,0,0,0
2015-02-28 20:00:00,0,0,0
2015-02-28 21:00:00,0,0,0
2015-02-28 22:00:00,0,0,0
2015-02-28 23:00:00,0,0,0
2015-03-01 00:00:00,0,0,0
2015-03-01 01:00:00,0,0,0
2015-03-01 02:00:00,0,0,0
2015-03-01 03:00:00,0,0,0
2015-03-01 04:00:00,0,0,0
2015-03-01 05:00:00,0,0,0
2015-03-01 06:00:00,0,0,0
2015-03-01 07:00:00,0,0,0
2015-03-01 08:00:00,0,0,0
2015-03-01 09:00:00,0,0,0
2015-03-01 10:00:00,0,0,0
2015-03-01 11:00:00,0,0,0
2015-03-01 12:00:00,0,0,0
2015-03-01 13:00:00,0,0,0
2015-03-01 14:00:00,0,0,0
2015-03-01 15:00:00,0,0,0
2015-03-01 16:00:00,0,0,0
2015-03-01 17:00:00,0,0,0
2015-03-01 18:00:00,0,0,0
2015-03-01 19:00:00,0,0,0
2015-03-01 20:00:00,0,0,0
2015-03-01 21:00:00,0,0,0
2015-03-01 22:00:00,0,0,0
2015-03-01 23:00:00,0,0,0
2015-03-02 00:00:00,0,0,0
2015-03-02 01:00:00,0,0,0
2015-03-02 02:00:00,0,0,0
2015-03-02 03:00:00,0,0,0
2015-03-02 04:00:00,0,0,0
2015-03-02 05:00:00,0,0,0
2015-03-02 06:00:00,0,0,0
2015-03-02 07:00:00,0,0,0
2015-03-02 08:00:00,0,0,0
2015-03-02 09:00:00,0,0,0
2015-03-02 10:00:00,0,0,0
2015-03-02 11:00:00,0,0,0
2015-03-02 12:00:00,0,0,0
2015-03-02 13:00:00,0,0,0
2015-03-02 14:00:00,0,0,0
2015-03-02 15:00:00,0,0,0
2015-03-02 16:00:00,0,0,0
2015-03-02 17:00:00,0,0,0
2015-03-02 18:00:00,0,0,0
2015-03-02 19:00:00,0,0,0
2015-03-02 20:00:00,0,0,0
2015-03-02 21:00:00,0,0,0
2015-03-02 22:00:00,0,0,0
2015-03-02 23:00:00,0,0,0
2015-03-03 00:00:00,0,0,0
2015-03-03 01:00:00,0,0,0
2015-03-03 02:00:00,0,0,0
2015-03-03 03:00:00,0,0,0
2015-03-03 04:00:00,0,0,0
2015-03-03 05:00:00,0,0,0
2015-03-03 06:00:00,0,0,0
2015-03-03 07:00:00,0,0,0
2015-03-03 08:00:00,0,0,0
2015-03-03 09:00:00,0,0,0
2015-03-03 10:00:00,2,1,1
2015-03-03 11:00:00,25,8,17
2015-03-03 12:00:00,25,10,15
2015-03-03 13:00:00,24,10,14
2015-03-03 14:00:00,32,22,10
2015-03-03 15:00:00,25,13,12
2015-03-03 16:00:00,37,13,24
2015-03-03 17:00:00,99,51,48
2015-03-03 18:00:00,93,53,40
2015-03-03 19:00:00,47,27,20
2015-03-03 20:00:00,6,3,3
2015-03-03 21:00:00,10,8,2
2015-03-03 22:00:00,0,0,0
2015-03-03 23:00:00,0,0,0
2015-03-04 00:00:00,1,1,0
2015-03-04 01:00:00,0,0,0
2015-03-04 02:00:00,0,0,0
2015-03-04 03:00:00,0,0,0
2015-03-04 04:00:00,1,1,0
2015-03-04 05:00:00,7,5,2
2015-03-04 06:00:00,18,9,9
2015-03-04 07:00:00,40,19,21
2015-03-04 08:00:00,49,24,25
2015-03-04 09:00:00,32,15,17
2015-03-04 10:00:00,25,10,15
2015-03-04 11:00:00,39,5,34
2015-03-04 12:00:00,43,32,11
2015-03-04 13:00:00,16,6,10
2015-03-04 14:00:00,23,9,14
2015-03-04 15:00:00,40,19,21
2015-03-04 16:00:00,61,35,26
2015-03-04 17:00:00,81,41,40
2015-03-04 18:00:00,69,36,33
2015-03-04 19:00:00,20,14,6
2015-03-04 20:00:00,10,8,2
2015-03-04 21:00:00,10,9,1
2015-03-04 22:00:00,2,2,0
2015-03-04 23:00:00,1,1,0
2015-03-05 00:00:00,0,0,0
2015-03-05 01:00:00,0,0,0
2015-03-05 02:00:00,0,0,0
2015-03-05 03:00:00,0,0,0
2015-03-05 04:00:00,2,2,0
2015-03-05 05:00:00,4,2,2
2015-03-05 06:00:00,15,10,5
2015-03-05 07:00:00,41,22,19
2015-03-05 08:00:00,49,27,22
2015-03-05 09:00:00,34,14,20
2015-03-05 10:00:00,12,7,5
2015-03-05 11:00:00,17,5,12
2015-03-05 12:00:00,21,12,9
2015-03-05 13:00:00,23,10,13
2015-03-05 14:00:00,26,13,13
2015-03-05 15:00:00,36,23,13
2015-03-05 16:00:00,44,22,22
2015-03-05 17:00:00,86,42,44
2015-03-05 18:00:00,61,35,26
2015-03-05 19:00:00,33,22,11
2015-03-05 20:00:00,8,6,2
2015-03-05 21:00:00,1,1,0
2015-03-05 22:00:00,2,1,1
2015-03-05 23:00:00,0,0,0
2015-03-06 00:00:00,0,0,0
2015-03-06 01:00:00,0,0,0
2015-03-06 02:00:00,0,0,0
2015-03-06 03:00:00,0,0,0
2015-03-06 04:00:00,2,2,0
2015-03-06 05:00:00,9,3,6
2015-03-06 06:00:00,23,15,8
2015-03-06 07:00:00,40,22,18
2015-03-06 08:00:00,55,31,24
2015-03-06 09:00:00,37,21,16
2015-03-06 10:00:00,28,16,12
2015-03-06 11:00:00,28,13,15
2015-03-06 12:00:00,33,10,23
2015-03-06 13:00:00,37,18,19
2015-03-06 14:00:00,37,20,17
2015-03-06 15:00:00,36,18,18
2015-03-06 16:00:00,62,34,28
2015-03-06 17:00:00,104,56,48
2015-03-06 18:00:00,65,38,27
2015-03-06 19:00:00,13,9,4
2015-03-06 20:00:00,5,2,3
2015-03-06 21:00:00,3,2,1
2015-03-06 22:00:00,1,1,0
2015-03-06 23:00:00,0,0,0
2015-03-07 00:00:00,0,0,0
2015-03-07 01:00:00,0,0,0
2015-03-07 02:00:00,1,1,0
2015-03-07 03:00:00,0,0,0
2015-03-07 04:00:00,0,0,0
2015-03-07 05:00:00,0,0,0
2015-03-07 06:00:00,1,0,1
2015-03-07 07:00:00,13,6,7
2015-03-07 08:00:00,44,18,26
2015-03-07 09:00:00,90,42,48
2015-03-07 10:00:00,228,54,174
2015-03-07 11:00:00,116,52,64
2015-03-07 12:00:00,144,88,56
2015-03-07 13:00:00,145,78,67
2015-03-07 14:00:00,135,71,64
2015-03-07 15:00:00,147,75,72
2015-03-07 16:00:00,95,64,31
2015-03-07 17:00:00,66,41,25
2015-03-07 18:00:00,22,16,6
2015-03-07 19:00:00,5,2,3
2015-03-07 20:00:00,1,0,1
2015-03-07 21:00:00,1,1,0
2015-03-07 22:00:00,0,0,0
2015-03-07 23:00:00,1,0,1
2015-03-08 00:00:00,0,0,0
2015-03-08 01:00:00,1,1,0
2015-03-08 02:00:00,0,0,0
2015-03-08 03:00:00,0,0,0
2015-03-08 04:00:00,1,1,0
2015-03-08 05:00:00,0,0,0
2015-03-08 06:00:00,0,0,0
2015-03-08 07:00:00,1,0,1
2015-03-08 08:00:00,40,7,33
2015-03-08 09:00:00,57,34,23
2015-03-08 10:00:00,101,38,63
2015-03-08 11:00:00,148,67,81
2015-03-08 12:00:00,180,100,80
2015-03-08 13:00:00,170,79,91
2015-03-08 14:00:00,213,125,88
2015-03-08 15:00:00,206,111,95
2015-03-08 16:00:00,149,100,49
2015-03-08 17:00:00,99,58,41
2015-03-08 18:00:00,49,38,11
2015-03-08 19:00:00,8,6,2
2015-03-08 20:00:00,5,5,0
2015-03-08 21:00:00,2,0,2
2015-03-08 22:00:00,0,0,0
2015-03-08 23:00:00,2,2,0
2015-03-09 00:00:00,1,0,1
2015-03-09 01:00:00,0,0,0
2015-03-09 02:00:00,1,1,0
2015-03-09 03:00:00,0,0,0
2015-03-09 04:00:00,2,2,0
2015-03-09 05:00:00,7,5,2
2015-03-09 06:00:00,18,10,8
2015-03-09 07:00:00,35,16,19
2015-03-09 08:00:00,44,29,15
2015-03-09 09:00:00,35,20,15
2015-03-09 10:00:00,34,21,13
2015-03-09 11:00:00,19,10,9
2015-03-09 12:00:00,18,8,10
2015-03-09 13:00:00,33,11,22
2015-03-09 14:00:00,24,11,13
2015-03-09 15:00:00,37,18,19
2015-03-09 16:00:00,71,40,31
2015-03-09 17:00:00,100,53,47
2015-03-09 18:00:00,101,63,38
2015-03-09 19:00:00,41,27,14
2015-03-09 20:00:00,14,7,7
2015-03-09 21:00:00,3,2,1
2015-03-09 22:00:00,4,2,2
2015-03-09 23:00:00,0,0,0
2015-03-10 00:00:00,0,0,0
2015-03-10 01:00:00,1,1,0
2015-03-10 02:00:00,0,0,0
2015-03-10 03:00:00,0,0,0
2015-03-10 04:00:00,2,2,0
2015-03-10 05:00:00,6,5,1
2015-03-10 06:00:00,25,11,14
2015-03-10 07:00:00,45,26,19
2015-03-10 08:00:00,57,31,26
2015-03-10 09:00:00,35,18,17
2015-03-10 10:00:00,17,5,12
2015-03-10 11:00:00,12,8,4
2015-03-10 12:00:00,19,9,10
2015-03-10 13:00:00,17,9,8
2015-03-10 14:00:00,17,8,9
2015-03-10 15:00:00,21,8,13
2015-03-10 16:00:00,46,19,27
2015-03-10 17:00:00,90,41,49
2015-03-10 18:00:00,122,72,50
2015-03-10 19:00:00,44,36,8
2015-03-10 20:00:00,10,8,2
2015-03-10 21:00:00,3,2,1
2015-03-10 22:00:00,6,6,0
2015-03-10 23:00:00,0,0,0
2015-03-11 00:00:00,1,0,1
2015-03-11 01:00:00,0,0,0
2015-03-11 02:00:00,0,0,0
2015-03-11 03:00:00,0,0,0
2015-03-11 04:00:00,0,0,0
2015-03-11 05:00:00,3,2,1
2015-03-11 06:00:00,11,7,4
2015-03-11 07:00:00,22,10,12
2015-03-11 08:00:00,38,16,22
2015-03-11 09:00:00,24,15,9
2015-03-11 10:00:00,11,3,8
2015-03-11 11:00:00,22,6,16
2015-03-11 12:00:00,8,5,3
2015-03-11 13:00:00,8,5,3
2015-03-11 14:00:00,5,5,0
2015-03-11 15:00:00,7,2,5
2015-03-11 16:00:00,21,15,6
2015-03-11 17:00:00,35,17,18
2015-03-11 18:00:00,38,27,11
2015-03-11 19:00:00,19,13,6
2015-03-11 20:00:00,11,6,5
2015-03-11 21:00:00,3,3,0
2015-03-11 22:00:00,1,1,0
2015-03-11 23:00:00,1,0,1
2015-03-12 00:00:00,0,0,0
2015-03-12 01:00:00,0,0,0
2015-03-12 02:00:00,0,0,0
2015-03-12 03:00:00,1,1,0
2015-03-12 04:00:00,2,2,0
2015-03-12 05:00:00,4,3,1
2015-03-12 06:00:00,23,13,10
2015-03-12 07:00:00,31,16,15
2015-03-12 08:00:00,40,28,12
2015-03-12 09:00:00,29,16,13
2015-03-12 10:00:00,21,8,13
2015-03-12 11:00:00,19,10,9
2015-03-12 12:00:00,23,9,14
2015-03-12 13:00:00,23,10,13
2015-03-12 14:00:00,27,17,10
2015-03-12 15:00:00,24,11,13
2015-03-12 16:00:00,58,23,35
2015-03-12 17:00:00,97,38,59
2015-03-12 18:00:00,96,61,35
2015-03-12 19:00:00,51,41,10
2015-03-12 20:00:00,64,9,55
2015-03-12 21:00:00,13,9,4
2015-03-12 22:00:00,29,29,0
2015-03-12 23:00:00,73,73,0
2015-03-13 00:00:00,3,3,0
2015-03-13 01:00:00,1,1,0
2015-03-13 02:00:00,0,0,0
2015-03-13 03:00:00,1,0,1
2015-03-13 04:00:00,1,1,0
2015-03-13 05:00:00,7,3,4
2015-03-13 06:00:00,22,14,8
2015-03-13 07:00:00,55,27,28
2015-03-13 08:00:00,74,45,29
2015-03-13 09:00:00,38,18,20
2015-03-13 10:00:00,30,12,18
2015-03-13 11:00:00,33,12,21
2015-03-13 12:00:00,37,23,14
2015-03-13 13:00:00,37,27,10
2015-03-13 14:00:00,49,25,24
2015-03-13 15:00:00,66,27,39
2015-03-13 16:00:00,95,47,48
2015-03-13 17:00:00,149,81,68
2015-03-13 18:00:00,84,52,32
2015-03-13 19:00:00,45,31,14
2015-03-13 20:00:00,10,3,7
2015-03-13 21:00:00,3,1,2
2015-03-13 22:00:00,2,0,2
2015-03-13 23:00:00,2,2,0
2015-03-14 00:00:00,3,2,1
2015-03-14 01:00:00,0,0,0
2015-03-14 02:00:00,0,0,0
2015-03-14 03:00:00,0,0,0
2015-03-14 04:00:00,0,0,0
2015-03-14 05:00:00,0,0,0
2015-03-14 06:00:00,1,1,0
2015-03-14 07:00:00,4,0,4
2015-03-14 08:00:00,11,5,6
2015-03-14 09:00:00,20,14,6
2015-03-14 10:00:00,14,8,6
2015-03-14 11:00:00,19,10,9
2015-03-14 12:00:00,14,7,7
2015-03-14 13:00:00,20,8,12
2015-03-14 14:00:00,44,27,17
2015-03-14 15:00:00,23,12,11
2015-03-14 16:00:00,66,48,18
2015-03-14 17:00:00,34,25,9
2015-03-14 18:00:00,35,25,10
2015-03-14 19:00:00,14,14,0
2015-03-14 20:00:00,7,6,1
2015-03-14 21:00:00,1,1,0
2015-03-14 22:00:00,1,1,0
2015-03-14 23:00:00,0,0,0
2015-03-15 00:00:00,3,3,0
2015-03-15 01:00:00,1,1,0
2015-03-15 02:00:00,1,0,1
2015-03-15 03:00:00,2,1,1
2015-03-15 04:00:00,0,0,0
2015-03-15 05:00:00,0,0,0
2015-03-15 06:00:00,1,0,1
2015-03-15 07:00:00,2,0,2
2015-03-15 08:00:00,11,7,4
2015-03-15 09:00:00,26,8,18
2015-03-22 00:00:00,0,0,0
2015-03-15 10:00:00,21,10,11
2015-03-15 11:00:00,16,16,0
2015-03-15 12:00:00,7,5,2
2015-03-15 13:00:00,6,5,1
2015-03-15 14:00:00,7,4,3
2015-03-15 15:00:00,4,2,2
2015-03-15 16:00:00,5,4,1
2015-03-15 17:00:00,2,2,0
2015-03-15 18:00:00,2,2,0
2015-03-15 19:00:00,1,1,0
2015-03-15 20:00:00,1,1,0
2015-03-15 21:00:00,0,0,0
2015-03-15 22:00:00,0,0,0
2015-03-15 23:00:00,0,0,0
2015-03-16 00:00:00,0,0,0
2015-03-16 01:00:00,0,0,0
2015-03-16 02:00:00,1,1,0
2015-03-16 03:00:00,1,0,1
2015-03-16 04:00:00,3,3,0
2015-03-16 05:00:00,3,3,0
2015-03-16 06:00:00,13,5,8
2015-03-16 07:00:00,22,14,8
2015-03-16 08:00:00,35,18,17
2015-03-16 09:00:00,32,18,14
2015-03-16 10:00:00,18,7,11
2015-03-16 11:00:00,13,7,6
2015-03-16 12:00:00,16,10,6
2015-03-16 13:00:00,20,10,10
2015-03-16 14:00:00,19,9,10
2015-03-16 15:00:00,27,17,10
2015-03-16 16:00:00,40,27,13
2015-03-16 17:00:00,67,33,34
2015-03-16 18:00:00,99,51,48
2015-03-16 19:00:00,41,32,9
2015-03-16 20:00:00,13,9,4
2015-03-16 21:00:00,5,4,1
2015-03-16 22:00:00,2,1,1
2015-03-16 23:00:00,6,4,2
2015-03-17 00:00:00,0,0,0
2015-03-17 01:00:00,0,0,0
2015-03-17 02:00:00,0,0,0
2015-03-17 03:00:00,1,0,1
2015-03-17 04:00:00,2,2,0
2015-03-17 05:00:00,3,2,1
2015-03-17 06:00:00,15,9,6
2015-03-17 07:00:00,41,23,18
2015-03-17 08:00:00,47,23,24
2015-03-17 09:00:00,32,18,14
2015-03-17 10:00:00,20,10,10
2015-03-17 11:00:00,21,12,9
2015-03-17 12:00:00,15,7,8
2015-03-17 13:00:00,21,10,11
2015-03-17 14:00:00,12,4,8
2015-03-17 15:00:00,34,22,12
2015-03-17 16:00:00,33,12,21
2015-03-17 17:00:00,65,35,30
2015-03-17 18:00:00,58,34,24
2015-03-17 19:00:00,26,14,12
2015-03-17 20:00:00,12,6,6
2015-03-17 21:00:00,3,3,0
2015-03-17 22:00:00,0,0,0
2015-03-17 23:00:00,0,0,0
2015-03-18 00:00:00,0,0,0
2015-03-18 01:00:00,0,0,0
2015-03-18 02:00:00,0,0,0
2015-03-18 03:00:00,0,0,0
2015-03-18 04:00:00,2,2,0
2015-03-18 05:00:00,7,4,3
2015-03-18 06:00:00,20,13,7
2015-03-18 07:00:00,52,23,29
2015-03-18 08:00:00,69,32,37
2015-03-18 09:00:00,41,23,18
2015-03-18 10:00:00,25,18,7
2015-03-18 11:00:00,18,7,11
2015-03-18 12:00:00,24,14,10
2015-03-18 13:00:00,21,10,11
2015-03-18 14:00:00,30,21,9
2015-03-18 15:00:00,33,17,16
2015-03-18 16:00:00,55,28,27
2015-03-18 17:00:00,105,37,68
2015-03-18 18:00:00,106,65,41
2015-03-18 19:00:00,64,47,17
2015-03-18 20:00:00,15,13,2
2015-03-18 21:00:00,4,4,0
2015-03-18 22:00:00,3,3,0
2015-03-18 23:00:00,1,1,0
2015-03-19 00:00:00,1,1,0
2015-03-19 01:00:00,2,1,1
2015-03-19 02:00:00,0,0,0
2015-03-19 03:00:00,0,0,0
2015-03-19 04:00:00,2,2,0
2015-03-19 05:00:00,8,2,6
2015-03-19 06:00:00,19,9,10
2015-03-19 07:00:00,43,18,25
2015-03-19 08:00:00,50,30,20
2015-03-19 09:00:00,34,19,15
2015-03-19 10:00:00,27,13,14
2015-03-19 11:00:00,24,14,10
2015-03-19 12:00:00,32,13,19
2015-03-19 13:00:00,14,9,5
2015-03-19 14:00:00,19,9,10
2015-03-19 15:00:00,22,12,10
2015-03-19 16:00:00,49,23,26
2015-03-19 17:00:00,62,32,30
2015-03-19 18:00:00,75,39,36
2015-03-19 19:00:00,33,20,13
2015-03-19 20:00:00,13,10,3
2015-03-19 21:00:00,4,4,0
2015-03-19 22:00:00,1,0,1
2015-03-19 23:00:00,0,0,0
2015-03-20 00:00:00,1,0,1
2015-03-20 01:00:00,0,0,0
2015-03-20 02:00:00,0,0,0
2015-03-20 03:00:00,1,0,1
2015-03-20 04:00:00,1,1,0
2015-03-20 05:00:00,4,1,3
2015-03-20 06:00:00,11,8,3
2015-03-20 07:00:00,27,11,16
2015-03-20 08:00:00,36,17,19
2015-03-20 09:00:00,44,25,19
2015-03-20 10:00:00,11,5,6
2015-03-20 11:00:00,18,9,9
2015-03-20 12:00:00,21,12,9
2015-03-20 13:00:00,22,15,7
2015-03-20 14:00:00,10,7,3
2015-03-20 15:00:00,9,4,5
2015-03-20 16:00:00,16,6,10
2015-03-20 17:00:00,43,26,17
2015-03-20 18:00:00,49,30,19
2015-03-20 19:00:00,22,14,8
2015-03-20 20:00:00,3,2,1
2015-03-20 21:00:00,3,3,0
2015-03-20 22:00:00,0,0,0
2015-03-20 23:00:00,0,0,0
2015-03-21 00:00:00,1,1,0
2015-03-21 01:00:00,0,0,0
2015-03-21 02:00:00,1,1,0
2015-03-21 03:00:00,0,0,0
2015-03-21 04:00:00,0,0,0
2015-03-21 05:00:00,0,0,0
2015-03-21 06:00:00,2,0,2
2015-03-21 07:00:00,11,1,10
2015-03-21 08:00:00,14,4,10
2015-03-21 09:00:00,19,5,14
2015-03-21 10:00:00,28,19,9
2015-03-21 11:00:00,44,26,18
2015-03-21 12:00:00,42,24,18
2015-03-21 13:00:00,46,30,16
2015-03-21 14:00:00,40,21,19
2015-03-21 15:00:00,53,32,21
2015-03-21 16:00:00,46,17,29
2015-03-21 17:00:00,43,28,15
2015-03-21 18:00:00,30,16,14
2015-03-21 19:00:00,17,13,4
2015-03-21 20:00:00,7,5,2
2015-03-21 21:00:00,1,1,0
2015-03-21 22:00:00,0,0,0
2015-03-21 23:00:00,0,0,0
2015-03-22 01:00:00,0,0,0
2015-03-22 02:00:00,1,1,0
2015-03-22 03:00:00,0,0,0
2015-03-22 04:00:00,0,0,0
2015-03-22 05:00:00,0,0,0
2015-03-22 06:00:00,0,0,0
2015-03-22 07:00:00,16,8,8
2015-03-22 08:00:00,30,8,22
2015-03-22 09:00:00,55,24,31
2015-03-22 10:00:00,79,35,44
2015-03-22 11:00:00,120,55,65
2015-03-22 12:00:00,135,95,40
2015-03-22 13:00:00,57,41,16
2015-03-22 14:00:00,29,28,1
2015-03-22 15:00:00,13,7,6
2015-03-22 16:00:00,9,3,6
2015-03-22 17:00:00,15,9,6
2015-03-22 18:00:00,7,6,1
2015-03-22 19:00:00,4,2,2
2015-03-22 20:00:00,3,2,1
2015-03-22 21:00:00,0,0,0
2015-03-22 22:00:00,1,1,0
2015-03-22 23:00:00,0,0,0
2015-03-23 00:00:00,0,0,0
2015-03-23 01:00:00,0,0,0
2015-03-23 02:00:00,1,1,0
2015-03-23 03:00:00,1,0,1
2015-03-23 04:00:00,1,1,0
2015-03-23 05:00:00,5,4,1
2015-03-23 06:00:00,21,13,8
2015-03-23 07:00:00,28,15,13
2015-03-23 08:00:00,40,25,15
2015-03-23 09:00:00,25,13,12
2015-03-23 10:00:00,11,5,6
2015-03-23 11:00:00,6,2,4
2015-03-23 12:00:00,3,1,2
2015-03-23 13:00:00,6,4,2
2015-03-23 14:00:00,9,3,6
2015-03-23 15:00:00,8,4,4
2015-03-23 16:00:00,12,4,8
2015-03-23 17:00:00,47,25,22
2015-03-23 18:00:00,44,19,25
2015-03-23 19:00:00,25,18,7
2015-03-23 20:00:00,13,11,2
2015-03-23 21:00:00,6,5,1
2015-03-23 22:00:00,1,0,1
2015-03-23 23:00:00,1,1,0
2015-03-24 00:00:00,2,1,1
2015-03-24 01:00:00,0,0,0
2015-03-24 02:00:00,0,0,0
2015-03-24 03:00:00,0,0,0
2015-03-24 04:00:00,1,1,0
2015-03-24 05:00:00,3,1,2
2015-03-24 06:00:00,10,4,6
2015-03-24 07:00:00,24,10,14
2015-03-24 08:00:00,27,15,12
2015-03-24 09:00:00,21,8,13
2015-03-24 10:00:00,22,12,10
2015-03-24 11:00:00,12,6,6
2015-03-24 12:00:00,27,15,12
2015-03-24 13:00:00,17,11,6
2015-03-24 14:00:00,14,8,6
2015-03-24 15:00:00,23,14,9
2015-03-24 16:00:00,22,12,10
2015-03-24 17:00:00,36,15,21
2015-03-24 18:00:00,49,32,17
2015-03-24 19:00:00,44,26,18
2015-03-24 20:00:00,14,11,3
2015-03-24 21:00:00,4,4,0
2015-03-24 22:00:00,4,3,1
2015-03-24 23:00:00,1,1,0
2015-03-25 00:00:00,1,1,0
2015-03-25 01:00:00,0,0,0
2015-03-25 02:00:00,0,0,0
2015-03-25 03:00:00,0,0,0
2015-03-25 04:00:00,2,2,0
2015-03-25 05:00:00,3,1,2
2015-03-25 06:00:00,5,3,2
2015-03-25 07:00:00,24,9,15
2015-03-25 08:00:00,26,15,11
2015-03-25 09:00:00,24,13,11
2015-03-25 10:00:00,15,7,8
2015-03-25 11:00:00,3,2,1
2015-03-25 12:00:00,7,2,5
2015-03-25 13:00:00,12,9,3
2015-03-25 14:00:00,8,3,5
2015-03-25 15:00:00,7,1,6
2015-03-25 16:00:00,9,6,3
2015-03-25 17:00:00,39,13,26
2015-03-25 18:00:00,34,23,11
2015-03-25 19:00:00,37,23,14
2015-03-25 20:00:00,9,7,2
2015-03-25 21:00:00,8,7,1
2015-03-25 22:00:00,5,2,3
2015-03-25 23:00:00,0,0,0
2015-03-26 00:00:00,0,0,0
2015-03-26 01:00:00,0,0,0
2015-03-26 02:00:00,0,0,0
2015-03-26 03:00:00,1,0,1
2015-03-26 04:00:00,2,2,0
2015-03-26 05:00:00,7,6,1
2015-03-26 06:00:00,17,9,8
2015-03-26 07:00:00,53,23,30
2015-03-26 08:00:00,71,30,41
2015-03-26 09:00:00,44,29,15
2015-03-26 10:00:00,33,19,14
2015-03-26 11:00:00,40,17,23
2015-03-26 12:00:00,44,23,21
2015-03-26 13:00:00,35,19,16
2015-03-26 14:00:00,46,22,24
2015-03-26 15:00:00,63,31,32
2015-03-26 16:00:00,88,39,49
2015-03-26 17:00:00,135,61,74
2015-03-26 18:00:00,151,79,72
2015-03-26 19:00:00,100,71,29
2015-03-26 20:00:00,23,16,7
2015-03-26 21:00:00,4,4,0
2015-03-26 22:00:00,2,1,1
2015-03-26 23:00:00,1,1,0
2015-03-27 00:00:00,2,0,2
2015-03-27 01:00:00,0,0,0
2015-03-27 02:00:00,1,1,0
2015-03-27 03:00:00,0,0,0
2015-03-27 04:00:00,1,1,0
2015-03-27 05:00:00,8,2,6
2015-03-27 06:00:00,31,20,11
2015-03-27 07:00:00,55,32,23
2015-03-27 08:00:00,75,41,34
2015-03-27 09:00:00,46,21,25
2015-03-27 10:00:00,31,17,14
2015-03-27 11:00:00,28,15,13
2015-03-27 12:00:00,36,18,18
2015-03-27 13:00:00,39,24,15
2015-03-27 14:00:00,50,34,16
2015-03-27 15:00:00,44,24,20
2015-03-27 16:00:00,63,27,36
2015-03-27 17:00:00,88,45,43
2015-03-27 18:00:00,75,46,29
2015-03-27 19:00:00,49,35,14
2015-03-27 20:00:00,9,7,2
2015-03-27 21:00:00,0,0,0
2015-03-27 22:00:00,2,2,0
2015-03-27 23:00:00,1,0,1
2015-03-28 00:00:00,0,0,0
2015-03-28 01:00:00,2,1,1
2015-03-28 02:00:00,0,0,0
2015-03-28 03:00:00,1,0,1
2015-03-28 04:00:00,0,0,0
2015-03-28 05:00:00,1,1,0
2015-03-28 06:00:00,1,0,1
2015-03-28 07:00:00,3,3,0
2015-03-28 08:00:00,37,8,29
2015-03-28 09:00:00,140,39,101
2015-03-28 10:00:00,96,39,57
2015-03-28 11:00:00,98,51,47
2015-03-28 12:00:00,129,78,51
2015-03-28 13:00:00,101,54,47
2015-03-28 14:00:00,108,62,46
2015-03-28 15:00:00,94,51,43
2015-03-28 16:00:00,69,40,29
2015-03-28 17:00:00,44,33,11
2015-03-28 18:00:00,26,18,8
2015-03-28 19:00:00,8,7,1
2015-03-28 20:00:00,3,0,3
2015-03-28 21:00:00,0,0,0
2015-03-28 22:00:00,1,1,0
2015-03-28 23:00:00,0,0,0
2015-03-29 00:00:00,1,0,1
2015-03-29 01:00:00,3,2,1
2015-03-29 02:00:00,0,0,0
2015-03-29 03:00:00,1,1,0
2015-03-29 04:00:00,0,0,0
2015-03-29 05:00:00,1,1,0
2015-03-29 06:00:00,3,0,3
2015-03-29 07:00:00,15,2,13
2015-03-29 08:00:00,37,7,30
2015-03-29 09:00:00,70,35,35
2015-03-29 10:00:00,94,31,63
2015-03-29 11:00:00,157,97,60
2015-03-29 12:00:00,120,71,49
2015-03-29 13:00:00,127,63,64
2015-03-29 14:00:00,89,56,33
2015-03-29 15:00:00,96,61,35
2015-03-29 16:00:00,58,44,14
2015-03-29 17:00:00,26,13,13
2015-03-29 18:00:00,11,9,2
2015-03-29 19:00:00,12,9,3
2015-03-29 20:00:00,3,1,2
2015-03-29 21:00:00,1,0,1
2015-03-29 22:00:00,1,1,0
2015-03-29 23:00:00,3,3,0
2015-03-30 00:00:00,0,0,0
2015-03-30 01:00:00,0,0,0
2015-03-30 02:00:00,0,0,0
2015-03-30 03:00:00,0,0,0
2015-03-30 04:00:00,2,2,0
2015-03-30 05:00:00,12,9,3
2015-03-30 06:00:00,23,14,9
2015-03-30 07:00:00,52,24,28
2015-03-30 08:00:00,75,36,39
2015-03-30 09:00:00,36,22,14
2015-03-30 10:00:00,21,9,12
2015-03-30 11:00:00,27,12,15
2015-03-30 12:00:00,30,15,15
2015-03-30 13:00:00,25,21,4
2015-03-30 14:00:00,18,8,10
2015-03-30 15:00:00,32,11,21
2015-03-30 16:00:00,59,28,31
2015-03-30 17:00:00,99,43,56
2015-03-30 18:00:00,134,71,63
2015-03-30 19:00:00,74,63,11
2015-03-30 20:00:00,20,12,8
2015-03-30 21:00:00,5,3,2
2015-03-30 22:00:00,0,0,0
2015-03-30 23:00:00,1,1,0
2015-03-31 00:00:00,0,0,0
2015-03-31 01:00:00,0,0,0
2015-03-31 02:00:00,0,0,0
2015-03-31 03:00:00,0,0,0
2015-03-31 04:00:00,3,2,1
2015-03-31 05:00:00,2,0,2
2015-03-31 06:00:00,17,10,7
2015-03-31 07:00:00,25,10,15
2015-03-31 08:00:00,44,20,24
2015-03-31 09:00:00,17,6,11
2015-03-31 10:00:00,13,5,8
2015-03-31 11:00:00,10,6,4
2015-03-31 12:00:00,8,6,2
2015-03-31 13:00:00,10,5,5
2015-03-31 14:00:00,10,4,6
2015-03-31 15:00:00,12,5,7
2015-03-31 16:00:00,17,7,10
2015-03-31 17:00:00,31,19,12
2015-03-31 18:00:00,39,25,14
2015-03-31 19:00:00,23,16,7
2015-03-31 20:00:00,5,2,3
2015-03-31 21:00:00,5,4,1
2015-03-31 22:00:00,1,1,0
2015-03-31 23:00:00,0,0,0
2015-04-01 00:00:00,0,0,0
2015-04-01 01:00:00,0,0,0
2015-04-01 02:00:00,0,0,0
2015-04-01 03:00:00,0,0,0
2015-04-01 04:00:00,1,1,0
2015-04-01 05:00:00,9,4,5
2015-04-01 06:00:00,22,12,10
2015-04-01 07:00:00,39,21,18
2015-04-01 08:00:00,41,24,17
2015-04-01 09:00:00,31,20,11
2015-04-01 10:00:00,12,4,8
2015-04-01 11:00:00,18,11,7
2015-04-01 12:00:00,15,7,8
2015-04-01 13:00:00,17,11,6
2015-04-01 14:00:00,15,8,7
2015-04-01 15:00:00,17,5,12
2015-04-01 16:00:00,25,11,14
2015-04-01 17:00:00,43,18,25
2015-04-01 18:00:00,53,31,22
2015-04-01 19:00:00,29,21,8
2015-04-01 20:00:00,11,7,4
2015-04-01 21:00:00,4,4,0
2015-04-01 22:00:00,0,0,0
2015-04-01 23:00:00,0,0,0
2015-04-02 00:00:00,0,0,0
2015-04-02 01:00:00,0,0,0
2015-04-02 02:00:00,0,0,0
2015-04-02 03:00:00,0,0,0
2015-04-02 04:00:00,0,0,0
2015-04-02 05:00:00,3,2,1
2015-04-02 06:00:00,36,15,21
2015-04-02 07:00:00,52,30,22
2015-04-02 08:00:00,40,26,14
2015-04-02 09:00:00,37,22,15
2015-04-02 10:00:00,21,10,11
2015-04-02 11:00:00,15,7,8
2015-04-02 12:00:00,24,11,13
2015-04-02 13:00:00,17,5,12
2015-04-02 14:00:00,26,18,8
2015-04-02 15:00:00,30,18,12
2015-04-02 16:00:00,66,28,38
2015-04-02 17:00:00,111,59,52
2015-04-02 18:00:00,102,62,40
2015-04-02 19:00:00,61,38,23
2015-04-02 20:00:00,18,11,7
2015-04-02 21:00:00,1,1,0
2015-04-02 22:00:00,0,0,0
2015-04-02 23:00:00,0,0,0
2015-04-03 00:00:00,2,1,1
2015-04-03 01:00:00,0,0,0
2015-04-03 02:00:00,0,0,0
2015-04-03 03:00:00,0,0,0
2015-04-03 04:00:00,1,1,0
2015-04-03 05:00:00,5,0,5
2015-04-03 06:00:00,18,9,9
2015-04-03 07:00:00,36,19,17
2015-04-03 08:00:00,42,23,19
2015-04-03 09:00:00,33,17,16
2015-04-03 10:00:00,24,7,17
2015-04-03 11:00:00,33,21,12
2015-04-03 12:00:00,27,19,8
2015-04-03 13:00:00,13,7,6
2015-04-03 14:00:00,6,4,2
2015-04-03 15:00:00,10,5,5
2015-04-03 16:00:00,34,20,14
2015-04-03 17:00:00,45,25,20
2015-04-03 18:00:00,56,38,18
2015-04-03 19:00:00,31,20,11
2015-04-03 20:00:00,14,8,6
2015-04-03 21:00:00,3,3,0
2015-04-03 22:00:00,1,1,0
2015-04-03 23:00:00,0,0,0
2015-04-04 00:00:00,0,0,0
2015-04-04 01:00:00,2,1,1
2015-04-04 02:00:00,0,0,0
2015-04-04 03:00:00,0,0,0
2015-04-04 04:00:00,0,0,0
2015-04-04 05:00:00,1,1,0
2015-04-04 06:00:00,4,0,4
2015-04-04 07:00:00,16,3,13
2015-04-04 08:00:00,55,23,32
2015-04-04 09:00:00,68,32,36
2015-04-04 10:00:00,108,45,63
2015-04-04 11:00:00,271,195,76
2015-04-04 12:00:00,151,98,53
2015-04-04 13:00:00,167,110,57
2015-04-04 14:00:00,121,69,52
2015-04-04 15:00:00,118,73,45
2015-04-04 16:00:00,101,64,37
2015-04-04 17:00:00,61,39,22
2015-04-04 18:00:00,40,25,15
2015-04-04 19:00:00,14,9,5
2015-04-04 20:00:00,10,7,3
2015-04-04 21:00:00,0,0,0
2015-04-04 22:00:00,3,2,1
2015-04-04 23:00:00,1,0,1
2015-04-05 00:00:00,0,0,0
2015-04-05 01:00:00,0,0,0
2015-04-05 02:00:00,1,0,1
2015-04-05 03:00:00,0,0,0
2015-04-05 04:00:00,1,1,0
2015-04-05 05:00:00,0,0,0
2015-04-05 06:00:00,1,0,1
2015-04-05 07:00:00,8,1,7
2015-04-05 08:00:00,22,10,12
2015-04-05 09:00:00,65,33,32
2015-04-05 10:00:00,55,22,33
2015-04-05 11:00:00,109,58,51
2015-04-05 12:00:00,123,76,47
2015-04-05 13:00:00,117,60,57
2015-04-05 14:00:00,103,55,48
2015-04-05 15:00:00,105,54,51
2015-04-05 16:00:00,109,70,39
2015-04-05 17:00:00,49,41,8
2015-04-05 18:00:00,36,24,12
2015-04-05 19:00:00,22,18,4
2015-04-05 20:00:00,6,5,1
2015-04-05 21:00:00,3,1,2
2015-04-05 22:00:00,0,0,0
2015-04-05 23:00:00,0,0,0
2015-04-06 00:00:00,0,0,0
2015-04-06 01:00:00,0,0,0
2015-04-06 02:00:00,0,0,0
2015-04-06 03:00:00,0,0,0
2015-04-06 04:00:00,2,2,0
2015-04-06 05:00:00,11,4,7
2015-04-06 06:00:00,15,8,7
2015-04-06 07:00:00,46,30,16
2015-04-06 08:00:00,66,35,31
2015-04-06 09:00:00,34,18,16
2015-04-06 10:00:00,10,4,6
2015-04-06 11:00:00,14,8,6
2015-04-06 12:00:00,13,5,8
2015-04-06 13:00:00,15,7,8
2015-04-06 14:00:00,15,7,8
2015-04-06 15:00:00,26,18,8
2015-04-06 16:00:00,45,16,29
2015-04-06 17:00:00,80,37,43
2015-04-06 18:00:00,84,50,34
2015-04-06 19:00:00,52,36,16
2015-04-06 20:00:00,8,6,2
2015-04-06 21:00:00,4,3,1
2015-04-06 22:00:00,0,0,0
2015-04-06 23:00:00,2,1,1
2015-04-07 00:00:00,2,1,1
2015-04-07 01:00:00,0,0,0
2015-04-07 02:00:00,0,0,0
2015-04-07 03:00:00,0,0,0
2015-04-07 04:00:00,2,2,0
2015-04-07 05:00:00,7,4,3
2015-04-07 06:00:00,26,17,9
2015-04-07 07:00:00,45,18,27
2015-04-07 08:00:00,61,30,31
2015-04-07 09:00:00,43,23,20
2015-04-07 10:00:00,14,6,8
2015-04-07 11:00:00,20,8,12
2015-04-07 12:00:00,12,8,4
2015-04-07 13:00:00,9,7,2
2015-04-07 14:00:00,11,3,8
2015-04-07 15:00:00,17,9,8
2015-04-07 16:00:00,33,12,21
2015-04-07 17:00:00,83,46,37
2015-04-07 18:00:00,108,63,45
2015-04-07 19:00:00,74,61,13
2015-04-07 20:00:00,19,11,8
2015-04-07 21:00:00,2,2,0
2015-04-07 22:00:00,1,1,0
2015-04-07 23:00:00,1,1,0
2015-04-08 00:00:00,3,1,2
2015-04-08 01:00:00,0,0,0
2015-04-08 02:00:00,0,0,0
2015-04-08 03:00:00,1,1,0
2015-04-08 04:00:00,2,2,0
2015-04-08 05:00:00,8,4,4
2015-04-08 06:00:00,23,12,11
2015-04-08 07:00:00,55,33,22
2015-04-08 08:00:00,56,31,25
2015-04-08 09:00:00,42,16,26
2015-04-08 10:00:00,11,4,7
2015-04-08 11:00:00,17,10,7
2015-04-08 12:00:00,44,27,17
2015-04-08 13:00:00,24,11,13
2015-04-08 14:00:00,40,25,15
2015-04-08 15:00:00,88,50,38
2015-04-08 16:00:00,68,27,41
2015-04-08 17:00:00,99,43,56
2015-04-08 18:00:00,130,86,44
2015-04-08 19:00:00,66,49,17
2015-04-08 20:00:00,18,15,3
2015-04-08 21:00:00,4,4,0
2015-04-08 22:00:00,5,2,3
2015-04-08 23:00:00,1,0,1
2015-04-09 00:00:00,0,0,0
2015-04-09 01:00:00,0,0,0
2015-04-09 02:00:00,0,0,0
2015-04-09 03:00:00,0,0,0
2015-04-09 04:00:00,2,2,0
2015-04-09 05:00:00,5,4,1
2015-04-09 06:00:00,22,10,12
2015-04-09 07:00:00,63,27,36
2015-04-09 08:00:00,75,46,29
2015-04-09 09:00:00,47,25,22
2015-04-09 10:00:00,26,14,12
2015-04-09 11:00:00,28,11,17
2015-04-09 12:00:00,33,13,20
2015-04-09 13:00:00,46,21,25
2015-04-09 14:00:00,40,23,17
2015-04-09 15:00:00,52,29,23
2015-04-09 16:00:00,62,27,35
2015-04-09 17:00:00,147,88,59
2015-04-09 18:00:00,158,96,62
2015-04-09 19:00:00,105,57,48
2015-04-09 20:00:00,19,13,6
2015-04-09 21:00:00,9,9,0
2015-04-09 22:00:00,2,2,0
2015-04-09 23:00:00,0,0,0
2015-04-10 00:00:00,0,0,0
2015-04-10 01:00:00,0,0,0
2015-04-10 02:00:00,0,0,0
2015-04-10 03:00:00,0,0,0
2015-04-10 04:00:00,2,2,0
2015-04-10 05:00:00,9,3,6
2015-04-10 06:00:00,11,7,4
2015-04-10 07:00:00,40,22,18
2015-04-10 08:00:00,48,32,16
2015-04-10 09:00:00,33,19,14
2015-04-10 10:00:00,25,8,17
2015-04-10 11:00:00,28,14,14
2015-04-10 12:00:00,30,12,18
2015-04-10 13:00:00,34,20,14
2015-04-10 14:00:00,27,13,14
2015-04-10 15:00:00,24,16,8
2015-04-10 16:00:00,34,17,17
2015-04-10 17:00:00,42,21,21
2015-04-10 18:00:00,39,21,18
2015-04-10 19:00:00,13,10,3
2015-04-10 20:00:00,4,3,1
2015-04-10 21:00:00,0,0,0
2015-04-10 22:00:00,0,0,0
2015-04-10 23:00:00,0,0,0
2015-04-11 00:00:00,0,0,0
2015-04-11 01:00:00,0,0,0
2015-04-11 02:00:00,0,0,0
2015-04-11 03:00:00,0,0,0
2015-04-11 04:00:00,0,0,0
2015-04-11 05:00:00,1,0,1
2015-04-11 06:00:00,1,0,1
2015-04-11 07:00:00,7,0,7
2015-04-11 08:00:00,23,4,19
2015-04-11 09:00:00,65,23,42
2015-04-11 10:00:00,74,29,45
2015-04-11 11:00:00,78,35,43
2015-04-11 12:00:00,85,51,34
2015-04-11 13:00:00,76,47,29
2015-04-11 14:00:00,85,47,38
2015-04-11 15:00:00,43,18,25
2015-04-11 16:00:00,31,24,7
2015-04-11 17:00:00,15,12,3
2015-04-11 18:00:00,9,8,1
2015-04-11 19:00:00,3,3,0
2015-04-11 20:00:00,6,3,3
2015-04-11 21:00:00,2,1,1
2015-04-11 22:00:00,0,0,0
2015-04-11 23:00:00,1,1,0
2015-04-12 00:00:00,1,0,1
2015-04-12 01:00:00,2,1,1
2015-04-12 02:00:00,0,0,0
2015-04-12 03:00:00,1,1,0
2015-04-12 04:00:00,0,0,0
2015-04-12 05:00:00,0,0,0
2015-04-12 06:00:00,4,1,3
2015-04-12 07:00:00,8,0,8
2015-04-12 08:00:00,41,16,25
2015-04-12 09:00:00,71,22,49
2015-04-12 10:00:00,132,66,66
2015-04-12 11:00:00,233,158,75
2015-04-12 12:00:00,200,117,83
2015-04-12 13:00:00,126,71,55
2015-04-12 14:00:00,119,68,51
2015-04-12 15:00:00,89,59,30
2015-04-12 16:00:00,73,28,45
2015-04-12 17:00:00,42,31,11
2015-04-12 18:00:00,37,24,13
2015-04-12 19:00:00,14,7,7
2015-04-12 20:00:00,8,7,1
2015-04-12 21:00:00,1,1,0
2015-04-12 22:00:00,0,0,0
2015-04-12 23:00:00,1,1,0
2015-04-13 00:00:00,0,0,0
2015-04-13 01:00:00,0,0,0
2015-04-13 02:00:00,1,1,0
2015-04-13 03:00:00,0,0,0
2015-04-13 04:00:00,1,1,0
2015-04-13 05:00:00,7,4,3
2015-04-13 06:00:00,16,11,5
2015-04-13 07:00:00,36,16,20
2015-04-13 08:00:00,42,26,16
2015-04-13 09:00:00,30,12,18
2015-04-13 10:00:00,13,4,9
2015-04-13 11:00:00,24,12,12
2015-04-13 12:00:00,7,7,0
2015-04-13 13:00:00,6,4,2
2015-04-13 14:00:00,8,2,6
2015-04-13 15:00:00,5,3,2
2015-04-13 16:00:00,6,2,4
2015-04-13 17:00:00,38,21,17
2015-04-13 18:00:00,26,16,10
2015-04-13 19:00:00,15,9,6
2015-04-13 20:00:00,6,4,2
2015-04-13 21:00:00,2,2,0
2015-04-13 22:00:00,1,0,1
2015-04-13 23:00:00,1,1,0
2015-04-14 00:00:00,0,0,0
2015-04-14 01:00:00,1,0,1
2015-04-14 02:00:00,0,0,0
2015-04-14 03:00:00,0,0,0
2015-04-14 04:00:00,2,2,0
2015-04-14 05:00:00,3,2,1
2015-04-14 06:00:00,10,5,5
2015-04-14 07:00:00,22,16,6
2015-04-14 08:00:00,41,18,23
2015-04-14 09:00:00,27,16,11
2015-04-14 10:00:00,18,6,12
2015-04-14 11:00:00,13,6,7
2015-04-14 12:00:00,12,7,5
2015-04-14 13:00:00,8,7,1
2015-04-14 14:00:00,15,7,8
2015-04-14 15:00:00,11,10,1
2015-04-14 16:00:00,23,10,13
2015-04-14 17:00:00,37,21,16
2015-04-14 18:00:00,37,22,15
2015-04-14 19:00:00,21,8,13
2015-04-14 20:00:00,12,10,2
2015-04-14 21:00:00,6,4,2
2015-04-14 22:00:00,1,1,0
2015-04-14 23:00:00,0,0,0
2015-04-15 00:00:00,0,0,0
2015-04-15 01:00:00,1,0,1
2015-04-15 02:00:00,1,1,0
2015-04-15 03:00:00,1,0,1
2015-04-15 04:00:00,2,2,0
2015-04-15 05:00:00,7,3,4
2015-04-15 06:00:00,25,14,11
2015-04-15 07:00:00,58,31,27
2015-04-15 08:00:00,66,37,29
2015-04-15 09:00:00,38,25,13
2015-04-15 10:00:00,22,14,8
2015-04-15 11:00:00,39,13,26
2015-04-15 12:00:00,32,22,10
2015-04-15 13:00:00,34,28,6
2015-04-15 14:00:00,25,10,15
2015-04-15 15:00:00,37,20,17
2015-04-15 16:00:00,68,47,21
2015-04-15 17:00:00,124,43,81
2015-04-15 18:00:00,150,100,50
2015-04-15 19:00:00,84,53,31
2015-04-15 20:00:00,25,19,6
2015-04-15 21:00:00,10,9,1
2015-04-15 22:00:00,3,3,0
2015-04-15 23:00:00,0,0,0
2015-04-16 00:00:00,0,0,0
2015-04-16 01:00:00,0,0,0
2015-04-16 02:00:00,0,0,0
2015-04-16 03:00:00,2,1,1
2015-04-16 04:00:00,2,2,0
2015-04-16 05:00:00,0,0,0
2015-04-16 06:00:00,39,19,20
2015-04-16 07:00:00,58,31,27
2015-04-16 08:00:00,78,41,37
2015-04-16 09:00:00,45,32,13
2015-04-16 10:00:00,25,13,12
2015-04-16 11:00:00,34,16,18
2015-04-16 12:00:00,36,17,19
2015-04-16 13:00:00,54,27,27
2015-04-16 14:00:00,35,19,16
2015-04-16 15:00:00,42,20,22
2015-04-16 16:00:00,79,35,44
2015-04-16 17:00:00,143,70,73
2015-04-16 18:00:00,162,87,75
2015-04-16 19:00:00,107,71,36
2015-04-16 20:00:00,52,29,23
2015-04-16 21:00:00,3,3,0
2015-04-16 22:00:00,3,3,0
2015-04-16 23:00:00,1,1,0
2015-04-17 00:00:00,0,0,0
2015-04-17 01:00:00,1,0,1
2015-04-17 02:00:00,0,0,0
2015-04-17 03:00:00,1,0,1
2015-04-17 04:00:00,2,2,0
2015-04-17 05:00:00,4,1,3
2015-04-17 06:00:00,21,13,8
2015-04-17 07:00:00,55,36,19
2015-04-17 08:00:00,62,45,17
2015-04-17 09:00:00,40,27,13
2015-04-17 10:00:00,29,17,12
2015-04-17 11:00:00,22,12,10
2015-04-17 12:00:00,31,18,13
2015-04-17 13:00:00,30,12,18
2015-04-17 14:00:00,38,23,15
2015-04-17 15:00:00,43,19,24
2015-04-17 16:00:00,83,41,42
2015-04-17 17:00:00,120,64,56
2015-04-17 18:00:00,88,49,39
2015-04-17 19:00:00,47,28,19
2015-04-17 20:00:00,13,11,2
2015-04-17 21:00:00,9,5,4
2015-04-17 22:00:00,1,0,1
2015-04-17 23:00:00,1,1,0
2015-04-18 00:00:00,0,0,0
2015-04-18 01:00:00,0,0,0
2015-04-18 02:00:00,0,0,0
2015-04-18 03:00:00,2,0,2
2015-04-18 04:00:00,0,0,0
2015-04-18 05:00:00,1,0,1
2015-04-18 06:00:00,4,0,4
2015-04-18 07:00:00,10,4,6
2015-04-18 08:00:00,62,30,32
2015-04-18 09:00:00,126,44,82
2015-04-18 10:00:00,280,74,206
2015-04-18 11:00:00,216,120,96
2015-04-18 12:00:00,277,221,56
2015-04-18 13:00:00,186,110,76
2015-04-18 14:00:00,114,68,46
2015-04-18 15:00:00,131,84,47
2015-04-18 16:00:00,130,75,55
2015-04-18 17:00:00,97,62,35
2015-04-18 18:00:00,48,30,18
2015-04-18 19:00:00,24,16,8
2015-04-18 20:00:00,13,11,2
2015-04-18 21:00:00,2,0,2
2015-04-18 22:00:00,4,0,4
2015-04-18 23:00:00,1,0,1
2015-04-19 00:00:00,1,0,1
2015-04-19 01:00:00,0,0,0
2015-04-19 02:00:00,0,0,0
2015-04-19 03:00:00,1,1,0
2015-04-19 04:00:00,0,0,0
2015-04-19 05:00:00,1,0,1
2015-04-19 06:00:00,6,1,5
2015-04-19 07:00:00,23,6,17
2015-04-19 08:00:00,64,25,39
2015-04-19 09:00:00,109,57,52
2015-04-19 10:00:00,148,56,92
2015-04-19 11:00:00,218,104,114
2015-04-19 12:00:00,249,162,87
2015-04-19 13:00:00,207,124,83
2015-04-19 14:00:00,169,86,83
2015-04-19 15:00:00,176,103,73
2015-04-19 16:00:00,151,87,64
2015-04-19 17:00:00,91,50,41
2015-04-19 18:00:00,67,38,29
2015-04-19 19:00:00,35,24,11
2015-04-19 20:00:00,13,11,2
2015-04-19 21:00:00,0,0,0
2015-04-19 22:00:00,0,0,0
2015-04-19 23:00:00,0,0,0
2015-04-20 00:00:00,0,0,0
2015-04-20 01:00:00,0,0,0
2015-04-20 02:00:00,0,0,0
2015-04-20 03:00:00,1,1,0
2015-04-20 04:00:00,2,2,0
2015-04-20 05:00:00,13,4,9
2015-04-20 06:00:00,32,27,5
2015-04-20 07:00:00,62,39,23
2015-04-20 08:00:00,81,49,32
2015-04-20 09:00:00,59,36,23
2015-04-20 10:00:00,42,21,21
2015-04-20 11:00:00,50,33,17
2015-04-20 12:00:00,29,10,19
2015-04-20 13:00:00,45,25,20
2015-04-20 14:00:00,39,25,14
2015-04-20 15:00:00,41,18,23
2015-04-20 16:00:00,69,37,32
2015-04-20 17:00:00,137,71,66
2015-04-20 18:00:00,166,94,72
2015-04-20 19:00:00,91,58,33
2015-04-20 20:00:00,37,26,11
2015-04-20 21:00:00,3,3,0
2015-04-20 22:00:00,6,3,3
2015-04-20 23:00:00,3,3,0
2015-04-21 00:00:00,0,0,0
2015-04-21 01:00:00,1,1,0
2015-04-21 02:00:00,0,0,0
2015-04-21 03:00:00,0,0,0
2015-04-21 04:00:00,2,2,0
2015-04-21 05:00:00,6,4,2
2015-04-21 06:00:00,29,15,14
2015-04-21 07:00:00,75,42,33
2015-04-21 08:00:00,62,35,27
2015-04-21 09:00:00,43,33,10
2015-04-21 10:00:00,25,12,13
2015-04-21 11:00:00,31,15,16
2015-04-21 12:00:00,35,21,14
2015-04-21 13:00:00,28,18,10
2015-04-21 14:00:00,22,12,10
2015-04-21 15:00:00,20,8,12
2015-04-21 16:00:00,36,18,18
2015-04-21 17:00:00,76,39,37
2015-04-21 18:00:00,76,44,32
2015-04-21 19:00:00,39,20,19
2015-04-21 20:00:00,11,9,2
2015-04-21 21:00:00,0,0,0
2015-04-21 22:00:00,0,0,0
2015-04-21 23:00:00,2,1,1
2015-04-22 00:00:00,0,0,0
2015-04-22 01:00:00,0,0,0
2015-04-22 02:00:00,0,0,0
2015-04-22 03:00:00,0,0,0
2015-04-22 04:00:00,2,2,0
2015-04-22 05:00:00,7,4,3
2015-04-22 06:00:00,16,9,7
2015-04-22 07:00:00,39,23,16
2015-04-22 08:00:00,53,30,23
2015-04-22 09:00:00,42,28,14
2015-04-22 10:00:00,20,14,6
2015-04-22 11:00:00,21,11,10
2015-04-22 12:00:00,44,19,25
2015-04-22 13:00:00,18,10,8
2015-04-22 14:00:00,17,8,9
2015-04-22 15:00:00,34,24,10
2015-04-22 16:00:00,45,18,27
2015-04-22 17:00:00,101,49,52
2015-04-22 18:00:00,128,70,58
2015-04-22 19:00:00,74,58,16
2015-04-22 20:00:00,37,30,7
2015-04-22 21:00:00,4,4,0
2015-04-22 22:00:00,3,3,0
2015-04-22 23:00:00,0,0,0
2015-04-23 00:00:00,0,0,0
2015-04-23 01:00:00,0,0,0
2015-04-23 02:00:00,2,2,0
2015-04-23 03:00:00,0,0,0
2015-04-23 04:00:00,0,0,0
2015-04-23 05:00:00,1,1,0
2015-04-23 06:00:00,21,12,9
2015-04-23 07:00:00,34,15,19
2015-04-23 08:00:00,43,21,22
2015-04-23 09:00:00,35,17,18
2015-04-23 10:00:00,17,8,9
2015-04-23 11:00:00,23,12,11
2015-04-23 12:00:00,13,7,6
2015-04-23 13:00:00,14,5,9
2015-04-23 14:00:00,7,7,0
2015-04-23 15:00:00,4,3,1
2015-04-23 16:00:00,17,16,1
2015-04-23 17:00:00,43,38,5
2015-04-23 18:00:00,52,28,24
2015-04-23 19:00:00,27,16,11
2015-04-23 20:00:00,26,19,7
2015-04-23 21:00:00,1,1,0
2015-04-23 22:00:00,4,4,0
2015-04-23 23:00:00,1,0,1
2015-04-24 00:00:00,1,1,0
2015-04-24 01:00:00,0,0,0
2015-04-24 02:00:00,1,1,0
2015-04-24 03:00:00,0,0,0
2015-04-24 04:00:00,0,0,0
2015-04-24 05:00:00,5,0,5
2015-04-24 06:00:00,8,3,5
2015-04-24 07:00:00,32,20,12
2015-04-24 08:00:00,36,23,13
2015-04-24 09:00:00,29,16,13
2015-04-24 10:00:00,12,10,2
2015-04-24 11:00:00,6,2,4
2015-04-24 12:00:00,9,4,5
2015-04-24 13:00:00,8,6,2
2015-04-24 14:00:00,9,4,5
2015-04-24 15:00:00,14,7,7
2015-04-24 16:00:00,35,17,18
2015-04-24 17:00:00,47,30,17
2015-04-24 18:00:00,46,33,13
2015-04-24 19:00:00,28,13,15
2015-04-24 20:00:00,9,6,3
2015-04-24 21:00:00,1,1,0
2015-04-24 22:00:00,1,1,0
2015-04-24 23:00:00,5,4,1
2015-04-25 00:00:00,1,1,0
2015-04-25 01:00:00,0,0,0
2015-04-25 02:00:00,0,0,0
2015-04-25 03:00:00,0,0,0
2015-04-25 04:00:00,0,0,0
2015-04-25 05:00:00,0,0,0
2015-04-25 06:00:00,7,2,5
2015-04-25 07:00:00,10,2,8
2015-04-25 08:00:00,37,12,25
2015-04-25 09:00:00,77,33,44
2015-04-25 10:00:00,106,47,59
2015-04-25 11:00:00,151,69,82
2015-04-25 12:00:00,126,64,62
2015-04-25 13:00:00,112,67,45
2015-04-25 14:00:00,127,75,52
2015-04-25 15:00:00,92,58,34
2015-04-25 16:00:00,60,33,27
2015-04-25 17:00:00,56,41,15
2015-04-25 18:00:00,24,16,8
2015-04-25 19:00:00,16,13,3
2015-04-25 20:00:00,10,5,5
2015-04-25 21:00:00,1,0,1
2015-04-25 22:00:00,0,0,0
2015-04-25 23:00:00,1,1,0
2015-04-26 00:00:00,0,0,0
2015-04-26 01:00:00,3,1,2
2015-04-26 02:00:00,1,0,1
2015-04-26 03:00:00,3,2,1
2015-04-26 04:00:00,0,0,0
2015-04-26 05:00:00,1,0,1
2015-04-26 06:00:00,2,1,1
2015-04-26 07:00:00,13,3,10
2015-04-26 08:00:00,46,12,34
2015-04-26 09:00:00,121,59,62
2015-04-26 10:00:00,141,64,77
2015-04-26 11:00:00,167,86,81
2015-04-26 12:00:00,149,91,58
2015-04-26 13:00:00,115,62,53
2015-04-26 14:00:00,103,63,40
2015-04-26 15:00:00,96,55,41
2015-04-26 16:00:00,78,49,29
2015-04-26 17:00:00,77,50,27
2015-04-26 18:00:00,34,27,7
2015-04-26 19:00:00,16,7,9
2015-04-26 20:00:00,6,3,3
2015-04-26 21:00:00,3,1,2
2015-04-26 22:00:00,0,0,0
2015-04-26 23:00:00,0,0,0
2015-04-27 00:00:00,1,1,0
2015-04-27 01:00:00,1,0,1
2015-04-27 02:00:00,0,0,0
2015-04-27 03:00:00,2,1,1
2015-04-27 04:00:00,2,2,0
2015-04-27 05:00:00,9,3,6
2015-04-27 06:00:00,30,24,6
2015-04-27 07:00:00,54,25,29
2015-04-27 08:00:00,75,45,30
2015-04-27 09:00:00,43,22,21
2015-04-27 10:00:00,25,16,9
2015-04-27 11:00:00,31,17,14
2015-04-27 12:00:00,42,19,23
2015-04-27 13:00:00,30,16,14
2015-04-27 14:00:00,47,26,21
2015-04-27 15:00:00,51,31,20
2015-04-27 16:00:00,90,61,29
2015-04-27 17:00:00,154,103,51
2015-04-27 18:00:00,178,111,67
2015-04-27 19:00:00,109,68,41
2015-04-27 20:00:00,60,40,20
2015-04-27 21:00:00,7,4,3
2015-04-27 22:00:00,2,1,1
2015-04-27 23:00:00,4,3,1
2015-04-28 00:00:00,3,2,1
2015-04-28 01:00:00,1,1,0
2015-04-28 02:00:00,0,0,0
2015-04-28 03:00:00,0,0,0
2015-04-28 04:00:00,2,2,0
2015-04-28 05:00:00,6,4,2
2015-04-28 06:00:00,24,12,12
2015-04-28 07:00:00,52,31,21
2015-04-28 08:00:00,55,26,29
2015-04-28 09:00:00,43,16,27
2015-04-28 10:00:00,16,8,8
2015-04-28 11:00:00,21,11,10
2015-04-28 12:00:00,11,8,3
2015-04-28 13:00:00,5,5,0
2015-04-28 14:00:00,7,3,4
2015-04-28 15:00:00,8,2,6
2015-04-28 16:00:00,23,16,7
2015-04-28 17:00:00,58,28,30
2015-04-28 18:00:00,58,33,25
2015-04-28 19:00:00,33,20,13
2015-04-28 20:00:00,9,4,5
2015-04-28 21:00:00,1,1,0
2015-04-28 22:00:00,3,2,1
2015-04-28 23:00:00,2,2,0
2015-04-29 00:00:00,3,2,1
2015-04-29 01:00:00,0,0,0
2015-04-29 02:00:00,0,0,0
2015-04-29 03:00:00,1,0,1
2015-04-29 04:00:00,2,2,0
2015-04-29 05:00:00,12,4,8
2015-04-29 06:00:00,19,12,7
2015-04-29 07:00:00,46,24,22
2015-04-29 08:00:00,56,26,30
2015-04-29 09:00:00,39,20,19
2015-04-29 10:00:00,26,16,10
2015-04-29 11:00:00,21,4,17
2015-04-29 12:00:00,18,10,8
2015-04-29 13:00:00,31,9,22
2015-04-29 14:00:00,21,13,8
2015-04-29 15:00:00,33,21,12
2015-04-29 16:00:00,43,16,27
2015-04-29 17:00:00,84,46,38
2015-04-29 18:00:00,132,77,55
2015-04-29 19:00:00,75,48,27
2015-04-29 20:00:00,33,22,11
2015-04-29 21:00:00,6,6,0
2015-04-29 22:00:00,2,2,0
2015-04-29 23:00:00,0,0,0
2015-04-30 00:00:00,2,2,0
2015-04-30 01:00:00,0,0,0
2015-04-30 02:00:00,0,0,0
2015-04-30 03:00:00,0,0,0
2015-04-30 04:00:00,1,1,0
2015-04-30 05:00:00,3,3,0
2015-04-30 06:00:00,28,18,10
2015-04-30 07:00:00,69,41,28
2015-04-30 08:00:00,68,33,35
2015-04-30 09:00:00,55,38,17
2015-04-30 10:00:00,28,14,14
2015-04-30 11:00:00,24,13,11
2015-04-30 12:00:00,22,9,13
2015-04-30 13:00:00,18,12,6
2015-04-30 14:00:00,23,11,12
2015-04-30 15:00:00,45,23,22
2015-04-30 16:00:00,67,30,37
2015-04-30 17:00:00,133,66,67
2015-04-30 18:00:00,153,83,70
2015-04-30 19:00:00,129,90,39
2015-04-30 20:00:00,33,21,12
2015-04-30 21:00:00,4,2,2
2015-04-30 22:00:00,2,1,1
2015-04-30 23:00:00,2,2,0
2015-05-01 00:00:00,0,0,0
2015-05-01 01:00:00,1,1,0
2015-05-01 02:00:00,0,0,0
2015-05-01 03:00:00,2,0,2
2015-05-01 04:00:00,2,2,0
2015-05-01 05:00:00,9,3,6
2015-05-01 06:00:00,39,20,19
2015-05-01 07:00:00,87,49,38
2015-05-01 08:00:00,96,64,32
2015-05-01 09:00:00,69,47,22
2015-05-01 10:00:00,28,18,10
2015-05-01 11:00:00,34,17,17
2015-05-01 12:00:00,36,19,17
2015-05-01 13:00:00,30,17,13
2015-05-01 14:00:00,46,25,21
2015-05-01 15:00:00,57,29,28
2015-05-01 16:00:00,75,33,42
2015-05-01 17:00:00,133,69,64
2015-05-01 18:00:00,137,93,44
2015-05-01 19:00:00,70,54,16
2015-05-01 20:00:00,19,13,6
2015-05-01 21:00:00,7,4,3
2015-05-01 22:00:00,2,1,1
2015-05-01 23:00:00,2,1,1
2015-05-02 00:00:00,1,1,0
2015-05-02 01:00:00,0,0,0
2015-05-02 02:00:00,0,0,0
2015-05-02 03:00:00,2,1,1
2015-05-02 04:00:00,0,0,0
2015-05-02 05:00:00,1,0,1
2015-05-02 06:00:00,7,5,2
2015-05-02 07:00:00,23,9,14
2015-05-02 08:00:00,69,26,43
2015-05-02 09:00:00,114,65,49
2015-05-02 10:00:00,196,116,80
2015-05-02 11:00:00,214,89,125
2015-05-02 12:00:00,190,106,84
2015-05-02 13:00:00,135,74,61
2015-05-02 14:00:00,160,57,103
2015-05-02 15:00:00,151,84,67
2015-05-02 16:00:00,128,78,50
2015-05-02 17:00:00,83,52,31
2015-05-02 18:00:00,34,22,12
2015-05-02 19:00:00,17,11,6
2015-05-02 20:00:00,17,14,3
2015-05-02 21:00:00,5,2,3
2015-05-02 22:00:00,1,0,1
2015-05-02 23:00:00,0,0,0
2015-05-03 00:00:00,0,0,0
2015-05-03 01:00:00,2,0,2
2015-05-03 02:00:00,0,0,0
2015-05-03 03:00:00,0,0,0
2015-05-03 04:00:00,0,0,0
2015-05-03 05:00:00,1,1,0
2015-05-03 06:00:00,10,3,7
2015-05-03 07:00:00,29,7,22
2015-05-03 08:00:00,48,21,27
2015-05-03 09:00:00,147,70,77
2015-05-03 10:00:00,142,67,75
2015-05-03 11:00:00,203,117,86
2015-05-03 12:00:00,189,110,79
2015-05-03 13:00:00,217,149,68
2015-05-03 14:00:00,215,114,101
2015-05-03 15:00:00,149,81,68
2015-05-03 16:00:00,124,77,47
2015-05-03 17:00:00,113,62,51
2015-05-03 18:00:00,63,40,23
2015-05-03 19:00:00,33,25,8
2015-05-03 20:00:00,7,2,5
2015-05-03 21:00:00,5,3,2
2015-05-03 22:00:00,0,0,0
2015-05-03 23:00:00,2,2,0
2015-05-04 00:00:00,0,0,0
2015-05-04 01:00:00,0,0,0
2015-05-04 02:00:00,1,1,0
2015-05-04 03:00:00,0,0,0
2015-05-04 04:00:00,2,2,0
2015-05-04 05:00:00,12,3,9
2015-05-04 06:00:00,44,35,9
2015-05-04 07:00:00,90,48,42
2015-05-04 08:00:00,90,64,26
2015-05-04 09:00:00,65,40,25
2015-05-04 10:00:00,29,12,17
2015-05-04 11:00:00,30,18,12
2015-05-04 12:00:00,27,13,14
2015-05-04 13:00:00,33,11,22
2015-05-04 14:00:00,34,23,11
2015-05-04 15:00:00,26,18,8
2015-05-04 16:00:00,72,30,42
2015-05-04 17:00:00,120,54,66
2015-05-04 18:00:00,163,84,79
2015-05-04 19:00:00,92,65,27
2015-05-04 20:00:00,39,28,11
2015-05-04 21:00:00,6,5,1
2015-05-04 22:00:00,3,2,1
2015-05-04 23:00:00,1,0,1
2015-05-05 00:00:00,0,0,0
2015-05-05 01:00:00,2,2,0
2015-05-05 02:00:00,0,0,0
2015-05-05 03:00:00,1,0,1
2015-05-05 04:00:00,1,1,0
2015-05-05 05:00:00,3,3,0
2015-05-05 06:00:00,21,14,7
2015-05-05 07:00:00,23,16,7
2015-05-05 08:00:00,35,17,18
2015-05-05 09:00:00,51,17,34
2015-05-05 10:00:00,11,7,4
2015-05-05 11:00:00,17,13,4
2015-05-05 12:00:00,15,11,4
2015-05-05 13:00:00,15,9,6
2015-05-05 14:00:00,9,4,5
2015-05-05 15:00:00,14,8,6
2015-05-05 16:00:00,13,6,7
2015-05-05 17:00:00,49,19,30
2015-05-05 18:00:00,50,34,16
2015-05-05 19:00:00,27,18,9
2015-05-05 20:00:00,11,6,5
2015-05-05 21:00:00,3,3,0
2015-05-05 22:00:00,2,1,1
2015-05-05 23:00:00,3,2,1
2015-05-06 00:00:00,1,1,0
2015-05-06 01:00:00,3,2,1
2015-05-06 02:00:00,0,0,0
2015-05-06 03:00:00,0,0,0
2015-05-06 04:00:00,2,2,0
2015-05-06 05:00:00,9,4,5
2015-05-06 06:00:00,30,16,14
2015-05-06 07:00:00,70,43,27
2015-05-06 08:00:00,79,43,36
2015-05-06 09:00:00,44,18,26
2015-05-06 10:00:00,20,5,15
2015-05-06 11:00:00,14,3,11
2015-05-06 12:00:00,23,12,11
2015-05-06 13:00:00,13,7,6
2015-05-06 14:00:00,24,15,9
2015-05-06 15:00:00,20,11,9
2015-05-06 16:00:00,50,22,28
2015-05-06 17:00:00,115,46,69
2015-05-06 18:00:00,127,71,56
2015-05-06 19:00:00,105,69,36
2015-05-06 20:00:00,33,21,12
2015-05-06 21:00:00,9,7,2
2015-05-06 22:00:00,3,1,2
2015-05-06 23:00:00,6,5,1
2015-05-07 00:00:00,1,1,0
2015-05-07 01:00:00,0,0,0
2015-05-07 02:00:00,0,0,0
2015-05-07 03:00:00,0,0,0
2015-05-07 04:00:00,1,1,0
2015-05-07 05:00:00,6,4,2
2015-05-07 06:00:00,42,31,11
2015-05-07 07:00:00,116,79,37
2015-05-07 08:00:00,101,71,30
2015-05-07 09:00:00,80,43,37
2015-05-07 10:00:00,29,16,13
2015-05-07 11:00:00,37,14,23
2015-05-07 12:00:00,28,14,14
2015-05-07 13:00:00,34,20,14
2015-05-07 14:00:00,40,26,14
2015-05-07 15:00:00,43,22,21
2015-05-07 16:00:00,90,47,43
2015-05-07 17:00:00,192,98,94
2015-05-07 18:00:00,211,115,96
2015-05-07 19:00:00,114,67,47
2015-05-07 20:00:00,69,43,26
2015-05-07 21:00:00,14,11,3
2015-05-07 22:00:00,4,3,1
2015-05-07 23:00:00,2,1,1
2015-05-08 00:00:00,2,1,1
2015-05-08 01:00:00,0,0,0
2015-05-08 02:00:00,0,0,0
2015-05-08 03:00:00,0,0,0
2015-05-08 04:00:00,1,1,0
2015-05-08 05:00:00,10,6,4
2015-05-08 06:00:00,21,12,9
2015-05-08 07:00:00,92,53,39
2015-05-08 08:00:00,112,69,43
2015-05-08 09:00:00,88,54,34
2015-05-08 10:00:00,49,23,26
2015-05-08 11:00:00,31,20,11
2015-05-08 12:00:00,44,24,20
2015-05-08 13:00:00,51,26,25
2015-05-08 14:00:00,54,33,21
2015-05-08 15:00:00,52,33,19
2015-05-08 16:00:00,88,57,31
2015-05-08 17:00:00,169,95,74
2015-05-08 18:00:00,150,77,73
2015-05-08 19:00:00,79,50,29
2015-05-08 20:00:00,31,17,14
2015-05-08 21:00:00,6,5,1
2015-05-08 22:00:00,7,6,1
2015-05-08 23:00:00,3,3,0
2015-05-09 00:00:00,0,0,0
2015-05-09 01:00:00,2,2,0
2015-05-09 02:00:00,0,0,0
2015-05-09 03:00:00,1,1,0
2015-05-09 04:00:00,0,0,0
2015-05-09 05:00:00,3,1,2
2015-05-09 06:00:00,6,1,5
2015-05-09 07:00:00,34,14,20
2015-05-09 08:00:00,93,27,66
2015-05-09 09:00:00,136,65,71
2015-05-09 10:00:00,208,91,117
2015-05-09 11:00:00,195,113,82
2015-05-09 12:00:00,181,114,67
2015-05-09 13:00:00,188,100,88
2015-05-09 14:00:00,192,124,68
2015-05-09 15:00:00,146,84,62
2015-05-09 16:00:00,92,64,28
2015-05-09 17:00:00,90,59,31
2015-05-09 18:00:00,59,35,24
2015-05-09 19:00:00,43,27,16
2015-05-09 20:00:00,14,10,4
2015-05-09 21:00:00,13,6,7
2015-05-09 22:00:00,3,2,1
2015-05-09 23:00:00,0,0,0
2015-05-10 00:00:00,4,2,2
2015-05-10 01:00:00,1,1,0
2015-05-10 02:00:00,1,0,1
2015-05-10 03:00:00,2,1,1
2015-05-10 04:00:00,0,0,0
2015-05-10 05:00:00,0,0,0
2015-05-10 06:00:00,2,2,0
2015-05-10 07:00:00,20,7,13
2015-05-10 08:00:00,51,11,40
2015-05-10 09:00:00,86,43,43
2015-05-10 10:00:00,104,43,61
2015-05-10 11:00:00,137,80,57
2015-05-10 12:00:00,155,88,67
2015-05-10 13:00:00,105,63,42
2015-05-10 14:00:00,113,53,60
2015-05-10 15:00:00,113,83,30
2015-05-10 16:00:00,116,59,57
2015-05-10 17:00:00,79,54,25
2015-05-10 18:00:00,42,30,12
2015-05-10 19:00:00,26,17,9
2015-05-10 20:00:00,6,4,2
2015-05-10 21:00:00,3,2,1
2015-05-10 22:00:00,2,1,1
2015-05-10 23:00:00,0,0,0
2015-05-11 00:00:00,1,1,0
2015-05-11 01:00:00,2,1,1
2015-05-11 02:00:00,1,1,0
2015-05-11 03:00:00,1,1,0
2015-05-11 04:00:00,2,2,0
2015-05-11 05:00:00,9,3,6
2015-05-11 06:00:00,36,26,10
2015-05-11 07:00:00,58,36,22
2015-05-11 08:00:00,93,53,40
2015-05-11 09:00:00,49,28,21
2015-05-11 10:00:00,25,11,14
2015-05-11 11:00:00,13,7,6
2015-05-11 12:00:00,17,7,10
2015-05-11 13:00:00,16,10,6
2015-05-11 14:00:00,18,12,6
2015-05-11 15:00:00,19,7,12
2015-05-11 16:00:00,34,11,23
2015-05-11 17:00:00,88,34,54
2015-05-11 18:00:00,107,60,47
2015-05-11 19:00:00,69,39,30
2015-05-11 20:00:00,21,14,7
2015-05-11 21:00:00,4,3,1
2015-05-11 22:00:00,1,0,1
2015-05-11 23:00:00,0,0,0
2015-05-12 00:00:00,3,1,2
2015-05-12 01:00:00,0,0,0
2015-05-12 02:00:00,1,1,0
2015-05-12 03:00:00,0,0,0
2015-05-12 04:00:00,2,2,0
2015-05-12 05:00:00,3,3,0
2015-05-12 06:00:00,31,14,17
2015-05-12 07:00:00,64,37,27
2015-05-12 08:00:00,72,37,35
2015-05-12 09:00:00,54,25,29
2015-05-12 10:00:00,22,12,10
2015-05-12 11:00:00,12,6,6
2015-05-12 12:00:00,16,9,7
2015-05-12 13:00:00,15,12,3
2015-05-12 14:00:00,12,6,6
2015-05-12 15:00:00,17,8,9
2015-05-12 16:00:00,26,13,13
2015-05-12 17:00:00,88,35,53
2015-05-12 18:00:00,103,53,50
2015-05-12 19:00:00,77,49,28
2015-05-12 20:00:00,32,21,11
2015-05-12 21:00:00,6,5,1
2015-05-12 22:00:00,2,1,1
2015-05-12 23:00:00,1,0,1
2015-05-13 00:00:00,1,1,0
2015-05-13 01:00:00,0,0,0
2015-05-13 02:00:00,0,0,0
2015-05-13 03:00:00,0,0,0
2015-05-13 04:00:00,1,1,0
2015-05-13 05:00:00,7,4,3
2015-05-13 06:00:00,24,17,7
2015-05-13 07:00:00,41,18,23
2015-05-13 08:00:00,41,22,19
2015-05-13 09:00:00,35,15,20
2015-05-13 10:00:00,15,5,10
2015-05-13 11:00:00,10,4,6
2015-05-13 12:00:00,10,1,9
2015-05-13 13:00:00,9,5,4
2015-05-13 14:00:00,4,3,1
2015-05-13 15:00:00,7,4,3
2015-05-13 16:00:00,20,9,11
2015-05-13 17:00:00,40,18,22
2015-05-13 18:00:00,43,23,20
2015-05-13 19:00:00,30,22,8
2015-05-13 20:00:00,9,5,4
2015-05-13 21:00:00,8,7,1
2015-05-13 22:00:00,0,0,0
2015-05-13 23:00:00,4,1,3
2015-05-14 00:00:00,1,1,0
2015-05-14 01:00:00,0,0,0
2015-05-14 02:00:00,0,0,0
2015-05-14 03:00:00,0,0,0
2015-05-14 04:00:00,2,2,0
2015-05-14 05:00:00,6,3,3
2015-05-14 06:00:00,36,16,20
2015-05-14 07:00:00,70,33,37
2015-05-14 08:00:00,77,35,42
2015-05-14 09:00:00,43,25,18
2015-05-14 10:00:00,26,9,17
2015-05-14 11:00:00,9,4,5
2015-05-14 12:00:00,30,14,16
2015-05-14 13:00:00,25,10,15
2015-05-14 14:00:00,16,10,6
2015-05-14 15:00:00,20,10,10
2015-05-14 16:00:00,41,26,15
2015-05-14 17:00:00,141,66,75
2015-05-14 18:00:00,182,108,74
2015-05-14 19:00:00,115,64,51
2015-05-14 20:00:00,53,33,20
2015-05-14 21:00:00,5,5,0
2015-05-14 22:00:00,1,1,0
2015-05-14 23:00:00,1,1,0
2015-05-15 00:00:00,0,0,0
2015-05-15 01:00:00,0,0,0
2015-05-15 02:00:00,0,0,0
2015-05-15 03:00:00,2,2,0
2015-05-15 04:00:00,16,5,11
2015-05-15 05:00:00,48,26,22
2015-05-15 06:00:00,137,72,65
2015-05-15 07:00:00,160,88,72
2015-05-15 08:00:00,102,57,45
2015-05-15 09:00:00,28,13,15
2015-05-15 10:00:00,37,14,23
2015-05-15 11:00:00,46,24,22
2015-05-15 12:00:00,44,25,19
2015-05-15 13:00:00,34,18,16
2015-05-15 14:00:00,63,34,29
2015-05-15 15:00:00,103,52,51
2015-05-15 16:00:00,195,110,85
2015-05-15 17:00:00,155,91,64
2015-05-15 18:00:00,87,59,28
2015-05-15 19:00:00,24,19,5
2015-05-15 20:00:00,5,3,2
2015-05-15 21:00:00,5,3,2
2015-05-15 22:00:00,2,1,1
2015-05-15 23:00:00,1,1,0
2015-05-16 00:00:00,1,0,1
2015-05-16 01:00:00,1,1,0
2015-05-16 02:00:00,1,1,0
2015-05-16 03:00:00,0,0,0
2015-05-16 04:00:00,2,1,1
2015-05-16 05:00:00,11,2,9
2015-05-16 06:00:00,26,10,16
2015-05-16 07:00:00,83,44,39
2015-05-16 08:00:00,91,42,49
2015-05-16 09:00:00,116,62,54
2015-05-16 10:00:00,142,72,70
2015-05-16 11:00:00,153,88,65
2015-05-16 12:00:00,106,59,47
2015-05-16 13:00:00,186,150,36
2015-05-16 14:00:00,137,98,39
2015-05-16 15:00:00,85,54,31
2015-05-16 16:00:00,63,42,21
2015-05-16 17:00:00,44,29,15
2015-05-16 18:00:00,21,16,5
2015-05-16 19:00:00,4,3,1
2015-05-16 20:00:00,3,2,1
2015-05-16 21:00:00,2,0,2
2015-05-16 22:00:00,0,0,0
2015-05-16 23:00:00,1,1,0
2015-05-17 00:00:00,4,1,3
2015-05-17 01:00:00,0,0,0
2015-05-17 02:00:00,6,5,1
2015-05-17 03:00:00,0,0,0
2015-05-17 04:00:00,0,0,0
2015-05-17 05:00:00,4,2,2
2015-05-17 06:00:00,23,4,19
2015-05-17 07:00:00,63,16,47
2015-05-17 08:00:00,122,56,66
2015-05-17 09:00:00,154,78,76
2015-05-17 10:00:00,194,113,81
2015-05-17 11:00:00,142,91,51
2015-05-17 12:00:00,147,74,73
2015-05-17 13:00:00,108,66,42
2015-05-17 14:00:00,103,63,40
2015-05-17 15:00:00,127,76,51
2015-05-17 16:00:00,90,45,45
2015-05-17 17:00:00,58,35,23
2015-05-17 18:00:00,35,21,14
2015-05-17 19:00:00,18,12,6
2015-05-17 20:00:00,8,6,2
2015-05-17 21:00:00,5,4,1
2015-05-17 22:00:00,2,1,1
2015-05-17 23:00:00,3,2,1
2015-05-18 00:00:00,0,0,0
2015-05-18 01:00:00,0,0,0
2015-05-18 02:00:00,2,2,0
2015-05-18 03:00:00,1,1,0
2015-05-18 04:00:00,11,6,5
2015-05-18 05:00:00,41,26,15
2015-05-18 06:00:00,86,57,29
2015-05-18 07:00:00,97,62,35
2015-05-18 08:00:00,62,40,22
2015-05-18 09:00:00,41,18,23
2015-05-18 10:00:00,36,23,13
2015-05-18 11:00:00,34,18,16
2015-05-18 12:00:00,38,19,19
2015-05-18 13:00:00,48,30,18
2015-05-18 14:00:00,49,27,22
2015-05-18 15:00:00,59,39,20
2015-05-18 16:00:00,147,77,70
2015-05-18 17:00:00,171,107,64
2015-05-18 18:00:00,116,61,55
2015-05-18 19:00:00,56,35,21
2015-05-18 20:00:00,12,9,3
2015-05-18 21:00:00,4,3,1
2015-05-18 22:00:00,1,1,0
2015-05-18 23:00:00,1,1,0
2015-05-19 00:00:00,1,1,0
2015-05-19 01:00:00,0,0,0
2015-05-19 02:00:00,0,0,0
2015-05-19 03:00:00,2,2,0
2015-05-19 04:00:00,3,3,0
2015-05-19 05:00:00,42,27,15
2015-05-19 06:00:00,93,56,37
2015-05-19 07:00:00,110,51,59
2015-05-19 08:00:00,63,33,30
2015-05-19 09:00:00,32,21,11
2015-05-19 10:00:00,18,7,11
2015-05-19 11:00:00,24,11,13
2015-05-19 12:00:00,18,12,6
2015-05-19 13:00:00,26,18,8
2015-05-19 14:00:00,31,18,13
2015-05-19 15:00:00,71,49,22
2015-05-19 16:00:00,142,72,70
2015-05-19 17:00:00,198,121,77
2015-05-19 18:00:00,134,78,56
2015-05-19 19:00:00,55,34,21
2015-05-19 20:00:00,13,9,4
2015-05-19 21:00:00,3,2,1
2015-05-19 22:00:00,0,0,0
2015-05-19 23:00:00,0,0,0
2015-05-20 00:00:00,0,0,0
2015-05-20 01:00:00,0,0,0
2015-05-20 02:00:00,0,0,0
2015-05-20 03:00:00,2,2,0
2015-05-20 04:00:00,19,8,11
2015-05-20 05:00:00,42,26,16
2015-05-20 06:00:00,77,46,31
2015-05-20 07:00:00,99,43,56
2015-05-20 08:00:00,64,32,32
2015-05-20 09:00:00,23,11,12
2015-05-20 10:00:00,21,12,9
2015-05-20 11:00:00,35,15,20
2015-05-20 12:00:00,28,20,8
2015-05-20 13:00:00,33,17,16
2015-05-20 14:00:00,36,26,10
2015-05-20 15:00:00,83,45,38
2015-05-20 16:00:00,151,81,70
2015-05-20 17:00:00,169,82,87
2015-05-20 18:00:00,106,62,44
2015-05-20 19:00:00,56,40,16
2015-05-20 20:00:00,18,15,3
2015-05-20 21:00:00,3,3,0
2015-05-20 22:00:00,2,0,2
2015-05-20 23:00:00,0,0,0
2015-05-21 00:00:00,1,1,0
2015-05-21 01:00:00,0,0,0
2015-05-21 02:00:00,0,0,0
2015-05-21 03:00:00,2,2,0
2015-05-21 04:00:00,6,5,1
2015-05-21 05:00:00,52,27,25
2015-05-21 06:00:00,92,61,31
2015-05-21 07:00:00,93,64,29
2015-05-21 08:00:00,63,43,20
2015-05-21 09:00:00,45,26,19
2015-05-21 10:00:00,41,16,25
2015-05-21 11:00:00,31,16,15
2015-05-21 12:00:00,48,27,21
2015-05-21 13:00:00,50,24,26
2015-05-21 14:00:00,47,26,21
2015-05-21 15:00:00,82,60,22
2015-05-21 16:00:00,159,108,51
2015-05-21 17:00:00,184,116,68
2015-05-21 18:00:00,118,68,50
2015-05-21 19:00:00,58,29,29
2015-05-21 20:00:00,10,6,4
2015-05-21 21:00:00,9,6,3
2015-05-21 22:00:00,1,1,0
2015-05-21 23:00:00,0,0,0
2015-05-22 00:00:00,0,0,0
2015-05-22 01:00:00,0,0,0
2015-05-22 02:00:00,0,0,0
2015-05-22 03:00:00,2,2,0
2015-05-22 04:00:00,8,2,6
2015-05-22 05:00:00,46,22,24
2015-05-22 06:00:00,74,43,31
2015-05-22 07:00:00,75,42,33
2015-05-22 08:00:00,59,27,32
2015-05-22 09:00:00,35,17,18
2015-05-22 10:00:00,28,16,12
2015-05-22 11:00:00,32,14,18
2015-05-22 12:00:00,39,19,20
2015-05-22 13:00:00,31,13,18
2015-05-22 14:00:00,55,22,33
2015-05-22 15:00:00,64,32,32
2015-05-22 16:00:00,86,43,43
2015-05-22 17:00:00,105,67,38
2015-05-22 18:00:00,40,26,14
2015-05-22 19:00:00,21,15,6
2015-05-22 20:00:00,3,2,1
2015-05-22 21:00:00,4,4,0
2015-05-22 22:00:00,1,1,0
2015-05-22 23:00:00,1,0,1
2015-05-23 00:00:00,0,0,0
2015-05-23 01:00:00,0,0,0
2015-05-23 02:00:00,1,1,0
2015-05-23 03:00:00,1,1,0
2015-05-23 04:00:00,2,0,2
2015-05-23 05:00:00,9,1,8
2015-05-23 06:00:00,17,5,12
2015-05-23 07:00:00,40,8,32
2015-05-23 08:00:00,52,28,24
2015-05-23 09:00:00,104,51,53
2015-05-23 10:00:00,89,57,32
2015-05-23 11:00:00,81,45,36
2015-05-23 12:00:00,76,51,25
2015-05-23 13:00:00,69,44,25
2015-05-23 14:00:00,56,23,33
2015-05-23 15:00:00,72,54,18
2015-05-23 16:00:00,53,30,23
2015-05-23 17:00:00,18,11,7
2015-05-23 18:00:00,18,13,5
2015-05-23 19:00:00,9,2,7
2015-05-23 20:00:00,5,4,1
2015-05-23 21:00:00,2,0,2
2015-05-23 22:00:00,0,0,0
2015-05-23 23:00:00,0,0,0
2015-05-24 00:00:00,0,0,0
2015-05-24 01:00:00,0,0,0
2015-05-24 02:00:00,1,1,0
2015-05-24 03:00:00,0,0,0
2015-05-24 04:00:00,0,0,0
2015-05-24 05:00:00,0,0,0
2015-05-24 06:00:00,16,1,15
2015-05-24 07:00:00,60,13,47
2015-05-24 08:00:00,69,34,35
2015-05-24 09:00:00,112,41,71
2015-05-24 10:00:00,153,97,56
2015-05-24 11:00:00,124,66,58
2015-05-24 12:00:00,140,81,59
2015-05-24 13:00:00,105,71,34
2015-05-24 14:00:00,77,33,44
2015-05-24 15:00:00,86,52,34
2015-05-24 16:00:00,61,40,21
2015-05-24 17:00:00,28,22,6
2015-05-24 18:00:00,32,18,14
2015-05-24 19:00:00,13,9,4
2015-05-24 20:00:00,1,0,1
2015-05-24 21:00:00,2,2,0
2015-05-24 22:00:00,0,0,0
2015-05-24 23:00:00,1,0,1
2015-05-25 00:00:00,0,0,0
2015-05-25 01:00:00,0,0,0
2015-05-25 02:00:00,0,0,0
2015-05-25 03:00:00,1,0,1
2015-05-25 04:00:00,1,1,0
2015-05-25 05:00:00,7,0,7
2015-05-25 06:00:00,16,9,7
2015-05-25 07:00:00,27,10,17
2015-05-25 08:00:00,76,18,58
2015-05-25 09:00:00,103,34,69
2015-05-25 10:00:00,165,92,73
2015-05-25 11:00:00,126,68,58
2015-05-25 12:00:00,111,66,45
2015-05-25 13:00:00,108,60,48
2015-05-25 14:00:00,114,67,47
2015-05-25 15:00:00,82,51,31
2015-05-25 16:00:00,67,37,30
2015-05-25 17:00:00,48,28,20
2015-05-25 18:00:00,36,22,14
2015-05-25 19:00:00,18,13,5
2015-05-25 20:00:00,2,2,0
2015-05-25 21:00:00,2,1,1
2015-05-25 22:00:00,0,0,0
2015-05-25 23:00:00,0,0,0
2015-05-26 00:00:00,0,0,0
2015-05-26 01:00:00,4,2,2
2015-05-26 02:00:00,0,0,0
2015-05-26 03:00:00,2,1,1
2015-05-26 04:00:00,5,5,0
2015-05-26 05:00:00,33,21,12
2015-05-26 06:00:00,71,40,31
2015-05-26 07:00:00,77,51,26
2015-05-26 08:00:00,52,28,24
2015-05-26 09:00:00,24,14,10
2015-05-26 10:00:00,25,17,8
2015-05-26 11:00:00,18,13,5
2015-05-26 12:00:00,11,7,4
2015-05-26 13:00:00,19,12,7
2015-05-26 14:00:00,32,13,19
2015-05-26 15:00:00,55,23,32
2015-05-26 16:00:00,114,61,53
2015-05-26 17:00:00,144,69,75
2015-05-26 18:00:00,118,65,53
2015-05-26 19:00:00,43,27,16
2015-05-26 20:00:00,9,7,2
2015-05-26 21:00:00,4,2,2
2015-05-26 22:00:00,1,0,1
2015-05-26 23:00:00,0,0,0
2015-05-27 00:00:00,1,1,0
2015-05-27 01:00:00,0,0,0
2015-05-27 02:00:00,0,0,0
2015-05-27 03:00:00,2,1,1
2015-05-27 04:00:00,6,2,4
2015-05-27 05:00:00,39,25,14
2015-05-27 06:00:00,95,58,37
2015-05-27 07:00:00,104,62,42
2015-05-27 08:00:00,73,45,28
2015-05-27 09:00:00,34,13,21
2015-05-27 10:00:00,22,14,8
2015-05-27 11:00:00,32,15,17
2015-05-27 12:00:00,39,25,14
2015-05-27 13:00:00,49,26,23
2015-05-27 14:00:00,45,35,10
2015-05-27 15:00:00,75,43,32
2015-05-27 16:00:00,162,79,83
2015-05-27 17:00:00,189,102,87
2015-05-27 18:00:00,127,75,52
2015-05-27 19:00:00,63,40,23
2015-05-27 20:00:00,17,15,2
2015-05-27 21:00:00,6,1,5
2015-05-27 22:00:00,5,3,2
2015-05-27 23:00:00,1,1,0
2015-05-28 00:00:00,0,0,0
2015-05-28 01:00:00,0,0,0
2015-05-28 02:00:00,1,0,1
2015-05-28 03:00:00,1,1,0
2015-05-28 04:00:00,6,4,2
2015-05-28 05:00:00,39,18,21
2015-05-28 06:00:00,103,65,38
2015-05-28 07:00:00,91,68,23
2015-05-28 08:00:00,75,49,26
2015-05-28 09:00:00,36,19,17
2015-05-28 10:00:00,40,21,19
2015-05-28 11:00:00,51,36,15
2015-05-28 12:00:00,31,18,13
2015-05-28 13:00:00,39,19,20
2015-05-28 14:00:00,34,26,8
2015-05-28 15:00:00,64,38,26
2015-05-28 16:00:00,166,90,76
2015-05-28 17:00:00,184,99,85
2015-05-28 18:00:00,138,85,53
2015-05-28 19:00:00,76,49,27
2015-05-28 20:00:00,15,10,5
2015-05-28 21:00:00,4,2,2
2015-05-28 22:00:00,5,0,5
2015-05-28 23:00:00,2,2,0
2015-05-29 00:00:00,1,0,1
2015-05-29 01:00:00,1,1,0
2015-05-29 02:00:00,0,0,0
2015-05-29 03:00:00,1,1,0
2015-05-29 04:00:00,11,6,5
2015-05-29 05:00:00,26,14,12
2015-05-29 06:00:00,121,90,31
2015-05-29 07:00:00,115,78,37
2015-05-29 08:00:00,63,45,18
2015-05-29 09:00:00,53,26,27
2015-05-29 10:00:00,55,39,16
2015-05-29 11:00:00,49,31,18
2015-05-29 12:00:00,33,16,17
2015-05-29 13:00:00,55,32,23
2015-05-29 14:00:00,44,29,15
2015-05-29 15:00:00,91,59,32
2015-05-29 16:00:00,142,94,48
2015-05-29 17:00:00,136,91,45
2015-05-29 18:00:00,93,52,41
2015-05-29 19:00:00,30,21,9
2015-05-29 20:00:00,9,6,3
2015-05-29 21:00:00,7,7,0
2015-05-29 22:00:00,2,2,0
2015-05-29 23:00:00,0,0,0
2015-05-30 00:00:00,0,0,0
2015-05-30 01:00:00,3,3,0
2015-05-30 02:00:00,1,1,0
2015-05-30 03:00:00,0,0,0
2015-05-30 04:00:00,6,1,5
2015-05-30 05:00:00,61,7,54
2015-05-30 06:00:00,29,11,18
2015-05-30 07:00:00,51,24,27
2015-05-30 08:00:00,106,43,63
2015-05-30 09:00:00,137,68,69
2015-05-30 10:00:00,175,98,77
2015-05-30 11:00:00,152,98,54
2015-05-30 12:00:00,131,62,69
2015-05-30 13:00:00,109,52,57
2015-05-30 14:00:00,137,78,59
2015-05-30 15:00:00,106,58,48
2015-05-30 16:00:00,63,43,20
2015-05-30 17:00:00,62,34,28
2015-05-30 18:00:00,42,26,16
2015-05-30 19:00:00,24,15,9
2015-05-30 20:00:00,9,4,5
2015-05-30 21:00:00,5,3,2
2015-05-30 22:00:00,3,0,3
2015-05-30 23:00:00,0,0,0
2015-05-31 00:00:00,1,1,0
2015-05-31 01:00:00,2,2,0
2015-05-31 02:00:00,1,1,0
2015-05-31 03:00:00,0,0,0
2015-05-31 04:00:00,2,2,0
2015-05-31 05:00:00,5,0,5
2015-05-31 06:00:00,25,9,16
2015-05-31 07:00:00,52,19,33
2015-05-31 08:00:00,119,49,70
2015-05-31 09:00:00,134,51,83
2015-05-31 10:00:00,193,110,83
2015-05-31 11:00:00,175,108,67
2015-05-31 12:00:00,136,71,65
2015-05-31 13:00:00,161,97,64
2015-05-31 14:00:00,103,56,47
2015-05-31 15:00:00,125,71,54
2015-05-31 16:00:00,84,47,37
2015-05-31 17:00:00,74,42,32
2015-05-31 18:00:00,40,25,15
2015-05-31 19:00:00,16,8,8
2015-05-31 20:00:00,5,5,0
2015-05-31 21:00:00,2,2,0
2015-05-31 22:00:00,0,0,0
2015-05-31 23:00:00,0,0,0
2015-06-01 00:00:00,0,0,0
2015-06-01 01:00:00,0,0,0
2015-06-01 02:00:00,1,1,0
2015-06-01 03:00:00,2,1,1
2015-06-01 04:00:00,6,2,4
2015-06-01 05:00:00,24,11,13
2015-06-01 06:00:00,45,27,18
2015-06-01 07:00:00,63,40,23
2015-06-01 08:00:00,27,13,14
2015-06-01 09:00:00,10,4,6
2015-06-01 10:00:00,10,4,6
2015-06-01 11:00:00,5,3,2
2015-06-01 12:00:00,4,2,2
2015-06-01 13:00:00,4,1,3
2015-06-01 14:00:00,4,0,4
2015-06-01 15:00:00,10,4,6
2015-06-01 16:00:00,32,13,19
2015-06-01 17:00:00,52,19,33
2015-06-01 18:00:00,70,34,36
2015-06-01 19:00:00,49,28,21
2015-06-01 20:00:00,12,9,3
2015-06-01 21:00:00,7,5,2
2015-06-01 22:00:00,1,0,1
2015-06-01 23:00:00,0,0,0
2015-06-02 00:00:00,0,0,0
2015-06-02 01:00:00,0,0,0
2015-06-02 02:00:00,0,0,0
2015-06-02 03:00:00,0,0,0
2015-06-02 04:00:00,1,1,0
2015-06-02 05:00:00,0,0,0
2015-06-02 06:00:00,17,7,10
2015-06-02 07:00:00,53,31,22
2015-06-02 08:00:00,36,24,12
2015-06-02 09:00:00,35,19,16
2015-06-02 10:00:00,13,5,8
2015-06-02 11:00:00,20,9,11
2015-06-02 12:00:00,16,11,5
2015-06-02 13:00:00,5,3,2
2015-06-02 14:00:00,19,12,7
2015-06-02 15:00:00,18,11,7
2015-06-02 16:00:00,23,12,11
2015-06-02 17:00:00,75,32,43
2015-06-02 18:00:00,66,33,33
2015-06-02 19:00:00,81,50,31
2015-06-02 20:00:00,29,18,11
2015-06-02 21:00:00,7,7,0
2015-06-02 22:00:00,2,1,1
2015-06-02 23:00:00,2,1,1
2015-06-03 00:00:00,0,0,0
2015-06-03 01:00:00,0,0,0
2015-06-03 02:00:00,0,0,0
2015-06-03 03:00:00,0,0,0
2015-06-03 04:00:00,2,2,0
2015-06-03 05:00:00,8,4,4
2015-06-03 06:00:00,15,9,6
2015-06-03 07:00:00,49,24,25
2015-06-03 08:00:00,69,29,40
2015-06-03 09:00:00,35,19,16
2015-06-03 10:00:00,32,16,16
2015-06-03 11:00:00,25,16,9
2015-06-03 12:00:00,22,14,8
2015-06-03 13:00:00,14,9,5
2015-06-03 14:00:00,25,17,8
2015-06-03 15:00:00,23,9,14
2015-06-03 16:00:00,48,21,27
2015-06-03 17:00:00,83,44,39
2015-06-03 18:00:00,97,43,54
2015-06-03 19:00:00,91,49,42
2015-06-03 20:00:00,51,32,19
2015-06-03 21:00:00,9,8,1
2015-06-03 22:00:00,8,5,3
2015-06-03 23:00:00,2,2,0
2015-06-04 00:00:00,1,0,1
2015-06-04 01:00:00,0,0,0
2015-06-04 02:00:00,2,2,0
2015-06-04 03:00:00,0,0,0
2015-06-04 04:00:00,1,1,0
2015-06-04 05:00:00,3,2,1
2015-06-04 06:00:00,31,16,15
2015-06-04 07:00:00,80,46,34
2015-06-04 08:00:00,87,40,47
2015-06-04 09:00:00,75,47,28
2015-06-04 10:00:00,33,23,10
2015-06-04 11:00:00,33,19,14
2015-06-04 12:00:00,27,21,6
2015-06-04 13:00:00,28,15,13
2015-06-04 14:00:00,37,16,21
2015-06-04 15:00:00,35,19,16
2015-06-04 16:00:00,66,27,39
2015-06-04 17:00:00,162,103,59
2015-06-04 18:00:00,177,90,87
2015-06-04 19:00:00,126,76,50
2015-06-04 20:00:00,52,36,16
2015-06-04 21:00:00,16,12,4
2015-06-04 22:00:00,6,6,0
2015-06-04 23:00:00,0,0,0
2015-06-05 00:00:00,1,0,1
2015-06-05 01:00:00,1,1,0
2015-06-05 02:00:00,0,0,0
2015-06-05 03:00:00,0,0,0
2015-06-05 04:00:00,1,1,0
2015-06-05 05:00:00,12,3,9
2015-06-05 06:00:00,37,21,16
2015-06-05 07:00:00,86,64,22
2015-06-05 08:00:00,110,73,37
2015-06-05 09:00:00,77,51,26
2015-06-05 10:00:00,37,22,15
2015-06-05 11:00:00,51,39,12
2015-06-05 12:00:00,48,36,12
2015-06-05 13:00:00,43,32,11
2015-06-05 14:00:00,42,23,19
2015-06-05 15:00:00,58,30,28
2015-06-05 16:00:00,74,52,22
2015-06-05 17:00:00,155,95,60
2015-06-05 18:00:00,133,80,53
2015-06-05 19:00:00,81,52,29
2015-06-05 20:00:00,38,28,10
2015-06-05 21:00:00,14,6,8
2015-06-05 22:00:00,7,6,1
2015-06-05 23:00:00,2,0,2
2015-06-06 00:00:00,4,4,0
2015-06-06 01:00:00,2,1,1
2015-06-06 02:00:00,1,1,0
2015-06-06 03:00:00,0,0,0
2015-06-06 04:00:00,0,0,0
2015-06-06 05:00:00,1,0,1
2015-06-06 06:00:00,12,7,5
2015-06-06 07:00:00,31,15,16
2015-06-06 08:00:00,96,45,51
2015-06-06 09:00:00,130,66,64
2015-06-06 10:00:00,186,94,92
2015-06-06 11:00:00,193,109,84
2015-06-06 12:00:00,228,139,89
2015-06-06 13:00:00,146,96,50
2015-06-06 14:00:00,150,90,60
2015-06-06 15:00:00,129,79,50
2015-06-06 16:00:00,73,51,22
2015-06-06 17:00:00,64,35,29
2015-06-06 18:00:00,55,32,23
2015-06-06 19:00:00,58,38,20
2015-06-06 20:00:00,30,18,12
2015-06-06 21:00:00,8,6,2
2015-06-06 22:00:00,4,3,1
2015-06-06 23:00:00,2,1,1
2015-06-07 00:00:00,3,1,2
2015-06-07 01:00:00,0,0,0
2015-06-07 02:00:00,0,0,0
2015-06-07 03:00:00,0,0,0
2015-06-07 04:00:00,1,1,0
2015-06-07 05:00:00,0,0,0
2015-06-07 06:00:00,8,5,3
2015-06-07 07:00:00,33,21,12
2015-06-07 08:00:00,80,40,40
2015-06-07 09:00:00,179,101,78
2015-06-07 10:00:00,194,123,71
2015-06-07 11:00:00,224,162,62
2015-06-07 12:00:00,192,115,77
2015-06-07 13:00:00,161,105,56
2015-06-07 14:00:00,134,89,45
2015-06-07 15:00:00,150,100,50
2015-06-07 16:00:00,102,76,26
2015-06-07 17:00:00,85,45,40
2015-06-07 18:00:00,66,38,28
2015-06-07 19:00:00,36,15,21
2015-06-07 20:00:00,31,15,16
2015-06-07 21:00:00,10,9,1
2015-06-07 22:00:00,1,1,0
2015-06-07 23:00:00,3,1,2
2015-06-08 00:00:00,0,0,0
2015-06-08 01:00:00,0,0,0
2015-06-08 02:00:00,2,1,1
2015-06-08 03:00:00,1,1,0
2015-06-08 04:00:00,1,1,0
2015-06-08 05:00:00,9,3,6
2015-06-08 06:00:00,33,21,12
2015-06-08 07:00:00,80,60,20
2015-06-08 08:00:00,91,68,23
2015-06-08 09:00:00,58,38,20
2015-06-08 10:00:00,41,28,13
2015-06-08 11:00:00,40,26,14
2015-06-08 12:00:00,41,28,13
2015-06-08 13:00:00,43,28,15
2015-06-08 14:00:00,43,34,9
2015-06-08 15:00:00,36,23,13
2015-06-08 16:00:00,57,37,20
2015-06-08 17:00:00,118,79,39
2015-06-08 18:00:00,140,66,74
2015-06-08 19:00:00,91,60,31
2015-06-08 20:00:00,52,39,13
2015-06-08 21:00:00,16,8,8
2015-06-08 22:00:00,6,4,2
2015-06-08 23:00:00,4,3,1
2015-06-09 00:00:00,0,0,0
2015-06-09 01:00:00,0,0,0
2015-06-09 02:00:00,0,0,0
2015-06-09 03:00:00,0,0,0
2015-06-09 04:00:00,1,1,0
2015-06-09 05:00:00,4,4,0
2015-06-09 06:00:00,46,27,19
2015-06-09 07:00:00,102,71,31
2015-06-09 08:00:00,108,79,29
2015-06-09 09:00:00,60,46,14
2015-06-09 10:00:00,41,32,9
2015-06-09 11:00:00,37,24,13
2015-06-09 12:00:00,30,17,13
2015-06-09 13:00:00,29,16,13
2015-06-09 14:00:00,23,12,11
2015-06-09 15:00:00,32,28,4
2015-06-09 16:00:00,70,43,27
2015-06-09 17:00:00,129,70,59
2015-06-09 18:00:00,180,97,83
2015-06-09 19:00:00,143,78,65
2015-06-09 20:00:00,67,49,18
2015-06-09 21:00:00,29,27,2
2015-06-09 22:00:00,8,6,2
2015-06-09 23:00:00,2,1,1
2015-06-10 00:00:00,0,0,0
2015-06-10 01:00:00,0,0,0
2015-06-10 02:00:00,0,0,0
2015-06-10 03:00:00,0,0,0
2015-06-10 04:00:00,2,1,1
2015-06-10 05:00:00,12,6,6
2015-06-10 06:00:00,45,21,24
2015-06-10 07:00:00,103,76,27
2015-06-10 08:00:00,106,73,33
2015-06-10 09:00:00,78,49,29
2015-06-10 10:00:00,36,22,14
2015-06-10 11:00:00,46,26,20
2015-06-10 12:00:00,37,23,14
2015-06-10 13:00:00,30,20,10
2015-06-10 14:00:00,37,23,14
2015-06-10 15:00:00,36,23,13
2015-06-10 16:00:00,79,45,34
2015-06-10 17:00:00,145,77,68
2015-06-10 18:00:00,168,77,91
2015-06-10 19:00:00,129,80,49
2015-06-10 20:00:00,71,59,12
2015-06-10 21:00:00,25,15,10
2015-06-10 22:00:00,3,2,1
2015-06-10 23:00:00,3,1,2
2015-06-11 00:00:00,1,1,0
2015-06-11 01:00:00,0,0,0
2015-06-11 02:00:00,1,1,0
2015-06-11 03:00:00,0,0,0
2015-06-11 04:00:00,1,1,0
2015-06-11 05:00:00,6,2,4
2015-06-11 06:00:00,42,25,17
2015-06-11 07:00:00,85,58,27
2015-06-11 08:00:00,111,72,39
2015-06-11 09:00:00,66,48,18
2015-06-11 10:00:00,37,22,15
2015-06-11 11:00:00,42,27,15
2015-06-11 12:00:00,47,24,23
2015-06-11 13:00:00,33,20,13
2015-06-11 14:00:00,32,20,12
2015-06-11 15:00:00,36,21,15
2015-06-11 16:00:00,68,41,27
2015-06-11 17:00:00,131,70,61
2015-06-11 18:00:00,180,103,77
2015-06-11 19:00:00,156,94,62
2015-06-11 20:00:00,115,43,72
2015-06-11 21:00:00,19,14,5
2015-06-11 22:00:00,10,9,1
2015-06-11 23:00:00,28,28,0
2015-06-12 00:00:00,14,13,1
2015-06-12 01:00:00,0,0,0
2015-06-12 02:00:00,1,1,0
2015-06-12 03:00:00,0,0,0
2015-06-12 04:00:00,2,1,1
2015-06-12 05:00:00,10,3,7
2015-06-12 06:00:00,23,11,12
2015-06-12 07:00:00,67,30,37
2015-06-12 08:00:00,87,36,51
2015-06-12 09:00:00,67,34,33
2015-06-12 10:00:00,22,10,12
2015-06-12 11:00:00,29,14,15
2015-06-12 12:00:00,19,8,11
2015-06-12 13:00:00,21,13,8
2015-06-12 14:00:00,39,17,22
2015-06-12 15:00:00,44,20,24
2015-06-12 16:00:00,61,36,25
2015-06-12 17:00:00,118,70,48
2015-06-12 18:00:00,138,90,48
2015-06-12 19:00:00,44,26,18
2015-06-12 20:00:00,29,20,9
2015-06-12 21:00:00,6,4,2
2015-06-12 22:00:00,5,4,1
2015-06-12 23:00:00,2,2,0
2015-06-13 00:00:00,1,1,0
2015-06-13 01:00:00,0,0,0
2015-06-13 02:00:00,0,0,0
2015-06-13 03:00:00,0,0,0
2015-06-13 04:00:00,0,0,0
2015-06-13 05:00:00,10,0,10
2015-06-13 06:00:00,28,18,10
2015-06-13 07:00:00,43,28,15
2015-06-13 08:00:00,68,41,27
2015-06-13 09:00:00,139,81,58
2015-06-13 10:00:00,147,58,89
2015-06-13 11:00:00,182,119,63
2015-06-13 12:00:00,165,80,85
2015-06-13 13:00:00,139,76,63
2015-06-13 14:00:00,119,78,41
2015-06-13 15:00:00,129,81,48
2015-06-13 16:00:00,92,66,26
2015-06-13 17:00:00,67,40,27
2015-06-13 18:00:00,58,24,34
2015-06-13 19:00:00,45,38,7
2015-06-13 20:00:00,30,15,15
2015-06-13 21:00:00,9,3,6
2015-06-13 22:00:00,3,1,2
2015-06-13 23:00:00,0,0,0
2015-06-14 00:00:00,0,0,0
2015-06-14 01:00:00,1,1,0
2015-06-14 02:00:00,1,1,0
2015-06-14 03:00:00,2,0,2
2015-06-14 04:00:00,1,1,0
2015-06-14 05:00:00,0,0,0
2015-06-14 06:00:00,10,3,7
2015-06-14 07:00:00,56,22,34
2015-06-14 08:00:00,79,47,32
2015-06-14 09:00:00,153,80,73
2015-06-14 10:00:00,205,108,97
2015-06-14 11:00:00,204,132,72
2015-06-14 12:00:00,192,120,72
2015-06-14 13:00:00,197,116,81
2015-06-14 14:00:00,151,105,46
2015-06-14 15:00:00,123,83,40
2015-06-14 16:00:00,102,71,31
2015-06-14 17:00:00,87,50,37
2015-06-14 18:00:00,59,33,26
2015-06-14 19:00:00,44,23,21
2015-06-14 20:00:00,29,18,11
2015-06-14 21:00:00,7,5,2
2015-06-14 22:00:00,6,4,2
2015-06-14 23:00:00,3,3,0
2015-06-15 00:00:00,0,0,0
2015-06-15 01:00:00,3,1,2
2015-06-15 02:00:00,0,0,0
2015-06-15 03:00:00,1,1,0
2015-06-15 04:00:00,1,1,0
2015-06-15 05:00:00,9,4,5
2015-06-15 06:00:00,36,25,11
2015-06-15 07:00:00,73,36,37
2015-06-15 08:00:00,91,63,28
2015-06-15 09:00:00,70,53,17
2015-06-15 10:00:00,29,23,6
2015-06-15 11:00:00,35,15,20
2015-06-15 12:00:00,31,22,9
2015-06-15 13:00:00,34,18,16
2015-06-15 14:00:00,26,21,5
2015-06-15 15:00:00,44,31,13
2015-06-15 16:00:00,36,25,11
2015-06-15 17:00:00,129,69,60
2015-06-15 18:00:00,141,81,60
2015-06-15 19:00:00,109,67,42
2015-06-15 20:00:00,67,45,22
2015-06-15 21:00:00,17,12,5
2015-06-15 22:00:00,12,10,2
2015-06-15 23:00:00,0,0,0
2015-06-16 00:00:00,2,2,0
2015-06-16 01:00:00,1,0,1
2015-06-16 02:00:00,1,1,0
2015-06-16 03:00:00,0,0,0
2015-06-16 04:00:00,1,1,0
2015-06-16 05:00:00,1,0,1
2015-06-16 06:00:00,44,21,23
2015-06-16 07:00:00,86,53,33
2015-06-16 08:00:00,95,52,43
2015-06-16 09:00:00,58,37,21
2015-06-16 10:00:00,27,17,10
2015-06-16 11:00:00,39,17,22
2015-06-16 12:00:00,30,17,13
2015-06-16 13:00:00,34,17,17
2015-06-16 14:00:00,41,22,19
2015-06-16 15:00:00,39,24,15
2015-06-16 16:00:00,65,25,40
2015-06-16 17:00:00,130,61,69
2015-06-16 18:00:00,178,93,85
2015-06-16 19:00:00,145,81,64
2015-06-16 20:00:00,68,46,22
2015-06-16 21:00:00,10,9,1
2015-06-16 22:00:00,3,2,1
2015-06-16 23:00:00,0,0,0
2015-06-17 00:00:00,2,1,1
2015-06-17 01:00:00,0,0,0
2015-06-17 02:00:00,0,0,0
2015-06-17 03:00:00,0,0,0
2015-06-17 04:00:00,2,1,1
2015-06-17 05:00:00,6,2,4
2015-06-17 06:00:00,35,23,12
2015-06-17 07:00:00,68,44,24
2015-06-17 08:00:00,93,64,29
2015-06-17 09:00:00,65,49,16
2015-06-17 10:00:00,54,40,14
2015-06-17 11:00:00,29,14,15
2015-06-17 12:00:00,56,30,26
2015-06-17 13:00:00,50,31,19
2015-06-17 14:00:00,34,12,22
2015-06-17 15:00:00,33,23,10
2015-06-17 16:00:00,57,29,28
2015-06-17 17:00:00,122,47,75
2015-06-17 18:00:00,168,84,84
2015-06-17 19:00:00,106,70,36
2015-06-17 20:00:00,140,91,49
2015-06-17 21:00:00,17,11,6
2015-06-17 22:00:00,7,7,0
2015-06-17 23:00:00,2,2,0
2015-06-18 00:00:00,1,1,0
2015-06-18 01:00:00,1,1,0
2015-06-18 02:00:00,0,0,0
2015-06-18 03:00:00,0,0,0
2015-06-18 04:00:00,1,1,0
2015-06-18 05:00:00,8,7,1
2015-06-18 06:00:00,30,18,12
2015-06-18 07:00:00,89,46,43
2015-06-18 08:00:00,75,45,30
2015-06-18 09:00:00,66,27,39
2015-06-18 10:00:00,26,8,18
2015-06-18 11:00:00,43,25,18
2015-06-18 12:00:00,27,16,11
2015-06-18 13:00:00,23,11,12
2015-06-18 14:00:00,27,16,11
2015-06-18 15:00:00,33,11,22
2015-06-18 16:00:00,55,30,25
2015-06-18 17:00:00,122,72,50
2015-06-18 18:00:00,152,92,60
2015-06-18 19:00:00,132,85,47
2015-06-18 20:00:00,61,40,21
2015-06-18 21:00:00,15,10,5
2015-06-18 22:00:00,3,1,2
2015-06-18 23:00:00,4,3,1
2015-06-19 00:00:00,1,1,0
2015-06-19 01:00:00,0,0,0
2015-06-19 02:00:00,2,2,0
2015-06-19 03:00:00,0,0,0
2015-06-19 04:00:00,0,0,0
2015-06-19 05:00:00,1,0,1
2015-06-19 06:00:00,13,6,7
2015-06-19 07:00:00,120,98,22
2015-06-19 08:00:00,52,21,31
2015-06-19 09:00:00,49,20,29
2015-06-19 10:00:00,22,5,17
2015-06-19 11:00:00,23,12,11
2015-06-19 12:00:00,17,8,9
2015-06-19 13:00:00,22,14,8
2015-06-19 14:00:00,28,13,15
2015-06-19 15:00:00,37,18,19
2015-06-19 16:00:00,41,28,13
2015-06-19 17:00:00,103,51,52
2015-06-19 18:00:00,92,60,32
2015-06-19 19:00:00,52,33,19
2015-06-19 20:00:00,36,23,13
2015-06-19 21:00:00,7,5,2
2015-06-19 22:00:00,3,3,0
2015-06-19 23:00:00,5,3,2
2015-06-20 00:00:00,0,0,0
2015-06-20 01:00:00,1,1,0
2015-06-20 02:00:00,0,0,0
2015-06-20 03:00:00,2,0,2
2015-06-20 04:00:00,0,0,0
2015-06-20 05:00:00,0,0,0
2015-06-20 06:00:00,14,2,12
2015-06-20 07:00:00,28,14,14
2015-06-20 08:00:00,103,42,61
2015-06-20 09:00:00,145,85,60
2015-06-20 10:00:00,187,128,59
2015-06-20 11:00:00,222,137,85
2015-06-20 12:00:00,163,103,60
2015-06-20 13:00:00,158,91,67
2015-06-20 14:00:00,149,83,66
2015-06-20 15:00:00,98,59,39
2015-06-20 16:00:00,102,58,44
2015-06-20 17:00:00,52,36,16
2015-06-20 18:00:00,46,23,23
2015-06-20 19:00:00,42,25,17
2015-06-20 20:00:00,30,18,12
2015-06-20 21:00:00,6,2,4
2015-06-20 22:00:00,4,4,0
2015-06-20 23:00:00,3,2,1
2015-06-21 00:00:00,2,0,2
2015-06-21 01:00:00,1,0,1
2015-06-21 02:00:00,0,0,0
2015-06-21 03:00:00,3,1,2
2015-06-21 04:00:00,1,1,0
2015-06-21 05:00:00,0,0,0
2015-06-21 06:00:00,12,4,8
2015-06-21 07:00:00,24,13,11
2015-06-21 08:00:00,59,10,49
2015-06-21 09:00:00,109,53,56
2015-06-21 10:00:00,135,63,72
2015-06-21 11:00:00,178,114,64
2015-06-21 12:00:00,148,94,54
2015-06-21 13:00:00,120,90,30
2015-06-21 14:00:00,105,63,42
2015-06-21 15:00:00,132,83,49
2015-06-21 16:00:00,100,62,38
2015-06-21 17:00:00,86,42,44
2015-06-21 18:00:00,58,36,22
2015-06-21 19:00:00,35,24,11
2015-06-21 20:00:00,18,7,11
2015-06-21 21:00:00,7,7,0
2015-06-21 22:00:00,1,0,1
2015-06-21 23:00:00,1,1,0
2015-06-22 00:00:00,0,0,0
2015-06-22 01:00:00,1,1,0
2015-06-22 02:00:00,0,0,0
2015-06-22 03:00:00,1,1,0
2015-06-22 04:00:00,8,5,3
2015-06-22 05:00:00,31,25,6
2015-06-22 06:00:00,58,31,27
2015-06-22 07:00:00,78,44,34
2015-06-22 08:00:00,65,38,27
2015-06-22 09:00:00,25,20,5
2015-06-22 10:00:00,32,21,11
2015-06-22 11:00:00,28,17,11
2015-06-22 12:00:00,32,20,12
2015-06-22 13:00:00,34,16,18
2015-06-22 14:00:00,29,18,11
2015-06-22 15:00:00,62,28,34
2015-06-22 16:00:00,109,56,53
2015-06-22 17:00:00,145,81,64
2015-06-22 18:00:00,98,65,33
2015-06-22 19:00:00,63,41,22
2015-06-22 20:00:00,0,0,0
2015-06-22 21:00:00,22,18,4
2015-06-22 22:00:00,8,7,1
2015-06-22 23:00:00,3,3,0
2015-06-23 00:00:00,0,0,0
2015-06-23 01:00:00,2,1,1
2015-06-23 02:00:00,0,0,0
2015-06-23 03:00:00,0,0,0
2015-06-23 04:00:00,2,1,1
2015-06-23 05:00:00,4,3,1
2015-06-23 06:00:00,42,27,15
2015-06-23 07:00:00,108,71,37
2015-06-23 08:00:00,112,83,29
2015-06-23 09:00:00,59,45,14
2015-06-23 10:00:00,39,22,17
2015-06-23 11:00:00,29,14,15
2015-06-23 12:00:00,40,18,22
2015-06-23 13:00:00,39,22,17
2015-06-23 14:00:00,32,23,9
2015-06-23 15:00:00,46,31,15
2015-06-23 16:00:00,63,38,25
2015-06-23 17:00:00,135,77,58
2015-06-23 18:00:00,214,110,104
2015-06-23 19:00:00,173,102,71
2015-06-23 20:00:00,89,68,21
2015-06-23 21:00:00,16,12,4
2015-06-23 22:00:00,7,6,1
2015-06-23 23:00:00,4,2,2
2015-06-24 00:00:00,0,0,0
2015-06-24 01:00:00,0,0,0
2015-06-24 02:00:00,1,0,1
2015-06-24 03:00:00,0,0,0
2015-06-24 04:00:00,1,1,0
2015-06-24 05:00:00,10,7,3
2015-06-24 06:00:00,26,13,13
2015-06-24 07:00:00,91,60,31
2015-06-24 08:00:00,107,80,27
2015-06-24 09:00:00,54,32,22
2015-06-24 10:00:00,48,29,19
2015-06-24 11:00:00,39,26,13
2015-06-24 12:00:00,51,28,23
2015-06-24 13:00:00,40,24,16
2015-06-24 14:00:00,32,14,18
2015-06-24 15:00:00,32,22,10
2015-06-24 16:00:00,63,34,29
2015-06-24 17:00:00,125,56,69
2015-06-24 18:00:00,193,101,92
2015-06-24 19:00:00,147,89,58
2015-06-24 20:00:00,58,41,17
2015-06-24 21:00:00,11,4,7
2015-06-24 22:00:00,7,4,3
2015-06-24 23:00:00,0,0,0
2015-06-25 00:00:00,1,1,0
2015-06-25 01:00:00,0,0,0
2015-06-25 02:00:00,0,0,0
2015-06-25 03:00:00,1,1,0
2015-06-25 04:00:00,8,5,3
2015-06-25 05:00:00,41,24,17
2015-06-25 06:00:00,105,78,27
2015-06-25 07:00:00,96,76,20
2015-06-25 08:00:00,81,60,21
2015-06-25 09:00:00,44,25,19
2015-06-25 10:00:00,41,25,16
2015-06-25 11:00:00,34,26,8
2015-06-25 12:00:00,43,33,10
2015-06-25 13:00:00,31,21,10
2015-06-25 14:00:00,43,27,16
2015-06-25 15:00:00,74,52,22
2015-06-25 16:00:00,132,89,43
2015-06-25 17:00:00,167,101,66
2015-06-25 18:00:00,113,73,40
2015-06-25 19:00:00,79,51,28
2015-06-25 20:00:00,32,19,13
2015-06-25 21:00:00,13,10,3
2015-06-25 22:00:00,6,3,3
2015-06-25 23:00:00,0,0,0
2015-06-26 00:00:00,1,1,0
2015-06-26 01:00:00,1,1,0
2015-06-26 02:00:00,0,0,0
2015-06-26 03:00:00,1,1,0
2015-06-26 04:00:00,7,4,3
2015-06-26 05:00:00,42,22,20
2015-06-26 06:00:00,56,42,14
2015-06-26 07:00:00,82,60,22
2015-06-26 08:00:00,64,53,11
2015-06-26 09:00:00,40,22,18
2015-06-26 10:00:00,39,23,16
2015-06-26 11:00:00,25,17,8
2015-06-26 12:00:00,41,28,13
2015-06-26 13:00:00,33,22,11
2015-06-26 14:00:00,39,25,14
2015-06-26 15:00:00,67,52,15
2015-06-26 16:00:00,85,47,38
2015-06-26 17:00:00,107,65,42
2015-06-26 18:00:00,73,49,24
2015-06-26 19:00:00,55,35,20
2015-06-26 20:00:00,0,0,0
2015-06-26 21:00:00,12,10,2
2015-06-26 22:00:00,5,5,0
2015-06-26 23:00:00,2,1,1
2015-06-27 00:00:00,1,1,0
2015-06-27 01:00:00,1,0,1
2015-06-27 02:00:00,1,0,1
2015-06-27 03:00:00,1,1,0
2015-06-27 04:00:00,0,0,0
2015-06-27 05:00:00,1,1,0
2015-06-27 06:00:00,30,7,23
2015-06-27 07:00:00,57,23,34
2015-06-27 08:00:00,111,62,49
2015-06-27 09:00:00,161,84,77
2015-06-27 10:00:00,202,132,70
2015-06-27 11:00:00,243,187,56
2015-06-27 12:00:00,180,131,49
2015-06-27 13:00:00,148,119,29
2015-06-27 14:00:00,88,58,30
2015-06-27 15:00:00,83,62,21
2015-06-27 16:00:00,60,42,18
2015-06-27 17:00:00,58,37,21
2015-06-27 18:00:00,26,19,7
2015-06-27 19:00:00,37,20,17
2015-06-27 20:00:00,18,13,5
2015-06-27 21:00:00,9,8,1
2015-06-27 22:00:00,0,0,0
2015-06-27 23:00:00,4,4,0
2015-06-28 00:00:00,0,0,0
2015-06-28 01:00:00,0,0,0
2015-06-28 02:00:00,0,0,0
2015-06-28 03:00:00,0,0,0
2015-06-28 04:00:00,1,1,0
2015-06-28 05:00:00,12,1,11
2015-06-28 06:00:00,54,13,41
2015-06-28 07:00:00,102,55,47
2015-06-28 08:00:00,188,102,86
2015-06-28 09:00:00,181,92,89
2015-06-28 10:00:00,137,84,53
2015-06-28 11:00:00,90,72,18
2015-06-28 12:00:00,76,37,39
2015-06-28 13:00:00,72,45,27
2015-06-28 14:00:00,50,27,23
2015-06-28 15:00:00,68,39,29
2015-06-28 16:00:00,60,34,26
2015-06-28 17:00:00,53,29,24
2015-06-28 18:00:00,35,20,15
2015-06-28 19:00:00,28,20,8
2015-06-28 20:00:00,2,2,0
2015-06-28 21:00:00,2,0,2
2015-06-28 22:00:00,3,3,0
2015-06-28 23:00:00,1,1,0
2015-06-29 00:00:00,0,0,0
2015-06-29 01:00:00,1,0,1
2015-06-29 02:00:00,0,0,0
2015-06-29 03:00:00,0,0,0
2015-06-29 04:00:00,5,4,1
2015-06-29 05:00:00,28,15,13
2015-06-29 06:00:00,58,31,27
2015-06-29 07:00:00,75,50,25
2015-06-29 08:00:00,59,50,9
2015-06-29 09:00:00,25,19,6
2015-06-29 10:00:00,24,17,7
2015-06-29 11:00:00,27,24,3
2015-06-29 12:00:00,26,20,6
2015-06-29 13:00:00,28,21,7
2015-06-29 14:00:00,28,19,9
2015-06-29 15:00:00,35,28,7
2015-06-29 16:00:00,96,63,33
2015-06-29 17:00:00,135,68,67
2015-06-29 18:00:00,79,45,34
2015-06-29 19:00:00,58,40,18
2015-06-29 20:00:00,13,11,2
2015-06-29 21:00:00,5,3,2
2015-06-29 22:00:00,5,4,1
2015-06-29 23:00:00,2,1,1
2015-06-30 00:00:00,1,0,1
2015-06-30 01:00:00,0,0,0
2015-06-30 02:00:00,0,0,0
2015-06-30 03:00:00,1,1,0
2015-06-30 04:00:00,5,3,2
2015-06-30 05:00:00,53,27,26
2015-06-30 06:00:00,79,46,33
2015-06-30 07:00:00,118,72,46
2015-06-30 08:00:00,78,61,17
2015-06-30 09:00:00,45,29,16
2015-06-30 10:00:00,30,15,15
2015-06-30 11:00:00,31,22,9
2015-06-30 12:00:00,41,23,18
2015-06-30 13:00:00,27,17,10
2015-06-30 14:00:00,40,27,13
2015-06-30 15:00:00,82,53,29
2015-06-30 16:00:00,144,94,50
2015-06-30 17:00:00,159,97,62
2015-06-30 18:00:00,140,93,47
2015-06-30 19:00:00,74,52,22
2015-06-30 20:00:00,33,14,19
2015-06-30 21:00:00,14,9,5
2015-06-30 22:00:00,8,3,5
2015-06-30 23:00:00,0,0,0
2015-07-01 00:00:00,4,3,1
2015-07-01 01:00:00,0,0,0
2015-07-01 02:00:00,1,0,1
2015-07-01 03:00:00,1,1,0
2015-07-01 04:00:00,12,5,7
2015-07-01 05:00:00,45,25,20
2015-07-01 06:00:00,76,56,20
2015-07-01 07:00:00,94,71,23
2015-07-01 08:00:00,85,57,28
2015-07-01 09:00:00,41,30,11
2015-07-01 10:00:00,42,29,13
2015-07-01 11:00:00,31,24,7
2015-07-01 12:00:00,31,24,7
2015-07-01 13:00:00,26,17,9
2015-07-01 14:00:00,22,16,6
2015-07-01 15:00:00,65,46,19
2015-07-01 16:00:00,120,80,40
2015-07-01 17:00:00,180,115,65
2015-07-01 18:00:00,117,76,41
2015-07-01 19:00:00,75,52,23
2015-07-01 20:00:00,38,30,8
2015-07-01 21:00:00,7,4,3
2015-07-01 22:00:00,4,4,0
2015-07-01 23:00:00,0,0,0
2015-07-02 00:00:00,1,1,0
2015-07-02 01:00:00,1,1,0
2015-07-02 02:00:00,0,0,0
2015-07-02 03:00:00,1,1,0
2015-07-02 04:00:00,7,6,1
2015-07-02 05:00:00,36,17,19
2015-07-02 06:00:00,100,72,28
2015-07-02 07:00:00,84,62,22
2015-07-02 08:00:00,78,57,21
2015-07-02 09:00:00,46,30,16
2015-07-02 10:00:00,38,25,13
2015-07-02 11:00:00,32,28,4
2015-07-02 12:00:00,37,30,7
2015-07-02 13:00:00,40,26,14
2015-07-02 14:00:00,56,28,28
2015-07-02 15:00:00,66,30,36
2015-07-02 16:00:00,105,86,19
2015-07-02 17:00:00,96,72,24
2015-07-02 18:00:00,80,43,37
2015-07-02 19:00:00,43,24,19
2015-07-02 20:00:00,16,10,6
2015-07-02 21:00:00,7,4,3
2015-07-02 22:00:00,3,2,1
2015-07-02 23:00:00,0,0,0
2015-07-03 00:00:00,1,1,0
2015-07-03 01:00:00,1,1,0
2015-07-03 02:00:00,0,0,0
2015-07-03 03:00:00,0,0,0
2015-07-03 04:00:00,2,1,1
2015-07-03 05:00:00,20,7,13
2015-07-03 06:00:00,54,46,8
2015-07-03 07:00:00,107,80,27
2015-07-03 08:00:00,122,85,37
2015-07-03 09:00:00,158,89,69
2015-07-03 10:00:00,122,92,30
2015-07-03 11:00:00,125,84,41
2015-07-03 12:00:00,95,62,33
2015-07-03 13:00:00,79,54,25
2015-07-03 14:00:00,65,40,25
2015-07-03 15:00:00,42,27,15
2015-07-03 16:00:00,49,30,19
2015-07-03 17:00:00,31,13,18
2015-07-03 18:00:00,34,21,13
2015-07-03 19:00:00,21,9,12
2015-07-03 20:00:00,8,5,3
2015-07-03 21:00:00,4,4,0
2015-07-03 22:00:00,5,5,0
2015-07-03 23:00:00,1,0,1
2015-07-04 00:00:00,0,0,0
2015-07-04 01:00:00,0,0,0
2015-07-04 02:00:00,3,1,2
2015-07-04 03:00:00,0,0,0
2015-07-04 04:00:00,3,2,1
2015-07-04 05:00:00,12,3,9
2015-07-04 06:00:00,44,28,16
2015-07-04 07:00:00,107,64,43
2015-07-04 08:00:00,155,94,61
2015-07-04 09:00:00,173,98,75
2015-07-04 10:00:00,163,118,45
2015-07-04 11:00:00,114,86,28
2015-07-04 12:00:00,93,69,24
2015-07-04 13:00:00,97,64,33
2015-07-04 14:00:00,70,55,15
2015-07-04 15:00:00,29,22,7
2015-07-04 16:00:00,34,22,12
2015-07-04 17:00:00,34,18,16
2015-07-04 18:00:00,23,16,7
2015-07-04 19:00:00,16,12,4
2015-07-04 20:00:00,0,0,0
2015-07-04 21:00:00,10,7,3
2015-07-04 22:00:00,5,3,2
2015-07-04 23:00:00,3,2,1
2015-07-05 00:00:00,2,0,2
2015-07-05 01:00:00,2,0,2
2015-07-05 02:00:00,0,0,0
2015-07-05 03:00:00,1,1,0
2015-07-05 04:00:00,0,0,0
2015-07-05 05:00:00,1,1,0
2015-07-05 06:00:00,9,4,5
2015-07-05 07:00:00,35,16,19
2015-07-05 08:00:00,84,34,50
2015-07-05 09:00:00,139,94,45
2015-07-05 10:00:00,167,124,43
2015-07-05 11:00:00,204,142,62
2015-07-05 12:00:00,133,97,36
2015-07-05 13:00:00,164,136,28
2015-07-05 14:00:00,123,95,28
2015-07-05 15:00:00,76,54,22
2015-07-05 16:00:00,62,38,24
2015-07-05 17:00:00,47,35,12
2015-07-05 18:00:00,32,18,14
2015-07-05 19:00:00,26,19,7
2015-07-05 20:00:00,25,12,13
2015-07-05 21:00:00,3,2,1
2015-07-05 22:00:00,5,3,2
2015-07-05 23:00:00,0,0,0
2015-07-06 00:00:00,1,0,1
2015-07-06 01:00:00,1,1,0
2015-07-06 02:00:00,0,0,0
2015-07-06 03:00:00,0,0,0
2015-07-06 04:00:00,6,3,3
2015-07-06 05:00:00,33,21,12
2015-07-06 06:00:00,60,36,24
2015-07-06 07:00:00,93,64,29
2015-07-06 08:00:00,54,43,11
2015-07-06 09:00:00,43,31,12
2015-07-06 10:00:00,37,29,8
2015-07-06 11:00:00,34,26,8
2015-07-06 12:00:00,33,17,16
2015-07-06 13:00:00,19,13,6
2015-07-06 14:00:00,37,28,9
2015-07-06 15:00:00,54,39,15
2015-07-06 16:00:00,100,62,38
2015-07-06 17:00:00,112,57,55
2015-07-06 18:00:00,80,49,31
2015-07-06 19:00:00,50,32,18
2015-07-06 20:00:00,25,14,11
2015-07-06 21:00:00,8,4,4
2015-07-06 22:00:00,3,3,0
2015-07-06 23:00:00,1,1,0
2015-07-07 00:00:00,0,0,0
2015-07-07 01:00:00,0,0,0
2015-07-07 02:00:00,0,0,0
2015-07-07 03:00:00,2,2,0
2015-07-07 04:00:00,6,4,2
2015-07-07 05:00:00,33,19,14
2015-07-07 06:00:00,78,51,27
2015-07-07 07:00:00,95,58,37
2015-07-07 08:00:00,79,54,25
2015-07-07 09:00:00,43,26,17
2015-07-07 10:00:00,36,21,15
2015-07-07 11:00:00,45,28,17
2015-07-07 12:00:00,40,32,8
2015-07-07 13:00:00,32,18,14
2015-07-07 14:00:00,44,25,19
2015-07-07 15:00:00,55,35,20
2015-07-07 16:00:00,94,51,43
2015-07-07 17:00:00,183,104,79
2015-07-07 18:00:00,148,90,58
2015-07-07 19:00:00,62,33,29
2015-07-07 20:00:00,21,14,7
2015-07-07 21:00:00,11,8,3
2015-07-07 22:00:00,3,0,3
2015-07-07 23:00:00,2,2,0
2015-07-08 00:00:00,0,0,0
2015-07-08 01:00:00,0,0,0
2015-07-08 02:00:00,1,0,1
2015-07-08 03:00:00,2,1,1
2015-07-08 04:00:00,9,6,3
2015-07-08 05:00:00,32,14,18
2015-07-08 06:00:00,74,50,24
2015-07-08 07:00:00,94,63,31
2015-07-08 08:00:00,58,43,15
2015-07-08 09:00:00,44,25,19
2015-07-08 10:00:00,42,32,10
2015-07-08 11:00:00,44,25,19
2015-07-08 12:00:00,36,26,10
2015-07-08 13:00:00,38,26,12
2015-07-08 14:00:00,30,21,9
2015-07-08 15:00:00,54,37,17
2015-07-08 16:00:00,115,64,51
2015-07-08 17:00:00,128,76,52
2015-07-08 18:00:00,124,62,62
2015-07-08 19:00:00,65,52,13
2015-07-08 20:00:00,23,14,9
2015-07-08 21:00:00,23,21,2
2015-07-08 22:00:00,2,1,1
2015-07-08 23:00:00,1,0,1
2015-07-09 00:00:00,1,0,1
2015-07-09 01:00:00,1,1,0
2015-07-09 02:00:00,0,0,0
2015-07-09 03:00:00,1,1,0
2015-07-09 04:00:00,6,6,0
2015-07-09 05:00:00,32,12,20
2015-07-09 06:00:00,79,43,36
2015-07-09 07:00:00,68,39,29
2015-07-09 08:00:00,59,38,21
2015-07-09 09:00:00,41,26,15
2015-07-09 10:00:00,36,29,7
2015-07-09 11:00:00,35,22,13
2015-07-09 12:00:00,46,34,12
2015-07-09 13:00:00,31,23,8
2015-07-09 14:00:00,34,19,15
2015-07-09 15:00:00,47,29,18
2015-07-09 16:00:00,94,57,37
2015-07-09 17:00:00,139,80,59
2015-07-09 18:00:00,118,62,56
2015-07-09 19:00:00,59,40,19
2015-07-09 20:00:00,17,11,6
2015-07-09 21:00:00,8,6,2
2015-07-09 22:00:00,2,1,1
2015-07-09 23:00:00,0,0,0
2015-07-10 00:00:00,0,0,0
2015-07-10 01:00:00,0,0,0
2015-07-10 02:00:00,0,0,0
2015-07-10 03:00:00,3,2,1
2015-07-10 04:00:00,5,3,2
2015-07-10 05:00:00,24,13,11
2015-07-10 06:00:00,55,23,32
2015-07-10 07:00:00,67,35,32
2015-07-10 08:00:00,62,29,33
2015-07-10 09:00:00,39,17,22
2015-07-10 10:00:00,35,13,22
2015-07-10 11:00:00,32,17,15
2015-07-10 12:00:00,23,16,7
2015-07-10 13:00:00,34,11,23
2015-07-10 14:00:00,42,29,13
2015-07-10 15:00:00,47,22,25
2015-07-10 16:00:00,81,43,38
2015-07-10 17:00:00,92,52,40
2015-07-10 18:00:00,52,35,17
2015-07-10 19:00:00,27,14,13
2015-07-10 20:00:00,4,3,1
2015-07-10 21:00:00,5,5,0
2015-07-10 22:00:00,4,1,3
2015-07-10 23:00:00,1,1,0
2015-07-11 00:00:00,0,0,0
2015-07-11 01:00:00,0,0,0
2015-07-11 02:00:00,2,2,0
2015-07-11 03:00:00,1,1,0
2015-07-11 04:00:00,19,18,1
2015-07-11 05:00:00,34,27,7
2015-07-11 06:00:00,34,13,21
2015-07-11 07:00:00,58,29,29
2015-07-11 08:00:00,74,30,44
2015-07-11 09:00:00,130,70,60
2015-07-11 10:00:00,142,63,79
2015-07-11 11:00:00,130,81,49
2015-07-11 12:00:00,106,67,39
2015-07-11 13:00:00,100,66,34
2015-07-11 14:00:00,76,50,26
2015-07-11 15:00:00,73,46,27
2015-07-11 16:00:00,51,33,18
2015-07-11 17:00:00,31,17,14
2015-07-11 18:00:00,19,13,6
2015-07-11 19:00:00,11,9,2
2015-07-11 20:00:00,8,3,5
2015-07-11 21:00:00,1,1,0
2015-07-11 22:00:00,4,2,2
2015-07-11 23:00:00,1,1,0
2015-07-12 00:00:00,3,1,2
2015-07-12 01:00:00,1,0,1
2015-07-12 02:00:00,0,0,0
2015-07-12 03:00:00,0,0,0
2015-07-12 04:00:00,0,0,0
2015-07-12 05:00:00,7,1,6
2015-07-12 06:00:00,17,6,11
2015-07-12 07:00:00,52,14,38
2015-07-12 08:00:00,81,41,40
2015-07-12 09:00:00,103,46,57
2015-07-12 10:00:00,118,69,49
2015-07-12 11:00:00,161,88,73
2015-07-12 12:00:00,130,80,50
2015-07-12 13:00:00,82,50,32
2015-07-12 14:00:00,91,58,33
2015-07-12 15:00:00,109,55,54
2015-07-12 16:00:00,64,40,24
2015-07-12 17:00:00,56,36,20
2015-07-12 18:00:00,38,25,13
2015-07-12 19:00:00,27,15,12
2015-07-12 20:00:00,9,6,3
2015-07-12 21:00:00,10,8,2
2015-07-12 22:00:00,0,0,0
2015-07-12 23:00:00,1,0,1
2015-07-13 00:00:00,1,1,0
2015-07-13 01:00:00,1,1,0
2015-07-13 02:00:00,0,0,0
2015-07-13 03:00:00,1,1,0
2015-07-13 04:00:00,7,3,4
2015-07-13 05:00:00,24,17,7
2015-07-13 06:00:00,60,36,24
2015-07-13 07:00:00,72,41,31
2015-07-13 08:00:00,56,32,24
2015-07-13 09:00:00,21,16,5
2015-07-13 10:00:00,21,11,10
2015-07-13 11:00:00,20,11,9
2015-07-13 12:00:00,13,7,6
2015-07-13 13:00:00,26,17,9
2015-07-13 14:00:00,33,22,11
2015-07-13 15:00:00,54,30,24
2015-07-13 16:00:00,84,38,46
2015-07-13 17:00:00,119,58,61
2015-07-13 18:00:00,61,22,39
2015-07-13 19:00:00,45,38,7
2015-07-13 20:00:00,15,12,3
2015-07-13 21:00:00,5,3,2
2015-07-13 22:00:00,0,0,0
2015-07-13 23:00:00,0,0,0
2015-07-14 00:00:00,1,1,0
2015-07-14 01:00:00,0,0,0
2015-07-14 02:00:00,0,0,0
2015-07-14 03:00:00,2,2,0
2015-07-14 04:00:00,6,4,2
2015-07-14 05:00:00,35,25,10
2015-07-14 06:00:00,86,61,25
2015-07-14 07:00:00,89,70,19
2015-07-14 08:00:00,63,47,16
2015-07-14 09:00:00,31,20,11
2015-07-14 10:00:00,32,21,11
2015-07-14 11:00:00,36,17,19
2015-07-14 12:00:00,42,27,15
2015-07-14 13:00:00,42,32,10
2015-07-14 14:00:00,34,21,13
2015-07-14 15:00:00,61,35,26
2015-07-14 16:00:00,139,71,68
2015-07-14 17:00:00,179,101,78
2015-07-14 18:00:00,137,87,50
2015-07-14 19:00:00,51,35,16
2015-07-14 20:00:00,19,14,5
2015-07-14 21:00:00,5,4,1
2015-07-14 22:00:00,2,1,1
2015-07-14 23:00:00,1,0,1
2015-07-15 00:00:00,0,0,0
2015-07-15 01:00:00,0,0,0
2015-07-15 02:00:00,0,0,0
2015-07-15 03:00:00,1,1,0
2015-07-15 04:00:00,12,9,3
2015-07-15 05:00:00,27,20,7
2015-07-15 06:00:00,78,52,26
2015-07-15 07:00:00,93,67,26
2015-07-15 08:00:00,58,47,11
2015-07-15 09:00:00,33,16,17
2015-07-15 10:00:00,45,28,17
2015-07-15 11:00:00,30,21,9
2015-07-15 12:00:00,25,16,9
2015-07-15 13:00:00,25,15,10
2015-07-15 14:00:00,41,26,15
2015-07-15 15:00:00,57,37,20
2015-07-15 16:00:00,115,54,61
2015-07-15 17:00:00,153,68,85
2015-07-15 18:00:00,112,61,51
2015-07-15 19:00:00,57,29,28
2015-07-15 20:00:00,0,0,0
2015-07-15 21:00:00,22,16,6
2015-07-15 22:00:00,7,5,2
2015-07-15 23:00:00,0,0,0
2015-07-16 00:00:00,1,1,0
2015-07-16 01:00:00,0,0,0
2015-07-16 02:00:00,1,1,0
2015-07-16 03:00:00,0,0,0
2015-07-16 04:00:00,3,3,0
2015-07-16 05:00:00,6,3,3
2015-07-16 06:00:00,23,14,9
2015-07-16 07:00:00,55,28,27
2015-07-16 08:00:00,98,44,54
2015-07-16 09:00:00,69,43,26
2015-07-16 10:00:00,28,10,18
2015-07-16 11:00:00,29,19,10
2015-07-16 12:00:00,22,14,8
2015-07-16 13:00:00,26,18,8
2015-07-16 14:00:00,36,15,21
2015-07-16 15:00:00,41,30,11
2015-07-16 16:00:00,64,35,29
2015-07-16 17:00:00,121,63,58
2015-07-16 18:00:00,127,66,61
2015-07-16 19:00:00,101,53,48
2015-07-16 20:00:00,65,44,21
2015-07-16 21:00:00,2,1,1
2015-07-16 22:00:00,6,4,2
2015-07-16 23:00:00,4,1,3
2015-07-17 00:00:00,1,1,0
2015-07-17 01:00:00,4,2,2
2015-07-17 02:00:00,1,0,1
2015-07-17 03:00:00,2,2,0
2015-07-17 04:00:00,10,6,4
2015-07-17 05:00:00,47,37,10
2015-07-17 06:00:00,78,50,28
2015-07-17 07:00:00,93,54,39
2015-07-17 08:00:00,71,43,28
2015-07-17 09:00:00,32,25,7
2015-07-17 10:00:00,34,22,12
2015-07-17 11:00:00,41,30,11
2015-07-17 12:00:00,37,20,17
2015-07-17 13:00:00,41,28,13
2015-07-17 14:00:00,38,23,15
2015-07-17 15:00:00,70,46,24
2015-07-17 16:00:00,100,56,44
2015-07-17 17:00:00,124,69,55
2015-07-17 18:00:00,62,40,22
2015-07-17 19:00:00,27,19,8
2015-07-17 20:00:00,9,8,1
2015-07-17 21:00:00,12,8,4
2015-07-17 22:00:00,4,1,3
2015-07-17 23:00:00,1,0,1
2015-07-18 00:00:00,2,2,0
2015-07-18 01:00:00,1,0,1
2015-07-18 02:00:00,0,0,0
2015-07-18 03:00:00,3,1,2
2015-07-18 04:00:00,1,0,1
2015-07-18 05:00:00,8,2,6
2015-07-18 06:00:00,32,20,12
2015-07-18 07:00:00,66,46,20
2015-07-18 08:00:00,143,84,59
2015-07-18 09:00:00,164,92,72
2015-07-18 10:00:00,146,106,40
2015-07-18 11:00:00,175,114,61
2015-07-18 12:00:00,130,97,33
2015-07-18 13:00:00,109,80,29
2015-07-18 14:00:00,72,45,27
2015-07-18 15:00:00,50,34,16
2015-07-18 16:00:00,63,44,19
2015-07-18 17:00:00,38,25,13
2015-07-18 18:00:00,42,31,11
2015-07-18 19:00:00,29,20,9
2015-07-18 20:00:00,7,6,1
2015-07-18 21:00:00,5,3,2
2015-07-18 22:00:00,0,0,0
2015-07-18 23:00:00,4,3,1
2015-07-19 00:00:00,1,1,0
2015-07-19 01:00:00,0,0,0
2015-07-19 02:00:00,2,1,1
2015-07-19 03:00:00,2,2,0
2015-07-19 04:00:00,0,0,0
2015-07-19 05:00:00,15,4,11
2015-07-19 06:00:00,40,25,15
2015-07-19 07:00:00,91,63,28
2015-07-19 08:00:00,116,82,34
2015-07-19 09:00:00,145,87,58
2015-07-19 10:00:00,166,112,54
2015-07-19 11:00:00,134,90,44
2015-07-19 12:00:00,102,60,42
2015-07-19 13:00:00,81,58,23
2015-07-19 14:00:00,75,46,29
2015-07-19 15:00:00,46,30,16
2015-07-19 16:00:00,35,21,14
2015-07-19 17:00:00,30,16,14
2015-07-19 18:00:00,26,15,11
2015-07-19 19:00:00,16,9,7
2015-07-19 20:00:00,3,3,0
2015-07-19 21:00:00,5,5,0
2015-07-19 22:00:00,0,0,0
2015-07-19 23:00:00,1,1,0
2015-07-20 00:00:00,0,0,0
2015-07-20 01:00:00,0,0,0
2015-07-20 02:00:00,0,0,0
2015-07-20 03:00:00,2,2,0
2015-07-20 04:00:00,8,4,4
2015-07-20 05:00:00,20,12,8
2015-07-20 06:00:00,56,23,33
2015-07-20 07:00:00,64,39,25
2015-07-20 08:00:00,54,29,25
2015-07-20 09:00:00,32,17,15
2015-07-20 10:00:00,24,14,10
2015-07-20 11:00:00,14,6,8
2015-07-20 12:00:00,40,22,18
2015-07-20 13:00:00,28,16,12
2015-07-20 14:00:00,32,21,11
2015-07-20 15:00:00,66,45,21
2015-07-20 16:00:00,97,55,42
2015-07-20 17:00:00,127,65,62
2015-07-20 18:00:00,91,53,38
2015-07-20 19:00:00,52,27,25
2015-07-20 20:00:00,23,19,4
2015-07-20 21:00:00,8,5,3
2015-07-20 22:00:00,2,0,2
2015-07-20 23:00:00,4,2,2
2015-07-21 00:00:00,0,0,0
2015-07-21 01:00:00,0,0,0
2015-07-21 02:00:00,0,0,0
2015-07-21 03:00:00,1,1,0
2015-07-21 04:00:00,8,7,1
2015-07-21 05:00:00,31,21,10
2015-07-21 06:00:00,53,29,24
2015-07-21 07:00:00,68,30,38
2015-07-21 08:00:00,42,19,23
2015-07-21 09:00:00,26,10,16
2015-07-21 10:00:00,20,11,9
2015-07-21 11:00:00,24,9,15
2015-07-21 12:00:00,22,16,6
2015-07-21 13:00:00,28,15,13
2015-07-21 14:00:00,26,9,17
2015-07-21 15:00:00,46,18,28
2015-07-21 16:00:00,94,43,51
2015-07-21 17:00:00,131,75,56
2015-07-21 18:00:00,98,54,44
2015-07-21 19:00:00,49,31,18
2015-07-21 20:00:00,16,14,2
2015-07-21 21:00:00,6,5,1
2015-07-21 22:00:00,3,1,2
2015-07-21 23:00:00,0,0,0
2015-07-22 00:00:00,0,0,0
2015-07-22 01:00:00,1,0,1
2015-07-22 02:00:00,0,0,0
2015-07-22 03:00:00,2,1,1
2015-07-22 04:00:00,11,8,3
2015-07-22 05:00:00,37,15,22
2015-07-22 06:00:00,74,39,35
2015-07-22 07:00:00,102,59,43
2015-07-22 08:00:00,69,40,29
2015-07-22 09:00:00,40,20,20
2015-07-22 10:00:00,40,23,17
2015-07-22 11:00:00,28,20,8
2015-07-22 12:00:00,40,19,21
2015-07-22 13:00:00,32,19,13
2015-07-22 14:00:00,48,25,23
2015-07-22 15:00:00,65,35,30
2015-07-22 16:00:00,120,52,68
2015-07-22 17:00:00,158,77,81
2015-07-22 18:00:00,129,82,47
2015-07-22 19:00:00,64,45,19
2015-07-22 20:00:00,10,7,3
2015-07-22 21:00:00,3,2,1
2015-07-22 22:00:00,3,2,1
2015-07-22 23:00:00,3,2,1
2015-07-23 00:00:00,0,0,0
2015-07-23 01:00:00,0,0,0
2015-07-23 02:00:00,1,0,1
2015-07-23 03:00:00,1,1,0
2015-07-23 04:00:00,5,4,1
2015-07-23 05:00:00,35,16,19
2015-07-23 06:00:00,76,34,42
2015-07-23 07:00:00,108,61,47
2015-07-23 08:00:00,76,37,39
2015-07-23 09:00:00,24,15,9
2015-07-23 10:00:00,23,11,12
2015-07-23 11:00:00,41,26,15
2015-07-23 12:00:00,29,23,6
2015-07-23 13:00:00,26,15,11
2015-07-23 14:00:00,66,39,27
2015-07-23 15:00:00,60,39,21
2015-07-23 16:00:00,114,66,48
2015-07-23 17:00:00,139,63,76
2015-07-23 18:00:00,98,57,41
2015-07-23 19:00:00,55,32,23
2015-07-23 20:00:00,21,19,2
2015-07-23 21:00:00,1,1,0
2015-07-23 22:00:00,1,1,0
2015-07-23 23:00:00,1,0,1
2015-07-24 00:00:00,0,0,0
2015-07-24 01:00:00,0,0,0
2015-07-24 02:00:00,0,0,0
2015-07-24 03:00:00,2,2,0
2015-07-24 04:00:00,10,3,7
2015-07-24 05:00:00,25,11,14
2015-07-24 06:00:00,58,37,21
2015-07-24 07:00:00,84,50,34
2015-07-24 08:00:00,47,25,22
2015-07-24 09:00:00,40,24,16
2015-07-24 10:00:00,24,11,13
2015-07-24 11:00:00,23,11,12
2015-07-24 12:00:00,25,12,13
2015-07-24 13:00:00,16,8,8
2015-07-24 14:00:00,27,13,14
2015-07-24 15:00:00,52,21,31
2015-07-24 16:00:00,79,34,45
2015-07-24 17:00:00,78,45,33
2015-07-24 18:00:00,47,23,24
2015-07-24 19:00:00,24,17,7
2015-07-24 20:00:00,8,6,2
2015-07-24 21:00:00,4,3,1
2015-07-24 22:00:00,2,1,1
2015-07-24 23:00:00,1,1,0
2015-07-25 00:00:00,0,0,0
2015-07-25 01:00:00,0,0,0
2015-07-25 02:00:00,1,1,0
2015-07-25 03:00:00,0,0,0
2015-07-25 04:00:00,4,1,3
2015-07-25 05:00:00,2,0,2
2015-07-25 06:00:00,23,9,14
2015-07-25 07:00:00,35,24,11
2015-07-25 08:00:00,59,20,39
2015-07-25 09:00:00,56,28,28
2015-07-25 10:00:00,86,52,34
2015-07-25 11:00:00,70,36,34
2015-07-25 12:00:00,68,48,20
2015-07-25 13:00:00,80,39,41
2015-07-25 14:00:00,46,27,19
2015-07-25 15:00:00,62,34,28
2015-07-25 16:00:00,41,24,17
2015-07-25 17:00:00,39,28,11
2015-07-25 18:00:00,31,18,13
2015-07-25 19:00:00,8,3,5
2015-07-25 20:00:00,9,2,7
2015-07-25 21:00:00,3,3,0
2015-07-25 22:00:00,1,1,0
2015-07-25 23:00:00,0,0,0
2015-07-26 00:00:00,0,0,0
2015-07-26 01:00:00,0,0,0
2015-07-26 02:00:00,0,0,0
2015-07-26 03:00:00,0,0,0
2015-07-26 04:00:00,0,0,0
2015-07-26 05:00:00,3,0,3
2015-07-26 06:00:00,8,2,6
2015-07-26 07:00:00,39,9,30
2015-07-26 08:00:00,84,41,43
2015-07-26 09:00:00,68,41,27
2015-07-26 10:00:00,111,56,55
2015-07-26 11:00:00,121,66,55
2015-07-26 12:00:00,92,59,33
2015-07-26 13:00:00,79,45,34
2015-07-26 14:00:00,64,36,28
2015-07-26 15:00:00,70,35,35
2015-07-26 16:00:00,42,28,14
2015-07-26 17:00:00,16,13,3
2015-07-26 18:00:00,18,9,9
2015-07-26 19:00:00,8,5,3
2015-07-26 20:00:00,3,1,2
2015-07-26 21:00:00,0,0,0
2015-07-26 22:00:00,0,0,0
2015-07-26 23:00:00,2,1,1
2015-07-27 00:00:00,0,0,0
2015-07-27 01:00:00,0,0,0
2015-07-27 02:00:00,0,0,0
2015-07-27 03:00:00,2,2,0
2015-07-27 04:00:00,9,3,6
2015-07-27 05:00:00,21,19,2
2015-07-27 06:00:00,58,32,26
2015-07-27 07:00:00,61,39,22
2015-07-27 08:00:00,51,27,24
2015-07-27 09:00:00,26,17,9
2015-07-27 10:00:00,24,11,13
2015-07-27 11:00:00,27,15,12
2015-07-27 12:00:00,37,22,15
2015-07-27 13:00:00,23,14,9
2015-07-27 14:00:00,39,23,16
2015-07-27 15:00:00,67,37,30
2015-07-27 16:00:00,109,52,57
2015-07-27 17:00:00,135,77,58
2015-07-27 18:00:00,94,54,40
2015-07-27 19:00:00,41,24,17
2015-07-27 20:00:00,16,11,5
2015-07-27 21:00:00,5,2,3
2015-07-27 22:00:00,1,0,1
2015-07-27 23:00:00,0,0,0
2015-07-28 00:00:00,7,6,1
2015-07-28 01:00:00,1,0,1
2015-07-28 02:00:00,1,0,1
2015-07-28 03:00:00,2,2,0
2015-07-28 04:00:00,5,4,1
2015-07-28 05:00:00,29,13,16
2015-07-28 06:00:00,72,39,33
2015-07-28 07:00:00,96,76,20
2015-07-28 08:00:00,77,53,24
2015-07-28 09:00:00,42,28,14
2015-07-28 10:00:00,35,21,14
2015-07-28 11:00:00,34,18,16
2015-07-28 12:00:00,43,29,14
2015-07-28 13:00:00,35,20,15
2015-07-28 14:00:00,33,24,9
2015-07-28 15:00:00,65,37,28
2015-07-28 16:00:00,147,74,73
2015-07-28 17:00:00,174,87,87
2015-07-28 18:00:00,130,71,59
2015-07-28 19:00:00,68,41,27
2015-07-28 20:00:00,29,21,8
2015-07-28 21:00:00,7,2,5
2015-07-28 22:00:00,2,0,2
2015-07-28 23:00:00,0,0,0
2015-07-29 00:00:00,1,0,1
2015-07-29 01:00:00,0,0,0
2015-07-29 02:00:00,0,0,0
2015-07-29 03:00:00,2,2,0
2015-07-29 04:00:00,10,7,3
2015-07-29 05:00:00,35,16,19
2015-07-29 06:00:00,78,54,24
2015-07-29 07:00:00,99,74,25
2015-07-29 08:00:00,68,52,16
2015-07-29 09:00:00,44,30,14
2015-07-29 10:00:00,41,30,11
2015-07-29 11:00:00,40,22,18
2015-07-29 12:00:00,31,18,13
2015-07-29 13:00:00,27,18,9
2015-07-29 14:00:00,34,21,13
2015-07-29 15:00:00,52,27,25
2015-07-29 16:00:00,118,84,34
2015-07-29 17:00:00,136,70,66
2015-07-29 18:00:00,99,56,43
2015-07-29 19:00:00,72,49,23
2015-07-29 20:00:00,22,14,8
2015-07-29 21:00:00,7,6,1
2015-07-29 22:00:00,0,0,0
2015-07-29 23:00:00,3,3,0
2015-07-30 00:00:00,1,0,1
2015-07-30 01:00:00,0,0,0
2015-07-30 02:00:00,1,1,0
2015-07-30 03:00:00,1,1,0
2015-07-30 04:00:00,5,4,1
2015-07-30 05:00:00,24,13,11
2015-07-30 06:00:00,94,64,30
2015-07-30 07:00:00,108,81,27
2015-07-30 08:00:00,76,56,20
2015-07-30 09:00:00,51,31,20
2015-07-30 10:00:00,35,25,10
2015-07-30 11:00:00,26,20,6
2015-07-30 12:00:00,47,18,29
2015-07-30 13:00:00,31,20,11
2015-07-30 14:00:00,37,24,13
2015-07-30 15:00:00,59,33,26
2015-07-30 16:00:00,96,56,40
2015-07-30 17:00:00,138,98,40
2015-07-30 18:00:00,91,56,35
2015-07-30 19:00:00,57,36,21
2015-07-30 20:00:00,15,10,5
2015-07-30 21:00:00,8,6,2
2015-07-30 22:00:00,1,1,0
2015-07-30 23:00:00,0,0,0
2015-07-31 00:00:00,4,3,1
2015-07-31 01:00:00,0,0,0
2015-07-31 02:00:00,0,0,0
2015-07-31 03:00:00,4,3,1
2015-07-31 04:00:00,6,2,4
2015-07-31 05:00:00,26,14,12
2015-07-31 06:00:00,84,67,17
2015-07-31 07:00:00,88,62,26
2015-07-31 08:00:00,74,55,19
2015-07-31 09:00:00,53,31,22
2015-07-31 10:00:00,86,47,39
2015-07-31 11:00:00,61,30,31
2015-07-31 12:00:00,58,41,17
2015-07-31 13:00:00,42,28,14
2015-07-31 14:00:00,61,42,19
2015-07-31 15:00:00,80,53,27
2015-07-31 16:00:00,98,74,24
2015-07-31 17:00:00,88,45,43
2015-07-31 18:00:00,68,45,23
2015-07-31 19:00:00,35,21,14
2015-07-31 20:00:00,12,9,3
2015-07-31 21:00:00,11,9,2
2015-07-31 22:00:00,3,0,3
2015-07-31 23:00:00,2,1,1
2015-08-01 00:00:00,1,1,0
2015-08-01 01:00:00,0,0,0
2015-08-01 02:00:00,0,0,0
2015-08-01 03:00:00,0,0,0
2015-08-01 04:00:00,0,0,0
2015-08-01 05:00:00,14,3,11
2015-08-01 06:00:00,44,23,21
2015-08-01 07:00:00,62,34,28
2015-08-01 08:00:00,139,82,57
2015-08-01 09:00:00,148,89,59
2015-08-01 10:00:00,190,100,90
2015-08-01 11:00:00,111,29,82
2015-08-01 12:00:00,83,34,49
2015-08-01 13:00:00,58,38,20
2015-08-01 14:00:00,118,74,44
2015-08-01 15:00:00,66,44,22
2015-08-01 16:00:00,31,16,15
2015-08-01 17:00:00,43,17,26
2015-08-01 18:00:00,21,14,7
2015-08-01 19:00:00,29,17,12
2015-08-01 20:00:00,14,7,7
2015-08-01 21:00:00,7,4,3
2015-08-01 22:00:00,0,0,0
2015-08-01 23:00:00,0,0,0
2015-08-02 00:00:00,0,0,0
2015-08-02 01:00:00,1,1,0
2015-08-02 02:00:00,0,0,0
2015-08-02 03:00:00,1,1,0
2015-08-02 04:00:00,0,0,0
2015-08-02 05:00:00,7,2,5
2015-08-02 06:00:00,32,13,19
2015-08-02 07:00:00,70,29,41
2015-08-02 08:00:00,139,42,97
2015-08-02 09:00:00,157,96,61
2015-08-02 10:00:00,146,87,59
2015-08-02 11:00:00,62,15,47
2015-08-02 12:00:00,68,21,47
2015-08-02 13:00:00,58,34,24
2015-08-02 14:00:00,133,69,64
2015-08-02 15:00:00,72,40,32
2015-08-02 16:00:00,43,27,16
2015-08-02 17:00:00,36,17,19
2015-08-02 18:00:00,34,24,10
2015-08-02 19:00:00,13,9,4
2015-08-02 20:00:00,4,3,1
2015-08-02 21:00:00,1,0,1
2015-08-02 22:00:00,3,3,0
2015-08-02 23:00:00,0,0,0
2015-08-03 00:00:00,0,0,0
2015-08-03 01:00:00,0,0,0
2015-08-03 02:00:00,0,0,0
2015-08-03 03:00:00,2,1,1
2015-08-03 04:00:00,5,3,2
2015-08-03 05:00:00,29,20,9
2015-08-03 06:00:00,49,33,16
2015-08-03 07:00:00,75,42,33
2015-08-03 08:00:00,62,37,25
2015-08-03 09:00:00,30,19,11
2015-08-03 10:00:00,36,22,14
2015-08-03 11:00:00,20,9,11
2015-08-03 12:00:00,29,19,10
2015-08-03 13:00:00,15,6,9
2015-08-03 14:00:00,29,10,19
2015-08-03 15:00:00,45,27,18
2015-08-03 16:00:00,121,61,60
2015-08-03 17:00:00,118,60,58
2015-08-03 18:00:00,103,57,46
2015-08-03 19:00:00,65,33,32
2015-08-03 20:00:00,18,15,3
2015-08-03 21:00:00,4,1,3
2015-08-03 22:00:00,2,1,1
2015-08-03 23:00:00,0,0,0
2015-08-04 00:00:00,0,0,0
2015-08-04 01:00:00,0,0,0
2015-08-04 02:00:00,0,0,0
2015-08-04 03:00:00,1,1,0
2015-08-04 04:00:00,2,2,0
2015-08-04 05:00:00,39,25,14
2015-08-04 06:00:00,81,52,29
2015-08-04 07:00:00,96,69,27
2015-08-04 08:00:00,68,32,36
2015-08-04 09:00:00,36,21,15
2015-08-04 10:00:00,39,20,19
2015-08-04 11:00:00,35,23,12
2015-08-04 12:00:00,33,28,5
2015-08-04 13:00:00,38,23,15
2015-08-04 14:00:00,45,26,19
2015-08-04 15:00:00,67,39,28
2015-08-04 16:00:00,134,69,65
2015-08-04 17:00:00,172,82,90
2015-08-04 18:00:00,132,69,63
2015-08-04 19:00:00,70,49,21
2015-08-04 20:00:00,18,12,6
2015-08-04 21:00:00,7,2,5
2015-08-04 22:00:00,1,0,1
2015-08-04 23:00:00,0,0,0
2015-08-05 00:00:00,0,0,0
2015-08-05 01:00:00,0,0,0
2015-08-05 02:00:00,0,0,0
2015-08-05 03:00:00,1,1,0
2015-08-05 04:00:00,5,4,1
2015-08-05 05:00:00,20,10,10
2015-08-05 06:00:00,62,37,25
2015-08-05 07:00:00,89,50,39
2015-08-05 08:00:00,58,33,25
2015-08-05 09:00:00,34,14,20
2015-08-05 10:00:00,26,11,15
2015-08-05 11:00:00,27,14,13
2015-08-05 12:00:00,27,21,6
2015-08-05 13:00:00,30,16,14
2015-08-05 14:00:00,25,17,8
2015-08-05 15:00:00,60,22,38
2015-08-05 16:00:00,106,53,53
2015-08-05 17:00:00,107,67,40
2015-08-05 18:00:00,77,54,23
2015-08-05 19:00:00,42,29,13
2015-08-05 20:00:00,14,10,4
2015-08-05 21:00:00,1,0,1
2015-08-05 22:00:00,0,0,0
2015-08-05 23:00:00,1,1,0
2015-08-06 00:00:00,0,0,0
2015-08-06 01:00:00,2,0,2
2015-08-06 02:00:00,1,1,0
2015-08-06 03:00:00,2,2,0
2015-08-06 04:00:00,3,2,1
2015-08-06 05:00:00,25,15,10
2015-08-06 06:00:00,82,53,29
2015-08-06 07:00:00,90,47,43
2015-08-06 08:00:00,64,43,21
2015-08-06 09:00:00,36,24,12
2015-08-06 10:00:00,43,24,19
2015-08-06 11:00:00,24,18,6
2015-08-06 12:00:00,23,18,5
2015-08-06 13:00:00,35,12,23
2015-08-06 14:00:00,35,21,14
2015-08-06 15:00:00,59,29,30
2015-08-06 16:00:00,99,50,49
2015-08-06 17:00:00,154,89,65
2015-08-06 18:00:00,122,65,57
2015-08-06 19:00:00,59,38,21
2015-08-06 20:00:00,18,11,7
2015-08-06 21:00:00,1,1,0
2015-08-06 22:00:00,1,0,1
2015-08-06 23:00:00,0,0,0
2015-08-07 00:00:00,1,0,1
2015-08-07 01:00:00,1,0,1
2015-08-07 02:00:00,1,0,1
2015-08-07 03:00:00,2,2,0
2015-08-07 04:00:00,4,2,2
2015-08-07 05:00:00,13,5,8
2015-08-07 06:00:00,51,33,18
2015-08-07 07:00:00,86,58,28
2015-08-07 08:00:00,69,57,12
2015-08-07 09:00:00,39,28,11
2015-08-07 10:00:00,41,31,10
2015-08-07 11:00:00,36,22,14
2015-08-07 12:00:00,44,34,10
2015-08-07 13:00:00,41,19,22
2015-08-07 14:00:00,36,18,18
2015-08-07 15:00:00,80,53,27
2015-08-07 16:00:00,96,60,36
2015-08-07 17:00:00,121,62,59
2015-08-07 18:00:00,63,37,26
2015-08-07 19:00:00,34,19,15
2015-08-07 20:00:00,4,3,1
2015-08-07 21:00:00,6,3,3
2015-08-07 22:00:00,5,1,4
2015-08-07 23:00:00,2,1,1
2015-08-08 00:00:00,0,0,0
2015-08-08 01:00:00,0,0,0
2015-08-08 02:00:00,0,0,0
2015-08-08 03:00:00,0,0,0
2015-08-08 04:00:00,0,0,0
2015-08-08 05:00:00,5,1,4
2015-08-08 06:00:00,18,4,14
2015-08-08 07:00:00,73,32,41
2015-08-08 08:00:00,107,46,61
2015-08-08 09:00:00,140,59,81
2015-08-08 10:00:00,111,62,49
2015-08-08 11:00:00,103,76,27
2015-08-08 12:00:00,93,44,49
2015-08-08 13:00:00,78,48,30
2015-08-08 14:00:00,94,54,40
2015-08-08 15:00:00,59,39,20
2015-08-08 16:00:00,60,32,28
2015-08-08 17:00:00,37,22,15
2015-08-08 18:00:00,24,17,7
2015-08-08 19:00:00,3,1,2
2015-08-08 20:00:00,2,0,2
2015-08-08 21:00:00,5,4,1
2015-08-08 22:00:00,2,2,0
2015-08-08 23:00:00,0,0,0
2015-08-09 00:00:00,0,0,0
2015-08-09 01:00:00,1,0,1
2015-08-09 02:00:00,1,1,0
2015-08-09 03:00:00,0,0,0
2015-08-09 04:00:00,0,0,0
2015-08-09 05:00:00,13,2,11
2015-08-09 06:00:00,28,18,10
2015-08-09 07:00:00,41,17,24
2015-08-09 08:00:00,89,61,28
2015-08-09 09:00:00,108,69,39
2015-08-09 10:00:00,199,138,61
2015-08-09 11:00:00,338,263,75
2015-08-09 12:00:00,235,157,78
2015-08-09 13:00:00,154,97,57
2015-08-09 14:00:00,110,61,49
2015-08-09 15:00:00,89,49,40
2015-08-09 16:00:00,93,54,39
2015-08-09 17:00:00,72,32,40
2015-08-09 18:00:00,54,29,25
2015-08-09 19:00:00,21,14,7
2015-08-09 20:00:00,9,6,3
2015-08-09 21:00:00,9,7,2
2015-08-09 22:00:00,1,1,0
2015-08-09 23:00:00,0,0,0
2015-08-10 00:00:00,0,0,0
2015-08-10 01:00:00,1,1,0
2015-08-10 02:00:00,0,0,0
2015-08-10 03:00:00,0,0,0
2015-08-10 04:00:00,7,5,2
2015-08-10 05:00:00,21,12,9
2015-08-10 06:00:00,55,34,21
2015-08-10 07:00:00,73,45,28
2015-08-10 08:00:00,47,31,16
2015-08-10 09:00:00,33,24,9
2015-08-10 10:00:00,21,10,11
2015-08-10 11:00:00,21,9,12
2015-08-10 12:00:00,24,17,7
2015-08-10 13:00:00,31,18,13
2015-08-10 14:00:00,44,26,18
2015-08-10 15:00:00,48,26,22
2015-08-10 16:00:00,90,54,36
2015-08-10 17:00:00,117,52,65
2015-08-10 18:00:00,70,37,33
2015-08-10 19:00:00,57,35,22
2015-08-10 20:00:00,14,12,2
2015-08-10 21:00:00,9,6,3
2015-08-10 22:00:00,3,2,1
2015-08-10 23:00:00,0,0,0
2015-08-11 00:00:00,1,1,0
2015-08-11 01:00:00,0,0,0
2015-08-11 02:00:00,1,0,1
2015-08-11 03:00:00,1,1,0
2015-08-11 04:00:00,4,3,1
2015-08-11 05:00:00,36,23,13
2015-08-11 06:00:00,59,32,27
2015-08-11 07:00:00,89,55,34
2015-08-11 08:00:00,69,56,13
2015-08-11 09:00:00,42,28,14
2015-08-11 10:00:00,43,25,18
2015-08-11 11:00:00,38,25,13
2015-08-11 12:00:00,31,23,8
2015-08-11 13:00:00,39,19,20
2015-08-11 14:00:00,34,26,8
2015-08-11 15:00:00,52,37,15
2015-08-11 16:00:00,124,69,55
2015-08-11 17:00:00,158,84,74
2015-08-11 18:00:00,100,71,29
2015-08-11 19:00:00,65,36,29
2015-08-11 20:00:00,16,11,5
2015-08-11 21:00:00,4,2,2
2015-08-11 22:00:00,6,5,1
2015-08-11 23:00:00,5,4,1
2015-08-12 00:00:00,0,0,0
2015-08-12 01:00:00,0,0,0
2015-08-12 02:00:00,0,0,0
2015-08-12 03:00:00,1,1,0
2015-08-12 04:00:00,7,6,1
2015-08-12 05:00:00,35,24,11
2015-08-12 06:00:00,63,35,28
2015-08-12 07:00:00,87,57,30
2015-08-12 08:00:00,60,40,20
2015-08-12 09:00:00,24,15,9
2015-08-12 10:00:00,42,18,24
2015-08-12 11:00:00,26,11,15
2015-08-12 12:00:00,19,14,5
2015-08-12 13:00:00,16,12,4
2015-08-12 14:00:00,25,14,11
2015-08-12 15:00:00,42,13,29
2015-08-12 16:00:00,105,55,50
2015-08-12 17:00:00,102,59,43
2015-08-12 18:00:00,99,48,51
2015-08-12 19:00:00,44,26,18
2015-08-12 20:00:00,15,10,5
2015-08-12 21:00:00,2,2,0
2015-08-12 22:00:00,7,3,4
2015-08-12 23:00:00,0,0,0
2015-08-13 00:00:00,8,2,6
2015-08-13 01:00:00,0,0,0
2015-08-13 02:00:00,5,5,0
2015-08-13 03:00:00,1,1,0
2015-08-13 04:00:00,3,2,1
2015-08-13 05:00:00,30,20,10
2015-08-13 06:00:00,61,35,26
2015-08-13 07:00:00,100,60,40
2015-08-13 08:00:00,64,37,27
2015-08-13 09:00:00,40,22,18
2015-08-13 10:00:00,47,23,24
2015-08-13 11:00:00,30,18,12
2015-08-13 12:00:00,39,27,12
2015-08-13 13:00:00,37,22,15
2015-08-13 14:00:00,20,11,9
2015-08-13 15:00:00,61,28,33
2015-08-13 16:00:00,108,67,41
2015-08-13 17:00:00,142,94,48
2015-08-13 18:00:00,96,42,54
2015-08-13 19:00:00,68,40,28
2015-08-13 20:00:00,15,9,6
2015-08-13 21:00:00,40,37,3
2015-08-13 22:00:00,9,6,3
2015-08-13 23:00:00,28,27,1
2015-08-14 00:00:00,6,6,0
2015-08-14 01:00:00,0,0,0
2015-08-14 02:00:00,3,3,0
2015-08-14 03:00:00,0,0,0
2015-08-14 04:00:00,2,2,0
2015-08-14 05:00:00,6,4,2
2015-08-14 06:00:00,33,13,20
2015-08-14 07:00:00,45,31,14
2015-08-14 08:00:00,34,22,12
2015-08-14 09:00:00,16,11,5
2015-08-14 10:00:00,16,10,6
2015-08-14 11:00:00,6,4,2
2015-08-14 12:00:00,3,2,1
2015-08-14 13:00:00,4,1,3
2015-08-14 14:00:00,5,3,2
2015-08-14 15:00:00,14,6,8
2015-08-14 16:00:00,21,9,12
2015-08-14 17:00:00,24,13,11
2015-08-14 18:00:00,12,4,8
2015-08-14 19:00:00,12,8,4
2015-08-14 20:00:00,0,0,0
2015-08-14 21:00:00,6,3,3
2015-08-14 22:00:00,4,4,0
2015-08-14 23:00:00,1,1,0
2015-08-15 00:00:00,0,0,0
2015-08-15 01:00:00,0,0,0
2015-08-15 02:00:00,1,0,1
2015-08-15 03:00:00,0,0,0
2015-08-15 04:00:00,0,0,0
2015-08-15 05:00:00,1,0,1
2015-08-15 06:00:00,12,4,8
2015-08-15 07:00:00,30,15,15
2015-08-15 08:00:00,78,27,51
2015-08-15 09:00:00,93,40,53
2015-08-15 10:00:00,91,48,43
2015-08-15 11:00:00,85,50,35
2015-08-15 12:00:00,71,45,26
2015-08-15 13:00:00,84,40,44
2015-08-15 14:00:00,69,38,31
2015-08-15 15:00:00,59,39,20
2015-08-15 16:00:00,50,34,16
2015-08-15 17:00:00,44,28,16
2015-08-15 18:00:00,22,9,13
2015-08-15 19:00:00,13,8,5
2015-08-15 20:00:00,6,5,1
2015-08-15 21:00:00,0,0,0
2015-08-15 22:00:00,1,0,1
2015-08-15 23:00:00,0,0,0
2015-08-16 00:00:00,0,0,0
2015-08-16 01:00:00,0,0,0
2015-08-16 02:00:00,1,1,0
2015-08-16 03:00:00,0,0,0
2015-08-16 04:00:00,0,0,0
2015-08-16 05:00:00,4,0,4
2015-08-16 06:00:00,27,14,13
2015-08-16 07:00:00,40,14,26
2015-08-16 08:00:00,99,51,48
2015-08-16 09:00:00,125,79,46
2015-08-16 10:00:00,166,85,81
2015-08-16 11:00:00,149,99,50
2015-08-16 12:00:00,141,84,57
2015-08-16 13:00:00,89,51,38
2015-08-16 14:00:00,108,61,47
2015-08-16 15:00:00,107,52,55
2015-08-16 16:00:00,96,59,37
2015-08-16 17:00:00,58,35,23
2015-08-16 18:00:00,36,22,14
2015-08-16 19:00:00,26,12,14
2015-08-16 20:00:00,6,3,3
2015-08-16 21:00:00,4,1,3
2015-08-16 22:00:00,3,3,0
2015-08-16 23:00:00,0,0,0
2015-08-17 00:00:00,0,0,0
2015-08-17 01:00:00,0,0,0
2015-08-17 02:00:00,0,0,0
2015-08-17 03:00:00,1,1,0
2015-08-17 04:00:00,8,6,2
2015-08-17 05:00:00,14,12,2
2015-08-17 06:00:00,54,30,24
2015-08-17 07:00:00,97,59,38
2015-08-17 08:00:00,58,44,14
2015-08-17 09:00:00,36,26,10
2015-08-17 10:00:00,25,11,14
2015-08-17 11:00:00,34,19,15
2015-08-17 12:00:00,22,15,7
2015-08-17 13:00:00,16,9,7
2015-08-17 14:00:00,34,24,10
2015-08-17 15:00:00,41,26,15
2015-08-17 16:00:00,108,54,54
2015-08-17 17:00:00,123,65,58
2015-08-17 18:00:00,87,50,37
2015-08-17 19:00:00,47,28,19
2015-08-17 20:00:00,12,8,4
2015-08-17 21:00:00,2,1,1
2015-08-17 22:00:00,3,2,1
2015-08-17 23:00:00,0,0,0
2015-08-18 00:00:00,0,0,0
2015-08-18 01:00:00,0,0,0
2015-08-18 02:00:00,0,0,0
2015-08-18 03:00:00,3,3,0
2015-08-18 04:00:00,6,4,2
2015-08-18 05:00:00,28,15,13
2015-08-18 06:00:00,78,36,42
2015-08-18 07:00:00,113,75,38
2015-08-18 08:00:00,69,49,20
2015-08-18 09:00:00,37,31,6
2015-08-18 10:00:00,37,24,13
2015-08-18 11:00:00,33,21,12
2015-08-18 12:00:00,30,20,10
2015-08-18 13:00:00,30,16,14
2015-08-18 14:00:00,32,22,10
2015-08-18 15:00:00,38,20,18
2015-08-18 16:00:00,122,73,49
2015-08-18 17:00:00,155,90,65
2015-08-18 18:00:00,123,53,70
2015-08-18 19:00:00,67,42,25
2015-08-18 20:00:00,11,9,2
2015-08-18 21:00:00,10,4,6
2015-08-18 22:00:00,1,1,0
2015-08-18 23:00:00,1,1,0
2015-08-19 00:00:00,0,0,0
2015-08-19 01:00:00,0,0,0
2015-08-19 02:00:00,0,0,0
2015-08-19 03:00:00,1,1,0
2015-08-19 04:00:00,9,4,5
2015-08-19 05:00:00,25,13,12
2015-08-19 06:00:00,69,37,32
2015-08-19 07:00:00,92,60,32
2015-08-19 08:00:00,72,56,16
2015-08-19 09:00:00,36,20,16
2015-08-19 10:00:00,33,21,12
2015-08-19 11:00:00,42,27,15
2015-08-19 12:00:00,23,11,12
2015-08-19 13:00:00,23,15,8
2015-08-19 14:00:00,33,21,12
2015-08-19 15:00:00,68,34,34
2015-08-19 16:00:00,103,60,43
2015-08-19 17:00:00,110,70,40
2015-08-19 18:00:00,91,50,41
2015-08-19 19:00:00,62,38,24
2015-08-19 20:00:00,11,7,4
2015-08-19 21:00:00,5,1,4
2015-08-19 22:00:00,0,0,0
2015-08-19 23:00:00,1,0,1
2015-08-20 00:00:00,0,0,0
2015-08-20 01:00:00,0,0,0
2015-08-20 02:00:00,1,1,0
2015-08-20 03:00:00,3,2,1
2015-08-20 04:00:00,5,2,3
2015-08-20 05:00:00,22,13,9
2015-08-20 06:00:00,51,24,27
2015-08-20 07:00:00,67,33,34
2015-08-20 08:00:00,33,21,12
2015-08-20 09:00:00,19,11,8
2015-08-20 10:00:00,22,15,7
2015-08-20 11:00:00,16,9,7
2015-08-20 12:00:00,18,9,9
2015-08-20 13:00:00,19,12,7
2015-08-20 14:00:00,33,14,19
2015-08-20 15:00:00,63,26,37
2015-08-20 16:00:00,109,46,63
2015-08-20 17:00:00,128,72,56
2015-08-20 18:00:00,113,58,55
2015-08-20 19:00:00,62,35,27
2015-08-20 20:00:00,6,4,2
2015-08-20 21:00:00,5,5,0
2015-08-20 22:00:00,1,1,0
2015-08-20 23:00:00,0,0,0
2015-08-21 00:00:00,0,0,0
2015-08-21 01:00:00,0,0,0
2015-08-21 02:00:00,0,0,0
2015-08-21 03:00:00,0,0,0
2015-08-21 04:00:00,5,3,2
2015-08-21 05:00:00,13,6,7
2015-08-21 06:00:00,68,38,30
2015-08-21 07:00:00,86,47,39
2015-08-21 08:00:00,49,29,20
2015-08-21 09:00:00,41,19,22
2015-08-21 10:00:00,24,15,9
2015-08-21 11:00:00,19,9,10
2015-08-21 12:00:00,22,9,13
2015-08-21 13:00:00,26,16,10
2015-08-21 14:00:00,34,16,18
2015-08-21 15:00:00,52,22,30
2015-08-21 16:00:00,102,50,52
2015-08-21 17:00:00,85,50,35
2015-08-21 18:00:00,46,22,24
2015-08-21 19:00:00,19,10,9
2015-08-21 20:00:00,12,8,4
2015-08-21 21:00:00,8,3,5
2015-08-21 22:00:00,2,1,1
2015-08-21 23:00:00,0,0,0
2015-08-22 00:00:00,3,2,1
2015-08-22 01:00:00,0,0,0
2015-08-22 02:00:00,0,0,0
2015-08-22 03:00:00,0,0,0
2015-08-22 04:00:00,0,0,0
2015-08-22 05:00:00,3,1,2
2015-08-22 06:00:00,25,4,21
2015-08-22 07:00:00,41,10,31
2015-08-22 08:00:00,108,64,44
2015-08-22 09:00:00,85,36,49
2015-08-22 10:00:00,129,72,57
2015-08-22 11:00:00,137,83,54
2015-08-22 12:00:00,115,54,61
2015-08-22 13:00:00,119,67,52
2015-08-22 14:00:00,71,36,35
2015-08-22 15:00:00,86,60,26
2015-08-22 16:00:00,65,41,24
2015-08-22 17:00:00,41,29,12
2015-08-22 18:00:00,14,6,8
2015-08-22 19:00:00,13,10,3
2015-08-22 20:00:00,0,0,0
2015-08-22 21:00:00,7,6,1
2015-08-22 22:00:00,0,0,0
2015-08-22 23:00:00,0,0,0
2015-08-23 00:00:00,0,0,0
2015-08-23 01:00:00,0,0,0
2015-08-23 02:00:00,0,0,0
2015-08-23 03:00:00,1,1,0
2015-08-23 04:00:00,0,0,0
2015-08-23 05:00:00,0,0,0
2015-08-23 06:00:00,22,7,15
2015-08-23 07:00:00,53,19,34
2015-08-23 08:00:00,109,47,62
2015-08-23 09:00:00,107,59,48
2015-08-23 10:00:00,181,87,94
2015-08-23 11:00:00,152,78,74
2015-08-23 12:00:00,138,92,46
2015-08-23 13:00:00,94,60,34
2015-08-23 14:00:00,106,61,45
2015-08-23 15:00:00,96,56,40
2015-08-23 16:00:00,61,39,22
2015-08-23 17:00:00,63,35,28
2015-08-23 18:00:00,19,8,11
2015-08-23 19:00:00,14,13,1
2015-08-23 20:00:00,3,3,0
2015-08-23 21:00:00,0,0,0
2015-08-23 22:00:00,0,0,0
2015-08-23 23:00:00,2,2,0
2015-08-24 00:00:00,0,0,0
2015-08-24 01:00:00,1,1,0
2015-08-24 02:00:00,0,0,0
2015-08-24 03:00:00,0,0,0
2015-08-24 04:00:00,7,5,2
2015-08-24 05:00:00,13,8,5
2015-08-24 06:00:00,53,34,19
2015-08-24 07:00:00,73,34,39
2015-08-24 08:00:00,46,25,21
2015-08-24 09:00:00,24,13,11
2015-08-24 10:00:00,14,6,8
2015-08-24 11:00:00,20,14,6
2015-08-24 12:00:00,24,13,11
2015-08-24 13:00:00,24,14,10
2015-08-24 14:00:00,25,13,12
2015-08-24 15:00:00,56,23,33
2015-08-24 16:00:00,106,50,56
2015-08-24 17:00:00,112,71,41
2015-08-24 18:00:00,105,60,45
2015-08-24 19:00:00,50,30,20
2015-08-24 20:00:00,10,7,3
2015-08-24 21:00:00,0,0,0
2015-08-24 22:00:00,2,1,1
2015-08-24 23:00:00,0,0,0
2015-08-25 00:00:00,4,2,2
2015-08-25 01:00:00,1,0,1
2015-08-25 02:00:00,1,1,0
2015-08-25 03:00:00,0,0,0
2015-08-25 04:00:00,4,4,0
2015-08-25 05:00:00,36,23,13
2015-08-25 06:00:00,68,36,32
2015-08-25 07:00:00,83,42,41
2015-08-25 08:00:00,53,41,12
2015-08-25 09:00:00,33,28,5
2015-08-25 10:00:00,28,16,12
2015-08-25 11:00:00,19,11,8
2015-08-25 12:00:00,31,15,16
2015-08-25 13:00:00,37,20,17
2015-08-25 14:00:00,28,13,15
2015-08-25 15:00:00,75,46,29
2015-08-25 16:00:00,121,52,69
2015-08-25 17:00:00,140,78,62
2015-08-25 18:00:00,106,67,39
2015-08-25 19:00:00,48,33,15
2015-08-25 20:00:00,13,9,4
2015-08-25 21:00:00,3,1,2
2015-08-25 22:00:00,2,0,2
2015-08-25 23:00:00,1,0,1
2015-08-26 00:00:00,1,1,0
2015-08-26 01:00:00,0,0,0
2015-08-26 02:00:00,0,0,0
2015-08-26 03:00:00,0,0,0
2015-08-26 04:00:00,10,8,2
2015-08-26 05:00:00,20,12,8
2015-08-26 06:00:00,66,33,33
2015-08-26 07:00:00,97,46,51
2015-08-26 08:00:00,59,41,18
2015-08-26 09:00:00,40,30,10
2015-08-26 10:00:00,31,17,14
2015-08-26 11:00:00,39,23,16
2015-08-26 12:00:00,23,15,8
2015-08-26 13:00:00,29,12,17
2015-08-26 14:00:00,42,26,16
2015-08-26 15:00:00,54,29,25
2015-08-26 16:00:00,143,71,72
2015-08-26 17:00:00,159,81,78
2015-08-26 18:00:00,105,69,36
2015-08-26 19:00:00,42,29,13
2015-08-26 20:00:00,11,7,4
2015-08-26 21:00:00,2,2,0
2015-08-26 22:00:00,2,1,1
2015-08-26 23:00:00,2,1,1
2015-08-27 00:00:00,0,0,0
2015-08-27 01:00:00,1,1,0
2015-08-27 02:00:00,0,0,0
2015-08-27 03:00:00,0,0,0
2015-08-27 04:00:00,5,4,1
2015-08-27 05:00:00,23,14,9
2015-08-27 06:00:00,73,36,37
2015-08-27 07:00:00,98,56,42
2015-08-27 08:00:00,67,42,25
2015-08-27 09:00:00,26,20,6
2015-08-27 10:00:00,26,19,7
2015-08-27 11:00:00,34,19,15
2015-08-27 12:00:00,33,18,15
2015-08-27 13:00:00,33,18,15
2015-08-27 14:00:00,29,16,13
2015-08-27 15:00:00,65,28,37
2015-08-27 16:00:00,140,69,71
2015-08-27 17:00:00,169,102,67
2015-08-27 18:00:00,128,72,56
2015-08-27 19:00:00,58,35,23
2015-08-27 20:00:00,17,12,5
2015-08-27 21:00:00,5,3,2
2015-08-27 22:00:00,4,1,3
2015-08-27 23:00:00,3,2,1
2015-08-28 00:00:00,2,1,1
2015-08-28 01:00:00,1,0,1
2015-08-28 02:00:00,0,0,0
2015-08-28 03:00:00,0,0,0
2015-08-28 04:00:00,3,1,2
2015-08-28 05:00:00,5,4,1
2015-08-28 06:00:00,36,24,12
2015-08-28 07:00:00,45,26,19
2015-08-28 08:00:00,33,18,15
2015-08-28 09:00:00,21,11,10
2015-08-28 10:00:00,13,6,7
2015-08-28 11:00:00,18,6,12
2015-08-28 12:00:00,23,12,11
2015-08-28 13:00:00,32,20,12
2015-08-28 14:00:00,27,13,14
2015-08-28 15:00:00,45,25,20
2015-08-28 16:00:00,62,35,27
2015-08-28 17:00:00,52,33,19
2015-08-28 18:00:00,29,12,17
2015-08-28 19:00:00,12,8,4
2015-08-28 20:00:00,3,3,0
2015-08-28 21:00:00,0,0,0
2015-08-28 22:00:00,1,0,1
2015-08-28 23:00:00,3,3,0
2015-08-29 00:00:00,0,0,0
2015-08-29 01:00:00,0,0,0
2015-08-29 02:00:00,0,0,0
2015-08-29 03:00:00,1,0,1
2015-08-29 04:00:00,0,0,0
2015-08-29 05:00:00,1,0,1
2015-08-29 06:00:00,5,1,4
2015-08-29 07:00:00,8,5,3
2015-08-29 08:00:00,11,5,6
2015-08-29 09:00:00,36,11,25
2015-08-29 10:00:00,43,25,18
2015-08-29 11:00:00,23,17,6
2015-08-29 12:00:00,13,9,4
2015-08-29 13:00:00,10,8,2
2015-08-29 14:00:00,12,4,8
2015-08-29 15:00:00,17,8,9
2015-08-29 16:00:00,16,10,6
2015-08-29 17:00:00,16,11,5
2015-08-29 18:00:00,3,1,2
2015-08-29 19:00:00,1,0,1
2015-08-29 20:00:00,2,1,1
2015-08-29 21:00:00,3,1,2
2015-08-29 22:00:00,0,0,0
2015-08-29 23:00:00,0,0,0
2015-08-30 00:00:00,0,0,0
2015-08-30 01:00:00,0,0,0
2015-08-30 02:00:00,0,0,0
2015-08-30 03:00:00,0,0,0
2015-08-30 04:00:00,0,0,0
2015-08-30 05:00:00,0,0,0
2015-08-30 06:00:00,1,1,0
2015-08-30 07:00:00,15,4,11
2015-08-30 08:00:00,12,7,5
2015-08-30 09:00:00,20,14,6
2015-08-30 10:00:00,36,23,13
2015-08-30 11:00:00,52,34,18
2015-08-30 12:00:00,38,19,19
2015-08-30 13:00:00,35,15,20
2015-08-30 14:00:00,47,31,16
2015-08-30 15:00:00,39,27,12
2015-08-30 16:00:00,43,22,21
2015-09-06 06:00:00,3,2,1
2015-08-30 17:00:00,30,23,7
2015-08-30 18:00:00,20,13,7
2015-08-30 19:00:00,15,7,8
2015-08-30 20:00:00,1,1,0
2015-08-30 21:00:00,1,0,1
2015-08-30 22:00:00,0,0,0
2015-08-30 23:00:00,0,0,0
2015-08-31 00:00:00,1,1,0
2015-08-31 01:00:00,0,0,0
2015-08-31 02:00:00,0,0,0
2015-08-31 03:00:00,1,1,0
2015-08-31 04:00:00,7,5,2
2015-08-31 05:00:00,11,5,6
2015-08-31 06:00:00,33,22,11
2015-08-31 07:00:00,57,29,28
2015-08-31 08:00:00,26,13,13
2015-08-31 09:00:00,22,12,10
2015-08-31 10:00:00,6,4,2
2015-08-31 11:00:00,8,3,5
2015-08-31 12:00:00,11,7,4
2015-08-31 13:00:00,10,6,4
2015-08-31 14:00:00,10,6,4
2015-08-31 15:00:00,20,5,15
2015-08-31 16:00:00,58,23,35
2015-08-31 17:00:00,82,44,38
2015-08-31 18:00:00,33,19,14
2015-08-31 19:00:00,20,14,6
2015-08-31 20:00:00,4,4,0
2015-08-31 21:00:00,1,1,0
2015-08-31 22:00:00,2,1,1
2015-08-31 23:00:00,1,1,0
2015-09-01 00:00:00,1,0,1
2015-09-01 01:00:00,1,0,1
2015-09-01 02:00:00,1,0,1
2015-09-01 03:00:00,0,0,0
2015-09-01 04:00:00,4,3,1
2015-09-01 05:00:00,16,9,7
2015-09-01 06:00:00,33,14,19
2015-09-01 07:00:00,68,29,39
2015-09-01 08:00:00,28,14,14
2015-09-01 09:00:00,16,9,7
2015-09-01 10:00:00,1,1,0
2015-09-01 11:00:00,13,7,6
2015-09-01 12:00:00,9,3,6
2015-09-01 13:00:00,5,2,3
2015-09-01 14:00:00,11,5,6
2015-09-01 15:00:00,20,9,11
2015-09-01 16:00:00,43,18,25
2015-09-01 17:00:00,69,42,27
2015-09-01 18:00:00,51,23,28
2015-09-01 19:00:00,23,13,10
2015-09-01 20:00:00,4,4,0
2015-09-01 21:00:00,6,2,4
2015-09-01 22:00:00,0,0,0
2015-09-01 23:00:00,2,1,1
2015-09-02 00:00:00,0,0,0
2015-09-02 01:00:00,0,0,0
2015-09-02 02:00:00,0,0,0
2015-09-02 03:00:00,0,0,0
2015-09-02 04:00:00,4,3,1
2015-09-02 05:00:00,15,10,5
2015-09-02 06:00:00,38,18,20
2015-09-02 07:00:00,64,30,34
2015-09-02 08:00:00,44,22,22
2015-09-02 09:00:00,18,11,7
2015-09-02 10:00:00,20,9,11
2015-09-02 11:00:00,21,12,9
2015-09-02 12:00:00,10,6,4
2015-09-02 13:00:00,22,11,11
2015-09-02 14:00:00,23,6,17
2015-09-02 15:00:00,41,25,16
2015-09-02 16:00:00,79,36,43
2015-09-02 17:00:00,94,52,42
2015-09-02 18:00:00,77,45,32
2015-09-02 19:00:00,30,24,6
2015-09-02 20:00:00,4,2,2
2015-09-02 21:00:00,3,1,2
2015-09-02 22:00:00,5,2,3
2015-09-02 23:00:00,2,1,1
2015-09-03 00:00:00,0,0,0
2015-09-03 01:00:00,0,0,0
2015-09-03 02:00:00,0,0,0
2015-09-03 03:00:00,1,1,0
2015-09-03 04:00:00,6,4,2
2015-09-03 05:00:00,15,11,4
2015-09-03 06:00:00,41,25,16
2015-09-03 07:00:00,63,33,30
2015-09-03 08:00:00,38,20,18
2015-09-03 09:00:00,25,12,13
2015-09-03 10:00:00,13,8,5
2015-09-03 11:00:00,19,10,9
2015-09-03 12:00:00,16,9,7
2015-09-03 13:00:00,33,14,19
2015-09-03 14:00:00,14,8,6
2015-09-03 15:00:00,19,9,10
2015-09-03 16:00:00,76,36,40
2015-09-03 17:00:00,85,54,31
2015-09-03 18:00:00,55,32,23
2015-09-03 19:00:00,21,10,11
2015-09-03 20:00:00,1,1,0
2015-09-03 21:00:00,0,0,0
2015-09-03 22:00:00,0,0,0
2015-09-03 23:00:00,3,3,0
2015-09-04 00:00:00,0,0,0
2015-09-04 01:00:00,0,0,0
2015-09-04 02:00:00,0,0,0
2015-09-04 03:00:00,0,0,0
2015-09-04 04:00:00,8,5,3
2015-09-04 05:00:00,22,13,9
2015-09-04 06:00:00,63,40,23
2015-09-04 07:00:00,62,37,25
2015-09-04 08:00:00,52,24,28
2015-09-04 09:00:00,31,11,20
2015-09-04 10:00:00,23,15,8
2015-09-04 11:00:00,29,12,17
2015-09-04 12:00:00,18,12,6
2015-09-04 13:00:00,39,18,21
2015-09-04 14:00:00,42,18,24
2015-09-04 15:00:00,58,32,26
2015-09-04 16:00:00,107,48,59
2015-09-04 17:00:00,68,33,35
2015-09-04 18:00:00,40,24,16
2015-09-04 19:00:00,9,6,3
2015-09-04 20:00:00,5,4,1
2015-09-04 21:00:00,5,3,2
2015-09-04 22:00:00,1,1,0
2015-09-04 23:00:00,0,0,0
2015-09-05 00:00:00,0,0,0
2015-09-05 01:00:00,0,0,0
2015-09-05 02:00:00,0,0,0
2015-09-05 03:00:00,0,0,0
2015-09-05 04:00:00,1,0,1
2015-09-05 05:00:00,4,1,3
2015-09-05 06:00:00,16,9,7
2015-09-05 07:00:00,41,20,21
2015-09-05 08:00:00,78,34,44
2015-09-05 09:00:00,111,64,47
2015-09-05 10:00:00,125,56,69
2015-09-05 11:00:00,113,69,44
2015-09-05 12:00:00,104,55,49
2015-09-05 13:00:00,103,67,36
2015-09-05 14:00:00,103,52,51
2015-09-05 15:00:00,85,44,41
2015-09-05 16:00:00,36,22,14
2015-09-05 17:00:00,16,12,4
2015-09-05 18:00:00,2,2,0
2015-09-05 19:00:00,5,4,1
2015-09-05 20:00:00,1,1,0
2015-09-05 21:00:00,1,0,1
2015-09-05 22:00:00,1,0,1
2015-09-05 23:00:00,1,1,0
2015-09-06 00:00:00,1,0,1
2015-09-06 01:00:00,0,0,0
2015-09-06 02:00:00,0,0,0
2015-09-06 03:00:00,0,0,0
2015-09-06 04:00:00,0,0,0
2015-09-06 05:00:00,0,0,0
2015-09-06 07:00:00,3,0,3
2015-09-06 08:00:00,15,5,10
2015-09-06 09:00:00,19,5,14
2015-09-06 10:00:00,30,19,11
2015-09-06 11:00:00,45,23,22
2015-09-06 12:00:00,31,19,12
2015-09-06 13:00:00,40,24,16
2015-09-06 14:00:00,22,10,12
2015-09-06 15:00:00,40,22,18
2015-09-06 16:00:00,29,22,7
2015-09-06 17:00:00,15,10,5
2015-09-06 18:00:00,4,2,2
2015-09-06 19:00:00,1,1,0
2015-09-06 20:00:00,5,3,2
2015-09-06 21:00:00,0,0,0
2015-09-06 22:00:00,0,0,0
2015-09-06 23:00:00,0,0,0
2015-09-07 00:00:00,0,0,0
2015-09-07 01:00:00,0,0,0
2015-09-07 02:00:00,0,0,0
2015-09-07 03:00:00,0,0,0
2015-09-07 04:00:00,0,0,0
2015-09-07 05:00:00,5,3,2
2015-09-07 06:00:00,14,3,11
2015-09-07 07:00:00,33,7,26
2015-09-07 08:00:00,71,32,39
2015-09-07 09:00:00,87,34,53
2015-09-07 10:00:00,120,57,63
2015-09-07 11:00:00,114,69,45
2015-09-07 12:00:00,132,88,44
2015-09-07 13:00:00,125,48,77
2015-09-07 14:00:00,123,74,49
2015-09-07 15:00:00,145,76,69
2015-09-07 16:00:00,106,58,48
2015-09-07 17:00:00,63,40,23
2015-09-07 18:00:00,19,8,11
2015-09-07 19:00:00,9,7,2
2015-09-07 20:00:00,2,1,1
2015-09-07 21:00:00,2,2,0
2015-09-07 22:00:00,0,0,0
2015-09-07 23:00:00,0,0,0
2015-09-08 00:00:00,2,1,1
2015-09-08 01:00:00,0,0,0
2015-09-08 02:00:00,0,0,0
2015-09-08 03:00:00,1,1,0
2015-09-08 04:00:00,3,2,1
2015-09-08 05:00:00,25,20,5
2015-09-08 06:00:00,49,28,21
2015-09-08 07:00:00,80,46,34
2015-09-08 08:00:00,62,32,30
2015-09-08 09:00:00,25,14,11
2015-09-08 10:00:00,14,4,10
2015-09-08 11:00:00,17,9,8
2015-09-08 12:00:00,12,7,5
2015-09-08 13:00:00,20,12,8
2015-09-08 14:00:00,14,7,7
2015-09-08 15:00:00,31,12,19
2015-09-08 16:00:00,96,44,52
2015-09-08 17:00:00,107,59,48
2015-09-08 18:00:00,82,47,35
2015-09-08 19:00:00,29,16,13
2015-09-08 20:00:00,2,1,1
2015-09-08 21:00:00,2,2,0
2015-09-08 22:00:00,3,2,1
2015-09-08 23:00:00,1,1,0
2015-09-09 00:00:00,0,0,0
2015-09-09 01:00:00,0,0,0
2015-09-09 02:00:00,0,0,0
2015-09-09 03:00:00,1,1,0
2015-09-09 04:00:00,6,4,2
2015-09-09 05:00:00,26,16,10
2015-09-09 06:00:00,68,42,26
2015-09-09 07:00:00,81,39,42
2015-09-09 08:00:00,56,35,21
2015-09-09 09:00:00,23,11,12
2015-09-09 10:00:00,27,12,15
2015-09-09 11:00:00,22,13,9
2015-09-09 12:00:00,38,23,15
2015-09-09 13:00:00,34,18,16
2015-09-09 14:00:00,36,21,15
2015-09-09 15:00:00,72,38,34
2015-09-09 16:00:00,105,44,61
2015-09-09 17:00:00,132,65,67
2015-09-09 18:00:00,81,48,33
2015-09-09 19:00:00,35,24,11
2015-09-09 20:00:00,6,5,1
2015-09-09 21:00:00,2,2,0
2015-09-09 22:00:00,2,2,0
2015-09-09 23:00:00,4,3,1
2015-09-10 00:00:00,0,0,0
2015-09-10 01:00:00,1,0,1
2015-09-10 02:00:00,0,0,0
2015-09-10 03:00:00,2,2,0
2015-09-10 04:00:00,11,7,4
2015-09-10 05:00:00,28,19,9
2015-09-10 06:00:00,49,27,22
2015-09-10 07:00:00,90,56,34
2015-09-10 08:00:00,62,34,28
2015-09-10 09:00:00,28,16,12
2015-09-10 10:00:00,32,15,17
2015-09-10 11:00:00,38,19,19
2015-09-10 12:00:00,36,18,18
2015-09-10 13:00:00,31,12,19
2015-09-10 14:00:00,38,20,18
2015-09-10 15:00:00,61,37,24
2015-09-10 16:00:00,86,36,50
2015-09-10 17:00:00,116,67,49
2015-09-10 18:00:00,86,58,28
2015-09-10 19:00:00,40,20,20
2015-09-10 20:00:00,6,5,1
2015-09-10 21:00:00,4,3,1
2015-09-10 22:00:00,1,0,1
2015-09-10 23:00:00,2,2,0
2015-09-11 00:00:00,1,0,1
2015-09-11 01:00:00,0,0,0
2015-09-11 02:00:00,0,0,0
2015-09-11 03:00:00,0,0,0
2015-09-11 04:00:00,5,3,2
2015-09-11 05:00:00,15,6,9
2015-09-11 06:00:00,53,30,23
2015-09-11 07:00:00,90,54,36
2015-09-11 08:00:00,51,40,11
2015-09-11 09:00:00,33,22,11
2015-09-11 10:00:00,32,13,19
2015-09-11 11:00:00,49,31,18
2015-09-11 12:00:00,36,23,13
2015-09-11 13:00:00,31,11,20
2015-09-11 14:00:00,43,19,24
2015-09-11 15:00:00,54,22,32
2015-09-11 16:00:00,97,58,39
2015-09-11 17:00:00,94,55,39
2015-09-11 18:00:00,65,44,21
2015-09-11 19:00:00,17,8,9
2015-09-11 20:00:00,1,1,0
2015-09-11 21:00:00,5,3,2
2015-09-11 22:00:00,3,3,0
2015-09-11 23:00:00,1,0,1
2015-09-12 00:00:00,0,0,0
2015-09-12 01:00:00,2,2,0
2015-09-12 02:00:00,2,0,2
2015-09-12 03:00:00,0,0,0
2015-09-12 04:00:00,1,1,0
2015-09-12 05:00:00,3,0,3
2015-09-12 06:00:00,22,9,13
2015-09-12 07:00:00,40,18,22
2015-09-12 08:00:00,89,50,39
2015-09-12 09:00:00,119,75,44
2015-09-12 10:00:00,120,71,49
2015-09-12 11:00:00,149,105,44
2015-09-12 12:00:00,117,58,59
2015-09-12 13:00:00,91,53,38
2015-09-12 14:00:00,77,40,37
2015-09-12 15:00:00,95,58,37
2015-09-12 16:00:00,52,33,19
2015-09-12 17:00:00,34,21,13
2015-09-16 00:00:00,0,0,0
2015-09-12 18:00:00,32,19,13
2015-09-12 19:00:00,7,6,1
2015-09-12 20:00:00,5,5,0
2015-09-12 21:00:00,3,2,1
2015-09-12 22:00:00,1,1,0
2015-09-12 23:00:00,0,0,0
2015-09-13 00:00:00,0,0,0
2015-09-13 01:00:00,1,0,1
2015-09-13 02:00:00,0,0,0
2015-09-13 03:00:00,0,0,0
2015-09-13 04:00:00,0,0,0
2015-09-13 05:00:00,0,0,0
2015-09-13 06:00:00,4,1,3
2015-09-13 07:00:00,17,5,12
2015-09-13 08:00:00,56,22,34
2015-09-13 09:00:00,43,19,24
2015-09-13 10:00:00,30,25,5
2015-09-13 11:00:00,30,25,5
2015-09-13 12:00:00,14,7,7
2015-09-13 13:00:00,34,15,19
2015-09-13 14:00:00,46,19,27
2015-09-13 15:00:00,49,32,17
2015-09-13 16:00:00,40,22,18
2015-09-13 17:00:00,38,24,14
2015-09-13 18:00:00,13,11,2
2015-09-13 19:00:00,10,7,3
2015-09-13 20:00:00,2,0,2
2015-09-13 21:00:00,0,0,0
2015-09-13 22:00:00,1,1,0
2015-09-13 23:00:00,1,1,0
2015-09-14 00:00:00,1,0,1
2015-09-14 01:00:00,1,0,1
2015-09-14 02:00:00,0,0,0
2015-09-14 03:00:00,1,1,0
2015-09-14 04:00:00,5,4,1
2015-09-14 05:00:00,15,10,5
2015-09-14 06:00:00,45,19,26
2015-09-14 07:00:00,55,35,20
2015-09-14 08:00:00,49,24,25
2015-09-14 09:00:00,22,12,10
2015-09-14 10:00:00,14,6,8
2015-09-14 11:00:00,20,9,11
2015-09-14 12:00:00,18,5,13
2015-09-14 13:00:00,14,9,5
2015-09-14 14:00:00,16,6,10
2015-09-14 15:00:00,32,16,16
2015-09-14 16:00:00,63,27,36
2015-09-14 17:00:00,88,48,40
2015-09-14 18:00:00,47,26,21
2015-09-14 19:00:00,21,14,7
2015-09-14 20:00:00,4,2,2
2015-09-14 21:00:00,3,3,0
2015-09-14 22:00:00,2,1,1
2015-09-14 23:00:00,1,1,0
2015-09-15 00:00:00,1,0,1
2015-09-15 01:00:00,0,0,0
2015-09-15 02:00:00,0,0,0
2015-09-15 03:00:00,1,1,0
2015-09-15 04:00:00,2,1,1
2015-09-15 05:00:00,29,21,8
2015-09-15 06:00:00,53,27,26
2015-09-15 07:00:00,78,47,31
2015-09-15 08:00:00,48,31,17
2015-09-15 09:00:00,25,9,16
2015-09-15 10:00:00,18,7,11
2015-09-15 11:00:00,30,19,11
2015-09-15 12:00:00,29,15,14
2015-09-15 13:00:00,15,6,9
2015-09-15 14:00:00,14,6,8
2015-09-15 15:00:00,31,17,14
2015-09-15 16:00:00,83,28,55
2015-09-15 17:00:00,102,48,54
2015-09-15 18:00:00,85,56,29
2015-09-15 19:00:00,24,13,11
2015-09-15 20:00:00,9,3,6
2015-09-15 21:00:00,8,8,0
2015-09-15 22:00:00,2,1,1
2015-09-15 23:00:00,0,0,0
2015-09-16 01:00:00,0,0,0
2015-09-16 02:00:00,0,0,0
2015-09-16 03:00:00,0,0,0
2015-09-16 04:00:00,5,3,2
2015-09-16 05:00:00,19,13,6
2015-09-16 06:00:00,37,22,15
2015-09-16 07:00:00,65,38,27
2015-09-16 08:00:00,44,22,22
2015-09-16 09:00:00,27,23,4
2015-09-16 10:00:00,15,5,10
2015-09-16 11:00:00,29,13,16
2015-09-16 12:00:00,17,13,4
2015-09-16 13:00:00,25,7,18
2015-09-16 14:00:00,22,11,11
2015-09-16 15:00:00,38,20,18
2015-09-16 16:00:00,76,31,45
2015-09-16 17:00:00,106,53,53
2015-09-16 18:00:00,50,37,13
2015-09-16 19:00:00,24,16,8
2015-09-16 20:00:00,9,7,2
2015-09-16 21:00:00,2,2,0
2015-09-16 22:00:00,0,0,0
2015-09-16 23:00:00,0,0,0
2015-09-17 00:00:00,0,0,0
2015-09-17 01:00:00,0,0,0
2015-09-17 02:00:00,0,0,0
2015-09-17 03:00:00,0,0,0
2015-09-17 04:00:00,1,0,1
2015-09-17 05:00:00,10,5,5
2015-09-17 06:00:00,23,12,11
2015-09-17 07:00:00,50,25,25
2015-09-17 08:00:00,33,18,15
2015-09-17 09:00:00,26,12,14
2015-09-17 10:00:00,18,12,6
2015-09-17 11:00:00,8,1,7
2015-09-17 12:00:00,15,8,7
2015-09-17 13:00:00,6,4,2
2015-09-17 14:00:00,1,0,1
2015-09-17 15:00:00,9,5,4
2015-09-17 16:00:00,32,18,14
2015-09-17 17:00:00,45,19,26
2015-09-17 18:00:00,24,19,5
2015-09-17 19:00:00,9,7,2
2015-09-17 20:00:00,0,0,0
2015-09-17 21:00:00,8,3,5
2015-09-17 22:00:00,2,1,1
2015-09-17 23:00:00,1,0,1
2015-09-18 00:00:00,0,0,0
2015-09-18 01:00:00,0,0,0
2015-09-18 02:00:00,0,0,0
2015-09-18 03:00:00,0,0,0
2015-09-18 04:00:00,1,0,1
2015-09-18 05:00:00,3,1,2
2015-09-18 06:00:00,17,10,7
2015-09-18 07:00:00,36,17,19
2015-09-18 08:00:00,58,36,22
2015-09-18 09:00:00,53,16,37
2015-09-18 10:00:00,25,9,16
2015-09-18 11:00:00,27,13,14
2015-09-18 12:00:00,18,8,10
2015-09-18 13:00:00,29,19,10
2015-09-18 14:00:00,22,10,12
2015-09-18 15:00:00,30,13,17
2015-09-18 16:00:00,40,18,22
2015-09-18 17:00:00,85,41,44
2015-09-18 18:00:00,76,43,33
2015-09-18 19:00:00,36,23,13
2015-09-18 20:00:00,14,10,4
2015-09-18 21:00:00,4,2,2
2015-09-18 22:00:00,1,1,0
2015-09-18 23:00:00,1,1,0
2015-09-19 00:00:00,1,1,0
2015-09-19 01:00:00,1,1,0
2015-09-19 02:00:00,1,0,1
2015-09-19 03:00:00,0,0,0
2015-09-19 04:00:00,0,0,0
2015-09-19 05:00:00,5,0,5
2015-09-19 06:00:00,14,6,8
2015-09-19 07:00:00,35,16,19
2015-09-19 08:00:00,100,55,45
2015-09-19 09:00:00,90,36,54
2015-09-19 10:00:00,103,69,34
2015-09-19 11:00:00,128,90,38
2015-09-19 12:00:00,79,38,41
2015-09-19 13:00:00,92,56,36
2015-09-19 14:00:00,58,26,32
2015-09-19 15:00:00,47,24,23
2015-09-19 16:00:00,46,26,20
2015-09-19 17:00:00,34,20,14
2015-09-19 18:00:00,20,13,7
2015-09-19 19:00:00,9,7,2
2015-09-19 20:00:00,6,5,1
2015-09-19 21:00:00,1,1,0
2015-09-19 22:00:00,0,0,0
2015-09-19 23:00:00,0,0,0
2015-09-20 00:00:00,2,0,2
2015-09-20 01:00:00,0,0,0
2015-09-20 02:00:00,0,0,0
2015-09-20 03:00:00,4,2,2
2015-09-20 04:00:00,1,0,1
2015-09-20 05:00:00,2,1,1
2015-09-20 06:00:00,8,2,6
2015-09-20 07:00:00,38,8,30
2015-09-20 08:00:00,40,20,20
2015-09-20 09:00:00,40,19,21
2015-09-20 10:00:00,97,60,37
2015-09-20 11:00:00,75,46,29
2015-09-20 12:00:00,49,27,22
2015-09-20 13:00:00,61,37,24
2015-09-20 14:00:00,21,11,10
2015-09-20 15:00:00,39,26,13
2015-09-20 16:00:00,16,12,4
2015-09-20 17:00:00,9,8,1
2015-09-20 18:00:00,7,5,2
2015-09-20 19:00:00,5,1,4
2015-09-20 20:00:00,0,0,0
2015-09-20 21:00:00,0,0,0
2015-09-20 22:00:00,0,0,0
2015-09-20 23:00:00,0,0,0
2015-09-21 00:00:00,0,0,0
2015-09-21 01:00:00,0,0,0
2015-09-21 02:00:00,0,0,0
2015-09-21 03:00:00,0,0,0
2015-09-21 04:00:00,7,3,4
2015-09-21 05:00:00,14,11,3
2015-09-21 06:00:00,37,25,12
2015-09-21 07:00:00,66,38,28
2015-09-21 08:00:00,53,28,25
2015-09-21 09:00:00,27,17,10
2015-09-21 10:00:00,16,5,11
2015-09-21 11:00:00,30,19,11
2015-09-21 12:00:00,21,11,10
2015-09-21 13:00:00,22,11,11
2015-09-21 14:00:00,29,11,18
2015-09-21 15:00:00,50,22,28
2015-09-21 16:00:00,105,47,58
2015-09-21 17:00:00,119,67,52
2015-09-21 18:00:00,61,36,25
2015-09-21 19:00:00,20,18,2
2015-09-21 20:00:00,6,4,2
2015-09-21 21:00:00,4,3,1
2015-09-21 22:00:00,0,0,0
2015-09-21 23:00:00,2,2,0
2015-09-22 00:00:00,4,2,2
2015-09-22 01:00:00,0,0,0
2015-09-22 02:00:00,0,0,0
2015-09-22 03:00:00,1,0,1
2015-09-22 04:00:00,4,3,1
2015-09-22 05:00:00,21,16,5
2015-09-22 06:00:00,63,33,30
2015-09-22 07:00:00,94,56,38
2015-09-22 08:00:00,75,45,30
2015-09-22 09:00:00,26,13,13
2015-09-22 10:00:00,26,14,12
2015-09-22 11:00:00,24,13,11
2015-09-22 12:00:00,36,25,11
2015-09-22 13:00:00,28,14,14
2015-09-22 14:00:00,30,14,16
2015-09-22 15:00:00,50,17,33
2015-09-22 16:00:00,124,49,75
2015-09-22 17:00:00,159,83,76
2015-09-22 18:00:00,95,56,39
2015-09-22 19:00:00,24,18,6
2015-09-22 20:00:00,10,3,7
2015-09-22 21:00:00,5,3,2
2015-09-22 22:00:00,1,1,0
2015-09-22 23:00:00,2,1,1
2015-09-23 00:00:00,3,2,1
2015-09-23 01:00:00,1,0,1
2015-09-23 02:00:00,0,0,0
2015-09-23 03:00:00,0,0,0
2015-09-23 04:00:00,5,3,2
2015-09-23 05:00:00,30,18,12
2015-09-23 06:00:00,48,25,23
2015-09-23 07:00:00,96,51,45
2015-09-23 08:00:00,76,45,31
2015-09-23 09:00:00,23,14,9
2015-09-23 10:00:00,31,16,15
2015-09-23 11:00:00,26,15,11
2015-09-23 12:00:00,27,16,11
2015-09-23 13:00:00,28,10,18
2015-09-23 14:00:00,44,31,13
2015-09-23 15:00:00,56,24,32
2015-09-23 16:00:00,110,39,71
2015-09-23 17:00:00,140,79,61
2015-09-23 18:00:00,86,49,37
2015-09-23 19:00:00,30,22,8
2015-09-23 20:00:00,9,7,2
2015-09-23 21:00:00,8,3,5
2015-09-23 22:00:00,1,0,1
2015-09-23 23:00:00,0,0,0
2015-09-24 00:00:00,1,0,1
2015-09-24 01:00:00,0,0,0
2015-09-24 02:00:00,0,0,0
2015-09-24 03:00:00,0,0,0
2015-09-24 04:00:00,5,3,2
2015-09-24 05:00:00,21,14,7
2015-09-24 06:00:00,50,23,27
2015-09-24 07:00:00,87,42,45
2015-09-24 08:00:00,52,31,21
2015-09-24 09:00:00,28,18,10
2015-09-24 10:00:00,23,13,10
2015-09-24 11:00:00,24,14,10
2015-09-24 12:00:00,28,16,12
2015-09-24 13:00:00,33,18,15
2015-09-24 14:00:00,31,14,17
2015-09-24 15:00:00,51,17,34
2015-09-24 16:00:00,103,44,59
2015-09-24 17:00:00,146,87,59
2015-09-24 18:00:00,54,38,16
2015-09-24 19:00:00,24,18,6
2015-09-24 20:00:00,2,2,0
2015-09-24 21:00:00,6,3,3
2015-09-24 22:00:00,0,0,0
2015-09-24 23:00:00,0,0,0
2015-09-25 00:00:00,2,2,0
2015-09-25 01:00:00,1,1,0
2015-09-25 02:00:00,0,0,0
2015-09-25 03:00:00,0,0,0
2015-09-25 04:00:00,3,2,1
2015-09-25 05:00:00,8,3,5
2015-09-25 06:00:00,35,18,17
2015-09-25 07:00:00,42,20,22
2015-09-25 08:00:00,37,20,17
2015-09-25 09:00:00,11,6,5
2015-09-25 10:00:00,12,7,5
2015-09-25 11:00:00,9,5,4
2015-09-25 12:00:00,11,5,6
2015-09-25 13:00:00,10,4,6
2015-09-25 14:00:00,13,9,4
2015-09-25 15:00:00,24,12,12
2015-09-25 16:00:00,60,29,31
2015-09-25 17:00:00,51,27,24
2015-09-25 18:00:00,25,15,10
2015-09-25 19:00:00,4,1,3
2015-09-25 20:00:00,1,1,0
2015-09-25 21:00:00,2,2,0
2015-09-25 22:00:00,2,1,1
2015-09-25 23:00:00,1,1,0
2015-09-26 00:00:00,1,1,0
2015-09-26 01:00:00,0,0,0
2015-09-26 02:00:00,0,0,0
2015-09-26 03:00:00,1,1,0
2015-09-26 04:00:00,0,0,0
2015-09-26 05:00:00,4,2,2
2015-09-26 06:00:00,10,5,5
2015-09-26 07:00:00,43,15,28
2015-09-26 08:00:00,85,34,51
2015-09-26 09:00:00,131,44,87
2015-09-26 10:00:00,117,64,53
2015-09-26 11:00:00,128,89,39
2015-09-26 12:00:00,76,56,20
2015-09-26 13:00:00,85,45,40
2015-09-26 14:00:00,76,43,33
2015-09-26 15:00:00,61,39,22
2015-09-26 16:00:00,48,32,16
2015-09-26 17:00:00,23,12,11
2015-09-26 18:00:00,15,11,4
2015-09-26 19:00:00,5,3,2
2015-09-26 20:00:00,0,0,0
2015-09-26 21:00:00,1,0,1
2015-09-26 22:00:00,3,1,2
2015-09-26 23:00:00,1,1,0
2015-09-27 00:00:00,2,0,2
2015-09-27 01:00:00,0,0,0
2015-09-27 02:00:00,2,0,2
2015-09-27 03:00:00,1,1,0
2015-09-27 04:00:00,0,0,0
2015-09-27 05:00:00,1,1,0
2015-09-27 06:00:00,13,2,11
2015-09-27 07:00:00,21,11,10
2015-09-27 08:00:00,67,33,34
2015-09-27 09:00:00,64,29,35
2015-09-27 10:00:00,155,102,53
2015-09-27 11:00:00,148,91,57
2015-09-27 12:00:00,95,49,46
2015-09-27 13:00:00,73,35,38
2015-09-27 14:00:00,53,28,25
2015-09-27 15:00:00,65,43,22
2015-09-27 16:00:00,57,34,23
2015-09-27 17:00:00,26,19,7
2015-09-27 18:00:00,26,20,6
2015-09-27 19:00:00,0,0,0
2015-09-27 20:00:00,1,0,1
2015-09-27 21:00:00,0,0,0
2015-09-27 22:00:00,3,2,1
2015-09-27 23:00:00,0,0,0
2015-09-28 00:00:00,0,0,0
2015-09-28 01:00:00,1,1,0
2015-09-28 02:00:00,0,0,0
2015-09-28 03:00:00,1,0,1
2015-09-28 04:00:00,6,4,2
2015-09-28 05:00:00,20,17,3
2015-09-28 06:00:00,45,26,19
2015-09-28 07:00:00,67,40,27
2015-09-28 08:00:00,59,36,23
2015-09-28 09:00:00,12,9,3
2015-09-28 10:00:00,16,12,4
2015-09-28 11:00:00,14,6,8
2015-09-28 12:00:00,26,15,11
2015-09-28 13:00:00,32,12,20
2015-09-28 14:00:00,21,12,9
2015-09-28 15:00:00,40,18,22
2015-09-28 16:00:00,95,31,64
2015-09-28 17:00:00,120,65,55
2015-09-28 18:00:00,65,38,27
2015-09-28 19:00:00,15,12,3
2015-09-28 20:00:00,8,5,3
2015-09-28 21:00:00,3,2,1
2015-09-28 22:00:00,3,1,2
2015-09-28 23:00:00,2,1,1
2015-09-29 00:00:00,2,1,1
2015-09-29 01:00:00,0,0,0
2015-09-29 02:00:00,0,0,0
2015-09-29 03:00:00,0,0,0
2015-09-29 04:00:00,3,2,1
2015-09-29 05:00:00,22,17,5
2015-09-29 06:00:00,43,24,19
2015-09-29 07:00:00,74,39,35
2015-09-29 08:00:00,71,45,26
2015-09-29 09:00:00,18,14,4
2015-09-29 10:00:00,27,12,15
2015-09-29 11:00:00,20,9,11
2015-09-29 12:00:00,36,16,20
2015-09-29 13:00:00,34,19,15
2015-09-29 14:00:00,28,10,18
2015-09-29 15:00:00,56,25,31
2015-09-29 16:00:00,103,33,70
2015-09-29 17:00:00,143,80,63
2015-09-29 18:00:00,74,45,29
2015-09-29 19:00:00,28,19,9
2015-09-29 20:00:00,14,12,2
2015-09-29 21:00:00,4,1,3
2015-09-29 22:00:00,6,5,1
2015-09-29 23:00:00,1,1,0
2015-09-30 00:00:00,2,1,1
2015-09-30 01:00:00,0,0,0
2015-09-30 02:00:00,0,0,0
2015-09-30 03:00:00,0,0,0
2015-09-30 04:00:00,3,2,1
2015-09-30 05:00:00,20,13,7
2015-09-30 06:00:00,58,35,23
2015-09-30 07:00:00,68,36,32
2015-09-30 08:00:00,46,25,21
2015-09-30 09:00:00,27,14,13
2015-09-30 10:00:00,18,12,6
2015-09-30 11:00:00,29,7,22
2015-09-30 12:00:00,12,8,4
2015-09-30 13:00:00,26,19,7
2015-09-30 14:00:00,29,12,17
2015-09-30 15:00:00,49,23,26
2015-09-30 16:00:00,72,29,43
2015-09-30 17:00:00,109,63,46
2015-09-30 18:00:00,69,38,31
2015-09-30 19:00:00,20,16,4
2015-09-30 20:00:00,1,0,1
2015-09-30 21:00:00,5,3,2
2015-09-30 22:00:00,1,0,1
2015-09-30 23:00:00,1,0,1
2015-10-01 00:00:00,1,1,0
2015-10-01 01:00:00,1,1,0
2015-10-01 02:00:00,0,0,0
2015-10-01 03:00:00,0,0,0
2015-10-01 04:00:00,5,4,1
2015-10-01 05:00:00,17,8,9
2015-10-01 06:00:00,52,25,27
2015-10-01 07:00:00,65,34,31
2015-10-01 08:00:00,51,38,13
2015-10-01 09:00:00,28,12,16
2015-10-01 10:00:00,32,15,17
2015-10-01 11:00:00,26,14,12
2015-10-01 12:00:00,27,13,14
2015-10-01 13:00:00,18,11,7
2015-10-01 14:00:00,35,18,17
2015-10-01 15:00:00,39,18,21
2015-10-01 16:00:00,93,45,48
2015-10-01 17:00:00,100,53,47
2015-10-01 18:00:00,68,44,24
2015-10-01 19:00:00,15,10,5
2015-10-01 20:00:00,9,6,3
2015-10-01 21:00:00,2,2,0
2015-10-01 22:00:00,3,2,1
2015-10-01 23:00:00,1,0,1
2015-10-02 00:00:00,1,1,0
2015-10-02 01:00:00,2,1,1
2015-10-02 02:00:00,0,0,0
2015-10-02 03:00:00,0,0,0
2015-10-02 04:00:00,3,2,1
2015-10-02 05:00:00,14,5,9
2015-10-02 06:00:00,39,20,19
2015-10-02 07:00:00,54,28,26
2015-10-02 08:00:00,41,30,11
2015-10-02 09:00:00,16,7,9
2015-10-02 10:00:00,11,4,7
2015-10-02 11:00:00,8,6,2
2015-10-02 12:00:00,9,2,7
2015-10-02 13:00:00,20,11,9
2015-10-02 14:00:00,14,10,4
2015-10-02 15:00:00,33,16,17
2015-10-02 16:00:00,71,34,37
2015-10-02 17:00:00,57,34,23
2015-10-02 18:00:00,24,13,11
2015-10-02 19:00:00,10,6,4
2015-10-02 20:00:00,3,2,1
2015-10-02 21:00:00,1,1,0
2015-10-02 22:00:00,1,0,1
2015-10-02 23:00:00,2,1,1
2015-10-03 00:00:00,1,1,0
2015-10-03 01:00:00,0,0,0
2015-10-03 02:00:00,1,1,0
2015-10-03 03:00:00,0,0,0
2015-10-03 04:00:00,0,0,0
2015-10-03 05:00:00,2,0,2
2015-10-03 06:00:00,6,6,0
2015-10-03 07:00:00,21,6,15
2015-10-03 08:00:00,50,21,29
2015-10-03 09:00:00,91,27,64
2015-10-03 10:00:00,78,40,38
2015-10-03 11:00:00,127,72,55
2015-10-03 12:00:00,86,50,36
2015-10-03 13:00:00,75,46,29
2015-10-03 14:00:00,94,45,49
2015-10-03 15:00:00,81,52,29
2015-10-03 16:00:00,69,45,24
2015-10-03 17:00:00,18,10,8
2015-10-03 18:00:00,22,16,6
2015-10-03 19:00:00,6,3,3
2015-10-03 20:00:00,1,0,1
2015-10-03 21:00:00,3,3,0
2015-10-03 22:00:00,3,3,0
2015-10-03 23:00:00,0,0,0
2015-10-04 00:00:00,0,0,0
2015-10-04 01:00:00,0,0,0
2015-10-04 02:00:00,1,1,0
2015-10-04 03:00:00,1,1,0
2015-10-04 04:00:00,0,0,0
2015-10-04 05:00:00,5,0,5
2015-10-04 06:00:00,8,5,3
2015-10-04 07:00:00,28,8,20
2015-10-04 08:00:00,48,30,18
2015-10-04 09:00:00,109,36,73
2015-10-04 10:00:00,124,83,41
2015-10-04 11:00:00,154,92,62
2015-10-04 12:00:00,103,47,56
2015-10-04 13:00:00,131,71,60
2015-10-04 14:00:00,103,62,41
2015-10-04 15:00:00,82,49,33
2015-10-04 16:00:00,71,48,23
2015-10-04 17:00:00,41,22,19
2015-10-04 18:00:00,10,8,2
2015-10-04 19:00:00,3,2,1
2015-10-04 20:00:00,1,0,1
2015-10-04 21:00:00,3,0,3
2015-10-04 22:00:00,1,1,0
2015-10-04 23:00:00,0,0,0
2015-10-05 00:00:00,0,0,0
2015-10-05 01:00:00,1,1,0
2015-10-05 02:00:00,0,0,0
2015-10-05 03:00:00,1,0,1
2015-10-05 04:00:00,5,2,3
2015-10-05 05:00:00,22,12,10
2015-10-05 06:00:00,55,41,14
2015-10-05 07:00:00,71,33,38
2015-10-05 08:00:00,50,33,17
2015-10-05 09:00:00,25,14,11
2015-10-05 10:00:00,14,7,7
2015-10-05 11:00:00,25,11,14
2015-10-05 12:00:00,32,15,17
2015-10-05 13:00:00,35,12,23
2015-10-05 14:00:00,39,23,16
2015-10-05 15:00:00,70,32,38
2015-10-05 16:00:00,133,53,80
2015-10-05 17:00:00,123,74,49
2015-10-05 18:00:00,41,25,16
2015-10-05 19:00:00,14,10,4
2015-10-05 20:00:00,6,2,4
2015-10-05 21:00:00,7,4,3
2015-10-05 22:00:00,0,0,0
2015-10-05 23:00:00,0,0,0
2015-10-06 00:00:00,3,2,1
2015-10-06 01:00:00,0,0,0
2015-10-06 02:00:00,0,0,0
2015-10-06 03:00:00,0,0,0
2015-10-06 04:00:00,5,3,2
2015-10-06 05:00:00,18,10,8
2015-10-06 06:00:00,48,30,18
2015-10-06 07:00:00,92,47,45
2015-10-06 08:00:00,53,33,20
2015-10-06 09:00:00,26,10,16
2015-10-06 10:00:00,26,13,13
2015-10-06 11:00:00,13,10,3
2015-10-06 12:00:00,29,13,16
2015-10-06 13:00:00,13,6,7
2015-10-06 14:00:00,20,10,10
2015-10-06 15:00:00,35,18,17
2015-10-06 16:00:00,83,34,49
2015-10-06 17:00:00,119,58,61
2015-10-06 18:00:00,48,34,14
2015-10-06 19:00:00,10,5,5
2015-10-06 20:00:00,3,2,1
2015-10-06 21:00:00,3,0,3
2015-10-06 22:00:00,2,2,0
2015-10-06 23:00:00,2,2,0
2015-10-07 00:00:00,1,1,0
2015-10-07 01:00:00,0,0,0
2015-10-07 02:00:00,0,0,0
2015-10-07 03:00:00,0,0,0
2015-10-07 04:00:00,1,1,0
2015-10-07 05:00:00,11,4,7
2015-10-07 06:00:00,24,14,10
2015-10-07 07:00:00,41,21,20
2015-10-07 08:00:00,37,22,15
2015-10-07 09:00:00,8,6,2
2015-10-07 10:00:00,3,1,2
2015-10-07 11:00:00,3,2,1
2015-10-07 12:00:00,5,1,4
2015-10-07 13:00:00,6,2,4
2015-10-07 14:00:00,7,3,4
2015-10-07 15:00:00,12,8,4
2015-10-07 16:00:00,23,7,16
2015-10-07 17:00:00,43,19,24
2015-10-07 18:00:00,37,18,19
2015-10-07 19:00:00,13,5,8
2015-10-07 20:00:00,5,5,0
2015-10-07 21:00:00,2,2,0
2015-10-07 22:00:00,1,1,0
2015-10-07 23:00:00,0,0,0
2015-10-08 00:00:00,1,1,0
2015-10-08 01:00:00,0,0,0
2015-10-08 02:00:00,0,0,0
2015-10-08 03:00:00,0,0,0
2015-10-08 04:00:00,5,4,1
2015-10-08 05:00:00,24,12,12
2015-10-08 06:00:00,41,23,18
2015-10-08 07:00:00,66,32,34
2015-10-08 08:00:00,44,24,20
2015-10-08 09:00:00,27,14,13
2015-10-08 10:00:00,19,11,8
2015-10-08 11:00:00,21,11,10
2015-10-08 12:00:00,31,13,18
2015-10-08 13:00:00,23,12,11
2015-10-08 14:00:00,19,5,14
2015-10-08 15:00:00,36,19,17
2015-10-08 16:00:00,98,41,57
2015-10-08 17:00:00,102,51,51
2015-10-08 18:00:00,65,43,22
2015-10-08 19:00:00,12,10,2
2015-10-08 20:00:00,3,2,1
2015-10-08 21:00:00,2,1,1
2015-10-08 22:00:00,4,3,1
2015-10-08 23:00:00,1,0,1
2015-10-09 00:00:00,1,1,0
2015-10-09 01:00:00,1,1,0
2015-10-09 02:00:00,1,0,1
2015-10-09 03:00:00,0,0,0
2015-10-09 04:00:00,4,2,2
2015-10-09 05:00:00,10,8,2
2015-10-09 06:00:00,29,18,11
2015-10-09 07:00:00,55,28,27
2015-10-09 08:00:00,46,22,24
2015-10-09 09:00:00,21,13,8
2015-10-09 10:00:00,12,8,4
2015-10-09 11:00:00,5,2,3
2015-10-09 12:00:00,19,7,12
2015-10-09 13:00:00,14,4,10
2015-10-09 14:00:00,20,9,11
2015-10-09 15:00:00,29,14,15
2015-10-09 16:00:00,71,35,36
2015-10-09 17:00:00,60,29,31
2015-10-09 18:00:00,32,16,16
2015-10-09 19:00:00,11,7,4
2015-10-09 20:00:00,6,6,0
2015-10-09 21:00:00,1,1,0
2015-10-09 22:00:00,1,0,1
2015-10-09 23:00:00,2,2,0
2015-10-10 00:00:00,1,1,0
2015-10-10 01:00:00,0,0,0
2015-10-10 02:00:00,1,1,0
2015-10-10 03:00:00,0,0,0
2015-10-10 04:00:00,0,0,0
2015-10-10 05:00:00,0,0,0
2015-10-10 06:00:00,0,0,0
2015-10-10 07:00:00,11,4,7
2015-10-10 08:00:00,24,7,17
2015-10-10 09:00:00,15,6,9
2015-10-10 10:00:00,48,40,8
2015-10-10 11:00:00,40,31,9
2015-10-10 12:00:00,10,8,2
2015-10-10 13:00:00,10,2,8
2015-10-10 14:00:00,10,6,4
2015-10-10 15:00:00,3,2,1
2015-10-10 16:00:00,4,2,2
2015-10-10 17:00:00,4,4,0
2015-10-10 18:00:00,0,0,0
2015-10-10 19:00:00,0,0,0
2015-10-10 20:00:00,2,2,0
2015-10-10 21:00:00,0,0,0
2015-10-10 22:00:00,0,0,0
2015-10-10 23:00:00,2,2,0
2015-10-11 00:00:00,1,0,1
2015-10-11 01:00:00,0,0,0
2015-10-11 02:00:00,1,1,0
2015-10-11 03:00:00,1,1,0
2015-10-11 04:00:00,0,0,0
2015-10-11 05:00:00,2,0,2
2015-10-11 06:00:00,7,1,6
2015-10-11 07:00:00,32,12,20
2015-10-11 08:00:00,58,27,31
2015-10-11 09:00:00,87,37,50
2015-10-11 10:00:00,113,60,53
2015-10-11 11:00:00,103,68,35
2015-10-11 12:00:00,97,63,34
2015-10-11 13:00:00,111,54,57
2015-10-11 14:00:00,122,64,58
2015-10-11 15:00:00,97,65,32
2015-10-11 16:00:00,63,39,24
2015-10-11 17:00:00,18,14,4
2015-10-11 18:00:00,9,6,3
2015-10-11 19:00:00,3,1,2
2015-10-11 20:00:00,0,0,0
2015-10-11 21:00:00,2,2,0
2015-10-11 22:00:00,1,0,1
2015-10-11 23:00:00,0,0,0
2015-10-12 00:00:00,0,0,0
2015-10-12 01:00:00,1,1,0
2015-10-12 02:00:00,0,0,0
2015-10-12 03:00:00,1,0,1
2015-10-12 04:00:00,2,0,2
2015-10-12 05:00:00,21,13,8
2015-10-12 06:00:00,32,21,11
2015-10-12 07:00:00,65,29,36
2015-10-12 08:00:00,61,33,28
2015-10-12 09:00:00,28,12,16
2015-10-12 10:00:00,18,9,9
2015-10-12 11:00:00,25,18,7
2015-10-12 12:00:00,24,15,9
2015-10-12 13:00:00,20,10,10
2015-10-12 14:00:00,7,2,5
2015-10-12 15:00:00,22,11,11
2015-10-12 16:00:00,66,33,33
2015-10-12 17:00:00,93,59,34
2015-10-12 18:00:00,39,24,15
2015-10-12 19:00:00,7,3,4
2015-10-12 20:00:00,6,3,3
2015-10-12 21:00:00,3,2,1
2015-10-12 22:00:00,0,0,0
2015-10-12 23:00:00,1,0,1
2015-10-13 00:00:00,1,1,0
2015-10-13 01:00:00,0,0,0
2015-10-13 02:00:00,0,0,0
2015-10-13 03:00:00,0,0,0
2015-10-13 04:00:00,3,2,1
2015-10-13 05:00:00,12,7,5
2015-10-13 06:00:00,27,14,13
2015-10-13 07:00:00,56,31,25
2015-10-13 08:00:00,42,23,19
2015-10-13 09:00:00,16,8,8
2015-10-13 10:00:00,11,7,4
2015-10-13 11:00:00,10,6,4
2015-10-13 12:00:00,16,7,9
2015-10-13 13:00:00,17,5,12
2015-10-13 14:00:00,18,10,8
2015-10-13 15:00:00,28,12,16
2015-10-13 16:00:00,63,30,33
2015-10-13 17:00:00,99,50,49
2015-10-13 18:00:00,34,21,13
2015-10-13 19:00:00,19,13,6
2015-10-13 20:00:00,3,2,1
2015-10-13 21:00:00,1,1,0
2015-10-13 22:00:00,1,1,0
2015-10-13 23:00:00,0,0,0
2015-10-14 00:00:00,1,1,0
2015-10-14 01:00:00,0,0,0
2015-10-14 02:00:00,0,0,0
2015-10-14 03:00:00,1,0,1
2015-10-14 04:00:00,6,4,2
2015-10-14 05:00:00,26,16,10
2015-10-14 06:00:00,44,26,18
2015-10-14 07:00:00,67,35,32
2015-10-14 08:00:00,51,32,19
2015-10-14 09:00:00,18,7,11
2015-10-14 10:00:00,5,1,4
2015-10-14 11:00:00,16,8,8
2015-10-14 12:00:00,22,12,10
2015-10-14 13:00:00,14,3,11
2015-10-14 14:00:00,21,17,4
2015-10-14 15:00:00,38,16,22
2015-10-14 16:00:00,79,39,40
2015-10-14 17:00:00,99,55,44
2015-10-14 18:00:00,47,29,18
2015-10-14 19:00:00,10,6,4
2015-10-14 20:00:00,10,6,4
2015-10-14 21:00:00,8,5,3
2015-10-14 22:00:00,5,4,1
2015-10-14 23:00:00,3,1,2
2015-10-15 00:00:00,2,2,0
2015-10-15 01:00:00,2,2,0
2015-10-15 02:00:00,0,0,0
2015-10-15 03:00:00,0,0,0
2015-10-15 04:00:00,0,0,0
2015-10-15 05:00:00,5,5,0
2015-10-15 06:00:00,23,11,12
2015-10-15 07:00:00,46,24,22
2015-10-15 08:00:00,62,34,28
2015-10-15 09:00:00,53,31,22
2015-10-15 10:00:00,29,9,20
2015-10-15 11:00:00,24,10,14
2015-10-15 12:00:00,22,10,12
2015-10-15 13:00:00,29,8,21
2015-10-15 14:00:00,35,15,20
2015-10-15 15:00:00,56,24,32
2015-10-15 16:00:00,96,42,54
2015-10-15 17:00:00,89,44,45
2015-10-15 18:00:00,53,35,18
2015-10-15 19:00:00,12,9,3
2015-10-15 20:00:00,1,1,0
2015-10-15 21:00:00,2,1,1
2015-10-15 22:00:00,3,2,1
2015-10-15 23:00:00,0,0,0
2015-10-16 00:00:00,2,2,0
2015-10-16 01:00:00,1,0,1
2015-10-16 02:00:00,0,0,0
2015-10-16 03:00:00,0,0,0
2015-10-16 04:00:00,6,4,2
2015-10-16 05:00:00,18,10,8
2015-10-16 06:00:00,36,14,22
2015-10-16 07:00:00,55,28,27
2015-10-16 08:00:00,37,21,16
2015-10-16 09:00:00,27,11,16
2015-10-16 10:00:00,23,3,20
2015-10-16 11:00:00,32,14,18
2015-10-16 12:00:00,42,16,26
2015-10-16 13:00:00,43,24,19
2015-10-16 14:00:00,36,17,19
2015-10-16 15:00:00,63,29,34
2015-10-16 16:00:00,117,55,62
2015-10-16 17:00:00,81,46,35
2015-10-16 18:00:00,33,20,13
2015-10-16 19:00:00,9,2,7
2015-10-16 20:00:00,2,2,0
2015-10-16 21:00:00,4,4,0
2015-10-16 22:00:00,0,0,0
2015-10-16 23:00:00,0,0,0
2015-10-17 00:00:00,2,2,0
2015-10-17 01:00:00,2,1,1
2015-10-17 02:00:00,0,0,0
2015-10-17 03:00:00,0,0,0
2015-10-17 04:00:00,1,1,0
2015-10-17 05:00:00,2,0,2
2015-10-17 06:00:00,8,1,7
2015-10-17 07:00:00,17,8,9
2015-10-17 08:00:00,70,44,26
2015-10-17 09:00:00,76,34,42
2015-10-17 10:00:00,118,70,48
2015-10-17 11:00:00,114,64,50
2015-10-17 12:00:00,74,39,35
2015-10-17 13:00:00,75,42,33
2015-10-17 14:00:00,74,40,34
2015-10-17 15:00:00,63,45,18
2015-10-17 16:00:00,31,27,4
2015-10-17 17:00:00,10,7,3
2015-10-17 18:00:00,4,3,1
2015-10-17 19:00:00,1,1,0
2015-10-17 20:00:00,1,0,1
2015-10-17 21:00:00,2,2,0
2015-10-17 22:00:00,0,0,0
2015-10-17 23:00:00,2,0,2
2015-10-18 00:00:00,0,0,0
2015-10-18 01:00:00,0,0,0
2015-10-18 02:00:00,1,1,0
2015-10-18 03:00:00,0,0,0
2015-10-18 04:00:00,0,0,0
2015-10-18 05:00:00,2,1,1
2015-10-18 06:00:00,3,2,1
2015-10-18 07:00:00,6,1,5
2015-10-18 08:00:00,29,18,11
2015-10-18 09:00:00,29,13,16
2015-10-18 10:00:00,33,28,5
2015-10-18 11:00:00,40,15,25
2015-10-18 12:00:00,31,17,14
2015-10-18 13:00:00,24,12,12
2015-10-18 14:00:00,26,18,8
2015-10-18 15:00:00,11,7,4
2015-10-18 16:00:00,7,6,1
2015-10-18 17:00:00,4,3,1
2015-10-18 18:00:00,2,1,1
2015-10-18 19:00:00,0,0,0
2015-10-18 20:00:00,1,1,0
2015-10-18 21:00:00,0,0,0
2015-10-18 22:00:00,0,0,0
2015-10-18 23:00:00,1,1,0
2015-10-19 00:00:00,1,0,1
2015-10-19 01:00:00,1,1,0
2015-10-19 02:00:00,0,0,0
2015-10-19 03:00:00,1,0,1
2015-10-19 04:00:00,5,4,1
2015-10-19 05:00:00,16,12,4
2015-10-19 06:00:00,37,23,14
2015-10-19 07:00:00,45,22,23
2015-10-19 08:00:00,38,22,16
2015-10-19 09:00:00,9,2,7
2015-10-19 10:00:00,13,8,5
2015-10-19 11:00:00,12,6,6
2015-10-19 12:00:00,16,7,9
2015-10-19 13:00:00,16,10,6
2015-10-19 14:00:00,12,4,8
2015-10-19 15:00:00,26,11,15
2015-10-19 16:00:00,62,22,40
2015-10-19 17:00:00,77,40,37
2015-10-19 18:00:00,31,19,12
2015-10-19 19:00:00,7,1,6
2015-10-19 20:00:00,5,2,3
2015-10-19 21:00:00,2,2,0
2015-10-19 22:00:00,0,0,0
2015-10-19 23:00:00,1,1,0
2015-10-20 00:00:00,1,1,0
2015-10-20 01:00:00,1,1,0
2015-10-20 02:00:00,0,0,0
2015-10-20 03:00:00,1,0,1
2015-10-20 04:00:00,8,7,1
2015-10-20 05:00:00,18,11,7
2015-10-20 06:00:00,43,23,20
2015-10-20 07:00:00,69,34,35
2015-10-20 08:00:00,59,35,24
2015-10-20 09:00:00,33,17,16
2015-10-20 10:00:00,26,11,15
2015-10-20 11:00:00,22,9,13
2015-10-20 12:00:00,30,17,13
2015-10-20 13:00:00,32,15,17
2015-10-20 14:00:00,43,22,21
2015-10-20 15:00:00,41,24,17
2015-10-20 16:00:00,98,44,54
2015-10-20 17:00:00,110,61,49
2015-10-20 18:00:00,50,33,17
2015-10-20 19:00:00,11,9,2
2015-10-20 20:00:00,7,4,3
2015-10-20 21:00:00,4,3,1
2015-10-20 22:00:00,1,1,0
2015-10-20 23:00:00,1,1,0
2015-10-21 00:00:00,1,1,0
2015-10-21 01:00:00,0,0,0
2015-10-21 02:00:00,0,0,0
2015-10-21 03:00:00,0,0,0
2015-10-21 04:00:00,7,6,1
2015-10-21 05:00:00,18,11,7
2015-10-21 06:00:00,44,24,20
2015-10-21 07:00:00,65,33,32
2015-10-21 08:00:00,53,29,24
2015-10-21 09:00:00,19,11,8
2015-10-21 10:00:00,15,5,10
2015-10-21 11:00:00,11,5,6
2015-10-21 12:00:00,14,5,9
2015-10-21 13:00:00,24,11,13
2015-10-21 14:00:00,18,9,9
2015-10-21 15:00:00,32,20,12
2015-10-21 16:00:00,53,24,29
2015-10-21 17:00:00,82,44,38
2015-10-21 18:00:00,41,32,9
2015-10-21 19:00:00,20,13,7
2015-10-21 20:00:00,7,5,2
2015-10-21 21:00:00,6,4,2
2015-10-21 22:00:00,0,0,0
2015-10-21 23:00:00,1,1,0
2015-10-22 00:00:00,3,2,1
2015-10-22 01:00:00,0,0,0
2015-10-22 02:00:00,0,0,0
2015-10-22 03:00:00,0,0,0
2015-10-22 04:00:00,5,4,1
2015-10-22 05:00:00,19,14,5
2015-10-22 06:00:00,45,19,26
2015-10-22 07:00:00,58,32,26
2015-10-22 08:00:00,39,23,16
2015-10-22 09:00:00,27,14,13
2015-10-22 10:00:00,19,4,15
2015-10-22 11:00:00,17,10,7
2015-10-22 12:00:00,18,9,9
2015-10-22 13:00:00,19,13,6
2015-10-22 14:00:00,38,19,19
2015-10-22 15:00:00,44,18,26
2015-10-22 16:00:00,87,42,45
2015-10-22 17:00:00,89,51,38
2015-10-22 18:00:00,35,23,12
2015-10-22 19:00:00,10,7,3
2015-10-22 20:00:00,2,2,0
2015-10-22 21:00:00,2,1,1
2015-10-22 22:00:00,1,0,1
2015-10-22 23:00:00,0,0,0
2015-10-23 00:00:00,2,2,0
2015-10-23 01:00:00,0,0,0
2015-10-23 02:00:00,0,0,0
2015-10-23 03:00:00,1,0,1
2015-10-23 04:00:00,2,1,1
2015-10-23 05:00:00,12,6,6
2015-10-23 06:00:00,45,28,17
2015-10-23 07:00:00,51,29,22
2015-10-23 08:00:00,39,26,13
2015-10-23 09:00:00,19,9,10
2015-10-23 10:00:00,22,15,7
2015-10-23 11:00:00,15,8,7
2015-10-23 12:00:00,19,8,11
2015-10-23 13:00:00,16,11,5
2015-10-23 14:00:00,18,7,11
2015-10-23 15:00:00,38,14,24
2015-10-23 16:00:00,75,36,39
2015-10-23 17:00:00,66,36,30
2015-10-23 18:00:00,32,19,13
2015-10-23 19:00:00,7,5,2
2015-10-23 20:00:00,2,2,0
2015-10-23 21:00:00,1,1,0
2015-10-23 22:00:00,1,1,0
2015-10-23 23:00:00,1,1,0
2015-10-24 00:00:00,1,1,0
2015-10-24 01:00:00,1,0,1
2015-10-24 02:00:00,1,1,0
2015-10-24 03:00:00,1,0,1
2015-10-24 04:00:00,1,1,0
2015-10-24 05:00:00,2,0,2
2015-10-24 06:00:00,12,4,8
2015-10-24 07:00:00,22,5,17
2015-10-24 08:00:00,79,44,35
2015-10-24 09:00:00,54,18,36
2015-10-24 10:00:00,86,43,43
2015-10-24 11:00:00,67,47,20
2015-10-24 12:00:00,60,43,17
2015-10-24 13:00:00,43,24,19
2015-10-24 14:00:00,48,23,25
2015-10-24 15:00:00,51,30,21
2015-10-24 16:00:00,45,27,18
2015-10-24 17:00:00,26,17,9
2015-10-24 18:00:00,8,8,0
2015-10-24 19:00:00,1,1,0
2015-10-24 20:00:00,2,1,1
2015-10-24 21:00:00,3,1,2
2015-10-24 22:00:00,1,1,0
2015-10-24 23:00:00,0,0,0
2015-10-25 00:00:00,2,0,2
2015-10-25 01:00:00,0,0,0
2015-10-25 02:00:00,1,1,0
2015-10-25 03:00:00,0,0,0
2015-10-25 04:00:00,0,0,0
2015-10-25 05:00:00,5,2,3
2015-10-25 06:00:00,6,1,5
2015-10-25 07:00:00,22,5,17
2015-10-25 08:00:00,45,22,23
2015-10-25 09:00:00,54,24,30
2015-10-25 10:00:00,103,61,42
2015-10-25 11:00:00,110,72,38
2015-10-25 12:00:00,75,48,27
2015-10-25 13:00:00,53,28,25
2015-10-25 14:00:00,51,34,17
2015-10-25 15:00:00,23,15,8
2015-10-25 16:00:00,18,14,4
2015-10-25 17:00:00,6,3,3
2015-10-25 18:00:00,5,2,3
2015-10-25 19:00:00,0,0,0
2015-10-25 20:00:00,0,0,0
2015-10-25 21:00:00,1,0,1
2015-10-25 22:00:00,0,0,0
2015-10-25 23:00:00,0,0,0
2015-10-26 00:00:00,0,0,0
2015-10-26 01:00:00,1,1,0
2015-10-26 02:00:00,0,0,0
2015-10-26 03:00:00,2,0,2
2015-10-26 04:00:00,2,2,0
2015-10-26 05:00:00,8,5,3
2015-10-26 06:00:00,21,14,7
2015-10-26 07:00:00,42,24,18
2015-10-26 08:00:00,31,17,14
2015-10-26 09:00:00,19,13,6
2015-10-26 10:00:00,9,4,5
2015-10-26 11:00:00,4,4,0
2015-10-26 12:00:00,3,1,2
2015-10-26 13:00:00,8,6,2
2015-10-26 14:00:00,6,4,2
2015-10-26 15:00:00,5,1,4
2015-10-26 16:00:00,41,17,24
2015-10-26 17:00:00,60,29,31
2015-10-26 18:00:00,18,6,12
2015-10-26 19:00:00,12,5,7
2015-10-26 20:00:00,5,3,2
2015-10-26 21:00:00,7,5,2
2015-10-26 22:00:00,0,0,0
2015-10-26 23:00:00,0,0,0
2015-10-27 00:00:00,1,1,0
2015-10-27 01:00:00,0,0,0
2015-10-27 02:00:00,0,0,0
2015-10-27 03:00:00,0,0,0
2015-10-27 04:00:00,5,4,1
2015-10-27 05:00:00,19,11,8
2015-10-27 06:00:00,54,28,26
2015-10-27 07:00:00,66,40,26
2015-10-27 08:00:00,65,34,31
2015-10-27 09:00:00,22,8,14
2015-10-27 10:00:00,16,9,7
2015-10-27 11:00:00,23,8,15
2015-10-27 12:00:00,29,12,17
2015-10-27 13:00:00,36,16,20
2015-10-27 14:00:00,29,18,11
2015-10-27 15:00:00,50,25,25
2015-10-27 16:00:00,99,43,56
2015-10-27 17:00:00,125,83,42
2015-10-27 18:00:00,53,31,22
2015-10-27 19:00:00,11,4,7
2015-10-27 20:00:00,6,4,2
2015-10-27 21:00:00,2,1,1
2015-10-27 22:00:00,2,1,1
2015-10-27 23:00:00,0,0,0
2015-10-28 00:00:00,1,1,0
2015-10-28 01:00:00,0,0,0
2015-10-28 02:00:00,0,0,0
2015-10-28 03:00:00,0,0,0
2015-10-28 04:00:00,3,3,0
2015-10-28 05:00:00,10,4,6
2015-10-28 06:00:00,24,12,12
2015-10-28 07:00:00,41,19,22
2015-10-28 08:00:00,34,21,13
2015-10-28 09:00:00,18,9,9
2015-10-28 10:00:00,5,4,1
2015-10-28 11:00:00,8,3,5
2015-10-28 12:00:00,8,2,6
2015-10-28 13:00:00,4,4,0
2015-10-28 14:00:00,4,1,3
2015-10-28 15:00:00,23,15,8
2015-10-28 16:00:00,33,15,18
2015-10-28 17:00:00,59,37,22
2015-10-28 18:00:00,20,14,6
2015-10-28 19:00:00,15,7,8
2015-10-28 20:00:00,7,5,2
2015-10-28 21:00:00,6,5,1
2015-10-28 22:00:00,1,0,1
2015-10-28 23:00:00,1,1,0
2015-10-29 00:00:00,2,2,0
2015-10-29 01:00:00,1,1,0
2015-10-29 02:00:00,0,0,0
2015-10-29 03:00:00,0,0,0
2015-10-29 04:00:00,4,3,1
2015-10-29 05:00:00,12,10,2
2015-10-29 06:00:00,36,18,18
2015-10-29 07:00:00,53,26,27
2015-10-29 08:00:00,38,22,16
2015-10-29 09:00:00,19,8,11
2015-10-29 10:00:00,38,12,26
2015-10-29 11:00:00,16,10,6
2015-10-29 12:00:00,9,7,2
2015-10-29 13:00:00,9,1,8
2015-10-29 14:00:00,22,10,12
2015-10-29 15:00:00,34,19,15
2015-10-29 16:00:00,50,19,31
2015-10-29 17:00:00,72,38,34
2015-10-29 18:00:00,31,18,13
2015-10-29 19:00:00,15,9,6
2015-10-29 20:00:00,9,5,4
2015-10-29 21:00:00,3,1,2
2015-10-29 22:00:00,3,1,2
2015-10-29 23:00:00,1,0,1
2015-10-30 00:00:00,1,1,0
2015-10-30 01:00:00,0,0,0
2015-10-30 02:00:00,0,0,0
2015-10-30 03:00:00,0,0,0
2015-10-30 04:00:00,2,1,1
2015-10-30 05:00:00,6,3,3
2015-10-30 06:00:00,15,11,4
2015-10-30 07:00:00,25,13,12
2015-10-30 08:00:00,19,10,9
2015-10-30 09:00:00,12,7,5
2015-10-30 10:00:00,10,5,5
2015-10-30 11:00:00,10,5,5
2015-10-30 12:00:00,2,1,1
2015-10-30 13:00:00,12,5,7
2015-10-30 14:00:00,13,7,6
2015-10-30 15:00:00,20,10,10
2015-10-30 16:00:00,35,19,16
2015-10-30 17:00:00,42,27,15
2015-10-30 18:00:00,15,7,8
2015-10-30 19:00:00,2,2,0
2015-10-30 20:00:00,2,2,0
2015-10-30 21:00:00,1,1,0
2015-10-30 22:00:00,0,0,0
2015-10-30 23:00:00,0,0,0
2015-10-31 00:00:00,1,1,0
2015-10-31 01:00:00,1,1,0
2015-10-31 02:00:00,0,0,0
2015-10-31 03:00:00,0,0,0
2015-10-31 04:00:00,1,1,0
2015-10-31 05:00:00,0,0,0
2015-10-31 06:00:00,3,2,1
2015-10-31 07:00:00,4,1,3
2015-10-31 08:00:00,9,4,5
2015-10-31 09:00:00,6,2,4
2015-10-31 10:00:00,30,25,5
2015-10-31 11:00:00,12,7,5
2015-10-31 12:00:00,11,8,3
2015-10-31 13:00:00,9,3,6
2015-10-31 14:00:00,13,7,6
2015-10-31 15:00:00,3,2,1
2015-10-31 16:00:00,5,2,3
2015-10-31 17:00:00,7,5,2
2015-10-31 18:00:00,2,0,2
2015-10-31 19:00:00,0,0,0
2015-10-31 20:00:00,0,0,0
2015-10-31 21:00:00,2,1,1
2015-10-31 22:00:00,0,0,0
2015-10-31 23:00:00,0,0,0
2015-11-01 00:00:00,0,0,0
2015-11-01 01:00:00,1,1,0
2015-11-01 02:00:00,0,0,0
2015-11-01 03:00:00,0,0,0
2015-11-01 04:00:00,0,0,0
2015-11-01 05:00:00,0,0,0
2015-11-01 06:00:00,2,0,2
2015-11-01 07:00:00,9,2,7
2015-11-01 08:00:00,35,17,18
2015-11-01 09:00:00,15,7,8
2015-11-01 10:00:00,59,47,12
2015-11-01 11:00:00,34,26,8
2015-11-01 12:00:00,16,10,6
2015-11-01 13:00:00,8,6,2
2015-11-01 14:00:00,8,2,6
2015-11-01 15:00:00,9,7,2
2015-11-01 16:00:00,2,2,0
2015-11-01 17:00:00,0,0,0
2015-11-01 18:00:00,3,2,1
2015-11-01 19:00:00,0,0,0
2015-11-01 20:00:00,1,0,1
2015-11-01 21:00:00,0,0,0
2015-11-01 22:00:00,0,0,0
2015-11-01 23:00:00,0,0,0
2015-11-02 00:00:00,0,0,0
2015-11-02 01:00:00,1,1,0
2015-11-02 02:00:00,0,0,0
2015-11-02 03:00:00,1,0,1
2015-11-02 04:00:00,3,2,1
2015-11-02 05:00:00,13,9,4
2015-11-02 06:00:00,35,22,13
2015-11-02 07:00:00,55,22,33
2015-11-02 08:00:00,33,25,8
2015-11-02 09:00:00,15,5,10
2015-11-02 10:00:00,10,5,5
2015-11-02 11:00:00,14,4,10
2015-11-02 12:00:00,3,2,1
2015-11-02 13:00:00,3,1,2
2015-11-02 14:00:00,9,3,6
2015-11-02 15:00:00,27,13,14
2015-11-02 16:00:00,52,24,28
2015-11-02 17:00:00,64,36,28
2015-11-02 18:00:00,37,18,19
2015-11-02 19:00:00,9,5,4
2015-11-02 20:00:00,2,1,1
2015-11-02 21:00:00,5,4,1
2015-11-02 22:00:00,0,0,0
2015-11-02 23:00:00,0,0,0
2015-11-03 00:00:00,1,1,0
2015-11-03 01:00:00,0,0,0
2015-11-03 02:00:00,0,0,0
2015-11-03 03:00:00,0,0,0
2015-11-03 04:00:00,3,2,1
2015-11-03 05:00:00,17,10,7
2015-11-03 06:00:00,45,23,22
2015-11-03 07:00:00,55,24,31
2015-11-03 08:00:00,31,20,11
2015-11-03 09:00:00,17,6,11
2015-11-03 10:00:00,12,5,7
2015-11-03 11:00:00,15,7,8
2015-11-03 12:00:00,18,10,8
2015-11-03 13:00:00,27,17,10
2015-11-03 14:00:00,22,9,13
2015-11-03 15:00:00,33,20,13
2015-11-03 16:00:00,71,30,41
2015-11-03 17:00:00,73,45,28
2015-11-03 18:00:00,43,30,13
2015-11-03 19:00:00,6,2,4
2015-11-03 20:00:00,2,2,0
2015-11-03 21:00:00,2,1,1
2015-11-03 22:00:00,2,2,0
2015-11-03 23:00:00,0,0,0
2015-11-04 00:00:00,1,1,0
2015-11-04 01:00:00,1,0,1
2015-11-04 02:00:00,0,0,0
2015-11-04 03:00:00,0,0,0
2015-11-04 04:00:00,7,4,3
2015-11-04 05:00:00,17,9,8
2015-11-04 06:00:00,50,20,30
2015-11-04 07:00:00,52,26,26
2015-11-04 08:00:00,33,22,11
2015-11-04 09:00:00,23,11,12
2015-11-04 10:00:00,24,15,9
2015-11-04 11:00:00,19,9,10
2015-11-04 12:00:00,34,17,17
2015-11-04 13:00:00,31,11,20
2015-11-04 14:00:00,41,25,16
2015-11-04 15:00:00,44,23,21
2015-11-04 16:00:00,67,36,31
2015-11-04 17:00:00,63,35,28
2015-11-04 18:00:00,37,21,16
2015-11-04 19:00:00,4,1,3
2015-11-04 20:00:00,10,9,1
2015-11-04 21:00:00,2,2,0
2015-11-04 22:00:00,0,0,0
2015-11-04 23:00:00,0,0,0
2015-11-05 00:00:00,1,1,0
2015-11-05 01:00:00,0,0,0
2015-11-05 02:00:00,0,0,0
2015-11-05 03:00:00,0,0,0
2015-11-05 04:00:00,3,2,1
2015-11-05 05:00:00,10,7,3
2015-11-05 06:00:00,36,18,18
2015-11-05 07:00:00,54,24,30
2015-11-05 08:00:00,28,14,14
2015-11-05 09:00:00,14,5,9
2015-11-05 10:00:00,16,7,9
2015-11-05 11:00:00,16,6,10
2015-11-05 12:00:00,6,1,5
2015-11-05 13:00:00,9,5,4
2015-11-05 14:00:00,9,6,3
2015-11-05 15:00:00,27,21,6
2015-11-05 16:00:00,40,19,21
2015-11-05 17:00:00,50,32,18
2015-11-05 18:00:00,29,14,15
2015-11-05 19:00:00,13,7,6
2015-11-05 20:00:00,3,2,1
2015-11-05 21:00:00,2,1,1
2015-11-05 22:00:00,0,0,0
2015-11-05 23:00:00,1,0,1
2015-11-06 00:00:00,3,2,1
2015-11-06 01:00:00,0,0,0
2015-11-06 02:00:00,0,0,0
2015-11-06 03:00:00,0,0,0
2015-11-06 04:00:00,5,3,2
2015-11-06 05:00:00,13,9,4
2015-11-06 06:00:00,27,15,12
2015-11-06 07:00:00,50,23,27
2015-11-06 08:00:00,28,18,10
2015-11-06 09:00:00,10,7,3
2015-11-06 10:00:00,10,6,4
2015-11-06 11:00:00,7,2,5
2015-11-06 12:00:00,15,8,7
2015-11-06 13:00:00,14,7,7
2015-11-06 14:00:00,37,15,22
2015-11-06 15:00:00,38,20,18
2015-11-06 16:00:00,65,29,36
2015-11-06 17:00:00,56,40,16
2015-11-06 18:00:00,22,9,13
2015-11-06 19:00:00,3,2,1
2015-11-06 20:00:00,1,1,0
2015-11-06 21:00:00,3,3,0
2015-11-06 22:00:00,0,0,0
2015-11-06 23:00:00,0,0,0
2015-11-07 00:00:00,1,1,0
2015-11-07 01:00:00,3,3,0
2015-11-07 02:00:00,2,2,0
2015-11-07 03:00:00,1,0,1
2015-11-07 04:00:00,0,0,0
2015-11-07 05:00:00,2,1,1
2015-11-07 06:00:00,5,1,4
2015-11-07 07:00:00,10,3,7
2015-11-07 08:00:00,34,20,14
2015-11-07 09:00:00,26,18,8
2015-11-07 10:00:00,17,13,4
2015-11-07 11:00:00,27,24,3
2015-11-07 12:00:00,21,12,9
2015-11-07 13:00:00,15,8,7
2015-11-07 14:00:00,12,8,4
2015-11-07 15:00:00,5,3,2
2015-11-07 16:00:00,4,3,1
2015-11-07 17:00:00,3,2,1
2015-11-07 18:00:00,0,0,0
2015-11-07 19:00:00,1,0,1
2015-11-07 20:00:00,0,0,0
2015-11-07 21:00:00,0,0,0
2015-11-07 22:00:00,1,1,0
2015-11-07 23:00:00,0,0,0
2015-11-08 00:00:00,0,0,0
2015-11-08 01:00:00,0,0,0
2015-11-08 02:00:00,1,1,0
2015-11-08 03:00:00,2,1,1
2015-11-08 04:00:00,0,0,0
2015-11-08 05:00:00,2,0,2
2015-11-08 06:00:00,0,0,0
2015-11-08 07:00:00,12,5,7
2015-11-08 08:00:00,35,16,19
2015-11-08 09:00:00,33,18,15
2015-11-08 10:00:00,47,40,7
2015-11-08 11:00:00,39,30,9
2015-11-08 12:00:00,33,18,15
2015-11-08 13:00:00,13,7,6
2015-11-08 14:00:00,30,13,17
2015-11-08 15:00:00,27,18,9
2015-11-08 16:00:00,16,9,7
2015-11-08 17:00:00,6,5,1
2015-11-08 18:00:00,5,4,1
2015-11-08 19:00:00,0,0,0
2015-11-08 20:00:00,1,0,1
2015-11-08 21:00:00,1,1,0
2015-11-08 22:00:00,0,0,0
2015-11-08 23:00:00,0,0,0
2015-11-09 00:00:00,1,1,0
2015-11-09 01:00:00,1,1,0
2015-11-09 02:00:00,2,1,1
2015-11-09 03:00:00,0,0,0
2015-11-09 04:00:00,4,3,1
2015-11-09 05:00:00,11,7,4
2015-11-09 06:00:00,25,17,8
2015-11-09 07:00:00,42,16,26
2015-11-09 08:00:00,36,23,13
2015-11-09 09:00:00,11,4,7
2015-11-09 10:00:00,7,5,2
2015-11-09 11:00:00,5,1,4
2015-11-09 12:00:00,3,2,1
2015-11-09 13:00:00,4,2,2
2015-11-09 14:00:00,8,1,7
2015-11-09 15:00:00,20,10,10
2015-11-09 16:00:00,54,25,29
2015-11-09 17:00:00,63,36,27
2015-11-09 18:00:00,16,12,4
2015-11-09 19:00:00,12,7,5
2015-11-09 20:00:00,5,3,2
2015-11-09 21:00:00,3,3,0
2015-11-09 22:00:00,1,0,1
2015-11-09 23:00:00,1,0,1
2015-11-10 00:00:00,3,2,1
2015-11-10 01:00:00,0,0,0
2015-11-10 02:00:00,0,0,0
2015-11-10 03:00:00,0,0,0
2015-11-10 04:00:00,4,4,0
2015-11-10 05:00:00,18,12,6
2015-11-10 06:00:00,44,25,19
2015-11-10 07:00:00,68,30,38
2015-11-10 08:00:00,48,26,22
2015-11-10 09:00:00,30,10,20
2015-11-10 10:00:00,22,12,10
2015-11-10 11:00:00,19,13,6
2015-11-10 12:00:00,45,18,27
2015-11-10 13:00:00,23,9,14
2015-11-10 14:00:00,23,11,12
2015-11-10 15:00:00,42,21,21
2015-11-10 16:00:00,64,31,33
2015-11-10 17:00:00,63,36,27
2015-11-10 18:00:00,47,32,15
2015-11-10 19:00:00,12,8,4
2015-11-10 20:00:00,4,2,2
2015-11-10 21:00:00,3,1,2
2015-11-10 22:00:00,2,2,0
2015-11-10 23:00:00,0,0,0
2015-11-11 00:00:00,1,1,0
2015-11-11 01:00:00,0,0,0
2015-11-11 02:00:00,0,0,0
2015-11-11 03:00:00,0,0,0
2015-11-11 04:00:00,4,3,1
2015-11-11 05:00:00,4,2,2
2015-11-11 06:00:00,28,14,14
2015-11-11 07:00:00,46,22,24
2015-11-11 08:00:00,27,15,12
2015-11-11 09:00:00,21,11,10
2015-11-11 10:00:00,26,15,11
2015-11-11 11:00:00,20,9,11
2015-11-11 12:00:00,27,15,12
2015-11-11 13:00:00,40,21,19
2015-11-11 14:00:00,32,17,15
2015-11-11 15:00:00,39,22,17
2015-11-11 16:00:00,36,16,20
2015-11-11 17:00:00,41,28,13
2015-11-11 18:00:00,29,16,13
2015-11-11 19:00:00,9,4,5
2015-11-11 20:00:00,7,4,3
2015-11-11 21:00:00,5,4,1
2015-11-11 22:00:00,1,0,1
2015-11-11 23:00:00,0,0,0
2015-11-12 00:00:00,1,1,0
2015-11-12 01:00:00,0,0,0
2015-11-12 02:00:00,0,0,0
2015-11-12 03:00:00,1,0,1
2015-11-12 04:00:00,4,2,2
2015-11-12 05:00:00,12,6,6
2015-11-12 06:00:00,30,11,19
2015-11-12 07:00:00,50,28,22
2015-11-12 08:00:00,22,15,7
2015-11-12 09:00:00,18,9,9
2015-11-12 10:00:00,9,2,7
2015-11-12 11:00:00,11,8,3
2015-11-12 12:00:00,8,3,5
2015-11-12 13:00:00,10,4,6
2015-11-12 14:00:00,8,3,5
2015-11-12 15:00:00,19,15,4
2015-11-12 16:00:00,32,14,18
2015-11-12 17:00:00,29,15,14
2015-11-12 18:00:00,18,9,9
2015-11-12 19:00:00,8,7,1
2015-11-12 20:00:00,5,4,1
2015-11-12 21:00:00,0,0,0
2015-11-12 22:00:00,3,2,1
2015-11-12 23:00:00,0,0,0
2015-11-13 00:00:00,1,1,0
2015-11-13 01:00:00,0,0,0
2015-11-13 02:00:00,0,0,0
2015-11-13 03:00:00,0,0,0
2015-11-13 04:00:00,2,1,1
2015-11-13 05:00:00,4,1,3
2015-11-13 06:00:00,8,7,1
2015-11-13 07:00:00,27,15,12
2015-11-13 08:00:00,14,5,9
2015-11-13 09:00:00,3,1,2
2015-11-13 10:00:00,3,1,2
2015-11-13 11:00:00,3,1,2
2015-11-13 12:00:00,4,1,3
2015-11-13 13:00:00,5,4,1
2015-11-13 14:00:00,1,0,1
2015-11-13 15:00:00,12,5,7
2015-11-13 16:00:00,24,15,9
2015-11-13 17:00:00,20,10,10
2015-11-13 18:00:00,10,6,4
2015-11-13 19:00:00,4,1,3
2015-11-13 20:00:00,1,1,0
2015-11-13 21:00:00,0,0,0
2015-11-13 22:00:00,1,1,0
2015-11-13 23:00:00,0,0,0
2015-11-14 00:00:00,1,1,0
2015-11-14 01:00:00,0,0,0
2015-11-14 02:00:00,2,2,0
2015-11-14 03:00:00,0,0,0
2015-11-14 04:00:00,1,1,0
2015-11-14 05:00:00,0,0,0
2015-11-14 06:00:00,0,0,0
2015-11-14 07:00:00,4,0,4
2015-11-14 08:00:00,3,2,1
2015-11-14 09:00:00,12,7,5
2015-11-14 10:00:00,14,11,3
2015-11-14 11:00:00,16,11,5
2015-11-14 12:00:00,16,9,7
2015-11-14 13:00:00,13,10,3
2015-11-14 14:00:00,6,4,2
2015-11-14 15:00:00,4,1,3
2015-11-14 16:00:00,7,4,3
2015-11-14 17:00:00,3,1,2
2015-11-14 18:00:00,0,0,0
2015-11-14 19:00:00,0,0,0
2015-11-14 20:00:00,0,0,0
2015-11-14 21:00:00,0,0,0
2015-11-14 22:00:00,0,0,0
2015-11-14 23:00:00,0,0,0
2015-11-15 00:00:00,1,1,0
2015-11-15 01:00:00,1,0,1
2015-11-15 02:00:00,1,1,0
2015-11-15 03:00:00,0,0,0
2015-11-15 04:00:00,1,1,0
2015-11-15 05:00:00,2,0,2
2015-11-15 06:00:00,0,0,0
2015-11-15 07:00:00,2,0,2
2015-11-15 08:00:00,24,10,14
2015-11-15 09:00:00,32,8,24
2015-11-15 10:00:00,38,14,24
2015-11-15 11:00:00,43,19,24
2015-11-15 12:00:00,47,26,21
2015-11-15 13:00:00,47,22,25
2015-11-15 14:00:00,58,35,23
2015-11-15 15:00:00,37,25,12
2015-11-15 16:00:00,20,13,7
2015-11-15 17:00:00,5,5,0
2015-11-15 18:00:00,4,2,2
2015-11-15 19:00:00,0,0,0
2015-11-15 20:00:00,0,0,0
2015-11-15 21:00:00,0,0,0
2015-11-15 22:00:00,0,0,0
2015-11-15 23:00:00,0,0,0
2015-11-16 00:00:00,0,0,0
2015-11-16 01:00:00,0,0,0
2015-11-16 02:00:00,1,1,0
2015-11-16 03:00:00,1,0,1
2015-11-16 04:00:00,3,2,1
2015-11-16 05:00:00,15,8,7
2015-11-16 06:00:00,18,14,4
2015-11-16 07:00:00,43,23,20
2015-11-16 08:00:00,27,14,13
2015-11-16 09:00:00,14,5,9
2015-11-16 10:00:00,9,5,4
2015-11-16 11:00:00,9,2,7
2015-11-16 12:00:00,9,7,2
2015-11-16 13:00:00,3,1,2
2015-11-16 14:00:00,2,1,1
2015-11-16 15:00:00,12,3,9
2015-11-16 16:00:00,36,21,15
2015-11-16 17:00:00,41,21,20
2015-11-16 18:00:00,11,7,4
2015-11-16 19:00:00,11,7,4
2015-11-16 20:00:00,3,1,2
2015-11-16 21:00:00,0,0,0
2015-11-16 22:00:00,3,2,1
2015-11-16 23:00:00,2,1,1
2015-11-17 00:00:00,1,1,0
2015-11-17 01:00:00,0,0,0
2015-11-17 02:00:00,0,0,0
2015-11-17 03:00:00,3,1,2
2015-11-17 04:00:00,0,0,0
2015-11-17 05:00:00,8,7,1
2015-11-17 06:00:00,12,6,6
2015-11-17 07:00:00,22,13,9
2015-11-17 08:00:00,12,8,4
2015-11-17 09:00:00,10,5,5
2015-11-17 10:00:00,3,2,1
2015-11-17 11:00:00,0,0,0
2015-11-17 12:00:00,4,1,3
2015-11-17 13:00:00,3,1,2
2015-11-17 14:00:00,2,1,1
2015-11-17 15:00:00,6,4,2
2015-11-17 16:00:00,21,3,18
2015-11-17 17:00:00,23,15,8
2015-11-17 18:00:00,15,9,6
2015-11-17 19:00:00,8,6,2
2015-11-17 20:00:00,1,0,1
2015-11-17 21:00:00,2,0,2
2015-11-17 22:00:00,1,0,1
2015-11-17 23:00:00,0,0,0
2015-11-18 00:00:00,1,1,0
2015-11-18 01:00:00,0,0,0
2015-11-18 02:00:00,0,0,0
2015-11-18 03:00:00,0,0,0
2015-11-18 04:00:00,5,3,2
2015-11-18 05:00:00,10,6,4
2015-11-18 06:00:00,47,24,23
2015-11-18 07:00:00,50,23,27
2015-11-18 08:00:00,37,20,17
2015-11-18 09:00:00,19,10,9
2015-11-18 10:00:00,13,5,8
2015-11-18 11:00:00,12,8,4
2015-11-18 12:00:00,15,5,10
2015-11-18 13:00:00,15,9,6
2015-11-18 14:00:00,24,14,10
2015-11-18 15:00:00,27,17,10
2015-11-18 16:00:00,56,22,34
2015-11-18 17:00:00,46,23,23
2015-11-18 18:00:00,28,22,6
2015-11-18 19:00:00,12,6,6
2015-11-18 20:00:00,13,10,3
2015-11-18 21:00:00,3,3,0
2015-11-18 22:00:00,1,0,1
2015-11-18 23:00:00,0,0,0
2015-11-19 00:00:00,2,1,1
2015-11-19 01:00:00,0,0,0
2015-11-19 02:00:00,0,0,0
2015-11-19 03:00:00,0,0,0
2015-11-19 04:00:00,2,2,0
2015-11-19 05:00:00,14,9,5
2015-11-19 06:00:00,35,13,22
2015-11-19 07:00:00,55,35,20
2015-11-19 08:00:00,26,14,12
2015-11-19 09:00:00,20,11,9
2015-11-19 10:00:00,18,12,6
2015-11-19 11:00:00,16,10,6
2015-11-19 12:00:00,19,10,9
2015-11-19 13:00:00,20,8,12
2015-11-19 14:00:00,18,10,8
2015-11-19 15:00:00,25,15,10
2015-11-19 16:00:00,44,21,23
2015-11-19 17:00:00,50,29,21
2015-11-19 18:00:00,31,14,17
2015-11-19 19:00:00,9,5,4
2015-11-19 20:00:00,5,4,1
2015-11-19 21:00:00,5,3,2
2015-11-19 22:00:00,0,0,0
2015-11-19 23:00:00,1,0,1
2015-11-20 00:00:00,2,2,0
2015-11-20 01:00:00,0,0,0
2015-11-20 02:00:00,0,0,0
2015-11-20 03:00:00,0,0,0
2015-11-20 04:00:00,5,3,2
2015-11-20 05:00:00,6,5,1
2015-11-20 06:00:00,29,16,13
2015-11-20 07:00:00,37,22,15
2015-11-20 08:00:00,28,22,6
2015-11-20 09:00:00,7,5,2
2015-11-20 10:00:00,10,5,5
2015-11-20 11:00:00,14,11,3
2015-11-20 12:00:00,18,2,16
2015-11-20 13:00:00,27,10,17
2015-11-20 14:00:00,24,16,8
2015-11-20 15:00:00,42,22,20
2015-11-20 16:00:00,50,22,28
2015-11-20 17:00:00,52,27,25
2015-11-20 18:00:00,14,10,4
2015-11-20 19:00:00,6,3,3
2015-11-20 20:00:00,1,1,0
2015-11-20 21:00:00,1,0,1
2015-11-20 22:00:00,0,0,0
2015-11-20 23:00:00,0,0,0
2015-11-21 00:00:00,3,2,1
2015-11-21 01:00:00,0,0,0
2015-11-21 02:00:00,0,0,0
2015-11-21 03:00:00,0,0,0
2015-11-21 04:00:00,1,1,0
2015-11-21 05:00:00,0,0,0
2015-11-21 06:00:00,1,1,0
2015-11-21 07:00:00,10,0,10
2015-11-21 08:00:00,65,27,38
2015-11-21 09:00:00,93,40,53
2015-11-21 10:00:00,71,38,33
2015-11-21 11:00:00,81,43,38
2015-11-21 12:00:00,116,76,40
2015-11-21 13:00:00,90,51,39
2015-11-21 14:00:00,68,39,29
2015-11-21 15:00:00,49,39,10
2015-11-21 16:00:00,13,10,3
2015-11-21 17:00:00,4,2,2
2015-11-21 18:00:00,3,2,1
2015-11-21 19:00:00,0,0,0
2015-11-21 20:00:00,1,0,1
2015-11-21 21:00:00,0,0,0
2015-11-21 22:00:00,0,0,0
2015-11-21 23:00:00,0,0,0
2015-11-22 00:00:00,0,0,0
2015-11-22 01:00:00,0,0,0
2015-11-22 02:00:00,0,0,0
2015-11-22 03:00:00,0,0,0
2015-11-22 04:00:00,1,1,0
2015-11-22 05:00:00,0,0,0
2015-11-22 06:00:00,3,0,3
2015-11-22 07:00:00,7,4,3
2015-11-22 08:00:00,28,15,13
2015-11-22 09:00:00,39,17,22
2015-11-22 10:00:00,43,23,20
2015-11-22 11:00:00,55,38,17
2015-11-22 12:00:00,79,44,35
2015-11-22 13:00:00,49,25,24
2015-11-22 14:00:00,63,28,35
2015-11-22 15:00:00,46,33,13
2015-11-22 16:00:00,14,8,6
2015-11-22 17:00:00,5,4,1
2015-11-22 18:00:00,8,6,2
2015-11-22 19:00:00,1,0,1
2015-11-22 20:00:00,0,0,0
2015-11-22 21:00:00,0,0,0
2015-11-22 22:00:00,0,0,0
2015-11-22 23:00:00,0,0,0
2015-11-23 00:00:00,0,0,0
2015-11-23 01:00:00,0,0,0
2015-11-23 02:00:00,0,0,0
2015-11-23 03:00:00,2,0,2
2015-11-23 04:00:00,3,1,2
2015-11-23 05:00:00,16,10,6
2015-11-23 06:00:00,21,14,7
2015-11-23 07:00:00,47,19,28
2015-11-23 08:00:00,24,13,11
2015-11-23 09:00:00,16,9,7
2015-11-23 10:00:00,10,7,3
2015-11-23 11:00:00,6,2,4
2015-11-23 12:00:00,12,8,4
2015-11-23 13:00:00,4,3,1
2015-11-23 14:00:00,10,3,7
2015-11-23 15:00:00,18,10,8
2015-11-23 16:00:00,28,11,17
2015-11-23 17:00:00,46,26,20
2015-11-23 18:00:00,21,12,9
2015-11-23 19:00:00,9,5,4
2015-11-23 20:00:00,6,5,1
2015-11-23 21:00:00,1,1,0
2015-11-23 22:00:00,1,0,1
2015-11-23 23:00:00,0,0,0
2015-11-24 00:00:00,1,1,0
2015-11-24 01:00:00,0,0,0
2015-11-24 02:00:00,1,1,0
2015-11-24 03:00:00,0,0,0
2015-11-24 04:00:00,4,3,1
2015-11-24 05:00:00,8,6,2
2015-11-24 06:00:00,8,6,2
2015-11-24 07:00:00,33,14,19
2015-11-24 08:00:00,22,13,9
2015-11-24 09:00:00,7,3,4
2015-11-24 10:00:00,5,2,3
2015-11-24 11:00:00,2,2,0
2015-11-24 12:00:00,5,3,2
2015-11-24 13:00:00,13,7,6
2015-11-24 14:00:00,10,3,7
2015-11-24 15:00:00,16,9,7
2015-11-24 16:00:00,29,14,15
2015-11-24 17:00:00,24,11,13
2015-11-24 18:00:00,29,24,5
2015-11-24 19:00:00,7,3,4
2015-11-24 20:00:00,4,3,1
2015-11-24 21:00:00,1,0,1
2015-11-24 22:00:00,0,0,0
2015-11-24 23:00:00,0,0,0
2015-11-25 00:00:00,2,1,1
2015-11-25 01:00:00,0,0,0
2015-11-25 02:00:00,0,0,0
2015-11-25 03:00:00,0,0,0
2015-11-25 04:00:00,6,4,2
2015-11-25 05:00:00,6,2,4
2015-11-25 06:00:00,19,13,6
2015-11-25 07:00:00,29,10,19
2015-11-25 08:00:00,31,20,11
2015-11-25 09:00:00,17,6,11
2015-11-25 10:00:00,8,6,2
2015-11-25 11:00:00,19,9,10
2015-11-25 12:00:00,24,14,10
2015-11-25 13:00:00,27,14,13
2015-11-25 14:00:00,29,11,18
2015-11-25 15:00:00,48,25,23
2015-11-25 16:00:00,49,32,17
2015-11-25 17:00:00,18,7,11
2015-11-25 18:00:00,12,7,5
2015-11-25 19:00:00,6,3,3
2015-11-25 20:00:00,0,0,0
2015-11-25 21:00:00,2,1,1
2015-11-25 22:00:00,0,0,0
2015-11-25 23:00:00,1,1,0
2015-11-26 00:00:00,3,1,2
2015-11-26 01:00:00,0,0,0
2015-11-26 02:00:00,0,0,0
2015-11-26 03:00:00,1,0,1
2015-11-26 04:00:00,0,0,0
2015-11-26 05:00:00,0,0,0
2015-11-26 06:00:00,0,0,0
2015-11-26 07:00:00,1,0,1
2015-11-26 08:00:00,43,33,10
2015-11-26 09:00:00,20,11,9
2015-11-26 10:00:00,90,70,20
2015-11-26 11:00:00,65,33,32
2015-11-26 12:00:00,65,48,17
2015-11-26 13:00:00,23,9,14
2015-11-26 14:00:00,27,18,9
2015-11-26 15:00:00,24,13,11
2015-11-26 16:00:00,6,6,0
2015-11-26 17:00:00,0,0,0
2015-11-26 18:00:00,3,3,0
2015-11-26 19:00:00,0,0,0
2015-11-26 20:00:00,0,0,0
2015-11-26 21:00:00,1,0,1
2015-11-26 22:00:00,0,0,0
2015-11-26 23:00:00,2,2,0
2015-11-27 00:00:00,0,0,0
2015-11-27 01:00:00,0,0,0
2015-11-27 02:00:00,0,0,0
2015-11-27 03:00:00,0,0,0
2015-11-27 04:00:00,0,0,0
2015-11-27 05:00:00,0,0,0
2015-11-27 06:00:00,1,1,0
2015-11-27 07:00:00,1,1,0
2015-11-27 08:00:00,8,5,3
2015-11-27 09:00:00,12,1,11
2015-11-27 10:00:00,22,3,19
2015-11-27 11:00:00,40,14,26
2015-11-27 12:00:00,54,31,23
2015-11-27 13:00:00,41,20,21
2015-11-27 14:00:00,49,27,22
2015-11-27 15:00:00,35,19,16
2015-11-27 16:00:00,8,6,2
2015-11-27 17:00:00,2,2,0
2015-11-27 18:00:00,2,1,1
2015-11-27 19:00:00,1,1,0
2015-11-27 20:00:00,1,1,0
2015-11-27 21:00:00,0,0,0
2015-11-27 22:00:00,0,0,0
2015-11-27 23:00:00,0,0,0
2015-11-28 00:00:00,0,0,0
2015-11-28 01:00:00,0,0,0
2015-11-28 02:00:00,0,0,0
2015-11-28 03:00:00,1,1,0
2015-11-28 04:00:00,0,0,0
2015-11-28 05:00:00,0,0,0
2015-11-28 06:00:00,1,1,0
2015-11-28 07:00:00,3,1,2
2015-11-28 08:00:00,11,3,8
2015-11-28 09:00:00,14,6,8
2015-11-28 10:00:00,36,19,17
2015-11-28 11:00:00,30,23,7
2015-11-28 12:00:00,56,24,32
2015-11-28 13:00:00,62,31,31
2015-11-28 14:00:00,75,44,31
2015-11-28 15:00:00,32,20,12
2015-11-28 16:00:00,9,6,3
2015-11-28 17:00:00,2,1,1
2015-11-28 18:00:00,0,0,0
2015-11-28 19:00:00,0,0,0
2015-11-28 20:00:00,2,1,1
2015-11-28 21:00:00,0,0,0
2015-11-28 22:00:00,0,0,0
2015-11-28 23:00:00,0,0,0
2015-11-29 00:00:00,0,0,0
2015-11-29 01:00:00,1,0,1
2015-11-29 02:00:00,0,0,0
2015-11-29 03:00:00,0,0,0
2015-11-29 04:00:00,1,1,0
2015-11-29 05:00:00,0,0,0
2015-11-29 06:00:00,0,0,0
2015-11-29 07:00:00,4,2,2
2015-11-29 08:00:00,12,6,6
2015-11-29 09:00:00,8,6,2
2015-11-29 10:00:00,12,8,4
2015-11-29 11:00:00,21,9,12
2015-11-29 12:00:00,23,18,5
2015-11-29 13:00:00,25,15,10
2015-11-29 14:00:00,26,14,12
2015-11-29 15:00:00,19,12,7
2015-11-29 16:00:00,9,7,2
2015-11-29 17:00:00,2,2,0
2015-11-29 18:00:00,1,0,1
2015-11-29 19:00:00,0,0,0
2015-11-29 20:00:00,0,0,0
2015-11-29 21:00:00,0,0,0
2015-11-29 22:00:00,0,0,0
2015-11-29 23:00:00,0,0,0
2015-11-30 00:00:00,0,0,0
2015-11-30 01:00:00,0,0,0
2015-11-30 02:00:00,0,0,0
2015-11-30 03:00:00,1,0,1
2015-11-30 04:00:00,3,3,0
2015-11-30 05:00:00,4,2,2
2015-11-30 06:00:00,21,7,14
2015-11-30 07:00:00,31,14,17
2015-11-30 08:00:00,18,12,6
2015-11-30 09:00:00,11,5,6
2015-11-30 10:00:00,5,3,2
2015-11-30 11:00:00,13,5,8
2015-11-30 12:00:00,15,6,9
2015-11-30 13:00:00,21,10,11
2015-11-30 14:00:00,7,4,3
2015-11-30 15:00:00,12,6,6
2015-11-30 16:00:00,29,18,11
2015-11-30 17:00:00,35,21,14
2015-11-30 18:00:00,26,17,9
2015-11-30 19:00:00,5,4,1
2015-11-30 20:00:00,2,1,1
2015-11-30 21:00:00,2,1,1
2015-11-30 22:00:00,0,0,0
2015-11-30 23:00:00,1,0,1
2015-12-01 00:00:00,1,1,0
2015-12-01 01:00:00,0,0,0
2015-12-01 02:00:00,0,0,0
2015-12-01 03:00:00,0,0,0
2015-12-01 04:00:00,3,2,1
2015-12-01 05:00:00,5,3,2
2015-12-01 06:00:00,24,18,6
2015-12-01 07:00:00,52,32,20
2015-12-01 08:00:00,23,14,9
2015-12-01 09:00:00,19,10,9
2015-12-01 10:00:00,10,5,5
2015-12-01 11:00:00,14,9,5
2015-12-01 12:00:00,9,5,4
2015-12-01 13:00:00,13,4,9
2015-12-01 14:00:00,20,9,11
2015-12-01 15:00:00,19,10,9
2015-12-01 16:00:00,38,19,19
2015-12-01 17:00:00,54,25,29
2015-12-01 18:00:00,29,17,12
2015-12-01 19:00:00,6,3,3
2015-12-01 20:00:00,7,6,1
2015-12-01 21:00:00,0,0,0
2015-12-01 22:00:00,1,1,0
2015-12-01 23:00:00,1,1,0
2015-12-02 00:00:00,1,1,0
2015-12-02 01:00:00,0,0,0
2015-12-02 02:00:00,0,0,0
2015-12-02 03:00:00,0,0,0
2015-12-02 04:00:00,5,2,3
2015-12-02 05:00:00,7,4,3
2015-12-02 06:00:00,26,11,15
2015-12-02 07:00:00,45,23,22
2015-12-02 08:00:00,28,15,13
2015-12-02 09:00:00,20,11,9
2015-12-02 10:00:00,7,2,5
2015-12-02 11:00:00,10,4,6
2015-12-02 12:00:00,19,10,9
2015-12-02 13:00:00,12,9,3
2015-12-02 14:00:00,12,7,5
2015-12-02 15:00:00,25,15,10
2015-12-02 16:00:00,35,15,20
2015-12-02 17:00:00,53,25,28
2015-12-02 18:00:00,30,21,9
2015-12-02 19:00:00,12,8,4
2015-12-02 20:00:00,4,3,1
2015-12-02 21:00:00,0,0,0
2015-12-02 22:00:00,1,1,0
2015-12-02 23:00:00,1,0,1
2015-12-03 00:00:00,3,2,1
2015-12-03 01:00:00,1,0,1
2015-12-03 02:00:00,0,0,0
2015-12-03 03:00:00,1,0,1
2015-12-03 04:00:00,2,2,0
2015-12-03 05:00:00,4,2,2
2015-12-03 06:00:00,11,6,5
2015-12-03 07:00:00,33,14,19
2015-12-03 08:00:00,18,11,7
2015-12-03 09:00:00,18,6,12
2015-12-03 10:00:00,7,5,2
2015-12-03 11:00:00,4,0,4
2015-12-03 12:00:00,10,5,5
2015-12-03 13:00:00,4,3,1
2015-12-03 14:00:00,7,2,5
2015-12-03 15:00:00,19,13,6
2015-12-03 16:00:00,21,9,12
2015-12-03 17:00:00,18,11,7
2015-12-03 18:00:00,18,10,8
2015-12-03 19:00:00,5,3,2
2015-12-03 20:00:00,6,2,4
2015-12-07 05:00:00,6,5,1
2015-12-03 21:00:00,3,1,2
2015-12-03 22:00:00,1,0,1
2015-12-03 23:00:00,2,2,0
2015-12-04 00:00:00,2,1,1
2015-12-04 01:00:00,4,4,0
2015-12-04 02:00:00,0,0,0
2015-12-04 03:00:00,0,0,0
2015-12-04 04:00:00,3,2,1
2015-12-04 05:00:00,3,1,2
2015-12-04 06:00:00,23,12,11
2015-12-04 07:00:00,44,22,22
2015-12-04 08:00:00,23,15,8
2015-12-04 09:00:00,17,2,15
2015-12-04 10:00:00,15,5,10
2015-12-04 11:00:00,18,10,8
2015-12-04 12:00:00,15,6,9
2015-12-04 13:00:00,13,6,7
2015-12-04 14:00:00,17,7,10
2015-12-04 15:00:00,19,11,8
2015-12-04 16:00:00,38,15,23
2015-12-04 17:00:00,40,21,19
2015-12-04 18:00:00,15,8,7
2015-12-04 19:00:00,4,2,2
2015-12-04 20:00:00,3,2,1
2015-12-04 21:00:00,0,0,0
2015-12-04 22:00:00,2,1,1
2015-12-04 23:00:00,0,0,0
2015-12-05 00:00:00,1,1,0
2015-12-05 01:00:00,0,0,0
2015-12-05 02:00:00,2,1,1
2015-12-05 03:00:00,3,2,1
2015-12-05 04:00:00,0,0,0
2015-12-05 05:00:00,0,0,0
2015-12-05 06:00:00,2,0,2
2015-12-05 07:00:00,9,4,5
2015-12-05 08:00:00,39,10,29
2015-12-05 09:00:00,42,33,9
2015-12-05 10:00:00,23,14,9
2015-12-05 11:00:00,21,17,4
2015-12-05 12:00:00,13,8,5
2015-12-05 13:00:00,12,8,4
2015-12-05 14:00:00,15,13,2
2015-12-05 15:00:00,4,3,1
2015-12-05 16:00:00,1,1,0
2015-12-05 17:00:00,2,2,0
2015-12-05 18:00:00,1,1,0
2015-12-05 19:00:00,0,0,0
2015-12-05 20:00:00,0,0,0
2015-12-05 21:00:00,0,0,0
2015-12-05 22:00:00,0,0,0
2015-12-05 23:00:00,0,0,0
2015-12-06 00:00:00,0,0,0
2015-12-06 01:00:00,0,0,0
2015-12-06 02:00:00,0,0,0
2015-12-06 03:00:00,0,0,0
2015-12-06 04:00:00,1,1,0
2015-12-06 05:00:00,0,0,0
2015-12-06 06:00:00,3,3,0
2015-12-06 07:00:00,11,5,6
2015-12-06 08:00:00,11,9,2
2015-12-06 09:00:00,34,11,23
2015-12-06 10:00:00,27,16,11
2015-12-06 11:00:00,37,22,15
2015-12-06 12:00:00,31,16,15
2015-12-06 13:00:00,31,17,14
2015-12-06 14:00:00,33,15,18
2015-12-06 15:00:00,17,16,1
2015-12-06 16:00:00,14,11,3
2015-12-06 17:00:00,3,2,1
2015-12-06 18:00:00,2,1,1
2015-12-06 19:00:00,0,0,0
2015-12-06 20:00:00,0,0,0
2015-12-06 21:00:00,0,0,0
2015-12-06 22:00:00,0,0,0
2015-12-06 23:00:00,1,0,1
2015-12-07 00:00:00,0,0,0
2015-12-07 01:00:00,0,0,0
2015-12-07 02:00:00,0,0,0
2015-12-07 03:00:00,1,0,1
2015-12-07 04:00:00,4,3,1
2015-12-07 06:00:00,25,14,11
2015-12-07 07:00:00,37,16,21
2015-12-07 08:00:00,23,17,6
2015-12-07 09:00:00,10,4,6
2015-12-07 10:00:00,3,1,2
2015-12-07 11:00:00,3,1,2
2015-12-07 12:00:00,1,0,1
2015-12-07 13:00:00,0,0,0
2015-12-07 14:00:00,1,0,1
2015-12-07 15:00:00,11,7,4
2015-12-07 16:00:00,30,13,17
2015-12-07 17:00:00,34,18,16
2015-12-07 18:00:00,20,11,9
2015-12-07 19:00:00,4,3,1
2015-12-07 20:00:00,7,4,3
2015-12-07 21:00:00,4,2,2
2015-12-07 22:00:00,1,1,0
2015-12-07 23:00:00,0,0,0
2015-12-08 00:00:00,1,1,0
2015-12-08 01:00:00,0,0,0
2015-12-08 02:00:00,0,0,0
2015-12-08 03:00:00,0,0,0
2015-12-08 04:00:00,3,2,1
2015-12-08 05:00:00,13,8,5
2015-12-08 06:00:00,12,7,5
2015-12-08 07:00:00,24,13,11
2015-12-08 08:00:00,22,16,6
2015-12-08 09:00:00,11,5,6
2015-12-08 10:00:00,5,2,3
2015-12-08 11:00:00,2,1,1
2015-12-08 12:00:00,2,0,2
2015-12-08 13:00:00,1,1,0
2015-12-08 14:00:00,3,1,2
2015-12-08 15:00:00,6,4,2
2015-12-08 16:00:00,20,7,13
2015-12-08 17:00:00,27,13,14
2015-12-08 18:00:00,17,15,2
2015-12-08 19:00:00,3,0,3
2015-12-08 20:00:00,4,1,3
2015-12-08 21:00:00,0,0,0
2015-12-08 22:00:00,2,1,1
2015-12-08 23:00:00,0,0,0
2015-12-09 00:00:00,1,1,0
2015-12-09 01:00:00,0,0,0
2015-12-09 02:00:00,0,0,0
2015-12-09 03:00:00,0,0,0
2015-12-09 04:00:00,2,1,1
2015-12-09 05:00:00,7,5,2
2015-12-09 06:00:00,16,9,7
2015-12-09 07:00:00,34,16,18
2015-12-09 08:00:00,18,11,7
2015-12-09 09:00:00,18,10,8
2015-12-09 10:00:00,9,3,6
2015-12-09 11:00:00,11,4,7
2015-12-09 12:00:00,17,9,8
2015-12-09 13:00:00,10,3,7
2015-12-09 14:00:00,20,7,13
2015-12-09 15:00:00,27,11,16
2015-12-09 16:00:00,45,24,21
2015-12-09 17:00:00,51,26,25
2015-12-09 18:00:00,26,14,12
2015-12-09 19:00:00,8,5,3
2015-12-09 20:00:00,2,1,1
2015-12-09 21:00:00,0,0,0
2015-12-09 22:00:00,0,0,0
2015-12-09 23:00:00,0,0,0
2015-12-10 00:00:00,1,1,0
2015-12-10 01:00:00,0,0,0
2015-12-10 02:00:00,0,0,0
2015-12-10 03:00:00,1,1,0
2015-12-10 04:00:00,4,3,1
2015-12-10 05:00:00,4,3,1
2015-12-10 06:00:00,19,8,11
2015-12-10 07:00:00,43,22,21
2015-12-10 08:00:00,18,10,8
2015-12-10 09:00:00,14,9,5
2015-12-10 10:00:00,6,3,3
2015-12-10 11:00:00,2,1,1
2015-12-10 12:00:00,2,0,2
2015-12-10 13:00:00,1,0,1
2015-12-10 14:00:00,4,3,1
2015-12-10 15:00:00,5,2,3
2015-12-10 16:00:00,27,10,17
2015-12-10 17:00:00,30,22,8
2015-12-10 18:00:00,19,9,10
2015-12-10 19:00:00,6,2,4
2015-12-10 20:00:00,6,3,3
2015-12-10 21:00:00,1,0,1
2015-12-10 22:00:00,2,1,1
2015-12-10 23:00:00,1,0,1
2015-12-11 00:00:00,1,1,0
2015-12-11 01:00:00,0,0,0
2015-12-11 02:00:00,0,0,0
2015-12-11 03:00:00,1,1,0
2015-12-11 04:00:00,4,3,1
2015-12-11 05:00:00,6,2,4
2015-12-11 06:00:00,22,10,12
2015-12-11 07:00:00,51,29,22
2015-12-11 08:00:00,24,15,9
2015-12-11 09:00:00,22,11,11
2015-12-11 10:00:00,11,4,7
2015-12-11 11:00:00,20,8,12
2015-12-11 12:00:00,19,8,11
2015-12-11 13:00:00,18,9,9
2015-12-11 14:00:00,20,6,14
2015-12-11 15:00:00,20,10,10
2015-12-11 16:00:00,37,17,20
2015-12-11 17:00:00,40,23,17
2015-12-11 18:00:00,16,12,4
2015-12-11 19:00:00,7,2,5
2015-12-11 20:00:00,4,3,1
2015-12-11 21:00:00,0,0,0
2015-12-11 22:00:00,0,0,0
2015-12-11 23:00:00,1,1,0
2015-12-12 00:00:00,2,2,0
2015-12-12 01:00:00,1,0,1
2015-12-12 02:00:00,0,0,0
2015-12-12 03:00:00,4,4,0
2015-12-12 04:00:00,0,0,0
2015-12-12 05:00:00,0,0,0
2015-12-12 06:00:00,6,0,6
2015-12-12 07:00:00,10,5,5
2015-12-12 08:00:00,19,10,9
2015-12-12 09:00:00,28,24,4
2015-12-12 10:00:00,27,13,14
2015-12-12 11:00:00,23,18,5
2015-12-12 12:00:00,18,15,3
2015-12-12 13:00:00,14,11,3
2015-12-12 14:00:00,5,1,4
2015-12-12 15:00:00,6,6,0
2015-12-12 16:00:00,2,1,1
2015-12-12 17:00:00,1,1,0
2015-12-12 18:00:00,0,0,0
2015-12-12 19:00:00,1,1,0
2015-12-12 20:00:00,0,0,0
2015-12-12 21:00:00,1,1,0
2015-12-12 22:00:00,0,0,0
2015-12-12 23:00:00,1,0,1
2015-12-13 00:00:00,0,0,0
2015-12-13 01:00:00,0,0,0
2015-12-13 02:00:00,0,0,0
2015-12-13 03:00:00,1,1,0
2015-12-13 04:00:00,0,0,0
2015-12-13 05:00:00,3,1,2
2015-12-13 06:00:00,3,2,1
2015-12-13 07:00:00,7,1,6
2015-12-13 08:00:00,9,6,3
2015-12-13 09:00:00,26,10,16
2015-12-13 10:00:00,30,22,8
2015-12-13 11:00:00,23,16,7
2015-12-13 12:00:00,27,11,16
2015-12-13 13:00:00,28,16,12
2015-12-13 14:00:00,21,14,7
2015-12-13 15:00:00,13,11,2
2015-12-13 16:00:00,3,2,1
2015-12-13 17:00:00,1,1,0
2015-12-13 18:00:00,2,2,0
2015-12-13 19:00:00,0,0,0
2015-12-13 20:00:00,1,0,1
2015-12-13 21:00:00,0,0,0
2015-12-13 22:00:00,0,0,0
2015-12-13 23:00:00,0,0,0
2015-12-14 00:00:00,0,0,0
2015-12-14 01:00:00,1,0,1
2015-12-14 02:00:00,1,1,0
2015-12-14 03:00:00,1,0,1
2015-12-14 04:00:00,3,3,0
2015-12-14 05:00:00,9,4,5
2015-12-14 06:00:00,23,17,6
2015-12-14 07:00:00,51,32,19
2015-12-14 08:00:00,29,16,13
2015-12-14 09:00:00,19,6,13
2015-12-14 10:00:00,11,5,6
2015-12-14 11:00:00,10,3,7
2015-12-14 12:00:00,12,4,8
2015-12-14 13:00:00,14,6,8
2015-12-14 14:00:00,19,8,11
2015-12-14 15:00:00,27,15,12
2015-12-14 16:00:00,50,24,26
2015-12-14 17:00:00,49,23,26
2015-12-14 18:00:00,29,15,14
2015-12-14 19:00:00,7,6,1
2015-12-14 20:00:00,6,5,1
2015-12-14 21:00:00,2,2,0
2015-12-14 22:00:00,1,1,0
2015-12-14 23:00:00,0,0,0
2015-12-15 00:00:00,1,1,0
2015-12-15 01:00:00,0,0,0
2015-12-15 02:00:00,0,0,0
2015-12-15 03:00:00,0,0,0
2015-12-15 04:00:00,3,2,1
2015-12-15 05:00:00,9,3,6
2015-12-15 06:00:00,23,15,8
2015-12-15 07:00:00,43,23,20
2015-12-15 08:00:00,28,18,10
2015-12-15 09:00:00,14,4,10
2015-12-15 10:00:00,21,5,16
2015-12-15 11:00:00,10,8,2
2015-12-15 12:00:00,12,3,9
2015-12-15 13:00:00,18,7,11
2015-12-15 14:00:00,12,2,10
2015-12-15 15:00:00,24,12,12
2015-12-15 16:00:00,34,14,20
2015-12-15 17:00:00,42,27,15
2015-12-15 18:00:00,32,15,17
2015-12-15 19:00:00,6,2,4
2015-12-15 20:00:00,1,0,1
2015-12-15 21:00:00,1,1,0
2015-12-15 22:00:00,0,0,0
2015-12-15 23:00:00,0,0,0
2015-12-16 00:00:00,1,1,0
2015-12-16 01:00:00,0,0,0
2015-12-16 02:00:00,0,0,0
2015-12-16 03:00:00,0,0,0
2015-12-16 04:00:00,4,4,0
2015-12-16 05:00:00,13,8,5
2015-12-16 06:00:00,26,13,13
2015-12-16 07:00:00,56,30,26
2015-12-16 08:00:00,29,18,11
2015-12-16 09:00:00,20,7,13
2015-12-16 10:00:00,15,9,6
2015-12-16 11:00:00,7,2,5
2015-12-16 12:00:00,15,3,12
2015-12-16 13:00:00,17,12,5
2015-12-16 14:00:00,34,16,18
2015-12-16 15:00:00,17,12,5
2015-12-16 16:00:00,44,23,21
2015-12-16 17:00:00,44,26,18
2015-12-16 18:00:00,16,8,8
2015-12-16 19:00:00,14,8,6
2015-12-16 20:00:00,4,2,2
2015-12-16 21:00:00,3,1,2
2015-12-16 22:00:00,1,1,0
2015-12-16 23:00:00,0,0,0
2015-12-17 00:00:00,2,2,0
2015-12-17 01:00:00,0,0,0
2015-12-17 02:00:00,0,0,0
2015-12-17 03:00:00,0,0,0
2015-12-17 04:00:00,4,2,2
2015-12-23 21:00:00,0,0,0
2015-12-17 05:00:00,5,3,2
2015-12-17 06:00:00,12,6,6
2015-12-17 07:00:00,26,14,12
2015-12-17 08:00:00,15,9,6
2015-12-17 09:00:00,7,2,5
2015-12-17 10:00:00,7,6,1
2015-12-17 11:00:00,0,0,0
2015-12-17 12:00:00,3,0,3
2015-12-17 13:00:00,2,0,2
2015-12-17 14:00:00,1,1,0
2015-12-17 15:00:00,9,4,5
2015-12-17 16:00:00,15,4,11
2015-12-17 17:00:00,18,6,12
2015-12-17 18:00:00,18,10,8
2015-12-17 19:00:00,4,4,0
2015-12-17 20:00:00,4,3,1
2015-12-17 21:00:00,0,0,0
2015-12-17 22:00:00,0,0,0
2015-12-17 23:00:00,1,1,0
2015-12-18 00:00:00,1,1,0
2015-12-18 01:00:00,0,0,0
2015-12-18 02:00:00,1,0,1
2015-12-18 03:00:00,2,2,0
2015-12-18 04:00:00,1,1,0
2015-12-18 05:00:00,3,1,2
2015-12-18 06:00:00,8,5,3
2015-12-18 07:00:00,31,15,16
2015-12-18 08:00:00,20,14,6
2015-12-18 09:00:00,13,4,9
2015-12-18 10:00:00,5,1,4
2015-12-18 11:00:00,5,3,2
2015-12-18 12:00:00,8,5,3
2015-12-18 13:00:00,7,3,4
2015-12-18 14:00:00,12,6,6
2015-12-18 15:00:00,20,12,8
2015-12-18 16:00:00,18,9,9
2015-12-18 17:00:00,23,5,18
2015-12-18 18:00:00,7,3,4
2015-12-18 19:00:00,3,3,0
2015-12-18 20:00:00,4,3,1
2015-12-18 21:00:00,1,1,0
2015-12-18 22:00:00,1,1,0
2015-12-18 23:00:00,0,0,0
2015-12-19 00:00:00,1,1,0
2015-12-19 01:00:00,0,0,0
2015-12-19 02:00:00,0,0,0
2015-12-19 03:00:00,1,1,0
2015-12-19 04:00:00,0,0,0
2015-12-19 05:00:00,0,0,0
2015-12-19 06:00:00,2,1,1
2015-12-19 07:00:00,6,4,2
2015-12-19 08:00:00,25,14,11
2015-12-19 09:00:00,80,29,51
2015-12-19 10:00:00,64,26,38
2015-12-19 11:00:00,60,38,22
2015-12-19 12:00:00,70,46,24
2015-12-19 13:00:00,70,49,21
2015-12-19 14:00:00,35,19,16
2015-12-19 15:00:00,26,20,6
2015-12-19 16:00:00,6,5,1
2015-12-19 17:00:00,2,2,0
2015-12-19 18:00:00,0,0,0
2015-12-19 19:00:00,0,0,0
2015-12-19 20:00:00,0,0,0
2015-12-19 21:00:00,0,0,0
2015-12-19 22:00:00,0,0,0
2015-12-19 23:00:00,0,0,0
2015-12-20 00:00:00,0,0,0
2015-12-20 01:00:00,0,0,0
2015-12-20 02:00:00,1,1,0
2015-12-20 03:00:00,2,1,1
2015-12-20 04:00:00,0,0,0
2015-12-20 05:00:00,0,0,0
2015-12-20 06:00:00,1,0,1
2015-12-20 07:00:00,14,2,12
2015-12-20 08:00:00,6,4,2
2015-12-20 09:00:00,22,13,9
2015-12-20 10:00:00,22,14,8
2015-12-20 11:00:00,38,21,17
2015-12-20 12:00:00,33,20,13
2015-12-20 13:00:00,11,8,3
2015-12-20 14:00:00,9,4,5
2015-12-20 15:00:00,9,8,1
2015-12-20 16:00:00,5,5,0
2015-12-20 17:00:00,1,1,0
2015-12-20 18:00:00,2,1,1
2015-12-20 19:00:00,0,0,0
2015-12-20 20:00:00,0,0,0
2015-12-20 21:00:00,0,0,0
2015-12-20 22:00:00,3,1,2
2015-12-20 23:00:00,1,0,1
2015-12-21 00:00:00,0,0,0
2015-12-21 01:00:00,0,0,0
2015-12-21 02:00:00,1,1,0
2015-12-21 03:00:00,1,0,1
2015-12-21 04:00:00,3,2,1
2015-12-21 05:00:00,7,4,3
2015-12-21 06:00:00,12,6,6
2015-12-21 07:00:00,20,9,11
2015-12-21 08:00:00,20,14,6
2015-12-21 09:00:00,7,3,4
2015-12-21 10:00:00,1,1,0
2015-12-21 11:00:00,1,0,1
2015-12-21 12:00:00,1,0,1
2015-12-21 13:00:00,1,1,0
2015-12-21 14:00:00,3,0,3
2015-12-21 15:00:00,7,3,4
2015-12-21 16:00:00,16,8,8
2015-12-21 17:00:00,24,10,14
2015-12-21 18:00:00,13,10,3
2015-12-21 19:00:00,15,14,1
2015-12-21 20:00:00,3,2,1
2015-12-21 21:00:00,0,0,0
2015-12-21 22:00:00,0,0,0
2015-12-21 23:00:00,0,0,0
2015-12-22 00:00:00,2,2,0
2015-12-22 01:00:00,1,1,0
2015-12-22 02:00:00,0,0,0
2015-12-22 03:00:00,0,0,0
2015-12-22 04:00:00,3,3,0
2015-12-22 05:00:00,12,6,6
2015-12-22 06:00:00,14,9,5
2015-12-22 07:00:00,24,12,12
2015-12-22 08:00:00,17,6,11
2015-12-22 09:00:00,18,4,14
2015-12-22 10:00:00,15,5,10
2015-12-22 11:00:00,12,8,4
2015-12-22 12:00:00,21,12,9
2015-12-22 13:00:00,12,7,5
2015-12-22 14:00:00,10,5,5
2015-12-22 15:00:00,16,8,8
2015-12-22 16:00:00,14,8,6
2015-12-22 17:00:00,40,22,18
2015-12-22 18:00:00,14,9,5
2015-12-22 19:00:00,2,1,1
2015-12-22 20:00:00,2,1,1
2015-12-22 21:00:00,1,1,0
2015-12-22 22:00:00,2,2,0
2015-12-22 23:00:00,0,0,0
2015-12-23 00:00:00,1,1,0
2015-12-23 01:00:00,0,0,0
2015-12-23 02:00:00,0,0,0
2015-12-23 03:00:00,0,0,0
2015-12-23 04:00:00,3,2,1
2015-12-23 05:00:00,5,2,3
2015-12-23 06:00:00,9,4,5
2015-12-23 07:00:00,21,11,10
2015-12-23 08:00:00,5,2,3
2015-12-23 09:00:00,13,5,8
2015-12-23 10:00:00,9,7,2
2015-12-23 11:00:00,4,2,2
2015-12-23 12:00:00,12,4,8
2015-12-23 13:00:00,8,3,5
2015-12-23 14:00:00,7,5,2
2015-12-23 15:00:00,10,5,5
2015-12-23 16:00:00,18,8,10
2015-12-23 17:00:00,8,3,5
2015-12-23 18:00:00,7,5,2
2015-12-23 19:00:00,0,0,0
2015-12-23 20:00:00,2,1,1
2015-12-23 22:00:00,0,0,0
2015-12-23 23:00:00,0,0,0
2015-12-24 00:00:00,0,0,0
2015-12-24 01:00:00,0,0,0
2015-12-24 02:00:00,0,0,0
2015-12-24 03:00:00,0,0,0
2015-12-24 04:00:00,1,1,0
2015-12-24 05:00:00,3,2,1
2015-12-24 06:00:00,4,3,1
2015-12-24 07:00:00,7,3,4
2015-12-24 08:00:00,4,1,3
2015-12-24 09:00:00,5,1,4
2015-12-24 10:00:00,14,4,10
2015-12-24 11:00:00,29,19,10
2015-12-24 12:00:00,19,9,10
2015-12-24 13:00:00,12,9,3
2015-12-24 14:00:00,24,13,11
2015-12-24 15:00:00,19,11,8
2015-12-24 16:00:00,8,6,2
2015-12-24 17:00:00,1,1,0
2015-12-24 18:00:00,1,1,0
2015-12-24 19:00:00,1,0,1
2015-12-24 20:00:00,0,0,0
2015-12-24 21:00:00,0,0,0
2015-12-24 22:00:00,0,0,0
2015-12-24 23:00:00,0,0,0
2015-12-25 00:00:00,0,0,0
2015-12-25 01:00:00,0,0,0
2015-12-25 02:00:00,0,0,0
2015-12-25 03:00:00,0,0,0
2015-12-25 04:00:00,0,0,0
2015-12-25 05:00:00,0,0,0
2015-12-25 06:00:00,0,0,0
2015-12-25 07:00:00,0,0,0
2015-12-25 08:00:00,0,0,0
2015-12-25 09:00:00,2,0,2
2015-12-25 10:00:00,10,2,8
2015-12-25 11:00:00,7,3,4
2015-12-25 12:00:00,12,6,6
2015-12-25 13:00:00,24,8,16
2015-12-25 14:00:00,17,12,5
2015-12-25 15:00:00,11,4,7
2015-12-25 16:00:00,2,2,0
2015-12-25 17:00:00,4,4,0
2015-12-25 18:00:00,0,0,0
2015-12-25 19:00:00,0,0,0
2015-12-25 20:00:00,2,1,1
2015-12-25 21:00:00,1,1,0
2015-12-25 22:00:00,0,0,0
2015-12-25 23:00:00,0,0,0
2015-12-26 00:00:00,0,0,0
2015-12-26 01:00:00,0,0,0
2015-12-26 02:00:00,0,0,0
2015-12-26 03:00:00,0,0,0
2015-12-26 04:00:00,1,1,0
2015-12-26 05:00:00,1,0,1
2015-12-26 06:00:00,1,1,0
2015-12-26 07:00:00,1,0,1
2015-12-26 08:00:00,26,13,13
2015-12-26 09:00:00,20,9,11
2015-12-26 10:00:00,34,11,23
2015-12-26 11:00:00,41,21,20
2015-12-26 12:00:00,33,16,17
2015-12-26 13:00:00,37,24,13
2015-12-26 14:00:00,37,25,12
2015-12-26 15:00:00,30,22,8
2015-12-26 16:00:00,13,12,1
2015-12-26 17:00:00,1,1,0
2015-12-26 18:00:00,2,1,1
2015-12-26 19:00:00,0,0,0
2015-12-26 20:00:00,0,0,0
2015-12-26 21:00:00,1,1,0
2015-12-26 22:00:00,0,0,0
2015-12-26 23:00:00,0,0,0
2015-12-27 00:00:00,0,0,0
2015-12-27 01:00:00,0,0,0
2015-12-27 02:00:00,0,0,0
2015-12-27 03:00:00,0,0,0
2015-12-27 04:00:00,2,2,0
2015-12-27 05:00:00,0,0,0
2015-12-27 06:00:00,1,1,0
2015-12-27 07:00:00,11,3,8
2015-12-27 08:00:00,13,7,6
2015-12-27 09:00:00,33,17,16
2015-12-27 10:00:00,22,18,4
2015-12-27 11:00:00,10,7,3
2015-12-27 12:00:00,9,5,4
2015-12-27 13:00:00,2,2,0
2015-12-27 14:00:00,4,3,1
2015-12-27 15:00:00,3,2,1
2015-12-27 16:00:00,1,1,0
2015-12-27 17:00:00,1,0,1
2015-12-27 18:00:00,1,1,0
2015-12-27 19:00:00,0,0,0
2015-12-27 20:00:00,0,0,0
2015-12-27 21:00:00,3,2,1
2015-12-27 22:00:00,0,0,0
2015-12-27 23:00:00,0,0,0
2015-12-28 00:00:00,0,0,0
2015-12-28 01:00:00,1,1,0
2015-12-28 02:00:00,0,0,0
2015-12-28 03:00:00,0,0,0
2015-12-28 04:00:00,2,2,0
2015-12-28 05:00:00,4,3,1
2015-12-28 06:00:00,7,4,3
2015-12-28 07:00:00,19,9,10
2015-12-28 08:00:00,9,6,3
2015-12-28 09:00:00,15,4,11
2015-12-28 10:00:00,6,2,4
2015-12-28 11:00:00,5,2,3
2015-12-28 12:00:00,20,12,8
2015-12-28 13:00:00,17,11,6
2015-12-28 14:00:00,17,8,9
2015-12-28 15:00:00,21,15,6
2015-12-28 16:00:00,18,9,9
2015-12-28 17:00:00,19,13,6
2015-12-28 18:00:00,7,3,4
2015-12-28 19:00:00,5,2,3
2015-12-28 20:00:00,1,0,1
2015-12-28 21:00:00,1,0,1
2015-12-28 22:00:00,1,1,0
2015-12-28 23:00:00,0,0,0
2015-12-29 00:00:00,1,1,0
2015-12-29 01:00:00,0,0,0
2015-12-29 02:00:00,0,0,0
2015-12-29 03:00:00,0,0,0
2015-12-29 04:00:00,2,1,1
2015-12-29 05:00:00,4,2,2
2015-12-29 06:00:00,17,11,6
2015-12-29 07:00:00,27,12,15
2015-12-29 08:00:00,10,6,4
2015-12-29 09:00:00,15,6,9
2015-12-29 10:00:00,18,9,9
2015-12-29 11:00:00,24,13,11
2015-12-29 12:00:00,14,10,4
2015-12-29 13:00:00,25,8,17
2015-12-29 14:00:00,35,23,12
2015-12-29 15:00:00,35,18,17
2015-12-29 16:00:00,29,18,11
2015-12-29 17:00:00,22,13,9
2015-12-29 18:00:00,18,14,4
2015-12-29 19:00:00,2,1,1
2015-12-29 20:00:00,3,2,1
2015-12-29 21:00:00,2,0,2
2015-12-29 22:00:00,0,0,0
2015-12-29 23:00:00,0,0,0
2015-12-30 00:00:00,1,1,0
2015-12-30 01:00:00,0,0,0
2015-12-30 02:00:00,0,0,0
2015-12-30 03:00:00,0,0,0
2015-12-30 04:00:00,2,2,0
2015-12-30 05:00:00,6,5,1
2015-12-30 06:00:00,8,5,3
2015-12-30 07:00:00,23,10,13
2015-12-30 08:00:00,17,6,11
2015-12-30 09:00:00,8,2,6
2015-12-30 10:00:00,10,8,2
2015-12-30 11:00:00,10,3,7
2015-12-30 12:00:00,15,8,7
2015-12-30 13:00:00,36,16,20
2015-12-30 14:00:00,29,15,14
2015-12-30 15:00:00,46,26,20
2015-12-30 16:00:00,29,16,13
2015-12-30 17:00:00,18,11,7
2015-12-30 18:00:00,7,3,4
2015-12-30 19:00:00,3,1,2
2015-12-30 20:00:00,2,2,0
2015-12-30 21:00:00,0,0,0
2015-12-30 22:00:00,0,0,0
2015-12-30 23:00:00,2,1,1
2015-12-31 00:00:00,0,0,0
2015-12-31 01:00:00,1,0,1
2015-12-31 02:00:00,0,0,0
2015-12-31 03:00:00,0,0,0
2015-12-31 04:00:00,1,0,1
2015-12-31 05:00:00,1,1,0
2015-12-31 06:00:00,9,2,7
2015-12-31 07:00:00,15,11,4
2015-12-31 08:00:00,14,8,6
2015-12-31 09:00:00,4,2,2
2015-12-31 10:00:00,11,8,3
2015-12-31 11:00:00,18,4,14
2015-12-31 12:00:00,26,11,15
2015-12-31 13:00:00,36,16,20
2015-12-31 14:00:00,39,26,13
2015-12-31 15:00:00,18,13,5
2015-12-31 16:00:00,12,7,5
2015-12-31 17:00:00,5,3,2
2015-12-31 18:00:00,2,2,0
2015-12-31 19:00:00,0,0,0
2015-12-31 20:00:00,0,0,0
2015-12-31 21:00:00,0,0,0
2015-12-31 22:00:00,1,1,0
2015-12-31 23:00:00,0,0,0
2016-01-01 00:00:00,1,0,1
2016-01-01 01:00:00,0,0,0
2016-01-01 02:00:00,0,0,0
2016-01-01 03:00:00,0,0,0
2016-01-01 04:00:00,0,0,0
2016-01-01 05:00:00,0,0,0
2016-01-01 06:00:00,0,0,0
2016-01-01 07:00:00,1,0,1
2016-01-01 08:00:00,2,1,1
2016-01-01 09:00:00,17,8,9
2016-01-01 10:00:00,26,10,16
2016-01-01 11:00:00,65,29,36
2016-01-01 12:00:00,57,25,32
2016-01-01 13:00:00,57,37,20
2016-01-01 14:00:00,48,31,17
2016-01-01 15:00:00,35,26,9
2016-01-01 16:00:00,8,6,2
2016-01-01 17:00:00,2,2,0
2016-01-01 18:00:00,0,0,0
2016-01-01 19:00:00,0,0,0
2016-01-01 20:00:00,1,1,0
2016-01-01 21:00:00,0,0,0
2016-01-01 22:00:00,0,0,0
2016-01-01 23:00:00,0,0,0
2016-01-02 00:00:00,0,0,0
2016-01-02 01:00:00,0,0,0
2016-01-02 02:00:00,0,0,0
2016-01-02 03:00:00,0,0,0
2016-01-02 04:00:00,1,1,0
2016-01-02 05:00:00,0,0,0
2016-01-02 06:00:00,0,0,0
2016-01-02 07:00:00,1,1,0
2016-01-02 08:00:00,6,2,4
2016-01-02 09:00:00,12,1,11
2016-01-02 10:00:00,19,14,5
2016-01-02 11:00:00,43,13,30
2016-01-02 12:00:00,50,24,26
2016-01-02 13:00:00,66,38,28
2016-01-02 14:00:00,47,23,24
2016-01-02 15:00:00,35,26,9
2016-01-02 16:00:00,9,8,1
2016-01-02 17:00:00,2,1,1
2016-01-02 18:00:00,1,1,0
2016-01-02 19:00:00,0,0,0
2016-01-02 20:00:00,0,0,0
2016-01-02 21:00:00,0,0,0
2016-01-02 22:00:00,1,0,1
2016-01-02 23:00:00,0,0,0
2016-01-03 00:00:00,0,0,0
2016-01-03 01:00:00,0,0,0
2016-01-03 02:00:00,0,0,0
2016-01-03 03:00:00,1,1,0
2016-01-03 04:00:00,0,0,0
2016-01-03 05:00:00,0,0,0
2016-01-03 06:00:00,0,0,0
2016-01-03 07:00:00,1,0,1
2016-01-03 08:00:00,8,6,2
2016-01-03 09:00:00,37,13,24
2016-01-03 10:00:00,30,11,19
2016-01-03 11:00:00,39,21,18
2016-01-03 12:00:00,50,39,11
2016-01-03 13:00:00,26,19,7
2016-01-03 14:00:00,10,5,5
2016-01-03 15:00:00,7,6,1
2016-01-03 16:00:00,1,1,0
2016-01-03 17:00:00,1,1,0
2016-01-03 18:00:00,0,0,0
2016-01-03 19:00:00,1,1,0
2016-01-03 20:00:00,0,0,0
2016-01-03 21:00:00,0,0,0
2016-01-03 22:00:00,1,1,0
2016-01-03 23:00:00,0,0,0
2016-01-04 00:00:00,0,0,0
2016-01-04 01:00:00,0,0,0
2016-01-04 02:00:00,1,1,0
2016-01-04 03:00:00,0,0,0
2016-01-04 04:00:00,1,1,0
2016-01-04 05:00:00,5,4,1
2016-01-04 06:00:00,12,4,8
2016-01-04 07:00:00,29,13,16
2016-01-04 08:00:00,18,13,5
2016-01-04 09:00:00,9,6,3
2016-01-04 10:00:00,4,1,3
2016-01-04 11:00:00,2,1,1
2016-01-04 12:00:00,3,0,3
2016-01-04 13:00:00,3,1,2
2016-01-04 14:00:00,3,1,2
2016-01-04 15:00:00,16,7,9
2016-01-04 16:00:00,25,12,13
2016-01-04 17:00:00,25,14,11
2016-01-04 18:00:00,23,11,12
2016-01-04 19:00:00,4,3,1
2016-01-04 20:00:00,1,1,0
2016-01-04 21:00:00,2,2,0
2016-01-04 22:00:00,3,2,1
2016-01-04 23:00:00,0,0,0
2016-01-05 00:00:00,1,1,0
2016-01-05 01:00:00,0,0,0
2016-01-05 02:00:00,0,0,0
2016-01-05 03:00:00,0,0,0
2016-01-05 04:00:00,2,2,0
2016-01-05 05:00:00,11,7,4
2016-01-05 06:00:00,22,15,7
2016-01-05 07:00:00,35,15,20
2016-01-05 08:00:00,25,17,8
2016-01-05 09:00:00,9,2,7
2016-01-05 10:00:00,4,2,2
2016-01-05 11:00:00,3,2,1
2016-01-05 12:00:00,6,3,3
2016-01-05 13:00:00,4,3,1
2016-01-05 14:00:00,4,1,3
2016-01-05 15:00:00,8,5,3
2016-01-05 16:00:00,28,8,20
2016-01-05 17:00:00,39,22,17
2016-01-05 18:00:00,30,14,16
2016-01-05 19:00:00,6,4,2
2016-01-05 20:00:00,2,2,0
2016-01-05 21:00:00,1,1,0
2016-01-05 22:00:00,1,1,0
2016-01-05 23:00:00,0,0,0
2016-01-06 00:00:00,1,1,0
2016-01-06 01:00:00,0,0,0
2016-01-06 02:00:00,1,0,1
2016-01-06 03:00:00,0,0,0
2016-01-06 04:00:00,1,1,0
2016-01-06 05:00:00,10,6,4
2016-01-06 06:00:00,28,14,14
2016-01-06 07:00:00,39,14,25
2016-01-06 08:00:00,39,19,20
2016-01-06 09:00:00,15,6,9
2016-01-06 10:00:00,13,8,5
2016-01-06 11:00:00,16,12,4
2016-01-06 12:00:00,17,6,11
2016-01-06 13:00:00,17,8,9
2016-01-06 14:00:00,19,8,11
2016-01-06 15:00:00,32,18,14
2016-01-06 16:00:00,46,17,29
2016-01-06 17:00:00,57,38,19
2016-01-06 18:00:00,29,18,11
2016-01-06 19:00:00,7,5,2
2016-01-06 20:00:00,5,3,2
2016-01-06 21:00:00,3,3,0
2016-01-06 22:00:00,0,0,0
2016-01-06 23:00:00,1,0,1
2016-01-07 00:00:00,2,2,0
2016-01-07 01:00:00,0,0,0
2016-01-07 02:00:00,0,0,0
2016-01-07 03:00:00,0,0,0
2016-01-07 04:00:00,2,2,0
2016-01-07 05:00:00,10,6,4
2016-01-07 06:00:00,26,11,15
2016-01-07 07:00:00,41,26,15
2016-01-07 08:00:00,19,10,9
2016-01-07 09:00:00,13,10,3
2016-01-07 10:00:00,10,7,3
2016-01-07 11:00:00,9,3,6
2016-01-07 12:00:00,9,3,6
2016-01-07 13:00:00,17,12,5
2016-01-07 14:00:00,13,5,8
2016-01-07 15:00:00,27,17,10
2016-01-07 16:00:00,39,18,21
2016-01-07 17:00:00,45,21,24
2016-01-07 18:00:00,34,22,12
2016-01-07 19:00:00,9,3,6
2016-01-07 20:00:00,4,2,2
2016-01-07 21:00:00,2,2,0
2016-01-07 22:00:00,2,2,0
2016-01-07 23:00:00,1,0,1
2016-01-08 00:00:00,0,0,0
2016-01-08 01:00:00,0,0,0
2016-01-08 02:00:00,0,0,0
2016-01-08 03:00:00,0,0,0
2016-01-08 04:00:00,1,1,0
2016-01-08 05:00:00,10,6,4
2016-01-08 06:00:00,24,15,9
2016-01-08 07:00:00,46,25,21
2016-01-08 08:00:00,24,14,10
2016-01-08 09:00:00,9,1,8
2016-01-08 10:00:00,9,3,6
2016-01-08 11:00:00,12,8,4
2016-01-08 12:00:00,12,3,9
2016-01-08 13:00:00,26,15,11
2016-01-08 14:00:00,17,8,9
2016-01-08 15:00:00,38,18,20
2016-01-08 16:00:00,31,15,16
2016-01-08 17:00:00,43,22,21
2016-01-08 18:00:00,25,15,10
2016-01-08 19:00:00,0,0,0
2016-01-08 20:00:00,1,0,1
2016-01-08 21:00:00,0,0,0
2016-01-08 22:00:00,0,0,0
2016-01-08 23:00:00,0,0,0
2016-01-09 00:00:00,0,0,0
2016-01-09 01:00:00,0,0,0
2016-01-09 02:00:00,0,0,0
2016-01-09 03:00:00,0,0,0
2016-01-09 04:00:00,0,0,0
2016-01-09 05:00:00,1,0,1
2016-01-09 06:00:00,0,0,0
2016-01-09 07:00:00,4,3,1
2016-01-09 08:00:00,30,6,24
2016-01-09 09:00:00,52,14,38
2016-01-09 10:00:00,44,23,21
2016-01-09 11:00:00,52,31,21
2016-01-09 12:00:00,59,34,25
2016-01-09 13:00:00,72,46,26
2016-01-09 14:00:00,69,31,38
2016-01-09 15:00:00,54,48,6
2016-01-09 16:00:00,13,8,5
2016-01-09 17:00:00,3,1,2
2016-01-09 18:00:00,3,2,1
2016-01-09 19:00:00,0,0,0
2016-01-09 20:00:00,1,1,0
2016-01-09 21:00:00,0,0,0
2016-01-09 22:00:00,0,0,0
2016-01-09 23:00:00,0,0,0
2016-01-10 00:00:00,0,0,0
2016-01-10 01:00:00,0,0,0
2016-01-10 02:00:00,1,1,0
2016-01-10 03:00:00,0,0,0
2016-01-10 04:00:00,0,0,0
2016-01-10 05:00:00,1,0,1
2016-01-10 06:00:00,2,1,1
2016-01-10 07:00:00,21,1,20
2016-01-10 08:00:00,14,7,7
2016-01-10 09:00:00,45,22,23
2016-01-10 10:00:00,50,26,24
2016-01-10 11:00:00,33,24,9
2016-01-10 12:00:00,76,53,23
2016-01-10 13:00:00,82,34,48
2016-01-10 14:00:00,90,51,39
2016-01-10 15:00:00,61,45,16
2016-01-10 16:00:00,22,18,4
2016-01-10 17:00:00,6,6,0
2016-01-10 18:00:00,2,2,0
2016-01-10 19:00:00,2,1,1
2016-01-10 20:00:00,0,0,0
2016-01-10 21:00:00,1,1,0
2016-01-10 22:00:00,0,0,0
2016-01-10 23:00:00,0,0,0
2016-01-11 00:00:00,0,0,0
2016-01-11 01:00:00,0,0,0
2016-01-11 02:00:00,0,0,0
2016-01-11 03:00:00,1,1,0
2016-01-11 04:00:00,3,3,0
2016-01-11 05:00:00,5,2,3
2016-01-11 06:00:00,19,9,10
2016-01-11 07:00:00,43,25,18
2016-01-11 08:00:00,17,10,7
2016-01-11 09:00:00,10,6,4
2016-01-11 10:00:00,3,1,2
2016-01-11 11:00:00,5,0,5
2016-01-11 12:00:00,5,2,3
2016-01-11 13:00:00,6,3,3
2016-01-11 14:00:00,11,6,5
2016-01-11 15:00:00,10,7,3
2016-01-11 16:00:00,39,15,24
2016-01-11 17:00:00,41,19,22
2016-01-11 18:00:00,21,12,9
2016-01-11 19:00:00,5,3,2
2016-01-11 20:00:00,2,1,1
2016-01-11 21:00:00,1,0,1
2016-01-11 22:00:00,0,0,0
2016-01-11 23:00:00,0,0,0
2016-01-12 00:00:00,2,1,1
2016-01-12 01:00:00,0,0,0
2016-01-12 02:00:00,0,0,0
2016-01-12 03:00:00,0,0,0
2016-01-12 04:00:00,4,3,1
2016-01-12 05:00:00,4,3,1
2016-01-12 06:00:00,21,14,7
2016-01-12 07:00:00,33,13,20
2016-01-12 08:00:00,14,8,6
2016-01-12 09:00:00,9,3,6
2016-01-12 10:00:00,9,5,4
2016-01-12 11:00:00,4,2,2
2016-01-12 12:00:00,4,3,1
2016-01-12 13:00:00,3,1,2
2016-01-12 14:00:00,2,2,0
2016-01-12 15:00:00,8,3,5
2016-01-12 16:00:00,24,9,15
2016-01-12 17:00:00,27,14,13
2016-01-12 18:00:00,16,9,7
2016-01-12 19:00:00,3,2,1
2016-01-12 20:00:00,3,2,1
2016-01-12 21:00:00,1,1,0
2016-01-12 22:00:00,0,0,0
2016-01-12 23:00:00,1,1,0
2016-01-13 00:00:00,1,1,0
2016-01-13 01:00:00,0,0,0
2016-01-13 02:00:00,0,0,0
2016-01-13 03:00:00,0,0,0
2016-01-13 04:00:00,4,3,1
2016-01-13 05:00:00,10,7,3
2016-01-13 06:00:00,19,13,6
2016-01-13 07:00:00,33,13,20
2016-01-13 08:00:00,11,5,6
2016-01-13 09:00:00,8,5,3
2016-01-13 10:00:00,5,2,3
2016-01-13 11:00:00,0,0,0
2016-01-13 12:00:00,2,1,1
2016-01-13 13:00:00,2,0,2
2016-01-13 14:00:00,5,3,2
2016-01-13 15:00:00,15,7,8
2016-01-13 16:00:00,28,11,17
2016-01-13 17:00:00,36,22,14
2016-01-13 18:00:00,22,10,12
2016-01-13 19:00:00,2,1,1
2016-01-13 20:00:00,3,1,2
2016-01-13 21:00:00,2,2,0
2016-01-13 22:00:00,0,0,0
2016-01-13 23:00:00,0,0,0
2016-01-14 00:00:00,1,1,0
2016-01-14 01:00:00,0,0,0
2016-01-14 02:00:00,0,0,0
2016-01-14 03:00:00,0,0,0
2016-01-14 04:00:00,4,2,2
2016-01-14 05:00:00,10,7,3
2016-01-14 06:00:00,27,12,15
2016-01-14 07:00:00,43,18,25
2016-01-14 08:00:00,25,15,10
2016-01-14 09:00:00,16,8,8
2016-01-14 10:00:00,22,9,13
2016-01-14 11:00:00,20,12,8
2016-01-14 12:00:00,19,12,7
2016-01-14 13:00:00,20,5,15
2016-01-14 14:00:00,23,12,11
2016-01-14 15:00:00,35,19,16
2016-01-14 16:00:00,42,21,21
2016-01-14 17:00:00,40,27,13
2016-01-14 18:00:00,23,14,9
2016-01-14 19:00:00,6,4,2
2016-01-14 20:00:00,2,2,0
2016-01-14 21:00:00,1,0,1
2016-01-14 22:00:00,5,2,3
2016-01-14 23:00:00,1,1,0
2016-01-15 00:00:00,1,1,0
2016-01-15 01:00:00,0,0,0
2016-01-15 02:00:00,0,0,0
2016-01-15 03:00:00,0,0,0
2016-01-15 04:00:00,1,0,1
2016-01-15 05:00:00,11,8,3
2016-01-15 06:00:00,16,13,3
2016-01-15 07:00:00,38,17,21
2016-01-15 08:00:00,24,11,13
2016-01-15 09:00:00,8,6,2
2016-01-15 10:00:00,7,3,4
2016-01-15 11:00:00,5,0,5
2016-01-15 12:00:00,3,2,1
2016-01-15 13:00:00,4,2,2
2016-01-15 14:00:00,5,1,4
2016-01-15 15:00:00,20,12,8
2016-01-15 16:00:00,37,20,17
2016-01-15 17:00:00,28,14,14
2016-01-15 18:00:00,14,10,4
2016-01-15 19:00:00,2,0,2
2016-01-15 20:00:00,4,2,2
2016-01-15 21:00:00,1,0,1
2016-01-15 22:00:00,0,0,0
2016-01-15 23:00:00,1,1,0
2016-01-16 00:00:00,1,1,0
2016-01-16 01:00:00,0,0,0
2016-01-16 02:00:00,0,0,0
2016-01-16 03:00:00,0,0,0
2016-01-16 04:00:00,0,0,0
2016-01-16 05:00:00,1,0,1
2016-01-16 06:00:00,0,0,0
2016-01-16 07:00:00,9,3,6
2016-01-16 08:00:00,18,6,12
2016-01-16 09:00:00,36,11,25
2016-01-16 10:00:00,27,15,12
2016-01-16 11:00:00,36,10,26
2016-01-16 12:00:00,74,51,23
2016-01-16 13:00:00,44,27,17
2016-01-16 14:00:00,19,14,5
2016-01-16 15:00:00,14,11,3
2016-01-16 16:00:00,2,1,1
2016-01-16 17:00:00,1,0,1
2016-01-16 18:00:00,1,1,0
2016-01-16 19:00:00,0,0,0
2016-01-16 20:00:00,0,0,0
2016-01-16 21:00:00,0,0,0
2016-01-16 22:00:00,1,1,0
2016-01-16 23:00:00,0,0,0
2016-01-17 00:00:00,1,1,0
2016-01-17 01:00:00,1,1,0
2016-01-17 02:00:00,0,0,0
2016-01-17 03:00:00,0,0,0
2016-01-17 04:00:00,0,0,0
2016-01-17 05:00:00,0,0,0
2016-01-17 06:00:00,1,1,0
2016-01-17 07:00:00,9,3,6
2016-01-17 08:00:00,3,2,1
2016-01-17 09:00:00,25,11,14
2016-01-17 10:00:00,9,6,3
2016-01-17 11:00:00,18,17,1
2016-01-17 12:00:00,10,4,6
2016-01-17 13:00:00,10,7,3
2016-01-17 14:00:00,14,4,10
2016-01-17 15:00:00,11,5,6
2016-01-17 16:00:00,8,6,2
2016-01-17 17:00:00,3,1,2
2016-01-17 18:00:00,1,1,0
2016-01-17 19:00:00,0,0,0
2016-01-17 20:00:00,2,2,0
2016-01-17 21:00:00,2,0,2
2016-01-17 22:00:00,1,1,0
2016-01-17 23:00:00,0,0,0
2016-01-18 00:00:00,0,0,0
2016-01-18 01:00:00,1,1,0
2016-01-18 02:00:00,0,0,0
2016-01-18 03:00:00,0,0,0
2016-01-18 04:00:00,2,1,1
2016-01-18 05:00:00,3,2,1
2016-01-18 06:00:00,14,10,4
2016-01-18 07:00:00,34,11,23
2016-01-18 08:00:00,25,12,13
2016-01-18 09:00:00,29,12,17
2016-01-18 10:00:00,29,13,16
2016-01-18 11:00:00,39,20,19
2016-01-18 12:00:00,46,21,25
2016-01-18 13:00:00,63,36,27
2016-01-18 14:00:00,51,26,25
2016-01-18 15:00:00,35,21,14
2016-01-18 16:00:00,49,32,17
2016-01-18 17:00:00,32,18,14
2016-01-18 18:00:00,17,9,8
2016-01-18 19:00:00,5,3,2
2016-01-18 20:00:00,3,2,1
2016-01-18 21:00:00,0,0,0
2016-01-18 22:00:00,0,0,0
2016-01-18 23:00:00,0,0,0
2016-01-19 00:00:00,1,1,0
2016-01-19 01:00:00,0,0,0
2016-01-19 02:00:00,0,0,0
2016-01-19 03:00:00,0,0,0
2016-01-19 04:00:00,1,1,0
2016-01-19 05:00:00,14,10,4
2016-01-19 06:00:00,27,15,12
2016-01-19 07:00:00,53,24,29
2016-01-19 08:00:00,25,15,10
2016-01-19 09:00:00,18,7,11
2016-01-19 10:00:00,18,9,9
2016-01-19 11:00:00,21,11,10
2016-01-19 12:00:00,9,6,3
2016-01-19 13:00:00,4,0,4
2016-01-19 14:00:00,5,2,3
2016-01-19 15:00:00,11,4,7
2016-01-19 16:00:00,30,18,12
2016-01-19 17:00:00,42,17,25
2016-01-19 18:00:00,29,17,12
2016-01-19 19:00:00,3,2,1
2016-01-19 20:00:00,3,2,1
2016-01-19 21:00:00,0,0,0
2016-01-19 22:00:00,1,1,0
2016-01-19 23:00:00,0,0,0
2016-01-20 00:00:00,1,1,0
2016-01-20 01:00:00,0,0,0
2016-01-20 02:00:00,1,1,0
2016-01-20 03:00:00,0,0,0
2016-01-20 04:00:00,2,2,0
2016-01-20 05:00:00,8,6,2
2016-01-20 06:00:00,27,16,11
2016-01-20 07:00:00,50,20,30
2016-01-20 08:00:00,34,15,19
2016-01-20 09:00:00,12,5,7
2016-01-20 10:00:00,10,4,6
2016-01-20 11:00:00,15,8,7
2016-01-20 12:00:00,24,15,9
2016-01-20 13:00:00,10,3,7
2016-01-20 14:00:00,29,18,11
2016-01-20 15:00:00,16,8,8
2016-01-20 16:00:00,48,27,21
2016-01-20 17:00:00,61,32,29
2016-01-20 18:00:00,33,17,16
2016-01-20 19:00:00,6,4,2
2016-01-20 20:00:00,3,1,2
2016-01-20 21:00:00,2,1,1
2016-01-20 22:00:00,0,0,0
2016-01-20 23:00:00,0,0,0
2016-01-21 00:00:00,1,1,0
2016-01-21 01:00:00,0,0,0
2016-01-21 02:00:00,0,0,0
2016-01-21 03:00:00,0,0,0
2016-01-21 04:00:00,2,1,1
2016-01-21 05:00:00,8,7,1
2016-01-21 06:00:00,13,7,6
2016-01-21 07:00:00,30,14,16
2016-01-21 08:00:00,13,6,7
2016-01-21 09:00:00,10,8,2
2016-01-21 10:00:00,3,2,1
2016-01-21 11:00:00,4,0,4
2016-01-21 12:00:00,2,1,1
2016-01-21 13:00:00,2,0,2
2016-01-21 14:00:00,4,0,4
2016-01-21 15:00:00,14,7,7
2016-01-21 16:00:00,20,9,11
2016-01-21 17:00:00,25,10,15
2016-01-21 18:00:00,15,8,7
2016-01-21 19:00:00,2,2,0
2016-01-21 20:00:00,2,1,1
2016-01-21 21:00:00,0,0,0
2016-01-21 22:00:00,0,0,0
2016-01-21 23:00:00,0,0,0
2016-01-22 00:00:00,1,1,0
2016-01-22 01:00:00,0,0,0
2016-01-22 02:00:00,0,0,0
2016-01-22 03:00:00,0,0,0
2016-01-22 04:00:00,1,1,0
2016-01-22 05:00:00,6,5,1
2016-01-22 06:00:00,11,6,5
2016-01-22 07:00:00,27,13,14
2016-01-22 08:00:00,21,10,11
2016-01-22 09:00:00,11,2,9
2016-01-22 10:00:00,6,2,4
2016-01-22 11:00:00,11,3,8
2016-01-22 12:00:00,15,11,4
2016-01-22 13:00:00,17,6,11
2016-01-22 14:00:00,27,12,15
2016-01-22 15:00:00,34,18,16
2016-01-22 16:00:00,35,18,17
2016-01-22 17:00:00,28,13,15
2016-01-22 18:00:00,22,14,8
2016-01-22 19:00:00,4,3,1
2016-01-22 20:00:00,3,3,0
2016-01-22 21:00:00,0,0,0
2016-01-22 22:00:00,0,0,0
2016-01-22 23:00:00,1,1,0
2016-01-23 00:00:00,0,0,0
2016-01-23 01:00:00,0,0,0
2016-01-23 02:00:00,1,1,0
2016-01-23 03:00:00,0,0,0
2016-01-23 04:00:00,0,0,0
2016-01-23 05:00:00,0,0,0
2016-01-23 06:00:00,1,1,0
2016-01-23 07:00:00,5,2,3
2016-01-23 08:00:00,15,4,11
2016-01-23 09:00:00,37,26,11
2016-01-23 10:00:00,16,11,5
2016-01-23 11:00:00,20,17,3
2016-01-23 12:00:00,24,22,2
2016-01-23 13:00:00,12,5,7
2016-01-23 14:00:00,7,3,4
2016-01-23 15:00:00,2,1,1
2016-01-23 16:00:00,8,4,4
2016-01-23 17:00:00,4,3,1
2016-01-23 18:00:00,4,4,0
2016-01-23 19:00:00,0,0,0
2016-01-23 20:00:00,1,1,0
2016-01-23 21:00:00,0,0,0
2016-01-23 22:00:00,0,0,0
2016-01-23 23:00:00,0,0,0
2016-01-24 00:00:00,0,0,0
2016-01-24 01:00:00,0,0,0
2016-01-24 02:00:00,0,0,0
2016-01-24 03:00:00,0,0,0
2016-01-24 04:00:00,1,0,1
2016-01-24 05:00:00,0,0,0
2016-01-24 06:00:00,1,1,0
2016-01-24 07:00:00,14,2,12
2016-01-24 08:00:00,36,12,24
2016-01-24 09:00:00,67,25,42
2016-01-24 10:00:00,89,48,41
2016-01-24 11:00:00,122,54,68
2016-01-24 12:00:00,119,88,31
2016-01-24 13:00:00,85,41,44
2016-01-24 14:00:00,76,33,43
2016-01-24 15:00:00,48,38,10
2016-01-24 16:00:00,31,25,6
2016-01-24 17:00:00,15,11,4
2016-01-24 18:00:00,4,4,0
2016-01-24 19:00:00,0,0,0
2016-01-24 20:00:00,0,0,0
2016-01-24 21:00:00,2,2,0
2016-01-24 22:00:00,0,0,0
2016-01-24 23:00:00,0,0,0
2016-01-25 00:00:00,0,0,0
2016-01-25 01:00:00,1,1,0
2016-01-25 02:00:00,0,0,0
2016-01-25 03:00:00,1,0,1
2016-01-25 04:00:00,3,2,1
2016-01-25 05:00:00,12,6,6
2016-01-25 06:00:00,31,16,15
2016-01-25 07:00:00,48,19,29
2016-01-25 08:00:00,36,19,17
2016-01-25 09:00:00,21,13,8
2016-01-25 10:00:00,10,4,6
2016-01-25 11:00:00,34,15,19
2016-01-25 12:00:00,19,7,12
2016-01-25 13:00:00,32,17,15
2016-01-25 14:00:00,20,10,10
2016-01-25 15:00:00,35,20,15
2016-01-25 16:00:00,61,26,35
2016-01-25 17:00:00,57,34,23
2016-01-25 18:00:00,31,19,12
2016-01-25 19:00:00,9,5,4
2016-01-25 20:00:00,4,3,1
2016-01-25 21:00:00,1,1,0
2016-01-25 22:00:00,0,0,0
2016-01-25 23:00:00,0,0,0
2016-01-26 00:00:00,0,0,0
2016-01-26 01:00:00,0,0,0
2016-01-26 02:00:00,0,0,0
2016-01-26 03:00:00,0,0,0
2016-01-26 04:00:00,3,3,0
2016-01-26 05:00:00,8,6,2
2016-01-26 06:00:00,24,12,12
2016-01-26 07:00:00,47,22,25
2016-01-26 08:00:00,21,13,8
2016-01-26 09:00:00,11,9,2
2016-01-26 10:00:00,3,2,1
2016-01-26 11:00:00,3,0,3
2016-01-26 12:00:00,1,0,1
2016-01-26 13:00:00,5,4,1
2016-01-26 14:00:00,8,5,3
2016-01-26 15:00:00,16,6,10
2016-01-26 16:00:00,31,13,18
2016-01-26 17:00:00,41,18,23
2016-01-26 18:00:00,32,20,12
2016-01-26 19:00:00,7,5,2
2016-01-26 20:00:00,5,2,3
2016-01-26 21:00:00,1,1,0
2016-01-26 22:00:00,0,0,0
2016-01-26 23:00:00,0,0,0
2016-01-27 00:00:00,3,1,2
2016-01-27 01:00:00,0,0,0
2016-01-27 02:00:00,2,0,2
2016-01-27 03:00:00,1,0,1
2016-01-27 04:00:00,2,2,0
2016-01-27 05:00:00,11,7,4
2016-01-27 06:00:00,18,8,10
2016-01-27 07:00:00,51,26,25
2016-01-27 08:00:00,29,12,17
2016-01-27 09:00:00,15,8,7
2016-01-27 10:00:00,9,7,2
2016-01-27 11:00:00,7,1,6
2016-01-27 12:00:00,20,10,10
2016-01-27 13:00:00,15,4,11
2016-01-27 14:00:00,19,11,8
2016-01-27 15:00:00,18,11,7
2016-01-27 16:00:00,40,20,20
2016-01-27 17:00:00,37,25,12
2016-01-27 18:00:00,25,14,11
2016-01-27 19:00:00,6,5,1
2016-01-27 20:00:00,4,2,2
2016-01-27 21:00:00,0,0,0
2016-01-27 22:00:00,0,0,0
2016-01-27 23:00:00,2,0,2
2016-01-28 00:00:00,0,0,0
2016-01-28 01:00:00,0,0,0
2016-01-28 02:00:00,0,0,0
2016-01-28 03:00:00,0,0,0
2016-01-28 04:00:00,2,2,0
2016-01-28 05:00:00,4,2,2
2016-01-28 06:00:00,15,8,7
2016-01-28 07:00:00,29,21,8
2016-01-28 08:00:00,14,8,6
2016-01-28 09:00:00,10,3,7
2016-01-28 10:00:00,3,1,2
2016-01-28 11:00:00,6,4,2
2016-01-28 12:00:00,13,4,9
2016-01-28 13:00:00,11,4,7
2016-01-28 14:00:00,17,7,10
2016-01-28 15:00:00,16,11,5
2016-01-28 16:00:00,37,14,23
2016-01-28 17:00:00,48,22,26
2016-01-28 18:00:00,18,10,8
2016-01-28 19:00:00,4,1,3
2016-01-28 20:00:00,4,2,2
2016-01-28 21:00:00,2,2,0
2016-01-28 22:00:00,0,0,0
2016-01-28 23:00:00,1,1,0
2016-01-29 00:00:00,1,0,1
2016-01-29 01:00:00,0,0,0
2016-01-29 02:00:00,0,0,0
2016-01-29 03:00:00,1,0,1
2016-01-29 04:00:00,2,2,0
2016-01-29 05:00:00,6,4,2
2016-01-29 06:00:00,17,8,9
2016-01-29 07:00:00,26,16,10
2016-01-29 08:00:00,17,8,9
2016-01-29 09:00:00,12,5,7
2016-01-29 10:00:00,1,0,1
2016-01-29 11:00:00,3,2,1
2016-01-29 12:00:00,3,2,1
2016-01-29 13:00:00,8,4,4
2016-01-29 14:00:00,5,3,2
2016-01-29 15:00:00,25,13,12
2016-01-29 16:00:00,29,15,14
2016-01-29 17:00:00,40,20,20
2016-01-29 18:00:00,13,7,6
2016-01-29 19:00:00,1,1,0
2016-01-29 20:00:00,4,2,2
2016-01-29 21:00:00,1,1,0
2016-01-29 22:00:00,2,1,1
2016-01-29 23:00:00,1,1,0
2016-01-30 00:00:00,4,2,2
2016-01-30 01:00:00,0,0,0
2016-01-30 02:00:00,0,0,0
2016-01-30 03:00:00,0,0,0
2016-01-30 04:00:00,0,0,0
2016-01-30 05:00:00,0,0,0
2016-01-30 06:00:00,4,2,2
2016-01-30 07:00:00,15,8,7
2016-01-30 08:00:00,58,29,29
2016-01-30 09:00:00,89,45,44
2016-01-30 10:00:00,76,38,38
2016-01-30 11:00:00,121,61,60
2016-01-30 12:00:00,89,45,44
2016-01-30 13:00:00,68,34,34
2016-01-30 14:00:00,56,28,28
2016-01-30 15:00:00,31,16,15
2016-01-30 16:00:00,25,13,12
2016-01-30 17:00:00,6,3,3
2016-01-30 18:00:00,3,2,1
2016-01-30 19:00:00,2,1,1
2016-01-30 20:00:00,0,0,0
2016-01-30 21:00:00,0,0,0
2016-01-30 22:00:00,2,1,1
2016-01-30 23:00:00,0,0,0
2016-01-31 00:00:00,0,0,0
2016-01-31 01:00:00,0,0,0
2016-01-31 02:00:00,1,1,0
2016-01-31 03:00:00,0,0,0
2016-01-31 04:00:00,0,0,0
2016-01-31 05:00:00,2,1,1
2016-01-31 06:00:00,3,2,1
2016-01-31 07:00:00,32,16,16
2016-01-31 08:00:00,29,15,14
2016-01-31 09:00:00,64,32,32
2016-01-31 10:00:00,78,39,39
2016-01-31 11:00:00,84,42,42
2016-01-31 12:00:00,49,25,24
2016-01-31 13:00:00,54,27,27
2016-01-31 14:00:00,24,12,12
2016-01-31 15:00:00,24,12,12
2016-01-31 16:00:00,8,4,4
2016-01-31 17:00:00,2,1,1
2016-01-31 18:00:00,2,1,1
2016-01-31 19:00:00,2,1,1
2016-01-31 20:00:00,2,1,1
2016-01-31 21:00:00,0,0,0
2016-01-31 22:00:00,0,0,0
2016-01-31 23:00:00,0,0,0
2016-02-01 00:00:00,0,0,0
2016-02-01 01:00:00,1,1,0
2016-02-01 02:00:00,1,1,0
2016-02-01 03:00:00,0,0,0
2016-02-01 04:00:00,0,0,0
2016-02-01 05:00:00,2,1,1
2016-02-01 06:00:00,9,5,4
2016-02-01 07:00:00,25,13,12
2016-02-01 08:00:00,57,29,28
2016-02-01 09:00:00,37,19,18
2016-02-01 10:00:00,31,16,15
2016-02-01 11:00:00,16,2,14
2016-02-01 12:00:00,9,7,2
2016-02-01 13:00:00,5,2,3
2016-02-01 14:00:00,15,5,10
2016-02-01 15:00:00,20,11,9
2016-02-01 16:00:00,36,16,20
2016-02-01 17:00:00,51,28,23
2016-02-01 18:00:00,32,22,10
2016-02-01 19:00:00,15,11,4
2016-02-01 20:00:00,11,4,7
2016-02-01 21:00:00,4,2,2
2016-02-01 22:00:00,1,1,0
2016-02-01 23:00:00,1,1,0
2016-02-02 00:00:00,0,0,0
2016-02-02 01:00:00,0,0,0
2016-02-02 02:00:00,0,0,0
2016-02-02 03:00:00,0,0,0
2016-02-02 04:00:00,0,0,0
2016-02-02 05:00:00,12,6,6
2016-02-02 06:00:00,23,14,9
2016-02-02 07:00:00,59,27,32
2016-02-02 08:00:00,45,25,20
2016-02-02 09:00:00,40,12,28
2016-02-02 10:00:00,12,8,4
2016-02-02 11:00:00,13,6,7
2016-02-02 12:00:00,28,10,18
2016-02-02 13:00:00,30,14,16
2016-02-02 14:00:00,37,18,19
2016-02-02 15:00:00,53,30,23
2016-02-02 16:00:00,62,26,36
2016-02-02 17:00:00,73,38,35
2016-02-02 18:00:00,54,38,16
2016-02-02 19:00:00,13,11,2
2016-02-02 20:00:00,15,5,10
2016-02-02 21:00:00,2,0,2
2016-02-02 22:00:00,9,9,0
2016-02-02 23:00:00,0,0,0
2016-02-03 00:00:00,0,0,0
2016-02-03 01:00:00,0,0,0
2016-02-03 02:00:00,0,0,0
2016-02-03 03:00:00,1,1,0
2016-02-03 04:00:00,1,1,0
2016-02-03 05:00:00,5,3,2
2016-02-03 06:00:00,10,6,4
2016-02-03 07:00:00,44,23,21
2016-02-03 08:00:00,32,21,11
2016-02-03 09:00:00,13,4,9
2016-02-03 10:00:00,12,6,6
2016-02-03 11:00:00,2,1,1
2016-02-03 12:00:00,12,4,8
2016-02-03 13:00:00,5,2,3
2016-02-03 14:00:00,6,4,2
2016-02-03 15:00:00,5,2,3
2016-02-03 16:00:00,17,6,11
2016-02-03 17:00:00,38,18,20
2016-02-03 18:00:00,30,15,15
2016-02-03 19:00:00,12,6,6
2016-02-03 20:00:00,4,3,1
2016-02-03 21:00:00,2,1,1
2016-02-03 22:00:00,0,0,0
2016-02-03 23:00:00,0,0,0
2016-02-04 00:00:00,0,0,0
2016-02-04 01:00:00,0,0,0
2016-02-04 02:00:00,0,0,0
2016-02-04 03:00:00,0,0,0
2016-02-04 04:00:00,2,1,1
2016-02-04 05:00:00,7,4,3
2016-02-04 06:00:00,12,7,5
2016-02-04 07:00:00,28,16,12
2016-02-04 08:00:00,36,18,18
2016-02-04 09:00:00,18,8,10
2016-02-04 10:00:00,7,6,1
2016-02-04 11:00:00,3,0,3
2016-02-04 12:00:00,4,0,4
2016-02-04 13:00:00,9,2,7
2016-02-04 14:00:00,12,7,5
2016-02-04 15:00:00,13,7,6
2016-02-04 16:00:00,29,16,13
2016-02-04 17:00:00,34,17,17
2016-02-04 18:00:00,24,12,12
2016-02-04 19:00:00,11,8,3
2016-02-04 20:00:00,6,4,2
2016-02-04 21:00:00,3,2,1
2016-02-04 22:00:00,2,1,1
2016-02-04 23:00:00,2,1,1
2016-02-05 00:00:00,1,1,0
2016-02-05 01:00:00,2,0,2
2016-02-05 02:00:00,0,0,0
2016-02-05 03:00:00,0,0,0
2016-02-05 04:00:00,2,2,0
2016-02-05 05:00:00,3,1,2
2016-02-05 06:00:00,13,8,5
2016-02-05 07:00:00,38,20,18
2016-02-11 22:00:00,0,0,0
2016-02-05 08:00:00,39,22,17
2016-02-05 09:00:00,22,10,12
2016-02-05 10:00:00,14,1,13
2016-02-05 11:00:00,13,8,5
2016-02-05 12:00:00,20,9,11
2016-02-05 13:00:00,12,7,5
2016-02-05 14:00:00,18,9,9
2016-02-05 15:00:00,20,9,11
2016-02-05 16:00:00,24,10,14
2016-02-05 17:00:00,30,16,14
2016-02-05 18:00:00,23,15,8
2016-02-05 19:00:00,9,6,3
2016-02-05 20:00:00,3,3,0
2016-02-05 21:00:00,0,0,0
2016-02-05 22:00:00,0,0,0
2016-02-05 23:00:00,1,1,0
2016-02-06 00:00:00,0,0,0
2016-02-06 01:00:00,0,0,0
2016-02-06 02:00:00,0,0,0
2016-02-06 03:00:00,0,0,0
2016-02-06 04:00:00,0,0,0
2016-02-06 05:00:00,1,1,0
2016-02-06 06:00:00,1,1,0
2016-02-06 07:00:00,11,9,2
2016-02-06 08:00:00,51,12,39
2016-02-06 09:00:00,77,28,49
2016-02-06 10:00:00,68,35,33
2016-02-06 11:00:00,114,58,56
2016-02-06 12:00:00,85,50,35
2016-02-06 13:00:00,78,48,30
2016-02-06 14:00:00,74,40,34
2016-02-06 15:00:00,57,44,13
2016-02-06 16:00:00,29,19,10
2016-02-06 17:00:00,14,11,3
2016-02-06 18:00:00,11,6,5
2016-02-06 19:00:00,3,3,0
2016-02-06 20:00:00,3,1,2
2016-02-06 21:00:00,0,0,0
2016-02-06 22:00:00,1,1,0
2016-02-06 23:00:00,0,0,0
2016-02-07 00:00:00,0,0,0
2016-02-07 01:00:00,0,0,0
2016-02-07 02:00:00,0,0,0
2016-02-07 03:00:00,0,0,0
2016-02-07 04:00:00,0,0,0
2016-02-07 05:00:00,0,0,0
2016-02-07 06:00:00,3,1,2
2016-02-07 07:00:00,6,1,5
2016-02-07 08:00:00,66,15,51
2016-02-07 09:00:00,78,38,40
2016-02-07 10:00:00,102,49,53
2016-02-07 11:00:00,143,103,40
2016-02-07 12:00:00,84,60,24
2016-02-07 13:00:00,98,44,54
2016-02-07 14:00:00,82,54,28
2016-02-07 15:00:00,59,38,21
2016-02-07 16:00:00,45,34,11
2016-02-07 17:00:00,14,11,3
2016-02-07 18:00:00,2,2,0
2016-02-07 19:00:00,2,1,1
2016-02-07 20:00:00,1,1,0
2016-02-07 21:00:00,0,0,0
2016-02-07 22:00:00,0,0,0
2016-02-07 23:00:00,1,1,0
2016-02-08 00:00:00,0,0,0
2016-02-08 01:00:00,0,0,0
2016-02-08 02:00:00,0,0,0
2016-02-08 03:00:00,1,0,1
2016-02-08 04:00:00,3,3,0
2016-02-08 05:00:00,8,6,2
2016-02-08 06:00:00,28,19,9
2016-02-08 07:00:00,58,29,29
2016-02-08 08:00:00,48,26,22
2016-02-08 09:00:00,23,12,11
2016-02-08 10:00:00,10,4,6
2016-02-08 11:00:00,29,12,17
2016-02-08 12:00:00,17,11,6
2016-02-08 13:00:00,28,14,14
2016-02-08 14:00:00,42,14,28
2016-02-08 15:00:00,52,27,25
2016-02-08 16:00:00,62,28,34
2016-02-08 17:00:00,90,50,40
2016-02-08 18:00:00,47,30,17
2016-02-08 19:00:00,13,6,7
2016-02-08 20:00:00,12,4,8
2016-02-08 21:00:00,3,3,0
2016-02-08 22:00:00,2,0,2
2016-02-08 23:00:00,0,0,0
2016-02-09 00:00:00,0,0,0
2016-02-09 01:00:00,0,0,0
2016-02-09 02:00:00,1,1,0
2016-02-09 03:00:00,0,0,0
2016-02-09 04:00:00,1,1,0
2016-02-09 05:00:00,6,4,2
2016-02-09 06:00:00,33,17,16
2016-02-09 07:00:00,67,38,29
2016-02-09 08:00:00,58,31,27
2016-02-09 09:00:00,22,10,12
2016-02-09 10:00:00,22,9,13
2016-02-09 11:00:00,14,5,9
2016-02-09 12:00:00,30,14,16
2016-02-09 13:00:00,33,16,17
2016-02-09 14:00:00,58,25,33
2016-02-09 15:00:00,64,31,33
2016-02-09 16:00:00,103,54,49
2016-02-09 17:00:00,116,64,52
2016-02-09 18:00:00,68,39,29
2016-02-09 19:00:00,23,11,12
2016-02-09 20:00:00,10,5,5
2016-02-09 21:00:00,2,0,2
2016-02-09 22:00:00,2,1,1
2016-02-09 23:00:00,0,0,0
2016-02-10 00:00:00,1,0,1
2016-02-10 01:00:00,0,0,0
2016-02-10 02:00:00,0,0,0
2016-02-10 03:00:00,1,0,1
2016-02-10 04:00:00,1,1,0
2016-02-10 05:00:00,7,4,3
2016-02-10 06:00:00,28,15,13
2016-02-10 07:00:00,60,34,26
2016-02-10 08:00:00,26,12,14
2016-02-10 09:00:00,20,9,11
2016-02-10 10:00:00,9,5,4
2016-02-10 11:00:00,6,4,2
2016-02-10 12:00:00,7,4,3
2016-02-10 13:00:00,7,2,5
2016-02-10 14:00:00,10,3,7
2016-02-10 15:00:00,13,6,7
2016-02-10 16:00:00,34,14,20
2016-02-10 17:00:00,53,29,24
2016-02-10 18:00:00,37,19,18
2016-02-10 19:00:00,17,10,7
2016-02-10 20:00:00,5,3,2
2016-02-10 21:00:00,3,2,1
2016-02-10 22:00:00,0,0,0
2016-02-10 23:00:00,0,0,0
2016-02-11 00:00:00,0,0,0
2016-02-11 01:00:00,1,1,0
2016-02-11 02:00:00,0,0,0
2016-02-11 03:00:00,0,0,0
2016-02-11 04:00:00,2,2,0
2016-02-11 05:00:00,7,4,3
2016-02-11 06:00:00,17,9,8
2016-02-11 07:00:00,44,22,22
2016-02-11 08:00:00,22,13,9
2016-02-11 09:00:00,17,8,9
2016-02-11 10:00:00,7,5,2
2016-02-11 11:00:00,11,5,6
2016-02-11 12:00:00,10,2,8
2016-02-11 13:00:00,11,6,5
2016-02-11 14:00:00,8,3,5
2016-02-11 15:00:00,9,3,6
2016-02-11 16:00:00,25,14,11
2016-02-11 17:00:00,47,26,21
2016-02-11 18:00:00,34,18,16
2016-02-11 19:00:00,11,8,3
2016-02-11 20:00:00,2,2,0
2016-02-11 21:00:00,1,1,0
2016-02-11 23:00:00,0,0,0
2016-02-12 00:00:00,0,0,0
2016-02-12 01:00:00,0,0,0
2016-02-12 02:00:00,0,0,0
2016-02-12 03:00:00,0,0,0
2016-02-12 04:00:00,1,1,0
2016-02-12 05:00:00,2,1,1
2016-02-12 06:00:00,8,5,3
2016-02-12 07:00:00,44,23,21
2016-02-12 08:00:00,24,9,15
2016-02-12 09:00:00,11,7,4
2016-02-12 10:00:00,5,4,1
2016-02-12 11:00:00,5,2,3
2016-02-12 12:00:00,6,0,6
2016-02-12 13:00:00,8,5,3
2016-02-12 14:00:00,12,4,8
2016-02-12 15:00:00,25,11,14
2016-02-12 16:00:00,51,24,27
2016-02-12 17:00:00,53,31,22
2016-02-12 18:00:00,24,18,6
2016-02-12 19:00:00,6,3,3
2016-02-12 20:00:00,5,4,1
2016-02-12 21:00:00,1,1,0
2016-02-12 22:00:00,2,1,1
2016-02-12 23:00:00,1,0,1
2016-02-13 00:00:00,0,0,0
2016-02-13 01:00:00,0,0,0
2016-02-13 02:00:00,0,0,0
2016-02-13 03:00:00,0,0,0
2016-02-13 04:00:00,0,0,0
2016-02-13 05:00:00,0,0,0
2016-02-13 06:00:00,2,2,0
2016-02-13 07:00:00,10,3,7
2016-02-13 08:00:00,49,17,32
2016-02-13 09:00:00,101,35,66
2016-02-13 10:00:00,99,44,55
2016-02-13 11:00:00,98,65,33
2016-02-13 12:00:00,59,35,24
2016-02-13 13:00:00,27,21,6
2016-02-13 14:00:00,20,14,6
2016-02-13 15:00:00,12,9,3
2016-02-13 16:00:00,1,1,0
2016-02-13 17:00:00,3,1,2
2016-02-13 18:00:00,2,2,0
2016-02-13 19:00:00,0,0,0
2016-02-13 20:00:00,2,2,0
2016-02-13 21:00:00,0,0,0
2016-02-13 22:00:00,0,0,0
2016-02-13 23:00:00,0,0,0
2016-02-14 00:00:00,0,0,0
2016-02-14 01:00:00,1,0,1
2016-02-14 02:00:00,0,0,0
2016-02-14 03:00:00,0,0,0
2016-02-14 04:00:00,0,0,0
2016-02-14 05:00:00,0,0,0
2016-02-14 06:00:00,1,1,0
2016-02-14 07:00:00,3,3,0
2016-02-14 08:00:00,16,5,11
2016-02-14 09:00:00,16,6,10
2016-02-14 10:00:00,17,5,12
2016-02-14 11:00:00,40,27,13
2016-02-14 12:00:00,32,24,8
2016-02-14 13:00:00,34,17,17
2016-02-14 14:00:00,21,12,9
2016-02-14 15:00:00,23,18,5
2016-02-14 16:00:00,9,5,4
2016-02-14 17:00:00,7,6,1
2016-02-14 18:00:00,6,6,0
2016-02-14 19:00:00,1,0,1
2016-02-14 20:00:00,1,1,0
2016-02-14 21:00:00,1,0,1
2016-02-14 22:00:00,0,0,0
2016-02-14 23:00:00,0,0,0
2016-02-15 00:00:00,0,0,0
2016-02-15 01:00:00,1,0,1
2016-02-15 02:00:00,0,0,0
2016-02-15 03:00:00,0,0,0
2016-02-15 04:00:00,1,0,1
2016-02-15 05:00:00,3,2,1
2016-02-15 06:00:00,4,2,2
2016-02-15 07:00:00,12,7,5
2016-02-15 08:00:00,12,5,7
2016-02-15 09:00:00,7,3,4
2016-02-15 10:00:00,12,4,8
2016-02-15 11:00:00,22,8,14
2016-02-15 12:00:00,7,5,2
2016-02-15 13:00:00,9,6,3
2016-02-15 14:00:00,6,1,5
2016-02-15 15:00:00,8,2,6
2016-02-15 16:00:00,16,8,8
2016-02-15 17:00:00,19,12,7
2016-02-15 18:00:00,10,4,6
2016-02-15 19:00:00,2,1,1
2016-02-15 20:00:00,2,2,0
2016-02-15 21:00:00,1,1,0
2016-02-15 22:00:00,1,0,1
2016-02-15 23:00:00,1,1,0
2016-02-16 00:00:00,0,0,0
2016-02-16 01:00:00,0,0,0
2016-02-16 02:00:00,0,0,0
2016-02-16 03:00:00,0,0,0
2016-02-16 04:00:00,1,1,0
2016-02-16 05:00:00,7,3,4
2016-02-16 06:00:00,12,9,3
2016-02-16 07:00:00,34,21,13
2016-02-16 08:00:00,37,19,18
2016-02-16 09:00:00,20,10,10
2016-02-16 10:00:00,14,7,7
2016-02-16 11:00:00,13,2,11
2016-02-16 12:00:00,14,8,6
2016-02-16 13:00:00,19,13,6
2016-02-16 14:00:00,12,7,5
2016-02-16 15:00:00,15,5,10
2016-02-16 16:00:00,36,13,23
2016-02-16 17:00:00,46,23,23
2016-02-16 18:00:00,36,18,18
2016-02-16 19:00:00,13,7,6
2016-02-16 20:00:00,5,2,3
2016-02-16 21:00:00,4,1,3
2016-02-16 22:00:00,0,0,0
2016-02-16 23:00:00,0,0,0
2016-02-17 00:00:00,0,0,0
2016-02-17 01:00:00,0,0,0
2016-02-17 02:00:00,0,0,0
2016-02-17 03:00:00,0,0,0
2016-02-17 04:00:00,1,1,0
2016-02-17 05:00:00,6,3,3
2016-02-17 06:00:00,17,10,7
2016-02-17 07:00:00,60,27,33
2016-02-17 08:00:00,37,19,18
2016-02-17 09:00:00,22,9,13
2016-02-17 10:00:00,20,6,14
2016-02-17 11:00:00,26,14,12
2016-02-17 12:00:00,11,8,3
2016-02-17 13:00:00,18,7,11
2016-02-17 14:00:00,21,12,9
2016-02-17 15:00:00,14,6,8
2016-02-17 16:00:00,36,11,25
2016-02-17 17:00:00,50,24,26
2016-02-17 18:00:00,35,20,15
2016-02-17 19:00:00,10,8,2
2016-02-17 20:00:00,4,3,1
2016-02-17 21:00:00,1,0,1
2016-02-17 22:00:00,2,2,0
2016-02-17 23:00:00,0,0,0
2016-02-18 00:00:00,0,0,0
2016-02-18 01:00:00,0,0,0
2016-02-18 02:00:00,0,0,0
2016-02-18 03:00:00,0,0,0
2016-02-18 04:00:00,1,1,0
2016-02-18 05:00:00,4,2,2
2016-02-18 06:00:00,18,10,8
2016-02-18 07:00:00,31,16,15
2016-02-18 08:00:00,33,20,13
2016-02-18 09:00:00,12,5,7
2016-02-18 10:00:00,18,9,9
2016-02-18 11:00:00,13,5,8
2016-02-18 12:00:00,8,3,5
2016-02-18 13:00:00,6,1,5
2016-02-18 14:00:00,9,4,5
2016-02-18 15:00:00,17,5,12
2016-02-18 16:00:00,41,19,22
2016-02-18 17:00:00,48,26,22
2016-02-18 18:00:00,31,17,14
2016-02-18 19:00:00,68,11,57
2016-02-18 20:00:00,15,7,8
2016-02-18 21:00:00,15,13,2
2016-02-18 22:00:00,62,60,2
2016-02-18 23:00:00,0,0,0
2016-02-19 00:00:00,0,0,0
2016-02-19 01:00:00,1,1,0
2016-02-19 02:00:00,0,0,0
2016-02-19 03:00:00,0,0,0
2016-02-19 04:00:00,2,1,1
2016-02-19 05:00:00,3,1,2
2016-02-19 06:00:00,7,5,2
2016-02-19 07:00:00,31,18,13
2016-02-19 08:00:00,10,6,4
2016-02-19 09:00:00,16,8,8
2016-02-19 10:00:00,5,4,1
2016-02-19 11:00:00,5,3,2
2016-02-19 12:00:00,5,1,4
2016-02-19 13:00:00,4,1,3
2016-02-19 14:00:00,6,3,3
2016-02-19 15:00:00,5,1,4
2016-02-19 16:00:00,15,6,9
2016-02-19 17:00:00,19,10,9
2016-02-19 18:00:00,16,9,7
2016-02-19 19:00:00,5,1,4
2016-02-19 20:00:00,2,2,0
2016-02-19 21:00:00,0,0,0
2016-02-19 22:00:00,0,0,0
2016-02-19 23:00:00,1,1,0
2016-02-20 00:00:00,0,0,0
2016-02-20 01:00:00,0,0,0
2016-02-20 02:00:00,0,0,0
2016-02-20 03:00:00,0,0,0
2016-02-20 04:00:00,0,0,0
2016-02-20 05:00:00,0,0,0
2016-02-20 06:00:00,0,0,0
2016-02-20 07:00:00,15,3,12
2016-02-20 08:00:00,45,12,33
2016-02-20 09:00:00,77,32,45
2016-02-20 10:00:00,138,43,95
2016-02-20 11:00:00,135,72,63
2016-02-20 12:00:00,132,76,56
2016-02-20 13:00:00,131,69,62
2016-02-20 14:00:00,129,76,53
2016-02-20 15:00:00,88,43,45
2016-02-20 16:00:00,49,31,18
2016-02-20 17:00:00,25,19,6
2016-02-20 18:00:00,5,1,4
2016-02-20 19:00:00,5,3,2
2016-02-20 20:00:00,12,10,2
2016-02-20 21:00:00,0,0,0
2016-02-20 22:00:00,0,0,0
2016-02-20 23:00:00,1,0,1
2016-02-21 00:00:00,0,0,0
2016-02-21 01:00:00,0,0,0
2016-02-21 02:00:00,0,0,0
2016-02-21 03:00:00,1,0,1
2016-02-21 04:00:00,0,0,0
2016-02-21 05:00:00,0,0,0
2016-02-21 06:00:00,4,3,1
2016-02-21 07:00:00,12,2,10
2016-02-21 08:00:00,39,9,30
2016-02-21 09:00:00,69,40,29
2016-02-21 10:00:00,74,48,26
2016-02-21 11:00:00,55,28,27
2016-02-21 12:00:00,31,20,11
2016-02-21 13:00:00,0,0,0
2016-02-21 14:00:00,9,4,5
2016-02-21 15:00:00,8,2,6
2016-02-21 16:00:00,10,7,3
2016-02-21 17:00:00,11,9,2
2016-02-21 18:00:00,5,3,2
2016-02-21 19:00:00,4,0,4
2016-02-21 20:00:00,1,1,0
2016-02-21 21:00:00,1,0,1
2016-02-21 22:00:00,1,1,0
2016-02-21 23:00:00,0,0,0
2016-02-22 00:00:00,0,0,0
2016-02-22 01:00:00,0,0,0
2016-02-22 02:00:00,0,0,0
2016-02-22 03:00:00,0,0,0
2016-02-22 04:00:00,1,1,0
2016-02-22 05:00:00,4,3,1
2016-02-22 06:00:00,18,14,4
2016-02-22 07:00:00,41,17,24
2016-02-22 08:00:00,37,23,14
2016-02-22 09:00:00,20,7,13
2016-02-22 10:00:00,5,1,4
2016-02-22 11:00:00,22,4,18
2016-02-22 12:00:00,11,6,5
2016-02-22 13:00:00,11,4,7
2016-02-22 14:00:00,13,8,5
2016-02-22 15:00:00,18,6,12
2016-02-22 16:00:00,40,22,18
2016-02-22 17:00:00,58,29,29
2016-02-22 18:00:00,48,26,22
2016-02-22 19:00:00,9,4,5
2016-02-22 20:00:00,7,7,0
2016-02-22 21:00:00,0,0,0
2016-02-22 22:00:00,2,0,2
2016-02-22 23:00:00,0,0,0
2016-02-23 00:00:00,1,1,0
2016-02-23 01:00:00,0,0,0
2016-02-23 02:00:00,0,0,0
2016-02-23 03:00:00,0,0,0
2016-02-23 04:00:00,2,2,0
2016-02-23 05:00:00,3,1,2
2016-02-23 06:00:00,27,15,12
2016-02-23 07:00:00,66,40,26
2016-02-23 08:00:00,50,30,20
2016-02-23 09:00:00,30,15,15
2016-02-23 10:00:00,26,14,12
2016-02-23 11:00:00,17,7,10
2016-02-23 12:00:00,30,12,18
2016-02-23 13:00:00,41,17,24
2016-02-23 14:00:00,42,25,17
2016-02-23 15:00:00,32,17,15
2016-02-23 16:00:00,63,31,32
2016-02-23 17:00:00,103,55,48
2016-02-23 18:00:00,49,31,18
2016-02-23 19:00:00,25,16,9
2016-02-23 20:00:00,6,3,3
2016-02-23 21:00:00,3,2,1
2016-02-23 22:00:00,1,1,0
2016-02-23 23:00:00,0,0,0
2016-02-24 00:00:00,0,0,0
2016-02-24 01:00:00,0,0,0
2016-02-24 02:00:00,0,0,0
2016-02-24 03:00:00,0,0,0
2016-02-24 04:00:00,3,3,0
2016-02-24 05:00:00,8,6,2
2016-02-24 06:00:00,27,14,13
2016-02-24 07:00:00,59,32,27
2016-02-24 08:00:00,53,30,23
2016-02-24 09:00:00,32,17,15
2016-02-24 10:00:00,14,8,6
2016-02-24 11:00:00,19,9,10
2016-02-24 12:00:00,22,13,9
2016-02-24 13:00:00,25,8,17
2016-02-24 14:00:00,26,14,12
2016-02-24 15:00:00,39,18,21
2016-02-24 16:00:00,60,23,37
2016-02-24 17:00:00,95,56,39
2016-02-24 18:00:00,47,34,13
2016-02-24 19:00:00,26,11,15
2016-02-24 20:00:00,12,8,4
2016-02-24 21:00:00,2,1,1
2016-02-24 22:00:00,1,1,0
2016-02-24 23:00:00,0,0,0
2016-02-25 00:00:00,0,0,0
2016-02-25 01:00:00,0,0,0
2016-02-25 02:00:00,1,1,0
2016-02-25 03:00:00,0,0,0
2016-02-25 04:00:00,2,2,0
2016-02-25 05:00:00,9,5,4
2016-02-25 06:00:00,25,16,9
2016-02-25 07:00:00,65,40,25
2016-02-25 08:00:00,41,28,13
2016-02-25 09:00:00,31,12,19
2016-02-25 10:00:00,19,13,6
2016-02-25 11:00:00,35,12,23
2016-02-25 12:00:00,31,12,19
2016-02-25 13:00:00,44,24,20
2016-02-25 14:00:00,32,12,20
2016-02-25 15:00:00,51,26,25
2016-02-25 16:00:00,99,45,54
2016-02-25 17:00:00,104,61,43
2016-02-25 18:00:00,60,42,18
2016-02-25 19:00:00,18,12,6
2016-02-25 20:00:00,11,8,3
2016-02-25 21:00:00,6,4,2
2016-02-25 22:00:00,1,0,1
2016-02-25 23:00:00,0,0,0
2016-02-26 00:00:00,3,1,2
2016-02-26 01:00:00,0,0,0
2016-02-26 02:00:00,0,0,0
2016-02-26 03:00:00,0,0,0
2016-02-26 04:00:00,2,2,0
2016-02-26 05:00:00,6,4,2
2016-02-26 06:00:00,17,15,2
2016-02-26 07:00:00,47,20,27
2016-02-26 08:00:00,35,20,15
2016-02-26 09:00:00,19,7,12
2016-02-26 10:00:00,23,17,6
2016-02-26 11:00:00,18,9,9
2016-02-26 12:00:00,23,12,11
2016-02-26 13:00:00,25,12,13
2016-02-26 14:00:00,10,5,5
2016-02-26 15:00:00,22,6,16
2016-02-26 16:00:00,19,7,12
2016-02-26 17:00:00,36,18,18
2016-02-26 18:00:00,25,14,11
2016-02-26 19:00:00,8,4,4
2016-02-26 20:00:00,4,3,1
2016-02-26 21:00:00,1,0,1
2016-02-26 22:00:00,1,0,1
2016-02-26 23:00:00,0,0,0
2016-02-27 00:00:00,0,0,0
2016-02-27 01:00:00,1,1,0
2016-02-27 02:00:00,1,0,1
2016-02-27 03:00:00,0,0,0
2016-02-27 04:00:00,0,0,0
2016-02-27 05:00:00,0,0,0
2016-02-27 06:00:00,1,1,0
2016-02-27 07:00:00,5,1,4
2016-02-27 08:00:00,26,10,16
2016-02-27 09:00:00,107,20,87
2016-02-27 10:00:00,75,46,29
2016-02-27 11:00:00,96,59,37
2016-02-27 12:00:00,101,63,38
2016-02-27 13:00:00,83,39,44
2016-02-27 14:00:00,86,54,32
2016-02-27 15:00:00,74,38,36
2016-02-27 16:00:00,48,28,20
2016-02-27 17:00:00,24,19,5
2016-02-27 18:00:00,0,0,0
2016-02-27 19:00:00,1,1,0
2016-02-27 20:00:00,4,3,1
2016-02-27 21:00:00,1,0,1
2016-02-27 22:00:00,0,0,0
2016-02-27 23:00:00,1,0,1
2016-02-28 00:00:00,1,1,0
2016-02-28 01:00:00,1,0,1
2016-02-28 02:00:00,0,0,0
2016-02-28 03:00:00,0,0,0
2016-02-28 04:00:00,0,0,0
2016-02-28 05:00:00,2,1,1
2016-02-28 06:00:00,7,6,1
2016-02-28 07:00:00,26,17,9
2016-02-28 08:00:00,24,19,5
2016-02-28 09:00:00,20,10,10
2016-02-28 10:00:00,24,8,16
2016-02-28 11:00:00,34,22,12
2016-02-28 12:00:00,29,11,18
2016-02-28 13:00:00,12,10,2
2016-02-28 14:00:00,11,4,7
2016-02-28 15:00:00,17,4,13
2016-02-28 16:00:00,12,7,5
2016-02-28 17:00:00,3,3,0
2016-02-28 18:00:00,1,1,0
2016-02-28 19:00:00,0,0,0
2016-02-28 20:00:00,0,0,0
2016-02-28 21:00:00,0,0,0
2016-02-28 22:00:00,0,0,0
2016-02-28 23:00:00,0,0,0
2016-02-29 00:00:00,0,0,0
2016-02-29 01:00:00,0,0,0
2016-02-29 02:00:00,0,0,0
2016-02-29 03:00:00,0,0,0
2016-02-29 04:00:00,2,2,0
2016-02-29 05:00:00,2,2,0
2016-02-29 06:00:00,19,14,5
2016-02-29 07:00:00,51,28,23
2016-02-29 08:00:00,34,21,13
2016-02-29 09:00:00,22,12,10
2016-02-29 10:00:00,15,4,11
2016-02-29 11:00:00,32,9,23
2016-02-29 12:00:00,18,8,10
2016-02-29 13:00:00,22,13,9
2016-02-29 14:00:00,31,15,16
2016-02-29 15:00:00,26,12,14
2016-02-29 16:00:00,40,17,23
2016-02-29 17:00:00,69,31,38
2016-02-29 18:00:00,50,25,25
2016-02-29 19:00:00,15,9,6
2016-02-29 20:00:00,8,4,4
2016-02-29 21:00:00,7,4,3
2016-02-29 22:00:00,0,0,0
2016-02-29 23:00:00,1,1,0
2016-03-01 00:00:00,0,0,0
2016-03-01 01:00:00,0,0,0
2016-03-01 02:00:00,0,0,0
2016-03-01 03:00:00,0,0,0
2016-03-01 04:00:00,1,1,0
2016-03-01 05:00:00,4,1,3
2016-03-01 06:00:00,8,6,2
2016-03-01 07:00:00,30,20,10
2016-03-01 08:00:00,31,16,15
2016-03-01 09:00:00,13,10,3
2016-03-01 10:00:00,6,3,3
2016-03-01 11:00:00,4,2,2
2016-03-01 12:00:00,2,0,2
2016-03-01 13:00:00,2,1,1
2016-03-01 14:00:00,2,0,2
2016-03-01 15:00:00,5,4,1
2016-03-01 16:00:00,20,6,14
2016-03-01 17:00:00,23,7,16
2016-03-01 18:00:00,25,10,15
2016-03-01 19:00:00,10,6,4
2016-03-01 20:00:00,4,3,1
2016-03-01 21:00:00,0,0,0
2016-03-01 22:00:00,0,0,0
2016-03-01 23:00:00,0,0,0
2016-03-02 00:00:00,1,0,1
2016-03-02 01:00:00,0,0,0
2016-03-02 02:00:00,0,0,0
2016-03-02 03:00:00,0,0,0
2016-03-02 04:00:00,2,2,0
2016-03-02 05:00:00,3,2,1
2016-03-02 06:00:00,27,19,8
2016-03-02 07:00:00,39,15,24
2016-03-02 08:00:00,45,21,24
2016-03-02 09:00:00,34,15,19
2016-03-02 10:00:00,16,5,11
2016-03-02 11:00:00,17,8,9
2016-03-02 12:00:00,17,10,7
2016-03-02 13:00:00,25,15,10
2016-03-02 14:00:00,25,15,10
2016-03-02 15:00:00,26,10,16
2016-03-02 16:00:00,40,17,23
2016-03-02 17:00:00,44,19,25
2016-03-02 18:00:00,41,27,14
2016-03-02 19:00:00,12,9,3
2016-03-02 20:00:00,7,5,2
2016-03-02 21:00:00,1,0,1
2016-03-02 22:00:00,0,0,0
2016-03-02 23:00:00,2,0,2
2016-03-03 00:00:00,0,0,0
2016-03-03 01:00:00,0,0,0
2016-03-03 02:00:00,0,0,0
2016-03-03 03:00:00,0,0,0
2016-03-03 04:00:00,3,3,0
2016-03-03 05:00:00,4,2,2
2016-03-03 06:00:00,25,14,11
2016-03-03 07:00:00,64,32,32
2016-03-03 08:00:00,31,22,9
2016-03-03 09:00:00,16,8,8
2016-03-03 10:00:00,9,3,6
2016-03-03 11:00:00,6,4,2
2016-03-03 12:00:00,6,1,5
2016-03-03 13:00:00,9,5,4
2016-03-03 14:00:00,6,4,2
2016-03-03 15:00:00,15,7,8
2016-03-03 16:00:00,40,12,28
2016-03-03 17:00:00,68,38,30
2016-03-03 18:00:00,39,14,25
2016-03-03 19:00:00,11,7,4
2016-03-03 20:00:00,5,4,1
2016-03-03 21:00:00,2,0,2
2016-03-03 22:00:00,3,2,1
2016-03-03 23:00:00,1,1,0
2016-03-04 00:00:00,2,1,1
2016-03-04 01:00:00,0,0,0
2016-03-04 02:00:00,0,0,0
2016-03-04 03:00:00,0,0,0
2016-03-04 04:00:00,2,2,0
2016-03-04 05:00:00,6,2,4
2016-03-04 06:00:00,19,10,9
2016-03-04 07:00:00,50,24,26
2016-03-04 08:00:00,43,26,17
2016-03-04 09:00:00,30,19,11
2016-03-04 10:00:00,32,7,25
2016-03-04 11:00:00,21,11,10
2016-03-04 12:00:00,18,5,13
2016-03-04 13:00:00,14,6,8
2016-03-04 14:00:00,12,6,6
2016-03-04 15:00:00,17,9,8
2016-03-04 16:00:00,35,17,18
2016-03-04 17:00:00,46,25,21
2016-03-04 18:00:00,16,7,9
2016-03-04 19:00:00,10,6,4
2016-03-04 20:00:00,1,1,0
2016-03-04 21:00:00,1,1,0
2016-03-04 22:00:00,0,0,0
2016-03-04 23:00:00,0,0,0
2016-03-05 00:00:00,2,1,1
2016-03-05 01:00:00,1,1,0
2016-03-05 02:00:00,0,0,0
2016-03-05 03:00:00,0,0,0
2016-03-05 04:00:00,0,0,0
2016-03-05 05:00:00,0,0,0
2016-03-05 06:00:00,1,0,1
2016-03-05 07:00:00,3,2,1
2016-03-05 08:00:00,55,12,43
2016-03-05 09:00:00,110,32,78
2016-03-05 10:00:00,125,50,75
2016-03-05 11:00:00,129,70,59
2016-03-05 12:00:00,134,62,72
2016-03-05 13:00:00,199,89,110
2016-03-05 14:00:00,118,73,45
2016-03-05 15:00:00,110,77,33
2016-03-05 16:00:00,69,44,25
2016-03-05 17:00:00,21,17,4
2016-03-05 18:00:00,6,6,0
2016-03-05 19:00:00,3,3,0
2016-03-05 20:00:00,0,0,0
2016-03-05 21:00:00,1,1,0
2016-03-05 22:00:00,1,0,1
2016-03-05 23:00:00,4,2,2
2016-03-06 00:00:00,0,0,0
2016-03-06 01:00:00,0,0,0
2016-03-06 02:00:00,0,0,0
2016-03-06 03:00:00,0,0,0
2016-03-06 04:00:00,0,0,0
2016-03-06 05:00:00,0,0,0
2016-03-06 06:00:00,1,1,0
2016-03-06 07:00:00,9,0,9
2016-03-06 08:00:00,32,6,26
2016-03-06 09:00:00,37,16,21
2016-03-06 10:00:00,23,13,10
2016-03-06 11:00:00,27,15,12
2016-03-06 12:00:00,20,16,4
2016-03-06 13:00:00,9,5,4
2016-03-06 14:00:00,12,4,8
2016-03-06 15:00:00,26,15,11
2016-03-06 16:00:00,14,8,6
2016-03-06 17:00:00,9,6,3
2016-03-06 18:00:00,4,4,0
2016-03-06 19:00:00,1,1,0
2016-03-06 20:00:00,2,1,1
2016-03-06 21:00:00,0,0,0
2016-03-06 22:00:00,0,0,0
2016-03-06 23:00:00,0,0,0
2016-03-07 00:00:00,0,0,0
2016-03-07 01:00:00,0,0,0
2016-03-07 02:00:00,0,0,0
2016-03-07 03:00:00,0,0,0
2016-03-07 04:00:00,1,1,0
2016-03-07 05:00:00,4,4,0
2016-03-07 06:00:00,12,7,5
2016-03-07 07:00:00,29,14,15
2016-03-07 08:00:00,23,15,8
2016-03-07 09:00:00,11,7,4
2016-03-07 10:00:00,3,1,2
2016-03-07 11:00:00,10,4,6
2016-03-07 12:00:00,10,2,8
2016-03-07 13:00:00,6,2,4
2016-03-07 14:00:00,8,1,7
2016-03-07 15:00:00,11,5,6
2016-03-07 16:00:00,34,16,18
2016-03-07 17:00:00,54,31,23
2016-03-07 18:00:00,40,20,20
2016-03-07 19:00:00,11,6,5
2016-03-07 20:00:00,4,3,1
2016-03-07 21:00:00,1,1,0
2016-03-07 22:00:00,3,0,3
2016-03-07 23:00:00,0,0,0
2016-03-08 00:00:00,1,1,0
2016-03-08 01:00:00,1,0,1
2016-03-08 02:00:00,0,0,0
2016-03-08 03:00:00,0,0,0
2016-03-08 04:00:00,2,2,0
2016-03-08 05:00:00,7,4,3
2016-03-08 06:00:00,20,14,6
2016-03-08 07:00:00,59,29,30
2016-03-08 08:00:00,57,29,28
2016-03-08 09:00:00,32,16,16
2016-03-08 10:00:00,28,13,15
2016-03-08 11:00:00,21,11,10
2016-03-08 12:00:00,17,9,8
2016-03-08 13:00:00,13,5,8
2016-03-08 14:00:00,18,10,8
2016-03-08 15:00:00,15,9,6
2016-03-08 16:00:00,43,14,29
2016-03-08 17:00:00,81,46,35
2016-03-08 18:00:00,53,31,22
2016-03-08 19:00:00,13,7,6
2016-03-08 20:00:00,4,3,1
2016-03-08 21:00:00,3,3,0
2016-03-08 22:00:00,0,0,0
2016-03-08 23:00:00,0,0,0
2016-03-09 00:00:00,1,0,1
2016-03-09 01:00:00,0,0,0
2016-03-09 02:00:00,0,0,0
2016-03-09 03:00:00,1,0,1
2016-03-09 04:00:00,1,1,0
2016-03-09 05:00:00,11,7,4
2016-03-09 06:00:00,20,11,9
2016-03-09 07:00:00,48,21,27
2016-03-09 08:00:00,34,16,18
2016-03-09 09:00:00,26,13,13
2016-03-09 10:00:00,8,2,6
2016-03-09 11:00:00,12,6,6
2016-03-09 12:00:00,12,5,7
2016-03-09 13:00:00,7,5,2
2016-03-09 14:00:00,5,4,1
2016-03-09 15:00:00,6,3,3
2016-03-09 16:00:00,23,10,13
2016-03-09 17:00:00,41,20,21
2016-03-09 18:00:00,22,12,10
2016-03-09 19:00:00,11,7,4
2016-03-09 20:00:00,6,5,1
2016-03-09 21:00:00,3,1,2
2016-03-09 22:00:00,0,0,0
2016-03-09 23:00:00,0,0,0
2016-03-10 00:00:00,0,0,0
2016-03-10 01:00:00,0,0,0
2016-03-10 02:00:00,5,1,4
2016-03-10 03:00:00,0,0,0
2016-03-10 04:00:00,2,2,0
2016-03-10 05:00:00,3,2,1
2016-03-10 06:00:00,10,5,5
2016-03-10 07:00:00,31,17,14
2016-03-10 08:00:00,27,16,11
2016-03-10 09:00:00,9,5,4
2016-03-10 10:00:00,4,1,3
2016-03-10 11:00:00,10,7,3
2016-03-10 12:00:00,7,3,4
2016-03-10 13:00:00,5,2,3
2016-03-10 14:00:00,9,4,5
2016-03-10 15:00:00,5,3,2
2016-03-10 16:00:00,20,12,8
2016-03-10 17:00:00,35,11,24
2016-03-10 18:00:00,29,14,15
2016-03-10 19:00:00,17,6,11
2016-03-10 20:00:00,3,2,1
2016-03-10 21:00:00,5,4,1
2016-03-10 22:00:00,0,0,0
2016-03-10 23:00:00,0,0,0
2016-03-11 00:00:00,0,0,0
2016-03-11 01:00:00,0,0,0
2016-03-11 02:00:00,1,1,0
2016-03-11 03:00:00,0,0,0
2016-03-11 04:00:00,2,2,0
2016-03-11 05:00:00,7,3,4
2016-03-11 06:00:00,25,8,17
2016-03-11 07:00:00,70,35,35
2016-03-11 08:00:00,46,26,20
2016-03-11 09:00:00,30,20,10
2016-03-11 10:00:00,25,8,17
2016-03-11 11:00:00,44,18,26
2016-03-11 12:00:00,40,22,18
2016-03-11 13:00:00,17,11,6
2016-03-11 14:00:00,10,7,3
2016-03-11 15:00:00,7,4,3
2016-03-11 16:00:00,40,19,21
2016-03-11 17:00:00,43,24,19
2016-03-11 18:00:00,21,11,10
2016-03-11 19:00:00,11,4,7
2016-03-11 20:00:00,2,2,0
2016-03-11 21:00:00,2,1,1
2016-03-11 22:00:00,0,0,0
2016-03-11 23:00:00,0,0,0
2016-03-12 00:00:00,2,2,0
2016-03-12 01:00:00,0,0,0
2016-03-12 02:00:00,0,0,0
2016-03-12 03:00:00,0,0,0
2016-03-12 04:00:00,0,0,0
2016-03-12 05:00:00,0,0,0
2016-03-12 06:00:00,0,0,0
2016-03-12 07:00:00,3,3,0
2016-03-12 08:00:00,7,2,5
2016-03-12 09:00:00,23,5,18
2016-03-12 10:00:00,57,14,43
2016-03-12 11:00:00,44,15,29
2016-03-12 12:00:00,61,39,22
2016-03-12 13:00:00,64,38,26
2016-03-12 14:00:00,36,19,17
2016-03-12 15:00:00,31,23,8
2016-03-12 16:00:00,15,8,7
2016-03-12 17:00:00,7,4,3
2016-03-12 18:00:00,1,0,1
2016-03-12 19:00:00,4,4,0
2016-03-12 20:00:00,0,0,0
2016-03-12 21:00:00,0,0,0
2016-03-12 22:00:00,3,0,3
2016-03-12 23:00:00,2,1,1
2016-03-13 00:00:00,0,0,0
2016-03-13 01:00:00,0,0,0
2016-03-13 02:00:00,0,0,0
2016-03-13 03:00:00,0,0,0
2016-03-13 04:00:00,0,0,0
2016-03-13 05:00:00,0,0,0
2016-03-13 06:00:00,0,0,0
2016-03-13 07:00:00,2,0,2
2016-03-13 08:00:00,24,3,21
2016-03-13 09:00:00,45,27,18
2016-03-13 10:00:00,21,13,8
2016-03-13 11:00:00,15,11,4
2016-03-13 12:00:00,2,2,0
2016-03-13 13:00:00,4,2,2
2016-03-13 14:00:00,7,4,3
2016-03-13 15:00:00,6,3,3
2016-03-13 16:00:00,4,2,2
2016-03-13 17:00:00,5,3,2
2016-03-13 18:00:00,1,1,0
2016-03-13 19:00:00,1,1,0
2016-03-13 20:00:00,0,0,0
2016-03-13 21:00:00,0,0,0
2016-03-13 22:00:00,0,0,0
2016-03-13 23:00:00,0,0,0
2016-03-14 00:00:00,0,0,0
2016-03-14 01:00:00,0,0,0
2016-03-14 02:00:00,0,0,0
2016-03-14 03:00:00,0,0,0
2016-03-14 04:00:00,1,1,0
2016-03-14 05:00:00,5,3,2
2016-03-14 06:00:00,10,7,3
2016-03-14 07:00:00,30,17,13
2016-03-14 08:00:00,32,15,17
2016-03-14 09:00:00,24,11,13
2016-03-14 10:00:00,7,2,5
2016-03-14 11:00:00,10,5,5
2016-03-14 12:00:00,5,4,1
2016-03-14 13:00:00,3,1,2
2016-03-14 14:00:00,7,3,4
2016-03-14 15:00:00,6,1,5
2016-03-14 16:00:00,30,8,22
2016-03-14 17:00:00,46,26,20
2016-03-14 18:00:00,45,20,25
2016-03-14 19:00:00,18,9,9
2016-03-14 20:00:00,9,5,4
2016-03-14 21:00:00,6,5,1
2016-03-14 22:00:00,0,0,0
2016-03-14 23:00:00,1,0,1
2016-03-15 00:00:00,0,0,0
2016-03-15 01:00:00,0,0,0
2016-03-15 02:00:00,0,0,0
2016-03-15 03:00:00,0,0,0
2016-03-15 04:00:00,1,1,0
2016-03-15 05:00:00,8,4,4
2016-03-15 06:00:00,10,4,6
2016-03-15 07:00:00,48,25,23
2016-03-15 08:00:00,33,19,14
2016-03-15 09:00:00,22,12,10
2016-03-15 10:00:00,7,7,0
2016-03-15 11:00:00,5,3,2
2016-03-15 12:00:00,5,5,0
2016-03-15 13:00:00,6,3,3
2016-03-15 14:00:00,8,1,7
2016-03-15 15:00:00,17,5,12
2016-03-15 16:00:00,32,10,22
2016-03-15 17:00:00,66,33,33
2016-03-15 18:00:00,62,38,24
2016-03-15 19:00:00,22,13,9
2016-03-15 20:00:00,4,3,1
2016-03-15 21:00:00,3,1,2
2016-03-15 22:00:00,2,2,0
2016-03-15 23:00:00,2,1,1
2016-03-16 00:00:00,0,0,0
2016-03-16 01:00:00,0,0,0
2016-03-16 02:00:00,0,0,0
2016-03-16 03:00:00,0,0,0
2016-03-16 04:00:00,2,2,0
2016-03-16 05:00:00,8,6,2
2016-03-16 06:00:00,19,11,8
2016-03-16 07:00:00,59,31,28
2016-03-16 08:00:00,52,30,22
2016-03-16 09:00:00,25,13,12
2016-03-16 10:00:00,9,4,5
2016-03-16 11:00:00,18,8,10
2016-03-16 12:00:00,22,10,12
2016-03-16 13:00:00,24,14,10
2016-03-16 14:00:00,36,20,16
2016-03-16 15:00:00,33,12,21
2016-03-16 16:00:00,60,15,45
2016-03-16 17:00:00,112,56,56
2016-03-16 18:00:00,85,45,40
2016-03-16 19:00:00,35,29,6
2016-03-16 20:00:00,6,5,1
2016-03-16 21:00:00,11,10,1
2016-03-16 22:00:00,0,0,0
2016-03-16 23:00:00,0,0,0
2016-03-17 00:00:00,2,0,2
2016-03-17 01:00:00,0,0,0
2016-03-17 02:00:00,0,0,0
2016-03-17 03:00:00,0,0,0
2016-03-17 04:00:00,3,2,1
2016-03-17 05:00:00,7,5,2
2016-03-17 06:00:00,18,8,10
2016-03-17 07:00:00,50,26,24
2016-03-17 08:00:00,49,31,18
2016-03-17 09:00:00,40,15,25
2016-03-17 10:00:00,19,8,11
2016-03-17 11:00:00,43,17,26
2016-03-17 12:00:00,29,13,16
2016-03-17 13:00:00,38,24,14
2016-03-17 14:00:00,36,15,21
2016-03-17 15:00:00,55,27,28
2016-03-17 16:00:00,82,34,48
2016-03-17 17:00:00,101,53,48
2016-03-17 18:00:00,85,60,25
2016-03-17 19:00:00,32,20,12
2016-03-17 20:00:00,8,4,4
2016-03-17 21:00:00,1,1,0
2016-03-17 22:00:00,0,0,0
2016-03-17 23:00:00,0,0,0
2016-03-18 00:00:00,1,0,1
2016-03-18 01:00:00,0,0,0
2016-03-18 02:00:00,0,0,0
2016-03-18 03:00:00,0,0,0
2016-03-18 04:00:00,1,1,0
2016-03-18 05:00:00,8,4,4
2016-03-18 06:00:00,24,13,11
2016-03-18 07:00:00,51,29,22
2016-03-18 08:00:00,59,31,28
2016-03-18 09:00:00,30,18,12
2016-03-18 10:00:00,30,8,22
2016-03-18 11:00:00,31,16,15
2016-03-18 12:00:00,27,14,13
2016-03-18 13:00:00,33,17,16
2016-03-18 14:00:00,35,19,16
2016-03-18 15:00:00,55,18,37
2016-03-18 16:00:00,74,42,32
2016-03-18 17:00:00,112,46,66
2016-03-18 18:00:00,48,22,26
2016-03-18 19:00:00,14,8,6
2016-03-18 20:00:00,10,7,3
2016-03-18 21:00:00,2,2,0
2016-03-18 22:00:00,1,1,0
2016-03-18 23:00:00,2,2,0
2016-03-19 00:00:00,3,3,0
2016-03-19 01:00:00,1,1,0
2016-03-19 02:00:00,0,0,0
2016-03-19 03:00:00,0,0,0
2016-03-19 04:00:00,0,0,0
2016-03-19 05:00:00,0,0,0
2016-03-19 06:00:00,5,4,1
2016-03-19 07:00:00,17,7,10
2016-03-19 08:00:00,59,12,47
2016-03-19 09:00:00,84,44,40
2016-03-19 10:00:00,115,46,69
2016-03-19 11:00:00,144,70,74
2016-03-19 12:00:00,105,53,52
2016-03-19 13:00:00,85,47,38
2016-03-19 14:00:00,100,59,41
2016-03-19 15:00:00,82,52,30
2016-03-19 16:00:00,62,31,31
2016-03-19 17:00:00,47,31,16
2016-03-19 18:00:00,19,13,6
2016-03-19 19:00:00,11,8,3
2016-03-19 20:00:00,4,2,2
2016-03-19 21:00:00,0,0,0
2016-03-19 22:00:00,2,1,1
2016-03-19 23:00:00,0,0,0
2016-03-20 00:00:00,0,0,0
2016-03-20 01:00:00,0,0,0
2016-03-20 02:00:00,0,0,0
2016-03-20 03:00:00,0,0,0
2016-03-20 04:00:00,0,0,0
2016-03-20 05:00:00,0,0,0
2016-03-20 06:00:00,2,2,0
2016-03-20 07:00:00,16,2,14
2016-03-20 08:00:00,24,7,17
2016-03-20 09:00:00,50,8,42
2016-03-20 10:00:00,56,35,21
2016-03-20 11:00:00,74,49,25
2016-03-20 12:00:00,44,23,21
2016-03-20 13:00:00,20,13,7
2016-03-20 14:00:00,9,6,3
2016-03-20 15:00:00,19,11,8
2016-03-20 16:00:00,8,4,4
2016-03-20 17:00:00,6,5,1
2016-03-20 18:00:00,9,7,2
2016-03-20 19:00:00,3,0,3
2016-03-20 20:00:00,2,1,1
2016-03-20 21:00:00,2,2,0
2016-03-20 22:00:00,0,0,0
2016-03-20 23:00:00,0,0,0
2016-03-21 00:00:00,0,0,0
2016-03-21 01:00:00,0,0,0
2016-03-21 02:00:00,0,0,0
2016-03-21 03:00:00,0,0,0
2016-03-21 04:00:00,2,1,1
2016-03-21 05:00:00,5,3,2
2016-03-21 06:00:00,9,4,5
2016-03-21 07:00:00,30,16,14
2016-03-21 08:00:00,30,17,13
2016-03-21 09:00:00,26,15,11
2016-03-21 10:00:00,3,2,1
2016-03-21 11:00:00,5,3,2
2016-03-21 12:00:00,5,4,1
2016-03-21 13:00:00,4,4,0
2016-03-21 14:00:00,11,5,6
2016-03-21 15:00:00,9,6,3
2016-03-21 16:00:00,27,9,18
2016-03-21 17:00:00,48,26,22
2016-03-21 18:00:00,22,14,8
2016-03-21 19:00:00,10,4,6
2016-03-21 20:00:00,5,3,2
2016-03-21 21:00:00,1,0,1
2016-03-21 22:00:00,0,0,0
2016-03-21 23:00:00,2,0,2
2016-03-22 00:00:00,1,1,0
2016-03-22 01:00:00,1,0,1
2016-03-22 02:00:00,0,0,0
2016-03-22 03:00:00,0,0,0
2016-03-22 04:00:00,2,2,0
2016-03-22 05:00:00,12,8,4
2016-03-22 06:00:00,18,10,8
2016-03-22 07:00:00,54,22,32
2016-03-22 08:00:00,43,27,16
2016-03-22 09:00:00,34,17,17
2016-03-22 10:00:00,16,7,9
2016-03-22 11:00:00,15,7,8
2016-03-22 12:00:00,19,8,11
2016-03-22 13:00:00,14,6,8
2016-03-22 14:00:00,18,11,7
2016-03-22 15:00:00,23,10,13
2016-03-22 16:00:00,47,16,31
2016-03-22 17:00:00,67,31,36
2016-03-22 18:00:00,53,26,27
2016-03-22 19:00:00,24,18,6
2016-03-22 20:00:00,10,8,2
2016-03-22 21:00:00,3,2,1
2016-03-22 22:00:00,1,1,0
2016-03-22 23:00:00,2,1,1
2016-03-23 00:00:00,1,0,1
2016-03-23 01:00:00,0,0,0
2016-03-23 02:00:00,0,0,0
2016-03-23 03:00:00,0,0,0
2016-03-23 04:00:00,1,1,0
2016-03-23 05:00:00,7,7,0
2016-03-23 06:00:00,20,14,6
2016-03-23 07:00:00,39,17,22
2016-03-23 08:00:00,35,16,19
2016-03-23 09:00:00,26,11,15
2016-03-23 10:00:00,17,11,6
2016-03-23 11:00:00,12,5,7
2016-03-23 12:00:00,15,4,11
2016-03-23 13:00:00,6,3,3
2016-03-23 14:00:00,3,1,2
2016-03-23 15:00:00,14,8,6
2016-03-23 16:00:00,25,6,19
2016-03-23 17:00:00,36,19,17
2016-03-23 18:00:00,42,28,14
2016-03-23 19:00:00,21,13,8
2016-03-23 20:00:00,4,3,1
2016-03-23 21:00:00,1,1,0
2016-03-23 22:00:00,1,1,0
2016-03-23 23:00:00,0,0,0
2016-03-24 00:00:00,0,0,0
2016-03-24 01:00:00,0,0,0
2016-03-24 02:00:00,1,1,0
2016-03-24 03:00:00,0,0,0
2016-03-24 04:00:00,2,2,0
2016-03-24 05:00:00,9,7,2
2016-03-24 06:00:00,19,11,8
2016-03-24 07:00:00,56,23,33
2016-03-24 08:00:00,46,25,21
2016-03-24 09:00:00,31,17,14
2016-03-24 10:00:00,25,17,8
2016-03-24 11:00:00,16,8,8
2016-03-24 12:00:00,21,10,11
2016-03-24 13:00:00,15,5,10
2016-03-24 14:00:00,13,8,5
2016-03-24 15:00:00,17,5,12
2016-03-24 16:00:00,30,14,16
2016-03-24 17:00:00,79,37,42
2016-03-24 18:00:00,61,40,21
2016-03-24 19:00:00,21,15,6
2016-03-24 20:00:00,7,5,2
2016-03-24 21:00:00,3,2,1
2016-03-24 22:00:00,0,0,0
2016-03-24 23:00:00,0,0,0
2016-03-25 00:00:00,2,1,1
2016-03-25 01:00:00,1,0,1
2016-03-25 02:00:00,1,1,0
2016-03-25 03:00:00,0,0,0
2016-03-25 04:00:00,3,2,1
2016-03-25 05:00:00,5,2,3
2016-03-25 06:00:00,10,7,3
2016-03-25 07:00:00,48,28,20
2016-03-25 08:00:00,37,21,16
2016-03-25 09:00:00,30,16,14
2016-03-25 10:00:00,20,5,15
2016-03-25 11:00:00,26,15,11
2016-03-25 12:00:00,17,11,6
2016-03-25 13:00:00,29,12,17
2016-03-25 14:00:00,31,16,15
2016-03-25 15:00:00,46,25,21
2016-03-25 16:00:00,71,40,31
2016-03-25 17:00:00,88,45,43
2016-03-25 18:00:00,43,25,18
2016-03-25 19:00:00,14,10,4
2016-03-25 20:00:00,6,2,4
2016-03-25 21:00:00,3,1,2
2016-03-25 22:00:00,0,0,0
2016-03-25 23:00:00,0,0,0
2016-03-26 00:00:00,2,1,1
2016-03-26 01:00:00,0,0,0
2016-03-26 02:00:00,0,0,0
2016-03-26 03:00:00,0,0,0
2016-03-26 04:00:00,0,0,0
2016-03-26 05:00:00,1,0,1
2016-03-26 06:00:00,1,0,1
2016-03-26 07:00:00,31,7,24
2016-03-26 08:00:00,46,15,31
2016-03-26 09:00:00,142,36,106
2016-03-26 10:00:00,107,49,58
2016-03-26 11:00:00,151,69,82
2016-03-26 12:00:00,160,67,93
2016-03-26 13:00:00,167,92,75
2016-03-26 14:00:00,170,101,69
2016-03-26 15:00:00,113,74,39
2016-03-26 16:00:00,83,55,28
2016-03-26 17:00:00,61,39,22
2016-03-26 18:00:00,26,14,12
2016-03-26 19:00:00,8,5,3
2016-03-26 20:00:00,0,0,0
2016-03-26 21:00:00,6,6,0
2016-03-26 22:00:00,1,1,0
2016-03-26 23:00:00,2,1,1
2016-03-27 00:00:00,0,0,0
2016-03-27 01:00:00,0,0,0
2016-03-27 02:00:00,0,0,0
2016-03-27 03:00:00,0,0,0
2016-03-27 04:00:00,0,0,0
2016-03-27 05:00:00,0,0,0
2016-03-27 06:00:00,1,1,0
2016-03-27 07:00:00,4,0,4
2016-03-27 08:00:00,16,1,15
2016-03-27 09:00:00,30,17,13
2016-03-27 10:00:00,39,24,15
2016-03-27 11:00:00,22,17,5
2016-03-27 12:00:00,12,6,6
2016-03-27 13:00:00,8,3,5
2016-03-27 14:00:00,15,7,8
2016-03-27 15:00:00,10,7,3
2016-03-27 16:00:00,11,4,7
2016-03-27 17:00:00,3,3,0
2016-03-27 18:00:00,3,2,1
2016-03-27 19:00:00,0,0,0
2016-03-27 20:00:00,0,0,0
2016-03-27 21:00:00,1,1,0
2016-03-27 22:00:00,0,0,0
2016-03-27 23:00:00,0,0,0
2016-03-28 00:00:00,0,0,0
2016-03-28 01:00:00,1,1,0
2016-03-28 02:00:00,0,0,0
2016-03-28 03:00:00,0,0,0
2016-03-28 04:00:00,3,2,1
2016-03-28 05:00:00,6,4,2
2016-03-28 06:00:00,21,15,6
2016-03-28 07:00:00,58,32,26
2016-03-28 08:00:00,59,30,29
2016-03-28 09:00:00,34,17,17
2016-03-28 10:00:00,12,6,6
2016-03-28 11:00:00,15,8,7
2016-03-28 12:00:00,11,10,1
2016-03-28 13:00:00,5,5,0
2016-03-28 14:00:00,14,11,3
2016-03-28 15:00:00,22,12,10
2016-03-28 16:00:00,42,13,29
2016-03-28 17:00:00,86,48,38
2016-03-28 18:00:00,77,48,29
2016-03-28 19:00:00,25,12,13
2016-03-28 20:00:00,15,8,7
2016-03-28 21:00:00,2,1,1
2016-03-28 22:00:00,1,0,1
2016-03-28 23:00:00,0,0,0
2016-03-29 00:00:00,0,0,0
2016-03-29 01:00:00,0,0,0
2016-03-29 02:00:00,0,0,0
2016-03-29 03:00:00,0,0,0
2016-03-29 04:00:00,2,2,0
2016-03-29 05:00:00,11,5,6
2016-03-29 06:00:00,24,13,11
2016-04-08 00:00:00,0,0,0
2016-03-29 07:00:00,82,44,38
2016-03-29 08:00:00,75,43,32
2016-03-29 09:00:00,33,23,10
2016-03-29 10:00:00,20,7,13
2016-03-29 11:00:00,30,12,18
2016-03-29 12:00:00,44,20,24
2016-03-29 13:00:00,27,19,8
2016-03-29 14:00:00,37,15,22
2016-03-29 15:00:00,46,24,22
2016-03-29 16:00:00,90,37,53
2016-03-29 17:00:00,130,70,60
2016-03-29 18:00:00,103,53,50
2016-03-29 19:00:00,50,38,12
2016-03-29 20:00:00,9,5,4
2016-03-29 21:00:00,4,3,1
2016-03-29 22:00:00,0,0,0
2016-03-29 23:00:00,4,2,2
2016-03-30 00:00:00,1,1,0
2016-03-30 01:00:00,0,0,0
2016-03-30 02:00:00,0,0,0
2016-03-30 03:00:00,0,0,0
2016-03-30 04:00:00,10,7,3
2016-03-30 05:00:00,15,10,5
2016-03-30 06:00:00,35,20,15
2016-03-30 07:00:00,87,44,43
2016-03-30 08:00:00,60,33,27
2016-03-30 09:00:00,42,21,21
2016-03-30 10:00:00,31,23,8
2016-03-30 11:00:00,44,17,27
2016-03-30 12:00:00,29,16,13
2016-03-30 13:00:00,43,24,19
2016-03-30 14:00:00,57,27,30
2016-03-30 15:00:00,62,26,36
2016-03-30 16:00:00,107,44,63
2016-03-30 17:00:00,167,96,71
2016-03-30 18:00:00,128,72,56
2016-03-30 19:00:00,60,38,22
2016-03-30 20:00:00,15,10,5
2016-03-30 21:00:00,3,1,2
2016-03-30 22:00:00,4,1,3
2016-03-30 23:00:00,0,0,0
2016-03-31 00:00:00,2,2,0
2016-03-31 01:00:00,0,0,0
2016-03-31 02:00:00,0,0,0
2016-03-31 03:00:00,1,1,0
2016-03-31 04:00:00,1,1,0
2016-03-31 05:00:00,9,5,4
2016-03-31 06:00:00,27,17,10
2016-03-31 07:00:00,71,38,33
2016-03-31 08:00:00,68,40,28
2016-03-31 09:00:00,48,27,21
2016-03-31 10:00:00,27,11,16
2016-03-31 11:00:00,41,26,15
2016-03-31 12:00:00,32,19,13
2016-03-31 13:00:00,38,22,16
2016-03-31 14:00:00,35,15,20
2016-03-31 15:00:00,36,18,18
2016-03-31 16:00:00,105,50,55
2016-03-31 17:00:00,151,73,78
2016-03-31 18:00:00,127,73,54
2016-03-31 19:00:00,71,53,18
2016-03-31 20:00:00,23,14,9
2016-03-31 21:00:00,4,1,3
2016-03-31 22:00:00,1,1,0
2016-03-31 23:00:00,2,1,1
2016-04-01 00:00:00,0,0,0
2016-04-01 01:00:00,0,0,0
2016-04-01 02:00:00,0,0,0
2016-04-01 03:00:00,0,0,0
2016-04-01 04:00:00,3,2,1
2016-04-01 05:00:00,14,5,9
2016-04-01 06:00:00,35,20,15
2016-04-01 07:00:00,71,35,36
2016-04-01 08:00:00,63,43,20
2016-04-01 09:00:00,27,14,13
2016-04-01 10:00:00,38,15,23
2016-04-01 11:00:00,30,23,7
2016-04-08 01:00:00,0,0,0
2016-04-01 12:00:00,31,13,18
2016-04-01 13:00:00,45,20,25
2016-04-01 14:00:00,70,32,38
2016-04-01 15:00:00,89,42,47
2016-04-01 16:00:00,115,64,51
2016-04-01 17:00:00,129,66,63
2016-04-01 18:00:00,105,58,47
2016-04-01 19:00:00,42,34,8
2016-04-01 20:00:00,2,1,1
2016-04-01 21:00:00,1,1,0
2016-04-01 22:00:00,1,0,1
2016-04-01 23:00:00,3,2,1
2016-04-02 00:00:00,0,0,0
2016-04-02 01:00:00,0,0,0
2016-04-02 02:00:00,0,0,0
2016-04-02 03:00:00,0,0,0
2016-04-02 04:00:00,1,0,1
2016-04-02 05:00:00,1,0,1
2016-04-02 06:00:00,3,1,2
2016-04-02 07:00:00,15,2,13
2016-04-02 08:00:00,60,17,43
2016-04-02 09:00:00,95,37,58
2016-04-02 10:00:00,118,52,66
2016-04-02 11:00:00,132,93,39
2016-04-02 12:00:00,123,68,55
2016-04-02 13:00:00,96,59,37
2016-04-02 14:00:00,116,62,54
2016-04-02 15:00:00,107,53,54
2016-04-02 16:00:00,73,48,25
2016-04-02 17:00:00,71,40,31
2016-04-02 18:00:00,46,26,20
2016-04-02 19:00:00,14,12,2
2016-04-02 20:00:00,5,2,3
2016-04-02 21:00:00,5,1,4
2016-04-02 22:00:00,1,0,1
2016-04-02 23:00:00,1,0,1
2016-04-03 00:00:00,0,0,0
2016-04-03 01:00:00,1,1,0
2016-04-03 02:00:00,3,2,1
2016-04-03 03:00:00,0,0,0
2016-04-03 04:00:00,1,0,1
2016-04-03 05:00:00,4,3,1
2016-04-03 06:00:00,16,15,1
2016-04-03 07:00:00,16,3,13
2016-04-03 08:00:00,126,26,100
2016-04-03 09:00:00,170,49,121
2016-04-03 10:00:00,145,63,82
2016-04-03 11:00:00,135,67,68
2016-04-03 12:00:00,147,87,60
2016-04-03 13:00:00,117,52,65
2016-04-03 14:00:00,120,64,56
2016-04-03 15:00:00,131,74,57
2016-04-03 16:00:00,79,57,22
2016-04-03 17:00:00,57,35,22
2016-04-03 18:00:00,21,13,8
2016-04-03 19:00:00,16,10,6
2016-04-03 20:00:00,4,4,0
2016-04-03 21:00:00,4,3,1
2016-04-03 22:00:00,1,1,0
2016-04-03 23:00:00,0,0,0
2016-04-04 00:00:00,0,0,0
2016-04-04 01:00:00,0,0,0
2016-04-04 02:00:00,0,0,0
2016-04-04 03:00:00,0,0,0
2016-04-04 04:00:00,3,2,1
2016-04-04 05:00:00,4,2,2
2016-04-04 06:00:00,12,8,4
2016-04-04 07:00:00,52,37,15
2016-04-04 08:00:00,37,21,16
2016-04-04 09:00:00,20,12,8
2016-04-04 10:00:00,11,3,8
2016-04-04 11:00:00,15,9,6
2016-04-04 12:00:00,15,8,7
2016-04-04 13:00:00,9,4,5
2016-04-04 14:00:00,18,12,6
2016-04-04 15:00:00,20,6,14
2016-04-04 16:00:00,28,9,19
2016-04-04 17:00:00,61,34,27
2016-04-04 18:00:00,43,20,23
2016-04-04 19:00:00,19,12,7
2016-04-04 20:00:00,10,7,3
2016-04-04 21:00:00,2,1,1
2016-04-04 22:00:00,0,0,0
2016-04-04 23:00:00,1,0,1
2016-04-05 00:00:00,1,0,1
2016-04-05 01:00:00,0,0,0
2016-04-05 02:00:00,0,0,0
2016-04-05 03:00:00,2,0,2
2016-04-05 04:00:00,3,2,1
2016-04-05 05:00:00,13,6,7
2016-04-05 06:00:00,30,18,12
2016-04-05 07:00:00,70,41,29
2016-04-05 08:00:00,46,20,26
2016-04-05 09:00:00,30,18,12
2016-04-05 10:00:00,19,11,8
2016-04-05 11:00:00,10,6,4
2016-04-05 12:00:00,10,2,8
2016-04-05 13:00:00,15,5,10
2016-04-05 14:00:00,16,7,9
2016-04-05 15:00:00,29,14,15
2016-04-05 16:00:00,52,19,33
2016-04-05 17:00:00,102,51,51
2016-04-05 18:00:00,79,50,29
2016-04-05 19:00:00,52,38,14
2016-04-05 20:00:00,5,4,1
2016-04-05 21:00:00,5,1,4
2016-04-05 22:00:00,3,1,2
2016-04-05 23:00:00,0,0,0
2016-04-06 00:00:00,0,0,0
2016-04-06 01:00:00,0,0,0
2016-04-06 02:00:00,0,0,0
2016-04-06 03:00:00,0,0,0
2016-04-06 04:00:00,4,2,2
2016-04-06 05:00:00,9,5,4
2016-04-06 06:00:00,35,21,14
2016-04-06 07:00:00,75,43,32
2016-04-06 08:00:00,62,31,31
2016-04-06 09:00:00,38,22,16
2016-04-06 10:00:00,18,9,9
2016-04-06 11:00:00,36,13,23
2016-04-06 12:00:00,47,31,16
2016-04-06 13:00:00,40,23,17
2016-04-06 14:00:00,45,18,27
2016-04-06 15:00:00,57,27,30
2016-04-06 16:00:00,92,36,56
2016-04-06 17:00:00,158,79,79
2016-04-06 18:00:00,132,70,62
2016-04-06 19:00:00,66,54,12
2016-04-06 20:00:00,9,5,4
2016-04-06 21:00:00,8,5,3
2016-04-06 22:00:00,1,1,0
2016-04-06 23:00:00,1,1,0
2016-04-07 00:00:00,0,0,0
2016-04-07 01:00:00,0,0,0
2016-04-07 02:00:00,0,0,0
2016-04-07 03:00:00,0,0,0
2016-04-07 04:00:00,2,2,0
2016-04-07 05:00:00,11,9,2
2016-04-07 06:00:00,36,20,16
2016-04-07 07:00:00,81,46,35
2016-04-07 08:00:00,81,44,37
2016-04-07 09:00:00,30,18,12
2016-04-07 10:00:00,53,25,28
2016-04-07 11:00:00,56,42,14
2016-04-07 12:00:00,53,28,25
2016-04-07 13:00:00,46,31,15
2016-04-07 14:00:00,56,26,30
2016-04-07 15:00:00,81,32,49
2016-04-07 16:00:00,107,56,51
2016-04-07 17:00:00,220,135,85
2016-04-07 18:00:00,189,97,92
2016-04-07 19:00:00,82,56,26
2016-04-07 20:00:00,17,7,10
2016-04-07 21:00:00,6,3,3
2016-04-07 22:00:00,0,0,0
2016-04-07 23:00:00,1,0,1
2016-04-08 02:00:00,1,0,1
2016-04-08 03:00:00,0,0,0
2016-04-08 04:00:00,2,1,1
2016-04-08 05:00:00,13,6,7
2016-04-08 06:00:00,35,21,14
2016-04-08 07:00:00,81,49,32
2016-04-08 08:00:00,75,44,31
2016-04-08 09:00:00,41,25,16
2016-04-08 10:00:00,39,17,22
2016-04-08 11:00:00,52,22,30
2016-04-08 12:00:00,45,24,21
2016-04-08 13:00:00,49,31,18
2016-04-08 14:00:00,56,26,30
2016-04-08 15:00:00,63,34,29
2016-04-08 16:00:00,108,59,49
2016-04-08 17:00:00,130,71,59
2016-04-08 18:00:00,71,40,31
2016-04-08 19:00:00,36,23,13
2016-04-08 20:00:00,6,4,2
2016-04-08 21:00:00,4,3,1
2016-04-08 22:00:00,3,3,0
2016-04-08 23:00:00,0,0,0
2016-04-09 00:00:00,0,0,0
2016-04-09 01:00:00,0,0,0
2016-04-09 02:00:00,0,0,0
2016-04-09 03:00:00,1,0,1
2016-04-09 04:00:00,2,1,1
2016-04-09 05:00:00,1,0,1
2016-04-09 06:00:00,7,2,5
2016-04-09 07:00:00,12,4,8
2016-04-09 08:00:00,75,28,47
2016-04-09 09:00:00,88,35,53
2016-04-09 10:00:00,137,71,66
2016-04-09 11:00:00,175,91,84
2016-04-09 12:00:00,149,96,53
2016-04-09 13:00:00,138,93,45
2016-04-09 14:00:00,142,79,63
2016-04-09 15:00:00,112,65,47
2016-04-09 16:00:00,108,68,40
2016-04-09 17:00:00,63,43,20
2016-04-09 18:00:00,38,22,16
2016-04-09 19:00:00,20,11,9
2016-04-09 20:00:00,7,6,1
2016-04-09 21:00:00,1,1,0
2016-04-09 22:00:00,0,0,0
2016-04-09 23:00:00,1,1,0
2016-04-10 00:00:00,0,0,0
2016-04-10 01:00:00,0,0,0
2016-04-10 02:00:00,0,0,0
2016-04-10 03:00:00,0,0,0
2016-04-10 04:00:00,0,0,0
2016-04-10 05:00:00,0,0,0
2016-04-10 06:00:00,3,2,1
2016-04-10 07:00:00,19,5,14
2016-04-10 08:00:00,61,15,46
2016-04-10 09:00:00,88,35,53
2016-04-10 10:00:00,105,53,52
2016-04-10 11:00:00,119,72,47
2016-04-10 12:00:00,120,70,50
2016-04-10 13:00:00,98,54,44
2016-04-10 14:00:00,97,60,37
2016-04-10 15:00:00,90,56,34
2016-04-10 16:00:00,68,45,23
2016-04-10 17:00:00,52,36,16
2016-04-10 18:00:00,20,17,3
2016-04-10 19:00:00,17,11,6
2016-04-10 20:00:00,7,4,3
2016-04-10 21:00:00,0,0,0
2016-04-10 22:00:00,1,1,0
2016-04-10 23:00:00,0,0,0
2016-04-11 00:00:00,0,0,0
2016-04-11 01:00:00,1,0,1
2016-04-11 02:00:00,0,0,0
2016-04-11 03:00:00,0,0,0
2016-04-11 04:00:00,4,2,2
2016-04-11 05:00:00,13,8,5
2016-04-11 06:00:00,22,10,12
2016-04-11 07:00:00,71,42,29
2016-04-17 20:00:00,9,3,6
2016-04-11 08:00:00,54,30,24
2016-04-11 09:00:00,25,15,10
2016-04-11 10:00:00,20,13,7
2016-04-11 11:00:00,12,4,8
2016-04-11 12:00:00,18,7,11
2016-04-11 13:00:00,14,4,10
2016-04-11 14:00:00,22,15,7
2016-04-11 15:00:00,32,16,16
2016-04-11 16:00:00,52,14,38
2016-04-11 17:00:00,83,52,31
2016-04-11 18:00:00,58,32,26
2016-04-11 19:00:00,31,20,11
2016-04-11 20:00:00,7,3,4
2016-04-11 21:00:00,3,2,1
2016-04-11 22:00:00,2,0,2
2016-04-11 23:00:00,1,0,1
2016-04-12 00:00:00,0,0,0
2016-04-12 01:00:00,0,0,0
2016-04-12 02:00:00,0,0,0
2016-04-12 03:00:00,2,2,0
2016-04-12 04:00:00,1,1,0
2016-04-12 05:00:00,4,1,3
2016-04-12 06:00:00,17,9,8
2016-04-12 07:00:00,47,22,25
2016-04-12 08:00:00,43,20,23
2016-04-12 09:00:00,18,10,8
2016-04-12 10:00:00,18,10,8
2016-04-12 11:00:00,16,8,8
2016-04-12 12:00:00,12,8,4
2016-04-12 13:00:00,9,7,2
2016-04-12 14:00:00,7,7,0
2016-04-12 15:00:00,5,3,2
2016-04-12 16:00:00,24,10,14
2016-04-12 17:00:00,35,15,20
2016-04-12 18:00:00,39,23,16
2016-04-12 19:00:00,11,8,3
2016-04-12 20:00:00,2,1,1
2016-04-12 21:00:00,5,4,1
2016-04-12 22:00:00,1,0,1
2016-04-12 23:00:00,0,0,0
2016-04-13 00:00:00,1,1,0
2016-04-13 01:00:00,0,0,0
2016-04-13 02:00:00,0,0,0
2016-04-13 03:00:00,0,0,0
2016-04-13 04:00:00,1,1,0
2016-04-13 05:00:00,3,3,0
2016-04-13 06:00:00,12,6,6
2016-04-13 07:00:00,47,27,20
2016-04-13 08:00:00,52,27,25
2016-04-13 09:00:00,25,16,9
2016-04-13 10:00:00,16,6,10
2016-04-13 11:00:00,17,6,11
2016-04-13 12:00:00,30,20,10
2016-04-13 13:00:00,12,6,6
2016-04-13 14:00:00,22,14,8
2016-04-13 15:00:00,22,9,13
2016-04-13 16:00:00,37,11,26
2016-04-13 17:00:00,92,34,58
2016-04-13 18:00:00,85,44,41
2016-04-13 19:00:00,34,24,10
2016-04-13 20:00:00,20,11,9
2016-04-13 21:00:00,5,4,1
2016-04-13 22:00:00,2,1,1
2016-04-13 23:00:00,0,0,0
2016-04-14 00:00:00,0,0,0
2016-04-14 01:00:00,0,0,0
2016-04-14 02:00:00,0,0,0
2016-04-14 03:00:00,0,0,0
2016-04-14 04:00:00,1,1,0
2016-04-14 05:00:00,5,4,1
2016-04-14 06:00:00,11,9,2
2016-04-14 07:00:00,46,22,24
2016-04-14 08:00:00,51,27,24
2016-04-14 09:00:00,34,28,6
2016-04-14 10:00:00,20,9,11
2016-04-14 11:00:00,16,5,11
2016-04-14 12:00:00,18,12,6
2016-04-14 13:00:00,20,13,7
2016-04-14 14:00:00,25,15,10
2016-04-14 15:00:00,23,7,16
2016-04-14 16:00:00,53,30,23
2016-04-14 17:00:00,97,57,40
2016-04-14 18:00:00,84,49,35
2016-04-14 19:00:00,48,25,23
2016-04-14 20:00:00,10,6,4
2016-04-14 21:00:00,2,2,0
2016-04-14 22:00:00,6,3,3
2016-04-14 23:00:00,0,0,0
2016-04-15 00:00:00,0,0,0
2016-04-15 01:00:00,0,0,0
2016-04-15 02:00:00,2,2,0
2016-04-15 03:00:00,1,0,1
2016-04-15 04:00:00,1,1,0
2016-04-15 05:00:00,7,5,2
2016-04-15 06:00:00,26,13,13
2016-04-15 07:00:00,59,34,25
2016-04-15 08:00:00,39,17,22
2016-04-15 09:00:00,46,23,23
2016-04-15 10:00:00,24,7,17
2016-04-15 11:00:00,24,18,6
2016-04-15 12:00:00,33,18,15
2016-04-15 13:00:00,32,16,16
2016-04-15 14:00:00,21,12,9
2016-04-15 15:00:00,35,14,21
2016-04-15 16:00:00,55,30,25
2016-04-15 17:00:00,71,44,27
2016-04-15 18:00:00,44,26,18
2016-04-15 19:00:00,13,8,5
2016-04-15 20:00:00,16,10,6
2016-04-15 21:00:00,3,1,2
2016-04-15 22:00:00,1,1,0
2016-04-15 23:00:00,3,3,0
2016-04-16 00:00:00,0,0,0
2016-04-16 01:00:00,0,0,0
2016-04-16 02:00:00,0,0,0
2016-04-16 03:00:00,0,0,0
2016-04-16 04:00:00,0,0,0
2016-04-16 05:00:00,1,0,1
2016-04-16 06:00:00,1,1,0
2016-04-16 07:00:00,26,12,14
2016-04-16 08:00:00,89,38,51
2016-04-16 09:00:00,117,41,76
2016-04-16 10:00:00,230,167,63
2016-04-16 11:00:00,267,198,69
2016-04-16 12:00:00,216,160,56
2016-04-16 13:00:00,135,59,76
2016-04-16 14:00:00,127,69,58
2016-04-16 15:00:00,104,69,35
2016-04-16 16:00:00,99,63,36
2016-04-16 17:00:00,58,37,21
2016-04-16 18:00:00,24,12,12
2016-04-16 19:00:00,13,10,3
2016-04-16 20:00:00,3,2,1
2016-04-16 21:00:00,0,0,0
2016-04-16 22:00:00,0,0,0
2016-04-16 23:00:00,1,1,0
2016-04-17 00:00:00,0,0,0
2016-04-17 01:00:00,0,0,0
2016-04-17 02:00:00,0,0,0
2016-04-17 03:00:00,0,0,0
2016-04-17 04:00:00,0,0,0
2016-04-17 05:00:00,0,0,0
2016-04-17 06:00:00,9,1,8
2016-04-17 07:00:00,31,5,26
2016-04-17 08:00:00,64,35,29
2016-04-17 09:00:00,104,50,54
2016-04-17 10:00:00,191,96,95
2016-04-17 11:00:00,192,119,73
2016-04-17 12:00:00,217,148,69
2016-04-17 13:00:00,201,110,91
2016-04-17 14:00:00,148,80,68
2016-04-17 15:00:00,148,90,58
2016-04-17 16:00:00,96,64,32
2016-04-17 17:00:00,68,38,30
2016-04-17 18:00:00,42,33,9
2016-04-17 19:00:00,17,9,8
2016-04-17 21:00:00,0,0,0
2016-04-17 22:00:00,1,1,0
2016-04-17 23:00:00,1,1,0
2016-04-18 00:00:00,0,0,0
2016-04-18 01:00:00,0,0,0
2016-04-18 02:00:00,0,0,0
2016-04-18 03:00:00,0,0,0
2016-04-18 04:00:00,2,1,1
2016-04-18 05:00:00,10,8,2
2016-04-18 06:00:00,44,23,21
2016-04-18 07:00:00,70,45,25
2016-04-18 08:00:00,75,42,33
2016-04-18 09:00:00,42,28,14
2016-04-18 10:00:00,34,19,15
2016-04-18 11:00:00,42,21,21
2016-04-18 12:00:00,31,18,13
2016-04-18 13:00:00,29,19,10
2016-04-18 14:00:00,46,27,19
2016-04-18 15:00:00,60,39,21
2016-04-18 16:00:00,76,46,30
2016-04-18 17:00:00,169,106,63
2016-04-18 18:00:00,109,60,49
2016-04-18 19:00:00,63,38,25
2016-04-18 20:00:00,24,15,9
2016-04-18 21:00:00,7,5,2
2016-04-18 22:00:00,3,2,1
2016-04-18 23:00:00,1,1,0
2016-04-19 00:00:00,1,1,0
2016-04-19 01:00:00,0,0,0
2016-04-19 02:00:00,0,0,0
2016-04-19 03:00:00,0,0,0
2016-04-19 04:00:00,1,1,0
2016-04-19 05:00:00,13,10,3
2016-04-19 06:00:00,45,26,19
2016-04-19 07:00:00,105,51,54
2016-04-19 08:00:00,79,44,35
2016-04-19 09:00:00,54,34,20
2016-04-19 10:00:00,48,25,23
2016-04-19 11:00:00,54,35,19
2016-04-19 12:00:00,31,15,16
2016-04-19 13:00:00,36,23,13
2016-04-19 14:00:00,47,30,17
2016-04-19 15:00:00,60,32,28
2016-04-19 16:00:00,107,54,53
2016-04-19 17:00:00,153,75,78
2016-04-19 18:00:00,174,81,93
2016-04-19 19:00:00,95,62,33
2016-04-19 20:00:00,24,11,13
2016-04-19 21:00:00,10,7,3
2016-04-19 22:00:00,1,1,0
2016-04-19 23:00:00,5,5,0
2016-04-20 00:00:00,0,0,0
2016-04-20 01:00:00,0,0,0
2016-04-20 02:00:00,0,0,0
2016-04-20 03:00:00,0,0,0
2016-04-20 04:00:00,2,1,1
2016-04-20 05:00:00,15,10,5
2016-04-20 06:00:00,48,32,16
2016-04-20 07:00:00,79,51,28
2016-04-20 08:00:00,81,43,38
2016-04-20 09:00:00,59,38,21
2016-04-20 10:00:00,31,16,15
2016-04-20 11:00:00,28,11,17
2016-04-20 12:00:00,34,19,15
2016-04-20 13:00:00,39,24,15
2016-04-20 14:00:00,32,17,15
2016-04-20 15:00:00,46,23,23
2016-04-20 16:00:00,90,37,53
2016-04-20 17:00:00,147,73,74
2016-04-20 18:00:00,143,87,56
2016-04-20 19:00:00,87,50,37
2016-04-20 20:00:00,44,31,13
2016-04-20 21:00:00,6,4,2
2016-04-20 22:00:00,1,0,1
2016-04-20 23:00:00,1,1,0
2016-04-21 00:00:00,1,1,0
2016-04-21 01:00:00,0,0,0
2016-04-21 02:00:00,1,1,0
2016-04-21 03:00:00,0,0,0
2016-04-21 04:00:00,2,2,0
2016-04-21 05:00:00,9,6,3
2016-04-21 06:00:00,30,17,13
2016-04-21 07:00:00,74,44,30
2016-04-21 08:00:00,59,36,23
2016-04-21 09:00:00,39,22,17
2016-04-21 10:00:00,29,14,15
2016-04-21 11:00:00,17,12,5
2016-04-21 12:00:00,28,12,16
2016-04-21 13:00:00,35,19,16
2016-04-21 14:00:00,42,27,15
2016-04-21 15:00:00,52,24,28
2016-04-21 16:00:00,95,40,55
2016-04-21 17:00:00,154,69,85
2016-04-21 18:00:00,144,86,58
2016-04-21 19:00:00,82,45,37
2016-04-21 20:00:00,22,8,14
2016-04-21 21:00:00,2,1,1
2016-04-21 22:00:00,1,0,1
2016-04-21 23:00:00,0,0,0
2016-04-22 00:00:00,0,0,0
2016-04-22 01:00:00,0,0,0
2016-04-22 02:00:00,1,1,0
2016-04-22 03:00:00,0,0,0
2016-04-22 04:00:00,3,2,1
2016-04-22 05:00:00,10,5,5
2016-04-22 06:00:00,23,13,10
2016-04-22 07:00:00,57,33,24
2016-04-22 08:00:00,43,21,22
2016-04-22 09:00:00,29,15,14
2016-04-22 10:00:00,18,7,11
2016-04-22 11:00:00,23,11,12
2016-04-22 12:00:00,24,16,8
2016-04-22 13:00:00,13,8,5
2016-04-22 14:00:00,8,5,3
2016-04-22 15:00:00,21,9,12
2016-04-22 16:00:00,36,14,22
2016-04-22 17:00:00,58,36,22
2016-04-22 18:00:00,40,19,21
2016-04-22 19:00:00,17,8,9
2016-04-22 20:00:00,3,2,1
2016-04-22 21:00:00,1,1,0
2016-04-22 22:00:00,0,0,0
2016-04-22 23:00:00,1,1,0
2016-04-23 00:00:00,0,0,0
2016-04-23 01:00:00,0,0,0
2016-04-23 02:00:00,1,0,1
2016-04-23 03:00:00,0,0,0
2016-04-23 04:00:00,1,0,1
2016-04-23 05:00:00,2,1,1
2016-04-23 06:00:00,4,0,4
2016-04-23 07:00:00,23,5,18
2016-04-23 08:00:00,90,31,59
2016-04-23 09:00:00,102,34,68
2016-04-23 10:00:00,140,57,83
2016-04-23 11:00:00,168,76,92
2016-04-23 12:00:00,121,66,55
2016-04-23 13:00:00,112,72,40
2016-04-23 14:00:00,116,69,47
2016-04-23 15:00:00,77,45,32
2016-04-23 16:00:00,56,36,20
2016-04-23 17:00:00,53,35,18
2016-04-23 18:00:00,12,10,2
2016-04-23 19:00:00,9,4,5
2016-04-23 20:00:00,2,2,0
2016-04-23 21:00:00,3,2,1
2016-04-23 22:00:00,1,0,1
2016-04-23 23:00:00,0,0,0
2016-04-24 00:00:00,0,0,0
2016-04-24 01:00:00,0,0,0
2016-04-24 02:00:00,0,0,0
2016-04-24 03:00:00,0,0,0
2016-04-24 04:00:00,0,0,0
2016-04-24 05:00:00,0,0,0
2016-04-24 06:00:00,2,0,2
2016-04-24 07:00:00,29,8,21
2016-04-24 08:00:00,51,28,23
2016-04-24 09:00:00,25,22,3
2016-04-24 10:00:00,26,20,6
2016-04-24 11:00:00,15,12,3
2016-04-24 12:00:00,9,7,2
2016-04-24 13:00:00,15,14,1
2016-04-24 14:00:00,8,2,6
2016-04-24 15:00:00,8,4,4
2016-04-24 16:00:00,19,12,7
2016-04-24 17:00:00,13,7,6
2016-04-24 18:00:00,4,3,1
2016-04-24 19:00:00,8,4,4
2016-04-24 20:00:00,0,0,0
2016-04-24 21:00:00,0,0,0
2016-04-24 22:00:00,0,0,0
2016-04-24 23:00:00,0,0,0
2016-04-25 00:00:00,0,0,0
2016-04-25 01:00:00,0,0,0
2016-04-25 02:00:00,0,0,0
2016-04-25 03:00:00,0,0,0
2016-04-25 04:00:00,2,2,0
2016-04-25 05:00:00,15,11,4
2016-04-25 06:00:00,22,10,12
2016-04-25 07:00:00,58,33,25
2016-04-25 08:00:00,31,14,17
2016-04-25 09:00:00,22,11,11
2016-04-25 10:00:00,11,6,5
2016-04-25 11:00:00,13,3,10
2016-04-25 12:00:00,11,8,3
2016-04-25 13:00:00,12,5,7
2016-04-25 14:00:00,28,18,10
2016-04-25 15:00:00,22,11,11
2016-04-25 16:00:00,64,33,31
2016-04-25 17:00:00,87,50,37
2016-04-25 18:00:00,88,45,43
2016-04-25 19:00:00,35,23,12
2016-04-25 20:00:00,9,7,2
2016-04-25 21:00:00,6,3,3
2016-04-25 22:00:00,3,1,2
2016-04-25 23:00:00,0,0,0
2016-04-26 00:00:00,0,0,0
2016-04-26 01:00:00,1,0,1
2016-04-26 02:00:00,1,1,0
2016-04-26 03:00:00,2,2,0
2016-04-26 04:00:00,3,3,0
2016-04-26 05:00:00,19,14,5
2016-04-26 06:00:00,37,21,16
2016-04-26 07:00:00,85,38,47
2016-04-26 08:00:00,61,34,27
2016-04-26 09:00:00,40,26,14
2016-04-26 10:00:00,19,11,8
2016-04-26 11:00:00,63,34,29
2016-04-26 12:00:00,28,14,14
2016-04-26 13:00:00,32,18,14
2016-04-26 14:00:00,38,21,17
2016-04-26 15:00:00,49,17,32
2016-04-26 16:00:00,82,37,45
2016-04-26 17:00:00,123,58,65
2016-04-26 18:00:00,106,65,41
2016-04-26 19:00:00,74,45,29
2016-04-26 20:00:00,12,4,8
2016-04-26 21:00:00,6,5,1
2016-04-26 22:00:00,1,1,0
2016-04-26 23:00:00,1,0,1
2016-04-27 00:00:00,2,1,1
2016-04-27 01:00:00,0,0,0
2016-04-27 02:00:00,0,0,0
2016-04-27 03:00:00,0,0,0
2016-04-27 04:00:00,1,1,0
2016-04-27 05:00:00,11,8,3
2016-04-27 06:00:00,32,19,13
2016-04-27 07:00:00,68,46,22
2016-04-27 08:00:00,62,28,34
2016-04-27 09:00:00,41,23,18
2016-04-27 10:00:00,25,17,8
2016-04-27 11:00:00,25,10,15
2016-04-27 12:00:00,25,17,8
2016-04-27 13:00:00,24,7,17
2016-04-27 14:00:00,28,11,17
2016-04-27 15:00:00,36,18,18
2016-04-27 16:00:00,64,27,37
2016-04-27 17:00:00,120,49,71
2016-04-27 18:00:00,108,56,52
2016-04-27 19:00:00,57,38,19
2016-04-27 20:00:00,22,17,5
2016-04-27 21:00:00,4,4,0
2016-04-27 22:00:00,1,1,0
2016-04-27 23:00:00,1,0,1
2016-04-28 00:00:00,0,0,0
2016-04-28 01:00:00,0,0,0
2016-04-28 02:00:00,1,1,0
2016-04-28 03:00:00,0,0,0
2016-04-28 04:00:00,3,2,1
2016-04-28 05:00:00,14,9,5
2016-04-28 06:00:00,41,25,16
2016-04-28 07:00:00,68,40,28
2016-04-28 08:00:00,66,36,30
2016-04-28 09:00:00,30,20,10
2016-04-28 10:00:00,24,11,13
2016-04-28 11:00:00,31,17,14
2016-04-28 12:00:00,25,17,8
2016-04-28 13:00:00,21,13,8
2016-04-28 14:00:00,42,18,24
2016-04-28 15:00:00,36,18,18
2016-04-28 16:00:00,88,41,47
2016-04-28 17:00:00,130,73,57
2016-04-28 18:00:00,132,68,64
2016-04-28 19:00:00,78,50,28
2016-04-28 20:00:00,14,10,4
2016-04-28 21:00:00,5,2,3
2016-04-28 22:00:00,3,3,0
2016-04-28 23:00:00,0,0,0
2016-04-29 00:00:00,0,0,0
2016-04-29 01:00:00,0,0,0
2016-04-29 02:00:00,1,1,0
2016-04-29 03:00:00,1,0,1
2016-04-29 04:00:00,1,1,0
2016-04-29 05:00:00,10,5,5
2016-04-29 06:00:00,37,31,6
2016-04-29 07:00:00,61,40,21
2016-04-29 08:00:00,40,18,22
2016-04-29 09:00:00,16,12,4
2016-04-29 10:00:00,12,2,10
2016-04-29 11:00:00,11,8,3
2016-04-29 12:00:00,9,3,6
2016-04-29 13:00:00,12,2,10
2016-04-29 14:00:00,12,3,9
2016-04-29 15:00:00,40,16,24
2016-04-29 16:00:00,48,16,32
2016-04-29 17:00:00,82,41,41
2016-04-29 18:00:00,55,32,23
2016-04-29 19:00:00,28,16,12
2016-04-29 20:00:00,7,5,2
2016-04-29 21:00:00,2,2,0
2016-04-29 22:00:00,3,3,0
2016-04-29 23:00:00,1,1,0
2016-04-30 00:00:00,4,0,4
2016-04-30 01:00:00,0,0,0
2016-04-30 02:00:00,0,0,0
2016-04-30 03:00:00,0,0,0
2016-04-30 04:00:00,0,0,0
2016-04-30 05:00:00,4,1,3
2016-04-30 06:00:00,6,0,6
2016-04-30 07:00:00,40,17,23
2016-04-30 08:00:00,99,43,56
2016-04-30 09:00:00,164,69,95
2016-04-30 10:00:00,128,70,58
2016-04-30 11:00:00,205,116,89
2016-04-30 12:00:00,160,114,46
2016-04-30 13:00:00,140,71,69
2016-04-30 14:00:00,122,72,50
2016-04-30 15:00:00,134,80,54
2016-04-30 16:00:00,83,55,28
2016-04-30 17:00:00,81,49,32
2016-04-30 18:00:00,42,27,15
2016-04-30 19:00:00,31,22,9
2016-04-30 20:00:00,9,7,2
2016-04-30 21:00:00,2,2,0
2016-04-30 22:00:00,2,1,1
2016-04-30 23:00:00,2,0,2
2016-05-01 00:00:00,0,0,0
2016-05-01 01:00:00,0,0,0
2016-05-01 02:00:00,0,0,0
2016-05-01 03:00:00,0,0,0
2016-05-01 04:00:00,0,0,0
2016-05-01 05:00:00,4,1,3
2016-05-01 06:00:00,5,0,5
2016-05-01 07:00:00,37,19,18
2016-05-01 08:00:00,89,45,44
2016-05-01 09:00:00,143,86,57
2016-05-01 10:00:00,170,88,82
2016-05-01 11:00:00,242,134,108
2016-05-01 12:00:00,221,126,95
2016-05-01 13:00:00,181,102,79
2016-05-01 14:00:00,144,82,62
2016-05-01 15:00:00,163,77,86
2016-05-01 16:00:00,122,75,47
2016-05-01 17:00:00,86,57,29
2016-05-01 18:00:00,56,38,18
2016-05-01 19:00:00,15,10,5
2016-05-01 20:00:00,13,7,6
2016-05-01 21:00:00,4,3,1
2016-05-01 22:00:00,1,0,1
2016-05-01 23:00:00,4,2,2
2016-05-02 00:00:00,0,0,0
2016-05-02 01:00:00,0,0,0
2016-05-02 02:00:00,1,0,1
2016-05-02 03:00:00,0,0,0
2016-05-02 04:00:00,4,3,1
2016-05-02 05:00:00,20,12,8
2016-05-02 06:00:00,49,27,22
2016-05-02 07:00:00,113,82,31
2016-05-02 08:00:00,105,71,34
2016-05-02 09:00:00,61,50,11
2016-05-02 10:00:00,38,23,15
2016-05-02 11:00:00,50,25,25
2016-05-02 12:00:00,44,24,20
2016-05-02 13:00:00,48,25,23
2016-05-02 14:00:00,40,16,24
2016-05-02 15:00:00,57,23,34
2016-05-02 16:00:00,105,53,52
2016-05-02 17:00:00,182,113,69
2016-05-02 18:00:00,164,99,65
2016-05-02 19:00:00,88,62,26
2016-05-02 20:00:00,32,19,13
2016-05-02 21:00:00,12,10,2
2016-05-02 22:00:00,6,4,2
2016-05-02 23:00:00,2,1,1
2016-05-03 00:00:00,1,1,0
2016-05-03 01:00:00,1,1,0
2016-05-03 02:00:00,0,0,0
2016-05-03 03:00:00,0,0,0
2016-05-03 04:00:00,2,2,0
2016-05-03 05:00:00,16,12,4
2016-05-03 06:00:00,48,33,15
2016-05-03 07:00:00,111,48,63
2016-05-03 08:00:00,82,45,37
2016-05-03 09:00:00,65,31,34
2016-05-03 10:00:00,25,18,7
2016-05-03 11:00:00,32,25,7
2016-05-03 12:00:00,26,18,8
2016-05-03 13:00:00,24,10,14
2016-05-03 14:00:00,37,17,20
2016-05-03 15:00:00,46,24,22
2016-05-03 16:00:00,102,42,60
2016-05-03 17:00:00,174,86,88
2016-05-03 18:00:00,154,75,79
2016-05-03 19:00:00,85,60,25
2016-05-03 20:00:00,18,8,10
2016-05-03 21:00:00,11,8,3
2016-05-03 22:00:00,1,0,1
2016-05-03 23:00:00,1,1,0
2016-05-04 00:00:00,1,1,0
2016-05-04 01:00:00,0,0,0
2016-05-04 02:00:00,0,0,0
2016-05-04 03:00:00,0,0,0
2016-05-04 04:00:00,3,2,1
2016-05-04 05:00:00,20,12,8
2016-05-04 06:00:00,43,29,14
2016-05-04 07:00:00,76,44,32
2016-05-04 08:00:00,60,37,23
2016-05-04 09:00:00,34,19,15
2016-05-04 10:00:00,17,4,13
2016-05-04 11:00:00,16,7,9
2016-05-04 12:00:00,12,5,7
2016-05-04 13:00:00,14,2,12
2016-05-04 14:00:00,27,17,10
2016-05-04 15:00:00,33,18,15
2016-05-04 16:00:00,54,17,37
2016-05-04 17:00:00,95,40,55
2016-05-04 18:00:00,107,52,55
2016-05-04 19:00:00,62,47,15
2016-05-04 20:00:00,10,7,3
2016-05-04 21:00:00,9,7,2
2016-05-04 22:00:00,0,0,0
2016-05-04 23:00:00,1,1,0
2016-05-05 00:00:00,1,1,0
2016-05-05 01:00:00,0,0,0
2016-05-05 02:00:00,0,0,0
2016-05-05 03:00:00,0,0,0
2016-05-05 04:00:00,1,1,0
2016-05-05 05:00:00,21,16,5
2016-05-05 06:00:00,35,16,19
2016-05-05 07:00:00,97,56,41
2016-05-05 08:00:00,92,44,48
2016-05-05 09:00:00,60,41,19
2016-05-05 10:00:00,27,18,9
2016-05-05 11:00:00,37,12,25
2016-05-05 12:00:00,34,20,14
2016-05-05 13:00:00,30,15,15
2016-05-05 14:00:00,24,11,13
2016-05-05 15:00:00,49,21,28
2016-05-05 16:00:00,105,54,51
2016-05-05 17:00:00,150,84,66
2016-05-05 18:00:00,150,80,70
2016-05-05 19:00:00,87,42,45
2016-05-05 20:00:00,26,23,3
2016-05-05 21:00:00,11,10,1
2016-05-05 22:00:00,2,2,0
2016-05-05 23:00:00,1,1,0
2016-05-06 00:00:00,0,0,0
2016-05-06 01:00:00,0,0,0
2016-05-06 02:00:00,0,0,0
2016-05-06 03:00:00,1,0,1
2016-05-06 04:00:00,3,3,0
2016-05-06 05:00:00,21,7,14
2016-05-06 06:00:00,54,34,20
2016-05-06 07:00:00,106,61,45
2016-05-06 08:00:00,91,56,35
2016-05-06 09:00:00,55,33,22
2016-05-06 10:00:00,39,21,18
2016-05-06 11:00:00,46,24,22
2016-05-06 12:00:00,47,25,22
2016-05-06 13:00:00,47,20,27
2016-05-06 14:00:00,56,31,25
2016-05-06 15:00:00,56,29,27
2016-05-06 16:00:00,110,50,60
2016-05-06 17:00:00,166,77,89
2016-05-06 18:00:00,125,65,60
2016-05-06 19:00:00,45,31,14
2016-05-06 20:00:00,21,16,5
2016-05-06 21:00:00,8,8,0
2016-05-06 22:00:00,2,2,0
2016-05-06 23:00:00,4,2,2
2016-05-07 00:00:00,1,1,0
2016-05-07 01:00:00,0,0,0
2016-05-07 02:00:00,0,0,0
2016-05-07 03:00:00,0,0,0
2016-05-07 04:00:00,0,0,0
2016-05-07 05:00:00,2,1,1
2016-05-07 06:00:00,20,1,19
2016-05-07 07:00:00,64,33,31
2016-05-07 08:00:00,109,52,57
2016-05-07 09:00:00,171,90,81
2016-05-07 10:00:00,257,158,99
2016-05-07 11:00:00,213,116,97
2016-05-07 12:00:00,205,135,70
2016-05-07 13:00:00,154,72,82
2016-05-07 14:00:00,164,90,74
2016-05-07 15:00:00,141,72,69
2016-05-07 16:00:00,118,60,58
2016-05-07 17:00:00,83,51,32
2016-05-07 18:00:00,56,35,21
2016-05-07 19:00:00,36,29,7
2016-05-07 20:00:00,18,12,6
2016-05-07 21:00:00,5,3,2
2016-05-07 22:00:00,3,2,1
2016-05-07 23:00:00,1,1,0
2016-05-08 00:00:00,0,0,0
2016-05-08 01:00:00,0,0,0
2016-05-08 02:00:00,2,1,1
2016-05-08 03:00:00,0,0,0
2016-05-08 04:00:00,0,0,0
2016-05-08 05:00:00,3,2,1
2016-05-08 06:00:00,1,1,0
2016-05-08 07:00:00,7,4,3
2016-05-08 08:00:00,18,10,8
2016-05-08 09:00:00,38,20,18
2016-05-08 10:00:00,27,17,10
2016-05-08 11:00:00,45,26,19
2016-05-08 12:00:00,59,33,26
2016-05-08 13:00:00,60,32,28
2016-05-08 14:00:00,49,32,17
2016-05-08 15:00:00,48,26,22
2016-05-08 16:00:00,56,29,27
2016-05-08 17:00:00,32,19,13
2016-05-08 18:00:00,24,20,4
2016-05-08 19:00:00,8,5,3
2016-05-08 20:00:00,3,1,2
2016-05-08 21:00:00,2,2,0
2016-05-08 22:00:00,0,0,0
2016-05-08 23:00:00,0,0,0
2016-05-09 00:00:00,0,0,0
2016-05-09 01:00:00,0,0,0
2016-05-09 02:00:00,0,0,0
2016-05-09 03:00:00,0,0,0
2016-05-09 04:00:00,3,3,0
2016-05-09 05:00:00,13,8,5
2016-05-09 06:00:00,55,35,20
2016-05-09 07:00:00,72,41,31
2016-05-09 08:00:00,84,41,43
2016-05-09 09:00:00,47,29,18
2016-05-09 10:00:00,16,5,11
2016-05-09 11:00:00,32,15,17
2016-05-09 12:00:00,20,13,7
2016-05-09 13:00:00,33,20,13
2016-05-09 14:00:00,37,19,18
2016-05-09 15:00:00,46,18,28
2016-05-09 16:00:00,84,33,51
2016-05-09 17:00:00,131,69,62
2016-05-09 18:00:00,124,70,54
2016-05-09 19:00:00,59,44,15
2016-05-09 20:00:00,31,20,11
2016-05-09 21:00:00,7,4,3
2016-05-09 22:00:00,2,0,2
2016-05-09 23:00:00,1,1,0
2016-05-10 00:00:00,0,0,0
2016-05-10 01:00:00,0,0,0
2016-05-10 02:00:00,0,0,0
2016-05-10 03:00:00,0,0,0
2016-05-10 04:00:00,2,2,0
2016-05-10 05:00:00,15,10,5
2016-05-10 06:00:00,50,36,14
2016-05-10 07:00:00,99,64,35
2016-05-10 08:00:00,110,65,45
2016-05-10 09:00:00,55,33,22
2016-05-10 10:00:00,24,15,9
2016-05-10 11:00:00,37,13,24
2016-05-10 12:00:00,44,25,19
2016-05-10 13:00:00,63,28,35
2016-05-10 14:00:00,53,30,23
2016-05-10 15:00:00,44,27,17
2016-05-10 16:00:00,100,44,56
2016-05-10 17:00:00,227,95,132
2016-05-10 18:00:00,167,91,76
2016-05-10 19:00:00,135,80,55
2016-05-10 20:00:00,37,23,14
2016-05-10 21:00:00,10,8,2
2016-05-10 22:00:00,4,1,3
2016-05-10 23:00:00,2,2,0
2016-05-11 00:00:00,0,0,0
2016-05-11 01:00:00,0,0,0
2016-05-11 02:00:00,0,0,0
2016-05-11 03:00:00,1,0,1
2016-05-11 04:00:00,3,2,1
2016-05-11 05:00:00,25,14,11
2016-05-11 06:00:00,50,36,14
2016-05-11 07:00:00,97,56,41
2016-05-11 08:00:00,111,68,43
2016-05-11 09:00:00,51,36,15
2016-05-11 10:00:00,32,22,10
2016-05-11 11:00:00,61,24,37
2016-05-11 12:00:00,39,20,19
2016-05-11 13:00:00,41,22,19
2016-05-11 14:00:00,43,21,22
2016-05-11 15:00:00,50,30,20
2016-05-11 16:00:00,87,44,43
2016-05-11 17:00:00,200,81,119
2016-05-11 18:00:00,164,82,82
2016-05-11 19:00:00,112,90,22
2016-05-11 20:00:00,40,27,13
2016-05-11 21:00:00,7,4,3
2016-05-11 22:00:00,2,0,2
2016-05-11 23:00:00,0,0,0
2016-05-12 00:00:00,1,0,1
2016-05-12 01:00:00,1,1,0
2016-05-12 02:00:00,0,0,0
2016-05-12 03:00:00,0,0,0
2016-05-12 04:00:00,2,2,0
2016-05-12 05:00:00,23,16,7
2016-05-12 06:00:00,45,21,24
2016-05-12 07:00:00,91,60,31
2016-05-12 08:00:00,77,48,29
2016-05-12 09:00:00,41,32,9
2016-05-12 10:00:00,38,23,15
2016-05-12 11:00:00,31,15,16
2016-05-12 12:00:00,40,26,14
2016-05-12 13:00:00,39,25,14
2016-05-12 14:00:00,37,21,16
2016-05-12 15:00:00,67,30,37
2016-05-12 16:00:00,103,58,45
2016-05-12 17:00:00,172,94,78
2016-05-12 18:00:00,171,89,82
2016-05-12 19:00:00,117,62,55
2016-05-12 20:00:00,39,21,18
2016-05-12 21:00:00,7,3,4
2016-05-12 22:00:00,2,2,0
2016-05-12 23:00:00,1,1,0
2016-05-13 00:00:00,2,2,0
2016-05-13 01:00:00,1,1,0
2016-05-13 02:00:00,0,0,0
2016-05-13 03:00:00,0,0,0
2016-05-13 04:00:00,3,3,0
2016-05-13 05:00:00,26,13,13
2016-05-13 06:00:00,49,33,16
2016-05-13 07:00:00,98,74,24
2016-05-13 08:00:00,97,60,37
2016-05-13 09:00:00,58,34,24
2016-05-13 10:00:00,39,25,14
2016-05-13 11:00:00,51,24,27
2016-05-13 12:00:00,31,19,12
2016-05-13 13:00:00,36,18,18
2016-05-13 14:00:00,51,24,27
2016-05-13 15:00:00,87,47,40
2016-05-13 16:00:00,103,66,37
2016-05-13 17:00:00,161,99,62
2016-05-13 18:00:00,105,60,45
2016-05-13 19:00:00,51,36,15
2016-05-13 20:00:00,23,15,8
2016-05-13 21:00:00,10,6,4
2016-05-13 22:00:00,7,3,4
2016-05-13 23:00:00,4,3,1
2016-05-14 00:00:00,2,2,0
2016-05-14 01:00:00,0,0,0
2016-05-14 02:00:00,0,0,0
2016-05-14 03:00:00,0,0,0
2016-05-14 04:00:00,0,0,0
2016-05-14 05:00:00,1,0,1
2016-05-14 06:00:00,14,4,10
2016-05-14 07:00:00,57,19,38
2016-05-14 08:00:00,100,39,61
2016-05-14 09:00:00,144,42,102
2016-05-14 10:00:00,200,66,134
2016-05-14 11:00:00,150,90,60
2016-05-14 12:00:00,98,66,32
2016-05-14 13:00:00,60,47,13
2016-05-14 14:00:00,57,48,9
2016-05-14 15:00:00,39,17,22
2016-05-14 16:00:00,31,20,11
2016-05-14 17:00:00,24,20,4
2016-05-14 18:00:00,14,10,4
2016-05-14 19:00:00,11,8,3
2016-05-14 20:00:00,5,4,1
2016-05-14 21:00:00,1,0,1
2016-05-14 22:00:00,0,0,0
2016-05-14 23:00:00,1,1,0
2016-05-15 00:00:00,0,0,0
2016-05-15 01:00:00,0,0,0
2016-05-15 02:00:00,0,0,0
2016-05-15 03:00:00,1,0,1
2016-05-15 04:00:00,0,0,0
2016-05-15 05:00:00,0,0,0
2016-05-15 06:00:00,6,0,6
2016-05-15 07:00:00,21,7,14
2016-05-15 08:00:00,48,14,34
2016-05-15 09:00:00,53,19,34
2016-05-15 10:00:00,56,32,24
2016-05-15 11:00:00,78,38,40
2016-05-15 12:00:00,67,40,27
2016-05-15 13:00:00,61,34,27
2016-05-15 14:00:00,19,10,9
2016-05-15 15:00:00,36,19,17
2016-05-15 16:00:00,43,24,19
2016-05-15 17:00:00,25,16,9
2016-05-15 18:00:00,6,6,0
2016-05-15 19:00:00,9,6,3
2016-05-15 20:00:00,2,2,0
2016-05-15 21:00:00,1,0,1
2016-05-15 22:00:00,1,1,0
2016-05-15 23:00:00,2,2,0
2016-05-16 00:00:00,0,0,0
2016-05-16 01:00:00,0,0,0
2016-05-16 02:00:00,1,0,1
2016-05-16 03:00:00,0,0,0
2016-05-16 04:00:00,2,2,0
2016-05-16 05:00:00,12,9,3
2016-05-16 06:00:00,17,8,9
2016-05-16 07:00:00,53,22,31
2016-05-16 08:00:00,50,29,21
2016-05-16 09:00:00,22,14,8
2016-05-16 10:00:00,9,2,7
2016-05-16 11:00:00,21,12,9
2016-05-16 12:00:00,12,5,7
2016-05-16 13:00:00,20,9,11
2016-05-16 14:00:00,18,11,7
2016-05-16 15:00:00,18,6,12
2016-05-16 16:00:00,39,13,26
2016-05-16 17:00:00,88,43,45
2016-05-16 18:00:00,81,44,37
2016-05-16 19:00:00,46,33,13
2016-05-16 20:00:00,18,11,7
2016-05-16 21:00:00,9,5,4
2016-05-16 22:00:00,3,0,3
2016-05-16 23:00:00,0,0,0
2016-05-17 00:00:00,0,0,0
2016-05-17 01:00:00,0,0,0
2016-05-17 02:00:00,1,1,0
2016-05-17 03:00:00,0,0,0
2016-05-17 04:00:00,2,2,0
2016-05-17 05:00:00,13,8,5
2016-05-17 06:00:00,47,29,18
2016-05-17 07:00:00,118,83,35
2016-05-17 08:00:00,122,74,48
2016-05-17 09:00:00,51,28,23
2016-05-17 10:00:00,36,21,15
2016-05-17 11:00:00,36,19,17
2016-05-17 12:00:00,28,15,13
2016-05-17 13:00:00,35,15,20
2016-05-17 14:00:00,54,26,28
2016-05-17 15:00:00,44,21,23
2016-05-17 16:00:00,123,47,76
2016-05-17 17:00:00,197,86,111
2016-05-17 18:00:00,188,111,77
2016-05-17 19:00:00,107,61,46
2016-05-17 20:00:00,48,38,10
2016-05-17 21:00:00,15,10,5
2016-05-17 22:00:00,3,1,2
2016-05-17 23:00:00,1,0,1
2016-05-18 00:00:00,0,0,0
2016-05-18 01:00:00,0,0,0
2016-05-18 02:00:00,0,0,0
2016-05-18 03:00:00,0,0,0
2016-05-18 04:00:00,2,2,0
2016-05-18 05:00:00,14,7,7
2016-05-18 06:00:00,64,38,26
2016-05-18 07:00:00,92,53,39
2016-05-18 08:00:00,83,39,44
2016-05-18 09:00:00,43,26,17
2016-05-18 10:00:00,28,17,11
2016-05-18 11:00:00,29,14,15
2016-05-18 12:00:00,48,26,22
2016-05-18 13:00:00,37,14,23
2016-05-18 14:00:00,43,24,19
2016-05-18 15:00:00,34,9,25
2016-05-18 16:00:00,80,40,40
2016-05-18 17:00:00,126,52,74
2016-05-18 18:00:00,104,68,36
2016-05-18 19:00:00,69,45,24
2016-05-18 20:00:00,21,13,8
2016-05-18 21:00:00,9,7,2
2016-05-18 22:00:00,5,5,0
2016-05-18 23:00:00,0,0,0
2016-05-19 00:00:00,0,0,0
2016-05-19 01:00:00,1,0,1
2016-05-19 02:00:00,0,0,0
2016-05-19 03:00:00,0,0,0
2016-05-19 04:00:00,2,1,1
2016-05-19 05:00:00,5,3,2
2016-05-19 06:00:00,18,11,7
2016-05-19 07:00:00,60,30,30
2016-05-19 08:00:00,41,20,21
2016-05-19 09:00:00,21,11,10
2016-05-19 10:00:00,11,4,7
2016-05-19 11:00:00,15,12,3
2016-05-19 12:00:00,22,15,7
2016-05-19 13:00:00,9,4,5
2016-05-19 14:00:00,13,7,6
2016-05-19 15:00:00,14,8,6
2016-05-19 16:00:00,42,16,26
2016-05-19 17:00:00,65,30,35
2016-05-19 18:00:00,44,29,15
2016-05-19 19:00:00,25,11,14
2016-05-19 20:00:00,14,9,5
2016-05-19 21:00:00,6,4,2
2016-05-19 22:00:00,1,0,1
2016-05-19 23:00:00,0,0,0
2016-05-20 00:00:00,0,0,0
2016-05-20 01:00:00,0,0,0
2016-05-20 02:00:00,1,0,1
2016-05-20 03:00:00,0,0,0
2016-05-20 04:00:00,2,1,1
2016-05-20 05:00:00,15,6,9
2016-05-20 06:00:00,49,34,15
2016-05-20 07:00:00,147,84,63
2016-05-20 08:00:00,127,67,60
2016-05-20 09:00:00,49,36,13
2016-05-20 10:00:00,29,18,11
2016-05-20 11:00:00,44,24,20
2016-05-20 12:00:00,54,27,27
2016-05-20 13:00:00,43,18,25
2016-05-20 14:00:00,55,30,25
2016-05-20 15:00:00,64,22,42
2016-05-20 16:00:00,134,55,79
2016-05-20 17:00:00,152,77,75
2016-05-20 18:00:00,107,63,44
2016-05-20 19:00:00,58,40,18
2016-05-20 20:00:00,21,15,6
2016-05-20 21:00:00,10,6,4
2016-05-20 22:00:00,5,4,1
2016-05-20 23:00:00,1,0,1
2016-05-21 00:00:00,0,0,0
2016-05-21 01:00:00,0,0,0
2016-05-21 02:00:00,0,0,0
2016-05-21 03:00:00,0,0,0
2016-05-21 04:00:00,0,0,0
2016-05-21 05:00:00,3,2,1
2016-05-21 06:00:00,3,2,1
2016-05-21 07:00:00,17,4,13
2016-05-21 08:00:00,24,7,17
2016-05-21 09:00:00,47,6,41
2016-05-21 10:00:00,43,31,12
2016-05-21 11:00:00,24,13,11
2016-05-21 12:00:00,23,16,7
2016-05-21 13:00:00,22,8,14
2016-05-21 14:00:00,42,23,19
2016-05-21 15:00:00,27,16,11
2016-05-21 16:00:00,29,16,13
2016-05-21 17:00:00,19,12,7
2016-05-21 18:00:00,9,7,2
2016-05-21 19:00:00,7,5,2
2016-05-21 20:00:00,4,2,2
2016-05-21 21:00:00,1,0,1
2016-05-21 22:00:00,3,2,1
2016-05-21 23:00:00,0,0,0
2016-05-22 00:00:00,0,0,0
2016-05-22 01:00:00,0,0,0
2016-05-22 02:00:00,0,0,0
2016-05-22 03:00:00,0,0,0
2016-05-22 04:00:00,0,0,0
2016-05-22 05:00:00,3,0,3
2016-05-22 06:00:00,10,4,6
2016-05-22 07:00:00,25,3,22
2016-05-22 08:00:00,53,25,28
2016-05-22 09:00:00,95,21,74
2016-05-22 10:00:00,113,65,48
2016-05-22 11:00:00,146,84,62
2016-05-22 12:00:00,169,101,68
2016-05-22 13:00:00,130,74,56
2016-05-22 14:00:00,135,78,57
2016-05-22 15:00:00,113,61,52
2016-05-22 16:00:00,107,64,43
2016-05-22 17:00:00,66,46,20
2016-05-22 18:00:00,30,22,8
2016-05-22 19:00:00,21,14,7
2016-05-22 20:00:00,10,7,3
2016-05-22 21:00:00,2,2,0
2016-05-22 22:00:00,0,0,0
2016-05-22 23:00:00,2,0,2
2016-05-23 00:00:00,1,1,0
2016-05-23 01:00:00,0,0,0
2016-05-23 02:00:00,1,0,1
2016-05-23 03:00:00,0,0,0
2016-05-23 04:00:00,3,3,0
2016-05-23 05:00:00,12,8,4
2016-05-23 06:00:00,22,17,5
2016-05-23 07:00:00,70,39,31
2016-05-23 08:00:00,72,46,26
2016-05-23 09:00:00,35,21,14
2016-05-23 10:00:00,17,7,10
2016-05-23 11:00:00,26,11,15
2016-05-23 12:00:00,22,16,6
2016-05-23 13:00:00,40,18,22
2016-05-23 14:00:00,19,9,10
2016-05-23 15:00:00,22,5,17
2016-05-23 16:00:00,59,25,34
2016-05-23 17:00:00,115,57,58
2016-05-23 18:00:00,92,48,44
2016-05-23 19:00:00,49,32,17
2016-05-23 20:00:00,26,17,9
2016-05-23 21:00:00,11,5,6
2016-05-23 22:00:00,2,2,0
2016-05-23 23:00:00,3,0,3
2016-05-24 00:00:00,0,0,0
2016-05-24 01:00:00,0,0,0
2016-05-24 02:00:00,4,2,2
2016-05-24 03:00:00,0,0,0
2016-05-24 04:00:00,4,4,0
2016-05-24 05:00:00,14,9,5
2016-05-24 06:00:00,50,31,19
2016-05-24 07:00:00,100,59,41
2016-05-24 08:00:00,86,45,41
2016-05-24 09:00:00,48,19,29
2016-05-24 10:00:00,25,8,17
2016-05-24 11:00:00,20,10,10
2016-05-24 12:00:00,34,12,22
2016-05-24 13:00:00,29,18,11
2016-05-24 14:00:00,20,11,9
2016-05-24 15:00:00,25,15,10
2016-05-24 16:00:00,92,30,62
2016-05-24 17:00:00,187,72,115
2016-05-24 18:00:00,147,76,71
2016-05-24 19:00:00,130,76,54
2016-05-24 20:00:00,37,23,14
2016-05-24 21:00:00,9,6,3
2016-05-24 22:00:00,6,4,2
2016-05-24 23:00:00,0,0,0
2016-05-25 00:00:00,0,0,0
2016-05-25 01:00:00,0,0,0
2016-05-25 02:00:00,0,0,0
2016-05-25 03:00:00,0,0,0
2016-05-25 04:00:00,3,2,1
2016-05-25 05:00:00,16,10,6
2016-05-25 06:00:00,40,22,18
2016-05-25 07:00:00,91,55,36
2016-05-25 08:00:00,78,39,39
2016-05-25 09:00:00,47,25,22
2016-05-25 10:00:00,30,12,18
2016-05-25 11:00:00,30,14,16
2016-05-25 12:00:00,33,20,13
2016-05-25 13:00:00,36,16,20
2016-05-25 14:00:00,27,12,15
2016-05-25 15:00:00,39,15,24
2016-05-25 16:00:00,66,28,38
2016-05-25 17:00:00,163,64,99
2016-05-25 18:00:00,113,63,50
2016-05-25 19:00:00,83,58,25
2016-05-25 20:00:00,26,19,7
2016-05-25 21:00:00,11,9,2
2016-05-25 22:00:00,5,3,2
2016-05-25 23:00:00,3,3,0
2016-05-26 00:00:00,0,0,0
2016-05-26 01:00:00,0,0,0
2016-05-26 02:00:00,0,0,0
2016-05-26 03:00:00,0,0,0
2016-05-26 04:00:00,3,3,0
2016-05-26 05:00:00,9,5,4
2016-05-26 06:00:00,34,19,15
2016-05-26 07:00:00,85,46,39
2016-05-26 08:00:00,70,32,38
2016-05-26 09:00:00,51,34,17
2016-05-26 10:00:00,18,10,8
2016-05-26 11:00:00,14,7,7
2016-05-26 12:00:00,22,9,13
2016-05-26 13:00:00,21,9,12
2016-05-26 14:00:00,16,8,8
2016-05-26 15:00:00,31,12,19
2016-05-26 16:00:00,56,19,37
2016-05-26 17:00:00,136,74,62
2016-05-26 18:00:00,77,55,22
2016-05-26 19:00:00,57,31,26
2016-05-26 20:00:00,16,8,8
2016-05-26 21:00:00,4,4,0
2016-05-26 22:00:00,5,5,0
2016-05-26 23:00:00,2,0,2
2016-05-27 00:00:00,0,0,0
2016-05-27 01:00:00,0,0,0
2016-05-27 02:00:00,1,0,1
2016-05-27 03:00:00,0,0,0
2016-05-27 04:00:00,2,2,0
2016-05-27 05:00:00,9,1,8
2016-05-27 06:00:00,24,17,7
2016-05-27 07:00:00,43,25,18
2016-05-27 08:00:00,40,15,25
2016-05-27 09:00:00,24,14,10
2016-05-27 10:00:00,12,4,8
2016-05-27 11:00:00,22,6,16
2016-05-27 12:00:00,30,19,11
2016-05-27 13:00:00,31,20,11
2016-05-27 14:00:00,21,12,9
2016-05-27 15:00:00,28,13,15
2016-05-27 16:00:00,33,18,15
2016-05-27 17:00:00,62,28,34
2016-05-27 18:00:00,35,18,17
2016-05-27 19:00:00,16,11,5
2016-05-27 20:00:00,12,6,6
2016-05-27 21:00:00,4,2,2
2016-05-27 22:00:00,2,2,0
2016-05-27 23:00:00,1,1,0
2016-05-28 00:00:00,0,0,0
2016-05-28 01:00:00,0,0,0
2016-05-28 02:00:00,0,0,0
2016-05-28 03:00:00,0,0,0
2016-05-28 04:00:00,0,0,0
2016-05-28 05:00:00,2,0,2
2016-05-28 06:00:00,6,2,4
2016-05-28 07:00:00,18,1,17
2016-05-28 08:00:00,39,21,18
2016-05-28 09:00:00,46,18,28
2016-05-28 10:00:00,45,21,24
2016-05-28 11:00:00,70,41,29
2016-05-28 12:00:00,71,47,24
2016-05-28 13:00:00,36,19,17
2016-05-28 14:00:00,43,24,19
2016-05-28 15:00:00,51,33,18
2016-05-28 16:00:00,51,28,23
2016-05-28 17:00:00,26,20,6
2016-05-28 18:00:00,15,12,3
2016-05-28 19:00:00,12,9,3
2016-05-28 20:00:00,7,1,6
2016-05-28 21:00:00,4,4,0
2016-05-28 22:00:00,0,0,0
2016-05-28 23:00:00,2,1,1
2016-05-29 00:00:00,0,0,0
2016-05-29 01:00:00,0,0,0
2016-05-29 02:00:00,1,0,1
2016-05-29 03:00:00,0,0,0
2016-05-29 04:00:00,0,0,0
2016-05-29 05:00:00,1,0,1
2016-05-29 06:00:00,8,1,7
2016-05-29 07:00:00,24,10,14
2016-05-29 08:00:00,32,12,20
2016-05-29 09:00:00,28,16,12
2016-05-29 10:00:00,44,27,17
2016-05-29 11:00:00,28,13,15
2016-05-29 12:00:00,28,23,5
2016-05-29 13:00:00,26,15,11
2016-05-29 14:00:00,31,11,20
2016-05-29 15:00:00,45,21,24
2016-05-29 16:00:00,37,19,18
2016-05-29 17:00:00,48,30,18
2016-05-29 18:00:00,27,17,10
2016-05-29 19:00:00,13,9,4
2016-05-29 20:00:00,10,5,5
2016-05-29 21:00:00,6,3,3
2016-05-29 22:00:00,3,2,1
2016-05-29 23:00:00,0,0,0
2016-05-30 00:00:00,0,0,0
2016-05-30 01:00:00,0,0,0
2016-05-30 02:00:00,1,0,1
2016-05-30 03:00:00,1,0,1
2016-05-30 04:00:00,0,0,0
2016-05-30 05:00:00,2,1,1
2016-05-30 06:00:00,8,2,6
2016-05-30 07:00:00,36,16,20
2016-05-30 08:00:00,78,27,51
2016-05-30 09:00:00,128,73,55
2016-05-30 10:00:00,148,75,73
2016-05-30 11:00:00,187,113,74
2016-05-30 12:00:00,226,134,92
2016-05-30 13:00:00,187,88,99
2016-05-30 14:00:00,172,94,78
2016-05-30 15:00:00,161,86,75
2016-05-30 16:00:00,137,85,52
2016-05-30 17:00:00,97,58,39
2016-05-30 18:00:00,53,32,21
2016-05-30 19:00:00,38,23,15
2016-05-30 20:00:00,20,14,6
2016-05-30 21:00:00,8,5,3
2016-05-30 22:00:00,2,1,1
2016-05-30 23:00:00,2,2,0
2016-05-31 00:00:00,0,0,0
2016-05-31 01:00:00,0,0,0
2016-05-31 02:00:00,2,0,2
2016-05-31 03:00:00,0,0,0
2016-05-31 04:00:00,2,2,0
2016-05-31 05:00:00,19,12,7
2016-05-31 06:00:00,50,34,16
2016-05-31 07:00:00,90,68,22
2016-05-31 08:00:00,89,53,36
2016-05-31 09:00:00,65,48,17
2016-05-31 10:00:00,32,22,10
2016-05-31 11:00:00,27,15,12
2016-05-31 12:00:00,31,22,9
2016-05-31 13:00:00,39,21,18
2016-05-31 14:00:00,39,22,17
2016-05-31 15:00:00,41,24,17
2016-05-31 16:00:00,93,47,46
2016-05-31 17:00:00,163,83,80
2016-05-31 18:00:00,171,93,78
2016-05-31 19:00:00,124,67,57
2016-05-31 20:00:00,34,24,10
2016-05-31 21:00:00,15,9,6
2016-05-31 22:00:00,4,2,2
2016-05-31 23:00:00,0,0,0
2016-06-01 00:00:00,1,1,0
2016-06-01 01:00:00,0,0,0
2016-06-01 02:00:00,0,0,0
2016-06-01 03:00:00,0,0,0
2016-06-01 04:00:00,1,1,0
2016-06-01 05:00:00,15,10,5
2016-06-01 06:00:00,43,29,14
2016-06-01 07:00:00,109,81,28
2016-06-01 08:00:00,85,57,28
2016-06-01 09:00:00,63,44,19
2016-06-01 10:00:00,27,10,17
2016-06-01 11:00:00,34,16,18
2016-06-01 12:00:00,32,19,13
2016-06-01 13:00:00,43,20,23
2016-06-01 14:00:00,32,18,14
2016-06-01 15:00:00,47,26,21
2016-06-01 16:00:00,83,35,48
2016-06-01 17:00:00,153,53,100
2016-06-01 18:00:00,137,76,61
2016-06-01 19:00:00,68,50,18
2016-06-01 20:00:00,25,17,8
2016-06-01 21:00:00,13,11,2
2016-06-01 22:00:00,3,2,1
2016-06-01 23:00:00,0,0,0
2016-06-02 00:00:00,0,0,0
2016-06-02 01:00:00,1,1,0
2016-06-02 02:00:00,0,0,0
2016-06-02 03:00:00,0,0,0
2016-06-02 04:00:00,2,1,1
2016-06-02 05:00:00,6,5,1
2016-06-02 06:00:00,25,14,11
2016-06-02 07:00:00,75,43,32
2016-06-02 08:00:00,59,31,28
2016-06-02 09:00:00,29,18,11
2016-06-02 10:00:00,23,6,17
2016-06-02 11:00:00,23,14,9
2016-06-02 12:00:00,9,4,5
2016-06-02 13:00:00,36,7,29
2016-06-02 14:00:00,47,34,13
2016-06-02 15:00:00,33,17,16
2016-06-02 16:00:00,56,22,34
2016-06-02 17:00:00,103,57,46
2016-06-02 18:00:00,127,70,57
2016-06-02 19:00:00,69,40,29
2016-06-02 20:00:00,18,11,7
2016-06-02 21:00:00,1,1,0
2016-06-02 22:00:00,3,2,1
2016-06-02 23:00:00,1,0,1
2016-06-03 00:00:00,2,1,1
2016-06-03 01:00:00,0,0,0
2016-06-03 02:00:00,0,0,0
2016-06-03 03:00:00,0,0,0
2016-06-03 04:00:00,1,1,0
2016-06-03 05:00:00,21,8,13
2016-06-03 06:00:00,36,17,19
2016-06-03 07:00:00,91,48,43
2016-06-03 08:00:00,85,57,28
2016-06-03 09:00:00,50,31,19
2016-06-03 10:00:00,49,28,21
2016-06-03 11:00:00,37,24,13
2016-06-03 12:00:00,51,33,18
2016-06-03 13:00:00,52,26,26
2016-06-03 14:00:00,63,31,32
2016-06-03 15:00:00,65,45,20
2016-06-03 16:00:00,88,53,35
2016-06-03 17:00:00,137,63,74
2016-06-03 18:00:00,104,54,50
2016-06-03 19:00:00,38,23,15
2016-06-03 20:00:00,33,21,12
2016-06-03 21:00:00,8,7,1
2016-06-03 22:00:00,1,1,0
2016-06-03 23:00:00,3,1,2
2016-06-04 00:00:00,3,3,0
2016-06-04 01:00:00,3,3,0
2016-06-04 02:00:00,1,0,1
2016-06-04 03:00:00,0,0,0
2016-06-04 04:00:00,0,0,0
2016-06-04 05:00:00,5,1,4
2016-06-04 06:00:00,24,10,14
2016-06-04 07:00:00,53,31,22
2016-06-04 08:00:00,100,55,45
2016-06-04 09:00:00,138,94,44
2016-06-04 10:00:00,177,104,73
2016-06-04 11:00:00,187,128,59
2016-06-04 12:00:00,155,103,52
2016-06-04 13:00:00,150,105,45
2016-06-04 14:00:00,118,83,35
2016-06-04 15:00:00,91,67,24
2016-06-04 16:00:00,77,56,21
2016-06-04 17:00:00,57,33,24
2016-06-04 18:00:00,65,39,26
2016-06-04 19:00:00,28,21,7
2016-06-04 20:00:00,20,7,13
2016-06-04 21:00:00,8,4,4
2016-06-04 22:00:00,5,1,4
2016-06-04 23:00:00,2,0,2
2016-06-05 00:00:00,3,3,0
2016-06-05 01:00:00,0,0,0
2016-06-05 02:00:00,1,0,1
2016-06-05 03:00:00,0,0,0
2016-06-05 04:00:00,0,0,0
2016-06-05 05:00:00,2,0,2
2016-06-05 06:00:00,30,15,15
2016-06-05 07:00:00,79,48,31
2016-06-05 08:00:00,122,65,57
2016-06-05 09:00:00,176,123,53
2016-06-05 10:00:00,190,117,73
2016-06-05 11:00:00,237,143,94
2016-06-05 12:00:00,171,121,50
2016-06-05 13:00:00,94,66,28
2016-06-05 14:00:00,115,72,43
2016-06-05 15:00:00,79,59,20
2016-06-05 16:00:00,78,48,30
2016-06-05 17:00:00,50,20,30
2016-06-05 18:00:00,43,27,16
2016-06-05 19:00:00,23,10,13
2016-06-05 20:00:00,22,12,10
2016-06-05 21:00:00,9,6,3
2016-06-05 22:00:00,0,0,0
2016-06-05 23:00:00,1,0,1
2016-06-06 00:00:00,0,0,0
2016-06-06 01:00:00,1,1,0
2016-06-06 02:00:00,1,0,1
2016-06-06 03:00:00,1,0,1
2016-06-06 04:00:00,3,3,0
2016-06-06 05:00:00,10,3,7
2016-06-06 06:00:00,37,31,6
2016-06-06 07:00:00,93,71,22
2016-06-06 08:00:00,72,57,15
2016-06-06 09:00:00,45,38,7
2016-06-06 10:00:00,40,30,10
2016-06-06 11:00:00,38,28,10
2016-06-06 12:00:00,29,21,8
2016-06-06 13:00:00,22,14,8
2016-06-06 14:00:00,29,18,11
2016-06-06 15:00:00,35,22,13
2016-06-06 16:00:00,72,39,33
2016-06-06 17:00:00,148,62,86
2016-06-06 18:00:00,131,61,70
2016-06-06 19:00:00,48,31,17
2016-06-06 20:00:00,48,29,19
2016-06-06 21:00:00,13,9,4
2016-06-06 22:00:00,7,5,2
2016-06-06 23:00:00,0,0,0
2016-06-07 00:00:00,1,1,0
2016-06-07 01:00:00,0,0,0
2016-06-07 02:00:00,1,0,1
2016-06-07 03:00:00,2,1,1
2016-06-07 04:00:00,3,3,0
2016-06-07 05:00:00,18,12,6
2016-06-07 06:00:00,38,28,10
2016-06-07 07:00:00,109,80,29
2016-06-07 08:00:00,112,81,31
2016-06-07 09:00:00,62,42,20
2016-06-07 10:00:00,41,32,9
2016-06-07 11:00:00,35,16,19
2016-06-07 12:00:00,33,25,8
2016-06-07 13:00:00,59,25,34
2016-06-07 14:00:00,35,19,16
2016-06-07 15:00:00,50,24,26
2016-06-07 16:00:00,86,43,43
2016-06-07 17:00:00,167,78,89
2016-06-07 18:00:00,193,103,90
2016-06-07 19:00:00,108,71,37
2016-06-07 20:00:00,28,24,4
2016-06-07 21:00:00,9,7,2
2016-06-07 22:00:00,11,7,4
2016-06-07 23:00:00,1,1,0
2016-06-08 00:00:00,0,0,0
2016-06-08 01:00:00,0,0,0
2016-06-08 02:00:00,0,0,0
2016-06-08 03:00:00,0,0,0
2016-06-08 04:00:00,5,4,1
2016-06-08 05:00:00,13,3,10
2016-06-08 06:00:00,55,32,23
2016-06-08 07:00:00,97,53,44
2016-06-08 08:00:00,85,53,32
2016-06-08 09:00:00,57,39,18
2016-06-08 10:00:00,46,31,15
2016-06-08 11:00:00,42,15,27
2016-06-08 12:00:00,42,29,13
2016-06-08 13:00:00,32,13,19
2016-06-08 14:00:00,38,19,19
2016-06-08 15:00:00,32,9,23
2016-06-08 16:00:00,58,26,32
2016-06-08 17:00:00,139,57,82
2016-06-08 18:00:00,128,73,55
2016-06-08 19:00:00,59,41,18
2016-06-08 20:00:00,23,14,9
2016-06-08 21:00:00,6,4,2
2016-06-08 22:00:00,3,3,0
2016-06-08 23:00:00,1,1,0
2016-06-09 00:00:00,1,1,0
2016-06-09 01:00:00,0,0,0
2016-06-09 02:00:00,0,0,0
2016-06-09 03:00:00,1,0,1
2016-06-09 04:00:00,3,3,0
2016-06-09 05:00:00,9,6,3
2016-06-09 06:00:00,39,20,19
2016-06-09 07:00:00,88,52,36
2016-06-09 08:00:00,65,35,30
2016-06-09 09:00:00,36,21,15
2016-06-09 10:00:00,24,6,18
2016-06-09 11:00:00,28,18,10
2016-06-09 12:00:00,20,13,7
2016-06-09 13:00:00,20,11,9
2016-06-09 14:00:00,32,20,12
2016-06-09 15:00:00,21,12,9
2016-06-09 16:00:00,46,18,28
2016-06-09 17:00:00,119,65,54
2016-06-09 18:00:00,118,61,57
2016-06-09 19:00:00,65,34,31
2016-06-09 20:00:00,28,18,10
2016-06-09 21:00:00,10,4,6
2016-06-09 22:00:00,3,3,0
2016-06-09 23:00:00,0,0,0
2016-06-10 00:00:00,3,0,3
2016-06-10 01:00:00,3,3,0
2016-06-10 02:00:00,0,0,0
2016-06-10 03:00:00,0,0,0
2016-06-10 04:00:00,1,1,0
2016-06-10 05:00:00,7,1,6
2016-06-10 06:00:00,21,15,6
2016-06-10 07:00:00,61,46,15
2016-06-10 08:00:00,54,25,29
2016-06-10 09:00:00,57,35,22
2016-06-10 10:00:00,56,13,43
2016-06-10 11:00:00,61,37,24
2016-06-10 12:00:00,45,38,7
2016-06-10 13:00:00,50,25,25
2016-06-10 14:00:00,35,22,13
2016-06-10 15:00:00,34,14,20
2016-06-10 16:00:00,57,28,29
2016-06-10 17:00:00,75,39,36
2016-06-10 18:00:00,40,22,18
2016-06-10 19:00:00,21,15,6
2016-06-10 20:00:00,9,6,3
2016-06-10 21:00:00,3,2,1
2016-06-10 22:00:00,1,1,0
2016-06-10 23:00:00,0,0,0
2016-06-11 00:00:00,1,1,0
2016-06-11 01:00:00,0,0,0
2016-06-11 02:00:00,0,0,0
2016-06-11 03:00:00,0,0,0
2016-06-11 04:00:00,0,0,0
2016-06-11 05:00:00,0,0,0
2016-06-11 06:00:00,2,0,2
2016-06-11 07:00:00,35,9,26
2016-06-11 08:00:00,52,22,30
2016-06-11 09:00:00,83,36,47
2016-06-11 10:00:00,82,29,53
2016-06-11 11:00:00,131,68,63
2016-06-11 12:00:00,101,67,34
2016-06-11 13:00:00,71,40,31
2016-06-11 14:00:00,62,40,22
2016-06-11 15:00:00,87,46,41
2016-06-11 16:00:00,46,31,15
2016-06-11 17:00:00,36,26,10
2016-06-11 18:00:00,11,6,5
2016-06-11 19:00:00,6,5,1
2016-06-11 20:00:00,8,3,5
2016-06-11 21:00:00,4,3,1
2016-06-11 22:00:00,0,0,0
2016-06-11 23:00:00,1,0,1
2016-06-12 00:00:00,0,0,0
2016-06-12 01:00:00,0,0,0
2016-06-12 02:00:00,0,0,0
2016-06-12 03:00:00,0,0,0
2016-06-12 04:00:00,0,0,0
2016-06-12 05:00:00,4,1,3
2016-06-12 06:00:00,8,1,7
2016-06-12 07:00:00,60,17,43
2016-06-12 08:00:00,76,28,48
2016-06-12 09:00:00,137,63,74
2016-06-12 10:00:00,150,79,71
2016-06-12 11:00:00,172,104,68
2016-06-12 12:00:00,180,100,80
2016-06-12 13:00:00,198,121,77
2016-06-12 14:00:00,174,87,87
2016-06-12 15:00:00,151,89,62
2016-06-12 16:00:00,131,74,57
2016-06-12 17:00:00,86,55,31
2016-06-12 18:00:00,56,36,20
2016-06-12 19:00:00,35,17,18
2016-06-12 20:00:00,11,8,3
2016-06-12 21:00:00,3,3,0
2016-06-12 22:00:00,1,1,0
2016-06-12 23:00:00,1,1,0
2016-06-13 00:00:00,0,0,0
2016-06-13 01:00:00,0,0,0
2016-06-13 02:00:00,1,0,1
2016-06-13 03:00:00,0,0,0
2016-06-13 04:00:00,4,3,1
2016-06-13 05:00:00,12,6,6
2016-06-13 06:00:00,28,18,10
2016-06-13 07:00:00,72,35,37
2016-06-13 08:00:00,60,39,21
2016-06-13 09:00:00,42,22,20
2016-06-13 10:00:00,20,12,8
2016-06-13 11:00:00,16,9,7
2016-06-13 12:00:00,8,4,4
2016-06-13 13:00:00,13,4,9
2016-06-13 14:00:00,17,7,10
2016-06-13 15:00:00,19,4,15
2016-06-13 16:00:00,59,26,33
2016-06-13 17:00:00,97,45,52
2016-06-13 18:00:00,83,44,39
2016-06-13 19:00:00,52,31,21
2016-06-13 20:00:00,20,15,5
2016-06-13 21:00:00,11,6,5
2016-06-13 22:00:00,1,1,0
2016-06-13 23:00:00,1,0,1
2016-06-14 00:00:00,0,0,0
2016-06-14 01:00:00,0,0,0
2016-06-14 02:00:00,0,0,0
2016-06-14 03:00:00,0,0,0
2016-06-14 04:00:00,1,1,0
2016-06-14 05:00:00,9,6,3
2016-06-14 06:00:00,15,7,8
2016-06-14 07:00:00,54,34,20
2016-06-14 08:00:00,59,27,32
2016-06-14 09:00:00,36,19,17
2016-06-14 10:00:00,11,6,5
2016-06-14 11:00:00,9,6,3
2016-06-14 12:00:00,17,4,13
2016-06-14 13:00:00,13,6,7
2016-06-14 14:00:00,5,2,3
2016-06-14 15:00:00,17,9,8
2016-06-14 16:00:00,30,13,17
2016-06-14 17:00:00,75,38,37
2016-06-14 18:00:00,70,30,40
2016-06-14 19:00:00,42,29,13
2016-06-14 20:00:00,12,6,6
2016-06-14 21:00:00,4,1,3
2016-06-14 22:00:00,2,1,1
2016-06-14 23:00:00,2,1,1
2016-06-15 00:00:00,1,0,1
2016-06-15 01:00:00,0,0,0
2016-06-15 02:00:00,0,0,0
2016-06-15 03:00:00,0,0,0
2016-06-15 04:00:00,2,2,0
2016-06-15 05:00:00,14,5,9
2016-06-15 06:00:00,34,27,7
2016-06-15 07:00:00,83,49,34
2016-06-15 08:00:00,61,32,29
2016-06-15 09:00:00,42,17,25
2016-06-15 10:00:00,27,13,14
2016-06-15 11:00:00,26,13,13
2016-06-15 12:00:00,44,15,29
2016-06-15 13:00:00,31,18,13
2016-06-15 14:00:00,30,18,12
2016-06-15 15:00:00,49,21,28
2016-06-15 16:00:00,66,26,40
2016-06-15 17:00:00,136,58,78
2016-06-15 18:00:00,126,80,46
2016-06-15 19:00:00,76,44,32
2016-06-15 20:00:00,29,25,4
2016-06-15 21:00:00,9,9,0
2016-06-15 22:00:00,8,8,0
2016-06-15 23:00:00,3,1,2
2016-06-16 00:00:00,0,0,0
2016-06-16 01:00:00,0,0,0
2016-06-16 02:00:00,1,1,0
2016-06-16 03:00:00,0,0,0
2016-06-16 04:00:00,1,1,0
2016-06-16 05:00:00,14,5,9
2016-06-16 06:00:00,34,21,13
2016-06-16 07:00:00,92,45,47
2016-06-16 08:00:00,77,55,22
2016-06-16 09:00:00,40,30,10
2016-06-16 10:00:00,35,19,16
2016-06-16 11:00:00,33,19,14
2016-06-16 12:00:00,42,26,16
2016-06-16 13:00:00,34,19,15
2016-06-16 14:00:00,36,20,16
2016-06-16 15:00:00,29,15,14
2016-06-16 16:00:00,76,36,40
2016-06-16 17:00:00,130,67,63
2016-06-16 18:00:00,104,62,42
2016-06-16 19:00:00,78,38,40
2016-06-16 20:00:00,29,20,9
2016-06-16 21:00:00,15,9,6
2016-06-16 22:00:00,0,0,0
2016-06-16 23:00:00,1,0,1
2016-06-17 00:00:00,1,1,0
2016-06-17 01:00:00,0,0,0
2016-06-17 02:00:00,0,0,0
2016-06-17 03:00:00,0,0,0
2016-06-17 04:00:00,3,2,1
2016-06-17 05:00:00,6,2,4
2016-06-17 06:00:00,26,18,8
2016-06-17 07:00:00,61,41,20
2016-06-17 08:00:00,67,41,26
2016-06-17 09:00:00,40,26,14
2016-06-17 10:00:00,40,21,19
2016-06-17 11:00:00,47,21,26
2016-06-17 12:00:00,42,21,21
2016-06-17 13:00:00,39,19,20
2016-06-17 14:00:00,44,25,19
2016-06-17 15:00:00,31,9,22
2016-06-17 16:00:00,58,25,33
2016-06-17 17:00:00,69,32,37
2016-06-17 18:00:00,62,34,28
2016-06-17 19:00:00,26,21,5
2016-06-17 20:00:00,7,3,4
2016-06-17 21:00:00,8,7,1
2016-06-17 22:00:00,2,1,1
2016-06-17 23:00:00,0,0,0
2016-06-18 00:00:00,0,0,0
2016-06-18 01:00:00,0,0,0
2016-06-18 02:00:00,0,0,0
2016-06-18 03:00:00,0,0,0
2016-06-18 04:00:00,0,0,0
2016-06-18 05:00:00,2,1,1
2016-06-18 06:00:00,3,1,2
2016-06-18 07:00:00,11,5,6
2016-06-18 08:00:00,19,5,14
2016-06-18 09:00:00,27,12,15
2016-06-18 10:00:00,25,10,15
2016-06-18 11:00:00,29,12,17
2016-06-18 12:00:00,40,27,13
2016-06-18 13:00:00,23,12,11
2016-06-18 14:00:00,33,18,15
2016-06-18 15:00:00,34,25,9
2016-06-18 16:00:00,29,20,9
2016-06-18 17:00:00,28,14,14
2016-06-18 18:00:00,10,3,7
2016-06-18 19:00:00,9,5,4
2016-06-18 20:00:00,6,3,3
2016-06-18 21:00:00,1,0,1
2016-06-18 22:00:00,0,0,0
2016-06-18 23:00:00,1,0,1
2016-06-19 00:00:00,0,0,0
2016-06-19 01:00:00,0,0,0
2016-06-19 02:00:00,0,0,0
2016-06-19 03:00:00,0,0,0
2016-06-19 04:00:00,0,0,0
2016-06-19 05:00:00,1,0,1
2016-06-19 06:00:00,4,2,2
2016-06-19 07:00:00,43,15,28
2016-06-19 08:00:00,110,53,57
2016-06-19 09:00:00,16,6,10
2016-06-19 10:00:00,0,0,0
2016-06-19 11:00:00,0,0,0
2016-06-19 12:00:00,0,0,0
2016-06-19 13:00:00,0,0,0
2016-06-19 14:00:00,0,0,0
2016-06-19 15:00:00,0,0,0
2016-06-19 16:00:00,0,0,0
2016-06-19 17:00:00,0,0,0
2016-06-19 18:00:00,0,0,0
2016-06-19 19:00:00,0,0,0
2016-06-19 20:00:00,0,0,0
2016-06-19 21:00:00,0,0,0
2016-06-19 22:00:00,0,0,0
2016-06-19 23:00:00,0,0,0
2016-06-20 00:00:00,0,0,0
2016-06-20 01:00:00,0,0,0
2016-06-20 02:00:00,0,0,0
2016-06-20 03:00:00,0,0,0
2016-06-20 04:00:00,0,0,0
2016-06-20 05:00:00,0,0,0
2016-06-20 06:00:00,0,0,0
2016-06-20 07:00:00,0,0,0
2016-06-20 08:00:00,0,0,0
2016-06-20 09:00:00,0,0,0
2016-06-20 10:00:00,0,0,0
2016-06-20 11:00:00,0,0,0
2016-06-20 12:00:00,0,0,0
2016-06-20 13:00:00,0,0,0
2016-06-20 14:00:00,0,0,0
2016-06-20 15:00:00,0,0,0
2016-06-20 16:00:00,0,0,0
2016-06-20 17:00:00,0,0,0
2016-06-20 18:00:00,0,0,0
2016-06-20 19:00:00,0,0,0
2016-06-20 20:00:00,0,0,0
2016-06-20 21:00:00,0,0,0
2016-06-20 22:00:00,0,0,0
2016-06-20 23:00:00,0,0,0
2016-06-21 00:00:00,0,0,0
2016-06-21 01:00:00,0,0,0
2016-06-21 02:00:00,0,0,0
2016-06-21 03:00:00,0,0,0
2016-06-21 04:00:00,0,0,0
2016-06-21 05:00:00,0,0,0
2016-06-21 06:00:00,0,0,0
2016-06-21 07:00:00,0,0,0
2016-06-21 08:00:00,0,0,0
2016-06-21 09:00:00,0,0,0
2016-06-21 10:00:00,0,0,0
2016-06-21 11:00:00,0,0,0
2016-06-21 12:00:00,0,0,0
2016-06-21 13:00:00,0,0,0
2016-06-21 14:00:00,0,0,0
2016-06-21 15:00:00,0,0,0
2016-06-21 16:00:00,0,0,0
2016-06-21 17:00:00,0,0,0
2016-06-21 18:00:00,0,0,0
2016-06-21 19:00:00,0,0,0
2016-06-21 20:00:00,0,0,0
2016-06-21 21:00:00,0,0,0
2016-06-21 22:00:00,0,0,0
2016-06-21 23:00:00,0,0,0
2016-06-22 00:00:00,0,0,0
2016-06-22 01:00:00,0,0,0
2016-06-22 02:00:00,0,0,0
2016-06-22 03:00:00,0,0,0
2016-06-22 04:00:00,0,0,0
2016-06-22 05:00:00,0,0,0
2016-06-22 06:00:00,0,0,0
2016-06-22 07:00:00,0,0,0
2016-06-22 08:00:00,0,0,0
2016-06-22 09:00:00,0,0,0
2016-06-22 10:00:00,0,0,0
2016-06-22 11:00:00,0,0,0
2016-06-22 12:00:00,0,0,0
2016-06-22 13:00:00,0,0,0
2016-06-22 14:00:00,0,0,0
2016-06-22 15:00:00,0,0,0
2016-06-22 16:00:00,0,0,0
2016-06-22 17:00:00,0,0,0
2016-06-22 18:00:00,0,0,0
2016-06-22 19:00:00,0,0,0
2016-06-22 20:00:00,0,0,0
2016-06-22 21:00:00,0,0,0
2016-06-22 22:00:00,0,0,0
2016-06-22 23:00:00,0,0,0
2016-06-23 00:00:00,0,0,0
2016-06-23 01:00:00,0,0,0
2016-06-23 02:00:00,0,0,0
2016-06-23 03:00:00,0,0,0
2016-06-23 04:00:00,0,0,0
2016-06-23 05:00:00,0,0,0
2016-06-23 06:00:00,0,0,0
2016-06-23 07:00:00,0,0,0
2016-06-23 08:00:00,0,0,0
2016-06-23 09:00:00,0,0,0
2016-06-23 10:00:00,0,0,0
2016-06-23 11:00:00,0,0,0
2016-06-23 12:00:00,0,0,0
2016-06-23 13:00:00,0,0,0
2016-06-23 14:00:00,0,0,0
2016-06-23 15:00:00,0,0,0
2016-06-23 16:00:00,0,0,0
2016-06-23 17:00:00,0,0,0
2016-06-23 18:00:00,0,0,0
2016-06-23 19:00:00,0,0,0
2016-06-23 20:00:00,0,0,0
2016-06-23 21:00:00,0,0,0
2016-06-23 22:00:00,0,0,0
2016-06-23 23:00:00,0,0,0
2016-06-24 00:00:00,0,0,0
2016-06-24 01:00:00,0,0,0
2016-06-24 02:00:00,0,0,0
2016-06-24 03:00:00,0,0,0
2016-06-24 04:00:00,0,0,0
2016-06-24 05:00:00,0,0,0
2016-06-24 06:00:00,0,0,0
2016-06-24 07:00:00,0,0,0
2016-06-24 08:00:00,0,0,0
2016-06-24 09:00:00,0,0,0
2016-06-24 10:00:00,0,0,0
2016-06-24 11:00:00,0,0,0
2016-06-24 12:00:00,0,0,0
2016-06-24 13:00:00,0,0,0
2016-06-24 14:00:00,0,0,0
2016-06-24 15:00:00,0,0,0
2016-06-24 16:00:00,0,0,0
2016-06-24 17:00:00,0,0,0
2016-06-24 18:00:00,0,0,0
2016-06-24 19:00:00,0,0,0
2016-06-24 20:00:00,0,0,0
2016-06-24 21:00:00,0,0,0
2016-06-24 22:00:00,0,0,0
2016-06-24 23:00:00,0,0,0
2016-06-25 00:00:00,0,0,0
2016-06-25 01:00:00,0,0,0
2016-06-25 02:00:00,0,0,0
2016-06-25 03:00:00,0,0,0
2016-06-25 04:00:00,0,0,0
2016-06-25 05:00:00,0,0,0
2016-06-25 06:00:00,0,0,0
2016-06-25 07:00:00,0,0,0
2016-06-25 08:00:00,0,0,0
2016-06-25 09:00:00,0,0,0
2016-06-25 10:00:00,0,0,0
2016-06-25 11:00:00,0,0,0
2016-06-25 12:00:00,0,0,0
2016-06-25 13:00:00,0,0,0
2016-06-25 14:00:00,0,0,0
2016-06-25 15:00:00,0,0,0
2016-06-25 16:00:00,0,0,0
2016-06-25 17:00:00,0,0,0
2016-06-25 18:00:00,0,0,0
2016-06-25 19:00:00,0,0,0
2016-06-25 20:00:00,0,0,0
2016-06-25 21:00:00,0,0,0
2016-06-25 22:00:00,0,0,0
2016-06-25 23:00:00,0,0,0
2016-06-26 00:00:00,0,0,0
2016-06-26 01:00:00,0,0,0
2016-06-26 02:00:00,0,0,0
2016-06-26 03:00:00,0,0,0
2016-06-26 04:00:00,0,0,0
2016-06-26 05:00:00,0,0,0
2016-06-26 06:00:00,0,0,0
2016-06-26 07:00:00,0,0,0
2016-06-26 08:00:00,0,0,0
2016-06-26 09:00:00,0,0,0
2016-06-26 10:00:00,0,0,0
2016-06-26 11:00:00,0,0,0
2016-06-26 12:00:00,0,0,0
2016-06-26 13:00:00,0,0,0
2016-06-26 14:00:00,0,0,0
2016-06-26 15:00:00,0,0,0
2016-06-26 16:00:00,0,0,0
2016-06-26 17:00:00,0,0,0
2016-06-26 18:00:00,0,0,0
2016-06-26 19:00:00,0,0,0
2016-06-26 20:00:00,0,0,0
2016-06-26 21:00:00,0,0,0
2016-06-26 22:00:00,0,0,0
2016-06-26 23:00:00,0,0,0
2016-06-27 00:00:00,0,0,0
2016-06-27 01:00:00,0,0,0
2016-06-27 02:00:00,0,0,0
2016-06-27 03:00:00,0,0,0
2016-06-27 04:00:00,0,0,0
2016-06-27 05:00:00,0,0,0
2016-06-27 06:00:00,0,0,0
2016-06-27 07:00:00,0,0,0
2016-06-27 08:00:00,0,0,0
2016-06-27 09:00:00,0,0,0
2016-06-27 10:00:00,0,0,0
2016-06-27 11:00:00,0,0,0
2016-06-27 12:00:00,0,0,0
2016-06-27 13:00:00,0,0,0
2016-06-27 14:00:00,0,0,0
2016-06-27 15:00:00,0,0,0
2016-06-27 16:00:00,0,0,0
2016-06-27 17:00:00,0,0,0
2016-06-27 18:00:00,0,0,0
2016-06-27 19:00:00,0,0,0
2016-06-27 20:00:00,0,0,0
2016-06-27 21:00:00,0,0,0
2016-06-27 22:00:00,0,0,0
2016-06-27 23:00:00,0,0,0
2016-06-28 00:00:00,0,0,0
2016-06-28 01:00:00,0,0,0
2016-06-28 02:00:00,0,0,0
2016-06-28 03:00:00,0,0,0
2016-06-28 04:00:00,0,0,0
2016-06-28 05:00:00,0,0,0
2016-06-28 06:00:00,0,0,0
2016-06-28 07:00:00,0,0,0
2016-06-28 08:00:00,0,0,0
2016-06-28 09:00:00,0,0,0
2016-06-28 10:00:00,0,0,0
2016-06-28 11:00:00,0,0,0
2016-06-28 12:00:00,0,0,0
2016-06-28 13:00:00,0,0,0
2016-06-28 14:00:00,0,0,0
2016-06-28 15:00:00,0,0,0
2016-06-28 16:00:00,0,0,0
2016-06-28 17:00:00,0,0,0
2016-06-28 18:00:00,0,0,0
2016-06-28 19:00:00,0,0,0
2016-06-28 20:00:00,0,0,0
2016-06-28 21:00:00,0,0,0
2016-06-28 22:00:00,0,0,0
2016-06-28 23:00:00,0,0,0
2016-06-29 00:00:00,0,0,0
2016-06-29 01:00:00,0,0,0
2016-06-29 02:00:00,0,0,0
2016-06-29 03:00:00,0,0,0
2016-06-29 04:00:00,0,0,0
2016-06-29 05:00:00,0,0,0
2016-06-29 06:00:00,0,0,0
2016-06-29 07:00:00,0,0,0
2016-06-29 08:00:00,0,0,0
2016-06-29 09:00:00,0,0,0
2016-06-29 10:00:00,0,0,0
2016-06-29 11:00:00,0,0,0
2016-06-29 12:00:00,0,0,0
2016-06-29 13:00:00,0,0,0
2016-06-29 14:00:00,0,0,0
2016-06-29 15:00:00,0,0,0
2016-06-29 16:00:00,0,0,0
2016-06-29 17:00:00,0,0,0
2016-06-29 18:00:00,0,0,0
2016-06-29 19:00:00,0,0,0
2016-06-29 20:00:00,0,0,0
2016-06-29 21:00:00,0,0,0
2016-06-29 22:00:00,0,0,0
2016-06-29 23:00:00,0,0,0
2016-06-30 00:00:00,0,0,0
2016-06-30 01:00:00,0,0,0
2016-06-30 02:00:00,0,0,0
2016-06-30 03:00:00,0,0,0
2016-06-30 04:00:00,0,0,0
2016-06-30 05:00:00,0,0,0
2016-06-30 06:00:00,0,0,0
2016-06-30 07:00:00,0,0,0
2016-06-30 08:00:00,0,0,0
2016-06-30 09:00:00,0,0,0
2016-06-30 10:00:00,0,0,0
2016-06-30 11:00:00,0,0,0
2016-06-30 12:00:00,0,0,0
2016-06-30 13:00:00,0,0,0
2016-06-30 14:00:00,0,0,0
2016-06-30 15:00:00,0,0,0
2016-06-30 16:00:00,0,0,0
2016-06-30 17:00:00,0,0,0
2016-06-30 18:00:00,0,0,0
2016-06-30 19:00:00,0,0,0
2016-06-30 20:00:00,0,0,0
2016-06-30 21:00:00,0,0,0
2016-06-30 22:00:00,0,0,0
2016-06-30 23:00:00,0,0,0
2016-07-01 00:00:00,0,0,0
2016-07-01 01:00:00,0,0,0
2016-07-01 02:00:00,0,0,0
2016-07-01 03:00:00,0,0,0
2016-07-01 04:00:00,0,0,0
2016-07-01 05:00:00,0,0,0
2016-07-01 06:00:00,0,0,0
2016-07-01 07:00:00,0,0,0
2016-07-01 08:00:00,0,0,0
2016-07-01 09:00:00,0,0,0
2016-07-01 10:00:00,0,0,0
2016-07-01 11:00:00,0,0,0
2016-07-01 12:00:00,0,0,0
2016-07-01 13:00:00,0,0,0
2016-07-01 14:00:00,0,0,0
2016-07-01 15:00:00,0,0,0
2016-07-01 16:00:00,0,0,0
2016-07-01 17:00:00,0,0,0
2016-07-01 18:00:00,0,0,0
2016-07-01 19:00:00,0,0,0
2016-07-01 20:00:00,0,0,0
2016-07-01 21:00:00,0,0,0
2016-07-01 22:00:00,0,0,0
2016-07-01 23:00:00,0,0,0
2016-07-02 00:00:00,0,0,0
2016-07-02 01:00:00,0,0,0
2016-07-02 02:00:00,0,0,0
2016-07-02 03:00:00,0,0,0
2016-07-02 04:00:00,0,0,0
2016-07-02 05:00:00,0,0,0
2016-07-02 06:00:00,0,0,0
2016-07-02 07:00:00,0,0,0
2016-07-02 08:00:00,0,0,0
2016-07-02 09:00:00,0,0,0
2016-07-02 10:00:00,0,0,0
2016-07-02 11:00:00,0,0,0
2016-07-02 12:00:00,0,0,0
2016-07-02 13:00:00,0,0,0
2016-07-02 14:00:00,0,0,0
2016-07-02 15:00:00,0,0,0
2016-07-02 16:00:00,0,0,0
2016-07-02 17:00:00,0,0,0
2016-07-02 18:00:00,0,0,0
2016-07-02 19:00:00,0,0,0
2016-07-02 20:00:00,0,0,0
2016-07-02 21:00:00,0,0,0
2016-07-02 22:00:00,0,0,0
2016-07-02 23:00:00,0,0,0
2016-07-03 00:00:00,0,0,0
2016-07-03 01:00:00,0,0,0
2016-07-03 02:00:00,0,0,0
2016-07-03 03:00:00,0,0,0
2016-07-03 04:00:00,0,0,0
2016-07-03 05:00:00,0,0,0
2016-07-03 06:00:00,0,0,0
2016-07-03 07:00:00,0,0,0
2016-07-03 08:00:00,0,0,0
2016-07-03 09:00:00,0,0,0
2016-07-03 10:00:00,0,0,0
2016-07-03 11:00:00,0,0,0
2016-07-03 12:00:00,0,0,0
2016-07-03 13:00:00,0,0,0
2016-07-03 14:00:00,0,0,0
2016-07-03 15:00:00,0,0,0
2016-07-03 16:00:00,0,0,0
2016-07-03 17:00:00,0,0,0
2016-07-03 18:00:00,0,0,0
2016-07-03 19:00:00,0,0,0
2016-07-03 20:00:00,0,0,0
2016-07-03 21:00:00,0,0,0
2016-07-03 22:00:00,0,0,0
2016-07-03 23:00:00,0,0,0
2016-07-04 00:00:00,0,0,0
2016-07-04 01:00:00,0,0,0
2016-07-04 02:00:00,0,0,0
2016-07-04 03:00:00,0,0,0
2016-07-04 04:00:00,0,0,0
2016-07-04 05:00:00,0,0,0
2016-07-04 06:00:00,0,0,0
2016-07-04 07:00:00,0,0,0
2016-07-04 08:00:00,0,0,0
2016-07-04 09:00:00,0,0,0
2016-07-04 10:00:00,0,0,0
2016-07-04 11:00:00,0,0,0
2016-07-04 12:00:00,0,0,0
2016-07-04 13:00:00,0,0,0
2016-07-04 14:00:00,0,0,0
2016-07-04 15:00:00,0,0,0
2016-07-04 16:00:00,0,0,0
2016-07-04 17:00:00,0,0,0
2016-07-04 18:00:00,0,0,0
2016-07-04 19:00:00,0,0,0
2016-07-04 20:00:00,0,0,0
2016-07-04 21:00:00,0,0,0
2016-07-04 22:00:00,0,0,0
2016-07-04 23:00:00,0,0,0
2016-07-05 00:00:00,0,0,0
2016-07-05 01:00:00,0,0,0
2016-07-05 02:00:00,0,0,0
2016-07-05 03:00:00,0,0,0
2016-07-05 04:00:00,0,0,0
2016-07-05 05:00:00,0,0,0
2016-07-05 06:00:00,0,0,0
2016-07-05 07:00:00,0,0,0
2016-07-05 08:00:00,0,0,0
2016-07-05 09:00:00,0,0,0
2016-07-05 10:00:00,0,0,0
2016-07-05 11:00:00,0,0,0
2016-07-05 12:00:00,0,0,0
2016-07-05 13:00:00,0,0,0
2016-07-05 14:00:00,0,0,0
2016-07-05 15:00:00,0,0,0
2016-07-05 16:00:00,0,0,0
2016-07-05 17:00:00,0,0,0
2016-07-05 18:00:00,0,0,0
2016-07-05 19:00:00,0,0,0
2016-07-05 20:00:00,0,0,0
2016-07-05 21:00:00,0,0,0
2016-07-05 22:00:00,0,0,0
2016-07-05 23:00:00,0,0,0
2016-07-06 00:00:00,0,0,0
2016-07-06 01:00:00,0,0,0
2016-07-06 02:00:00,0,0,0
2016-07-06 03:00:00,0,0,0
2016-07-06 04:00:00,0,0,0
2016-07-06 05:00:00,0,0,0
2016-07-06 06:00:00,0,0,0
2016-07-06 07:00:00,0,0,0
2016-07-06 08:00:00,0,0,0
2016-07-06 09:00:00,0,0,0
2016-07-06 10:00:00,0,0,0
2016-07-06 11:00:00,0,0,0
2016-07-06 12:00:00,0,0,0
2016-07-06 13:00:00,0,0,0
2016-07-06 14:00:00,0,0,0
2016-07-06 15:00:00,0,0,0
2016-07-06 16:00:00,0,0,0
2016-07-06 17:00:00,0,0,0
2016-07-06 18:00:00,0,0,0
2016-07-06 19:00:00,0,0,0
2016-07-06 20:00:00,0,0,0
2016-07-06 21:00:00,0,0,0
2016-07-06 22:00:00,0,0,0
2016-07-06 23:00:00,0,0,0
2016-07-07 00:00:00,0,0,0
2016-07-07 01:00:00,0,0,0
2016-07-07 02:00:00,0,0,0
2016-07-07 03:00:00,0,0,0
2016-07-07 04:00:00,0,0,0
2016-07-07 05:00:00,0,0,0
2016-07-07 06:00:00,0,0,0
2016-07-07 07:00:00,0,0,0
2016-07-07 08:00:00,0,0,0
2016-07-07 09:00:00,0,0,0
2016-07-07 10:00:00,0,0,0
2016-07-07 11:00:00,0,0,0
2016-07-07 12:00:00,0,0,0
2016-07-07 13:00:00,0,0,0
2016-07-07 14:00:00,0,0,0
2016-07-07 15:00:00,0,0,0
2016-07-07 16:00:00,0,0,0
2016-07-07 17:00:00,0,0,0
2016-07-07 18:00:00,0,0,0
2016-07-07 19:00:00,0,0,0
2016-07-07 20:00:00,0,0,0
2016-07-07 21:00:00,0,0,0
2016-07-07 22:00:00,0,0,0
2016-07-07 23:00:00,0,0,0
2016-07-08 00:00:00,0,0,0
2016-07-08 01:00:00,0,0,0
2016-07-08 02:00:00,0,0,0
2016-07-08 03:00:00,0,0,0
2016-07-08 04:00:00,0,0,0
2016-07-08 05:00:00,0,0,0
2016-07-08 06:00:00,0,0,0
2016-07-08 07:00:00,0,0,0
2016-07-08 08:00:00,0,0,0
2016-07-08 09:00:00,0,0,0
2016-07-08 10:00:00,0,0,0
2016-07-08 11:00:00,0,0,0
2016-07-08 12:00:00,0,0,0
2016-07-08 13:00:00,0,0,0
2016-07-08 14:00:00,0,0,0
2016-07-08 15:00:00,0,0,0
2016-07-08 16:00:00,0,0,0
2016-07-08 17:00:00,0,0,0
2016-07-08 18:00:00,0,0,0
2016-07-08 19:00:00,0,0,0
2016-07-08 20:00:00,0,0,0
2016-07-08 21:00:00,0,0,0
2016-07-08 22:00:00,0,0,0
2016-07-08 23:00:00,0,0,0
2016-07-09 00:00:00,0,0,0
2016-07-09 01:00:00,0,0,0
2016-07-09 02:00:00,0,0,0
2016-07-09 03:00:00,0,0,0
2016-07-09 04:00:00,0,0,0
2016-07-09 05:00:00,0,0,0
2016-07-09 06:00:00,0,0,0
2016-07-09 07:00:00,0,0,0
2016-07-09 08:00:00,0,0,0
2016-07-09 09:00:00,0,0,0
2016-07-09 10:00:00,0,0,0
2016-07-09 11:00:00,0,0,0
2016-07-09 12:00:00,0,0,0
2016-07-09 13:00:00,0,0,0
2016-07-09 14:00:00,0,0,0
2016-07-09 15:00:00,0,0,0
2016-07-09 16:00:00,0,0,0
2016-07-09 17:00:00,0,0,0
2016-07-09 18:00:00,0,0,0
2016-07-09 19:00:00,0,0,0
2016-07-09 20:00:00,0,0,0
2016-07-09 21:00:00,0,0,0
2016-07-09 22:00:00,0,0,0
2016-07-09 23:00:00,0,0,0
2016-07-10 00:00:00,0,0,0
2016-07-10 01:00:00,0,0,0
2016-07-10 02:00:00,0,0,0
2016-07-10 03:00:00,0,0,0
2016-07-10 04:00:00,0,0,0
2016-07-10 05:00:00,0,0,0
2016-07-10 06:00:00,0,0,0
2016-07-10 07:00:00,0,0,0
2016-07-10 08:00:00,0,0,0
2016-07-10 09:00:00,0,0,0
2016-07-10 10:00:00,0,0,0
2016-07-10 11:00:00,0,0,0
2016-07-10 12:00:00,0,0,0
2016-07-10 13:00:00,0,0,0
2016-07-10 14:00:00,0,0,0
2016-07-10 15:00:00,0,0,0
2016-07-10 16:00:00,0,0,0
2016-07-10 17:00:00,0,0,0
2016-07-10 18:00:00,0,0,0
2016-07-10 19:00:00,0,0,0
2016-07-10 20:00:00,0,0,0
2016-07-10 21:00:00,0,0,0
2016-07-10 22:00:00,0,0,0
2016-07-10 23:00:00,0,0,0
2016-07-11 00:00:00,0,0,0
2016-07-11 01:00:00,0,0,0
2016-07-11 02:00:00,0,0,0
2016-07-11 03:00:00,0,0,0
2016-07-11 04:00:00,0,0,0
2016-07-11 05:00:00,0,0,0
2016-07-11 06:00:00,0,0,0
2016-07-11 07:00:00,0,0,0
2016-07-11 08:00:00,0,0,0
2016-07-11 09:00:00,0,0,0
2016-07-11 10:00:00,0,0,0
2016-07-11 11:00:00,0,0,0
2016-07-11 12:00:00,0,0,0
2016-07-11 13:00:00,0,0,0
2016-07-11 14:00:00,0,0,0
2016-07-11 15:00:00,0,0,0
2016-07-11 16:00:00,0,0,0
2016-07-11 17:00:00,0,0,0
2016-07-11 18:00:00,0,0,0
2016-07-11 19:00:00,0,0,0
2016-07-11 20:00:00,0,0,0
2016-07-11 21:00:00,0,0,0
2016-07-11 22:00:00,0,0,0
2016-07-11 23:00:00,0,0,0
2016-07-12 00:00:00,0,0,0
2016-07-12 01:00:00,0,0,0
2016-07-12 02:00:00,0,0,0
2016-07-12 03:00:00,0,0,0
2016-07-12 04:00:00,0,0,0
2016-07-12 05:00:00,0,0,0
2016-07-12 06:00:00,0,0,0
2016-07-12 07:00:00,0,0,0
2016-07-12 08:00:00,0,0,0
2016-07-12 09:00:00,0,0,0
2016-07-12 10:00:00,0,0,0
2016-07-12 11:00:00,0,0,0
2016-07-12 12:00:00,0,0,0
2016-07-12 13:00:00,0,0,0
2016-07-12 14:00:00,0,0,0
2016-07-12 15:00:00,0,0,0
2016-07-12 16:00:00,0,0,0
2016-07-12 17:00:00,0,0,0
2016-07-12 18:00:00,0,0,0
2016-07-12 19:00:00,0,0,0
2016-07-12 20:00:00,0,0,0
2016-07-12 21:00:00,0,0,0
2016-07-12 22:00:00,0,0,0
2016-07-12 23:00:00,0,0,0
2016-07-13 00:00:00,0,0,0
2016-07-13 01:00:00,0,0,0
2016-07-13 02:00:00,0,0,0
2016-07-13 03:00:00,0,0,0
2016-07-13 04:00:00,0,0,0
2016-07-13 05:00:00,0,0,0
2016-07-13 06:00:00,0,0,0
2016-07-13 07:00:00,0,0,0
2016-07-13 08:00:00,0,0,0
2016-07-13 09:00:00,0,0,0
2016-07-13 10:00:00,0,0,0
2016-07-13 11:00:00,0,0,0
2016-07-13 12:00:00,0,0,0
2016-07-13 13:00:00,0,0,0
2016-07-13 14:00:00,0,0,0
2016-07-13 15:00:00,0,0,0
2016-07-13 16:00:00,0,0,0
2016-07-13 17:00:00,0,0,0
2016-07-13 18:00:00,0,0,0
2016-07-13 19:00:00,0,0,0
2016-07-13 20:00:00,0,0,0
2016-07-13 21:00:00,0,0,0
2016-07-13 22:00:00,0,0,0
2016-07-13 23:00:00,0,0,0
2016-07-14 00:00:00,0,0,0
2016-07-14 01:00:00,0,0,0
2016-07-14 02:00:00,0,0,0
2016-07-14 03:00:00,0,0,0
2016-07-14 04:00:00,0,0,0
2016-07-14 05:00:00,0,0,0
2016-07-14 06:00:00,0,0,0
2016-07-14 07:00:00,0,0,0
2016-07-14 08:00:00,0,0,0
2016-07-14 09:00:00,0,0,0
2016-07-14 10:00:00,0,0,0
2016-07-14 11:00:00,0,0,0
2016-07-14 12:00:00,0,0,0
2016-07-14 13:00:00,0,0,0
2016-07-14 14:00:00,0,0,0
2016-07-14 15:00:00,0,0,0
2016-07-14 16:00:00,0,0,0
2016-07-14 17:00:00,0,0,0
2016-07-14 18:00:00,0,0,0
2016-07-14 19:00:00,0,0,0
2016-07-14 20:00:00,0,0,0
2016-07-14 21:00:00,0,0,0
2016-07-14 22:00:00,0,0,0
2016-07-14 23:00:00,0,0,0
2016-07-15 00:00:00,0,0,0
2016-07-15 01:00:00,0,0,0
2016-07-15 02:00:00,0,0,0
2016-07-15 03:00:00,0,0,0
2016-07-15 04:00:00,0,0,0
2016-07-15 05:00:00,0,0,0
2016-07-15 06:00:00,0,0,0
2016-07-15 07:00:00,0,0,0
2016-07-15 08:00:00,0,0,0
2016-07-15 09:00:00,0,0,0
2016-07-15 10:00:00,0,0,0
2016-07-15 11:00:00,0,0,0
2016-07-15 12:00:00,0,0,0
2016-07-15 13:00:00,0,0,0
2016-07-15 14:00:00,0,0,0
2016-07-15 15:00:00,0,0,0
2016-07-15 16:00:00,0,0,0
2016-07-15 17:00:00,0,0,0
2016-07-15 18:00:00,0,0,0
2016-07-15 19:00:00,0,0,0
2016-07-15 20:00:00,0,0,0
2016-07-15 21:00:00,0,0,0
2016-07-15 22:00:00,0,0,0
2016-07-15 23:00:00,0,0,0
2016-07-16 00:00:00,0,0,0
2016-07-16 01:00:00,0,0,0
2016-07-16 02:00:00,0,0,0
2016-07-16 03:00:00,0,0,0
2016-07-16 04:00:00,0,0,0
2016-07-16 05:00:00,0,0,0
2016-07-16 06:00:00,0,0,0
2016-07-16 07:00:00,0,0,0
2016-07-16 08:00:00,0,0,0
2016-07-16 09:00:00,0,0,0
2016-07-16 10:00:00,0,0,0
2016-07-16 11:00:00,0,0,0
2016-07-16 12:00:00,0,0,0
2016-07-16 13:00:00,0,0,0
2016-07-16 14:00:00,0,0,0
2016-07-16 15:00:00,0,0,0
2016-07-16 16:00:00,0,0,0
2016-07-16 17:00:00,0,0,0
2016-07-16 18:00:00,0,0,0
2016-07-16 19:00:00,0,0,0
2016-07-16 20:00:00,0,0,0
2016-07-16 21:00:00,0,0,0
2016-07-16 22:00:00,0,0,0
2016-07-16 23:00:00,0,0,0
2016-07-17 00:00:00,0,0,0
2016-07-17 01:00:00,0,0,0
2016-07-17 02:00:00,0,0,0
2016-07-17 03:00:00,0,0,0
2016-07-17 04:00:00,0,0,0
2016-07-17 05:00:00,0,0,0
2016-07-17 06:00:00,0,0,0
2016-07-17 07:00:00,0,0,0
2016-07-17 08:00:00,0,0,0
2016-07-17 09:00:00,0,0,0
2016-07-17 10:00:00,0,0,0
2016-07-17 11:00:00,0,0,0
2016-07-17 12:00:00,0,0,0
2016-07-17 13:00:00,0,0,0
2016-07-17 14:00:00,0,0,0
2016-07-17 15:00:00,0,0,0
2016-07-17 16:00:00,0,0,0
2016-07-17 17:00:00,0,0,0
2016-07-17 18:00:00,0,0,0
2016-07-17 19:00:00,0,0,0
2016-07-17 20:00:00,0,0,0
2016-07-17 21:00:00,0,0,0
2016-07-17 22:00:00,0,0,0
2016-07-17 23:00:00,0,0,0
2016-07-18 00:00:00,0,0,0
2016-07-18 01:00:00,0,0,0
2016-07-18 02:00:00,0,0,0
2016-07-18 03:00:00,0,0,0
2016-07-18 04:00:00,0,0,0
2016-07-18 05:00:00,0,0,0
2016-07-18 06:00:00,0,0,0
2016-07-18 07:00:00,0,0,0
2016-07-18 08:00:00,0,0,0
2016-07-18 09:00:00,0,0,0
2016-07-18 10:00:00,0,0,0
2016-07-18 11:00:00,0,0,0
2016-07-18 12:00:00,0,0,0
2016-07-18 13:00:00,0,0,0
2016-07-18 14:00:00,0,0,0
2016-07-18 15:00:00,0,0,0
2016-07-18 16:00:00,0,0,0
2016-07-18 17:00:00,0,0,0
2016-07-18 18:00:00,0,0,0
2016-07-18 19:00:00,0,0,0
2016-07-18 20:00:00,0,0,0
2016-07-18 21:00:00,0,0,0
2016-07-18 22:00:00,0,0,0
2016-07-18 23:00:00,0,0,0
2016-07-19 00:00:00,0,0,0
2016-07-19 01:00:00,0,0,0
2016-07-19 02:00:00,0,0,0
2016-07-19 03:00:00,0,0,0
2016-07-19 04:00:00,0,0,0
2016-07-19 05:00:00,0,0,0
2016-07-19 06:00:00,0,0,0
2016-07-19 07:00:00,0,0,0
2016-07-19 08:00:00,0,0,0
2016-07-19 09:00:00,0,0,0
2016-07-19 10:00:00,0,0,0
2016-07-19 11:00:00,0,0,0
2016-07-19 12:00:00,0,0,0
2016-07-19 13:00:00,0,0,0
2016-07-19 14:00:00,0,0,0
2016-07-19 15:00:00,0,0,0
2016-07-19 16:00:00,0,0,0
2016-07-19 17:00:00,0,0,0
2016-07-19 18:00:00,0,0,0
2016-07-19 19:00:00,0,0,0
2016-07-19 20:00:00,0,0,0
2016-07-19 21:00:00,0,0,0
2016-07-19 22:00:00,0,0,0
2016-07-19 23:00:00,0,0,0
2016-07-20 00:00:00,0,0,0
2016-07-20 01:00:00,0,0,0
2016-07-20 02:00:00,0,0,0
2016-07-20 03:00:00,0,0,0
2016-07-20 04:00:00,0,0,0
2016-07-20 05:00:00,0,0,0
2016-07-20 06:00:00,0,0,0
2016-07-20 07:00:00,0,0,0
2016-07-20 08:00:00,0,0,0
2016-07-20 09:00:00,0,0,0
2016-07-20 10:00:00,0,0,0
2016-07-20 11:00:00,0,0,0
2016-07-20 12:00:00,0,0,0
2016-07-20 13:00:00,0,0,0
2016-07-20 14:00:00,0,0,0
2016-07-20 15:00:00,0,0,0
2016-07-20 16:00:00,0,0,0
2016-07-20 17:00:00,0,0,0
2016-07-20 18:00:00,0,0,0
2016-07-20 19:00:00,0,0,0
2016-07-20 20:00:00,0,0,0
2016-07-20 21:00:00,0,0,0
2016-07-20 22:00:00,0,0,0
2016-07-20 23:00:00,0,0,0
2016-07-21 00:00:00,0,0,0
2016-07-21 01:00:00,0,0,0
2016-07-21 02:00:00,0,0,0
2016-07-21 03:00:00,0,0,0
2016-07-21 04:00:00,0,0,0
2016-07-21 05:00:00,0,0,0
2016-07-21 06:00:00,0,0,0
2016-07-21 07:00:00,0,0,0
2016-07-21 08:00:00,0,0,0
2016-07-21 09:00:00,0,0,0
2016-07-21 10:00:00,0,0,0
2016-07-21 11:00:00,0,0,0
2016-07-21 12:00:00,0,0,0
2016-07-21 13:00:00,0,0,0
2016-07-21 14:00:00,0,0,0
2016-07-21 15:00:00,0,0,0
2016-07-21 16:00:00,0,0,0
2016-07-21 17:00:00,0,0,0
2016-07-21 18:00:00,0,0,0
2016-07-21 19:00:00,0,0,0
2016-07-21 20:00:00,0,0,0
2016-07-21 21:00:00,0,0,0
2016-07-21 22:00:00,0,0,0
2016-07-21 23:00:00,0,0,0
2016-07-22 00:00:00,0,0,0
2016-07-22 01:00:00,0,0,0
2016-07-22 02:00:00,0,0,0
2016-07-22 03:00:00,0,0,0
2016-07-22 04:00:00,0,0,0
2016-07-22 05:00:00,0,0,0
2016-07-22 06:00:00,0,0,0
2016-07-22 07:00:00,0,0,0
2016-07-22 08:00:00,0,0,0
2016-07-22 09:00:00,0,0,0
2016-07-22 10:00:00,0,0,0
2016-07-22 11:00:00,0,0,0
2016-07-22 12:00:00,0,0,0
2016-07-22 13:00:00,0,0,0
2016-07-22 14:00:00,0,0,0
2016-07-22 15:00:00,0,0,0
2016-07-22 16:00:00,0,0,0
2016-07-22 17:00:00,0,0,0
2016-07-22 18:00:00,0,0,0
2016-07-22 19:00:00,0,0,0
2016-07-22 20:00:00,0,0,0
2016-07-22 21:00:00,0,0,0
2016-07-22 22:00:00,0,0,0
2016-07-22 23:00:00,0,0,0
2016-07-23 00:00:00,0,0,0
2016-07-23 01:00:00,0,0,0
2016-07-23 02:00:00,0,0,0
2016-07-23 03:00:00,0,0,0
2016-07-23 04:00:00,0,0,0
2016-07-23 05:00:00,0,0,0
2016-07-23 06:00:00,0,0,0
2016-07-23 07:00:00,0,0,0
2016-07-23 08:00:00,0,0,0
2016-07-23 09:00:00,0,0,0
2016-07-23 10:00:00,0,0,0
2016-07-23 11:00:00,0,0,0
2016-07-23 12:00:00,0,0,0
2016-07-23 13:00:00,0,0,0
2016-07-23 14:00:00,0,0,0
2016-07-23 15:00:00,0,0,0
2016-07-23 16:00:00,0,0,0
2016-07-23 17:00:00,0,0,0
2016-07-23 18:00:00,0,0,0
2016-07-23 19:00:00,0,0,0
2016-07-23 20:00:00,0,0,0
2016-07-23 21:00:00,0,0,0
2016-07-23 22:00:00,0,0,0
2016-07-23 23:00:00,0,0,0
2016-07-24 00:00:00,0,0,0
2016-07-24 01:00:00,0,0,0
2016-07-24 02:00:00,0,0,0
2016-07-24 03:00:00,0,0,0
2016-07-24 04:00:00,0,0,0
2016-07-24 05:00:00,0,0,0
2016-07-24 06:00:00,0,0,0
2016-07-24 07:00:00,0,0,0
2016-07-24 08:00:00,0,0,0
2016-07-24 09:00:00,0,0,0
2016-07-24 10:00:00,0,0,0
2016-07-24 11:00:00,0,0,0
2016-07-24 12:00:00,0,0,0
2016-07-24 13:00:00,0,0,0
2016-07-24 14:00:00,0,0,0
2016-07-24 15:00:00,0,0,0
2016-07-24 16:00:00,0,0,0
2016-07-24 17:00:00,0,0,0
2016-07-24 18:00:00,0,0,0
2016-07-24 19:00:00,0,0,0
2016-07-24 20:00:00,0,0,0
2016-07-24 21:00:00,0,0,0
2016-07-24 22:00:00,0,0,0
2016-07-24 23:00:00,0,0,0
2016-07-25 00:00:00,0,0,0
2016-07-25 01:00:00,0,0,0
2016-07-25 02:00:00,0,0,0
2016-07-25 03:00:00,0,0,0
2016-07-25 04:00:00,0,0,0
2016-07-25 05:00:00,0,0,0
2016-07-25 06:00:00,0,0,0
2016-07-25 07:00:00,0,0,0
2016-07-25 08:00:00,0,0,0
2016-07-25 09:00:00,0,0,0
2016-07-25 10:00:00,0,0,0
2016-07-25 11:00:00,0,0,0
2016-07-25 12:00:00,0,0,0
2016-07-25 13:00:00,0,0,0
2016-07-25 14:00:00,0,0,0
2016-07-25 15:00:00,0,0,0
2016-07-25 16:00:00,0,0,0
2016-07-25 17:00:00,0,0,0
2016-07-25 18:00:00,0,0,0
2016-07-25 19:00:00,0,0,0
2016-07-25 20:00:00,0,0,0
2016-07-25 21:00:00,0,0,0
2016-07-25 22:00:00,0,0,0
2016-07-25 23:00:00,0,0,0
2016-07-26 00:00:00,0,0,0
2016-07-26 01:00:00,0,0,0
2016-07-26 02:00:00,0,0,0
2016-07-26 03:00:00,0,0,0
2016-07-26 04:00:00,0,0,0
2016-07-26 05:00:00,0,0,0
2016-07-26 06:00:00,0,0,0
2016-07-26 07:00:00,0,0,0
2016-07-26 08:00:00,0,0,0
2016-07-26 09:00:00,0,0,0
2016-07-26 10:00:00,0,0,0
2016-07-26 11:00:00,0,0,0
2016-07-26 12:00:00,0,0,0
2016-07-26 13:00:00,0,0,0
2016-07-26 14:00:00,0,0,0
2016-07-26 15:00:00,0,0,0
2016-07-26 16:00:00,0,0,0
2016-07-26 17:00:00,0,0,0
2016-07-26 18:00:00,0,0,0
2016-07-26 19:00:00,0,0,0
2016-07-26 20:00:00,0,0,0
2016-07-26 21:00:00,0,0,0
2016-07-26 22:00:00,0,0,0
2016-07-26 23:00:00,0,0,0
2016-07-27 00:00:00,0,0,0
2016-07-27 01:00:00,0,0,0
2016-07-27 02:00:00,0,0,0
2016-07-27 03:00:00,0,0,0
2016-07-27 04:00:00,0,0,0
2016-07-27 05:00:00,0,0,0
2016-07-27 06:00:00,0,0,0
2016-07-27 07:00:00,0,0,0
2016-07-27 08:00:00,0,0,0
2016-07-27 09:00:00,0,0,0
2016-07-27 10:00:00,0,0,0
2016-07-27 11:00:00,0,0,0
2016-07-27 12:00:00,0,0,0
2016-07-27 13:00:00,0,0,0
2016-07-27 14:00:00,0,0,0
2016-07-27 15:00:00,0,0,0
2016-07-27 16:00:00,0,0,0
2016-07-27 17:00:00,0,0,0
2016-07-27 18:00:00,0,0,0
2016-07-27 19:00:00,0,0,0
2016-07-27 20:00:00,0,0,0
2016-07-27 21:00:00,0,0,0
2016-07-27 22:00:00,0,0,0
2016-07-27 23:00:00,0,0,0
2016-07-28 00:00:00,0,0,0
2016-07-28 01:00:00,0,0,0
2016-07-28 02:00:00,0,0,0
2016-07-28 03:00:00,0,0,0
2016-07-28 04:00:00,0,0,0
2016-07-28 05:00:00,0,0,0
2016-07-28 06:00:00,0,0,0
2016-07-28 07:00:00,0,0,0
2016-07-28 08:00:00,0,0,0
2016-07-28 09:00:00,0,0,0
2016-07-28 10:00:00,0,0,0
2016-07-28 11:00:00,0,0,0
2016-07-28 12:00:00,0,0,0
2016-07-28 13:00:00,0,0,0
2016-07-28 14:00:00,0,0,0
2016-07-28 15:00:00,0,0,0
2016-07-28 16:00:00,0,0,0
2016-07-28 17:00:00,0,0,0
2016-07-28 18:00:00,0,0,0
2016-07-28 19:00:00,0,0,0
2016-07-28 20:00:00,0,0,0
2016-07-28 21:00:00,0,0,0
2016-07-28 22:00:00,0,0,0
2016-07-28 23:00:00,0,0,0
2016-07-29 00:00:00,0,0,0
2016-07-29 01:00:00,0,0,0
2016-07-29 02:00:00,0,0,0
2016-07-29 03:00:00,0,0,0
2016-07-29 04:00:00,0,0,0
2016-07-29 05:00:00,0,0,0
2016-07-29 06:00:00,0,0,0
2016-07-29 07:00:00,0,0,0
2016-07-29 08:00:00,0,0,0
2016-07-29 09:00:00,0,0,0
2016-07-29 10:00:00,0,0,0
2016-07-29 11:00:00,0,0,0
2016-07-29 12:00:00,0,0,0
2016-07-29 13:00:00,0,0,0
2016-07-29 14:00:00,0,0,0
2016-07-29 15:00:00,0,0,0
2016-07-29 16:00:00,0,0,0
2016-07-29 17:00:00,0,0,0
2016-07-29 18:00:00,0,0,0
2016-07-29 19:00:00,0,0,0
2016-07-29 20:00:00,0,0,0
2016-07-29 21:00:00,0,0,0
2016-07-29 22:00:00,0,0,0
2016-07-29 23:00:00,0,0,0
2016-07-30 00:00:00,0,0,0
2016-07-30 01:00:00,0,0,0
2016-07-30 02:00:00,0,0,0
2016-07-30 03:00:00,0,0,0
2016-07-30 04:00:00,0,0,0
2016-07-30 05:00:00,0,0,0
2016-07-30 06:00:00,0,0,0
2016-07-30 07:00:00,0,0,0
2016-07-30 08:00:00,0,0,0
2016-07-30 09:00:00,0,0,0
2016-07-30 10:00:00,0,0,0
2016-07-30 11:00:00,0,0,0
2016-07-30 12:00:00,0,0,0
2016-07-30 13:00:00,0,0,0
2016-07-30 14:00:00,0,0,0
2016-07-30 15:00:00,0,0,0
2016-07-30 16:00:00,0,0,0
2016-07-30 17:00:00,0,0,0
2016-07-30 18:00:00,0,0,0
2016-07-30 19:00:00,0,0,0
2016-07-30 20:00:00,0,0,0
2016-07-30 21:00:00,0,0,0
2016-07-30 22:00:00,0,0,0
2016-07-30 23:00:00,0,0,0
2016-07-31 00:00:00,0,0,0
2016-07-31 01:00:00,0,0,0
2016-07-31 02:00:00,0,0,0
2016-07-31 03:00:00,0,0,0
2016-07-31 04:00:00,0,0,0
2016-07-31 05:00:00,0,0,0
2016-07-31 06:00:00,0,0,0
2016-07-31 07:00:00,0,0,0
2016-07-31 08:00:00,0,0,0
2016-07-31 09:00:00,0,0,0
2016-07-31 10:00:00,0,0,0
2016-07-31 11:00:00,0,0,0
2016-07-31 12:00:00,0,0,0
2016-07-31 13:00:00,0,0,0
2016-07-31 14:00:00,0,0,0
2016-07-31 15:00:00,0,0,0
2016-07-31 16:00:00,0,0,0
2016-07-31 17:00:00,0,0,0
2016-07-31 18:00:00,0,0,0
2016-07-31 19:00:00,0,0,0
2016-07-31 20:00:00,0,0,0
2016-07-31 21:00:00,0,0,0
2016-07-31 22:00:00,0,0,0
2016-07-31 23:00:00,0,0,0
2016-08-01 00:00:00,0,0,0
2016-08-01 01:00:00,0,0,0
2016-08-01 02:00:00,0,0,0
2016-08-01 03:00:00,0,0,0
2016-08-01 04:00:00,0,0,0
2016-08-01 05:00:00,0,0,0
2016-08-01 06:00:00,0,0,0
2016-08-01 07:00:00,0,0,0
2016-08-01 08:00:00,0,0,0
2016-08-01 09:00:00,0,0,0
2016-08-01 10:00:00,0,0,0
2016-08-01 11:00:00,0,0,0
2016-08-01 12:00:00,0,0,0
2016-08-01 13:00:00,0,0,0
2016-08-01 14:00:00,0,0,0
2016-08-01 15:00:00,0,0,0
2016-08-01 16:00:00,0,0,0
2016-08-01 17:00:00,0,0,0
2016-08-01 18:00:00,0,0,0
2016-08-01 19:00:00,0,0,0
2016-08-01 20:00:00,0,0,0
2016-08-01 21:00:00,0,0,0
2016-08-01 22:00:00,0,0,0
2016-08-01 23:00:00,0,0,0
2016-08-02 00:00:00,0,0,0
2016-08-02 01:00:00,0,0,0
2016-08-02 02:00:00,0,0,0
2016-08-02 03:00:00,0,0,0
2016-08-02 04:00:00,0,0,0
2016-08-02 05:00:00,0,0,0
2016-08-02 06:00:00,0,0,0
2016-08-02 07:00:00,0,0,0
2016-08-02 08:00:00,0,0,0
2016-08-02 09:00:00,0,0,0
2016-08-02 10:00:00,0,0,0
2016-08-02 11:00:00,0,0,0
2016-08-02 12:00:00,0,0,0
2016-08-02 13:00:00,0,0,0
2016-08-02 14:00:00,0,0,0
2016-08-02 15:00:00,0,0,0
2016-08-02 16:00:00,0,0,0
2016-08-02 17:00:00,0,0,0
2016-08-02 18:00:00,0,0,0
2016-08-02 19:00:00,0,0,0
2016-08-02 20:00:00,0,0,0
2016-08-02 21:00:00,0,0,0
2016-08-02 22:00:00,0,0,0
2016-08-02 23:00:00,0,0,0
2016-08-03 00:00:00,0,0,0
2016-08-03 01:00:00,0,0,0
2016-08-03 02:00:00,0,0,0
2016-08-03 03:00:00,0,0,0
2016-08-03 04:00:00,0,0,0
2016-08-03 05:00:00,0,0,0
2016-08-03 06:00:00,0,0,0
2016-08-03 07:00:00,0,0,0
2016-08-03 08:00:00,0,0,0
2016-08-03 09:00:00,0,0,0
2016-08-03 10:00:00,0,0,0
2016-08-03 11:00:00,0,0,0
2016-08-03 12:00:00,0,0,0
2016-08-03 13:00:00,0,0,0
2016-08-03 14:00:00,0,0,0
2016-08-03 15:00:00,0,0,0
2016-08-03 16:00:00,0,0,0
2016-08-03 17:00:00,0,0,0
2016-08-03 18:00:00,0,0,0
2016-08-03 19:00:00,0,0,0
2016-08-03 20:00:00,0,0,0
2016-08-03 21:00:00,0,0,0
2016-08-03 22:00:00,0,0,0
2016-08-03 23:00:00,0,0,0
2016-08-04 00:00:00,0,0,0
2016-08-04 01:00:00,0,0,0
2016-08-04 02:00:00,0,0,0
2016-08-04 03:00:00,0,0,0
2016-08-04 04:00:00,0,0,0
2016-08-04 05:00:00,0,0,0
2016-08-04 06:00:00,0,0,0
2016-08-04 07:00:00,0,0,0
2016-08-04 08:00:00,0,0,0
2016-08-04 09:00:00,0,0,0
2016-08-04 10:00:00,0,0,0
2016-08-04 11:00:00,0,0,0
2016-08-04 12:00:00,0,0,0
2016-08-04 13:00:00,0,0,0
2016-08-04 14:00:00,0,0,0
2016-08-04 15:00:00,0,0,0
2016-08-04 16:00:00,0,0,0
2016-08-04 17:00:00,0,0,0
2016-08-04 18:00:00,0,0,0
2016-08-04 19:00:00,0,0,0
2016-08-04 20:00:00,0,0,0
2016-08-04 21:00:00,0,0,0
2016-08-04 22:00:00,0,0,0
2016-08-04 23:00:00,0,0,0
2016-08-05 00:00:00,0,0,0
2016-08-05 01:00:00,0,0,0
2016-08-05 02:00:00,0,0,0
2016-08-05 03:00:00,0,0,0
2016-08-05 04:00:00,0,0,0
2016-08-05 05:00:00,0,0,0
2016-08-05 06:00:00,0,0,0
2016-08-05 07:00:00,0,0,0
2016-08-05 08:00:00,0,0,0
2016-08-05 09:00:00,34,33,1
2016-08-05 10:00:00,36,30,6
2016-08-05 11:00:00,53,50,3
2016-08-05 12:00:00,81,72,9
2016-08-05 13:00:00,64,52,12
2016-08-05 14:00:00,105,99,6
2016-08-05 15:00:00,61,55,6
2016-08-05 16:00:00,91,81,10
2016-08-05 17:00:00,120,113,7
2016-08-05 18:00:00,82,72,10
2016-08-05 19:00:00,41,35,6
2016-08-05 20:00:00,24,16,8
2016-08-05 21:00:00,8,7,1
2016-08-05 22:00:00,4,3,1
2016-08-05 23:00:00,1,1,0
2016-08-06 00:00:00,2,2,0
2016-08-06 01:00:00,0,0,0
2016-08-06 02:00:00,2,1,1
2016-08-06 03:00:00,0,0,0
2016-08-06 04:00:00,0,0,0
2016-08-06 05:00:00,0,0,0
2016-08-06 06:00:00,12,2,10
2016-08-06 07:00:00,37,23,14
2016-08-06 08:00:00,90,53,37
2016-08-06 09:00:00,89,51,38
2016-08-06 10:00:00,96,63,33
2016-08-06 11:00:00,146,104,42
2016-08-06 12:00:00,139,120,19
2016-08-06 13:00:00,73,60,13
2016-08-06 14:00:00,133,115,18
2016-08-06 15:00:00,106,85,21
2016-08-06 16:00:00,92,68,24
2016-08-06 17:00:00,60,39,21
2016-08-06 18:00:00,46,27,19
2016-08-06 19:00:00,22,11,11
2016-08-06 20:00:00,10,7,3
2016-08-06 21:00:00,8,7,1
2016-08-06 22:00:00,5,3,2
2016-08-06 23:00:00,1,0,1
2016-08-07 00:00:00,0,0,0
2016-08-07 01:00:00,2,1,1
2016-08-07 02:00:00,3,2,1
2016-08-07 03:00:00,0,0,0
2016-08-07 04:00:00,0,0,0
2016-08-07 05:00:00,1,0,1
2016-08-07 06:00:00,8,2,6
2016-08-07 07:00:00,42,27,15
2016-08-07 08:00:00,69,33,36
2016-08-07 09:00:00,84,54,30
2016-08-07 10:00:00,83,63,20
2016-08-07 11:00:00,84,70,14
2016-08-07 12:00:00,107,82,25
2016-08-07 13:00:00,72,48,24
2016-08-07 14:00:00,101,99,2
2016-08-07 15:00:00,68,57,11
2016-08-07 16:00:00,45,37,8
2016-08-07 17:00:00,37,31,6
2016-08-07 18:00:00,24,21,3
2016-08-07 19:00:00,12,10,2
2016-08-07 20:00:00,4,3,1
2016-08-07 21:00:00,3,3,0
2016-08-07 22:00:00,0,0,0
2016-08-07 23:00:00,0,0,0
2016-08-08 00:00:00,3,3,0
2016-08-08 01:00:00,0,0,0
2016-08-08 02:00:00,0,0,0
2016-08-08 03:00:00,0,0,0
2016-08-08 04:00:00,1,1,0
2016-08-08 05:00:00,9,7,2
2016-08-08 06:00:00,31,21,10
2016-08-08 07:00:00,56,32,24
2016-08-08 08:00:00,40,27,13
2016-08-08 09:00:00,37,29,8
2016-08-08 10:00:00,13,5,8
2016-08-08 11:00:00,10,5,5
2016-08-08 12:00:00,14,7,7
2016-08-08 13:00:00,20,9,11
2016-08-08 14:00:00,21,11,10
2016-08-08 15:00:00,25,12,13
2016-08-08 16:00:00,56,26,30
2016-08-08 17:00:00,98,44,54
2016-08-08 18:00:00,83,33,50
2016-08-08 19:00:00,44,16,28
2016-08-08 20:00:00,10,4,6
2016-08-08 21:00:00,7,3,4
2016-08-08 22:00:00,5,1,4
2016-08-08 23:00:00,1,1,0
2016-08-09 00:00:00,0,0,0
2016-08-09 01:00:00,0,0,0
2016-08-09 02:00:00,0,0,0
2016-08-09 03:00:00,0,0,0
2016-08-09 04:00:00,4,1,3
2016-08-09 05:00:00,13,5,8
2016-08-09 06:00:00,43,11,32
2016-08-09 07:00:00,72,22,50
2016-08-09 08:00:00,60,19,41
2016-08-09 09:00:00,29,11,18
2016-08-09 10:00:00,15,6,9
2016-08-09 11:00:00,19,11,8
2016-08-09 12:00:00,21,18,3
2016-08-09 13:00:00,26,23,3
2016-08-09 14:00:00,21,19,2
2016-08-09 15:00:00,30,27,3
2016-08-09 16:00:00,70,70,0
2016-08-09 17:00:00,117,105,12
2016-08-09 18:00:00,105,99,6
2016-08-09 19:00:00,63,55,8
2016-08-09 20:00:00,15,12,3
2016-08-09 21:00:00,7,6,1
2016-08-09 22:00:00,3,3,0
2016-08-09 23:00:00,0,0,0
2016-08-10 00:00:00,0,0,0
2016-08-10 01:00:00,0,0,0
2016-08-10 02:00:00,0,0,0
2016-08-10 03:00:00,0,0,0
2016-08-10 04:00:00,3,3,0
2016-08-10 05:00:00,10,7,3
2016-08-10 06:00:00,34,26,8
2016-08-10 07:00:00,70,46,24
2016-08-10 08:00:00,68,53,15
2016-08-10 09:00:00,48,43,5
2016-08-10 10:00:00,28,25,3
2016-08-10 11:00:00,27,18,9
2016-08-10 12:00:00,29,26,3
2016-08-10 13:00:00,33,32,1
2016-08-10 14:00:00,29,27,2
2016-08-10 15:00:00,35,29,6
2016-08-10 16:00:00,93,88,5
2016-08-10 17:00:00,122,117,5
2016-08-10 18:00:00,136,110,26
2016-08-10 19:00:00,68,61,7
2016-08-10 20:00:00,42,31,11
2016-08-10 21:00:00,12,12,0
2016-08-10 22:00:00,2,0,2
2016-08-10 23:00:00,1,1,0
2016-08-11 00:00:00,0,0,0
2016-08-11 01:00:00,0,0,0
2016-08-11 02:00:00,0,0,0
2016-08-11 03:00:00,1,1,0
2016-08-11 04:00:00,2,2,0
2016-08-11 05:00:00,10,6,4
2016-08-11 06:00:00,40,33,7
2016-08-11 07:00:00,78,72,6
2016-08-11 08:00:00,86,77,9
2016-08-11 09:00:00,35,33,2
2016-08-11 10:00:00,40,35,5
2016-08-11 11:00:00,35,30,5
2016-08-11 12:00:00,31,27,4
2016-08-11 13:00:00,47,39,8
2016-08-11 14:00:00,32,24,8
2016-08-11 15:00:00,50,35,15
2016-08-11 16:00:00,84,69,15
2016-08-11 17:00:00,128,127,1
2016-08-11 18:00:00,102,99,3
2016-08-11 19:00:00,66,57,9
2016-08-11 20:00:00,35,29,6
2016-08-11 21:00:00,8,7,1
2016-08-11 22:00:00,3,2,1
2016-08-11 23:00:00,2,1,1
2016-08-12 00:00:00,0,0,0
2016-08-12 01:00:00,0,0,0
2016-08-12 02:00:00,0,0,0
2016-08-12 03:00:00,0,0,0
2016-08-12 04:00:00,3,2,1
2016-08-12 05:00:00,13,4,9
2016-08-12 06:00:00,32,26,6
2016-08-12 07:00:00,69,61,8
2016-08-12 08:00:00,76,69,7
2016-08-12 09:00:00,35,33,2
2016-08-12 10:00:00,38,37,1
2016-08-12 11:00:00,32,27,5
2016-08-12 12:00:00,41,36,5
2016-08-12 13:00:00,38,30,8
2016-08-12 14:00:00,36,27,9
2016-08-12 15:00:00,49,39,10
2016-08-12 16:00:00,78,62,16
2016-08-12 17:00:00,86,69,17
2016-08-12 18:00:00,67,57,10
2016-08-12 19:00:00,32,30,2
2016-08-12 20:00:00,18,18,0
2016-08-12 21:00:00,3,2,1
2016-08-12 22:00:00,1,1,0
2016-08-12 23:00:00,0,0,0
2016-08-13 00:00:00,0,0,0
2016-08-13 01:00:00,0,0,0
2016-08-13 02:00:00,0,0,0
2016-08-13 03:00:00,2,2,0
2016-08-13 04:00:00,0,0,0
2016-08-13 05:00:00,0,0,0
2016-08-13 06:00:00,10,6,4
2016-08-13 07:00:00,42,40,2
2016-08-13 08:00:00,98,91,7
2016-08-13 09:00:00,140,119,21
2016-08-13 10:00:00,124,106,18
2016-08-13 11:00:00,137,111,26
2016-08-13 12:00:00,105,82,23
2016-08-13 13:00:00,103,74,29
2016-08-13 14:00:00,62,44,18
2016-08-13 15:00:00,61,45,16
2016-08-13 16:00:00,50,35,15
2016-08-13 17:00:00,32,24,8
2016-08-13 18:00:00,24,20,4
2016-08-13 19:00:00,29,29,0
2016-08-13 20:00:00,13,12,1
2016-08-13 21:00:00,5,5,0
2016-08-13 22:00:00,3,3,0
2016-08-13 23:00:00,2,1,1
2016-08-14 00:00:00,2,2,0
2016-08-14 01:00:00,1,0,1
2016-08-14 02:00:00,1,1,0
2016-08-14 03:00:00,0,0,0
2016-08-14 04:00:00,1,0,1
2016-08-14 05:00:00,0,0,0
2016-08-14 06:00:00,10,4,6
2016-08-14 07:00:00,42,41,1
2016-08-14 08:00:00,63,57,6
2016-08-14 09:00:00,109,100,9
2016-08-14 10:00:00,265,252,13
2016-08-14 11:00:00,364,344,20
2016-08-14 12:00:00,142,129,13
2016-08-14 13:00:00,98,79,19
2016-08-14 14:00:00,92,80,12
2016-08-14 15:00:00,76,69,7
2016-08-14 16:00:00,66,59,7
2016-08-14 17:00:00,53,47,6
2016-08-14 18:00:00,37,36,1
2016-08-14 19:00:00,19,18,1
2016-08-14 20:00:00,12,12,0
2016-08-14 21:00:00,3,2,1
2016-08-14 22:00:00,2,2,0
2016-08-14 23:00:00,0,0,0
2016-08-15 00:00:00,5,2,3
2016-08-15 01:00:00,0,0,0
2016-08-15 02:00:00,0,0,0
2016-08-15 03:00:00,0,0,0
2016-08-15 04:00:00,3,3,0
2016-08-15 05:00:00,8,4,4
2016-08-15 06:00:00,37,30,7
2016-08-15 07:00:00,76,75,1
2016-08-15 08:00:00,65,61,4
2016-08-15 09:00:00,41,37,4
2016-08-15 10:00:00,7,7,0
2016-08-15 11:00:00,24,21,3
2016-08-15 12:00:00,13,13,0
2016-08-15 13:00:00,14,12,2
2016-08-15 14:00:00,25,21,4
2016-08-15 15:00:00,43,34,9
2016-08-15 16:00:00,80,65,15
2016-08-15 17:00:00,138,132,6
2016-08-15 18:00:00,98,88,10
2016-08-15 19:00:00,53,43,10
2016-08-15 20:00:00,23,15,8
2016-08-15 21:00:00,8,8,0
2016-08-15 22:00:00,2,2,0
2016-08-15 23:00:00,0,0,0
2016-08-16 00:00:00,1,1,0
2016-08-16 01:00:00,1,0,1
2016-08-16 02:00:00,0,0,0
2016-08-16 03:00:00,0,0,0
2016-08-16 04:00:00,3,3,0
2016-08-16 05:00:00,14,10,4
2016-08-16 06:00:00,46,25,21
2016-08-16 07:00:00,91,81,10
2016-08-16 08:00:00,88,65,23
2016-08-16 09:00:00,37,35,2
2016-08-16 10:00:00,26,23,3
2016-08-16 11:00:00,31,28,3
2016-08-16 12:00:00,20,19,1
2016-08-16 13:00:00,37,33,4
2016-08-16 14:00:00,28,20,8
2016-08-16 15:00:00,48,42,6
2016-08-16 16:00:00,70,63,7
2016-08-16 17:00:00,148,142,6
2016-08-16 18:00:00,146,135,11
2016-08-16 19:00:00,80,70,10
2016-08-16 20:00:00,26,23,3
2016-08-16 21:00:00,16,9,7
2016-08-16 22:00:00,4,3,1
2016-08-16 23:00:00,3,3,0
2016-08-17 00:00:00,0,0,0
2016-08-17 01:00:00,0,0,0
2016-08-17 02:00:00,0,0,0
2016-08-17 03:00:00,0,0,0
2016-08-17 04:00:00,3,3,0
2016-08-17 05:00:00,3,3,0
2016-08-17 06:00:00,18,16,2
2016-08-17 07:00:00,18,17,1
2016-08-17 08:00:00,17,17,0
2016-08-17 09:00:00,18,17,1
2016-08-17 10:00:00,14,14,0
2016-08-17 11:00:00,8,8,0
2016-08-17 12:00:00,15,14,1
2016-08-17 13:00:00,21,21,0
2016-08-17 14:00:00,15,15,0
2016-08-17 15:00:00,30,27,3
2016-08-17 16:00:00,31,27,4
2016-08-17 17:00:00,33,32,1
2016-08-17 18:00:00,38,36,2
2016-08-17 19:00:00,21,21,0
2016-08-17 20:00:00,31,28,3
2016-08-17 21:00:00,8,8,0
2016-08-17 22:00:00,7,6,1
2016-08-17 23:00:00,0,0,0
2016-08-18 00:00:00,1,1,0
2016-08-18 01:00:00,1,1,0
2016-08-18 02:00:00,0,0,0
2016-08-18 03:00:00,0,0,0
2016-08-18 04:00:00,0,0,0
2016-08-18 05:00:00,2,1,1
2016-08-18 06:00:00,9,8,1
2016-08-18 07:00:00,20,18,2
2016-08-18 08:00:00,31,29,2
2016-08-18 09:00:00,19,17,2
2016-08-18 10:00:00,14,14,0
2016-08-18 11:00:00,16,15,1
2016-08-18 12:00:00,20,20,0
2016-08-18 13:00:00,7,7,0
2016-08-18 14:00:00,12,10,2
2016-08-18 15:00:00,24,21,3
2016-08-18 16:00:00,17,16,1
2016-08-18 17:00:00,35,32,3
2016-08-18 18:00:00,31,31,0
2016-08-18 19:00:00,25,22,3
2016-08-18 20:00:00,9,8,1
2016-08-18 21:00:00,8,8,0
2016-08-18 22:00:00,0,0,0
2016-08-18 23:00:00,0,0,0
2016-08-19 00:00:00,0,0,0
2016-08-19 01:00:00,0,0,0
2016-08-19 02:00:00,0,0,0
2016-08-19 03:00:00,7,6,1
2016-08-19 04:00:00,0,0,0
2016-08-19 05:00:00,10,6,4
2016-08-19 06:00:00,27,21,6
2016-08-19 07:00:00,84,78,6
2016-08-19 08:00:00,74,67,7
2016-08-19 09:00:00,45,23,22
2016-08-19 10:00:00,32,16,16
2016-08-19 11:00:00,34,17,17
2016-08-19 12:00:00,28,14,14
2016-08-19 13:00:00,43,23,20
2016-08-19 14:00:00,27,14,13
2016-08-19 15:00:00,24,12,12
2016-08-19 16:00:00,61,31,30
2016-08-19 17:00:00,94,48,46
2016-08-19 18:00:00,54,27,27
2016-08-19 19:00:00,30,12,18
2016-08-19 20:00:00,9,3,6
2016-08-19 21:00:00,1,0,1
2016-08-19 22:00:00,7,3,4
2016-08-19 23:00:00,4,2,2
2016-08-20 00:00:00,0,0,0
2016-08-20 01:00:00,0,0,0
2016-08-20 02:00:00,0,0,0
2016-08-20 03:00:00,0,0,0
2016-08-20 04:00:00,0,0,0
2016-08-20 05:00:00,0,0,0
2016-08-20 06:00:00,12,5,7
2016-08-20 07:00:00,40,24,16
2016-08-20 08:00:00,135,67,68
2016-08-20 09:00:00,168,84,84
2016-08-20 10:00:00,129,65,64
2016-08-20 11:00:00,127,63,64
2016-08-20 12:00:00,104,52,52
2016-08-20 13:00:00,82,43,39
2016-08-20 14:00:00,53,27,26
2016-08-20 15:00:00,47,24,23
2016-08-20 16:00:00,31,16,15
2016-08-20 17:00:00,30,16,14
2016-08-20 18:00:00,25,9,16
2016-08-20 19:00:00,11,5,6
2016-08-20 20:00:00,7,3,4
2016-08-20 21:00:00,1,1,0
2016-08-20 22:00:00,1,1,0
2016-08-20 23:00:00,1,1,0
2016-08-21 00:00:00,2,1,1
2016-08-21 01:00:00,0,0,0
2016-08-21 02:00:00,2,1,1
2016-08-21 03:00:00,0,0,0
2016-08-21 04:00:00,0,0,0
2016-08-21 05:00:00,1,1,0
2016-08-21 06:00:00,10,6,4
2016-08-21 07:00:00,46,28,18
2016-08-21 08:00:00,69,32,37
2016-08-21 09:00:00,95,38,57
2016-08-21 10:00:00,102,47,55
2016-08-21 11:00:00,118,45,73
2016-08-21 12:00:00,110,35,75
2016-08-21 13:00:00,62,30,32
2016-08-21 14:00:00,74,37,37
2016-08-21 15:00:00,81,29,52
2016-08-21 16:00:00,73,25,48
2016-08-21 17:00:00,51,18,33
2016-08-21 18:00:00,33,10,23
2016-08-21 19:00:00,9,4,5
2016-08-21 20:00:00,9,3,6
2016-08-21 21:00:00,6,6,0
2016-08-21 22:00:00,0,0,0
2016-08-21 23:00:00,0,0,0
2016-08-22 00:00:00,1,1,0
2016-08-22 01:00:00,0,0,0
2016-08-22 02:00:00,0,0,0
2016-08-22 03:00:00,0,0,0
2016-08-22 04:00:00,2,1,1
2016-08-22 05:00:00,10,6,4
2016-08-22 06:00:00,43,32,11
2016-08-22 07:00:00,62,42,20
2016-08-22 08:00:00,60,32,28
2016-08-22 09:00:00,44,32,12
2016-08-22 10:00:00,27,25,2
2016-08-22 11:00:00,21,15,6
2016-08-22 12:00:00,32,29,3
2016-08-22 13:00:00,25,21,4
2016-08-22 14:00:00,35,27,8
2016-08-22 15:00:00,47,40,7
2016-08-22 16:00:00,74,63,11
2016-08-22 17:00:00,135,115,20
2016-08-22 18:00:00,113,79,34
2016-08-22 19:00:00,46,31,15
2016-08-22 20:00:00,10,5,5
2016-08-22 21:00:00,11,9,2
2016-08-22 22:00:00,1,1,0
2016-08-22 23:00:00,0,0,0
2016-08-23 00:00:00,0,0,0
2016-08-23 01:00:00,1,0,1
2016-08-23 02:00:00,1,1,0
2016-08-23 03:00:00,0,0,0
2016-08-23 04:00:00,3,3,0
2016-08-23 05:00:00,10,5,5
2016-08-23 06:00:00,52,38,14
2016-08-23 07:00:00,92,70,22
2016-08-23 08:00:00,79,68,11
2016-08-23 09:00:00,34,33,1
2016-08-23 10:00:00,44,41,3
2016-08-23 11:00:00,41,36,5
2016-08-23 12:00:00,34,30,4
2016-08-23 13:00:00,34,29,5
2016-08-23 14:00:00,26,22,4
2016-08-23 15:00:00,48,40,8
2016-08-23 16:00:00,77,72,5
2016-08-23 17:00:00,169,163,6
2016-08-23 18:00:00,121,112,9
2016-08-23 19:00:00,123,100,23
2016-08-23 20:00:00,13,10,3
2016-08-23 21:00:00,6,4,2
2016-08-23 22:00:00,2,0,2
2016-08-23 23:00:00,1,1,0
2016-08-24 00:00:00,0,0,0
2016-08-24 01:00:00,2,1,1
2016-08-24 02:00:00,0,0,0
2016-08-24 03:00:00,0,0,0
2016-08-24 04:00:00,2,2,0
2016-08-24 05:00:00,11,7,4
2016-08-24 06:00:00,52,42,10
2016-08-24 07:00:00,72,60,12
2016-08-24 08:00:00,76,69,7
2016-08-24 09:00:00,51,47,4
2016-08-24 10:00:00,43,38,5
2016-08-24 11:00:00,28,23,5
2016-08-24 12:00:00,47,39,8
2016-08-24 13:00:00,20,15,5
2016-08-24 14:00:00,19,15,4
2016-08-24 15:00:00,46,31,15
2016-08-24 16:00:00,68,50,18
2016-08-24 17:00:00,156,138,18
2016-08-24 18:00:00,143,141,2
2016-08-24 19:00:00,85,81,4
2016-08-24 20:00:00,28,24,4
2016-08-24 21:00:00,4,4,0
2016-08-24 22:00:00,5,4,1
2016-08-24 23:00:00,1,1,0
2016-08-25 00:00:00,0,0,0
2016-08-25 01:00:00,1,0,1
2016-08-25 02:00:00,1,1,0
2016-08-25 03:00:00,0,0,0
2016-08-25 04:00:00,3,3,0
2016-08-25 05:00:00,12,9,3
2016-08-25 06:00:00,37,28,9
2016-08-25 07:00:00,93,80,13
2016-08-25 08:00:00,79,72,7
2016-08-25 09:00:00,55,48,7
2016-08-25 10:00:00,24,22,2
2016-08-25 11:00:00,32,29,3
2016-08-25 12:00:00,21,14,7
2016-08-25 13:00:00,22,15,7
2016-08-25 14:00:00,31,25,6
2016-08-25 15:00:00,44,35,9
2016-08-25 16:00:00,80,53,27
2016-08-25 17:00:00,129,93,36
2016-08-25 18:00:00,122,113,9
2016-08-25 19:00:00,65,62,3
2016-08-25 20:00:00,26,21,5
2016-08-25 21:00:00,11,10,1
2016-08-25 22:00:00,1,1,0
2016-08-25 23:00:00,0,0,0
2016-08-26 00:00:00,1,1,0
2016-08-26 01:00:00,0,0,0
2016-08-26 02:00:00,0,0,0
2016-08-26 03:00:00,0,0,0
2016-08-26 04:00:00,1,1,0
2016-08-26 05:00:00,15,13,2
2016-08-26 06:00:00,41,28,13
2016-08-26 07:00:00,75,66,9
2016-08-26 08:00:00,68,63,5
2016-08-26 09:00:00,42,39,3
2016-08-26 10:00:00,38,33,5
2016-08-26 11:00:00,33,27,6
2016-08-26 12:00:00,21,15,6
2016-08-26 13:00:00,26,18,8
2016-08-26 14:00:00,39,25,14
2016-08-26 15:00:00,42,32,10
2016-08-26 16:00:00,79,51,28
2016-08-26 17:00:00,119,85,34
2016-08-26 18:00:00,61,60,1
2016-08-26 19:00:00,32,25,7
2016-08-26 20:00:00,11,11,0
2016-08-26 21:00:00,2,2,0
2016-08-26 22:00:00,2,2,0
2016-08-26 23:00:00,4,2,2
2016-08-27 00:00:00,0,0,0
2016-08-27 01:00:00,0,0,0
2016-08-27 02:00:00,2,2,0
2016-08-27 03:00:00,0,0,0
2016-08-27 04:00:00,1,0,1
2016-08-27 05:00:00,1,0,1
2016-08-27 06:00:00,6,3,3
2016-08-27 07:00:00,35,15,20
2016-08-27 08:00:00,77,50,27
2016-08-27 09:00:00,98,59,39
2016-08-27 10:00:00,107,77,30
2016-08-27 11:00:00,126,110,16
2016-08-27 12:00:00,86,70,16
2016-08-27 13:00:00,86,72,14
2016-08-30 21:00:00,3,3,0
2016-08-27 14:00:00,70,60,10
2016-08-27 15:00:00,59,48,11
2016-08-27 16:00:00,34,32,2
2016-08-27 17:00:00,35,28,7
2016-08-27 18:00:00,36,30,6
2016-08-27 19:00:00,9,7,2
2016-08-27 20:00:00,2,2,0
2016-08-27 21:00:00,2,2,0
2016-08-27 22:00:00,1,1,0
2016-08-27 23:00:00,3,2,1
2016-08-28 00:00:00,0,0,0
2016-08-28 01:00:00,1,1,0
2016-08-28 02:00:00,0,0,0
2016-08-28 03:00:00,0,0,0
2016-08-28 04:00:00,0,0,0
2016-08-28 05:00:00,0,0,0
2016-08-28 06:00:00,8,3,5
2016-08-28 07:00:00,30,14,16
2016-08-28 08:00:00,82,51,31
2016-08-28 09:00:00,88,70,18
2016-08-28 10:00:00,93,79,14
2016-08-28 11:00:00,98,85,13
2016-08-28 12:00:00,97,77,20
2016-08-28 13:00:00,124,105,19
2016-08-28 14:00:00,82,72,10
2016-08-28 15:00:00,99,82,17
2016-08-28 16:00:00,48,38,10
2016-08-28 17:00:00,33,24,9
2016-08-28 18:00:00,36,29,7
2016-08-28 19:00:00,12,10,2
2016-08-28 20:00:00,8,6,2
2016-08-28 21:00:00,2,2,0
2016-08-28 22:00:00,0,0,0
2016-08-28 23:00:00,0,0,0
2016-08-29 00:00:00,1,0,1
2016-08-29 01:00:00,1,1,0
2016-08-29 02:00:00,1,0,1
2016-08-29 03:00:00,0,0,0
2016-08-29 04:00:00,5,4,1
2016-08-29 05:00:00,9,7,2
2016-08-29 06:00:00,37,21,16
2016-08-29 07:00:00,88,55,33
2016-08-29 08:00:00,74,56,18
2016-08-29 09:00:00,39,24,15
2016-08-29 10:00:00,24,23,1
2016-08-29 11:00:00,17,15,2
2016-08-29 12:00:00,20,18,2
2016-08-29 13:00:00,35,31,4
2016-08-29 14:00:00,40,31,9
2016-08-29 15:00:00,42,26,16
2016-08-29 16:00:00,79,45,34
2016-08-29 17:00:00,151,111,40
2016-08-29 18:00:00,100,77,23
2016-08-29 19:00:00,54,47,7
2016-08-29 20:00:00,15,14,1
2016-08-29 21:00:00,3,3,0
2016-08-29 22:00:00,4,4,0
2016-08-29 23:00:00,0,0,0
2016-08-30 00:00:00,1,1,0
2016-08-30 01:00:00,0,0,0
2016-08-30 02:00:00,0,0,0
2016-08-30 03:00:00,0,0,0
2016-08-30 04:00:00,4,4,0
2016-08-30 05:00:00,10,10,0
2016-08-30 06:00:00,58,53,5
2016-08-30 07:00:00,119,109,10
2016-08-30 08:00:00,72,68,4
2016-08-30 09:00:00,33,25,8
2016-08-30 10:00:00,38,35,3
2016-08-30 11:00:00,21,16,5
2016-08-30 12:00:00,30,25,5
2016-08-30 13:00:00,27,20,7
2016-08-30 14:00:00,40,28,12
2016-08-30 15:00:00,44,34,10
2016-08-30 16:00:00,72,55,17
2016-08-30 17:00:00,156,126,30
2016-08-30 18:00:00,102,89,13
2016-08-30 19:00:00,62,59,3
2016-08-30 20:00:00,19,19,0
2016-08-30 22:00:00,5,5,0
2016-08-30 23:00:00,0,0,0
2016-08-31 00:00:00,1,1,0
2016-08-31 01:00:00,0,0,0
2016-08-31 02:00:00,1,1,0
2016-08-31 03:00:00,0,0,0
2016-08-31 04:00:00,3,3,0
2016-08-31 05:00:00,8,8,0
2016-08-31 06:00:00,21,18,3
2016-08-31 07:00:00,52,52,0
2016-08-31 08:00:00,60,58,2
2016-08-31 09:00:00,37,33,4
2016-08-31 10:00:00,22,19,3
2016-08-31 11:00:00,17,17,0
2016-08-31 12:00:00,7,6,1
2016-08-31 13:00:00,7,6,1
2016-08-31 14:00:00,7,7,0
2016-08-31 15:00:00,16,8,8
2016-08-31 16:00:00,46,24,22
2016-08-31 17:00:00,92,46,46
2016-08-31 18:00:00,91,46,45
2016-08-31 19:00:00,38,19,19
2016-08-31 20:00:00,11,6,5
2016-08-31 21:00:00,2,1,1
2016-08-31 22:00:00,0,0,0
2016-08-31 23:00:00,5,3,2
2016-09-01 00:00:00,2,1,1
2016-09-01 01:00:00,0,0,0
2016-09-01 02:00:00,0,0,0
2016-09-01 03:00:00,0,0,0
2016-09-01 04:00:00,2,1,1
2016-09-01 05:00:00,8,4,4
2016-09-01 06:00:00,23,12,11
2016-09-01 07:00:00,61,31,30
2016-09-01 08:00:00,62,51,11
2016-09-01 09:00:00,24,21,3
2016-09-01 10:00:00,27,19,8
2016-09-01 11:00:00,23,18,5
2016-09-01 12:00:00,26,19,7
2016-09-01 13:00:00,16,11,5
2016-09-01 14:00:00,24,20,4
2016-09-01 15:00:00,26,22,4
2016-09-01 16:00:00,31,26,5
2016-09-01 17:00:00,100,78,22
2016-09-01 18:00:00,84,58,26
2016-09-01 19:00:00,25,17,8
2016-09-01 20:00:00,5,4,1
2016-09-01 21:00:00,3,3,0
2016-09-01 22:00:00,1,0,1
2016-09-01 23:00:00,1,1,0
2016-09-02 00:00:00,1,0,1
2016-09-02 01:00:00,0,0,0
2016-09-02 02:00:00,0,0,0
2016-09-02 03:00:00,1,0,1
2016-09-02 04:00:00,0,0,0
2016-09-02 05:00:00,6,4,2
2016-09-02 06:00:00,19,8,11
2016-09-02 07:00:00,43,26,17
2016-09-02 08:00:00,36,21,15
2016-09-02 09:00:00,18,14,4
2016-09-02 10:00:00,2,1,1
2016-09-02 11:00:00,2,2,0
2016-09-02 12:00:00,4,3,1
2016-09-02 13:00:00,16,10,6
2016-09-02 14:00:00,19,15,4
2016-09-02 15:00:00,29,26,3
2016-09-02 16:00:00,36,28,8
2016-09-02 17:00:00,52,46,6
2016-09-02 18:00:00,42,30,12
2016-09-02 19:00:00,16,11,5
2016-09-02 20:00:00,2,2,0
2016-09-02 21:00:00,1,0,1
2016-09-02 22:00:00,1,1,0
2016-09-02 23:00:00,2,2,0
2016-09-03 00:00:00,1,1,0
2016-09-03 01:00:00,0,0,0
2016-09-03 02:00:00,1,1,0
2016-09-03 03:00:00,0,0,0
2016-09-03 04:00:00,0,0,0
2016-09-03 05:00:00,1,0,1
2016-09-03 06:00:00,1,1,0
2016-09-03 07:00:00,23,13,10
2016-09-03 08:00:00,43,22,21
2016-09-03 09:00:00,51,27,24
2016-09-03 10:00:00,30,23,7
2016-09-03 11:00:00,46,38,8
2016-09-03 12:00:00,28,18,10
2016-09-03 13:00:00,45,34,11
2016-09-03 14:00:00,50,42,8
2016-09-03 15:00:00,70,54,16
2016-09-03 16:00:00,75,63,12
2016-09-03 17:00:00,69,51,18
2016-09-03 18:00:00,41,27,14
2016-09-03 19:00:00,20,9,11
2016-09-03 20:00:00,7,5,2
2016-09-03 21:00:00,0,0,0
2016-09-03 22:00:00,0,0,0
2016-09-03 23:00:00,2,1,1
2016-09-04 00:00:00,0,0,0
2016-09-04 01:00:00,0,0,0
2016-09-04 02:00:00,0,0,0
2016-09-04 03:00:00,0,0,0
2016-09-04 04:00:00,1,1,0
2016-09-04 05:00:00,0,0,0
2016-09-04 06:00:00,3,3,0
2016-09-04 07:00:00,22,6,16
2016-09-04 08:00:00,67,26,41
2016-09-04 09:00:00,93,76,17
2016-09-04 10:00:00,121,106,15
2016-09-04 11:00:00,128,119,9
2016-09-04 12:00:00,94,83,11
2016-09-04 13:00:00,87,62,25
2016-09-04 14:00:00,102,80,22
2016-09-04 15:00:00,82,76,6
2016-09-04 16:00:00,75,68,7
2016-09-04 17:00:00,56,41,15
2016-09-04 18:00:00,31,26,5
2016-09-04 19:00:00,12,11,1
2016-09-04 20:00:00,0,0,0
2016-09-04 21:00:00,0,0,0
2016-09-04 22:00:00,0,0,0
2016-09-04 23:00:00,2,2,0
2016-09-05 00:00:00,0,0,0
2016-09-05 01:00:00,0,0,0
2016-09-05 02:00:00,0,0,0
2016-09-05 03:00:00,0,0,0
2016-09-05 04:00:00,1,0,1
2016-09-05 05:00:00,1,1,0
2016-09-05 06:00:00,1,1,0
2016-09-05 07:00:00,20,8,12
2016-09-05 08:00:00,47,26,21
2016-09-05 09:00:00,59,40,19
2016-09-05 10:00:00,84,59,25
2016-09-05 11:00:00,102,75,27
2016-09-05 12:00:00,102,76,26
2016-09-05 13:00:00,74,66,8
2016-09-05 14:00:00,94,75,19
2016-09-05 15:00:00,88,76,12
2016-09-05 16:00:00,70,62,8
2016-09-05 17:00:00,58,51,7
2016-09-05 18:00:00,21,17,4
2016-09-05 19:00:00,7,6,1
2016-09-05 20:00:00,0,0,0
2016-09-05 21:00:00,1,1,0
2016-09-05 22:00:00,2,2,0
2016-09-05 23:00:00,0,0,0
2016-09-06 00:00:00,0,0,0
2016-09-06 01:00:00,0,0,0
2016-09-06 02:00:00,0,0,0
2016-09-06 03:00:00,0,0,0
2016-09-06 04:00:00,2,2,0
2016-09-06 05:00:00,8,8,0
2016-09-06 06:00:00,17,15,2
2016-09-06 07:00:00,41,27,14
2016-09-06 08:00:00,42,29,13
2016-09-06 09:00:00,28,22,6
2016-09-06 10:00:00,13,11,2
2016-09-06 11:00:00,9,5,4
2016-09-06 12:00:00,16,14,2
2016-09-06 13:00:00,11,7,4
2016-09-06 14:00:00,17,14,3
2016-09-06 15:00:00,15,11,4
2016-09-06 16:00:00,40,36,4
2016-09-06 17:00:00,89,62,27
2016-09-06 18:00:00,73,51,22
2016-09-06 19:00:00,36,22,14
2016-09-06 20:00:00,5,4,1
2016-09-06 21:00:00,2,2,0
2016-09-06 22:00:00,0,0,0
2016-09-06 23:00:00,0,0,0
2016-09-07 00:00:00,1,1,0
2016-09-07 01:00:00,0,0,0
2016-09-07 02:00:00,0,0,0
2016-09-07 03:00:00,0,0,0
2016-09-07 04:00:00,2,2,0
2016-09-07 05:00:00,8,8,0
2016-09-07 06:00:00,35,30,5
2016-09-07 07:00:00,56,42,14
2016-09-07 08:00:00,62,54,8
2016-09-07 09:00:00,26,21,5
2016-09-07 10:00:00,18,13,5
2016-09-07 11:00:00,21,16,5
2016-09-07 12:00:00,18,16,2
2016-09-07 13:00:00,17,15,2
2016-09-07 14:00:00,23,18,5
2016-09-07 15:00:00,21,15,6
2016-09-07 16:00:00,44,33,11
2016-09-07 17:00:00,67,48,19
2016-09-07 18:00:00,59,37,22
2016-09-07 19:00:00,22,11,11
2016-09-07 20:00:00,4,4,0
2016-09-07 21:00:00,2,2,0
2016-09-07 22:00:00,0,0,0
2016-09-07 23:00:00,0,0,0
2016-09-08 00:00:00,0,0,0
2016-09-08 01:00:00,1,1,0
2016-09-08 02:00:00,1,1,0
2016-09-08 03:00:00,0,0,0
2016-09-08 04:00:00,2,2,0
2016-09-08 05:00:00,5,4,1
2016-09-08 06:00:00,36,24,12
2016-09-08 07:00:00,63,41,22
2016-09-08 08:00:00,46,35,11
2016-09-08 09:00:00,30,26,4
2016-09-08 10:00:00,26,24,2
2016-09-08 11:00:00,19,16,3
2016-09-08 12:00:00,19,18,1
2016-09-08 13:00:00,27,25,2
2016-09-08 14:00:00,26,21,5
2016-09-08 15:00:00,30,24,6
2016-09-08 16:00:00,42,38,4
2016-09-08 17:00:00,129,110,19
2016-09-08 18:00:00,96,81,15
2016-09-08 19:00:00,25,20,5
2016-09-08 20:00:00,9,7,2
2016-09-08 21:00:00,4,4,0
2016-09-08 22:00:00,0,0,0
2016-09-08 23:00:00,0,0,0
2016-09-09 00:00:00,1,1,0
2016-09-09 01:00:00,0,0,0
2016-09-09 02:00:00,0,0,0
2016-09-09 03:00:00,0,0,0
2016-09-09 04:00:00,4,4,0
2016-09-09 05:00:00,5,2,3
2016-09-09 06:00:00,30,20,10
2016-09-09 07:00:00,73,48,25
2016-09-09 08:00:00,73,62,11
2016-09-09 09:00:00,30,27,3
2016-09-09 10:00:00,32,27,5
2016-09-09 11:00:00,39,33,6
2016-09-09 12:00:00,34,32,2
2016-09-09 13:00:00,26,23,3
2016-09-09 14:00:00,30,28,2
2016-09-09 15:00:00,46,40,6
2016-09-09 16:00:00,77,71,6
2016-09-09 17:00:00,100,91,9
2016-09-09 18:00:00,85,69,16
2016-09-09 19:00:00,30,28,2
2016-09-09 20:00:00,4,3,1
2016-09-09 21:00:00,2,2,0
2016-09-09 22:00:00,0,0,0
2016-09-09 23:00:00,0,0,0
2016-09-10 00:00:00,0,0,0
2016-09-10 01:00:00,0,0,0
2016-09-10 02:00:00,0,0,0
2016-09-10 03:00:00,0,0,0
2016-09-10 04:00:00,0,0,0
2016-09-10 05:00:00,2,1,1
2016-09-10 06:00:00,9,4,5
2016-09-10 07:00:00,28,20,8
2016-09-10 08:00:00,55,47,8
2016-09-10 09:00:00,80,73,7
2016-09-10 10:00:00,109,97,12
2016-09-10 11:00:00,137,122,15
2016-09-10 12:00:00,138,118,20
2016-09-10 13:00:00,109,96,13
2016-09-10 14:00:00,101,90,11
2016-09-10 15:00:00,78,74,4
2016-09-10 16:00:00,66,61,5
2016-09-10 17:00:00,65,63,2
2016-09-10 18:00:00,28,26,2
2016-09-10 19:00:00,18,16,2
2016-09-10 20:00:00,8,7,1
2016-09-10 21:00:00,1,1,0
2016-09-10 22:00:00,0,0,0
2016-09-10 23:00:00,2,1,1
2016-09-11 00:00:00,0,0,0
2016-09-11 01:00:00,0,0,0
2016-09-11 02:00:00,0,0,0
2016-09-11 03:00:00,1,0,1
2016-09-11 04:00:00,0,0,0
2016-09-11 05:00:00,3,3,0
2016-09-11 06:00:00,1,1,0
2016-09-11 07:00:00,25,9,16
2016-09-11 08:00:00,69,55,14
2016-09-11 09:00:00,103,73,30
2016-09-11 10:00:00,105,88,17
2016-09-11 11:00:00,117,105,12
2016-09-11 12:00:00,73,70,3
2016-09-11 13:00:00,67,50,17
2016-09-11 14:00:00,67,60,7
2016-09-11 15:00:00,83,71,12
2016-09-11 16:00:00,69,52,17
2016-09-11 17:00:00,48,41,7
2016-09-11 18:00:00,40,34,6
2016-09-11 19:00:00,10,8,2
2016-09-11 20:00:00,4,4,0
2016-09-11 21:00:00,2,2,0
2016-09-11 22:00:00,1,1,0
2016-09-11 23:00:00,0,0,0
2016-09-12 00:00:00,0,0,0
2016-09-12 01:00:00,0,0,0
2016-09-12 02:00:00,0,0,0
2016-09-12 03:00:00,0,0,0
2016-09-12 04:00:00,3,3,0
2016-09-12 05:00:00,9,7,2
2016-09-12 06:00:00,36,28,8
2016-09-12 07:00:00,79,63,16
2016-09-12 08:00:00,74,68,6
2016-09-12 09:00:00,35,29,6
2016-09-12 10:00:00,27,27,0
2016-09-12 11:00:00,22,22,0
2016-09-12 12:00:00,30,25,5
2016-09-12 13:00:00,40,33,7
2016-09-12 14:00:00,31,27,4
2016-09-12 15:00:00,55,49,6
2016-09-12 16:00:00,68,63,5
2016-09-12 17:00:00,132,117,15
2016-09-12 18:00:00,121,106,15
2016-09-12 19:00:00,50,38,12
2016-09-12 20:00:00,9,8,1
2016-09-12 21:00:00,1,1,0
2016-09-12 22:00:00,0,0,0
2016-09-12 23:00:00,0,0,0
2016-09-13 00:00:00,1,1,0
2016-09-13 01:00:00,0,0,0
2016-09-13 02:00:00,0,0,0
2016-09-13 03:00:00,2,1,1
2016-09-13 04:00:00,2,2,0
2016-09-13 05:00:00,12,6,6
2016-09-13 06:00:00,42,29,13
2016-09-13 07:00:00,80,62,18
2016-09-13 08:00:00,94,85,9
2016-09-13 09:00:00,40,36,4
2016-09-13 10:00:00,24,22,2
2016-09-13 11:00:00,34,33,1
2016-09-13 12:00:00,40,38,2
2016-09-13 13:00:00,41,37,4
2016-09-13 14:00:00,36,30,6
2016-09-13 15:00:00,55,53,2
2016-09-13 16:00:00,74,63,11
2016-09-13 17:00:00,147,108,39
2016-09-13 18:00:00,127,79,48
2016-09-13 19:00:00,91,59,32
2016-09-13 20:00:00,6,6,0
2016-09-13 21:00:00,3,3,0
2016-09-13 22:00:00,1,0,1
2016-09-13 23:00:00,0,0,0
2016-09-14 00:00:00,1,1,0
2016-09-14 01:00:00,0,0,0
2016-09-14 02:00:00,1,0,1
2016-09-14 03:00:00,1,1,0
2016-09-14 04:00:00,3,2,1
2016-09-14 05:00:00,8,5,3
2016-09-14 06:00:00,41,29,12
2016-09-14 07:00:00,87,59,28
2016-09-14 08:00:00,66,53,13
2016-09-14 09:00:00,31,29,2
2016-09-14 10:00:00,34,30,4
2016-09-14 11:00:00,25,20,5
2016-09-14 12:00:00,29,26,3
2016-09-14 13:00:00,28,28,0
2016-09-14 14:00:00,33,31,2
2016-09-14 15:00:00,40,37,3
2016-09-14 16:00:00,67,64,3
2016-09-14 17:00:00,139,112,27
2016-09-14 18:00:00,103,73,30
2016-09-14 19:00:00,40,29,11
2016-09-14 20:00:00,16,16,0
2016-09-14 21:00:00,3,2,1
2016-09-14 22:00:00,0,0,0
2016-09-14 23:00:00,0,0,0
2016-09-15 00:00:00,2,1,1
2016-09-15 01:00:00,0,0,0
2016-09-15 02:00:00,0,0,0
2016-09-15 03:00:00,1,0,1
2016-09-15 04:00:00,3,3,0
2016-09-15 05:00:00,5,3,2
2016-09-15 06:00:00,40,24,16
2016-09-15 07:00:00,71,44,27
2016-09-15 08:00:00,66,45,21
2016-09-15 09:00:00,33,20,13
2016-09-15 10:00:00,14,8,6
2016-09-15 11:00:00,18,15,3
2016-09-15 12:00:00,34,30,4
2016-09-15 13:00:00,24,21,3
2016-09-15 14:00:00,32,23,9
2016-09-15 15:00:00,30,20,10
2016-09-15 16:00:00,74,56,18
2016-09-15 17:00:00,117,79,38
2016-09-15 18:00:00,118,71,47
2016-09-15 19:00:00,38,27,11
2016-09-15 20:00:00,8,5,3
2016-09-15 21:00:00,4,3,1
2016-09-15 22:00:00,5,4,1
2016-09-15 23:00:00,1,1,0
2016-09-16 00:00:00,0,0,0
2016-09-16 01:00:00,0,0,0
2016-09-16 02:00:00,2,1,1
2016-09-16 03:00:00,1,1,0
2016-09-16 04:00:00,1,1,0
2016-09-16 05:00:00,6,4,2
2016-09-16 06:00:00,39,20,19
2016-09-16 07:00:00,74,49,25
2016-09-16 08:00:00,72,64,8
2016-09-16 09:00:00,44,30,14
2016-09-16 10:00:00,23,17,6
2016-09-16 11:00:00,38,29,9
2016-09-16 12:00:00,23,16,7
2016-09-16 13:00:00,38,30,8
2016-09-16 14:00:00,43,37,6
2016-09-16 15:00:00,59,57,2
2016-09-16 16:00:00,77,73,4
2016-09-16 17:00:00,120,103,17
2016-09-16 18:00:00,72,65,7
2016-09-16 19:00:00,20,16,4
2016-09-16 20:00:00,3,2,1
2016-09-16 21:00:00,3,1,2
2016-09-16 22:00:00,29,16,13
2016-09-16 23:00:00,0,0,0
2016-09-17 00:00:00,0,0,0
2016-09-17 01:00:00,1,1,0
2016-09-17 02:00:00,0,0,0
2016-09-17 03:00:00,0,0,0
2016-09-17 04:00:00,1,1,0
2016-09-17 05:00:00,0,0,0
2016-09-17 06:00:00,1,1,0
2016-09-17 07:00:00,6,3,3
2016-09-17 08:00:00,12,10,2
2016-09-17 09:00:00,12,9,3
2016-09-17 10:00:00,10,9,1
2016-09-17 11:00:00,43,35,8
2016-09-17 12:00:00,22,19,3
2016-09-17 13:00:00,24,17,7
2016-09-17 14:00:00,15,15,0
2016-09-17 15:00:00,18,15,3
2016-09-17 16:00:00,17,13,4
2016-09-17 17:00:00,10,10,0
2016-09-17 18:00:00,9,5,4
2016-09-17 19:00:00,2,1,1
2016-09-17 20:00:00,1,0,1
2016-09-17 21:00:00,2,2,0
2016-09-17 22:00:00,0,0,0
2016-09-17 23:00:00,2,2,0
2016-09-18 00:00:00,1,0,1
2016-09-18 01:00:00,1,1,0
2016-09-18 02:00:00,0,0,0
2016-09-18 03:00:00,0,0,0
2016-09-18 04:00:00,0,0,0
2016-09-18 05:00:00,0,0,0
2016-09-18 06:00:00,4,1,3
2016-09-18 07:00:00,13,5,8
2016-09-18 08:00:00,59,29,30
2016-09-18 09:00:00,58,48,10
2016-09-18 10:00:00,83,55,28
2016-09-18 11:00:00,133,106,27
2016-09-18 12:00:00,97,71,26
2016-09-18 13:00:00,102,80,22
2016-09-18 14:00:00,85,58,27
2016-09-18 15:00:00,96,82,14
2016-09-18 16:00:00,76,60,16
2016-09-18 17:00:00,64,46,18
2016-09-18 18:00:00,34,26,8
2016-09-18 19:00:00,14,11,3
2016-09-18 20:00:00,5,3,2
2016-09-18 21:00:00,3,2,1
2016-09-18 22:00:00,0,0,0
2016-09-18 23:00:00,0,0,0
2016-09-19 00:00:00,0,0,0
2016-09-19 01:00:00,0,0,0
2016-09-19 02:00:00,0,0,0
2016-09-19 03:00:00,1,0,1
2016-09-19 04:00:00,2,1,1
2016-09-19 05:00:00,3,3,0
2016-09-19 06:00:00,27,20,7
2016-09-19 07:00:00,38,24,14
2016-09-19 08:00:00,42,35,7
2016-09-19 09:00:00,19,12,7
2016-09-19 10:00:00,10,5,5
2016-09-19 11:00:00,7,6,1
2016-09-19 12:00:00,9,7,2
2016-09-19 13:00:00,10,6,4
2016-09-19 14:00:00,17,14,3
2016-09-19 15:00:00,14,9,5
2016-09-19 16:00:00,47,33,14
2016-09-19 17:00:00,79,48,31
2016-09-19 18:00:00,66,48,18
2016-09-23 02:00:00,0,0,0
2016-09-19 19:00:00,16,13,3
2016-09-19 20:00:00,2,1,1
2016-09-19 21:00:00,1,1,0
2016-09-19 22:00:00,0,0,0
2016-09-19 23:00:00,0,0,0
2016-09-20 00:00:00,2,2,0
2016-09-20 01:00:00,0,0,0
2016-09-20 02:00:00,0,0,0
2016-09-20 03:00:00,0,0,0
2016-09-20 04:00:00,5,2,3
2016-09-20 05:00:00,7,5,2
2016-09-20 06:00:00,39,19,20
2016-09-20 07:00:00,74,44,30
2016-09-20 08:00:00,72,66,6
2016-09-20 09:00:00,30,24,6
2016-09-20 10:00:00,33,26,7
2016-09-20 11:00:00,32,29,3
2016-09-20 12:00:00,29,21,8
2016-09-20 13:00:00,31,23,8
2016-09-20 14:00:00,31,17,14
2016-09-20 15:00:00,40,27,13
2016-09-20 16:00:00,66,43,23
2016-09-20 17:00:00,135,88,47
2016-09-20 18:00:00,120,72,48
2016-09-20 19:00:00,57,36,21
2016-09-20 20:00:00,8,5,3
2016-09-20 21:00:00,4,2,2
2016-09-20 22:00:00,2,2,0
2016-09-20 23:00:00,1,0,1
2016-09-21 00:00:00,1,1,0
2016-09-21 01:00:00,0,0,0
2016-09-21 02:00:00,0,0,0
2016-09-21 03:00:00,0,0,0
2016-09-21 04:00:00,4,4,0
2016-09-21 05:00:00,7,6,1
2016-09-21 06:00:00,30,22,8
2016-09-21 07:00:00,73,43,30
2016-09-21 08:00:00,76,53,23
2016-09-21 09:00:00,33,29,4
2016-09-21 10:00:00,23,16,7
2016-09-21 11:00:00,31,21,10
2016-09-21 12:00:00,27,24,3
2016-09-21 13:00:00,29,23,6
2016-09-21 14:00:00,33,21,12
2016-09-21 15:00:00,50,38,12
2016-09-21 16:00:00,82,53,29
2016-09-21 17:00:00,112,79,33
2016-09-21 18:00:00,112,81,31
2016-09-21 19:00:00,42,29,13
2016-09-21 20:00:00,10,6,4
2016-09-21 21:00:00,5,3,2
2016-09-21 22:00:00,0,0,0
2016-09-21 23:00:00,1,1,0
2016-09-22 00:00:00,1,1,0
2016-09-22 01:00:00,0,0,0
2016-09-22 02:00:00,2,2,0
2016-09-22 03:00:00,0,0,0
2016-09-22 04:00:00,7,5,2
2016-09-22 05:00:00,4,4,0
2016-09-22 06:00:00,41,26,15
2016-09-22 07:00:00,53,32,21
2016-09-22 08:00:00,77,67,10
2016-09-22 09:00:00,35,33,2
2016-09-22 10:00:00,39,28,11
2016-09-22 11:00:00,36,32,4
2016-09-22 12:00:00,29,25,4
2016-09-22 13:00:00,36,21,15
2016-09-22 14:00:00,22,20,2
2016-09-22 15:00:00,35,27,8
2016-09-22 16:00:00,76,45,31
2016-09-22 17:00:00,124,84,40
2016-09-22 18:00:00,101,66,35
2016-09-22 19:00:00,39,32,7
2016-09-22 20:00:00,11,7,4
2016-09-22 21:00:00,5,5,0
2016-09-22 22:00:00,1,1,0
2016-09-22 23:00:00,0,0,0
2016-09-23 00:00:00,1,1,0
2016-09-23 01:00:00,0,0,0
2016-09-23 03:00:00,0,0,0
2016-09-23 04:00:00,4,3,1
2016-09-23 05:00:00,1,1,0
2016-09-23 06:00:00,17,12,5
2016-09-23 07:00:00,44,26,18
2016-09-23 08:00:00,40,26,14
2016-09-23 09:00:00,16,14,2
2016-09-23 10:00:00,6,4,2
2016-09-23 11:00:00,12,7,5
2016-09-23 12:00:00,11,9,2
2016-09-23 13:00:00,11,8,3
2016-09-23 14:00:00,8,6,2
2016-09-23 15:00:00,21,20,1
2016-09-23 16:00:00,34,25,9
2016-09-23 17:00:00,65,44,21
2016-09-23 18:00:00,40,35,5
2016-09-23 19:00:00,11,9,2
2016-09-23 20:00:00,1,1,0
2016-09-23 21:00:00,0,0,0
2016-09-23 22:00:00,1,1,0
2016-09-23 23:00:00,1,1,0
2016-09-24 00:00:00,1,0,1
2016-09-24 01:00:00,0,0,0
2016-09-24 02:00:00,0,0,0
2016-09-24 03:00:00,0,0,0
2016-09-24 04:00:00,0,0,0
2016-09-24 05:00:00,0,0,0
2016-09-24 06:00:00,3,1,2
2016-09-24 07:00:00,10,2,8
2016-09-24 08:00:00,53,42,11
2016-09-24 09:00:00,108,84,24
2016-09-24 10:00:00,94,69,25
2016-09-24 11:00:00,116,103,13
2016-09-24 12:00:00,101,84,17
2016-09-24 13:00:00,78,63,15
2016-09-24 14:00:00,58,46,12
2016-09-24 15:00:00,90,62,28
2016-09-24 16:00:00,58,46,12
2016-09-24 17:00:00,36,24,12
2016-09-24 18:00:00,21,19,2
2016-09-24 19:00:00,11,10,1
2016-09-24 20:00:00,0,0,0
2016-09-24 21:00:00,0,0,0
2016-09-24 22:00:00,0,0,0
2016-09-24 23:00:00,0,0,0
2016-09-25 00:00:00,0,0,0
2016-09-25 01:00:00,0,0,0
2016-09-25 02:00:00,0,0,0
2016-09-25 03:00:00,0,0,0
2016-09-25 04:00:00,0,0,0
2016-09-25 05:00:00,1,1,0
2016-09-25 06:00:00,2,1,1
2016-09-25 07:00:00,20,10,10
2016-09-25 08:00:00,49,31,18
2016-09-25 09:00:00,61,40,21
2016-09-25 10:00:00,87,69,18
2016-09-25 11:00:00,131,117,14
2016-09-25 12:00:00,107,93,14
2016-09-25 13:00:00,79,59,20
2016-09-25 14:00:00,86,74,12
2016-09-25 15:00:00,74,64,10
2016-09-25 16:00:00,74,71,3
2016-09-25 17:00:00,83,72,11
2016-09-25 18:00:00,34,32,2
2016-09-25 19:00:00,8,7,1
2016-09-25 20:00:00,4,2,2
2016-09-25 21:00:00,2,2,0
2016-09-25 22:00:00,0,0,0
2016-09-25 23:00:00,0,0,0
2016-09-26 00:00:00,1,1,0
2016-09-26 01:00:00,0,0,0
2016-09-26 02:00:00,0,0,0
2016-09-26 03:00:00,1,0,1
2016-09-26 04:00:00,1,1,0
2016-09-26 05:00:00,5,5,0
2016-09-26 06:00:00,34,21,13
2016-09-26 07:00:00,72,46,26
2016-09-26 08:00:00,75,69,6
2016-09-26 09:00:00,42,38,4
2016-09-29 16:00:00,55,35,20
2016-09-26 10:00:00,28,24,4
2016-09-26 11:00:00,40,36,4
2016-09-26 12:00:00,33,27,6
2016-09-26 13:00:00,47,32,15
2016-09-26 14:00:00,36,28,8
2016-09-26 15:00:00,54,44,10
2016-09-26 16:00:00,79,66,13
2016-09-26 17:00:00,147,124,23
2016-09-26 18:00:00,99,77,22
2016-09-26 19:00:00,28,27,1
2016-09-26 20:00:00,2,2,0
2016-09-26 21:00:00,8,5,3
2016-09-26 22:00:00,2,2,0
2016-09-26 23:00:00,1,1,0
2016-09-27 00:00:00,1,1,0
2016-09-27 01:00:00,0,0,0
2016-09-27 02:00:00,0,0,0
2016-09-27 03:00:00,0,0,0
2016-09-27 04:00:00,1,1,0
2016-09-27 05:00:00,8,7,1
2016-09-27 06:00:00,43,30,13
2016-09-27 07:00:00,62,42,20
2016-09-27 08:00:00,74,51,23
2016-09-27 09:00:00,31,24,7
2016-09-27 10:00:00,36,23,13
2016-09-27 11:00:00,20,16,4
2016-09-27 12:00:00,23,18,5
2016-09-27 13:00:00,14,7,7
2016-09-27 14:00:00,22,16,6
2016-09-27 15:00:00,27,15,12
2016-09-27 16:00:00,51,34,17
2016-09-27 17:00:00,128,77,51
2016-09-27 18:00:00,109,65,44
2016-09-27 19:00:00,31,24,7
2016-09-27 20:00:00,8,8,0
2016-09-27 21:00:00,5,4,1
2016-09-27 22:00:00,1,1,0
2016-09-27 23:00:00,1,1,0
2016-09-28 00:00:00,0,0,0
2016-09-28 01:00:00,0,0,0
2016-09-28 02:00:00,0,0,0
2016-09-28 03:00:00,0,0,0
2016-09-28 04:00:00,2,2,0
2016-09-28 05:00:00,7,3,4
2016-09-28 06:00:00,35,20,15
2016-09-28 07:00:00,69,45,24
2016-09-28 08:00:00,73,42,31
2016-09-28 09:00:00,33,25,8
2016-09-28 10:00:00,20,15,5
2016-09-28 11:00:00,20,13,7
2016-09-28 12:00:00,19,14,5
2016-09-28 13:00:00,16,10,6
2016-09-28 14:00:00,27,11,16
2016-09-28 15:00:00,33,17,16
2016-09-28 16:00:00,82,48,34
2016-09-28 17:00:00,119,73,46
2016-09-28 18:00:00,88,53,35
2016-09-28 19:00:00,25,20,5
2016-09-28 20:00:00,8,8,0
2016-09-28 21:00:00,3,2,1
2016-09-28 22:00:00,1,0,1
2016-09-28 23:00:00,1,0,1
2016-09-29 00:00:00,1,1,0
2016-09-29 01:00:00,1,1,0
2016-09-29 02:00:00,0,0,0
2016-09-29 03:00:00,1,1,0
2016-09-29 04:00:00,2,2,0
2016-09-29 05:00:00,8,4,4
2016-09-29 06:00:00,34,20,14
2016-09-29 07:00:00,62,33,29
2016-09-29 08:00:00,69,60,9
2016-09-29 09:00:00,30,24,6
2016-09-29 10:00:00,31,25,6
2016-09-29 11:00:00,31,22,9
2016-09-29 12:00:00,34,26,8
2016-09-29 13:00:00,18,12,6
2016-09-29 14:00:00,24,14,10
2016-09-29 15:00:00,29,20,9
2016-09-29 17:00:00,100,55,45
2016-09-29 18:00:00,92,53,39
2016-09-29 19:00:00,20,14,6
2016-09-29 20:00:00,9,8,1
2016-09-29 21:00:00,5,4,1
2016-09-29 22:00:00,0,0,0
2016-09-29 23:00:00,0,0,0
2016-09-30 00:00:00,2,2,0
2016-09-30 01:00:00,0,0,0
2016-09-30 02:00:00,0,0,0
2016-09-30 03:00:00,0,0,0
2016-09-30 04:00:00,2,2,0
2016-09-30 05:00:00,2,2,0
2016-09-30 06:00:00,21,13,8
2016-09-30 07:00:00,69,38,31
2016-09-30 08:00:00,64,41,23
2016-09-30 09:00:00,29,22,7
2016-09-30 10:00:00,31,17,14
2016-09-30 11:00:00,26,15,11
2016-09-30 12:00:00,22,15,7
2016-09-30 13:00:00,44,31,13
2016-09-30 14:00:00,36,28,8
2016-09-30 15:00:00,50,36,14
2016-09-30 16:00:00,81,46,35
2016-09-30 17:00:00,106,68,38
2016-09-30 18:00:00,53,30,23
2016-09-30 19:00:00,16,11,5
2016-09-30 20:00:00,3,3,0
2016-09-30 21:00:00,3,1,2
2016-09-30 22:00:00,2,1,1
2016-09-30 23:00:00,2,2,0
2016-10-01 00:00:00,4,2,2
2016-10-01 01:00:00,1,1,0
2016-10-01 02:00:00,0,0,0
2016-10-01 03:00:00,0,0,0
2016-10-01 04:00:00,0,0,0
2016-10-01 05:00:00,1,1,0
2016-10-01 06:00:00,0,0,0
2016-10-01 07:00:00,6,3,3
2016-10-01 08:00:00,28,11,17
2016-10-01 09:00:00,47,30,17
2016-10-01 10:00:00,75,44,31
2016-10-01 11:00:00,106,85,21
2016-10-01 12:00:00,50,39,11
2016-10-01 13:00:00,27,19,8
2016-10-01 14:00:00,17,16,1
2016-10-01 15:00:00,19,12,7
2016-10-01 16:00:00,13,9,4
2016-10-01 17:00:00,9,7,2
2016-10-01 18:00:00,2,1,1
2016-10-01 19:00:00,3,3,0
2016-10-01 20:00:00,1,1,0
2016-10-01 21:00:00,0,0,0
2016-10-01 22:00:00,2,1,1
2016-10-01 23:00:00,1,1,0
2016-10-02 00:00:00,0,0,0
2016-10-02 01:00:00,0,0,0
2016-10-02 02:00:00,0,0,0
2016-10-02 03:00:00,0,0,0
2016-10-02 04:00:00,1,1,0
2016-10-02 05:00:00,1,0,1
2016-10-02 06:00:00,2,1,1
2016-10-02 07:00:00,8,2,6
2016-10-02 08:00:00,36,29,7
2016-10-02 09:00:00,76,47,29
2016-10-02 10:00:00,57,40,17
2016-10-02 11:00:00,106,83,23
2016-10-02 12:00:00,64,55,9
2016-10-02 13:00:00,69,37,32
2016-10-02 14:00:00,112,60,52
2016-10-02 15:00:00,100,68,32
2016-10-02 16:00:00,72,45,27
2016-10-02 17:00:00,43,35,8
2016-10-02 18:00:00,17,10,7
2016-10-02 19:00:00,7,6,1
2016-10-02 20:00:00,2,2,0
2016-10-02 21:00:00,1,1,0
2016-10-02 22:00:00,1,0,1
2016-10-02 23:00:00,0,0,0
2016-10-03 00:00:00,2,2,0
2016-10-03 01:00:00,0,0,0
2016-10-03 02:00:00,0,0,0
2016-10-03 03:00:00,0,0,0
2016-10-03 04:00:00,3,3,0
2016-10-03 05:00:00,6,4,2
2016-10-03 06:00:00,32,22,10
2016-10-03 07:00:00,75,41,34
2016-10-03 08:00:00,60,40,20
2016-10-03 09:00:00,38,31,7
2016-10-03 10:00:00,15,13,2
2016-10-03 11:00:00,24,12,12
2016-10-03 12:00:00,19,15,4
2016-10-03 13:00:00,20,14,6
2016-10-03 14:00:00,27,18,9
2016-10-03 15:00:00,33,20,13
2016-10-03 16:00:00,56,33,23
2016-10-03 17:00:00,99,64,35
2016-10-03 18:00:00,57,38,19
2016-10-03 19:00:00,27,17,10
2016-10-03 20:00:00,5,4,1
2016-10-03 21:00:00,2,2,0
2016-10-03 22:00:00,5,4,1
2016-10-03 23:00:00,0,0,0
2016-10-04 00:00:00,1,1,0
2016-10-04 01:00:00,0,0,0
2016-10-04 02:00:00,1,1,0
2016-10-04 03:00:00,1,1,0
2016-10-04 04:00:00,2,2,0
2016-10-04 05:00:00,4,3,1
2016-10-04 06:00:00,14,9,5
2016-10-04 07:00:00,46,31,15
2016-10-04 08:00:00,49,38,11
2016-10-04 09:00:00,29,24,5
2016-10-04 10:00:00,9,8,1
2016-10-04 11:00:00,10,7,3
2016-10-04 12:00:00,15,15,0
2016-10-04 13:00:00,8,6,2
2016-10-04 14:00:00,5,2,3
2016-10-04 15:00:00,8,5,3
2016-10-04 16:00:00,24,21,3
2016-10-04 17:00:00,58,48,10
2016-10-04 18:00:00,53,40,13
2016-10-04 19:00:00,13,10,3
2016-10-04 20:00:00,5,5,0
2016-10-04 21:00:00,4,3,1
2016-10-04 22:00:00,0,0,0
2016-10-04 23:00:00,2,2,0
2016-10-05 00:00:00,2,2,0
2016-10-05 01:00:00,0,0,0
2016-10-05 02:00:00,0,0,0
2016-10-05 03:00:00,0,0,0
2016-10-05 04:00:00,1,1,0
2016-10-05 05:00:00,6,3,3
2016-10-05 06:00:00,23,15,8
2016-10-05 07:00:00,51,38,13
2016-10-05 08:00:00,50,35,15
2016-10-05 09:00:00,28,24,4
2016-10-05 10:00:00,14,9,5
2016-10-05 11:00:00,15,13,2
2016-10-05 12:00:00,10,10,0
2016-10-05 13:00:00,14,8,6
2016-10-05 14:00:00,45,28,17
2016-10-05 15:00:00,66,54,12
2016-10-05 16:00:00,65,38,27
2016-10-05 17:00:00,95,58,37
2016-10-05 18:00:00,66,40,26
2016-10-05 19:00:00,27,16,11
2016-10-05 20:00:00,10,9,1
2016-10-05 21:00:00,5,5,0
2016-10-05 22:00:00,0,0,0
2016-10-05 23:00:00,1,1,0
2016-10-06 00:00:00,1,1,0
2016-10-06 01:00:00,0,0,0
2016-10-06 02:00:00,1,1,0
2016-10-06 03:00:00,0,0,0
2016-10-06 04:00:00,1,1,0
2016-10-06 05:00:00,6,5,1
2016-10-06 06:00:00,22,8,14
2016-10-06 07:00:00,73,46,27
2016-10-06 08:00:00,66,53,13
2016-10-06 09:00:00,43,39,4
2016-10-06 10:00:00,20,10,10
2016-10-06 11:00:00,17,13,4
2016-10-06 12:00:00,19,18,1
2016-10-06 13:00:00,17,15,2
2016-10-06 14:00:00,20,17,3
2016-10-06 15:00:00,17,11,6
2016-10-06 16:00:00,43,32,11
2016-10-06 17:00:00,69,46,23
2016-10-06 18:00:00,53,41,12
2016-10-06 19:00:00,13,11,2
2016-10-06 20:00:00,3,3,0
2016-10-06 21:00:00,4,4,0
2016-10-06 22:00:00,2,2,0
2016-10-06 23:00:00,0,0,0
2016-10-07 00:00:00,1,1,0
2016-10-07 01:00:00,0,0,0
2016-10-07 02:00:00,0,0,0
2016-10-07 03:00:00,0,0,0
2016-10-07 04:00:00,2,2,0
2016-10-07 05:00:00,1,1,0
2016-10-07 06:00:00,14,6,8
2016-10-07 07:00:00,36,24,12
2016-10-07 08:00:00,53,42,11
2016-10-07 09:00:00,20,16,4
2016-10-07 10:00:00,12,9,3
2016-10-07 11:00:00,9,7,2
2016-10-07 12:00:00,7,6,1
2016-10-07 13:00:00,18,12,6
2016-10-07 14:00:00,20,17,3
2016-10-07 15:00:00,18,12,6
2016-10-07 16:00:00,54,39,15
2016-10-07 17:00:00,75,52,23
2016-10-07 18:00:00,45,26,19
2016-10-07 19:00:00,12,7,5
2016-10-07 20:00:00,6,5,1
2016-10-07 21:00:00,1,1,0
2016-10-07 22:00:00,1,1,0
2016-10-07 23:00:00,1,1,0
2016-10-08 00:00:00,0,0,0
2016-10-08 01:00:00,1,1,0
2016-10-08 02:00:00,0,0,0
2016-10-08 03:00:00,0,0,0
2016-10-08 04:00:00,0,0,0
2016-10-08 05:00:00,1,1,0
2016-10-08 06:00:00,1,1,0
2016-10-08 07:00:00,6,4,2
2016-10-08 08:00:00,12,8,4
2016-10-08 09:00:00,24,19,5
2016-10-08 10:00:00,46,45,1
2016-10-08 11:00:00,43,42,1
2016-10-08 12:00:00,58,49,9
2016-10-08 13:00:00,26,20,6
2016-10-08 14:00:00,12,11,1
2016-10-08 15:00:00,7,7,0
2016-10-08 16:00:00,3,2,1
2016-10-08 17:00:00,6,6,0
2016-10-08 18:00:00,0,0,0
2016-10-08 19:00:00,0,0,0
2016-10-08 20:00:00,1,1,0
2016-10-08 21:00:00,1,1,0
2016-10-08 22:00:00,0,0,0
2016-10-08 23:00:00,0,0,0
2016-10-09 00:00:00,0,0,0
2016-10-09 01:00:00,0,0,0
2016-10-09 02:00:00,0,0,0
2016-10-09 03:00:00,0,0,0
2016-10-09 04:00:00,0,0,0
2016-10-09 05:00:00,0,0,0
2016-10-09 06:00:00,2,1,1
2016-10-09 07:00:00,9,0,9
2016-10-09 08:00:00,31,20,11
2016-10-09 09:00:00,64,30,34
2016-10-09 10:00:00,71,50,21
2016-10-09 11:00:00,67,62,5
2016-10-09 12:00:00,76,75,1
2016-10-09 13:00:00,48,41,7
2016-10-09 14:00:00,53,37,16
2016-10-09 15:00:00,52,39,13
2016-10-09 16:00:00,44,32,12
2016-10-09 17:00:00,21,18,3
2016-10-09 18:00:00,3,2,1
2016-10-09 19:00:00,1,1,0
2016-10-09 20:00:00,0,0,0
2016-10-09 21:00:00,0,0,0
2016-10-09 22:00:00,0,0,0
2016-10-09 23:00:00,0,0,0
2016-10-10 00:00:00,1,1,0
2016-10-10 01:00:00,0,0,0
2016-10-10 02:00:00,1,1,0
2016-10-10 03:00:00,1,1,0
2016-10-10 04:00:00,1,1,0
2016-10-10 05:00:00,5,5,0
2016-10-10 06:00:00,24,13,11
2016-10-10 07:00:00,55,38,17
2016-10-10 08:00:00,57,38,19
2016-10-10 09:00:00,35,31,4
2016-10-10 10:00:00,21,19,2
2016-10-10 11:00:00,20,17,3
2016-10-10 12:00:00,27,25,2
2016-10-10 13:00:00,25,19,6
2016-10-10 14:00:00,42,35,7
2016-10-10 15:00:00,27,16,11
2016-10-10 16:00:00,77,40,37
2016-10-10 17:00:00,103,69,34
2016-10-10 18:00:00,85,55,30
2016-10-10 19:00:00,25,23,2
2016-10-10 20:00:00,5,3,2
2016-10-10 21:00:00,1,1,0
2016-10-10 22:00:00,1,1,0
2016-10-10 23:00:00,0,0,0
2016-10-11 00:00:00,1,1,0
2016-10-11 01:00:00,0,0,0
2016-10-11 02:00:00,0,0,0
2016-10-11 03:00:00,0,0,0
2016-10-11 04:00:00,3,3,0
2016-10-11 05:00:00,6,4,2
2016-10-11 06:00:00,36,21,15
2016-10-11 07:00:00,69,37,32
2016-10-11 08:00:00,64,36,28
2016-10-11 09:00:00,26,19,7
2016-10-11 10:00:00,17,12,5
2016-10-11 11:00:00,25,15,10
2016-10-11 12:00:00,26,21,5
2016-10-11 13:00:00,23,15,8
2016-10-11 14:00:00,35,14,21
2016-10-11 15:00:00,50,29,21
2016-10-11 16:00:00,87,47,40
2016-10-11 17:00:00,120,66,54
2016-10-11 18:00:00,90,69,21
2016-10-11 19:00:00,29,21,8
2016-10-11 20:00:00,10,8,2
2016-10-11 21:00:00,4,4,0
2016-10-11 22:00:00,0,0,0
2016-10-11 23:00:00,0,0,0
2016-10-12 00:00:00,1,1,0
2016-10-12 01:00:00,0,0,0
2016-10-12 02:00:00,0,0,0
2016-10-12 03:00:00,0,0,0
2016-10-12 04:00:00,3,2,1
2016-10-12 05:00:00,8,5,3
2016-10-12 06:00:00,36,23,13
2016-10-12 07:00:00,62,38,24
2016-10-12 08:00:00,61,53,8
2016-10-12 09:00:00,32,31,1
2016-10-12 10:00:00,18,11,7
2016-10-12 11:00:00,20,16,4
2016-10-12 12:00:00,28,17,11
2016-10-12 13:00:00,31,22,9
2016-10-12 14:00:00,35,17,18
2016-10-12 15:00:00,36,17,19
2016-10-12 16:00:00,74,46,28
2016-10-12 17:00:00,102,81,21
2016-10-12 18:00:00,67,52,15
2016-10-12 19:00:00,21,17,4
2016-10-12 20:00:00,9,9,0
2016-10-12 21:00:00,4,4,0
2016-10-12 22:00:00,0,0,0
2016-10-12 23:00:00,1,1,0
2016-10-13 00:00:00,1,1,0
2016-10-13 01:00:00,1,1,0
2016-10-13 02:00:00,0,0,0
2016-10-13 03:00:00,0,0,0
2016-10-13 04:00:00,1,1,0
2016-10-13 05:00:00,2,2,0
2016-10-13 06:00:00,8,8,0
2016-10-13 07:00:00,21,20,1
2016-10-13 08:00:00,23,23,0
2016-10-13 09:00:00,7,7,0
2016-10-13 10:00:00,2,2,0
2016-10-13 11:00:00,4,4,0
2016-10-13 12:00:00,7,6,1
2016-10-13 13:00:00,2,1,1
2016-10-13 14:00:00,0,0,0
2016-10-13 15:00:00,7,7,0
2016-10-13 16:00:00,11,11,0
2016-10-13 17:00:00,19,18,1
2016-10-13 18:00:00,19,19,0
2016-10-13 19:00:00,8,8,0
2016-10-13 20:00:00,1,1,0
2016-10-13 21:00:00,1,1,0
2016-10-13 22:00:00,0,0,0
2016-10-13 23:00:00,0,0,0
2016-10-14 00:00:00,1,1,0
2016-10-14 01:00:00,0,0,0
2016-10-14 02:00:00,0,0,0
2016-10-14 03:00:00,0,0,0
2016-10-14 04:00:00,0,0,0
2016-10-14 05:00:00,2,1,1
2016-10-14 06:00:00,6,6,0
2016-10-14 07:00:00,15,15,0
2016-10-14 08:00:00,17,16,1
2016-10-14 09:00:00,10,9,1
2016-10-14 10:00:00,4,3,1
2016-10-14 11:00:00,3,3,0
2016-10-14 12:00:00,0,0,0
2016-10-14 13:00:00,4,4,0
2016-10-14 14:00:00,2,2,0
2016-10-14 15:00:00,4,3,1
2016-10-14 16:00:00,9,8,1
2016-10-14 17:00:00,26,16,10
2016-10-14 18:00:00,6,5,1
2016-10-14 19:00:00,6,5,1
2016-10-14 20:00:00,2,0,2
2016-10-14 21:00:00,1,1,0
2016-10-14 22:00:00,1,0,1
2016-10-14 23:00:00,5,5,0
2016-10-15 00:00:00,0,0,0
2016-10-15 01:00:00,0,0,0
2016-10-15 02:00:00,0,0,0
2016-10-15 03:00:00,0,0,0
2016-10-15 04:00:00,1,1,0
2016-10-15 05:00:00,1,1,0
2016-10-15 06:00:00,0,0,0
2016-10-15 07:00:00,2,2,0
2016-10-15 08:00:00,6,6,0
2016-10-15 09:00:00,8,7,1
2016-10-15 10:00:00,4,4,0
2016-10-15 11:00:00,17,16,1
2016-10-15 12:00:00,10,9,1
2016-10-15 13:00:00,1,1,0
2016-10-15 14:00:00,5,5,0
2016-10-15 15:00:00,7,6,1
2016-10-15 16:00:00,3,3,0
2016-10-15 17:00:00,2,1,1
2016-10-15 18:00:00,3,3,0
2016-10-15 19:00:00,1,1,0
2016-10-15 20:00:00,0,0,0
2016-10-15 21:00:00,0,0,0
2016-10-15 22:00:00,0,0,0
2016-10-15 23:00:00,0,0,0
2016-10-16 00:00:00,0,0,0
2016-10-16 01:00:00,0,0,0
2016-10-16 02:00:00,0,0,0
2016-10-16 03:00:00,0,0,0
2016-10-16 04:00:00,0,0,0
2016-10-16 05:00:00,0,0,0
2016-10-16 06:00:00,0,0,0
2016-10-16 07:00:00,2,2,0
2016-10-16 08:00:00,1,1,0
2016-10-16 09:00:00,4,4,0
2016-10-16 10:00:00,12,12,0
2016-10-16 11:00:00,20,20,0
2016-10-16 12:00:00,3,3,0
2016-10-16 13:00:00,11,8,3
2016-10-16 14:00:00,11,11,0
2016-10-16 15:00:00,20,20,0
2016-10-16 16:00:00,22,22,0
2016-10-16 17:00:00,18,17,1
2016-10-16 18:00:00,4,4,0
2016-10-16 19:00:00,0,0,0
2016-10-16 20:00:00,0,0,0
2016-10-16 21:00:00,1,1,0
2016-10-16 22:00:00,0,0,0
2016-10-16 23:00:00,0,0,0
2016-10-17 00:00:00,0,0,0
2016-10-17 01:00:00,0,0,0
2016-10-17 02:00:00,0,0,0
2016-10-17 03:00:00,0,0,0
2016-10-17 04:00:00,1,1,0
2016-10-17 05:00:00,3,3,0
2016-10-17 06:00:00,18,15,3
2016-10-17 07:00:00,43,30,13
2016-10-17 08:00:00,47,38,9
2016-10-17 09:00:00,27,23,4
2016-10-17 10:00:00,11,8,3
2016-10-17 11:00:00,6,5,1
2016-10-17 12:00:00,2,1,1
2016-10-17 13:00:00,4,4,0
2016-10-17 14:00:00,11,8,3
2016-10-17 15:00:00,13,5,8
2016-10-17 16:00:00,38,29,9
2016-10-17 17:00:00,69,46,23
2016-10-17 18:00:00,50,37,13
2016-10-17 19:00:00,12,5,7
2016-10-17 20:00:00,5,5,0
2016-10-17 21:00:00,0,0,0
2016-10-17 22:00:00,1,1,0
2016-10-17 23:00:00,0,0,0
2016-10-18 00:00:00,0,0,0
2016-10-18 01:00:00,0,0,0
2016-10-18 02:00:00,0,0,0
2016-10-18 03:00:00,0,0,0
2016-10-18 04:00:00,1,1,0
2016-10-18 05:00:00,7,5,2
2016-10-18 06:00:00,18,13,5
2016-10-18 07:00:00,35,24,11
2016-10-18 08:00:00,45,29,16
2016-10-18 09:00:00,18,15,3
2016-10-18 10:00:00,15,14,1
2016-10-18 11:00:00,13,6,7
2016-10-18 12:00:00,14,9,5
2016-10-18 13:00:00,15,12,3
2016-10-18 14:00:00,16,10,6
2016-10-18 15:00:00,12,8,4
2016-10-18 16:00:00,30,18,12
2016-10-18 17:00:00,80,47,33
2016-10-18 18:00:00,55,40,15
2016-10-18 19:00:00,15,13,2
2016-10-18 20:00:00,3,3,0
2016-10-18 21:00:00,3,2,1
2016-10-18 22:00:00,0,0,0
2016-10-18 23:00:00,0,0,0
2016-10-19 00:00:00,1,1,0
2016-10-19 01:00:00,0,0,0
2016-10-19 02:00:00,0,0,0
2016-10-19 03:00:00,0,0,0
2016-10-19 04:00:00,3,3,0
2016-10-19 05:00:00,11,6,5
2016-10-19 06:00:00,21,17,4
2016-10-19 07:00:00,61,38,23
2016-10-19 08:00:00,63,47,16
2016-10-19 09:00:00,30,25,5
2016-10-19 10:00:00,33,22,11
2016-10-19 11:00:00,30,22,8
2016-10-19 12:00:00,30,25,5
2016-10-19 13:00:00,28,22,6
2016-10-19 14:00:00,24,16,8
2016-10-19 15:00:00,32,24,8
2016-10-19 16:00:00,68,49,19
2016-10-19 17:00:00,98,72,26
2016-10-19 18:00:00,46,32,14
2016-10-19 19:00:00,18,15,3
2016-10-19 20:00:00,8,7,1
2016-10-19 21:00:00,1,1,0
2016-10-19 22:00:00,0,0,0
2016-10-19 23:00:00,0,0,0
2016-10-20 00:00:00,2,2,0
2016-10-20 01:00:00,0,0,0
2016-10-20 02:00:00,0,0,0
2016-10-20 03:00:00,0,0,0
2016-10-20 04:00:00,1,1,0
2016-10-20 05:00:00,3,3,0
2016-10-20 06:00:00,13,13,0
2016-10-20 07:00:00,30,30,0
2016-10-20 08:00:00,29,29,0
2016-10-20 09:00:00,12,12,0
2016-10-20 10:00:00,6,6,0
2016-10-20 11:00:00,4,4,0
2016-10-20 12:00:00,5,4,1
2016-10-20 13:00:00,1,0,1
2016-10-20 14:00:00,3,3,0
2016-10-20 15:00:00,11,6,5
2016-10-20 16:00:00,31,22,9
2016-10-20 17:00:00,57,42,15
2016-10-20 18:00:00,46,33,13
2016-10-20 19:00:00,8,7,1
2016-10-20 20:00:00,4,4,0
2016-10-20 21:00:00,5,5,0
2016-10-20 22:00:00,0,0,0
2016-10-20 23:00:00,1,1,0
2016-10-21 00:00:00,0,0,0
2016-10-21 01:00:00,0,0,0
2016-10-21 02:00:00,0,0,0
2016-10-21 03:00:00,0,0,0
2016-10-21 04:00:00,2,2,0
2016-10-21 05:00:00,3,2,1
2016-10-21 06:00:00,19,11,8
2016-10-21 07:00:00,50,30,20
2016-10-21 08:00:00,55,38,17
2016-10-21 09:00:00,30,23,7
2016-10-21 10:00:00,18,12,6
2016-10-21 11:00:00,13,12,1
2016-10-21 12:00:00,14,10,4
2016-10-21 13:00:00,26,21,5
2016-10-21 14:00:00,18,15,3
2016-10-21 15:00:00,25,19,6
2016-10-21 16:00:00,50,32,18
2016-10-21 17:00:00,63,49,14
2016-10-21 18:00:00,32,23,9
2016-10-21 19:00:00,8,6,2
2016-10-21 20:00:00,1,0,1
2016-10-21 21:00:00,1,0,1
2016-10-21 22:00:00,1,1,0
2016-10-21 23:00:00,0,0,0
2016-10-22 00:00:00,1,0,1
2016-10-22 01:00:00,0,0,0
2016-10-22 02:00:00,0,0,0
2016-10-22 03:00:00,1,1,0
2016-10-22 04:00:00,0,0,0
2016-10-22 05:00:00,0,0,0
2016-10-22 06:00:00,1,1,0
2016-10-22 07:00:00,12,8,4
2016-10-22 08:00:00,47,25,22
2016-10-22 09:00:00,126,84,42
2016-10-22 10:00:00,73,43,30
2016-10-22 11:00:00,110,65,45
2016-10-22 12:00:00,92,58,34
2016-10-22 13:00:00,109,73,36
2016-10-22 14:00:00,116,94,22
2016-10-22 15:00:00,87,62,25
2016-10-22 16:00:00,71,50,21
2016-10-22 17:00:00,26,19,7
2016-10-22 18:00:00,5,5,0
2016-10-22 19:00:00,2,2,0
2016-10-22 20:00:00,4,3,1
2016-10-22 21:00:00,0,0,0
2016-10-22 22:00:00,0,0,0
2016-10-22 23:00:00,2,1,1
2016-10-23 00:00:00,0,0,0
2016-10-23 01:00:00,0,0,0
2016-10-23 02:00:00,0,0,0
2016-10-23 03:00:00,0,0,0
2016-10-23 04:00:00,0,0,0
2016-10-23 05:00:00,0,0,0
2016-10-23 06:00:00,2,2,0
2016-10-23 07:00:00,5,1,4
2016-10-23 08:00:00,23,12,11
2016-10-23 09:00:00,19,19,0
2016-10-23 10:00:00,28,20,8
2016-10-23 11:00:00,71,53,18
2016-10-23 12:00:00,49,34,15
2016-10-23 13:00:00,55,23,32
2016-10-23 14:00:00,69,43,26
2016-10-23 15:00:00,45,30,15
2016-10-23 16:00:00,47,33,14
2016-10-23 17:00:00,28,22,6
2016-10-23 18:00:00,5,5,0
2016-10-23 19:00:00,2,2,0
2016-10-23 20:00:00,0,0,0
2016-10-23 21:00:00,0,0,0
2016-10-23 22:00:00,0,0,0
2016-10-23 23:00:00,0,0,0
2016-10-24 00:00:00,0,0,0
2016-10-24 01:00:00,0,0,0
2016-10-24 02:00:00,0,0,0
2016-10-24 03:00:00,0,0,0
2016-10-24 04:00:00,2,2,0
2016-10-24 05:00:00,9,5,4
2016-10-24 06:00:00,20,18,2
2016-10-24 07:00:00,49,37,12
2016-10-24 08:00:00,47,34,13
2016-10-24 09:00:00,30,22,8
2016-10-24 10:00:00,16,12,4
2016-10-24 11:00:00,12,9,3
2016-10-24 12:00:00,15,10,5
2016-10-24 13:00:00,13,11,2
2016-10-24 14:00:00,10,10,0
2016-10-24 15:00:00,14,8,6
2016-10-24 16:00:00,32,20,12
2016-10-24 17:00:00,70,60,10
2016-10-24 18:00:00,33,30,3
2016-10-24 19:00:00,12,7,5
2016-10-24 20:00:00,9,7,2
2016-10-24 21:00:00,2,2,0
2016-10-24 22:00:00,1,1,0
2016-10-24 23:00:00,0,0,0
2016-10-25 00:00:00,1,1,0
2016-10-25 01:00:00,0,0,0
2016-10-25 02:00:00,0,0,0
2016-10-25 03:00:00,0,0,0
2016-10-25 04:00:00,2,2,0
2016-10-25 05:00:00,6,2,4
2016-10-25 06:00:00,26,19,7
2016-10-25 07:00:00,37,27,10
2016-10-25 08:00:00,56,37,19
2016-10-25 09:00:00,36,28,8
2016-10-25 10:00:00,15,13,2
2016-10-25 11:00:00,21,12,9
2016-10-25 12:00:00,20,15,5
2016-10-25 13:00:00,21,19,2
2016-10-25 14:00:00,21,13,8
2016-10-25 15:00:00,27,16,11
2016-10-25 16:00:00,49,38,11
2016-10-25 17:00:00,106,84,22
2016-10-25 18:00:00,64,44,20
2016-10-25 19:00:00,20,12,8
2016-10-25 20:00:00,6,5,1
2016-10-25 21:00:00,5,2,3
2016-10-25 22:00:00,2,1,1
2016-10-25 23:00:00,1,1,0
2016-10-26 00:00:00,1,1,0
2016-10-26 01:00:00,1,1,0
2016-10-26 02:00:00,0,0,0
2016-10-26 03:00:00,0,0,0
2016-10-26 04:00:00,1,1,0
2016-10-26 05:00:00,4,3,1
2016-10-26 06:00:00,12,11,1
2016-10-26 07:00:00,28,25,3
2016-10-26 08:00:00,30,30,0
2016-10-26 09:00:00,16,14,2
2016-10-26 10:00:00,2,2,0
2016-10-26 11:00:00,3,3,0
2016-10-26 12:00:00,2,1,1
2016-10-26 13:00:00,11,11,0
2016-10-26 14:00:00,5,3,2
2016-10-26 15:00:00,7,6,1
2016-10-26 16:00:00,24,23,1
2016-10-26 17:00:00,34,34,0
2016-10-26 18:00:00,23,20,3
2016-10-26 19:00:00,12,12,0
2016-10-26 20:00:00,9,9,0
2016-10-26 21:00:00,2,2,0
2016-10-26 22:00:00,0,0,0
2016-10-26 23:00:00,0,0,0
2016-10-27 00:00:00,0,0,0
2016-10-27 01:00:00,0,0,0
2016-10-27 02:00:00,0,0,0
2016-10-27 03:00:00,0,0,0
2016-10-27 04:00:00,3,2,1
2016-10-27 05:00:00,7,5,2
2016-10-27 06:00:00,21,15,6
2016-10-27 07:00:00,47,31,16
2016-10-27 08:00:00,57,34,23
2016-10-27 09:00:00,19,15,4
2016-10-27 10:00:00,10,6,4
2016-10-27 11:00:00,20,13,7
2016-10-27 12:00:00,14,10,4
2016-10-27 13:00:00,29,17,12
2016-10-27 14:00:00,15,8,7
2016-10-27 15:00:00,17,7,10
2016-10-27 16:00:00,37,23,14
2016-10-27 17:00:00,59,41,18
2016-10-27 18:00:00,37,19,18
2016-10-27 19:00:00,21,18,3
2016-10-27 20:00:00,5,4,1
2016-10-27 21:00:00,4,2,2
2016-10-27 22:00:00,0,0,0
2016-10-27 23:00:00,0,0,0
2016-10-28 00:00:00,1,1,0
2016-10-28 01:00:00,0,0,0
2016-10-28 02:00:00,0,0,0
2016-10-28 03:00:00,0,0,0
2016-10-28 04:00:00,2,2,0
2016-10-28 05:00:00,3,2,1
2016-10-28 06:00:00,19,11,8
2016-10-28 07:00:00,47,32,15
2016-10-28 08:00:00,60,33,27
2016-10-28 09:00:00,39,30,9
2016-10-28 10:00:00,22,19,3
2016-10-28 11:00:00,32,21,11
2016-10-28 12:00:00,34,20,14
2016-10-28 13:00:00,37,26,11
2016-10-28 14:00:00,36,33,3
2016-10-28 15:00:00,53,34,19
2016-10-28 16:00:00,74,54,20
2016-10-28 17:00:00,111,65,46
2016-10-28 18:00:00,49,36,13
2016-10-28 19:00:00,13,10,3
2016-10-28 20:00:00,3,3,0
2016-10-28 21:00:00,2,2,0
2016-10-28 22:00:00,1,1,0
2016-10-28 23:00:00,2,0,2
2016-10-29 00:00:00,1,1,0
2016-10-29 01:00:00,1,1,0
2016-10-29 02:00:00,0,0,0
2016-10-29 03:00:00,0,0,0
2016-10-29 04:00:00,0,0,0
2016-10-29 05:00:00,0,0,0
2016-10-29 06:00:00,2,2,0
2016-10-29 07:00:00,4,1,3
2016-10-29 08:00:00,23,13,10
2016-10-29 09:00:00,13,10,3
2016-10-29 10:00:00,17,16,1
2016-10-29 11:00:00,31,24,7
2016-10-29 12:00:00,25,24,1
2016-10-29 13:00:00,15,14,1
2016-10-29 14:00:00,17,14,3
2016-10-29 15:00:00,26,25,1
2016-10-29 16:00:00,32,32,0
2016-10-29 17:00:00,23,21,2
2016-10-29 18:00:00,1,1,0
2016-10-29 19:00:00,3,1,2
2016-10-29 20:00:00,0,0,0
2016-10-29 21:00:00,1,1,0
2016-10-29 22:00:00,0,0,0
2016-10-29 23:00:00,1,0,1
2016-10-30 00:00:00,1,1,0
2016-10-30 01:00:00,0,0,0
2016-10-30 02:00:00,1,0,1
2016-10-30 03:00:00,0,0,0
2016-10-30 04:00:00,0,0,0
2016-10-30 05:00:00,0,0,0
2016-10-30 06:00:00,2,1,1
2016-10-30 07:00:00,11,4,7
2016-10-30 08:00:00,46,13,33
2016-10-30 09:00:00,71,39,32
2016-10-30 10:00:00,97,86,11
2016-10-30 11:00:00,92,85,7
2016-10-30 12:00:00,88,77,11
2016-10-30 13:00:00,85,82,3
2016-10-30 14:00:00,31,31,0
2016-10-30 15:00:00,13,13,0
2016-10-30 16:00:00,8,8,0
2016-10-30 17:00:00,5,3,2
2016-10-30 18:00:00,4,4,0
2016-10-30 19:00:00,0,0,0
2016-10-30 20:00:00,1,1,0
2016-10-30 21:00:00,0,0,0
2016-10-30 22:00:00,0,0,0
2016-10-30 23:00:00,0,0,0
2016-10-31 00:00:00,1,1,0
2016-10-31 01:00:00,0,0,0
2016-10-31 02:00:00,0,0,0
2016-10-31 03:00:00,0,0,0
2016-10-31 04:00:00,1,1,0
2016-10-31 05:00:00,5,5,0
2016-10-31 06:00:00,19,16,3
2016-10-31 07:00:00,34,31,3
2016-10-31 08:00:00,33,30,3
2016-10-31 09:00:00,9,9,0
2016-10-31 10:00:00,6,4,2
2016-10-31 11:00:00,3,3,0
2016-10-31 12:00:00,4,3,1
2016-10-31 13:00:00,2,0,2
2016-10-31 14:00:00,6,5,1
2016-10-31 15:00:00,19,12,7
2016-10-31 16:00:00,47,37,10
2016-10-31 17:00:00,51,43,8
2016-10-31 18:00:00,24,17,7
2016-10-31 19:00:00,3,3,0
2016-10-31 20:00:00,4,2,2
2016-10-31 21:00:00,0,0,0
2016-10-31 22:00:00,0,0,0
2016-10-31 23:00:00,0,0,0
2016-11-01 00:00:00,1,1,0
2016-11-01 01:00:00,0,0,0
2016-11-01 02:00:00,0,0,0
2016-11-01 03:00:00,0,0,0
2016-11-01 04:00:00,2,2,0
2016-11-01 05:00:00,5,4,1
2016-11-01 06:00:00,13,13,0
2016-11-01 07:00:00,36,32,4
2016-11-01 08:00:00,36,33,3
2016-11-01 09:00:00,21,14,7
2016-11-01 10:00:00,7,6,1
2016-11-01 11:00:00,6,6,0
2016-11-01 12:00:00,8,8,0
2016-11-01 13:00:00,9,9,0
2016-11-01 14:00:00,7,6,1
2016-11-01 15:00:00,13,4,9
2016-11-01 16:00:00,26,18,8
2016-11-01 17:00:00,73,50,23
2016-11-01 18:00:00,31,18,13
2016-11-01 19:00:00,19,16,3
2016-11-01 20:00:00,1,1,0
2016-11-01 21:00:00,3,3,0
2016-11-01 22:00:00,0,0,0
2016-11-01 23:00:00,0,0,0
2016-11-02 00:00:00,0,0,0
2016-11-02 01:00:00,1,1,0
2016-11-02 02:00:00,0,0,0
2016-11-02 03:00:00,0,0,0
2016-11-02 04:00:00,2,2,0
2016-11-02 05:00:00,5,4,1
2016-11-02 06:00:00,17,16,1
2016-11-02 07:00:00,22,17,5
2016-11-02 08:00:00,32,28,4
2016-11-02 09:00:00,11,8,3
2016-11-02 10:00:00,9,9,0
2016-11-02 11:00:00,1,1,0
2016-11-02 12:00:00,0,0,0
2016-11-02 13:00:00,5,5,0
2016-11-02 14:00:00,6,5,1
2016-11-02 15:00:00,10,9,1
2016-11-02 16:00:00,29,23,6
2016-11-02 17:00:00,50,40,10
2016-11-02 18:00:00,26,17,9
2016-11-02 19:00:00,8,5,3
2016-11-02 20:00:00,4,3,1
2016-11-02 21:00:00,3,2,1
2016-11-02 22:00:00,0,0,0
2016-11-02 23:00:00,0,0,0
2016-11-03 00:00:00,0,0,0
2016-11-03 01:00:00,0,0,0
2016-11-03 02:00:00,0,0,0
2016-11-03 03:00:00,0,0,0
2016-11-03 04:00:00,3,3,0
2016-11-03 05:00:00,8,6,2
2016-11-03 06:00:00,24,16,8
2016-11-03 07:00:00,56,41,15
2016-11-03 08:00:00,51,29,22
2016-11-03 09:00:00,34,29,5
2016-11-03 10:00:00,26,15,11
2016-11-03 11:00:00,19,9,10
2016-11-03 12:00:00,21,9,12
2016-11-03 13:00:00,30,21,9
2016-11-03 14:00:00,45,43,2
2016-11-03 15:00:00,53,53,0
2016-11-03 16:00:00,68,39,29
2016-11-03 17:00:00,107,66,41
2016-11-03 18:00:00,56,42,14
2016-11-03 19:00:00,26,18,8
2016-11-03 20:00:00,5,4,1
2016-11-03 21:00:00,3,3,0
2016-11-03 22:00:00,0,0,0
2016-11-03 23:00:00,2,1,1
2016-11-04 00:00:00,2,2,0
2016-11-04 01:00:00,0,0,0
2016-11-04 02:00:00,0,0,0
2016-11-04 03:00:00,0,0,0
2016-11-04 04:00:00,4,4,0
2016-11-04 05:00:00,5,4,1
2016-11-04 06:00:00,25,19,6
2016-11-04 07:00:00,58,40,18
2016-11-04 08:00:00,58,39,19
2016-11-04 09:00:00,26,18,8
2016-11-04 10:00:00,36,20,16
2016-11-04 11:00:00,26,15,11
2016-11-04 12:00:00,42,22,20
2016-11-04 13:00:00,35,17,18
2016-11-04 14:00:00,70,54,16
2016-11-04 15:00:00,64,56,8
2016-11-04 16:00:00,105,78,27
2016-11-04 17:00:00,104,92,12
2016-11-04 18:00:00,63,46,17
2016-11-04 19:00:00,17,13,4
2016-11-04 20:00:00,2,2,0
2016-11-04 21:00:00,1,0,1
2016-11-04 22:00:00,2,2,0
2016-11-04 23:00:00,0,0,0
2016-11-05 00:00:00,0,0,0
2016-11-05 01:00:00,0,0,0
2016-11-05 02:00:00,0,0,0
2016-11-05 03:00:00,0,0,0
2016-11-05 04:00:00,0,0,0
2016-11-05 05:00:00,1,1,0
2016-11-05 06:00:00,0,0,0
2016-11-05 07:00:00,3,2,1
2016-11-05 08:00:00,11,7,4
2016-11-05 09:00:00,7,5,2
2016-11-05 10:00:00,10,10,0
2016-11-05 11:00:00,9,9,0
2016-11-05 12:00:00,3,3,0
2016-11-05 13:00:00,7,7,0
2016-11-05 14:00:00,8,5,3
2016-11-05 15:00:00,4,4,0
2016-11-05 16:00:00,1,1,0
2016-11-05 17:00:00,4,4,0
2016-11-05 18:00:00,1,1,0
2016-11-05 19:00:00,0,0,0
2016-11-05 20:00:00,3,3,0
2016-11-05 21:00:00,1,0,1
2016-11-05 22:00:00,0,0,0
2016-11-05 23:00:00,0,0,0
2016-11-06 00:00:00,0,0,0
2016-11-06 01:00:00,1,0,1
2016-11-06 02:00:00,0,0,0
2016-11-06 03:00:00,0,0,0
2016-11-06 04:00:00,0,0,0
2016-11-06 05:00:00,1,0,1
2016-11-06 06:00:00,1,1,0
2016-11-06 07:00:00,8,1,7
2016-11-06 08:00:00,40,19,21
2016-11-06 09:00:00,97,57,40
2016-11-06 10:00:00,67,41,26
2016-11-06 11:00:00,96,79,17
2016-11-06 12:00:00,80,42,38
2016-11-06 13:00:00,87,48,39
2016-11-06 14:00:00,91,57,34
2016-11-06 15:00:00,93,67,26
2016-11-06 16:00:00,37,33,4
2016-11-06 17:00:00,18,15,3
2016-11-06 18:00:00,2,1,1
2016-11-06 19:00:00,2,2,0
2016-11-06 20:00:00,1,1,0
2016-11-06 21:00:00,0,0,0
2016-11-06 22:00:00,1,1,0
2016-11-06 23:00:00,0,0,0
2016-11-07 00:00:00,1,1,0
2016-11-07 01:00:00,0,0,0
2016-11-07 02:00:00,0,0,0
2016-11-07 03:00:00,0,0,0
2016-11-07 04:00:00,4,4,0
2016-11-07 05:00:00,3,3,0
2016-11-07 06:00:00,23,18,5
2016-11-07 07:00:00,52,40,12
2016-11-07 08:00:00,54,38,16
2016-11-07 09:00:00,21,16,5
2016-11-07 10:00:00,16,15,1
2016-11-07 11:00:00,17,14,3
2016-11-07 12:00:00,7,5,2
2016-11-07 13:00:00,22,20,2
2016-11-07 14:00:00,14,11,3
2016-11-07 15:00:00,23,16,7
2016-11-07 16:00:00,58,41,17
2016-11-07 17:00:00,75,49,26
2016-11-07 18:00:00,41,27,14
2016-11-07 19:00:00,8,8,0
2016-11-07 20:00:00,7,6,1
2016-11-07 21:00:00,4,3,1
2016-11-07 22:00:00,3,2,1
2016-11-07 23:00:00,0,0,0
2016-11-08 00:00:00,0,0,0
2016-11-08 01:00:00,0,0,0
2016-11-08 02:00:00,0,0,0
2016-11-08 03:00:00,0,0,0
2016-11-08 04:00:00,3,3,0
2016-11-08 05:00:00,12,7,5
2016-11-08 06:00:00,31,20,11
2016-11-08 07:00:00,60,42,18
2016-11-08 08:00:00,75,60,15
2016-11-08 09:00:00,42,22,20
2016-11-08 10:00:00,39,19,20
2016-11-08 11:00:00,39,25,14
2016-11-08 12:00:00,34,20,14
2016-11-08 13:00:00,54,32,22
2016-11-08 14:00:00,47,28,19
2016-11-08 15:00:00,63,50,13
2016-11-08 16:00:00,98,77,21
2016-11-08 17:00:00,89,68,21
2016-11-08 18:00:00,61,49,12
2016-11-08 19:00:00,13,9,4
2016-11-08 20:00:00,4,4,0
2016-11-08 21:00:00,5,4,1
2016-11-08 22:00:00,0,0,0
2016-11-08 23:00:00,2,2,0
2016-11-09 00:00:00,1,1,0
2016-11-09 01:00:00,0,0,0
2016-11-09 02:00:00,0,0,0
2016-11-09 03:00:00,0,0,0
2016-11-09 04:00:00,2,2,0
2016-11-09 05:00:00,7,5,2
2016-11-09 06:00:00,16,13,3
2016-11-09 07:00:00,29,25,4
2016-11-09 08:00:00,35,25,10
2016-11-09 09:00:00,13,12,1
2016-11-09 10:00:00,5,5,0
2016-11-09 11:00:00,5,4,1
2016-11-09 12:00:00,10,8,2
2016-11-09 13:00:00,14,8,6
2016-11-09 14:00:00,11,6,5
2016-11-09 15:00:00,23,13,10
2016-11-09 16:00:00,42,22,20
2016-11-09 17:00:00,66,43,23
2016-11-09 18:00:00,25,16,9
2016-11-09 19:00:00,6,6,0
2016-11-09 20:00:00,5,5,0
2016-11-09 21:00:00,4,3,1
2016-11-09 22:00:00,0,0,0
2016-11-09 23:00:00,0,0,0
2016-11-10 00:00:00,0,0,0
2016-11-10 01:00:00,0,0,0
2016-11-10 02:00:00,0,0,0
2016-11-10 03:00:00,0,0,0
2016-11-10 04:00:00,1,1,0
2016-11-10 05:00:00,7,3,4
2016-11-10 06:00:00,35,28,7
2016-11-10 07:00:00,49,38,11
2016-11-10 08:00:00,56,36,20
2016-11-10 09:00:00,33,22,11
2016-11-10 10:00:00,11,8,3
2016-11-10 11:00:00,22,10,12
2016-11-10 12:00:00,28,16,12
2016-11-10 13:00:00,30,17,13
2016-11-10 14:00:00,43,20,23
2016-11-10 15:00:00,37,26,11
2016-11-10 16:00:00,48,37,11
2016-11-10 17:00:00,72,47,25
2016-11-10 18:00:00,54,37,17
2016-11-10 19:00:00,15,10,5
2016-11-10 20:00:00,3,2,1
2016-11-10 21:00:00,0,0,0
2016-11-10 22:00:00,2,2,0
2016-11-10 23:00:00,0,0,0
2016-11-11 00:00:00,0,0,0
2016-11-11 01:00:00,0,0,0
2016-11-11 02:00:00,1,1,0
2016-11-11 03:00:00,0,0,0
2016-11-11 04:00:00,2,2,0
2016-11-11 05:00:00,6,5,1
2016-11-11 06:00:00,19,17,2
2016-11-11 07:00:00,38,22,16
2016-11-11 08:00:00,42,35,7
2016-11-11 09:00:00,43,30,13
2016-11-11 10:00:00,24,19,5
2016-11-11 11:00:00,39,26,13
2016-11-11 12:00:00,34,20,14
2016-11-11 13:00:00,31,20,11
2016-11-11 14:00:00,41,26,15
2016-11-11 15:00:00,42,31,11
2016-11-11 16:00:00,62,50,12
2016-11-11 17:00:00,51,36,15
2016-11-11 18:00:00,27,18,9
2016-11-11 19:00:00,9,5,4
2016-11-11 20:00:00,2,2,0
2016-11-11 21:00:00,0,0,0
2016-11-11 22:00:00,2,0,2
2016-11-11 23:00:00,3,3,0
2016-11-12 00:00:00,0,0,0
2016-11-12 01:00:00,0,0,0
2016-11-12 02:00:00,1,1,0
2016-11-12 03:00:00,0,0,0
2016-11-12 04:00:00,0,0,0
2016-11-12 05:00:00,1,0,1
2016-11-12 06:00:00,0,0,0
2016-11-12 07:00:00,3,1,2
2016-11-12 08:00:00,14,11,3
2016-11-12 09:00:00,19,9,10
2016-11-12 10:00:00,25,15,10
2016-11-12 11:00:00,23,20,3
2016-11-12 12:00:00,37,29,8
2016-11-12 13:00:00,26,16,10
2016-11-12 14:00:00,41,31,10
2016-11-12 15:00:00,33,26,7
2016-11-12 16:00:00,20,18,2
2016-11-12 17:00:00,7,6,1
2016-11-12 18:00:00,2,2,0
2016-11-12 19:00:00,1,1,0
2016-11-12 20:00:00,2,2,0
2016-11-12 21:00:00,1,1,0
2016-11-12 22:00:00,0,0,0
2016-11-12 23:00:00,1,1,0
2016-11-13 00:00:00,0,0,0
2016-11-13 01:00:00,0,0,0
2016-11-13 02:00:00,0,0,0
2016-11-13 03:00:00,0,0,0
2016-11-13 04:00:00,0,0,0
2016-11-13 05:00:00,1,1,0
2016-11-13 06:00:00,0,0,0
2016-11-13 07:00:00,21,20,1
2016-11-13 08:00:00,26,24,2
2016-11-13 09:00:00,14,14,0
2016-11-13 10:00:00,14,14,0
2016-11-13 11:00:00,16,14,2
2016-11-13 12:00:00,18,17,1
2016-11-13 13:00:00,20,20,0
2016-11-13 14:00:00,12,11,1
2016-11-13 15:00:00,6,6,0
2016-11-13 16:00:00,3,3,0
2016-11-13 17:00:00,1,1,0
2016-11-13 18:00:00,0,0,0
2016-11-13 19:00:00,2,1,1
2016-11-13 20:00:00,0,0,0
2016-11-13 21:00:00,2,2,0
2016-11-13 22:00:00,1,1,0
2016-11-13 23:00:00,1,1,0
2016-11-14 00:00:00,0,0,0
2016-11-14 01:00:00,0,0,0
2016-11-14 02:00:00,0,0,0
2016-11-14 03:00:00,0,0,0
2016-11-14 04:00:00,2,2,0
2016-11-14 05:00:00,4,4,0
2016-11-14 06:00:00,15,15,0
2016-11-14 07:00:00,43,43,0
2016-11-14 08:00:00,39,39,0
2016-11-14 09:00:00,18,18,0
2016-11-14 10:00:00,16,14,2
2016-11-14 11:00:00,16,9,7
2016-11-14 12:00:00,14,5,9
2016-11-14 13:00:00,21,8,13
2016-11-14 14:00:00,16,8,8
2016-11-14 15:00:00,25,15,10
2016-11-14 16:00:00,54,39,15
2016-11-14 17:00:00,54,43,11
2016-11-14 18:00:00,43,30,13
2016-11-14 19:00:00,17,10,7
2016-11-14 20:00:00,5,2,3
2016-11-14 21:00:00,2,1,1
2016-11-14 22:00:00,0,0,0
2016-11-14 23:00:00,0,0,0
2016-11-15 00:00:00,1,1,0
2016-11-15 01:00:00,0,0,0
2016-11-15 02:00:00,0,0,0
2016-11-15 03:00:00,0,0,0
2016-11-15 04:00:00,1,1,0
2016-11-15 05:00:00,3,2,1
2016-11-15 06:00:00,10,4,6
2016-11-15 07:00:00,30,13,17
2016-11-15 08:00:00,35,10,25
2016-11-15 09:00:00,11,4,7
2016-11-15 10:00:00,14,9,5
2016-11-15 11:00:00,7,4,3
2016-11-15 12:00:00,9,4,5
2016-11-15 13:00:00,13,9,4
2016-11-15 14:00:00,11,6,5
2016-11-15 15:00:00,7,6,1
2016-11-15 16:00:00,26,13,13
2016-11-15 17:00:00,42,26,16
2016-11-15 18:00:00,31,13,18
2016-11-15 19:00:00,10,4,6
2016-11-15 20:00:00,3,1,2
2016-11-15 21:00:00,3,2,1
2016-11-15 22:00:00,0,0,0
2016-11-15 23:00:00,1,1,0
2016-11-16 00:00:00,1,1,0
2016-11-16 01:00:00,0,0,0
2016-11-16 02:00:00,0,0,0
2016-11-16 03:00:00,0,0,0
2016-11-16 04:00:00,2,2,0
2016-11-16 05:00:00,6,3,3
2016-11-16 06:00:00,13,10,3
2016-11-16 07:00:00,43,34,9
2016-11-16 08:00:00,43,39,4
2016-11-16 09:00:00,21,20,1
2016-11-16 10:00:00,9,9,0
2016-11-16 11:00:00,8,8,0
2016-11-16 12:00:00,13,13,0
2016-11-16 13:00:00,10,10,0
2016-11-16 14:00:00,13,13,0
2016-11-16 15:00:00,14,14,0
2016-11-16 16:00:00,40,40,0
2016-11-16 17:00:00,52,50,2
2016-11-16 18:00:00,32,31,1
2016-11-16 19:00:00,11,5,6
2016-11-16 20:00:00,2,2,0
2016-11-16 21:00:00,4,2,2
2016-11-16 22:00:00,1,1,0
2016-11-16 23:00:00,0,0,0
2016-11-17 00:00:00,1,1,0
2016-11-17 01:00:00,0,0,0
2016-11-17 02:00:00,0,0,0
2016-11-17 03:00:00,0,0,0
2016-11-17 04:00:00,3,3,0
2016-11-17 05:00:00,9,5,4
2016-11-17 06:00:00,16,10,6
2016-11-17 07:00:00,52,32,20
2016-11-17 08:00:00,47,25,22
2016-11-17 09:00:00,19,9,10
2016-11-17 10:00:00,12,10,2
2016-11-17 11:00:00,19,18,1
2016-11-17 12:00:00,13,13,0
2016-11-17 13:00:00,35,33,2
2016-11-17 14:00:00,21,21,0
2016-11-17 15:00:00,27,25,2
2016-11-17 16:00:00,47,41,6
2016-11-17 17:00:00,53,48,5
2016-11-17 18:00:00,46,42,4
2016-11-17 19:00:00,16,15,1
2016-11-17 20:00:00,5,5,0
2016-11-17 21:00:00,3,3,0
2016-11-17 22:00:00,0,0,0
2016-11-17 23:00:00,1,1,0
2016-11-18 00:00:00,0,0,0
2016-11-18 01:00:00,0,0,0
2016-11-18 02:00:00,0,0,0
2016-11-18 03:00:00,0,0,0
2016-11-18 04:00:00,1,1,0
2016-11-18 05:00:00,2,2,0
2016-11-18 06:00:00,18,16,2
2016-11-18 07:00:00,47,44,3
2016-11-18 08:00:00,46,43,3
2016-11-18 09:00:00,32,29,3
2016-11-18 10:00:00,23,22,1
2016-11-18 11:00:00,19,16,3
2016-11-18 12:00:00,24,19,5
2016-11-18 13:00:00,32,27,5
2016-11-18 14:00:00,27,24,3
2016-11-18 15:00:00,31,23,8
2016-11-18 16:00:00,41,34,7
2016-11-18 17:00:00,58,45,13
2016-11-18 18:00:00,18,15,3
2016-11-18 19:00:00,17,14,3
2016-11-18 20:00:00,3,2,1
2016-11-18 21:00:00,4,4,0
2016-11-18 22:00:00,4,4,0
2016-11-18 23:00:00,2,2,0
2016-11-19 00:00:00,0,0,0
2016-11-19 01:00:00,0,0,0
2016-11-19 02:00:00,0,0,0
2016-11-19 03:00:00,0,0,0
2016-11-19 04:00:00,0,0,0
2016-11-19 05:00:00,0,0,0
2016-11-19 06:00:00,1,1,0
2016-11-19 07:00:00,5,5,0
2016-11-19 08:00:00,23,16,7
2016-11-19 09:00:00,23,16,7
2016-11-19 10:00:00,25,21,4
2016-11-19 11:00:00,44,38,6
2016-11-19 12:00:00,37,33,4
2016-11-19 13:00:00,26,26,0
2016-11-19 14:00:00,29,23,6
2016-11-19 15:00:00,28,21,7
2016-11-19 16:00:00,19,16,3
2016-11-19 17:00:00,4,4,0
2016-11-19 18:00:00,1,1,0
2016-11-19 19:00:00,6,6,0
2016-11-19 20:00:00,0,0,0
2016-11-19 21:00:00,1,1,0
2016-11-19 22:00:00,2,2,0
2016-11-19 23:00:00,0,0,0
2016-11-20 00:00:00,0,0,0
2016-11-20 01:00:00,0,0,0
2016-11-20 02:00:00,1,1,0
2016-11-20 03:00:00,0,0,0
2016-11-20 04:00:00,0,0,0
2016-11-20 05:00:00,0,0,0
2016-11-20 06:00:00,2,2,0
2016-11-20 07:00:00,3,1,2
2016-11-20 08:00:00,14,10,4
2016-11-20 09:00:00,48,42,6
2016-11-20 10:00:00,11,10,1
2016-11-20 11:00:00,56,50,6
2016-11-20 12:00:00,16,15,1
2016-11-20 13:00:00,25,21,4
2016-11-20 14:00:00,17,14,3
2016-11-20 15:00:00,14,11,3
2016-11-20 16:00:00,11,8,3
2016-11-20 17:00:00,4,4,0
2016-11-20 18:00:00,3,3,0
2016-11-20 19:00:00,3,2,1
2016-11-20 20:00:00,0,0,0
2016-11-20 21:00:00,0,0,0
2016-11-20 22:00:00,2,2,0
2016-11-20 23:00:00,2,2,0
2016-11-21 00:00:00,1,0,1
2016-11-21 01:00:00,0,0,0
2016-11-21 02:00:00,0,0,0
2016-11-21 03:00:00,0,0,0
2016-11-21 04:00:00,3,3,0
2016-11-21 05:00:00,7,7,0
2016-11-21 06:00:00,23,22,1
2016-11-21 07:00:00,58,52,6
2016-11-21 08:00:00,42,36,6
2016-11-21 09:00:00,27,26,1
2016-11-21 10:00:00,19,14,5
2016-11-21 11:00:00,11,10,1
2016-11-21 12:00:00,13,7,6
2016-11-21 13:00:00,31,20,11
2016-11-21 14:00:00,28,17,11
2016-11-21 15:00:00,42,21,21
2016-11-21 16:00:00,49,37,12
2016-11-21 17:00:00,66,52,14
2016-11-21 18:00:00,53,38,15
2016-11-21 19:00:00,15,13,2
2016-11-21 20:00:00,5,3,2
2016-11-21 21:00:00,9,5,4
2016-11-21 22:00:00,2,1,1
2016-11-21 23:00:00,0,0,0
2016-11-22 00:00:00,0,0,0
2016-11-22 01:00:00,0,0,0
2016-11-22 02:00:00,0,0,0
2016-11-22 03:00:00,0,0,0
2016-11-22 04:00:00,1,1,0
2016-11-22 05:00:00,8,5,3
2016-11-22 06:00:00,16,10,6
2016-11-22 07:00:00,39,30,9
2016-11-22 08:00:00,45,33,12
2016-11-22 09:00:00,29,23,6
2016-11-22 10:00:00,10,7,3
2016-11-22 11:00:00,12,9,3
2016-11-22 12:00:00,9,4,5
2016-11-22 13:00:00,8,7,1
2016-11-22 14:00:00,18,10,8
2016-11-22 15:00:00,15,9,6
2016-11-22 16:00:00,20,14,6
2016-11-22 17:00:00,35,27,8
2016-11-22 18:00:00,34,31,3
2016-11-22 19:00:00,13,10,3
2016-11-22 20:00:00,1,0,1
2016-11-22 21:00:00,1,1,0
2016-11-22 22:00:00,2,2,0
2016-11-22 23:00:00,1,1,0
2016-11-23 00:00:00,0,0,0
2016-11-23 01:00:00,0,0,0
2016-11-23 02:00:00,0,0,0
2016-11-23 03:00:00,0,0,0
2016-11-23 04:00:00,1,1,0
2016-11-23 05:00:00,5,4,1
2016-11-23 06:00:00,12,9,3
2016-11-23 07:00:00,21,11,10
2016-11-23 08:00:00,35,26,9
2016-11-23 09:00:00,19,15,4
2016-11-23 10:00:00,23,15,8
2016-11-23 11:00:00,9,6,3
2016-11-23 12:00:00,10,6,4
2016-11-23 13:00:00,17,13,4
2016-11-23 14:00:00,18,15,3
2016-11-23 15:00:00,17,12,5
2016-11-23 16:00:00,23,19,4
2016-11-23 17:00:00,28,17,11
2016-11-23 18:00:00,17,12,5
2016-11-23 19:00:00,3,2,1
2016-11-23 20:00:00,1,1,0
2016-11-23 21:00:00,2,2,0
2016-11-23 22:00:00,1,1,0
2016-11-23 23:00:00,0,0,0
2016-11-24 00:00:00,0,0,0
2016-11-24 01:00:00,0,0,0
2016-11-24 02:00:00,0,0,0
2016-11-24 03:00:00,0,0,0
2016-11-24 04:00:00,0,0,0
2016-11-24 05:00:00,0,0,0
2016-11-24 06:00:00,0,0,0
2016-11-24 07:00:00,3,2,1
2016-11-24 08:00:00,12,12,0
2016-11-24 09:00:00,12,12,0
2016-11-24 10:00:00,35,35,0
2016-11-24 11:00:00,15,15,0
2016-11-24 12:00:00,8,6,2
2016-11-24 13:00:00,8,6,2
2016-11-24 14:00:00,2,2,0
2016-11-24 15:00:00,3,2,1
2016-11-24 16:00:00,2,2,0
2016-11-24 17:00:00,1,1,0
2016-11-24 18:00:00,0,0,0
2016-11-24 19:00:00,0,0,0
2016-11-24 20:00:00,1,1,0
2016-11-24 21:00:00,0,0,0
2016-11-24 22:00:00,0,0,0
2016-11-24 23:00:00,0,0,0
2016-11-25 00:00:00,0,0,0
2016-11-25 01:00:00,0,0,0
2016-11-25 02:00:00,0,0,0
2016-11-25 03:00:00,0,0,0
2016-11-25 04:00:00,0,0,0
2016-11-25 05:00:00,2,2,0
2016-11-25 06:00:00,0,0,0
2016-11-25 07:00:00,7,4,3
2016-11-25 08:00:00,11,7,4
2016-11-25 09:00:00,16,10,6
2016-11-25 10:00:00,35,26,9
2016-11-25 11:00:00,59,36,23
2016-11-25 12:00:00,63,45,18
2016-11-25 13:00:00,70,57,13
2016-11-25 14:00:00,68,59,9
2016-11-25 15:00:00,51,39,12
2016-11-25 16:00:00,22,18,4
2016-11-25 17:00:00,14,12,2
2016-11-25 18:00:00,3,3,0
2016-11-25 19:00:00,4,3,1
2016-11-25 20:00:00,0,0,0
2016-11-25 21:00:00,0,0,0
2016-11-25 22:00:00,1,1,0
2016-11-25 23:00:00,0,0,0
2016-11-26 00:00:00,0,0,0
2016-11-26 01:00:00,0,0,0
2016-11-26 02:00:00,0,0,0
2016-11-26 03:00:00,0,0,0
2016-11-26 04:00:00,0,0,0
2016-11-26 05:00:00,0,0,0
2016-11-26 06:00:00,0,0,0
2016-11-26 07:00:00,3,3,0
2016-11-26 08:00:00,3,3,0
2016-11-26 09:00:00,14,11,3
2016-11-26 10:00:00,9,8,1
2016-11-26 11:00:00,14,13,1
2016-11-26 12:00:00,14,13,1
2016-11-26 13:00:00,14,13,1
2016-11-26 14:00:00,15,14,1
2016-11-26 15:00:00,20,16,4
2016-11-26 16:00:00,10,10,0
2016-11-26 17:00:00,1,1,0
2016-11-26 18:00:00,2,2,0
2016-11-26 19:00:00,2,1,1
2016-11-26 20:00:00,0,0,0
2016-11-26 21:00:00,0,0,0
2016-11-26 22:00:00,0,0,0
2016-11-26 23:00:00,2,2,0
2016-11-27 00:00:00,0,0,0
2016-11-27 01:00:00,0,0,0
2016-11-27 02:00:00,0,0,0
2016-11-27 03:00:00,0,0,0
2016-11-27 04:00:00,0,0,0
2016-11-27 05:00:00,0,0,0
2016-11-27 06:00:00,2,1,1
2016-11-27 07:00:00,13,8,5
2016-11-27 08:00:00,27,11,16
2016-11-27 09:00:00,42,28,14
2016-11-27 10:00:00,32,21,11
2016-11-27 11:00:00,34,28,6
2016-11-27 12:00:00,40,29,11
2016-11-27 13:00:00,22,20,2
2016-11-27 14:00:00,5,4,1
2016-11-27 15:00:00,8,8,0
2016-11-27 16:00:00,4,3,1
2016-11-27 17:00:00,3,3,0
2016-11-27 18:00:00,0,0,0
2016-11-27 19:00:00,1,1,0
2016-11-27 20:00:00,0,0,0
2016-11-27 21:00:00,0,0,0
2016-11-27 22:00:00,0,0,0
2016-11-27 23:00:00,1,0,1
2016-11-28 00:00:00,0,0,0
2016-11-28 01:00:00,0,0,0
2016-11-28 02:00:00,0,0,0
2016-11-28 03:00:00,0,0,0
2016-11-28 04:00:00,2,2,0
2016-11-28 05:00:00,5,4,1
2016-11-28 06:00:00,23,16,7
2016-11-28 07:00:00,46,28,18
2016-11-28 08:00:00,45,28,17
2016-11-28 09:00:00,23,16,7
2016-11-28 10:00:00,13,9,4
2016-11-28 11:00:00,12,7,5
2016-11-28 12:00:00,16,13,3
2016-11-28 13:00:00,17,14,3
2016-11-28 14:00:00,18,13,5
2016-11-28 15:00:00,26,12,14
2016-11-28 16:00:00,35,28,7
2016-11-28 17:00:00,65,51,14
2016-11-28 18:00:00,32,23,9
2016-11-28 19:00:00,22,17,5
2016-11-28 20:00:00,15,12,3
2016-11-28 21:00:00,5,5,0
2016-11-28 22:00:00,2,2,0
2016-11-28 23:00:00,0,0,0
2016-11-29 00:00:00,1,1,0
2016-11-29 01:00:00,1,1,0
2016-11-29 02:00:00,0,0,0
2016-11-29 03:00:00,0,0,0
2016-11-29 04:00:00,1,1,0
2016-11-29 05:00:00,9,7,2
2016-11-29 06:00:00,23,17,6
2016-11-29 07:00:00,49,39,10
2016-11-29 08:00:00,65,44,21
2016-11-29 09:00:00,29,21,8
2016-11-29 10:00:00,14,11,3
2016-11-29 11:00:00,14,8,6
2016-11-29 12:00:00,15,12,3
2016-11-29 13:00:00,17,12,5
2016-11-29 14:00:00,13,8,5
2016-11-29 15:00:00,24,13,11
2016-11-29 16:00:00,48,31,17
2016-11-29 17:00:00,65,50,15
2016-11-29 18:00:00,60,50,10
2016-11-29 19:00:00,25,23,2
2016-11-29 20:00:00,1,1,0
2016-11-29 21:00:00,3,2,1
2016-11-29 22:00:00,3,0,3
2016-11-29 23:00:00,0,0,0
2016-11-30 00:00:00,0,0,0
2016-11-30 01:00:00,0,0,0
2016-11-30 02:00:00,0,0,0
2016-11-30 03:00:00,0,0,0
2016-11-30 04:00:00,2,2,0
2016-11-30 05:00:00,1,1,0
2016-11-30 06:00:00,24,19,5
2016-11-30 07:00:00,32,23,9
2016-11-30 08:00:00,48,33,15
2016-11-30 09:00:00,15,14,1
2016-11-30 10:00:00,8,7,1
2016-11-30 11:00:00,10,10,0
2016-11-30 12:00:00,7,7,0
2016-11-30 13:00:00,6,5,1
2016-11-30 14:00:00,4,4,0
2016-11-30 15:00:00,13,13,0
2016-11-30 16:00:00,26,26,0
2016-11-30 17:00:00,38,38,0
2016-11-30 18:00:00,44,43,1
2016-11-30 19:00:00,13,13,0
2016-11-30 20:00:00,5,4,1
2016-11-30 21:00:00,2,2,0
2016-11-30 22:00:00,0,0,0
2016-11-30 23:00:00,0,0,0
2016-12-01 00:00:00,0,0,0
2016-12-01 01:00:00,0,0,0
2016-12-01 02:00:00,0,0,0
2016-12-01 03:00:00,0,0,0
2016-12-01 04:00:00,0,0,0
2016-12-01 05:00:00,7,7,0
2016-12-01 06:00:00,21,20,1
2016-12-01 07:00:00,53,51,2
2016-12-01 08:00:00,46,43,3
2016-12-01 09:00:00,24,24,0
2016-12-01 10:00:00,17,17,0
2016-12-01 11:00:00,15,15,0
2016-12-01 12:00:00,34,34,0
2016-12-01 13:00:00,18,18,0
2016-12-01 14:00:00,19,19,0
2016-12-01 15:00:00,15,15,0
2016-12-01 16:00:00,50,49,1
2016-12-01 17:00:00,50,50,0
2016-12-01 18:00:00,48,46,2
2016-12-01 19:00:00,21,19,2
2016-12-01 20:00:00,3,3,0
2016-12-01 21:00:00,1,1,0
2016-12-01 22:00:00,2,2,0
2016-12-01 23:00:00,0,0,0
2016-12-02 00:00:00,0,0,0
2016-12-02 01:00:00,0,0,0
2016-12-02 02:00:00,0,0,0
2016-12-02 03:00:00,0,0,0
2016-12-02 04:00:00,0,0,0
2016-12-02 05:00:00,4,4,0
2016-12-02 06:00:00,7,7,0
2016-12-02 07:00:00,22,22,0
2016-12-02 08:00:00,28,27,1
2016-12-02 09:00:00,11,10,1
2016-12-02 10:00:00,5,5,0
2016-12-02 11:00:00,3,3,0
2016-12-02 12:00:00,3,3,0
2016-12-02 13:00:00,5,5,0
2016-12-02 14:00:00,3,3,0
2016-12-02 15:00:00,4,4,0
2016-12-02 16:00:00,21,21,0
2016-12-02 17:00:00,21,21,0
2016-12-02 18:00:00,21,21,0
2016-12-02 19:00:00,4,4,0
2016-12-02 20:00:00,3,3,0
2016-12-02 21:00:00,1,1,0
2016-12-02 22:00:00,0,0,0
2016-12-02 23:00:00,0,0,0
2016-12-03 00:00:00,0,0,0
2016-12-03 01:00:00,2,2,0
2016-12-03 02:00:00,0,0,0
2016-12-03 03:00:00,0,0,0
2016-12-03 04:00:00,0,0,0
2016-12-03 05:00:00,1,1,0
2016-12-03 06:00:00,1,1,0
2016-12-03 07:00:00,7,7,0
2016-12-03 08:00:00,18,18,0
2016-12-03 09:00:00,37,37,0
2016-12-03 10:00:00,30,29,1
2016-12-03 11:00:00,45,44,1
2016-12-03 12:00:00,53,52,1
2016-12-03 13:00:00,35,35,0
2016-12-03 14:00:00,29,29,0
2016-12-03 15:00:00,23,22,1
2016-12-03 16:00:00,17,17,0
2016-12-03 17:00:00,10,10,0
2016-12-03 18:00:00,1,1,0
2016-12-03 19:00:00,1,1,0
2016-12-03 20:00:00,2,2,0
2016-12-03 21:00:00,0,0,0
2016-12-03 22:00:00,1,1,0
2016-12-03 23:00:00,0,0,0
2016-12-04 00:00:00,0,0,0
2016-12-04 01:00:00,0,0,0
2016-12-04 02:00:00,0,0,0
2016-12-04 03:00:00,0,0,0
2016-12-04 04:00:00,0,0,0
2016-12-04 05:00:00,1,1,0
2016-12-04 06:00:00,1,1,0
2016-12-04 07:00:00,3,3,0
2016-12-04 08:00:00,11,11,0
2016-12-04 09:00:00,27,27,0
2016-12-04 10:00:00,14,14,0
2016-12-04 11:00:00,42,42,0
2016-12-04 12:00:00,50,48,2
2016-12-04 13:00:00,65,62,3
2016-12-04 14:00:00,66,64,2
2016-12-04 15:00:00,34,33,1
2016-12-04 16:00:00,20,19,1
2016-12-04 17:00:00,3,3,0
2016-12-04 18:00:00,4,4,0
2016-12-04 19:00:00,0,0,0
2016-12-04 20:00:00,0,0,0
2016-12-04 21:00:00,0,0,0
2016-12-04 22:00:00,2,2,0
2016-12-04 23:00:00,0,0,0
2016-12-05 00:00:00,0,0,0
2016-12-05 01:00:00,0,0,0
2016-12-05 02:00:00,0,0,0
2016-12-05 03:00:00,0,0,0
2016-12-05 04:00:00,1,1,0
2016-12-05 05:00:00,2,2,0
2016-12-05 06:00:00,5,5,0
2016-12-05 07:00:00,27,27,0
2016-12-05 08:00:00,26,25,1
2016-12-05 09:00:00,10,10,0
2016-12-05 10:00:00,5,5,0
2016-12-05 11:00:00,1,1,0
2016-12-05 12:00:00,4,4,0
2016-12-05 13:00:00,0,0,0
2016-12-05 14:00:00,1,1,0
2016-12-05 15:00:00,7,7,0
2016-12-05 16:00:00,14,14,0
2016-12-05 17:00:00,34,31,3
2016-12-05 18:00:00,25,24,1
2016-12-05 19:00:00,2,2,0
2016-12-05 20:00:00,2,2,0
2016-12-05 21:00:00,0,0,0
2016-12-05 22:00:00,1,1,0
2016-12-05 23:00:00,1,1,0
2016-12-06 00:00:00,0,0,0
2016-12-06 01:00:00,0,0,0
2016-12-06 02:00:00,0,0,0
2016-12-06 03:00:00,0,0,0
2016-12-06 04:00:00,1,1,0
2016-12-06 05:00:00,2,2,0
2016-12-06 06:00:00,2,2,0
2016-12-06 07:00:00,16,16,0
2016-12-06 08:00:00,24,24,0
2016-12-06 09:00:00,9,9,0
2016-12-06 10:00:00,8,8,0
2016-12-06 11:00:00,6,6,0
2016-12-06 12:00:00,13,13,0
2016-12-06 13:00:00,13,13,0
2016-12-06 14:00:00,18,11,7
2016-12-06 15:00:00,13,11,2
2016-12-06 16:00:00,17,10,7
2016-12-06 17:00:00,29,18,11
2016-12-06 18:00:00,23,17,6
2016-12-06 19:00:00,9,6,3
2016-12-06 20:00:00,4,3,1
2016-12-06 21:00:00,0,0,0
2016-12-06 22:00:00,2,0,2
2016-12-06 23:00:00,0,0,0
2016-12-07 00:00:00,0,0,0
2016-12-07 01:00:00,0,0,0
2016-12-07 02:00:00,0,0,0
2016-12-07 03:00:00,0,0,0
2016-12-07 04:00:00,1,0,1
2016-12-07 05:00:00,2,1,1
2016-12-07 06:00:00,7,5,2
2016-12-07 07:00:00,22,13,9
2016-12-07 08:00:00,22,16,6
2016-12-07 09:00:00,11,8,3
2016-12-07 10:00:00,9,4,5
2016-12-07 11:00:00,7,4,3
2016-12-07 12:00:00,7,2,5
2016-12-07 13:00:00,12,9,3
2016-12-07 14:00:00,21,15,6
2016-12-07 15:00:00,12,7,5
2016-12-07 16:00:00,15,14,1
2016-12-07 17:00:00,30,20,10
2016-12-07 18:00:00,16,9,7
2016-12-07 19:00:00,9,6,3
2016-12-07 20:00:00,3,2,1
2016-12-07 21:00:00,1,1,0
2016-12-07 22:00:00,1,0,1
2016-12-07 23:00:00,1,1,0
2016-12-08 00:00:00,0,0,0
2016-12-08 01:00:00,0,0,0
2016-12-08 02:00:00,0,0,0
2016-12-08 03:00:00,0,0,0
2016-12-08 04:00:00,0,0,0
2016-12-08 05:00:00,1,0,1
2016-12-08 06:00:00,1,1,0
2016-12-08 07:00:00,19,12,7
2016-12-08 08:00:00,13,8,5
2016-12-08 09:00:00,10,7,3
2016-12-08 10:00:00,9,3,6
2016-12-08 11:00:00,4,0,4
2016-12-08 12:00:00,4,3,1
2016-12-08 13:00:00,10,3,7
2016-12-08 14:00:00,5,5,0
2016-12-08 15:00:00,5,4,1
2016-12-08 16:00:00,12,9,3
2016-12-08 17:00:00,27,21,6
2016-12-08 18:00:00,9,8,1
2016-12-08 19:00:00,6,4,2
2016-12-08 20:00:00,1,1,0
2016-12-08 21:00:00,0,0,0
2016-12-08 22:00:00,0,0,0
2016-12-08 23:00:00,0,0,0
2016-12-09 00:00:00,0,0,0
2016-12-09 01:00:00,0,0,0
2016-12-09 02:00:00,0,0,0
2016-12-09 03:00:00,0,0,0
2016-12-09 04:00:00,0,0,0
2016-12-09 05:00:00,0,0,0
2016-12-09 06:00:00,1,1,0
2016-12-09 07:00:00,2,1,1
2016-12-09 08:00:00,5,4,1
2016-12-09 09:00:00,5,5,0
2016-12-09 10:00:00,4,2,2
2016-12-09 11:00:00,0,0,0
2016-12-09 12:00:00,0,0,0
2016-12-09 13:00:00,0,0,0
2016-12-09 14:00:00,2,0,2
2016-12-09 15:00:00,4,2,2
2016-12-09 16:00:00,4,3,1
2016-12-09 17:00:00,4,3,1
2016-12-09 18:00:00,4,4,0
2016-12-09 19:00:00,3,3,0
2016-12-09 20:00:00,2,1,1
2016-12-09 21:00:00,0,0,0
2016-12-09 22:00:00,1,1,0
2016-12-09 23:00:00,0,0,0
2016-12-10 00:00:00,0,0,0
2016-12-10 01:00:00,0,0,0
2016-12-10 02:00:00,0,0,0
2016-12-10 03:00:00,0,0,0
2016-12-10 04:00:00,0,0,0
2016-12-10 05:00:00,0,0,0
2016-12-10 06:00:00,0,0,0
2016-12-10 07:00:00,0,0,0
2016-12-10 08:00:00,7,2,5
2016-12-10 09:00:00,20,13,7
2016-12-10 10:00:00,39,14,25
2016-12-10 11:00:00,32,24,8
2016-12-10 12:00:00,12,10,2
2016-12-10 13:00:00,5,5,0
2016-12-10 14:00:00,0,0,0
2016-12-10 15:00:00,3,3,0
2016-12-10 16:00:00,3,3,0
2016-12-10 17:00:00,1,1,0
2016-12-10 18:00:00,0,0,0
2016-12-10 19:00:00,1,1,0
2016-12-10 20:00:00,0,0,0
2016-12-10 21:00:00,1,1,0
2016-12-10 22:00:00,0,0,0
2016-12-10 23:00:00,1,0,1
2016-12-11 00:00:00,0,0,0
2016-12-11 01:00:00,0,0,0
2016-12-11 02:00:00,0,0,0
2016-12-11 03:00:00,0,0,0
2016-12-11 04:00:00,0,0,0
2016-12-11 05:00:00,1,1,0
2016-12-11 06:00:00,0,0,0
2016-12-11 07:00:00,4,2,2
2016-12-11 08:00:00,11,4,7
2016-12-11 09:00:00,18,14,4
2016-12-11 10:00:00,14,7,7
2016-12-11 11:00:00,44,40,4
2016-12-11 12:00:00,13,10,3
2016-12-11 13:00:00,9,8,1
2016-12-11 14:00:00,12,8,4
2016-12-11 15:00:00,12,8,4
2016-12-11 16:00:00,11,8,3
2016-12-11 17:00:00,2,2,0
2016-12-11 18:00:00,2,2,0
2016-12-11 19:00:00,0,0,0
2016-12-11 20:00:00,0,0,0
2016-12-11 21:00:00,0,0,0
2016-12-11 22:00:00,0,0,0
2016-12-11 23:00:00,0,0,0
2016-12-12 00:00:00,0,0,0
2016-12-12 01:00:00,0,0,0
2016-12-12 02:00:00,0,0,0
2016-12-12 03:00:00,0,0,0
2016-12-12 04:00:00,2,2,0
2016-12-12 05:00:00,2,2,0
2016-12-12 06:00:00,13,9,4
2016-12-12 07:00:00,34,24,10
2016-12-12 08:00:00,25,17,8
2016-12-12 09:00:00,11,8,3
2016-12-12 10:00:00,5,3,2
2016-12-12 11:00:00,5,3,2
2016-12-12 12:00:00,2,2,0
2016-12-12 13:00:00,8,4,4
2016-12-12 14:00:00,6,4,2
2016-12-12 15:00:00,7,6,1
2016-12-12 16:00:00,17,13,4
2016-12-12 17:00:00,39,24,15
2016-12-12 18:00:00,17,11,6
2016-12-12 19:00:00,12,8,4
2016-12-12 20:00:00,1,1,0
2016-12-12 21:00:00,2,1,1
2016-12-12 22:00:00,1,1,0
2016-12-12 23:00:00,0,0,0
2016-12-13 00:00:00,0,0,0
2016-12-13 01:00:00,0,0,0
2016-12-13 02:00:00,0,0,0
2016-12-13 03:00:00,0,0,0
2016-12-13 04:00:00,2,2,0
2016-12-13 05:00:00,3,3,0
2016-12-13 06:00:00,10,7,3
2016-12-13 07:00:00,26,18,8
2016-12-13 08:00:00,40,30,10
2016-12-13 09:00:00,20,15,5
2016-12-13 10:00:00,7,5,2
2016-12-13 11:00:00,12,6,6
2016-12-13 12:00:00,14,11,3
2016-12-13 13:00:00,9,6,3
2016-12-13 14:00:00,15,11,4
2016-12-13 15:00:00,13,8,5
2016-12-13 16:00:00,28,16,12
2016-12-13 17:00:00,38,30,8
2016-12-13 18:00:00,30,23,7
2016-12-13 19:00:00,14,7,7
2016-12-13 20:00:00,6,2,4
2016-12-13 21:00:00,3,1,2
2016-12-13 22:00:00,1,1,0
2016-12-13 23:00:00,0,0,0
2016-12-14 00:00:00,0,0,0
2016-12-14 01:00:00,0,0,0
2016-12-14 02:00:00,0,0,0
2016-12-14 03:00:00,0,0,0
2016-12-14 04:00:00,0,0,0
2016-12-14 05:00:00,3,2,1
2016-12-14 06:00:00,12,8,4
2016-12-14 07:00:00,25,16,9
2016-12-14 08:00:00,27,15,12
2016-12-14 09:00:00,6,3,3
2016-12-14 10:00:00,5,5,0
2016-12-14 11:00:00,10,6,4
2016-12-14 12:00:00,4,4,0
2016-12-14 13:00:00,8,6,2
2016-12-14 14:00:00,8,5,3
2016-12-14 15:00:00,8,6,2
2016-12-14 16:00:00,21,14,7
2016-12-14 17:00:00,28,22,6
2016-12-14 18:00:00,27,19,8
2016-12-14 19:00:00,13,12,1
2016-12-14 20:00:00,2,0,2
2016-12-14 21:00:00,4,1,3
2016-12-14 22:00:00,2,1,1
2016-12-14 23:00:00,1,1,0
2016-12-15 00:00:00,0,0,0
2016-12-15 01:00:00,0,0,0
2016-12-15 02:00:00,0,0,0
2016-12-15 03:00:00,0,0,0
2016-12-15 04:00:00,1,1,0
2016-12-15 05:00:00,6,4,2
2016-12-15 06:00:00,10,6,4
2016-12-15 07:00:00,25,17,8
2016-12-15 08:00:00,21,16,5
2016-12-15 09:00:00,15,10,5
2016-12-15 10:00:00,5,4,1
2016-12-15 11:00:00,11,6,5
2016-12-15 12:00:00,7,3,4
2016-12-15 13:00:00,18,13,5
2016-12-15 14:00:00,15,9,6
2016-12-15 15:00:00,18,15,3
2016-12-15 16:00:00,21,9,12
2016-12-15 17:00:00,27,20,7
2016-12-15 18:00:00,19,10,9
2016-12-15 19:00:00,11,10,1
2016-12-15 20:00:00,2,1,1
2016-12-15 21:00:00,1,0,1
2016-12-15 22:00:00,1,0,1
2016-12-15 23:00:00,1,1,0
2016-12-16 00:00:00,0,0,0
2016-12-16 01:00:00,1,1,0
2016-12-16 02:00:00,0,0,0
2016-12-16 03:00:00,1,1,0
2016-12-16 04:00:00,2,2,0
2016-12-16 05:00:00,2,1,1
2016-12-16 06:00:00,11,8,3
2016-12-16 07:00:00,16,11,5
2016-12-16 08:00:00,18,14,4
2016-12-16 09:00:00,11,7,4
2016-12-16 10:00:00,4,3,1
2016-12-16 11:00:00,7,4,3
2016-12-16 12:00:00,5,4,1
2016-12-16 13:00:00,14,8,6
2016-12-16 14:00:00,17,10,7
2016-12-16 15:00:00,18,14,4
2016-12-16 16:00:00,11,2,9
2016-12-16 17:00:00,19,12,7
2016-12-16 18:00:00,14,7,7
2016-12-16 19:00:00,2,0,2
2016-12-16 20:00:00,3,2,1
2016-12-16 21:00:00,0,0,0
2016-12-16 22:00:00,0,0,0
2016-12-16 23:00:00,0,0,0
2016-12-17 00:00:00,0,0,0
2016-12-17 01:00:00,0,0,0
2016-12-17 02:00:00,0,0,0
2016-12-17 03:00:00,0,0,0
2016-12-17 04:00:00,0,0,0
2016-12-17 05:00:00,0,0,0
2016-12-17 06:00:00,0,0,0
2016-12-17 07:00:00,5,0,5
2016-12-17 08:00:00,5,3,2
2016-12-17 09:00:00,7,6,1
2016-12-17 10:00:00,14,9,5
2016-12-17 11:00:00,18,14,4
2016-12-17 12:00:00,12,7,5
2016-12-17 13:00:00,20,11,9
2016-12-17 14:00:00,26,19,7
2016-12-17 15:00:00,21,14,7
2016-12-17 16:00:00,4,4,0
2016-12-17 17:00:00,2,1,1
2016-12-17 18:00:00,1,0,1
2016-12-17 19:00:00,1,1,0
2016-12-17 20:00:00,0,0,0
2016-12-17 21:00:00,0,0,0
2016-12-17 22:00:00,0,0,0
2016-12-17 23:00:00,1,1,0
2016-12-18 00:00:00,0,0,0
2016-12-18 01:00:00,0,0,0
2016-12-18 02:00:00,1,1,0
2016-12-18 03:00:00,0,0,0
2016-12-18 04:00:00,0,0,0
2016-12-18 05:00:00,0,0,0
2016-12-18 06:00:00,1,1,0
2016-12-18 07:00:00,8,2,6
2016-12-18 08:00:00,3,2,1
2016-12-18 09:00:00,15,14,1
2016-12-18 10:00:00,25,13,12
2016-12-18 11:00:00,25,19,6
2016-12-18 12:00:00,27,19,8
2016-12-18 13:00:00,19,13,6
2016-12-18 14:00:00,36,19,17
2016-12-18 15:00:00,27,22,5
2016-12-18 16:00:00,7,5,2
2016-12-18 17:00:00,4,4,0
2016-12-18 18:00:00,0,0,0
2016-12-18 19:00:00,1,0,1
2016-12-18 20:00:00,1,1,0
2016-12-18 21:00:00,0,0,0
2016-12-18 22:00:00,0,0,0
2016-12-18 23:00:00,1,0,1
2016-12-19 00:00:00,0,0,0
2016-12-19 01:00:00,0,0,0
2016-12-19 02:00:00,0,0,0
2016-12-19 03:00:00,0,0,0
2016-12-19 04:00:00,0,0,0
2016-12-19 05:00:00,2,2,0
2016-12-19 06:00:00,6,6,0
2016-12-19 07:00:00,8,8,0
2016-12-19 08:00:00,17,15,2
2016-12-19 09:00:00,10,8,2
2016-12-19 10:00:00,3,3,0
2016-12-19 11:00:00,10,9,1
2016-12-19 12:00:00,3,3,0
2016-12-19 13:00:00,4,3,1
2016-12-19 14:00:00,4,3,1
2016-12-19 15:00:00,11,6,5
2016-12-19 16:00:00,13,7,6
2016-12-19 17:00:00,27,16,11
2016-12-19 18:00:00,18,16,2
2016-12-19 19:00:00,6,3,3
2016-12-19 20:00:00,0,0,0
2016-12-19 21:00:00,1,1,0
2016-12-19 22:00:00,3,3,0
2016-12-19 23:00:00,0,0,0
2016-12-20 00:00:00,0,0,0
2016-12-20 01:00:00,0,0,0
2016-12-20 02:00:00,0,0,0
2016-12-20 03:00:00,0,0,0
2016-12-20 04:00:00,1,1,0
2016-12-20 05:00:00,3,3,0
2016-12-20 06:00:00,12,7,5
2016-12-20 07:00:00,23,20,3
2016-12-20 08:00:00,24,18,6
2016-12-20 09:00:00,13,7,6
2016-12-20 10:00:00,10,6,4
2016-12-20 11:00:00,10,2,8
2016-12-20 12:00:00,9,7,2
2016-12-20 13:00:00,13,6,7
2016-12-20 14:00:00,15,10,5
2016-12-20 15:00:00,23,13,10
2016-12-20 16:00:00,37,24,13
2016-12-20 17:00:00,24,18,6
2016-12-20 18:00:00,23,19,4
2016-12-20 19:00:00,9,9,0
2016-12-20 20:00:00,2,1,1
2016-12-20 21:00:00,2,2,0
2016-12-20 22:00:00,0,0,0
2016-12-20 23:00:00,1,1,0
2016-12-21 00:00:00,0,0,0
2016-12-21 01:00:00,1,0,1
2016-12-21 02:00:00,1,1,0
2016-12-21 03:00:00,0,0,0
2016-12-21 04:00:00,1,1,0
2016-12-21 05:00:00,7,4,3
2016-12-21 06:00:00,13,10,3
2016-12-21 07:00:00,39,30,9
2016-12-21 08:00:00,33,18,15
2016-12-21 09:00:00,15,10,5
2016-12-21 10:00:00,16,6,10
2016-12-21 11:00:00,14,10,4
2016-12-21 12:00:00,23,18,5
2016-12-21 13:00:00,24,10,14
2016-12-21 14:00:00,24,16,8
2016-12-21 15:00:00,25,17,8
2016-12-21 16:00:00,42,27,15
2016-12-21 17:00:00,33,20,13
2016-12-21 18:00:00,15,8,7
2016-12-21 19:00:00,19,5,14
2016-12-21 20:00:00,3,3,0
2016-12-21 21:00:00,2,2,0
2016-12-21 22:00:00,1,1,0
2016-12-21 23:00:00,0,0,0
2016-12-22 00:00:00,0,0,0
2016-12-22 01:00:00,4,4,0
2016-12-22 02:00:00,3,3,0
2016-12-22 03:00:00,0,0,0
2016-12-22 04:00:00,2,2,0
2016-12-22 05:00:00,3,2,1
2016-12-22 06:00:00,10,7,3
2016-12-22 07:00:00,26,23,3
2016-12-22 08:00:00,23,17,6
2016-12-22 09:00:00,9,3,6
2016-12-22 10:00:00,9,8,1
2016-12-22 11:00:00,13,7,6
2016-12-22 12:00:00,12,9,3
2016-12-22 13:00:00,8,5,3
2016-12-22 14:00:00,10,4,6
2016-12-22 15:00:00,5,4,1
2016-12-22 16:00:00,24,12,12
2016-12-22 17:00:00,20,14,6
2016-12-22 18:00:00,21,14,7
2016-12-22 19:00:00,7,7,0
2016-12-22 20:00:00,0,0,0
2016-12-22 21:00:00,0,0,0
2016-12-22 22:00:00,0,0,0
2016-12-22 23:00:00,0,0,0
2016-12-23 00:00:00,1,1,0
2016-12-23 01:00:00,0,0,0
2016-12-23 02:00:00,0,0,0
2016-12-23 03:00:00,0,0,0
2016-12-23 04:00:00,0,0,0
2016-12-23 05:00:00,0,0,0
2016-12-23 06:00:00,3,2,1
2016-12-23 07:00:00,5,5,0
2016-12-23 08:00:00,3,2,1
2016-12-23 09:00:00,7,3,4
2016-12-23 10:00:00,5,5,0
2016-12-23 11:00:00,3,3,0
2016-12-23 12:00:00,0,0,0
2016-12-23 13:00:00,1,1,0
2016-12-23 14:00:00,8,5,3
2016-12-23 15:00:00,2,1,1
2016-12-23 16:00:00,4,3,1
2016-12-23 17:00:00,2,2,0
2016-12-23 18:00:00,1,1,0
2016-12-23 19:00:00,1,1,0
2016-12-23 20:00:00,1,1,0
2016-12-23 21:00:00,0,0,0
2016-12-23 22:00:00,0,0,0
2016-12-23 23:00:00,0,0,0
2016-12-24 00:00:00,0,0,0
2016-12-24 01:00:00,0,0,0
2016-12-24 02:00:00,0,0,0
2016-12-24 03:00:00,0,0,0
2016-12-24 04:00:00,0,0,0
2016-12-24 05:00:00,0,0,0
2016-12-24 06:00:00,0,0,0
2016-12-24 07:00:00,1,1,0
2016-12-24 08:00:00,8,5,3
2016-12-24 09:00:00,18,4,14
2016-12-24 10:00:00,24,13,11
2016-12-24 11:00:00,27,25,2
2016-12-24 12:00:00,30,25,5
2016-12-24 13:00:00,29,25,4
2016-12-24 14:00:00,17,17,0
2016-12-24 15:00:00,16,13,3
2016-12-24 16:00:00,12,10,2
2016-12-24 17:00:00,1,1,0
2016-12-24 18:00:00,3,3,0
2016-12-24 19:00:00,0,0,0
2016-12-24 20:00:00,0,0,0
2016-12-24 21:00:00,0,0,0
2016-12-24 22:00:00,1,1,0
2016-12-24 23:00:00,0,0,0
2016-12-25 00:00:00,0,0,0
2016-12-25 01:00:00,0,0,0
2016-12-25 02:00:00,0,0,0
2016-12-25 03:00:00,0,0,0
2016-12-25 04:00:00,0,0,0
2016-12-25 05:00:00,0,0,0
2016-12-25 06:00:00,0,0,0
2016-12-25 07:00:00,0,0,0
2016-12-25 08:00:00,4,1,3
2016-12-25 09:00:00,5,3,2
2016-12-25 10:00:00,11,9,2
2016-12-25 11:00:00,13,13,0
2016-12-25 12:00:00,23,19,4
2016-12-25 13:00:00,29,26,3
2016-12-25 14:00:00,29,27,2
2016-12-25 15:00:00,15,11,4
2016-12-25 16:00:00,7,5,2
2016-12-25 17:00:00,5,4,1
2016-12-25 18:00:00,0,0,0
2016-12-25 19:00:00,0,0,0
2016-12-25 20:00:00,0,0,0
2016-12-25 21:00:00,0,0,0
2016-12-25 22:00:00,0,0,0
2016-12-25 23:00:00,0,0,0
2016-12-26 00:00:00,0,0,0
2016-12-26 01:00:00,0,0,0
2016-12-26 02:00:00,0,0,0
2016-12-26 03:00:00,0,0,0
2016-12-26 04:00:00,0,0,0
2016-12-26 05:00:00,1,1,0
2016-12-26 06:00:00,0,0,0
2016-12-26 07:00:00,1,1,0
2016-12-26 08:00:00,8,2,6
2016-12-26 09:00:00,14,4,10
2016-12-26 10:00:00,15,10,5
2016-12-26 11:00:00,27,19,8
2016-12-26 12:00:00,27,20,7
2016-12-26 13:00:00,27,17,10
2016-12-26 14:00:00,20,13,7
2016-12-26 15:00:00,13,9,4
2016-12-26 16:00:00,8,6,2
2016-12-26 17:00:00,8,8,0
2016-12-26 18:00:00,1,1,0
2016-12-26 19:00:00,0,0,0
2016-12-26 20:00:00,0,0,0
2016-12-26 21:00:00,0,0,0
2016-12-26 22:00:00,0,0,0
2016-12-26 23:00:00,0,0,0
2016-12-27 00:00:00,1,1,0
2016-12-27 01:00:00,0,0,0
2016-12-27 02:00:00,0,0,0
2016-12-27 03:00:00,0,0,0
2016-12-27 04:00:00,0,0,0
2016-12-27 05:00:00,5,2,3
2016-12-27 06:00:00,3,2,1
2016-12-27 07:00:00,13,11,2
2016-12-27 08:00:00,13,8,5
2016-12-27 09:00:00,7,1,6
2016-12-27 10:00:00,13,8,5
2016-12-27 11:00:00,9,9,0
2016-12-27 12:00:00,13,7,6
2016-12-27 13:00:00,17,15,2
2016-12-27 14:00:00,11,11,0
2016-12-27 15:00:00,10,9,1
2016-12-27 16:00:00,17,16,1
2016-12-27 17:00:00,17,16,1
2016-12-27 18:00:00,9,7,2
2016-12-27 19:00:00,6,5,1
2016-12-27 20:00:00,0,0,0
2016-12-27 21:00:00,3,3,0
2016-12-27 22:00:00,2,2,0
2016-12-27 23:00:00,0,0,0
2016-12-28 00:00:00,0,0,0
2016-12-28 01:00:00,1,1,0
2016-12-28 02:00:00,0,0,0
2016-12-28 03:00:00,0,0,0
2016-12-28 04:00:00,2,2,0
2016-12-28 05:00:00,9,8,1
2016-12-28 06:00:00,9,8,1
2016-12-28 07:00:00,18,16,2
2016-12-28 08:00:00,16,16,0
2016-12-28 09:00:00,15,13,2
2016-12-28 10:00:00,22,20,2
2016-12-28 11:00:00,14,12,2
2016-12-28 12:00:00,20,18,2
2016-12-28 13:00:00,26,25,1
2016-12-28 14:00:00,40,38,2
2016-12-28 15:00:00,42,42,0
2016-12-28 16:00:00,27,26,1
2016-12-28 17:00:00,31,26,5
2016-12-28 18:00:00,11,9,2
2016-12-28 19:00:00,4,4,0
2016-12-28 20:00:00,2,2,0
2016-12-28 21:00:00,1,1,0
2016-12-28 22:00:00,1,1,0
2016-12-28 23:00:00,1,1,0
2016-12-29 00:00:00,0,0,0
2016-12-29 01:00:00,0,0,0
2016-12-29 02:00:00,0,0,0
2016-12-29 03:00:00,0,0,0
2016-12-29 04:00:00,0,0,0
2016-12-29 05:00:00,6,5,1
2016-12-29 06:00:00,5,5,0
2016-12-29 07:00:00,15,14,1
2016-12-29 08:00:00,17,15,2
2016-12-29 09:00:00,19,19,0
2016-12-29 10:00:00,18,16,2
2016-12-29 11:00:00,4,4,0
2016-12-29 12:00:00,8,8,0
2016-12-29 13:00:00,12,12,0
2016-12-29 14:00:00,8,7,1
2016-12-29 15:00:00,7,7,0
2016-12-29 16:00:00,9,7,2
2016-12-29 17:00:00,25,21,4
2016-12-29 18:00:00,8,6,2
2016-12-29 19:00:00,3,3,0
2016-12-29 20:00:00,5,3,2
2016-12-29 21:00:00,0,0,0
2016-12-29 22:00:00,0,0,0
2016-12-29 23:00:00,0,0,0
2016-12-30 00:00:00,0,0,0
2016-12-30 01:00:00,0,0,0
2016-12-30 02:00:00,0,0,0
2016-12-30 03:00:00,0,0,0
2016-12-30 04:00:00,0,0,0
2016-12-30 05:00:00,2,2,0
2016-12-30 06:00:00,3,3,0
2016-12-30 07:00:00,10,8,2
2016-12-30 08:00:00,11,10,1
2016-12-30 09:00:00,11,11,0
2016-12-30 10:00:00,32,29,3
2016-12-30 11:00:00,17,17,0
2016-12-30 12:00:00,19,17,2
2016-12-30 13:00:00,35,32,3
2016-12-30 14:00:00,30,28,2
2016-12-30 15:00:00,30,28,2
2016-12-30 16:00:00,33,33,0
2016-12-30 17:00:00,20,18,2
2016-12-30 18:00:00,3,3,0
2016-12-30 19:00:00,5,5,0
2016-12-30 20:00:00,1,1,0
2016-12-30 21:00:00,1,1,0
2016-12-30 22:00:00,0,0,0
2016-12-30 23:00:00,1,1,0
2016-12-31 00:00:00,0,0,0
2016-12-31 01:00:00,1,1,0
2016-12-31 02:00:00,0,0,0
2016-12-31 03:00:00,0,0,0
2016-12-31 04:00:00,0,0,0
2016-12-31 05:00:00,0,0,0
2016-12-31 06:00:00,0,0,0
2016-12-31 07:00:00,8,8,0
2016-12-31 08:00:00,9,8,1
2016-12-31 09:00:00,51,48,3
2016-12-31 10:00:00,32,30,2
2016-12-31 11:00:00,36,34,2
2016-12-31 12:00:00,20,19,1
2016-12-31 13:00:00,23,20,3
2016-12-31 14:00:00,21,19,2
2016-12-31 15:00:00,6,6,0
2016-12-31 16:00:00,6,6,0
2016-12-31 17:00:00,0,0,0
2016-12-31 18:00:00,2,2,0
2016-12-31 19:00:00,0,0,0
2016-12-31 20:00:00,0,0,0
2016-12-31 21:00:00,0,0,0
2016-12-31 22:00:00,0,0,0
2016-12-31 23:00:00,0,0,0
2017-01-01 00:00:00,0,0,0
2017-01-01 01:00:00,0,0,0
2017-01-01 02:00:00,0,0,0
2017-01-01 03:00:00,0,0,0
2017-01-01 04:00:00,0,0,0
2017-01-01 05:00:00,0,0,0
2017-01-01 06:00:00,0,0,0
2017-01-01 07:00:00,1,1,0
2017-01-01 08:00:00,1,0,1
2017-01-01 09:00:00,1,0,1
2017-01-01 10:00:00,4,1,3
2017-01-01 11:00:00,7,2,5
2017-01-01 12:00:00,11,8,3
2017-01-01 13:00:00,21,18,3
2017-01-01 14:00:00,26,21,5
2017-01-01 15:00:00,21,19,2
2017-01-01 16:00:00,6,6,0
2017-01-01 17:00:00,4,4,0
2017-01-01 18:00:00,1,1,0
2017-01-01 19:00:00,0,0,0
2017-01-01 20:00:00,0,0,0
2017-01-01 21:00:00,0,0,0
2017-01-01 22:00:00,0,0,0
2017-01-01 23:00:00,0,0,0
2017-01-02 00:00:00,0,0,0
2017-01-02 01:00:00,0,0,0
2017-01-02 02:00:00,0,0,0
2017-01-02 03:00:00,0,0,0
2017-01-02 04:00:00,0,0,0
2017-01-02 05:00:00,0,0,0
2017-01-02 06:00:00,2,1,1
2017-01-02 07:00:00,2,0,2
2017-01-02 08:00:00,2,0,2
2017-01-02 09:00:00,1,0,1
2017-01-02 10:00:00,8,3,5
2017-01-02 11:00:00,10,7,3
2017-01-02 12:00:00,4,2,2
2017-01-02 13:00:00,17,9,8
2017-01-02 14:00:00,30,18,12
2017-01-02 15:00:00,22,18,4
2017-01-02 16:00:00,10,9,1
2017-01-02 17:00:00,4,4,0
2017-01-02 18:00:00,3,3,0
2017-01-02 19:00:00,0,0,0
2017-01-02 20:00:00,0,0,0
2017-01-02 21:00:00,0,0,0
2017-01-02 22:00:00,0,0,0
2017-01-02 23:00:00,0,0,0
2017-01-03 00:00:00,0,0,0
2017-01-03 01:00:00,0,0,0
2017-01-03 02:00:00,0,0,0
2017-01-03 03:00:00,0,0,0
2017-01-03 04:00:00,1,1,0
2017-01-03 05:00:00,1,1,0
2017-01-03 06:00:00,6,4,2
2017-01-03 07:00:00,15,6,9
2017-01-03 08:00:00,25,18,7
2017-01-03 09:00:00,6,2,4
2017-01-03 10:00:00,8,4,4
2017-01-03 11:00:00,11,4,7
2017-01-03 12:00:00,6,4,2
2017-01-03 13:00:00,10,8,2
2017-01-03 14:00:00,13,11,2
2017-01-03 15:00:00,13,9,4
2017-01-03 16:00:00,12,8,4
2017-01-03 17:00:00,24,18,6
2017-01-03 18:00:00,17,10,7
2017-01-03 19:00:00,6,4,2
2017-01-03 20:00:00,3,3,0
2017-01-03 21:00:00,1,0,1
2017-01-03 22:00:00,0,0,0
2017-01-03 23:00:00,0,0,0
2017-01-04 00:00:00,0,0,0
2017-01-04 01:00:00,0,0,0
2017-01-04 02:00:00,0,0,0
2017-01-04 03:00:00,0,0,0
2017-01-04 04:00:00,2,2,0
2017-01-04 05:00:00,1,1,0
2017-01-04 06:00:00,8,8,0
2017-01-04 07:00:00,13,7,6
2017-01-04 08:00:00,23,13,10
2017-01-04 09:00:00,5,2,3
2017-01-04 10:00:00,5,2,3
2017-01-04 11:00:00,4,2,2
2017-01-04 12:00:00,6,3,3
2017-01-04 13:00:00,8,6,2
2017-01-04 14:00:00,11,10,1
2017-01-04 15:00:00,15,9,6
2017-01-04 16:00:00,24,15,9
2017-01-04 17:00:00,24,16,8
2017-01-04 18:00:00,15,9,6
2017-01-04 19:00:00,10,7,3
2017-01-04 20:00:00,1,1,0
2017-01-04 21:00:00,1,0,1
2017-01-04 22:00:00,0,0,0
2017-01-04 23:00:00,0,0,0
2017-01-05 00:00:00,0,0,0
2017-01-05 01:00:00,0,0,0
2017-01-05 02:00:00,0,0,0
2017-01-05 03:00:00,0,0,0
2017-01-05 04:00:00,1,1,0
2017-01-05 05:00:00,1,1,0
2017-01-05 06:00:00,9,3,6
2017-01-05 07:00:00,16,8,8
2017-01-05 08:00:00,17,12,5
2017-01-05 09:00:00,10,6,4
2017-01-05 10:00:00,4,2,2
2017-01-05 11:00:00,6,2,4
2017-01-05 12:00:00,3,0,3
2017-01-05 13:00:00,8,2,6
2017-01-05 14:00:00,6,3,3
2017-01-05 15:00:00,8,7,1
2017-01-05 16:00:00,19,11,8
2017-01-05 17:00:00,27,24,3
2017-01-05 18:00:00,10,9,1
2017-01-05 19:00:00,9,5,4
2017-01-05 20:00:00,2,2,0
2017-01-05 21:00:00,1,1,0
2017-01-05 22:00:00,0,0,0
2017-01-05 23:00:00,0,0,0
2017-01-06 00:00:00,0,0,0
2017-01-06 01:00:00,0,0,0
2017-01-06 02:00:00,0,0,0
2017-01-06 03:00:00,0,0,0
2017-01-06 04:00:00,2,2,0
2017-01-06 05:00:00,2,1,1
2017-01-06 06:00:00,5,2,3
2017-01-06 07:00:00,19,14,5
2017-01-06 08:00:00,16,10,6
2017-01-06 09:00:00,5,2,3
2017-01-06 10:00:00,3,3,0
2017-01-06 11:00:00,5,2,3
2017-01-06 12:00:00,8,4,4
2017-01-06 13:00:00,14,12,2
2017-01-06 14:00:00,7,3,4
2017-01-06 15:00:00,17,10,7
2017-01-06 16:00:00,13,9,4
2017-01-06 17:00:00,29,21,8
2017-01-06 18:00:00,12,7,5
2017-01-06 19:00:00,5,3,2
2017-01-06 20:00:00,1,1,0
2017-01-06 21:00:00,1,1,0
2017-01-06 22:00:00,1,1,0
2017-01-06 23:00:00,1,1,0
2017-01-07 00:00:00,0,0,0
2017-01-07 01:00:00,0,0,0
2017-01-07 02:00:00,1,1,0
2017-01-07 03:00:00,0,0,0
2017-01-07 04:00:00,0,0,0
2017-01-07 05:00:00,0,0,0
2017-01-07 06:00:00,1,0,1
2017-01-07 07:00:00,1,1,0
2017-01-07 08:00:00,9,4,5
2017-01-07 09:00:00,21,4,17
2017-01-07 10:00:00,19,13,6
2017-01-07 11:00:00,45,30,15
2017-01-07 12:00:00,35,28,7
2017-01-07 13:00:00,43,35,8
2017-01-07 14:00:00,19,15,4
2017-01-07 15:00:00,17,15,2
2017-01-07 16:00:00,9,9,0
2017-01-07 17:00:00,5,4,1
2017-01-07 18:00:00,4,2,2
2017-01-07 19:00:00,1,1,0
2017-01-07 20:00:00,1,1,0
2017-01-07 21:00:00,1,1,0
2017-01-07 22:00:00,3,3,0
2017-01-07 23:00:00,0,0,0
2017-01-08 00:00:00,0,0,0
2017-01-08 01:00:00,0,0,0
2017-01-08 02:00:00,0,0,0
2017-01-08 03:00:00,0,0,0
2017-01-08 04:00:00,1,1,0
2017-01-08 05:00:00,0,0,0
2017-01-08 06:00:00,0,0,0
2017-01-08 07:00:00,0,0,0
2017-01-08 08:00:00,7,3,4
2017-01-08 09:00:00,20,7,13
2017-01-08 10:00:00,13,9,4
2017-01-08 11:00:00,33,29,4
2017-01-08 12:00:00,5,5,0
2017-01-08 13:00:00,4,1,3
2017-01-08 14:00:00,6,3,3
2017-01-08 15:00:00,2,2,0
2017-01-08 16:00:00,2,2,0
2017-01-08 17:00:00,3,3,0
2017-01-08 18:00:00,1,1,0
2017-01-08 19:00:00,0,0,0
2017-01-08 20:00:00,0,0,0
2017-01-08 21:00:00,0,0,0
2017-01-08 22:00:00,0,0,0
2017-01-08 23:00:00,2,1,1
2017-01-09 00:00:00,0,0,0
2017-01-09 01:00:00,0,0,0
2017-01-09 02:00:00,0,0,0
2017-01-09 03:00:00,0,0,0
2017-01-09 04:00:00,1,1,0
2017-01-09 05:00:00,3,3,0
2017-01-09 06:00:00,13,9,4
2017-01-09 07:00:00,21,14,7
2017-01-09 08:00:00,32,24,8
2017-01-09 09:00:00,10,4,6
2017-01-09 10:00:00,1,1,0
2017-01-09 11:00:00,6,5,1
2017-01-09 12:00:00,7,6,1
2017-01-09 13:00:00,6,5,1
2017-01-09 14:00:00,8,6,2
2017-01-09 15:00:00,9,9,0
2017-01-09 16:00:00,21,18,3
2017-01-09 17:00:00,36,30,6
2017-01-09 18:00:00,22,22,0
2017-01-09 19:00:00,6,5,1
2017-01-09 20:00:00,3,2,1
2017-01-09 21:00:00,0,0,0
2017-01-09 22:00:00,0,0,0
2017-01-09 23:00:00,0,0,0
2017-01-10 00:00:00,0,0,0
2017-01-10 01:00:00,0,0,0
2017-01-10 02:00:00,0,0,0
2017-01-10 03:00:00,0,0,0
2017-01-10 04:00:00,1,1,0
2017-01-10 05:00:00,4,3,1
2017-01-10 06:00:00,2,1,1
2017-01-10 07:00:00,10,8,2
2017-01-10 08:00:00,15,13,2
2017-01-10 09:00:00,8,8,0
2017-01-10 10:00:00,4,4,0
2017-01-10 11:00:00,3,1,2
2017-01-10 12:00:00,7,4,3
2017-01-10 13:00:00,8,6,2
2017-01-10 14:00:00,5,2,3
2017-01-10 15:00:00,5,5,0
2017-01-10 16:00:00,9,4,5
2017-01-10 17:00:00,21,14,7
2017-01-10 18:00:00,20,18,2
2017-01-10 19:00:00,7,4,3
2017-01-10 20:00:00,0,0,0
2017-01-10 21:00:00,0,0,0
2017-01-10 22:00:00,0,0,0
2017-01-10 23:00:00,3,3,0
2017-01-11 00:00:00,1,1,0
2017-01-11 01:00:00,0,0,0
2017-01-11 02:00:00,0,0,0
2017-01-11 03:00:00,0,0,0
2017-01-11 04:00:00,0,0,0
2017-01-11 05:00:00,0,0,0
2017-01-11 06:00:00,8,3,5
2017-01-11 07:00:00,13,8,5
2017-01-11 08:00:00,16,9,7
2017-01-11 09:00:00,7,6,1
2017-01-11 10:00:00,10,5,5
2017-01-11 11:00:00,7,5,2
2017-01-11 12:00:00,9,8,1
2017-01-11 13:00:00,6,4,2
2017-01-11 14:00:00,7,3,4
2017-01-11 15:00:00,15,11,4
2017-01-11 16:00:00,21,14,7
2017-01-11 17:00:00,16,9,7
2017-01-11 18:00:00,11,8,3
2017-01-11 19:00:00,7,5,2
2017-01-11 20:00:00,0,0,0
2017-01-11 21:00:00,2,2,0
2017-01-11 22:00:00,1,1,0
2017-01-11 23:00:00,0,0,0
2017-01-12 00:00:00,0,0,0
2017-01-12 01:00:00,0,0,0
2017-01-12 02:00:00,0,0,0
2017-01-12 03:00:00,0,0,0
2017-01-12 04:00:00,1,1,0
2017-01-12 05:00:00,2,2,0
2017-01-12 06:00:00,3,2,1
2017-01-12 07:00:00,13,8,5
2017-01-12 08:00:00,13,11,2
2017-01-12 09:00:00,9,5,4
2017-01-12 10:00:00,1,1,0
2017-01-12 11:00:00,5,2,3
2017-01-12 12:00:00,8,4,4
2017-01-12 13:00:00,10,8,2
2017-01-12 14:00:00,9,8,1
2017-01-12 15:00:00,13,9,4
2017-01-12 16:00:00,25,15,10
2017-01-12 17:00:00,21,18,3
2017-01-12 18:00:00,10,5,5
2017-01-12 19:00:00,5,5,0
2017-01-12 20:00:00,0,0,0
2017-01-12 21:00:00,0,0,0
2017-01-12 22:00:00,1,1,0
2017-01-12 23:00:00,0,0,0
2017-01-13 00:00:00,0,0,0
2017-01-13 01:00:00,0,0,0
2017-01-13 02:00:00,0,0,0
2017-01-13 03:00:00,0,0,0
2017-01-13 04:00:00,2,2,0
2017-01-13 05:00:00,1,1,0
2017-01-13 06:00:00,5,2,3
2017-01-13 07:00:00,20,15,5
2017-01-13 08:00:00,16,10,6
2017-01-13 09:00:00,6,3,3
2017-01-13 10:00:00,4,2,2
2017-01-13 11:00:00,3,2,1
2017-01-13 12:00:00,12,6,6
2017-01-13 13:00:00,10,8,2
2017-01-13 14:00:00,2,1,1
2017-01-13 15:00:00,6,6,0
2017-01-13 16:00:00,18,13,5
2017-01-13 17:00:00,25,17,8
2017-01-13 18:00:00,14,9,5
2017-01-13 19:00:00,4,3,1
2017-01-13 20:00:00,1,0,1
2017-01-13 21:00:00,0,0,0
2017-01-13 22:00:00,1,1,0
2017-01-13 23:00:00,0,0,0
2017-01-14 00:00:00,0,0,0
2017-01-14 01:00:00,0,0,0
2017-01-14 02:00:00,0,0,0
2017-01-14 03:00:00,0,0,0
2017-01-14 04:00:00,0,0,0
2017-01-14 05:00:00,0,0,0
2017-01-14 06:00:00,1,0,1
2017-01-14 07:00:00,1,0,1
2017-01-14 08:00:00,12,7,5
2017-01-14 09:00:00,16,7,9
2017-01-14 10:00:00,40,25,15
2017-01-14 11:00:00,57,25,32
2017-01-14 12:00:00,57,41,16
2017-01-14 13:00:00,43,31,12
2017-01-14 14:00:00,48,33,15
2017-01-14 15:00:00,17,12,5
2017-01-14 16:00:00,19,14,5
2017-01-14 17:00:00,5,3,2
2017-01-14 18:00:00,0,0,0
2017-01-14 19:00:00,2,2,0
2017-01-14 20:00:00,0,0,0
2017-01-14 21:00:00,2,1,1
2017-01-14 22:00:00,0,0,0
2017-01-14 23:00:00,0,0,0
2017-01-15 00:00:00,0,0,0
2017-01-15 01:00:00,0,0,0
2017-01-15 02:00:00,0,0,0
2017-01-15 03:00:00,0,0,0
2017-01-15 04:00:00,0,0,0
2017-01-15 05:00:00,0,0,0
2017-01-15 06:00:00,0,0,0
2017-01-15 07:00:00,2,0,2
2017-01-15 08:00:00,9,5,4
2017-01-15 09:00:00,17,10,7
2017-01-15 10:00:00,22,7,15
2017-01-15 11:00:00,64,34,30
2017-01-15 12:00:00,38,20,18
2017-01-15 13:00:00,67,39,28
2017-01-15 14:00:00,51,36,15
2017-01-15 15:00:00,39,25,14
2017-01-15 16:00:00,17,11,6
2017-01-15 17:00:00,3,2,1
2017-01-15 18:00:00,4,3,1
2017-01-15 19:00:00,2,2,0
2017-01-15 20:00:00,1,1,0
2017-01-15 21:00:00,0,0,0
2017-01-15 22:00:00,1,0,1
2017-01-15 23:00:00,0,0,0
2017-01-16 00:00:00,0,0,0
2017-01-16 01:00:00,0,0,0
2017-01-16 02:00:00,0,0,0
2017-01-16 03:00:00,0,0,0
2017-01-16 04:00:00,0,0,0
2017-01-16 05:00:00,3,1,2
2017-01-16 06:00:00,5,2,3
2017-01-16 07:00:00,10,2,8
2017-01-16 08:00:00,18,7,11
2017-01-16 09:00:00,9,8,1
2017-01-16 10:00:00,10,4,6
2017-01-16 11:00:00,31,17,14
2017-01-16 12:00:00,29,19,10
2017-01-16 13:00:00,49,28,21
2017-01-16 14:00:00,42,27,15
2017-01-16 15:00:00,22,16,6
2017-01-16 16:00:00,24,19,5
2017-01-16 17:00:00,20,15,5
2017-01-16 18:00:00,10,7,3
2017-01-16 19:00:00,2,1,1
2017-01-16 20:00:00,1,1,0
2017-01-16 21:00:00,0,0,0
2017-01-16 22:00:00,1,1,0
2017-01-16 23:00:00,1,1,0
2017-01-17 00:00:00,0,0,0
2017-01-17 01:00:00,0,0,0
2017-01-17 02:00:00,0,0,0
2017-01-17 03:00:00,0,0,0
2017-01-17 04:00:00,1,1,0
2017-01-17 05:00:00,6,5,1
2017-01-17 06:00:00,9,7,2
2017-01-17 07:00:00,27,17,10
2017-01-17 08:00:00,27,21,6
2017-01-17 09:00:00,8,7,1
2017-01-17 10:00:00,8,5,3
2017-01-17 11:00:00,4,3,1
2017-01-17 12:00:00,6,5,1
2017-01-17 13:00:00,1,1,0
2017-01-17 14:00:00,3,2,1
2017-01-17 15:00:00,5,4,1
2017-01-17 16:00:00,15,14,1
2017-01-17 17:00:00,21,21,0
2017-01-17 18:00:00,24,24,0
2017-01-17 19:00:00,7,7,0
2017-01-17 20:00:00,0,0,0
2017-01-17 21:00:00,0,0,0
2017-01-17 22:00:00,1,1,0
2017-01-17 23:00:00,0,0,0
2017-01-18 00:00:00,1,1,0
2017-01-18 01:00:00,0,0,0
2017-01-18 02:00:00,0,0,0
2017-01-18 03:00:00,0,0,0
2017-01-18 04:00:00,0,0,0
2017-01-18 05:00:00,4,4,0
2017-01-18 06:00:00,8,7,1
2017-01-18 07:00:00,19,17,2
2017-01-18 08:00:00,10,8,2
2017-01-18 09:00:00,2,2,0
2017-01-18 10:00:00,4,3,1
2017-01-18 11:00:00,7,5,2
2017-01-18 12:00:00,2,1,1
2017-01-18 13:00:00,4,4,0
2017-01-18 14:00:00,9,8,1
2017-01-18 15:00:00,4,3,1
2017-01-18 16:00:00,14,12,2
2017-01-18 17:00:00,19,16,3
2017-01-18 18:00:00,10,7,3
2017-01-18 19:00:00,7,6,1
2017-01-18 20:00:00,1,1,0
2017-01-18 21:00:00,0,0,0
2017-01-18 22:00:00,1,1,0
2017-01-18 23:00:00,1,1,0
2017-01-19 00:00:00,0,0,0
2017-01-19 01:00:00,1,1,0
2017-01-19 02:00:00,0,0,0
2017-01-19 03:00:00,0,0,0
2017-01-19 04:00:00,1,1,0
2017-01-19 05:00:00,5,4,1
2017-01-19 06:00:00,6,4,2
2017-01-19 07:00:00,26,15,11
2017-01-19 08:00:00,18,13,5
2017-01-19 09:00:00,11,8,3
2017-01-19 10:00:00,9,6,3
2017-01-19 11:00:00,10,9,1
2017-01-19 12:00:00,8,5,3
2017-01-19 13:00:00,5,5,0
2017-01-19 14:00:00,2,0,2
2017-01-19 15:00:00,3,3,0
2017-01-19 16:00:00,23,15,8
2017-01-19 17:00:00,28,19,9
2017-01-19 18:00:00,21,15,6
2017-01-19 19:00:00,9,6,3
2017-01-19 20:00:00,1,0,1
2017-01-19 21:00:00,1,1,0
2017-01-19 22:00:00,0,0,0
2017-01-19 23:00:00,1,1,0
2017-01-20 00:00:00,0,0,0
2017-01-20 01:00:00,1,1,0
2017-01-20 02:00:00,0,0,0
2017-01-20 03:00:00,0,0,0
2017-01-20 04:00:00,1,1,0
2017-01-20 05:00:00,2,1,1
2017-01-20 06:00:00,10,7,3
2017-01-20 07:00:00,34,23,11
2017-01-20 08:00:00,26,15,11
2017-01-20 09:00:00,20,9,11
2017-01-20 10:00:00,19,14,5
2017-01-20 11:00:00,20,15,5
2017-01-20 12:00:00,23,17,6
2017-01-20 13:00:00,26,18,8
2017-01-20 14:00:00,13,10,3
2017-01-20 15:00:00,24,16,8
2017-01-20 16:00:00,48,33,15
2017-01-20 17:00:00,33,22,11
2017-01-20 18:00:00,27,18,9
2017-01-20 19:00:00,9,8,1
2017-01-20 20:00:00,5,5,0
2017-01-20 21:00:00,1,1,0
2017-01-20 22:00:00,1,1,0
2017-01-20 23:00:00,1,1,0
2017-01-21 00:00:00,1,0,1
2017-01-21 01:00:00,1,0,1
2017-01-21 02:00:00,0,0,0
2017-01-21 03:00:00,0,0,0
2017-01-21 04:00:00,0,0,0
2017-01-21 05:00:00,1,1,0
2017-01-21 06:00:00,0,0,0
2017-01-21 07:00:00,0,0,0
2017-01-21 08:00:00,22,9,13
2017-01-21 09:00:00,36,24,12
2017-01-21 10:00:00,52,34,18
2017-01-21 11:00:00,73,52,21
2017-01-21 12:00:00,54,28,26
2017-01-21 13:00:00,82,54,28
2017-01-21 14:00:00,59,47,12
2017-01-21 15:00:00,38,20,18
2017-01-21 16:00:00,20,15,5
2017-01-21 17:00:00,6,6,0
2017-01-21 18:00:00,2,2,0
2017-01-21 19:00:00,3,2,1
2017-01-21 20:00:00,2,2,0
2017-01-21 21:00:00,0,0,0
2017-01-21 22:00:00,0,0,0
2017-01-21 23:00:00,0,0,0
2017-01-22 00:00:00,0,0,0
2017-01-22 01:00:00,0,0,0
2017-01-22 02:00:00,0,0,0
2017-01-22 03:00:00,0,0,0
2017-01-22 04:00:00,0,0,0
2017-01-22 05:00:00,0,0,0
2017-01-22 06:00:00,1,1,0
2017-01-22 07:00:00,3,2,1
2017-01-22 08:00:00,15,7,8
2017-01-22 09:00:00,13,6,7
2017-01-22 10:00:00,14,11,3
2017-01-22 11:00:00,27,26,1
2017-01-22 12:00:00,30,22,8
2017-01-22 13:00:00,20,11,9
2017-01-22 14:00:00,22,10,12
2017-01-22 15:00:00,20,13,7
2017-01-22 16:00:00,24,17,7
2017-01-22 17:00:00,7,7,0
2017-01-22 18:00:00,5,5,0
2017-01-22 19:00:00,0,0,0
2017-01-22 20:00:00,0,0,0
2017-01-22 21:00:00,0,0,0
2017-01-22 22:00:00,0,0,0
2017-01-22 23:00:00,2,1,1
2017-01-23 00:00:00,0,0,0
2017-01-23 01:00:00,0,0,0
2017-01-23 02:00:00,0,0,0
2017-01-23 03:00:00,0,0,0
2017-01-23 04:00:00,2,1,1
2017-01-23 05:00:00,4,4,0
2017-01-23 06:00:00,22,11,11
2017-01-23 07:00:00,34,20,14
2017-01-23 08:00:00,32,21,11
2017-01-23 09:00:00,16,10,6
2017-01-23 10:00:00,14,10,4
2017-01-23 11:00:00,10,3,7
2017-01-23 12:00:00,18,11,7
2017-01-23 13:00:00,12,9,3
2017-01-23 14:00:00,27,24,3
2017-01-23 15:00:00,31,19,12
2017-01-23 16:00:00,44,23,21
2017-01-23 17:00:00,56,37,19
2017-01-23 18:00:00,31,17,14
2017-01-23 19:00:00,9,7,2
2017-01-23 20:00:00,2,1,1
2017-01-23 21:00:00,3,3,0
2017-01-23 22:00:00,1,0,1
2017-01-23 23:00:00,1,0,1
2017-01-24 00:00:00,0,0,0
2017-01-24 01:00:00,0,0,0
2017-01-24 02:00:00,0,0,0
2017-01-24 03:00:00,0,0,0
2017-01-24 04:00:00,1,1,0
2017-01-24 05:00:00,3,3,0
2017-01-24 06:00:00,16,10,6
2017-01-24 07:00:00,32,22,10
2017-01-24 08:00:00,39,30,9
2017-01-24 09:00:00,18,16,2
2017-01-24 10:00:00,12,11,1
2017-01-24 11:00:00,16,12,4
2017-01-24 12:00:00,3,2,1
2017-01-24 13:00:00,14,9,5
2017-01-24 14:00:00,19,18,1
2017-01-24 15:00:00,23,16,7
2017-01-24 16:00:00,40,24,16
2017-01-24 17:00:00,52,36,16
2017-01-24 18:00:00,41,27,14
2017-01-24 19:00:00,23,15,8
2017-01-24 20:00:00,6,4,2
2017-01-24 21:00:00,2,2,0
2017-01-24 22:00:00,2,1,1
2017-01-24 23:00:00,3,3,0
2017-01-25 00:00:00,2,1,1
2017-01-25 01:00:00,2,1,1
2017-01-25 02:00:00,0,0,0
2017-01-25 03:00:00,0,0,0
2017-01-25 04:00:00,1,1,0
2017-01-25 05:00:00,7,5,2
2017-01-25 06:00:00,18,11,7
2017-01-25 07:00:00,30,20,10
2017-01-25 08:00:00,33,20,13
2017-01-25 09:00:00,16,16,0
2017-01-25 10:00:00,8,6,2
2017-01-25 11:00:00,15,13,2
2017-01-25 12:00:00,22,16,6
2017-01-25 13:00:00,9,6,3
2017-01-25 14:00:00,13,10,3
2017-01-25 15:00:00,13,9,4
2017-01-25 16:00:00,20,10,10
2017-01-25 17:00:00,50,32,18
2017-01-25 18:00:00,33,25,8
2017-01-25 19:00:00,16,12,4
2017-01-25 20:00:00,2,0,2
2017-01-25 21:00:00,2,1,1
2017-01-25 22:00:00,0,0,0
2017-01-25 23:00:00,3,1,2
2017-01-26 00:00:00,1,1,0
2017-01-26 01:00:00,0,0,0
2017-01-26 02:00:00,0,0,0
2017-01-26 03:00:00,0,0,0
2017-01-26 04:00:00,1,1,0
2017-01-26 05:00:00,5,5,0
2017-01-26 06:00:00,13,10,3
2017-01-26 07:00:00,45,34,11
2017-01-26 08:00:00,36,24,12
2017-01-26 09:00:00,28,20,8
2017-01-26 10:00:00,11,6,5
2017-01-26 11:00:00,6,3,3
2017-01-26 12:00:00,7,6,1
2017-01-26 13:00:00,15,15,0
2017-01-26 14:00:00,16,10,6
2017-01-26 15:00:00,14,9,5
2017-01-26 16:00:00,42,27,15
2017-01-26 17:00:00,49,40,9
2017-01-26 18:00:00,46,26,20
2017-01-26 19:00:00,10,6,4
2017-01-26 20:00:00,0,0,0
2017-01-26 21:00:00,1,0,1
2017-01-26 22:00:00,1,1,0
2017-01-26 23:00:00,1,0,1
2017-01-27 00:00:00,0,0,0
2017-01-27 01:00:00,0,0,0
2017-01-27 02:00:00,0,0,0
2017-01-27 03:00:00,0,0,0
2017-01-27 04:00:00,2,2,0
2017-01-27 05:00:00,3,3,0
2017-01-27 06:00:00,14,11,3
2017-01-27 07:00:00,37,23,14
2017-01-27 08:00:00,33,17,16
2017-01-27 09:00:00,26,18,8
2017-01-27 10:00:00,21,9,12
2017-01-27 11:00:00,13,3,10
2017-01-27 12:00:00,28,21,7
2017-01-27 13:00:00,31,26,5
2017-01-27 14:00:00,22,21,1
2017-01-27 15:00:00,38,25,13
2017-01-27 16:00:00,54,35,19
2017-01-27 17:00:00,37,24,13
2017-01-27 18:00:00,19,16,3
2017-01-27 19:00:00,8,8,0
2017-01-27 20:00:00,3,2,1
2017-01-27 21:00:00,0,0,0
2017-01-27 22:00:00,2,0,2
2017-01-27 23:00:00,3,3,0
2017-01-28 00:00:00,0,0,0
2017-01-28 01:00:00,0,0,0
2017-01-28 02:00:00,0,0,0
2017-01-28 03:00:00,2,2,0
2017-01-28 04:00:00,0,0,0
2017-01-28 05:00:00,1,0,1
2017-01-28 06:00:00,1,1,0
2017-01-28 07:00:00,7,1,6
2017-01-28 08:00:00,36,16,20
2017-01-28 09:00:00,110,68,42
2017-01-28 10:00:00,60,37,23
2017-01-28 11:00:00,74,55,19
2017-01-28 12:00:00,122,87,35
2017-01-28 13:00:00,82,64,18
2017-01-28 14:00:00,80,52,28
2017-01-28 15:00:00,65,47,18
2017-01-28 16:00:00,42,33,9
2017-01-28 17:00:00,14,11,3
2017-01-28 18:00:00,3,3,0
2017-01-28 19:00:00,1,1,0
2017-01-28 20:00:00,0,0,0
2017-01-28 21:00:00,1,1,0
2017-01-28 22:00:00,0,0,0
2017-01-28 23:00:00,2,2,0
2017-01-29 00:00:00,1,0,1
2017-01-29 01:00:00,0,0,0
2017-01-29 02:00:00,1,0,1
2017-01-29 03:00:00,0,0,0
2017-01-29 04:00:00,1,1,0
2017-01-29 05:00:00,1,0,1
2017-01-29 06:00:00,0,0,0
2017-01-29 07:00:00,18,3,15
2017-01-29 08:00:00,26,8,18
2017-01-29 09:00:00,36,27,9
2017-01-29 10:00:00,75,36,39
2017-01-29 11:00:00,97,60,37
2017-01-29 12:00:00,44,30,14
2017-01-29 13:00:00,31,26,5
2017-01-29 14:00:00,21,20,1
2017-01-29 15:00:00,17,11,6
2017-01-29 16:00:00,13,12,1
2017-01-29 17:00:00,4,4,0
2017-01-29 18:00:00,2,2,0
2017-01-29 19:00:00,0,0,0
2017-01-29 20:00:00,0,0,0
2017-01-29 21:00:00,1,1,0
2017-01-29 22:00:00,0,0,0
2017-01-29 23:00:00,0,0,0
2017-01-30 00:00:00,2,1,1
2017-01-30 01:00:00,0,0,0
2017-01-30 02:00:00,0,0,0
2017-01-30 03:00:00,0,0,0
2017-01-30 04:00:00,1,1,0
2017-01-30 05:00:00,9,6,3
2017-01-30 06:00:00,10,7,3
2017-01-30 07:00:00,52,36,16
2017-01-30 08:00:00,41,27,14
2017-01-30 09:00:00,21,17,4
2017-01-30 10:00:00,6,3,3
2017-01-30 11:00:00,6,3,3
2017-01-30 12:00:00,5,4,1
2017-01-30 13:00:00,8,7,1
2017-01-30 14:00:00,4,2,2
2017-01-30 15:00:00,12,8,4
2017-01-30 16:00:00,38,27,11
2017-01-30 17:00:00,60,43,17
2017-01-30 18:00:00,35,22,13
2017-01-30 19:00:00,11,5,6
2017-01-30 20:00:00,2,2,0
2017-01-30 21:00:00,2,1,1
2017-01-30 22:00:00,4,2,2
2017-01-30 23:00:00,1,0,1
2017-01-31 00:00:00,1,1,0
2017-01-31 01:00:00,0,0,0
2017-01-31 02:00:00,0,0,0
2017-01-31 03:00:00,0,0,0
2017-01-31 04:00:00,1,1,0
2017-01-31 05:00:00,11,7,4
2017-01-31 06:00:00,14,11,3
2017-01-31 07:00:00,39,27,12
2017-01-31 08:00:00,42,26,16
2017-01-31 09:00:00,19,15,4
2017-01-31 10:00:00,10,5,5
2017-01-31 11:00:00,9,4,5
2017-01-31 12:00:00,20,8,12
2017-01-31 13:00:00,11,5,6
2017-01-31 14:00:00,19,10,9
2017-01-31 15:00:00,26,14,12
2017-01-31 16:00:00,48,26,22
2017-01-31 17:00:00,52,35,17
2017-01-31 18:00:00,46,29,17
2017-01-31 19:00:00,20,10,10
2017-01-31 20:00:00,4,3,1
2017-01-31 21:00:00,3,1,2
2017-01-31 22:00:00,0,0,0
2017-01-31 23:00:00,0,0,0
2017-02-01 00:00:00,0,0,0
2017-02-01 01:00:00,0,0,0
2017-02-01 02:00:00,1,1,0
2017-02-01 03:00:00,0,0,0
2017-02-01 04:00:00,1,1,0
2017-02-01 05:00:00,2,2,0
2017-02-01 06:00:00,18,10,8
2017-02-01 07:00:00,28,17,11
2017-02-01 08:00:00,36,17,19
2017-02-01 09:00:00,23,11,12
2017-02-01 10:00:00,6,3,3
2017-02-01 11:00:00,10,2,8
2017-02-01 12:00:00,20,17,3
2017-02-01 13:00:00,13,8,5
2017-02-01 14:00:00,17,7,10
2017-02-01 15:00:00,21,11,10
2017-02-01 16:00:00,39,28,11
2017-02-01 17:00:00,40,27,13
2017-02-01 18:00:00,23,12,11
2017-02-01 19:00:00,13,7,6
2017-02-01 20:00:00,4,3,1
2017-02-01 21:00:00,2,2,0
2017-02-01 22:00:00,0,0,0
2017-02-01 23:00:00,0,0,0
2017-02-02 00:00:00,1,1,0
2017-02-02 01:00:00,1,1,0
2017-02-02 02:00:00,1,1,0
2017-02-02 03:00:00,0,0,0
2017-02-02 04:00:00,1,1,0
2017-02-02 05:00:00,3,1,2
2017-02-02 06:00:00,10,2,8
2017-02-02 07:00:00,33,18,15
2017-02-02 08:00:00,28,21,7
2017-02-02 09:00:00,26,19,7
2017-02-02 10:00:00,13,5,8
2017-02-02 11:00:00,17,9,8
2017-02-02 12:00:00,22,16,6
2017-02-02 13:00:00,15,7,8
2017-02-02 14:00:00,18,8,10
2017-02-02 15:00:00,27,18,9
2017-02-02 16:00:00,42,31,11
2017-02-02 17:00:00,53,40,13
2017-02-02 18:00:00,36,19,17
2017-02-02 19:00:00,38,20,18
2017-02-02 20:00:00,3,2,1
2017-02-02 21:00:00,9,8,1
2017-02-02 22:00:00,3,3,0
2017-02-02 23:00:00,13,12,1
2017-02-03 00:00:00,3,3,0
2017-02-03 01:00:00,0,0,0
2017-02-03 02:00:00,0,0,0
2017-02-03 03:00:00,0,0,0
2017-02-03 04:00:00,0,0,0
2017-02-03 05:00:00,3,2,1
2017-02-03 06:00:00,3,1,2
2017-02-03 07:00:00,11,7,4
2017-02-03 08:00:00,10,7,3
2017-02-03 09:00:00,5,3,2
2017-02-03 10:00:00,2,1,1
2017-02-03 11:00:00,2,1,1
2017-02-03 12:00:00,4,1,3
2017-02-03 13:00:00,3,3,0
2017-02-03 14:00:00,2,1,1
2017-02-03 15:00:00,4,1,3
2017-02-03 16:00:00,9,6,3
2017-02-03 17:00:00,16,13,3
2017-02-03 18:00:00,7,5,2
2017-02-03 19:00:00,2,2,0
2017-02-03 20:00:00,2,2,0
2017-02-03 21:00:00,1,1,0
2017-02-03 22:00:00,0,0,0
2017-02-03 23:00:00,0,0,0
2017-02-04 00:00:00,0,0,0
2017-02-04 01:00:00,0,0,0
2017-02-04 02:00:00,1,1,0
2017-02-04 03:00:00,0,0,0
2017-02-04 04:00:00,0,0,0
2017-02-04 05:00:00,0,0,0
2017-02-04 06:00:00,0,0,0
2017-02-04 07:00:00,2,2,0
2017-02-04 08:00:00,8,8,0
2017-02-04 09:00:00,20,18,2
2017-02-04 10:00:00,35,34,1
2017-02-04 11:00:00,23,23,0
2017-02-04 12:00:00,29,29,0
2017-02-04 13:00:00,14,14,0
2017-02-04 14:00:00,4,4,0
2017-02-04 15:00:00,3,3,0
2017-02-04 16:00:00,3,3,0
2017-02-04 17:00:00,1,1,0
2017-02-04 18:00:00,3,2,1
2017-02-04 19:00:00,0,0,0
2017-02-04 20:00:00,0,0,0
2017-02-04 21:00:00,0,0,0
2017-02-04 22:00:00,1,1,0
2017-02-04 23:00:00,1,1,0
2017-02-05 00:00:00,2,2,0
2017-02-05 01:00:00,0,0,0
2017-02-05 02:00:00,0,0,0
2017-02-05 03:00:00,0,0,0
2017-02-05 04:00:00,1,1,0
2017-02-05 05:00:00,0,0,0
2017-02-05 06:00:00,1,1,0
2017-02-05 07:00:00,5,1,4
2017-02-05 08:00:00,10,2,8
2017-02-05 09:00:00,19,11,8
2017-02-05 10:00:00,18,12,6
2017-02-05 11:00:00,30,28,2
2017-02-05 12:00:00,14,13,1
2017-02-05 13:00:00,15,14,1
2017-02-05 14:00:00,3,3,0
2017-02-05 15:00:00,3,2,1
2017-02-05 16:00:00,5,5,0
2017-02-05 17:00:00,1,1,0
2017-02-05 18:00:00,3,3,0
2017-02-05 19:00:00,0,0,0
2017-02-05 20:00:00,0,0,0
2017-02-05 21:00:00,0,0,0
2017-02-05 22:00:00,0,0,0
2017-02-05 23:00:00,2,1,1
2017-02-06 00:00:00,0,0,0
2017-02-06 01:00:00,0,0,0
2017-02-06 02:00:00,0,0,0
2017-02-06 03:00:00,0,0,0
2017-02-06 04:00:00,0,0,0
2017-02-06 05:00:00,0,0,0
2017-02-06 06:00:00,0,0,0
2017-02-06 07:00:00,0,0,0
2017-02-06 08:00:00,3,0,3
2017-02-06 09:00:00,1,1,0
2017-02-06 10:00:00,1,1,0
2017-02-06 11:00:00,2,1,1
2017-02-06 12:00:00,0,0,0
2017-02-06 13:00:00,2,2,0
2017-02-06 14:00:00,1,1,0
2017-02-06 15:00:00,5,2,3
2017-02-06 16:00:00,3,1,2
2017-02-06 17:00:00,6,6,0
2017-02-06 18:00:00,2,2,0
2017-02-06 19:00:00,2,2,0
2017-02-06 20:00:00,0,0,0
2017-02-06 21:00:00,0,0,0
2017-02-06 22:00:00,0,0,0
2017-02-06 23:00:00,0,0,0
2017-02-07 00:00:00,0,0,0
2017-02-07 01:00:00,0,0,0
2017-02-07 02:00:00,0,0,0
2017-02-07 03:00:00,0,0,0
2017-02-07 04:00:00,0,0,0
2017-02-07 05:00:00,0,0,0
2017-02-07 06:00:00,0,0,0
2017-02-07 07:00:00,1,1,0
2017-02-07 08:00:00,2,1,1
2017-02-07 09:00:00,2,1,1
2017-02-07 10:00:00,5,2,3
2017-02-07 11:00:00,2,2,0
2017-02-07 12:00:00,6,5,1
2017-02-07 13:00:00,4,4,0
2017-02-07 14:00:00,4,3,1
2017-02-07 15:00:00,2,2,0
2017-02-07 16:00:00,10,9,1
2017-02-07 17:00:00,6,5,1
2017-02-07 18:00:00,4,2,2
2017-02-07 19:00:00,3,2,1
2017-02-07 20:00:00,3,1,2
2017-02-07 21:00:00,2,1,1
2017-02-07 22:00:00,0,0,0
2017-02-07 23:00:00,0,0,0
2017-02-08 00:00:00,0,0,0
2017-02-08 01:00:00,0,0,0
2017-02-08 02:00:00,0,0,0
2017-02-08 03:00:00,0,0,0
2017-02-08 04:00:00,0,0,0
2017-02-08 05:00:00,3,1,2
2017-02-08 06:00:00,7,5,2
2017-02-08 07:00:00,7,3,4
2017-02-08 08:00:00,15,9,6
2017-02-08 09:00:00,6,3,3
2017-02-08 10:00:00,3,3,0
2017-02-08 11:00:00,0,0,0
2017-02-08 12:00:00,0,0,0
2017-02-08 13:00:00,0,0,0
2017-02-08 14:00:00,2,2,0
2017-02-08 15:00:00,2,2,0
2017-02-08 16:00:00,9,8,1
2017-02-08 17:00:00,5,5,0
2017-02-08 18:00:00,6,5,1
2017-02-08 19:00:00,11,10,1
2017-02-08 20:00:00,1,1,0
2017-02-08 21:00:00,1,1,0
2017-02-08 22:00:00,0,0,0
2017-02-08 23:00:00,0,0,0
2017-02-09 00:00:00,0,0,0
2017-02-09 01:00:00,0,0,0
2017-02-09 02:00:00,0,0,0
2017-02-09 03:00:00,0,0,0
2017-02-09 04:00:00,0,0,0
2017-02-09 05:00:00,2,2,0
2017-02-09 06:00:00,4,4,0
2017-02-09 07:00:00,11,11,0
2017-02-09 08:00:00,11,11,0
2017-02-09 09:00:00,5,5,0
2017-02-09 10:00:00,2,2,0
2017-02-09 11:00:00,3,3,0
2017-02-09 12:00:00,0,0,0
2017-02-09 13:00:00,0,0,0
2017-02-09 14:00:00,2,1,1
2017-02-09 15:00:00,3,3,0
2017-02-09 16:00:00,15,14,1
2017-02-09 17:00:00,18,16,2
2017-02-09 18:00:00,9,6,3
2017-02-09 19:00:00,6,5,1
2017-02-09 20:00:00,3,2,1
2017-02-09 21:00:00,1,0,1
2017-02-09 22:00:00,1,1,0
2017-02-09 23:00:00,0,0,0
2017-02-10 00:00:00,0,0,0
2017-02-10 01:00:00,1,1,0
2017-02-10 02:00:00,0,0,0
2017-02-10 03:00:00,0,0,0
2017-02-10 04:00:00,1,1,0
2017-02-10 05:00:00,3,0,3
2017-02-10 06:00:00,11,9,2
2017-02-10 07:00:00,25,17,8
2017-02-10 08:00:00,22,15,7
2017-02-10 09:00:00,7,7,0
2017-02-10 10:00:00,3,1,2
2017-02-10 11:00:00,5,2,3
2017-02-10 12:00:00,1,1,0
2017-02-10 13:00:00,9,5,4
2017-02-10 14:00:00,2,0,2
2017-02-10 15:00:00,9,6,3
2017-02-10 16:00:00,24,15,9
2017-02-10 17:00:00,26,11,15
2017-02-10 18:00:00,22,15,7
2017-02-10 19:00:00,4,3,1
2017-02-10 20:00:00,0,0,0
2017-02-10 21:00:00,0,0,0
2017-02-10 22:00:00,1,0,1
2017-02-10 23:00:00,1,1,0
2017-02-11 00:00:00,0,0,0
2017-02-11 01:00:00,0,0,0
2017-02-11 02:00:00,0,0,0
2017-02-11 03:00:00,0,0,0
2017-02-11 04:00:00,1,1,0
2017-02-11 05:00:00,0,0,0
2017-02-11 06:00:00,1,1,0
2017-02-11 07:00:00,8,3,5
2017-02-11 08:00:00,31,14,17
2017-02-11 09:00:00,98,47,51
2017-02-11 10:00:00,70,32,38
2017-02-11 11:00:00,65,41,24
2017-02-11 12:00:00,78,61,17
2017-02-11 13:00:00,59,40,19
2017-02-11 14:00:00,59,42,17
2017-02-11 15:00:00,52,32,20
2017-02-11 16:00:00,32,25,7
2017-02-11 17:00:00,14,12,2
2017-02-11 18:00:00,3,3,0
2017-02-11 19:00:00,3,3,0
2017-02-11 20:00:00,1,0,1
2017-02-11 21:00:00,0,0,0
2017-02-11 22:00:00,1,1,0
2017-02-11 23:00:00,1,1,0
2017-02-12 00:00:00,0,0,0
2017-02-12 01:00:00,0,0,0
2017-02-12 02:00:00,0,0,0
2017-02-12 03:00:00,0,0,0
2017-02-12 04:00:00,2,2,0
2017-02-12 05:00:00,0,0,0
2017-02-12 06:00:00,2,1,1
2017-02-12 07:00:00,10,5,5
2017-02-12 08:00:00,35,14,21
2017-02-12 09:00:00,42,27,15
2017-02-12 10:00:00,79,49,30
2017-02-12 11:00:00,122,103,19
2017-02-12 12:00:00,90,82,8
2017-02-12 13:00:00,84,74,10
2017-02-12 14:00:00,107,102,5
2017-02-12 15:00:00,71,59,12
2017-02-12 16:00:00,56,39,17
2017-02-12 17:00:00,25,20,5
2017-02-12 18:00:00,8,6,2
2017-02-12 19:00:00,0,0,0
2017-02-12 20:00:00,5,2,3
2017-02-12 21:00:00,0,0,0
2017-02-12 22:00:00,0,0,0
2017-02-12 23:00:00,2,0,2
2017-02-13 00:00:00,3,3,0
2017-02-13 01:00:00,0,0,0
2017-02-13 02:00:00,0,0,0
2017-02-13 03:00:00,0,0,0
2017-02-13 04:00:00,1,1,0
2017-02-13 05:00:00,9,5,4
2017-02-13 06:00:00,20,11,9
2017-02-13 07:00:00,45,26,19
2017-02-13 08:00:00,43,39,4
2017-02-13 09:00:00,22,19,3
2017-02-13 10:00:00,6,2,4
2017-02-13 11:00:00,25,12,13
2017-02-13 12:00:00,24,15,9
2017-02-13 13:00:00,40,24,16
2017-02-13 14:00:00,26,10,16
2017-02-13 15:00:00,38,26,12
2017-02-13 16:00:00,53,28,25
2017-02-13 17:00:00,85,66,19
2017-02-13 18:00:00,39,30,9
2017-02-13 19:00:00,13,8,5
2017-02-13 20:00:00,1,1,0
2017-02-13 21:00:00,3,3,0
2017-02-13 22:00:00,0,0,0
2017-02-13 23:00:00,0,0,0
2017-02-14 00:00:00,0,0,0
2017-02-14 01:00:00,0,0,0
2017-02-14 02:00:00,0,0,0
2017-02-14 03:00:00,0,0,0
2017-02-14 04:00:00,3,3,0
2017-02-14 05:00:00,9,5,4
2017-02-14 06:00:00,29,15,14
2017-02-14 07:00:00,47,26,21
2017-02-14 08:00:00,47,28,19
2017-02-14 09:00:00,25,19,6
2017-02-14 10:00:00,14,9,5
2017-02-14 11:00:00,6,2,4
2017-02-14 12:00:00,13,7,6
2017-02-14 13:00:00,27,16,11
2017-02-14 14:00:00,28,20,8
2017-02-14 15:00:00,34,21,13
2017-02-14 16:00:00,48,29,19
2017-02-14 17:00:00,87,60,27
2017-02-14 18:00:00,46,38,8
2017-02-14 19:00:00,14,12,2
2017-02-14 20:00:00,4,2,2
2017-02-14 21:00:00,0,0,0
2017-02-14 22:00:00,1,1,0
2017-02-14 23:00:00,1,1,0
2017-02-15 00:00:00,0,0,0
2017-02-15 01:00:00,0,0,0
2017-02-15 02:00:00,0,0,0
2017-02-15 03:00:00,0,0,0
2017-02-15 04:00:00,0,0,0
2017-02-15 05:00:00,4,4,0
2017-02-15 06:00:00,7,6,1
2017-02-15 07:00:00,23,23,0
2017-02-15 08:00:00,19,19,0
2017-02-15 09:00:00,6,6,0
2017-02-15 10:00:00,3,3,0
2017-02-15 11:00:00,3,3,0
2017-02-15 12:00:00,1,1,0
2017-02-15 13:00:00,3,3,0
2017-02-15 14:00:00,4,4,0
2017-02-15 15:00:00,2,2,0
2017-02-15 16:00:00,11,11,0
2017-02-15 17:00:00,31,31,0
2017-02-15 18:00:00,17,16,1
2017-02-15 19:00:00,4,4,0
2017-02-15 20:00:00,2,2,0
2017-02-15 21:00:00,0,0,0
2017-02-15 22:00:00,2,2,0
2017-02-15 23:00:00,1,1,0
2017-02-16 00:00:00,0,0,0
2017-02-16 01:00:00,0,0,0
2017-02-16 02:00:00,0,0,0
2017-02-16 03:00:00,0,0,0
2017-02-16 04:00:00,1,1,0
2017-02-16 05:00:00,2,1,1
2017-02-16 06:00:00,8,6,2
2017-02-16 07:00:00,29,22,7
2017-02-16 08:00:00,30,22,8
2017-02-16 09:00:00,8,6,2
2017-02-16 10:00:00,7,2,5
2017-02-16 11:00:00,12,6,6
2017-02-16 12:00:00,10,7,3
2017-02-16 13:00:00,8,5,3
2017-02-16 14:00:00,12,7,5
2017-02-16 15:00:00,9,8,1
2017-02-16 16:00:00,20,17,3
2017-02-16 17:00:00,42,25,17
2017-02-16 18:00:00,21,15,6
2017-02-16 19:00:00,13,13,0
2017-02-16 20:00:00,2,1,1
2017-02-16 21:00:00,1,1,0
2017-02-16 22:00:00,0,0,0
2017-02-16 23:00:00,1,1,0
2017-02-17 00:00:00,0,0,0
2017-02-17 01:00:00,0,0,0
2017-02-17 02:00:00,0,0,0
2017-02-17 03:00:00,0,0,0
2017-02-17 04:00:00,2,2,0
2017-02-17 05:00:00,9,4,5
2017-02-17 06:00:00,17,9,8
2017-02-17 07:00:00,31,19,12
2017-02-17 08:00:00,40,33,7
2017-02-17 09:00:00,25,14,11
2017-02-17 10:00:00,20,13,7
2017-02-17 11:00:00,35,23,12
2017-02-17 12:00:00,29,15,14
2017-02-17 13:00:00,37,26,11
2017-02-17 14:00:00,36,19,17
2017-02-17 15:00:00,49,41,8
2017-02-17 16:00:00,52,42,10
2017-02-17 17:00:00,59,40,19
2017-02-17 18:00:00,24,13,11
2017-02-17 19:00:00,13,8,5
2017-02-17 20:00:00,4,4,0
2017-02-17 21:00:00,0,0,0
2017-02-17 22:00:00,0,0,0
2017-02-17 23:00:00,2,2,0
2017-02-18 00:00:00,1,1,0
2017-02-18 01:00:00,0,0,0
2017-02-18 02:00:00,0,0,0
2017-02-18 03:00:00,1,1,0
2017-02-18 04:00:00,0,0,0
2017-02-18 05:00:00,0,0,0
2017-02-18 06:00:00,2,1,1
2017-02-18 07:00:00,1,1,0
2017-02-18 08:00:00,12,7,5
2017-02-18 09:00:00,37,17,20
2017-02-18 10:00:00,18,12,6
2017-02-18 11:00:00,37,21,16
2017-02-18 12:00:00,21,19,2
2017-02-18 13:00:00,24,20,4
2017-02-18 14:00:00,15,13,2
2017-02-18 15:00:00,10,8,2
2017-02-18 16:00:00,8,7,1
2017-02-18 17:00:00,7,5,2
2017-02-18 18:00:00,2,2,0
2017-02-18 19:00:00,1,1,0
2017-02-18 20:00:00,0,0,0
2017-02-18 21:00:00,0,0,0
2017-02-18 22:00:00,0,0,0
2017-02-18 23:00:00,0,0,0
2017-02-19 00:00:00,0,0,0
2017-02-19 01:00:00,0,0,0
2017-02-19 02:00:00,0,0,0
2017-02-19 03:00:00,0,0,0
2017-02-19 04:00:00,0,0,0
2017-02-19 05:00:00,0,0,0
2017-02-19 06:00:00,1,1,0
2017-02-19 07:00:00,3,0,3
2017-02-19 08:00:00,19,8,11
2017-02-19 09:00:00,24,19,5
2017-02-19 10:00:00,28,12,16
2017-02-19 11:00:00,56,32,24
2017-02-19 12:00:00,31,26,5
2017-02-19 13:00:00,21,15,6
2017-02-19 14:00:00,17,15,2
2017-02-19 15:00:00,12,10,2
2017-02-19 16:00:00,5,5,0
2017-02-19 17:00:00,3,3,0
2017-02-19 18:00:00,0,0,0
2017-02-19 19:00:00,0,0,0
2017-02-19 20:00:00,0,0,0
2017-02-19 21:00:00,1,0,1
2017-02-19 22:00:00,0,0,0
2017-02-19 23:00:00,0,0,0
2017-02-20 00:00:00,0,0,0
2017-02-20 01:00:00,0,0,0
2017-02-20 02:00:00,0,0,0
2017-02-20 03:00:00,0,0,0
2017-02-20 04:00:00,0,0,0
2017-02-20 05:00:00,4,4,0
2017-02-20 06:00:00,3,2,1
2017-02-20 07:00:00,5,5,0
2017-02-20 08:00:00,13,6,7
2017-02-20 09:00:00,14,13,1
2017-02-20 10:00:00,4,3,1
2017-02-20 11:00:00,11,9,2
2017-02-20 12:00:00,6,5,1
2017-02-20 13:00:00,4,4,0
2017-02-20 14:00:00,6,6,0
2017-02-20 15:00:00,13,9,4
2017-02-20 16:00:00,12,7,5
2017-02-20 17:00:00,19,17,2
2017-02-20 18:00:00,9,8,1
2017-02-20 19:00:00,1,0,1
2017-02-20 20:00:00,0,0,0
2017-02-20 21:00:00,0,0,0
2017-02-20 22:00:00,1,1,0
2017-02-20 23:00:00,0,0,0
2017-02-21 00:00:00,1,0,1
2017-02-21 01:00:00,1,1,0
2017-02-21 02:00:00,0,0,0
2017-02-21 03:00:00,0,0,0
2017-02-21 04:00:00,1,1,0
2017-02-21 05:00:00,3,2,1
2017-02-21 06:00:00,11,8,3
2017-02-21 07:00:00,21,12,9
2017-02-21 08:00:00,32,25,7
2017-02-21 09:00:00,11,10,1
2017-02-21 10:00:00,3,3,0
2017-02-21 11:00:00,4,4,0
2017-02-21 12:00:00,12,12,0
2017-02-21 13:00:00,7,7,0
2017-02-21 14:00:00,6,6,0
2017-02-21 15:00:00,9,9,0
2017-02-21 16:00:00,22,19,3
2017-02-21 17:00:00,36,35,1
2017-02-21 18:00:00,37,32,5
2017-02-21 19:00:00,9,9,0
2017-02-21 20:00:00,5,5,0
2017-02-21 21:00:00,1,1,0
2017-02-21 22:00:00,0,0,0
2017-02-21 23:00:00,0,0,0
2017-02-22 00:00:00,2,2,0
2017-02-22 01:00:00,0,0,0
2017-02-22 02:00:00,0,0,0
2017-02-22 03:00:00,0,0,0
2017-02-22 04:00:00,1,1,0
2017-02-22 05:00:00,3,3,0
2017-02-22 06:00:00,10,10,0
2017-02-22 07:00:00,21,21,0
2017-02-22 08:00:00,27,25,2
2017-02-22 09:00:00,20,18,2
2017-02-22 10:00:00,11,11,0
2017-02-22 11:00:00,11,9,2
2017-02-22 12:00:00,11,10,1
2017-02-22 13:00:00,14,11,3
2017-02-22 14:00:00,18,14,4
2017-02-22 15:00:00,22,20,2
2017-02-22 16:00:00,25,21,4
2017-02-22 17:00:00,38,28,10
2017-02-22 18:00:00,27,21,6
2017-02-22 19:00:00,13,11,2
2017-02-22 20:00:00,0,0,0
2017-02-22 21:00:00,3,3,0
2017-02-22 22:00:00,0,0,0
2017-02-22 23:00:00,1,1,0
2017-02-23 00:00:00,0,0,0
2017-02-23 01:00:00,0,0,0
2017-02-23 02:00:00,0,0,0
2017-02-23 03:00:00,0,0,0
2017-02-23 04:00:00,1,1,0
2017-02-23 05:00:00,2,2,0
2017-02-23 06:00:00,11,11,0
2017-02-23 07:00:00,21,21,0
2017-02-23 08:00:00,38,34,4
2017-02-23 09:00:00,15,13,2
2017-02-23 10:00:00,10,9,1
2017-02-23 11:00:00,17,16,1
2017-02-23 12:00:00,14,9,5
2017-02-23 13:00:00,19,18,1
2017-02-23 14:00:00,9,9,0
2017-02-23 15:00:00,9,9,0
2017-02-23 16:00:00,21,18,3
2017-02-23 17:00:00,37,30,7
2017-02-23 18:00:00,27,16,11
2017-02-23 19:00:00,12,12,0
2017-02-23 20:00:00,2,2,0
2017-02-23 21:00:00,2,2,0
2017-02-23 22:00:00,0,0,0
2017-02-23 23:00:00,1,1,0
2017-02-24 00:00:00,0,0,0
2017-02-24 01:00:00,0,0,0
2017-02-24 02:00:00,0,0,0
2017-02-24 03:00:00,0,0,0
2017-02-24 04:00:00,0,0,0
2017-02-24 05:00:00,1,1,0
2017-02-24 06:00:00,8,7,1
2017-02-24 07:00:00,25,22,3
2017-02-24 08:00:00,30,22,8
2017-02-24 09:00:00,12,11,1
2017-02-24 10:00:00,15,14,1
2017-02-24 11:00:00,13,11,2
2017-02-24 12:00:00,7,7,0
2017-02-24 13:00:00,3,3,0
2017-02-24 14:00:00,18,17,1
2017-02-24 15:00:00,20,20,0
2017-02-24 16:00:00,30,24,6
2017-02-24 17:00:00,40,34,6
2017-02-24 18:00:00,25,19,6
2017-02-24 19:00:00,4,4,0
2017-02-24 20:00:00,1,1,0
2017-02-24 21:00:00,0,0,0
2017-02-24 22:00:00,0,0,0
2017-02-24 23:00:00,0,0,0
2017-02-25 00:00:00,0,0,0
2017-02-25 01:00:00,0,0,0
2017-02-25 02:00:00,0,0,0
2017-02-25 03:00:00,0,0,0
2017-02-25 04:00:00,0,0,0
2017-02-25 05:00:00,0,0,0
2017-02-25 06:00:00,2,2,0
2017-02-25 07:00:00,2,2,0
2017-02-25 08:00:00,15,15,0
2017-02-25 09:00:00,61,51,10
2017-02-25 10:00:00,83,80,3
2017-02-25 11:00:00,68,60,8
2017-02-25 12:00:00,109,94,15
2017-02-25 13:00:00,66,56,10
2017-02-25 14:00:00,55,49,6
2017-02-25 15:00:00,55,46,9
2017-02-25 16:00:00,28,21,7
2017-02-25 17:00:00,15,10,5
2017-02-25 18:00:00,2,2,0
2017-02-25 19:00:00,2,2,0
2017-02-25 20:00:00,0,0,0
2017-02-25 21:00:00,0,0,0
2017-02-25 22:00:00,0,0,0
2017-02-25 23:00:00,0,0,0
2017-02-26 00:00:00,0,0,0
2017-02-26 01:00:00,0,0,0
2017-02-26 02:00:00,0,0,0
2017-02-26 03:00:00,0,0,0
2017-02-26 04:00:00,0,0,0
2017-02-26 05:00:00,0,0,0
2017-02-26 06:00:00,8,8,0
2017-02-26 07:00:00,4,4,0
2017-02-26 08:00:00,14,13,1
2017-02-26 09:00:00,19,18,1
2017-02-26 10:00:00,10,10,0
2017-02-26 11:00:00,7,7,0
2017-02-26 12:00:00,9,7,2
2017-02-26 13:00:00,5,5,0
2017-02-26 14:00:00,7,4,3
2017-02-26 15:00:00,12,6,6
2017-02-26 16:00:00,14,8,6
2017-02-26 17:00:00,9,9,0
2017-02-26 18:00:00,6,6,0
2017-02-26 19:00:00,0,0,0
2017-02-26 20:00:00,1,1,0
2017-02-26 21:00:00,0,0,0
2017-02-26 22:00:00,0,0,0
2017-02-26 23:00:00,0,0,0
2017-02-27 00:00:00,0,0,0
2017-02-27 01:00:00,0,0,0
2017-02-27 02:00:00,0,0,0
2017-02-27 03:00:00,0,0,0
2017-02-27 04:00:00,1,1,0
2017-02-27 05:00:00,3,2,1
2017-02-27 06:00:00,5,4,1
2017-02-27 07:00:00,14,11,3
2017-02-27 08:00:00,12,10,2
2017-02-27 09:00:00,3,1,2
2017-02-27 10:00:00,5,5,0
2017-02-27 11:00:00,2,1,1
2017-02-27 12:00:00,1,1,0
2017-02-27 13:00:00,3,3,0
2017-02-27 14:00:00,4,2,2
2017-02-27 15:00:00,2,2,0
2017-02-27 16:00:00,11,9,2
2017-02-27 17:00:00,17,17,0
2017-02-27 18:00:00,11,11,0
2017-02-27 19:00:00,3,3,0
2017-02-27 20:00:00,1,1,0
2017-02-27 21:00:00,0,0,0
2017-02-27 22:00:00,1,1,0
2017-02-27 23:00:00,0,0,0
2017-02-28 00:00:00,0,0,0
2017-02-28 01:00:00,0,0,0
2017-02-28 02:00:00,0,0,0
2017-02-28 03:00:00,0,0,0
2017-02-28 04:00:00,0,0,0
2017-02-28 05:00:00,0,0,0
2017-02-28 06:00:00,7,3,4
2017-02-28 07:00:00,14,6,8
2017-02-28 08:00:00,18,8,10
2017-02-28 09:00:00,12,6,6
2017-02-28 10:00:00,3,2,1
2017-02-28 11:00:00,3,2,1
2017-02-28 12:00:00,7,4,3
2017-02-28 13:00:00,7,4,3
2017-02-28 14:00:00,12,6,6
2017-02-28 15:00:00,13,7,6
2017-02-28 16:00:00,21,10,11
2017-02-28 17:00:00,30,14,16
2017-02-28 18:00:00,24,10,14
2017-02-28 19:00:00,13,6,7
2017-02-28 20:00:00,5,3,2
2017-02-28 21:00:00,2,1,1
2017-02-28 22:00:00,0,0,0
2017-02-28 23:00:00,1,1,0
2017-03-01 00:00:00,0,0,0
2017-03-01 01:00:00,0,0,0
2017-03-01 02:00:00,0,0,0
2017-03-01 03:00:00,0,0,0
2017-03-01 04:00:00,1,1,0
2017-03-01 05:00:00,4,2,2
2017-03-01 06:00:00,16,8,8
2017-03-01 07:00:00,34,17,17
2017-03-01 08:00:00,38,19,19
2017-03-01 09:00:00,15,8,7
2017-03-01 10:00:00,7,4,3
2017-03-01 11:00:00,11,6,5
2017-03-01 12:00:00,8,4,4
2017-03-01 13:00:00,9,5,4
2017-03-01 14:00:00,6,3,3
2017-03-01 15:00:00,16,8,8
2017-03-01 16:00:00,35,19,16
2017-03-01 17:00:00,44,22,22
2017-03-01 18:00:00,38,15,23
2017-03-01 19:00:00,19,7,12
2017-03-01 20:00:00,3,2,1
2017-03-01 21:00:00,2,1,1
2017-03-01 22:00:00,1,1,0
2017-03-01 23:00:00,0,0,0
2017-03-02 00:00:00,0,0,0
2017-03-02 01:00:00,0,0,0
2017-03-02 02:00:00,0,0,0
2017-03-02 03:00:00,0,0,0
2017-03-02 04:00:00,1,1,0
2017-03-02 05:00:00,5,2,3
2017-03-02 06:00:00,8,4,4
2017-03-02 07:00:00,33,15,18
2017-03-02 08:00:00,39,17,22
2017-03-02 09:00:00,12,6,6
2017-03-02 10:00:00,9,5,4
2017-03-02 11:00:00,15,7,8
2017-03-02 12:00:00,7,4,3
2017-03-02 13:00:00,4,2,2
2017-03-02 14:00:00,6,3,3
2017-03-02 15:00:00,11,6,5
2017-03-02 16:00:00,21,10,11
2017-03-02 17:00:00,36,17,19
2017-03-02 18:00:00,30,14,16
2017-03-02 19:00:00,10,5,5
2017-03-02 20:00:00,3,2,1
2017-03-02 21:00:00,2,1,1
2017-03-02 22:00:00,0,0,0
2017-03-02 23:00:00,0,0,0
2017-03-03 00:00:00,1,1,0
2017-03-03 01:00:00,0,0,0
2017-03-03 02:00:00,0,0,0
2017-03-03 03:00:00,0,0,0
2017-03-03 04:00:00,1,1,0
2017-03-03 05:00:00,1,1,0
2017-03-03 06:00:00,6,3,3
2017-03-03 07:00:00,28,14,14
2017-03-03 08:00:00,24,12,12
2017-03-03 09:00:00,11,6,5
2017-03-03 10:00:00,11,6,5
2017-03-03 11:00:00,4,2,2
2017-03-03 12:00:00,2,1,1
2017-03-03 13:00:00,3,2,1
2017-03-03 14:00:00,3,2,1
2017-03-03 15:00:00,2,1,1
2017-03-03 16:00:00,17,9,8
2017-03-03 17:00:00,26,13,13
2017-03-03 18:00:00,12,7,5
2017-03-03 19:00:00,4,2,2
2017-03-03 20:00:00,1,1,0
2017-03-03 21:00:00,0,0,0
2017-03-03 22:00:00,0,0,0
2017-03-03 23:00:00,3,2,1
2017-03-04 00:00:00,0,0,0
2017-03-04 01:00:00,0,0,0
2017-03-04 02:00:00,0,0,0
2017-03-04 03:00:00,0,0,0
2017-03-04 04:00:00,0,0,0
2017-03-04 05:00:00,1,1,0
2017-03-04 06:00:00,0,0,0
2017-03-04 07:00:00,11,5,6
2017-03-04 08:00:00,21,11,10
2017-03-04 09:00:00,85,43,42
2017-03-04 10:00:00,88,45,43
2017-03-04 11:00:00,113,53,60
2017-03-04 12:00:00,112,51,61
2017-03-04 13:00:00,94,42,52
2017-03-04 14:00:00,71,34,37
2017-03-04 15:00:00,69,35,34
2017-03-04 16:00:00,26,14,12
2017-03-04 17:00:00,14,6,8
2017-03-04 18:00:00,3,1,2
2017-03-04 19:00:00,2,1,1
2017-03-04 20:00:00,0,0,0
2017-03-04 21:00:00,1,1,0
2017-03-04 22:00:00,0,0,0
2017-03-04 23:00:00,0,0,0
2017-03-05 00:00:00,0,0,0
2017-03-05 01:00:00,1,1,0
2017-03-05 02:00:00,0,0,0
2017-03-05 03:00:00,0,0,0
2017-03-05 04:00:00,0,0,0
2017-03-05 05:00:00,1,1,0
2017-03-05 06:00:00,0,0,0
2017-03-05 07:00:00,3,2,1
2017-03-05 08:00:00,25,11,14
2017-03-05 09:00:00,31,15,16
2017-03-05 10:00:00,32,16,16
2017-03-05 11:00:00,42,19,23
2017-03-05 12:00:00,41,20,21
2017-03-05 13:00:00,16,6,10
2017-03-05 14:00:00,13,6,7
2017-03-05 15:00:00,12,6,6
2017-03-05 16:00:00,5,3,2
2017-03-05 17:00:00,5,3,2
2017-03-05 18:00:00,1,1,0
2017-03-05 19:00:00,4,2,2
2017-03-05 20:00:00,1,1,0
2017-03-05 21:00:00,0,0,0
2017-03-05 22:00:00,1,1,0
2017-03-05 23:00:00,1,1,0
2017-03-06 00:00:00,1,1,0
2017-03-06 01:00:00,0,0,0
2017-03-06 02:00:00,0,0,0
2017-03-06 03:00:00,0,0,0
2017-03-06 04:00:00,1,1,0
2017-03-06 05:00:00,5,3,2
2017-03-06 06:00:00,12,6,6
2017-03-06 07:00:00,37,18,19
2017-03-06 08:00:00,26,12,14
2017-03-06 09:00:00,11,6,5
2017-03-06 10:00:00,4,2,2
2017-03-06 11:00:00,12,6,6
2017-03-06 12:00:00,4,2,2
2017-03-06 13:00:00,7,4,3
2017-03-06 14:00:00,6,4,2
2017-03-06 15:00:00,12,6,6
2017-03-06 16:00:00,27,13,14
2017-03-06 17:00:00,44,20,24
2017-03-10 03:00:00,1,1,0
2017-03-06 18:00:00,38,14,24
2017-03-06 19:00:00,13,6,7
2017-03-06 20:00:00,1,1,0
2017-03-06 21:00:00,3,1,2
2017-03-06 22:00:00,0,0,0
2017-03-06 23:00:00,0,0,0
2017-03-07 00:00:00,1,1,0
2017-03-07 01:00:00,0,0,0
2017-03-07 02:00:00,0,0,0
2017-03-07 03:00:00,0,0,0
2017-03-07 04:00:00,0,0,0
2017-03-07 05:00:00,3,2,1
2017-03-07 06:00:00,12,6,6
2017-03-07 07:00:00,27,14,13
2017-03-07 08:00:00,18,9,9
2017-03-07 09:00:00,4,2,2
2017-03-07 10:00:00,2,1,1
2017-03-07 11:00:00,1,1,0
2017-03-07 12:00:00,4,2,2
2017-03-07 13:00:00,2,1,1
2017-03-07 14:00:00,1,1,0
2017-03-07 15:00:00,3,2,1
2017-03-07 16:00:00,11,6,5
2017-03-07 17:00:00,28,14,14
2017-03-07 18:00:00,23,12,11
2017-03-07 19:00:00,12,6,6
2017-03-07 20:00:00,1,1,0
2017-03-07 21:00:00,1,1,0
2017-03-07 22:00:00,0,0,0
2017-03-07 23:00:00,1,1,0
2017-03-08 00:00:00,0,0,0
2017-03-08 01:00:00,0,0,0
2017-03-08 02:00:00,0,0,0
2017-03-08 03:00:00,0,0,0
2017-03-08 04:00:00,2,1,1
2017-03-08 05:00:00,3,2,1
2017-03-08 06:00:00,15,8,7
2017-03-08 07:00:00,31,16,15
2017-03-08 08:00:00,41,21,20
2017-03-08 09:00:00,16,8,8
2017-03-08 10:00:00,16,11,5
2017-03-08 11:00:00,16,12,4
2017-03-08 12:00:00,10,7,3
2017-03-08 13:00:00,7,4,3
2017-03-08 14:00:00,3,1,2
2017-03-08 15:00:00,9,7,2
2017-03-08 16:00:00,21,16,5
2017-03-08 17:00:00,33,21,12
2017-03-08 18:00:00,31,21,10
2017-03-08 19:00:00,17,15,2
2017-03-08 20:00:00,6,4,2
2017-03-08 21:00:00,3,2,1
2017-03-08 22:00:00,2,2,0
2017-03-08 23:00:00,0,0,0
2017-03-09 00:00:00,0,0,0
2017-03-09 01:00:00,0,0,0
2017-03-09 02:00:00,1,0,1
2017-03-09 03:00:00,0,0,0
2017-03-09 04:00:00,2,2,0
2017-03-09 05:00:00,3,2,1
2017-03-09 06:00:00,11,6,5
2017-03-09 07:00:00,22,18,4
2017-03-09 08:00:00,21,13,8
2017-03-09 09:00:00,12,7,5
2017-03-09 10:00:00,1,1,0
2017-03-09 11:00:00,1,1,0
2017-03-09 12:00:00,5,5,0
2017-03-09 13:00:00,3,3,0
2017-03-09 14:00:00,2,2,0
2017-03-09 15:00:00,2,2,0
2017-03-09 16:00:00,11,10,1
2017-03-09 17:00:00,22,22,0
2017-03-09 18:00:00,13,13,0
2017-03-09 19:00:00,8,8,0
2017-03-09 20:00:00,25,20,5
2017-03-09 21:00:00,1,1,0
2017-03-09 22:00:00,7,7,0
2017-03-09 23:00:00,6,6,0
2017-03-10 00:00:00,11,11,0
2017-03-10 01:00:00,0,0,0
2017-03-10 02:00:00,0,0,0
2017-03-10 04:00:00,2,1,1
2017-03-10 05:00:00,0,0,0
2017-03-10 06:00:00,5,3,2
2017-03-10 07:00:00,29,13,16
2017-03-10 08:00:00,19,9,10
2017-03-10 09:00:00,11,7,4
2017-03-10 10:00:00,4,2,2
2017-03-10 11:00:00,12,9,3
2017-03-10 12:00:00,12,6,6
2017-03-10 13:00:00,11,6,5
2017-03-10 14:00:00,28,14,14
2017-03-10 15:00:00,21,10,11
2017-03-10 16:00:00,43,20,23
2017-03-10 17:00:00,50,19,31
2017-03-10 18:00:00,24,9,15
2017-03-10 19:00:00,3,1,2
2017-03-10 20:00:00,2,1,1
2017-03-10 21:00:00,0,0,0
2017-03-10 22:00:00,0,0,0
2017-03-10 23:00:00,0,0,0
2017-03-11 00:00:00,0,0,0
2017-03-11 01:00:00,0,0,0
2017-03-11 02:00:00,0,0,0
2017-03-11 03:00:00,0,0,0
2017-03-11 04:00:00,0,0,0
2017-03-11 05:00:00,1,1,0
2017-03-11 06:00:00,2,1,1
2017-03-11 07:00:00,11,6,5
2017-03-11 08:00:00,27,11,16
2017-03-11 09:00:00,27,13,14
2017-03-11 10:00:00,28,14,14
2017-03-11 11:00:00,13,7,6
2017-03-11 12:00:00,5,3,2
2017-03-11 13:00:00,8,4,4
2017-03-11 14:00:00,8,4,4
2017-03-11 15:00:00,16,8,8
2017-03-11 16:00:00,14,7,7
2017-03-11 17:00:00,11,6,5
2017-03-11 18:00:00,3,2,1
2017-03-11 19:00:00,3,2,1
2017-03-11 20:00:00,0,0,0
2017-03-11 21:00:00,1,1,0
2017-03-11 22:00:00,0,0,0
2017-03-11 23:00:00,0,0,0
2017-03-12 00:00:00,0,0,0
2017-03-12 01:00:00,0,0,0
2017-03-12 02:00:00,0,0,0
2017-03-12 03:00:00,0,0,0
2017-03-12 04:00:00,0,0,0
2017-03-12 05:00:00,0,0,0
2017-03-12 06:00:00,4,2,2
2017-03-12 07:00:00,16,8,8
2017-03-12 08:00:00,20,10,10
2017-03-12 09:00:00,39,15,24
2017-03-12 10:00:00,69,35,34
2017-03-12 11:00:00,62,31,31
2017-03-12 12:00:00,66,32,34
2017-03-12 13:00:00,55,27,28
2017-03-12 14:00:00,34,16,18
2017-03-12 15:00:00,32,16,16
2017-03-12 16:00:00,27,13,14
2017-03-12 17:00:00,23,11,12
2017-03-12 18:00:00,19,9,10
2017-03-12 19:00:00,5,2,3
2017-03-12 20:00:00,0,0,0
2017-03-12 21:00:00,1,1,0
2017-03-12 22:00:00,1,1,0
2017-03-12 23:00:00,1,1,0
2017-03-13 00:00:00,0,0,0
2017-03-13 01:00:00,0,0,0
2017-03-13 02:00:00,0,0,0
2017-03-13 03:00:00,0,0,0
2017-03-13 04:00:00,1,1,0
2017-03-13 05:00:00,3,2,1
2017-03-13 06:00:00,10,5,5
2017-03-13 07:00:00,20,10,10
2017-03-13 08:00:00,22,11,11
2017-03-13 09:00:00,11,6,5
2017-03-13 10:00:00,4,2,2
2017-03-13 11:00:00,5,3,2
2017-03-13 12:00:00,4,2,2
2017-03-13 13:00:00,2,1,1
2017-03-13 14:00:00,1,1,0
2017-03-13 15:00:00,3,2,1
2017-03-13 16:00:00,15,8,7
2017-03-13 17:00:00,25,13,12
2017-03-13 18:00:00,28,14,14
2017-03-13 19:00:00,16,8,8
2017-03-13 20:00:00,4,2,2
2017-03-13 21:00:00,1,1,0
2017-03-13 22:00:00,1,1,0
2017-03-13 23:00:00,0,0,0
2017-03-14 00:00:00,0,0,0
2017-03-14 01:00:00,0,0,0
2017-03-14 02:00:00,0,0,0
2017-03-14 03:00:00,0,0,0
2017-03-14 04:00:00,1,1,0
2017-03-14 05:00:00,5,3,2
2017-03-14 06:00:00,5,3,2
2017-03-14 07:00:00,24,12,12
2017-03-14 08:00:00,27,13,14
2017-03-14 09:00:00,13,7,6
2017-03-14 10:00:00,8,4,4
2017-03-14 11:00:00,3,2,1
2017-03-14 12:00:00,5,3,2
2017-03-14 13:00:00,4,2,2
2017-03-14 14:00:00,3,2,1
2017-03-14 15:00:00,14,7,7
2017-03-14 16:00:00,15,8,7
2017-03-14 17:00:00,40,19,21
2017-03-14 18:00:00,44,20,24
2017-03-14 19:00:00,14,7,7
2017-03-14 20:00:00,11,6,5
2017-03-14 21:00:00,0,0,0
2017-03-14 22:00:00,4,2,2
2017-03-14 23:00:00,1,1,0
2017-03-15 00:00:00,0,0,0
2017-03-15 01:00:00,0,0,0
2017-03-15 02:00:00,0,0,0
2017-03-15 03:00:00,0,0,0
2017-03-15 04:00:00,0,0,0
2017-03-15 05:00:00,1,1,0
2017-03-15 06:00:00,8,4,4
2017-03-15 07:00:00,19,10,9
2017-03-15 08:00:00,21,11,10
2017-03-15 09:00:00,13,8,5
2017-03-15 10:00:00,4,4,0
2017-03-15 11:00:00,4,4,0
2017-03-15 12:00:00,3,3,0
2017-03-15 13:00:00,7,6,1
2017-03-15 14:00:00,3,3,0
2017-03-15 15:00:00,9,8,1
2017-03-15 16:00:00,14,13,1
2017-03-15 17:00:00,26,18,8
2017-03-15 18:00:00,41,32,9
2017-03-15 19:00:00,16,12,4
2017-03-15 20:00:00,1,1,0
2017-03-15 21:00:00,3,1,2
2017-03-15 22:00:00,1,1,0
2017-03-15 23:00:00,3,2,1
2017-03-16 00:00:00,0,0,0
2017-03-16 01:00:00,0,0,0
2017-03-16 02:00:00,0,0,0
2017-03-16 03:00:00,1,1,0
2017-03-16 04:00:00,0,0,0
2017-03-16 05:00:00,5,3,2
2017-03-16 06:00:00,12,7,5
2017-03-16 07:00:00,40,23,17
2017-03-16 08:00:00,46,30,16
2017-03-16 09:00:00,30,25,5
2017-03-16 10:00:00,27,18,9
2017-03-16 11:00:00,18,11,7
2017-03-16 12:00:00,32,20,12
2017-03-16 13:00:00,26,16,10
2017-03-16 14:00:00,26,20,6
2017-03-16 15:00:00,26,17,9
2017-03-16 16:00:00,42,30,12
2017-03-16 17:00:00,90,64,26
2017-03-16 18:00:00,61,46,15
2017-03-16 19:00:00,21,17,4
2017-03-16 20:00:00,4,3,1
2017-03-16 21:00:00,1,1,0
2017-03-16 22:00:00,1,0,1
2017-03-16 23:00:00,2,1,1
2017-03-17 00:00:00,0,0,0
2017-03-17 01:00:00,0,0,0
2017-03-17 02:00:00,0,0,0
2017-03-17 03:00:00,0,0,0
2017-03-17 04:00:00,0,0,0
2017-03-17 05:00:00,3,1,2
2017-03-17 06:00:00,7,2,5
2017-03-17 07:00:00,18,12,6
2017-03-17 08:00:00,27,19,8
2017-03-17 09:00:00,20,13,7
2017-03-17 10:00:00,17,10,7
2017-03-17 11:00:00,19,9,10
2017-03-17 12:00:00,17,15,2
2017-03-17 13:00:00,9,6,3
2017-03-17 14:00:00,4,4,0
2017-03-17 15:00:00,3,3,0
2017-03-17 16:00:00,18,17,1
2017-03-17 17:00:00,25,15,10
2017-03-17 18:00:00,17,16,1
2017-03-17 19:00:00,6,6,0
2017-03-17 20:00:00,2,2,0
2017-03-17 21:00:00,1,1,0
2017-03-17 22:00:00,0,0,0
2017-03-17 23:00:00,0,0,0
2017-03-18 00:00:00,0,0,0
2017-03-18 01:00:00,0,0,0
2017-03-18 02:00:00,0,0,0
2017-03-18 03:00:00,0,0,0
2017-03-18 04:00:00,1,1,0
2017-03-18 05:00:00,0,0,0
2017-03-18 06:00:00,1,1,0
2017-03-18 07:00:00,3,2,1
2017-03-18 08:00:00,5,5,0
2017-03-18 09:00:00,16,13,3
2017-03-18 10:00:00,44,37,7
2017-03-18 11:00:00,2,2,0
2017-03-18 12:00:00,3,2,1
2017-03-18 13:00:00,6,4,2
2017-03-18 14:00:00,20,14,6
2017-03-18 15:00:00,20,20,0
2017-03-18 16:00:00,17,16,1
2017-03-18 17:00:00,14,11,3
2017-03-18 18:00:00,6,6,0
2017-03-18 19:00:00,1,0,1
2017-03-18 20:00:00,0,0,0
2017-03-18 21:00:00,0,0,0
2017-03-18 22:00:00,0,0,0
2017-03-18 23:00:00,0,0,0
2017-03-19 00:00:00,0,0,0
2017-03-19 01:00:00,1,1,0
2017-03-19 02:00:00,0,0,0
2017-03-19 03:00:00,0,0,0
2017-03-19 04:00:00,0,0,0
2017-03-19 05:00:00,0,0,0
2017-03-19 06:00:00,2,1,1
2017-03-19 07:00:00,21,1,20
2017-03-19 08:00:00,40,16,24
2017-03-19 09:00:00,65,55,10
2017-03-19 10:00:00,65,41,24
2017-03-19 11:00:00,129,96,33
2017-03-19 12:00:00,130,96,34
2017-03-19 13:00:00,176,125,51
2017-03-19 14:00:00,162,106,56
2017-03-19 15:00:00,147,117,30
2017-03-19 16:00:00,82,57,25
2017-03-19 17:00:00,72,59,13
2017-03-19 18:00:00,20,14,6
2017-03-19 19:00:00,5,5,0
2017-03-19 20:00:00,6,3,3
2017-03-19 21:00:00,0,0,0
2017-03-19 22:00:00,0,0,0
2017-03-19 23:00:00,0,0,0
2017-03-20 00:00:00,0,0,0
2017-03-20 01:00:00,0,0,0
2017-03-20 02:00:00,0,0,0
2017-03-20 03:00:00,1,0,1
2017-03-20 04:00:00,1,1,0
2017-03-20 05:00:00,6,4,2
2017-03-20 06:00:00,18,12,6
2017-03-20 07:00:00,40,27,13
2017-03-20 08:00:00,44,27,17
2017-03-20 09:00:00,24,18,6
2017-03-20 10:00:00,12,6,6
2017-03-20 11:00:00,12,6,6
2017-03-20 12:00:00,25,21,4
2017-03-20 13:00:00,24,15,9
2017-03-20 14:00:00,36,27,9
2017-03-20 15:00:00,28,22,6
2017-03-20 16:00:00,45,31,14
2017-03-20 17:00:00,68,43,25
2017-03-20 18:00:00,49,40,9
2017-03-20 19:00:00,17,11,6
2017-03-20 20:00:00,1,1,0
2017-03-20 21:00:00,5,3,2
2017-03-20 22:00:00,0,0,0
2017-03-20 23:00:00,1,1,0
2017-03-21 00:00:00,0,0,0
2017-03-21 01:00:00,0,0,0
2017-03-21 02:00:00,0,0,0
2017-03-21 03:00:00,0,0,0
2017-03-21 04:00:00,2,2,0
2017-03-21 05:00:00,3,3,0
2017-03-21 06:00:00,9,6,3
2017-03-21 07:00:00,24,20,4
2017-03-21 08:00:00,28,17,11
2017-03-21 09:00:00,15,7,8
2017-03-21 10:00:00,10,10,0
2017-03-21 11:00:00,6,4,2
2017-03-21 12:00:00,4,4,0
2017-03-21 13:00:00,3,2,1
2017-03-21 14:00:00,3,3,0
2017-03-21 15:00:00,12,8,4
2017-03-21 16:00:00,18,15,3
2017-03-21 17:00:00,40,20,20
2017-03-21 18:00:00,45,35,10
2017-03-21 19:00:00,18,12,6
2017-03-21 20:00:00,5,4,1
2017-03-21 21:00:00,4,1,3
2017-03-21 22:00:00,1,1,0
2017-03-21 23:00:00,0,0,0
2017-03-22 00:00:00,0,0,0
2017-03-22 01:00:00,1,1,0
2017-03-22 02:00:00,0,0,0
2017-03-22 03:00:00,0,0,0
2017-03-22 04:00:00,2,1,1
2017-03-22 05:00:00,3,2,1
2017-03-22 06:00:00,15,10,5
2017-03-22 07:00:00,26,16,10
2017-03-22 08:00:00,42,31,11
2017-03-22 09:00:00,18,13,5
2017-03-22 10:00:00,13,13,0
2017-03-22 11:00:00,19,12,7
2017-03-22 12:00:00,11,8,3
2017-03-22 13:00:00,14,8,6
2017-03-22 14:00:00,11,6,5
2017-03-22 15:00:00,8,8,0
2017-03-22 16:00:00,28,20,8
2017-03-22 17:00:00,44,34,10
2017-03-22 18:00:00,53,37,16
2017-03-22 19:00:00,23,21,2
2017-03-22 20:00:00,6,5,1
2017-03-22 21:00:00,1,0,1
2017-03-22 22:00:00,1,1,0
2017-03-22 23:00:00,0,0,0
2017-03-23 00:00:00,1,1,0
2017-03-23 01:00:00,0,0,0
2017-03-23 02:00:00,1,1,0
2017-03-23 03:00:00,0,0,0
2017-03-23 04:00:00,2,2,0
2017-03-23 05:00:00,6,4,2
2017-03-23 06:00:00,22,15,7
2017-03-23 07:00:00,50,33,17
2017-03-23 08:00:00,41,27,14
2017-03-23 09:00:00,23,20,3
2017-03-23 10:00:00,22,16,6
2017-03-23 11:00:00,21,15,6
2017-03-23 12:00:00,21,18,3
2017-03-23 13:00:00,17,15,2
2017-03-23 14:00:00,29,21,8
2017-03-23 15:00:00,37,28,9
2017-03-23 16:00:00,53,38,15
2017-03-23 17:00:00,77,55,22
2017-03-23 18:00:00,48,35,13
2017-03-23 19:00:00,16,13,3
2017-03-23 20:00:00,0,0,0
2017-03-23 21:00:00,0,0,0
2017-03-23 22:00:00,1,0,1
2017-03-23 23:00:00,0,0,0
2017-03-24 00:00:00,0,0,0
2017-03-24 01:00:00,0,0,0
2017-03-24 02:00:00,0,0,0
2017-03-24 03:00:00,0,0,0
2017-03-24 04:00:00,0,0,0
2017-03-24 05:00:00,1,0,1
2017-03-24 06:00:00,9,8,1
2017-03-24 07:00:00,19,10,9
2017-03-24 08:00:00,28,18,10
2017-03-24 09:00:00,12,10,2
2017-03-24 10:00:00,6,5,1
2017-03-24 11:00:00,4,3,1
2017-03-24 12:00:00,14,13,1
2017-03-24 13:00:00,13,9,4
2017-03-24 14:00:00,7,6,1
2017-03-24 15:00:00,8,8,0
2017-03-24 16:00:00,17,15,2
2017-03-24 17:00:00,31,23,8
2017-03-24 18:00:00,29,28,1
2017-03-24 19:00:00,8,7,1
2017-03-24 20:00:00,1,1,0
2017-03-24 21:00:00,1,0,1
2017-03-24 22:00:00,1,1,0
2017-03-24 23:00:00,2,2,0
2017-03-25 00:00:00,0,0,0
2017-03-25 01:00:00,0,0,0
2017-03-25 02:00:00,0,0,0
2017-03-25 03:00:00,0,0,0
2017-03-25 04:00:00,0,0,0
2017-03-25 05:00:00,0,0,0
2017-03-25 06:00:00,1,0,1
2017-03-25 07:00:00,4,1,3
2017-03-25 08:00:00,38,24,14
2017-03-25 09:00:00,152,93,59
2017-03-25 10:00:00,115,79,36
2017-03-25 11:00:00,91,67,24
2017-03-25 12:00:00,109,91,18
2017-03-25 13:00:00,85,57,28
2017-03-25 14:00:00,94,59,35
2017-03-25 15:00:00,68,51,17
2017-03-25 16:00:00,63,50,13
2017-03-25 17:00:00,43,34,9
2017-03-25 18:00:00,21,16,5
2017-03-25 19:00:00,6,3,3
2017-03-25 20:00:00,3,3,0
2017-03-25 21:00:00,0,0,0
2017-03-25 22:00:00,0,0,0
2017-03-25 23:00:00,1,0,1
2017-03-26 00:00:00,2,1,1
2017-03-26 01:00:00,0,0,0
2017-03-26 02:00:00,0,0,0
2017-03-26 03:00:00,0,0,0
2017-03-26 04:00:00,0,0,0
2017-03-26 05:00:00,1,0,1
2017-03-26 06:00:00,7,1,6
2017-03-26 07:00:00,14,3,11
2017-03-26 08:00:00,18,9,9
2017-03-26 09:00:00,32,24,8
2017-03-26 10:00:00,22,18,4
2017-03-26 11:00:00,28,25,3
2017-03-26 12:00:00,12,10,2
2017-03-26 13:00:00,12,10,2
2017-03-26 14:00:00,11,6,5
2017-03-26 15:00:00,17,17,0
2017-03-26 16:00:00,9,7,2
2017-03-26 17:00:00,3,2,1
2017-03-26 18:00:00,6,3,3
2017-03-26 19:00:00,3,3,0
2017-03-26 20:00:00,3,3,0
2017-03-26 21:00:00,1,1,0
2017-03-26 22:00:00,0,0,0
2017-03-26 23:00:00,0,0,0
2017-03-27 00:00:00,0,0,0
2017-03-27 01:00:00,0,0,0
2017-03-27 02:00:00,0,0,0
2017-03-27 03:00:00,0,0,0
2017-03-27 04:00:00,1,1,0
2017-03-27 05:00:00,4,3,1
2017-03-27 06:00:00,13,7,6
2017-03-27 07:00:00,32,19,13
2017-03-27 08:00:00,42,27,15
2017-03-27 09:00:00,23,16,7
2017-03-27 10:00:00,10,3,7
2017-03-27 11:00:00,11,6,5
2017-03-27 12:00:00,22,19,3
2017-03-27 13:00:00,13,7,6
2017-03-27 14:00:00,14,7,7
2017-03-27 15:00:00,13,6,7
2017-03-27 16:00:00,33,23,10
2017-03-27 17:00:00,61,42,19
2017-03-27 18:00:00,47,37,10
2017-03-27 19:00:00,16,11,5
2017-03-27 20:00:00,2,2,0
2017-03-27 21:00:00,3,1,2
2017-03-27 22:00:00,0,0,0
2017-03-27 23:00:00,0,0,0
2017-03-28 00:00:00,0,0,0
2017-03-28 01:00:00,0,0,0
2017-03-28 02:00:00,0,0,0
2017-03-28 03:00:00,0,0,0
2017-03-28 04:00:00,1,1,0
2017-03-28 05:00:00,5,5,0
2017-03-28 06:00:00,12,10,2
2017-03-28 07:00:00,31,25,6
2017-03-28 08:00:00,36,20,16
2017-03-28 09:00:00,17,12,5
2017-03-28 10:00:00,15,8,7
2017-03-28 11:00:00,11,8,3
2017-03-28 12:00:00,5,5,0
2017-03-28 13:00:00,2,1,1
2017-03-28 14:00:00,6,4,2
2017-03-28 15:00:00,6,5,1
2017-03-28 16:00:00,17,10,7
2017-03-28 17:00:00,63,47,16
2017-03-28 18:00:00,36,29,7
2017-03-28 19:00:00,14,11,3
2017-03-28 20:00:00,6,6,0
2017-03-28 21:00:00,2,1,1
2017-03-28 22:00:00,0,0,0
2017-03-28 23:00:00,0,0,0
2017-03-29 00:00:00,0,0,0
2017-03-29 01:00:00,0,0,0
2017-03-29 02:00:00,0,0,0
2017-03-29 03:00:00,0,0,0
2017-03-29 04:00:00,1,1,0
2017-03-29 05:00:00,1,1,0
2017-03-29 06:00:00,4,3,1
2017-03-29 07:00:00,20,19,1
2017-03-29 08:00:00,28,26,2
2017-03-29 09:00:00,17,17,0
2017-03-29 10:00:00,6,6,0
2017-03-29 11:00:00,1,1,0
2017-03-29 12:00:00,6,6,0
2017-03-29 13:00:00,6,3,3
2017-03-29 14:00:00,6,4,2
2017-03-29 15:00:00,8,5,3
2017-03-29 16:00:00,23,15,8
2017-03-29 17:00:00,44,28,16
2017-03-29 18:00:00,45,31,14
2017-03-29 19:00:00,21,14,7
2017-03-29 20:00:00,2,2,0
2017-03-29 21:00:00,1,1,0
2017-03-29 22:00:00,3,1,2
2017-03-29 23:00:00,1,0,1
2017-03-30 00:00:00,0,0,0
2017-03-30 01:00:00,0,0,0
2017-03-30 02:00:00,0,0,0
2017-03-30 03:00:00,3,3,0
2017-03-30 04:00:00,1,1,0
2017-03-30 05:00:00,8,5,3
2017-03-30 06:00:00,18,11,7
2017-03-30 07:00:00,50,30,20
2017-03-30 08:00:00,57,42,15
2017-03-30 09:00:00,20,14,6
2017-03-30 10:00:00,15,10,5
2017-03-30 11:00:00,12,5,7
2017-03-30 12:00:00,17,13,4
2017-03-30 13:00:00,24,20,4
2017-03-30 14:00:00,15,11,4
2017-03-30 15:00:00,18,16,2
2017-03-30 16:00:00,34,28,6
2017-03-30 17:00:00,69,54,15
2017-03-30 18:00:00,83,60,23
2017-03-30 19:00:00,31,29,2
2017-03-30 20:00:00,4,3,1
2017-03-30 21:00:00,0,0,0
2017-03-30 22:00:00,2,1,1
2017-03-30 23:00:00,0,0,0
2017-03-31 00:00:00,0,0,0
2017-03-31 01:00:00,0,0,0
2017-03-31 02:00:00,1,1,0
2017-03-31 03:00:00,0,0,0
2017-03-31 04:00:00,2,2,0
2017-03-31 05:00:00,5,0,5
2017-03-31 06:00:00,24,15,9
2017-03-31 07:00:00,51,29,22
2017-03-31 08:00:00,58,42,16
2017-03-31 09:00:00,34,27,7
2017-03-31 10:00:00,32,26,6
2017-03-31 11:00:00,29,23,6
2017-03-31 12:00:00,41,29,12
2017-03-31 13:00:00,39,27,12
2017-03-31 14:00:00,34,26,8
2017-03-31 15:00:00,55,34,21
2017-03-31 16:00:00,80,57,23
2017-03-31 17:00:00,110,81,29
2017-03-31 18:00:00,70,51,19
2017-03-31 19:00:00,37,24,13
2017-03-31 20:00:00,5,3,2
2017-03-31 21:00:00,3,2,1
2017-03-31 22:00:00,4,4,0
2017-03-31 23:00:00,1,0,1
2017-04-01 00:00:00,0,0,0
2017-04-01 01:00:00,0,0,0
2017-04-01 02:00:00,0,0,0
2017-04-01 03:00:00,1,0,1
2017-04-01 04:00:00,0,0,0
2017-04-01 05:00:00,0,0,0
2017-04-01 06:00:00,0,0,0
2017-04-01 07:00:00,8,6,2
2017-04-01 08:00:00,32,10,22
2017-04-01 09:00:00,49,22,27
2017-04-01 10:00:00,51,26,25
2017-04-01 11:00:00,47,28,19
2017-04-01 12:00:00,53,41,12
2017-04-01 13:00:00,68,52,16
2017-04-01 14:00:00,50,42,8
2017-04-01 15:00:00,51,44,7
2017-04-01 16:00:00,34,23,11
2017-04-01 17:00:00,27,25,2
2017-04-01 18:00:00,11,11,0
2017-04-01 19:00:00,6,5,1
2017-04-01 20:00:00,1,1,0
2017-04-01 21:00:00,3,3,0
2017-04-01 22:00:00,1,0,1
2017-04-01 23:00:00,2,2,0
2017-04-02 00:00:00,0,0,0
2017-04-02 01:00:00,1,1,0
2017-04-02 02:00:00,0,0,0
2017-04-02 03:00:00,0,0,0
2017-04-02 04:00:00,0,0,0
2017-04-02 05:00:00,0,0,0
2017-04-02 06:00:00,4,3,1
2017-04-02 07:00:00,18,6,12
2017-04-02 08:00:00,36,14,22
2017-04-02 09:00:00,75,56,19
2017-04-02 10:00:00,71,42,29
2017-04-02 11:00:00,93,70,23
2017-04-02 12:00:00,108,87,21
2017-04-02 13:00:00,81,76,5
2017-04-02 14:00:00,87,70,17
2017-04-02 15:00:00,50,38,12
2017-04-02 16:00:00,60,46,14
2017-04-02 17:00:00,30,23,7
2017-04-02 18:00:00,14,5,9
2017-04-02 19:00:00,7,5,2
2017-04-02 20:00:00,0,0,0
2017-04-02 21:00:00,1,0,1
2017-04-02 22:00:00,1,1,0
2017-04-02 23:00:00,0,0,0
2017-04-03 00:00:00,1,1,0
2017-04-03 01:00:00,0,0,0
2017-04-03 02:00:00,0,0,0
2017-04-03 03:00:00,0,0,0
2017-04-03 04:00:00,6,4,2
2017-04-03 05:00:00,19,6,13
2017-04-03 06:00:00,21,12,9
2017-04-03 07:00:00,72,48,24
2017-04-03 08:00:00,51,44,7
2017-04-03 09:00:00,28,26,2
2017-04-03 10:00:00,16,15,1
2017-04-03 11:00:00,14,8,6
2017-04-03 12:00:00,19,13,6
2017-04-03 13:00:00,26,18,8
2017-04-03 14:00:00,26,21,5
2017-04-03 15:00:00,42,29,13
2017-04-03 16:00:00,75,42,33
2017-04-03 17:00:00,122,87,35
2017-04-03 18:00:00,90,69,21
2017-04-03 19:00:00,32,24,8
2017-04-03 20:00:00,6,3,3
2017-04-03 21:00:00,3,3,0
2017-04-03 22:00:00,0,0,0
2017-04-03 23:00:00,1,1,0
2017-04-04 00:00:00,0,0,0
2017-04-04 01:00:00,0,0,0
2017-04-04 02:00:00,0,0,0
2017-04-04 03:00:00,0,0,0
2017-04-04 04:00:00,3,3,0
2017-04-04 05:00:00,7,3,4
2017-04-04 06:00:00,22,12,10
2017-04-04 07:00:00,54,28,26
2017-04-04 08:00:00,55,37,18
2017-04-04 09:00:00,26,15,11
2017-04-04 10:00:00,23,14,9
2017-04-04 11:00:00,29,19,10
2017-04-04 12:00:00,37,24,13
2017-04-04 13:00:00,24,18,6
2017-04-04 14:00:00,23,20,3
2017-04-04 15:00:00,29,20,9
2017-04-04 16:00:00,58,40,18
2017-04-04 17:00:00,92,78,14
2017-04-04 18:00:00,78,66,12
2017-04-04 19:00:00,38,32,6
2017-04-04 20:00:00,7,5,2
2017-04-04 21:00:00,2,2,0
2017-04-04 22:00:00,0,0,0
2017-04-04 23:00:00,0,0,0
2017-04-05 00:00:00,0,0,0
2017-04-05 01:00:00,0,0,0
2017-04-05 02:00:00,0,0,0
2017-04-05 03:00:00,0,0,0
2017-04-05 04:00:00,1,1,0
2017-04-05 05:00:00,6,4,2
2017-04-05 06:00:00,9,9,0
2017-04-05 07:00:00,33,26,7
2017-04-05 08:00:00,21,15,6
2017-04-05 09:00:00,9,8,1
2017-04-05 10:00:00,10,9,1
2017-04-05 11:00:00,4,4,0
2017-04-05 12:00:00,2,2,0
2017-04-05 13:00:00,3,3,0
2017-04-05 14:00:00,22,22,0
2017-04-05 15:00:00,31,31,0
2017-04-05 16:00:00,23,17,6
2017-04-05 17:00:00,40,32,8
2017-04-05 18:00:00,25,21,4
2017-04-05 19:00:00,21,14,7
2017-04-05 20:00:00,7,5,2
2017-04-05 21:00:00,0,0,0
2017-04-05 22:00:00,0,0,0
2017-04-05 23:00:00,0,0,0
2017-04-06 00:00:00,0,0,0
2017-04-06 01:00:00,0,0,0
2017-04-06 02:00:00,0,0,0
2017-04-06 03:00:00,0,0,0
2017-04-06 04:00:00,2,2,0
2017-04-06 05:00:00,7,5,2
2017-04-06 06:00:00,4,4,0
2017-04-06 07:00:00,31,27,4
2017-04-06 08:00:00,23,20,3
2017-04-06 09:00:00,13,12,1
2017-04-06 10:00:00,6,5,1
2017-04-06 11:00:00,9,9,0
2017-04-06 12:00:00,2,1,1
2017-04-06 13:00:00,9,7,2
2017-04-06 14:00:00,9,4,5
2017-04-06 15:00:00,23,14,9
2017-04-06 16:00:00,32,24,8
2017-04-06 17:00:00,56,44,12
2017-04-06 18:00:00,70,46,24
2017-04-06 19:00:00,44,32,12
2017-04-06 20:00:00,7,5,2
2017-04-06 21:00:00,1,1,0
2017-04-06 22:00:00,1,1,0
2017-04-06 23:00:00,2,1,1
2017-04-07 00:00:00,1,1,0
2017-04-07 01:00:00,0,0,0
2017-04-07 02:00:00,0,0,0
2017-04-07 03:00:00,0,0,0
2017-04-07 04:00:00,0,0,0
2017-04-07 05:00:00,5,3,2
2017-04-07 06:00:00,14,7,7
2017-04-07 07:00:00,29,15,14
2017-04-07 08:00:00,28,20,8
2017-04-07 09:00:00,20,10,10
2017-04-07 10:00:00,10,7,3
2017-04-07 11:00:00,8,8,0
2017-04-07 12:00:00,6,4,2
2017-04-07 13:00:00,4,3,1
2017-04-07 14:00:00,4,4,0
2017-04-07 15:00:00,11,8,3
2017-04-07 16:00:00,18,15,3
2017-04-07 17:00:00,29,20,9
2017-04-07 18:00:00,22,15,7
2017-04-07 19:00:00,5,4,1
2017-04-07 20:00:00,5,3,2
2017-04-07 21:00:00,0,0,0
2017-04-07 22:00:00,0,0,0
2017-04-07 23:00:00,0,0,0
2017-04-08 00:00:00,0,0,0
2017-04-08 01:00:00,0,0,0
2017-04-08 02:00:00,0,0,0
2017-04-08 03:00:00,1,1,0
2017-04-08 04:00:00,0,0,0
2017-04-08 05:00:00,0,0,0
2017-04-08 06:00:00,0,0,0
2017-04-08 07:00:00,13,6,7
2017-04-08 08:00:00,49,34,15
2017-04-08 09:00:00,69,46,23
2017-04-08 10:00:00,77,61,16
2017-04-08 11:00:00,76,59,17
2017-04-08 12:00:00,36,22,14
2017-04-08 13:00:00,46,35,11
2017-04-08 14:00:00,34,27,7
2017-04-08 15:00:00,33,31,2
2017-04-08 16:00:00,25,20,5
2017-04-08 17:00:00,18,14,4
2017-04-08 18:00:00,16,14,2
2017-04-08 19:00:00,7,5,2
2017-04-08 20:00:00,2,2,0
2017-04-08 21:00:00,1,1,0
2017-04-08 22:00:00,6,0,6
2017-04-08 23:00:00,3,3,0
2017-04-09 00:00:00,0,0,0
2017-04-09 01:00:00,0,0,0
2017-04-09 02:00:00,0,0,0
2017-04-09 03:00:00,1,1,0
2017-04-09 04:00:00,0,0,0
2017-04-09 05:00:00,0,0,0
2017-04-09 06:00:00,10,3,7
2017-04-09 07:00:00,18,2,16
2017-04-09 08:00:00,44,35,9
2017-04-09 09:00:00,94,70,24
2017-04-09 10:00:00,112,80,32
2017-04-09 11:00:00,164,131,33
2017-04-09 12:00:00,156,135,21
2017-04-09 13:00:00,149,127,22
2017-04-09 14:00:00,94,74,20
2017-04-09 15:00:00,103,86,17
2017-04-09 16:00:00,74,57,17
2017-04-09 17:00:00,64,51,13
2017-04-09 18:00:00,16,13,3
2017-04-09 19:00:00,11,9,2
2017-04-09 20:00:00,4,4,0
2017-04-09 21:00:00,0,0,0
2017-04-09 22:00:00,0,0,0
2017-04-09 23:00:00,0,0,0
2017-04-10 00:00:00,1,1,0
2017-04-10 01:00:00,0,0,0
2017-04-10 02:00:00,0,0,0
2017-04-10 03:00:00,0,0,0
2017-04-10 04:00:00,2,1,1
2017-04-10 05:00:00,4,3,1
2017-04-10 06:00:00,10,7,3
2017-04-10 07:00:00,34,20,14
2017-04-10 08:00:00,30,25,5
2017-04-10 09:00:00,22,17,5
2017-04-10 10:00:00,18,15,3
2017-04-10 11:00:00,8,5,3
2017-04-10 12:00:00,6,4,2
2017-04-10 13:00:00,5,5,0
2017-04-10 14:00:00,8,3,5
2017-04-10 15:00:00,6,4,2
2017-04-10 16:00:00,17,13,4
2017-04-10 17:00:00,45,31,14
2017-04-10 18:00:00,31,20,11
2017-04-10 19:00:00,17,14,3
2017-04-10 20:00:00,2,1,1
2017-04-10 21:00:00,2,0,2
2017-04-10 22:00:00,0,0,0
2017-04-10 23:00:00,1,1,0
2017-04-11 00:00:00,1,0,1
2017-04-11 01:00:00,1,1,0
2017-04-11 02:00:00,0,0,0
2017-04-11 03:00:00,0,0,0
2017-04-11 04:00:00,1,1,0
2017-04-11 05:00:00,7,2,5
2017-04-11 06:00:00,21,12,9
2017-04-11 07:00:00,52,34,18
2017-04-11 08:00:00,66,54,12
2017-04-11 09:00:00,25,24,1
2017-04-11 10:00:00,35,24,11
2017-04-11 11:00:00,35,21,14
2017-04-11 12:00:00,40,32,8
2017-04-11 13:00:00,49,42,7
2017-04-11 14:00:00,29,17,12
2017-04-11 15:00:00,38,27,11
2017-04-11 16:00:00,58,36,22
2017-04-11 17:00:00,118,80,38
2017-04-11 18:00:00,90,73,17
2017-04-11 19:00:00,47,47,0
2017-04-11 20:00:00,11,10,1
2017-04-11 21:00:00,4,2,2
2017-04-11 22:00:00,1,1,0
2017-04-11 23:00:00,1,1,0
2017-04-12 00:00:00,0,0,0
2017-04-12 01:00:00,0,0,0
2017-04-12 02:00:00,0,0,0
2017-04-12 03:00:00,0,0,0
2017-04-12 04:00:00,1,1,0
2017-04-12 05:00:00,4,4,0
2017-04-12 06:00:00,4,4,0
2017-04-12 07:00:00,14,14,0
2017-04-12 08:00:00,15,14,1
2017-04-12 09:00:00,8,8,0
2017-04-12 10:00:00,4,4,0
2017-04-12 11:00:00,2,2,0
2017-04-12 12:00:00,11,10,1
2017-04-12 13:00:00,12,11,1
2017-04-12 14:00:00,8,8,0
2017-04-12 15:00:00,11,11,0
2017-04-12 16:00:00,19,18,1
2017-04-12 17:00:00,25,25,0
2017-04-12 18:00:00,24,24,0
2017-04-12 19:00:00,13,12,1
2017-04-12 20:00:00,3,3,0
2017-04-12 21:00:00,2,1,1
2017-04-12 22:00:00,3,3,0
2017-04-12 23:00:00,0,0,0
2017-04-13 00:00:00,0,0,0
2017-04-13 01:00:00,0,0,0
2017-04-13 02:00:00,0,0,0
2017-04-13 03:00:00,0,0,0
2017-04-13 04:00:00,2,2,0
2017-04-13 05:00:00,6,5,1
2017-04-13 06:00:00,14,8,6
2017-04-13 07:00:00,36,20,16
2017-04-13 08:00:00,48,33,15
2017-04-13 09:00:00,17,14,3
2017-04-13 10:00:00,6,3,3
2017-04-13 11:00:00,9,5,4
2017-04-13 12:00:00,16,12,4
2017-04-13 13:00:00,9,6,3
2017-04-13 14:00:00,8,7,1
2017-04-13 15:00:00,11,7,4
2017-04-13 16:00:00,27,15,12
2017-04-13 17:00:00,42,36,6
2017-04-13 18:00:00,52,31,21
2017-04-13 19:00:00,18,14,4
2017-04-13 20:00:00,3,1,2
2017-04-13 21:00:00,3,1,2
2017-04-13 22:00:00,3,2,1
2017-04-13 23:00:00,2,1,1
2017-04-14 00:00:00,2,2,0
2017-04-14 01:00:00,3,3,0
2017-04-14 02:00:00,0,0,0
2017-04-14 03:00:00,0,0,0
2017-04-14 04:00:00,2,2,0
2017-04-14 05:00:00,7,3,4
2017-04-14 06:00:00,15,13,2
2017-04-14 07:00:00,38,27,11
2017-04-14 08:00:00,34,25,9
2017-04-14 09:00:00,21,13,8
2017-04-14 10:00:00,19,16,3
2017-04-14 11:00:00,9,7,2
2017-04-14 12:00:00,8,6,2
2017-04-14 13:00:00,13,11,2
2017-04-14 14:00:00,9,6,3
2017-04-14 15:00:00,20,13,7
2017-04-14 16:00:00,30,25,5
2017-04-14 17:00:00,53,44,9
2017-04-14 18:00:00,28,18,10
2017-04-14 19:00:00,17,15,2
2017-04-14 20:00:00,5,3,2
2017-04-14 21:00:00,3,0,3
2017-04-14 22:00:00,2,1,1
2017-04-14 23:00:00,0,0,0
2017-04-15 00:00:00,0,0,0
2017-04-15 01:00:00,0,0,0
2017-04-15 02:00:00,1,1,0
2017-04-15 03:00:00,0,0,0
2017-04-15 04:00:00,1,1,0
2017-04-15 05:00:00,1,0,1
2017-04-15 06:00:00,4,3,1
2017-04-15 07:00:00,26,10,16
2017-04-15 08:00:00,56,40,16
2017-04-15 09:00:00,62,44,18
2017-04-15 10:00:00,171,143,28
2017-04-15 11:00:00,214,189,25
2017-04-15 12:00:00,170,142,28
2017-04-15 13:00:00,105,93,12
2017-04-15 14:00:00,86,53,33
2017-04-15 15:00:00,103,71,32
2017-04-15 16:00:00,79,65,14
2017-04-15 17:00:00,56,35,21
2017-04-15 18:00:00,35,30,5
2017-04-15 19:00:00,19,8,11
2017-04-15 20:00:00,6,6,0
2017-04-15 21:00:00,1,0,1
2017-04-15 22:00:00,1,1,0
2017-04-15 23:00:00,1,1,0
2017-04-16 00:00:00,0,0,0
2017-04-16 01:00:00,1,1,0
2017-04-16 02:00:00,0,0,0
2017-04-16 03:00:00,0,0,0
2017-04-16 04:00:00,0,0,0
2017-04-16 05:00:00,1,1,0
2017-04-16 06:00:00,9,1,8
2017-04-16 07:00:00,13,5,8
2017-04-16 08:00:00,28,23,5
2017-04-16 09:00:00,83,58,25
2017-04-16 10:00:00,106,70,36
2017-04-16 11:00:00,128,108,20
2017-04-16 12:00:00,151,132,19
2017-04-16 13:00:00,107,86,21
2017-04-16 14:00:00,97,84,13
2017-04-16 15:00:00,95,85,10
2017-04-16 16:00:00,77,64,13
2017-04-16 17:00:00,40,29,11
2017-04-16 18:00:00,15,13,2
2017-04-16 19:00:00,11,7,4
2017-04-16 20:00:00,7,6,1
2017-04-16 21:00:00,3,2,1
2017-04-16 22:00:00,0,0,0
2017-04-16 23:00:00,0,0,0
2017-04-17 00:00:00,0,0,0
2017-04-17 01:00:00,0,0,0
2017-04-17 02:00:00,0,0,0
2017-04-17 03:00:00,0,0,0
2017-04-17 04:00:00,2,2,0
2017-04-17 05:00:00,15,8,7
2017-04-17 06:00:00,20,15,5
2017-04-17 07:00:00,47,34,13
2017-04-17 08:00:00,42,31,11
2017-04-17 09:00:00,35,24,11
2017-04-17 10:00:00,26,24,2
2017-04-17 11:00:00,28,24,4
2017-04-17 12:00:00,11,10,1
2017-04-17 13:00:00,7,6,1
2017-04-17 14:00:00,8,5,3
2017-04-17 15:00:00,15,11,4
2017-04-17 16:00:00,25,17,8
2017-04-17 17:00:00,53,43,10
2017-04-17 18:00:00,34,25,9
2017-04-17 19:00:00,22,19,3
2017-04-17 20:00:00,4,4,0
2017-04-17 21:00:00,3,1,2
2017-04-17 22:00:00,0,0,0
2017-04-17 23:00:00,1,1,0
2017-04-18 00:00:00,0,0,0
2017-04-18 01:00:00,0,0,0
2017-04-18 02:00:00,0,0,0
2017-04-18 03:00:00,0,0,0
2017-04-18 04:00:00,0,0,0
2017-04-18 05:00:00,6,4,2
2017-04-18 06:00:00,9,5,4
2017-04-18 07:00:00,34,26,8
2017-04-18 08:00:00,36,26,10
2017-04-18 09:00:00,17,13,4
2017-04-18 10:00:00,11,8,3
2017-04-18 11:00:00,13,11,2
2017-04-18 12:00:00,11,7,4
2017-04-18 13:00:00,6,5,1
2017-04-18 14:00:00,12,9,3
2017-04-18 15:00:00,12,7,5
2017-04-18 16:00:00,39,32,7
2017-04-18 17:00:00,69,48,21
2017-04-18 18:00:00,51,35,16
2017-04-18 19:00:00,43,32,11
2017-04-18 20:00:00,9,6,3
2017-04-18 21:00:00,2,2,0
2017-04-18 22:00:00,0,0,0
2017-04-18 23:00:00,3,2,1
2017-04-19 00:00:00,0,0,0
2017-04-19 01:00:00,0,0,0
2017-04-19 02:00:00,0,0,0
2017-04-19 03:00:00,0,0,0
2017-04-19 04:00:00,1,1,0
2017-04-19 05:00:00,12,3,9
2017-04-19 06:00:00,30,21,9
2017-04-19 07:00:00,47,28,19
2017-04-19 08:00:00,37,24,13
2017-04-19 09:00:00,21,14,7
2017-04-19 10:00:00,8,7,1
2017-04-19 11:00:00,11,9,2
2017-04-19 12:00:00,2,1,1
2017-04-19 13:00:00,3,3,0
2017-04-19 14:00:00,5,3,2
2017-04-19 15:00:00,6,5,1
2017-04-19 16:00:00,42,28,14
2017-04-19 17:00:00,58,53,5
2017-04-19 18:00:00,52,40,12
2017-04-19 19:00:00,26,21,5
2017-04-19 20:00:00,7,2,5
2017-04-19 21:00:00,1,1,0
2017-04-19 22:00:00,2,2,0
2017-04-19 23:00:00,1,1,0
2017-04-20 00:00:00,1,0,1
2017-04-20 01:00:00,0,0,0
2017-04-20 02:00:00,0,0,0
2017-04-20 03:00:00,1,1,0
2017-04-20 04:00:00,2,1,1
2017-04-20 05:00:00,8,7,1
2017-04-20 06:00:00,10,6,4
2017-04-20 07:00:00,41,33,8
2017-04-20 08:00:00,43,38,5
2017-04-20 09:00:00,34,22,12
2017-04-20 10:00:00,17,11,6
2017-04-20 11:00:00,11,8,3
2017-04-20 12:00:00,10,8,2
2017-04-20 13:00:00,12,11,1
2017-04-20 14:00:00,11,8,3
2017-04-20 15:00:00,16,12,4
2017-04-20 16:00:00,44,36,8
2017-04-20 17:00:00,62,43,19
2017-04-20 18:00:00,61,45,16
2017-04-20 19:00:00,36,25,11
2017-04-20 20:00:00,13,7,6
2017-04-20 21:00:00,1,0,1
2017-04-20 22:00:00,0,0,0
2017-04-20 23:00:00,1,0,1
2017-04-21 00:00:00,0,0,0
2017-04-21 01:00:00,0,0,0
2017-04-21 02:00:00,0,0,0
2017-04-21 03:00:00,1,1,0
2017-04-21 04:00:00,2,2,0
2017-04-21 05:00:00,12,6,6
2017-04-21 06:00:00,35,26,9
2017-04-21 07:00:00,71,57,14
2017-04-21 08:00:00,71,65,6
2017-04-21 09:00:00,28,19,9
2017-04-21 10:00:00,37,26,11
2017-04-21 11:00:00,43,31,12
2017-04-21 12:00:00,74,62,12
2017-04-21 13:00:00,81,55,26
2017-04-21 14:00:00,81,70,11
2017-04-21 15:00:00,92,70,22
2017-04-21 16:00:00,146,124,22
2017-04-21 17:00:00,184,159,25
2017-04-21 18:00:00,122,100,22
2017-04-21 19:00:00,48,38,10
2017-04-21 20:00:00,9,6,3
2017-04-21 21:00:00,1,1,0
2017-04-21 22:00:00,6,3,3
2017-04-21 23:00:00,1,1,0
2017-04-22 00:00:00,1,1,0
2017-04-22 01:00:00,1,1,0
2017-04-22 02:00:00,0,0,0
2017-04-22 03:00:00,2,2,0
2017-04-22 04:00:00,2,2,0
2017-04-22 05:00:00,1,1,0
2017-04-22 06:00:00,6,1,5
2017-04-22 07:00:00,26,16,10
2017-04-22 08:00:00,79,41,38
2017-04-22 09:00:00,143,94,49
2017-04-22 10:00:00,111,90,21
2017-04-22 11:00:00,75,64,11
2017-04-22 12:00:00,44,37,7
2017-04-22 13:00:00,13,13,0
2017-04-22 14:00:00,13,12,1
2017-04-22 15:00:00,10,7,3
2017-04-22 16:00:00,9,5,4
2017-04-22 17:00:00,12,8,4
2017-04-22 18:00:00,8,6,2
2017-04-22 19:00:00,5,5,0
2017-04-22 20:00:00,0,0,0
2017-04-22 21:00:00,2,2,0
2017-04-22 22:00:00,0,0,0
2017-04-22 23:00:00,0,0,0
2017-04-23 00:00:00,1,1,0
2017-04-23 01:00:00,2,2,0
2017-04-23 02:00:00,1,1,0
2017-04-23 03:00:00,2,1,1
2017-04-23 04:00:00,0,0,0
2017-04-23 05:00:00,1,0,1
2017-04-23 06:00:00,6,5,1
2017-04-23 07:00:00,24,6,18
2017-04-23 08:00:00,59,34,25
2017-04-23 09:00:00,89,59,30
2017-04-23 10:00:00,90,68,22
2017-04-23 11:00:00,93,87,6
2017-04-23 12:00:00,57,53,4
2017-04-23 13:00:00,26,20,6
2017-04-23 14:00:00,21,19,2
2017-04-23 15:00:00,12,10,2
2017-04-23 16:00:00,28,22,6
2017-04-23 17:00:00,12,8,4
2017-04-23 18:00:00,3,2,1
2017-04-23 19:00:00,3,2,1
2017-04-23 20:00:00,2,2,0
2017-04-23 21:00:00,0,0,0
2017-04-23 22:00:00,1,1,0
2017-04-23 23:00:00,0,0,0
2017-04-24 00:00:00,0,0,0
2017-04-24 01:00:00,0,0,0
2017-04-24 02:00:00,0,0,0
2017-04-24 03:00:00,0,0,0
2017-04-24 04:00:00,1,1,0
2017-04-24 05:00:00,9,5,4
2017-04-24 06:00:00,17,11,6
2017-04-24 07:00:00,37,27,10
2017-04-24 08:00:00,36,28,8
2017-04-24 09:00:00,21,18,3
2017-04-24 10:00:00,14,9,5
2017-04-24 11:00:00,8,8,0
2017-04-24 12:00:00,11,6,5
2017-04-24 13:00:00,5,4,1
2017-04-24 14:00:00,10,4,6
2017-04-24 15:00:00,21,12,9
2017-04-24 16:00:00,38,30,8
2017-04-24 17:00:00,72,58,14
2017-04-24 18:00:00,84,57,27
2017-04-24 19:00:00,49,37,12
2017-04-24 20:00:00,9,7,2
2017-04-24 21:00:00,5,4,1
2017-04-24 22:00:00,0,0,0
2017-04-24 23:00:00,0,0,0
2017-04-25 00:00:00,0,0,0
2017-04-25 01:00:00,0,0,0
2017-04-25 02:00:00,1,1,0
2017-04-25 03:00:00,0,0,0
2017-04-25 04:00:00,3,3,0
2017-04-25 05:00:00,9,6,3
2017-04-25 06:00:00,36,21,15
2017-04-25 07:00:00,70,49,21
2017-04-25 08:00:00,57,40,17
2017-04-25 09:00:00,51,39,12
2017-04-25 10:00:00,24,20,4
2017-04-25 11:00:00,31,20,11
2017-04-25 12:00:00,20,19,1
2017-04-25 13:00:00,17,14,3
2017-04-25 14:00:00,20,17,3
2017-04-25 15:00:00,31,21,10
2017-04-25 16:00:00,46,35,11
2017-04-25 17:00:00,81,61,20
2017-04-25 18:00:00,58,41,17
2017-04-25 19:00:00,42,30,12
2017-04-25 20:00:00,8,5,3
2017-04-25 21:00:00,3,1,2
2017-04-25 22:00:00,0,0,0
2017-04-25 23:00:00,0,0,0
2017-04-26 00:00:00,0,0,0
2017-04-26 01:00:00,0,0,0
2017-04-26 02:00:00,0,0,0
2017-04-26 03:00:00,1,1,0
2017-04-26 04:00:00,1,1,0
2017-04-26 05:00:00,9,4,5
2017-04-26 06:00:00,17,12,5
2017-04-26 07:00:00,33,22,11
2017-04-26 08:00:00,38,29,9
2017-04-26 09:00:00,24,20,4
2017-04-26 10:00:00,16,15,1
2017-04-26 11:00:00,21,14,7
2017-04-26 12:00:00,10,10,0
2017-04-26 13:00:00,6,5,1
2017-04-26 14:00:00,7,6,1
2017-04-26 15:00:00,15,13,2
2017-04-26 16:00:00,22,22,0
2017-04-26 17:00:00,47,39,8
2017-04-26 18:00:00,38,31,7
2017-04-26 19:00:00,18,15,3
2017-04-26 20:00:00,0,0,0
2017-04-26 21:00:00,3,3,0
2017-04-26 22:00:00,0,0,0
2017-04-26 23:00:00,0,0,0
2017-04-27 00:00:00,0,0,0
2017-04-27 01:00:00,0,0,0
2017-04-27 02:00:00,0,0,0
2017-04-27 03:00:00,0,0,0
2017-04-27 04:00:00,2,2,0
2017-04-27 05:00:00,5,5,0
2017-04-27 06:00:00,19,7,12
2017-04-27 07:00:00,45,30,15
2017-04-27 08:00:00,42,29,13
2017-04-27 09:00:00,20,18,2
2017-04-27 10:00:00,7,7,0
2017-04-27 11:00:00,12,10,2
2017-04-27 12:00:00,14,13,1
2017-04-27 13:00:00,30,22,8
2017-04-27 14:00:00,23,19,4
2017-04-27 15:00:00,16,14,2
2017-04-27 16:00:00,36,30,6
2017-04-27 17:00:00,67,56,11
2017-04-27 18:00:00,68,48,20
2017-04-27 19:00:00,36,23,13
2017-04-27 20:00:00,15,9,6
2017-04-27 21:00:00,0,0,0
2017-04-27 22:00:00,1,1,0
2017-04-27 23:00:00,1,1,0
2017-04-28 00:00:00,0,0,0
2017-04-28 01:00:00,1,1,0
2017-04-28 02:00:00,0,0,0
2017-04-28 03:00:00,0,0,0
2017-04-28 04:00:00,2,1,1
2017-04-28 05:00:00,17,8,9
2017-04-28 06:00:00,32,23,9
2017-04-28 07:00:00,58,39,19
2017-04-28 08:00:00,59,40,19
2017-04-28 09:00:00,40,32,8
2017-04-28 10:00:00,25,18,7
2017-04-28 11:00:00,30,25,5
2017-04-28 12:00:00,29,22,7
2017-04-28 13:00:00,37,27,10
2017-04-28 14:00:00,52,44,8
2017-04-28 15:00:00,59,48,11
2017-04-28 16:00:00,93,79,14
2017-04-28 17:00:00,111,89,22
2017-04-28 18:00:00,68,51,17
2017-04-28 19:00:00,38,26,12
2017-04-28 20:00:00,22,15,7
2017-04-28 21:00:00,1,1,0
2017-04-28 22:00:00,6,6,0
2017-04-28 23:00:00,0,0,0
2017-04-29 00:00:00,1,0,1
2017-04-29 01:00:00,0,0,0
2017-04-29 02:00:00,2,0,2
2017-04-29 03:00:00,0,0,0
2017-04-29 04:00:00,1,0,1
2017-04-29 05:00:00,4,1,3
2017-04-29 06:00:00,13,1,12
2017-04-29 07:00:00,30,19,11
2017-04-29 08:00:00,96,70,26
2017-04-29 09:00:00,106,62,44
2017-04-29 10:00:00,167,117,50
2017-04-29 11:00:00,117,85,32
2017-04-29 12:00:00,89,78,11
2017-04-29 13:00:00,100,81,19
2017-04-29 14:00:00,55,47,8
2017-04-29 15:00:00,57,43,14
2017-04-29 16:00:00,45,38,7
2017-04-29 17:00:00,17,13,4
2017-04-29 18:00:00,9,8,1
2017-04-29 19:00:00,3,3,0
2017-04-29 20:00:00,4,1,3
2017-04-29 21:00:00,0,0,0
2017-04-29 22:00:00,0,0,0
2017-04-29 23:00:00,0,0,0
2017-04-30 00:00:00,0,0,0
2017-04-30 01:00:00,0,0,0
2017-04-30 02:00:00,0,0,0
2017-04-30 03:00:00,0,0,0
2017-04-30 04:00:00,0,0,0
2017-04-30 05:00:00,1,0,1
2017-04-30 06:00:00,6,4,2
2017-04-30 07:00:00,19,14,5
2017-04-30 08:00:00,48,23,25
2017-04-30 09:00:00,55,41,14
2017-04-30 10:00:00,44,34,10
2017-04-30 11:00:00,59,51,8
2017-04-30 12:00:00,49,43,6
2017-04-30 13:00:00,68,53,15
2017-04-30 14:00:00,66,47,19
2017-04-30 15:00:00,55,50,5
2017-04-30 16:00:00,35,26,9
2017-04-30 17:00:00,41,29,12
2017-04-30 18:00:00,10,9,1
2017-04-30 19:00:00,0,0,0
2017-04-30 20:00:00,3,2,1
2017-04-30 21:00:00,0,0,0
2017-04-30 22:00:00,0,0,0
2017-04-30 23:00:00,0,0,0
2017-05-01 00:00:00,1,0,1
2017-05-01 01:00:00,0,0,0
2017-05-01 02:00:00,0,0,0
2017-05-01 03:00:00,0,0,0
2017-05-01 04:00:00,1,1,0
2017-05-01 05:00:00,13,11,2
2017-05-01 06:00:00,28,20,8
2017-05-01 07:00:00,64,44,20
2017-05-01 08:00:00,47,33,14
2017-05-01 09:00:00,22,20,2
2017-05-01 10:00:00,8,6,2
2017-05-01 11:00:00,9,7,2
2017-05-01 12:00:00,6,5,1
2017-05-01 13:00:00,11,7,4
2017-05-01 14:00:00,12,6,6
2017-05-01 15:00:00,22,15,7
2017-05-01 16:00:00,42,23,19
2017-05-01 17:00:00,84,60,24
2017-05-01 18:00:00,73,52,21
2017-05-01 19:00:00,24,19,5
2017-05-01 20:00:00,3,2,1
2017-05-01 21:00:00,1,1,0
2017-05-01 22:00:00,1,0,1
2017-05-01 23:00:00,2,2,0
2017-05-02 00:00:00,0,0,0
2017-05-02 01:00:00,0,0,0
2017-05-02 02:00:00,0,0,0
2017-05-02 03:00:00,0,0,0
2017-05-02 04:00:00,2,2,0
2017-05-02 05:00:00,14,12,2
2017-05-02 06:00:00,27,17,10
2017-05-02 07:00:00,67,52,15
2017-05-02 08:00:00,70,53,17
2017-05-02 09:00:00,20,17,3
2017-05-02 10:00:00,38,33,5
2017-05-02 11:00:00,30,25,5
2017-05-02 12:00:00,28,20,8
2017-05-02 13:00:00,34,29,5
2017-05-02 14:00:00,17,16,1
2017-05-02 15:00:00,23,19,4
2017-05-02 16:00:00,63,52,11
2017-05-02 17:00:00,97,81,16
2017-05-02 18:00:00,68,60,8
2017-05-02 19:00:00,39,27,12
2017-05-02 20:00:00,9,8,1
2017-05-02 21:00:00,2,2,0
2017-05-02 22:00:00,1,1,0
2017-05-02 23:00:00,0,0,0
2017-05-03 00:00:00,0,0,0
2017-05-03 01:00:00,0,0,0
2017-05-03 02:00:00,0,0,0
2017-05-03 03:00:00,1,1,0
2017-05-03 04:00:00,4,4,0
2017-05-03 05:00:00,12,12,0
2017-05-03 06:00:00,23,17,6
2017-05-03 07:00:00,63,49,14
2017-05-03 08:00:00,78,73,5
2017-05-03 09:00:00,27,23,4
2017-05-03 10:00:00,15,14,1
2017-05-03 11:00:00,14,13,1
2017-05-03 12:00:00,31,26,5
2017-05-03 13:00:00,25,23,2
2017-05-03 14:00:00,57,40,17
2017-05-03 15:00:00,63,46,17
2017-05-03 16:00:00,122,113,9
2017-05-03 17:00:00,208,195,13
2017-05-03 18:00:00,146,136,10
2017-05-03 19:00:00,84,74,10
2017-05-03 20:00:00,22,20,2
2017-05-03 21:00:00,7,5,2
2017-05-03 22:00:00,1,0,1
2017-05-03 23:00:00,1,0,1
2017-05-04 00:00:00,1,0,1
2017-05-04 01:00:00,1,1,0
2017-05-04 02:00:00,0,0,0
2017-05-04 03:00:00,0,0,0
2017-05-04 04:00:00,3,3,0
2017-05-04 05:00:00,17,13,4
2017-05-04 06:00:00,32,23,9
2017-05-04 07:00:00,65,44,21
2017-05-04 08:00:00,59,52,7
2017-05-04 09:00:00,37,30,7
2017-05-04 10:00:00,26,21,5
2017-05-04 11:00:00,43,36,7
2017-05-04 12:00:00,42,40,2
2017-05-04 13:00:00,43,35,8
2017-05-04 14:00:00,49,40,9
2017-05-04 15:00:00,74,66,8
2017-05-04 16:00:00,92,78,14
2017-05-04 17:00:00,56,42,14
2017-05-04 18:00:00,30,26,4
2017-05-04 19:00:00,17,14,3
2017-05-04 20:00:00,1,0,1
2017-05-04 21:00:00,0,0,0
2017-05-04 22:00:00,1,1,0
2017-05-04 23:00:00,1,0,1
2017-05-05 00:00:00,1,0,1
2017-05-05 01:00:00,0,0,0
2017-05-05 02:00:00,0,0,0
2017-05-05 03:00:00,0,0,0
2017-05-05 04:00:00,1,1,0
2017-05-05 05:00:00,8,5,3
2017-05-05 06:00:00,14,10,4
2017-05-05 07:00:00,51,48,3
2017-05-05 08:00:00,43,41,2
2017-05-05 09:00:00,22,17,5
2017-05-05 10:00:00,9,7,2
2017-05-05 11:00:00,3,2,1
2017-05-05 12:00:00,2,2,0
2017-05-05 13:00:00,5,5,0
2017-05-05 14:00:00,11,9,2
2017-05-05 15:00:00,29,23,6
2017-05-05 16:00:00,54,46,8
2017-05-05 17:00:00,72,59,13
2017-05-05 18:00:00,46,38,8
2017-05-05 19:00:00,16,14,2
2017-05-05 20:00:00,6,4,2
2017-05-05 21:00:00,2,1,1
2017-05-05 22:00:00,2,2,0
2017-05-05 23:00:00,0,0,0
2017-05-06 00:00:00,1,1,0
2017-05-06 01:00:00,0,0,0
2017-05-06 02:00:00,0,0,0
2017-05-06 03:00:00,0,0,0
2017-05-06 04:00:00,1,1,0
2017-05-06 05:00:00,0,0,0
2017-05-06 06:00:00,7,6,1
2017-05-06 07:00:00,32,16,16
2017-05-06 08:00:00,87,52,35
2017-05-06 09:00:00,104,78,26
2017-05-06 10:00:00,140,89,51
2017-05-06 11:00:00,105,72,33
2017-05-06 12:00:00,99,86,13
2017-05-06 13:00:00,109,87,22
2017-05-06 14:00:00,127,108,19
2017-05-06 15:00:00,119,83,36
2017-05-06 16:00:00,103,80,23
2017-05-06 17:00:00,61,49,12
2017-05-06 18:00:00,29,18,11
2017-05-06 19:00:00,16,13,3
2017-05-06 20:00:00,9,6,3
2017-05-06 21:00:00,3,3,0
2017-05-06 22:00:00,5,5,0
2017-05-06 23:00:00,0,0,0
2017-05-07 00:00:00,0,0,0
2017-05-07 01:00:00,0,0,0
2017-05-07 02:00:00,1,1,0
2017-05-07 03:00:00,0,0,0
2017-05-07 04:00:00,0,0,0
2017-05-07 05:00:00,2,0,2
2017-05-07 06:00:00,6,2,4
2017-05-07 07:00:00,24,12,12
2017-05-07 08:00:00,88,41,47
2017-05-07 09:00:00,114,83,31
2017-05-07 10:00:00,138,109,29
2017-05-07 11:00:00,161,127,34
2017-05-07 12:00:00,112,95,17
2017-05-07 13:00:00,119,98,21
2017-05-07 14:00:00,148,107,41
2017-05-07 15:00:00,148,111,37
2017-05-07 16:00:00,124,109,15
2017-05-07 17:00:00,93,74,19
2017-05-07 18:00:00,43,32,11
2017-05-07 19:00:00,21,17,4
2017-05-07 20:00:00,7,6,1
2017-05-07 21:00:00,2,1,1
2017-05-07 22:00:00,3,3,0
2017-05-07 23:00:00,0,0,0
2017-05-08 00:00:00,0,0,0
2017-05-08 01:00:00,0,0,0
2017-05-08 02:00:00,0,0,0
2017-05-08 03:00:00,0,0,0
2017-05-08 04:00:00,4,4,0
2017-05-08 05:00:00,21,14,7
2017-05-08 06:00:00,29,20,9
2017-05-08 07:00:00,75,63,12
2017-05-08 08:00:00,76,67,9
2017-05-08 09:00:00,40,26,14
2017-05-08 10:00:00,23,17,6
2017-05-08 11:00:00,20,15,5
2017-05-08 12:00:00,27,18,9
2017-05-08 13:00:00,25,25,0
2017-05-08 14:00:00,26,22,4
2017-05-08 15:00:00,29,25,4
2017-05-08 16:00:00,97,82,15
2017-05-08 17:00:00,122,109,13
2017-05-08 18:00:00,120,89,31
2017-05-08 19:00:00,70,56,14
2017-05-08 20:00:00,21,15,6
2017-05-08 21:00:00,4,2,2
2017-05-08 22:00:00,1,1,0
2017-05-08 23:00:00,0,0,0
2017-05-09 00:00:00,1,0,1
2017-05-09 01:00:00,0,0,0
2017-05-09 02:00:00,1,1,0
2017-05-09 03:00:00,0,0,0
2017-05-09 04:00:00,3,2,1
2017-05-09 05:00:00,12,9,3
2017-05-09 06:00:00,45,38,7
2017-05-09 07:00:00,117,102,15
2017-05-09 08:00:00,100,88,12
2017-05-09 09:00:00,50,45,5
2017-05-09 10:00:00,42,34,8
2017-05-09 11:00:00,33,30,3
2017-05-09 12:00:00,39,33,6
2017-05-09 13:00:00,53,46,7
2017-05-09 14:00:00,49,44,5
2017-05-09 15:00:00,55,51,4
2017-05-09 16:00:00,112,105,7
2017-05-09 17:00:00,195,175,20
2017-05-09 18:00:00,159,129,30
2017-05-09 19:00:00,100,86,14
2017-05-09 20:00:00,30,23,7
2017-05-09 21:00:00,9,6,3
2017-05-09 22:00:00,2,1,1
2017-05-09 23:00:00,1,1,0
2017-05-10 00:00:00,1,0,1
2017-05-10 01:00:00,0,0,0
2017-05-10 02:00:00,0,0,0
2017-05-10 03:00:00,0,0,0
2017-05-10 04:00:00,5,5,0
2017-05-10 05:00:00,17,7,10
2017-05-10 06:00:00,50,38,12
2017-05-10 07:00:00,98,81,17
2017-05-10 08:00:00,84,73,11
2017-05-10 09:00:00,52,46,6
2017-05-10 10:00:00,31,27,4
2017-05-10 11:00:00,33,23,10
2017-05-10 12:00:00,30,24,6
2017-05-10 13:00:00,38,36,2
2017-05-10 14:00:00,55,51,4
2017-05-10 15:00:00,84,73,11
2017-05-10 16:00:00,132,123,9
2017-05-10 17:00:00,157,146,11
2017-05-10 18:00:00,154,145,9
2017-05-10 19:00:00,102,96,6
2017-05-10 20:00:00,20,18,2
2017-05-10 21:00:00,3,3,0
2017-05-10 22:00:00,5,5,0
2017-05-10 23:00:00,2,0,2
2017-05-11 00:00:00,1,0,1
2017-05-11 01:00:00,1,1,0
2017-05-11 02:00:00,0,0,0
2017-05-11 03:00:00,1,1,0
2017-05-11 04:00:00,2,2,0
2017-05-11 05:00:00,10,9,1
2017-05-11 06:00:00,16,10,6
2017-05-11 07:00:00,36,28,8
2017-05-11 08:00:00,49,35,14
2017-05-11 09:00:00,27,22,5
2017-05-11 10:00:00,13,10,3
2017-05-11 11:00:00,11,8,3
2017-05-11 12:00:00,11,9,2
2017-05-11 13:00:00,5,3,2
2017-05-11 14:00:00,3,3,0
2017-05-11 15:00:00,8,6,2
2017-05-11 16:00:00,35,21,14
2017-05-11 17:00:00,53,37,16
2017-05-11 18:00:00,45,36,9
2017-05-11 19:00:00,19,15,4
2017-05-11 20:00:00,5,3,2
2017-05-11 21:00:00,4,2,2
2017-05-11 22:00:00,1,1,0
2017-05-11 23:00:00,0,0,0
2017-05-12 00:00:00,0,0,0
2017-05-12 01:00:00,0,0,0
2017-05-12 02:00:00,0,0,0
2017-05-12 03:00:00,0,0,0
2017-05-12 04:00:00,1,1,0
2017-05-12 05:00:00,7,4,3
2017-05-12 06:00:00,14,10,4
2017-05-12 07:00:00,65,53,12
2017-05-12 08:00:00,41,31,10
2017-05-12 09:00:00,34,26,8
2017-05-12 10:00:00,33,17,16
2017-05-12 11:00:00,18,10,8
2017-05-12 12:00:00,14,10,4
2017-05-12 13:00:00,15,14,1
2017-05-12 14:00:00,12,8,4
2017-05-12 15:00:00,16,14,2
2017-05-12 16:00:00,43,30,13
2017-05-12 17:00:00,56,40,16
2017-05-12 18:00:00,37,34,3
2017-05-12 19:00:00,16,11,5
2017-05-12 20:00:00,11,9,2
2017-05-12 21:00:00,1,1,0
2017-05-12 22:00:00,0,0,0
2017-05-12 23:00:00,0,0,0
2017-05-13 00:00:00,0,0,0
2017-05-13 01:00:00,0,0,0
2017-05-13 02:00:00,0,0,0
2017-05-13 03:00:00,1,1,0
2017-05-13 04:00:00,1,1,0
2017-05-13 05:00:00,2,1,1
2017-05-13 06:00:00,9,1,8
2017-05-13 07:00:00,4,2,2
2017-05-13 08:00:00,22,10,12
2017-05-13 09:00:00,78,30,48
2017-05-13 10:00:00,88,74,14
2017-05-13 11:00:00,82,54,28
2017-05-13 12:00:00,78,53,25
2017-05-13 13:00:00,79,71,8
2017-05-13 14:00:00,52,40,12
2017-05-13 15:00:00,63,53,10
2017-05-13 16:00:00,60,54,6
2017-05-13 17:00:00,42,32,10
2017-05-13 18:00:00,23,22,1
2017-05-13 19:00:00,6,5,1
2017-05-13 20:00:00,5,3,2
2017-05-13 21:00:00,2,2,0
2017-05-13 22:00:00,0,0,0
2017-05-13 23:00:00,0,0,0
2017-05-14 00:00:00,0,0,0
2017-05-14 01:00:00,0,0,0
2017-05-14 02:00:00,0,0,0
2017-05-14 03:00:00,0,0,0
2017-05-14 04:00:00,0,0,0
2017-05-14 05:00:00,0,0,0
2017-05-14 06:00:00,2,2,0
2017-05-14 07:00:00,15,8,7
2017-05-14 08:00:00,21,10,11
2017-05-14 09:00:00,27,20,7
2017-05-14 10:00:00,42,32,10
2017-05-14 11:00:00,42,39,3
2017-05-14 12:00:00,71,65,6
2017-05-14 13:00:00,62,48,14
2017-05-14 14:00:00,54,47,7
2017-05-14 15:00:00,49,43,6
2017-05-14 16:00:00,29,24,5
2017-05-14 17:00:00,27,19,8
2017-05-14 18:00:00,23,20,3
2017-05-14 19:00:00,4,3,1
2017-05-14 20:00:00,6,5,1
2017-05-14 21:00:00,8,5,3
2017-05-14 22:00:00,0,0,0
2017-05-14 23:00:00,0,0,0
2017-05-15 00:00:00,0,0,0
2017-05-15 01:00:00,0,0,0
2017-05-15 02:00:00,0,0,0
2017-05-15 03:00:00,0,0,0
2017-05-15 04:00:00,2,2,0
2017-05-15 05:00:00,12,9,3
2017-05-15 06:00:00,30,22,8
2017-05-15 07:00:00,63,46,17
2017-05-15 08:00:00,58,52,6
2017-05-15 09:00:00,27,16,11
2017-05-15 10:00:00,14,12,2
2017-05-15 11:00:00,17,10,7
2017-05-15 12:00:00,11,8,3
2017-05-15 13:00:00,7,5,2
2017-05-15 14:00:00,10,8,2
2017-05-15 15:00:00,10,6,4
2017-05-15 16:00:00,29,19,10
2017-05-15 17:00:00,66,47,19
2017-05-15 18:00:00,43,34,9
2017-05-15 19:00:00,12,11,1
2017-05-15 20:00:00,11,9,2
2017-05-15 21:00:00,3,2,1
2017-05-15 22:00:00,1,0,1
2017-05-15 23:00:00,0,0,0
2017-05-16 00:00:00,0,0,0
2017-05-16 01:00:00,0,0,0
2017-05-16 02:00:00,0,0,0
2017-05-16 03:00:00,0,0,0
2017-05-16 04:00:00,3,3,0
2017-05-16 05:00:00,9,7,2
2017-05-16 06:00:00,10,8,2
2017-05-16 07:00:00,27,16,11
2017-05-16 08:00:00,37,25,12
2017-05-16 09:00:00,13,12,1
2017-05-16 10:00:00,5,2,3
2017-05-16 11:00:00,3,3,0
2017-05-16 12:00:00,7,7,0
2017-05-16 13:00:00,3,3,0
2017-05-16 14:00:00,15,14,1
2017-05-16 15:00:00,26,23,3
2017-05-16 16:00:00,40,37,3
2017-05-16 17:00:00,64,37,27
2017-05-16 18:00:00,50,32,18
2017-05-16 19:00:00,46,34,12
2017-05-16 20:00:00,9,9,0
2017-05-16 21:00:00,2,2,0
2017-05-16 22:00:00,2,2,0
2017-05-16 23:00:00,0,0,0
2017-05-17 00:00:00,0,0,0
2017-05-17 01:00:00,0,0,0
2017-05-17 02:00:00,0,0,0
2017-05-17 03:00:00,0,0,0
2017-05-17 04:00:00,4,4,0
2017-05-17 05:00:00,14,8,6
2017-05-17 06:00:00,37,27,10
2017-05-17 07:00:00,75,53,22
2017-05-17 08:00:00,77,59,18
2017-05-17 09:00:00,40,33,7
2017-05-17 10:00:00,36,28,8
2017-05-17 11:00:00,25,21,4
2017-05-17 12:00:00,20,17,3
2017-05-17 13:00:00,35,30,5
2017-05-17 14:00:00,36,32,4
2017-05-17 15:00:00,37,25,12
2017-05-17 16:00:00,72,51,21
2017-05-17 17:00:00,127,96,31
2017-05-17 18:00:00,95,77,18
2017-05-17 19:00:00,49,44,5
2017-05-17 20:00:00,20,17,3
2017-05-17 21:00:00,1,1,0
2017-05-17 22:00:00,3,1,2
2017-05-17 23:00:00,1,0,1
2017-05-18 00:00:00,0,0,0
2017-05-18 01:00:00,0,0,0
2017-05-18 02:00:00,1,1,0
2017-05-18 03:00:00,0,0,0
2017-05-18 04:00:00,5,5,0
2017-05-18 05:00:00,14,11,3
2017-05-18 06:00:00,40,24,16
2017-05-18 07:00:00,86,58,28
2017-05-18 08:00:00,73,61,12
2017-05-18 09:00:00,36,32,4
2017-05-18 10:00:00,24,21,3
2017-05-18 11:00:00,26,19,7
2017-05-18 12:00:00,29,25,4
2017-05-18 13:00:00,33,31,2
2017-05-18 14:00:00,31,27,4
2017-05-18 15:00:00,46,39,7
2017-05-18 16:00:00,67,58,9
2017-05-18 17:00:00,171,145,26
2017-05-18 18:00:00,108,96,12
2017-05-18 19:00:00,74,57,17
2017-05-18 20:00:00,31,26,5
2017-05-18 21:00:00,6,5,1
2017-05-18 22:00:00,2,2,0
2017-05-18 23:00:00,2,1,1
2017-05-19 00:00:00,2,1,1
2017-05-19 01:00:00,0,0,0
2017-05-19 02:00:00,1,1,0
2017-05-19 03:00:00,1,0,1
2017-05-19 04:00:00,7,7,0
2017-05-19 05:00:00,17,8,9
2017-05-19 06:00:00,80,63,17
2017-05-19 07:00:00,138,116,22
2017-05-19 08:00:00,141,122,19
2017-05-19 09:00:00,56,51,5
2017-05-19 10:00:00,51,44,7
2017-05-19 11:00:00,40,27,13
2017-05-19 12:00:00,47,43,4
2017-05-19 13:00:00,43,39,4
2017-05-19 14:00:00,61,58,3
2017-05-19 15:00:00,95,91,4
2017-05-19 16:00:00,131,124,7
2017-05-19 17:00:00,188,171,17
2017-05-19 18:00:00,98,88,10
2017-05-19 19:00:00,52,49,3
2017-05-19 20:00:00,18,13,5
2017-05-19 21:00:00,7,4,3
2017-05-19 22:00:00,2,1,1
2017-05-19 23:00:00,0,0,0
2017-05-20 00:00:00,0,0,0
2017-05-20 01:00:00,0,0,0
2017-05-20 02:00:00,0,0,0
2017-05-20 03:00:00,0,0,0
2017-05-20 04:00:00,0,0,0
2017-05-20 05:00:00,2,1,1
2017-05-20 06:00:00,12,2,10
2017-05-20 07:00:00,53,35,18
2017-05-20 08:00:00,104,88,16
2017-05-20 09:00:00,119,104,15
2017-05-20 10:00:00,199,170,29
2017-05-20 11:00:00,165,152,13
2017-05-20 12:00:00,199,185,14
2017-05-20 13:00:00,145,134,11
2017-05-20 14:00:00,131,110,21
2017-05-20 15:00:00,150,124,26
2017-05-20 16:00:00,88,87,1
2017-05-20 17:00:00,78,73,5
2017-05-20 18:00:00,63,52,11
2017-05-20 19:00:00,31,30,1
2017-05-20 20:00:00,18,16,2
2017-05-20 21:00:00,5,5,0
2017-05-20 22:00:00,3,1,2
2017-05-20 23:00:00,0,0,0
2017-05-21 00:00:00,1,1,0
2017-05-21 01:00:00,0,0,0
2017-05-21 02:00:00,2,2,0
2017-05-21 03:00:00,0,0,0
2017-05-21 04:00:00,0,0,0
2017-05-21 05:00:00,1,1,0
2017-05-21 06:00:00,7,7,0
2017-05-21 07:00:00,51,37,14
2017-05-21 08:00:00,127,110,17
2017-05-21 09:00:00,143,128,15
2017-05-21 10:00:00,162,144,18
2017-05-21 11:00:00,239,206,33
2017-05-21 12:00:00,194,178,16
2017-05-21 13:00:00,192,167,25
2017-05-21 14:00:00,153,126,27
2017-05-21 15:00:00,152,133,19
2017-05-21 16:00:00,83,74,9
2017-05-21 17:00:00,61,57,4
2017-05-21 18:00:00,39,36,3
2017-05-21 19:00:00,31,29,2
2017-05-21 20:00:00,15,12,3
2017-05-21 21:00:00,6,6,0
2017-05-21 22:00:00,0,0,0
2017-05-21 23:00:00,1,1,0
2017-05-22 00:00:00,1,1,0
2017-05-22 01:00:00,0,0,0
2017-05-22 02:00:00,0,0,0
2017-05-22 03:00:00,0,0,0
2017-05-22 04:00:00,4,4,0
2017-05-22 05:00:00,19,11,8
2017-05-22 06:00:00,47,44,3
2017-05-22 07:00:00,83,71,12
2017-05-22 08:00:00,91,80,11
2017-05-22 09:00:00,38,31,7
2017-05-22 10:00:00,26,24,2
2017-05-22 11:00:00,38,33,5
2017-05-22 12:00:00,25,23,2
2017-05-22 13:00:00,32,26,6
2017-05-22 14:00:00,38,33,5
2017-05-22 15:00:00,43,37,6
2017-05-22 16:00:00,90,75,15
2017-05-22 17:00:00,168,145,23
2017-05-22 18:00:00,128,122,6
2017-05-22 19:00:00,59,50,9
2017-05-22 20:00:00,37,25,12
2017-05-22 21:00:00,14,11,3
2017-05-22 22:00:00,1,0,1
2017-05-22 23:00:00,1,0,1
2017-05-23 00:00:00,2,1,1
2017-05-23 01:00:00,0,0,0
2017-05-23 02:00:00,0,0,0
2017-05-23 03:00:00,0,0,0
2017-05-23 04:00:00,6,6,0
2017-05-23 05:00:00,28,11,17
2017-05-23 06:00:00,63,50,13
2017-05-23 07:00:00,113,104,9
2017-05-23 08:00:00,115,107,8
2017-05-23 09:00:00,49,44,5
2017-05-23 10:00:00,32,28,4
2017-05-23 11:00:00,39,29,10
2017-05-23 12:00:00,40,32,8
2017-05-23 13:00:00,37,26,11
2017-05-23 14:00:00,34,25,9
2017-05-23 15:00:00,41,34,7
2017-05-23 16:00:00,104,96,8
2017-05-23 17:00:00,194,149,45
2017-05-23 18:00:00,172,139,33
2017-05-23 19:00:00,107,90,17
2017-05-23 20:00:00,26,23,3
2017-05-23 21:00:00,8,4,4
2017-05-23 22:00:00,0,0,0
2017-05-23 23:00:00,1,1,0
2017-05-24 00:00:00,0,0,0
2017-05-24 01:00:00,0,0,0
2017-05-24 02:00:00,0,0,0
2017-05-24 03:00:00,0,0,0
2017-05-24 04:00:00,4,4,0
2017-05-24 05:00:00,14,8,6
2017-05-24 06:00:00,50,30,20
2017-05-24 07:00:00,87,72,15
2017-05-24 08:00:00,78,68,10
2017-05-24 09:00:00,33,25,8
2017-05-24 10:00:00,18,18,0
2017-05-24 11:00:00,19,17,2
2017-05-24 12:00:00,23,21,2
2017-05-24 13:00:00,17,10,7
2017-05-24 14:00:00,14,14,0
2017-05-24 15:00:00,29,26,3
2017-05-24 16:00:00,46,32,14
2017-05-24 17:00:00,120,88,32
2017-05-24 18:00:00,107,83,24
2017-05-24 19:00:00,52,38,14
2017-05-24 20:00:00,28,19,9
2017-05-24 21:00:00,8,6,2
2017-05-24 22:00:00,1,0,1
2017-05-24 23:00:00,0,0,0
2017-05-25 00:00:00,1,1,0
2017-05-25 01:00:00,0,0,0
2017-05-25 02:00:00,0,0,0
2017-05-25 03:00:00,0,0,0
2017-05-25 04:00:00,1,1,0
2017-05-25 05:00:00,16,13,3
2017-05-25 06:00:00,41,25,16
2017-05-25 07:00:00,103,79,24
2017-05-25 08:00:00,94,77,17
2017-05-25 09:00:00,40,30,10
2017-05-25 10:00:00,27,24,3
2017-05-25 11:00:00,35,35,0
2017-05-25 12:00:00,49,40,9
2017-05-25 13:00:00,25,21,4
2017-05-25 14:00:00,41,34,7
2017-05-25 15:00:00,40,35,5
2017-05-25 16:00:00,95,88,7
2017-05-25 17:00:00,166,143,23
2017-05-25 18:00:00,119,98,21
2017-05-25 19:00:00,76,55,21
2017-05-25 20:00:00,42,24,18
2017-05-25 21:00:00,11,7,4
2017-05-25 22:00:00,2,2,0
2017-05-25 23:00:00,2,1,1
2017-05-26 00:00:00,0,0,0
2017-05-26 01:00:00,1,1,0
2017-05-26 02:00:00,1,0,1
2017-05-26 03:00:00,1,1,0
2017-05-26 04:00:00,4,4,0
2017-05-26 05:00:00,16,9,7
2017-05-26 06:00:00,33,31,2
2017-05-26 07:00:00,82,74,8
2017-05-26 08:00:00,83,72,11
2017-05-26 09:00:00,57,48,9
2017-05-26 10:00:00,45,40,5
2017-05-26 11:00:00,50,37,13
2017-05-26 12:00:00,37,34,3
2017-05-26 13:00:00,51,41,10
2017-05-26 14:00:00,55,44,11
2017-05-26 15:00:00,93,78,15
2017-05-26 16:00:00,105,89,16
2017-05-26 17:00:00,115,104,11
2017-05-26 18:00:00,78,76,2
2017-05-26 19:00:00,46,40,6
2017-05-26 20:00:00,17,15,2
2017-05-26 21:00:00,7,6,1
2017-05-26 22:00:00,2,1,1
2017-05-26 23:00:00,2,2,0
2017-05-27 00:00:00,0,0,0
2017-05-27 01:00:00,1,0,1
2017-05-27 02:00:00,0,0,0
2017-05-27 03:00:00,0,0,0
2017-05-27 04:00:00,1,1,0
2017-05-27 05:00:00,2,1,1
2017-05-27 06:00:00,15,13,2
2017-05-27 07:00:00,44,33,11
2017-05-27 08:00:00,83,71,12
2017-05-27 09:00:00,147,121,26
2017-05-27 10:00:00,164,140,24
2017-05-27 11:00:00,172,149,23
2017-05-27 12:00:00,123,98,25
2017-05-27 13:00:00,100,81,19
2017-05-27 14:00:00,91,67,24
2017-05-27 15:00:00,72,53,19
2017-05-27 16:00:00,59,47,12
2017-05-27 17:00:00,71,67,4
2017-05-27 18:00:00,46,44,2
2017-05-27 19:00:00,25,20,5
2017-05-27 20:00:00,22,16,6
2017-05-27 21:00:00,7,5,2
2017-05-27 22:00:00,3,2,1
2017-05-27 23:00:00,0,0,0
2017-05-28 00:00:00,0,0,0
2017-05-28 01:00:00,9,6,3
2017-05-28 02:00:00,0,0,0
2017-05-28 03:00:00,0,0,0
2017-05-28 04:00:00,0,0,0
2017-05-28 05:00:00,17,16,1
2017-05-28 06:00:00,97,93,4
2017-05-28 07:00:00,65,63,2
2017-05-28 08:00:00,67,56,11
2017-05-28 09:00:00,159,141,18
2017-05-28 10:00:00,177,154,23
2017-05-28 11:00:00,177,158,19
2017-05-28 12:00:00,107,95,12
2017-05-28 13:00:00,118,84,34
2017-05-28 14:00:00,59,48,11
2017-05-28 15:00:00,57,44,13
2017-05-28 16:00:00,56,46,10
2017-05-28 17:00:00,44,40,4
2017-05-28 18:00:00,48,39,9
2017-05-28 19:00:00,36,33,3
2017-05-28 20:00:00,23,16,7
2017-05-28 21:00:00,13,11,2
2017-05-28 22:00:00,2,1,1
2017-05-28 23:00:00,0,0,0
2017-05-29 00:00:00,6,5,1
2017-05-29 01:00:00,0,0,0
2017-05-29 02:00:00,0,0,0
2017-05-29 03:00:00,0,0,0
2017-05-29 04:00:00,0,0,0
2017-05-29 05:00:00,9,1,8
2017-05-29 06:00:00,5,2,3
2017-05-29 07:00:00,30,8,22
2017-05-29 08:00:00,56,28,28
2017-05-29 09:00:00,72,42,30
2017-05-29 10:00:00,95,65,30
2017-05-29 11:00:00,155,124,31
2017-05-29 12:00:00,136,117,19
2017-05-29 13:00:00,116,102,14
2017-05-29 14:00:00,117,106,11
2017-05-29 15:00:00,114,110,4
2017-05-29 16:00:00,81,74,7
2017-05-29 17:00:00,62,54,8
2017-05-29 18:00:00,35,34,1
2017-05-29 19:00:00,18,17,1
2017-05-29 20:00:00,24,21,3
2017-05-29 21:00:00,8,5,3
2017-05-29 22:00:00,1,1,0
2017-05-29 23:00:00,1,1,0
2017-05-30 00:00:00,1,1,0
2017-05-30 01:00:00,0,0,0
2017-05-30 02:00:00,0,0,0
2017-05-30 03:00:00,0,0,0
2017-05-30 04:00:00,5,5,0
2017-05-30 05:00:00,15,12,3
2017-05-30 06:00:00,30,24,6
2017-05-30 07:00:00,56,38,18
2017-05-30 08:00:00,54,41,13
2017-05-30 09:00:00,34,22,12
2017-05-30 10:00:00,14,7,7
2017-05-30 11:00:00,8,8,0
2017-05-30 12:00:00,12,8,4
2017-05-30 13:00:00,6,6,0
2017-05-30 14:00:00,15,10,5
2017-05-30 15:00:00,17,14,3
2017-05-30 16:00:00,55,36,19
2017-05-30 17:00:00,81,41,40
2017-05-30 18:00:00,63,41,22
2017-05-30 19:00:00,53,40,13
2017-05-30 20:00:00,6,5,1
2017-05-30 21:00:00,3,2,1
2017-05-30 22:00:00,2,0,2
2017-05-30 23:00:00,0,0,0
2017-05-31 00:00:00,0,0,0
2017-05-31 01:00:00,0,0,0
2017-05-31 02:00:00,0,0,0
2017-05-31 03:00:00,0,0,0
2017-05-31 04:00:00,5,5,0
2017-05-31 05:00:00,18,11,7
2017-05-31 06:00:00,40,27,13
2017-05-31 07:00:00,82,54,28
2017-05-31 08:00:00,81,64,17
2017-05-31 09:00:00,24,23,1
2017-05-31 10:00:00,15,14,1
2017-05-31 11:00:00,22,20,2
2017-05-31 12:00:00,34,26,8
2017-05-31 13:00:00,39,37,2
2017-05-31 14:00:00,39,34,5
2017-05-31 15:00:00,46,45,1
2017-05-31 16:00:00,77,74,3
2017-05-31 17:00:00,151,135,16
2017-05-31 18:00:00,138,117,21
2017-05-31 19:00:00,81,70,11
2017-05-31 20:00:00,26,23,3
2017-05-31 21:00:00,10,10,0
2017-05-31 22:00:00,3,2,1
2017-05-31 23:00:00,0,0,0
2017-06-01 00:00:00,2,1,1
2017-06-01 01:00:00,0,0,0
2017-06-01 02:00:00,0,0,0
2017-06-01 03:00:00,0,0,0
2017-06-01 04:00:00,5,5,0
2017-06-01 05:00:00,10,10,0
2017-06-01 06:00:00,26,17,9
2017-06-01 07:00:00,59,44,15
2017-06-01 08:00:00,55,43,12
2017-06-01 09:00:00,25,19,6
2017-06-01 10:00:00,18,12,6
2017-06-01 11:00:00,13,10,3
2017-06-01 12:00:00,9,7,2
2017-06-01 13:00:00,18,15,3
2017-06-01 14:00:00,17,17,0
2017-06-01 15:00:00,19,16,3
2017-06-01 16:00:00,46,44,2
2017-06-01 17:00:00,94,77,17
2017-06-01 18:00:00,89,71,18
2017-06-01 19:00:00,57,42,15
2017-06-01 20:00:00,18,13,5
2017-06-01 21:00:00,4,4,0
2017-06-01 22:00:00,1,0,1
2017-06-01 23:00:00,0,0,0
2017-06-02 00:00:00,0,0,0
2017-06-02 01:00:00,0,0,0
2017-06-02 02:00:00,0,0,0
2017-06-02 03:00:00,1,0,1
2017-06-02 04:00:00,5,5,0
2017-06-02 05:00:00,11,4,7
2017-06-02 06:00:00,51,35,16
2017-06-02 07:00:00,71,49,22
2017-06-02 08:00:00,77,64,13
2017-06-02 09:00:00,36,33,3
2017-06-02 10:00:00,18,17,1
2017-06-02 11:00:00,24,19,5
2017-06-02 12:00:00,28,23,5
2017-06-02 13:00:00,19,17,2
2017-06-02 14:00:00,40,37,3
2017-06-02 15:00:00,61,53,8
2017-06-02 16:00:00,75,72,3
2017-06-02 17:00:00,116,102,14
2017-06-02 18:00:00,103,94,9
2017-06-02 19:00:00,43,35,8
2017-06-02 20:00:00,26,23,3
2017-06-02 21:00:00,11,9,2
2017-06-02 22:00:00,6,3,3
2017-06-02 23:00:00,2,2,0
2017-06-03 00:00:00,1,0,1
2017-06-03 01:00:00,0,0,0
2017-06-03 02:00:00,1,1,0
2017-06-03 03:00:00,0,0,0
2017-06-03 04:00:00,1,1,0
2017-06-03 05:00:00,3,1,2
2017-06-03 06:00:00,11,6,5
2017-06-03 07:00:00,41,16,25
2017-06-03 08:00:00,64,30,34
2017-06-03 09:00:00,124,77,47
2017-06-03 10:00:00,119,85,34
2017-06-03 11:00:00,124,100,24
2017-06-03 12:00:00,143,123,20
2017-06-03 13:00:00,121,95,26
2017-06-03 14:00:00,88,84,4
2017-06-03 15:00:00,83,68,15
2017-06-03 16:00:00,75,64,11
2017-06-03 17:00:00,58,42,16
2017-06-03 18:00:00,29,24,5
2017-06-03 19:00:00,19,13,6
2017-06-03 20:00:00,22,19,3
2017-06-03 21:00:00,3,2,1
2017-06-03 22:00:00,2,1,1
2017-06-03 23:00:00,2,2,0
2017-06-04 00:00:00,1,1,0
2017-06-04 01:00:00,0,0,0
2017-06-04 02:00:00,1,0,1
2017-06-04 03:00:00,0,0,0
2017-06-04 04:00:00,0,0,0
2017-06-04 05:00:00,1,0,1
2017-06-04 06:00:00,12,3,9
2017-06-04 07:00:00,43,31,12
2017-06-04 08:00:00,83,72,11
2017-06-04 09:00:00,113,101,12
2017-06-04 10:00:00,136,124,12
2017-06-04 11:00:00,145,139,6
2017-06-04 12:00:00,109,99,10
2017-06-04 13:00:00,108,99,9
2017-06-04 14:00:00,122,117,5
2017-06-04 15:00:00,106,94,12
2017-06-04 16:00:00,111,110,1
2017-06-04 17:00:00,61,59,2
2017-06-04 18:00:00,40,40,0
2017-06-04 19:00:00,19,19,0
2017-06-04 20:00:00,4,4,0
2017-06-04 21:00:00,5,4,1
2017-06-04 22:00:00,3,3,0
2017-06-04 23:00:00,2,1,1
2017-06-05 00:00:00,0,0,0
2017-06-05 01:00:00,0,0,0
2017-06-05 02:00:00,1,1,0
2017-06-05 03:00:00,1,0,1
2017-06-05 04:00:00,4,4,0
2017-06-05 05:00:00,17,8,9
2017-06-05 06:00:00,39,35,4
2017-06-05 07:00:00,82,71,11
2017-06-05 08:00:00,115,99,16
2017-06-05 09:00:00,38,31,7
2017-06-05 10:00:00,32,27,5
2017-06-05 11:00:00,27,25,2
2017-06-05 12:00:00,34,31,3
2017-06-05 13:00:00,34,29,5
2017-06-05 14:00:00,49,43,6
2017-06-05 15:00:00,52,45,7
2017-06-05 16:00:00,89,83,6
2017-06-05 17:00:00,168,161,7
2017-06-05 18:00:00,103,90,13
2017-06-05 19:00:00,79,68,11
2017-06-05 20:00:00,41,30,11
2017-06-05 21:00:00,7,6,1
2017-06-05 22:00:00,6,3,3
2017-06-05 23:00:00,1,1,0
2017-06-06 00:00:00,0,0,0
2017-06-06 01:00:00,0,0,0
2017-06-06 02:00:00,0,0,0
2017-06-06 03:00:00,0,0,0
2017-06-06 04:00:00,8,7,1
2017-06-06 05:00:00,9,5,4
2017-06-06 06:00:00,49,32,17
2017-06-06 07:00:00,117,100,17
2017-06-06 08:00:00,93,84,9
2017-06-06 09:00:00,53,50,3
2017-06-06 10:00:00,31,29,2
2017-06-06 11:00:00,30,28,2
2017-06-06 12:00:00,44,36,8
2017-06-06 13:00:00,34,28,6
2017-06-06 14:00:00,31,26,5
2017-06-06 15:00:00,60,46,14
2017-06-06 16:00:00,105,74,31
2017-06-06 17:00:00,174,142,32
2017-06-06 18:00:00,190,170,20
2017-06-06 19:00:00,117,110,7
2017-06-06 20:00:00,28,24,4
2017-06-06 21:00:00,14,8,6
2017-06-06 22:00:00,2,0,2
2017-06-06 23:00:00,0,0,0
2017-06-07 00:00:00,1,1,0
2017-06-07 01:00:00,0,0,0
2017-06-07 02:00:00,1,0,1
2017-06-07 03:00:00,0,0,0
2017-06-07 04:00:00,5,5,0
2017-06-07 05:00:00,9,6,3
2017-06-07 06:00:00,38,32,6
2017-06-07 07:00:00,91,84,7
2017-06-07 08:00:00,98,87,11
2017-06-07 09:00:00,55,51,4
2017-06-07 10:00:00,39,35,4
2017-06-07 11:00:00,39,34,5
2017-06-07 12:00:00,60,51,9
2017-06-07 13:00:00,46,37,9
2017-06-07 14:00:00,42,36,6
2017-06-07 15:00:00,60,50,10
2017-06-07 16:00:00,82,67,15
2017-06-07 17:00:00,185,166,19
2017-06-07 18:00:00,144,141,3
2017-06-07 19:00:00,123,117,6
2017-06-07 20:00:00,39,37,2
2017-06-07 21:00:00,8,8,0
2017-06-07 22:00:00,7,6,1
2017-06-07 23:00:00,2,1,1
2017-06-08 00:00:00,0,0,0
2017-06-08 01:00:00,1,1,0
2017-06-08 02:00:00,0,0,0
2017-06-08 03:00:00,0,0,0
2017-06-08 04:00:00,4,4,0
2017-06-08 05:00:00,6,6,0
2017-06-08 06:00:00,9,8,1
2017-06-08 07:00:00,26,22,4
2017-06-08 08:00:00,27,23,4
2017-06-08 09:00:00,15,13,2
2017-06-08 10:00:00,5,5,0
2017-06-08 11:00:00,5,2,3
2017-06-08 12:00:00,1,1,0
2017-06-08 13:00:00,4,2,2
2017-06-08 14:00:00,8,7,1
2017-06-08 15:00:00,12,9,3
2017-06-08 16:00:00,35,22,13
2017-06-08 17:00:00,50,39,11
2017-06-08 18:00:00,68,43,25
2017-06-08 19:00:00,37,29,8
2017-06-08 20:00:00,16,11,5
2017-06-08 21:00:00,5,4,1
2017-06-08 22:00:00,1,1,0
2017-06-08 23:00:00,1,1,0
2017-06-09 00:00:00,1,0,1
2017-06-09 01:00:00,0,0,0
2017-06-09 02:00:00,0,0,0
2017-06-09 03:00:00,1,1,0
2017-06-09 04:00:00,3,3,0
2017-06-09 05:00:00,12,7,5
2017-06-09 06:00:00,30,26,4
2017-06-09 07:00:00,71,57,14
2017-06-09 08:00:00,61,55,6
2017-06-09 09:00:00,38,36,2
2017-06-09 10:00:00,35,22,13
2017-06-09 11:00:00,25,22,3
2017-06-09 12:00:00,14,13,1
2017-06-09 13:00:00,31,26,5
2017-06-09 14:00:00,26,23,3
2017-06-09 15:00:00,28,24,4
2017-06-09 16:00:00,49,46,3
2017-06-09 17:00:00,87,84,3
2017-06-09 18:00:00,37,37,0
2017-06-09 19:00:00,18,18,0
2017-06-09 20:00:00,8,8,0
2017-06-09 21:00:00,3,3,0
2017-06-09 22:00:00,3,3,0
2017-06-09 23:00:00,0,0,0
2017-06-10 00:00:00,0,0,0
2017-06-10 01:00:00,0,0,0
2017-06-10 02:00:00,0,0,0
2017-06-10 03:00:00,0,0,0
2017-06-10 04:00:00,2,2,0
2017-06-10 05:00:00,3,3,0
2017-06-10 06:00:00,11,10,1
2017-06-10 07:00:00,36,33,3
2017-06-10 08:00:00,62,40,22
2017-06-10 09:00:00,109,82,27
2017-06-10 10:00:00,122,80,42
2017-06-10 11:00:00,123,97,26
2017-06-10 12:00:00,100,86,14
2017-06-10 13:00:00,107,95,12
2017-06-10 14:00:00,130,104,26
2017-06-10 15:00:00,86,78,8
2017-06-10 16:00:00,57,52,5
2017-06-10 17:00:00,42,33,9
2017-06-10 18:00:00,51,40,11
2017-06-10 19:00:00,26,21,5
2017-06-10 20:00:00,7,5,2
2017-06-10 21:00:00,11,7,4
2017-06-10 22:00:00,0,0,0
2017-06-10 23:00:00,0,0,0
2017-06-11 00:00:00,0,0,0
2017-06-11 01:00:00,0,0,0
2017-06-11 02:00:00,0,0,0
2017-06-11 03:00:00,0,0,0
2017-06-11 04:00:00,0,0,0
2017-06-11 05:00:00,1,1,0
2017-06-11 06:00:00,13,6,7
2017-06-11 07:00:00,53,20,33
2017-06-11 08:00:00,90,57,33
2017-06-11 09:00:00,131,105,26
2017-06-11 10:00:00,120,106,14
2017-06-11 11:00:00,130,114,16
2017-06-11 12:00:00,119,106,13
2017-06-11 13:00:00,185,171,14
2017-06-11 14:00:00,127,113,14
2017-06-11 15:00:00,147,135,12
2017-06-11 16:00:00,110,102,8
2017-06-11 17:00:00,84,76,8
2017-06-11 18:00:00,55,47,8
2017-06-11 19:00:00,42,34,8
2017-06-11 20:00:00,17,16,1
2017-06-11 21:00:00,9,6,3
2017-06-11 22:00:00,2,0,2
2017-06-11 23:00:00,0,0,0
2017-06-12 00:00:00,0,0,0
2017-06-12 01:00:00,0,0,0
2017-06-12 02:00:00,0,0,0
2017-06-12 03:00:00,0,0,0
2017-06-12 04:00:00,1,1,0
2017-06-12 05:00:00,20,16,4
2017-06-12 06:00:00,42,33,9
2017-06-12 07:00:00,70,51,19
2017-06-12 08:00:00,73,45,28
2017-06-12 09:00:00,30,24,6
2017-06-12 10:00:00,14,11,3
2017-06-12 11:00:00,12,7,5
2017-06-12 12:00:00,23,18,5
2017-06-12 13:00:00,21,15,6
2017-06-12 14:00:00,23,21,2
2017-06-12 15:00:00,30,25,5
2017-06-12 16:00:00,82,68,14
2017-06-12 17:00:00,115,86,29
2017-06-12 18:00:00,110,83,27
2017-06-12 19:00:00,39,30,9
2017-06-12 20:00:00,21,14,7
2017-06-12 21:00:00,1,1,0
2017-06-12 22:00:00,0,0,0
2017-06-12 23:00:00,0,0,0
2017-06-13 00:00:00,0,0,0
2017-06-13 01:00:00,0,0,0
2017-06-13 02:00:00,0,0,0
2017-06-13 03:00:00,0,0,0
2017-06-13 04:00:00,4,4,0
2017-06-13 05:00:00,12,9,3
2017-06-13 06:00:00,33,25,8
2017-06-13 07:00:00,55,39,16
2017-06-13 08:00:00,57,40,17
2017-06-13 09:00:00,29,18,11
2017-06-13 10:00:00,12,9,3
2017-06-13 11:00:00,12,10,2
2017-06-13 12:00:00,14,12,2
2017-06-13 13:00:00,22,19,3
2017-06-13 14:00:00,17,15,2
2017-06-13 15:00:00,41,34,7
2017-06-13 16:00:00,58,55,3
2017-06-13 17:00:00,111,83,28
2017-06-13 18:00:00,92,59,33
2017-06-13 19:00:00,61,48,13
2017-06-13 20:00:00,24,20,4
2017-06-13 21:00:00,14,11,3
2017-06-13 22:00:00,3,1,2
2017-06-13 23:00:00,0,0,0
2017-06-14 00:00:00,0,0,0
2017-06-14 01:00:00,1,0,1
2017-06-14 02:00:00,1,0,1
2017-06-14 03:00:00,0,0,0
2017-06-14 04:00:00,6,5,1
2017-06-14 05:00:00,17,14,3
2017-06-14 06:00:00,46,33,13
2017-06-14 07:00:00,83,63,20
2017-06-14 08:00:00,84,73,11
2017-06-14 09:00:00,43,36,7
2017-06-14 10:00:00,31,27,4
2017-06-14 11:00:00,30,22,8
2017-06-14 12:00:00,45,41,4
2017-06-14 13:00:00,30,27,3
2017-06-14 14:00:00,27,26,1
2017-06-14 15:00:00,39,35,4
2017-06-14 16:00:00,67,59,8
2017-06-14 17:00:00,143,126,17
2017-06-14 18:00:00,126,96,30
2017-06-14 19:00:00,103,75,28
2017-06-14 20:00:00,47,39,8
2017-06-14 21:00:00,12,11,1
2017-06-14 22:00:00,3,1,2
2017-06-14 23:00:00,2,1,1
2017-06-15 00:00:00,0,0,0
2017-06-15 01:00:00,0,0,0
2017-06-15 02:00:00,0,0,0
2017-06-15 03:00:00,0,0,0
2017-06-15 04:00:00,4,4,0
2017-06-15 05:00:00,6,5,1
2017-06-15 06:00:00,16,9,7
2017-06-15 07:00:00,40,31,9
2017-06-15 08:00:00,35,27,8
2017-06-15 09:00:00,12,11,1
2017-06-15 10:00:00,8,7,1
2017-06-15 11:00:00,8,7,1
2017-06-15 12:00:00,4,4,0
2017-06-15 13:00:00,2,2,0
2017-06-15 14:00:00,2,2,0
2017-06-15 15:00:00,4,4,0
2017-06-15 16:00:00,20,20,0
2017-06-15 17:00:00,37,35,2
2017-06-15 18:00:00,35,34,1
2017-06-15 19:00:00,16,16,0
2017-06-15 20:00:00,3,3,0
2017-06-15 21:00:00,1,1,0
2017-06-15 22:00:00,0,0,0
2017-06-15 23:00:00,0,0,0
2017-06-16 00:00:00,0,0,0
2017-06-16 01:00:00,0,0,0
2017-06-16 02:00:00,0,0,0
2017-06-16 03:00:00,0,0,0
2017-06-16 04:00:00,4,3,1
2017-06-16 05:00:00,7,4,3
2017-06-16 06:00:00,24,12,12
2017-06-16 07:00:00,66,33,33
2017-06-16 08:00:00,53,27,26
2017-06-16 09:00:00,35,18,17
2017-06-16 10:00:00,22,11,11
2017-06-16 11:00:00,18,9,9
2017-06-16 12:00:00,22,11,11
2017-06-16 13:00:00,27,14,13
2017-06-16 14:00:00,26,13,13
2017-06-16 15:00:00,51,26,25
2017-06-16 16:00:00,79,40,39
2017-06-16 17:00:00,100,50,50
2017-06-16 18:00:00,70,35,35
2017-06-16 19:00:00,44,22,22
2017-06-16 20:00:00,19,10,9
2017-06-16 21:00:00,3,2,1
2017-06-16 22:00:00,5,3,2
2017-06-16 23:00:00,2,2,0
2017-06-17 00:00:00,0,0,0
2017-06-17 01:00:00,0,0,0
2017-06-17 02:00:00,0,0,0
2017-06-17 03:00:00,0,0,0
2017-06-17 04:00:00,1,1,0
2017-06-17 05:00:00,5,1,4
2017-06-17 06:00:00,3,2,1
2017-06-17 07:00:00,50,31,19
2017-06-17 08:00:00,80,60,20
2017-06-17 09:00:00,132,104,28
2017-06-17 10:00:00,133,124,9
2017-06-17 11:00:00,144,133,11
2017-06-17 12:00:00,165,150,15
2017-06-17 13:00:00,129,125,4
2017-06-17 14:00:00,133,118,15
2017-06-17 15:00:00,98,93,5
2017-06-17 16:00:00,44,42,2
2017-06-17 17:00:00,28,24,4
2017-06-17 18:00:00,22,16,6
2017-06-17 19:00:00,10,8,2
2017-06-17 20:00:00,6,3,3
2017-06-17 21:00:00,5,5,0
2017-06-17 22:00:00,2,1,1
2017-06-17 23:00:00,0,0,0
2017-06-18 00:00:00,0,0,0
2017-06-18 01:00:00,0,0,0
2017-06-18 02:00:00,0,0,0
2017-06-18 03:00:00,0,0,0
2017-06-18 04:00:00,0,0,0
2017-06-18 05:00:00,4,3,1
2017-06-18 06:00:00,10,8,2
2017-06-18 07:00:00,33,17,16
2017-06-18 08:00:00,49,29,20
2017-06-18 09:00:00,79,50,29
2017-06-18 10:00:00,58,53,5
2017-06-18 11:00:00,91,78,13
2017-06-18 12:00:00,76,65,11
2017-06-18 13:00:00,109,101,8
2017-06-18 14:00:00,90,86,4
2017-06-18 15:00:00,77,69,8
2017-06-18 16:00:00,78,70,8
2017-06-18 17:00:00,48,45,3
2017-06-18 18:00:00,30,30,0
2017-06-18 19:00:00,12,12,0
2017-06-18 20:00:00,9,9,0
2017-06-18 21:00:00,6,6,0
2017-06-18 22:00:00,2,1,1
2017-06-18 23:00:00,1,1,0
2017-06-19 00:00:00,0,0,0
2017-06-19 01:00:00,0,0,0
2017-06-19 02:00:00,0,0,0
2017-06-19 03:00:00,0,0,0
2017-06-19 04:00:00,6,6,0
2017-06-19 05:00:00,17,13,4
2017-06-19 06:00:00,37,31,6
2017-06-19 07:00:00,80,61,19
2017-06-19 08:00:00,76,58,18
2017-06-19 09:00:00,48,42,6
2017-06-19 10:00:00,27,25,2
2017-06-19 11:00:00,25,22,3
2017-06-19 12:00:00,38,34,4
2017-06-19 13:00:00,32,28,4
2017-06-19 14:00:00,44,38,6
2017-06-19 15:00:00,48,46,2
2017-06-19 16:00:00,79,78,1
2017-06-19 17:00:00,143,137,6
2017-06-19 18:00:00,122,119,3
2017-06-19 19:00:00,78,65,13
2017-06-19 20:00:00,31,27,4
2017-06-19 21:00:00,13,10,3
2017-06-19 22:00:00,0,0,0
2017-06-19 23:00:00,0,0,0
2017-06-20 00:00:00,0,0,0
2017-06-20 01:00:00,2,2,0
2017-06-20 02:00:00,1,1,0
2017-06-20 03:00:00,0,0,0
2017-06-20 04:00:00,5,5,0
2017-06-20 05:00:00,16,10,6
2017-06-20 06:00:00,27,22,5
2017-06-20 07:00:00,67,54,13
2017-06-20 08:00:00,56,46,10
2017-06-20 09:00:00,26,20,6
2017-06-20 10:00:00,16,15,1
2017-06-20 11:00:00,13,12,1
2017-06-20 12:00:00,12,12,0
2017-06-20 13:00:00,21,19,2
2017-06-20 14:00:00,18,14,4
2017-06-20 15:00:00,16,13,3
2017-06-20 16:00:00,43,41,2
2017-06-20 17:00:00,102,86,16
2017-06-20 18:00:00,76,61,15
2017-06-20 19:00:00,76,63,13
2017-06-20 20:00:00,24,22,2
2017-06-20 21:00:00,5,5,0
2017-06-20 22:00:00,1,1,0
2017-06-20 23:00:00,1,1,0
2017-06-21 00:00:00,0,0,0
2017-06-21 01:00:00,1,1,0
2017-06-21 02:00:00,0,0,0
2017-06-21 03:00:00,0,0,0
2017-06-21 04:00:00,3,3,0
2017-06-21 05:00:00,13,9,4
2017-06-21 06:00:00,38,28,10
2017-06-21 07:00:00,90,76,14
2017-06-21 08:00:00,81,75,6
2017-06-21 09:00:00,36,36,0
2017-06-21 10:00:00,28,25,3
2017-06-21 11:00:00,35,30,5
2017-06-21 12:00:00,34,24,10
2017-06-21 13:00:00,42,39,3
2017-06-21 14:00:00,46,45,1
2017-06-21 15:00:00,46,38,8
2017-06-21 16:00:00,100,91,9
2017-06-21 17:00:00,147,125,22
2017-06-21 18:00:00,138,105,33
2017-06-21 19:00:00,96,73,23
2017-06-21 20:00:00,41,37,4
2017-06-21 21:00:00,15,11,4
2017-06-21 22:00:00,6,3,3
2017-06-21 23:00:00,6,5,1
2017-06-22 00:00:00,0,0,0
2017-06-22 01:00:00,0,0,0
2017-06-22 02:00:00,0,0,0
2017-06-22 03:00:00,0,0,0
2017-06-22 04:00:00,4,4,0
2017-06-22 05:00:00,19,12,7
2017-06-22 06:00:00,40,36,4
2017-06-22 07:00:00,85,75,10
2017-06-22 08:00:00,85,81,4
2017-06-22 09:00:00,46,38,8
2017-06-22 10:00:00,46,38,8
2017-06-22 11:00:00,38,34,4
2017-06-22 12:00:00,37,31,6
2017-06-22 13:00:00,49,39,10
2017-06-22 14:00:00,34,32,2
2017-06-22 15:00:00,49,44,5
2017-06-22 16:00:00,87,83,4
2017-06-22 17:00:00,159,151,8
2017-06-22 18:00:00,141,132,9
2017-06-22 19:00:00,107,94,13
2017-06-22 20:00:00,46,37,9
2017-06-22 21:00:00,28,24,4
2017-06-22 22:00:00,4,2,2
2017-06-22 23:00:00,3,1,2
2017-06-23 00:00:00,1,1,0
2017-06-23 01:00:00,0,0,0
2017-06-23 02:00:00,1,1,0
2017-06-23 03:00:00,0,0,0
2017-06-23 04:00:00,5,4,1
2017-06-23 05:00:00,18,9,9
2017-06-23 06:00:00,42,37,5
2017-06-23 07:00:00,91,83,8
2017-06-23 08:00:00,93,88,5
2017-06-23 09:00:00,52,46,6
2017-06-23 10:00:00,39,36,3
2017-06-23 11:00:00,42,33,9
2017-06-23 12:00:00,22,22,0
2017-06-23 13:00:00,47,37,10
2017-06-23 14:00:00,40,35,5
2017-06-23 15:00:00,67,56,11
2017-06-23 16:00:00,80,67,13
2017-06-23 17:00:00,124,114,10
2017-06-23 18:00:00,101,98,3
2017-06-23 19:00:00,54,47,7
2017-06-23 20:00:00,26,20,6
2017-06-23 21:00:00,12,10,2
2017-06-23 22:00:00,4,4,0
2017-06-23 23:00:00,3,2,1
2017-06-24 00:00:00,2,2,0
2017-06-24 01:00:00,1,1,0
2017-06-24 02:00:00,0,0,0
2017-06-24 03:00:00,0,0,0
2017-06-24 04:00:00,2,2,0
2017-06-24 05:00:00,6,2,4
2017-06-24 06:00:00,15,15,0
2017-06-24 07:00:00,37,31,6
2017-06-24 08:00:00,134,126,8
2017-06-24 09:00:00,191,169,22
2017-06-24 10:00:00,206,184,22
2017-06-24 11:00:00,224,200,24
2017-06-24 12:00:00,159,141,18
2017-06-24 13:00:00,108,95,13
2017-06-24 14:00:00,72,63,9
2017-06-24 15:00:00,72,62,10
2017-06-24 16:00:00,43,38,5
2017-06-24 17:00:00,45,33,12
2017-06-24 18:00:00,35,31,4
2017-06-24 19:00:00,36,35,1
2017-06-24 20:00:00,20,19,1
2017-06-24 21:00:00,9,9,0
2017-06-24 22:00:00,2,1,1
2017-06-24 23:00:00,3,3,0
2017-06-25 00:00:00,1,1,0
2017-06-25 01:00:00,0,0,0
2017-06-25 02:00:00,0,0,0
2017-06-25 03:00:00,0,0,0
2017-06-25 04:00:00,0,0,0
2017-06-25 05:00:00,4,0,4
2017-06-25 06:00:00,21,21,0
2017-06-25 07:00:00,71,60,11
2017-06-25 08:00:00,123,114,9
2017-06-25 09:00:00,171,151,20
2017-06-25 10:00:00,153,133,20
2017-06-25 11:00:00,185,152,33
2017-06-25 12:00:00,170,118,52
2017-06-25 13:00:00,82,64,18
2017-06-25 14:00:00,78,52,26
2017-06-25 15:00:00,42,33,9
2017-06-25 16:00:00,56,45,11
2017-06-25 17:00:00,37,31,6
2017-06-25 18:00:00,22,13,9
2017-06-25 19:00:00,27,25,2
2017-06-25 20:00:00,20,16,4
2017-06-25 21:00:00,12,12,0
2017-06-25 22:00:00,4,4,0
2017-06-25 23:00:00,3,3,0
2017-06-26 00:00:00,1,1,0
2017-06-26 01:00:00,0,0,0
2017-06-26 02:00:00,0,0,0
2017-06-26 03:00:00,1,0,1
2017-06-26 04:00:00,4,4,0
2017-06-26 05:00:00,16,12,4
2017-06-26 06:00:00,32,30,2
2017-06-26 07:00:00,84,69,15
2017-06-26 08:00:00,76,61,15
2017-06-26 09:00:00,39,35,4
2017-06-26 10:00:00,21,16,5
2017-06-26 11:00:00,26,24,2
2017-06-26 12:00:00,31,31,0
2017-06-26 13:00:00,28,27,1
2017-06-26 14:00:00,27,27,0
2017-06-26 15:00:00,31,29,2
2017-06-26 16:00:00,70,64,6
2017-06-26 17:00:00,127,115,12
2017-06-26 18:00:00,115,109,6
2017-06-26 19:00:00,88,76,12
2017-06-26 20:00:00,32,25,7
2017-06-26 21:00:00,8,7,1
2017-06-26 22:00:00,3,3,0
2017-06-26 23:00:00,0,0,0
2017-06-27 00:00:00,0,0,0
2017-06-27 01:00:00,0,0,0
2017-06-27 02:00:00,0,0,0
2017-06-27 03:00:00,0,0,0
2017-06-27 04:00:00,6,6,0
2017-06-27 05:00:00,16,12,4
2017-06-27 06:00:00,47,36,11
2017-06-27 07:00:00,103,76,27
2017-06-27 08:00:00,100,75,25
2017-06-27 09:00:00,51,35,16
2017-06-27 10:00:00,37,31,6
2017-06-27 11:00:00,22,18,4
2017-06-27 12:00:00,25,24,1
2017-06-27 13:00:00,24,22,2
2017-06-27 14:00:00,28,26,2
2017-06-27 15:00:00,48,44,4
2017-06-27 16:00:00,75,71,4
2017-06-27 17:00:00,141,126,15
2017-06-27 18:00:00,141,119,22
2017-06-27 19:00:00,103,89,14
2017-06-27 20:00:00,38,31,7
2017-06-27 21:00:00,17,10,7
2017-06-27 22:00:00,9,7,2
2017-06-27 23:00:00,1,1,0
2017-06-28 00:00:00,0,0,0
2017-06-28 01:00:00,2,2,0
2017-06-28 02:00:00,0,0,0
2017-06-28 03:00:00,0,0,0
2017-06-28 04:00:00,5,5,0
2017-06-28 05:00:00,19,13,6
2017-06-28 06:00:00,35,23,12
2017-06-28 07:00:00,89,66,23
2017-06-28 08:00:00,87,63,24
2017-06-28 09:00:00,48,38,10
2017-06-28 10:00:00,22,22,0
2017-06-28 11:00:00,25,24,1
2017-06-28 12:00:00,41,33,8
2017-06-28 13:00:00,31,24,7
2017-06-28 14:00:00,16,16,0
2017-06-28 15:00:00,21,19,2
2017-06-28 16:00:00,66,63,3
2017-06-28 17:00:00,121,113,8
2017-06-28 18:00:00,128,109,19
2017-06-28 19:00:00,93,84,9
2017-06-28 20:00:00,52,45,7
2017-06-28 21:00:00,14,11,3
2017-06-28 22:00:00,5,4,1
2017-06-28 23:00:00,1,1,0
2017-06-29 00:00:00,0,0,0
2017-06-29 01:00:00,0,0,0
2017-06-29 02:00:00,0,0,0
2017-06-29 03:00:00,0,0,0
2017-06-29 04:00:00,4,4,0
2017-06-29 05:00:00,15,12,3
2017-06-29 06:00:00,33,23,10
2017-06-29 07:00:00,89,73,16
2017-06-29 08:00:00,90,83,7
2017-06-29 09:00:00,35,32,3
2017-06-29 10:00:00,29,27,2
2017-06-29 11:00:00,34,28,6
2017-06-29 12:00:00,43,33,10
2017-06-29 13:00:00,47,41,6
2017-06-29 14:00:00,35,31,4
2017-06-29 15:00:00,42,36,6
2017-06-29 16:00:00,76,68,8
2017-06-29 17:00:00,170,158,12
2017-06-29 18:00:00,138,131,7
2017-06-29 19:00:00,81,75,6
2017-06-29 20:00:00,53,47,6
2017-06-29 21:00:00,15,15,0
2017-06-29 22:00:00,2,2,0
2017-06-29 23:00:00,3,2,1
2017-06-30 00:00:00,0,0,0
2017-06-30 01:00:00,0,0,0
2017-06-30 02:00:00,2,2,0
2017-06-30 03:00:00,0,0,0
2017-06-30 04:00:00,3,3,0
2017-06-30 05:00:00,18,11,7
2017-06-30 06:00:00,38,38,0
2017-06-30 07:00:00,81,73,8
2017-06-30 08:00:00,80,77,3
2017-06-30 09:00:00,39,37,2
2017-06-30 10:00:00,50,47,3
2017-06-30 11:00:00,51,44,7
2017-06-30 12:00:00,40,37,3
2017-06-30 13:00:00,47,36,11
2017-06-30 14:00:00,60,48,12
2017-06-30 15:00:00,79,63,16
2017-06-30 16:00:00,93,76,17
2017-06-30 17:00:00,149,134,15
2017-06-30 18:00:00,73,68,5
2017-06-30 19:00:00,43,42,1
2017-06-30 20:00:00,25,22,3
2017-06-30 21:00:00,9,7,2
2017-06-30 22:00:00,4,4,0
2017-06-30 23:00:00,3,3,0
2017-07-01 00:00:00,0,0,0
2017-07-01 01:00:00,0,0,0
2017-07-01 02:00:00,0,0,0
2017-07-01 03:00:00,1,0,1
2017-07-01 04:00:00,1,1,0
2017-07-01 05:00:00,6,2,4
2017-07-01 06:00:00,11,4,7
2017-07-01 07:00:00,54,27,27
2017-07-01 08:00:00,89,53,36
2017-07-01 09:00:00,150,90,60
2017-07-01 10:00:00,136,105,31
2017-07-01 11:00:00,120,97,23
2017-07-01 12:00:00,111,98,13
2017-07-01 13:00:00,141,130,11
2017-07-01 14:00:00,104,98,6
2017-07-01 15:00:00,94,91,3
2017-07-01 16:00:00,76,72,4
2017-07-01 17:00:00,64,60,4
2017-07-01 18:00:00,51,41,10
2017-07-01 19:00:00,32,28,4
2017-07-01 20:00:00,17,13,4
2017-07-01 21:00:00,23,15,8
2017-07-01 22:00:00,5,4,1
2017-07-01 23:00:00,0,0,0
2017-07-02 00:00:00,1,1,0
2017-07-02 01:00:00,1,0,1
2017-07-02 02:00:00,0,0,0
2017-07-02 03:00:00,0,0,0
2017-07-02 04:00:00,1,0,1
2017-07-02 05:00:00,5,2,3
2017-07-02 06:00:00,3,3,0
2017-07-02 07:00:00,24,13,11
2017-07-02 08:00:00,77,47,30
2017-07-02 09:00:00,108,70,38
2017-07-02 10:00:00,106,83,23
2017-07-02 11:00:00,130,115,15
2017-07-02 12:00:00,123,109,14
2017-07-02 13:00:00,177,158,19
2017-07-02 14:00:00,133,121,12
2017-07-02 15:00:00,134,124,10
2017-07-02 16:00:00,91,83,8
2017-07-02 17:00:00,63,55,8
2017-07-02 18:00:00,45,38,7
2017-07-02 19:00:00,39,30,9
2017-07-02 20:00:00,21,19,2
2017-07-02 21:00:00,6,6,0
2017-07-02 22:00:00,1,1,0
2017-07-02 23:00:00,1,1,0
2017-07-03 00:00:00,0,0,0
2017-07-03 01:00:00,0,0,0
2017-07-03 02:00:00,0,0,0
2017-07-03 03:00:00,0,0,0
2017-07-03 04:00:00,4,4,0
2017-07-03 05:00:00,6,5,1
2017-07-03 06:00:00,11,10,1
2017-07-03 07:00:00,43,32,11
2017-07-03 08:00:00,49,40,9
2017-07-03 09:00:00,35,30,5
2017-07-03 10:00:00,44,30,14
2017-07-03 11:00:00,40,37,3
2017-07-03 12:00:00,37,31,6
2017-07-03 13:00:00,58,50,8
2017-07-03 14:00:00,73,65,8
2017-07-03 15:00:00,75,64,11
2017-07-03 16:00:00,74,69,5
2017-07-03 17:00:00,76,66,10
2017-07-03 18:00:00,59,53,6
2017-07-03 19:00:00,37,34,3
2017-07-03 20:00:00,24,14,10
2017-07-03 21:00:00,6,3,3
2017-07-03 22:00:00,2,2,0
2017-07-03 23:00:00,1,1,0
2017-07-04 00:00:00,1,0,1
2017-07-04 01:00:00,0,0,0
2017-07-04 02:00:00,1,1,0
2017-07-04 03:00:00,0,0,0
2017-07-04 04:00:00,0,0,0
2017-07-04 05:00:00,0,0,0
2017-07-04 06:00:00,9,6,3
2017-07-04 07:00:00,49,37,12
2017-07-04 08:00:00,99,83,16
2017-07-04 09:00:00,164,138,26
2017-07-04 10:00:00,179,152,27
2017-07-04 11:00:00,190,166,24
2017-07-04 12:00:00,144,130,14
2017-07-04 13:00:00,141,131,10
2017-07-04 14:00:00,125,106,19
2017-07-04 15:00:00,108,97,11
2017-07-04 16:00:00,93,85,8
2017-07-04 17:00:00,69,62,7
2017-07-04 18:00:00,40,38,2
2017-07-04 19:00:00,20,19,1
2017-07-04 20:00:00,29,22,7
2017-07-04 21:00:00,7,7,0
2017-07-04 22:00:00,5,5,0
2017-07-04 23:00:00,3,2,1
2017-07-05 00:00:00,3,3,0
2017-07-05 01:00:00,1,0,1
2017-07-05 02:00:00,0,0,0
2017-07-05 03:00:00,0,0,0
2017-07-05 04:00:00,3,3,0
2017-07-05 05:00:00,9,5,4
2017-07-05 06:00:00,23,22,1
2017-07-05 07:00:00,61,53,8
2017-07-05 08:00:00,77,70,7
2017-07-05 09:00:00,65,58,7
2017-07-05 10:00:00,26,24,2
2017-07-05 11:00:00,45,38,7
2017-07-05 12:00:00,39,32,7
2017-07-05 13:00:00,30,25,5
2017-07-05 14:00:00,35,26,9
2017-07-05 15:00:00,36,27,9
2017-07-05 16:00:00,72,58,14
2017-07-05 17:00:00,117,88,29
2017-07-05 18:00:00,116,96,20
2017-07-05 19:00:00,67,65,2
2017-07-05 20:00:00,32,23,9
2017-07-05 21:00:00,14,14,0
2017-07-05 22:00:00,3,3,0
2017-07-05 23:00:00,0,0,0
2017-07-06 00:00:00,0,0,0
2017-07-06 01:00:00,2,1,1
2017-07-06 02:00:00,0,0,0
2017-07-06 03:00:00,0,0,0
2017-07-06 04:00:00,4,4,0
2017-07-06 05:00:00,12,10,2
2017-07-06 06:00:00,43,36,7
2017-07-06 07:00:00,94,83,11
2017-07-06 08:00:00,75,65,10
2017-07-06 09:00:00,49,47,2
2017-07-06 10:00:00,33,31,2
2017-07-06 11:00:00,31,28,3
2017-07-06 12:00:00,38,32,6
2017-07-06 13:00:00,22,14,8
2017-07-06 14:00:00,46,33,13
2017-07-06 15:00:00,43,32,11
2017-07-06 16:00:00,78,63,15
2017-07-06 17:00:00,141,117,24
2017-07-06 18:00:00,122,113,9
2017-07-06 19:00:00,85,83,2
2017-07-06 20:00:00,46,46,0
2017-07-06 21:00:00,22,21,1
2017-07-06 22:00:00,7,5,2
2017-07-06 23:00:00,2,1,1
2017-07-07 00:00:00,2,1,1
2017-07-07 01:00:00,1,1,0
2017-07-07 02:00:00,0,0,0
2017-07-07 03:00:00,0,0,0
2017-07-07 04:00:00,2,2,0
2017-07-07 05:00:00,18,11,7
2017-07-07 06:00:00,34,30,4
2017-07-07 07:00:00,91,87,4
2017-07-07 08:00:00,83,73,10
2017-07-07 09:00:00,42,41,1
2017-07-07 10:00:00,36,32,4
2017-07-07 11:00:00,45,42,3
2017-07-07 12:00:00,44,41,3
2017-07-07 13:00:00,34,31,3
2017-07-07 14:00:00,38,36,2
2017-07-07 15:00:00,49,43,6
2017-07-07 16:00:00,78,77,1
2017-07-07 17:00:00,129,124,5
2017-07-07 18:00:00,82,76,6
2017-07-07 19:00:00,45,40,5
2017-07-07 20:00:00,33,26,7
2017-07-07 21:00:00,14,12,2
2017-07-07 22:00:00,3,3,0
2017-07-07 23:00:00,3,2,1
2017-07-08 00:00:00,0,0,0
2017-07-08 01:00:00,4,2,2
2017-07-08 02:00:00,1,0,1
2017-07-08 03:00:00,1,0,1
2017-07-08 04:00:00,0,0,0
2017-07-08 05:00:00,2,2,0
2017-07-08 06:00:00,11,9,2
2017-07-08 07:00:00,47,39,8
2017-07-08 08:00:00,162,140,22
2017-07-08 09:00:00,146,136,10
2017-07-08 10:00:00,190,168,22
2017-07-08 11:00:00,139,129,10
2017-07-08 12:00:00,173,152,21
2017-07-08 13:00:00,137,110,27
2017-07-08 14:00:00,122,103,19
2017-07-08 15:00:00,86,72,14
2017-07-08 16:00:00,72,66,6
2017-07-08 17:00:00,61,54,7
2017-07-08 18:00:00,36,35,1
2017-07-08 19:00:00,32,30,2
2017-07-08 20:00:00,27,25,2
2017-07-08 21:00:00,16,11,5
2017-07-08 22:00:00,2,2,0
2017-07-08 23:00:00,1,1,0
2017-07-09 00:00:00,2,1,1
2017-07-09 01:00:00,0,0,0
2017-07-09 02:00:00,0,0,0
2017-07-09 03:00:00,0,0,0
2017-07-09 04:00:00,0,0,0
2017-07-09 05:00:00,6,3,3
2017-07-09 06:00:00,9,5,4
2017-07-09 07:00:00,36,29,7
2017-07-09 08:00:00,98,92,6
2017-07-09 09:00:00,157,143,14
2017-07-09 10:00:00,166,147,19
2017-07-09 11:00:00,230,202,28
2017-07-09 12:00:00,220,196,24
2017-07-09 13:00:00,147,125,22
2017-07-09 14:00:00,135,102,33
2017-07-09 15:00:00,105,89,16
2017-07-09 16:00:00,87,75,12
2017-07-09 17:00:00,66,63,3
2017-07-09 18:00:00,51,49,2
2017-07-09 19:00:00,41,35,6
2017-07-09 20:00:00,21,21,0
2017-07-09 21:00:00,31,24,7
2017-07-09 22:00:00,4,4,0
2017-07-09 23:00:00,1,1,0
2017-07-10 00:00:00,1,1,0
2017-07-10 01:00:00,0,0,0
2017-07-10 02:00:00,0,0,0
2017-07-10 03:00:00,0,0,0
2017-07-10 04:00:00,3,3,0
2017-07-10 05:00:00,13,10,3
2017-07-10 06:00:00,39,34,5
2017-07-10 07:00:00,84,74,10
2017-07-10 08:00:00,72,72,0
2017-07-10 09:00:00,46,43,3
2017-07-10 10:00:00,23,21,2
2017-07-10 11:00:00,24,19,5
2017-07-10 12:00:00,27,26,1
2017-07-10 13:00:00,18,18,0
2017-07-10 14:00:00,21,20,1
2017-07-10 15:00:00,41,39,2
2017-07-10 16:00:00,63,61,2
2017-07-10 17:00:00,115,111,4
2017-07-10 18:00:00,114,101,13
2017-07-10 19:00:00,64,59,5
2017-07-10 20:00:00,17,17,0
2017-07-10 21:00:00,14,9,5
2017-07-10 22:00:00,6,6,0
2017-07-10 23:00:00,0,0,0
2017-07-11 00:00:00,0,0,0
2017-07-11 01:00:00,1,1,0
2017-07-11 02:00:00,0,0,0
2017-07-11 03:00:00,0,0,0
2017-07-11 04:00:00,4,4,0
2017-07-11 05:00:00,13,10,3
2017-07-11 06:00:00,31,25,6
2017-07-11 07:00:00,78,66,12
2017-07-11 08:00:00,92,81,11
2017-07-11 09:00:00,36,30,6
2017-07-11 10:00:00,25,20,5
2017-07-11 11:00:00,20,19,1
2017-07-11 12:00:00,31,29,2
2017-07-11 13:00:00,31,30,1
2017-07-11 14:00:00,31,27,4
2017-07-11 15:00:00,40,40,0
2017-07-11 16:00:00,76,74,2
2017-07-11 17:00:00,142,135,7
2017-07-11 18:00:00,122,101,21
2017-07-11 19:00:00,127,99,28
2017-07-11 20:00:00,45,34,11
2017-07-11 21:00:00,20,15,5
2017-07-11 22:00:00,3,3,0
2017-07-11 23:00:00,0,0,0
2017-07-12 00:00:00,1,0,1
2017-07-12 01:00:00,1,0,1
2017-07-12 02:00:00,0,0,0
2017-07-12 03:00:00,0,0,0
2017-07-12 04:00:00,3,3,0
2017-07-12 05:00:00,13,7,6
2017-07-12 06:00:00,42,34,8
2017-07-12 07:00:00,86,77,9
2017-07-12 08:00:00,89,85,4
2017-07-12 09:00:00,37,35,2
2017-07-12 10:00:00,29,25,4
2017-07-12 11:00:00,35,34,1
2017-07-12 12:00:00,22,21,1
2017-07-12 13:00:00,48,40,8
2017-07-12 14:00:00,42,35,7
2017-07-12 15:00:00,38,33,5
2017-07-12 16:00:00,76,71,5
2017-07-12 17:00:00,109,102,7
2017-07-12 18:00:00,144,137,7
2017-07-12 19:00:00,92,85,7
2017-07-12 20:00:00,58,51,7
2017-07-12 21:00:00,22,21,1
2017-07-12 22:00:00,2,1,1
2017-07-12 23:00:00,3,2,1
2017-07-13 00:00:00,0,0,0
2017-07-13 01:00:00,0,0,0
2017-07-13 02:00:00,0,0,0
2017-07-13 03:00:00,0,0,0
2017-07-13 04:00:00,5,5,0
2017-07-13 05:00:00,12,11,1
2017-07-13 06:00:00,32,25,7
2017-07-13 07:00:00,86,64,22
2017-07-13 08:00:00,66,56,10
2017-07-13 09:00:00,34,31,3
2017-07-13 10:00:00,35,32,3
2017-07-13 11:00:00,20,18,2
2017-07-13 12:00:00,22,21,1
2017-07-13 13:00:00,18,16,2
2017-07-13 14:00:00,21,18,3
2017-07-13 15:00:00,36,31,5
2017-07-13 16:00:00,48,47,1
2017-07-13 17:00:00,120,115,5
2017-07-13 18:00:00,104,97,7
2017-07-13 19:00:00,60,50,10
2017-07-13 20:00:00,35,27,8
2017-07-13 21:00:00,10,6,4
2017-07-13 22:00:00,2,1,1
2017-07-13 23:00:00,1,0,1
2017-07-14 00:00:00,3,2,1
2017-07-14 01:00:00,0,0,0
2017-07-14 02:00:00,1,0,1
2017-07-14 03:00:00,0,0,0
2017-07-14 04:00:00,6,6,0
2017-07-14 05:00:00,4,2,2
2017-07-14 06:00:00,49,47,2
2017-07-14 07:00:00,70,63,7
2017-07-14 08:00:00,68,61,7
2017-07-14 09:00:00,51,44,7
2017-07-14 10:00:00,54,44,10
2017-07-14 11:00:00,33,27,6
2017-07-14 12:00:00,39,33,6
2017-07-14 13:00:00,38,34,4
2017-07-14 14:00:00,40,30,10
2017-07-14 15:00:00,65,48,17
2017-07-14 16:00:00,88,79,9
2017-07-14 17:00:00,122,111,11
2017-07-14 18:00:00,83,78,5
2017-07-14 19:00:00,37,34,3
2017-07-14 20:00:00,39,31,8
2017-07-14 21:00:00,20,15,5
2017-07-14 22:00:00,5,2,3
2017-07-14 23:00:00,2,1,1
2017-07-15 00:00:00,0,0,0
2017-07-15 01:00:00,2,1,1
2017-07-15 02:00:00,0,0,0
2017-07-15 03:00:00,4,4,0
2017-07-15 04:00:00,7,6,1
2017-07-15 05:00:00,17,15,2
2017-07-15 06:00:00,24,23,1
2017-07-15 07:00:00,43,33,10
2017-07-15 08:00:00,77,64,13
2017-07-15 09:00:00,117,110,7
2017-07-15 10:00:00,156,136,20
2017-07-15 11:00:00,134,120,14
2017-07-15 12:00:00,103,90,13
2017-07-15 13:00:00,116,97,19
2017-07-15 14:00:00,87,70,17
2017-07-15 15:00:00,78,65,13
2017-07-15 16:00:00,73,70,3
2017-07-15 17:00:00,60,60,0
2017-07-15 18:00:00,41,36,5
2017-07-15 19:00:00,27,23,4
2017-07-15 20:00:00,17,15,2
2017-07-15 21:00:00,14,11,3
2017-07-15 22:00:00,1,1,0
2017-07-15 23:00:00,0,0,0
2017-07-16 00:00:00,1,0,1
2017-07-16 01:00:00,0,0,0
2017-07-16 02:00:00,0,0,0
2017-07-16 03:00:00,0,0,0
2017-07-16 04:00:00,0,0,0
2017-07-16 05:00:00,2,2,0
2017-07-16 06:00:00,8,4,4
2017-07-16 07:00:00,27,11,16
2017-07-16 08:00:00,72,57,15
2017-07-16 09:00:00,88,78,10
2017-07-16 10:00:00,113,106,7
2017-07-16 11:00:00,135,113,22
2017-07-16 12:00:00,127,108,19
2017-07-16 13:00:00,96,91,5
2017-07-16 14:00:00,120,108,12
2017-07-16 15:00:00,115,105,10
2017-07-16 16:00:00,105,98,7
2017-07-16 17:00:00,81,75,6
2017-07-16 18:00:00,39,30,9
2017-07-16 19:00:00,23,20,3
2017-07-16 20:00:00,11,10,1
2017-07-16 21:00:00,8,6,2
2017-07-16 22:00:00,3,3,0
2017-07-16 23:00:00,0,0,0
2017-07-17 00:00:00,0,0,0
2017-07-17 01:00:00,0,0,0
2017-07-17 02:00:00,0,0,0
2017-07-17 03:00:00,0,0,0
2017-07-17 04:00:00,5,5,0
2017-07-17 05:00:00,15,9,6
2017-07-17 06:00:00,28,26,2
2017-07-17 07:00:00,69,57,12
2017-07-17 08:00:00,78,71,7
2017-07-17 09:00:00,48,42,6
2017-07-17 10:00:00,27,23,4
2017-07-17 11:00:00,24,21,3
2017-07-17 12:00:00,27,22,5
2017-07-17 13:00:00,16,15,1
2017-07-17 14:00:00,36,32,4
2017-07-17 15:00:00,37,30,7
2017-07-17 16:00:00,92,82,10
2017-07-17 17:00:00,120,112,8
2017-07-17 18:00:00,105,99,6
2017-07-17 19:00:00,56,48,8
2017-07-17 20:00:00,16,15,1
2017-07-17 21:00:00,7,6,1
2017-07-17 22:00:00,1,0,1
2017-07-17 23:00:00,6,5,1
2017-07-18 00:00:00,1,1,0
2017-07-18 01:00:00,0,0,0
2017-07-18 02:00:00,0,0,0
2017-07-18 03:00:00,0,0,0
2017-07-18 04:00:00,4,4,0
2017-07-18 05:00:00,13,8,5
2017-07-18 06:00:00,33,30,3
2017-07-18 07:00:00,85,77,8
2017-07-18 08:00:00,81,75,6
2017-07-18 09:00:00,48,41,7
2017-07-18 10:00:00,36,33,3
2017-07-18 11:00:00,28,25,3
2017-07-18 12:00:00,37,33,4
2017-07-18 13:00:00,31,27,4
2017-07-18 14:00:00,37,24,13
2017-07-18 15:00:00,45,36,9
2017-07-18 16:00:00,76,67,9
2017-07-18 17:00:00,136,118,18
2017-07-18 18:00:00,127,114,13
2017-07-18 19:00:00,101,88,13
2017-07-18 20:00:00,46,36,10
2017-07-18 21:00:00,14,13,1
2017-07-18 22:00:00,4,1,3
2017-07-18 23:00:00,2,2,0
2017-07-19 00:00:00,0,0,0
2017-07-19 01:00:00,0,0,0
2017-07-19 02:00:00,0,0,0
2017-07-19 03:00:00,0,0,0
2017-07-19 04:00:00,3,3,0
2017-07-19 05:00:00,7,6,1
2017-07-19 06:00:00,38,34,4
2017-07-19 07:00:00,100,89,11
2017-07-19 08:00:00,87,82,5
2017-07-19 09:00:00,46,42,4
2017-07-19 10:00:00,40,35,5
2017-07-19 11:00:00,41,32,9
2017-07-19 12:00:00,45,43,2
2017-07-19 13:00:00,40,37,3
2017-07-19 14:00:00,30,25,5
2017-07-19 15:00:00,54,46,8
2017-07-19 16:00:00,69,60,9
2017-07-19 17:00:00,135,130,5
2017-07-19 18:00:00,126,115,11
2017-07-19 19:00:00,77,70,7
2017-07-19 20:00:00,44,40,4
2017-07-19 21:00:00,12,10,2
2017-07-19 22:00:00,6,4,2
2017-07-19 23:00:00,1,0,1
2017-07-20 00:00:00,3,2,1
2017-07-20 01:00:00,0,0,0
2017-07-20 02:00:00,0,0,0
2017-07-20 03:00:00,0,0,0
2017-07-20 04:00:00,4,4,0
2017-07-20 05:00:00,9,8,1
2017-07-20 06:00:00,33,29,4
2017-07-20 07:00:00,66,65,1
2017-07-20 08:00:00,69,60,9
2017-07-20 09:00:00,38,35,3
2017-07-20 10:00:00,28,25,3
2017-07-20 11:00:00,16,16,0
2017-07-20 12:00:00,16,15,1
2017-07-20 13:00:00,22,22,0
2017-07-20 14:00:00,38,34,4
2017-07-20 15:00:00,37,35,2
2017-07-20 16:00:00,49,47,2
2017-07-20 17:00:00,115,110,5
2017-07-20 18:00:00,119,113,6
2017-07-20 19:00:00,53,44,9
2017-07-20 20:00:00,38,29,9
2017-07-20 21:00:00,21,19,2
2017-07-20 22:00:00,2,2,0
2017-07-20 23:00:00,1,1,0
2017-07-21 00:00:00,0,0,0
2017-07-21 01:00:00,0,0,0
2017-07-21 02:00:00,0,0,0
2017-07-21 03:00:00,0,0,0
2017-07-21 04:00:00,1,1,0
2017-07-21 05:00:00,11,9,2
2017-07-21 06:00:00,32,28,4
2017-07-21 07:00:00,65,51,14
2017-07-21 08:00:00,70,65,5
2017-07-21 09:00:00,42,42,0
2017-07-21 10:00:00,85,73,12
2017-07-21 11:00:00,59,58,1
2017-07-21 12:00:00,46,44,2
2017-07-21 13:00:00,33,29,4
2017-07-21 14:00:00,30,28,2
2017-07-21 15:00:00,61,54,7
2017-07-21 16:00:00,78,74,4
2017-07-21 17:00:00,112,104,8
2017-07-21 18:00:00,62,57,5
2017-07-21 19:00:00,33,32,1
2017-07-21 20:00:00,13,12,1
2017-07-21 21:00:00,8,7,1
2017-07-21 22:00:00,5,4,1
2017-07-21 23:00:00,0,0,0
2017-07-22 00:00:00,1,1,0
2017-07-22 01:00:00,0,0,0
2017-07-22 02:00:00,0,0,0
2017-07-22 03:00:00,0,0,0
2017-07-22 04:00:00,0,0,0
2017-07-22 05:00:00,6,5,1
2017-07-22 06:00:00,15,8,7
2017-07-22 07:00:00,29,16,13
2017-07-22 08:00:00,72,58,14
2017-07-22 09:00:00,130,119,11
2017-07-22 10:00:00,142,129,13
2017-07-22 11:00:00,151,126,25
2017-07-22 12:00:00,160,124,36
2017-07-22 13:00:00,95,72,23
2017-07-22 14:00:00,85,64,21
2017-07-22 15:00:00,90,72,18
2017-07-22 16:00:00,77,58,19
2017-07-22 17:00:00,53,41,12
2017-07-22 18:00:00,38,36,2
2017-07-22 19:00:00,28,24,4
2017-07-22 20:00:00,31,29,2
2017-07-22 21:00:00,12,8,4
2017-07-22 22:00:00,3,2,1
2017-07-22 23:00:00,0,0,0
2017-07-23 00:00:00,2,1,1
2017-07-23 01:00:00,0,0,0
2017-07-23 02:00:00,0,0,0
2017-07-23 03:00:00,0,0,0
2017-07-23 04:00:00,0,0,0
2017-07-23 05:00:00,5,4,1
2017-07-23 06:00:00,13,10,3
2017-07-23 07:00:00,46,27,19
2017-07-23 08:00:00,88,58,30
2017-07-23 09:00:00,124,100,24
2017-07-23 10:00:00,131,114,17
2017-07-23 11:00:00,129,121,8
2017-07-23 12:00:00,134,123,11
2017-07-23 13:00:00,98,86,12
2017-07-23 14:00:00,140,126,14
2017-07-23 15:00:00,89,77,12
2017-07-23 16:00:00,75,70,5
2017-07-23 17:00:00,79,77,2
2017-07-23 18:00:00,56,52,4
2017-07-23 19:00:00,34,30,4
2017-07-23 20:00:00,24,21,3
2017-07-23 21:00:00,7,5,2
2017-07-23 22:00:00,4,2,2
2017-07-23 23:00:00,1,0,1
2017-07-24 00:00:00,1,0,1
2017-07-24 01:00:00,0,0,0
2017-07-24 02:00:00,1,1,0
2017-07-24 03:00:00,0,0,0
2017-07-24 04:00:00,4,4,0
2017-07-24 05:00:00,12,11,1
2017-07-24 06:00:00,28,27,1
2017-07-24 07:00:00,72,68,4
2017-07-24 08:00:00,87,81,6
2017-07-24 09:00:00,49,43,6
2017-07-24 10:00:00,35,32,3
2017-07-24 11:00:00,42,38,4
2017-07-24 12:00:00,40,32,8
2017-07-24 13:00:00,32,28,4
2017-07-24 14:00:00,17,14,3
2017-07-24 15:00:00,28,21,7
2017-07-24 16:00:00,69,56,13
2017-07-24 17:00:00,102,95,7
2017-07-24 18:00:00,124,120,4
2017-07-24 19:00:00,58,57,1
2017-07-24 20:00:00,34,28,6
2017-07-24 21:00:00,16,13,3
2017-07-24 22:00:00,4,3,1
2017-07-24 23:00:00,0,0,0
2017-07-25 00:00:00,0,0,0
2017-07-25 01:00:00,0,0,0
2017-07-25 02:00:00,0,0,0
2017-07-25 03:00:00,0,0,0
2017-07-25 04:00:00,4,4,0
2017-07-25 05:00:00,14,8,6
2017-07-25 06:00:00,40,40,0
2017-07-25 07:00:00,103,93,10
2017-07-25 08:00:00,70,64,6
2017-07-25 09:00:00,55,48,7
2017-07-25 10:00:00,42,37,5
2017-07-25 11:00:00,42,38,4
2017-07-25 12:00:00,34,29,5
2017-07-25 13:00:00,28,22,6
2017-07-25 14:00:00,41,32,9
2017-07-25 15:00:00,42,38,4
2017-07-25 16:00:00,87,70,17
2017-07-25 17:00:00,144,107,37
2017-07-25 18:00:00,125,113,12
2017-07-25 19:00:00,91,88,3
2017-07-25 20:00:00,43,41,2
2017-07-25 21:00:00,12,10,2
2017-07-25 22:00:00,8,6,2
2017-07-25 23:00:00,0,0,0
2017-07-26 00:00:00,0,0,0
2017-07-26 01:00:00,0,0,0
2017-07-26 02:00:00,0,0,0
2017-07-26 03:00:00,0,0,0
2017-07-26 04:00:00,3,3,0
2017-07-26 05:00:00,9,5,4
2017-07-26 06:00:00,35,31,4
2017-07-26 07:00:00,70,64,6
2017-07-26 08:00:00,67,62,5
2017-07-26 09:00:00,51,45,6
2017-07-26 10:00:00,45,41,4
2017-07-26 11:00:00,35,31,4
2017-07-26 12:00:00,47,41,6
2017-07-26 13:00:00,27,21,6
2017-07-26 14:00:00,17,11,6
2017-07-26 15:00:00,32,25,7
2017-07-26 16:00:00,59,41,18
2017-07-26 17:00:00,103,92,11
2017-07-26 18:00:00,122,113,9
2017-07-26 19:00:00,57,54,3
2017-07-26 20:00:00,36,34,2
2017-07-26 21:00:00,14,12,2
2017-07-26 22:00:00,1,1,0
2017-07-26 23:00:00,3,0,3
2017-07-27 00:00:00,0,0,0
2017-07-27 01:00:00,0,0,0
2017-07-27 02:00:00,0,0,0
2017-07-27 03:00:00,0,0,0
2017-07-27 04:00:00,3,3,0
2017-07-27 05:00:00,11,10,1
2017-07-27 06:00:00,25,20,5
2017-07-27 07:00:00,65,50,15
2017-07-27 08:00:00,51,38,13
2017-07-27 09:00:00,31,21,10
2017-07-27 10:00:00,24,15,9
2017-07-27 11:00:00,10,9,1
2017-07-27 12:00:00,24,18,6
2017-07-27 13:00:00,22,19,3
2017-07-27 14:00:00,21,17,4
2017-07-27 15:00:00,37,33,4
2017-07-27 16:00:00,63,58,5
2017-07-27 17:00:00,102,86,16
2017-07-27 18:00:00,100,81,19
2017-07-27 19:00:00,72,43,29
2017-07-27 20:00:00,34,23,11
2017-07-27 21:00:00,18,17,1
2017-07-27 22:00:00,4,4,0
2017-07-27 23:00:00,0,0,0
2017-07-28 00:00:00,0,0,0
2017-07-28 01:00:00,0,0,0
2017-07-28 02:00:00,0,0,0
2017-07-28 03:00:00,1,0,1
2017-07-28 04:00:00,3,3,0
2017-07-28 05:00:00,8,7,1
2017-07-28 06:00:00,25,23,2
2017-07-28 07:00:00,67,57,10
2017-07-28 08:00:00,76,69,7
2017-07-28 09:00:00,32,30,2
2017-07-28 10:00:00,23,22,1
2017-07-28 11:00:00,49,44,5
2017-07-28 12:00:00,43,39,4
2017-07-28 13:00:00,30,26,4
2017-07-28 14:00:00,43,37,6
2017-07-28 15:00:00,55,48,7
2017-07-28 16:00:00,102,93,9
2017-07-28 17:00:00,98,94,4
2017-07-28 18:00:00,89,86,3
2017-07-28 19:00:00,33,29,4
2017-07-28 20:00:00,26,22,4
2017-07-28 21:00:00,13,10,3
2017-07-28 22:00:00,4,3,1
2017-07-28 23:00:00,0,0,0
2017-07-29 00:00:00,3,0,3
2017-07-29 01:00:00,0,0,0
2017-07-29 02:00:00,3,3,0
2017-07-29 03:00:00,2,1,1
2017-07-29 04:00:00,1,1,0
2017-07-29 05:00:00,0,0,0
2017-07-29 06:00:00,10,8,2
2017-07-29 07:00:00,23,19,4
2017-07-29 08:00:00,100,75,25
2017-07-29 09:00:00,155,138,17
2017-07-29 10:00:00,141,131,10
2017-07-29 11:00:00,155,147,8
2017-07-29 12:00:00,129,113,16
2017-07-29 13:00:00,160,136,24
2017-07-29 14:00:00,94,79,15
2017-07-29 15:00:00,97,70,27
2017-07-29 16:00:00,64,52,12
2017-07-29 17:00:00,56,53,3
2017-07-29 18:00:00,50,46,4
2017-07-29 19:00:00,19,18,1
2017-07-29 20:00:00,20,19,1
2017-07-29 21:00:00,10,9,1
2017-07-29 22:00:00,5,5,0
2017-07-29 23:00:00,0,0,0
2017-07-30 00:00:00,0,0,0
2017-07-30 01:00:00,1,1,0
2017-07-30 02:00:00,0,0,0
2017-07-30 03:00:00,0,0,0
2017-07-30 04:00:00,0,0,0
2017-07-30 05:00:00,1,1,0
2017-07-30 06:00:00,3,3,0
2017-07-30 07:00:00,36,26,10
2017-07-30 08:00:00,72,51,21
2017-07-30 09:00:00,87,69,18
2017-07-30 10:00:00,125,116,9
2017-07-30 11:00:00,144,128,16
2017-07-30 12:00:00,124,113,11
2017-07-30 13:00:00,128,112,16
2017-07-30 14:00:00,119,100,19
2017-07-30 15:00:00,107,88,19
2017-07-30 16:00:00,84,74,10
2017-07-30 17:00:00,68,66,2
2017-07-30 18:00:00,35,32,3
2017-07-30 19:00:00,45,43,2
2017-07-30 20:00:00,27,24,3
2017-07-30 21:00:00,11,8,3
2017-07-30 22:00:00,2,2,0
2017-07-30 23:00:00,0,0,0
2017-07-31 00:00:00,0,0,0
2017-07-31 01:00:00,0,0,0
2017-07-31 02:00:00,0,0,0
2017-07-31 03:00:00,0,0,0
2017-07-31 04:00:00,5,5,0
2017-07-31 05:00:00,12,8,4
2017-07-31 06:00:00,33,32,1
2017-07-31 07:00:00,90,82,8
2017-07-31 08:00:00,76,72,4
2017-07-31 09:00:00,45,40,5
2017-07-31 10:00:00,36,33,3
2017-07-31 11:00:00,36,35,1
2017-07-31 12:00:00,41,31,10
2017-07-31 13:00:00,34,28,6
2017-07-31 14:00:00,24,20,4
2017-07-31 15:00:00,29,21,8
2017-07-31 16:00:00,48,35,13
2017-07-31 17:00:00,119,96,23
2017-07-31 18:00:00,118,116,2
2017-07-31 19:00:00,71,70,1
2017-07-31 20:00:00,26,25,1
2017-07-31 21:00:00,15,13,2
2017-07-31 22:00:00,7,6,1
2017-07-31 23:00:00,0,0,0
2017-08-01 00:00:00,0,0,0
2017-08-01 01:00:00,1,0,1
2017-08-01 02:00:00,0,0,0
2017-08-01 03:00:00,0,0,0
2017-08-01 04:00:00,7,7,0
2017-08-01 05:00:00,15,8,7
2017-08-01 06:00:00,46,41,5
2017-08-01 07:00:00,72,65,7
2017-08-01 08:00:00,92,85,7
2017-08-01 09:00:00,41,38,3
2017-08-01 10:00:00,45,40,5
2017-08-01 11:00:00,50,46,4
2017-08-01 12:00:00,30,24,6
2017-08-01 13:00:00,33,25,8
2017-08-01 14:00:00,30,27,3
2017-08-01 15:00:00,32,28,4
2017-08-01 16:00:00,55,40,15
2017-08-01 17:00:00,132,104,28
2017-08-01 18:00:00,75,68,7
2017-08-01 19:00:00,77,76,1
2017-08-01 20:00:00,44,40,4
2017-08-01 21:00:00,23,17,6
2017-08-01 22:00:00,9,7,2
2017-08-01 23:00:00,0,0,0
2017-08-02 00:00:00,0,0,0
2017-08-02 01:00:00,1,1,0
2017-08-02 02:00:00,1,0,1
2017-08-02 03:00:00,0,0,0
2017-08-02 04:00:00,5,5,0
2017-08-02 05:00:00,5,4,1
2017-08-02 06:00:00,36,28,8
2017-08-02 07:00:00,103,98,5
2017-08-02 08:00:00,85,73,12
2017-08-02 09:00:00,66,61,5
2017-08-02 10:00:00,54,48,6
2017-08-02 11:00:00,40,36,4
2017-08-02 12:00:00,32,25,7
2017-08-02 13:00:00,23,19,4
2017-08-02 14:00:00,14,13,1
2017-08-02 15:00:00,27,25,2
2017-08-02 16:00:00,50,33,17
2017-08-02 17:00:00,87,55,32
2017-08-02 18:00:00,87,67,20
2017-08-02 19:00:00,95,89,6
2017-08-02 20:00:00,46,41,5
2017-08-02 21:00:00,18,16,2
2017-08-02 22:00:00,5,3,2
2017-08-02 23:00:00,0,0,0
2017-08-03 00:00:00,2,2,0
2017-08-03 01:00:00,0,0,0
2017-08-03 02:00:00,0,0,0
2017-08-03 03:00:00,0,0,0
2017-08-03 04:00:00,5,3,2
2017-08-03 05:00:00,12,8,4
2017-08-03 06:00:00,28,22,6
2017-08-03 07:00:00,68,64,4
2017-08-03 08:00:00,65,59,6
2017-08-03 09:00:00,50,48,2
2017-08-03 10:00:00,24,21,3
2017-08-03 11:00:00,19,16,3
2017-08-03 12:00:00,27,20,7
2017-08-03 13:00:00,28,20,8
2017-08-03 14:00:00,28,20,8
2017-08-03 15:00:00,23,19,4
2017-08-03 16:00:00,41,33,8
2017-08-03 17:00:00,78,57,21
2017-08-03 18:00:00,67,48,19
2017-08-03 19:00:00,74,66,8
2017-08-03 20:00:00,21,21,0
2017-08-03 21:00:00,34,34,0
2017-08-03 22:00:00,5,5,0
2017-08-03 23:00:00,0,0,0
2017-08-04 00:00:00,0,0,0
2017-08-04 01:00:00,0,0,0
2017-08-04 02:00:00,0,0,0
2017-08-04 03:00:00,0,0,0
2017-08-04 04:00:00,3,2,1
2017-08-04 05:00:00,6,6,0
2017-08-04 06:00:00,26,24,2
2017-08-04 07:00:00,60,55,5
2017-08-04 08:00:00,64,58,6
2017-08-04 09:00:00,35,32,3
2017-08-04 10:00:00,42,36,6
2017-08-04 11:00:00,38,32,6
2017-08-04 12:00:00,49,34,15
2017-08-04 13:00:00,48,35,13
2017-08-04 14:00:00,54,42,12
2017-08-04 15:00:00,36,24,12
2017-08-04 16:00:00,39,27,12
2017-08-04 17:00:00,64,41,23
2017-08-04 18:00:00,64,54,10
2017-08-04 19:00:00,25,25,0
2017-08-04 20:00:00,16,15,1
2017-08-04 21:00:00,6,6,0
2017-08-04 22:00:00,10,10,0
2017-08-04 23:00:00,1,1,0
2017-08-05 00:00:00,1,1,0
2017-08-05 01:00:00,0,0,0
2017-08-05 02:00:00,0,0,0
2017-08-05 03:00:00,2,0,2
2017-08-05 04:00:00,1,1,0
2017-08-05 05:00:00,3,2,1
2017-08-05 06:00:00,16,9,7
2017-08-05 07:00:00,29,13,16
2017-08-05 08:00:00,77,57,20
2017-08-05 09:00:00,131,121,10
2017-08-05 10:00:00,126,108,18
2017-08-05 11:00:00,108,101,7
2017-08-05 12:00:00,119,108,11
2017-08-05 13:00:00,62,55,7
2017-08-05 14:00:00,89,80,9
2017-08-05 15:00:00,70,66,4
2017-08-05 16:00:00,46,43,3
2017-08-05 17:00:00,41,37,4
2017-08-05 18:00:00,34,34,0
2017-08-05 19:00:00,20,19,1
2017-08-05 20:00:00,11,11,0
2017-08-05 21:00:00,7,7,0
2017-08-05 22:00:00,3,2,1
2017-08-05 23:00:00,5,4,1
2017-08-06 00:00:00,0,0,0
2017-08-06 01:00:00,1,0,1
2017-08-06 02:00:00,0,0,0
2017-08-06 03:00:00,0,0,0
2017-08-06 04:00:00,0,0,0
2017-08-06 05:00:00,1,0,1
2017-08-06 06:00:00,10,6,4
2017-08-06 07:00:00,42,31,11
2017-08-06 08:00:00,78,68,10
2017-08-06 09:00:00,111,96,15
2017-08-06 10:00:00,85,81,4
2017-08-06 11:00:00,123,112,11
2017-08-06 12:00:00,97,90,7
2017-08-06 13:00:00,98,87,11
2017-08-06 14:00:00,85,80,5
2017-08-06 15:00:00,73,68,5
2017-08-06 16:00:00,65,61,4
2017-08-06 17:00:00,39,39,0
2017-08-06 18:00:00,28,28,0
2017-08-06 19:00:00,18,18,0
2017-08-06 20:00:00,11,10,1
2017-08-06 21:00:00,8,5,3
2017-08-06 22:00:00,2,2,0
2017-08-06 23:00:00,0,0,0
2017-08-07 00:00:00,1,1,0
2017-08-07 01:00:00,0,0,0
2017-08-07 02:00:00,0,0,0
2017-08-07 03:00:00,0,0,0
2017-08-07 04:00:00,2,2,0
2017-08-07 05:00:00,8,6,2
2017-08-07 06:00:00,27,23,4
2017-08-07 07:00:00,72,66,6
2017-08-07 08:00:00,77,74,3
2017-08-07 09:00:00,44,42,2
2017-08-07 10:00:00,27,25,2
2017-08-07 11:00:00,18,17,1
2017-08-07 12:00:00,29,29,0
2017-08-07 13:00:00,27,25,2
2017-08-07 14:00:00,24,20,4
2017-08-07 15:00:00,32,25,7
2017-08-07 16:00:00,47,33,14
2017-08-07 17:00:00,118,102,16
2017-08-07 18:00:00,117,104,13
2017-08-07 19:00:00,50,50,0
2017-08-07 20:00:00,24,22,2
2017-08-07 21:00:00,13,10,3
2017-08-07 22:00:00,0,0,0
2017-08-07 23:00:00,2,2,0
2017-08-08 00:00:00,1,0,1
2017-08-08 01:00:00,2,2,0
2017-08-08 02:00:00,0,0,0
2017-08-08 03:00:00,0,0,0
2017-08-08 04:00:00,4,4,0
2017-08-08 05:00:00,11,8,3
2017-08-08 06:00:00,37,28,9
2017-08-08 07:00:00,78,73,5
2017-08-08 08:00:00,85,80,5
2017-08-08 09:00:00,48,46,2
2017-08-08 10:00:00,43,41,2
2017-08-08 11:00:00,45,40,5
2017-08-08 12:00:00,30,24,6
2017-08-08 13:00:00,22,19,3
2017-08-08 14:00:00,29,15,14
2017-08-08 15:00:00,25,19,6
2017-08-08 16:00:00,75,51,24
2017-08-08 17:00:00,105,83,22
2017-08-08 18:00:00,102,96,6
2017-08-08 19:00:00,79,78,1
2017-08-08 20:00:00,40,38,2
2017-08-08 21:00:00,17,15,2
2017-08-08 22:00:00,5,5,0
2017-08-08 23:00:00,1,1,0
2017-08-09 00:00:00,0,0,0
2017-08-09 01:00:00,0,0,0
2017-08-09 02:00:00,0,0,0
2017-08-09 03:00:00,0,0,0
2017-08-09 04:00:00,3,3,0
2017-08-09 05:00:00,10,8,2
2017-08-09 06:00:00,25,18,7
2017-08-09 07:00:00,87,83,4
2017-08-09 08:00:00,80,72,8
2017-08-09 09:00:00,50,42,8
2017-08-09 10:00:00,44,40,4
2017-08-09 11:00:00,29,27,2
2017-08-09 12:00:00,21,13,8
2017-08-09 13:00:00,22,16,6
2017-08-09 14:00:00,26,16,10
2017-08-09 15:00:00,21,13,8
2017-08-09 16:00:00,52,37,15
2017-08-09 17:00:00,83,58,25
2017-08-09 18:00:00,120,105,15
2017-08-09 19:00:00,74,74,0
2017-08-09 20:00:00,26,23,3
2017-08-09 21:00:00,7,7,0
2017-08-09 22:00:00,1,1,0
2017-08-09 23:00:00,2,2,0
2017-08-10 00:00:00,1,0,1
2017-08-10 01:00:00,0,0,0
2017-08-10 02:00:00,1,1,0
2017-08-10 03:00:00,0,0,0
2017-08-10 04:00:00,3,3,0
2017-08-10 05:00:00,14,10,4
2017-08-10 06:00:00,34,25,9
2017-08-10 07:00:00,57,56,1
2017-08-10 08:00:00,69,66,3
2017-08-10 09:00:00,42,40,2
2017-08-10 10:00:00,29,28,1
2017-08-10 11:00:00,32,29,3
2017-08-10 12:00:00,24,22,2
2017-08-10 13:00:00,24,21,3
2017-08-10 14:00:00,20,13,7
2017-08-10 15:00:00,35,26,9
2017-08-10 16:00:00,46,31,15
2017-08-10 17:00:00,102,79,23
2017-08-10 18:00:00,105,92,13
2017-08-10 19:00:00,66,64,2
2017-08-10 20:00:00,22,21,1
2017-08-10 21:00:00,14,13,1
2017-08-10 22:00:00,6,4,2
2017-08-10 23:00:00,0,0,0
2017-08-11 00:00:00,3,3,0
2017-08-11 01:00:00,1,1,0
2017-08-11 02:00:00,0,0,0
2017-08-11 03:00:00,0,0,0
2017-08-11 04:00:00,4,4,0
2017-08-11 05:00:00,7,5,2
2017-08-11 06:00:00,25,23,2
2017-08-11 07:00:00,60,55,5
2017-08-11 08:00:00,68,67,1
2017-08-11 09:00:00,44,42,2
2017-08-11 10:00:00,31,29,2
2017-08-11 11:00:00,36,30,6
2017-08-11 12:00:00,28,25,3
2017-08-11 13:00:00,23,17,6
2017-08-11 14:00:00,29,23,6
2017-08-11 15:00:00,54,41,13
2017-08-11 16:00:00,54,51,3
2017-08-11 17:00:00,102,101,1
2017-08-11 18:00:00,51,51,0
2017-08-11 19:00:00,30,29,1
2017-08-11 20:00:00,12,10,2
2017-08-11 21:00:00,3,3,0
2017-08-11 22:00:00,4,4,0
2017-08-11 23:00:00,1,0,1
2017-08-12 00:00:00,0,0,0
2017-08-12 01:00:00,0,0,0
2017-08-12 02:00:00,0,0,0
2017-08-12 03:00:00,0,0,0
2017-08-12 04:00:00,1,1,0
2017-08-12 05:00:00,0,0,0
2017-08-12 06:00:00,13,4,9
2017-08-12 07:00:00,45,31,14
2017-08-12 08:00:00,96,56,40
2017-08-12 09:00:00,104,72,32
2017-08-12 10:00:00,116,84,32
2017-08-12 11:00:00,100,92,8
2017-08-12 12:00:00,86,81,5
2017-08-12 13:00:00,85,82,3
2017-08-12 14:00:00,80,79,1
2017-08-12 15:00:00,85,80,5
2017-08-12 16:00:00,75,69,6
2017-08-12 17:00:00,47,46,1
2017-08-12 18:00:00,25,23,2
2017-08-12 19:00:00,30,29,1
2017-08-12 20:00:00,9,7,2
2017-08-12 21:00:00,2,2,0
2017-08-12 22:00:00,1,0,1
2017-08-12 23:00:00,3,3,0
2017-08-13 00:00:00,1,1,0
2017-08-13 01:00:00,0,0,0
2017-08-13 02:00:00,0,0,0
2017-08-13 03:00:00,0,0,0
2017-08-13 04:00:00,0,0,0
2017-08-13 05:00:00,1,0,1
2017-08-13 06:00:00,4,4,0
2017-08-13 07:00:00,14,6,8
2017-08-13 08:00:00,36,19,17
2017-08-13 09:00:00,62,59,3
2017-08-13 10:00:00,76,71,5
2017-08-13 11:00:00,264,253,11
2017-08-13 12:00:00,267,253,14
2017-08-13 13:00:00,88,82,6
2017-08-13 14:00:00,56,50,6
2017-08-13 15:00:00,58,54,4
2017-08-13 16:00:00,53,50,3
2017-08-13 17:00:00,36,32,4
2017-08-13 18:00:00,16,14,2
2017-08-13 19:00:00,11,9,2
2017-08-13 20:00:00,9,7,2
2017-08-13 21:00:00,3,3,0
2017-08-13 22:00:00,0,0,0
2017-08-13 23:00:00,1,1,0
2017-08-14 00:00:00,0,0,0
2017-08-14 01:00:00,0,0,0
2017-08-14 02:00:00,0,0,0
2017-08-14 03:00:00,0,0,0
2017-08-14 04:00:00,7,7,0
2017-08-14 05:00:00,10,10,0
2017-08-14 06:00:00,33,28,5
2017-08-14 07:00:00,71,59,12
2017-08-14 08:00:00,66,49,17
2017-08-14 09:00:00,48,45,3
2017-08-14 10:00:00,25,22,3
2017-08-14 11:00:00,31,26,5
2017-08-14 12:00:00,19,15,4
2017-08-14 13:00:00,28,23,5
2017-08-14 14:00:00,32,32,0
2017-08-14 15:00:00,43,37,6
2017-08-14 16:00:00,76,70,6
2017-08-14 17:00:00,112,93,19
2017-08-14 18:00:00,117,96,21
2017-08-14 19:00:00,67,49,18
2017-08-14 20:00:00,22,18,4
2017-08-14 21:00:00,3,2,1
2017-08-14 22:00:00,0,0,0
2017-08-14 23:00:00,0,0,0
2017-08-15 00:00:00,0,0,0
2017-08-15 01:00:00,0,0,0
2017-08-15 02:00:00,0,0,0
2017-08-15 03:00:00,0,0,0
2017-08-15 04:00:00,5,5,0
2017-08-15 05:00:00,16,10,6
2017-08-15 06:00:00,46,32,14
2017-08-15 07:00:00,85,78,7
2017-08-15 08:00:00,81,72,9
2017-08-15 09:00:00,41,38,3
2017-08-15 10:00:00,47,44,3
2017-08-15 11:00:00,31,23,8
2017-08-15 12:00:00,36,31,5
2017-08-18 20:00:00,6,6,0
2017-08-15 13:00:00,24,23,1
2017-08-15 14:00:00,31,27,4
2017-08-15 15:00:00,37,35,2
2017-08-15 16:00:00,91,84,7
2017-08-15 17:00:00,134,129,5
2017-08-15 18:00:00,127,105,22
2017-08-15 19:00:00,93,82,11
2017-08-15 20:00:00,24,19,5
2017-08-15 21:00:00,10,9,1
2017-08-15 22:00:00,4,4,0
2017-08-15 23:00:00,2,0,2
2017-08-16 00:00:00,0,0,0
2017-08-16 01:00:00,0,0,0
2017-08-16 02:00:00,1,1,0
2017-08-16 03:00:00,0,0,0
2017-08-16 04:00:00,5,4,1
2017-08-16 05:00:00,7,5,2
2017-08-16 06:00:00,40,32,8
2017-08-16 07:00:00,81,76,5
2017-08-16 08:00:00,71,66,5
2017-08-16 09:00:00,35,33,2
2017-08-16 10:00:00,34,33,1
2017-08-16 11:00:00,35,29,6
2017-08-16 12:00:00,15,15,0
2017-08-16 13:00:00,41,39,2
2017-08-16 14:00:00,34,32,2
2017-08-16 15:00:00,46,39,7
2017-08-16 16:00:00,67,67,0
2017-08-16 17:00:00,122,120,2
2017-08-16 18:00:00,83,78,5
2017-08-16 19:00:00,44,38,6
2017-08-16 20:00:00,21,19,2
2017-08-16 21:00:00,6,5,1
2017-08-16 22:00:00,1,1,0
2017-08-16 23:00:00,0,0,0
2017-08-17 00:00:00,0,0,0
2017-08-17 01:00:00,2,2,0
2017-08-17 02:00:00,0,0,0
2017-08-17 03:00:00,0,0,0
2017-08-17 04:00:00,6,6,0
2017-08-17 05:00:00,15,12,3
2017-08-17 06:00:00,45,35,10
2017-08-17 07:00:00,68,56,12
2017-08-17 08:00:00,61,51,10
2017-08-17 09:00:00,31,29,2
2017-08-17 10:00:00,24,21,3
2017-08-17 11:00:00,32,27,5
2017-08-17 12:00:00,23,22,1
2017-08-17 13:00:00,22,21,1
2017-08-17 14:00:00,28,21,7
2017-08-17 15:00:00,41,40,1
2017-08-17 16:00:00,78,77,1
2017-08-17 17:00:00,110,109,1
2017-08-17 18:00:00,89,79,10
2017-08-17 19:00:00,58,48,10
2017-08-17 20:00:00,24,15,9
2017-08-17 21:00:00,6,5,1
2017-08-17 22:00:00,2,2,0
2017-08-17 23:00:00,2,2,0
2017-08-18 00:00:00,3,0,3
2017-08-18 01:00:00,2,1,1
2017-08-18 02:00:00,0,0,0
2017-08-18 03:00:00,0,0,0
2017-08-18 04:00:00,4,3,1
2017-08-18 05:00:00,9,6,3
2017-08-18 06:00:00,36,28,8
2017-08-18 07:00:00,66,62,4
2017-08-18 08:00:00,59,55,4
2017-08-18 09:00:00,28,25,3
2017-08-18 10:00:00,33,29,4
2017-08-18 11:00:00,31,27,4
2017-08-18 12:00:00,26,25,1
2017-08-18 13:00:00,41,38,3
2017-08-18 14:00:00,35,30,5
2017-08-18 15:00:00,51,49,2
2017-08-18 16:00:00,75,73,2
2017-08-18 17:00:00,91,88,3
2017-08-18 18:00:00,49,47,2
2017-08-18 19:00:00,20,20,0
2017-08-18 21:00:00,5,5,0
2017-08-18 22:00:00,4,3,1
2017-08-18 23:00:00,0,0,0
2017-08-19 00:00:00,1,1,0
2017-08-19 01:00:00,0,0,0
2017-08-19 02:00:00,0,0,0
2017-08-19 03:00:00,0,0,0
2017-08-19 04:00:00,2,1,1
2017-08-19 05:00:00,1,0,1
2017-08-19 06:00:00,6,3,3
2017-08-19 07:00:00,19,15,4
2017-08-19 08:00:00,70,59,11
2017-08-19 09:00:00,82,66,16
2017-08-19 10:00:00,94,85,9
2017-08-19 11:00:00,124,113,11
2017-08-19 12:00:00,110,92,18
2017-08-19 13:00:00,92,83,9
2017-08-19 14:00:00,93,87,6
2017-08-19 15:00:00,82,80,2
2017-08-19 16:00:00,57,53,4
2017-08-19 17:00:00,38,37,1
2017-08-19 18:00:00,32,30,2
2017-08-19 19:00:00,26,17,9
2017-08-19 20:00:00,11,9,2
2017-08-19 21:00:00,3,3,0
2017-08-19 22:00:00,1,1,0
2017-08-19 23:00:00,1,1,0
2017-08-20 00:00:00,0,0,0
2017-08-20 01:00:00,0,0,0
2017-08-20 02:00:00,0,0,0
2017-08-20 03:00:00,0,0,0
2017-08-20 04:00:00,0,0,0
2017-08-20 05:00:00,1,0,1
2017-08-20 06:00:00,7,3,4
2017-08-20 07:00:00,33,22,11
2017-08-20 08:00:00,44,36,8
2017-08-20 09:00:00,80,69,11
2017-08-20 10:00:00,89,75,14
2017-08-20 11:00:00,110,100,10
2017-08-20 12:00:00,139,120,19
2017-08-20 13:00:00,80,70,10
2017-08-20 14:00:00,99,91,8
2017-08-20 15:00:00,83,79,4
2017-08-20 16:00:00,64,60,4
2017-08-20 17:00:00,52,51,1
2017-08-20 18:00:00,26,23,3
2017-08-20 19:00:00,14,7,7
2017-08-20 20:00:00,2,2,0
2017-08-20 21:00:00,4,3,1
2017-08-20 22:00:00,1,1,0
2017-08-20 23:00:00,1,1,0
2017-08-21 00:00:00,0,0,0
2017-08-21 01:00:00,0,0,0
2017-08-21 02:00:00,0,0,0
2017-08-21 03:00:00,0,0,0
2017-08-21 04:00:00,2,2,0
2017-08-21 05:00:00,11,5,6
2017-08-21 06:00:00,35,30,5
2017-08-21 07:00:00,58,53,5
2017-08-21 08:00:00,44,39,5
2017-08-21 09:00:00,20,19,1
2017-08-21 10:00:00,21,14,7
2017-08-21 11:00:00,40,33,7
2017-08-21 12:00:00,30,28,2
2017-08-21 13:00:00,16,16,0
2017-08-21 14:00:00,25,20,5
2017-08-21 15:00:00,47,45,2
2017-08-21 16:00:00,51,48,3
2017-08-21 17:00:00,91,89,2
2017-08-21 18:00:00,78,77,1
2017-08-21 19:00:00,50,42,8
2017-08-21 20:00:00,25,23,2
2017-08-21 21:00:00,8,7,1
2017-08-21 22:00:00,4,4,0
2017-08-21 23:00:00,0,0,0
2017-08-22 00:00:00,0,0,0
2017-08-22 01:00:00,0,0,0
2017-08-22 02:00:00,2,1,1
2017-08-22 03:00:00,0,0,0
2017-08-22 04:00:00,7,7,0
2017-08-22 05:00:00,9,8,1
2017-08-22 06:00:00,34,28,6
2017-08-22 07:00:00,70,63,7
2017-08-22 08:00:00,83,78,5
2017-08-22 09:00:00,35,32,3
2017-08-22 10:00:00,33,31,2
2017-08-22 11:00:00,23,21,2
2017-08-22 12:00:00,14,9,5
2017-08-22 13:00:00,19,14,5
2017-08-22 14:00:00,33,20,13
2017-08-22 15:00:00,38,28,10
2017-08-22 16:00:00,71,59,12
2017-08-22 17:00:00,104,90,14
2017-08-22 18:00:00,91,88,3
2017-08-22 19:00:00,59,54,5
2017-08-22 20:00:00,11,11,0
2017-08-22 21:00:00,9,6,3
2017-08-22 22:00:00,2,1,1
2017-08-22 23:00:00,0,0,0
2017-08-23 00:00:00,0,0,0
2017-08-23 01:00:00,0,0,0
2017-08-23 02:00:00,0,0,0
2017-08-23 03:00:00,0,0,0
2017-08-23 04:00:00,7,6,1
2017-08-23 05:00:00,11,8,3
2017-08-23 06:00:00,47,36,11
2017-08-23 07:00:00,71,58,13
2017-08-23 08:00:00,75,73,2
2017-08-23 09:00:00,40,37,3
2017-08-23 10:00:00,29,26,3
2017-08-23 11:00:00,21,20,1
2017-08-23 12:00:00,26,22,4
2017-08-23 13:00:00,29,26,3
2017-08-23 14:00:00,20,18,2
2017-08-23 15:00:00,36,35,1
2017-08-23 16:00:00,79,73,6
2017-08-23 17:00:00,108,105,3
2017-08-23 18:00:00,110,100,10
2017-08-23 19:00:00,74,68,6
2017-08-23 20:00:00,12,7,5
2017-08-23 21:00:00,3,3,0
2017-08-23 22:00:00,2,2,0
2017-08-23 23:00:00,0,0,0
2017-08-24 00:00:00,0,0,0
2017-08-24 01:00:00,0,0,0
2017-08-24 02:00:00,0,0,0
2017-08-24 03:00:00,0,0,0
2017-08-24 04:00:00,6,6,0
2017-08-24 05:00:00,11,5,6
2017-08-24 06:00:00,39,30,9
2017-08-24 07:00:00,81,69,12
2017-08-24 08:00:00,60,49,11
2017-08-24 09:00:00,34,23,11
2017-08-24 10:00:00,17,13,4
2017-08-24 11:00:00,21,18,3
2017-08-24 12:00:00,23,19,4
2017-08-24 13:00:00,34,34,0
2017-08-24 14:00:00,20,15,5
2017-08-24 15:00:00,32,28,4
2017-08-24 16:00:00,59,55,4
2017-08-24 17:00:00,116,96,20
2017-08-24 18:00:00,105,79,26
2017-08-24 19:00:00,57,33,24
2017-08-24 20:00:00,17,9,8
2017-08-24 21:00:00,7,6,1
2017-08-24 22:00:00,0,0,0
2017-08-24 23:00:00,2,1,1
2017-08-25 00:00:00,0,0,0
2017-08-25 01:00:00,0,0,0
2017-08-25 02:00:00,0,0,0
2017-08-25 03:00:00,0,0,0
2017-08-25 04:00:00,4,4,0
2017-08-25 05:00:00,2,1,1
2017-08-25 06:00:00,20,18,2
2017-08-25 07:00:00,66,52,14
2017-08-25 08:00:00,67,65,2
2017-08-25 09:00:00,39,37,2
2017-08-25 10:00:00,34,27,7
2017-08-25 11:00:00,35,31,4
2017-08-25 12:00:00,24,23,1
2017-08-25 13:00:00,45,40,5
2017-08-25 14:00:00,33,31,2
2017-08-25 15:00:00,73,67,6
2017-08-25 16:00:00,101,95,6
2017-08-25 17:00:00,97,93,4
2017-08-25 18:00:00,52,44,8
2017-08-25 19:00:00,34,29,5
2017-08-25 20:00:00,8,7,1
2017-08-25 21:00:00,2,2,0
2017-08-25 22:00:00,1,1,0
2017-08-25 23:00:00,1,1,0
2017-08-26 00:00:00,1,1,0
2017-08-26 01:00:00,0,0,0
2017-08-26 02:00:00,0,0,0
2017-08-26 03:00:00,0,0,0
2017-08-26 04:00:00,2,2,0
2017-08-26 05:00:00,0,0,0
2017-08-26 06:00:00,7,6,1
2017-08-26 07:00:00,20,11,9
2017-08-26 08:00:00,52,47,5
2017-08-26 09:00:00,82,73,9
2017-08-26 10:00:00,101,92,9
2017-08-26 11:00:00,119,100,19
2017-08-26 12:00:00,124,115,9
2017-08-26 13:00:00,96,92,4
2017-08-26 14:00:00,95,80,15
2017-08-26 15:00:00,80,63,17
2017-08-26 16:00:00,50,44,6
2017-08-26 17:00:00,60,59,1
2017-08-26 18:00:00,24,24,0
2017-08-26 19:00:00,23,22,1
2017-08-26 20:00:00,11,10,1
2017-08-26 21:00:00,6,6,0
2017-08-26 22:00:00,2,2,0
2017-08-26 23:00:00,0,0,0
2017-08-27 00:00:00,3,2,1
2017-08-27 01:00:00,4,3,1
2017-08-27 02:00:00,0,0,0
2017-08-27 03:00:00,1,0,1
2017-08-27 04:00:00,0,0,0
2017-08-27 05:00:00,2,2,0
2017-08-27 06:00:00,8,5,3
2017-08-27 07:00:00,36,16,20
2017-08-27 08:00:00,63,61,2
2017-08-27 09:00:00,97,88,9
2017-08-27 10:00:00,140,132,8
2017-08-27 11:00:00,124,111,13
2017-08-27 12:00:00,159,129,30
2017-08-27 13:00:00,114,86,28
2017-08-27 14:00:00,115,82,33
2017-08-27 15:00:00,69,55,14
2017-08-27 16:00:00,59,46,13
2017-08-27 17:00:00,56,55,1
2017-08-27 18:00:00,16,16,0
2017-08-27 19:00:00,21,20,1
2017-08-27 20:00:00,8,7,1
2017-08-27 21:00:00,0,0,0
2017-08-27 22:00:00,0,0,0
2017-08-27 23:00:00,1,1,0
2017-08-28 00:00:00,0,0,0
2017-08-28 01:00:00,0,0,0
2017-08-28 02:00:00,4,0,4
2017-08-28 03:00:00,0,0,0
2017-08-28 04:00:00,6,6,0
2017-08-28 05:00:00,14,8,6
2017-08-28 06:00:00,39,27,12
2017-08-28 07:00:00,74,61,13
2017-08-28 08:00:00,64,61,3
2017-08-28 09:00:00,35,32,3
2017-08-28 10:00:00,35,33,2
2017-08-28 11:00:00,22,21,1
2017-08-28 12:00:00,24,23,1
2017-08-28 13:00:00,24,20,4
2017-08-28 14:00:00,22,14,8
2017-08-28 15:00:00,37,21,16
2017-08-28 16:00:00,61,44,17
2017-08-28 17:00:00,116,93,23
2017-08-28 18:00:00,74,71,3
2017-08-28 19:00:00,31,31,0
2017-08-28 20:00:00,18,17,1
2017-08-28 21:00:00,3,3,0
2017-08-28 22:00:00,2,2,0
2017-08-28 23:00:00,0,0,0
2017-08-29 00:00:00,0,0,0
2017-08-29 01:00:00,0,0,0
2017-08-29 02:00:00,0,0,0
2017-08-29 03:00:00,0,0,0
2017-08-29 04:00:00,5,5,0
2017-08-29 05:00:00,15,12,3
2017-08-29 06:00:00,51,36,15
2017-08-29 07:00:00,76,70,6
2017-08-29 08:00:00,74,72,2
2017-08-29 09:00:00,34,33,1
2017-08-29 10:00:00,41,38,3
2017-08-29 11:00:00,25,24,1
2017-08-29 12:00:00,20,15,5
2017-08-29 13:00:00,16,12,4
2017-08-29 14:00:00,20,12,8
2017-08-29 15:00:00,37,28,9
2017-08-29 16:00:00,64,48,16
2017-08-29 17:00:00,149,123,26
2017-08-29 18:00:00,104,102,2
2017-08-29 19:00:00,64,64,0
2017-08-29 20:00:00,15,15,0
2017-08-29 21:00:00,4,3,1
2017-08-29 22:00:00,4,3,1
2017-08-29 23:00:00,0,0,0
2017-08-30 00:00:00,1,1,0
2017-08-30 01:00:00,0,0,0
2017-08-30 02:00:00,0,0,0
2017-08-30 03:00:00,0,0,0
2017-08-30 04:00:00,4,4,0
2017-08-30 05:00:00,9,8,1
2017-08-30 06:00:00,37,31,6
2017-08-30 07:00:00,73,58,15
2017-08-30 08:00:00,75,61,14
2017-08-30 09:00:00,33,29,4
2017-08-30 10:00:00,24,20,4
2017-08-30 11:00:00,22,19,3
2017-08-30 12:00:00,23,20,3
2017-08-30 13:00:00,25,20,5
2017-08-30 14:00:00,15,13,2
2017-08-30 15:00:00,24,21,3
2017-08-30 16:00:00,78,70,8
2017-08-30 17:00:00,122,110,12
2017-08-30 18:00:00,98,81,17
2017-08-30 19:00:00,56,45,11
2017-08-30 20:00:00,10,8,2
2017-08-30 21:00:00,1,1,0
2017-08-30 22:00:00,0,0,0
2017-08-30 23:00:00,2,1,1
2017-08-31 00:00:00,5,3,2
2017-08-31 01:00:00,1,0,1
2017-08-31 02:00:00,0,0,0
2017-08-31 03:00:00,0,0,0
2017-08-31 04:00:00,6,6,0
2017-08-31 05:00:00,12,7,5
2017-08-31 06:00:00,43,33,10
2017-08-31 07:00:00,58,45,13
2017-08-31 08:00:00,52,42,10
2017-08-31 09:00:00,28,24,4
2017-08-31 10:00:00,16,16,0
2017-08-31 11:00:00,14,13,1
2017-08-31 12:00:00,6,6,0
2017-08-31 13:00:00,5,4,1
2017-08-31 14:00:00,15,13,2
2017-08-31 15:00:00,44,39,5
2017-08-31 16:00:00,66,61,5
2017-08-31 17:00:00,106,94,12
2017-08-31 18:00:00,99,80,19
2017-08-31 19:00:00,46,37,9
2017-08-31 20:00:00,25,16,9
2017-08-31 21:00:00,2,0,2
2017-08-31 22:00:00,0,0,0
2017-08-31 23:00:00,2,2,0
2017-09-01 00:00:00,0,0,0
2017-09-01 01:00:00,0,0,0
2017-09-01 02:00:00,0,0,0
2017-09-01 03:00:00,0,0,0
2017-09-01 04:00:00,3,3,0
2017-09-01 05:00:00,2,2,0
2017-09-01 06:00:00,40,28,12
2017-09-01 07:00:00,66,50,16
2017-09-01 08:00:00,68,65,3
2017-09-01 09:00:00,48,44,4
2017-09-01 10:00:00,35,28,7
2017-09-01 11:00:00,34,32,2
2017-09-01 12:00:00,31,26,5
2017-09-01 13:00:00,32,26,6
2017-09-01 14:00:00,46,38,8
2017-09-01 15:00:00,74,65,9
2017-09-01 16:00:00,87,82,5
2017-09-01 17:00:00,100,97,3
2017-09-01 18:00:00,58,56,2
2017-09-01 19:00:00,24,23,1
2017-09-01 20:00:00,12,11,1
2017-09-01 21:00:00,3,2,1
2017-09-01 22:00:00,0,0,0
2017-09-01 23:00:00,0,0,0
2017-09-02 00:00:00,1,1,0
2017-09-02 01:00:00,0,0,0
2017-09-02 02:00:00,1,0,1
2017-09-02 03:00:00,0,0,0
2017-09-02 04:00:00,1,1,0
2017-09-02 05:00:00,0,0,0
2017-09-02 06:00:00,11,7,4
2017-09-02 07:00:00,37,21,16
2017-09-02 08:00:00,83,72,11
2017-09-02 09:00:00,106,99,7
2017-09-02 10:00:00,158,141,17
2017-09-02 11:00:00,141,127,14
2017-09-02 12:00:00,106,92,14
2017-09-02 13:00:00,102,78,24
2017-09-02 14:00:00,69,47,22
2017-09-02 15:00:00,64,46,18
2017-09-02 16:00:00,45,35,10
2017-09-02 17:00:00,31,25,6
2017-09-02 18:00:00,25,25,0
2017-09-02 19:00:00,21,21,0
2017-09-02 20:00:00,2,2,0
2017-09-02 21:00:00,2,1,1
2017-09-02 22:00:00,1,1,0
2017-09-02 23:00:00,0,0,0
2017-09-03 00:00:00,3,3,0
2017-09-03 01:00:00,0,0,0
2017-09-03 02:00:00,0,0,0
2017-09-03 03:00:00,0,0,0
2017-09-03 04:00:00,0,0,0
2017-09-03 05:00:00,1,0,1
2017-09-03 06:00:00,8,5,3
2017-09-03 07:00:00,32,20,12
2017-09-03 08:00:00,74,68,6
2017-09-03 09:00:00,101,99,2
2017-09-03 10:00:00,113,109,4
2017-09-03 11:00:00,125,112,13
2017-09-03 12:00:00,103,82,21
2017-09-03 13:00:00,88,78,10
2017-09-03 14:00:00,55,40,15
2017-09-03 15:00:00,45,35,10
2017-09-03 16:00:00,38,28,10
2017-09-03 17:00:00,37,31,6
2017-09-03 18:00:00,22,22,0
2017-09-03 19:00:00,15,15,0
2017-09-03 20:00:00,8,7,1
2017-09-03 21:00:00,7,7,0
2017-09-03 22:00:00,0,0,0
2017-09-03 23:00:00,4,1,3
2017-09-04 00:00:00,3,3,0
2017-09-04 01:00:00,0,0,0
2017-09-04 02:00:00,0,0,0
2017-09-04 03:00:00,0,0,0
2017-09-04 04:00:00,2,1,1
2017-09-04 05:00:00,1,1,0
2017-09-04 06:00:00,10,7,3
2017-09-04 07:00:00,34,14,20
2017-09-04 08:00:00,82,74,8
2017-09-04 09:00:00,120,105,15
2017-09-04 10:00:00,140,120,20
2017-09-04 11:00:00,158,137,21
2017-09-04 12:00:00,108,88,20
2017-09-04 13:00:00,116,90,26
2017-09-04 14:00:00,85,60,25
2017-09-04 15:00:00,81,64,17
2017-09-04 16:00:00,57,45,12
2017-09-04 17:00:00,31,28,3
2017-09-04 18:00:00,37,36,1
2017-09-04 19:00:00,32,32,0
2017-09-04 20:00:00,8,8,0
2017-09-04 21:00:00,7,6,1
2017-09-04 22:00:00,0,0,0
2017-09-04 23:00:00,0,0,0
2017-09-05 00:00:00,0,0,0
2017-09-05 01:00:00,0,0,0
2017-09-05 02:00:00,0,0,0
2017-09-05 03:00:00,0,0,0
2017-09-05 04:00:00,5,5,0
2017-09-05 05:00:00,11,10,1
2017-09-05 06:00:00,38,29,9
2017-09-05 07:00:00,67,55,12
2017-09-05 08:00:00,62,59,3
2017-09-05 09:00:00,32,31,1
2017-09-05 10:00:00,17,16,1
2017-09-05 11:00:00,10,9,1
2017-09-05 12:00:00,19,17,2
2017-09-05 13:00:00,22,22,0
2017-09-05 14:00:00,12,12,0
2017-09-05 15:00:00,16,12,4
2017-09-05 16:00:00,52,48,4
2017-09-05 17:00:00,71,71,0
2017-09-05 18:00:00,55,54,1
2017-09-05 19:00:00,25,25,0
2017-09-05 20:00:00,11,10,1
2017-09-05 21:00:00,4,2,2
2017-09-05 22:00:00,0,0,0
2017-09-05 23:00:00,0,0,0
2017-09-06 00:00:00,0,0,0
2017-09-06 01:00:00,0,0,0
2017-09-06 02:00:00,0,0,0
2017-09-06 03:00:00,0,0,0
2017-09-06 04:00:00,5,5,0
2017-09-06 05:00:00,4,4,0
2017-09-06 06:00:00,24,21,3
2017-09-06 07:00:00,55,45,10
2017-09-06 08:00:00,51,46,5
2017-09-06 09:00:00,19,19,0
2017-09-06 10:00:00,18,17,1
2017-09-06 11:00:00,18,17,1
2017-09-06 12:00:00,16,15,1
2017-09-06 13:00:00,16,16,0
2017-09-06 14:00:00,13,13,0
2017-09-06 15:00:00,19,19,0
2017-09-06 16:00:00,40,38,2
2017-09-06 17:00:00,69,69,0
2017-09-06 18:00:00,62,62,0
2017-09-06 19:00:00,21,19,2
2017-09-06 20:00:00,10,9,1
2017-09-06 21:00:00,5,5,0
2017-09-06 22:00:00,3,1,2
2017-09-06 23:00:00,2,2,0
2017-09-07 00:00:00,0,0,0
2017-09-07 01:00:00,0,0,0
2017-09-07 02:00:00,1,1,0
2017-09-07 03:00:00,2,2,0
2017-09-07 04:00:00,6,6,0
2017-09-07 05:00:00,9,6,3
2017-09-07 06:00:00,22,17,5
2017-09-07 07:00:00,64,59,5
2017-09-07 08:00:00,54,46,8
2017-09-07 09:00:00,27,26,1
2017-09-07 10:00:00,10,7,3
2017-09-07 11:00:00,24,22,2
2017-09-07 12:00:00,20,17,3
2017-09-07 13:00:00,20,19,1
2017-09-07 14:00:00,16,13,3
2017-09-07 15:00:00,27,22,5
2017-09-07 16:00:00,50,44,6
2017-09-07 17:00:00,94,76,18
2017-09-07 18:00:00,69,53,16
2017-09-07 19:00:00,27,23,4
2017-09-07 20:00:00,11,8,3
2017-09-07 21:00:00,1,0,1
2017-09-07 22:00:00,1,1,0
2017-09-07 23:00:00,2,1,1
2017-09-08 00:00:00,1,1,0
2017-09-08 01:00:00,1,1,0
2017-09-08 02:00:00,2,2,0
2017-09-08 03:00:00,0,0,0
2017-09-08 04:00:00,5,5,0
2017-09-08 05:00:00,8,5,3
2017-09-08 06:00:00,29,26,3
2017-09-08 07:00:00,57,44,13
2017-09-08 08:00:00,48,32,16
2017-09-08 09:00:00,23,19,4
2017-09-08 10:00:00,21,18,3
2017-09-08 11:00:00,19,15,4
2017-09-08 12:00:00,14,11,3
2017-09-08 13:00:00,24,23,1
2017-09-08 14:00:00,38,38,0
2017-09-08 15:00:00,38,34,4
2017-09-08 16:00:00,71,58,13
2017-09-08 17:00:00,86,79,7
2017-09-08 18:00:00,32,31,1
2017-09-08 19:00:00,17,17,0
2017-09-08 20:00:00,6,5,1
2017-09-08 21:00:00,3,3,0
2017-09-08 22:00:00,2,2,0
2017-09-08 23:00:00,1,1,0
2017-09-09 00:00:00,2,1,1
2017-09-09 01:00:00,0,0,0
2017-09-09 02:00:00,0,0,0
2017-09-09 03:00:00,0,0,0
2017-09-09 04:00:00,2,2,0
2017-09-09 05:00:00,0,0,0
2017-09-09 06:00:00,4,3,1
2017-09-09 07:00:00,26,14,12
2017-09-09 08:00:00,78,47,31
2017-09-09 09:00:00,59,46,13
2017-09-09 10:00:00,77,70,7
2017-09-09 11:00:00,86,78,8
2017-09-09 12:00:00,48,37,11
2017-09-09 13:00:00,49,42,7
2017-09-09 14:00:00,29,26,3
2017-09-09 15:00:00,37,31,6
2017-09-09 16:00:00,31,23,8
2017-09-09 17:00:00,23,18,5
2017-09-09 18:00:00,11,8,3
2017-09-09 19:00:00,2,2,0
2017-09-09 20:00:00,4,3,1
2017-09-09 21:00:00,2,2,0
2017-09-09 22:00:00,1,1,0
2017-09-09 23:00:00,1,1,0
2017-09-10 00:00:00,0,0,0
2017-09-10 01:00:00,0,0,0
2017-09-10 02:00:00,0,0,0
2017-09-10 03:00:00,0,0,0
2017-09-10 04:00:00,0,0,0
2017-09-10 05:00:00,1,1,0
2017-09-10 06:00:00,4,1,3
2017-09-10 07:00:00,26,7,19
2017-09-10 08:00:00,42,35,7
2017-09-10 09:00:00,69,56,13
2017-09-10 10:00:00,114,87,27
2017-09-10 11:00:00,115,97,18
2017-09-10 12:00:00,141,109,32
2017-09-10 13:00:00,92,73,19
2017-09-10 14:00:00,99,91,8
2017-09-10 15:00:00,77,70,7
2017-09-10 16:00:00,68,54,14
2017-09-10 17:00:00,56,50,6
2017-09-10 18:00:00,35,27,8
2017-09-10 19:00:00,14,9,5
2017-09-10 20:00:00,6,6,0
2017-09-10 21:00:00,3,2,1
2017-09-10 22:00:00,2,2,0
2017-09-10 23:00:00,1,1,0
2017-09-11 00:00:00,1,1,0
2017-09-11 01:00:00,0,0,0
2017-09-11 02:00:00,0,0,0
2017-09-11 03:00:00,0,0,0
2017-09-11 04:00:00,5,5,0
2017-09-11 05:00:00,7,4,3
2017-09-11 06:00:00,29,21,8
2017-09-11 07:00:00,73,54,19
2017-09-11 08:00:00,66,62,4
2017-09-11 09:00:00,43,40,3
2017-09-11 10:00:00,22,18,4
2017-09-11 11:00:00,32,26,6
2017-09-11 12:00:00,31,24,7
2017-09-11 13:00:00,25,22,3
2017-09-11 14:00:00,29,23,6
2017-09-11 15:00:00,36,33,3
2017-09-11 16:00:00,76,72,4
2017-09-11 17:00:00,113,109,4
2017-09-11 18:00:00,83,80,3
2017-09-11 19:00:00,40,36,4
2017-09-11 20:00:00,12,11,1
2017-09-11 21:00:00,0,0,0
2017-09-11 22:00:00,1,1,0
2017-09-11 23:00:00,1,1,0
2017-09-12 00:00:00,0,0,0
2017-09-12 01:00:00,0,0,0
2017-09-12 02:00:00,0,0,0
2017-09-12 03:00:00,1,1,0
2017-09-12 04:00:00,6,6,0
2017-09-12 05:00:00,14,12,2
2017-09-12 06:00:00,34,21,13
2017-09-12 07:00:00,72,53,19
2017-09-12 08:00:00,59,58,1
2017-09-12 09:00:00,34,33,1
2017-09-12 10:00:00,27,24,3
2017-09-12 11:00:00,25,18,7
2017-09-12 12:00:00,35,26,9
2017-09-12 13:00:00,25,21,4
2017-09-12 14:00:00,30,26,4
2017-09-12 15:00:00,35,31,4
2017-09-12 16:00:00,67,54,13
2017-09-12 17:00:00,132,116,16
2017-09-12 18:00:00,106,95,11
2017-09-12 19:00:00,60,57,3
2017-09-12 20:00:00,8,6,2
2017-09-12 21:00:00,3,3,0
2017-09-12 22:00:00,1,1,0
2017-09-12 23:00:00,1,1,0
2017-09-13 00:00:00,0,0,0
2017-09-13 01:00:00,0,0,0
2017-09-13 02:00:00,0,0,0
2017-09-13 03:00:00,0,0,0
2017-09-13 04:00:00,6,5,1
2017-09-13 05:00:00,11,7,4
2017-09-13 06:00:00,34,20,14
2017-09-13 07:00:00,83,49,34
2017-09-13 08:00:00,77,51,26
2017-09-13 09:00:00,39,33,6
2017-09-13 10:00:00,20,18,2
2017-09-13 11:00:00,33,22,11
2017-09-13 12:00:00,31,27,4
2017-09-13 13:00:00,19,14,5
2017-09-13 14:00:00,22,16,6
2017-09-13 15:00:00,35,21,14
2017-09-13 16:00:00,83,49,34
2017-09-13 17:00:00,129,78,51
2017-09-13 18:00:00,96,72,24
2017-09-13 19:00:00,38,28,10
2017-09-13 20:00:00,14,11,3
2017-09-13 21:00:00,3,1,2
2017-09-13 22:00:00,0,0,0
2017-09-13 23:00:00,1,1,0
2017-09-14 00:00:00,0,0,0
2017-09-14 01:00:00,0,0,0
2017-09-14 02:00:00,2,1,1
2017-09-14 03:00:00,0,0,0
2017-09-14 04:00:00,6,4,2
2017-09-14 05:00:00,9,4,5
2017-09-14 06:00:00,35,20,15
2017-09-14 07:00:00,67,43,24
2017-09-14 08:00:00,64,59,5
2017-09-14 09:00:00,33,31,2
2017-09-14 10:00:00,25,17,8
2017-09-14 11:00:00,39,27,12
2017-09-14 12:00:00,33,25,8
2017-09-14 13:00:00,26,21,5
2017-09-14 14:00:00,37,27,10
2017-09-14 15:00:00,48,41,7
2017-09-14 16:00:00,74,61,13
2017-09-14 17:00:00,106,83,23
2017-09-14 18:00:00,72,55,17
2017-09-14 19:00:00,27,18,9
2017-09-14 20:00:00,12,7,5
2017-09-14 21:00:00,1,1,0
2017-09-14 22:00:00,2,1,1
2017-09-14 23:00:00,2,2,0
2017-09-15 00:00:00,1,0,1
2017-09-15 01:00:00,1,1,0
2017-09-15 02:00:00,0,0,0
2017-09-15 03:00:00,0,0,0
2017-09-15 04:00:00,1,1,0
2017-09-15 05:00:00,10,3,7
2017-09-15 06:00:00,24,17,7
2017-09-15 07:00:00,80,56,24
2017-09-15 08:00:00,84,72,12
2017-09-15 09:00:00,48,31,17
2017-09-15 10:00:00,30,21,9
2017-09-15 11:00:00,41,25,16
2017-09-15 12:00:00,30,27,3
2017-09-15 13:00:00,38,24,14
2017-09-15 14:00:00,47,39,8
2017-09-15 15:00:00,53,47,6
2017-09-15 16:00:00,110,91,19
2017-09-15 17:00:00,105,83,22
2017-09-15 18:00:00,54,46,8
2017-09-15 19:00:00,24,15,9
2017-09-15 20:00:00,9,8,1
2017-09-15 21:00:00,2,2,0
2017-09-15 22:00:00,3,2,1
2017-09-15 23:00:00,3,3,0
2017-09-16 00:00:00,0,0,0
2017-09-16 01:00:00,0,0,0
2017-09-16 02:00:00,0,0,0
2017-09-16 03:00:00,1,1,0
2017-09-16 04:00:00,2,2,0
2017-09-16 05:00:00,1,1,0
2017-09-16 06:00:00,6,3,3
2017-09-16 07:00:00,24,10,14
2017-09-16 08:00:00,78,51,27
2017-09-16 09:00:00,87,50,37
2017-09-16 10:00:00,127,89,38
2017-09-16 11:00:00,152,120,32
2017-09-16 12:00:00,122,96,26
2017-09-16 13:00:00,104,87,17
2017-09-16 14:00:00,78,66,12
2017-09-16 15:00:00,75,66,9
2017-09-16 16:00:00,57,51,6
2017-09-16 17:00:00,35,26,9
2017-09-16 18:00:00,31,30,1
2017-09-16 19:00:00,8,8,0
2017-09-16 20:00:00,0,0,0
2017-09-16 21:00:00,3,3,0
2017-09-16 22:00:00,1,1,0
2017-09-16 23:00:00,4,2,2
2017-09-17 00:00:00,1,0,1
2017-09-17 01:00:00,0,0,0
2017-09-17 02:00:00,0,0,0
2017-09-17 03:00:00,0,0,0
2017-09-17 04:00:00,0,0,0
2017-09-17 05:00:00,3,1,2
2017-09-17 06:00:00,8,5,3
2017-09-17 07:00:00,20,7,13
2017-09-17 08:00:00,52,25,27
2017-09-17 09:00:00,88,61,27
2017-09-17 10:00:00,80,59,21
2017-09-17 11:00:00,93,79,14
2017-09-17 12:00:00,61,48,13
2017-09-17 13:00:00,31,21,10
2017-09-17 14:00:00,14,11,3
2017-09-17 15:00:00,2,2,0
2017-09-17 16:00:00,11,10,1
2017-09-17 17:00:00,4,2,2
2017-09-17 18:00:00,8,4,4
2017-09-17 19:00:00,3,3,0
2017-09-17 20:00:00,1,1,0
2017-09-17 21:00:00,2,1,1
2017-09-17 22:00:00,1,1,0
2017-09-17 23:00:00,0,0,0
2017-09-18 00:00:00,0,0,0
2017-09-18 01:00:00,0,0,0
2017-09-18 02:00:00,0,0,0
2017-09-18 03:00:00,0,0,0
2017-09-18 04:00:00,2,2,0
2017-09-18 05:00:00,5,5,0
2017-09-18 06:00:00,18,11,7
2017-09-18 07:00:00,37,27,10
2017-09-18 08:00:00,46,34,12
2017-09-18 09:00:00,31,25,6
2017-09-18 10:00:00,10,8,2
2017-09-18 11:00:00,7,2,5
2017-09-18 12:00:00,6,5,1
2017-09-18 13:00:00,9,5,4
2017-09-18 14:00:00,8,6,2
2017-09-18 15:00:00,15,11,4
2017-09-18 16:00:00,35,26,9
2017-09-18 17:00:00,45,30,15
2017-09-18 18:00:00,47,26,21
2017-09-18 19:00:00,14,13,1
2017-09-18 20:00:00,2,2,0
2017-09-18 21:00:00,1,0,1
2017-09-18 22:00:00,1,1,0
2017-09-18 23:00:00,0,0,0
2017-09-19 00:00:00,0,0,0
2017-09-19 01:00:00,0,0,0
2017-09-19 02:00:00,4,3,1
2017-09-19 03:00:00,1,1,0
2017-09-19 04:00:00,1,1,0
2017-09-19 05:00:00,9,8,1
2017-09-19 06:00:00,13,9,4
2017-09-19 07:00:00,32,26,6
2017-09-19 08:00:00,39,34,5
2017-09-19 09:00:00,15,11,4
2017-09-19 10:00:00,17,15,2
2017-09-19 11:00:00,7,4,3
2017-09-19 12:00:00,12,9,3
2017-09-19 13:00:00,9,6,3
2017-09-19 14:00:00,5,4,1
2017-09-19 15:00:00,14,10,4
2017-09-19 16:00:00,31,24,7
2017-09-19 17:00:00,48,34,14
2017-09-19 18:00:00,28,24,4
2017-09-19 19:00:00,13,13,0
2017-09-19 20:00:00,5,4,1
2017-09-19 21:00:00,6,6,0
2017-09-19 22:00:00,0,0,0
2017-09-19 23:00:00,1,0,1
2017-09-20 00:00:00,0,0,0
2017-09-20 01:00:00,0,0,0
2017-09-20 02:00:00,0,0,0
2017-09-20 03:00:00,0,0,0
2017-09-20 04:00:00,4,4,0
2017-09-20 05:00:00,5,5,0
2017-09-20 06:00:00,20,16,4
2017-09-20 07:00:00,47,34,13
2017-09-20 08:00:00,36,27,9
2017-09-20 09:00:00,22,20,2
2017-09-20 10:00:00,12,11,1
2017-09-20 11:00:00,10,7,3
2017-09-20 12:00:00,17,13,4
2017-09-20 13:00:00,13,5,8
2017-09-20 14:00:00,14,11,3
2017-09-20 15:00:00,22,18,4
2017-09-20 16:00:00,42,30,12
2017-09-20 17:00:00,78,52,26
2017-09-20 18:00:00,52,32,20
2017-09-20 19:00:00,14,11,3
2017-09-20 20:00:00,16,14,2
2017-09-20 21:00:00,3,3,0
2017-09-20 22:00:00,0,0,0
2017-09-20 23:00:00,2,2,0
2017-09-21 00:00:00,1,1,0
2017-09-21 01:00:00,0,0,0
2017-09-21 02:00:00,0,0,0
2017-09-21 03:00:00,0,0,0
2017-09-21 04:00:00,4,4,0
2017-09-21 05:00:00,7,5,2
2017-09-21 06:00:00,21,16,5
2017-09-21 07:00:00,57,48,9
2017-09-21 08:00:00,52,51,1
2017-09-21 09:00:00,30,30,0
2017-09-21 10:00:00,15,5,10
2017-09-21 11:00:00,21,20,1
2017-09-21 12:00:00,11,10,1
2017-09-21 13:00:00,15,11,4
2017-09-21 14:00:00,12,10,2
2017-09-21 15:00:00,14,9,5
2017-09-21 16:00:00,53,36,17
2017-09-21 17:00:00,97,65,32
2017-09-21 18:00:00,59,45,14
2017-09-21 19:00:00,14,10,4
2017-09-21 20:00:00,12,8,4
2017-09-21 21:00:00,2,2,0
2017-09-21 22:00:00,2,1,1
2017-09-21 23:00:00,0,0,0
2017-09-22 00:00:00,0,0,0
2017-09-22 01:00:00,0,0,0
2017-09-22 02:00:00,0,0,0
2017-09-22 03:00:00,0,0,0
2017-09-22 04:00:00,4,4,0
2017-09-22 05:00:00,5,2,3
2017-09-22 06:00:00,25,19,6
2017-09-22 07:00:00,46,28,18
2017-09-22 08:00:00,68,57,11
2017-09-22 09:00:00,32,31,1
2017-09-22 10:00:00,21,11,10
2017-09-22 11:00:00,24,15,9
2017-09-22 12:00:00,25,17,8
2017-09-22 13:00:00,45,26,19
2017-09-22 14:00:00,50,35,15
2017-09-22 15:00:00,62,53,9
2017-09-22 16:00:00,79,62,17
2017-09-22 17:00:00,92,63,29
2017-09-22 18:00:00,58,42,16
2017-09-22 19:00:00,14,13,1
2017-09-22 20:00:00,7,5,2
2017-09-22 21:00:00,3,2,1
2017-09-22 22:00:00,2,2,0
2017-09-22 23:00:00,3,3,0
2017-09-23 00:00:00,1,1,0
2017-09-23 01:00:00,0,0,0
2017-09-23 02:00:00,0,0,0
2017-09-23 03:00:00,0,0,0
2017-09-23 04:00:00,0,0,0
2017-09-23 05:00:00,0,0,0
2017-09-23 06:00:00,0,0,0
2017-09-23 07:00:00,28,17,11
2017-09-23 08:00:00,98,70,28
2017-09-23 09:00:00,99,86,13
2017-09-23 10:00:00,84,67,17
2017-09-23 11:00:00,119,92,27
2017-09-23 12:00:00,110,92,18
2017-09-23 13:00:00,118,77,41
2017-09-23 14:00:00,81,62,19
2017-09-23 15:00:00,74,52,22
2017-09-23 16:00:00,60,43,17
2017-09-23 17:00:00,42,37,5
2017-09-23 18:00:00,15,9,6
2017-09-23 19:00:00,9,5,4
2017-09-23 20:00:00,4,4,0
2017-09-23 21:00:00,0,0,0
2017-09-23 22:00:00,3,2,1
2017-09-23 23:00:00,0,0,0
2017-09-24 00:00:00,3,3,0
2017-09-24 01:00:00,0,0,0
2017-09-24 02:00:00,0,0,0
2017-09-24 03:00:00,0,0,0
2017-09-24 04:00:00,0,0,0
2017-09-24 05:00:00,0,0,0
2017-09-24 06:00:00,3,1,2
2017-09-24 07:00:00,24,11,13
2017-09-24 08:00:00,48,26,22
2017-09-24 09:00:00,61,54,7
2017-09-24 10:00:00,59,43,16
2017-09-24 11:00:00,111,81,30
2017-09-24 12:00:00,94,66,28
2017-09-24 13:00:00,88,54,34
2017-09-24 14:00:00,93,63,30
2017-09-24 15:00:00,72,54,18
2017-09-24 16:00:00,63,48,15
2017-09-24 17:00:00,52,37,15
2017-09-24 18:00:00,19,15,4
2017-09-24 19:00:00,3,2,1
2017-09-24 20:00:00,4,0,4
2017-09-24 21:00:00,3,2,1
2017-09-24 22:00:00,7,3,4
2017-09-24 23:00:00,1,1,0
2017-09-25 00:00:00,0,0,0
2017-09-25 01:00:00,0,0,0
2017-09-25 02:00:00,0,0,0
2017-09-25 03:00:00,0,0,0
2017-09-25 04:00:00,6,5,1
2017-09-25 05:00:00,7,5,2
2017-09-25 06:00:00,23,18,5
2017-09-25 07:00:00,47,34,13
2017-09-25 08:00:00,41,31,10
2017-09-25 09:00:00,37,25,12
2017-09-25 10:00:00,17,16,1
2017-09-25 11:00:00,6,5,1
2017-09-25 12:00:00,3,3,0
2017-09-25 13:00:00,8,6,2
2017-09-25 14:00:00,21,18,3
2017-09-25 15:00:00,13,11,2
2017-09-25 16:00:00,49,43,6
2017-09-25 17:00:00,80,65,15
2017-09-25 18:00:00,61,47,14
2017-09-25 19:00:00,17,16,1
2017-09-25 20:00:00,13,11,2
2017-09-25 21:00:00,1,1,0
2017-09-25 22:00:00,1,0,1
2017-09-25 23:00:00,0,0,0
2017-09-26 00:00:00,0,0,0
2017-09-26 01:00:00,0,0,0
2017-09-26 02:00:00,2,2,0
2017-09-26 03:00:00,3,2,1
2017-09-26 04:00:00,5,5,0
2017-09-26 05:00:00,7,3,4
2017-09-26 06:00:00,37,24,13
2017-09-26 07:00:00,74,54,20
2017-09-26 08:00:00,75,71,4
2017-09-26 09:00:00,36,33,3
2017-09-26 10:00:00,30,21,9
2017-09-26 11:00:00,26,21,5
2017-09-26 12:00:00,26,19,7
2017-09-26 13:00:00,28,20,8
2017-09-26 14:00:00,19,14,5
2017-09-26 15:00:00,25,19,6
2017-09-26 16:00:00,83,64,19
2017-09-26 17:00:00,124,88,36
2017-09-26 18:00:00,121,84,37
2017-09-26 19:00:00,34,27,7
2017-09-26 20:00:00,15,11,4
2017-09-26 21:00:00,2,2,0
2017-09-26 22:00:00,0,0,0
2017-09-26 23:00:00,0,0,0
2017-09-27 00:00:00,0,0,0
2017-09-27 01:00:00,0,0,0
2017-09-27 02:00:00,0,0,0
2017-09-27 03:00:00,0,0,0
2017-09-27 04:00:00,6,5,1
2017-09-27 05:00:00,6,3,3
2017-09-27 06:00:00,25,17,8
2017-09-27 07:00:00,106,62,44
2017-09-27 08:00:00,98,92,6
2017-09-27 09:00:00,38,35,3
2017-09-27 10:00:00,26,23,3
2017-09-27 11:00:00,34,21,13
2017-09-27 12:00:00,27,18,9
2017-09-27 13:00:00,33,22,11
2017-09-27 14:00:00,41,28,13
2017-09-27 15:00:00,31,29,2
2017-09-27 16:00:00,78,73,5
2017-09-27 17:00:00,124,111,13
2017-09-27 18:00:00,104,94,10
2017-09-27 19:00:00,34,28,6
2017-09-27 20:00:00,11,7,4
2017-09-27 21:00:00,2,0,2
2017-09-27 22:00:00,1,0,1
2017-09-27 23:00:00,6,4,2
2017-09-28 00:00:00,1,0,1
2017-09-28 01:00:00,0,0,0
2017-09-28 02:00:00,3,2,1
2017-09-28 03:00:00,2,2,0
2017-09-28 04:00:00,12,9,3
2017-09-28 05:00:00,11,8,3
2017-09-28 06:00:00,35,22,13
2017-09-28 07:00:00,79,59,20
2017-09-28 08:00:00,69,64,5
2017-09-28 09:00:00,45,41,4
2017-09-28 10:00:00,32,24,8
2017-09-28 11:00:00,43,35,8
2017-09-28 12:00:00,39,33,6
2017-09-28 13:00:00,39,27,12
2017-09-28 14:00:00,48,42,6
2017-09-28 15:00:00,47,47,0
2017-09-28 16:00:00,109,105,4
2017-09-28 17:00:00,141,138,3
2017-09-28 18:00:00,129,125,4
2017-09-28 19:00:00,50,48,2
2017-09-28 20:00:00,10,8,2
2017-09-28 21:00:00,3,3,0
2017-09-28 22:00:00,7,5,2
2017-09-28 23:00:00,1,1,0
2017-09-29 00:00:00,0,0,0
2017-09-29 01:00:00,1,1,0
2017-09-29 02:00:00,1,1,0
2017-09-29 03:00:00,0,0,0
2017-09-29 04:00:00,2,2,0
2017-09-29 05:00:00,1,1,0
2017-09-29 06:00:00,19,17,2
2017-09-29 07:00:00,49,40,9
2017-09-29 08:00:00,35,27,8
2017-09-29 09:00:00,19,15,4
2017-09-29 10:00:00,9,6,3
2017-09-29 11:00:00,5,4,1
2017-09-29 12:00:00,11,8,3
2017-09-29 13:00:00,5,5,0
2017-09-29 14:00:00,5,4,1
2017-09-29 15:00:00,14,13,1
2017-09-29 16:00:00,43,31,12
2017-09-29 17:00:00,64,48,16
2017-09-29 18:00:00,29,22,7
2017-09-29 19:00:00,14,8,6
2017-09-29 20:00:00,4,4,0
2017-09-29 21:00:00,0,0,0
2017-09-29 22:00:00,3,3,0
2017-09-29 23:00:00,2,2,0
2017-09-30 00:00:00,1,1,0
2017-09-30 01:00:00,0,0,0
2017-09-30 02:00:00,0,0,0
2017-09-30 03:00:00,0,0,0
2017-09-30 04:00:00,0,0,0
2017-09-30 05:00:00,0,0,0
2017-09-30 06:00:00,0,0,0
2017-09-30 07:00:00,18,11,7
2017-09-30 08:00:00,54,36,18
2017-09-30 09:00:00,58,40,18
2017-09-30 10:00:00,70,48,22
2017-09-30 11:00:00,93,77,16
2017-09-30 12:00:00,76,46,30
2017-09-30 13:00:00,47,34,13
2017-09-30 14:00:00,36,34,2
2017-09-30 15:00:00,26,19,7
2017-09-30 16:00:00,11,9,2
2017-09-30 17:00:00,12,11,1
2017-09-30 18:00:00,4,4,0
2017-09-30 19:00:00,0,0,0
2017-09-30 20:00:00,2,2,0
2017-09-30 21:00:00,0,0,0
2017-09-30 22:00:00,1,0,1
2017-09-30 23:00:00,1,1,0
2017-10-01 00:00:00,0,0,0
2017-10-01 01:00:00,0,0,0
2017-10-01 02:00:00,0,0,0
2017-10-01 03:00:00,0,0,0
2017-10-01 04:00:00,0,0,0
2017-10-01 05:00:00,0,0,0
2017-10-01 06:00:00,2,0,2
2017-10-01 07:00:00,11,2,9
2017-10-01 08:00:00,26,18,8
2017-10-01 09:00:00,37,27,10
2017-10-01 10:00:00,53,32,21
2017-10-01 11:00:00,70,51,19
2017-10-01 12:00:00,60,45,15
2017-10-01 13:00:00,61,44,17
2017-10-01 14:00:00,54,31,23
2017-10-01 15:00:00,41,28,13
2017-10-01 16:00:00,44,23,21
2017-10-01 17:00:00,30,25,5
2017-10-01 18:00:00,8,6,2
2017-10-01 19:00:00,1,0,1
2017-10-01 20:00:00,1,0,1
2017-10-01 21:00:00,6,5,1
2017-10-01 22:00:00,0,0,0
2017-10-01 23:00:00,1,1,0
2017-10-02 00:00:00,1,1,0
2017-10-02 01:00:00,0,0,0
2017-10-02 02:00:00,1,0,1
2017-10-02 03:00:00,0,0,0
2017-10-02 04:00:00,5,4,1
2017-10-02 05:00:00,9,7,2
2017-10-02 06:00:00,29,19,10
2017-10-02 07:00:00,58,41,17
2017-10-02 08:00:00,54,36,18
2017-10-02 09:00:00,23,18,5
2017-10-02 10:00:00,19,13,6
2017-10-02 11:00:00,10,9,1
2017-10-02 12:00:00,17,11,6
2017-10-02 13:00:00,18,13,5
2017-10-02 14:00:00,16,7,9
2017-10-02 15:00:00,15,11,4
2017-10-02 16:00:00,58,30,28
2017-10-02 17:00:00,111,69,42
2017-10-02 18:00:00,90,53,37
2017-10-02 19:00:00,17,17,0
2017-10-02 20:00:00,9,6,3
2017-10-02 21:00:00,2,2,0
2017-10-02 22:00:00,1,0,1
2017-10-02 23:00:00,1,1,0
2017-10-03 00:00:00,0,0,0
2017-10-03 01:00:00,0,0,0
2017-10-03 02:00:00,0,0,0
2017-10-03 03:00:00,0,0,0
2017-10-03 04:00:00,3,3,0
2017-10-03 05:00:00,9,7,2
2017-10-03 06:00:00,31,24,7
2017-10-03 07:00:00,61,45,16
2017-10-03 08:00:00,76,68,8
2017-10-03 09:00:00,32,28,4
2017-10-03 10:00:00,19,15,4
2017-10-03 11:00:00,24,16,8
2017-10-03 12:00:00,21,11,10
2017-10-03 13:00:00,29,20,9
2017-10-03 14:00:00,26,14,12
2017-10-03 15:00:00,38,22,16
2017-10-03 16:00:00,75,42,33
2017-10-03 17:00:00,129,91,38
2017-10-03 18:00:00,92,52,40
2017-10-03 19:00:00,31,21,10
2017-10-03 20:00:00,10,8,2
2017-10-03 21:00:00,3,3,0
2017-10-03 22:00:00,0,0,0
2017-10-03 23:00:00,1,1,0
2017-10-04 00:00:00,0,0,0
2017-10-04 01:00:00,0,0,0
2017-10-04 02:00:00,0,0,0
2017-10-04 03:00:00,1,1,0
2017-10-04 04:00:00,3,3,0
2017-10-04 05:00:00,7,5,2
2017-10-04 06:00:00,33,18,15
2017-10-04 07:00:00,61,40,21
2017-10-04 08:00:00,62,56,6
2017-10-04 09:00:00,35,30,5
2017-10-04 10:00:00,30,24,6
2017-10-04 11:00:00,22,13,9
2017-10-04 12:00:00,33,21,12
2017-10-04 13:00:00,20,10,10
2017-10-04 14:00:00,27,9,18
2017-10-04 15:00:00,35,24,11
2017-10-04 16:00:00,83,49,34
2017-10-04 17:00:00,105,59,46
2017-10-04 18:00:00,87,64,23
2017-10-04 19:00:00,21,14,7
2017-10-04 20:00:00,9,6,3
2017-10-04 21:00:00,0,0,0
2017-10-04 22:00:00,2,2,0
2017-10-04 23:00:00,1,1,0
2017-10-05 00:00:00,0,0,0
2017-10-05 01:00:00,0,0,0
2017-10-05 02:00:00,1,0,1
2017-10-05 03:00:00,0,0,0
2017-10-05 04:00:00,3,3,0
2017-10-05 05:00:00,7,5,2
2017-10-05 06:00:00,32,24,8
2017-10-05 07:00:00,57,43,14
2017-10-05 08:00:00,62,44,18
2017-10-05 09:00:00,36,28,8
2017-10-05 10:00:00,21,14,7
2017-10-05 11:00:00,25,14,11
2017-10-05 12:00:00,24,13,11
2017-10-05 13:00:00,30,18,12
2017-10-05 14:00:00,40,25,15
2017-10-05 15:00:00,39,23,16
2017-10-05 16:00:00,83,56,27
2017-10-05 17:00:00,84,65,19
2017-10-05 18:00:00,74,55,19
2017-10-05 19:00:00,17,12,5
2017-10-05 20:00:00,9,7,2
2017-10-05 21:00:00,3,1,2
2017-10-05 22:00:00,3,2,1
2017-10-05 23:00:00,1,1,0
2017-10-06 00:00:00,0,0,0
2017-10-06 01:00:00,0,0,0
2017-10-06 02:00:00,0,0,0
2017-10-06 03:00:00,0,0,0
2017-10-06 04:00:00,3,3,0
2017-10-06 05:00:00,3,3,0
2017-10-06 06:00:00,20,16,4
2017-10-06 07:00:00,54,41,13
2017-10-06 08:00:00,51,35,16
2017-10-06 09:00:00,25,21,4
2017-10-06 10:00:00,29,18,11
2017-10-06 11:00:00,16,11,5
2017-10-06 12:00:00,17,9,8
2017-10-06 13:00:00,26,21,5
2017-10-06 14:00:00,23,11,12
2017-10-06 15:00:00,43,33,10
2017-10-06 16:00:00,66,48,18
2017-10-06 17:00:00,81,69,12
2017-10-06 18:00:00,48,39,9
2017-10-06 19:00:00,17,14,3
2017-10-06 20:00:00,2,2,0
2017-10-06 21:00:00,4,3,1
2017-10-06 22:00:00,1,1,0
2017-10-06 23:00:00,1,1,0
2017-10-07 00:00:00,0,0,0
2017-10-07 01:00:00,2,1,1
2017-10-07 02:00:00,0,0,0
2017-10-07 03:00:00,0,0,0
2017-10-07 04:00:00,2,1,1
2017-10-07 05:00:00,1,1,0
2017-10-07 06:00:00,1,1,0
2017-10-07 07:00:00,6,1,5
2017-10-07 08:00:00,37,20,17
2017-10-07 09:00:00,57,28,29
2017-10-07 10:00:00,65,50,15
2017-10-07 11:00:00,76,51,25
2017-10-07 12:00:00,73,50,23
2017-10-07 13:00:00,60,47,13
2017-10-07 14:00:00,48,33,15
2017-10-07 15:00:00,23,17,6
2017-10-07 16:00:00,17,10,7
2017-10-07 17:00:00,6,5,1
2017-10-07 18:00:00,2,2,0
2017-10-07 19:00:00,1,1,0
2017-10-07 20:00:00,0,0,0
2017-10-07 21:00:00,2,2,0
2017-10-07 22:00:00,1,1,0
2017-10-07 23:00:00,2,2,0
2017-10-08 00:00:00,0,0,0
2017-10-08 01:00:00,0,0,0
2017-10-08 02:00:00,0,0,0
2017-10-08 03:00:00,0,0,0
2017-10-08 04:00:00,0,0,0
2017-10-08 05:00:00,0,0,0
2017-10-08 06:00:00,3,2,1
2017-10-08 07:00:00,8,1,7
2017-10-08 08:00:00,41,15,26
2017-10-08 09:00:00,45,27,18
2017-10-08 10:00:00,74,35,39
2017-10-08 11:00:00,87,49,38
2017-10-08 12:00:00,54,38,16
2017-10-08 13:00:00,80,64,16
2017-10-08 14:00:00,59,39,20
2017-10-08 15:00:00,51,39,12
2017-10-08 16:00:00,66,42,24
2017-10-08 17:00:00,41,25,16
2017-10-08 18:00:00,15,12,3
2017-10-08 19:00:00,13,9,4
2017-10-08 20:00:00,0,0,0
2017-10-08 21:00:00,1,0,1
2017-10-08 22:00:00,2,1,1
2017-10-08 23:00:00,0,0,0
2017-10-09 00:00:00,0,0,0
2017-10-09 01:00:00,0,0,0
2017-10-09 02:00:00,0,0,0
2017-10-09 03:00:00,0,0,0
2017-10-09 04:00:00,3,2,1
2017-10-09 05:00:00,10,7,3
2017-10-09 06:00:00,32,23,9
2017-10-09 07:00:00,55,41,14
2017-10-09 08:00:00,49,33,16
2017-10-09 09:00:00,32,26,6
2017-10-09 10:00:00,24,17,7
2017-10-09 11:00:00,16,10,6
2017-10-09 12:00:00,18,10,8
2017-10-09 13:00:00,21,8,13
2017-10-09 14:00:00,43,27,16
2017-10-09 15:00:00,45,28,17
2017-10-09 16:00:00,87,52,35
2017-10-09 17:00:00,103,62,41
2017-10-09 18:00:00,61,40,21
2017-10-09 19:00:00,16,14,2
2017-10-09 20:00:00,10,9,1
2017-10-09 21:00:00,0,0,0
2017-10-09 22:00:00,2,1,1
2017-10-09 23:00:00,2,2,0
2017-10-10 00:00:00,0,0,0
2017-10-10 01:00:00,0,0,0
2017-10-10 02:00:00,0,0,0
2017-10-10 03:00:00,0,0,0
2017-10-10 04:00:00,4,2,2
2017-10-10 05:00:00,9,7,2
2017-10-10 06:00:00,29,22,7
2017-10-10 07:00:00,57,42,15
2017-10-10 08:00:00,47,35,12
2017-10-10 09:00:00,30,22,8
2017-10-10 10:00:00,18,14,4
2017-10-10 11:00:00,16,13,3
2017-10-10 12:00:00,9,5,4
2017-10-10 13:00:00,6,6,0
2017-10-10 14:00:00,5,2,3
2017-10-10 15:00:00,16,9,7
2017-10-10 16:00:00,49,28,21
2017-10-10 17:00:00,68,48,20
2017-10-10 18:00:00,62,39,23
2017-10-10 19:00:00,21,16,5
2017-10-10 20:00:00,6,4,2
2017-10-10 21:00:00,3,2,1
2017-10-10 22:00:00,1,0,1
2017-10-10 23:00:00,1,1,0
2017-10-11 00:00:00,0,0,0
2017-10-11 01:00:00,0,0,0
2017-10-11 02:00:00,1,1,0
2017-10-11 03:00:00,0,0,0
2017-10-11 04:00:00,3,3,0
2017-10-11 05:00:00,5,4,1
2017-10-11 06:00:00,19,14,5
2017-10-11 07:00:00,49,30,19
2017-10-11 08:00:00,48,35,13
2017-10-11 09:00:00,23,16,7
2017-10-11 10:00:00,18,10,8
2017-10-11 11:00:00,14,4,10
2017-10-11 12:00:00,15,10,5
2017-10-11 13:00:00,25,16,9
2017-10-11 14:00:00,22,14,8
2017-10-11 15:00:00,27,18,9
2017-10-11 16:00:00,32,20,12
2017-10-11 17:00:00,65,45,20
2017-10-11 18:00:00,36,22,14
2017-10-11 19:00:00,19,15,4
2017-10-11 20:00:00,8,7,1
2017-10-11 21:00:00,1,1,0
2017-10-11 22:00:00,0,0,0
2017-10-11 23:00:00,2,2,0
2017-10-12 00:00:00,1,0,1
2017-10-12 01:00:00,0,0,0
2017-10-12 02:00:00,0,0,0
2017-10-12 03:00:00,0,0,0
2017-10-12 04:00:00,3,3,0
2017-10-12 05:00:00,5,4,1
2017-10-12 06:00:00,16,12,4
2017-10-12 07:00:00,39,27,12
2017-10-12 08:00:00,34,26,8
2017-10-12 09:00:00,20,15,5
2017-10-12 10:00:00,15,13,2
2017-10-12 11:00:00,8,7,1
2017-10-12 12:00:00,7,4,3
2017-10-12 13:00:00,5,5,0
2017-10-12 14:00:00,4,3,1
2017-10-12 15:00:00,17,11,6
2017-10-12 16:00:00,34,25,9
2017-10-12 17:00:00,42,28,14
2017-10-12 18:00:00,23,13,10
2017-10-12 19:00:00,10,7,3
2017-10-12 20:00:00,6,5,1
2017-10-12 21:00:00,1,1,0
2017-10-12 22:00:00,1,1,0
2017-10-12 23:00:00,2,2,0
2017-10-13 00:00:00,0,0,0
2017-10-13 01:00:00,0,0,0
2017-10-13 02:00:00,0,0,0
2017-10-13 03:00:00,0,0,0
2017-10-13 04:00:00,2,2,0
2017-10-13 05:00:00,3,2,1
2017-10-13 06:00:00,12,9,3
2017-10-13 07:00:00,43,27,16
2017-10-13 08:00:00,46,28,18
2017-10-13 09:00:00,14,13,1
2017-10-13 10:00:00,7,4,3
2017-10-13 11:00:00,9,6,3
2017-10-13 12:00:00,8,2,6
2017-10-13 13:00:00,22,12,10
2017-10-13 14:00:00,18,12,6
2017-10-13 15:00:00,23,13,10
2017-10-13 16:00:00,58,34,24
2017-10-13 17:00:00,66,38,28
2017-10-13 18:00:00,50,28,22
2017-10-13 19:00:00,14,11,3
2017-10-13 20:00:00,12,11,1
2017-10-13 21:00:00,1,1,0
2017-10-13 22:00:00,3,2,1
2017-10-13 23:00:00,2,2,0
2017-10-14 00:00:00,0,0,0
2017-10-14 01:00:00,0,0,0
2017-10-14 02:00:00,0,0,0
2017-10-14 03:00:00,0,0,0
2017-10-14 04:00:00,0,0,0
2017-10-14 05:00:00,0,0,0
2017-10-14 06:00:00,1,0,1
2017-10-14 07:00:00,7,1,6
2017-10-14 08:00:00,62,31,31
2017-10-14 09:00:00,77,34,43
2017-10-14 10:00:00,85,39,46
2017-10-14 11:00:00,79,61,18
2017-10-14 12:00:00,56,34,22
2017-10-14 13:00:00,89,72,17
2017-10-14 14:00:00,48,38,10
2017-10-14 15:00:00,32,26,6
2017-10-14 16:00:00,29,22,7
2017-10-14 17:00:00,17,14,3
2017-10-14 18:00:00,14,13,1
2017-10-14 19:00:00,2,2,0
2017-10-14 20:00:00,2,2,0
2017-10-14 21:00:00,2,2,0
2017-10-14 22:00:00,1,1,0
2017-10-14 23:00:00,0,0,0
2017-10-15 00:00:00,0,0,0
2017-10-15 01:00:00,0,0,0
2017-10-15 02:00:00,0,0,0
2017-10-15 03:00:00,0,0,0
2017-10-15 04:00:00,0,0,0
2017-10-15 05:00:00,0,0,0
2017-10-15 06:00:00,1,1,0
2017-10-15 07:00:00,8,3,5
2017-10-15 08:00:00,26,23,3
2017-10-15 09:00:00,58,39,19
2017-10-15 10:00:00,68,35,33
2017-10-15 11:00:00,82,50,32
2017-10-15 12:00:00,115,77,38
2017-10-15 13:00:00,107,50,57
2017-10-15 14:00:00,141,82,59
2017-10-15 15:00:00,100,65,35
2017-10-15 16:00:00,100,72,28
2017-10-15 17:00:00,47,36,11
2017-10-15 18:00:00,13,12,1
2017-10-15 19:00:00,6,4,2
2017-10-15 20:00:00,1,1,0
2017-10-15 21:00:00,2,2,0
2017-10-15 22:00:00,0,0,0
2017-10-15 23:00:00,1,1,0
2017-10-16 00:00:00,0,0,0
2017-10-16 01:00:00,1,1,0
2017-10-16 02:00:00,0,0,0
2017-10-16 03:00:00,0,0,0
2017-10-16 04:00:00,6,6,0
2017-10-16 05:00:00,8,5,3
2017-10-16 06:00:00,30,23,7
2017-10-16 07:00:00,59,44,15
2017-10-16 08:00:00,60,47,13
2017-10-16 09:00:00,28,20,8
2017-10-16 10:00:00,18,11,7
2017-10-16 11:00:00,15,8,7
2017-10-16 12:00:00,21,8,13
2017-10-16 13:00:00,25,16,9
2017-10-16 14:00:00,39,21,18
2017-10-16 15:00:00,49,36,13
2017-10-16 16:00:00,63,42,21
2017-10-16 17:00:00,106,76,30
2017-10-16 18:00:00,72,63,9
2017-10-16 19:00:00,22,18,4
2017-10-16 20:00:00,6,6,0
2017-10-16 21:00:00,4,4,0
2017-10-16 22:00:00,2,1,1
2017-10-16 23:00:00,1,0,1
2017-10-17 00:00:00,0,0,0
2017-10-17 01:00:00,0,0,0
2017-10-17 02:00:00,1,1,0
2017-10-17 03:00:00,0,0,0
2017-10-17 04:00:00,5,4,1
2017-10-17 05:00:00,6,4,2
2017-10-17 06:00:00,27,17,10
2017-10-17 07:00:00,44,38,6
2017-10-17 08:00:00,35,28,7
2017-10-17 09:00:00,10,7,3
2017-10-17 10:00:00,6,4,2
2017-10-17 11:00:00,3,1,2
2017-10-17 12:00:00,3,2,1
2017-10-17 13:00:00,6,6,0
2017-10-17 14:00:00,4,4,0
2017-10-17 15:00:00,17,15,2
2017-10-17 16:00:00,31,21,10
2017-10-17 17:00:00,61,45,16
2017-10-17 18:00:00,34,27,7
2017-10-17 19:00:00,19,14,5
2017-10-17 20:00:00,10,8,2
2017-10-17 21:00:00,3,1,2
2017-10-17 22:00:00,4,2,2
2017-10-17 23:00:00,1,1,0
2017-10-18 00:00:00,0,0,0
2017-10-18 01:00:00,1,0,1
2017-10-18 02:00:00,0,0,0
2017-10-18 03:00:00,0,0,0
2017-10-18 04:00:00,4,4,0
2017-10-18 05:00:00,3,2,1
2017-10-18 06:00:00,11,6,5
2017-10-18 07:00:00,33,25,8
2017-10-18 08:00:00,25,17,8
2017-10-18 09:00:00,24,22,2
2017-10-18 10:00:00,4,4,0
2017-10-18 11:00:00,7,6,1
2017-10-18 12:00:00,2,2,0
2017-10-18 13:00:00,1,1,0
2017-10-18 14:00:00,2,2,0
2017-10-18 15:00:00,5,5,0
2017-10-18 16:00:00,22,17,5
2017-10-18 17:00:00,30,27,3
2017-10-18 18:00:00,26,26,0
2017-10-18 19:00:00,10,10,0
2017-10-18 20:00:00,1,1,0
2017-10-18 21:00:00,0,0,0
2017-10-18 22:00:00,1,1,0
2017-10-18 23:00:00,0,0,0
2017-10-19 00:00:00,0,0,0
2017-10-19 01:00:00,0,0,0
2017-10-19 02:00:00,0,0,0
2017-10-19 03:00:00,0,0,0
2017-10-19 04:00:00,2,2,0
2017-10-19 05:00:00,2,2,0
2017-10-19 06:00:00,10,9,1
2017-10-19 07:00:00,19,19,0
2017-10-19 08:00:00,28,25,3
2017-10-19 09:00:00,12,12,0
2017-10-19 10:00:00,5,5,0
2017-10-19 11:00:00,6,6,0
2017-10-19 12:00:00,5,5,0
2017-10-19 13:00:00,3,3,0
2017-10-19 14:00:00,5,4,1
2017-10-19 15:00:00,6,4,2
2017-10-19 16:00:00,16,16,0
2017-10-19 17:00:00,23,21,2
2017-10-19 18:00:00,24,21,3
2017-10-19 19:00:00,13,13,0
2017-10-19 20:00:00,3,3,0
2017-10-19 21:00:00,3,2,1
2017-10-19 22:00:00,1,0,1
2017-10-19 23:00:00,2,2,0
2017-10-20 00:00:00,1,1,0
2017-10-20 01:00:00,0,0,0
2017-10-20 02:00:00,0,0,0
2017-10-20 03:00:00,0,0,0
2017-10-20 04:00:00,3,3,0
2017-10-20 05:00:00,5,1,4
2017-10-20 06:00:00,11,7,4
2017-10-20 07:00:00,37,33,4
2017-10-20 08:00:00,45,39,6
2017-10-20 09:00:00,15,12,3
2017-10-20 10:00:00,6,6,0
2017-10-20 11:00:00,4,3,1
2017-10-20 12:00:00,4,3,1
2017-10-20 13:00:00,7,6,1
2017-10-20 14:00:00,7,4,3
2017-10-20 15:00:00,10,8,2
2017-10-20 16:00:00,31,20,11
2017-10-20 17:00:00,52,28,24
2017-10-20 18:00:00,30,24,6
2017-10-20 19:00:00,8,6,2
2017-10-20 20:00:00,6,5,1
2017-10-20 21:00:00,0,0,0
2017-10-20 22:00:00,1,1,0
2017-10-20 23:00:00,3,3,0
2017-10-21 00:00:00,1,0,1
2017-10-21 01:00:00,0,0,0
2017-10-21 02:00:00,0,0,0
2017-10-21 03:00:00,0,0,0
2017-10-21 04:00:00,1,1,0
2017-10-21 05:00:00,0,0,0
2017-10-21 06:00:00,0,0,0
2017-10-21 07:00:00,0,0,0
2017-10-21 08:00:00,4,4,0
2017-10-21 09:00:00,9,5,4
2017-10-21 10:00:00,15,14,1
2017-10-21 11:00:00,17,17,0
2017-10-21 12:00:00,18,17,1
2017-10-21 13:00:00,14,14,0
2017-10-21 14:00:00,10,10,0
2017-10-21 15:00:00,7,7,0
2017-10-21 16:00:00,2,2,0
2017-10-21 17:00:00,3,3,0
2017-10-21 18:00:00,3,3,0
2017-10-21 19:00:00,0,0,0
2017-10-21 20:00:00,1,1,0
2017-10-21 21:00:00,0,0,0
2017-10-21 22:00:00,0,0,0
2017-10-21 23:00:00,1,1,0
2017-10-22 00:00:00,1,1,0
2017-10-22 01:00:00,0,0,0
2017-10-22 02:00:00,0,0,0
2017-10-22 03:00:00,0,0,0
2017-10-22 04:00:00,0,0,0
2017-10-22 05:00:00,0,0,0
2017-10-22 06:00:00,1,1,0
2017-10-22 07:00:00,9,4,5
2017-10-22 08:00:00,30,14,16
2017-10-22 09:00:00,35,19,16
2017-10-22 10:00:00,46,24,22
2017-10-22 11:00:00,73,42,31
2017-10-22 12:00:00,76,53,23
2017-10-22 13:00:00,76,56,20
2017-10-22 14:00:00,44,38,6
2017-10-22 15:00:00,52,43,9
2017-10-22 16:00:00,29,14,15
2017-10-22 17:00:00,23,19,4
2017-10-22 18:00:00,11,10,1
2017-10-22 19:00:00,2,0,2
2017-10-22 20:00:00,0,0,0
2017-10-22 21:00:00,2,2,0
2017-10-22 22:00:00,0,0,0
2017-10-22 23:00:00,2,2,0
2017-10-23 00:00:00,2,2,0
2017-10-23 01:00:00,1,0,1
2017-10-23 02:00:00,0,0,0
2017-10-23 03:00:00,0,0,0
2017-10-23 04:00:00,2,2,0
2017-10-23 05:00:00,10,6,4
2017-10-23 06:00:00,24,18,6
2017-10-23 07:00:00,66,49,17
2017-10-23 08:00:00,54,37,17
2017-10-23 09:00:00,21,19,2
2017-10-23 10:00:00,21,15,6
2017-10-23 11:00:00,22,18,4
2017-10-23 12:00:00,17,8,9
2017-10-23 13:00:00,38,31,7
2017-10-23 14:00:00,40,35,5
2017-10-23 15:00:00,48,30,18
2017-10-23 16:00:00,81,61,20
2017-10-23 17:00:00,113,79,34
2017-10-23 18:00:00,78,62,16
2017-10-23 19:00:00,18,16,2
2017-10-23 20:00:00,7,4,3
2017-10-23 21:00:00,4,3,1
2017-10-23 22:00:00,2,2,0
2017-10-23 23:00:00,0,0,0
2017-10-24 00:00:00,0,0,0
2017-10-24 01:00:00,0,0,0
2017-10-24 02:00:00,0,0,0
2017-10-24 03:00:00,0,0,0
2017-10-24 04:00:00,8,8,0
2017-10-24 05:00:00,9,7,2
2017-10-24 06:00:00,35,20,15
2017-10-24 07:00:00,58,33,25
2017-10-24 08:00:00,72,49,23
2017-10-24 09:00:00,26,19,7
2017-10-24 10:00:00,24,17,7
2017-10-24 11:00:00,36,19,17
2017-10-24 12:00:00,17,12,5
2017-10-24 13:00:00,24,14,10
2017-10-24 14:00:00,28,21,7
2017-10-24 15:00:00,42,22,20
2017-10-24 16:00:00,85,64,21
2017-10-24 17:00:00,108,77,31
2017-10-24 18:00:00,75,64,11
2017-10-24 19:00:00,21,16,5
2017-10-24 20:00:00,5,4,1
2017-10-24 21:00:00,4,4,0
2017-10-24 22:00:00,2,1,1
2017-10-24 23:00:00,2,1,1
2017-10-25 00:00:00,0,0,0
2017-10-25 01:00:00,0,0,0
2017-10-25 02:00:00,0,0,0
2017-10-25 03:00:00,0,0,0
2017-10-25 04:00:00,5,5,0
2017-10-25 05:00:00,6,5,1
2017-10-25 06:00:00,19,12,7
2017-10-25 07:00:00,40,28,12
2017-10-25 08:00:00,45,36,9
2017-10-25 09:00:00,25,18,7
2017-10-25 10:00:00,10,6,4
2017-10-25 11:00:00,8,6,2
2017-10-25 12:00:00,8,6,2
2017-10-25 13:00:00,19,13,6
2017-10-25 14:00:00,8,7,1
2017-10-25 15:00:00,13,10,3
2017-10-25 16:00:00,40,25,15
2017-10-25 17:00:00,45,35,10
2017-10-25 18:00:00,35,25,10
2017-10-25 19:00:00,14,12,2
2017-10-25 20:00:00,10,9,1
2017-10-25 21:00:00,2,2,0
2017-10-25 22:00:00,0,0,0
2017-10-25 23:00:00,1,1,0
2017-10-26 00:00:00,0,0,0
2017-10-26 01:00:00,0,0,0
2017-10-26 02:00:00,0,0,0
2017-10-26 03:00:00,0,0,0
2017-10-26 04:00:00,2,2,0
2017-10-26 05:00:00,5,5,0
2017-10-26 06:00:00,26,20,6
2017-10-26 07:00:00,46,35,11
2017-10-26 08:00:00,49,35,14
2017-10-26 09:00:00,25,21,4
2017-10-26 10:00:00,24,17,7
2017-10-26 11:00:00,5,3,2
2017-10-26 12:00:00,14,7,7
2017-10-26 13:00:00,16,11,5
2017-10-26 14:00:00,21,8,13
2017-10-26 15:00:00,38,22,16
2017-10-26 16:00:00,54,35,19
2017-10-26 17:00:00,91,59,32
2017-10-26 18:00:00,52,41,11
2017-10-26 19:00:00,12,11,1
2017-10-26 20:00:00,12,8,4
2017-10-26 21:00:00,2,1,1
2017-10-26 22:00:00,2,2,0
2017-10-26 23:00:00,1,1,0
2017-10-27 00:00:00,1,1,0
2017-10-27 01:00:00,0,0,0
2017-10-27 02:00:00,0,0,0
2017-10-27 03:00:00,0,0,0
2017-10-27 04:00:00,4,4,0
2017-10-27 05:00:00,4,3,1
2017-10-27 06:00:00,19,13,6
2017-10-27 07:00:00,50,32,18
2017-10-27 08:00:00,50,41,9
2017-10-27 09:00:00,33,26,7
2017-10-27 10:00:00,20,13,7
2017-10-27 11:00:00,26,7,19
2017-10-27 12:00:00,24,16,8
2017-10-27 13:00:00,42,22,20
2017-10-27 14:00:00,47,28,19
2017-10-27 15:00:00,65,43,22
2017-10-27 16:00:00,94,57,37
2017-10-27 17:00:00,89,55,34
2017-10-27 18:00:00,40,28,12
2017-10-27 19:00:00,9,9,0
2017-10-27 20:00:00,6,4,2
2017-10-27 21:00:00,3,3,0
2017-10-27 22:00:00,1,1,0
2017-10-27 23:00:00,1,1,0
2017-10-28 00:00:00,0,0,0
2017-10-28 01:00:00,0,0,0
2017-10-28 02:00:00,0,0,0
2017-10-28 03:00:00,0,0,0
2017-10-28 04:00:00,0,0,0
2017-10-28 05:00:00,1,0,1
2017-10-28 06:00:00,1,0,1
2017-10-28 07:00:00,16,8,8
2017-10-28 08:00:00,42,27,15
2017-10-28 09:00:00,77,51,26
2017-10-28 10:00:00,85,44,41
2017-10-28 11:00:00,91,51,40
2017-10-28 12:00:00,90,62,28
2017-10-28 13:00:00,129,90,39
2017-10-28 14:00:00,113,59,54
2017-10-28 15:00:00,93,63,30
2017-10-28 16:00:00,69,51,18
2017-10-28 17:00:00,46,34,12
2017-10-28 18:00:00,10,9,1
2017-10-28 19:00:00,0,0,0
2017-10-28 20:00:00,0,0,0
2017-10-28 21:00:00,0,0,0
2017-10-28 22:00:00,1,1,0
2017-10-28 23:00:00,1,1,0
2017-10-29 00:00:00,0,0,0
2017-10-29 01:00:00,0,0,0
2017-10-29 02:00:00,1,1,0
2017-10-29 03:00:00,0,0,0
2017-10-29 04:00:00,1,0,1
2017-10-29 05:00:00,0,0,0
2017-10-29 06:00:00,1,1,0
2017-10-29 07:00:00,17,5,12
2017-10-29 08:00:00,25,9,16
2017-10-29 09:00:00,72,48,24
2017-10-29 10:00:00,62,40,22
2017-10-29 11:00:00,77,48,29
2017-10-29 12:00:00,48,39,9
2017-10-29 13:00:00,36,27,9
2017-10-29 14:00:00,59,34,25
2017-10-29 15:00:00,58,47,11
2017-10-29 16:00:00,44,32,12
2017-10-29 17:00:00,33,22,11
2017-10-29 18:00:00,9,8,1
2017-10-29 19:00:00,4,2,2
2017-10-29 20:00:00,2,2,0
2017-10-29 21:00:00,0,0,0
2017-10-29 22:00:00,1,1,0
2017-10-29 23:00:00,0,0,0
2017-10-30 00:00:00,0,0,0
2017-10-30 01:00:00,0,0,0
2017-10-30 02:00:00,0,0,0
2017-10-30 03:00:00,2,1,1
2017-10-30 04:00:00,4,4,0
2017-10-30 05:00:00,5,2,3
2017-10-30 06:00:00,30,18,12
2017-10-30 07:00:00,62,42,20
2017-10-30 08:00:00,60,44,16
2017-10-30 09:00:00,29,28,1
2017-10-30 10:00:00,18,9,9
2017-10-30 11:00:00,14,5,9
2017-10-30 12:00:00,26,16,10
2017-10-30 13:00:00,23,15,8
2017-10-30 14:00:00,30,18,12
2017-10-30 15:00:00,50,32,18
2017-10-30 16:00:00,67,39,28
2017-10-30 17:00:00,94,64,30
2017-10-30 18:00:00,52,31,21
2017-10-30 19:00:00,16,10,6
2017-10-30 20:00:00,6,4,2
2017-10-30 21:00:00,1,0,1
2017-10-30 22:00:00,1,0,1
2017-10-30 23:00:00,0,0,0
2017-10-31 00:00:00,0,0,0
2017-10-31 01:00:00,0,0,0
2017-10-31 02:00:00,0,0,0
2017-10-31 03:00:00,0,0,0
2017-10-31 04:00:00,3,3,0
2017-10-31 05:00:00,7,5,2
2017-10-31 06:00:00,32,21,11
2017-10-31 07:00:00,53,39,14
2017-10-31 08:00:00,53,38,15
2017-10-31 09:00:00,31,24,7
2017-10-31 10:00:00,20,16,4
2017-10-31 11:00:00,16,9,7
2017-10-31 12:00:00,21,10,11
2017-10-31 13:00:00,28,16,12
2017-10-31 14:00:00,33,19,14
2017-10-31 15:00:00,54,27,27
2017-10-31 16:00:00,89,57,32
2017-10-31 17:00:00,86,60,26
2017-10-31 18:00:00,43,34,9
2017-10-31 19:00:00,12,4,8
2017-10-31 20:00:00,7,5,2
2017-10-31 21:00:00,2,1,1
2017-10-31 22:00:00,2,2,0
2017-10-31 23:00:00,1,1,0
2017-11-01 00:00:00,0,0,0
2017-11-01 01:00:00,2,2,0
2017-11-01 02:00:00,0,0,0
2017-11-01 03:00:00,0,0,0
2017-11-01 04:00:00,3,3,0
2017-11-01 05:00:00,4,3,1
2017-11-01 06:00:00,27,21,6
2017-11-01 07:00:00,34,25,9
2017-11-01 08:00:00,40,29,11
2017-11-01 09:00:00,19,15,4
2017-11-01 10:00:00,7,6,1
2017-11-01 11:00:00,10,8,2
2017-11-01 12:00:00,14,10,4
2017-11-01 13:00:00,15,12,3
2017-11-01 14:00:00,10,7,3
2017-11-01 15:00:00,25,14,11
2017-11-01 16:00:00,53,39,14
2017-11-01 17:00:00,59,45,14
2017-11-01 18:00:00,34,24,10
2017-11-01 19:00:00,21,19,2
2017-11-01 20:00:00,5,1,4
2017-11-01 21:00:00,2,2,0
2017-11-01 22:00:00,1,1,0
2017-11-01 23:00:00,0,0,0
2017-11-02 00:00:00,0,0,0
2017-11-02 01:00:00,0,0,0
2017-11-02 02:00:00,0,0,0
2017-11-02 03:00:00,0,0,0
2017-11-02 04:00:00,3,3,0
2017-11-02 05:00:00,5,2,3
2017-11-02 06:00:00,18,15,3
2017-11-02 07:00:00,37,30,7
2017-11-02 08:00:00,30,24,6
2017-11-02 09:00:00,25,19,6
2017-11-02 10:00:00,6,4,2
2017-11-02 11:00:00,3,3,0
2017-11-02 12:00:00,1,1,0
2017-11-02 13:00:00,1,1,0
2017-11-02 14:00:00,3,1,2
2017-11-02 15:00:00,7,5,2
2017-11-02 16:00:00,30,20,10
2017-11-02 17:00:00,44,24,20
2017-11-02 18:00:00,33,28,5
2017-11-02 19:00:00,17,13,4
2017-11-02 20:00:00,6,6,0
2017-11-02 21:00:00,1,1,0
2017-11-02 22:00:00,1,0,1
2017-11-02 23:00:00,6,6,0
2017-11-03 00:00:00,0,0,0
2017-11-03 01:00:00,0,0,0
2017-11-03 02:00:00,0,0,0
2017-11-03 03:00:00,0,0,0
2017-11-03 04:00:00,1,1,0
2017-11-03 05:00:00,0,0,0
2017-11-03 06:00:00,0,0,0
2017-11-03 07:00:00,0,0,0
2017-11-03 08:00:00,0,0,0
2017-11-03 09:00:00,0,0,0
2017-11-03 10:00:00,0,0,0
2017-11-03 11:00:00,0,0,0
2017-11-03 12:00:00,0,0,0
2017-11-03 13:00:00,0,0,0
2017-11-03 14:00:00,0,0,0
2017-11-03 15:00:00,0,0,0
2017-11-03 16:00:00,0,0,0
2017-11-03 17:00:00,0,0,0
2017-11-03 18:00:00,0,0,0
2017-11-03 19:00:00,0,0,0
2017-11-03 20:00:00,0,0,0
2017-11-03 21:00:00,0,0,0
2017-11-03 22:00:00,0,0,0
2017-11-03 23:00:00,0,0,0
2017-11-04 00:00:00,0,0,0
2017-11-04 01:00:00,0,0,0
2017-11-04 02:00:00,0,0,0
2017-11-04 03:00:00,0,0,0
2017-11-04 04:00:00,0,0,0
2017-11-04 05:00:00,0,0,0
2017-11-04 06:00:00,0,0,0
2017-11-04 07:00:00,0,0,0
2017-11-04 08:00:00,0,0,0
2017-11-04 09:00:00,0,0,0
2017-11-04 10:00:00,0,0,0
2017-11-04 11:00:00,0,0,0
2017-11-04 12:00:00,0,0,0
2017-11-04 13:00:00,0,0,0
2017-11-04 14:00:00,0,0,0
2017-11-04 15:00:00,0,0,0
2017-11-04 16:00:00,0,0,0
2017-11-04 17:00:00,0,0,0
2017-11-04 18:00:00,0,0,0
2017-11-04 19:00:00,0,0,0
2017-11-04 20:00:00,0,0,0
2017-11-04 21:00:00,0,0,0
2017-11-04 22:00:00,0,0,0
2017-11-04 23:00:00,0,0,0
2017-11-05 00:00:00,0,0,0
2017-11-05 01:00:00,0,0,0
2017-11-05 02:00:00,0,0,0
2017-11-05 03:00:00,0,0,0
2017-11-05 04:00:00,0,0,0
2017-11-05 05:00:00,0,0,0
2017-11-05 06:00:00,0,0,0
2017-11-05 07:00:00,0,0,0
2017-11-05 08:00:00,0,0,0
2017-11-05 09:00:00,0,0,0
2017-11-05 10:00:00,0,0,0
2017-11-05 11:00:00,0,0,0
2017-11-05 12:00:00,0,0,0
2017-11-05 13:00:00,0,0,0
2017-11-05 14:00:00,0,0,0
2017-11-05 15:00:00,0,0,0
2017-11-05 16:00:00,0,0,0
2017-11-05 17:00:00,0,0,0
2017-11-05 18:00:00,0,0,0
2017-11-05 19:00:00,0,0,0
2017-11-05 20:00:00,0,0,0
2017-11-05 21:00:00,0,0,0
2017-11-05 22:00:00,0,0,0
2017-11-05 23:00:00,0,0,0
2017-11-06 00:00:00,0,0,0
2017-11-06 01:00:00,0,0,0
2017-11-06 02:00:00,0,0,0
2017-11-06 03:00:00,0,0,0
2017-11-06 04:00:00,0,0,0
2017-11-06 05:00:00,0,0,0
2017-11-06 06:00:00,0,0,0
2017-11-06 07:00:00,0,0,0
2017-11-06 08:00:00,0,0,0
2017-11-06 09:00:00,0,0,0
2017-11-06 10:00:00,0,0,0
2017-11-06 11:00:00,0,0,0
2017-11-06 12:00:00,0,0,0
2017-11-06 13:00:00,0,0,0
2017-11-06 14:00:00,0,0,0
2017-11-06 15:00:00,0,0,0
2017-11-06 16:00:00,0,0,0
2017-11-06 17:00:00,0,0,0
2017-11-06 18:00:00,0,0,0
2017-11-06 19:00:00,0,0,0
2017-11-06 20:00:00,0,0,0
2017-11-06 21:00:00,0,0,0
2017-11-06 22:00:00,0,0,0
2017-11-06 23:00:00,0,0,0
2017-11-07 00:00:00,0,0,0
2017-11-07 01:00:00,0,0,0
2017-11-07 02:00:00,0,0,0
2017-11-07 03:00:00,0,0,0
2017-11-07 04:00:00,0,0,0
2017-11-07 05:00:00,0,0,0
2017-11-07 06:00:00,0,0,0
2017-11-07 07:00:00,0,0,0
2017-11-07 08:00:00,0,0,0
2017-11-07 09:00:00,0,0,0
2017-11-07 10:00:00,0,0,0
2017-11-07 11:00:00,0,0,0
2017-11-07 12:00:00,0,0,0
2017-11-07 13:00:00,0,0,0
2017-11-07 14:00:00,0,0,0
2017-11-07 15:00:00,0,0,0
2017-11-07 16:00:00,0,0,0
2017-11-07 17:00:00,0,0,0
2017-11-07 18:00:00,0,0,0
2017-11-07 19:00:00,0,0,0
2017-11-07 20:00:00,0,0,0
2017-11-07 21:00:00,0,0,0
2017-11-07 22:00:00,0,0,0
2017-11-07 23:00:00,0,0,0
2017-11-08 00:00:00,0,0,0
2017-11-08 01:00:00,0,0,0
2017-11-08 02:00:00,0,0,0
2017-11-08 03:00:00,0,0,0
2017-11-08 04:00:00,0,0,0
2017-11-08 05:00:00,0,0,0
2017-11-08 06:00:00,0,0,0
2017-11-08 07:00:00,0,0,0
2017-11-08 08:00:00,0,0,0
2017-11-08 09:00:00,0,0,0
2017-11-08 10:00:00,0,0,0
2017-11-08 11:00:00,0,0,0
2017-11-08 12:00:00,0,0,0
2017-11-08 13:00:00,0,0,0
2017-11-08 14:00:00,0,0,0
2017-11-08 15:00:00,0,0,0
2017-11-08 16:00:00,0,0,0
2017-11-08 17:00:00,0,0,0
2017-11-08 18:00:00,0,0,0
2017-11-08 19:00:00,0,0,0
2017-11-08 20:00:00,0,0,0
2017-11-08 21:00:00,0,0,0
2017-11-08 22:00:00,0,0,0
2017-11-08 23:00:00,0,0,0
2017-11-09 00:00:00,0,0,0
2017-11-09 01:00:00,0,0,0
2017-11-09 02:00:00,0,0,0
2017-11-09 03:00:00,0,0,0
2017-11-09 04:00:00,0,0,0
2017-11-09 05:00:00,0,0,0
2017-11-09 06:00:00,0,0,0
2017-11-09 07:00:00,0,0,0
2017-11-09 08:00:00,0,0,0
2017-11-09 09:00:00,0,0,0
2017-11-09 10:00:00,0,0,0
2017-11-09 11:00:00,0,0,0
2017-11-09 12:00:00,0,0,0
2017-11-09 13:00:00,0,0,0
2017-11-09 14:00:00,0,0,0
2017-11-09 15:00:00,0,0,0
2017-11-09 16:00:00,0,0,0
2017-11-09 17:00:00,0,0,0
2017-11-09 18:00:00,0,0,0
2017-11-09 19:00:00,0,0,0
2017-11-09 20:00:00,0,0,0
2017-11-09 21:00:00,0,0,0
2017-11-09 22:00:00,0,0,0
2017-11-09 23:00:00,0,0,0
2017-11-10 00:00:00,0,0,0
2017-11-10 01:00:00,0,0,0
2017-11-10 02:00:00,0,0,0
2017-11-10 03:00:00,0,0,0
2017-11-10 04:00:00,0,0,0
2017-11-10 05:00:00,0,0,0
2017-11-10 06:00:00,0,0,0
2017-11-10 07:00:00,0,0,0
2017-11-10 08:00:00,0,0,0
2017-11-10 09:00:00,0,0,0
2017-11-10 10:00:00,0,0,0
2017-11-10 11:00:00,0,0,0
2017-11-10 12:00:00,0,0,0
2017-11-10 13:00:00,0,0,0
2017-11-10 14:00:00,0,0,0
2017-11-10 15:00:00,0,0,0
2017-11-10 16:00:00,0,0,0
2017-11-10 17:00:00,0,0,0
2017-11-10 18:00:00,0,0,0
2017-11-10 19:00:00,0,0,0
2017-11-10 20:00:00,0,0,0
2017-11-10 21:00:00,0,0,0
2017-11-10 22:00:00,0,0,0
2017-11-10 23:00:00,0,0,0
2017-11-11 00:00:00,0,0,0
2017-11-11 01:00:00,0,0,0
2017-11-11 02:00:00,0,0,0
2017-11-11 03:00:00,0,0,0
2017-11-11 04:00:00,0,0,0
2017-11-11 05:00:00,0,0,0
2017-11-11 06:00:00,0,0,0
2017-11-11 07:00:00,0,0,0
2017-11-11 08:00:00,0,0,0
2017-11-11 09:00:00,0,0,0
2017-11-11 10:00:00,0,0,0
2017-11-11 11:00:00,0,0,0
2017-11-11 12:00:00,0,0,0
2017-11-11 13:00:00,0,0,0
2017-11-11 14:00:00,0,0,0
2017-11-11 15:00:00,0,0,0
2017-11-11 16:00:00,0,0,0
2017-11-11 17:00:00,0,0,0
2017-11-11 18:00:00,0,0,0
2017-11-11 19:00:00,0,0,0
2017-11-11 20:00:00,0,0,0
2017-11-11 21:00:00,0,0,0
2017-11-11 22:00:00,0,0,0
2017-11-11 23:00:00,0,0,0
2017-11-12 00:00:00,0,0,0
2017-11-12 01:00:00,0,0,0
2017-11-12 02:00:00,0,0,0
2017-11-12 03:00:00,0,0,0
2017-11-12 04:00:00,0,0,0
2017-11-12 05:00:00,0,0,0
2017-11-12 06:00:00,0,0,0
2017-11-12 07:00:00,0,0,0
2017-11-12 08:00:00,0,0,0
2017-11-12 09:00:00,0,0,0
2017-11-12 10:00:00,0,0,0
2017-11-12 11:00:00,0,0,0
2017-11-12 12:00:00,0,0,0
2017-11-12 13:00:00,0,0,0
2017-11-12 14:00:00,0,0,0
2017-11-12 15:00:00,0,0,0
2017-11-12 16:00:00,0,0,0
2017-11-12 17:00:00,0,0,0
2017-11-12 18:00:00,0,0,0
2017-11-12 19:00:00,0,0,0
2017-11-12 20:00:00,0,0,0
2017-11-12 21:00:00,0,0,0
2017-11-12 22:00:00,0,0,0
2017-11-12 23:00:00,0,0,0
2017-11-13 00:00:00,0,0,0
2017-11-13 01:00:00,0,0,0
2017-11-13 02:00:00,0,0,0
2017-11-13 03:00:00,0,0,0
2017-11-13 04:00:00,0,0,0
2017-11-13 05:00:00,0,0,0
2017-11-13 06:00:00,0,0,0
2017-11-13 07:00:00,0,0,0
2017-11-13 08:00:00,0,0,0
2017-11-13 09:00:00,0,0,0
2017-11-13 10:00:00,0,0,0
2017-11-13 11:00:00,0,0,0
2017-11-13 12:00:00,0,0,0
2017-11-13 13:00:00,0,0,0
2017-11-13 14:00:00,0,0,0
2017-11-13 15:00:00,0,0,0
2017-11-13 16:00:00,0,0,0
2017-11-13 17:00:00,0,0,0
2017-11-13 18:00:00,0,0,0
2017-11-13 19:00:00,0,0,0
2017-11-13 20:00:00,0,0,0
2017-11-13 21:00:00,0,0,0
2017-11-13 22:00:00,0,0,0
2017-11-13 23:00:00,0,0,0
2017-11-14 00:00:00,0,0,0
2017-11-14 01:00:00,0,0,0
2017-11-14 02:00:00,0,0,0
2017-11-14 03:00:00,0,0,0
2017-11-14 04:00:00,0,0,0
2017-11-14 05:00:00,0,0,0
2017-11-14 06:00:00,0,0,0
2017-11-14 07:00:00,0,0,0
2017-11-14 08:00:00,0,0,0
2017-11-14 09:00:00,0,0,0
2017-11-14 10:00:00,0,0,0
2017-11-14 11:00:00,0,0,0
2017-11-14 12:00:00,0,0,0
2017-11-14 13:00:00,0,0,0
2017-11-14 14:00:00,0,0,0
2017-11-14 15:00:00,0,0,0
2017-11-14 16:00:00,0,0,0
2017-11-14 17:00:00,0,0,0
2017-11-14 18:00:00,0,0,0
2017-11-14 19:00:00,0,0,0
2017-11-14 20:00:00,0,0,0
2017-11-14 21:00:00,0,0,0
2017-11-14 22:00:00,0,0,0
2017-11-14 23:00:00,0,0,0
2017-11-15 00:00:00,0,0,0
2017-11-15 01:00:00,0,0,0
2017-11-15 02:00:00,0,0,0
2017-11-15 03:00:00,0,0,0
2017-11-15 04:00:00,0,0,0
2017-11-15 05:00:00,0,0,0
2017-11-15 06:00:00,0,0,0
2017-11-15 07:00:00,0,0,0
2017-11-15 08:00:00,0,0,0
2017-11-15 09:00:00,0,0,0
2017-11-15 10:00:00,0,0,0
2017-11-15 11:00:00,0,0,0
2017-11-15 12:00:00,0,0,0
2017-11-15 13:00:00,0,0,0
2017-11-15 14:00:00,0,0,0
2017-11-15 15:00:00,0,0,0
2017-11-15 16:00:00,0,0,0
2017-11-15 17:00:00,0,0,0
2017-11-15 18:00:00,0,0,0
2017-11-15 19:00:00,0,0,0
2017-11-15 20:00:00,0,0,0
2017-11-15 21:00:00,0,0,0
2017-11-15 22:00:00,0,0,0
2017-11-15 23:00:00,0,0,0
2017-11-16 00:00:00,0,0,0
2017-11-16 01:00:00,0,0,0
2017-11-16 02:00:00,0,0,0
2017-11-16 03:00:00,0,0,0
2017-11-16 04:00:00,0,0,0
2017-11-16 05:00:00,0,0,0
2017-11-16 06:00:00,0,0,0
2017-11-16 07:00:00,0,0,0
2017-11-16 08:00:00,0,0,0
2017-11-16 09:00:00,0,0,0
2017-11-16 10:00:00,0,0,0
2017-11-16 11:00:00,0,0,0
2017-11-16 12:00:00,0,0,0
2017-11-16 13:00:00,0,0,0
2017-11-16 14:00:00,0,0,0
2017-11-16 15:00:00,0,0,0
2017-11-16 16:00:00,0,0,0
2017-11-16 17:00:00,0,0,0
2017-11-16 18:00:00,0,0,0
2017-11-16 19:00:00,0,0,0
2017-11-16 20:00:00,0,0,0
2017-11-16 21:00:00,0,0,0
2017-11-16 22:00:00,0,0,0
2017-11-16 23:00:00,0,0,0
2017-11-17 00:00:00,0,0,0
2017-11-17 01:00:00,0,0,0
2017-11-17 02:00:00,0,0,0
2017-11-17 03:00:00,0,0,0
2017-11-17 04:00:00,0,0,0
2017-11-17 05:00:00,0,0,0
2017-11-17 06:00:00,0,0,0
2017-11-17 07:00:00,0,0,0
2017-11-17 08:00:00,0,0,0
2017-11-17 09:00:00,0,0,0
2017-11-17 10:00:00,0,0,0
2017-11-17 11:00:00,0,0,0
2017-11-17 12:00:00,14,13,1
2017-11-17 13:00:00,18,14,4
2017-11-17 14:00:00,21,13,8
2017-11-17 15:00:00,37,27,10
2017-11-17 16:00:00,40,29,11
2017-11-17 17:00:00,57,42,15
2017-11-17 18:00:00,23,18,5
2017-11-17 19:00:00,7,5,2
2017-11-17 20:00:00,5,4,1
2017-11-17 21:00:00,1,1,0
2017-11-17 22:00:00,1,1,0
2017-11-17 23:00:00,2,2,0
2017-11-18 00:00:00,0,0,0
2017-11-18 01:00:00,1,1,0
2017-11-18 02:00:00,0,0,0
2017-11-18 03:00:00,0,0,0
2017-11-18 04:00:00,0,0,0
2017-11-18 05:00:00,0,0,0
2017-11-18 06:00:00,5,2,3
2017-11-18 07:00:00,13,7,6
2017-11-18 08:00:00,26,18,8
2017-11-18 09:00:00,48,29,19
2017-11-18 10:00:00,75,47,28
2017-11-18 11:00:00,76,43,33
2017-11-18 12:00:00,64,42,22
2017-11-18 13:00:00,82,47,35
2017-11-18 14:00:00,108,71,37
2017-11-18 15:00:00,74,50,24
2017-11-18 16:00:00,34,32,2
2017-11-18 17:00:00,9,5,4
2017-11-18 18:00:00,2,2,0
2017-11-18 19:00:00,2,2,0
2017-11-18 20:00:00,0,0,0
2017-11-18 21:00:00,1,1,0
2017-11-18 22:00:00,0,0,0
2017-11-18 23:00:00,0,0,0
2017-11-19 00:00:00,0,0,0
2017-11-19 01:00:00,0,0,0
2017-11-19 02:00:00,0,0,0
2017-11-19 03:00:00,0,0,0
2017-11-19 04:00:00,0,0,0
2017-11-19 05:00:00,0,0,0
2017-11-19 06:00:00,0,0,0
2017-11-19 07:00:00,4,2,2
2017-11-19 08:00:00,18,6,12
2017-11-19 09:00:00,36,27,9
2017-11-19 10:00:00,32,22,10
2017-11-19 11:00:00,37,26,11
2017-11-19 12:00:00,28,24,4
2017-11-19 13:00:00,21,13,8
2017-11-19 14:00:00,15,10,5
2017-11-19 15:00:00,12,7,5
2017-11-19 16:00:00,5,5,0
2017-11-19 17:00:00,6,6,0
2017-11-19 18:00:00,2,2,0
2017-11-19 19:00:00,0,0,0
2017-11-19 20:00:00,0,0,0
2017-11-19 21:00:00,2,2,0
2017-11-19 22:00:00,0,0,0
2017-11-19 23:00:00,1,1,0
2017-11-20 00:00:00,0,0,0
2017-11-20 01:00:00,0,0,0
2017-11-20 02:00:00,0,0,0
2017-11-20 03:00:00,0,0,0
2017-11-20 04:00:00,2,2,0
2017-11-20 05:00:00,6,6,0
2017-11-20 06:00:00,11,11,0
2017-11-20 07:00:00,23,23,0
2017-11-20 08:00:00,19,19,0
2017-11-20 09:00:00,14,13,1
2017-11-20 10:00:00,5,5,0
2017-11-20 11:00:00,14,13,1
2017-11-20 12:00:00,5,4,1
2017-11-20 13:00:00,9,9,0
2017-11-20 14:00:00,8,8,0
2017-11-20 15:00:00,12,12,0
2017-11-20 16:00:00,33,28,5
2017-11-20 17:00:00,38,31,7
2017-11-20 18:00:00,18,13,5
2017-11-20 19:00:00,13,9,4
2017-11-20 20:00:00,4,2,2
2017-11-20 21:00:00,1,0,1
2017-11-20 22:00:00,0,0,0
2017-11-20 23:00:00,1,1,0
2017-11-21 00:00:00,0,0,0
2017-11-21 01:00:00,0,0,0
2017-11-21 02:00:00,0,0,0
2017-11-21 03:00:00,0,0,0
2017-11-21 04:00:00,4,4,0
2017-11-21 05:00:00,2,2,0
2017-11-21 06:00:00,7,7,0
2017-11-21 07:00:00,25,23,2
2017-11-21 08:00:00,19,19,0
2017-11-21 09:00:00,5,5,0
2017-11-21 10:00:00,8,8,0
2017-11-21 11:00:00,1,1,0
2017-11-21 12:00:00,1,1,0
2017-11-21 13:00:00,1,1,0
2017-11-21 14:00:00,4,4,0
2017-11-21 15:00:00,8,8,0
2017-11-21 16:00:00,7,7,0
2017-11-21 17:00:00,25,25,0
2017-11-21 18:00:00,11,11,0
2017-11-21 19:00:00,9,9,0
2017-11-21 20:00:00,8,8,0
2017-11-21 21:00:00,2,2,0
2017-11-21 22:00:00,0,0,0
2017-11-21 23:00:00,1,1,0
2017-11-22 00:00:00,0,0,0
2017-11-22 01:00:00,1,1,0
2017-11-22 02:00:00,0,0,0
2017-11-22 03:00:00,0,0,0
2017-11-22 04:00:00,3,3,0
2017-11-22 05:00:00,2,1,1
2017-11-22 06:00:00,13,13,0
2017-11-22 07:00:00,19,18,1
2017-11-22 08:00:00,22,22,0
2017-11-22 09:00:00,19,18,1
2017-11-22 10:00:00,18,17,1
2017-11-22 11:00:00,13,12,1
2017-11-22 12:00:00,13,12,1
2017-11-22 13:00:00,9,9,0
2017-11-22 14:00:00,17,17,0
2017-11-22 15:00:00,19,18,1
2017-11-22 16:00:00,29,21,8
2017-11-22 17:00:00,31,25,6
2017-11-22 18:00:00,8,7,1
2017-11-22 19:00:00,7,6,1
2017-11-22 20:00:00,0,0,0
2017-11-22 21:00:00,1,1,0
2017-11-22 22:00:00,0,0,0
2017-11-22 23:00:00,0,0,0
2017-11-23 00:00:00,1,1,0
2017-11-23 01:00:00,0,0,0
2017-11-23 02:00:00,0,0,0
2017-11-23 03:00:00,0,0,0
2017-11-23 04:00:00,0,0,0
2017-11-23 05:00:00,0,0,0
2017-11-23 06:00:00,1,1,0
2017-11-23 07:00:00,1,1,0
2017-11-23 08:00:00,19,15,4
2017-11-23 09:00:00,21,18,3
2017-11-23 10:00:00,41,39,2
2017-11-23 11:00:00,38,34,4
2017-11-23 12:00:00,13,9,4
2017-11-23 13:00:00,14,8,6
2017-11-23 14:00:00,15,9,6
2017-11-23 15:00:00,7,5,2
2017-11-23 16:00:00,6,5,1
2017-11-23 17:00:00,0,0,0
2017-11-23 18:00:00,2,2,0
2017-11-23 19:00:00,0,0,0
2017-11-23 20:00:00,0,0,0
2017-11-23 21:00:00,1,1,0
2017-11-23 22:00:00,2,2,0
2017-11-23 23:00:00,0,0,0
2017-11-24 00:00:00,0,0,0
2017-11-24 01:00:00,0,0,0
2017-11-24 02:00:00,0,0,0
2017-11-24 03:00:00,0,0,0
2017-11-24 04:00:00,0,0,0
2017-11-24 05:00:00,0,0,0
2017-11-24 06:00:00,0,0,0
2017-11-24 07:00:00,10,7,3
2017-11-24 08:00:00,19,13,6
2017-11-24 09:00:00,28,17,11
2017-11-24 10:00:00,43,23,20
2017-11-24 11:00:00,54,40,14
2017-11-24 12:00:00,62,47,15
2017-11-24 13:00:00,65,51,14
2017-11-24 14:00:00,52,36,16
2017-11-24 15:00:00,34,26,8
2017-11-24 16:00:00,14,12,2
2017-11-24 17:00:00,8,6,2
2017-11-24 18:00:00,3,3,0
2017-11-24 19:00:00,0,0,0
2017-11-24 20:00:00,2,2,0
2017-11-24 21:00:00,0,0,0
2017-11-24 22:00:00,0,0,0
2017-11-24 23:00:00,3,2,1
2017-11-25 00:00:00,0,0,0
2017-11-25 01:00:00,0,0,0
2017-11-25 02:00:00,0,0,0
2017-11-25 03:00:00,0,0,0
2017-11-25 04:00:00,1,1,0
2017-11-25 05:00:00,0,0,0
2017-11-25 06:00:00,3,2,1
2017-11-25 07:00:00,7,0,7
2017-11-25 08:00:00,35,26,9
2017-11-25 09:00:00,59,26,33
2017-11-25 10:00:00,61,41,20
2017-11-25 11:00:00,43,38,5
2017-11-25 12:00:00,47,42,5
2017-11-25 13:00:00,42,38,4
2017-11-25 14:00:00,31,25,6
2017-11-25 15:00:00,18,15,3
2017-11-25 16:00:00,1,0,1
2017-11-25 17:00:00,4,3,1
2017-11-25 18:00:00,1,1,0
2017-11-25 19:00:00,0,0,0
2017-11-25 20:00:00,0,0,0
2017-11-25 21:00:00,0,0,0
2017-11-25 22:00:00,0,0,0
2017-11-25 23:00:00,0,0,0
2017-11-26 00:00:00,0,0,0
2017-11-26 01:00:00,0,0,0
2017-11-26 02:00:00,0,0,0
2017-11-26 03:00:00,0,0,0
2017-11-26 04:00:00,0,0,0
2017-11-26 05:00:00,0,0,0
2017-11-26 06:00:00,0,0,0
2017-11-26 07:00:00,0,0,0
2017-11-26 08:00:00,6,6,0
2017-11-26 09:00:00,7,7,0
2017-11-26 10:00:00,17,15,2
2017-11-26 11:00:00,24,19,5
2017-11-26 12:00:00,11,10,1
2017-11-26 13:00:00,11,8,3
2017-11-26 14:00:00,5,5,0
2017-11-26 15:00:00,7,7,0
2017-11-26 16:00:00,3,2,1
2017-11-26 17:00:00,2,1,1
2017-11-26 18:00:00,2,2,0
2017-11-26 19:00:00,1,1,0
2017-11-26 20:00:00,1,1,0
2017-11-26 21:00:00,1,1,0
2017-11-26 22:00:00,0,0,0
2017-11-26 23:00:00,0,0,0
2017-11-27 00:00:00,0,0,0
2017-11-27 01:00:00,0,0,0
2017-11-27 02:00:00,0,0,0
2017-11-27 03:00:00,1,1,0
2017-11-27 04:00:00,2,1,1
2017-11-27 05:00:00,9,7,2
2017-11-27 06:00:00,25,20,5
2017-11-27 07:00:00,45,29,16
2017-11-27 08:00:00,52,37,15
2017-11-27 09:00:00,24,19,5
2017-11-27 10:00:00,9,8,1
2017-11-27 11:00:00,11,8,3
2017-11-27 12:00:00,20,17,3
2017-11-27 13:00:00,19,14,5
2017-11-27 14:00:00,24,12,12
2017-11-27 15:00:00,25,21,4
2017-11-27 16:00:00,49,31,18
2017-11-27 17:00:00,52,38,14
2017-11-27 18:00:00,54,38,16
2017-11-27 19:00:00,21,17,4
2017-11-27 20:00:00,5,3,2
2017-11-27 21:00:00,3,2,1
2017-11-27 22:00:00,2,1,1
2017-11-27 23:00:00,0,0,0
2017-11-28 00:00:00,2,1,1
2017-11-28 01:00:00,0,0,0
2017-11-28 02:00:00,2,2,0
2017-11-28 03:00:00,2,2,0
2017-11-28 04:00:00,4,4,0
2017-11-28 05:00:00,3,3,0
2017-11-28 06:00:00,12,11,1
2017-11-28 07:00:00,25,17,8
2017-11-28 08:00:00,25,17,8
2017-11-28 09:00:00,7,7,0
2017-11-28 10:00:00,9,7,2
2017-11-28 11:00:00,7,6,1
2017-11-28 12:00:00,0,0,0
2017-11-28 13:00:00,1,1,0
2017-11-28 14:00:00,1,1,0
2017-11-28 15:00:00,6,5,1
2017-11-28 16:00:00,15,8,7
2017-11-28 17:00:00,30,23,7
2017-11-28 18:00:00,29,18,11
2017-11-28 19:00:00,16,12,4
2017-11-28 20:00:00,2,2,0
2017-11-28 21:00:00,3,2,1
2017-11-28 22:00:00,0,0,0
2017-11-28 23:00:00,0,0,0
2017-11-29 00:00:00,1,1,0
2017-11-29 01:00:00,0,0,0
2017-11-29 02:00:00,1,1,0
2017-11-29 03:00:00,0,0,0
2017-11-29 04:00:00,4,4,0
2017-11-29 05:00:00,5,4,1
2017-11-29 06:00:00,22,16,6
2017-11-29 07:00:00,45,33,12
2017-11-29 08:00:00,47,33,14
2017-11-29 09:00:00,22,16,6
2017-11-29 10:00:00,21,16,5
2017-11-29 11:00:00,22,10,12
2017-11-29 12:00:00,20,11,9
2017-11-29 13:00:00,12,7,5
2017-11-29 14:00:00,25,14,11
2017-11-29 15:00:00,34,22,12
2017-11-29 16:00:00,55,35,20
2017-11-29 17:00:00,48,38,10
2017-11-29 18:00:00,37,31,6
2017-11-29 19:00:00,17,10,7
2017-11-29 20:00:00,10,7,3
2017-11-29 21:00:00,4,2,2
2017-11-29 22:00:00,2,1,1
2017-11-29 23:00:00,0,0,0
2017-11-30 00:00:00,0,0,0
2017-11-30 01:00:00,0,0,0
2017-11-30 02:00:00,0,0,0
2017-11-30 03:00:00,0,0,0
2017-11-30 04:00:00,6,6,0
2017-11-30 05:00:00,6,5,1
2017-11-30 06:00:00,10,9,1
2017-11-30 07:00:00,20,18,2
2017-11-30 08:00:00,23,21,2
2017-11-30 09:00:00,15,14,1
2017-11-30 10:00:00,4,3,1
2017-11-30 11:00:00,2,1,1
2017-11-30 12:00:00,2,2,0
2017-11-30 13:00:00,4,4,0
2017-11-30 14:00:00,1,0,1
2017-11-30 15:00:00,8,7,1
2017-11-30 16:00:00,28,19,9
2017-11-30 17:00:00,29,18,11
2017-11-30 18:00:00,25,16,9
2017-11-30 19:00:00,14,8,6
2017-11-30 20:00:00,3,3,0
2017-11-30 21:00:00,3,3,0
2017-11-30 22:00:00,0,0,0
2017-11-30 23:00:00,2,2,0
2017-12-01 00:00:00,0,0,0
2017-12-01 01:00:00,0,0,0
2017-12-01 02:00:00,0,0,0
2017-12-01 03:00:00,0,0,0
2017-12-01 04:00:00,4,4,0
2017-12-01 05:00:00,2,1,1
2017-12-01 06:00:00,16,12,4
2017-12-01 07:00:00,30,23,7
2017-12-01 08:00:00,32,23,9
2017-12-01 09:00:00,16,13,3
2017-12-01 10:00:00,12,11,1
2017-12-01 11:00:00,10,5,5
2017-12-01 12:00:00,5,3,2
2017-12-01 13:00:00,12,6,6
2017-12-01 14:00:00,8,7,1
2017-12-01 15:00:00,6,5,1
2017-12-01 16:00:00,27,15,12
2017-12-01 17:00:00,26,21,5
2017-12-01 18:00:00,19,16,3
2017-12-01 19:00:00,10,6,4
2017-12-01 20:00:00,4,3,1
2017-12-01 21:00:00,0,0,0
2017-12-01 22:00:00,1,1,0
2017-12-01 23:00:00,0,0,0
2017-12-02 00:00:00,0,0,0
2017-12-02 01:00:00,0,0,0
2017-12-02 02:00:00,0,0,0
2017-12-02 03:00:00,0,0,0
2017-12-02 04:00:00,1,1,0
2017-12-02 05:00:00,0,0,0
2017-12-02 06:00:00,3,1,2
2017-12-02 07:00:00,6,2,4
2017-12-02 08:00:00,25,19,6
2017-12-02 09:00:00,29,20,9
2017-12-02 10:00:00,35,24,11
2017-12-02 11:00:00,8,7,1
2017-12-02 12:00:00,9,8,1
2017-12-02 13:00:00,11,10,1
2017-12-02 14:00:00,8,7,1
2017-12-02 15:00:00,8,5,3
2017-12-02 16:00:00,4,3,1
2017-12-02 17:00:00,1,1,0
2017-12-02 18:00:00,1,1,0
2017-12-02 19:00:00,2,2,0
2017-12-02 20:00:00,0,0,0
2017-12-02 21:00:00,1,1,0
2017-12-02 22:00:00,0,0,0
2017-12-02 23:00:00,1,1,0
2017-12-03 00:00:00,0,0,0
2017-12-03 01:00:00,0,0,0
2017-12-03 02:00:00,0,0,0
2017-12-03 03:00:00,0,0,0
2017-12-03 04:00:00,0,0,0
2017-12-03 05:00:00,0,0,0
2017-12-03 06:00:00,1,1,0
2017-12-03 07:00:00,3,1,2
2017-12-03 08:00:00,15,5,10
2017-12-03 09:00:00,41,25,16
2017-12-03 10:00:00,49,32,17
2017-12-03 11:00:00,80,61,19
2017-12-03 12:00:00,67,53,14
2017-12-03 13:00:00,49,41,8
2017-12-03 14:00:00,38,36,2
2017-12-03 15:00:00,34,25,9
2017-12-03 16:00:00,18,16,2
2017-12-03 17:00:00,10,10,0
2017-12-03 18:00:00,1,1,0
2017-12-03 19:00:00,0,0,0
2017-12-03 20:00:00,0,0,0
2017-12-03 21:00:00,2,2,0
2017-12-03 22:00:00,0,0,0
2017-12-03 23:00:00,0,0,0
2017-12-04 00:00:00,0,0,0
2017-12-04 01:00:00,0,0,0
2017-12-04 02:00:00,0,0,0
2017-12-04 03:00:00,0,0,0
2017-12-04 04:00:00,6,6,0
2017-12-04 05:00:00,4,3,1
2017-12-04 06:00:00,20,17,3
2017-12-04 07:00:00,34,28,6
2017-12-04 08:00:00,33,28,5
2017-12-04 09:00:00,14,7,7
2017-12-04 10:00:00,10,7,3
2017-12-04 11:00:00,8,6,2
2017-12-04 12:00:00,7,6,1
2017-12-04 13:00:00,7,5,2
2017-12-04 14:00:00,13,11,2
2017-12-04 15:00:00,17,13,4
2017-12-04 16:00:00,40,31,9
2017-12-04 17:00:00,47,35,12
2017-12-04 18:00:00,40,25,15
2017-12-04 19:00:00,13,9,4
2017-12-04 20:00:00,3,1,2
2017-12-04 21:00:00,4,2,2
2017-12-04 22:00:00,4,3,1
2017-12-04 23:00:00,2,2,0
2017-12-05 00:00:00,0,0,0
2017-12-05 01:00:00,0,0,0
2017-12-05 02:00:00,0,0,0
2017-12-05 03:00:00,0,0,0
2017-12-05 04:00:00,4,4,0
2017-12-05 05:00:00,8,7,1
2017-12-05 06:00:00,12,7,5
2017-12-05 07:00:00,34,24,10
2017-12-05 08:00:00,39,26,13
2017-12-05 09:00:00,17,9,8
2017-12-05 10:00:00,15,10,5
2017-12-05 11:00:00,12,7,5
2017-12-05 12:00:00,19,10,9
2017-12-05 13:00:00,17,15,2
2017-12-05 14:00:00,23,20,3
2017-12-05 15:00:00,26,17,9
2017-12-05 16:00:00,29,23,6
2017-12-05 17:00:00,41,29,12
2017-12-05 18:00:00,42,32,10
2017-12-05 19:00:00,21,18,3
2017-12-05 20:00:00,7,7,0
2017-12-05 21:00:00,3,2,1
2017-12-05 22:00:00,0,0,0
2017-12-05 23:00:00,1,1,0
2017-12-06 00:00:00,0,0,0
2017-12-06 01:00:00,0,0,0
2017-12-06 02:00:00,0,0,0
2017-12-06 03:00:00,0,0,0
2017-12-06 04:00:00,2,2,0
2017-12-06 05:00:00,6,3,3
2017-12-06 06:00:00,17,12,5
2017-12-06 07:00:00,34,31,3
2017-12-06 08:00:00,33,24,9
2017-12-06 09:00:00,19,10,9
2017-12-06 10:00:00,8,4,4
2017-12-06 11:00:00,11,7,4
2017-12-06 12:00:00,19,5,14
2017-12-06 13:00:00,27,24,3
2017-12-06 14:00:00,34,30,4
2017-12-06 15:00:00,33,23,10
2017-12-06 16:00:00,43,29,14
2017-12-06 17:00:00,41,26,15
2017-12-06 18:00:00,32,23,9
2017-12-06 19:00:00,20,14,6
2017-12-06 20:00:00,5,4,1
2017-12-06 21:00:00,2,1,1
2017-12-06 22:00:00,1,1,0
2017-12-06 23:00:00,0,0,0
2017-12-07 00:00:00,0,0,0
2017-12-07 01:00:00,0,0,0
2017-12-07 02:00:00,0,0,0
2017-12-07 03:00:00,0,0,0
2017-12-07 04:00:00,2,2,0
2017-12-07 05:00:00,7,5,2
2017-12-07 06:00:00,4,2,2
2017-12-07 07:00:00,31,16,15
2017-12-07 08:00:00,23,18,5
2017-12-07 09:00:00,20,13,7
2017-12-07 10:00:00,7,2,5
2017-12-07 11:00:00,11,2,9
2017-12-07 12:00:00,15,7,8
2017-12-07 13:00:00,18,14,4
2017-12-07 14:00:00,20,15,5
2017-12-07 15:00:00,17,13,4
2017-12-07 16:00:00,23,17,6
2017-12-07 17:00:00,28,19,9
2017-12-07 18:00:00,23,18,5
2017-12-07 19:00:00,18,13,5
2017-12-07 20:00:00,8,6,2
2017-12-07 21:00:00,1,1,0
2017-12-07 22:00:00,2,2,0
2017-12-07 23:00:00,1,1,0
2017-12-08 00:00:00,0,0,0
2017-12-08 01:00:00,0,0,0
2017-12-08 02:00:00,0,0,0
2017-12-08 03:00:00,0,0,0
2017-12-08 04:00:00,2,2,0
2017-12-08 05:00:00,0,0,0
2017-12-08 06:00:00,6,5,1
2017-12-08 07:00:00,18,16,2
2017-12-08 08:00:00,17,12,5
2017-12-08 09:00:00,6,6,0
2017-12-08 10:00:00,9,8,1
2017-12-08 11:00:00,11,9,2
2017-12-08 12:00:00,5,3,2
2017-12-08 13:00:00,17,15,2
2017-12-08 14:00:00,14,9,5
2017-12-08 15:00:00,28,20,8
2017-12-08 16:00:00,31,18,13
2017-12-08 17:00:00,14,9,5
2017-12-08 18:00:00,10,6,4
2017-12-08 19:00:00,8,6,2
2017-12-08 20:00:00,1,1,0
2017-12-08 21:00:00,2,2,0
2017-12-08 22:00:00,1,0,1
2017-12-08 23:00:00,0,0,0
2017-12-09 00:00:00,1,1,0
2017-12-09 01:00:00,0,0,0
2017-12-09 02:00:00,0,0,0
2017-12-09 03:00:00,0,0,0
2017-12-09 04:00:00,0,0,0
2017-12-09 05:00:00,0,0,0
2017-12-09 06:00:00,0,0,0
2017-12-09 07:00:00,0,0,0
2017-12-09 08:00:00,4,2,2
2017-12-09 09:00:00,21,6,15
2017-12-09 10:00:00,37,27,10
2017-12-09 11:00:00,25,17,8
2017-12-09 12:00:00,23,15,8
2017-12-09 13:00:00,62,53,9
2017-12-09 14:00:00,49,47,2
2017-12-09 15:00:00,35,32,3
2017-12-09 16:00:00,21,16,5
2017-12-09 17:00:00,7,6,1
2017-12-09 18:00:00,0,0,0
2017-12-09 19:00:00,0,0,0
2017-12-09 20:00:00,2,2,0
2017-12-09 21:00:00,2,2,0
2017-12-09 22:00:00,0,0,0
2017-12-09 23:00:00,1,1,0
2017-12-10 00:00:00,0,0,0
2017-12-10 01:00:00,0,0,0
2017-12-10 02:00:00,0,0,0
2017-12-10 03:00:00,0,0,0
2017-12-10 04:00:00,0,0,0
2017-12-10 05:00:00,0,0,0
2017-12-10 06:00:00,0,0,0
2017-12-10 07:00:00,2,0,2
2017-12-10 08:00:00,13,5,8
2017-12-10 09:00:00,18,10,8
2017-12-10 10:00:00,33,15,18
2017-12-10 11:00:00,40,23,17
2017-12-10 12:00:00,70,39,31
2017-12-10 13:00:00,74,63,11
2017-12-10 14:00:00,62,49,13
2017-12-10 15:00:00,40,30,10
2017-12-10 16:00:00,25,20,5
2017-12-10 17:00:00,8,5,3
2017-12-10 18:00:00,2,2,0
2017-12-10 19:00:00,0,0,0
2017-12-10 20:00:00,0,0,0
2017-12-10 21:00:00,2,2,0
2017-12-10 22:00:00,1,1,0
2017-12-10 23:00:00,0,0,0
2017-12-11 00:00:00,0,0,0
2017-12-11 01:00:00,0,0,0
2017-12-11 02:00:00,0,0,0
2017-12-11 03:00:00,0,0,0
2017-12-11 04:00:00,4,4,0
2017-12-11 05:00:00,2,2,0
2017-12-11 06:00:00,13,9,4
2017-12-11 07:00:00,15,10,5
2017-12-11 08:00:00,28,23,5
2017-12-11 09:00:00,12,7,5
2017-12-11 10:00:00,12,7,5
2017-12-11 11:00:00,14,7,7
2017-12-11 12:00:00,8,1,7
2017-12-11 13:00:00,11,6,5
2017-12-11 14:00:00,18,13,5
2017-12-11 15:00:00,23,12,11
2017-12-11 16:00:00,27,17,10
2017-12-11 17:00:00,37,23,14
2017-12-11 18:00:00,22,18,4
2017-12-11 19:00:00,14,10,4
2017-12-11 20:00:00,4,4,0
2017-12-11 21:00:00,0,0,0
2017-12-11 22:00:00,2,2,0
2017-12-11 23:00:00,0,0,0
2017-12-12 00:00:00,0,0,0
2017-12-12 01:00:00,0,0,0
2017-12-12 02:00:00,0,0,0
2017-12-12 03:00:00,0,0,0
2017-12-12 04:00:00,3,3,0
2017-12-12 05:00:00,2,2,0
2017-12-12 06:00:00,14,10,4
2017-12-12 07:00:00,29,20,9
2017-12-12 08:00:00,23,17,6
2017-12-12 09:00:00,15,12,3
2017-12-12 10:00:00,10,8,2
2017-12-12 11:00:00,7,7,0
2017-12-12 12:00:00,9,6,3
2017-12-12 13:00:00,15,7,8
2017-12-12 14:00:00,13,7,6
2017-12-12 15:00:00,18,12,6
2017-12-12 16:00:00,30,21,9
2017-12-12 17:00:00,28,15,13
2017-12-12 18:00:00,38,23,15
2017-12-12 19:00:00,13,11,2
2017-12-12 20:00:00,4,3,1
2017-12-12 21:00:00,2,2,0
2017-12-12 22:00:00,0,0,0
2017-12-12 23:00:00,1,0,1
2017-12-13 00:00:00,0,0,0
2017-12-13 01:00:00,0,0,0
2017-12-13 02:00:00,0,0,0
2017-12-13 03:00:00,0,0,0
2017-12-13 04:00:00,2,2,0
2017-12-13 05:00:00,5,4,1
2017-12-13 06:00:00,15,10,5
2017-12-13 07:00:00,27,20,7
2017-12-13 08:00:00,28,16,12
2017-12-13 09:00:00,19,13,6
2017-12-13 10:00:00,14,8,6
2017-12-13 11:00:00,15,7,8
2017-12-13 12:00:00,19,12,7
2017-12-13 13:00:00,17,15,2
2017-12-13 14:00:00,21,14,7
2017-12-13 15:00:00,26,23,3
2017-12-13 16:00:00,25,18,7
2017-12-13 17:00:00,31,22,9
2017-12-13 18:00:00,23,19,4
2017-12-13 19:00:00,11,10,1
2017-12-13 20:00:00,4,2,2
2017-12-13 21:00:00,3,2,1
2017-12-13 22:00:00,2,1,1
2017-12-13 23:00:00,2,2,0
2017-12-14 00:00:00,0,0,0
2017-12-14 01:00:00,0,0,0
2017-12-14 02:00:00,0,0,0
2017-12-14 03:00:00,0,0,0
2017-12-14 04:00:00,4,4,0
2017-12-14 05:00:00,3,2,1
2017-12-14 06:00:00,12,10,2
2017-12-14 07:00:00,30,17,13
2017-12-14 08:00:00,22,17,5
2017-12-14 09:00:00,13,9,4
2017-12-14 10:00:00,12,11,1
2017-12-14 11:00:00,13,8,5
2017-12-14 12:00:00,13,6,7
2017-12-14 13:00:00,26,14,12
2017-12-14 14:00:00,16,6,10
2017-12-14 15:00:00,30,19,11
2017-12-14 16:00:00,26,11,15
2017-12-14 17:00:00,24,13,11
2017-12-14 18:00:00,28,21,7
2017-12-14 19:00:00,8,8,0
2017-12-14 20:00:00,7,5,2
2017-12-14 21:00:00,1,1,0
2017-12-14 22:00:00,1,1,0
2017-12-14 23:00:00,2,1,1
2017-12-15 00:00:00,0,0,0
2017-12-15 01:00:00,1,1,0
2017-12-15 02:00:00,0,0,0
2017-12-15 03:00:00,0,0,0
2017-12-15 04:00:00,2,2,0
2017-12-15 05:00:00,2,1,1
2017-12-15 06:00:00,8,6,2
2017-12-15 07:00:00,19,16,3
2017-12-15 08:00:00,20,14,6
2017-12-15 09:00:00,17,13,4
2017-12-15 10:00:00,15,9,6
2017-12-15 11:00:00,10,7,3
2017-12-15 12:00:00,6,5,1
2017-12-15 13:00:00,4,4,0
2017-12-15 14:00:00,4,2,2
2017-12-15 15:00:00,9,7,2
2017-12-15 16:00:00,24,15,9
2017-12-15 17:00:00,23,16,7
2017-12-15 18:00:00,29,20,9
2017-12-15 19:00:00,9,8,1
2017-12-15 20:00:00,1,1,0
2017-12-15 21:00:00,1,1,0
2017-12-15 22:00:00,0,0,0
2017-12-15 23:00:00,0,0,0
2017-12-16 00:00:00,0,0,0
2017-12-16 01:00:00,0,0,0
2017-12-16 02:00:00,0,0,0
2017-12-16 03:00:00,0,0,0
2017-12-16 04:00:00,1,1,0
2017-12-16 05:00:00,1,0,1
2017-12-16 06:00:00,1,1,0
2017-12-16 07:00:00,2,0,2
2017-12-16 08:00:00,23,18,5
2017-12-16 09:00:00,45,23,22
2017-12-16 10:00:00,47,28,19
2017-12-16 11:00:00,41,33,8
2017-12-16 12:00:00,47,40,7
2017-12-16 13:00:00,41,27,14
2017-12-16 14:00:00,33,22,11
2017-12-16 15:00:00,27,20,7
2017-12-16 16:00:00,6,4,2
2017-12-16 17:00:00,7,5,2
2017-12-16 18:00:00,1,1,0
2017-12-16 19:00:00,0,0,0
2017-12-16 20:00:00,1,1,0
2017-12-16 21:00:00,2,2,0
2017-12-16 22:00:00,1,1,0
2017-12-16 23:00:00,1,1,0
2017-12-17 00:00:00,0,0,0
2017-12-17 01:00:00,0,0,0
2017-12-17 02:00:00,0,0,0
2017-12-17 03:00:00,0,0,0
2017-12-17 04:00:00,0,0,0
2017-12-17 05:00:00,0,0,0
2017-12-17 06:00:00,2,2,0
2017-12-17 07:00:00,2,2,0
2017-12-17 08:00:00,16,4,12
2017-12-17 09:00:00,24,19,5
2017-12-17 10:00:00,15,6,9
2017-12-17 11:00:00,43,38,5
2017-12-17 12:00:00,13,11,2
2017-12-17 13:00:00,13,10,3
2017-12-17 14:00:00,13,9,4
2017-12-17 15:00:00,14,12,2
2017-12-17 16:00:00,7,7,0
2017-12-17 17:00:00,1,1,0
2017-12-17 18:00:00,0,0,0
2017-12-17 19:00:00,0,0,0
2017-12-17 20:00:00,2,2,0
2017-12-17 21:00:00,1,1,0
2017-12-17 22:00:00,1,0,1
2017-12-17 23:00:00,1,1,0
2017-12-18 00:00:00,0,0,0
2017-12-18 01:00:00,0,0,0
2017-12-18 02:00:00,0,0,0
2017-12-18 03:00:00,0,0,0
2017-12-18 04:00:00,3,2,1
2017-12-18 05:00:00,4,4,0
2017-12-18 06:00:00,6,6,0
2017-12-18 07:00:00,18,16,2
2017-12-18 08:00:00,23,19,4
2017-12-18 09:00:00,12,9,3
2017-12-18 10:00:00,5,2,3
2017-12-18 11:00:00,4,2,2
2017-12-18 12:00:00,1,1,0
2017-12-18 13:00:00,2,2,0
2017-12-18 14:00:00,6,4,2
2017-12-18 15:00:00,6,5,1
2017-12-18 16:00:00,21,16,5
2017-12-18 17:00:00,21,17,4
2017-12-18 18:00:00,24,23,1
2017-12-18 19:00:00,7,7,0
2017-12-18 20:00:00,3,3,0
2017-12-18 21:00:00,1,1,0
2017-12-18 22:00:00,2,2,0
2017-12-18 23:00:00,0,0,0
2017-12-19 00:00:00,0,0,0
2017-12-19 01:00:00,0,0,0
2017-12-19 02:00:00,0,0,0
2017-12-19 03:00:00,0,0,0
2017-12-19 04:00:00,2,2,0
2017-12-19 05:00:00,1,1,0
2017-12-19 06:00:00,5,5,0
2017-12-19 07:00:00,13,13,0
2017-12-19 08:00:00,9,9,0
2017-12-19 09:00:00,13,13,0
2017-12-19 10:00:00,6,6,0
2017-12-19 11:00:00,2,2,0
2017-12-19 12:00:00,1,0,1
2017-12-19 13:00:00,2,1,1
2017-12-19 14:00:00,4,1,3
2017-12-19 15:00:00,8,6,2
2017-12-19 16:00:00,15,11,4
2017-12-19 17:00:00,16,11,5
2017-12-19 18:00:00,16,11,5
2017-12-19 19:00:00,3,3,0
2017-12-19 20:00:00,2,0,2
2017-12-19 21:00:00,2,2,0
2017-12-19 22:00:00,2,1,1
2017-12-19 23:00:00,0,0,0
2017-12-20 00:00:00,0,0,0
2017-12-20 01:00:00,0,0,0
2017-12-20 02:00:00,0,0,0
2017-12-20 03:00:00,0,0,0
2017-12-20 04:00:00,3,3,0
2017-12-20 05:00:00,4,3,1
2017-12-20 06:00:00,9,6,3
2017-12-20 07:00:00,18,12,6
2017-12-20 08:00:00,21,15,6
2017-12-20 09:00:00,19,8,11
2017-12-20 10:00:00,16,14,2
2017-12-20 11:00:00,14,4,10
2017-12-20 12:00:00,9,4,5
2017-12-20 13:00:00,24,20,4
2017-12-20 14:00:00,32,27,5
2017-12-20 15:00:00,24,16,8
2017-12-20 16:00:00,26,10,16
2017-12-20 17:00:00,32,19,13
2017-12-20 18:00:00,30,13,17
2017-12-20 19:00:00,13,7,6
2017-12-20 20:00:00,14,11,3
2017-12-20 21:00:00,4,4,0
2017-12-20 22:00:00,1,1,0
2017-12-20 23:00:00,0,0,0
2017-12-21 00:00:00,2,1,1
2017-12-21 01:00:00,0,0,0
2017-12-21 02:00:00,0,0,0
2017-12-21 03:00:00,0,0,0
2017-12-21 04:00:00,1,1,0
2017-12-21 05:00:00,2,1,1
2017-12-21 06:00:00,4,2,2
2017-12-21 07:00:00,10,9,1
2017-12-21 08:00:00,12,7,5
2017-12-21 09:00:00,9,7,2
2017-12-21 10:00:00,6,5,1
2017-12-21 11:00:00,17,13,4
2017-12-21 12:00:00,10,3,7
2017-12-21 13:00:00,31,23,8
2017-12-21 14:00:00,18,8,10
2017-12-21 15:00:00,10,2,8
2017-12-21 16:00:00,20,17,3
2017-12-21 17:00:00,18,7,11
2017-12-21 18:00:00,19,14,5
2017-12-21 19:00:00,7,5,2
2017-12-21 20:00:00,4,4,0
2017-12-21 21:00:00,1,1,0
2017-12-21 22:00:00,1,1,0
2017-12-21 23:00:00,1,1,0
2017-12-22 00:00:00,0,0,0
2017-12-22 01:00:00,1,1,0
2017-12-22 02:00:00,5,5,0
2017-12-22 03:00:00,3,3,0
2017-12-22 04:00:00,1,1,0
2017-12-22 05:00:00,0,0,0
2017-12-22 06:00:00,1,1,0
2017-12-22 07:00:00,8,6,2
2017-12-22 08:00:00,5,5,0
2017-12-22 09:00:00,3,2,1
2017-12-22 10:00:00,6,3,3
2017-12-22 11:00:00,7,4,3
2017-12-22 12:00:00,2,1,1
2017-12-22 13:00:00,6,5,1
2017-12-22 14:00:00,11,7,4
2017-12-22 15:00:00,17,10,7
2017-12-22 16:00:00,7,1,6
2017-12-22 17:00:00,4,1,3
2017-12-22 18:00:00,2,1,1
2017-12-22 19:00:00,6,4,2
2017-12-22 20:00:00,1,1,0
2017-12-22 21:00:00,4,4,0
2017-12-22 22:00:00,1,1,0
2017-12-22 23:00:00,1,1,0
2017-12-23 00:00:00,0,0,0
2017-12-23 01:00:00,0,0,0
2017-12-23 02:00:00,0,0,0
2017-12-23 03:00:00,0,0,0
2017-12-23 04:00:00,0,0,0
2017-12-23 05:00:00,0,0,0
2017-12-23 06:00:00,0,0,0
2017-12-23 07:00:00,1,1,0
2017-12-23 08:00:00,7,4,3
2017-12-23 09:00:00,15,8,7
2017-12-23 10:00:00,26,17,9
2017-12-23 11:00:00,24,18,6
2017-12-23 12:00:00,37,25,12
2017-12-23 13:00:00,29,21,8
2017-12-23 14:00:00,58,52,6
2017-12-23 15:00:00,23,20,3
2017-12-23 16:00:00,6,4,2
2017-12-23 17:00:00,2,2,0
2017-12-23 18:00:00,2,2,0
2017-12-23 19:00:00,1,1,0
2017-12-23 20:00:00,5,5,0
2017-12-23 21:00:00,2,2,0
2017-12-23 22:00:00,0,0,0
2017-12-23 23:00:00,0,0,0
2017-12-24 00:00:00,1,1,0
2017-12-24 01:00:00,0,0,0
2017-12-24 02:00:00,1,0,1
2017-12-24 03:00:00,0,0,0
2017-12-24 04:00:00,1,1,0
2017-12-24 05:00:00,0,0,0
2017-12-24 06:00:00,0,0,0
2017-12-24 07:00:00,3,1,2
2017-12-24 08:00:00,4,3,1
2017-12-24 09:00:00,23,8,15
2017-12-24 10:00:00,11,6,5
2017-12-24 11:00:00,15,7,8
2017-12-24 12:00:00,18,15,3
2017-12-24 13:00:00,11,8,3
2017-12-24 14:00:00,7,2,5
2017-12-24 15:00:00,13,11,2
2017-12-24 16:00:00,4,3,1
2017-12-24 17:00:00,1,0,1
2017-12-24 18:00:00,2,2,0
2017-12-24 19:00:00,0,0,0
2017-12-24 20:00:00,1,1,0
2017-12-24 21:00:00,2,2,0
2017-12-24 22:00:00,0,0,0
2017-12-24 23:00:00,0,0,0
2017-12-25 00:00:00,0,0,0
2017-12-25 01:00:00,0,0,0
2017-12-25 02:00:00,0,0,0
2017-12-25 03:00:00,0,0,0
2017-12-25 04:00:00,0,0,0
2017-12-25 05:00:00,0,0,0
2017-12-25 06:00:00,1,1,0
2017-12-25 07:00:00,0,0,0
2017-12-25 08:00:00,1,0,1
2017-12-25 09:00:00,0,0,0
2017-12-25 10:00:00,0,0,0
2017-12-25 11:00:00,0,0,0
2017-12-25 12:00:00,1,0,1
2017-12-25 13:00:00,2,1,1
2017-12-25 14:00:00,0,0,0
2017-12-25 15:00:00,2,2,0
2017-12-25 16:00:00,2,1,1
2017-12-25 17:00:00,0,0,0
2017-12-25 18:00:00,0,0,0
2017-12-25 19:00:00,0,0,0
2017-12-25 20:00:00,0,0,0
2017-12-25 21:00:00,0,0,0
2017-12-25 22:00:00,0,0,0
2017-12-25 23:00:00,0,0,0
2017-12-26 00:00:00,0,0,0
2017-12-26 01:00:00,1,0,1
2017-12-26 02:00:00,0,0,0
2017-12-26 03:00:00,0,0,0
2017-12-26 04:00:00,0,0,0
2017-12-26 05:00:00,1,0,1
2017-12-26 06:00:00,0,0,0
2017-12-26 07:00:00,3,3,0
2017-12-26 08:00:00,1,1,0
2017-12-26 09:00:00,4,2,2
2017-12-26 10:00:00,3,2,1
2017-12-26 11:00:00,5,1,4
2017-12-26 12:00:00,7,6,1
2017-12-26 13:00:00,7,7,0
2017-12-26 14:00:00,10,8,2
2017-12-26 15:00:00,11,10,1
2017-12-26 16:00:00,9,6,3
2017-12-26 17:00:00,3,2,1
2017-12-26 18:00:00,8,3,5
2017-12-26 19:00:00,0,0,0
2017-12-26 20:00:00,0,0,0
2017-12-26 21:00:00,5,5,0
2017-12-26 22:00:00,1,1,0
2017-12-26 23:00:00,0,0,0
2017-12-27 00:00:00,0,0,0
2017-12-27 01:00:00,0,0,0
2017-12-27 02:00:00,0,0,0
2017-12-27 03:00:00,0,0,0
2017-12-27 04:00:00,1,1,0
2017-12-27 05:00:00,2,1,1
2017-12-27 06:00:00,1,1,0
2017-12-27 07:00:00,6,3,3
2017-12-27 08:00:00,11,6,5
2017-12-27 09:00:00,3,2,1
2017-12-27 10:00:00,7,4,3
2017-12-27 11:00:00,6,5,1
2017-12-27 12:00:00,11,8,3
2017-12-27 13:00:00,11,8,3
2017-12-27 14:00:00,9,6,3
2017-12-27 15:00:00,9,3,6
2017-12-27 16:00:00,8,5,3
2017-12-27 17:00:00,8,5,3
2017-12-27 18:00:00,3,2,1
2017-12-27 19:00:00,5,4,1
2017-12-27 20:00:00,10,10,0
2017-12-27 21:00:00,4,4,0
2017-12-27 22:00:00,1,1,0
2017-12-27 23:00:00,1,1,0
2017-12-28 00:00:00,0,0,0
2017-12-28 01:00:00,0,0,0
2017-12-28 02:00:00,0,0,0
2017-12-28 03:00:00,2,2,0
2017-12-28 04:00:00,0,0,0
2017-12-28 05:00:00,0,0,0
2017-12-28 06:00:00,8,7,1
2017-12-28 07:00:00,6,5,1
2017-12-28 08:00:00,5,4,1
2017-12-28 09:00:00,9,5,4
2017-12-28 10:00:00,7,4,3
2017-12-28 11:00:00,9,5,4
2017-12-28 12:00:00,10,7,3
2017-12-28 13:00:00,12,10,2
2017-12-28 14:00:00,6,4,2
2017-12-28 15:00:00,10,7,3
2017-12-28 16:00:00,6,4,2
2017-12-28 17:00:00,8,6,2
2017-12-28 18:00:00,8,7,1
2017-12-28 19:00:00,7,7,0
2017-12-28 20:00:00,1,1,0
2017-12-28 21:00:00,2,2,0
2017-12-28 22:00:00,0,0,0
2017-12-28 23:00:00,0,0,0
2017-12-29 00:00:00,0,0,0
2017-12-29 01:00:00,1,1,0
2017-12-29 02:00:00,0,0,0
2017-12-29 03:00:00,0,0,0
2017-12-29 04:00:00,0,0,0
2017-12-29 05:00:00,1,1,0
2017-12-29 06:00:00,3,3,0
2017-12-29 07:00:00,4,4,0
2017-12-29 08:00:00,2,1,1
2017-12-29 09:00:00,1,1,0
2017-12-29 10:00:00,2,2,0
2017-12-29 11:00:00,1,1,0
2017-12-29 12:00:00,2,2,0
2017-12-29 13:00:00,0,0,0
2017-12-29 14:00:00,1,1,0
2017-12-29 15:00:00,5,5,0
2017-12-29 16:00:00,6,6,0
2017-12-29 17:00:00,5,5,0
2017-12-29 18:00:00,6,6,0
2017-12-29 19:00:00,3,3,0
2017-12-29 20:00:00,2,2,0
2017-12-29 21:00:00,0,0,0
2017-12-29 22:00:00,0,0,0
2017-12-29 23:00:00,0,0,0
2017-12-30 00:00:00,0,0,0
2017-12-30 01:00:00,0,0,0
2017-12-30 02:00:00,0,0,0
2017-12-30 03:00:00,0,0,0
2017-12-30 04:00:00,1,1,0
2017-12-30 05:00:00,0,0,0
2017-12-30 06:00:00,0,0,0
2017-12-30 07:00:00,1,1,0
2017-12-30 08:00:00,15,9,6
2017-12-30 09:00:00,26,18,8
2017-12-30 10:00:00,46,27,19
2017-12-30 11:00:00,35,22,13
2017-12-30 12:00:00,76,49,27
2017-12-30 13:00:00,44,33,11
2017-12-30 14:00:00,42,28,14
2017-12-30 15:00:00,38,28,10
2017-12-30 16:00:00,9,7,2
2017-12-30 17:00:00,4,3,1
2017-12-30 18:00:00,1,1,0
2017-12-30 19:00:00,1,0,1
2017-12-30 20:00:00,3,3,0
2017-12-30 21:00:00,0,0,0
2017-12-30 22:00:00,2,1,1
2017-12-30 23:00:00,0,0,0
2017-12-31 00:00:00,1,1,0
2017-12-31 01:00:00,0,0,0
2017-12-31 02:00:00,0,0,0
2017-12-31 03:00:00,0,0,0
2017-12-31 04:00:00,0,0,0
2017-12-31 05:00:00,0,0,0
2017-12-31 06:00:00,1,1,0
2017-12-31 07:00:00,2,0,2
2017-12-31 08:00:00,21,7,14
2017-12-31 09:00:00,17,13,4
2017-12-31 10:00:00,23,15,8
2017-12-31 11:00:00,38,23,15
2017-12-31 12:00:00,67,45,22
2017-12-31 13:00:00,72,62,10
2017-12-31 14:00:00,34,31,3
2017-12-31 15:00:00,45,42,3
2017-12-31 16:00:00,21,16,5
2017-12-31 17:00:00,3,3,0
2017-12-31 18:00:00,0,0,0
2017-12-31 19:00:00,2,2,0
2017-12-31 20:00:00,1,0,1
2017-12-31 21:00:00,1,1,0
2017-12-31 22:00:00,0,0,0
2017-12-31 23:00:00,0,0,0
2018-01-01 00:00:00,0,0,0
2018-01-01 01:00:00,0,0,0
2018-01-01 02:00:00,2,0,2
2018-01-01 03:00:00,0,0,0
2018-01-01 04:00:00,0,0,0
2018-01-01 05:00:00,0,0,0
2018-01-01 06:00:00,1,0,1
2018-01-01 07:00:00,1,1,0
2018-01-01 08:00:00,1,1,0
2018-01-01 09:00:00,5,2,3
2018-01-01 10:00:00,29,19,10
2018-01-01 11:00:00,61,25,36
2018-01-01 12:00:00,47,22,25
2018-01-01 13:00:00,67,53,14
2018-01-01 14:00:00,78,70,8
2018-01-01 15:00:00,57,45,12
2018-01-01 16:00:00,30,25,5
2018-01-01 17:00:00,6,6,0
2018-01-01 18:00:00,7,7,0
2018-01-01 19:00:00,2,0,2
2018-01-01 20:00:00,1,1,0
2018-01-01 21:00:00,0,0,0
2018-01-01 22:00:00,0,0,0
2018-01-01 23:00:00,0,0,0
2018-01-02 00:00:00,0,0,0
2018-01-02 01:00:00,0,0,0
2018-01-02 02:00:00,0,0,0
2018-01-02 03:00:00,0,0,0
2018-01-02 04:00:00,5,4,1
2018-01-02 05:00:00,4,2,2
2018-01-02 06:00:00,9,8,1
2018-01-02 07:00:00,23,18,5
2018-01-02 08:00:00,30,21,9
2018-01-02 09:00:00,12,8,4
2018-01-02 10:00:00,9,7,2
2018-01-02 11:00:00,11,9,2
2018-01-02 12:00:00,15,13,2
2018-01-02 13:00:00,15,14,1
2018-01-02 14:00:00,18,16,2
2018-01-02 15:00:00,19,14,5
2018-01-02 16:00:00,22,14,8
2018-01-02 17:00:00,29,16,13
2018-01-02 18:00:00,22,12,10
2018-01-02 19:00:00,9,5,4
2018-01-02 20:00:00,4,3,1
2018-01-02 21:00:00,2,2,0
2018-01-02 22:00:00,0,0,0
2018-01-02 23:00:00,1,0,1
2018-01-03 00:00:00,0,0,0
2018-01-03 01:00:00,0,0,0
2018-01-03 02:00:00,1,1,0
2018-01-03 03:00:00,0,0,0
2018-01-03 04:00:00,3,3,0
2018-01-03 05:00:00,5,2,3
2018-01-03 06:00:00,11,8,3
2018-01-03 07:00:00,34,22,12
2018-01-03 08:00:00,31,21,10
2018-01-03 09:00:00,18,9,9
2018-01-03 10:00:00,7,6,1
2018-01-03 11:00:00,12,9,3
2018-01-03 12:00:00,16,15,1
2018-01-03 13:00:00,19,17,2
2018-01-03 14:00:00,17,16,1
2018-01-03 15:00:00,36,30,6
2018-01-03 16:00:00,24,16,8
2018-01-03 17:00:00,37,24,13
2018-01-03 18:00:00,22,14,8
2018-01-03 19:00:00,18,14,4
2018-01-03 20:00:00,4,4,0
2018-01-03 21:00:00,2,1,1
2018-01-03 22:00:00,2,2,0
2018-01-03 23:00:00,0,0,0
2018-01-04 00:00:00,0,0,0
2018-01-04 01:00:00,0,0,0
2018-01-04 02:00:00,0,0,0
2018-01-04 03:00:00,0,0,0
2018-01-04 04:00:00,3,3,0
2018-01-04 05:00:00,4,2,2
2018-01-04 06:00:00,9,6,3
2018-01-04 07:00:00,22,16,6
2018-01-04 08:00:00,36,29,7
2018-01-04 09:00:00,13,10,3
2018-01-04 10:00:00,17,13,4
2018-01-04 11:00:00,8,7,1
2018-01-04 12:00:00,16,12,4
2018-01-04 13:00:00,8,7,1
2018-01-04 14:00:00,6,6,0
2018-01-04 15:00:00,8,6,2
2018-01-04 16:00:00,18,14,4
2018-01-04 17:00:00,42,26,16
2018-01-04 18:00:00,24,12,12
2018-01-04 19:00:00,15,7,8
2018-01-04 20:00:00,6,4,2
2018-01-04 21:00:00,1,1,0
2018-01-04 22:00:00,0,0,0
2018-01-04 23:00:00,0,0,0
2018-01-05 00:00:00,0,0,0
2018-01-05 01:00:00,0,0,0
2018-01-05 02:00:00,0,0,0
2018-01-05 03:00:00,0,0,0
2018-01-05 04:00:00,1,1,0
2018-01-05 05:00:00,0,0,0
2018-01-05 06:00:00,3,1,2
2018-01-05 07:00:00,23,20,3
2018-01-05 08:00:00,15,13,2
2018-01-05 09:00:00,9,8,1
2018-01-05 10:00:00,6,6,0
2018-01-05 11:00:00,1,0,1
2018-01-05 12:00:00,1,1,0
2018-01-05 13:00:00,6,5,1
2018-01-05 14:00:00,1,0,1
2018-01-05 15:00:00,14,9,5
2018-01-05 16:00:00,20,17,3
2018-01-05 17:00:00,15,10,5
2018-01-05 18:00:00,14,7,7
2018-01-05 19:00:00,9,9,0
2018-01-05 20:00:00,3,1,2
2018-01-05 21:00:00,0,0,0
2018-01-05 22:00:00,1,1,0
2018-01-05 23:00:00,0,0,0
2018-01-06 00:00:00,0,0,0
2018-01-06 01:00:00,0,0,0
2018-01-06 02:00:00,0,0,0
2018-01-06 03:00:00,0,0,0
2018-01-06 04:00:00,0,0,0
2018-01-06 05:00:00,0,0,0
2018-01-06 06:00:00,1,1,0
2018-01-06 07:00:00,6,4,2
2018-01-06 08:00:00,13,12,1
2018-01-06 09:00:00,19,13,6
2018-01-06 10:00:00,39,34,5
2018-01-06 11:00:00,39,28,11
2018-01-06 12:00:00,19,11,8
2018-01-06 13:00:00,25,21,4
2018-01-06 14:00:00,39,22,17
2018-01-06 15:00:00,35,29,6
2018-01-06 16:00:00,12,9,3
2018-01-06 17:00:00,2,2,0
2018-01-06 18:00:00,3,2,1
2018-01-06 19:00:00,0,0,0
2018-01-06 20:00:00,1,1,0
2018-01-06 21:00:00,2,2,0
2018-01-06 22:00:00,0,0,0
2018-01-06 23:00:00,0,0,0
2018-01-07 00:00:00,0,0,0
2018-01-07 01:00:00,0,0,0
2018-01-07 02:00:00,0,0,0
2018-01-07 03:00:00,0,0,0
2018-01-07 04:00:00,0,0,0
2018-01-07 05:00:00,0,0,0
2018-01-07 06:00:00,1,1,0
2018-01-07 07:00:00,0,0,0
2018-01-07 08:00:00,5,2,3
2018-01-07 09:00:00,9,6,3
2018-01-07 10:00:00,12,4,8
2018-01-07 11:00:00,27,18,9
2018-01-07 12:00:00,42,29,13
2018-01-07 13:00:00,36,29,7
2018-01-07 14:00:00,17,13,4
2018-01-07 15:00:00,9,8,1
2018-01-07 16:00:00,4,4,0
2018-01-07 17:00:00,3,3,0
2018-01-07 18:00:00,1,1,0
2018-01-07 19:00:00,0,0,0
2018-01-07 20:00:00,1,1,0
2018-01-07 21:00:00,1,1,0
2018-01-07 22:00:00,0,0,0
2018-01-07 23:00:00,0,0,0
2018-01-08 00:00:00,0,0,0
2018-01-08 01:00:00,0,0,0
2018-01-08 02:00:00,0,0,0
2018-01-08 03:00:00,0,0,0
2018-01-08 04:00:00,4,4,0
2018-01-08 05:00:00,2,2,0
2018-01-08 06:00:00,11,9,2
2018-01-08 07:00:00,31,21,10
2018-01-08 08:00:00,36,30,6
2018-01-08 09:00:00,16,12,4
2018-01-08 10:00:00,17,12,5
2018-01-08 11:00:00,9,7,2
2018-01-08 12:00:00,16,9,7
2018-01-08 13:00:00,16,13,3
2018-01-08 14:00:00,12,11,1
2018-01-08 15:00:00,24,19,5
2018-01-08 16:00:00,29,21,8
2018-01-08 17:00:00,42,27,15
2018-01-08 18:00:00,38,29,9
2018-01-08 19:00:00,12,9,3
2018-01-08 20:00:00,3,2,1
2018-01-08 21:00:00,3,3,0
2018-01-08 22:00:00,0,0,0
2018-01-08 23:00:00,0,0,0
2018-01-09 00:00:00,0,0,0
2018-01-09 01:00:00,0,0,0
2018-01-09 02:00:00,0,0,0
2018-01-09 03:00:00,0,0,0
2018-01-09 04:00:00,5,5,0
2018-01-09 05:00:00,1,1,0
2018-01-09 06:00:00,16,15,1
2018-01-09 07:00:00,29,24,5
2018-01-09 08:00:00,24,21,3
2018-01-09 09:00:00,10,9,1
2018-01-09 10:00:00,11,10,1
2018-01-09 11:00:00,1,1,0
2018-01-09 12:00:00,4,4,0
2018-01-09 13:00:00,2,2,0
2018-01-09 14:00:00,2,2,0
2018-01-09 15:00:00,5,5,0
2018-01-09 16:00:00,18,16,2
2018-01-09 17:00:00,28,24,4
2018-01-09 18:00:00,23,17,6
2018-01-09 19:00:00,16,8,8
2018-01-09 20:00:00,10,4,6
2018-01-09 21:00:00,4,3,1
2018-01-09 22:00:00,0,0,0
2018-01-09 23:00:00,0,0,0
2018-01-10 00:00:00,0,0,0
2018-01-10 01:00:00,0,0,0
2018-01-10 02:00:00,0,0,0
2018-01-10 03:00:00,1,1,0
2018-01-10 04:00:00,3,3,0
2018-01-10 05:00:00,3,2,1
2018-01-10 06:00:00,11,7,4
2018-01-10 07:00:00,31,23,8
2018-01-10 08:00:00,28,15,13
2018-01-10 09:00:00,15,11,4
2018-01-10 10:00:00,13,7,6
2018-01-10 11:00:00,5,3,2
2018-01-10 12:00:00,13,8,5
2018-01-10 13:00:00,11,7,4
2018-01-10 14:00:00,2,1,1
2018-01-10 15:00:00,13,8,5
2018-01-10 16:00:00,23,14,9
2018-01-10 17:00:00,28,16,12
2018-01-10 18:00:00,19,15,4
2018-01-10 19:00:00,10,9,1
2018-01-10 20:00:00,3,2,1
2018-01-10 21:00:00,4,3,1
2018-01-10 22:00:00,1,1,0
2018-01-10 23:00:00,1,1,0
2018-01-11 00:00:00,1,1,0
2018-01-11 01:00:00,0,0,0
2018-01-11 02:00:00,1,1,0
2018-01-11 03:00:00,1,1,0
2018-01-11 04:00:00,5,4,1
2018-01-11 05:00:00,1,1,0
2018-01-11 06:00:00,8,7,1
2018-01-11 07:00:00,8,8,0
2018-01-11 08:00:00,16,16,0
2018-01-11 09:00:00,8,8,0
2018-01-11 10:00:00,2,2,0
2018-01-11 11:00:00,2,2,0
2018-01-11 12:00:00,0,0,0
2018-01-11 13:00:00,2,1,1
2018-01-11 14:00:00,4,4,0
2018-01-11 15:00:00,2,1,1
2018-01-11 16:00:00,17,16,1
2018-01-11 17:00:00,10,10,0
2018-01-11 18:00:00,19,17,2
2018-01-11 19:00:00,12,11,1
2018-01-11 20:00:00,2,2,0
2018-01-11 21:00:00,1,1,0
2018-01-11 22:00:00,0,0,0
2018-01-11 23:00:00,0,0,0
2018-01-12 00:00:00,0,0,0
2018-01-12 01:00:00,0,0,0
2018-01-12 02:00:00,0,0,0
2018-01-12 03:00:00,0,0,0
2018-01-12 04:00:00,5,5,0
2018-01-12 05:00:00,4,3,1
2018-01-12 06:00:00,12,11,1
2018-01-12 07:00:00,17,14,3
2018-01-12 08:00:00,19,15,4
2018-01-12 09:00:00,14,11,3
2018-01-12 10:00:00,15,8,7
2018-01-12 11:00:00,16,12,4
2018-01-12 12:00:00,4,3,1
2018-01-12 13:00:00,6,4,2
2018-01-12 14:00:00,6,4,2
2018-01-12 15:00:00,14,13,1
2018-01-12 16:00:00,26,18,8
2018-01-12 17:00:00,15,11,4
2018-01-12 18:00:00,15,13,2
2018-01-12 19:00:00,10,9,1
2018-01-12 20:00:00,6,6,0
2018-01-12 21:00:00,0,0,0
2018-01-12 22:00:00,0,0,0
2018-01-12 23:00:00,1,1,0
2018-01-13 00:00:00,0,0,0
2018-01-13 01:00:00,0,0,0
2018-01-13 02:00:00,0,0,0
2018-01-13 03:00:00,0,0,0
2018-01-13 04:00:00,0,0,0
2018-01-13 05:00:00,1,1,0
2018-01-13 06:00:00,0,0,0
2018-01-13 07:00:00,2,1,1
2018-01-13 08:00:00,13,9,4
2018-01-13 09:00:00,32,21,11
2018-01-13 10:00:00,35,26,9
2018-01-13 11:00:00,39,34,5
2018-01-13 12:00:00,61,58,3
2018-01-13 13:00:00,55,51,4
2018-01-13 14:00:00,69,64,5
2018-01-13 15:00:00,50,47,3
2018-01-13 16:00:00,41,37,4
2018-01-13 17:00:00,14,11,3
2018-01-13 18:00:00,7,5,2
2018-01-13 19:00:00,0,0,0
2018-01-13 20:00:00,2,2,0
2018-01-13 21:00:00,1,1,0
2018-01-13 22:00:00,0,0,0
2018-01-13 23:00:00,0,0,0
2018-01-14 00:00:00,0,0,0
2018-01-14 01:00:00,0,0,0
2018-01-14 02:00:00,1,0,1
2018-01-14 03:00:00,0,0,0
2018-01-14 04:00:00,0,0,0
2018-01-14 05:00:00,0,0,0
2018-01-14 06:00:00,0,0,0
2018-01-14 07:00:00,3,0,3
2018-01-14 08:00:00,33,17,16
2018-01-14 09:00:00,40,24,16
2018-01-14 10:00:00,74,39,35
2018-01-14 11:00:00,101,63,38
2018-01-14 12:00:00,104,60,44
2018-01-14 13:00:00,129,104,25
2018-01-14 14:00:00,133,120,13
2018-01-14 15:00:00,88,73,15
2018-01-14 16:00:00,47,39,8
2018-01-14 17:00:00,9,8,1
2018-01-14 18:00:00,3,1,2
2018-01-14 19:00:00,1,1,0
2018-01-14 20:00:00,0,0,0
2018-01-14 21:00:00,2,2,0
2018-01-14 22:00:00,0,0,0
2018-01-14 23:00:00,0,0,0
2018-01-15 00:00:00,0,0,0
2018-01-15 01:00:00,0,0,0
2018-01-15 02:00:00,0,0,0
2018-01-15 03:00:00,0,0,0
2018-01-15 04:00:00,2,1,1
2018-01-15 05:00:00,4,4,0
2018-01-15 06:00:00,10,8,2
2018-01-15 07:00:00,18,14,4
2018-01-15 08:00:00,19,18,1
2018-01-15 09:00:00,23,14,9
2018-01-15 10:00:00,35,26,9
2018-01-15 11:00:00,50,41,9
2018-01-15 12:00:00,52,40,12
2018-01-15 13:00:00,55,41,14
2018-01-15 14:00:00,84,62,22
2018-01-15 15:00:00,58,40,18
2018-01-15 16:00:00,46,28,18
2018-01-15 17:00:00,25,20,5
2018-01-15 18:00:00,13,7,6
2018-01-15 19:00:00,6,6,0
2018-01-15 20:00:00,3,2,1
2018-01-15 21:00:00,1,1,0
2018-01-15 22:00:00,1,1,0
2018-01-15 23:00:00,1,1,0
2018-01-16 00:00:00,0,0,0
2018-01-16 01:00:00,0,0,0
2018-01-16 02:00:00,0,0,0
2018-01-16 03:00:00,0,0,0
2018-01-16 04:00:00,5,5,0
2018-01-16 05:00:00,1,1,0
2018-01-16 06:00:00,8,6,2
2018-01-16 07:00:00,29,25,4
2018-01-16 08:00:00,26,23,3
2018-01-16 09:00:00,16,10,6
2018-01-16 10:00:00,9,7,2
2018-01-16 11:00:00,11,7,4
2018-01-16 12:00:00,6,3,3
2018-01-16 13:00:00,11,10,1
2018-01-16 14:00:00,11,5,6
2018-01-16 15:00:00,17,12,5
2018-01-16 16:00:00,28,21,7
2018-01-16 17:00:00,28,14,14
2018-01-16 18:00:00,37,24,13
2018-01-16 19:00:00,10,4,6
2018-01-16 20:00:00,5,5,0
2018-01-16 21:00:00,1,1,0
2018-01-16 22:00:00,0,0,0
2018-01-16 23:00:00,0,0,0
2018-01-17 00:00:00,0,0,0
2018-01-17 01:00:00,0,0,0
2018-01-17 02:00:00,0,0,0
2018-01-17 03:00:00,0,0,0
2018-01-17 04:00:00,6,6,0
2018-01-17 05:00:00,1,0,1
2018-01-17 06:00:00,11,11,0
2018-01-17 07:00:00,19,15,4
2018-01-17 08:00:00,24,15,9
2018-01-17 09:00:00,21,17,4
2018-01-17 10:00:00,14,11,3
2018-01-17 11:00:00,15,9,6
2018-01-17 12:00:00,8,5,3
2018-01-17 13:00:00,6,2,4
2018-01-17 14:00:00,7,6,1
2018-01-17 15:00:00,10,8,2
2018-01-17 16:00:00,11,10,1
2018-01-17 17:00:00,19,18,1
2018-01-17 18:00:00,18,16,2
2018-01-17 19:00:00,10,9,1
2018-01-17 20:00:00,4,3,1
2018-01-17 21:00:00,3,3,0
2018-01-17 22:00:00,1,1,0
2018-01-17 23:00:00,0,0,0
2018-01-18 00:00:00,0,0,0
2018-01-18 01:00:00,0,0,0
2018-01-18 02:00:00,0,0,0
2018-01-18 03:00:00,0,0,0
2018-01-18 04:00:00,2,2,0
2018-01-18 05:00:00,2,1,1
2018-01-18 06:00:00,6,3,3
2018-01-18 07:00:00,19,16,3
2018-01-18 08:00:00,16,10,6
2018-01-18 09:00:00,15,10,5
2018-01-18 10:00:00,14,10,4
2018-01-18 11:00:00,6,3,3
2018-01-18 12:00:00,9,8,1
2018-01-18 13:00:00,6,4,2
2018-01-18 14:00:00,7,5,2
2018-01-18 15:00:00,6,5,1
2018-01-18 16:00:00,13,12,1
2018-01-18 17:00:00,19,13,6
2018-01-18 18:00:00,17,12,5
2018-01-18 19:00:00,9,7,2
2018-01-18 20:00:00,5,4,1
2018-01-18 21:00:00,1,1,0
2018-01-18 22:00:00,1,1,0
2018-01-18 23:00:00,0,0,0
2018-01-19 00:00:00,0,0,0
2018-01-19 01:00:00,0,0,0
2018-01-19 02:00:00,0,0,0
2018-01-19 03:00:00,0,0,0
2018-01-19 04:00:00,2,2,0
2018-01-19 05:00:00,2,2,0
2018-01-19 06:00:00,14,9,5
2018-01-19 07:00:00,23,18,5
2018-01-19 08:00:00,19,14,5
2018-01-19 09:00:00,22,16,6
2018-01-19 10:00:00,13,13,0
2018-01-19 11:00:00,11,6,5
2018-01-19 12:00:00,14,9,5
2018-01-19 13:00:00,12,6,6
2018-01-19 14:00:00,14,10,4
2018-01-19 15:00:00,17,9,8
2018-01-19 16:00:00,21,12,9
2018-01-19 17:00:00,32,22,10
2018-01-19 18:00:00,13,9,4
2018-01-19 19:00:00,7,5,2
2018-01-19 20:00:00,4,2,2
2018-01-19 21:00:00,1,1,0
2018-01-19 22:00:00,1,1,0
2018-01-19 23:00:00,0,0,0
2018-01-20 00:00:00,0,0,0
2018-01-20 01:00:00,0,0,0
2018-01-20 02:00:00,0,0,0
2018-01-20 03:00:00,0,0,0
2018-01-20 04:00:00,0,0,0
2018-01-20 05:00:00,0,0,0
2018-01-20 06:00:00,9,1,8
2018-01-20 07:00:00,5,4,1
2018-01-20 08:00:00,21,11,10
2018-01-20 09:00:00,40,17,23
2018-01-20 10:00:00,41,23,18
2018-01-20 11:00:00,34,26,8
2018-01-20 12:00:00,33,25,8
2018-01-20 13:00:00,38,30,8
2018-01-20 14:00:00,28,22,6
2018-01-20 15:00:00,16,12,4
2018-01-20 16:00:00,17,14,3
2018-01-20 17:00:00,5,2,3
2018-01-20 18:00:00,4,3,1
2018-01-20 19:00:00,0,0,0
2018-01-20 20:00:00,2,2,0
2018-01-20 21:00:00,1,1,0
2018-01-20 22:00:00,1,1,0
2018-01-20 23:00:00,0,0,0
2018-01-21 00:00:00,0,0,0
2018-01-21 01:00:00,1,0,1
2018-01-21 02:00:00,1,1,0
2018-01-21 03:00:00,0,0,0
2018-01-21 04:00:00,0,0,0
2018-01-21 05:00:00,0,0,0
2018-01-21 06:00:00,1,1,0
2018-01-21 07:00:00,2,2,0
2018-01-21 08:00:00,7,4,3
2018-01-21 09:00:00,6,5,1
2018-01-21 10:00:00,12,9,3
2018-01-21 11:00:00,15,10,5
2018-01-21 12:00:00,14,13,1
2018-01-21 13:00:00,19,9,10
2018-01-21 14:00:00,23,20,3
2018-01-21 15:00:00,23,18,5
2018-01-21 16:00:00,2,2,0
2018-01-21 17:00:00,2,2,0
2018-01-21 18:00:00,0,0,0
2018-01-21 19:00:00,0,0,0
2018-01-21 20:00:00,0,0,0
2018-01-21 21:00:00,0,0,0
2018-01-21 22:00:00,1,1,0
2018-01-21 23:00:00,0,0,0
2018-01-22 00:00:00,0,0,0
2018-01-22 01:00:00,1,1,0
2018-01-22 02:00:00,0,0,0
2018-01-22 03:00:00,0,0,0
2018-01-22 04:00:00,3,2,1
2018-01-22 05:00:00,7,7,0
2018-01-22 06:00:00,10,6,4
2018-01-22 07:00:00,29,20,9
2018-01-22 08:00:00,28,22,6
2018-01-22 09:00:00,12,8,4
2018-01-22 10:00:00,12,8,4
2018-01-22 11:00:00,8,4,4
2018-01-22 12:00:00,19,14,5
2018-01-22 13:00:00,9,7,2
2018-01-22 14:00:00,16,12,4
2018-01-22 15:00:00,17,14,3
2018-01-22 16:00:00,32,23,9
2018-01-22 17:00:00,36,23,13
2018-01-22 18:00:00,27,20,7
2018-01-22 19:00:00,16,11,5
2018-01-22 20:00:00,4,3,1
2018-01-22 21:00:00,1,1,0
2018-01-22 22:00:00,0,0,0
2018-01-22 23:00:00,0,0,0
2018-01-23 00:00:00,1,1,0
2018-01-23 01:00:00,0,0,0
2018-01-23 02:00:00,0,0,0
2018-01-23 03:00:00,0,0,0
2018-01-23 04:00:00,4,3,1
2018-01-23 05:00:00,4,4,0
2018-01-23 06:00:00,8,8,0
2018-01-23 07:00:00,17,9,8
2018-01-23 08:00:00,19,15,4
2018-01-23 09:00:00,8,8,0
2018-01-23 10:00:00,4,2,2
2018-01-23 11:00:00,3,3,0
2018-01-23 12:00:00,3,3,0
2018-01-23 13:00:00,2,2,0
2018-01-23 14:00:00,1,1,0
2018-01-23 15:00:00,2,1,1
2018-01-23 16:00:00,12,12,0
2018-01-23 17:00:00,20,18,2
2018-01-23 18:00:00,19,18,1
2018-01-23 19:00:00,8,8,0
2018-01-23 20:00:00,2,2,0
2018-01-23 21:00:00,4,4,0
2018-01-23 22:00:00,1,1,0
2018-01-23 23:00:00,0,0,0
2018-01-24 00:00:00,0,0,0
2018-01-24 01:00:00,0,0,0
2018-01-24 02:00:00,0,0,0
2018-01-24 03:00:00,0,0,0
2018-01-24 04:00:00,3,3,0
2018-01-24 05:00:00,2,2,0
2018-01-24 06:00:00,10,7,3
2018-01-24 07:00:00,21,18,3
2018-01-24 08:00:00,17,12,5
2018-01-24 09:00:00,9,9,0
2018-01-24 10:00:00,3,2,1
2018-01-24 11:00:00,5,2,3
2018-01-24 12:00:00,2,1,1
2018-01-24 13:00:00,3,3,0
2018-01-24 14:00:00,5,5,0
2018-01-24 15:00:00,5,5,0
2018-01-24 16:00:00,18,14,4
2018-01-24 17:00:00,21,17,4
2018-01-24 18:00:00,23,16,7
2018-01-24 19:00:00,10,8,2
2018-01-24 20:00:00,1,1,0
2018-01-24 21:00:00,3,2,1
2018-01-24 22:00:00,0,0,0
2018-01-24 23:00:00,0,0,0
2018-01-25 00:00:00,0,0,0
2018-01-25 01:00:00,1,1,0
2018-01-25 02:00:00,0,0,0
2018-01-25 03:00:00,0,0,0
2018-01-25 04:00:00,4,3,1
2018-01-25 05:00:00,0,0,0
2018-01-25 06:00:00,11,10,1
2018-01-25 07:00:00,27,24,3
2018-01-25 08:00:00,23,17,6
2018-01-25 09:00:00,16,13,3
2018-01-25 10:00:00,3,2,1
2018-01-25 11:00:00,0,0,0
2018-01-25 12:00:00,2,0,2
2018-01-25 13:00:00,2,1,1
2018-01-25 14:00:00,5,2,3
2018-01-25 15:00:00,10,7,3
2018-01-25 16:00:00,16,9,7
2018-01-25 17:00:00,29,17,12
2018-01-25 18:00:00,22,12,10
2018-01-25 19:00:00,8,4,4
2018-01-25 20:00:00,5,1,4
2018-01-25 21:00:00,4,2,2
2018-01-25 22:00:00,2,2,0
2018-01-25 23:00:00,0,0,0
2018-01-26 00:00:00,0,0,0
2018-01-26 01:00:00,0,0,0
2018-01-26 02:00:00,0,0,0
2018-01-26 03:00:00,0,0,0
2018-01-26 04:00:00,4,4,0
2018-01-26 05:00:00,5,4,1
2018-01-26 06:00:00,13,10,3
2018-01-26 07:00:00,25,21,4
2018-01-26 08:00:00,18,14,4
2018-01-26 09:00:00,11,10,1
2018-01-26 10:00:00,7,5,2
2018-01-26 11:00:00,5,5,0
2018-01-26 12:00:00,6,4,2
2018-01-26 13:00:00,4,2,2
2018-01-26 14:00:00,12,11,1
2018-01-26 15:00:00,17,13,4
2018-01-26 16:00:00,15,9,6
2018-01-26 17:00:00,28,18,10
2018-01-26 18:00:00,20,15,5
2018-01-26 19:00:00,4,3,1
2018-01-26 20:00:00,3,2,1
2018-01-26 21:00:00,1,1,0
2018-01-26 22:00:00,0,0,0
2018-01-26 23:00:00,0,0,0
2018-01-27 00:00:00,0,0,0
2018-01-27 01:00:00,0,0,0
2018-01-27 02:00:00,0,0,0
2018-01-27 03:00:00,0,0,0
2018-01-27 04:00:00,2,2,0
2018-01-27 05:00:00,0,0,0
2018-01-27 06:00:00,1,1,0
2018-01-27 07:00:00,3,3,0
2018-01-27 08:00:00,14,12,2
2018-01-27 09:00:00,33,31,2
2018-01-27 10:00:00,9,9,0
2018-01-27 11:00:00,16,11,5
2018-01-27 12:00:00,18,9,9
2018-01-27 13:00:00,12,6,6
2018-01-27 14:00:00,18,10,8
2018-01-27 15:00:00,23,17,6
2018-01-27 16:00:00,17,13,4
2018-01-27 17:00:00,12,4,8
2018-01-27 18:00:00,0,0,0
2018-01-27 19:00:00,2,2,0
2018-01-27 20:00:00,0,0,0
2018-01-27 21:00:00,4,3,1
2018-01-27 22:00:00,0,0,0
2018-01-27 23:00:00,0,0,0
2018-01-28 00:00:00,0,0,0
2018-01-28 01:00:00,0,0,0
2018-01-28 02:00:00,0,0,0
2018-01-28 03:00:00,0,0,0
2018-01-28 04:00:00,0,0,0
2018-01-28 05:00:00,0,0,0
2018-01-28 06:00:00,0,0,0
2018-01-28 07:00:00,1,0,1
2018-01-28 08:00:00,19,16,3
2018-01-28 09:00:00,23,22,1
2018-01-28 10:00:00,37,31,6
2018-01-28 11:00:00,64,62,2
2018-01-28 12:00:00,47,47,0
2018-01-28 13:00:00,29,29,0
2018-01-28 14:00:00,37,37,0
2018-01-28 15:00:00,41,37,4
2018-01-28 16:00:00,37,25,12
2018-01-28 17:00:00,12,12,0
2018-01-28 18:00:00,3,3,0
2018-01-28 19:00:00,0,0,0
2018-01-28 20:00:00,2,1,1
2018-01-28 21:00:00,3,3,0
2018-01-28 22:00:00,1,1,0
2018-01-28 23:00:00,0,0,0
2018-01-29 00:00:00,0,0,0
2018-01-29 01:00:00,0,0,0
2018-01-29 02:00:00,0,0,0
2018-01-29 03:00:00,0,0,0
2018-01-29 04:00:00,3,3,0
2018-01-29 05:00:00,2,2,0
2018-01-29 06:00:00,11,9,2
2018-01-29 07:00:00,17,15,2
2018-01-29 08:00:00,17,14,3
2018-01-29 09:00:00,19,12,7
2018-01-29 10:00:00,6,6,0
2018-01-29 11:00:00,4,4,0
2018-01-29 12:00:00,0,0,0
2018-01-29 13:00:00,0,0,0
2018-01-29 14:00:00,1,1,0
2018-01-29 15:00:00,4,4,0
2018-01-29 16:00:00,10,10,0
2018-01-29 17:00:00,9,9,0
2018-01-29 18:00:00,20,19,1
2018-01-29 19:00:00,15,11,4
2018-01-29 20:00:00,4,1,3
2018-01-29 21:00:00,1,1,0
2018-01-29 22:00:00,0,0,0
2018-01-29 23:00:00,0,0,0
2018-01-30 00:00:00,0,0,0
2018-01-30 01:00:00,0,0,0
2018-01-30 02:00:00,0,0,0
2018-01-30 03:00:00,0,0,0
2018-01-30 04:00:00,5,5,0
2018-01-30 05:00:00,3,1,2
2018-01-30 06:00:00,12,9,3
2018-01-30 07:00:00,34,28,6
2018-01-30 08:00:00,30,24,6
2018-01-30 09:00:00,13,7,6
2018-01-30 10:00:00,30,11,19
2018-01-30 11:00:00,17,10,7
2018-01-30 12:00:00,28,15,13
2018-01-30 13:00:00,13,10,3
2018-01-30 14:00:00,20,14,6
2018-01-30 15:00:00,24,15,9
2018-01-30 16:00:00,44,38,6
2018-01-30 17:00:00,47,30,17
2018-01-30 18:00:00,27,24,3
2018-01-30 19:00:00,12,10,2
2018-01-30 20:00:00,4,4,0
2018-01-30 21:00:00,3,2,1
2018-01-30 22:00:00,0,0,0
2018-01-30 23:00:00,0,0,0
2018-01-31 00:00:00,0,0,0
2018-01-31 01:00:00,0,0,0
2018-01-31 02:00:00,0,0,0
2018-01-31 03:00:00,0,0,0
2018-01-31 04:00:00,6,5,1
2018-01-31 05:00:00,3,3,0
2018-01-31 06:00:00,14,11,3
2018-01-31 07:00:00,21,19,2
2018-01-31 08:00:00,32,25,7
2018-01-31 09:00:00,13,10,3
2018-01-31 10:00:00,7,5,2
2018-01-31 11:00:00,6,5,1
2018-01-31 12:00:00,7,6,1
2018-01-31 13:00:00,9,5,4
2018-01-31 14:00:00,10,7,3
2018-01-31 15:00:00,13,10,3
2018-01-31 16:00:00,25,14,11
2018-01-31 17:00:00,29,19,10
2018-01-31 18:00:00,28,21,7
2018-01-31 19:00:00,10,9,1
2018-01-31 20:00:00,6,3,3
2018-01-31 21:00:00,4,4,0
2018-01-31 22:00:00,1,1,0
2018-01-31 23:00:00,1,1,0
2018-02-01 00:00:00,0,0,0
2018-02-01 01:00:00,1,1,0
2018-02-01 02:00:00,0,0,0
2018-02-01 03:00:00,0,0,0
2018-02-01 04:00:00,4,4,0
2018-02-01 05:00:00,3,3,0
2018-02-01 06:00:00,10,5,5
2018-02-01 07:00:00,21,19,2
2018-02-01 08:00:00,23,21,2
2018-02-01 09:00:00,7,7,0
2018-02-01 10:00:00,4,3,1
2018-02-01 11:00:00,5,4,1
2018-02-01 12:00:00,0,0,0
2018-02-01 13:00:00,0,0,0
2018-02-01 14:00:00,3,3,0
2018-02-01 15:00:00,3,3,0
2018-02-01 16:00:00,11,10,1
2018-02-01 17:00:00,28,25,3
2018-02-01 18:00:00,13,10,3
2018-02-01 19:00:00,4,4,0
2018-02-01 20:00:00,4,4,0
2018-02-01 21:00:00,3,2,1
2018-02-01 22:00:00,1,1,0
2018-02-01 23:00:00,0,0,0
2018-02-02 00:00:00,0,0,0
2018-02-02 01:00:00,0,0,0
2018-02-02 02:00:00,0,0,0
2018-02-02 03:00:00,0,0,0
2018-02-02 04:00:00,1,1,0
2018-02-02 05:00:00,3,3,0
2018-02-02 06:00:00,8,8,0
2018-02-02 07:00:00,23,22,1
2018-02-02 08:00:00,21,21,0
2018-02-02 09:00:00,16,15,1
2018-02-02 10:00:00,7,7,0
2018-02-02 11:00:00,10,8,2
2018-02-02 12:00:00,6,3,3
2018-02-02 13:00:00,12,9,3
2018-02-02 14:00:00,15,10,5
2018-02-02 15:00:00,15,13,2
2018-02-02 16:00:00,29,20,9
2018-02-02 17:00:00,34,24,10
2018-02-02 18:00:00,12,4,8
2018-02-02 19:00:00,9,7,2
2018-02-02 20:00:00,4,2,2
2018-02-02 21:00:00,4,4,0
2018-02-02 22:00:00,0,0,0
2018-02-02 23:00:00,2,1,1
2018-02-03 00:00:00,0,0,0
2018-02-03 01:00:00,0,0,0
2018-02-03 02:00:00,0,0,0
2018-02-03 03:00:00,0,0,0
2018-02-03 04:00:00,0,0,0
2018-02-03 05:00:00,0,0,0
2018-02-03 06:00:00,2,0,2
2018-02-03 07:00:00,8,4,4
2018-02-03 08:00:00,30,28,2
2018-02-03 09:00:00,53,38,15
2018-02-03 10:00:00,59,55,4
2018-02-03 11:00:00,44,40,4
2018-02-03 12:00:00,49,47,2
2018-02-03 13:00:00,43,41,2
2018-02-03 14:00:00,20,16,4
2018-02-03 15:00:00,17,15,2
2018-02-03 16:00:00,9,7,2
2018-02-03 17:00:00,5,4,1
2018-02-03 18:00:00,2,2,0
2018-02-03 19:00:00,0,0,0
2018-02-03 20:00:00,2,1,1
2018-02-03 21:00:00,1,1,0
2018-02-03 22:00:00,0,0,0
2018-02-03 23:00:00,0,0,0
2018-02-04 00:00:00,0,0,0
2018-02-04 01:00:00,0,0,0
2018-02-04 02:00:00,0,0,0
2018-02-04 03:00:00,0,0,0
2018-02-04 04:00:00,0,0,0
2018-02-04 05:00:00,0,0,0
2018-02-04 06:00:00,0,0,0
2018-02-04 07:00:00,2,1,1
2018-02-04 08:00:00,20,11,9
2018-02-04 09:00:00,26,20,6
2018-02-04 10:00:00,37,18,19
2018-02-04 11:00:00,51,41,10
2018-02-04 12:00:00,50,42,8
2018-02-04 13:00:00,30,24,6
2018-02-04 14:00:00,52,36,16
2018-02-04 15:00:00,40,26,14
2018-02-04 16:00:00,20,17,3
2018-02-04 17:00:00,12,10,2
2018-02-04 18:00:00,0,0,0
2018-02-04 19:00:00,0,0,0
2018-02-04 20:00:00,0,0,0
2018-02-04 21:00:00,3,3,0
2018-02-04 22:00:00,0,0,0
2018-02-04 23:00:00,0,0,0
2018-02-05 00:00:00,0,0,0
2018-02-05 01:00:00,0,0,0
2018-02-05 02:00:00,0,0,0
2018-02-05 03:00:00,0,0,0
2018-02-05 04:00:00,1,1,0
2018-02-05 05:00:00,5,3,2
2018-02-05 06:00:00,17,11,6
2018-02-05 07:00:00,33,24,9
2018-02-05 08:00:00,37,28,9
2018-02-05 09:00:00,16,11,5
2018-02-05 10:00:00,24,18,6
2018-02-05 11:00:00,20,16,4
2018-02-05 12:00:00,9,9,0
2018-02-05 13:00:00,5,5,0
2018-02-05 14:00:00,9,6,3
2018-02-05 15:00:00,17,12,5
2018-02-05 16:00:00,31,24,7
2018-02-05 17:00:00,28,19,9
2018-02-05 18:00:00,29,17,12
2018-02-05 19:00:00,12,11,1
2018-02-05 20:00:00,4,3,1
2018-02-05 21:00:00,1,1,0
2018-02-05 22:00:00,0,0,0
2018-02-05 23:00:00,2,1,1
2018-02-06 00:00:00,0,0,0
2018-02-06 01:00:00,0,0,0
2018-02-06 02:00:00,0,0,0
2018-02-06 03:00:00,0,0,0
2018-02-06 04:00:00,4,4,0
2018-02-06 05:00:00,3,3,0
2018-02-06 06:00:00,16,13,3
2018-02-06 07:00:00,30,24,6
2018-02-06 08:00:00,30,20,10
2018-02-06 09:00:00,20,19,1
2018-02-06 10:00:00,21,14,7
2018-02-06 11:00:00,8,4,4
2018-02-06 12:00:00,6,3,3
2018-02-06 13:00:00,25,22,3
2018-02-06 14:00:00,12,9,3
2018-02-06 15:00:00,20,12,8
2018-02-06 16:00:00,29,20,9
2018-02-06 17:00:00,34,22,12
2018-02-06 18:00:00,40,29,11
2018-02-06 19:00:00,9,6,3
2018-02-06 20:00:00,3,1,2
2018-02-06 21:00:00,5,5,0
2018-02-06 22:00:00,0,0,0
2018-02-06 23:00:00,0,0,0
2018-02-07 00:00:00,0,0,0
2018-02-07 01:00:00,1,1,0
2018-02-07 02:00:00,0,0,0
2018-02-07 03:00:00,0,0,0
2018-02-07 04:00:00,6,5,1
2018-02-07 05:00:00,5,4,1
2018-02-07 06:00:00,16,11,5
2018-02-07 07:00:00,33,26,7
2018-02-07 08:00:00,31,26,5
2018-02-07 09:00:00,17,14,3
2018-02-07 10:00:00,11,7,4
2018-02-07 11:00:00,19,17,2
2018-02-07 12:00:00,12,9,3
2018-02-07 13:00:00,19,12,7
2018-02-07 14:00:00,13,8,5
2018-02-07 15:00:00,23,16,7
2018-02-07 16:00:00,30,24,6
2018-02-07 17:00:00,43,28,15
2018-02-07 18:00:00,27,21,6
2018-02-07 19:00:00,15,9,6
2018-02-07 20:00:00,4,4,0
2018-02-07 21:00:00,5,3,2
2018-02-07 22:00:00,0,0,0
2018-02-07 23:00:00,1,0,1
2018-02-08 00:00:00,0,0,0
2018-02-08 01:00:00,0,0,0
2018-02-08 02:00:00,1,1,0
2018-02-08 03:00:00,0,0,0
2018-02-08 04:00:00,1,1,0
2018-02-08 05:00:00,3,2,1
2018-02-08 06:00:00,14,11,3
2018-02-08 07:00:00,34,26,8
2018-02-08 08:00:00,36,30,6
2018-02-08 09:00:00,18,12,6
2018-02-08 10:00:00,12,9,3
2018-02-08 11:00:00,10,6,4
2018-02-08 12:00:00,6,5,1
2018-02-08 13:00:00,5,4,1
2018-02-08 14:00:00,6,4,2
2018-02-08 15:00:00,15,9,6
2018-02-08 16:00:00,24,21,3
2018-02-08 17:00:00,40,28,12
2018-02-08 18:00:00,27,23,4
2018-02-08 19:00:00,8,6,2
2018-02-08 20:00:00,6,5,1
2018-02-08 21:00:00,2,2,0
2018-02-08 22:00:00,2,2,0
2018-02-08 23:00:00,0,0,0
2018-02-09 00:00:00,0,0,0
2018-02-09 01:00:00,0,0,0
2018-02-09 02:00:00,0,0,0
2018-02-09 03:00:00,0,0,0
2018-02-09 04:00:00,5,5,0
2018-02-09 05:00:00,2,1,1
2018-02-09 06:00:00,9,3,6
2018-02-09 07:00:00,22,13,9
2018-02-09 08:00:00,40,27,13
2018-02-09 09:00:00,24,15,9
2018-02-09 10:00:00,15,10,5
2018-02-09 11:00:00,16,12,4
2018-02-09 12:00:00,13,10,3
2018-02-09 13:00:00,19,13,6
2018-02-09 14:00:00,17,15,2
2018-02-09 15:00:00,19,17,2
2018-02-09 16:00:00,40,26,14
2018-02-09 17:00:00,38,23,15
2018-02-09 18:00:00,10,6,4
2018-02-09 19:00:00,13,8,5
2018-02-09 20:00:00,2,1,1
2018-02-09 21:00:00,1,1,0
2018-02-09 22:00:00,1,1,0
2018-02-09 23:00:00,2,2,0
2018-02-10 00:00:00,0,0,0
2018-02-10 01:00:00,0,0,0
2018-02-10 02:00:00,0,0,0
2018-02-10 03:00:00,0,0,0
2018-02-10 04:00:00,1,1,0
2018-02-10 05:00:00,0,0,0
2018-02-10 06:00:00,1,0,1
2018-02-10 07:00:00,9,5,4
2018-02-10 08:00:00,34,21,13
2018-02-10 09:00:00,82,23,59
2018-02-10 10:00:00,84,41,43
2018-02-10 11:00:00,108,70,38
2018-02-10 12:00:00,113,81,32
2018-02-10 13:00:00,105,74,31
2018-02-10 14:00:00,94,67,27
2018-02-10 15:00:00,73,53,20
2018-02-10 16:00:00,48,37,11
2018-02-10 17:00:00,19,15,4
2018-02-10 18:00:00,3,3,0
2018-02-10 19:00:00,1,0,1
2018-02-10 20:00:00,0,0,0
2018-02-10 21:00:00,2,2,0
2018-02-10 22:00:00,0,0,0
2018-02-10 23:00:00,0,0,0
2018-02-11 00:00:00,0,0,0
2018-02-11 01:00:00,0,0,0
2018-02-11 02:00:00,0,0,0
2018-02-11 03:00:00,1,1,0
2018-02-11 04:00:00,0,0,0
2018-02-11 05:00:00,0,0,0
2018-02-11 06:00:00,2,1,1
2018-02-11 07:00:00,4,4,0
2018-02-11 08:00:00,24,9,15
2018-02-11 09:00:00,44,23,21
2018-02-11 10:00:00,84,52,32
2018-02-11 11:00:00,53,29,24
2018-02-11 12:00:00,73,51,22
2018-02-11 13:00:00,57,33,24
2018-02-11 14:00:00,70,54,16
2018-02-11 15:00:00,36,24,12
2018-02-11 16:00:00,37,30,7
2018-02-11 17:00:00,21,14,7
2018-02-11 18:00:00,6,6,0
2018-02-11 19:00:00,1,1,0
2018-02-11 20:00:00,2,2,0
2018-02-11 21:00:00,2,2,0
2018-02-11 22:00:00,0,0,0
2018-02-11 23:00:00,0,0,0
2018-02-12 00:00:00,0,0,0
2018-02-12 01:00:00,0,0,0
2018-02-12 02:00:00,0,0,0
2018-02-12 03:00:00,0,0,0
2018-02-12 04:00:00,3,3,0
2018-02-12 05:00:00,6,6,0
2018-02-12 06:00:00,11,10,1
2018-02-12 07:00:00,29,19,10
2018-02-12 08:00:00,31,27,4
2018-02-12 09:00:00,20,10,10
2018-02-12 10:00:00,16,11,5
2018-02-12 11:00:00,9,4,5
2018-02-12 12:00:00,17,12,5
2018-02-12 13:00:00,21,10,11
2018-02-12 14:00:00,28,20,8
2018-02-12 15:00:00,34,18,16
2018-02-12 16:00:00,39,22,17
2018-02-12 17:00:00,46,31,15
2018-02-12 18:00:00,28,10,18
2018-02-12 19:00:00,8,6,2
2018-02-12 20:00:00,3,0,3
2018-02-12 21:00:00,2,1,1
2018-02-12 22:00:00,0,0,0
2018-02-12 23:00:00,1,0,1
2018-02-13 00:00:00,0,0,0
2018-02-13 01:00:00,0,0,0
2018-02-13 02:00:00,0,0,0
2018-02-13 03:00:00,0,0,0
2018-02-13 04:00:00,3,2,1
2018-02-13 05:00:00,4,2,2
2018-02-13 06:00:00,17,14,3
2018-02-13 07:00:00,26,18,8
2018-02-13 08:00:00,30,24,6
2018-02-13 09:00:00,16,13,3
2018-02-13 10:00:00,8,5,3
2018-02-13 11:00:00,6,3,3
2018-02-13 12:00:00,11,7,4
2018-02-13 13:00:00,14,11,3
2018-02-13 14:00:00,22,10,12
2018-02-13 15:00:00,23,19,4
2018-02-13 16:00:00,29,19,10
2018-02-13 17:00:00,44,27,17
2018-02-13 18:00:00,33,16,17
2018-02-13 19:00:00,8,5,3
2018-02-13 20:00:00,9,8,1
2018-02-13 21:00:00,0,0,0
2018-02-13 22:00:00,0,0,0
2018-02-13 23:00:00,0,0,0
2018-02-14 00:00:00,0,0,0
2018-02-14 01:00:00,0,0,0
2018-02-14 02:00:00,0,0,0
2018-02-14 03:00:00,0,0,0
2018-02-14 04:00:00,4,4,0
2018-02-14 05:00:00,2,1,1
2018-02-14 06:00:00,7,7,0
2018-02-14 07:00:00,28,26,2
2018-02-14 08:00:00,23,18,5
2018-02-14 09:00:00,13,9,4
2018-02-14 10:00:00,14,14,0
2018-02-14 11:00:00,4,3,1
2018-02-14 12:00:00,2,1,1
2018-02-14 13:00:00,5,3,2
2018-02-14 14:00:00,9,6,3
2018-02-14 15:00:00,13,11,2
2018-02-14 16:00:00,24,17,7
2018-02-14 17:00:00,32,21,11
2018-02-14 18:00:00,24,17,7
2018-02-14 19:00:00,10,5,5
2018-02-14 20:00:00,5,4,1
2018-02-14 21:00:00,2,2,0
2018-02-14 22:00:00,0,0,0
2018-02-14 23:00:00,0,0,0
2018-02-15 00:00:00,0,0,0
2018-02-15 01:00:00,0,0,0
2018-02-15 02:00:00,0,0,0
2018-02-15 03:00:00,0,0,0
2018-02-15 04:00:00,3,3,0
2018-02-15 05:00:00,5,5,0
2018-02-15 06:00:00,14,12,2
2018-02-15 07:00:00,23,16,7
2018-02-15 08:00:00,28,23,5
2018-02-15 09:00:00,12,8,4
2018-02-15 10:00:00,14,10,4
2018-02-15 11:00:00,13,10,3
2018-02-15 12:00:00,14,9,5
2018-02-15 13:00:00,7,5,2
2018-02-15 14:00:00,16,9,7
2018-02-15 15:00:00,11,8,3
2018-02-15 16:00:00,37,24,13
2018-02-15 17:00:00,38,22,16
2018-02-15 18:00:00,29,20,9
2018-02-15 19:00:00,10,8,2
2018-02-15 20:00:00,44,15,29
2018-02-15 21:00:00,16,15,1
2018-02-15 22:00:00,36,36,0
2018-02-15 23:00:00,5,5,0
2018-02-16 00:00:00,0,0,0
2018-02-16 01:00:00,0,0,0
2018-02-16 02:00:00,0,0,0
2018-02-16 03:00:00,0,0,0
2018-02-16 04:00:00,1,1,0
2018-02-16 05:00:00,2,1,1
2018-02-16 06:00:00,4,3,1
2018-02-16 07:00:00,23,20,3
2018-02-16 08:00:00,16,13,3
2018-02-16 09:00:00,10,5,5
2018-02-16 10:00:00,5,2,3
2018-02-16 11:00:00,7,5,2
2018-02-16 12:00:00,4,4,0
2018-02-16 13:00:00,6,5,1
2018-02-16 14:00:00,8,5,3
2018-02-16 15:00:00,9,6,3
2018-02-16 16:00:00,19,15,4
2018-02-16 17:00:00,27,19,8
2018-02-16 18:00:00,10,8,2
2018-02-16 19:00:00,4,3,1
2018-02-16 20:00:00,2,2,0
2018-02-16 21:00:00,1,1,0
2018-02-16 22:00:00,1,1,0
2018-02-16 23:00:00,0,0,0
2018-02-17 00:00:00,0,0,0
2018-02-17 01:00:00,0,0,0
2018-02-17 02:00:00,0,0,0
2018-02-17 03:00:00,0,0,0
2018-02-17 04:00:00,0,0,0
2018-02-17 05:00:00,0,0,0
2018-02-17 06:00:00,0,0,0
2018-02-17 07:00:00,1,1,0
2018-02-17 08:00:00,7,5,2
2018-02-17 09:00:00,9,6,3
2018-02-17 10:00:00,12,9,3
2018-02-17 11:00:00,8,6,2
2018-02-17 12:00:00,10,6,4
2018-02-17 13:00:00,30,18,12
2018-02-17 14:00:00,31,17,14
2018-02-17 15:00:00,17,13,4
2018-02-17 16:00:00,17,11,6
2018-02-17 17:00:00,11,9,2
2018-02-17 18:00:00,8,6,2
2018-02-17 19:00:00,2,0,2
2018-02-17 20:00:00,1,1,0
2018-02-17 21:00:00,2,2,0
2018-02-17 22:00:00,1,0,1
2018-02-17 23:00:00,0,0,0
2018-02-18 00:00:00,0,0,0
2018-02-18 01:00:00,0,0,0
2018-02-18 02:00:00,0,0,0
2018-02-18 03:00:00,0,0,0
2018-02-18 04:00:00,0,0,0
2018-02-18 05:00:00,0,0,0
2018-02-18 06:00:00,1,1,0
2018-02-18 07:00:00,4,0,4
2018-02-18 08:00:00,10,4,6
2018-02-18 09:00:00,10,6,4
2018-02-18 10:00:00,14,7,7
2018-02-18 11:00:00,17,10,7
2018-02-18 12:00:00,19,16,3
2018-02-18 13:00:00,26,20,6
2018-02-18 14:00:00,2,1,1
2018-02-18 15:00:00,0,0,0
2018-02-18 16:00:00,0,0,0
2018-02-18 17:00:00,0,0,0
2018-02-18 18:00:00,2,2,0
2018-02-18 19:00:00,1,0,1
2018-02-18 20:00:00,0,0,0
2018-02-18 21:00:00,2,1,1
2018-02-18 22:00:00,1,1,0
2018-02-18 23:00:00,0,0,0
2018-02-19 00:00:00,0,0,0
2018-02-19 01:00:00,0,0,0
2018-02-19 02:00:00,1,1,0
2018-02-19 03:00:00,0,0,0
2018-02-19 04:00:00,1,1,0
2018-02-19 05:00:00,2,1,1
2018-02-19 06:00:00,0,0,0
2018-02-19 07:00:00,9,7,2
2018-02-19 08:00:00,10,4,6
2018-02-19 09:00:00,3,2,1
2018-02-19 10:00:00,14,5,9
2018-02-19 11:00:00,10,1,9
2018-02-19 12:00:00,32,24,8
2018-02-19 13:00:00,21,9,12
2018-02-19 14:00:00,28,19,9
2018-02-19 15:00:00,22,16,6
2018-02-19 16:00:00,19,16,3
2018-02-19 17:00:00,13,8,5
2018-02-19 18:00:00,9,6,3
2018-02-19 19:00:00,1,1,0
2018-02-19 20:00:00,0,0,0
2018-02-19 21:00:00,1,1,0
2018-02-19 22:00:00,0,0,0
2018-02-19 23:00:00,0,0,0
2018-02-20 00:00:00,0,0,0
2018-02-20 01:00:00,0,0,0
2018-02-20 02:00:00,1,0,1
2018-02-20 03:00:00,0,0,0
2018-02-20 04:00:00,2,2,0
2018-02-20 05:00:00,2,2,0
2018-02-20 06:00:00,2,2,0
2018-02-20 07:00:00,10,9,1
2018-02-20 08:00:00,19,17,2
2018-02-20 09:00:00,7,5,2
2018-02-20 10:00:00,2,1,1
2018-02-20 11:00:00,4,3,1
2018-02-20 12:00:00,3,1,2
2018-02-20 13:00:00,3,3,0
2018-02-20 14:00:00,4,4,0
2018-02-20 15:00:00,13,9,4
2018-02-20 16:00:00,6,5,1
2018-02-20 17:00:00,21,13,8
2018-02-20 18:00:00,13,7,6
2018-02-20 19:00:00,2,1,1
2018-02-20 20:00:00,3,2,1
2018-02-20 21:00:00,1,1,0
2018-02-20 22:00:00,0,0,0
2018-02-20 23:00:00,0,0,0
2018-02-21 00:00:00,0,0,0
2018-02-21 01:00:00,0,0,0
2018-02-21 02:00:00,0,0,0
2018-02-21 03:00:00,1,1,0
2018-02-21 04:00:00,5,3,2
2018-02-21 05:00:00,1,1,0
2018-02-21 06:00:00,4,3,1
2018-02-21 07:00:00,9,8,1
2018-02-21 08:00:00,18,16,2
2018-02-21 09:00:00,8,6,2
2018-02-21 10:00:00,2,2,0
2018-02-21 11:00:00,6,3,3
2018-02-21 12:00:00,8,8,0
2018-02-21 13:00:00,1,1,0
2018-02-21 14:00:00,8,6,2
2018-02-21 15:00:00,10,5,5
2018-02-21 16:00:00,7,4,3
2018-02-21 17:00:00,18,9,9
2018-02-21 18:00:00,9,6,3
2018-02-21 19:00:00,1,1,0
2018-02-21 20:00:00,3,2,1
2018-02-21 21:00:00,2,1,1
2018-02-21 22:00:00,0,0,0
2018-02-21 23:00:00,0,0,0
2018-02-22 00:00:00,0,0,0
2018-02-22 01:00:00,0,0,0
2018-02-22 02:00:00,0,0,0
2018-02-22 03:00:00,0,0,0
2018-02-22 04:00:00,1,1,0
2018-02-22 05:00:00,0,0,0
2018-02-22 06:00:00,1,1,0
2018-02-22 07:00:00,3,3,0
2018-02-22 08:00:00,4,2,2
2018-02-22 09:00:00,2,2,0
2018-02-22 10:00:00,4,1,3
2018-02-22 11:00:00,3,2,1
2018-02-22 12:00:00,1,1,0
2018-02-22 13:00:00,6,4,2
2018-02-22 14:00:00,3,0,3
2018-02-22 15:00:00,6,2,4
2018-02-22 16:00:00,8,6,2
2018-02-22 17:00:00,14,7,7
2018-02-22 18:00:00,7,4,3
2018-02-22 19:00:00,2,1,1
2018-02-22 20:00:00,0,0,0
2018-02-22 21:00:00,1,1,0
2018-02-22 22:00:00,0,0,0
2018-02-22 23:00:00,1,0,1
2018-02-23 00:00:00,0,0,0
2018-02-23 01:00:00,0,0,0
2018-02-23 02:00:00,0,0,0
2018-02-23 03:00:00,0,0,0
2018-02-23 04:00:00,1,1,0
2018-02-23 05:00:00,0,0,0
2018-02-23 06:00:00,0,0,0
2018-02-23 07:00:00,5,4,1
2018-02-23 08:00:00,8,8,0
2018-02-23 09:00:00,3,1,2
2018-02-23 10:00:00,2,2,0
2018-02-23 11:00:00,5,5,0
2018-02-23 12:00:00,3,2,1
2018-02-23 13:00:00,0,0,0
2018-02-23 14:00:00,1,1,0
2018-02-23 15:00:00,6,4,2
2018-02-23 16:00:00,6,3,3
2018-02-23 17:00:00,10,3,7
2018-02-23 18:00:00,6,5,1
2018-02-23 19:00:00,4,4,0
2018-02-23 20:00:00,2,2,0
2018-02-23 21:00:00,1,1,0
2018-02-23 22:00:00,0,0,0
2018-02-23 23:00:00,0,0,0
2018-02-24 00:00:00,0,0,0
2018-02-24 01:00:00,0,0,0
2018-02-24 02:00:00,0,0,0
2018-02-24 03:00:00,0,0,0
2018-02-24 04:00:00,1,1,0
2018-02-24 05:00:00,0,0,0
2018-02-24 06:00:00,4,1,3
2018-02-24 07:00:00,1,0,1
2018-02-24 08:00:00,13,9,4
2018-02-24 09:00:00,4,3,1
2018-02-24 10:00:00,33,19,14
2018-02-24 11:00:00,22,15,7
2018-02-24 12:00:00,32,17,15
2018-02-24 13:00:00,43,27,16
2018-02-24 14:00:00,23,22,1
2018-02-24 15:00:00,19,15,4
2018-02-24 16:00:00,13,11,2
2018-02-24 17:00:00,9,7,2
2018-02-24 18:00:00,8,8,0
2018-02-24 19:00:00,7,2,5
2018-02-24 20:00:00,1,0,1
2018-02-24 21:00:00,1,1,0
2018-02-24 22:00:00,1,1,0
2018-02-24 23:00:00,0,0,0
2018-02-25 00:00:00,0,0,0
2018-02-25 01:00:00,0,0,0
2018-02-25 02:00:00,1,0,1
2018-02-25 03:00:00,0,0,0
2018-02-25 04:00:00,0,0,0
2018-02-25 05:00:00,1,1,0
2018-02-25 06:00:00,2,2,0
2018-02-25 07:00:00,11,10,1
2018-02-25 08:00:00,12,9,3
2018-02-25 09:00:00,11,9,2
2018-02-25 10:00:00,30,16,14
2018-02-25 11:00:00,19,8,11
2018-02-25 12:00:00,39,29,10
2018-02-25 13:00:00,19,8,11
2018-02-25 14:00:00,21,14,7
2018-02-25 15:00:00,24,18,6
2018-02-25 16:00:00,18,13,5
2018-02-25 17:00:00,4,4,0
2018-02-25 18:00:00,5,4,1
2018-02-25 19:00:00,0,0,0
2018-02-25 20:00:00,0,0,0
2018-02-25 21:00:00,1,1,0
2018-02-25 22:00:00,0,0,0
2018-02-25 23:00:00,0,0,0
2018-02-26 00:00:00,0,0,0
2018-02-26 01:00:00,0,0,0
2018-02-26 02:00:00,0,0,0
2018-02-26 03:00:00,0,0,0
2018-02-26 04:00:00,7,6,1
2018-02-26 05:00:00,3,3,0
2018-02-26 06:00:00,5,4,1
2018-02-26 07:00:00,19,18,1
2018-02-26 08:00:00,18,14,4
2018-02-26 09:00:00,8,6,2
2018-02-26 10:00:00,12,8,4
2018-02-26 11:00:00,13,4,9
2018-02-26 12:00:00,10,3,7
2018-02-26 13:00:00,16,13,3
2018-02-26 14:00:00,18,8,10
2018-02-26 15:00:00,25,14,11
2018-02-26 16:00:00,30,21,9
2018-02-26 17:00:00,49,34,15
2018-02-26 18:00:00,19,13,6
2018-02-26 19:00:00,11,8,3
2018-02-26 20:00:00,0,0,0
2018-02-26 21:00:00,1,1,0
2018-02-26 22:00:00,0,0,0
2018-02-26 23:00:00,0,0,0
2018-02-27 00:00:00,2,1,1
2018-02-27 01:00:00,0,0,0
2018-02-27 02:00:00,0,0,0
2018-02-27 03:00:00,0,0,0
2018-02-27 04:00:00,2,2,0
2018-02-27 05:00:00,3,3,0
2018-02-27 06:00:00,11,8,3
2018-02-27 07:00:00,22,18,4
2018-02-27 08:00:00,24,21,3
2018-02-27 09:00:00,14,12,2
2018-02-27 10:00:00,10,10,0
2018-02-27 11:00:00,6,3,3
2018-02-27 12:00:00,4,3,1
2018-02-27 13:00:00,9,8,1
2018-02-27 14:00:00,6,4,2
2018-02-27 15:00:00,7,6,1
2018-02-27 16:00:00,14,13,1
2018-02-27 17:00:00,28,21,7
2018-02-27 18:00:00,19,16,3
2018-02-27 19:00:00,5,4,1
2018-02-27 20:00:00,6,5,1
2018-02-27 21:00:00,2,2,0
2018-02-27 22:00:00,0,0,0
2018-02-27 23:00:00,0,0,0
2018-02-28 00:00:00,0,0,0
2018-02-28 01:00:00,0,0,0
2018-02-28 02:00:00,0,0,0
2018-02-28 03:00:00,0,0,0
2018-02-28 04:00:00,4,4,0
2018-02-28 05:00:00,1,1,0
2018-02-28 06:00:00,5,3,2
2018-02-28 07:00:00,17,11,6
2018-02-28 08:00:00,27,18,9
2018-02-28 09:00:00,11,7,4
2018-02-28 10:00:00,5,3,2
2018-02-28 11:00:00,7,7,0
2018-02-28 12:00:00,2,2,0
2018-02-28 13:00:00,5,3,2
2018-02-28 14:00:00,2,2,0
2018-02-28 15:00:00,5,5,0
2018-02-28 16:00:00,7,7,0
2018-02-28 17:00:00,20,16,4
2018-02-28 18:00:00,15,13,2
2018-02-28 19:00:00,8,7,1
2018-02-28 20:00:00,0,0,0
2018-02-28 21:00:00,2,1,1
2018-02-28 22:00:00,0,0,0
2018-02-28 23:00:00,0,0,0
2018-03-01 00:00:00,0,0,0
2018-03-01 01:00:00,0,0,0
2018-03-01 02:00:00,0,0,0
2018-03-01 03:00:00,0,0,0
2018-03-01 04:00:00,3,3,0
2018-03-01 05:00:00,3,2,1
2018-03-01 06:00:00,11,8,3
2018-03-01 07:00:00,32,23,9
2018-03-01 08:00:00,35,29,6
2018-03-01 09:00:00,23,17,6
2018-03-01 10:00:00,15,11,4
2018-03-01 11:00:00,12,11,1
2018-03-01 12:00:00,19,13,6
2018-03-01 13:00:00,24,19,5
2018-03-01 14:00:00,19,18,1
2018-03-01 15:00:00,28,27,1
2018-03-01 16:00:00,41,31,10
2018-03-01 17:00:00,39,21,18
2018-03-01 18:00:00,37,26,11
2018-03-01 19:00:00,8,6,2
2018-03-01 20:00:00,6,2,4
2018-03-01 21:00:00,3,3,0
2018-03-01 22:00:00,2,2,0
2018-03-01 23:00:00,1,0,1
2018-03-02 00:00:00,0,0,0
2018-03-02 01:00:00,0,0,0
2018-03-02 02:00:00,0,0,0
2018-03-02 03:00:00,0,0,0
2018-03-02 04:00:00,1,1,0
2018-03-02 05:00:00,1,0,1
2018-03-02 06:00:00,8,6,2
2018-03-02 07:00:00,21,18,3
2018-03-02 08:00:00,27,22,5
2018-03-02 09:00:00,9,6,3
2018-03-02 10:00:00,5,2,3
2018-03-02 11:00:00,6,6,0
2018-03-02 12:00:00,7,7,0
2018-03-02 13:00:00,11,11,0
2018-03-02 14:00:00,4,4,0
2018-03-02 15:00:00,19,17,2
2018-03-02 16:00:00,18,12,6
2018-03-02 17:00:00,29,22,7
2018-03-02 18:00:00,11,8,3
2018-03-02 19:00:00,9,7,2
2018-03-02 20:00:00,5,4,1
2018-03-02 21:00:00,1,1,0
2018-03-02 22:00:00,1,1,0
2018-03-02 23:00:00,0,0,0
2018-03-03 00:00:00,0,0,0
2018-03-03 01:00:00,1,1,0
2018-03-03 02:00:00,0,0,0
2018-03-03 03:00:00,0,0,0
2018-03-03 04:00:00,0,0,0
2018-03-03 05:00:00,0,0,0
2018-03-03 06:00:00,4,3,1
2018-03-03 07:00:00,5,3,2
2018-03-03 08:00:00,37,27,10
2018-03-03 09:00:00,41,18,23
2018-03-03 10:00:00,58,29,29
2018-03-03 11:00:00,74,54,20
2018-03-03 12:00:00,79,51,28
2018-03-03 13:00:00,95,83,12
2018-03-03 14:00:00,99,91,8
2018-03-03 15:00:00,62,51,11
2018-03-03 16:00:00,62,40,22
2018-03-03 17:00:00,30,24,6
2018-03-03 18:00:00,8,8,0
2018-03-03 19:00:00,1,1,0
2018-03-03 20:00:00,1,1,0
2018-03-03 21:00:00,1,1,0
2018-03-03 22:00:00,1,1,0
2018-03-03 23:00:00,0,0,0
2018-03-04 00:00:00,0,0,0
2018-03-04 01:00:00,0,0,0
2018-03-04 02:00:00,0,0,0
2018-03-04 03:00:00,0,0,0
2018-03-04 04:00:00,0,0,0
2018-03-04 05:00:00,0,0,0
2018-03-04 06:00:00,3,0,3
2018-03-04 07:00:00,5,3,2
2018-03-04 08:00:00,27,11,16
2018-03-04 09:00:00,61,43,18
2018-03-04 10:00:00,64,37,27
2018-03-04 11:00:00,67,45,22
2018-03-04 12:00:00,50,38,12
2018-03-04 13:00:00,45,40,5
2018-03-04 14:00:00,35,30,5
2018-03-04 15:00:00,25,24,1
2018-03-04 16:00:00,14,14,0
2018-03-04 17:00:00,7,6,1
2018-03-04 18:00:00,4,4,0
2018-03-04 19:00:00,0,0,0
2018-03-04 20:00:00,0,0,0
2018-03-04 21:00:00,0,0,0
2018-03-04 22:00:00,1,1,0
2018-03-04 23:00:00,1,1,0
2018-03-05 00:00:00,0,0,0
2018-03-05 01:00:00,0,0,0
2018-03-05 02:00:00,0,0,0
2018-03-05 03:00:00,0,0,0
2018-03-05 04:00:00,4,4,0
2018-03-05 05:00:00,4,3,1
2018-03-05 06:00:00,15,12,3
2018-03-05 07:00:00,25,17,8
2018-03-05 08:00:00,30,22,8
2018-03-05 09:00:00,10,8,2
2018-03-05 10:00:00,8,8,0
2018-03-05 11:00:00,4,4,0
2018-03-05 12:00:00,8,6,2
2018-03-05 13:00:00,11,7,4
2018-03-05 14:00:00,10,5,5
2018-03-05 15:00:00,14,9,5
2018-03-05 16:00:00,25,17,8
2018-03-05 17:00:00,43,27,16
2018-03-05 18:00:00,20,14,6
2018-03-05 19:00:00,13,11,2
2018-03-05 20:00:00,2,2,0
2018-03-05 21:00:00,1,1,0
2018-03-05 22:00:00,1,1,0
2018-03-05 23:00:00,0,0,0
2018-03-06 00:00:00,0,0,0
2018-03-06 01:00:00,2,2,0
2018-03-06 02:00:00,0,0,0
2018-03-06 03:00:00,0,0,0
2018-03-06 04:00:00,4,4,0
2018-03-06 05:00:00,6,5,1
2018-03-06 06:00:00,15,10,5
2018-03-06 07:00:00,40,34,6
2018-03-06 08:00:00,45,42,3
2018-03-06 09:00:00,17,13,4
2018-03-06 10:00:00,12,9,3
2018-03-06 11:00:00,28,13,15
2018-03-06 12:00:00,24,15,9
2018-03-06 13:00:00,44,27,17
2018-03-06 14:00:00,26,16,10
2018-03-06 15:00:00,35,25,10
2018-03-06 16:00:00,49,35,14
2018-03-06 17:00:00,64,43,21
2018-03-06 18:00:00,56,40,16
2018-03-06 19:00:00,13,8,5
2018-03-06 20:00:00,6,4,2
2018-03-06 21:00:00,2,1,1
2018-03-06 22:00:00,1,1,0
2018-03-06 23:00:00,0,0,0
2018-03-07 00:00:00,0,0,0
2018-03-07 01:00:00,0,0,0
2018-03-07 02:00:00,0,0,0
2018-03-07 03:00:00,0,0,0
2018-03-07 04:00:00,2,2,0
2018-03-07 05:00:00,3,3,0
2018-03-07 06:00:00,10,8,2
2018-03-07 07:00:00,41,33,8
2018-03-07 08:00:00,30,25,5
2018-03-07 09:00:00,15,12,3
2018-03-07 10:00:00,10,8,2
2018-03-07 11:00:00,16,13,3
2018-03-07 12:00:00,26,12,14
2018-03-07 13:00:00,7,5,2
2018-03-07 14:00:00,19,15,4
2018-03-07 15:00:00,11,8,3
2018-03-07 16:00:00,32,20,12
2018-03-07 17:00:00,49,32,17
2018-03-07 18:00:00,27,9,18
2018-03-07 19:00:00,9,6,3
2018-03-07 20:00:00,12,12,0
2018-03-07 21:00:00,2,1,1
2018-03-07 22:00:00,1,0,1
2018-03-07 23:00:00,0,0,0
2018-03-08 00:00:00,0,0,0
2018-03-08 01:00:00,0,0,0
2018-03-08 02:00:00,0,0,0
2018-03-08 03:00:00,0,0,0
2018-03-08 04:00:00,2,2,0
2018-03-08 05:00:00,2,2,0
2018-03-08 06:00:00,7,5,2
2018-03-08 07:00:00,14,13,1
2018-03-08 08:00:00,14,13,1
2018-03-08 09:00:00,9,9,0
2018-03-08 10:00:00,2,1,1
2018-03-08 11:00:00,4,4,0
2018-03-08 12:00:00,2,2,0
2018-03-08 13:00:00,0,0,0
2018-03-08 14:00:00,1,1,0
2018-03-08 15:00:00,1,1,0
2018-03-08 16:00:00,14,8,6
2018-03-08 17:00:00,13,11,2
2018-03-08 18:00:00,15,10,5
2018-03-08 19:00:00,7,7,0
2018-03-08 20:00:00,4,2,2
2018-03-08 21:00:00,1,1,0
2018-03-08 22:00:00,0,0,0
2018-03-08 23:00:00,0,0,0
2018-03-09 00:00:00,0,0,0
2018-03-09 01:00:00,0,0,0
2018-03-09 02:00:00,0,0,0
2018-03-09 03:00:00,0,0,0
2018-03-09 04:00:00,3,3,0
2018-03-09 05:00:00,2,2,0
2018-03-09 06:00:00,11,9,2
2018-03-09 07:00:00,34,24,10
2018-03-09 08:00:00,32,27,5
2018-03-09 09:00:00,10,5,5
2018-03-09 10:00:00,13,5,8
2018-03-09 11:00:00,17,10,7
2018-03-09 12:00:00,18,15,3
2018-03-09 13:00:00,10,10,0
2018-03-09 14:00:00,22,20,2
2018-03-09 15:00:00,28,26,2
2018-03-09 16:00:00,30,22,8
2018-03-09 17:00:00,44,26,18
2018-03-09 18:00:00,23,13,10
2018-03-09 19:00:00,9,5,4
2018-03-09 20:00:00,4,3,1
2018-03-09 21:00:00,2,1,1
2018-03-09 22:00:00,2,2,0
2018-03-09 23:00:00,0,0,0
2018-03-10 00:00:00,0,0,0
2018-03-10 01:00:00,0,0,0
2018-03-10 02:00:00,0,0,0
2018-03-10 03:00:00,0,0,0
2018-03-10 04:00:00,1,1,0
2018-03-10 05:00:00,0,0,0
2018-03-10 06:00:00,2,1,1
2018-03-10 07:00:00,13,6,7
2018-03-10 08:00:00,39,26,13
2018-03-10 09:00:00,54,35,19
2018-03-10 10:00:00,89,37,52
2018-03-10 11:00:00,110,64,46
2018-03-10 12:00:00,106,76,30
2018-03-10 13:00:00,124,77,47
2018-03-10 14:00:00,99,68,31
2018-03-10 15:00:00,78,52,26
2018-03-10 16:00:00,63,48,15
2018-03-10 17:00:00,29,22,7
2018-03-10 18:00:00,12,9,3
2018-03-10 19:00:00,6,5,1
2018-03-10 20:00:00,0,0,0
2018-03-10 21:00:00,1,1,0
2018-03-10 22:00:00,0,0,0
2018-03-10 23:00:00,0,0,0
2018-03-11 00:00:00,0,0,0
2018-03-11 01:00:00,0,0,0
2018-03-11 02:00:00,0,0,0
2018-03-11 03:00:00,0,0,0
2018-03-11 04:00:00,0,0,0
2018-03-11 05:00:00,0,0,0
2018-03-11 06:00:00,0,0,0
2018-03-11 07:00:00,2,1,1
2018-03-11 08:00:00,31,7,24
2018-03-11 09:00:00,57,34,23
2018-03-11 10:00:00,88,54,34
2018-03-11 11:00:00,94,48,46
2018-03-11 12:00:00,123,59,64
2018-03-11 13:00:00,152,96,56
2018-03-11 14:00:00,155,91,64
2018-03-11 15:00:00,161,99,62
2018-03-11 16:00:00,102,79,23
2018-03-11 17:00:00,68,55,13
2018-03-11 18:00:00,23,14,9
2018-03-11 19:00:00,8,7,1
2018-03-11 20:00:00,2,1,1
2018-03-11 21:00:00,2,2,0
2018-03-11 22:00:00,3,3,0
2018-03-11 23:00:00,0,0,0
2018-03-12 00:00:00,1,0,1
2018-03-12 01:00:00,0,0,0
2018-03-12 02:00:00,0,0,0
2018-03-12 03:00:00,0,0,0
2018-03-12 04:00:00,5,4,1
2018-03-12 05:00:00,2,2,0
2018-03-12 06:00:00,20,14,6
2018-03-12 07:00:00,38,27,11
2018-03-12 08:00:00,52,43,9
2018-03-12 09:00:00,28,25,3
2018-03-12 10:00:00,24,19,5
2018-03-12 11:00:00,26,14,12
2018-03-12 12:00:00,27,21,6
2018-03-12 13:00:00,42,30,12
2018-03-12 14:00:00,55,38,17
2018-03-12 15:00:00,68,49,19
2018-03-12 16:00:00,80,65,15
2018-03-12 17:00:00,102,72,30
2018-03-12 18:00:00,77,55,22
2018-03-12 19:00:00,19,16,3
2018-03-12 20:00:00,4,4,0
2018-03-12 21:00:00,1,1,0
2018-03-12 22:00:00,0,0,0
2018-03-12 23:00:00,0,0,0
2018-03-13 00:00:00,0,0,0
2018-03-13 01:00:00,0,0,0
2018-03-13 02:00:00,0,0,0
2018-03-13 03:00:00,0,0,0
2018-03-13 04:00:00,2,2,0
2018-03-13 05:00:00,3,3,0
2018-03-13 06:00:00,9,8,1
2018-03-13 07:00:00,30,28,2
2018-03-13 08:00:00,25,21,4
2018-03-13 09:00:00,20,16,4
2018-03-13 10:00:00,18,13,5
2018-03-13 11:00:00,13,10,3
2018-03-13 12:00:00,11,8,3
2018-03-13 13:00:00,6,5,1
2018-03-13 14:00:00,7,5,2
2018-03-13 15:00:00,7,5,2
2018-03-13 16:00:00,16,15,1
2018-03-13 17:00:00,32,22,10
2018-03-13 18:00:00,23,19,4
2018-03-13 19:00:00,8,7,1
2018-03-13 20:00:00,2,2,0
2018-03-13 21:00:00,0,0,0
2018-03-13 22:00:00,1,0,1
2018-03-13 23:00:00,0,0,0
2018-03-14 00:00:00,0,0,0
2018-03-14 01:00:00,1,1,0
2018-03-14 02:00:00,0,0,0
2018-03-14 03:00:00,0,0,0
2018-03-14 04:00:00,2,2,0
2018-03-14 05:00:00,5,5,0
2018-03-14 06:00:00,7,5,2
2018-03-14 07:00:00,25,18,7
2018-03-14 08:00:00,21,13,8
2018-03-14 09:00:00,12,6,6
2018-03-14 10:00:00,8,8,0
2018-03-14 11:00:00,3,2,1
2018-03-14 12:00:00,15,13,2
2018-03-14 13:00:00,10,4,6
2018-03-14 14:00:00,12,8,4
2018-03-14 15:00:00,14,8,6
2018-03-14 16:00:00,32,18,14
2018-03-14 17:00:00,44,29,15
2018-03-14 18:00:00,33,23,10
2018-03-14 19:00:00,21,12,9
2018-03-14 20:00:00,7,7,0
2018-03-14 21:00:00,3,2,1
2018-03-14 22:00:00,0,0,0
2018-03-14 23:00:00,0,0,0
2018-03-15 00:00:00,0,0,0
2018-03-15 01:00:00,0,0,0
2018-03-15 02:00:00,0,0,0
2018-03-15 03:00:00,0,0,0
2018-03-15 04:00:00,1,1,0
2018-03-15 05:00:00,5,5,0
2018-03-15 06:00:00,17,14,3
2018-03-15 07:00:00,41,27,14
2018-03-15 08:00:00,36,29,7
2018-03-15 09:00:00,23,23,0
2018-03-15 10:00:00,25,19,6
2018-03-15 11:00:00,15,9,6
2018-03-15 12:00:00,20,8,12
2018-03-15 13:00:00,24,11,13
2018-03-15 14:00:00,25,16,9
2018-03-15 15:00:00,29,15,14
2018-03-15 16:00:00,54,31,23
2018-03-15 17:00:00,68,36,32
2018-03-15 18:00:00,57,35,22
2018-03-15 19:00:00,16,10,6
2018-03-15 20:00:00,3,3,0
2018-03-15 21:00:00,6,5,1
2018-03-15 22:00:00,7,7,0
2018-03-15 23:00:00,0,0,0
2018-03-16 00:00:00,0,0,0
2018-03-16 01:00:00,4,4,0
2018-03-16 02:00:00,0,0,0
2018-03-16 03:00:00,0,0,0
2018-03-16 04:00:00,3,3,0
2018-03-16 05:00:00,7,6,1
2018-03-16 06:00:00,5,4,1
2018-03-16 07:00:00,35,23,12
2018-03-16 08:00:00,39,32,7
2018-03-16 09:00:00,17,13,4
2018-03-16 10:00:00,36,17,19
2018-03-16 11:00:00,26,17,9
2018-03-16 12:00:00,38,25,13
2018-03-16 13:00:00,27,11,16
2018-03-16 14:00:00,30,15,15
2018-03-16 15:00:00,49,25,24
2018-03-16 16:00:00,69,46,23
2018-03-16 17:00:00,67,42,25
2018-03-16 18:00:00,43,24,19
2018-03-16 19:00:00,27,23,4
2018-03-16 20:00:00,6,3,3
2018-03-16 21:00:00,6,5,1
2018-03-16 22:00:00,0,0,0
2018-03-16 23:00:00,0,0,0
2018-03-17 00:00:00,0,0,0
2018-03-17 01:00:00,0,0,0
2018-03-17 02:00:00,0,0,0
2018-03-17 03:00:00,1,0,1
2018-03-17 04:00:00,0,0,0
2018-03-17 05:00:00,0,0,0
2018-03-17 06:00:00,2,1,1
2018-03-17 07:00:00,5,2,3
2018-03-17 08:00:00,36,31,5
2018-03-17 09:00:00,55,37,18
2018-03-17 10:00:00,65,39,26
2018-03-17 11:00:00,79,54,25
2018-03-17 12:00:00,75,62,13
2018-03-17 13:00:00,46,36,10
2018-03-17 14:00:00,55,48,7
2018-03-17 15:00:00,37,31,6
2018-03-17 16:00:00,34,22,12
2018-03-17 17:00:00,23,15,8
2018-03-17 18:00:00,13,8,5
2018-03-17 19:00:00,4,4,0
2018-03-17 20:00:00,0,0,0
2018-03-17 21:00:00,3,3,0
2018-03-17 22:00:00,0,0,0
2018-03-17 23:00:00,1,1,0
2018-03-18 00:00:00,0,0,0
2018-03-18 01:00:00,0,0,0
2018-03-18 02:00:00,0,0,0
2018-03-18 03:00:00,0,0,0
2018-03-18 04:00:00,0,0,0
2018-03-18 05:00:00,0,0,0
2018-03-18 06:00:00,5,1,4
2018-03-18 07:00:00,13,5,8
2018-03-18 08:00:00,16,8,8
2018-03-18 09:00:00,43,25,18
2018-03-18 10:00:00,41,29,12
2018-03-18 11:00:00,68,43,25
2018-03-18 12:00:00,96,75,21
2018-03-18 13:00:00,65,51,14
2018-03-18 14:00:00,65,45,20
2018-03-18 15:00:00,79,56,23
2018-03-18 16:00:00,50,33,17
2018-03-18 17:00:00,34,26,8
2018-03-18 18:00:00,20,17,3
2018-03-18 19:00:00,11,7,4
2018-03-18 20:00:00,2,2,0
2018-03-18 21:00:00,3,3,0
2018-03-18 22:00:00,0,0,0
2018-03-18 23:00:00,1,1,0
2018-03-19 00:00:00,0,0,0
2018-03-19 01:00:00,0,0,0
2018-03-19 02:00:00,0,0,0
2018-03-19 03:00:00,1,0,1
2018-03-19 04:00:00,3,3,0
2018-03-19 05:00:00,2,2,0
2018-03-19 06:00:00,12,11,1
2018-03-19 07:00:00,46,34,12
2018-03-19 08:00:00,43,29,14
2018-03-19 09:00:00,17,10,7
2018-03-19 10:00:00,12,11,1
2018-03-19 11:00:00,14,11,3
2018-03-19 12:00:00,8,7,1
2018-03-19 13:00:00,25,17,8
2018-03-19 14:00:00,20,9,11
2018-03-19 15:00:00,20,17,3
2018-03-19 16:00:00,51,34,17
2018-03-19 17:00:00,65,37,28
2018-03-19 18:00:00,48,26,22
2018-03-19 19:00:00,21,10,11
2018-03-19 20:00:00,7,5,2
2018-03-19 21:00:00,1,1,0
2018-03-19 22:00:00,0,0,0
2018-03-19 23:00:00,0,0,0
2018-03-20 00:00:00,0,0,0
2018-03-20 01:00:00,0,0,0
2018-03-20 02:00:00,0,0,0
2018-03-20 03:00:00,0,0,0
2018-03-20 04:00:00,3,3,0
2018-03-20 05:00:00,3,3,0
2018-03-20 06:00:00,14,11,3
2018-03-20 07:00:00,47,29,18
2018-03-20 08:00:00,44,39,5
2018-03-20 09:00:00,23,23,0
2018-03-20 10:00:00,13,12,1
2018-03-20 11:00:00,16,9,7
2018-03-20 12:00:00,20,14,6
2018-03-20 13:00:00,35,14,21
2018-03-20 14:00:00,28,16,12
2018-03-20 15:00:00,48,30,18
2018-03-20 16:00:00,60,32,28
2018-03-20 17:00:00,104,50,54
2018-03-20 18:00:00,69,46,23
2018-03-20 19:00:00,36,30,6
2018-03-20 20:00:00,9,8,1
2018-03-20 21:00:00,8,7,1
2018-03-20 22:00:00,2,2,0
2018-03-20 23:00:00,3,3,0
2018-03-21 00:00:00,0,0,0
2018-03-21 01:00:00,0,0,0
2018-03-21 02:00:00,0,0,0
2018-03-21 03:00:00,0,0,0
2018-03-21 04:00:00,4,4,0
2018-03-21 05:00:00,5,5,0
2018-03-21 06:00:00,12,10,2
2018-03-21 07:00:00,28,18,10
2018-03-21 08:00:00,36,30,6
2018-03-21 09:00:00,20,14,6
2018-03-21 10:00:00,16,12,4
2018-03-21 11:00:00,8,4,4
2018-03-21 12:00:00,11,5,6
2018-03-21 13:00:00,21,11,10
2018-03-21 14:00:00,23,16,7
2018-03-21 15:00:00,25,16,9
2018-03-21 16:00:00,43,22,21
2018-03-21 17:00:00,51,36,15
2018-03-21 18:00:00,35,24,11
2018-03-21 19:00:00,11,8,3
2018-03-21 20:00:00,3,2,1
2018-03-21 21:00:00,3,2,1
2018-03-21 22:00:00,0,0,0
2018-03-21 23:00:00,1,1,0
2018-03-22 00:00:00,0,0,0
2018-03-22 01:00:00,0,0,0
2018-03-22 02:00:00,0,0,0
2018-03-22 03:00:00,0,0,0
2018-03-22 04:00:00,2,2,0
2018-03-22 05:00:00,1,1,0
2018-03-22 06:00:00,7,5,2
2018-03-22 07:00:00,15,12,3
2018-03-22 08:00:00,22,18,4
2018-03-22 09:00:00,5,4,1
2018-03-22 10:00:00,2,2,0
2018-03-22 11:00:00,2,1,1
2018-03-22 12:00:00,3,2,1
2018-03-22 13:00:00,1,0,1
2018-03-22 14:00:00,2,1,1
2018-03-22 15:00:00,6,5,1
2018-03-22 16:00:00,18,9,9
2018-03-22 17:00:00,17,14,3
2018-03-22 18:00:00,23,15,8
2018-03-22 19:00:00,17,6,11
2018-03-22 20:00:00,5,3,2
2018-03-22 21:00:00,2,2,0
2018-03-22 22:00:00,0,0,0
2018-03-22 23:00:00,0,0,0
2018-03-23 00:00:00,0,0,0
2018-03-23 01:00:00,0,0,0
2018-03-23 02:00:00,0,0,0
2018-03-23 03:00:00,0,0,0
2018-03-23 04:00:00,2,2,0
2018-03-23 05:00:00,2,2,0
2018-03-23 06:00:00,7,6,1
2018-03-23 07:00:00,20,16,4
2018-03-23 08:00:00,15,13,2
2018-03-23 09:00:00,7,6,1
2018-03-23 10:00:00,5,4,1
2018-03-23 11:00:00,0,0,0
2018-03-23 12:00:00,3,3,0
2018-03-23 13:00:00,2,0,2
2018-03-23 14:00:00,6,4,2
2018-03-23 15:00:00,15,13,2
2018-03-23 16:00:00,20,12,8
2018-03-23 17:00:00,24,15,9
2018-03-23 18:00:00,18,11,7
2018-03-23 19:00:00,7,5,2
2018-03-23 20:00:00,2,2,0
2018-03-23 21:00:00,2,2,0
2018-03-23 22:00:00,1,0,1
2018-03-23 23:00:00,0,0,0
2018-03-24 00:00:00,0,0,0
2018-03-24 01:00:00,0,0,0
2018-03-24 02:00:00,0,0,0
2018-03-24 03:00:00,0,0,0
2018-03-24 04:00:00,1,1,0
2018-03-24 05:00:00,0,0,0
2018-03-24 06:00:00,0,0,0
2018-03-24 07:00:00,1,1,0
2018-03-24 08:00:00,15,4,11
2018-03-24 09:00:00,48,21,27
2018-03-24 10:00:00,24,8,16
2018-03-24 11:00:00,33,28,5
2018-03-24 12:00:00,66,43,23
2018-03-24 13:00:00,60,40,20
2018-03-24 14:00:00,32,17,15
2018-03-24 15:00:00,55,35,20
2018-03-24 16:00:00,28,20,8
2018-03-24 17:00:00,30,24,6
2018-03-24 18:00:00,7,5,2
2018-03-24 19:00:00,6,6,0
2018-03-24 20:00:00,0,0,0
2018-03-24 21:00:00,1,1,0
2018-03-24 22:00:00,0,0,0
2018-03-24 23:00:00,0,0,0
2018-03-25 00:00:00,2,2,0
2018-03-25 01:00:00,0,0,0
2018-03-25 02:00:00,0,0,0
2018-03-25 03:00:00,0,0,0
2018-03-25 04:00:00,0,0,0
2018-03-25 05:00:00,0,0,0
2018-03-25 06:00:00,1,1,0
2018-03-25 07:00:00,5,4,1
2018-03-25 08:00:00,24,5,19
2018-03-25 09:00:00,48,31,17
2018-03-25 10:00:00,69,46,23
2018-03-25 11:00:00,125,83,42
2018-03-25 12:00:00,81,69,12
2018-03-25 13:00:00,75,50,25
2018-03-25 14:00:00,76,54,22
2018-03-25 15:00:00,75,60,15
2018-03-25 16:00:00,67,47,20
2018-03-25 17:00:00,43,32,11
2018-03-25 18:00:00,21,17,4
2018-03-25 19:00:00,6,5,1
2018-03-25 20:00:00,1,1,0
2018-03-25 21:00:00,1,1,0
2018-03-25 22:00:00,0,0,0
2018-03-25 23:00:00,0,0,0
2018-03-26 00:00:00,0,0,0
2018-03-26 01:00:00,0,0,0
2018-03-26 02:00:00,0,0,0
2018-03-26 03:00:00,0,0,0
2018-03-26 04:00:00,1,1,0
2018-03-26 05:00:00,3,3,0
2018-03-26 06:00:00,8,6,2
2018-03-26 07:00:00,22,15,7
2018-03-26 08:00:00,14,11,3
2018-03-26 09:00:00,19,14,5
2018-03-26 10:00:00,12,8,4
2018-03-26 11:00:00,0,0,0
2018-03-26 12:00:00,3,3,0
2018-03-26 13:00:00,2,2,0
2018-03-26 14:00:00,6,4,2
2018-03-26 15:00:00,10,8,2
2018-03-26 16:00:00,18,15,3
2018-03-26 17:00:00,35,25,10
2018-03-26 18:00:00,24,17,7
2018-03-26 19:00:00,10,8,2
2018-03-26 20:00:00,4,4,0
2018-03-26 21:00:00,2,0,2
2018-03-26 22:00:00,0,0,0
2018-03-26 23:00:00,0,0,0
2018-03-27 00:00:00,0,0,0
2018-03-27 01:00:00,1,0,1
2018-03-27 02:00:00,0,0,0
2018-03-27 03:00:00,0,0,0
2018-03-27 04:00:00,2,2,0
2018-03-27 05:00:00,4,4,0
2018-03-27 06:00:00,6,6,0
2018-03-27 07:00:00,23,16,7
2018-03-27 08:00:00,24,19,5
2018-03-27 09:00:00,5,4,1
2018-03-27 10:00:00,4,4,0
2018-03-27 11:00:00,7,3,4
2018-03-27 12:00:00,2,0,2
2018-03-27 13:00:00,4,4,0
2018-03-27 14:00:00,9,7,2
2018-03-27 15:00:00,13,9,4
2018-03-27 16:00:00,25,21,4
2018-03-27 17:00:00,35,22,13
2018-03-27 18:00:00,33,27,6
2018-03-27 19:00:00,20,16,4
2018-03-27 20:00:00,3,3,0
2018-03-27 21:00:00,0,0,0
2018-03-27 22:00:00,1,1,0
2018-03-27 23:00:00,0,0,0
2018-03-28 00:00:00,0,0,0
2018-03-28 01:00:00,0,0,0
2018-03-28 02:00:00,0,0,0
2018-03-28 03:00:00,0,0,0
2018-03-28 04:00:00,4,4,0
2018-03-28 05:00:00,5,4,1
2018-03-28 06:00:00,15,9,6
2018-03-28 07:00:00,33,22,11
2018-03-28 08:00:00,33,24,9
2018-03-28 09:00:00,24,20,4
2018-03-28 10:00:00,9,6,3
2018-03-28 11:00:00,13,10,3
2018-03-28 12:00:00,17,17,0
2018-03-28 13:00:00,34,24,10
2018-03-28 14:00:00,50,46,4
2018-03-28 15:00:00,22,14,8
2018-03-28 16:00:00,60,50,10
2018-03-28 17:00:00,57,38,19
2018-03-28 18:00:00,32,18,14
2018-03-28 19:00:00,17,13,4
2018-03-28 20:00:00,9,9,0
2018-03-28 21:00:00,3,2,1
2018-03-28 22:00:00,2,0,2
2018-03-28 23:00:00,1,1,0
2018-03-29 00:00:00,0,0,0
2018-03-29 01:00:00,0,0,0
2018-03-29 02:00:00,0,0,0
2018-03-29 03:00:00,0,0,0
2018-03-29 04:00:00,6,6,0
2018-03-29 05:00:00,7,5,2
2018-03-29 06:00:00,18,15,3
2018-03-29 07:00:00,45,32,13
2018-03-29 08:00:00,24,17,7
2018-03-29 09:00:00,16,16,0
2018-03-29 10:00:00,11,10,1
2018-03-29 11:00:00,12,9,3
2018-03-29 12:00:00,6,4,2
2018-03-29 13:00:00,16,10,6
2018-03-29 14:00:00,23,17,6
2018-03-29 15:00:00,17,10,7
2018-03-29 16:00:00,42,34,8
2018-03-29 17:00:00,71,51,20
2018-03-29 18:00:00,46,38,8
2018-03-29 19:00:00,24,16,8
2018-03-29 20:00:00,10,9,1
2018-03-29 21:00:00,1,1,0
2018-03-29 22:00:00,2,1,1
2018-03-29 23:00:00,1,0,1
2018-03-30 00:00:00,0,0,0
2018-03-30 01:00:00,0,0,0
2018-03-30 02:00:00,0,0,0
2018-03-30 03:00:00,0,0,0
2018-03-30 04:00:00,2,2,0
2018-03-30 05:00:00,9,7,2
2018-03-30 06:00:00,9,7,2
2018-03-30 07:00:00,42,33,9
2018-03-30 08:00:00,29,24,5
2018-03-30 09:00:00,31,25,6
2018-03-30 10:00:00,18,16,2
2018-03-30 11:00:00,13,10,3
2018-03-30 12:00:00,22,21,1
2018-03-30 13:00:00,14,12,2
2018-03-30 14:00:00,18,15,3
2018-03-30 15:00:00,24,17,7
2018-03-30 16:00:00,23,16,7
2018-03-30 17:00:00,42,35,7
2018-03-30 18:00:00,28,20,8
2018-03-30 19:00:00,10,6,4
2018-03-30 20:00:00,4,2,2
2018-03-30 21:00:00,3,3,0
2018-03-30 22:00:00,1,1,0
2018-03-30 23:00:00,1,1,0
2018-03-31 00:00:00,0,0,0
2018-03-31 01:00:00,0,0,0
2018-03-31 02:00:00,0,0,0
2018-03-31 03:00:00,0,0,0
2018-03-31 04:00:00,0,0,0
2018-03-31 05:00:00,0,0,0
2018-03-31 06:00:00,7,3,4
2018-03-31 07:00:00,14,3,11
2018-03-31 08:00:00,40,19,21
2018-03-31 09:00:00,54,41,13
2018-03-31 10:00:00,119,91,28
2018-03-31 11:00:00,104,78,26
2018-03-31 12:00:00,130,97,33
2018-03-31 13:00:00,113,78,35
2018-03-31 14:00:00,122,88,34
2018-03-31 15:00:00,107,69,38
2018-03-31 16:00:00,83,61,22
2018-03-31 17:00:00,51,38,13
2018-03-31 18:00:00,38,27,11
2018-03-31 19:00:00,12,5,7
2018-03-31 20:00:00,1,1,0
2018-03-31 21:00:00,4,2,2
2018-03-31 22:00:00,0,0,0
2018-03-31 23:00:00,0,0,0
2018-04-01 00:00:00,0,0,0
2018-04-01 01:00:00,0,0,0
2018-04-01 02:00:00,0,0,0
2018-04-01 03:00:00,0,0,0
2018-04-01 04:00:00,0,0,0
2018-04-01 05:00:00,0,0,0
2018-04-01 06:00:00,2,2,0
2018-04-01 07:00:00,3,1,2
2018-04-01 08:00:00,22,10,12
2018-04-01 09:00:00,20,19,1
2018-04-01 10:00:00,22,13,9
2018-04-01 11:00:00,22,20,2
2018-04-01 12:00:00,22,15,7
2018-04-01 13:00:00,9,5,4
2018-04-01 14:00:00,8,8,0
2018-04-01 15:00:00,15,13,2
2018-04-01 16:00:00,11,9,2
2018-04-01 17:00:00,10,5,5
2018-04-01 18:00:00,6,4,2
2018-04-01 19:00:00,3,3,0
2018-04-01 20:00:00,0,0,0
2018-04-01 21:00:00,2,2,0
2018-04-01 22:00:00,0,0,0
2018-04-01 23:00:00,0,0,0
2018-04-02 00:00:00,0,0,0
2018-04-02 01:00:00,0,0,0
2018-04-02 02:00:00,0,0,0
2018-04-02 03:00:00,0,0,0
2018-04-02 04:00:00,2,2,0
2018-04-02 05:00:00,14,8,6
2018-04-02 06:00:00,16,13,3
2018-04-02 07:00:00,44,34,10
2018-04-02 08:00:00,35,31,4
2018-04-02 09:00:00,18,17,1
2018-04-02 10:00:00,16,12,4
2018-04-02 11:00:00,19,11,8
2018-04-02 12:00:00,22,12,10
2018-04-02 13:00:00,23,15,8
2018-04-02 14:00:00,49,43,6
2018-04-02 15:00:00,38,36,2
2018-04-02 16:00:00,41,37,4
2018-04-02 17:00:00,67,55,12
2018-04-02 18:00:00,48,42,6
2018-04-02 19:00:00,16,14,2
2018-04-02 20:00:00,4,4,0
2018-04-02 21:00:00,0,0,0
2018-04-02 22:00:00,0,0,0
2018-04-02 23:00:00,1,1,0
2018-04-03 00:00:00,0,0,0
2018-04-03 01:00:00,0,0,0
2018-04-03 02:00:00,0,0,0
2018-04-03 03:00:00,0,0,0
2018-04-03 04:00:00,4,4,0
2018-04-03 05:00:00,12,9,3
2018-04-03 06:00:00,22,18,4
2018-04-03 07:00:00,43,39,4
2018-04-03 08:00:00,36,31,5
2018-04-03 09:00:00,28,26,2
2018-04-03 10:00:00,11,9,2
2018-04-03 11:00:00,16,16,0
2018-04-03 12:00:00,25,23,2
2018-04-03 13:00:00,15,15,0
2018-04-03 14:00:00,26,24,2
2018-04-03 15:00:00,18,16,2
2018-04-03 16:00:00,48,39,9
2018-04-03 17:00:00,101,64,37
2018-04-03 18:00:00,60,53,7
2018-04-03 19:00:00,38,32,6
2018-04-03 20:00:00,6,4,2
2018-04-03 21:00:00,2,1,1
2018-04-03 22:00:00,0,0,0
2018-04-03 23:00:00,1,0,1
2018-04-04 00:00:00,0,0,0
2018-04-04 01:00:00,0,0,0
2018-04-04 02:00:00,0,0,0
2018-04-04 03:00:00,0,0,0
2018-04-04 04:00:00,4,3,1
2018-04-04 05:00:00,4,2,2
2018-04-04 06:00:00,9,9,0
2018-04-04 07:00:00,22,16,6
2018-04-04 08:00:00,21,17,4
2018-04-04 09:00:00,15,13,2
2018-04-04 10:00:00,7,7,0
2018-04-04 11:00:00,6,4,2
2018-04-04 12:00:00,2,1,1
2018-04-04 13:00:00,3,3,0
2018-04-04 14:00:00,1,1,0
2018-04-04 15:00:00,7,4,3
2018-04-04 16:00:00,12,10,2
2018-04-04 17:00:00,19,17,2
2018-04-04 18:00:00,29,27,2
2018-04-04 19:00:00,11,11,0
2018-04-04 20:00:00,2,2,0
2018-04-04 21:00:00,1,1,0
2018-04-04 22:00:00,1,1,0
2018-04-04 23:00:00,0,0,0
2018-04-05 00:00:00,0,0,0
2018-04-05 01:00:00,0,0,0
2018-04-05 02:00:00,0,0,0
2018-04-05 03:00:00,0,0,0
2018-04-05 04:00:00,2,2,0
2018-04-05 05:00:00,3,3,0
2018-04-05 06:00:00,9,7,2
2018-04-05 07:00:00,26,21,5
2018-04-05 08:00:00,22,13,9
2018-04-05 09:00:00,9,7,2
2018-04-05 10:00:00,8,6,2
2018-04-05 11:00:00,5,5,0
2018-04-05 12:00:00,2,2,0
2018-04-05 13:00:00,4,3,1
2018-04-05 14:00:00,4,4,0
2018-04-05 15:00:00,10,9,1
2018-04-05 16:00:00,13,11,2
2018-04-05 17:00:00,26,22,4
2018-04-05 18:00:00,28,27,1
2018-04-05 19:00:00,17,15,2
2018-04-05 20:00:00,3,2,1
2018-04-05 21:00:00,1,1,0
2018-04-05 22:00:00,1,0,1
2018-04-05 23:00:00,0,0,0
2018-04-06 00:00:00,0,0,0
2018-04-06 01:00:00,0,0,0
2018-04-06 02:00:00,0,0,0
2018-04-06 03:00:00,0,0,0
2018-04-06 04:00:00,4,4,0
2018-04-06 05:00:00,8,4,4
2018-04-06 06:00:00,16,12,4
2018-04-06 07:00:00,32,23,9
2018-04-06 08:00:00,38,31,7
2018-04-06 09:00:00,17,16,1
2018-04-06 10:00:00,4,4,0
2018-04-06 11:00:00,20,16,4
2018-04-06 12:00:00,17,16,1
2018-04-06 13:00:00,25,23,2
2018-04-06 14:00:00,24,24,0
2018-04-06 15:00:00,49,48,1
2018-04-06 16:00:00,60,59,1
2018-04-06 17:00:00,81,74,7
2018-04-06 18:00:00,65,41,24
2018-04-06 19:00:00,34,27,7
2018-04-06 20:00:00,9,6,3
2018-04-06 21:00:00,2,2,0
2018-04-06 22:00:00,0,0,0
2018-04-06 23:00:00,4,4,0
2018-04-07 00:00:00,2,1,1
2018-04-07 01:00:00,3,2,1
2018-04-07 02:00:00,0,0,0
2018-04-07 03:00:00,0,0,0
2018-04-07 04:00:00,0,0,0
2018-04-07 05:00:00,0,0,0
2018-04-07 06:00:00,0,0,0
2018-04-07 07:00:00,0,0,0
2018-04-07 08:00:00,3,2,1
2018-04-07 09:00:00,8,7,1
2018-04-07 10:00:00,14,6,8
2018-04-07 11:00:00,30,15,15
2018-04-07 12:00:00,18,14,4
2018-04-07 13:00:00,15,13,2
2018-04-07 14:00:00,10,4,6
2018-04-07 15:00:00,10,8,2
2018-04-07 16:00:00,2,2,0
2018-04-07 17:00:00,6,4,2
2018-04-07 18:00:00,9,7,2
2018-04-07 19:00:00,0,0,0
2018-04-07 20:00:00,2,2,0
2018-04-07 21:00:00,2,2,0
2018-04-07 22:00:00,0,0,0
2018-04-07 23:00:00,0,0,0
2018-04-08 00:00:00,0,0,0
2018-04-08 01:00:00,1,1,0
2018-04-08 02:00:00,0,0,0
2018-04-08 03:00:00,0,0,0
2018-04-08 04:00:00,0,0,0
2018-04-08 05:00:00,2,1,1
2018-04-08 06:00:00,6,6,0
2018-04-08 07:00:00,35,35,0
2018-04-08 08:00:00,22,17,5
2018-04-08 09:00:00,28,19,9
2018-04-08 10:00:00,49,33,16
2018-04-08 11:00:00,12,11,1
2018-04-08 12:00:00,14,10,4
2018-04-08 13:00:00,11,7,4
2018-04-08 14:00:00,17,12,5
2018-04-08 15:00:00,17,16,1
2018-04-08 16:00:00,8,6,2
2018-04-08 17:00:00,16,14,2
2018-04-08 18:00:00,12,12,0
2018-04-08 19:00:00,1,1,0
2018-04-08 20:00:00,2,2,0
2018-04-08 21:00:00,2,1,1
2018-04-08 22:00:00,1,0,1
2018-04-08 23:00:00,0,0,0
2018-04-09 00:00:00,1,1,0
2018-04-09 01:00:00,0,0,0
2018-04-09 02:00:00,0,0,0
2018-04-09 03:00:00,0,0,0
2018-04-09 04:00:00,4,4,0
2018-04-09 05:00:00,11,8,3
2018-04-09 06:00:00,17,15,2
2018-04-09 07:00:00,45,31,14
2018-04-09 08:00:00,46,43,3
2018-04-09 09:00:00,27,25,2
2018-04-09 10:00:00,23,21,2
2018-04-09 11:00:00,32,25,7
2018-04-09 12:00:00,36,24,12
2018-04-09 13:00:00,45,36,9
2018-04-09 14:00:00,62,50,12
2018-04-09 15:00:00,54,44,10
2018-04-09 16:00:00,66,56,10
2018-04-09 17:00:00,116,83,33
2018-04-09 18:00:00,125,77,48
2018-04-09 19:00:00,48,38,10
2018-04-09 20:00:00,14,14,0
2018-04-09 21:00:00,0,0,0
2018-04-09 22:00:00,1,1,0
2018-04-09 23:00:00,1,1,0
2018-04-10 00:00:00,1,1,0
2018-04-10 01:00:00,0,0,0
2018-04-10 02:00:00,0,0,0
2018-04-10 03:00:00,0,0,0
2018-04-10 04:00:00,2,2,0
2018-04-10 05:00:00,3,3,0
2018-04-10 06:00:00,10,8,2
2018-04-10 07:00:00,14,12,2
2018-04-10 08:00:00,16,14,2
2018-04-10 09:00:00,13,12,1
2018-04-10 10:00:00,3,3,0
2018-04-10 11:00:00,2,2,0
2018-04-10 12:00:00,5,4,1
2018-04-10 13:00:00,4,1,3
2018-04-10 14:00:00,7,6,1
2018-04-10 15:00:00,14,11,3
2018-04-10 16:00:00,22,13,9
2018-04-10 17:00:00,56,33,23
2018-04-10 18:00:00,48,32,16
2018-04-10 19:00:00,36,24,12
2018-04-10 20:00:00,8,6,2
2018-04-10 21:00:00,3,2,1
2018-04-10 22:00:00,0,0,0
2018-04-10 23:00:00,0,0,0
2018-04-11 00:00:00,0,0,0
2018-04-11 01:00:00,0,0,0
2018-04-11 02:00:00,0,0,0
2018-04-11 03:00:00,0,0,0
2018-04-11 04:00:00,2,2,0
2018-04-11 05:00:00,4,3,1
2018-04-11 06:00:00,13,9,4
2018-04-11 07:00:00,21,14,7
2018-04-11 08:00:00,28,22,6
2018-04-11 09:00:00,19,14,5
2018-04-11 10:00:00,13,9,4
2018-04-11 11:00:00,10,8,2
2018-04-11 12:00:00,3,3,0
2018-04-11 13:00:00,7,6,1
2018-04-11 14:00:00,2,0,2
2018-04-11 15:00:00,6,4,2
2018-04-11 16:00:00,20,9,11
2018-04-11 17:00:00,25,17,8
2018-04-11 18:00:00,22,13,9
2018-04-11 19:00:00,12,8,4
2018-04-11 20:00:00,1,1,0
2018-04-11 21:00:00,2,2,0
2018-04-11 22:00:00,0,0,0
2018-04-11 23:00:00,0,0,0
2018-04-12 00:00:00,0,0,0
2018-04-12 01:00:00,0,0,0
2018-04-12 02:00:00,0,0,0
2018-04-12 03:00:00,0,0,0
2018-04-12 04:00:00,2,2,0
2018-04-12 05:00:00,2,2,0
2018-04-12 06:00:00,12,8,4
2018-04-12 07:00:00,36,21,15
2018-04-12 08:00:00,30,23,7
2018-04-12 09:00:00,14,10,4
2018-04-12 10:00:00,5,4,1
2018-04-12 11:00:00,4,4,0
2018-04-12 12:00:00,1,1,0
2018-04-12 13:00:00,4,4,0
2018-04-12 14:00:00,2,2,0
2018-04-12 15:00:00,17,11,6
2018-04-12 16:00:00,21,13,8
2018-04-12 17:00:00,28,23,5
2018-04-12 18:00:00,36,22,14
2018-04-12 19:00:00,26,20,6
2018-04-12 20:00:00,2,1,1
2018-04-12 21:00:00,3,3,0
2018-04-12 22:00:00,0,0,0
2018-04-12 23:00:00,0,0,0
2018-04-13 00:00:00,0,0,0
2018-04-13 01:00:00,0,0,0
2018-04-13 02:00:00,0,0,0
2018-04-13 03:00:00,0,0,0
2018-04-13 04:00:00,0,0,0
2018-04-13 05:00:00,8,6,2
2018-04-13 06:00:00,6,5,1
2018-04-13 07:00:00,20,17,3
2018-04-13 08:00:00,13,8,5
2018-04-13 09:00:00,6,4,2
2018-04-13 10:00:00,3,2,1
2018-04-13 11:00:00,2,0,2
2018-04-13 12:00:00,5,2,3
2018-04-13 13:00:00,10,9,1
2018-04-13 14:00:00,1,1,0
2018-04-13 15:00:00,3,3,0
2018-04-13 16:00:00,9,8,1
2018-04-13 17:00:00,17,13,4
2018-04-13 18:00:00,7,2,5
2018-04-13 19:00:00,4,4,0
2018-04-13 20:00:00,3,1,2
2018-04-13 21:00:00,2,2,0
2018-04-13 22:00:00,0,0,0
2018-04-13 23:00:00,0,0,0
2018-04-14 00:00:00,0,0,0
2018-04-14 01:00:00,0,0,0
2018-04-14 02:00:00,0,0,0
2018-04-14 03:00:00,0,0,0
2018-04-14 04:00:00,0,0,0
2018-04-14 05:00:00,0,0,0
2018-04-14 06:00:00,0,0,0
2018-04-14 07:00:00,7,6,1
2018-04-14 08:00:00,15,11,4
2018-04-14 09:00:00,13,10,3
2018-04-14 10:00:00,51,44,7
2018-04-14 11:00:00,61,58,3
2018-04-14 12:00:00,20,16,4
2018-04-14 13:00:00,26,26,0
2018-04-14 14:00:00,18,17,1
2018-04-14 15:00:00,3,3,0
2018-04-14 16:00:00,6,5,1
2018-04-14 17:00:00,1,1,0
2018-04-14 18:00:00,2,2,0
2018-04-14 19:00:00,0,0,0
2018-04-14 20:00:00,0,0,0
2018-04-14 21:00:00,1,1,0
2018-04-14 22:00:00,1,1,0
2018-04-14 23:00:00,0,0,0
2018-04-15 00:00:00,0,0,0
2018-04-15 01:00:00,1,1,0
2018-04-15 02:00:00,0,0,0
2018-04-15 03:00:00,0,0,0
2018-04-15 04:00:00,0,0,0
2018-04-15 05:00:00,0,0,0
2018-04-15 06:00:00,0,0,0
2018-04-15 07:00:00,9,2,7
2018-04-15 08:00:00,28,17,11
2018-04-15 09:00:00,42,34,8
2018-04-15 10:00:00,63,57,6
2018-04-15 11:00:00,79,71,8
2018-04-15 12:00:00,58,56,2
2018-04-15 13:00:00,50,47,3
2018-04-15 14:00:00,50,44,6
2018-04-15 15:00:00,18,15,3
2018-04-15 16:00:00,17,14,3
2018-04-15 17:00:00,10,8,2
2018-04-15 18:00:00,7,5,2
2018-04-15 19:00:00,3,3,0
2018-04-15 20:00:00,2,2,0
2018-04-15 21:00:00,0,0,0
2018-04-15 22:00:00,0,0,0
2018-04-15 23:00:00,0,0,0
2018-04-16 00:00:00,1,1,0
2018-04-16 01:00:00,0,0,0
2018-04-16 02:00:00,0,0,0
2018-04-16 03:00:00,0,0,0
2018-04-16 04:00:00,1,1,0
2018-04-16 05:00:00,5,2,3
2018-04-16 06:00:00,12,10,2
2018-04-16 07:00:00,31,22,9
2018-04-16 08:00:00,18,13,5
2018-04-16 09:00:00,17,14,3
2018-04-16 10:00:00,2,2,0
2018-04-16 11:00:00,1,0,1
2018-04-16 12:00:00,4,2,2
2018-04-16 13:00:00,2,2,0
2018-04-16 14:00:00,2,2,0
2018-04-16 15:00:00,9,9,0
2018-04-16 16:00:00,10,9,1
2018-04-16 17:00:00,26,19,7
2018-04-16 18:00:00,19,14,5
2018-04-16 19:00:00,15,12,3
2018-04-16 20:00:00,2,2,0
2018-04-16 21:00:00,1,1,0
2018-04-16 22:00:00,0,0,0
2018-04-16 23:00:00,0,0,0
2018-04-17 00:00:00,0,0,0
2018-04-17 01:00:00,0,0,0
2018-04-17 02:00:00,0,0,0
2018-04-17 03:00:00,0,0,0
2018-04-17 04:00:00,4,4,0
2018-04-17 05:00:00,4,4,0
2018-04-17 06:00:00,13,9,4
2018-04-17 07:00:00,51,36,15
2018-04-17 08:00:00,33,31,2
2018-04-17 09:00:00,26,23,3
2018-04-17 10:00:00,19,14,5
2018-04-17 11:00:00,16,12,4
2018-04-17 12:00:00,10,10,0
2018-04-17 13:00:00,11,7,4
2018-04-17 14:00:00,6,5,1
2018-04-17 15:00:00,14,10,4
2018-04-17 16:00:00,31,25,6
2018-04-17 17:00:00,53,32,21
2018-04-17 18:00:00,50,33,17
2018-04-17 19:00:00,41,35,6
2018-04-17 20:00:00,3,0,3
2018-04-17 21:00:00,5,4,1
2018-04-17 22:00:00,0,0,0
2018-04-17 23:00:00,0,0,0
2018-04-18 00:00:00,0,0,0
2018-04-18 01:00:00,0,0,0
2018-04-18 02:00:00,0,0,0
2018-04-18 03:00:00,1,0,1
2018-04-18 04:00:00,3,3,0
2018-04-18 05:00:00,10,4,6
2018-04-18 06:00:00,23,19,4
2018-04-18 07:00:00,37,26,11
2018-04-18 08:00:00,41,36,5
2018-04-18 09:00:00,24,21,3
2018-04-18 10:00:00,8,7,1
2018-04-18 11:00:00,21,14,7
2018-04-18 12:00:00,25,20,5
2018-04-18 13:00:00,21,18,3
2018-04-18 14:00:00,22,19,3
2018-04-18 15:00:00,24,17,7
2018-04-18 16:00:00,44,26,18
2018-04-18 17:00:00,80,60,20
2018-04-18 18:00:00,72,39,33
2018-04-18 19:00:00,27,20,7
2018-04-18 20:00:00,11,6,5
2018-04-18 21:00:00,7,6,1
2018-04-18 22:00:00,1,0,1
2018-04-18 23:00:00,0,0,0
2018-04-19 00:00:00,0,0,0
2018-04-19 01:00:00,0,0,0
2018-04-19 02:00:00,0,0,0
2018-04-19 03:00:00,0,0,0
2018-04-19 04:00:00,2,2,0
2018-04-19 05:00:00,7,4,3
2018-04-19 06:00:00,17,10,7
2018-04-19 07:00:00,40,34,6
2018-04-19 08:00:00,45,31,14
2018-04-19 09:00:00,27,22,5
2018-04-19 10:00:00,18,13,5
2018-04-19 11:00:00,34,25,9
2018-04-19 12:00:00,29,22,7
2018-04-19 13:00:00,25,14,11
2018-04-19 14:00:00,33,27,6
2018-04-19 15:00:00,56,39,17
2018-04-19 16:00:00,75,53,22
2018-04-19 17:00:00,133,94,39
2018-04-19 18:00:00,84,55,29
2018-04-19 19:00:00,41,22,19
2018-04-19 20:00:00,12,8,4
2018-04-19 21:00:00,3,3,0
2018-04-19 22:00:00,0,0,0
2018-04-19 23:00:00,0,0,0
2018-04-20 00:00:00,0,0,0
2018-04-20 01:00:00,0,0,0
2018-04-20 02:00:00,0,0,0
2018-04-20 03:00:00,0,0,0
2018-04-20 04:00:00,3,3,0
2018-04-20 05:00:00,9,7,2
2018-04-20 06:00:00,20,14,6
2018-04-20 07:00:00,36,30,6
2018-04-20 08:00:00,52,46,6
2018-04-20 09:00:00,26,24,2
2018-04-20 10:00:00,17,17,0
2018-04-20 11:00:00,26,15,11
2018-04-20 12:00:00,36,27,9
2018-04-20 13:00:00,41,34,7
2018-04-20 14:00:00,30,25,5
2018-04-20 15:00:00,39,30,9
2018-04-20 16:00:00,42,32,10
2018-04-20 17:00:00,56,42,14
2018-04-20 18:00:00,35,25,10
2018-04-20 19:00:00,19,13,6
2018-04-20 20:00:00,4,4,0
2018-04-20 21:00:00,4,3,1
2018-04-20 22:00:00,0,0,0
2018-04-20 23:00:00,1,0,1
2018-04-21 00:00:00,0,0,0
2018-04-21 01:00:00,0,0,0
2018-04-21 02:00:00,0,0,0
2018-04-21 03:00:00,1,1,0
2018-04-21 04:00:00,1,1,0
2018-04-21 05:00:00,0,0,0
2018-04-21 06:00:00,10,2,8
2018-04-21 07:00:00,16,10,6
2018-04-21 08:00:00,45,34,11
2018-04-21 09:00:00,65,49,16
2018-04-21 10:00:00,71,50,21
2018-04-21 11:00:00,92,66,26
2018-04-21 12:00:00,94,67,27
2018-04-21 13:00:00,61,44,17
2018-04-21 14:00:00,69,53,16
2018-04-21 15:00:00,35,29,6
2018-04-21 16:00:00,16,11,5
2018-04-21 17:00:00,12,7,5
2018-04-21 18:00:00,11,6,5
2018-04-21 19:00:00,5,3,2
2018-04-21 20:00:00,2,1,1
2018-04-21 21:00:00,2,2,0
2018-04-21 22:00:00,0,0,0
2018-04-21 23:00:00,0,0,0
2018-04-22 00:00:00,0,0,0
2018-04-22 01:00:00,0,0,0
2018-04-22 02:00:00,0,0,0
2018-04-22 03:00:00,0,0,0
2018-04-22 04:00:00,0,0,0
2018-04-22 05:00:00,1,1,0
2018-04-22 06:00:00,6,3,3
2018-04-22 07:00:00,24,10,14
2018-04-22 08:00:00,57,36,21
2018-04-22 09:00:00,74,49,25
2018-04-22 10:00:00,78,61,17
2018-04-22 11:00:00,116,89,27
2018-04-22 12:00:00,119,89,30
2018-04-22 13:00:00,89,66,23
2018-04-22 14:00:00,116,79,37
2018-04-22 15:00:00,92,79,13
2018-04-22 16:00:00,101,71,30
2018-04-22 17:00:00,48,31,17
2018-04-22 18:00:00,24,19,5
2018-04-22 19:00:00,11,9,2
2018-04-22 20:00:00,2,1,1
2018-04-22 21:00:00,2,2,0
2018-04-22 22:00:00,0,0,0
2018-04-22 23:00:00,0,0,0
2018-04-23 00:00:00,1,1,0
2018-04-23 01:00:00,0,0,0
2018-04-23 02:00:00,0,0,0
2018-04-23 03:00:00,0,0,0
2018-04-23 04:00:00,5,4,1
2018-04-23 05:00:00,9,6,3
2018-04-23 06:00:00,19,19,0
2018-04-23 07:00:00,52,43,9
2018-04-23 08:00:00,59,57,2
2018-04-23 09:00:00,27,24,3
2018-04-23 10:00:00,15,14,1
2018-04-23 11:00:00,33,25,8
2018-04-23 12:00:00,23,19,4
2018-04-23 13:00:00,31,20,11
2018-04-23 14:00:00,32,24,8
2018-04-23 15:00:00,43,35,8
2018-04-23 16:00:00,73,61,12
2018-04-23 17:00:00,106,87,19
2018-04-23 18:00:00,90,65,25
2018-04-23 19:00:00,39,30,9
2018-04-23 20:00:00,9,5,4
2018-04-23 21:00:00,2,1,1
2018-04-23 22:00:00,0,0,0
2018-04-23 23:00:00,0,0,0
2018-04-24 00:00:00,0,0,0
2018-04-24 01:00:00,1,1,0
2018-04-24 02:00:00,0,0,0
2018-04-24 03:00:00,0,0,0
2018-04-24 04:00:00,3,3,0
2018-04-24 05:00:00,9,7,2
2018-04-24 06:00:00,27,19,8
2018-04-24 07:00:00,78,65,13
2018-04-24 08:00:00,79,70,9
2018-04-24 09:00:00,36,30,6
2018-04-24 10:00:00,21,19,2
2018-04-24 11:00:00,29,24,5
2018-04-24 12:00:00,30,26,4
2018-04-24 13:00:00,29,25,4
2018-04-24 14:00:00,45,40,5
2018-04-24 15:00:00,48,45,3
2018-04-24 16:00:00,83,77,6
2018-04-24 17:00:00,158,138,20
2018-04-24 18:00:00,127,113,14
2018-04-24 19:00:00,81,58,23
2018-04-24 20:00:00,18,14,4
2018-04-24 21:00:00,3,2,1
2018-04-24 22:00:00,1,0,1
2018-04-24 23:00:00,3,2,1
2018-04-25 00:00:00,0,0,0
2018-04-25 01:00:00,0,0,0
2018-04-25 02:00:00,1,0,1
2018-04-25 03:00:00,1,1,0
2018-04-25 04:00:00,3,3,0
2018-04-25 05:00:00,8,3,5
2018-04-25 06:00:00,43,32,11
2018-04-25 07:00:00,68,56,12
2018-04-25 08:00:00,62,58,4
2018-04-25 09:00:00,37,32,5
2018-04-25 10:00:00,39,31,8
2018-04-25 11:00:00,30,22,8
2018-04-25 12:00:00,39,33,6
2018-04-25 13:00:00,35,25,10
2018-04-25 14:00:00,29,27,2
2018-04-25 15:00:00,72,64,8
2018-04-25 16:00:00,85,75,10
2018-04-25 17:00:00,119,105,14
2018-04-25 18:00:00,90,73,17
2018-04-25 19:00:00,74,59,15
2018-04-25 20:00:00,16,12,4
2018-04-25 21:00:00,10,10,0
2018-04-25 22:00:00,2,1,1
2018-04-25 23:00:00,0,0,0
2018-04-26 00:00:00,1,1,0
2018-04-26 01:00:00,0,0,0
2018-04-26 02:00:00,0,0,0
2018-04-26 03:00:00,0,0,0
2018-04-26 04:00:00,1,1,0
2018-04-26 05:00:00,12,10,2
2018-04-26 06:00:00,36,26,10
2018-04-26 07:00:00,72,62,10
2018-04-26 08:00:00,63,59,4
2018-04-26 09:00:00,43,38,5
2018-04-26 10:00:00,23,18,5
2018-04-26 11:00:00,42,38,4
2018-04-26 12:00:00,50,45,5
2018-04-26 13:00:00,42,39,3
2018-04-26 14:00:00,44,35,9
2018-04-26 15:00:00,58,54,4
2018-04-26 16:00:00,104,98,6
2018-04-26 17:00:00,141,136,5
2018-04-26 18:00:00,121,108,13
2018-04-26 19:00:00,75,55,20
2018-04-26 20:00:00,30,25,5
2018-04-26 21:00:00,5,4,1
2018-04-26 22:00:00,3,3,0
2018-04-26 23:00:00,23,23,0
2018-04-27 00:00:00,0,0,0
2018-04-27 01:00:00,0,0,0
2018-04-27 02:00:00,1,0,1
2018-04-27 03:00:00,1,0,1
2018-04-27 04:00:00,3,3,0
2018-04-27 05:00:00,9,5,4
2018-04-27 06:00:00,25,24,1
2018-04-27 07:00:00,52,43,9
2018-04-27 08:00:00,32,25,7
2018-04-27 09:00:00,18,12,6
2018-04-27 10:00:00,9,6,3
2018-04-27 11:00:00,18,15,3
2018-04-27 12:00:00,9,8,1
2018-04-27 13:00:00,19,15,4
2018-04-27 14:00:00,31,24,7
2018-04-27 15:00:00,39,33,6
2018-04-27 16:00:00,40,34,6
2018-04-27 17:00:00,54,35,19
2018-04-27 18:00:00,34,25,9
2018-04-27 19:00:00,16,14,2
2018-04-27 20:00:00,6,5,1
2018-04-27 21:00:00,2,2,0
2018-04-27 22:00:00,0,0,0
2018-04-27 23:00:00,0,0,0
2018-04-28 00:00:00,0,0,0
2018-04-28 01:00:00,0,0,0
2018-04-28 02:00:00,0,0,0
2018-04-28 03:00:00,1,1,0
2018-04-28 04:00:00,0,0,0
2018-04-28 05:00:00,1,1,0
2018-04-28 06:00:00,2,2,0
2018-04-28 07:00:00,0,0,0
2018-04-28 08:00:00,4,3,1
2018-04-28 09:00:00,14,10,4
2018-04-28 10:00:00,20,15,5
2018-04-28 11:00:00,15,14,1
2018-04-28 12:00:00,15,14,1
2018-04-28 13:00:00,10,9,1
2018-04-28 14:00:00,15,9,6
2018-04-28 15:00:00,21,13,8
2018-04-28 16:00:00,20,13,7
2018-04-28 17:00:00,16,14,2
2018-04-28 18:00:00,7,5,2
2018-04-28 19:00:00,2,2,0
2018-04-28 20:00:00,0,0,0
2018-04-28 21:00:00,1,1,0
2018-04-28 22:00:00,0,0,0
2018-04-28 23:00:00,0,0,0
2018-04-29 00:00:00,1,1,0
2018-04-29 01:00:00,0,0,0
2018-04-29 02:00:00,0,0,0
2018-04-29 03:00:00,0,0,0
2018-04-29 04:00:00,0,0,0
2018-04-29 05:00:00,1,0,1
2018-04-29 06:00:00,1,1,0
2018-04-29 07:00:00,20,8,12
2018-04-29 08:00:00,50,30,20
2018-04-29 09:00:00,94,65,29
2018-04-29 10:00:00,84,65,19
2018-04-29 11:00:00,163,116,47
2018-04-29 12:00:00,128,108,20
2018-04-29 13:00:00,100,79,21
2018-04-29 14:00:00,72,62,10
2018-04-29 15:00:00,58,48,10
2018-04-29 16:00:00,56,42,14
2018-04-29 17:00:00,30,27,3
2018-04-29 18:00:00,8,7,1
2018-04-29 19:00:00,9,9,0
2018-04-29 20:00:00,1,1,0
2018-04-29 21:00:00,3,3,0
2018-04-29 22:00:00,1,1,0
2018-04-29 23:00:00,1,1,0
2018-04-30 00:00:00,1,1,0
2018-04-30 01:00:00,0,0,0
2018-04-30 02:00:00,0,0,0
2018-04-30 03:00:00,0,0,0
2018-04-30 04:00:00,3,3,0
2018-04-30 05:00:00,9,5,4
2018-04-30 06:00:00,27,24,3
2018-04-30 07:00:00,44,33,11
2018-04-30 08:00:00,44,38,6
2018-04-30 09:00:00,25,17,8
2018-04-30 10:00:00,11,10,1
2018-04-30 11:00:00,10,6,4
2018-04-30 12:00:00,14,12,2
2018-04-30 13:00:00,12,12,0
2018-04-30 14:00:00,15,9,6
2018-04-30 15:00:00,26,23,3
2018-04-30 16:00:00,44,32,12
2018-04-30 17:00:00,62,49,13
2018-04-30 18:00:00,60,45,15
2018-04-30 19:00:00,30,25,5
2018-04-30 20:00:00,10,8,2
2018-04-30 21:00:00,3,3,0
2018-04-30 22:00:00,3,2,1
2018-04-30 23:00:00,0,0,0
2018-05-01 00:00:00,0,0,0
2018-05-01 01:00:00,0,0,0
2018-05-01 02:00:00,0,0,0
2018-05-01 03:00:00,0,0,0
2018-05-01 04:00:00,3,3,0
2018-05-01 05:00:00,13,8,5
2018-05-01 06:00:00,33,24,9
2018-05-01 07:00:00,71,53,18
2018-05-01 08:00:00,50,43,7
2018-05-01 09:00:00,23,21,2
2018-05-01 10:00:00,14,14,0
2018-05-01 11:00:00,12,7,5
2018-05-01 12:00:00,22,18,4
2018-05-01 13:00:00,20,18,2
2018-05-01 14:00:00,18,15,3
2018-05-01 15:00:00,36,35,1
2018-05-01 16:00:00,64,43,21
2018-05-01 17:00:00,115,76,39
2018-05-01 18:00:00,94,63,31
2018-05-01 19:00:00,79,60,19
2018-05-01 20:00:00,35,32,3
2018-05-01 21:00:00,8,6,2
2018-05-01 22:00:00,0,0,0
2018-05-01 23:00:00,0,0,0
2018-05-02 00:00:00,1,1,0
2018-05-02 01:00:00,0,0,0
2018-05-02 02:00:00,0,0,0
2018-05-02 03:00:00,0,0,0
2018-05-02 04:00:00,1,1,0
2018-05-02 05:00:00,16,6,10
2018-05-02 06:00:00,47,40,7
2018-05-02 07:00:00,75,70,5
2018-05-02 08:00:00,62,57,5
2018-05-02 09:00:00,36,30,6
2018-05-02 10:00:00,25,19,6
2018-05-02 11:00:00,53,45,8
2018-05-02 12:00:00,40,33,7
2018-05-02 13:00:00,40,35,5
2018-05-02 14:00:00,41,37,4
2018-05-02 15:00:00,37,29,8
2018-05-02 16:00:00,105,83,22
2018-05-02 17:00:00,148,122,26
2018-05-02 18:00:00,116,74,42
2018-05-02 19:00:00,64,52,12
2018-05-02 20:00:00,19,16,3
2018-05-02 21:00:00,6,4,2
2018-05-02 22:00:00,2,1,1
2018-05-02 23:00:00,0,0,0
2018-05-03 00:00:00,0,0,0
2018-05-03 01:00:00,0,0,0
2018-05-03 02:00:00,0,0,0
2018-05-03 03:00:00,1,0,1
2018-05-03 04:00:00,2,2,0
2018-05-03 05:00:00,5,3,2
2018-05-03 06:00:00,49,46,3
2018-05-03 07:00:00,78,64,14
2018-05-03 08:00:00,65,60,5
2018-05-03 09:00:00,27,23,4
2018-05-03 10:00:00,28,18,10
2018-05-03 11:00:00,23,15,8
2018-05-03 12:00:00,33,29,4
2018-05-03 13:00:00,30,27,3
2018-05-03 14:00:00,25,22,3
2018-05-03 15:00:00,52,48,4
2018-05-03 16:00:00,93,88,5
2018-05-03 17:00:00,139,127,12
2018-05-03 18:00:00,108,92,16
2018-05-03 19:00:00,60,50,10
2018-05-03 20:00:00,10,6,4
2018-05-03 21:00:00,3,3,0
2018-05-03 22:00:00,0,0,0
2018-05-03 23:00:00,1,0,1
2018-05-04 00:00:00,2,2,0
2018-05-04 01:00:00,0,0,0
2018-05-04 02:00:00,0,0,0
2018-05-04 03:00:00,0,0,0
2018-05-04 04:00:00,2,1,1
2018-05-04 05:00:00,8,3,5
2018-05-04 06:00:00,29,23,6
2018-05-04 07:00:00,56,41,15
2018-05-04 08:00:00,50,40,10
2018-05-04 09:00:00,33,27,6
2018-05-04 10:00:00,15,12,3
2018-05-04 11:00:00,16,13,3
2018-05-04 12:00:00,32,22,10
2018-05-04 13:00:00,50,46,4
2018-05-04 14:00:00,24,22,2
2018-05-04 15:00:00,33,21,12
2018-05-04 16:00:00,68,53,15
2018-05-04 17:00:00,71,51,20
2018-05-04 18:00:00,56,37,19
2018-05-04 19:00:00,30,19,11
2018-05-04 20:00:00,11,9,2
2018-05-04 21:00:00,6,6,0
2018-05-04 22:00:00,1,1,0
2018-05-04 23:00:00,2,2,0
2018-05-05 00:00:00,1,1,0
2018-05-05 01:00:00,0,0,0
2018-05-05 02:00:00,0,0,0
2018-05-05 03:00:00,0,0,0
2018-05-05 04:00:00,1,0,1
2018-05-05 05:00:00,2,1,1
2018-05-05 06:00:00,8,6,2
2018-05-05 07:00:00,36,32,4
2018-05-05 08:00:00,81,68,13
2018-05-05 09:00:00,81,74,7
2018-05-05 10:00:00,119,105,14
2018-05-05 11:00:00,172,158,14
2018-05-05 12:00:00,167,150,17
2018-05-05 13:00:00,160,145,15
2018-05-05 14:00:00,95,86,9
2018-05-05 15:00:00,75,65,10
2018-05-05 16:00:00,63,58,5
2018-05-05 17:00:00,43,39,4
2018-05-05 18:00:00,21,19,2
2018-05-05 19:00:00,13,9,4
2018-05-05 20:00:00,9,6,3
2018-05-05 21:00:00,4,4,0
2018-05-05 22:00:00,1,1,0
2018-05-05 23:00:00,2,2,0
2018-05-06 00:00:00,0,0,0
2018-05-06 01:00:00,0,0,0
2018-05-06 02:00:00,0,0,0
2018-05-06 03:00:00,0,0,0
2018-05-06 04:00:00,0,0,0
2018-05-06 05:00:00,1,0,1
2018-05-06 06:00:00,5,2,3
2018-05-16 04:00:00,2,2,0
2018-05-06 07:00:00,43,21,22
2018-05-06 08:00:00,63,53,10
2018-05-06 09:00:00,87,71,16
2018-05-06 10:00:00,115,105,10
2018-05-06 11:00:00,144,122,22
2018-05-06 12:00:00,135,127,8
2018-05-06 13:00:00,119,100,19
2018-05-06 14:00:00,97,86,11
2018-05-06 15:00:00,112,100,12
2018-05-06 16:00:00,79,72,7
2018-05-06 17:00:00,54,45,9
2018-05-06 18:00:00,23,20,3
2018-05-06 19:00:00,7,7,0
2018-05-06 20:00:00,8,7,1
2018-05-06 21:00:00,1,0,1
2018-05-06 22:00:00,4,3,1
2018-05-06 23:00:00,1,1,0
2018-05-07 00:00:00,0,0,0
2018-05-07 01:00:00,1,0,1
2018-05-07 02:00:00,1,1,0
2018-05-07 03:00:00,0,0,0
2018-05-07 04:00:00,2,2,0
2018-05-07 05:00:00,8,4,4
2018-05-07 06:00:00,43,36,7
2018-05-07 07:00:00,66,54,12
2018-05-07 08:00:00,62,53,9
2018-05-07 09:00:00,37,28,9
2018-05-07 10:00:00,29,25,4
2018-05-07 11:00:00,20,18,2
2018-05-07 12:00:00,14,13,1
2018-05-07 13:00:00,22,16,6
2018-05-07 14:00:00,20,14,6
2018-05-07 15:00:00,34,33,1
2018-05-07 16:00:00,78,65,13
2018-05-07 17:00:00,90,68,22
2018-05-07 18:00:00,103,65,38
2018-05-07 19:00:00,28,21,7
2018-05-07 20:00:00,18,15,3
2018-05-07 21:00:00,3,2,1
2018-05-07 22:00:00,0,0,0
2018-05-07 23:00:00,0,0,0
2018-05-08 00:00:00,1,1,0
2018-05-08 01:00:00,0,0,0
2018-05-08 02:00:00,0,0,0
2018-05-08 03:00:00,0,0,0
2018-05-08 04:00:00,3,3,0
2018-05-08 05:00:00,15,9,6
2018-05-08 06:00:00,33,28,5
2018-05-08 07:00:00,71,61,10
2018-05-08 08:00:00,65,58,7
2018-05-08 09:00:00,41,37,4
2018-05-08 10:00:00,23,20,3
2018-05-08 11:00:00,31,26,5
2018-05-08 12:00:00,15,13,2
2018-05-08 13:00:00,53,49,4
2018-05-08 14:00:00,32,30,2
2018-05-08 15:00:00,52,50,2
2018-05-08 16:00:00,94,85,9
2018-05-08 17:00:00,113,100,13
2018-05-08 18:00:00,78,52,26
2018-05-08 19:00:00,42,30,12
2018-05-08 20:00:00,18,12,6
2018-05-08 21:00:00,1,0,1
2018-05-08 22:00:00,0,0,0
2018-05-08 23:00:00,0,0,0
2018-05-09 00:00:00,0,0,0
2018-05-09 01:00:00,0,0,0
2018-05-09 02:00:00,0,0,0
2018-05-09 03:00:00,3,1,2
2018-05-09 04:00:00,3,3,0
2018-05-09 05:00:00,11,7,4
2018-05-09 06:00:00,40,33,7
2018-05-09 07:00:00,51,46,5
2018-05-09 08:00:00,49,43,6
2018-05-09 09:00:00,19,16,3
2018-05-09 10:00:00,13,12,1
2018-05-09 11:00:00,15,11,4
2018-05-09 12:00:00,11,10,1
2018-05-09 13:00:00,16,13,3
2018-05-09 14:00:00,18,17,1
2018-05-09 15:00:00,18,18,0
2018-05-09 16:00:00,52,38,14
2018-05-09 17:00:00,0,0,0
2018-05-09 18:00:00,40,23,17
2018-05-09 19:00:00,71,56,15
2018-05-09 20:00:00,32,26,6
2018-05-09 21:00:00,5,3,2
2018-05-09 22:00:00,6,6,0
2018-05-09 23:00:00,0,0,0
2018-05-10 00:00:00,0,0,0
2018-05-10 01:00:00,0,0,0
2018-05-10 02:00:00,0,0,0
2018-05-10 03:00:00,0,0,0
2018-05-10 04:00:00,3,3,0
2018-05-10 05:00:00,4,2,2
2018-05-10 06:00:00,23,19,4
2018-05-10 07:00:00,54,38,16
2018-05-10 08:00:00,39,29,10
2018-05-10 09:00:00,22,17,5
2018-05-10 10:00:00,10,7,3
2018-05-10 11:00:00,17,16,1
2018-05-10 12:00:00,12,10,2
2018-05-10 13:00:00,15,12,3
2018-05-10 14:00:00,5,5,0
2018-05-10 15:00:00,21,18,3
2018-05-10 16:00:00,43,36,7
2018-05-10 17:00:00,77,47,30
2018-05-10 18:00:00,52,35,17
2018-05-10 19:00:00,39,21,18
2018-05-10 20:00:00,16,14,2
2018-05-10 21:00:00,4,2,2
2018-05-10 22:00:00,0,0,0
2018-05-10 23:00:00,1,1,0
2018-05-11 00:00:00,0,0,0
2018-05-11 01:00:00,0,0,0
2018-05-11 02:00:00,0,0,0
2018-05-11 03:00:00,0,0,0
2018-05-11 04:00:00,3,2,1
2018-05-11 05:00:00,14,3,11
2018-05-11 06:00:00,44,34,10
2018-05-11 07:00:00,94,69,25
2018-05-11 08:00:00,68,55,13
2018-05-11 09:00:00,34,30,4
2018-05-11 10:00:00,30,22,8
2018-05-11 11:00:00,17,14,3
2018-05-11 12:00:00,29,24,5
2018-05-11 13:00:00,37,29,8
2018-05-11 14:00:00,28,25,3
2018-05-11 15:00:00,51,41,10
2018-05-11 16:00:00,89,73,16
2018-05-11 17:00:00,108,80,28
2018-05-11 18:00:00,63,41,22
2018-05-11 19:00:00,41,27,14
2018-05-11 20:00:00,11,9,2
2018-05-11 21:00:00,5,2,3
2018-05-11 22:00:00,2,2,0
2018-05-11 23:00:00,1,1,0
2018-05-12 00:00:00,0,0,0
2018-05-12 01:00:00,0,0,0
2018-05-12 02:00:00,0,0,0
2018-05-12 03:00:00,0,0,0
2018-05-12 04:00:00,0,0,0
2018-05-12 05:00:00,5,3,2
2018-05-12 06:00:00,18,13,5
2018-05-12 07:00:00,40,28,12
2018-05-12 08:00:00,157,128,29
2018-05-12 09:00:00,150,126,24
2018-05-12 10:00:00,156,128,28
2018-05-12 11:00:00,161,137,24
2018-05-12 12:00:00,149,138,11
2018-05-12 13:00:00,175,159,16
2018-05-12 14:00:00,153,127,26
2018-05-12 15:00:00,104,98,6
2018-05-12 16:00:00,76,71,5
2018-05-12 17:00:00,60,42,18
2018-05-12 18:00:00,62,40,22
2018-05-12 19:00:00,26,22,4
2018-05-12 20:00:00,16,14,2
2018-05-12 21:00:00,7,6,1
2018-05-12 22:00:00,3,3,0
2018-05-12 23:00:00,0,0,0
2018-05-13 00:00:00,2,2,0
2018-05-13 01:00:00,0,0,0
2018-05-13 02:00:00,1,1,0
2018-05-13 03:00:00,0,0,0
2018-05-13 04:00:00,0,0,0
2018-05-13 05:00:00,3,0,3
2018-05-13 06:00:00,3,3,0
2018-05-13 07:00:00,36,35,1
2018-05-13 08:00:00,74,68,6
2018-05-13 09:00:00,150,127,23
2018-05-13 10:00:00,141,129,12
2018-05-13 11:00:00,184,158,26
2018-05-13 12:00:00,132,123,9
2018-05-13 13:00:00,116,97,19
2018-05-13 14:00:00,118,109,9
2018-05-13 15:00:00,82,75,7
2018-05-13 16:00:00,73,68,5
2018-05-13 17:00:00,48,45,3
2018-05-13 18:00:00,71,63,8
2018-05-13 19:00:00,49,46,3
2018-05-13 20:00:00,3,3,0
2018-05-13 21:00:00,4,3,1
2018-05-13 22:00:00,1,1,0
2018-05-13 23:00:00,3,3,0
2018-05-14 00:00:00,1,1,0
2018-05-14 01:00:00,0,0,0
2018-05-14 02:00:00,0,0,0
2018-05-14 03:00:00,0,0,0
2018-05-14 04:00:00,5,5,0
2018-05-14 05:00:00,17,9,8
2018-05-14 06:00:00,57,55,2
2018-05-14 07:00:00,74,67,7
2018-05-14 08:00:00,82,76,6
2018-05-14 09:00:00,54,46,8
2018-05-14 10:00:00,28,24,4
2018-05-14 11:00:00,54,49,5
2018-05-14 12:00:00,31,26,5
2018-05-14 13:00:00,20,16,4
2018-05-14 14:00:00,29,23,6
2018-05-14 15:00:00,55,44,11
2018-05-14 16:00:00,97,74,23
2018-05-14 17:00:00,131,118,13
2018-05-14 18:00:00,108,96,12
2018-05-14 19:00:00,74,54,20
2018-05-14 20:00:00,35,29,6
2018-05-14 21:00:00,14,13,1
2018-05-14 22:00:00,3,3,0
2018-05-14 23:00:00,0,0,0
2018-05-15 00:00:00,1,1,0
2018-05-15 01:00:00,0,0,0
2018-05-15 02:00:00,0,0,0
2018-05-15 03:00:00,0,0,0
2018-05-15 04:00:00,6,5,1
2018-05-15 05:00:00,13,9,4
2018-05-15 06:00:00,61,47,14
2018-05-15 07:00:00,106,74,32
2018-05-15 08:00:00,86,72,14
2018-05-15 09:00:00,31,25,6
2018-05-15 10:00:00,32,21,11
2018-05-15 11:00:00,14,12,2
2018-05-15 12:00:00,24,21,3
2018-05-15 13:00:00,30,26,4
2018-05-15 14:00:00,42,40,2
2018-05-15 15:00:00,58,53,5
2018-05-15 16:00:00,91,88,3
2018-05-15 17:00:00,167,142,25
2018-05-15 18:00:00,119,79,40
2018-05-15 19:00:00,81,68,13
2018-05-15 20:00:00,28,21,7
2018-05-15 21:00:00,8,6,2
2018-05-15 22:00:00,0,0,0
2018-05-15 23:00:00,0,0,0
2018-05-16 00:00:00,0,0,0
2018-05-16 01:00:00,5,5,0
2018-05-16 02:00:00,1,0,1
2018-05-16 03:00:00,2,1,1
2018-05-16 05:00:00,20,11,9
2018-05-16 06:00:00,51,39,12
2018-05-16 07:00:00,83,58,25
2018-05-16 08:00:00,63,52,11
2018-05-16 09:00:00,39,29,10
2018-05-16 10:00:00,23,16,7
2018-05-16 11:00:00,26,22,4
2018-05-16 12:00:00,22,19,3
2018-05-16 13:00:00,29,24,5
2018-05-16 14:00:00,39,32,7
2018-05-16 15:00:00,63,61,2
2018-05-16 16:00:00,69,57,12
2018-05-16 17:00:00,138,115,23
2018-05-16 18:00:00,111,77,34
2018-05-16 19:00:00,46,33,13
2018-05-16 20:00:00,24,20,4
2018-05-16 21:00:00,6,5,1
2018-05-16 22:00:00,1,0,1
2018-05-16 23:00:00,3,2,1
2018-05-17 00:00:00,0,0,0
2018-05-17 01:00:00,1,1,0
2018-05-17 02:00:00,0,0,0
2018-05-17 03:00:00,1,0,1
2018-05-17 04:00:00,5,5,0
2018-05-17 05:00:00,9,4,5
2018-05-17 06:00:00,32,24,8
2018-05-17 07:00:00,78,56,22
2018-05-17 08:00:00,58,46,12
2018-05-17 09:00:00,37,29,8
2018-05-17 10:00:00,29,26,3
2018-05-17 11:00:00,27,16,11
2018-05-17 12:00:00,28,22,6
2018-05-17 13:00:00,36,29,7
2018-05-17 14:00:00,15,12,3
2018-05-17 15:00:00,31,28,3
2018-05-17 16:00:00,70,60,10
2018-05-17 17:00:00,139,103,36
2018-05-17 18:00:00,96,77,19
2018-05-17 19:00:00,50,31,19
2018-05-17 20:00:00,24,19,5
2018-05-17 21:00:00,3,2,1
2018-05-17 22:00:00,2,1,1
2018-05-17 23:00:00,1,0,1
2018-05-18 00:00:00,1,1,0
2018-05-18 01:00:00,0,0,0
2018-05-18 02:00:00,0,0,0
2018-05-18 03:00:00,0,0,0
2018-05-18 04:00:00,1,1,0
2018-05-18 05:00:00,8,3,5
2018-05-18 06:00:00,65,43,22
2018-05-18 07:00:00,96,73,23
2018-05-18 08:00:00,88,62,26
2018-05-18 09:00:00,38,28,10
2018-05-18 10:00:00,17,16,1
2018-05-18 11:00:00,34,25,9
2018-05-18 12:00:00,30,27,3
2018-05-18 13:00:00,32,28,4
2018-05-18 14:00:00,23,20,3
2018-05-18 15:00:00,35,31,4
2018-05-18 16:00:00,91,66,25
2018-05-18 17:00:00,115,82,33
2018-05-18 18:00:00,63,52,11
2018-05-18 19:00:00,17,11,6
2018-05-18 20:00:00,10,9,1
2018-05-18 21:00:00,8,4,4
2018-05-18 22:00:00,2,2,0
2018-05-18 23:00:00,1,1,0
2018-05-19 00:00:00,1,1,0
2018-05-19 01:00:00,0,0,0
2018-05-19 02:00:00,0,0,0
2018-05-19 03:00:00,0,0,0
2018-05-19 04:00:00,2,1,1
2018-05-19 05:00:00,1,0,1
2018-05-19 06:00:00,15,3,12
2018-05-19 07:00:00,31,15,16
2018-05-19 08:00:00,73,49,24
2018-05-19 09:00:00,85,53,32
2018-05-19 10:00:00,106,90,16
2018-05-19 11:00:00,119,102,17
2018-05-19 12:00:00,137,113,24
2018-05-19 13:00:00,183,158,25
2018-05-19 14:00:00,122,116,6
2018-05-19 15:00:00,97,95,2
2018-05-19 16:00:00,74,62,12
2018-05-19 17:00:00,59,56,3
2018-05-19 18:00:00,34,25,9
2018-05-19 19:00:00,14,12,2
2018-05-19 20:00:00,2,2,0
2018-05-19 21:00:00,1,0,1
2018-05-19 22:00:00,1,0,1
2018-05-19 23:00:00,9,5,4
2018-05-20 00:00:00,1,1,0
2018-05-20 01:00:00,2,1,1
2018-05-20 02:00:00,0,0,0
2018-05-20 03:00:00,0,0,0
2018-05-20 04:00:00,0,0,0
2018-05-20 05:00:00,1,0,1
2018-05-20 06:00:00,13,4,9
2018-05-20 07:00:00,33,5,28
2018-05-20 08:00:00,61,40,21
2018-05-20 09:00:00,93,44,49
2018-05-20 10:00:00,120,92,28
2018-05-20 11:00:00,109,92,17
2018-05-20 12:00:00,109,81,28
2018-05-20 13:00:00,92,74,18
2018-05-20 14:00:00,81,74,7
2018-05-20 15:00:00,84,67,17
2018-05-20 16:00:00,88,70,18
2018-05-20 17:00:00,45,41,4
2018-05-20 18:00:00,37,28,9
2018-05-20 19:00:00,32,27,5
2018-05-20 20:00:00,5,3,2
2018-05-20 21:00:00,3,3,0
2018-05-20 22:00:00,5,3,2
2018-05-20 23:00:00,0,0,0
2018-05-21 00:00:00,1,1,0
2018-05-21 01:00:00,0,0,0
2018-05-21 02:00:00,0,0,0
2018-05-21 03:00:00,0,0,0
2018-05-21 04:00:00,4,3,1
2018-05-21 05:00:00,14,6,8
2018-05-21 06:00:00,32,27,5
2018-05-21 07:00:00,75,55,20
2018-05-21 08:00:00,56,48,8
2018-05-21 09:00:00,38,35,3
2018-05-21 10:00:00,29,26,3
2018-05-21 11:00:00,24,22,2
2018-05-21 12:00:00,25,19,6
2018-05-21 13:00:00,23,21,2
2018-05-21 14:00:00,46,44,2
2018-05-21 15:00:00,40,38,2
2018-05-21 16:00:00,83,75,8
2018-05-21 17:00:00,108,95,13
2018-05-21 18:00:00,113,82,31
2018-05-21 19:00:00,52,42,10
2018-05-21 20:00:00,32,29,3
2018-05-21 21:00:00,8,6,2
2018-05-21 22:00:00,0,0,0
2018-05-21 23:00:00,1,0,1
2018-05-22 00:00:00,0,0,0
2018-05-22 01:00:00,1,0,1
2018-05-22 02:00:00,0,0,0
2018-05-22 03:00:00,0,0,0
2018-05-22 04:00:00,5,5,0
2018-05-22 05:00:00,15,7,8
2018-05-22 06:00:00,47,42,5
2018-05-22 07:00:00,86,75,11
2018-05-22 08:00:00,84,76,8
2018-05-22 09:00:00,44,37,7
2018-05-22 10:00:00,32,30,2
2018-05-22 11:00:00,31,30,1
2018-05-22 12:00:00,38,34,4
2018-05-22 13:00:00,44,42,2
2018-05-22 14:00:00,35,30,5
2018-05-22 15:00:00,53,46,7
2018-05-22 16:00:00,96,89,7
2018-05-22 17:00:00,163,148,15
2018-05-22 18:00:00,139,120,19
2018-05-22 19:00:00,107,84,23
2018-05-22 20:00:00,48,42,6
2018-05-22 21:00:00,27,23,4
2018-05-22 22:00:00,2,2,0
2018-05-22 23:00:00,0,0,0
2018-05-23 00:00:00,0,0,0
2018-05-23 01:00:00,0,0,0
2018-05-23 02:00:00,0,0,0
2018-05-23 03:00:00,1,0,1
2018-05-23 04:00:00,7,6,1
2018-05-23 05:00:00,23,8,15
2018-05-23 06:00:00,82,74,8
2018-05-23 07:00:00,84,78,6
2018-05-23 08:00:00,83,78,5
2018-05-23 09:00:00,45,40,5
2018-05-23 10:00:00,34,28,6
2018-05-23 11:00:00,40,33,7
2018-05-23 12:00:00,50,48,2
2018-05-23 13:00:00,43,38,5
2018-05-23 14:00:00,46,40,6
2018-05-23 15:00:00,67,62,5
2018-05-23 16:00:00,112,103,9
2018-05-23 17:00:00,153,143,10
2018-05-23 18:00:00,112,102,10
2018-05-23 19:00:00,72,64,8
2018-05-23 20:00:00,29,24,5
2018-05-23 21:00:00,14,12,2
2018-05-23 22:00:00,4,1,3
2018-05-23 23:00:00,1,0,1
2018-05-24 00:00:00,0,0,0
2018-05-24 01:00:00,0,0,0
2018-05-24 02:00:00,0,0,0
2018-05-24 03:00:00,1,0,1
2018-05-24 04:00:00,5,5,0
2018-05-24 05:00:00,11,6,5
2018-05-24 06:00:00,50,34,16
2018-05-24 07:00:00,83,63,20
2018-05-24 08:00:00,50,44,6
2018-05-24 09:00:00,24,17,7
2018-05-24 10:00:00,23,16,7
2018-05-24 11:00:00,13,9,4
2018-05-24 12:00:00,35,30,5
2018-05-24 13:00:00,21,21,0
2018-05-24 14:00:00,29,26,3
2018-05-24 15:00:00,39,29,10
2018-05-24 16:00:00,96,82,14
2018-05-24 17:00:00,126,96,30
2018-05-24 18:00:00,117,80,37
2018-05-24 19:00:00,60,30,30
2018-05-24 20:00:00,36,21,15
2018-05-24 21:00:00,6,4,2
2018-05-24 22:00:00,2,1,1
2018-05-24 23:00:00,2,0,2
2018-05-25 00:00:00,0,0,0
2018-05-25 01:00:00,1,0,1
2018-05-25 02:00:00,1,1,0
2018-05-25 03:00:00,0,0,0
2018-05-25 04:00:00,5,5,0
2018-05-25 05:00:00,16,4,12
2018-05-25 06:00:00,43,31,12
2018-05-25 07:00:00,67,55,12
2018-05-25 08:00:00,49,38,11
2018-05-25 09:00:00,30,18,12
2018-05-25 10:00:00,32,19,13
2018-05-25 11:00:00,15,13,2
2018-05-25 12:00:00,24,23,1
2018-05-25 13:00:00,34,32,2
2018-05-25 14:00:00,32,27,5
2018-05-25 15:00:00,54,39,15
2018-05-25 16:00:00,86,74,12
2018-05-25 17:00:00,80,66,14
2018-05-25 18:00:00,54,37,17
2018-05-25 19:00:00,25,15,10
2018-05-25 20:00:00,6,6,0
2018-05-25 21:00:00,4,2,2
2018-05-25 22:00:00,2,1,1
2018-05-25 23:00:00,0,0,0
2018-05-26 00:00:00,0,0,0
2018-05-26 01:00:00,0,0,0
2018-05-26 02:00:00,0,0,0
2018-05-26 03:00:00,1,0,1
2018-05-26 04:00:00,0,0,0
2018-05-26 05:00:00,2,0,2
2018-05-26 06:00:00,13,10,3
2018-05-26 07:00:00,40,22,18
2018-05-26 08:00:00,69,52,17
2018-05-26 09:00:00,64,56,8
2018-05-26 10:00:00,146,115,31
2018-05-26 11:00:00,133,116,17
2018-05-26 12:00:00,90,77,13
2018-05-26 13:00:00,99,75,24
2018-05-26 14:00:00,72,67,5
2018-05-26 15:00:00,72,62,10
2018-05-26 16:00:00,54,41,13
2018-05-26 17:00:00,36,26,10
2018-05-26 18:00:00,27,23,4
2018-05-26 19:00:00,8,6,2
2018-05-26 20:00:00,7,6,1
2018-05-26 21:00:00,3,3,0
2018-05-26 22:00:00,2,0,2
2018-05-26 23:00:00,4,4,0
2018-05-27 00:00:00,0,0,0
2018-05-27 01:00:00,1,1,0
2018-05-27 02:00:00,0,0,0
2018-05-27 03:00:00,1,0,1
2018-05-27 04:00:00,0,0,0
2018-05-27 05:00:00,1,1,0
2018-05-27 06:00:00,15,2,13
2018-05-27 07:00:00,25,22,3
2018-05-27 08:00:00,54,46,8
2018-05-27 09:00:00,79,75,4
2018-05-27 10:00:00,168,143,25
2018-05-27 11:00:00,139,119,20
2018-05-27 12:00:00,119,106,13
2018-05-27 13:00:00,110,100,10
2018-05-27 14:00:00,122,112,10
2018-05-27 15:00:00,111,105,6
2018-05-27 16:00:00,66,57,9
2018-05-27 17:00:00,48,41,7
2018-05-27 18:00:00,42,32,10
2018-05-27 19:00:00,13,10,3
2018-05-27 20:00:00,13,10,3
2018-05-27 21:00:00,2,2,0
2018-05-27 22:00:00,1,1,0
2018-05-27 23:00:00,2,2,0
2018-05-28 00:00:00,0,0,0
2018-05-28 01:00:00,0,0,0
2018-05-28 02:00:00,1,1,0
2018-05-28 03:00:00,0,0,0
2018-05-28 04:00:00,1,1,0
2018-05-28 05:00:00,6,1,5
2018-05-28 06:00:00,10,10,0
2018-05-28 07:00:00,29,20,9
2018-05-28 08:00:00,77,57,20
2018-05-28 09:00:00,86,69,17
2018-05-28 10:00:00,128,117,11
2018-05-28 11:00:00,109,85,24
2018-05-28 12:00:00,93,89,4
2018-05-28 13:00:00,127,117,10
2018-05-28 14:00:00,116,109,7
2018-05-28 15:00:00,116,102,14
2018-05-28 16:00:00,94,88,6
2018-05-28 17:00:00,41,35,6
2018-05-28 18:00:00,33,30,3
2018-05-28 19:00:00,14,8,6
2018-05-28 20:00:00,7,7,0
2018-05-28 21:00:00,1,1,0
2018-05-28 22:00:00,1,1,0
2018-05-28 23:00:00,3,3,0
2018-05-29 00:00:00,0,0,0
2018-05-29 01:00:00,0,0,0
2018-05-29 02:00:00,0,0,0
2018-05-29 03:00:00,0,0,0
2018-05-29 04:00:00,4,3,1
2018-05-29 05:00:00,5,3,2
2018-05-29 06:00:00,38,30,8
2018-05-29 07:00:00,69,44,25
2018-05-29 08:00:00,61,48,13
2018-05-29 09:00:00,24,21,3
2018-05-29 10:00:00,23,20,3
2018-05-29 11:00:00,13,11,2
2018-05-29 12:00:00,17,14,3
2018-05-29 13:00:00,14,10,4
2018-05-29 14:00:00,17,16,1
2018-05-29 15:00:00,33,29,4
2018-05-29 16:00:00,79,71,8
2018-05-29 17:00:00,116,58,58
2018-05-29 18:00:00,89,63,26
2018-05-29 19:00:00,41,37,4
2018-05-29 20:00:00,11,7,4
2018-05-29 21:00:00,9,7,2
2018-05-29 22:00:00,2,2,0
2018-05-29 23:00:00,0,0,0
2018-05-30 00:00:00,0,0,0
2018-05-30 01:00:00,0,0,0
2018-05-30 02:00:00,0,0,0
2018-05-30 03:00:00,1,1,0
2018-05-30 04:00:00,6,6,0
2018-05-30 05:00:00,11,5,6
2018-05-30 06:00:00,39,27,12
2018-05-30 07:00:00,79,61,18
2018-05-30 08:00:00,56,39,17
2018-05-30 09:00:00,38,30,8
2018-05-30 10:00:00,16,14,2
2018-05-30 11:00:00,17,15,2
2018-05-30 12:00:00,21,19,2
2018-05-30 13:00:00,22,20,2
2018-05-30 14:00:00,40,36,4
2018-05-30 15:00:00,46,39,7
2018-05-30 16:00:00,84,75,9
2018-05-30 17:00:00,139,93,46
2018-05-30 18:00:00,84,61,23
2018-05-30 19:00:00,59,46,13
2018-05-30 20:00:00,38,33,5
2018-05-30 21:00:00,7,6,1
2018-05-30 22:00:00,1,1,0
2018-05-30 23:00:00,1,1,0
2018-05-31 00:00:00,0,0,0
2018-05-31 01:00:00,0,0,0
2018-05-31 02:00:00,1,1,0
2018-05-31 03:00:00,0,0,0
2018-05-31 04:00:00,4,4,0
2018-05-31 05:00:00,14,8,6
2018-05-31 06:00:00,39,28,11
2018-05-31 07:00:00,79,60,19
2018-05-31 08:00:00,60,51,9
2018-05-31 09:00:00,29,22,7
2018-05-31 10:00:00,23,17,6
2018-05-31 11:00:00,17,12,5
2018-05-31 12:00:00,23,22,1
2018-05-31 13:00:00,17,15,2
2018-05-31 14:00:00,24,23,1
2018-05-31 15:00:00,48,44,4
2018-05-31 16:00:00,65,48,17
2018-05-31 17:00:00,133,92,41
2018-05-31 18:00:00,66,43,23
2018-05-31 19:00:00,38,28,10
2018-05-31 20:00:00,20,12,8
2018-05-31 21:00:00,6,6,0
2018-05-31 22:00:00,0,0,0
2018-05-31 23:00:00,0,0,0
2018-06-01 00:00:00,0,0,0
2018-06-01 01:00:00,0,0,0
2018-06-01 02:00:00,0,0,0
2018-06-01 03:00:00,0,0,0
2018-06-01 04:00:00,4,3,1
2018-06-01 05:00:00,12,5,7
2018-06-01 06:00:00,31,28,3
2018-06-01 07:00:00,69,55,14
2018-06-01 08:00:00,62,56,6
2018-06-01 09:00:00,30,30,0
2018-06-01 10:00:00,30,26,4
2018-06-01 11:00:00,36,30,6
2018-06-01 12:00:00,19,16,3
2018-06-01 13:00:00,17,15,2
2018-06-01 14:00:00,33,32,1
2018-06-01 15:00:00,34,31,3
2018-06-01 16:00:00,82,73,9
2018-06-01 17:00:00,83,71,12
2018-06-01 18:00:00,79,59,20
2018-06-01 19:00:00,33,26,7
2018-06-01 20:00:00,8,6,2
2018-06-01 21:00:00,5,4,1
2018-06-01 22:00:00,1,1,0
2018-06-01 23:00:00,3,1,2
2018-06-02 00:00:00,0,0,0
2018-06-02 01:00:00,1,0,1
2018-06-02 02:00:00,0,0,0
2018-06-02 03:00:00,0,0,0
2018-06-02 04:00:00,1,0,1
2018-06-02 05:00:00,8,2,6
2018-06-02 06:00:00,10,9,1
2018-06-02 07:00:00,36,33,3
2018-06-02 08:00:00,80,68,12
2018-06-02 09:00:00,134,115,19
2018-06-02 10:00:00,159,140,19
2018-06-02 11:00:00,119,105,14
2018-06-02 12:00:00,154,127,27
2018-06-02 13:00:00,112,102,10
2018-06-02 14:00:00,135,120,15
2018-06-02 15:00:00,106,98,8
2018-06-02 16:00:00,87,81,6
2018-06-02 17:00:00,54,47,7
2018-06-02 18:00:00,45,38,7
2018-06-02 19:00:00,23,17,6
2018-06-02 20:00:00,12,11,1
2018-06-02 21:00:00,5,4,1
2018-06-02 22:00:00,1,0,1
2018-06-02 23:00:00,0,0,0
2018-06-03 00:00:00,1,1,0
2018-06-03 01:00:00,0,0,0
2018-06-03 02:00:00,1,0,1
2018-06-03 03:00:00,1,0,1
2018-06-03 04:00:00,0,0,0
2018-06-03 05:00:00,2,1,1
2018-06-03 06:00:00,14,6,8
2018-06-03 07:00:00,38,17,21
2018-06-03 08:00:00,73,52,21
2018-06-03 09:00:00,95,84,11
2018-06-03 10:00:00,115,97,18
2018-06-03 11:00:00,136,108,28
2018-06-03 12:00:00,81,71,10
2018-06-03 13:00:00,50,42,8
2018-06-03 14:00:00,31,24,7
2018-06-03 15:00:00,31,22,9
2018-06-03 16:00:00,9,8,1
2018-06-03 17:00:00,9,6,3
2018-06-03 18:00:00,3,1,2
2018-06-03 19:00:00,5,4,1
2018-06-03 20:00:00,8,6,2
2018-06-03 21:00:00,3,3,0
2018-06-03 22:00:00,0,0,0
2018-06-03 23:00:00,0,0,0
2018-06-04 00:00:00,0,0,0
2018-06-04 01:00:00,0,0,0
2018-06-04 02:00:00,0,0,0
2018-06-04 03:00:00,0,0,0
2018-06-04 04:00:00,2,2,0
2018-06-04 05:00:00,7,4,3
2018-06-04 06:00:00,25,23,2
2018-06-04 07:00:00,57,42,15
2018-06-04 08:00:00,39,31,8
2018-06-04 09:00:00,11,8,3
2018-06-04 10:00:00,13,8,5
2018-06-04 11:00:00,9,7,2
2018-06-04 12:00:00,10,8,2
2018-06-04 13:00:00,15,13,2
2018-06-04 14:00:00,18,18,0
2018-06-04 15:00:00,29,27,2
2018-06-04 16:00:00,49,46,3
2018-06-04 17:00:00,89,74,15
2018-06-04 18:00:00,79,56,23
2018-06-04 19:00:00,39,29,10
2018-06-04 20:00:00,24,16,8
2018-06-04 21:00:00,15,9,6
2018-06-04 22:00:00,1,1,0
2018-06-04 23:00:00,0,0,0
2018-06-05 00:00:00,0,0,0
2018-06-05 01:00:00,0,0,0
2018-06-05 02:00:00,2,1,1
2018-06-05 03:00:00,0,0,0
2018-06-05 04:00:00,7,5,2
2018-06-05 05:00:00,14,8,6
2018-06-05 06:00:00,42,32,10
2018-06-05 07:00:00,89,70,19
2018-06-05 08:00:00,56,47,9
2018-06-05 09:00:00,34,32,2
2018-06-05 10:00:00,33,32,1
2018-06-05 11:00:00,25,20,5
2018-06-05 12:00:00,22,20,2
2018-06-05 13:00:00,27,25,2
2018-06-05 14:00:00,40,36,4
2018-06-05 15:00:00,35,34,1
2018-06-05 16:00:00,81,72,9
2018-06-05 17:00:00,124,97,27
2018-06-05 18:00:00,126,88,38
2018-06-05 19:00:00,91,73,18
2018-06-05 20:00:00,18,16,2
2018-06-05 21:00:00,7,7,0
2018-06-05 22:00:00,0,0,0
2018-06-05 23:00:00,3,2,1
2018-06-06 00:00:00,0,0,0
2018-06-06 01:00:00,0,0,0
2018-06-06 02:00:00,0,0,0
2018-06-06 03:00:00,0,0,0
2018-06-06 04:00:00,6,4,2
2018-06-06 05:00:00,16,5,11
2018-06-06 06:00:00,47,45,2
2018-06-06 07:00:00,90,81,9
2018-06-06 08:00:00,62,58,4
2018-06-06 09:00:00,33,30,3
2018-06-06 10:00:00,25,24,1
2018-06-06 11:00:00,66,53,13
2018-06-06 12:00:00,35,32,3
2018-06-06 13:00:00,23,21,2
2018-06-06 14:00:00,35,33,2
2018-06-06 15:00:00,62,55,7
2018-06-06 16:00:00,103,96,7
2018-06-06 17:00:00,139,126,13
2018-06-06 18:00:00,119,106,13
2018-06-06 19:00:00,65,57,8
2018-06-06 20:00:00,30,24,6
2018-06-06 21:00:00,8,6,2
2018-06-06 22:00:00,2,1,1
2018-06-06 23:00:00,0,0,0
2018-06-07 00:00:00,0,0,0
2018-06-07 01:00:00,0,0,0
2018-06-07 02:00:00,0,0,0
2018-06-07 03:00:00,0,0,0
2018-06-07 04:00:00,6,4,2
2018-06-07 05:00:00,12,8,4
2018-06-07 06:00:00,48,38,10
2018-06-07 07:00:00,68,56,12
2018-06-07 08:00:00,69,55,14
2018-06-07 09:00:00,35,30,5
2018-06-07 10:00:00,19,13,6
2018-06-07 11:00:00,25,20,5
2018-06-07 12:00:00,31,26,5
2018-06-07 13:00:00,26,23,3
2018-06-07 14:00:00,30,26,4
2018-06-07 15:00:00,42,38,4
2018-06-07 16:00:00,91,82,9
2018-06-07 17:00:00,114,93,21
2018-06-07 18:00:00,94,76,18
2018-06-07 19:00:00,72,56,16
2018-06-07 20:00:00,29,21,8
2018-06-07 21:00:00,6,3,3
2018-06-07 22:00:00,0,0,0
2018-06-07 23:00:00,2,2,0
2018-06-08 00:00:00,0,0,0
2018-06-08 01:00:00,0,0,0
2018-06-08 02:00:00,0,0,0
2018-06-08 03:00:00,0,0,0
2018-06-08 04:00:00,3,3,0
2018-06-08 05:00:00,11,4,7
2018-06-08 06:00:00,33,24,9
2018-06-08 07:00:00,62,48,14
2018-06-08 08:00:00,48,41,7
2018-06-08 09:00:00,33,24,9
2018-06-08 10:00:00,30,28,2
2018-06-08 11:00:00,19,13,6
2018-06-08 12:00:00,13,10,3
2018-06-08 13:00:00,15,12,3
2018-06-08 14:00:00,9,9,0
2018-06-08 15:00:00,14,10,4
2018-06-08 16:00:00,33,21,12
2018-06-08 17:00:00,42,31,11
2018-06-08 18:00:00,24,15,9
2018-06-08 19:00:00,7,6,1
2018-06-08 20:00:00,3,3,0
2018-06-08 21:00:00,2,2,0
2018-06-08 22:00:00,0,0,0
2018-06-08 23:00:00,0,0,0
2018-06-09 00:00:00,0,0,0
2018-06-09 01:00:00,0,0,0
2018-06-09 02:00:00,0,0,0
2018-06-09 03:00:00,0,0,0
2018-06-09 04:00:00,0,0,0
2018-06-09 05:00:00,1,1,0
2018-06-09 06:00:00,7,2,5
2018-06-09 07:00:00,20,13,7
2018-06-09 08:00:00,34,15,19
2018-06-09 09:00:00,57,30,27
2018-06-09 10:00:00,73,46,27
2018-06-09 11:00:00,60,46,14
2018-06-09 12:00:00,64,54,10
2018-06-09 13:00:00,71,62,9
2018-06-09 14:00:00,64,55,9
2018-06-09 15:00:00,56,47,9
2018-06-09 16:00:00,33,23,10
2018-06-09 17:00:00,35,29,6
2018-06-09 18:00:00,12,9,3
2018-06-09 19:00:00,6,5,1
2018-06-09 20:00:00,1,0,1
2018-06-09 21:00:00,1,1,0
2018-06-09 22:00:00,0,0,0
2018-06-09 23:00:00,0,0,0
2018-06-10 00:00:00,3,3,0
2018-06-10 01:00:00,0,0,0
2018-06-10 02:00:00,0,0,0
2018-06-10 03:00:00,0,0,0
2018-06-10 04:00:00,0,0,0
2018-06-10 05:00:00,2,0,2
2018-06-10 06:00:00,5,3,2
2018-06-10 07:00:00,29,24,5
2018-06-10 08:00:00,51,46,5
2018-06-10 09:00:00,98,73,25
2018-06-10 10:00:00,89,80,9
2018-06-10 11:00:00,73,63,10
2018-06-10 12:00:00,34,23,11
2018-06-10 13:00:00,51,40,11
2018-06-10 14:00:00,44,35,9
2018-06-10 15:00:00,33,26,7
2018-06-10 16:00:00,24,21,3
2018-06-10 17:00:00,13,12,1
2018-06-10 18:00:00,13,11,2
2018-06-10 19:00:00,0,0,0
2018-06-10 20:00:00,0,0,0
2018-06-10 21:00:00,0,0,0
2018-06-10 22:00:00,1,1,0
2018-06-10 23:00:00,1,1,0
2018-06-11 00:00:00,0,0,0
2018-06-11 01:00:00,0,0,0
2018-06-11 02:00:00,1,0,1
2018-06-11 03:00:00,0,0,0
2018-06-11 04:00:00,3,3,0
2018-06-11 05:00:00,11,6,5
2018-06-11 06:00:00,45,35,10
2018-06-11 07:00:00,72,46,26
2018-06-11 08:00:00,63,51,12
2018-06-11 09:00:00,27,25,2
2018-06-11 10:00:00,30,22,8
2018-06-11 11:00:00,36,29,7
2018-06-11 12:00:00,31,28,3
2018-06-11 13:00:00,35,30,5
2018-06-11 14:00:00,40,38,2
2018-06-11 15:00:00,48,44,4
2018-06-11 16:00:00,75,70,5
2018-06-11 17:00:00,143,115,28
2018-06-11 18:00:00,125,79,46
2018-06-11 19:00:00,71,53,18
2018-06-11 20:00:00,38,26,12
2018-06-11 21:00:00,12,10,2
2018-06-11 22:00:00,0,0,0
2018-06-11 23:00:00,0,0,0
2018-06-12 00:00:00,0,0,0
2018-06-12 01:00:00,1,1,0
2018-06-12 02:00:00,0,0,0
2018-06-12 03:00:00,0,0,0
2018-06-12 04:00:00,4,4,0
2018-06-12 05:00:00,10,4,6
2018-06-12 06:00:00,41,36,5
2018-06-12 07:00:00,83,76,7
2018-06-12 08:00:00,74,66,8
2018-06-12 09:00:00,41,35,6
2018-06-12 10:00:00,39,36,3
2018-06-12 11:00:00,27,26,1
2018-06-12 12:00:00,24,21,3
2018-06-12 13:00:00,31,23,8
2018-06-12 14:00:00,29,25,4
2018-06-12 15:00:00,55,53,2
2018-06-12 16:00:00,68,60,8
2018-06-12 17:00:00,157,115,42
2018-06-12 18:00:00,114,88,26
2018-06-12 19:00:00,80,71,9
2018-06-12 20:00:00,25,22,3
2018-06-12 21:00:00,9,7,2
2018-06-12 22:00:00,2,1,1
2018-06-12 23:00:00,0,0,0
2018-06-13 00:00:00,0,0,0
2018-06-13 01:00:00,0,0,0
2018-06-13 02:00:00,0,0,0
2018-06-13 03:00:00,1,1,0
2018-06-13 04:00:00,4,3,1
2018-06-13 05:00:00,10,7,3
2018-06-13 06:00:00,12,9,3
2018-06-13 07:00:00,30,26,4
2018-06-13 08:00:00,26,21,5
2018-06-13 09:00:00,16,11,5
2018-06-13 10:00:00,22,21,1
2018-06-13 11:00:00,17,14,3
2018-06-13 12:00:00,22,21,1
2018-06-13 13:00:00,14,12,2
2018-06-13 14:00:00,21,16,5
2018-06-13 15:00:00,32,27,5
2018-06-13 16:00:00,39,28,11
2018-06-13 17:00:00,44,37,7
2018-06-13 18:00:00,28,17,11
2018-06-13 19:00:00,16,14,2
2018-06-13 20:00:00,10,8,2
2018-06-13 21:00:00,4,2,2
2018-06-13 22:00:00,1,1,0
2018-06-13 23:00:00,1,1,0
2018-06-14 00:00:00,0,0,0
2018-06-14 01:00:00,0,0,0
2018-06-14 02:00:00,0,0,0
2018-06-14 03:00:00,0,0,0
2018-06-14 04:00:00,5,5,0
2018-06-14 05:00:00,5,3,2
2018-06-14 06:00:00,24,15,9
2018-06-14 07:00:00,61,55,6
2018-06-14 08:00:00,50,46,4
2018-06-14 09:00:00,32,26,6
2018-06-14 10:00:00,27,25,2
2018-06-14 11:00:00,21,17,4
2018-06-14 12:00:00,24,20,4
2018-06-14 13:00:00,25,18,7
2018-06-14 14:00:00,18,16,2
2018-06-14 15:00:00,34,30,4
2018-06-14 16:00:00,59,51,8
2018-06-14 17:00:00,119,97,22
2018-06-14 18:00:00,92,73,19
2018-06-14 19:00:00,108,78,30
2018-06-14 20:00:00,25,17,8
2018-06-14 21:00:00,8,7,1
2018-06-14 22:00:00,1,1,0
2018-06-14 23:00:00,5,1,4
2018-06-15 00:00:00,0,0,0
2018-06-15 01:00:00,0,0,0
2018-06-15 02:00:00,0,0,0
2018-06-15 03:00:00,0,0,0
2018-06-15 04:00:00,5,4,1
2018-06-15 05:00:00,17,8,9
2018-06-15 06:00:00,43,41,2
2018-06-15 07:00:00,80,74,6
2018-06-15 08:00:00,67,63,4
2018-06-15 09:00:00,35,31,4
2018-06-15 10:00:00,32,29,3
2018-06-15 11:00:00,49,43,6
2018-06-15 12:00:00,42,40,2
2018-06-15 13:00:00,42,38,4
2018-06-15 14:00:00,30,28,2
2018-06-15 15:00:00,55,47,8
2018-06-15 16:00:00,95,90,5
2018-06-15 17:00:00,103,93,10
2018-06-15 18:00:00,72,63,9
2018-06-15 19:00:00,38,30,8
2018-06-15 20:00:00,21,14,7
2018-06-15 21:00:00,8,8,0
2018-06-15 22:00:00,3,1,2
2018-06-15 23:00:00,2,2,0
2018-06-16 00:00:00,1,0,1
2018-06-16 01:00:00,0,0,0
2018-06-16 02:00:00,2,1,1
2018-06-16 03:00:00,0,0,0
2018-06-16 04:00:00,1,1,0
2018-06-16 05:00:00,2,0,2
2018-06-16 06:00:00,16,10,6
2018-06-16 07:00:00,52,39,13
2018-06-16 08:00:00,91,50,41
2018-06-16 09:00:00,189,143,46
2018-06-16 10:00:00,122,104,18
2018-06-16 11:00:00,134,112,22
2018-06-16 12:00:00,125,103,22
2018-06-16 13:00:00,105,101,4
2018-06-16 14:00:00,102,92,10
2018-06-16 15:00:00,81,77,4
2018-06-16 16:00:00,55,52,3
2018-06-16 17:00:00,33,30,3
2018-06-16 18:00:00,26,25,1
2018-06-16 19:00:00,26,22,4
2018-06-16 20:00:00,12,9,3
2018-06-16 21:00:00,3,1,2
2018-06-16 22:00:00,2,1,1
2018-06-16 23:00:00,1,0,1
2018-06-17 00:00:00,2,2,0
2018-06-17 01:00:00,0,0,0
2018-06-17 02:00:00,0,0,0
2018-06-17 03:00:00,0,0,0
2018-06-17 04:00:00,1,1,0
2018-06-17 05:00:00,10,2,8
2018-06-17 06:00:00,18,13,5
2018-06-17 07:00:00,68,59,9
2018-06-17 08:00:00,96,93,3
2018-06-17 09:00:00,145,131,14
2018-06-17 10:00:00,173,162,11
2018-06-17 11:00:00,142,126,16
2018-06-17 12:00:00,148,134,14
2018-06-17 13:00:00,137,115,22
2018-06-17 14:00:00,112,106,6
2018-06-17 15:00:00,121,107,14
2018-06-17 16:00:00,75,65,10
2018-06-17 17:00:00,55,49,6
2018-06-17 18:00:00,40,37,3
2018-06-17 19:00:00,34,32,2
2018-06-17 20:00:00,18,12,6
2018-06-17 21:00:00,1,1,0
2018-06-17 22:00:00,1,1,0
2018-06-17 23:00:00,2,2,0
2018-06-18 00:00:00,0,0,0
2018-06-18 01:00:00,0,0,0
2018-06-18 02:00:00,2,1,1
2018-06-18 03:00:00,0,0,0
2018-06-18 04:00:00,4,4,0
2018-06-18 05:00:00,12,8,4
2018-06-18 06:00:00,42,40,2
2018-06-18 07:00:00,73,67,6
2018-06-18 08:00:00,71,67,4
2018-06-18 09:00:00,44,40,4
2018-06-18 10:00:00,54,49,5
2018-06-18 11:00:00,29,20,9
2018-06-18 12:00:00,35,30,5
2018-06-18 13:00:00,33,28,5
2018-06-18 14:00:00,33,26,7
2018-06-18 15:00:00,48,37,11
2018-06-18 16:00:00,77,57,20
2018-06-18 17:00:00,130,97,33
2018-06-18 18:00:00,93,73,20
2018-06-18 19:00:00,51,49,2
2018-06-18 20:00:00,39,39,0
2018-06-18 21:00:00,10,10,0
2018-06-18 22:00:00,0,0,0
2018-06-18 23:00:00,1,1,0
2018-06-19 00:00:00,2,1,1
2018-06-19 01:00:00,1,0,1
2018-06-19 02:00:00,1,0,1
2018-06-19 03:00:00,0,0,0
2018-06-19 04:00:00,5,5,0
2018-06-19 05:00:00,19,11,8
2018-06-19 06:00:00,54,45,9
2018-06-19 07:00:00,89,85,4
2018-06-19 08:00:00,77,71,6
2018-06-19 09:00:00,51,47,4
2018-06-19 10:00:00,16,15,1
2018-06-19 11:00:00,44,38,6
2018-06-19 12:00:00,23,21,2
2018-06-19 13:00:00,32,27,5
2018-06-19 14:00:00,28,21,7
2018-06-19 15:00:00,52,45,7
2018-06-19 16:00:00,86,70,16
2018-06-19 17:00:00,148,134,14
2018-06-19 18:00:00,121,110,11
2018-06-19 19:00:00,74,71,3
2018-06-19 20:00:00,42,39,3
2018-06-19 21:00:00,13,12,1
2018-06-19 22:00:00,2,2,0
2018-06-19 23:00:00,0,0,0
2018-06-20 00:00:00,2,1,1
2018-06-20 01:00:00,0,0,0
2018-06-20 02:00:00,0,0,0
2018-06-20 03:00:00,0,0,0
2018-06-20 04:00:00,6,6,0
2018-06-20 05:00:00,21,11,10
2018-06-20 06:00:00,59,49,10
2018-06-20 07:00:00,90,85,5
2018-06-20 08:00:00,69,63,6
2018-06-20 09:00:00,41,33,8
2018-06-20 10:00:00,21,19,2
2018-06-20 11:00:00,45,40,5
2018-06-20 12:00:00,35,29,6
2018-06-20 13:00:00,15,15,0
2018-06-20 14:00:00,30,26,4
2018-06-20 15:00:00,48,40,8
2018-06-20 16:00:00,61,49,12
2018-06-20 17:00:00,123,107,16
2018-06-20 18:00:00,122,115,7
2018-06-20 19:00:00,64,60,4
2018-06-20 20:00:00,40,37,3
2018-06-20 21:00:00,14,11,3
2018-06-20 22:00:00,1,1,0
2018-06-20 23:00:00,3,2,1
2018-06-21 00:00:00,1,0,1
2018-06-21 01:00:00,0,0,0
2018-06-21 02:00:00,0,0,0
2018-06-21 03:00:00,0,0,0
2018-06-21 04:00:00,5,5,0
2018-06-21 05:00:00,12,8,4
2018-06-21 06:00:00,41,30,11
2018-06-21 07:00:00,82,64,18
2018-06-21 08:00:00,61,44,17
2018-06-21 09:00:00,17,15,2
2018-06-21 10:00:00,23,18,5
2018-06-21 11:00:00,35,32,3
2018-06-21 12:00:00,26,20,6
2018-06-21 13:00:00,32,25,7
2018-06-21 14:00:00,29,18,11
2018-06-21 15:00:00,45,41,4
2018-06-21 16:00:00,68,64,4
2018-06-21 17:00:00,121,93,28
2018-06-21 18:00:00,112,91,21
2018-06-21 19:00:00,58,38,20
2018-06-21 20:00:00,37,20,17
2018-06-21 21:00:00,8,7,1
2018-06-21 22:00:00,3,2,1
2018-06-21 23:00:00,0,0,0
2018-06-22 00:00:00,1,1,0
2018-06-22 01:00:00,0,0,0
2018-06-22 02:00:00,0,0,0
2018-06-22 03:00:00,0,0,0
2018-06-22 04:00:00,3,3,0
2018-06-22 05:00:00,15,4,11
2018-06-22 06:00:00,54,44,10
2018-06-22 07:00:00,72,54,18
2018-06-22 08:00:00,58,45,13
2018-06-22 09:00:00,34,22,12
2018-06-22 10:00:00,17,15,2
2018-06-22 11:00:00,24,20,4
2018-06-22 12:00:00,26,22,4
2018-06-22 13:00:00,28,18,10
2018-06-22 14:00:00,34,33,1
2018-06-22 15:00:00,32,32,0
2018-06-22 16:00:00,70,56,14
2018-06-22 17:00:00,73,62,11
2018-06-22 18:00:00,40,34,6
2018-06-22 19:00:00,32,21,11
2018-06-22 20:00:00,15,13,2
2018-06-22 21:00:00,3,3,0
2018-06-22 22:00:00,0,0,0
2018-06-22 23:00:00,0,0,0
2018-06-23 00:00:00,6,3,3
2018-06-23 01:00:00,0,0,0
2018-06-23 02:00:00,0,0,0
2018-06-23 03:00:00,2,1,1
2018-06-23 04:00:00,0,0,0
2018-06-23 05:00:00,7,1,6
2018-06-23 06:00:00,10,3,7
2018-06-23 07:00:00,23,9,14
2018-06-23 08:00:00,74,32,42
2018-06-23 09:00:00,93,53,40
2018-06-23 10:00:00,95,66,29
2018-06-23 11:00:00,97,54,43
2018-06-23 12:00:00,86,69,17
2018-06-23 13:00:00,110,94,16
2018-06-23 14:00:00,79,76,3
2018-06-23 15:00:00,101,86,15
2018-06-23 16:00:00,68,51,17
2018-06-23 17:00:00,64,52,12
2018-06-23 18:00:00,49,37,12
2018-06-23 19:00:00,31,25,6
2018-06-23 20:00:00,20,16,4
2018-06-23 21:00:00,14,7,7
2018-06-23 22:00:00,0,0,0
2018-06-23 23:00:00,2,2,0
2018-06-24 00:00:00,1,1,0
2018-06-24 01:00:00,0,0,0
2018-06-24 02:00:00,1,0,1
2018-06-24 03:00:00,0,0,0
2018-06-24 04:00:00,0,0,0
2018-06-24 05:00:00,5,1,4
2018-06-24 06:00:00,6,3,3
2018-06-24 07:00:00,26,12,14
2018-06-24 08:00:00,56,34,22
2018-06-24 09:00:00,90,69,21
2018-06-24 10:00:00,130,114,16
2018-06-24 11:00:00,129,108,21
2018-06-24 12:00:00,142,126,16
2018-06-24 13:00:00,139,129,10
2018-06-24 14:00:00,133,119,14
2018-06-24 15:00:00,119,112,7
2018-06-24 16:00:00,92,86,6
2018-06-24 17:00:00,58,48,10
2018-06-24 18:00:00,41,37,4
2018-06-24 19:00:00,20,15,5
2018-06-24 20:00:00,21,21,0
2018-06-24 21:00:00,7,5,2
2018-06-24 22:00:00,1,1,0
2018-06-24 23:00:00,1,1,0
2018-06-25 00:00:00,1,1,0
2018-06-25 01:00:00,0,0,0
2018-06-25 02:00:00,0,0,0
2018-06-25 03:00:00,1,0,1
2018-06-25 04:00:00,2,2,0
2018-06-25 05:00:00,5,5,0
2018-06-25 06:00:00,21,20,1
2018-06-25 07:00:00,48,29,19
2018-06-25 08:00:00,32,18,14
2018-06-25 09:00:00,19,13,6
2018-06-25 10:00:00,13,12,1
2018-06-25 11:00:00,1,1,0
2018-06-25 12:00:00,2,2,0
2018-06-25 13:00:00,7,5,2
2018-06-25 14:00:00,9,8,1
2018-06-25 15:00:00,23,13,10
2018-06-25 16:00:00,49,27,22
2018-06-25 17:00:00,105,79,26
2018-06-25 18:00:00,62,42,20
2018-06-25 19:00:00,39,24,15
2018-06-25 20:00:00,17,12,5
2018-06-25 21:00:00,4,4,0
2018-06-25 22:00:00,0,0,0
2018-06-25 23:00:00,1,0,1
2018-06-26 00:00:00,1,1,0
2018-06-26 01:00:00,0,0,0
2018-06-26 02:00:00,0,0,0
2018-06-26 03:00:00,1,0,1
2018-06-26 04:00:00,2,2,0
2018-06-26 05:00:00,12,7,5
2018-06-26 06:00:00,35,28,7
2018-06-26 07:00:00,61,49,12
2018-06-26 08:00:00,52,38,14
2018-06-26 09:00:00,36,29,7
2018-06-26 10:00:00,27,23,4
2018-06-26 11:00:00,26,20,6
2018-06-26 12:00:00,24,21,3
2018-06-26 13:00:00,28,26,2
2018-06-26 14:00:00,37,34,3
2018-06-26 15:00:00,56,55,1
2018-06-26 16:00:00,68,61,7
2018-06-26 17:00:00,138,115,23
2018-06-26 18:00:00,104,68,36
2018-06-26 19:00:00,90,70,20
2018-06-26 20:00:00,41,34,7
2018-06-26 21:00:00,13,10,3
2018-06-26 22:00:00,4,2,2
2018-06-26 23:00:00,0,0,0
2018-06-27 00:00:00,2,2,0
2018-06-27 01:00:00,0,0,0
2018-06-27 02:00:00,0,0,0
2018-06-27 03:00:00,1,0,1
2018-06-27 04:00:00,4,4,0
2018-06-27 05:00:00,13,6,7
2018-06-27 06:00:00,51,46,5
2018-06-27 07:00:00,84,76,8
2018-06-27 08:00:00,66,61,5
2018-06-27 09:00:00,34,29,5
2018-06-27 10:00:00,29,27,2
2018-06-27 11:00:00,36,33,3
2018-06-27 12:00:00,34,29,5
2018-06-27 13:00:00,40,34,6
2018-06-27 14:00:00,30,26,4
2018-06-27 15:00:00,42,34,8
2018-06-27 16:00:00,72,63,9
2018-06-27 17:00:00,131,103,28
2018-06-27 18:00:00,102,88,14
2018-06-27 19:00:00,63,51,12
2018-06-27 20:00:00,37,29,8
2018-06-27 21:00:00,13,11,2
2018-06-27 22:00:00,1,1,0
2018-06-27 23:00:00,2,1,1
2018-06-28 00:00:00,0,0,0
2018-06-28 01:00:00,0,0,0
2018-06-28 02:00:00,0,0,0
2018-06-28 03:00:00,0,0,0
2018-06-28 04:00:00,3,3,0
2018-06-28 05:00:00,8,5,3
2018-06-28 06:00:00,28,23,5
2018-06-28 07:00:00,63,57,6
2018-06-28 08:00:00,61,53,8
2018-06-28 09:00:00,23,22,1
2018-06-28 10:00:00,22,18,4
2018-06-28 11:00:00,17,16,1
2018-06-28 12:00:00,32,26,6
2018-06-28 13:00:00,19,18,1
2018-06-28 14:00:00,23,19,4
2018-06-28 15:00:00,28,25,3
2018-06-28 16:00:00,58,54,4
2018-06-28 17:00:00,118,76,42
2018-06-28 18:00:00,92,71,21
2018-06-28 19:00:00,51,30,21
2018-06-28 20:00:00,15,12,3
2018-06-28 21:00:00,5,5,0
2018-06-28 22:00:00,1,1,0
2018-06-28 23:00:00,0,0,0
2018-06-29 00:00:00,0,0,0
2018-06-29 01:00:00,0,0,0
2018-06-29 02:00:00,0,0,0
2018-06-29 03:00:00,0,0,0
2018-06-29 04:00:00,2,2,0
2018-06-29 05:00:00,8,2,6
2018-06-29 06:00:00,31,27,4
2018-06-29 07:00:00,47,44,3
2018-06-29 08:00:00,47,42,5
2018-06-29 09:00:00,42,37,5
2018-06-29 10:00:00,26,20,6
2018-06-29 11:00:00,40,38,2
2018-06-29 12:00:00,29,28,1
2018-06-29 13:00:00,16,16,0
2018-06-29 14:00:00,22,22,0
2018-06-29 15:00:00,37,35,2
2018-06-29 16:00:00,52,50,2
2018-06-29 17:00:00,73,64,9
2018-06-29 18:00:00,58,52,6
2018-06-29 19:00:00,25,20,5
2018-06-29 20:00:00,5,5,0
2018-06-29 21:00:00,4,3,1
2018-06-29 22:00:00,3,2,1
2018-06-29 23:00:00,0,0,0
2018-06-30 00:00:00,0,0,0
2018-06-30 01:00:00,0,0,0
2018-06-30 02:00:00,1,1,0
2018-06-30 03:00:00,0,0,0
2018-06-30 04:00:00,3,2,1
2018-06-30 05:00:00,3,1,2
2018-06-30 06:00:00,19,11,8
2018-06-30 07:00:00,27,8,19
2018-06-30 08:00:00,59,29,30
2018-06-30 09:00:00,95,59,36
2018-06-30 10:00:00,133,95,38
2018-06-30 11:00:00,111,86,25
2018-06-30 12:00:00,106,79,27
2018-06-30 13:00:00,94,76,18
2018-06-30 14:00:00,50,45,5
2018-06-30 15:00:00,50,41,9
2018-06-30 16:00:00,19,16,3
2018-06-30 17:00:00,10,7,3
2018-06-30 18:00:00,11,9,2
2018-06-30 19:00:00,9,9,0
2018-06-30 20:00:00,6,6,0
2018-06-30 21:00:00,2,1,1
2018-06-30 22:00:00,1,1,0
2018-06-30 23:00:00,0,0,0
2018-07-01 00:00:00,3,3,0
2018-07-01 01:00:00,0,0,0
2018-07-01 02:00:00,0,0,0
2018-07-01 03:00:00,0,0,0
2018-07-01 04:00:00,0,0,0
2018-07-01 05:00:00,2,1,1
2018-07-01 06:00:00,7,3,4
2018-07-01 07:00:00,26,14,12
2018-07-01 08:00:00,47,30,17
2018-07-01 09:00:00,86,50,36
2018-07-01 10:00:00,96,82,14
2018-07-01 11:00:00,80,71,9
2018-07-01 12:00:00,84,78,6
2018-07-01 13:00:00,71,65,6
2018-07-01 14:00:00,98,83,15
2018-07-01 15:00:00,95,90,5
2018-07-01 16:00:00,71,59,12
2018-07-01 17:00:00,45,40,5
2018-07-01 18:00:00,38,32,6
2018-07-01 19:00:00,17,13,4
2018-07-01 20:00:00,15,13,2
2018-07-01 21:00:00,3,3,0
2018-07-01 22:00:00,0,0,0
2018-07-01 23:00:00,0,0,0
2018-07-02 00:00:00,0,0,0
2018-07-02 01:00:00,0,0,0
2018-07-02 02:00:00,0,0,0
2018-07-02 03:00:00,1,0,1
2018-07-02 04:00:00,5,5,0
2018-07-02 05:00:00,9,8,1
2018-07-02 06:00:00,26,22,4
2018-07-02 07:00:00,67,56,11
2018-07-02 08:00:00,48,45,3
2018-07-02 09:00:00,39,36,3
2018-07-02 10:00:00,33,32,1
2018-07-02 11:00:00,35,33,2
2018-07-02 12:00:00,30,26,4
2018-07-02 13:00:00,30,27,3
2018-07-02 14:00:00,31,28,3
2018-07-02 15:00:00,33,31,2
2018-07-02 16:00:00,63,59,4
2018-07-02 17:00:00,81,76,5
2018-07-02 18:00:00,82,78,4
2018-07-02 19:00:00,50,29,21
2018-07-02 20:00:00,22,17,5
2018-07-02 21:00:00,11,7,4
2018-07-02 22:00:00,0,0,0
2018-07-02 23:00:00,1,0,1
2018-07-03 00:00:00,1,1,0
2018-07-03 01:00:00,0,0,0
2018-07-03 02:00:00,2,1,1
2018-07-03 03:00:00,0,0,0
2018-07-03 04:00:00,6,6,0
2018-07-03 05:00:00,9,5,4
2018-07-03 06:00:00,52,42,10
2018-07-03 07:00:00,80,65,15
2018-07-03 08:00:00,71,63,8
2018-07-03 09:00:00,33,31,2
2018-07-03 10:00:00,39,36,3
2018-07-03 11:00:00,44,37,7
2018-07-03 12:00:00,34,31,3
2018-07-03 13:00:00,40,39,1
2018-07-03 14:00:00,52,46,6
2018-07-03 15:00:00,64,60,4
2018-07-03 16:00:00,100,98,2
2018-07-03 17:00:00,139,128,11
2018-07-03 18:00:00,89,70,19
2018-07-03 19:00:00,74,70,4
2018-07-03 20:00:00,34,26,8
2018-07-03 21:00:00,9,9,0
2018-07-03 22:00:00,1,1,0
2018-07-03 23:00:00,0,0,0
2018-07-04 00:00:00,1,0,1
2018-07-04 01:00:00,0,0,0
2018-07-04 02:00:00,0,0,0
2018-07-04 03:00:00,0,0,0
2018-07-04 04:00:00,1,0,1
2018-07-04 05:00:00,3,2,1
2018-07-04 06:00:00,22,18,4
2018-07-04 07:00:00,72,64,8
2018-07-04 08:00:00,95,85,10
2018-07-04 09:00:00,141,129,12
2018-07-04 10:00:00,164,152,12
2018-07-04 11:00:00,198,183,15
2018-07-04 12:00:00,152,142,10
2018-07-04 13:00:00,125,108,17
2018-07-04 14:00:00,119,103,16
2018-07-04 15:00:00,88,81,7
2018-07-04 16:00:00,46,45,1
2018-07-04 17:00:00,45,42,3
2018-07-04 18:00:00,34,31,3
2018-07-04 19:00:00,23,23,0
2018-07-04 20:00:00,5,4,1
2018-07-04 21:00:00,4,4,0
2018-07-04 22:00:00,2,1,1
2018-07-04 23:00:00,0,0,0
2018-07-05 00:00:00,1,1,0
2018-07-05 01:00:00,0,0,0
2018-07-05 02:00:00,0,0,0
2018-07-05 03:00:00,0,0,0
2018-07-05 04:00:00,5,5,0
2018-07-05 05:00:00,3,1,2
2018-07-05 06:00:00,27,26,1
2018-07-05 07:00:00,47,42,5
2018-07-05 08:00:00,45,44,1
2018-07-05 09:00:00,38,33,5
2018-07-05 10:00:00,58,52,6
2018-07-05 11:00:00,44,41,3
2018-07-05 12:00:00,28,26,2
2018-07-05 13:00:00,28,23,5
2018-07-05 14:00:00,42,34,8
2018-07-05 15:00:00,50,43,7
2018-07-05 16:00:00,85,65,20
2018-07-05 17:00:00,108,96,12
2018-07-05 18:00:00,89,83,6
2018-07-05 19:00:00,72,67,5
2018-07-05 20:00:00,25,22,3
2018-07-05 21:00:00,7,7,0
2018-07-05 22:00:00,0,0,0
2018-07-05 23:00:00,2,1,1
2018-07-06 00:00:00,0,0,0
2018-07-06 01:00:00,0,0,0
2018-07-06 02:00:00,0,0,0
2018-07-06 03:00:00,0,0,0
2018-07-06 04:00:00,7,7,0
2018-07-06 05:00:00,13,5,8
2018-07-06 06:00:00,27,25,2
2018-07-06 07:00:00,61,57,4
2018-07-06 08:00:00,49,45,4
2018-07-06 09:00:00,53,52,1
2018-07-06 10:00:00,45,40,5
2018-07-06 11:00:00,34,32,2
2018-07-06 12:00:00,36,35,1
2018-07-06 13:00:00,31,31,0
2018-07-06 14:00:00,49,46,3
2018-07-06 15:00:00,63,54,9
2018-07-06 16:00:00,61,57,4
2018-07-06 17:00:00,73,72,1
2018-07-06 18:00:00,55,53,2
2018-07-06 19:00:00,19,17,2
2018-07-06 20:00:00,14,9,5
2018-07-06 21:00:00,5,5,0
2018-07-06 22:00:00,2,1,1
2018-07-06 23:00:00,4,2,2
2018-07-07 00:00:00,0,0,0
2018-07-07 01:00:00,1,1,0
2018-07-07 02:00:00,1,1,0
2018-07-07 03:00:00,0,0,0
2018-07-07 04:00:00,0,0,0
2018-07-07 05:00:00,7,2,5
2018-07-07 06:00:00,10,5,5
2018-07-07 07:00:00,45,24,21
2018-07-07 08:00:00,94,73,21
2018-07-07 09:00:00,136,121,15
2018-07-07 10:00:00,157,124,33
2018-07-07 11:00:00,157,142,15
2018-07-07 12:00:00,94,94,0
2018-07-07 13:00:00,68,65,3
2018-07-07 14:00:00,72,68,4
2018-07-07 15:00:00,77,74,3
2018-07-07 16:00:00,88,82,6
2018-07-07 17:00:00,43,42,1
2018-07-07 18:00:00,36,28,8
2018-07-07 19:00:00,26,20,6
2018-07-07 20:00:00,19,14,5
2018-07-07 21:00:00,10,8,2
2018-07-07 22:00:00,2,2,0
2018-07-07 23:00:00,2,2,0
2018-07-08 00:00:00,0,0,0
2018-07-08 01:00:00,2,2,0
2018-07-08 02:00:00,2,0,2
2018-07-08 03:00:00,0,0,0
2018-07-08 04:00:00,0,0,0
2018-07-08 05:00:00,2,0,2
2018-07-08 06:00:00,10,10,0
2018-07-08 07:00:00,46,40,6
2018-07-08 08:00:00,89,77,12
2018-07-08 09:00:00,147,133,14
2018-07-08 10:00:00,156,142,14
2018-07-08 11:00:00,194,173,21
2018-07-08 12:00:00,191,174,17
2018-07-08 13:00:00,132,118,14
2018-07-08 14:00:00,121,106,15
2018-07-08 15:00:00,115,104,11
2018-07-08 16:00:00,85,80,5
2018-07-08 17:00:00,64,56,8
2018-07-08 18:00:00,43,38,5
2018-07-08 19:00:00,23,21,2
2018-07-08 20:00:00,8,7,1
2018-07-08 21:00:00,9,9,0
2018-07-08 22:00:00,1,1,0
2018-07-08 23:00:00,1,1,0
2018-07-09 00:00:00,1,1,0
2018-07-09 01:00:00,0,0,0
2018-07-09 02:00:00,1,0,1
2018-07-09 03:00:00,0,0,0
2018-07-09 04:00:00,4,4,0
2018-07-09 05:00:00,8,6,2
2018-07-09 06:00:00,36,32,4
2018-07-09 07:00:00,74,69,5
2018-07-09 08:00:00,75,66,9
2018-07-09 09:00:00,34,32,2
2018-07-09 10:00:00,38,37,1
2018-07-09 11:00:00,36,31,5
2018-07-09 12:00:00,24,23,1
2018-07-09 13:00:00,34,29,5
2018-07-09 14:00:00,38,33,5
2018-07-09 15:00:00,41,37,4
2018-07-09 16:00:00,59,57,2
2018-07-09 17:00:00,102,92,10
2018-07-09 18:00:00,85,73,12
2018-07-09 19:00:00,36,26,10
2018-07-09 20:00:00,6,5,1
2018-07-09 21:00:00,5,5,0
2018-07-09 22:00:00,0,0,0
2018-07-09 23:00:00,1,1,0
2018-07-10 00:00:00,0,0,0
2018-07-10 01:00:00,1,0,1
2018-07-10 02:00:00,0,0,0
2018-07-10 03:00:00,3,1,2
2018-07-10 04:00:00,6,6,0
2018-07-10 05:00:00,9,5,4
2018-07-10 06:00:00,36,29,7
2018-07-10 07:00:00,77,59,18
2018-07-10 08:00:00,58,39,19
2018-07-10 09:00:00,39,36,3
2018-07-10 10:00:00,19,18,1
2018-07-10 11:00:00,18,16,2
2018-07-10 12:00:00,22,21,1
2018-07-10 13:00:00,33,31,2
2018-07-10 14:00:00,39,36,3
2018-07-10 15:00:00,48,45,3
2018-07-10 16:00:00,85,80,5
2018-07-10 17:00:00,117,107,10
2018-07-10 18:00:00,131,108,23
2018-07-10 19:00:00,77,67,10
2018-07-10 20:00:00,46,36,10
2018-07-10 21:00:00,7,7,0
2018-07-10 22:00:00,2,1,1
2018-07-10 23:00:00,0,0,0
2018-07-11 00:00:00,0,0,0
2018-07-11 01:00:00,1,1,0
2018-07-11 02:00:00,0,0,0
2018-07-11 03:00:00,0,0,0
2018-07-11 04:00:00,5,4,1
2018-07-11 05:00:00,17,10,7
2018-07-11 06:00:00,49,44,5
2018-07-11 07:00:00,89,84,5
2018-07-11 08:00:00,73,62,11
2018-07-11 09:00:00,34,31,3
2018-07-11 10:00:00,40,37,3
2018-07-11 11:00:00,26,20,6
2018-07-11 12:00:00,25,25,0
2018-07-11 13:00:00,22,17,5
2018-07-11 14:00:00,44,39,5
2018-07-11 15:00:00,63,59,4
2018-07-11 16:00:00,97,86,11
2018-07-11 17:00:00,127,123,4
2018-07-11 18:00:00,123,116,7
2018-07-11 19:00:00,64,55,9
2018-07-11 20:00:00,44,39,5
2018-07-11 21:00:00,8,7,1
2018-07-11 22:00:00,1,1,0
2018-07-11 23:00:00,1,0,1
2018-07-12 00:00:00,1,1,0
2018-07-12 01:00:00,0,0,0
2018-07-12 02:00:00,0,0,0
2018-07-12 03:00:00,1,1,0
2018-07-12 04:00:00,4,4,0
2018-07-12 05:00:00,8,6,2
2018-07-12 06:00:00,38,36,2
2018-07-12 07:00:00,81,74,7
2018-07-12 08:00:00,57,54,3
2018-07-12 09:00:00,49,43,6
2018-07-12 10:00:00,45,40,5
2018-07-12 11:00:00,33,27,6
2018-07-12 12:00:00,41,30,11
2018-07-12 13:00:00,33,31,2
2018-07-12 14:00:00,30,25,5
2018-07-12 15:00:00,43,37,6
2018-07-12 16:00:00,71,54,17
2018-07-12 17:00:00,120,91,29
2018-07-12 18:00:00,120,114,6
2018-07-12 19:00:00,70,67,3
2018-07-12 20:00:00,31,27,4
2018-07-12 21:00:00,15,15,0
2018-07-12 22:00:00,2,1,1
2018-07-12 23:00:00,1,1,0
2018-07-13 00:00:00,0,0,0
2018-07-13 01:00:00,0,0,0
2018-07-13 02:00:00,0,0,0
2018-07-13 03:00:00,0,0,0
2018-07-13 04:00:00,6,5,1
2018-07-13 05:00:00,10,5,5
2018-07-13 06:00:00,49,43,6
2018-07-13 07:00:00,79,77,2
2018-07-13 08:00:00,79,77,2
2018-07-13 09:00:00,41,37,4
2018-07-13 10:00:00,43,38,5
2018-07-13 11:00:00,37,34,3
2018-07-13 12:00:00,41,34,7
2018-07-13 13:00:00,45,35,10
2018-07-13 14:00:00,27,20,7
2018-07-13 15:00:00,58,45,13
2018-07-13 16:00:00,71,55,16
2018-07-13 17:00:00,95,85,10
2018-07-13 18:00:00,57,53,4
2018-07-13 19:00:00,37,35,2
2018-07-13 20:00:00,15,15,0
2018-07-13 21:00:00,14,13,1
2018-07-13 22:00:00,4,4,0
2018-07-13 23:00:00,0,0,0
2018-07-14 00:00:00,0,0,0
2018-07-14 01:00:00,2,1,1
2018-07-14 02:00:00,0,0,0
2018-07-14 03:00:00,6,6,0
2018-07-14 04:00:00,10,8,2
2018-07-14 05:00:00,22,19,3
2018-07-14 06:00:00,56,53,3
2018-07-14 07:00:00,41,36,5
2018-07-14 08:00:00,100,95,5
2018-07-14 09:00:00,118,112,6
2018-07-14 10:00:00,206,190,16
2018-07-14 11:00:00,152,131,21
2018-07-14 12:00:00,130,113,17
2018-07-14 13:00:00,109,94,15
2018-07-14 14:00:00,76,67,9
2018-07-14 15:00:00,60,55,5
2018-07-14 16:00:00,47,38,9
2018-07-14 17:00:00,36,32,4
2018-07-14 18:00:00,34,33,1
2018-07-14 19:00:00,27,25,2
2018-07-14 20:00:00,16,15,1
2018-07-14 21:00:00,10,8,2
2018-07-14 22:00:00,2,2,0
2018-07-14 23:00:00,3,3,0
2018-07-15 00:00:00,1,1,0
2018-07-15 01:00:00,0,0,0
2018-07-15 02:00:00,1,0,1
2018-07-15 03:00:00,0,0,0
2018-07-15 04:00:00,0,0,0
2018-07-15 05:00:00,4,0,4
2018-07-15 06:00:00,13,10,3
2018-07-15 07:00:00,46,43,3
2018-07-15 08:00:00,70,64,6
2018-07-15 09:00:00,120,111,9
2018-07-15 10:00:00,153,137,16
2018-07-15 11:00:00,154,129,25
2018-07-15 12:00:00,159,133,26
2018-07-15 13:00:00,109,98,11
2018-07-15 14:00:00,71,63,8
2018-07-15 15:00:00,69,61,8
2018-07-15 16:00:00,37,34,3
2018-07-15 17:00:00,40,31,9
2018-07-15 18:00:00,23,19,4
2018-07-15 19:00:00,30,30,0
2018-07-15 20:00:00,18,16,2
2018-07-15 21:00:00,3,2,1
2018-07-15 22:00:00,4,2,2
2018-07-15 23:00:00,2,2,0
2018-07-16 00:00:00,0,0,0
2018-07-16 01:00:00,0,0,0
2018-07-16 02:00:00,1,0,1
2018-07-16 03:00:00,1,0,1
2018-07-16 04:00:00,5,5,0
2018-07-16 05:00:00,7,5,2
2018-07-16 06:00:00,31,29,2
2018-07-16 07:00:00,65,61,4
2018-07-16 08:00:00,62,59,3
2018-07-16 09:00:00,41,39,2
2018-07-16 10:00:00,30,26,4
2018-07-16 11:00:00,25,23,2
2018-07-16 12:00:00,24,19,5
2018-07-16 13:00:00,23,19,4
2018-07-16 14:00:00,21,16,5
2018-07-16 15:00:00,27,22,5
2018-07-16 16:00:00,71,59,12
2018-07-16 17:00:00,91,68,23
2018-07-16 18:00:00,96,80,16
2018-07-16 19:00:00,60,57,3
2018-07-16 20:00:00,21,19,2
2018-07-16 21:00:00,14,10,4
2018-07-16 22:00:00,4,3,1
2018-07-16 23:00:00,0,0,0
2018-07-17 00:00:00,2,1,1
2018-07-17 01:00:00,0,0,0
2018-07-17 02:00:00,0,0,0
2018-07-17 03:00:00,2,1,1
2018-07-17 04:00:00,6,6,0
2018-07-17 05:00:00,7,3,4
2018-07-17 06:00:00,47,42,5
2018-07-17 07:00:00,84,81,3
2018-07-17 08:00:00,79,71,8
2018-07-17 09:00:00,54,48,6
2018-07-17 10:00:00,35,28,7
2018-07-17 11:00:00,35,29,6
2018-07-17 12:00:00,38,32,6
2018-07-17 13:00:00,27,22,5
2018-07-17 14:00:00,30,20,10
2018-07-17 15:00:00,32,27,5
2018-07-17 16:00:00,65,46,19
2018-07-17 17:00:00,117,100,17
2018-07-17 18:00:00,95,90,5
2018-07-17 19:00:00,109,101,8
2018-07-17 20:00:00,29,26,3
2018-07-17 21:00:00,18,14,4
2018-07-17 22:00:00,19,18,1
2018-07-17 23:00:00,0,0,0
2018-07-18 00:00:00,0,0,0
2018-07-18 01:00:00,0,0,0
2018-07-18 02:00:00,0,0,0
2018-07-18 03:00:00,1,1,0
2018-07-18 04:00:00,7,6,1
2018-07-18 05:00:00,15,9,6
2018-07-18 06:00:00,44,37,7
2018-07-18 07:00:00,78,61,17
2018-07-18 08:00:00,52,40,12
2018-07-18 09:00:00,41,30,11
2018-07-18 10:00:00,28,23,5
2018-07-18 11:00:00,27,23,4
2018-07-18 12:00:00,34,34,0
2018-07-18 13:00:00,21,19,2
2018-07-18 14:00:00,40,37,3
2018-07-18 15:00:00,36,34,2
2018-07-18 16:00:00,71,67,4
2018-07-18 17:00:00,124,115,9
2018-07-18 18:00:00,91,86,5
2018-07-18 19:00:00,57,44,13
2018-07-18 20:00:00,52,46,6
2018-07-18 21:00:00,23,22,1
2018-07-18 22:00:00,0,0,0
2018-07-18 23:00:00,2,2,0
2018-07-19 00:00:00,2,2,0
2018-07-19 01:00:00,0,0,0
2018-07-19 02:00:00,0,0,0
2018-07-19 03:00:00,2,1,1
2018-07-19 04:00:00,4,4,0
2018-07-19 05:00:00,11,4,7
2018-07-19 06:00:00,41,28,13
2018-07-19 07:00:00,72,60,12
2018-07-19 08:00:00,44,31,13
2018-07-19 09:00:00,35,30,5
2018-07-19 10:00:00,33,25,8
2018-07-19 11:00:00,29,26,3
2018-07-19 12:00:00,16,12,4
2018-07-19 13:00:00,24,17,7
2018-07-19 14:00:00,25,23,2
2018-07-19 15:00:00,49,41,8
2018-07-19 16:00:00,56,50,6
2018-07-19 17:00:00,87,72,15
2018-07-19 18:00:00,97,76,21
2018-07-19 19:00:00,55,45,10
2018-07-19 20:00:00,21,19,2
2018-07-19 21:00:00,7,6,1
2018-07-19 22:00:00,2,2,0
2018-07-19 23:00:00,2,0,2
2018-07-20 00:00:00,0,0,0
2018-07-20 01:00:00,1,0,1
2018-07-20 02:00:00,0,0,0
2018-07-20 03:00:00,1,1,0
2018-07-20 04:00:00,4,3,1
2018-07-20 05:00:00,15,6,9
2018-07-20 06:00:00,38,27,11
2018-07-20 07:00:00,50,35,15
2018-07-20 08:00:00,40,32,8
2018-07-20 09:00:00,32,24,8
2018-07-20 10:00:00,22,20,2
2018-07-20 11:00:00,42,38,4
2018-07-20 12:00:00,23,21,2
2018-07-20 13:00:00,42,37,5
2018-07-20 14:00:00,35,31,4
2018-07-20 15:00:00,43,38,5
2018-07-20 16:00:00,62,60,2
2018-07-20 17:00:00,65,60,5
2018-07-20 18:00:00,63,56,7
2018-07-20 19:00:00,28,21,7
2018-07-20 20:00:00,23,20,3
2018-07-20 21:00:00,10,8,2
2018-07-20 22:00:00,5,4,1
2018-07-20 23:00:00,0,0,0
2018-07-21 00:00:00,1,1,0
2018-07-21 01:00:00,0,0,0
2018-07-21 02:00:00,3,0,3
2018-07-21 03:00:00,1,0,1
2018-07-21 04:00:00,1,0,1
2018-07-21 05:00:00,1,0,1
2018-07-21 06:00:00,11,9,2
2018-07-21 07:00:00,37,30,7
2018-07-21 08:00:00,102,89,13
2018-07-21 09:00:00,134,122,12
2018-07-21 10:00:00,137,120,17
2018-07-21 11:00:00,174,159,15
2018-07-21 12:00:00,144,135,9
2018-07-21 13:00:00,162,149,13
2018-07-21 14:00:00,123,111,12
2018-07-21 15:00:00,79,78,1
2018-07-21 16:00:00,72,67,5
2018-07-21 17:00:00,55,50,5
2018-07-21 18:00:00,47,40,7
2018-07-21 19:00:00,19,16,3
2018-07-21 20:00:00,16,12,4
2018-07-21 21:00:00,4,1,3
2018-07-21 22:00:00,6,2,4
2018-07-21 23:00:00,1,1,0
2018-07-22 00:00:00,0,0,0
2018-07-22 01:00:00,1,0,1
2018-07-22 02:00:00,1,0,1
2018-07-22 03:00:00,0,0,0
2018-07-22 04:00:00,0,0,0
2018-07-22 05:00:00,0,0,0
2018-07-22 06:00:00,17,13,4
2018-07-22 07:00:00,23,18,5
2018-07-22 08:00:00,67,58,9
2018-07-22 09:00:00,132,125,7
2018-07-22 10:00:00,126,112,14
2018-07-22 11:00:00,155,137,18
2018-07-22 12:00:00,138,115,23
2018-07-22 13:00:00,100,91,9
2018-07-22 14:00:00,87,77,10
2018-07-22 15:00:00,86,68,18
2018-07-22 16:00:00,74,61,13
2018-07-22 17:00:00,53,46,7
2018-07-22 18:00:00,37,34,3
2018-07-22 19:00:00,36,36,0
2018-07-22 20:00:00,18,17,1
2018-07-22 21:00:00,11,11,0
2018-07-22 22:00:00,2,0,2
2018-07-22 23:00:00,0,0,0
2018-07-23 00:00:00,1,1,0
2018-07-23 01:00:00,0,0,0
2018-07-23 02:00:00,0,0,0
2018-07-23 03:00:00,0,0,0
2018-07-23 04:00:00,6,6,0
2018-07-23 05:00:00,15,11,4
2018-07-23 06:00:00,46,41,5
2018-07-23 07:00:00,70,65,5
2018-07-23 08:00:00,60,57,3
2018-07-23 09:00:00,40,39,1
2018-07-23 10:00:00,50,41,9
2018-07-23 11:00:00,47,42,5
2018-07-23 12:00:00,30,24,6
2018-07-23 13:00:00,32,29,3
2018-07-23 14:00:00,29,23,6
2018-07-23 15:00:00,37,29,8
2018-07-23 16:00:00,65,52,13
2018-07-23 17:00:00,100,73,27
2018-07-23 18:00:00,75,65,10
2018-07-23 19:00:00,54,53,1
2018-07-23 20:00:00,33,33,0
2018-07-23 21:00:00,12,12,0
2018-07-23 22:00:00,4,3,1
2018-07-23 23:00:00,0,0,0
2018-07-24 00:00:00,0,0,0
2018-07-24 01:00:00,3,0,3
2018-07-24 02:00:00,0,0,0
2018-07-24 03:00:00,0,0,0
2018-07-24 04:00:00,6,5,1
2018-07-24 05:00:00,9,8,1
2018-07-24 06:00:00,46,42,4
2018-07-24 07:00:00,86,77,9
2018-07-24 08:00:00,83,79,4
2018-07-24 09:00:00,39,38,1
2018-07-24 10:00:00,49,43,6
2018-07-24 11:00:00,26,22,4
2018-07-24 12:00:00,32,29,3
2018-07-24 13:00:00,14,12,2
2018-07-24 14:00:00,20,15,5
2018-07-24 15:00:00,39,30,9
2018-07-24 16:00:00,73,53,20
2018-07-24 17:00:00,126,90,36
2018-07-24 18:00:00,111,98,13
2018-07-24 19:00:00,94,89,5
2018-07-24 20:00:00,36,25,11
2018-07-24 21:00:00,18,18,0
2018-07-24 22:00:00,3,2,1
2018-07-24 23:00:00,0,0,0
2018-07-25 00:00:00,0,0,0
2018-07-25 01:00:00,0,0,0
2018-07-25 02:00:00,1,0,1
2018-07-25 03:00:00,1,1,0
2018-07-25 04:00:00,4,4,0
2018-07-25 05:00:00,9,7,2
2018-07-25 06:00:00,44,38,6
2018-07-25 07:00:00,72,66,6
2018-07-25 08:00:00,73,68,5
2018-07-25 09:00:00,44,42,2
2018-07-25 10:00:00,36,33,3
2018-07-25 11:00:00,22,19,3
2018-07-25 12:00:00,25,20,5
2018-07-25 13:00:00,19,18,1
2018-07-25 14:00:00,29,25,4
2018-07-25 15:00:00,32,30,2
2018-07-25 16:00:00,80,64,16
2018-07-25 17:00:00,119,97,22
2018-07-25 18:00:00,97,87,10
2018-07-25 19:00:00,53,52,1
2018-07-25 20:00:00,42,39,3
2018-07-25 21:00:00,14,13,1
2018-07-25 22:00:00,6,3,3
2018-07-25 23:00:00,5,3,2
2018-07-26 00:00:00,0,0,0
2018-07-26 01:00:00,1,1,0
2018-07-26 02:00:00,0,0,0
2018-07-26 03:00:00,0,0,0
2018-07-26 04:00:00,5,4,1
2018-07-26 05:00:00,13,11,2
2018-07-26 06:00:00,41,38,3
2018-07-26 07:00:00,71,68,3
2018-07-26 08:00:00,75,72,3
2018-07-26 09:00:00,58,52,6
2018-07-26 10:00:00,36,34,2
2018-07-26 11:00:00,40,32,8
2018-07-26 12:00:00,38,31,7
2018-07-26 13:00:00,23,19,4
2018-07-26 14:00:00,24,19,5
2018-07-26 15:00:00,30,24,6
2018-07-26 16:00:00,70,51,19
2018-07-26 17:00:00,107,78,29
2018-07-26 18:00:00,91,75,16
2018-07-26 19:00:00,57,55,2
2018-07-26 20:00:00,32,30,2
2018-07-26 21:00:00,14,14,0
2018-07-26 22:00:00,2,1,1
2018-07-26 23:00:00,3,2,1
2018-07-27 00:00:00,0,0,0
2018-07-27 01:00:00,1,1,0
2018-07-27 02:00:00,0,0,0
2018-07-27 03:00:00,0,0,0
2018-07-27 04:00:00,5,5,0
2018-07-27 05:00:00,5,4,1
2018-07-27 06:00:00,33,31,2
2018-07-27 07:00:00,81,76,5
2018-07-27 08:00:00,81,74,7
2018-07-27 09:00:00,53,49,4
2018-07-27 10:00:00,37,33,4
2018-07-27 11:00:00,35,31,4
2018-07-27 12:00:00,29,26,3
2018-07-27 13:00:00,27,22,5
2018-07-27 14:00:00,25,20,5
2018-07-27 15:00:00,32,27,5
2018-07-27 16:00:00,77,63,14
2018-07-27 17:00:00,80,71,9
2018-07-27 18:00:00,55,53,2
2018-07-27 19:00:00,35,34,1
2018-07-27 20:00:00,27,26,1
2018-07-27 21:00:00,15,15,0
2018-07-27 22:00:00,3,3,0
2018-07-27 23:00:00,1,1,0
2018-07-28 00:00:00,0,0,0
2018-07-28 01:00:00,0,0,0
2018-07-28 02:00:00,0,0,0
2018-07-28 03:00:00,0,0,0
2018-07-28 04:00:00,1,1,0
2018-07-28 05:00:00,1,1,0
2018-07-28 06:00:00,16,8,8
2018-07-28 07:00:00,44,24,20
2018-07-28 08:00:00,96,65,31
2018-07-28 09:00:00,152,130,22
2018-07-28 10:00:00,126,113,13
2018-07-28 11:00:00,146,138,8
2018-07-28 12:00:00,112,103,9
2018-07-28 13:00:00,93,78,15
2018-07-28 14:00:00,76,64,12
2018-07-28 15:00:00,58,52,6
2018-07-28 16:00:00,49,46,3
2018-07-28 17:00:00,28,25,3
2018-07-28 18:00:00,28,28,0
2018-07-28 19:00:00,20,16,4
2018-07-28 20:00:00,9,9,0
2018-07-28 21:00:00,3,3,0
2018-07-28 22:00:00,2,0,2
2018-07-28 23:00:00,18,17,1
2018-07-29 00:00:00,4,2,2
2018-07-29 01:00:00,1,1,0
2018-07-29 02:00:00,0,0,0
2018-07-29 03:00:00,3,2,1
2018-07-29 04:00:00,2,1,1
2018-07-29 05:00:00,3,2,1
2018-07-29 06:00:00,11,5,6
2018-07-29 07:00:00,53,44,9
2018-07-29 08:00:00,107,96,11
2018-07-29 09:00:00,166,146,20
2018-07-29 10:00:00,196,176,20
2018-07-29 11:00:00,129,109,20
2018-07-29 12:00:00,109,95,14
2018-07-29 13:00:00,94,64,30
2018-07-29 14:00:00,49,37,12
2018-07-29 15:00:00,44,36,8
2018-07-29 16:00:00,39,33,6
2018-07-29 17:00:00,45,36,9
2018-07-29 18:00:00,26,24,2
2018-07-29 19:00:00,24,22,2
2018-07-29 20:00:00,15,15,0
2018-07-29 21:00:00,1,1,0
2018-07-29 22:00:00,2,2,0
2018-07-29 23:00:00,1,1,0
2018-07-30 00:00:00,0,0,0
2018-07-30 01:00:00,0,0,0
2018-07-30 02:00:00,0,0,0
2018-07-30 03:00:00,1,1,0
2018-07-30 04:00:00,5,5,0
2018-07-30 05:00:00,10,6,4
2018-07-30 06:00:00,35,32,3
2018-07-30 07:00:00,68,64,4
2018-07-30 08:00:00,56,51,5
2018-07-30 09:00:00,40,36,4
2018-07-30 10:00:00,37,31,6
2018-07-30 11:00:00,27,21,6
2018-07-30 12:00:00,34,26,8
2018-07-30 13:00:00,21,15,6
2018-07-30 14:00:00,29,21,8
2018-07-30 15:00:00,28,22,6
2018-07-30 16:00:00,50,36,14
2018-07-30 17:00:00,91,70,21
2018-07-30 18:00:00,93,82,11
2018-07-30 19:00:00,50,49,1
2018-07-30 20:00:00,16,16,0
2018-07-30 21:00:00,9,9,0
2018-07-30 22:00:00,8,5,3
2018-07-30 23:00:00,6,6,0
2018-07-31 00:00:00,1,1,0
2018-07-31 01:00:00,2,1,1
2018-07-31 02:00:00,0,0,0
2018-07-31 03:00:00,1,1,0
2018-07-31 04:00:00,5,5,0
2018-07-31 05:00:00,8,6,2
2018-07-31 06:00:00,48,37,11
2018-07-31 07:00:00,94,79,15
2018-07-31 08:00:00,79,65,14
2018-07-31 09:00:00,42,35,7
2018-07-31 10:00:00,33,30,3
2018-07-31 11:00:00,13,12,1
2018-07-31 12:00:00,36,33,3
2018-07-31 13:00:00,41,38,3
2018-07-31 14:00:00,40,37,3
2018-07-31 15:00:00,39,37,2
2018-07-31 16:00:00,83,81,2
2018-07-31 17:00:00,125,120,5
2018-07-31 18:00:00,105,101,4
2018-07-31 19:00:00,98,81,17
2018-07-31 20:00:00,71,61,10
2018-07-31 21:00:00,17,15,2
2018-07-31 22:00:00,4,2,2
2018-07-31 23:00:00,3,0,3
2018-08-01 00:00:00,0,0,0
2018-08-01 01:00:00,1,0,1
2018-08-01 02:00:00,0,0,0
2018-08-01 03:00:00,2,2,0
2018-08-01 04:00:00,9,8,1
2018-08-01 05:00:00,15,9,6
2018-08-01 06:00:00,47,39,8
2018-08-01 07:00:00,67,42,25
2018-08-01 08:00:00,60,46,14
2018-08-01 09:00:00,34,21,13
2018-08-01 10:00:00,20,14,6
2018-08-01 11:00:00,20,17,3
2018-08-01 12:00:00,23,16,7
2018-08-01 13:00:00,35,32,3
2018-08-01 14:00:00,25,25,0
2018-08-01 15:00:00,43,42,1
2018-08-01 16:00:00,69,69,0
2018-08-01 17:00:00,115,104,11
2018-08-01 18:00:00,97,80,17
2018-08-01 19:00:00,70,57,13
2018-08-01 20:00:00,15,12,3
2018-08-01 21:00:00,11,10,1
2018-08-01 22:00:00,0,0,0
2018-08-01 23:00:00,2,2,0
2018-08-02 00:00:00,2,2,0
2018-08-02 01:00:00,0,0,0
2018-08-02 02:00:00,0,0,0
2018-08-02 03:00:00,0,0,0
2018-08-02 04:00:00,5,5,0
2018-08-02 05:00:00,7,6,1
2018-08-02 06:00:00,35,27,8
2018-08-02 07:00:00,78,52,26
2018-08-02 08:00:00,57,43,14
2018-08-02 09:00:00,22,15,7
2018-08-02 10:00:00,14,9,5
2018-08-02 11:00:00,12,9,3
2018-08-02 12:00:00,39,32,7
2018-08-02 13:00:00,29,25,4
2018-08-02 14:00:00,29,23,6
2018-08-02 15:00:00,27,21,6
2018-08-02 16:00:00,65,47,18
2018-08-02 17:00:00,105,80,25
2018-08-02 18:00:00,82,73,9
2018-08-02 19:00:00,64,54,10
2018-08-02 20:00:00,18,12,6
2018-08-02 21:00:00,10,9,1
2018-08-02 22:00:00,3,3,0
2018-08-02 23:00:00,6,2,4
2018-08-03 00:00:00,1,1,0
2018-08-03 01:00:00,1,0,1
2018-08-03 02:00:00,0,0,0
2018-08-03 03:00:00,0,0,0
2018-08-03 04:00:00,5,4,1
2018-08-03 05:00:00,7,5,2
2018-08-03 06:00:00,19,16,3
2018-08-03 07:00:00,49,34,15
2018-08-03 08:00:00,55,42,13
2018-08-03 09:00:00,24,18,6
2018-08-03 10:00:00,43,37,6
2018-08-03 11:00:00,36,34,2
2018-08-03 12:00:00,44,39,5
2018-08-03 13:00:00,57,50,7
2018-08-03 14:00:00,72,70,2
2018-08-03 15:00:00,35,31,4
2018-08-03 16:00:00,61,56,5
2018-08-03 17:00:00,82,74,8
2018-08-03 18:00:00,53,43,10
2018-08-03 19:00:00,32,25,7
2018-08-03 20:00:00,15,10,5
2018-08-03 21:00:00,9,8,1
2018-08-03 22:00:00,2,2,0
2018-08-03 23:00:00,1,0,1
2018-08-04 00:00:00,0,0,0
2018-08-04 01:00:00,0,0,0
2018-08-04 02:00:00,1,0,1
2018-08-04 03:00:00,1,0,1
2018-08-04 04:00:00,0,0,0
2018-08-04 05:00:00,3,0,3
2018-08-04 06:00:00,11,6,5
2018-08-04 07:00:00,33,22,11
2018-08-04 08:00:00,86,70,16
2018-08-04 09:00:00,138,121,17
2018-08-04 10:00:00,107,99,8
2018-08-04 11:00:00,151,131,20
2018-08-04 12:00:00,184,164,20
2018-08-04 13:00:00,151,131,20
2018-08-04 14:00:00,201,193,8
2018-08-04 15:00:00,98,94,4
2018-08-04 16:00:00,52,49,3
2018-08-04 17:00:00,59,51,8
2018-08-04 18:00:00,56,50,6
2018-08-04 19:00:00,32,25,7
2018-08-04 20:00:00,14,9,5
2018-08-04 21:00:00,6,5,1
2018-08-04 22:00:00,1,0,1
2018-08-04 23:00:00,2,1,1
2018-08-05 00:00:00,1,1,0
2018-08-05 01:00:00,0,0,0
2018-08-05 02:00:00,1,1,0
2018-08-05 03:00:00,0,0,0
2018-08-05 04:00:00,0,0,0
2018-08-05 05:00:00,1,0,1
2018-08-05 06:00:00,12,8,4
2018-08-05 07:00:00,43,38,5
2018-08-05 08:00:00,76,69,7
2018-08-05 09:00:00,122,115,7
2018-08-05 10:00:00,135,121,14
2018-08-05 11:00:00,183,166,17
2018-08-05 12:00:00,202,185,17
2018-08-05 13:00:00,145,131,14
2018-08-05 14:00:00,201,179,22
2018-08-05 15:00:00,134,109,25
2018-08-05 16:00:00,52,47,5
2018-08-05 17:00:00,42,39,3
2018-08-05 18:00:00,43,39,4
2018-08-05 19:00:00,58,54,4
2018-08-05 20:00:00,15,14,1
2018-08-05 21:00:00,8,7,1
2018-08-05 22:00:00,2,2,0
2018-08-05 23:00:00,0,0,0
2018-08-06 00:00:00,0,0,0
2018-08-06 01:00:00,2,2,0
2018-08-06 02:00:00,0,0,0
2018-08-06 03:00:00,1,1,0
2018-08-06 04:00:00,3,3,0
2018-08-06 05:00:00,13,8,5
2018-08-06 06:00:00,50,45,5
2018-08-06 07:00:00,82,76,6
2018-08-06 08:00:00,64,57,7
2018-08-06 09:00:00,48,44,4
2018-08-06 10:00:00,23,19,4
2018-08-06 11:00:00,40,35,5
2018-08-06 12:00:00,29,27,2
2018-08-06 13:00:00,30,26,4
2018-08-06 14:00:00,31,20,11
2018-08-06 15:00:00,51,35,16
2018-08-06 16:00:00,61,41,20
2018-08-06 17:00:00,110,93,17
2018-08-06 18:00:00,125,116,9
2018-08-06 19:00:00,73,73,0
2018-08-06 20:00:00,22,20,2
2018-08-06 21:00:00,5,4,1
2018-08-06 22:00:00,4,2,2
2018-08-06 23:00:00,0,0,0
2018-08-07 00:00:00,0,0,0
2018-08-07 01:00:00,0,0,0
2018-08-07 02:00:00,0,0,0
2018-08-07 03:00:00,1,1,0
2018-08-07 04:00:00,4,4,0
2018-08-07 05:00:00,11,8,3
2018-08-07 06:00:00,64,59,5
2018-08-07 07:00:00,82,77,5
2018-08-07 08:00:00,71,70,1
2018-08-07 09:00:00,46,43,3
2018-08-07 10:00:00,43,37,6
2018-08-07 11:00:00,36,34,2
2018-08-07 12:00:00,28,21,7
2018-08-07 13:00:00,32,25,7
2018-08-07 14:00:00,22,21,1
2018-08-07 15:00:00,32,27,5
2018-08-07 16:00:00,68,50,18
2018-08-07 17:00:00,132,92,40
2018-08-07 18:00:00,122,109,13
2018-08-07 19:00:00,85,80,5
2018-08-07 20:00:00,28,24,4
2018-08-07 21:00:00,7,7,0
2018-08-07 22:00:00,3,3,0
2018-08-07 23:00:00,1,0,1
2018-08-08 00:00:00,3,2,1
2018-08-08 01:00:00,0,0,0
2018-08-08 02:00:00,0,0,0
2018-08-08 03:00:00,0,0,0
2018-08-08 04:00:00,4,4,0
2018-08-08 05:00:00,13,8,5
2018-08-08 06:00:00,46,42,4
2018-08-08 07:00:00,68,64,4
2018-08-08 08:00:00,82,74,8
2018-08-08 09:00:00,42,39,3
2018-08-08 10:00:00,46,39,7
2018-08-08 11:00:00,45,39,6
2018-08-08 12:00:00,34,26,8
2018-08-08 13:00:00,30,24,6
2018-08-08 14:00:00,29,25,4
2018-08-08 15:00:00,42,34,8
2018-08-08 16:00:00,65,52,13
2018-08-08 17:00:00,107,68,39
2018-08-08 18:00:00,93,64,29
2018-08-08 19:00:00,63,59,4
2018-08-08 20:00:00,30,27,3
2018-08-08 21:00:00,21,21,0
2018-08-08 22:00:00,3,3,0
2018-08-08 23:00:00,4,4,0
2018-08-09 00:00:00,1,1,0
2018-08-09 01:00:00,0,0,0
2018-08-09 02:00:00,0,0,0
2018-08-09 03:00:00,0,0,0
2018-08-09 04:00:00,7,7,0
2018-08-09 05:00:00,15,10,5
2018-08-09 06:00:00,43,38,5
2018-08-09 07:00:00,69,60,9
2018-08-09 08:00:00,52,50,2
2018-08-09 09:00:00,49,43,6
2018-08-09 10:00:00,39,32,7
2018-08-09 11:00:00,44,37,7
2018-08-09 12:00:00,40,31,9
2018-08-09 13:00:00,33,25,8
2018-08-09 14:00:00,26,20,6
2018-08-09 15:00:00,42,29,13
2018-08-09 16:00:00,63,45,18
2018-08-09 17:00:00,102,66,36
2018-08-09 18:00:00,103,81,22
2018-08-09 19:00:00,100,92,8
2018-08-09 20:00:00,64,63,1
2018-08-09 21:00:00,10,10,0
2018-08-09 22:00:00,0,0,0
2018-08-09 23:00:00,3,3,0
2018-08-10 00:00:00,0,0,0
2018-08-10 01:00:00,2,2,0
2018-08-10 02:00:00,0,0,0
2018-08-10 03:00:00,0,0,0
2018-08-10 04:00:00,5,5,0
2018-08-10 05:00:00,11,4,7
2018-08-10 06:00:00,33,28,5
2018-08-10 07:00:00,100,92,8
2018-08-10 08:00:00,64,63,1
2018-08-10 09:00:00,38,35,3
2018-08-10 10:00:00,38,31,7
2018-08-10 11:00:00,39,36,3
2018-08-10 12:00:00,28,25,3
2018-08-10 13:00:00,30,27,3
2018-08-10 14:00:00,38,31,7
2018-08-10 15:00:00,40,30,10
2018-08-10 16:00:00,62,47,15
2018-08-10 17:00:00,83,77,6
2018-08-10 18:00:00,65,62,3
2018-08-10 19:00:00,44,38,6
2018-08-10 20:00:00,23,19,4
2018-08-10 21:00:00,7,6,1
2018-08-10 22:00:00,4,3,1
2018-08-10 23:00:00,0,0,0
2018-08-11 00:00:00,2,2,0
2018-08-11 01:00:00,0,0,0
2018-08-11 02:00:00,0,0,0
2018-08-11 03:00:00,0,0,0
2018-08-11 04:00:00,2,2,0
2018-08-11 05:00:00,3,2,1
2018-08-11 06:00:00,15,10,5
2018-08-11 07:00:00,32,23,9
2018-08-11 08:00:00,75,51,24
2018-08-11 09:00:00,86,82,4
2018-08-11 10:00:00,217,208,9
2018-08-11 11:00:00,431,425,6
2018-08-11 12:00:00,193,187,6
2018-08-11 13:00:00,65,50,15
2018-08-11 14:00:00,27,24,3
2018-08-11 15:00:00,40,38,2
2018-08-11 16:00:00,38,31,7
2018-08-11 17:00:00,33,32,1
2018-08-11 18:00:00,16,14,2
2018-08-11 19:00:00,6,6,0
2018-08-11 20:00:00,7,6,1
2018-08-11 21:00:00,10,8,2
2018-08-11 22:00:00,0,0,0
2018-08-11 23:00:00,0,0,0
2018-08-12 00:00:00,1,1,0
2018-08-12 01:00:00,0,0,0
2018-08-12 02:00:00,0,0,0
2018-08-12 03:00:00,0,0,0
2018-08-12 04:00:00,0,0,0
2018-08-12 05:00:00,0,0,0
2018-08-12 06:00:00,11,4,7
2018-08-12 07:00:00,42,15,27
2018-08-12 08:00:00,69,47,22
2018-08-12 09:00:00,104,80,24
2018-08-12 10:00:00,129,95,34
2018-08-12 11:00:00,165,148,17
2018-08-12 12:00:00,137,122,15
2018-08-12 13:00:00,100,95,5
2018-08-12 14:00:00,113,112,1
2018-08-12 15:00:00,71,68,3
2018-08-12 16:00:00,65,61,4
2018-08-12 17:00:00,65,57,8
2018-08-12 18:00:00,35,23,12
2018-08-12 19:00:00,25,20,5
2018-08-12 20:00:00,10,9,1
2018-08-12 21:00:00,9,5,4
2018-08-12 22:00:00,1,1,0
2018-08-12 23:00:00,1,1,0
2018-08-13 00:00:00,0,0,0
2018-08-13 01:00:00,0,0,0
2018-08-13 02:00:00,1,1,0
2018-08-13 03:00:00,0,0,0
2018-08-13 04:00:00,4,4,0
2018-08-13 05:00:00,11,6,5
2018-08-13 06:00:00,46,38,8
2018-08-13 07:00:00,69,62,7
2018-08-13 08:00:00,63,59,4
2018-08-13 09:00:00,43,42,1
2018-08-13 10:00:00,34,30,4
2018-08-13 11:00:00,30,29,1
2018-08-13 12:00:00,28,24,4
2018-08-13 13:00:00,21,20,1
2018-08-13 14:00:00,40,40,0
2018-08-13 15:00:00,52,48,4
2018-08-13 16:00:00,72,70,2
2018-08-13 17:00:00,101,97,4
2018-08-13 18:00:00,83,75,8
2018-08-13 19:00:00,49,44,5
2018-08-13 20:00:00,16,14,2
2018-08-13 21:00:00,3,2,1
2018-08-13 22:00:00,2,0,2
2018-08-13 23:00:00,3,2,1
2018-08-14 00:00:00,1,1,0
2018-08-14 01:00:00,0,0,0
2018-08-14 02:00:00,2,0,2
2018-08-14 03:00:00,0,0,0
2018-08-14 04:00:00,6,6,0
2018-08-14 05:00:00,10,8,2
2018-08-14 06:00:00,41,33,8
2018-08-14 07:00:00,76,69,7
2018-08-14 08:00:00,62,60,2
2018-08-14 09:00:00,30,25,5
2018-08-14 10:00:00,29,27,2
2018-08-14 11:00:00,29,26,3
2018-08-14 12:00:00,25,23,2
2018-08-14 13:00:00,21,20,1
2018-08-14 14:00:00,18,16,2
2018-08-14 15:00:00,39,26,13
2018-08-14 16:00:00,64,45,19
2018-08-14 17:00:00,106,88,18
2018-08-14 18:00:00,77,77,0
2018-08-14 19:00:00,52,51,1
2018-08-14 20:00:00,19,18,1
2018-08-14 21:00:00,11,10,1
2018-08-14 22:00:00,0,0,0
2018-08-14 23:00:00,0,0,0
2018-08-15 00:00:00,0,0,0
2018-08-15 01:00:00,1,0,1
2018-08-15 02:00:00,0,0,0
2018-08-15 03:00:00,0,0,0
2018-08-15 04:00:00,5,5,0
2018-08-15 05:00:00,6,4,2
2018-08-15 06:00:00,38,30,8
2018-08-15 07:00:00,50,48,2
2018-08-15 08:00:00,44,43,1
2018-08-15 09:00:00,24,21,3
2018-08-15 10:00:00,20,19,1
2018-08-15 11:00:00,22,20,2
2018-08-15 12:00:00,18,18,0
2018-08-15 13:00:00,10,9,1
2018-08-15 14:00:00,22,19,3
2018-08-15 15:00:00,29,23,6
2018-08-15 16:00:00,41,34,7
2018-08-15 17:00:00,62,50,12
2018-08-15 18:00:00,51,51,0
2018-08-15 19:00:00,47,44,3
2018-08-15 20:00:00,19,18,1
2018-08-15 21:00:00,9,8,1
2018-08-15 22:00:00,0,0,0
2018-08-15 23:00:00,0,0,0
2018-08-16 00:00:00,0,0,0
2018-08-16 01:00:00,1,0,1
2018-08-16 02:00:00,1,0,1
2018-08-16 03:00:00,0,0,0
2018-08-16 04:00:00,7,7,0
2018-08-16 05:00:00,7,4,3
2018-08-16 06:00:00,38,31,7
2018-08-16 07:00:00,45,36,9
2018-08-16 08:00:00,51,35,16
2018-08-16 09:00:00,33,24,9
2018-08-16 10:00:00,21,20,1
2018-08-16 11:00:00,17,13,4
2018-08-16 12:00:00,20,16,4
2018-08-16 13:00:00,16,14,2
2018-08-16 14:00:00,21,20,1
2018-08-16 15:00:00,40,38,2
2018-08-16 16:00:00,60,49,11
2018-08-16 17:00:00,98,78,20
2018-08-16 18:00:00,57,45,12
2018-08-16 19:00:00,36,20,16
2018-08-16 20:00:00,19,12,7
2018-08-16 21:00:00,11,11,0
2018-08-16 22:00:00,3,2,1
2018-08-16 23:00:00,2,2,0
2018-08-17 00:00:00,0,0,0
2018-08-17 01:00:00,0,0,0
2018-08-17 02:00:00,1,0,1
2018-08-17 03:00:00,0,0,0
2018-08-17 04:00:00,5,4,1
2018-08-17 05:00:00,5,3,2
2018-08-17 06:00:00,32,21,11
2018-08-17 07:00:00,64,45,19
2018-08-17 08:00:00,51,37,14
2018-08-17 09:00:00,33,25,8
2018-08-17 10:00:00,30,22,8
2018-08-17 11:00:00,32,25,7
2018-08-17 12:00:00,29,25,4
2018-08-17 13:00:00,33,30,3
2018-08-17 14:00:00,30,27,3
2018-08-17 15:00:00,53,50,3
2018-08-17 16:00:00,80,75,5
2018-08-17 17:00:00,75,68,7
2018-08-17 18:00:00,52,44,8
2018-08-17 19:00:00,36,22,14
2018-08-17 20:00:00,10,9,1
2018-08-17 21:00:00,11,11,0
2018-08-17 22:00:00,2,2,0
2018-08-17 23:00:00,2,1,1
2018-08-18 00:00:00,0,0,0
2018-08-18 01:00:00,1,0,1
2018-08-18 02:00:00,0,0,0
2018-08-18 03:00:00,0,0,0
2018-08-18 04:00:00,1,1,0
2018-08-18 05:00:00,1,1,0
2018-08-18 06:00:00,12,8,4
2018-08-18 07:00:00,26,21,5
2018-08-18 08:00:00,56,47,9
2018-08-18 09:00:00,78,73,5
2018-08-18 10:00:00,104,92,12
2018-08-18 11:00:00,129,115,14
2018-08-18 12:00:00,133,117,16
2018-08-18 13:00:00,101,97,4
2018-08-18 14:00:00,74,72,2
2018-08-18 15:00:00,65,63,2
2018-08-18 16:00:00,63,62,1
2018-08-18 17:00:00,45,44,1
2018-08-18 18:00:00,30,27,3
2018-08-18 19:00:00,18,15,3
2018-08-18 20:00:00,11,10,1
2018-08-18 21:00:00,2,2,0
2018-08-18 22:00:00,1,0,1
2018-08-18 23:00:00,6,2,4
2018-08-19 00:00:00,1,0,1
2018-08-19 01:00:00,0,0,0
2018-08-19 02:00:00,0,0,0
2018-08-19 03:00:00,0,0,0
2018-08-19 04:00:00,1,1,0
2018-08-19 05:00:00,0,0,0
2018-08-19 06:00:00,10,5,5
2018-08-19 07:00:00,50,29,21
2018-08-19 08:00:00,84,74,10
2018-08-19 09:00:00,122,105,17
2018-08-19 10:00:00,149,136,13
2018-08-19 11:00:00,121,108,13
2018-08-19 12:00:00,121,117,4
2018-08-19 13:00:00,81,78,3
2018-08-19 14:00:00,72,69,3
2018-08-19 15:00:00,68,67,1
2018-08-19 16:00:00,52,50,2
2018-08-19 17:00:00,36,34,2
2018-08-19 18:00:00,21,20,1
2018-08-19 19:00:00,6,5,1
2018-08-19 20:00:00,7,6,1
2018-08-19 21:00:00,2,2,0
2018-08-19 22:00:00,0,0,0
2018-08-19 23:00:00,0,0,0
2018-08-20 00:00:00,0,0,0
2018-08-20 01:00:00,1,0,1
2018-08-20 02:00:00,1,0,1
2018-08-20 03:00:00,0,0,0
2018-08-20 04:00:00,6,6,0
2018-08-20 05:00:00,6,5,1
2018-08-20 06:00:00,15,7,8
2018-08-20 07:00:00,54,47,7
2018-08-20 08:00:00,33,33,0
2018-08-20 09:00:00,17,16,1
2018-08-20 10:00:00,16,14,2
2018-08-20 11:00:00,13,12,1
2018-08-20 12:00:00,4,4,0
2018-08-20 13:00:00,7,6,1
2018-08-20 14:00:00,17,16,1
2018-08-20 15:00:00,12,11,1
2018-08-20 16:00:00,36,34,2
2018-08-20 17:00:00,50,49,1
2018-08-20 18:00:00,46,44,2
2018-08-20 19:00:00,9,6,3
2018-08-20 20:00:00,6,3,3
2018-08-20 21:00:00,0,0,0
2018-08-20 22:00:00,0,0,0
2018-08-20 23:00:00,1,1,0
2018-08-21 00:00:00,0,0,0
2018-08-21 01:00:00,1,1,0
2018-08-21 02:00:00,1,0,1
2018-08-21 03:00:00,0,0,0
2018-08-21 04:00:00,2,2,0
2018-08-21 05:00:00,2,1,1
2018-08-21 06:00:00,17,14,3
2018-08-21 07:00:00,36,30,6
2018-08-21 08:00:00,31,31,0
2018-08-21 09:00:00,14,14,0
2018-08-21 10:00:00,7,6,1
2018-08-21 11:00:00,6,5,1
2018-08-21 12:00:00,6,6,0
2018-08-21 13:00:00,4,2,2
2018-08-21 14:00:00,6,5,1
2018-08-21 15:00:00,14,10,4
2018-08-21 16:00:00,30,18,12
2018-08-21 17:00:00,28,19,9
2018-08-21 18:00:00,28,26,2
2018-08-21 19:00:00,16,14,2
2018-08-21 20:00:00,7,7,0
2018-08-21 21:00:00,14,13,1
2018-08-21 22:00:00,1,1,0
2018-08-21 23:00:00,0,0,0
2018-08-22 00:00:00,0,0,0
2018-08-22 01:00:00,0,0,0
2018-08-22 02:00:00,0,0,0
2018-08-22 03:00:00,1,1,0
2018-08-22 04:00:00,5,4,1
2018-08-22 05:00:00,3,2,1
2018-08-22 06:00:00,16,15,1
2018-08-22 07:00:00,31,25,6
2018-08-22 08:00:00,21,20,1
2018-08-22 09:00:00,15,15,0
2018-08-22 10:00:00,10,10,0
2018-08-22 11:00:00,11,11,0
2018-08-22 12:00:00,9,7,2
2018-08-22 13:00:00,8,8,0
2018-08-22 14:00:00,9,8,1
2018-08-22 15:00:00,8,6,2
2018-08-22 16:00:00,32,28,4
2018-08-22 17:00:00,31,27,4
2018-08-22 18:00:00,27,26,1
2018-08-22 19:00:00,16,15,1
2018-08-22 20:00:00,3,2,1
2018-08-22 21:00:00,4,3,1
2018-08-22 22:00:00,0,0,0
2018-08-22 23:00:00,1,0,1
2018-08-23 00:00:00,0,0,0
2018-08-23 01:00:00,0,0,0
2018-08-23 02:00:00,0,0,0
2018-08-23 03:00:00,0,0,0
2018-08-23 04:00:00,3,3,0
2018-08-23 05:00:00,2,2,0
2018-08-23 06:00:00,17,14,3
2018-08-23 07:00:00,39,30,9
2018-08-23 08:00:00,17,12,5
2018-08-23 09:00:00,15,13,2
2018-08-23 10:00:00,12,7,5
2018-08-23 11:00:00,15,15,0
2018-08-23 12:00:00,23,21,2
2018-08-23 13:00:00,17,15,2
2018-08-23 14:00:00,30,26,4
2018-08-23 15:00:00,31,25,6
2018-08-23 16:00:00,46,38,8
2018-08-23 17:00:00,91,83,8
2018-08-23 18:00:00,72,61,11
2018-08-23 19:00:00,41,29,12
2018-08-23 20:00:00,22,17,5
2018-08-23 21:00:00,3,3,0
2018-08-23 22:00:00,0,0,0
2018-08-23 23:00:00,0,0,0
2018-08-24 00:00:00,0,0,0
2018-08-24 01:00:00,1,0,1
2018-08-24 02:00:00,0,0,0
2018-08-24 03:00:00,0,0,0
2018-08-24 04:00:00,3,3,0
2018-08-24 05:00:00,5,3,2
2018-08-24 06:00:00,20,12,8
2018-08-24 07:00:00,90,58,32
2018-08-24 08:00:00,58,43,15
2018-08-24 09:00:00,41,35,6
2018-08-24 10:00:00,47,42,5
2018-08-24 11:00:00,28,23,5
2018-08-24 12:00:00,19,19,0
2018-08-24 13:00:00,24,19,5
2018-08-24 14:00:00,26,18,8
2018-08-24 15:00:00,37,36,1
2018-08-24 16:00:00,58,53,5
2018-08-24 17:00:00,81,65,16
2018-08-24 18:00:00,45,33,12
2018-08-24 19:00:00,17,13,4
2018-08-24 20:00:00,6,5,1
2018-08-24 21:00:00,4,3,1
2018-08-24 22:00:00,0,0,0
2018-08-24 23:00:00,0,0,0
2018-08-25 00:00:00,1,1,0
2018-08-25 01:00:00,0,0,0
2018-08-25 02:00:00,0,0,0
2018-08-25 03:00:00,1,0,1
2018-08-25 04:00:00,1,1,0
2018-08-25 05:00:00,0,0,0
2018-08-25 06:00:00,4,4,0
2018-08-25 07:00:00,31,25,6
2018-08-25 08:00:00,46,27,19
2018-08-25 09:00:00,58,26,32
2018-08-25 10:00:00,67,46,21
2018-08-25 11:00:00,40,29,11
2018-08-25 12:00:00,52,38,14
2018-08-25 13:00:00,46,42,4
2018-08-25 14:00:00,52,42,10
2018-08-25 15:00:00,35,27,8
2018-08-25 16:00:00,44,38,6
2018-08-25 17:00:00,32,29,3
2018-08-25 18:00:00,29,26,3
2018-08-25 19:00:00,5,3,2
2018-08-25 20:00:00,6,5,1
2018-08-25 21:00:00,1,1,0
2018-08-25 22:00:00,0,0,0
2018-08-25 23:00:00,2,1,1
2018-08-26 00:00:00,0,0,0
2018-08-26 01:00:00,3,1,2
2018-08-26 02:00:00,3,3,0
2018-08-26 03:00:00,0,0,0
2018-08-26 04:00:00,0,0,0
2018-08-26 05:00:00,1,0,1
2018-08-26 06:00:00,5,3,2
2018-08-26 07:00:00,12,4,8
2018-08-26 08:00:00,38,22,16
2018-08-26 09:00:00,63,42,21
2018-08-26 10:00:00,88,75,13
2018-08-26 11:00:00,98,85,13
2018-08-26 12:00:00,142,132,10
2018-08-26 13:00:00,84,75,9
2018-08-26 14:00:00,73,69,4
2018-08-26 15:00:00,62,52,10
2018-08-26 16:00:00,48,40,8
2018-08-26 17:00:00,35,29,6
2018-08-26 18:00:00,14,11,3
2018-08-26 19:00:00,6,5,1
2018-08-26 20:00:00,1,1,0
2018-08-26 21:00:00,1,1,0
2018-08-26 22:00:00,0,0,0
2018-08-26 23:00:00,1,1,0
2018-08-27 00:00:00,0,0,0
2018-08-27 01:00:00,0,0,0
2018-08-27 02:00:00,0,0,0
2018-08-27 03:00:00,0,0,0
2018-08-27 04:00:00,5,5,0
2018-08-27 05:00:00,8,8,0
2018-08-27 06:00:00,22,18,4
2018-08-27 07:00:00,66,42,24
2018-08-27 08:00:00,48,33,15
2018-08-27 09:00:00,25,12,13
2018-08-27 10:00:00,14,11,3
2018-08-27 11:00:00,18,15,3
2018-08-27 12:00:00,19,17,2
2018-08-27 13:00:00,16,14,2
2018-08-27 14:00:00,36,35,1
2018-08-27 15:00:00,55,47,8
2018-08-27 16:00:00,73,66,7
2018-08-27 17:00:00,97,87,10
2018-08-27 18:00:00,92,52,40
2018-08-27 19:00:00,57,38,19
2018-08-27 20:00:00,17,11,6
2018-08-27 21:00:00,3,2,1
2018-08-27 22:00:00,2,0,2
2018-08-27 23:00:00,0,0,0
2018-08-28 00:00:00,0,0,0
2018-08-28 01:00:00,0,0,0
2018-08-28 02:00:00,0,0,0
2018-08-28 03:00:00,0,0,0
2018-08-28 04:00:00,6,6,0
2018-08-28 05:00:00,5,4,1
2018-08-28 06:00:00,39,28,11
2018-08-28 07:00:00,89,66,23
2018-08-28 08:00:00,73,70,3
2018-08-28 09:00:00,42,39,3
2018-08-28 10:00:00,34,32,2
2018-08-28 11:00:00,43,34,9
2018-08-28 12:00:00,35,33,2
2018-08-28 13:00:00,31,31,0
2018-08-28 14:00:00,26,24,2
2018-08-28 15:00:00,55,55,0
2018-08-28 16:00:00,90,84,6
2018-08-28 17:00:00,125,120,5
2018-08-28 18:00:00,128,116,12
2018-08-28 19:00:00,73,64,9
2018-08-28 20:00:00,12,10,2
2018-08-28 21:00:00,8,4,4
2018-08-28 22:00:00,0,0,0
2018-08-28 23:00:00,1,0,1
2018-08-29 00:00:00,4,2,2
2018-08-29 01:00:00,0,0,0
2018-08-29 02:00:00,0,0,0
2018-08-29 03:00:00,1,1,0
2018-08-29 04:00:00,8,8,0
2018-08-29 05:00:00,11,9,2
2018-08-29 06:00:00,29,24,5
2018-08-29 07:00:00,88,63,25
2018-08-29 08:00:00,65,58,7
2018-08-29 09:00:00,40,35,5
2018-08-29 10:00:00,28,24,4
2018-08-29 11:00:00,29,18,11
2018-08-29 12:00:00,31,25,6
2018-08-29 13:00:00,16,15,1
2018-08-29 14:00:00,27,25,2
2018-08-29 15:00:00,52,48,4
2018-08-29 16:00:00,75,73,2
2018-08-29 17:00:00,128,116,12
2018-08-29 18:00:00,86,72,14
2018-08-29 19:00:00,48,41,7
2018-08-29 20:00:00,21,17,4
2018-08-29 21:00:00,5,3,2
2018-08-29 22:00:00,0,0,0
2018-08-29 23:00:00,0,0,0
2018-08-30 00:00:00,0,0,0
2018-08-30 01:00:00,0,0,0
2018-08-30 02:00:00,0,0,0
2018-08-30 03:00:00,0,0,0
2018-08-30 04:00:00,5,5,0
2018-08-30 05:00:00,6,5,1
2018-08-30 06:00:00,32,26,6
2018-08-30 07:00:00,54,37,17
2018-08-30 08:00:00,59,48,11
2018-08-30 09:00:00,19,18,1
2018-08-30 10:00:00,24,23,1
2018-08-30 11:00:00,18,17,1
2018-08-30 12:00:00,20,16,4
2018-08-30 13:00:00,15,14,1
2018-08-30 14:00:00,28,25,3
2018-08-30 15:00:00,28,24,4
2018-08-30 16:00:00,61,59,2
2018-08-30 17:00:00,89,88,1
2018-08-30 18:00:00,83,66,17
2018-08-30 19:00:00,46,39,7
2018-08-30 20:00:00,12,7,5
2018-08-30 21:00:00,4,3,1
2018-08-30 22:00:00,0,0,0
2018-08-30 23:00:00,1,0,1
2018-08-31 00:00:00,1,1,0
2018-08-31 01:00:00,0,0,0
2018-08-31 02:00:00,0,0,0
2018-08-31 03:00:00,0,0,0
2018-08-31 04:00:00,1,1,0
2018-08-31 05:00:00,5,5,0
2018-08-31 06:00:00,16,14,2
2018-08-31 07:00:00,40,28,12
2018-08-31 08:00:00,42,29,13
2018-08-31 09:00:00,33,29,4
2018-08-31 10:00:00,24,17,7
2018-08-31 11:00:00,48,36,12
2018-08-31 12:00:00,31,18,13
2018-08-31 13:00:00,30,26,4
2018-08-31 14:00:00,32,26,6
2018-08-31 15:00:00,54,44,10
2018-08-31 16:00:00,54,44,10
2018-08-31 17:00:00,74,62,12
2018-08-31 18:00:00,47,37,10
2018-08-31 19:00:00,24,21,3
2018-08-31 20:00:00,3,2,1
2018-08-31 21:00:00,7,4,3
2018-08-31 22:00:00,3,0,3
2018-08-31 23:00:00,1,1,0
2018-09-01 00:00:00,1,1,0
2018-09-01 01:00:00,0,0,0
2018-09-01 02:00:00,0,0,0
2018-09-01 03:00:00,1,0,1
2018-09-01 04:00:00,3,2,1
2018-09-01 05:00:00,0,0,0
2018-09-01 06:00:00,5,2,3
2018-09-01 07:00:00,31,16,15
2018-09-01 08:00:00,66,41,25
2018-09-01 09:00:00,91,44,47
2018-09-01 10:00:00,120,81,39
2018-09-01 11:00:00,97,79,18
2018-09-01 12:00:00,77,69,8
2018-09-01 13:00:00,71,70,1
2018-09-01 14:00:00,73,65,8
2018-09-01 15:00:00,39,31,8
2018-09-01 16:00:00,44,36,8
2018-09-01 17:00:00,46,40,6
2018-09-01 18:00:00,28,22,6
2018-09-01 19:00:00,15,11,4
2018-09-01 20:00:00,5,3,2
2018-09-01 21:00:00,3,3,0
2018-09-01 22:00:00,3,2,1
2018-09-01 23:00:00,0,0,0
2018-09-02 00:00:00,0,0,0
2018-09-02 01:00:00,0,0,0
2018-09-02 02:00:00,0,0,0
2018-09-02 03:00:00,0,0,0
2018-09-02 04:00:00,0,0,0
2018-09-02 05:00:00,2,0,2
2018-09-02 06:00:00,3,1,2
2018-09-02 07:00:00,25,8,17
2018-09-02 08:00:00,60,47,13
2018-09-02 09:00:00,83,75,8
2018-09-02 10:00:00,106,91,15
2018-09-02 11:00:00,123,80,43
2018-09-02 12:00:00,128,103,25
2018-09-02 13:00:00,132,120,12
2018-09-02 14:00:00,102,86,16
2018-09-02 15:00:00,91,76,15
2018-09-02 16:00:00,85,71,14
2018-09-02 17:00:00,41,31,10
2018-09-02 18:00:00,43,34,9
2018-09-02 19:00:00,16,13,3
2018-09-02 20:00:00,5,4,1
2018-09-02 21:00:00,1,1,0
2018-09-02 22:00:00,2,1,1
2018-09-02 23:00:00,1,1,0
2018-09-03 00:00:00,0,0,0
2018-09-03 01:00:00,0,0,0
2018-09-03 02:00:00,0,0,0
2018-09-03 03:00:00,0,0,0
2018-09-03 04:00:00,0,0,0
2018-09-03 05:00:00,2,1,1
2018-09-03 06:00:00,4,3,1
2018-09-03 07:00:00,28,13,15
2018-09-03 08:00:00,35,26,9
2018-09-03 09:00:00,89,66,23
2018-09-03 10:00:00,105,80,25
2018-09-03 11:00:00,82,72,10
2018-09-03 12:00:00,77,62,15
2018-09-03 13:00:00,106,88,18
2018-09-03 14:00:00,83,70,13
2018-09-03 15:00:00,92,75,17
2018-09-03 16:00:00,72,59,13
2018-09-03 17:00:00,49,41,8
2018-09-03 18:00:00,27,17,10
2018-09-03 19:00:00,14,10,4
2018-09-03 20:00:00,3,1,2
2018-09-03 21:00:00,1,0,1
2018-09-03 22:00:00,0,0,0
2018-09-03 23:00:00,0,0,0
2018-09-04 00:00:00,0,0,0
2018-09-04 01:00:00,0,0,0
2018-09-04 02:00:00,0,0,0
2018-09-04 03:00:00,0,0,0
2018-09-04 04:00:00,8,8,0
2018-09-04 05:00:00,8,7,1
2018-09-04 06:00:00,34,25,9
2018-09-04 07:00:00,70,50,20
2018-09-04 08:00:00,72,70,2
2018-09-04 09:00:00,34,33,1
2018-09-04 10:00:00,36,29,7
2018-09-04 11:00:00,23,15,8
2018-09-04 12:00:00,24,18,6
2018-09-04 13:00:00,28,26,2
2018-09-04 14:00:00,31,25,6
2018-09-04 15:00:00,22,20,2
2018-09-04 16:00:00,64,56,8
2018-09-04 17:00:00,123,106,17
2018-09-04 18:00:00,100,86,14
2018-09-04 19:00:00,72,57,15
2018-09-04 20:00:00,13,9,4
2018-09-04 21:00:00,0,0,0
2018-09-04 22:00:00,0,0,0
2018-09-04 23:00:00,0,0,0
2018-09-05 00:00:00,0,0,0
2018-09-05 01:00:00,1,1,0
2018-09-05 02:00:00,1,1,0
2018-09-05 03:00:00,0,0,0
2018-09-05 04:00:00,7,6,1
2018-09-05 05:00:00,5,2,3
2018-09-05 06:00:00,37,24,13
2018-09-05 07:00:00,78,58,20
2018-09-05 08:00:00,48,46,2
2018-09-05 09:00:00,46,43,3
2018-09-05 10:00:00,22,18,4
2018-09-05 11:00:00,32,22,10
2018-09-05 12:00:00,42,39,3
2018-09-05 13:00:00,34,29,5
2018-09-05 14:00:00,33,33,0
2018-09-05 15:00:00,43,40,3
2018-09-05 16:00:00,73,72,1
2018-09-05 17:00:00,110,106,4
2018-09-05 18:00:00,107,86,21
2018-09-05 19:00:00,50,46,4
2018-09-05 20:00:00,15,13,2
2018-09-05 21:00:00,3,3,0
2018-09-05 22:00:00,1,0,1
2018-09-05 23:00:00,0,0,0
2018-09-06 00:00:00,0,0,0
2018-09-06 01:00:00,0,0,0
2018-09-06 02:00:00,0,0,0
2018-09-06 03:00:00,0,0,0
2018-09-06 04:00:00,4,4,0
2018-09-06 05:00:00,8,7,1
2018-09-06 06:00:00,46,26,20
2018-09-06 07:00:00,84,62,22
2018-09-06 08:00:00,69,65,4
2018-09-06 09:00:00,32,32,0
2018-09-06 10:00:00,53,46,7
2018-09-06 11:00:00,25,21,4
2018-09-06 12:00:00,35,29,6
2018-09-06 13:00:00,35,32,3
2018-09-06 14:00:00,27,26,1
2018-09-06 15:00:00,40,39,1
2018-09-06 16:00:00,77,73,4
2018-09-06 17:00:00,134,127,7
2018-09-06 18:00:00,120,107,13
2018-09-06 19:00:00,51,49,2
2018-09-06 20:00:00,8,7,1
2018-09-06 21:00:00,4,2,2
2018-09-06 22:00:00,3,3,0
2018-09-06 23:00:00,0,0,0
2018-09-07 00:00:00,0,0,0
2018-09-07 01:00:00,0,0,0
2018-09-07 02:00:00,1,0,1
2018-09-07 03:00:00,0,0,0
2018-09-07 04:00:00,3,3,0
2018-09-07 05:00:00,5,2,3
2018-09-07 06:00:00,17,14,3
2018-09-07 07:00:00,60,46,14
2018-09-07 08:00:00,54,46,8
2018-09-07 09:00:00,34,30,4
2018-09-07 10:00:00,24,22,2
2018-09-07 11:00:00,27,20,7
2018-09-07 12:00:00,27,19,8
2018-09-07 13:00:00,22,20,2
2018-09-07 14:00:00,34,31,3
2018-09-07 15:00:00,49,44,5
2018-09-07 16:00:00,60,55,5
2018-09-07 17:00:00,84,79,5
2018-09-07 18:00:00,34,27,7
2018-09-07 19:00:00,22,16,6
2018-09-07 20:00:00,12,10,2
2018-09-07 21:00:00,5,3,2
2018-09-07 22:00:00,0,0,0
2018-09-07 23:00:00,0,0,0
2018-09-08 00:00:00,1,1,0
2018-09-08 01:00:00,0,0,0
2018-09-08 02:00:00,0,0,0
2018-09-08 03:00:00,0,0,0
2018-09-08 04:00:00,2,2,0
2018-09-08 05:00:00,1,0,1
2018-09-08 06:00:00,7,6,1
2018-09-08 07:00:00,17,1,16
2018-09-08 08:00:00,23,19,4
2018-09-08 09:00:00,52,41,11
2018-09-08 10:00:00,55,40,15
2018-09-08 11:00:00,81,68,13
2018-09-08 12:00:00,85,80,5
2018-09-08 13:00:00,50,38,12
2018-09-08 14:00:00,52,44,8
2018-09-08 15:00:00,41,34,7
2018-09-08 16:00:00,31,30,1
2018-09-08 17:00:00,31,28,3
2018-09-08 18:00:00,19,14,5
2018-09-08 19:00:00,14,12,2
2018-09-08 20:00:00,5,5,0
2018-09-08 21:00:00,3,3,0
2018-09-08 22:00:00,2,1,1
2018-09-08 23:00:00,2,2,0
2018-09-09 00:00:00,3,2,1
2018-09-09 01:00:00,0,0,0
2018-09-09 02:00:00,0,0,0
2018-09-09 03:00:00,0,0,0
2018-09-09 04:00:00,0,0,0
2018-09-09 05:00:00,0,0,0
2018-09-09 06:00:00,6,1,5
2018-09-09 07:00:00,14,2,12
2018-09-09 08:00:00,36,24,12
2018-09-09 09:00:00,77,65,12
2018-09-09 10:00:00,105,81,24
2018-09-09 11:00:00,120,108,12
2018-09-09 12:00:00,104,91,13
2018-09-09 13:00:00,64,58,6
2018-09-09 14:00:00,64,58,6
2018-09-09 15:00:00,60,57,3
2018-09-09 16:00:00,74,67,7
2018-09-09 17:00:00,32,27,5
2018-09-09 18:00:00,12,9,3
2018-09-09 19:00:00,4,3,1
2018-09-09 20:00:00,2,2,0
2018-09-09 21:00:00,0,0,0
2018-09-09 22:00:00,1,1,0
2018-09-09 23:00:00,0,0,0
2018-09-10 00:00:00,0,0,0
2018-09-10 01:00:00,0,0,0
2018-09-10 02:00:00,0,0,0
2018-09-10 03:00:00,0,0,0
2018-09-10 04:00:00,5,5,0
2018-09-10 05:00:00,7,5,2
2018-09-10 06:00:00,19,15,4
2018-09-10 07:00:00,51,34,17
2018-09-10 08:00:00,44,35,9
2018-09-10 09:00:00,24,17,7
2018-09-10 10:00:00,12,7,5
2018-09-10 11:00:00,15,13,2
2018-09-10 12:00:00,34,24,10
2018-09-10 13:00:00,81,46,35
2018-09-10 14:00:00,25,20,5
2018-09-10 15:00:00,26,23,3
2018-09-10 16:00:00,41,33,8
2018-09-10 17:00:00,67,50,17
2018-09-10 18:00:00,67,59,8
2018-09-10 19:00:00,24,21,3
2018-09-10 20:00:00,4,2,2
2018-09-10 21:00:00,0,0,0
2018-09-10 22:00:00,1,0,1
2018-09-10 23:00:00,0,0,0
2018-09-11 00:00:00,1,1,0
2018-09-11 01:00:00,0,0,0
2018-09-11 02:00:00,0,0,0
2018-09-11 03:00:00,1,1,0
2018-09-11 04:00:00,5,5,0
2018-09-11 05:00:00,13,9,4
2018-09-11 06:00:00,20,15,5
2018-09-11 07:00:00,53,42,11
2018-09-11 08:00:00,39,31,8
2018-09-11 09:00:00,21,19,2
2018-09-11 10:00:00,21,18,3
2018-09-11 11:00:00,19,13,6
2018-09-11 12:00:00,24,18,6
2018-09-11 13:00:00,8,7,1
2018-09-11 14:00:00,17,15,2
2018-09-11 15:00:00,32,25,7
2018-09-11 16:00:00,36,28,8
2018-09-11 17:00:00,79,60,19
2018-09-11 18:00:00,55,35,20
2018-09-11 19:00:00,43,27,16
2018-09-11 20:00:00,11,10,1
2018-09-11 21:00:00,2,1,1
2018-09-11 22:00:00,1,1,0
2018-09-11 23:00:00,0,0,0
2018-09-12 00:00:00,0,0,0
2018-09-12 01:00:00,0,0,0
2018-09-12 02:00:00,1,0,1
2018-09-12 03:00:00,0,0,0
2018-09-12 04:00:00,5,5,0
2018-09-12 05:00:00,7,6,1
2018-09-12 06:00:00,23,16,7
2018-09-12 07:00:00,50,40,10
2018-09-12 08:00:00,40,29,11
2018-09-12 09:00:00,29,21,8
2018-09-12 10:00:00,20,12,8
2018-09-12 11:00:00,29,21,8
2018-09-12 12:00:00,18,15,3
2018-09-12 13:00:00,21,14,7
2018-09-12 14:00:00,26,22,4
2018-09-12 15:00:00,26,19,7
2018-09-12 16:00:00,36,27,9
2018-09-12 17:00:00,67,49,18
2018-09-12 18:00:00,71,44,27
2018-09-12 19:00:00,24,22,2
2018-09-12 20:00:00,5,3,2
2018-09-12 21:00:00,6,4,2
2018-09-12 22:00:00,0,0,0
2018-09-12 23:00:00,0,0,0
2018-09-13 00:00:00,1,1,0
2018-09-13 01:00:00,0,0,0
2018-09-13 02:00:00,1,0,1
2018-09-13 03:00:00,0,0,0
2018-09-13 04:00:00,4,3,1
2018-09-13 05:00:00,4,2,2
2018-09-13 06:00:00,19,13,6
2018-09-13 07:00:00,51,40,11
2018-09-13 08:00:00,46,37,9
2018-09-13 09:00:00,30,21,9
2018-09-13 10:00:00,21,19,2
2018-09-13 11:00:00,12,11,1
2018-09-13 12:00:00,16,13,3
2018-09-13 13:00:00,11,9,2
2018-09-13 14:00:00,21,19,2
2018-09-13 15:00:00,23,22,1
2018-09-13 16:00:00,35,33,2
2018-09-13 17:00:00,67,50,17
2018-09-13 18:00:00,74,57,17
2018-09-13 19:00:00,27,22,5
2018-09-13 20:00:00,4,3,1
2018-09-13 21:00:00,2,2,0
2018-09-13 22:00:00,2,2,0
2018-09-13 23:00:00,0,0,0
2018-09-14 00:00:00,0,0,0
2018-09-14 01:00:00,0,0,0
2018-09-14 02:00:00,1,0,1
2018-09-14 03:00:00,0,0,0
2018-09-14 04:00:00,3,3,0
2018-09-14 05:00:00,5,3,2
2018-09-14 06:00:00,17,15,2
2018-09-14 07:00:00,25,18,7
2018-09-14 08:00:00,13,11,2
2018-09-14 09:00:00,12,10,2
2018-09-14 10:00:00,3,3,0
2018-09-14 11:00:00,12,10,2
2018-09-14 12:00:00,11,9,2
2018-09-14 13:00:00,25,15,10
2018-09-14 14:00:00,22,14,8
2018-09-14 15:00:00,30,19,11
2018-09-14 16:00:00,51,41,10
2018-09-14 17:00:00,59,44,15
2018-09-14 18:00:00,34,29,5
2018-09-14 19:00:00,10,7,3
2018-09-14 20:00:00,6,6,0
2018-09-14 21:00:00,2,2,0
2018-09-14 22:00:00,1,1,0
2018-09-14 23:00:00,1,1,0
2018-09-15 00:00:00,2,1,1
2018-09-15 01:00:00,0,0,0
2018-09-15 02:00:00,0,0,0
2018-09-15 03:00:00,1,0,1
2018-09-15 04:00:00,0,0,0
2018-09-15 05:00:00,3,1,2
2018-09-15 06:00:00,9,2,7
2018-09-15 07:00:00,20,7,13
2018-09-15 08:00:00,42,29,13
2018-09-15 09:00:00,85,65,20
2018-09-15 10:00:00,75,51,24
2018-09-15 11:00:00,136,110,26
2018-09-15 12:00:00,71,55,16
2018-09-15 13:00:00,82,75,7
2018-09-15 14:00:00,40,34,6
2018-09-15 15:00:00,24,20,4
2018-09-15 16:00:00,18,14,4
2018-09-15 17:00:00,12,10,2
2018-09-15 18:00:00,7,7,0
2018-09-15 19:00:00,2,2,0
2018-09-15 20:00:00,1,1,0
2018-09-15 21:00:00,3,2,1
2018-09-15 22:00:00,1,1,0
2018-09-15 23:00:00,1,0,1
2018-09-16 00:00:00,0,0,0
2018-09-16 01:00:00,0,0,0
2018-09-16 02:00:00,4,2,2
2018-09-16 03:00:00,0,0,0
2018-09-16 04:00:00,0,0,0
2018-09-16 05:00:00,1,0,1
2018-09-16 06:00:00,1,1,0
2018-09-16 07:00:00,2,0,2
2018-09-16 08:00:00,11,8,3
2018-09-16 09:00:00,45,29,16
2018-09-16 10:00:00,24,10,14
2018-09-16 11:00:00,54,35,19
2018-09-16 12:00:00,32,20,12
2018-09-16 13:00:00,37,19,18
2018-09-16 14:00:00,34,26,8
2018-09-16 15:00:00,46,37,9
2018-09-16 16:00:00,39,26,13
2018-09-16 17:00:00,30,21,9
2018-09-16 18:00:00,28,22,6
2018-09-16 19:00:00,7,5,2
2018-09-16 20:00:00,3,2,1
2018-09-16 21:00:00,3,3,0
2018-09-16 22:00:00,1,1,0
2018-09-16 23:00:00,1,1,0
2018-09-17 00:00:00,0,0,0
2018-09-17 01:00:00,0,0,0
2018-09-17 02:00:00,0,0,0
2018-09-17 03:00:00,1,0,1
2018-09-17 04:00:00,5,5,0
2018-09-17 05:00:00,7,7,0
2018-09-17 06:00:00,22,17,5
2018-09-17 07:00:00,80,58,22
2018-09-17 08:00:00,72,66,6
2018-09-17 09:00:00,36,31,5
2018-09-17 10:00:00,18,14,4
2018-09-17 11:00:00,21,15,6
2018-09-17 12:00:00,69,42,27
2018-09-17 13:00:00,28,21,7
2018-09-17 14:00:00,24,17,7
2018-09-17 15:00:00,46,30,16
2018-09-17 16:00:00,90,58,32
2018-09-17 17:00:00,107,68,39
2018-09-17 18:00:00,71,47,24
2018-09-17 19:00:00,22,14,8
2018-09-17 20:00:00,5,2,3
2018-09-17 21:00:00,0,0,0
2018-09-17 22:00:00,0,0,0
2018-09-17 23:00:00,0,0,0
2018-09-18 00:00:00,0,0,0
2018-09-18 01:00:00,1,0,1
2018-09-18 02:00:00,1,0,1
2018-09-18 03:00:00,0,0,0
2018-09-18 04:00:00,4,4,0
2018-09-18 05:00:00,11,9,2
2018-09-18 06:00:00,38,20,18
2018-09-18 07:00:00,72,50,22
2018-09-18 08:00:00,71,57,14
2018-09-18 09:00:00,32,27,5
2018-09-18 10:00:00,24,17,7
2018-09-18 11:00:00,17,14,3
2018-09-18 12:00:00,25,16,9
2018-09-18 13:00:00,35,21,14
2018-09-18 14:00:00,41,24,17
2018-09-18 15:00:00,48,23,25
2018-09-18 16:00:00,62,40,22
2018-09-18 17:00:00,132,80,52
2018-09-18 18:00:00,95,64,31
2018-09-18 19:00:00,60,34,26
2018-09-18 20:00:00,8,7,1
2018-09-18 21:00:00,1,1,0
2018-09-18 22:00:00,1,1,0
2018-09-18 23:00:00,0,0,0
2018-09-19 00:00:00,0,0,0
2018-09-19 01:00:00,0,0,0
2018-09-19 02:00:00,2,1,1
2018-09-19 03:00:00,0,0,0
2018-09-19 04:00:00,4,4,0
2018-09-19 05:00:00,7,7,0
2018-09-19 06:00:00,25,14,11
2018-09-19 07:00:00,59,45,14
2018-09-19 08:00:00,49,45,4
2018-09-19 09:00:00,27,23,4
2018-09-19 10:00:00,14,10,4
2018-09-19 11:00:00,29,22,7
2018-09-19 12:00:00,23,16,7
2018-09-19 13:00:00,40,23,17
2018-09-19 14:00:00,37,29,8
2018-09-19 15:00:00,47,38,9
2018-09-19 16:00:00,71,47,24
2018-09-19 17:00:00,117,83,34
2018-09-19 18:00:00,73,51,22
2018-09-19 19:00:00,19,14,5
2018-09-19 20:00:00,10,7,3
2018-09-19 21:00:00,3,3,0
2018-09-19 22:00:00,1,1,0
2018-09-19 23:00:00,0,0,0
2018-09-20 00:00:00,0,0,0
2018-09-20 01:00:00,0,0,0
2018-09-20 02:00:00,0,0,0
2018-09-20 03:00:00,0,0,0
2018-09-20 04:00:00,1,1,0
2018-09-20 05:00:00,8,6,2
2018-09-20 06:00:00,20,13,7
2018-09-20 07:00:00,53,35,18
2018-09-20 08:00:00,54,38,16
2018-09-20 09:00:00,18,17,1
2018-09-20 10:00:00,16,12,4
2018-09-20 11:00:00,13,11,2
2018-09-20 12:00:00,20,18,2
2018-09-20 13:00:00,18,15,3
2018-09-20 14:00:00,13,13,0
2018-09-20 15:00:00,22,15,7
2018-09-20 16:00:00,57,50,7
2018-09-20 17:00:00,65,54,11
2018-09-20 18:00:00,51,39,12
2018-09-20 19:00:00,13,10,3
2018-09-20 20:00:00,5,5,0
2018-09-20 21:00:00,3,3,0
2018-09-20 22:00:00,1,1,0
2018-09-20 23:00:00,1,0,1
2018-09-21 00:00:00,1,1,0
2018-09-21 01:00:00,0,0,0
2018-09-21 02:00:00,0,0,0
2018-09-21 03:00:00,0,0,0
2018-09-21 04:00:00,5,5,0
2018-09-21 05:00:00,2,2,0
2018-09-21 06:00:00,19,18,1
2018-09-21 07:00:00,54,43,11
2018-09-21 08:00:00,46,40,6
2018-09-21 09:00:00,31,26,5
2018-09-21 10:00:00,18,15,3
2018-09-21 11:00:00,11,10,1
2018-09-21 12:00:00,18,16,2
2018-09-21 13:00:00,25,23,2
2018-09-21 14:00:00,29,26,3
2018-09-21 15:00:00,27,24,3
2018-09-21 16:00:00,57,52,5
2018-09-21 17:00:00,102,91,11
2018-09-21 18:00:00,89,83,6
2018-09-21 19:00:00,16,10,6
2018-09-21 20:00:00,4,2,2
2018-09-21 21:00:00,3,3,0
2018-09-21 22:00:00,0,0,0
2018-09-21 23:00:00,0,0,0
2018-09-22 00:00:00,1,1,0
2018-09-22 01:00:00,0,0,0
2018-09-22 02:00:00,0,0,0
2018-09-22 03:00:00,0,0,0
2018-09-22 04:00:00,0,0,0
2018-09-22 05:00:00,0,0,0
2018-09-22 06:00:00,2,2,0
2018-09-22 07:00:00,15,8,7
2018-09-22 08:00:00,24,20,4
2018-09-22 09:00:00,33,23,10
2018-09-22 10:00:00,64,42,22
2018-09-22 11:00:00,95,90,5
2018-09-22 12:00:00,59,56,3
2018-09-22 13:00:00,43,35,8
2018-09-22 14:00:00,26,24,2
2018-09-22 15:00:00,32,29,3
2018-09-22 16:00:00,23,18,5
2018-09-22 17:00:00,16,14,2
2018-09-22 18:00:00,17,14,3
2018-09-22 19:00:00,5,4,1
2018-09-22 20:00:00,3,3,0
2018-09-22 21:00:00,1,1,0
2018-09-22 22:00:00,0,0,0
2018-09-22 23:00:00,1,1,0
2018-09-23 00:00:00,1,1,0
2018-09-23 01:00:00,0,0,0
2018-09-23 02:00:00,0,0,0
2018-09-23 03:00:00,1,1,0
2018-09-23 04:00:00,0,0,0
2018-09-23 05:00:00,0,0,0
2018-09-23 06:00:00,5,0,5
2018-09-23 07:00:00,10,3,7
2018-09-23 08:00:00,44,23,21
2018-09-23 09:00:00,87,75,12
2018-09-23 10:00:00,127,98,29
2018-09-23 11:00:00,99,72,27
2018-09-23 12:00:00,100,83,17
2018-09-23 13:00:00,83,59,24
2018-09-23 14:00:00,87,59,28
2018-09-23 15:00:00,65,49,16
2018-09-23 16:00:00,67,46,21
2018-09-23 17:00:00,56,40,16
2018-09-23 18:00:00,36,29,7
2018-09-23 19:00:00,7,5,2
2018-09-23 20:00:00,2,2,0
2018-09-23 21:00:00,1,1,0
2018-09-23 22:00:00,0,0,0
2018-09-23 23:00:00,0,0,0
2018-09-24 00:00:00,0,0,0
2018-09-24 01:00:00,1,1,0
2018-09-24 02:00:00,0,0,0
2018-09-24 03:00:00,1,1,0
2018-09-24 04:00:00,3,3,0
2018-09-24 05:00:00,5,3,2
2018-09-24 06:00:00,22,16,6
2018-09-24 07:00:00,61,49,12
2018-09-24 08:00:00,67,63,4
2018-09-24 09:00:00,36,28,8
2018-09-24 10:00:00,26,18,8
2018-09-24 11:00:00,34,23,11
2018-09-24 12:00:00,29,18,11
2018-09-24 13:00:00,26,22,4
2018-09-24 14:00:00,37,27,10
2018-09-24 15:00:00,39,23,16
2018-09-24 16:00:00,64,43,21
2018-09-24 17:00:00,103,71,32
2018-09-24 18:00:00,80,57,23
2018-09-24 19:00:00,30,17,13
2018-09-24 20:00:00,6,2,4
2018-09-24 21:00:00,8,6,2
2018-09-24 22:00:00,1,0,1
2018-09-24 23:00:00,0,0,0
2018-09-25 00:00:00,1,1,0
2018-09-25 01:00:00,1,0,1
2018-09-25 02:00:00,1,1,0
2018-09-25 03:00:00,0,0,0
2018-09-25 04:00:00,7,7,0
2018-09-25 05:00:00,10,7,3
2018-09-25 06:00:00,32,21,11
2018-09-25 07:00:00,77,57,20
2018-09-25 08:00:00,63,58,5
2018-09-25 09:00:00,36,28,8
2018-09-25 10:00:00,7,6,1
2018-09-25 11:00:00,24,14,10
2018-09-25 12:00:00,22,17,5
2018-09-25 13:00:00,16,12,4
2018-09-25 14:00:00,39,30,9
2018-09-25 15:00:00,38,28,10
2018-09-25 16:00:00,61,43,18
2018-09-25 17:00:00,115,74,41
2018-09-25 18:00:00,99,71,28
2018-09-25 19:00:00,33,25,8
2018-09-25 20:00:00,11,8,3
2018-09-25 21:00:00,2,1,1
2018-09-25 22:00:00,4,3,1
2018-09-25 23:00:00,0,0,0
2018-09-26 00:00:00,0,0,0
2018-09-26 01:00:00,0,0,0
2018-09-26 02:00:00,0,0,0
2018-09-26 03:00:00,0,0,0
2018-09-26 04:00:00,6,6,0
2018-09-26 05:00:00,9,7,2
2018-09-26 06:00:00,24,19,5
2018-09-26 07:00:00,60,45,15
2018-09-26 08:00:00,55,46,9
2018-09-26 09:00:00,40,32,8
2018-09-26 10:00:00,25,19,6
2018-09-26 11:00:00,17,13,4
2018-09-26 12:00:00,22,21,1
2018-09-26 13:00:00,21,13,8
2018-09-26 14:00:00,19,8,11
2018-09-26 15:00:00,35,23,12
2018-09-26 16:00:00,71,46,25
2018-09-26 17:00:00,111,65,46
2018-09-26 18:00:00,74,50,24
2018-09-26 19:00:00,25,17,8
2018-09-26 20:00:00,15,15,0
2018-09-26 21:00:00,6,5,1
2018-09-26 22:00:00,3,2,1
2018-09-26 23:00:00,0,0,0
2018-09-27 00:00:00,0,0,0
2018-09-27 01:00:00,1,0,1
2018-09-27 02:00:00,0,0,0
2018-09-27 03:00:00,0,0,0
2018-09-27 04:00:00,6,6,0
2018-09-27 05:00:00,7,6,1
2018-09-27 06:00:00,28,18,10
2018-09-27 07:00:00,76,59,17
2018-09-27 08:00:00,51,47,4
2018-09-27 09:00:00,26,24,2
2018-09-27 10:00:00,21,13,8
2018-09-27 11:00:00,21,13,8
2018-09-27 12:00:00,39,18,21
2018-09-27 13:00:00,24,17,7
2018-09-27 14:00:00,46,37,9
2018-09-27 15:00:00,42,26,16
2018-09-27 16:00:00,68,44,24
2018-09-27 17:00:00,103,82,21
2018-09-27 18:00:00,83,52,31
2018-09-27 19:00:00,29,21,8
2018-09-27 20:00:00,6,5,1
2018-09-27 21:00:00,3,2,1
2018-09-27 22:00:00,0,0,0
2018-09-27 23:00:00,0,0,0
2018-09-28 00:00:00,0,0,0
2018-09-28 01:00:00,0,0,0
2018-09-28 02:00:00,0,0,0
2018-09-28 03:00:00,0,0,0
2018-09-28 04:00:00,4,4,0
2018-09-28 05:00:00,6,5,1
2018-09-28 06:00:00,16,10,6
2018-09-28 07:00:00,62,41,21
2018-09-28 08:00:00,66,62,4
2018-09-28 09:00:00,31,28,3
2018-09-28 10:00:00,15,12,3
2018-09-28 11:00:00,26,17,9
2018-09-28 12:00:00,31,24,7
2018-09-28 13:00:00,40,27,13
2018-09-28 14:00:00,52,43,9
2018-09-28 15:00:00,48,46,2
2018-09-28 16:00:00,76,71,5
2018-09-28 17:00:00,89,69,20
2018-09-28 18:00:00,73,56,17
2018-09-28 19:00:00,13,9,4
2018-09-28 20:00:00,6,2,4
2018-09-28 21:00:00,2,2,0
2018-09-28 22:00:00,1,1,0
2018-09-28 23:00:00,1,1,0
2018-09-29 00:00:00,2,1,1
2018-09-29 01:00:00,0,0,0
2018-09-29 02:00:00,0,0,0
2018-09-29 03:00:00,0,0,0
2018-09-29 04:00:00,0,0,0
2018-09-29 05:00:00,0,0,0
2018-09-29 06:00:00,5,2,3
2018-09-29 07:00:00,35,17,18
2018-09-29 08:00:00,71,44,27
2018-09-29 09:00:00,108,76,32
2018-09-29 10:00:00,99,65,34
2018-09-29 11:00:00,130,113,17
2018-09-29 12:00:00,96,69,27
2018-09-29 13:00:00,80,58,22
2018-09-29 14:00:00,90,76,14
2018-09-29 15:00:00,66,52,14
2018-09-29 16:00:00,55,43,12
2018-09-29 17:00:00,39,33,6
2018-09-29 18:00:00,9,8,1
2018-09-29 19:00:00,14,10,4
2018-09-29 20:00:00,5,4,1
2018-09-29 21:00:00,1,1,0
2018-09-29 22:00:00,0,0,0
2018-09-29 23:00:00,0,0,0
2018-09-30 00:00:00,1,1,0
2018-09-30 01:00:00,0,0,0
2018-09-30 02:00:00,0,0,0
2018-09-30 03:00:00,0,0,0
2018-09-30 04:00:00,0,0,0
2018-09-30 05:00:00,0,0,0
2018-09-30 06:00:00,5,3,2
2018-09-30 07:00:00,17,10,7
2018-09-30 08:00:00,39,22,17
2018-09-30 09:00:00,62,36,26
2018-09-30 10:00:00,58,46,12
2018-09-30 11:00:00,73,50,23
2018-09-30 12:00:00,73,51,22
2018-09-30 13:00:00,42,34,8
2018-09-30 14:00:00,33,25,8
2018-09-30 15:00:00,33,26,7
2018-09-30 16:00:00,22,18,4
2018-09-30 17:00:00,16,15,1
2018-09-30 18:00:00,9,7,2
2018-09-30 19:00:00,2,1,1
2018-09-30 20:00:00,1,1,0
2018-09-30 21:00:00,1,1,0
2018-09-30 22:00:00,0,0,0
2018-09-30 23:00:00,1,1,0
2018-10-01 00:00:00,0,0,0
2018-10-01 01:00:00,0,0,0
2018-10-01 02:00:00,1,0,1
2018-10-01 03:00:00,1,1,0
2018-10-01 04:00:00,2,2,0
2018-10-01 05:00:00,7,7,0
2018-10-01 06:00:00,23,19,4
2018-10-01 07:00:00,48,39,9
2018-10-01 08:00:00,35,32,3
2018-10-01 09:00:00,23,18,5
2018-10-01 10:00:00,11,9,2
2018-10-01 11:00:00,5,4,1
2018-10-01 12:00:00,2,1,1
2018-10-01 13:00:00,8,5,3
2018-10-01 14:00:00,9,7,2
2018-10-01 15:00:00,9,7,2
2018-10-01 16:00:00,26,21,5
2018-10-01 17:00:00,46,41,5
2018-10-01 18:00:00,30,25,5
2018-10-01 19:00:00,11,8,3
2018-10-01 20:00:00,6,6,0
2018-10-01 21:00:00,2,2,0
2018-10-01 22:00:00,3,3,0
2018-10-01 23:00:00,0,0,0
2018-10-02 00:00:00,0,0,0
2018-10-02 01:00:00,1,0,1
2018-10-02 02:00:00,0,0,0
2018-10-02 03:00:00,0,0,0
2018-10-02 04:00:00,4,3,1
2018-10-02 05:00:00,8,7,1
2018-10-02 06:00:00,24,16,8
2018-10-02 07:00:00,59,41,18
2018-10-02 08:00:00,42,30,12
2018-10-02 09:00:00,25,20,5
2018-10-02 10:00:00,18,12,6
2018-10-02 11:00:00,21,11,10
2018-10-02 12:00:00,17,7,10
2018-10-02 13:00:00,15,13,2
2018-10-02 14:00:00,13,7,6
2018-10-02 15:00:00,29,19,10
2018-10-02 16:00:00,44,19,25
2018-10-02 17:00:00,59,33,26
2018-10-02 18:00:00,53,37,16
2018-10-02 19:00:00,13,6,7
2018-10-02 20:00:00,6,3,3
2018-10-02 21:00:00,4,1,3
2018-10-02 22:00:00,1,1,0
2018-10-02 23:00:00,0,0,0
2018-10-03 00:00:00,0,0,0
2018-10-03 01:00:00,0,0,0
2018-10-03 02:00:00,1,1,0
2018-10-03 03:00:00,1,1,0
2018-10-03 04:00:00,2,2,0
2018-10-03 05:00:00,7,7,0
2018-10-03 06:00:00,23,16,7
2018-10-03 07:00:00,54,34,20
2018-10-03 08:00:00,53,32,21
2018-10-03 09:00:00,25,16,9
2018-10-03 10:00:00,20,14,6
2018-10-03 11:00:00,14,9,5
2018-10-03 12:00:00,14,8,6
2018-10-03 13:00:00,21,14,7
2018-10-03 14:00:00,13,8,5
2018-10-03 15:00:00,30,23,7
2018-10-03 16:00:00,52,34,18
2018-10-03 17:00:00,85,55,30
2018-10-03 18:00:00,55,35,20
2018-10-03 19:00:00,24,18,6
2018-10-03 20:00:00,4,3,1
2018-10-03 21:00:00,4,3,1
2018-10-03 22:00:00,3,0,3
2018-10-03 23:00:00,0,0,0
2018-10-04 00:00:00,0,0,0
2018-10-04 01:00:00,1,1,0
2018-10-04 02:00:00,0,0,0
2018-10-04 03:00:00,0,0,0
2018-10-04 04:00:00,3,3,0
2018-10-04 05:00:00,6,6,0
2018-10-04 06:00:00,26,19,7
2018-10-04 07:00:00,56,37,19
2018-10-04 08:00:00,87,79,8
2018-10-04 09:00:00,27,19,8
2018-10-04 10:00:00,21,12,9
2018-10-04 11:00:00,22,18,4
2018-10-04 12:00:00,25,15,10
2018-10-04 13:00:00,26,17,9
2018-10-04 14:00:00,29,16,13
2018-10-04 15:00:00,45,25,20
2018-10-04 16:00:00,63,39,24
2018-10-04 17:00:00,102,52,50
2018-10-04 18:00:00,83,39,44
2018-10-04 19:00:00,18,12,6
2018-10-04 20:00:00,4,2,2
2018-10-04 21:00:00,2,2,0
2018-10-04 22:00:00,1,1,0
2018-10-04 23:00:00,1,1,0
2018-10-05 00:00:00,0,0,0
2018-10-05 01:00:00,0,0,0
2018-10-05 02:00:00,0,0,0
2018-10-05 03:00:00,0,0,0
2018-10-05 04:00:00,3,2,1
2018-10-05 05:00:00,5,4,1
2018-10-05 06:00:00,19,16,3
2018-10-05 07:00:00,39,28,11
2018-10-05 08:00:00,24,17,7
2018-10-05 09:00:00,14,12,2
2018-10-05 10:00:00,5,3,2
2018-10-05 11:00:00,4,4,0
2018-10-05 12:00:00,4,2,2
2018-10-05 13:00:00,3,2,1
2018-10-05 14:00:00,10,8,2
2018-10-05 15:00:00,10,7,3
2018-10-05 16:00:00,26,20,6
2018-10-05 17:00:00,32,25,7
2018-10-05 18:00:00,17,12,5
2018-10-05 19:00:00,4,4,0
2018-10-05 20:00:00,3,3,0
2018-10-05 21:00:00,4,2,2
2018-10-05 22:00:00,0,0,0
2018-10-05 23:00:00,0,0,0
2018-10-06 00:00:00,1,1,0
2018-10-06 01:00:00,0,0,0
2018-10-06 02:00:00,0,0,0
2018-10-06 03:00:00,0,0,0
2018-10-06 04:00:00,0,0,0
2018-10-06 05:00:00,0,0,0
2018-10-06 06:00:00,2,1,1
2018-10-06 07:00:00,19,7,12
2018-10-06 08:00:00,34,23,11
2018-10-06 09:00:00,36,17,19
2018-10-06 10:00:00,71,40,31
2018-10-06 11:00:00,77,57,20
2018-10-06 12:00:00,67,57,10
2018-10-06 13:00:00,50,32,18
2018-10-06 14:00:00,74,42,32
2018-10-06 15:00:00,64,50,14
2018-10-06 16:00:00,45,36,9
2018-10-06 17:00:00,20,14,6
2018-10-06 18:00:00,20,13,7
2018-10-06 19:00:00,7,5,2
2018-10-06 20:00:00,4,4,0
2018-10-06 21:00:00,4,3,1
2018-10-06 22:00:00,3,2,1
2018-10-06 23:00:00,1,1,0
2018-10-07 00:00:00,0,0,0
2018-10-07 01:00:00,1,1,0
2018-10-07 02:00:00,0,0,0
2018-10-07 03:00:00,0,0,0
2018-10-07 04:00:00,0,0,0
2018-10-07 05:00:00,3,1,2
2018-10-07 06:00:00,7,3,4
2018-10-07 07:00:00,5,2,3
2018-10-07 08:00:00,32,16,16
2018-10-07 09:00:00,47,27,20
2018-10-07 10:00:00,47,28,19
2018-10-07 11:00:00,30,27,3
2018-10-07 12:00:00,17,12,5
2018-10-07 13:00:00,14,11,3
2018-10-07 14:00:00,15,11,4
2018-10-07 15:00:00,12,9,3
2018-10-07 16:00:00,19,15,4
2018-10-07 17:00:00,12,6,6
2018-10-07 18:00:00,8,4,4
2018-10-07 19:00:00,4,4,0
2018-10-07 20:00:00,1,1,0
2018-10-07 21:00:00,1,1,0
2018-10-07 22:00:00,0,0,0
2018-10-07 23:00:00,0,0,0
2018-10-08 00:00:00,0,0,0
2018-10-08 01:00:00,0,0,0
2018-10-08 02:00:00,0,0,0
2018-10-08 03:00:00,0,0,0
2018-10-08 04:00:00,1,1,0
2018-10-08 05:00:00,6,6,0
2018-10-08 06:00:00,12,11,1
2018-10-08 07:00:00,32,20,12
2018-10-08 08:00:00,30,24,6
2018-10-08 09:00:00,13,10,3
2018-10-08 10:00:00,9,8,1
2018-10-08 11:00:00,2,2,0
2018-10-08 12:00:00,7,5,2
2018-10-08 13:00:00,4,3,1
2018-10-08 14:00:00,6,6,0
2018-10-08 15:00:00,8,7,1
2018-10-08 16:00:00,14,13,1
2018-10-08 17:00:00,35,30,5
2018-10-08 18:00:00,26,23,3
2018-10-08 19:00:00,11,9,2
2018-10-08 20:00:00,3,3,0
2018-10-08 21:00:00,2,2,0
2018-10-08 22:00:00,1,1,0
2018-10-08 23:00:00,0,0,0
2018-10-09 00:00:00,0,0,0
2018-10-09 01:00:00,0,0,0
2018-10-09 02:00:00,0,0,0
2018-10-09 03:00:00,0,0,0
2018-10-09 04:00:00,2,2,0
2018-10-09 05:00:00,6,6,0
2018-10-09 06:00:00,15,13,2
2018-10-09 07:00:00,51,39,12
2018-10-09 08:00:00,40,34,6
2018-10-09 09:00:00,14,10,4
2018-10-09 10:00:00,10,6,4
2018-10-09 11:00:00,16,13,3
2018-10-09 12:00:00,4,1,3
2018-10-09 13:00:00,4,2,2
2018-10-09 14:00:00,8,5,3
2018-10-09 15:00:00,22,15,7
2018-10-09 16:00:00,37,24,13
2018-10-09 17:00:00,56,26,30
2018-10-09 18:00:00,62,38,24
2018-10-09 19:00:00,19,9,10
2018-10-09 20:00:00,3,3,0
2018-10-09 21:00:00,4,2,2
2018-10-09 22:00:00,1,1,0
2018-10-09 23:00:00,0,0,0
2018-10-10 00:00:00,1,1,0
2018-10-10 01:00:00,0,0,0
2018-10-10 02:00:00,0,0,0
2018-10-10 03:00:00,0,0,0
2018-10-10 04:00:00,5,5,0
2018-10-10 05:00:00,11,10,1
2018-10-10 06:00:00,25,22,3
2018-10-10 07:00:00,63,50,13
2018-10-10 08:00:00,58,53,5
2018-10-10 09:00:00,31,26,5
2018-10-10 10:00:00,21,14,7
2018-10-10 11:00:00,15,6,9
2018-10-10 12:00:00,38,32,6
2018-10-10 13:00:00,25,20,5
2018-10-10 14:00:00,32,16,16
2018-10-10 15:00:00,39,20,19
2018-10-10 16:00:00,80,49,31
2018-10-10 17:00:00,96,47,49
2018-10-10 18:00:00,71,41,30
2018-10-10 19:00:00,17,10,7
2018-10-10 20:00:00,9,6,3
2018-10-10 21:00:00,5,3,2
2018-10-10 22:00:00,1,0,1
2018-10-10 23:00:00,1,1,0
2018-10-11 00:00:00,0,0,0
2018-10-11 01:00:00,0,0,0
2018-10-11 02:00:00,0,0,0
2018-10-11 03:00:00,0,0,0
2018-10-11 04:00:00,6,5,1
2018-10-11 05:00:00,8,7,1
2018-10-11 06:00:00,27,19,8
2018-10-11 07:00:00,60,38,22
2018-10-11 08:00:00,50,35,15
2018-10-11 09:00:00,34,22,12
2018-10-11 10:00:00,16,11,5
2018-10-11 11:00:00,13,8,5
2018-10-11 12:00:00,23,13,10
2018-10-11 13:00:00,33,21,12
2018-10-11 14:00:00,35,25,10
2018-10-11 15:00:00,39,19,20
2018-10-11 16:00:00,81,48,33
2018-10-11 17:00:00,82,46,36
2018-10-11 18:00:00,56,29,27
2018-10-11 19:00:00,21,13,8
2018-10-11 20:00:00,12,8,4
2018-10-11 21:00:00,2,1,1
2018-10-11 22:00:00,1,0,1
2018-10-11 23:00:00,0,0,0
2018-10-12 00:00:00,0,0,0
2018-10-12 01:00:00,1,0,1
2018-10-12 02:00:00,0,0,0
2018-10-12 03:00:00,1,0,1
2018-10-12 04:00:00,4,4,0
2018-10-12 05:00:00,6,4,2
2018-10-12 06:00:00,18,10,8
2018-10-12 07:00:00,49,41,8
2018-10-12 08:00:00,52,41,11
2018-10-12 09:00:00,27,21,6
2018-10-12 10:00:00,21,17,4
2018-10-12 11:00:00,33,20,13
2018-10-12 12:00:00,36,22,14
2018-10-12 13:00:00,41,29,12
2018-10-12 14:00:00,22,7,15
2018-10-12 15:00:00,43,29,14
2018-10-12 16:00:00,74,43,31
2018-10-12 17:00:00,79,49,30
2018-10-12 18:00:00,36,20,16
2018-10-12 19:00:00,6,3,3
2018-10-12 20:00:00,4,3,1
2018-10-12 21:00:00,6,4,2
2018-10-12 22:00:00,0,0,0
2018-10-12 23:00:00,0,0,0
2018-10-13 00:00:00,3,2,1
2018-10-13 01:00:00,0,0,0
2018-10-13 02:00:00,1,1,0
2018-10-13 03:00:00,0,0,0
2018-10-13 04:00:00,0,0,0
2018-10-13 05:00:00,0,0,0
2018-10-13 06:00:00,2,1,1
2018-10-13 07:00:00,14,6,8
2018-10-13 08:00:00,45,25,20
2018-10-13 09:00:00,78,37,41
2018-10-13 10:00:00,58,36,22
2018-10-13 11:00:00,108,76,32
2018-10-13 12:00:00,113,77,36
2018-10-13 13:00:00,101,58,43
2018-10-13 14:00:00,73,49,24
2018-10-13 15:00:00,72,51,21
2018-10-13 16:00:00,57,45,12
2018-10-13 17:00:00,43,35,8
2018-10-13 18:00:00,18,13,5
2018-10-13 19:00:00,2,2,0
2018-10-13 20:00:00,1,1,0
2018-10-13 21:00:00,4,3,1
2018-10-13 22:00:00,0,0,0
2018-10-13 23:00:00,0,0,0
2018-10-14 00:00:00,1,0,1
2018-10-14 01:00:00,0,0,0
2018-10-14 02:00:00,0,0,0
2018-10-14 03:00:00,0,0,0
2018-10-14 04:00:00,0,0,0
2018-10-14 05:00:00,1,0,1
2018-10-14 06:00:00,2,1,1
2018-10-14 07:00:00,21,8,13
2018-10-14 08:00:00,33,16,17
2018-10-14 09:00:00,60,36,24
2018-10-14 10:00:00,70,30,40
2018-10-14 11:00:00,64,40,24
2018-10-14 12:00:00,81,47,34
2018-10-14 13:00:00,95,57,38
2018-10-14 14:00:00,96,53,43
2018-10-14 15:00:00,94,56,38
2018-10-14 16:00:00,73,48,25
2018-10-14 17:00:00,36,23,13
2018-10-14 18:00:00,22,16,6
2018-10-14 19:00:00,2,2,0
2018-10-14 20:00:00,2,2,0
2018-10-14 21:00:00,4,3,1
2018-10-14 22:00:00,2,2,0
2018-10-14 23:00:00,0,0,0
2018-10-15 00:00:00,0,0,0
2018-10-15 01:00:00,0,0,0
2018-10-15 02:00:00,0,0,0
2018-10-15 03:00:00,1,1,0
2018-10-15 04:00:00,1,1,0
2018-10-15 05:00:00,7,6,1
2018-10-15 06:00:00,21,14,7
2018-10-15 07:00:00,59,36,23
2018-10-15 08:00:00,56,43,13
2018-10-15 09:00:00,36,26,10
2018-10-15 10:00:00,14,13,1
2018-10-15 11:00:00,19,12,7
2018-10-15 12:00:00,17,7,10
2018-10-15 13:00:00,24,20,4
2018-10-15 14:00:00,35,19,16
2018-10-15 15:00:00,33,25,8
2018-10-15 16:00:00,75,40,35
2018-10-15 17:00:00,101,58,43
2018-10-15 18:00:00,69,53,16
2018-10-15 19:00:00,16,9,7
2018-10-15 20:00:00,9,7,2
2018-10-15 21:00:00,3,1,2
2018-10-15 22:00:00,2,2,0
2018-10-15 23:00:00,1,0,1
2018-10-16 00:00:00,0,0,0
2018-10-16 01:00:00,1,1,0
2018-10-16 02:00:00,0,0,0
2018-10-16 03:00:00,1,1,0
2018-10-16 04:00:00,4,4,0
2018-10-16 05:00:00,13,10,3
2018-10-16 06:00:00,24,19,5
2018-10-16 07:00:00,68,42,26
2018-10-16 08:00:00,53,42,11
2018-10-16 09:00:00,24,15,9
2018-10-16 10:00:00,18,8,10
2018-10-16 11:00:00,18,9,9
2018-10-16 12:00:00,24,12,12
2018-10-16 13:00:00,36,24,12
2018-10-16 14:00:00,40,27,13
2018-10-16 15:00:00,43,28,15
2018-10-16 16:00:00,75,44,31
2018-10-16 17:00:00,107,70,37
2018-10-16 18:00:00,82,55,27
2018-10-16 19:00:00,20,16,4
2018-10-16 20:00:00,6,1,5
2018-10-16 21:00:00,4,1,3
2018-10-16 22:00:00,0,0,0
2018-10-16 23:00:00,0,0,0
2018-10-17 00:00:00,0,0,0
2018-10-17 01:00:00,0,0,0
2018-10-17 02:00:00,0,0,0
2018-10-17 03:00:00,0,0,0
2018-10-17 04:00:00,6,6,0
2018-10-17 05:00:00,11,10,1
2018-10-17 06:00:00,28,17,11
2018-10-17 07:00:00,65,52,13
2018-10-17 08:00:00,51,38,13
2018-10-17 09:00:00,28,22,6
2018-10-17 10:00:00,16,13,3
2018-10-17 11:00:00,26,6,20
2018-10-17 12:00:00,34,17,17
2018-10-17 13:00:00,34,22,12
2018-10-17 14:00:00,80,25,55
2018-10-17 15:00:00,78,58,20
2018-10-17 16:00:00,77,60,17
2018-10-17 17:00:00,108,79,29
2018-10-17 18:00:00,77,54,23
2018-10-17 19:00:00,14,6,8
2018-10-17 20:00:00,5,2,3
2018-10-17 21:00:00,5,4,1
2018-10-17 22:00:00,1,0,1
2018-10-17 23:00:00,0,0,0
2018-10-18 00:00:00,0,0,0
2018-10-18 01:00:00,0,0,0
2018-10-18 02:00:00,0,0,0
2018-10-18 03:00:00,0,0,0
2018-10-18 04:00:00,4,4,0
2018-10-18 05:00:00,4,4,0
2018-10-18 06:00:00,31,20,11
2018-10-18 07:00:00,57,45,12
2018-10-18 08:00:00,54,32,22
2018-10-18 09:00:00,17,12,5
2018-10-18 10:00:00,18,13,5
2018-10-18 11:00:00,23,10,13
2018-10-18 12:00:00,9,7,2
2018-10-18 13:00:00,18,8,10
2018-10-18 14:00:00,25,13,12
2018-10-18 15:00:00,50,31,19
2018-10-18 16:00:00,66,43,23
2018-10-18 17:00:00,88,45,43
2018-10-18 18:00:00,53,32,21
2018-10-18 19:00:00,18,11,7
2018-10-18 20:00:00,8,4,4
2018-10-18 21:00:00,6,6,0
2018-10-18 22:00:00,0,0,0
2018-10-18 23:00:00,1,1,0
2018-10-19 00:00:00,0,0,0
2018-10-19 01:00:00,0,0,0
2018-10-19 02:00:00,0,0,0
2018-10-19 03:00:00,0,0,0
2018-10-19 04:00:00,6,6,0
2018-10-19 05:00:00,3,3,0
2018-10-19 06:00:00,22,15,7
2018-10-19 07:00:00,57,36,21
2018-10-19 08:00:00,54,42,12
2018-10-19 09:00:00,30,19,11
2018-10-19 10:00:00,21,7,14
2018-10-19 11:00:00,22,16,6
2018-10-19 12:00:00,16,14,2
2018-10-19 13:00:00,37,20,17
2018-10-19 14:00:00,27,14,13
2018-10-19 15:00:00,42,24,18
2018-10-19 16:00:00,66,34,32
2018-10-19 17:00:00,76,51,25
2018-10-19 18:00:00,28,20,8
2018-10-19 19:00:00,7,4,3
2018-10-19 20:00:00,4,2,2
2018-10-19 21:00:00,2,1,1
2018-10-19 22:00:00,0,0,0
2018-10-19 23:00:00,1,1,0
2018-10-20 00:00:00,0,0,0
2018-10-20 01:00:00,0,0,0
2018-10-20 02:00:00,0,0,0
2018-10-20 03:00:00,0,0,0
2018-10-20 04:00:00,2,2,0
2018-10-20 05:00:00,1,1,0
2018-10-20 06:00:00,6,2,4
2018-10-20 07:00:00,17,7,10
2018-10-20 08:00:00,61,30,31
2018-10-20 09:00:00,113,47,66
2018-10-20 10:00:00,72,42,30
2018-10-20 11:00:00,87,70,17
2018-10-20 12:00:00,53,40,13
2018-10-20 13:00:00,62,44,18
2018-10-20 14:00:00,53,38,15
2018-10-20 15:00:00,48,24,24
2018-10-20 16:00:00,43,28,15
2018-10-20 17:00:00,38,25,13
2018-10-20 18:00:00,18,17,1
2018-10-20 19:00:00,5,5,0
2018-10-20 20:00:00,3,1,2
2018-10-20 21:00:00,5,5,0
2018-10-20 22:00:00,0,0,0
2018-10-20 23:00:00,1,1,0
2018-10-21 00:00:00,0,0,0
2018-10-21 01:00:00,1,0,1
2018-10-21 02:00:00,0,0,0
2018-10-21 03:00:00,0,0,0
2018-10-21 04:00:00,0,0,0
2018-10-21 05:00:00,1,0,1
2018-10-21 06:00:00,3,2,1
2018-10-21 07:00:00,14,3,11
2018-10-21 08:00:00,19,7,12
2018-10-21 09:00:00,46,23,23
2018-10-21 10:00:00,55,28,27
2018-10-21 11:00:00,74,54,20
2018-10-21 12:00:00,48,37,11
2018-10-21 13:00:00,56,35,21
2018-10-21 14:00:00,68,40,28
2018-10-21 15:00:00,50,40,10
2018-10-21 16:00:00,44,23,21
2018-10-21 17:00:00,37,31,6
2018-10-21 18:00:00,6,4,2
2018-10-21 19:00:00,6,6,0
2018-10-21 20:00:00,5,5,0
2018-10-21 21:00:00,0,0,0
2018-10-21 22:00:00,0,0,0
2018-10-21 23:00:00,2,1,1
2018-10-22 00:00:00,0,0,0
2018-10-22 01:00:00,1,0,1
2018-10-22 02:00:00,0,0,0
2018-10-22 03:00:00,0,0,0
2018-10-22 04:00:00,6,6,0
2018-10-22 05:00:00,7,7,0
2018-10-22 06:00:00,21,18,3
2018-10-22 07:00:00,63,54,9
2018-10-22 08:00:00,46,39,7
2018-10-22 09:00:00,19,14,5
2018-10-22 10:00:00,8,6,2
2018-10-22 11:00:00,12,7,5
2018-10-22 12:00:00,2,2,0
2018-10-22 13:00:00,12,8,4
2018-10-22 14:00:00,25,14,11
2018-10-22 15:00:00,25,16,9
2018-10-22 16:00:00,52,35,17
2018-10-22 17:00:00,81,57,24
2018-10-22 18:00:00,41,28,13
2018-10-22 19:00:00,6,4,2
2018-10-22 20:00:00,6,2,4
2018-10-22 21:00:00,5,4,1
2018-10-22 22:00:00,4,2,2
2018-10-22 23:00:00,0,0,0
2018-10-23 00:00:00,0,0,0
2018-10-23 01:00:00,0,0,0
2018-10-23 02:00:00,1,1,0
2018-10-23 03:00:00,0,0,0
2018-10-23 04:00:00,5,5,0
2018-10-23 05:00:00,6,5,1
2018-10-23 06:00:00,21,15,6
2018-10-23 07:00:00,41,27,14
2018-10-23 08:00:00,46,40,6
2018-10-23 09:00:00,16,13,3
2018-10-23 10:00:00,8,5,3
2018-10-23 11:00:00,12,7,5
2018-10-23 12:00:00,17,10,7
2018-10-23 13:00:00,9,8,1
2018-10-23 14:00:00,16,10,6
2018-10-23 15:00:00,25,20,5
2018-10-23 16:00:00,50,36,14
2018-10-23 17:00:00,65,43,22
2018-10-23 18:00:00,52,41,11
2018-10-23 19:00:00,6,3,3
2018-10-23 20:00:00,3,0,3
2018-10-23 21:00:00,2,2,0
2018-10-23 22:00:00,1,0,1
2018-10-23 23:00:00,0,0,0
2018-10-24 00:00:00,1,1,0
2018-10-24 01:00:00,0,0,0
2018-10-24 02:00:00,0,0,0
2018-10-24 03:00:00,0,0,0
2018-10-24 04:00:00,5,4,1
2018-10-24 05:00:00,8,7,1
2018-10-24 06:00:00,20,16,4
2018-10-24 07:00:00,52,39,13
2018-10-24 08:00:00,37,31,6
2018-10-24 09:00:00,31,27,4
2018-10-24 10:00:00,11,7,4
2018-10-24 11:00:00,21,13,8
2018-10-24 12:00:00,20,16,4
2018-10-24 13:00:00,25,20,5
2018-10-24 14:00:00,13,6,7
2018-10-24 15:00:00,31,25,6
2018-10-24 16:00:00,49,40,9
2018-10-24 17:00:00,68,49,19
2018-10-24 18:00:00,48,34,14
2018-10-24 19:00:00,14,9,5
2018-10-24 20:00:00,6,4,2
2018-10-24 21:00:00,3,1,2
2018-10-24 22:00:00,2,1,1
2018-10-24 23:00:00,0,0,0
2018-10-25 00:00:00,0,0,0
2018-10-25 01:00:00,1,0,1
2018-10-25 02:00:00,0,0,0
2018-10-25 03:00:00,0,0,0
2018-10-25 04:00:00,2,2,0
2018-10-25 05:00:00,5,5,0
2018-10-25 06:00:00,21,17,4
2018-10-25 07:00:00,77,60,17
2018-10-25 08:00:00,26,23,3
2018-10-25 09:00:00,7,5,2
2018-10-25 10:00:00,8,7,1
2018-10-25 11:00:00,5,5,0
2018-10-25 12:00:00,5,3,2
2018-10-25 13:00:00,3,2,1
2018-10-25 14:00:00,1,0,1
2018-10-25 15:00:00,11,10,1
2018-10-25 16:00:00,26,17,9
2018-10-25 17:00:00,46,35,11
2018-10-25 18:00:00,17,11,6
2018-10-25 19:00:00,9,7,2
2018-10-25 20:00:00,5,5,0
2018-10-25 21:00:00,1,1,0
2018-10-25 22:00:00,1,1,0
2018-10-25 23:00:00,0,0,0
2018-10-26 00:00:00,0,0,0
2018-10-26 01:00:00,0,0,0
2018-10-26 02:00:00,0,0,0
2018-10-26 03:00:00,0,0,0
2018-10-26 04:00:00,2,2,0
2018-10-26 05:00:00,3,3,0
2018-10-26 06:00:00,12,12,0
2018-10-26 07:00:00,23,21,2
2018-10-26 08:00:00,31,30,1
2018-10-26 09:00:00,14,13,1
2018-10-26 10:00:00,8,4,4
2018-10-26 11:00:00,12,8,4
2018-10-26 12:00:00,8,2,6
2018-10-26 13:00:00,14,11,3
2018-10-26 14:00:00,19,12,7
2018-10-26 15:00:00,24,17,7
2018-10-26 16:00:00,37,26,11
2018-10-26 17:00:00,37,25,12
2018-10-26 18:00:00,24,20,4
2018-10-26 19:00:00,9,7,2
2018-10-26 20:00:00,2,2,0
2018-10-26 21:00:00,2,1,1
2018-10-26 22:00:00,1,1,0
2018-10-26 23:00:00,0,0,0
2018-10-27 00:00:00,2,2,0
2018-10-27 01:00:00,0,0,0
2018-10-27 02:00:00,0,0,0
2018-10-27 03:00:00,1,0,1
2018-10-27 04:00:00,0,0,0
2018-10-27 05:00:00,1,1,0
2018-10-27 06:00:00,7,2,5
2018-10-27 07:00:00,11,8,3
2018-10-27 08:00:00,39,25,14
2018-10-27 09:00:00,72,49,23
2018-10-27 10:00:00,111,82,29
2018-10-27 11:00:00,90,70,20
2018-10-27 12:00:00,94,68,26
2018-10-27 13:00:00,103,64,39
2018-10-27 14:00:00,101,77,24
2018-10-27 15:00:00,71,56,15
2018-10-27 16:00:00,32,26,6
2018-10-27 17:00:00,5,5,0
2018-10-27 18:00:00,0,0,0
2018-10-27 19:00:00,1,1,0
2018-10-27 20:00:00,0,0,0
2018-10-27 21:00:00,1,1,0
2018-10-27 22:00:00,0,0,0
2018-10-27 23:00:00,1,1,0
2018-10-28 00:00:00,0,0,0
2018-10-28 01:00:00,0,0,0
2018-10-28 02:00:00,0,0,0
2018-10-28 03:00:00,0,0,0
2018-10-28 04:00:00,0,0,0
2018-10-28 05:00:00,1,1,0
2018-10-28 06:00:00,0,0,0
2018-10-28 07:00:00,2,2,0
2018-10-28 08:00:00,11,6,5
2018-10-28 09:00:00,21,14,7
2018-10-28 10:00:00,18,12,6
2018-10-28 11:00:00,27,19,8
2018-10-28 12:00:00,12,11,1
2018-10-28 13:00:00,24,12,12
2018-10-28 14:00:00,25,16,9
2018-10-28 15:00:00,17,16,1
2018-10-28 16:00:00,7,6,1
2018-10-28 17:00:00,4,4,0
2018-10-28 18:00:00,2,2,0
2018-10-28 19:00:00,0,0,0
2018-10-28 20:00:00,0,0,0
2018-10-28 21:00:00,1,1,0
2018-10-28 22:00:00,0,0,0
2018-10-28 23:00:00,0,0,0
2018-10-29 00:00:00,2,1,1
2018-10-29 01:00:00,0,0,0
2018-10-29 02:00:00,0,0,0
2018-10-29 03:00:00,0,0,0
2018-10-29 04:00:00,1,1,0
2018-10-29 05:00:00,7,7,0
2018-10-29 06:00:00,17,12,5
2018-10-29 07:00:00,40,31,9
2018-10-29 08:00:00,28,21,7
2018-10-29 09:00:00,25,15,10
2018-10-29 10:00:00,20,9,11
2018-10-29 11:00:00,12,8,4
2018-10-29 12:00:00,7,6,1
2018-10-29 13:00:00,9,6,3
2018-10-29 14:00:00,4,3,1
2018-10-29 15:00:00,16,11,5
2018-10-29 16:00:00,39,30,9
2018-10-29 17:00:00,50,22,28
2018-10-29 18:00:00,34,19,15
2018-10-29 19:00:00,14,8,6
2018-10-29 20:00:00,3,1,2
2018-10-29 21:00:00,3,3,0
2018-10-29 22:00:00,1,1,0
2018-10-29 23:00:00,0,0,0
2018-10-30 00:00:00,0,0,0
2018-10-30 01:00:00,1,1,0
2018-10-30 02:00:00,0,0,0
2018-10-30 03:00:00,0,0,0
2018-10-30 04:00:00,3,3,0
2018-10-30 05:00:00,7,6,1
2018-10-30 06:00:00,33,27,6
2018-10-30 07:00:00,50,36,14
2018-10-30 08:00:00,47,35,12
2018-10-30 09:00:00,15,15,0
2018-10-30 10:00:00,12,6,6
2018-10-30 11:00:00,17,13,4
2018-10-30 12:00:00,13,8,5
2018-10-30 13:00:00,20,16,4
2018-10-30 14:00:00,22,14,8
2018-10-30 15:00:00,36,21,15
2018-10-30 16:00:00,56,41,15
2018-10-30 17:00:00,78,58,20
2018-10-30 18:00:00,38,23,15
2018-10-30 19:00:00,15,10,5
2018-10-30 20:00:00,6,4,2
2018-10-30 21:00:00,1,0,1
2018-10-30 22:00:00,3,1,2
2018-10-30 23:00:00,0,0,0
2018-10-31 00:00:00,3,2,1
2018-10-31 01:00:00,0,0,0
2018-10-31 02:00:00,0,0,0
2018-10-31 03:00:00,0,0,0
2018-10-31 04:00:00,3,3,0
2018-10-31 05:00:00,5,5,0
2018-10-31 06:00:00,13,9,4
2018-10-31 07:00:00,36,23,13
2018-10-31 08:00:00,36,25,11
2018-10-31 09:00:00,18,9,9
2018-10-31 10:00:00,7,6,1
2018-10-31 11:00:00,7,5,2
2018-10-31 12:00:00,5,3,2
2018-10-31 13:00:00,5,2,3
2018-10-31 14:00:00,10,7,3
2018-10-31 15:00:00,23,17,6
2018-10-31 16:00:00,35,24,11
2018-10-31 17:00:00,36,28,8
2018-10-31 18:00:00,17,14,3
2018-10-31 19:00:00,7,5,2
2018-10-31 20:00:00,7,6,1
2018-10-31 21:00:00,3,2,1
2018-10-31 22:00:00,1,1,0
2018-10-31 23:00:00,0,0,0
2018-11-01 00:00:00,0,0,0
2018-11-01 01:00:00,0,0,0
2018-11-01 02:00:00,0,0,0
2018-11-01 03:00:00,1,1,0
2018-11-01 04:00:00,3,2,1
2018-11-01 05:00:00,7,7,0
2018-11-01 06:00:00,21,20,1
2018-11-01 07:00:00,37,33,4
2018-11-01 08:00:00,31,24,7
2018-11-01 09:00:00,24,17,7
2018-11-01 10:00:00,8,5,3
2018-11-01 11:00:00,11,7,4
2018-11-01 12:00:00,7,4,3
2018-11-01 13:00:00,12,8,4
2018-11-01 14:00:00,11,8,3
2018-11-01 15:00:00,22,16,6
2018-11-01 16:00:00,29,23,6
2018-11-01 17:00:00,54,46,8
2018-11-01 18:00:00,36,27,9
2018-11-01 19:00:00,13,8,5
2018-11-01 20:00:00,7,6,1
2018-11-01 21:00:00,1,1,0
2018-11-01 22:00:00,2,2,0
2018-11-01 23:00:00,0,0,0
2018-11-02 00:00:00,0,0,0
2018-11-02 01:00:00,0,0,0
2018-11-02 02:00:00,0,0,0
2018-11-02 03:00:00,0,0,0
2018-11-02 04:00:00,1,1,0
2018-11-02 05:00:00,3,3,0
2018-11-02 06:00:00,7,4,3
2018-11-02 07:00:00,26,24,2
2018-11-02 08:00:00,28,22,6
2018-11-02 09:00:00,18,11,7
2018-11-02 10:00:00,7,4,3
2018-11-02 11:00:00,11,7,4
2018-11-02 12:00:00,14,10,4
2018-11-02 13:00:00,7,4,3
2018-11-02 14:00:00,13,9,4
2018-11-02 15:00:00,26,17,9
2018-11-02 16:00:00,46,30,16
2018-11-02 17:00:00,37,21,16
2018-11-02 18:00:00,21,17,4
2018-11-02 19:00:00,4,3,1
2018-11-02 20:00:00,6,4,2
2018-11-02 21:00:00,2,2,0
2018-11-02 22:00:00,0,0,0
2018-11-02 23:00:00,0,0,0
2018-11-03 00:00:00,0,0,0
2018-11-03 01:00:00,0,0,0
2018-11-03 02:00:00,0,0,0
2018-11-03 03:00:00,0,0,0
2018-11-03 04:00:00,1,1,0
2018-11-03 05:00:00,0,0,0
2018-11-03 06:00:00,1,1,0
2018-11-03 07:00:00,5,3,2
2018-11-03 08:00:00,33,24,9
2018-11-03 09:00:00,22,15,7
2018-11-03 10:00:00,34,29,5
2018-11-03 11:00:00,53,44,9
2018-11-03 12:00:00,45,42,3
2018-11-03 13:00:00,18,15,3
2018-11-03 14:00:00,6,5,1
2018-11-03 15:00:00,4,3,1
2018-11-03 16:00:00,3,2,1
2018-11-03 17:00:00,5,2,3
2018-11-03 18:00:00,2,1,1
2018-11-03 19:00:00,2,1,1
2018-11-03 20:00:00,0,0,0
2018-11-03 21:00:00,1,0,1
2018-11-03 22:00:00,0,0,0
2018-11-03 23:00:00,1,1,0
2018-11-04 00:00:00,0,0,0
2018-11-04 01:00:00,0,0,0
2018-11-04 02:00:00,0,0,0
2018-11-04 03:00:00,0,0,0
2018-11-04 04:00:00,0,0,0
2018-11-04 05:00:00,1,0,1
2018-11-04 06:00:00,2,0,2
2018-11-04 07:00:00,8,6,2
2018-11-04 08:00:00,30,15,15
2018-11-04 09:00:00,53,34,19
2018-11-04 10:00:00,30,20,10
2018-11-04 11:00:00,80,70,10
2018-11-04 12:00:00,50,34,16
2018-11-04 13:00:00,69,56,13
2018-11-04 14:00:00,47,32,15
2018-11-04 15:00:00,41,29,12
2018-11-04 16:00:00,37,23,14
2018-11-04 17:00:00,8,8,0
2018-11-04 18:00:00,5,3,2
2018-11-04 19:00:00,1,1,0
2018-11-04 20:00:00,0,0,0
2018-11-04 21:00:00,2,2,0
2018-11-04 22:00:00,0,0,0
2018-11-04 23:00:00,0,0,0
2018-11-05 00:00:00,0,0,0
2018-11-05 01:00:00,0,0,0
2018-11-05 02:00:00,0,0,0
2018-11-05 03:00:00,1,1,0
2018-11-05 04:00:00,0,0,0
2018-11-05 05:00:00,3,2,1
2018-11-05 06:00:00,21,14,7
2018-11-05 07:00:00,49,37,12
2018-11-05 08:00:00,35,27,8
2018-11-05 09:00:00,23,17,6
2018-11-05 10:00:00,6,6,0
2018-11-05 11:00:00,15,10,5
2018-11-05 12:00:00,9,5,4
2018-11-05 13:00:00,14,7,7
2018-11-05 14:00:00,6,4,2
2018-11-05 15:00:00,16,8,8
2018-11-05 16:00:00,32,16,16
2018-11-05 17:00:00,39,20,19
2018-11-05 18:00:00,27,18,9
2018-11-05 19:00:00,20,9,11
2018-11-05 20:00:00,3,1,2
2018-11-05 21:00:00,4,3,1
2018-11-05 22:00:00,0,0,0
2018-11-05 23:00:00,0,0,0
2018-11-06 00:00:00,0,0,0
2018-11-06 01:00:00,1,0,1
2018-11-06 02:00:00,1,1,0
2018-11-06 03:00:00,0,0,0
2018-11-06 04:00:00,5,5,0
2018-11-06 05:00:00,8,5,3
2018-11-06 06:00:00,25,23,2
2018-11-06 07:00:00,47,30,17
2018-11-06 08:00:00,43,29,14
2018-11-06 09:00:00,16,8,8
2018-11-06 10:00:00,20,12,8
2018-11-06 11:00:00,12,11,1
2018-11-06 12:00:00,14,6,8
2018-11-06 13:00:00,24,18,6
2018-11-06 14:00:00,19,12,7
2018-11-06 15:00:00,27,18,9
2018-11-06 16:00:00,39,22,17
2018-11-06 17:00:00,59,32,27
2018-11-06 18:00:00,26,16,10
2018-11-06 19:00:00,14,8,6
2018-11-06 20:00:00,5,2,3
2018-11-06 21:00:00,5,0,5
2018-11-06 22:00:00,3,1,2
2018-11-06 23:00:00,0,0,0
2018-11-07 00:00:00,0,0,0
2018-11-07 01:00:00,0,0,0
2018-11-07 02:00:00,1,0,1
2018-11-07 03:00:00,0,0,0
2018-11-07 04:00:00,3,3,0
2018-11-07 05:00:00,9,6,3
2018-11-07 06:00:00,23,19,4
2018-11-07 07:00:00,46,30,16
2018-11-07 08:00:00,36,29,7
2018-11-07 09:00:00,24,10,14
2018-11-07 10:00:00,19,12,7
2018-11-07 11:00:00,11,8,3
2018-11-07 12:00:00,25,16,9
2018-11-07 13:00:00,28,19,9
2018-11-07 14:00:00,34,14,20
2018-11-07 15:00:00,27,14,13
2018-11-07 16:00:00,65,30,35
2018-11-07 17:00:00,61,26,35
2018-11-07 18:00:00,27,18,9
2018-11-07 19:00:00,22,10,12
2018-11-07 20:00:00,8,7,1
2018-11-07 21:00:00,4,4,0
2018-11-07 22:00:00,3,2,1
2018-11-07 23:00:00,0,0,0
2018-11-08 00:00:00,1,0,1
2018-11-08 01:00:00,0,0,0
2018-11-08 02:00:00,0,0,0
2018-11-08 03:00:00,0,0,0
2018-11-08 04:00:00,2,2,0
2018-11-08 05:00:00,5,3,2
2018-11-08 06:00:00,22,17,5
2018-11-08 07:00:00,44,31,13
2018-11-08 08:00:00,39,30,9
2018-11-08 09:00:00,17,15,2
2018-11-08 10:00:00,11,9,2
2018-11-08 11:00:00,12,9,3
2018-11-08 12:00:00,22,16,6
2018-11-08 13:00:00,17,8,9
2018-11-08 14:00:00,23,10,13
2018-11-08 15:00:00,34,23,11
2018-11-08 16:00:00,48,24,24
2018-11-08 17:00:00,42,16,26
2018-11-08 18:00:00,26,13,13
2018-11-08 19:00:00,12,8,4
2018-11-08 20:00:00,6,3,3
2018-11-08 21:00:00,4,4,0
2018-11-08 22:00:00,1,1,0
2018-11-08 23:00:00,1,0,1
2018-11-09 00:00:00,1,1,0
2018-11-09 01:00:00,0,0,0
2018-11-09 02:00:00,0,0,0
2018-11-09 03:00:00,0,0,0
2018-11-09 04:00:00,2,2,0
2018-11-09 05:00:00,2,1,1
2018-11-09 06:00:00,13,12,1
2018-11-09 07:00:00,34,25,9
2018-11-09 08:00:00,35,29,6
2018-11-09 09:00:00,15,12,3
2018-11-09 10:00:00,12,8,4
2018-11-09 11:00:00,6,4,2
2018-11-09 12:00:00,4,2,2
2018-11-09 13:00:00,5,4,1
2018-11-09 14:00:00,10,4,6
2018-11-09 15:00:00,29,11,18
2018-11-09 16:00:00,27,15,12
2018-11-09 17:00:00,30,16,14
2018-11-09 18:00:00,22,16,6
2018-11-09 19:00:00,5,2,3
2018-11-09 20:00:00,3,3,0
2018-11-09 21:00:00,2,1,1
2018-11-09 22:00:00,2,1,1
2018-11-09 23:00:00,0,0,0
2018-11-10 00:00:00,2,2,0
2018-11-10 01:00:00,0,0,0
2018-11-10 02:00:00,0,0,0
2018-11-10 03:00:00,0,0,0
2018-11-10 04:00:00,0,0,0
2018-11-10 05:00:00,0,0,0
2018-11-10 06:00:00,1,1,0
2018-11-10 07:00:00,4,2,2
2018-11-10 08:00:00,42,22,20
2018-11-10 09:00:00,76,30,46
2018-11-10 10:00:00,57,39,18
2018-11-10 11:00:00,76,54,22
2018-11-10 12:00:00,66,45,21
2018-11-10 13:00:00,75,38,37
2018-11-10 14:00:00,88,63,25
2018-11-10 15:00:00,49,37,12
2018-11-10 16:00:00,40,27,13
2018-11-10 17:00:00,7,5,2
2018-11-10 18:00:00,4,1,3
2018-11-10 19:00:00,1,1,0
2018-11-10 20:00:00,1,0,1
2018-11-10 21:00:00,1,1,0
2018-11-10 22:00:00,0,0,0
2018-11-10 23:00:00,2,2,0
2018-11-11 00:00:00,0,0,0
2018-11-11 01:00:00,0,0,0
2018-11-11 02:00:00,0,0,0
2018-11-11 03:00:00,0,0,0
2018-11-11 04:00:00,0,0,0
2018-11-11 05:00:00,1,0,1
2018-11-11 06:00:00,4,4,0
2018-11-11 07:00:00,7,3,4
2018-11-11 08:00:00,15,9,6
2018-11-11 09:00:00,55,31,24
2018-11-11 10:00:00,60,43,17
2018-11-11 11:00:00,51,38,13
2018-11-11 12:00:00,56,34,22
2018-11-11 13:00:00,60,37,23
2018-11-11 14:00:00,70,52,18
2018-11-11 15:00:00,48,44,4
2018-11-11 16:00:00,27,23,4
2018-11-11 17:00:00,5,2,3
2018-11-11 18:00:00,4,4,0
2018-11-11 19:00:00,1,1,0
2018-11-11 20:00:00,0,0,0
2018-11-11 21:00:00,1,1,0
2018-11-11 22:00:00,0,0,0
2018-11-11 23:00:00,0,0,0
2018-11-12 00:00:00,0,0,0
2018-11-12 01:00:00,0,0,0
2018-11-12 02:00:00,0,0,0
2018-11-12 03:00:00,1,1,0
2018-11-12 04:00:00,0,0,0
2018-11-12 05:00:00,4,3,1
2018-11-12 06:00:00,10,9,1
2018-11-12 07:00:00,33,26,7
2018-11-12 08:00:00,28,22,6
2018-11-12 09:00:00,19,14,5
2018-11-12 10:00:00,22,13,9
2018-11-12 11:00:00,19,9,10
2018-11-12 12:00:00,35,23,12
2018-11-12 13:00:00,41,26,15
2018-11-12 14:00:00,30,20,10
2018-11-12 15:00:00,44,25,19
2018-11-12 16:00:00,32,23,9
2018-11-12 17:00:00,42,30,12
2018-11-12 18:00:00,21,15,6
2018-11-12 19:00:00,11,7,4
2018-11-12 20:00:00,1,1,0
2018-11-12 21:00:00,3,2,1
2018-11-12 22:00:00,1,0,1
2018-11-12 23:00:00,0,0,0
2018-11-13 00:00:00,1,0,1
2018-11-13 01:00:00,0,0,0
2018-11-13 02:00:00,0,0,0
2018-11-13 03:00:00,0,0,0
2018-11-13 04:00:00,4,4,0
2018-11-13 05:00:00,6,5,1
2018-11-13 06:00:00,30,19,11
2018-11-13 07:00:00,56,44,12
2018-11-13 08:00:00,41,33,8
2018-11-13 09:00:00,18,13,5
2018-11-13 10:00:00,12,12,0
2018-11-13 11:00:00,15,14,1
2018-11-13 12:00:00,17,13,4
2018-11-13 13:00:00,13,10,3
2018-11-13 14:00:00,16,10,6
2018-11-13 15:00:00,28,23,5
2018-11-13 16:00:00,44,29,15
2018-11-13 17:00:00,50,32,18
2018-11-13 18:00:00,35,30,5
2018-11-13 19:00:00,14,11,3
2018-11-13 20:00:00,12,11,1
2018-11-13 21:00:00,3,3,0
2018-11-13 22:00:00,2,1,1
2018-11-13 23:00:00,1,0,1
2018-11-14 00:00:00,0,0,0
2018-11-14 01:00:00,0,0,0
2018-11-14 02:00:00,0,0,0
2018-11-14 03:00:00,2,0,2
2018-11-14 04:00:00,5,4,1
2018-11-14 05:00:00,4,4,0
2018-11-14 06:00:00,15,9,6
2018-11-14 07:00:00,29,20,9
2018-11-14 08:00:00,29,26,3
2018-11-14 09:00:00,11,10,1
2018-11-14 10:00:00,5,1,4
2018-11-14 11:00:00,6,5,1
2018-11-14 12:00:00,9,8,1
2018-11-14 13:00:00,7,5,2
2018-11-14 14:00:00,4,4,0
2018-11-14 15:00:00,14,10,4
2018-11-14 16:00:00,29,19,10
2018-11-14 17:00:00,34,24,10
2018-11-14 18:00:00,22,18,4
2018-11-14 19:00:00,7,7,0
2018-11-14 20:00:00,3,2,1
2018-11-14 21:00:00,3,3,0
2018-11-14 22:00:00,2,2,0
2018-11-14 23:00:00,0,0,0
2018-11-15 00:00:00,0,0,0
2018-11-15 01:00:00,0,0,0
2018-11-15 02:00:00,0,0,0
2018-11-15 03:00:00,0,0,0
2018-11-15 04:00:00,2,2,0
2018-11-15 05:00:00,4,2,2
2018-11-15 06:00:00,26,20,6
2018-11-15 07:00:00,54,36,18
2018-11-15 08:00:00,36,27,9
2018-11-15 09:00:00,19,15,4
2018-11-15 10:00:00,18,11,7
2018-11-15 11:00:00,23,13,10
2018-11-15 12:00:00,24,21,3
2018-11-15 13:00:00,11,5,6
2018-11-15 14:00:00,23,19,4
2018-11-15 15:00:00,26,20,6
2018-11-15 16:00:00,47,27,20
2018-11-15 17:00:00,51,32,19
2018-11-15 18:00:00,33,26,7
2018-11-15 19:00:00,16,12,4
2018-11-15 20:00:00,8,6,2
2018-11-15 21:00:00,2,2,0
2018-11-15 22:00:00,0,0,0
2018-11-15 23:00:00,0,0,0
2018-11-16 00:00:00,0,0,0
2018-11-16 01:00:00,0,0,0
2018-11-16 02:00:00,0,0,0
2018-11-16 03:00:00,0,0,0
2018-11-16 04:00:00,2,2,0
2018-11-16 05:00:00,5,3,2
2018-11-16 06:00:00,20,16,4
2018-11-16 07:00:00,45,34,11
2018-11-16 08:00:00,35,26,9
2018-11-16 09:00:00,26,23,3
2018-11-16 10:00:00,9,6,3
2018-11-16 11:00:00,8,6,2
2018-11-16 12:00:00,12,7,5
2018-11-16 13:00:00,16,12,4
2018-11-16 14:00:00,9,7,2
2018-11-16 15:00:00,28,23,5
2018-11-16 16:00:00,40,27,13
2018-11-16 17:00:00,50,31,19
2018-11-16 18:00:00,17,9,8
2018-11-16 19:00:00,4,4,0
2018-11-16 20:00:00,6,5,1
2018-11-16 21:00:00,4,3,1
2018-11-16 22:00:00,2,0,2
2018-11-16 23:00:00,1,0,1
2018-11-17 00:00:00,0,0,0
2018-11-17 01:00:00,1,0,1
2018-11-17 02:00:00,0,0,0
2018-11-17 03:00:00,0,0,0
2018-11-17 04:00:00,1,1,0
2018-11-17 05:00:00,0,0,0
2018-11-17 06:00:00,1,1,0
2018-11-17 07:00:00,6,2,4
2018-11-17 08:00:00,29,21,8
2018-11-17 09:00:00,84,30,54
2018-11-17 10:00:00,83,62,21
2018-11-17 11:00:00,82,41,41
2018-11-17 12:00:00,96,63,33
2018-11-17 13:00:00,86,57,29
2018-11-17 14:00:00,98,60,38
2018-11-17 15:00:00,73,62,11
2018-11-17 16:00:00,36,28,8
2018-11-17 17:00:00,8,5,3
2018-11-17 18:00:00,5,5,0
2018-11-17 19:00:00,2,2,0
2018-11-17 20:00:00,1,1,0
2018-11-17 21:00:00,1,1,0
2018-11-17 22:00:00,0,0,0
2018-11-17 23:00:00,0,0,0
2018-11-18 00:00:00,0,0,0
2018-11-18 01:00:00,0,0,0
2018-11-18 02:00:00,0,0,0
2018-11-18 03:00:00,0,0,0
2018-11-18 04:00:00,0,0,0
2018-11-18 05:00:00,1,1,0
2018-11-18 06:00:00,1,1,0
2018-11-18 07:00:00,15,2,13
2018-11-18 08:00:00,26,16,10
2018-11-18 09:00:00,37,16,21
2018-11-18 10:00:00,73,34,39
2018-11-18 11:00:00,81,54,27
2018-11-18 12:00:00,102,68,34
2018-11-18 13:00:00,73,41,32
2018-11-18 14:00:00,105,66,39
2018-11-18 15:00:00,72,51,21
2018-11-18 16:00:00,42,38,4
2018-11-18 17:00:00,8,6,2
2018-11-18 18:00:00,2,1,1
2018-11-18 19:00:00,1,0,1
2018-11-18 20:00:00,1,1,0
2018-11-18 21:00:00,1,1,0
2018-11-18 22:00:00,1,0,1
2018-11-18 23:00:00,2,2,0
2018-11-19 00:00:00,0,0,0
2018-11-19 01:00:00,0,0,0
2018-11-19 02:00:00,0,0,0
2018-11-19 03:00:00,0,0,0
2018-11-19 04:00:00,2,2,0
2018-11-19 05:00:00,7,6,1
2018-11-19 06:00:00,22,12,10
2018-11-19 07:00:00,39,28,11
2018-11-19 08:00:00,45,29,16
2018-11-19 09:00:00,20,15,5
2018-11-19 10:00:00,14,11,3
2018-11-19 11:00:00,20,12,8
2018-11-19 12:00:00,20,8,12
2018-11-19 13:00:00,29,17,12
2018-11-19 14:00:00,29,14,15
2018-11-19 15:00:00,27,24,3
2018-11-19 16:00:00,47,25,22
2018-11-19 17:00:00,48,33,15
2018-11-19 18:00:00,35,19,16
2018-11-19 19:00:00,7,3,4
2018-11-19 20:00:00,5,4,1
2018-11-19 21:00:00,1,1,0
2018-11-19 22:00:00,1,1,0
2018-11-19 23:00:00,0,0,0
2018-11-20 00:00:00,0,0,0
2018-11-20 01:00:00,0,0,0
2018-11-20 02:00:00,0,0,0
2018-11-20 03:00:00,0,0,0
2018-11-20 04:00:00,3,3,0
2018-11-20 05:00:00,3,3,0
2018-11-20 06:00:00,24,17,7
2018-11-20 07:00:00,27,20,7
2018-11-20 08:00:00,33,23,10
2018-11-20 09:00:00,9,6,3
2018-11-20 10:00:00,11,10,1
2018-11-20 11:00:00,15,8,7
2018-11-20 12:00:00,12,5,7
2018-11-20 13:00:00,22,15,7
2018-11-20 14:00:00,23,12,11
2018-11-20 15:00:00,36,20,16
2018-11-20 16:00:00,38,27,11
2018-11-20 17:00:00,46,27,19
2018-11-20 18:00:00,17,9,8
2018-11-20 19:00:00,13,6,7
2018-11-20 20:00:00,4,4,0
2018-11-20 21:00:00,2,1,1
2018-11-20 22:00:00,0,0,0
2018-11-20 23:00:00,1,1,0
2018-11-21 00:00:00,1,1,0
2018-11-21 01:00:00,0,0,0
2018-11-21 02:00:00,0,0,0
2018-11-21 03:00:00,0,0,0
2018-11-21 04:00:00,1,1,0
2018-11-21 05:00:00,2,2,0
2018-11-21 06:00:00,8,7,1
2018-11-21 07:00:00,17,9,8
2018-11-21 08:00:00,20,15,5
2018-11-21 09:00:00,8,5,3
2018-11-21 10:00:00,7,2,5
2018-11-21 11:00:00,7,6,1
2018-11-21 12:00:00,4,3,1
2018-11-21 13:00:00,6,3,3
2018-11-21 14:00:00,12,12,0
2018-11-21 15:00:00,14,10,4
2018-11-21 16:00:00,20,15,5
2018-11-21 17:00:00,12,8,4
2018-11-21 18:00:00,9,8,1
2018-11-21 19:00:00,5,5,0
2018-11-21 20:00:00,3,3,0
2018-11-21 21:00:00,1,1,0
2018-11-21 22:00:00,0,0,0
2018-11-21 23:00:00,0,0,0
2018-11-22 00:00:00,0,0,0
2018-11-22 01:00:00,0,0,0
2018-11-22 02:00:00,1,0,1
2018-11-22 03:00:00,0,0,0
2018-11-22 04:00:00,0,0,0
2018-11-22 05:00:00,0,0,0
2018-11-22 06:00:00,3,3,0
2018-11-22 07:00:00,2,1,1
2018-11-22 08:00:00,30,26,4
2018-11-22 09:00:00,20,14,6
2018-11-22 10:00:00,63,58,5
2018-11-22 11:00:00,47,36,11
2018-11-22 12:00:00,16,12,4
2018-11-22 13:00:00,17,10,7
2018-11-22 14:00:00,4,3,1
2018-11-22 15:00:00,1,1,0
2018-11-22 16:00:00,2,2,0
2018-11-22 17:00:00,0,0,0
2018-11-22 18:00:00,0,0,0
2018-11-22 19:00:00,1,1,0
2018-11-22 20:00:00,2,2,0
2018-11-22 21:00:00,0,0,0
2018-11-22 22:00:00,0,0,0
2018-11-22 23:00:00,0,0,0
2018-11-23 00:00:00,0,0,0
2018-11-23 01:00:00,1,1,0
2018-11-23 02:00:00,0,0,0
2018-11-23 03:00:00,0,0,0
2018-11-23 04:00:00,0,0,0
2018-11-23 05:00:00,0,0,0
2018-11-23 06:00:00,0,0,0
2018-11-23 07:00:00,0,0,0
2018-11-23 08:00:00,2,2,0
2018-11-23 09:00:00,20,7,13
2018-11-23 10:00:00,31,26,5
2018-11-23 11:00:00,10,9,1
2018-11-23 12:00:00,11,6,5
2018-11-23 13:00:00,15,11,4
2018-11-23 14:00:00,12,7,5
2018-11-23 15:00:00,13,13,0
2018-11-23 16:00:00,4,3,1
2018-11-23 17:00:00,0,0,0
2018-11-23 18:00:00,1,1,0
2018-11-23 19:00:00,0,0,0
2018-11-23 20:00:00,1,1,0
2018-11-23 21:00:00,1,1,0
2018-11-23 22:00:00,0,0,0
2018-11-23 23:00:00,0,0,0
2018-11-24 00:00:00,1,1,0
2018-11-24 01:00:00,0,0,0
2018-11-24 02:00:00,0,0,0
2018-11-24 03:00:00,0,0,0
2018-11-24 04:00:00,1,1,0
2018-11-24 05:00:00,3,1,2
2018-11-24 06:00:00,4,0,4
2018-11-24 07:00:00,6,4,2
2018-11-24 08:00:00,15,6,9
2018-11-24 09:00:00,45,12,33
2018-11-24 10:00:00,34,17,17
2018-11-24 11:00:00,76,55,21
2018-11-24 12:00:00,62,41,21
2018-11-24 13:00:00,51,34,17
2018-11-24 14:00:00,61,46,15
2018-11-24 15:00:00,35,28,7
2018-11-24 16:00:00,18,14,4
2018-11-24 17:00:00,2,1,1
2018-11-24 18:00:00,5,3,2
2018-11-24 19:00:00,1,1,0
2018-11-24 20:00:00,2,2,0
2018-11-24 21:00:00,1,1,0
2018-11-24 22:00:00,1,1,0
2018-11-24 23:00:00,0,0,0
2018-11-25 00:00:00,0,0,0
2018-11-25 01:00:00,0,0,0
2018-11-25 02:00:00,0,0,0
2018-11-25 03:00:00,0,0,0
2018-11-25 04:00:00,1,0,1
2018-11-25 05:00:00,0,0,0
2018-11-25 06:00:00,0,0,0
2018-11-25 07:00:00,5,4,1
2018-11-25 08:00:00,17,10,7
2018-11-25 09:00:00,45,25,20
2018-11-25 10:00:00,56,33,23
2018-11-25 11:00:00,72,43,29
2018-11-25 12:00:00,69,52,17
2018-11-25 13:00:00,70,46,24
2018-11-25 14:00:00,67,48,19
2018-11-25 15:00:00,38,28,10
2018-11-25 16:00:00,17,10,7
2018-11-25 17:00:00,6,6,0
2018-11-25 18:00:00,3,3,0
2018-11-25 19:00:00,0,0,0
2018-11-25 20:00:00,0,0,0
2018-11-25 21:00:00,2,2,0
2018-11-25 22:00:00,0,0,0
2018-11-25 23:00:00,0,0,0
2018-11-26 00:00:00,0,0,0
2018-11-26 01:00:00,0,0,0
2018-11-26 02:00:00,0,0,0
2018-11-26 03:00:00,0,0,0
2018-11-26 04:00:00,3,3,0
2018-11-26 05:00:00,4,4,0
2018-11-26 06:00:00,9,8,1
2018-11-26 07:00:00,19,18,1
2018-11-26 08:00:00,13,13,0
2018-11-26 09:00:00,9,7,2
2018-11-26 10:00:00,8,8,0
2018-11-26 11:00:00,3,3,0
2018-11-26 12:00:00,2,2,0
2018-11-26 13:00:00,1,1,0
2018-11-26 14:00:00,3,3,0
2018-11-26 15:00:00,5,5,0
2018-11-26 16:00:00,11,11,0
2018-11-26 17:00:00,18,16,2
2018-11-26 18:00:00,20,19,1
2018-11-26 19:00:00,7,6,1
2018-11-26 20:00:00,3,3,0
2018-11-26 21:00:00,0,0,0
2018-11-26 22:00:00,0,0,0
2018-11-26 23:00:00,1,0,1
2018-11-27 00:00:00,0,0,0
2018-11-27 01:00:00,0,0,0
2018-11-27 02:00:00,0,0,0
2018-11-27 03:00:00,0,0,0
2018-11-27 04:00:00,2,2,0
2018-11-27 05:00:00,2,2,0
2018-11-27 06:00:00,12,8,4
2018-11-27 07:00:00,29,22,7
2018-11-27 08:00:00,35,28,7
2018-11-27 09:00:00,12,9,3
2018-11-27 10:00:00,11,6,5
2018-11-27 11:00:00,11,7,4
2018-11-27 12:00:00,14,6,8
2018-11-27 13:00:00,7,5,2
2018-11-27 14:00:00,7,6,1
2018-11-27 15:00:00,9,9,0
2018-11-27 16:00:00,16,15,1
2018-11-27 17:00:00,32,30,2
2018-11-27 18:00:00,23,21,2
2018-11-27 19:00:00,8,6,2
2018-11-27 20:00:00,2,2,0
2018-11-27 21:00:00,0,0,0
2018-11-27 22:00:00,3,3,0
2018-11-27 23:00:00,1,0,1
2018-11-28 00:00:00,0,0,0
2018-11-28 01:00:00,0,0,0
2018-11-28 02:00:00,0,0,0
2018-11-28 03:00:00,0,0,0
2018-11-28 04:00:00,2,2,0
2018-11-28 05:00:00,2,2,0
2018-11-28 06:00:00,8,8,0
2018-11-28 07:00:00,28,24,4
2018-11-28 08:00:00,30,22,8
2018-11-28 09:00:00,15,15,0
2018-11-28 10:00:00,10,7,3
2018-11-28 11:00:00,10,7,3
2018-11-28 12:00:00,7,6,1
2018-11-28 13:00:00,7,3,4
2018-11-28 14:00:00,5,3,2
2018-11-28 15:00:00,12,11,1
2018-11-28 16:00:00,19,17,2
2018-11-28 17:00:00,24,15,9
2018-11-28 18:00:00,27,23,4
2018-11-28 19:00:00,11,9,2
2018-11-28 20:00:00,5,4,1
2018-11-28 21:00:00,2,2,0
2018-11-28 22:00:00,1,1,0
2018-11-28 23:00:00,0,0,0
2018-11-29 00:00:00,0,0,0
2018-11-29 01:00:00,0,0,0
2018-11-29 02:00:00,0,0,0
2018-11-29 03:00:00,0,0,0
2018-11-29 04:00:00,2,2,0
2018-11-29 05:00:00,6,4,2
2018-11-29 06:00:00,22,16,6
2018-11-29 07:00:00,42,32,10
2018-11-29 08:00:00,39,30,9
2018-11-29 09:00:00,19,16,3
2018-11-29 10:00:00,19,11,8
2018-11-29 11:00:00,11,10,1
2018-11-29 12:00:00,20,17,3
2018-11-29 13:00:00,19,16,3
2018-11-29 14:00:00,19,13,6
2018-11-29 15:00:00,26,24,2
2018-11-29 16:00:00,30,21,9
2018-11-29 17:00:00,43,25,18
2018-11-29 18:00:00,36,23,13
2018-11-29 19:00:00,14,6,8
2018-11-29 20:00:00,9,5,4
2018-11-29 21:00:00,7,5,2
2018-11-29 22:00:00,2,1,1
2018-11-29 23:00:00,0,0,0
2018-11-30 00:00:00,0,0,0
2018-11-30 01:00:00,0,0,0
2018-11-30 02:00:00,0,0,0
2018-11-30 03:00:00,0,0,0
2018-11-30 04:00:00,2,2,0
2018-11-30 05:00:00,3,1,2
2018-11-30 06:00:00,16,13,3
2018-11-30 07:00:00,22,13,9
2018-11-30 08:00:00,32,24,8
2018-11-30 09:00:00,29,18,11
2018-11-30 10:00:00,13,7,6
2018-11-30 11:00:00,19,14,5
2018-11-30 12:00:00,13,9,4
2018-11-30 13:00:00,9,5,4
2018-11-30 14:00:00,6,4,2
2018-11-30 15:00:00,23,16,7
2018-11-30 16:00:00,42,26,16
2018-11-30 17:00:00,24,14,10
2018-11-30 18:00:00,15,11,4
2018-11-30 19:00:00,8,7,1
2018-11-30 20:00:00,5,3,2
2018-11-30 21:00:00,1,1,0
2018-11-30 22:00:00,0,0,0
2018-11-30 23:00:00,0,0,0
2018-12-01 00:00:00,0,0,0
2018-12-01 01:00:00,0,0,0
2018-12-01 02:00:00,0,0,0
2018-12-01 03:00:00,0,0,0
2018-12-01 04:00:00,1,1,0
2018-12-01 05:00:00,0,0,0
2018-12-01 06:00:00,1,1,0
2018-12-01 07:00:00,13,1,12
2018-12-01 08:00:00,35,29,6
2018-12-01 09:00:00,41,19,22
2018-12-01 10:00:00,57,39,18
2018-12-01 11:00:00,51,47,4
2018-12-01 12:00:00,52,48,4
2018-12-01 13:00:00,24,22,2
2018-12-01 14:00:00,30,21,9
2018-12-01 15:00:00,14,12,2
2018-12-01 16:00:00,6,6,0
2018-12-01 17:00:00,3,1,2
2018-12-01 18:00:00,2,2,0
2018-12-01 19:00:00,2,1,1
2018-12-01 20:00:00,0,0,0
2018-12-01 21:00:00,1,1,0
2018-12-01 22:00:00,0,0,0
2018-12-01 23:00:00,2,2,0
2018-12-02 00:00:00,0,0,0
2018-12-02 01:00:00,0,0,0
2018-12-02 02:00:00,2,2,0
2018-12-02 03:00:00,1,1,0
2018-12-02 04:00:00,1,1,0
2018-12-02 05:00:00,0,0,0
2018-12-02 06:00:00,0,0,0
2018-12-02 07:00:00,12,3,9
2018-12-02 08:00:00,31,11,20
2018-12-02 09:00:00,42,28,14
2018-12-02 10:00:00,62,34,28
2018-12-02 11:00:00,66,48,18
2018-12-02 12:00:00,65,44,21
2018-12-02 13:00:00,56,46,10
2018-12-02 14:00:00,52,40,12
2018-12-02 15:00:00,25,20,5
2018-12-02 16:00:00,17,14,3
2018-12-02 17:00:00,1,1,0
2018-12-02 18:00:00,2,2,0
2018-12-02 19:00:00,0,0,0
2018-12-02 20:00:00,0,0,0
2018-12-02 21:00:00,0,0,0
2018-12-02 22:00:00,2,2,0
2018-12-02 23:00:00,0,0,0
2018-12-03 00:00:00,0,0,0
2018-12-03 01:00:00,0,0,0
2018-12-03 02:00:00,0,0,0
2018-12-03 03:00:00,0,0,0
2018-12-03 04:00:00,2,2,0
2018-12-03 05:00:00,2,2,0
2018-12-03 06:00:00,16,13,3
2018-12-03 07:00:00,37,23,14
2018-12-03 08:00:00,30,20,10
2018-12-03 09:00:00,18,13,5
2018-12-03 10:00:00,17,9,8
2018-12-03 11:00:00,16,4,12
2018-12-03 12:00:00,24,18,6
2018-12-03 13:00:00,21,14,7
2018-12-03 14:00:00,14,11,3
2018-12-03 15:00:00,22,15,7
2018-12-03 16:00:00,31,17,14
2018-12-03 17:00:00,45,27,18
2018-12-03 18:00:00,35,19,16
2018-12-03 19:00:00,9,8,1
2018-12-03 20:00:00,2,0,2
2018-12-03 21:00:00,1,0,1
2018-12-03 22:00:00,0,0,0
2018-12-03 23:00:00,0,0,0
2018-12-04 00:00:00,0,0,0
2018-12-04 01:00:00,0,0,0
2018-12-04 02:00:00,0,0,0
2018-12-04 03:00:00,1,1,0
2018-12-04 04:00:00,2,2,0
2018-12-04 05:00:00,2,2,0
2018-12-04 06:00:00,16,12,4
2018-12-04 07:00:00,25,14,11
2018-12-04 08:00:00,35,23,12
2018-12-04 09:00:00,13,9,4
2018-12-04 10:00:00,12,6,6
2018-12-04 11:00:00,9,6,3
2018-12-04 12:00:00,9,1,8
2018-12-04 13:00:00,20,19,1
2018-12-04 14:00:00,11,9,2
2018-12-04 15:00:00,20,13,7
2018-12-04 16:00:00,32,13,19
2018-12-04 17:00:00,32,21,11
2018-12-04 18:00:00,25,15,10
2018-12-04 19:00:00,11,8,3
2018-12-04 20:00:00,2,1,1
2018-12-04 21:00:00,2,0,2
2018-12-04 22:00:00,2,2,0
2018-12-04 23:00:00,0,0,0
2018-12-05 00:00:00,0,0,0
2018-12-05 01:00:00,0,0,0
2018-12-05 02:00:00,0,0,0
2018-12-05 03:00:00,0,0,0
2018-12-05 04:00:00,1,1,0
2018-12-05 05:00:00,2,2,0
2018-12-05 06:00:00,7,4,3
2018-12-05 07:00:00,24,17,7
2018-12-05 08:00:00,29,20,9
2018-12-05 09:00:00,15,9,6
2018-12-05 10:00:00,10,6,4
2018-12-05 11:00:00,15,8,7
2018-12-05 12:00:00,16,11,5
2018-12-05 13:00:00,16,7,9
2018-12-05 14:00:00,21,16,5
2018-12-05 15:00:00,29,17,12
2018-12-05 16:00:00,25,18,7
2018-12-05 17:00:00,30,15,15
2018-12-05 18:00:00,28,18,10
2018-12-05 19:00:00,9,5,4
2018-12-05 20:00:00,4,2,2
2018-12-05 21:00:00,2,1,1
2018-12-05 22:00:00,0,0,0
2018-12-05 23:00:00,0,0,0
2018-12-06 00:00:00,0,0,0
2018-12-06 01:00:00,0,0,0
2018-12-06 02:00:00,0,0,0
2018-12-06 03:00:00,0,0,0
2018-12-06 04:00:00,2,2,0
2018-12-06 05:00:00,3,3,0
2018-12-06 06:00:00,13,8,5
2018-12-06 07:00:00,22,16,6
2018-12-06 08:00:00,25,16,9
2018-12-06 09:00:00,11,8,3
2018-12-06 10:00:00,11,6,5
2018-12-06 11:00:00,7,1,6
2018-12-06 12:00:00,7,4,3
2018-12-06 13:00:00,18,11,7
2018-12-06 14:00:00,22,17,5
2018-12-06 15:00:00,13,9,4
2018-12-06 16:00:00,18,12,6
2018-12-06 17:00:00,30,22,8
2018-12-06 18:00:00,18,15,3
2018-12-06 19:00:00,7,5,2
2018-12-06 20:00:00,5,4,1
2018-12-06 21:00:00,4,2,2
2018-12-06 22:00:00,1,0,1
2018-12-06 23:00:00,0,0,0
2018-12-07 00:00:00,0,0,0
2018-12-07 01:00:00,0,0,0
2018-12-07 02:00:00,0,0,0
2018-12-07 03:00:00,0,0,0
2018-12-07 04:00:00,1,1,0
2018-12-07 05:00:00,2,2,0
2018-12-07 06:00:00,10,7,3
2018-12-07 07:00:00,19,13,6
2018-12-07 08:00:00,24,16,8
2018-12-07 09:00:00,17,12,5
2018-12-07 10:00:00,9,3,6
2018-12-07 11:00:00,11,5,6
2018-12-07 12:00:00,9,8,1
2018-12-07 13:00:00,18,4,14
2018-12-07 14:00:00,14,10,4
2018-12-07 15:00:00,16,12,4
2018-12-07 16:00:00,37,25,12
2018-12-07 17:00:00,28,15,13
2018-12-07 18:00:00,13,9,4
2018-12-07 19:00:00,8,5,3
2018-12-07 20:00:00,2,2,0
2018-12-07 21:00:00,2,2,0
2018-12-07 22:00:00,0,0,0
2018-12-07 23:00:00,2,1,1
2018-12-08 00:00:00,0,0,0
2018-12-08 01:00:00,0,0,0
2018-12-08 02:00:00,0,0,0
2018-12-08 03:00:00,0,0,0
2018-12-08 04:00:00,0,0,0
2018-12-08 05:00:00,0,0,0
2018-12-08 06:00:00,1,1,0
2018-12-08 07:00:00,6,5,1
2018-12-08 08:00:00,22,9,13
2018-12-08 09:00:00,66,18,48
2018-12-08 10:00:00,64,48,16
2018-12-08 11:00:00,54,39,15
2018-12-08 12:00:00,55,41,14
2018-12-08 13:00:00,31,25,6
2018-12-08 14:00:00,35,22,13
2018-12-08 15:00:00,27,19,8
2018-12-08 16:00:00,18,14,4
2018-12-08 17:00:00,6,3,3
2018-12-08 18:00:00,1,1,0
2018-12-08 19:00:00,0,0,0
2018-12-08 20:00:00,3,2,1
2018-12-08 21:00:00,2,2,0
2018-12-08 22:00:00,0,0,0
2018-12-08 23:00:00,0,0,0
2018-12-09 00:00:00,0,0,0
2018-12-09 01:00:00,0,0,0
2018-12-09 02:00:00,0,0,0
2018-12-09 03:00:00,0,0,0
2018-12-09 04:00:00,0,0,0
2018-12-09 05:00:00,0,0,0
2018-12-09 06:00:00,1,0,1
2018-12-09 07:00:00,3,2,1
2018-12-09 08:00:00,14,1,13
2018-12-09 09:00:00,23,20,3
2018-12-09 10:00:00,11,8,3
2018-12-09 11:00:00,7,5,2
2018-12-09 12:00:00,5,3,2
2018-12-09 13:00:00,4,2,2
2018-12-09 14:00:00,3,2,1
2018-12-09 15:00:00,3,2,1
2018-12-09 16:00:00,0,0,0
2018-12-09 17:00:00,2,2,0
2018-12-09 18:00:00,0,0,0
2018-12-09 19:00:00,0,0,0
2018-12-09 20:00:00,0,0,0
2018-12-09 21:00:00,1,1,0
2018-12-09 22:00:00,3,3,0
2018-12-09 23:00:00,0,0,0
2018-12-10 00:00:00,0,0,0
2018-12-10 01:00:00,0,0,0
2018-12-10 02:00:00,0,0,0
2018-12-10 03:00:00,0,0,0
2018-12-10 04:00:00,1,1,0
2018-12-10 05:00:00,3,3,0
2018-12-10 06:00:00,17,13,4
2018-12-10 07:00:00,39,28,11
2018-12-10 08:00:00,36,24,12
2018-12-10 09:00:00,21,14,7
2018-12-10 10:00:00,16,9,7
2018-12-10 11:00:00,8,5,3
2018-12-10 12:00:00,3,1,2
2018-12-10 13:00:00,14,4,10
2018-12-10 14:00:00,20,14,6
2018-12-10 15:00:00,19,16,3
2018-12-10 16:00:00,30,14,16
2018-12-10 17:00:00,43,29,14
2018-12-10 18:00:00,21,12,9
2018-12-10 19:00:00,16,11,5
2018-12-10 20:00:00,5,2,3
2018-12-10 21:00:00,2,2,0
2018-12-10 22:00:00,1,1,0
2018-12-10 23:00:00,0,0,0
2018-12-11 00:00:00,0,0,0
2018-12-11 01:00:00,0,0,0
2018-12-11 02:00:00,0,0,0
2018-12-11 03:00:00,0,0,0
2018-12-11 04:00:00,2,2,0
2018-12-11 05:00:00,1,1,0
2018-12-11 06:00:00,10,9,1
2018-12-11 07:00:00,22,19,3
2018-12-11 08:00:00,22,20,2
2018-12-11 09:00:00,12,11,1
2018-12-11 10:00:00,6,3,3
2018-12-11 11:00:00,3,2,1
2018-12-11 12:00:00,2,2,0
2018-12-11 13:00:00,4,4,0
2018-12-11 14:00:00,3,3,0
2018-12-11 15:00:00,5,4,1
2018-12-11 16:00:00,6,3,3
2018-12-11 17:00:00,27,16,11
2018-12-11 18:00:00,23,13,10
2018-12-11 19:00:00,6,5,1
2018-12-11 20:00:00,7,4,3
2018-12-11 21:00:00,2,2,0
2018-12-11 22:00:00,2,1,1
2018-12-11 23:00:00,0,0,0
2018-12-12 00:00:00,0,0,0
2018-12-12 01:00:00,0,0,0
2018-12-12 02:00:00,0,0,0
2018-12-12 03:00:00,0,0,0
2018-12-12 04:00:00,3,3,0
2018-12-12 05:00:00,2,1,1
2018-12-12 06:00:00,18,11,7
2018-12-12 07:00:00,36,25,11
2018-12-12 08:00:00,31,22,9
2018-12-12 09:00:00,19,11,8
2018-12-12 10:00:00,13,5,8
2018-12-12 11:00:00,20,13,7
2018-12-12 12:00:00,9,7,2
2018-12-12 13:00:00,9,4,5
2018-12-12 14:00:00,13,8,5
2018-12-12 15:00:00,17,14,3
2018-12-12 16:00:00,28,23,5
2018-12-12 17:00:00,42,24,18
2018-12-12 18:00:00,19,18,1
2018-12-12 19:00:00,9,7,2
2018-12-12 20:00:00,6,5,1
2018-12-12 21:00:00,1,1,0
2018-12-12 22:00:00,1,1,0
2018-12-12 23:00:00,0,0,0
2018-12-13 00:00:00,0,0,0
2018-12-13 01:00:00,0,0,0
2018-12-13 02:00:00,0,0,0
2018-12-13 03:00:00,1,1,0
2018-12-13 04:00:00,0,0,0
2018-12-13 05:00:00,3,1,2
2018-12-13 06:00:00,13,9,4
2018-12-13 07:00:00,19,15,4
2018-12-13 08:00:00,31,23,8
2018-12-13 09:00:00,17,14,3
2018-12-13 10:00:00,4,2,2
2018-12-13 11:00:00,5,4,1
2018-12-13 12:00:00,6,4,2
2018-12-13 13:00:00,6,3,3
2018-12-13 14:00:00,5,4,1
2018-12-13 15:00:00,11,9,2
2018-12-13 16:00:00,12,7,5
2018-12-13 17:00:00,30,19,11
2018-12-13 18:00:00,24,17,7
2018-12-13 19:00:00,11,7,4
2018-12-13 20:00:00,4,4,0
2018-12-13 21:00:00,3,3,0
2018-12-13 22:00:00,3,2,1
2018-12-13 23:00:00,0,0,0
2018-12-14 00:00:00,0,0,0
2018-12-14 01:00:00,0,0,0
2018-12-14 02:00:00,1,0,1
2018-12-14 03:00:00,0,0,0
2018-12-14 04:00:00,3,3,0
2018-12-14 05:00:00,4,2,2
2018-12-14 06:00:00,14,13,1
2018-12-14 07:00:00,26,21,5
2018-12-14 08:00:00,23,15,8
2018-12-14 09:00:00,20,14,6
2018-12-14 10:00:00,17,5,12
2018-12-14 11:00:00,20,15,5
2018-12-14 12:00:00,11,7,4
2018-12-14 13:00:00,7,6,1
2018-12-14 14:00:00,18,13,5
2018-12-14 15:00:00,14,10,4
2018-12-14 16:00:00,19,15,4
2018-12-14 17:00:00,28,22,6
2018-12-14 18:00:00,12,6,6
2018-12-14 19:00:00,9,7,2
2018-12-14 20:00:00,4,3,1
2018-12-14 21:00:00,5,4,1
2018-12-14 22:00:00,0,0,0
2018-12-14 23:00:00,1,1,0
2018-12-15 00:00:00,1,1,0
2018-12-15 01:00:00,0,0,0
2018-12-15 02:00:00,0,0,0
2018-12-15 03:00:00,0,0,0
2018-12-15 04:00:00,1,1,0
2018-12-15 05:00:00,0,0,0
2018-12-15 06:00:00,0,0,0
2018-12-15 07:00:00,8,3,5
2018-12-15 08:00:00,27,11,16
2018-12-15 09:00:00,61,25,36
2018-12-15 10:00:00,47,20,27
2018-12-15 11:00:00,82,48,34
2018-12-15 12:00:00,80,54,26
2018-12-15 13:00:00,64,51,13
2018-12-15 14:00:00,49,27,22
2018-12-15 15:00:00,45,37,8
2018-12-15 16:00:00,16,16,0
2018-12-15 17:00:00,3,3,0
2018-12-15 18:00:00,1,1,0
2018-12-15 19:00:00,3,2,1
2018-12-15 20:00:00,0,0,0
2018-12-15 21:00:00,1,1,0
2018-12-15 22:00:00,0,0,0
2018-12-15 23:00:00,2,0,2
2018-12-16 00:00:00,3,3,0
2018-12-16 01:00:00,2,2,0
2018-12-16 02:00:00,0,0,0
2018-12-16 03:00:00,0,0,0
2018-12-16 04:00:00,0,0,0
2018-12-16 05:00:00,0,0,0
2018-12-16 06:00:00,1,1,0
2018-12-16 07:00:00,2,1,1
2018-12-16 08:00:00,5,3,2
2018-12-16 09:00:00,9,4,5
2018-12-16 10:00:00,15,14,1
2018-12-16 11:00:00,14,11,3
2018-12-16 12:00:00,16,10,6
2018-12-16 13:00:00,21,16,5
2018-12-16 14:00:00,6,5,1
2018-12-16 15:00:00,9,8,1
2018-12-16 16:00:00,8,5,3
2018-12-16 17:00:00,3,2,1
2018-12-16 18:00:00,1,1,0
2018-12-16 19:00:00,0,0,0
2018-12-16 20:00:00,0,0,0
2018-12-16 21:00:00,0,0,0
2018-12-16 22:00:00,0,0,0
2018-12-16 23:00:00,0,0,0
2018-12-17 00:00:00,0,0,0
2018-12-17 01:00:00,0,0,0
2018-12-17 02:00:00,0,0,0
2018-12-17 03:00:00,1,1,0
2018-12-17 04:00:00,3,3,0
2018-12-17 05:00:00,8,8,0
2018-12-17 06:00:00,23,10,13
2018-12-17 07:00:00,26,20,6
2018-12-17 08:00:00,30,20,10
2018-12-17 09:00:00,22,12,10
2018-12-17 10:00:00,9,8,1
2018-12-17 11:00:00,15,3,12
2018-12-17 12:00:00,25,20,5
2018-12-17 13:00:00,17,14,3
2018-12-17 14:00:00,18,14,4
2018-12-17 15:00:00,12,10,2
2018-12-17 16:00:00,32,24,8
2018-12-17 17:00:00,28,24,4
2018-12-17 18:00:00,20,15,5
2018-12-17 19:00:00,7,6,1
2018-12-17 20:00:00,4,3,1
2018-12-17 21:00:00,0,0,0
2018-12-17 22:00:00,0,0,0
2018-12-17 23:00:00,0,0,0
2018-12-18 00:00:00,0,0,0
2018-12-18 01:00:00,0,0,0
2018-12-18 02:00:00,1,0,1
2018-12-18 03:00:00,0,0,0
2018-12-18 04:00:00,3,3,0
2018-12-18 05:00:00,2,2,0
2018-12-18 06:00:00,5,4,1
2018-12-18 07:00:00,19,14,5
2018-12-18 08:00:00,15,14,1
2018-12-18 09:00:00,6,4,2
2018-12-18 10:00:00,11,9,2
2018-12-18 11:00:00,14,10,4
2018-12-18 12:00:00,5,3,2
2018-12-18 13:00:00,9,6,3
2018-12-18 14:00:00,6,5,1
2018-12-18 15:00:00,15,9,6
2018-12-18 16:00:00,20,14,6
2018-12-18 17:00:00,22,14,8
2018-12-18 18:00:00,24,17,7
2018-12-18 19:00:00,6,4,2
2018-12-18 20:00:00,3,2,1
2018-12-18 21:00:00,3,2,1
2018-12-18 22:00:00,2,2,0
2018-12-18 23:00:00,0,0,0
2018-12-19 00:00:00,0,0,0
2018-12-19 01:00:00,0,0,0
2018-12-19 02:00:00,0,0,0
2018-12-19 03:00:00,0,0,0
2018-12-19 04:00:00,2,2,0
2018-12-19 05:00:00,4,3,1
2018-12-19 06:00:00,12,11,1
2018-12-19 07:00:00,29,19,10
2018-12-19 08:00:00,37,23,14
2018-12-19 09:00:00,22,15,7
2018-12-19 10:00:00,10,8,2
2018-12-19 11:00:00,12,5,7
2018-12-19 12:00:00,10,3,7
2018-12-19 13:00:00,10,5,5
2018-12-19 14:00:00,16,10,6
2018-12-19 15:00:00,13,10,3
2018-12-19 16:00:00,31,19,12
2018-12-19 17:00:00,37,19,18
2018-12-19 18:00:00,28,18,10
2018-12-19 19:00:00,16,8,8
2018-12-19 20:00:00,2,2,0
2018-12-19 21:00:00,3,3,0
2018-12-19 22:00:00,0,0,0
2018-12-19 23:00:00,0,0,0
2018-12-20 00:00:00,0,0,0
2018-12-20 01:00:00,0,0,0
2018-12-20 02:00:00,1,0,1
2018-12-20 03:00:00,0,0,0
2018-12-20 04:00:00,1,1,0
2018-12-20 05:00:00,3,2,1
2018-12-20 06:00:00,6,6,0
2018-12-20 07:00:00,13,10,3
2018-12-20 08:00:00,12,11,1
2018-12-20 09:00:00,10,7,3
2018-12-20 10:00:00,3,3,0
2018-12-20 11:00:00,3,2,1
2018-12-20 12:00:00,1,0,1
2018-12-20 13:00:00,1,0,1
2018-12-20 14:00:00,2,1,1
2018-12-20 15:00:00,4,3,1
2018-12-20 16:00:00,12,6,6
2018-12-20 17:00:00,16,13,3
2018-12-20 18:00:00,11,5,6
2018-12-20 19:00:00,7,4,3
2018-12-20 20:00:00,1,1,0
2018-12-20 21:00:00,1,1,0
2018-12-20 22:00:00,0,0,0
2018-12-20 23:00:00,1,1,0
2018-12-21 00:00:00,0,0,0
2018-12-21 01:00:00,2,1,1
2018-12-21 02:00:00,0,0,0
2018-12-21 03:00:00,0,0,0
2018-12-21 04:00:00,4,4,0
2018-12-21 05:00:00,3,2,1
2018-12-21 06:00:00,8,8,0
2018-12-21 07:00:00,26,17,9
2018-12-21 08:00:00,18,15,3
2018-12-21 09:00:00,21,7,14
2018-12-21 10:00:00,23,13,10
2018-12-21 11:00:00,17,9,8
2018-12-21 12:00:00,15,12,3
2018-12-21 13:00:00,16,9,7
2018-12-21 14:00:00,17,9,8
2018-12-21 15:00:00,26,18,8
2018-12-21 16:00:00,32,16,16
2018-12-21 17:00:00,21,9,12
2018-12-21 18:00:00,15,6,9
2018-12-21 19:00:00,10,4,6
2018-12-21 20:00:00,3,3,0
2018-12-21 21:00:00,0,0,0
2018-12-21 22:00:00,3,3,0
2018-12-21 23:00:00,0,0,0
2018-12-22 00:00:00,2,2,0
2018-12-22 01:00:00,3,3,0
2018-12-22 02:00:00,1,1,0
2018-12-22 03:00:00,0,0,0
2018-12-22 04:00:00,0,0,0
2018-12-22 05:00:00,0,0,0
2018-12-22 06:00:00,1,0,1
2018-12-22 07:00:00,3,3,0
2018-12-22 08:00:00,24,8,16
2018-12-22 09:00:00,0,0,0
2018-12-22 10:00:00,0,0,0
2018-12-22 11:00:00,0,0,0
2018-12-22 12:00:00,0,0,0
2018-12-22 13:00:00,0,0,0
2018-12-22 14:00:00,0,0,0
2018-12-22 15:00:00,0,0,0
2018-12-22 16:00:00,0,0,0
2018-12-22 17:00:00,0,0,0
2018-12-22 18:00:00,0,0,0
2018-12-22 19:00:00,0,0,0
2018-12-22 20:00:00,0,0,0
2018-12-22 21:00:00,0,0,0
2018-12-22 22:00:00,0,0,0
2018-12-22 23:00:00,0,0,0
2018-12-23 00:00:00,0,0,0
2018-12-23 01:00:00,0,0,0
2018-12-23 02:00:00,0,0,0
2018-12-23 03:00:00,0,0,0
2018-12-23 04:00:00,0,0,0
2018-12-23 05:00:00,0,0,0
2018-12-23 06:00:00,0,0,0
2018-12-23 07:00:00,0,0,0
2018-12-23 08:00:00,0,0,0
2018-12-23 09:00:00,0,0,0
2018-12-23 10:00:00,0,0,0
2018-12-23 11:00:00,0,0,0
2018-12-23 12:00:00,0,0,0
2018-12-23 13:00:00,0,0,0
2018-12-23 14:00:00,0,0,0
2018-12-23 15:00:00,0,0,0
2018-12-23 16:00:00,0,0,0
2018-12-23 17:00:00,0,0,0
2018-12-23 18:00:00,0,0,0
2018-12-23 19:00:00,0,0,0
2018-12-23 20:00:00,0,0,0
2018-12-23 21:00:00,0,0,0
2018-12-23 22:00:00,0,0,0
2018-12-23 23:00:00,0,0,0
2018-12-24 00:00:00,0,0,0
2018-12-24 01:00:00,0,0,0
2018-12-24 02:00:00,0,0,0
2018-12-24 03:00:00,0,0,0
2018-12-24 04:00:00,0,0,0
2018-12-24 05:00:00,0,0,0
2018-12-24 06:00:00,0,0,0
2018-12-24 07:00:00,0,0,0
2018-12-24 08:00:00,0,0,0
2018-12-24 09:00:00,0,0,0
2018-12-24 10:00:00,0,0,0
2018-12-24 11:00:00,0,0,0
2018-12-24 12:00:00,0,0,0
2018-12-24 13:00:00,0,0,0
2018-12-24 14:00:00,0,0,0
2018-12-24 15:00:00,0,0,0
2018-12-24 16:00:00,0,0,0
2018-12-24 17:00:00,0,0,0
2018-12-24 18:00:00,0,0,0
2018-12-24 19:00:00,0,0,0
2018-12-24 20:00:00,0,0,0
2018-12-24 21:00:00,0,0,0
2018-12-24 22:00:00,0,0,0
2018-12-24 23:00:00,0,0,0
2018-12-25 00:00:00,0,0,0
2018-12-25 01:00:00,0,0,0
2018-12-25 02:00:00,0,0,0
2018-12-25 03:00:00,0,0,0
2018-12-25 04:00:00,0,0,0
2018-12-25 05:00:00,0,0,0
2018-12-25 06:00:00,0,0,0
2018-12-25 07:00:00,0,0,0
2018-12-25 08:00:00,0,0,0
2018-12-25 09:00:00,0,0,0
2018-12-25 10:00:00,0,0,0
2018-12-25 11:00:00,0,0,0
2018-12-25 12:00:00,0,0,0
2018-12-25 13:00:00,0,0,0
2018-12-25 14:00:00,0,0,0
2018-12-25 15:00:00,0,0,0
2018-12-25 16:00:00,0,0,0
2018-12-25 17:00:00,0,0,0
2018-12-25 18:00:00,0,0,0
2018-12-25 19:00:00,0,0,0
2018-12-25 20:00:00,0,0,0
2018-12-25 21:00:00,0,0,0
2018-12-25 22:00:00,0,0,0
2018-12-25 23:00:00,0,0,0
2018-12-26 00:00:00,0,0,0
2018-12-26 01:00:00,0,0,0
2018-12-26 02:00:00,0,0,0
2018-12-26 03:00:00,0,0,0
2018-12-26 04:00:00,0,0,0
2018-12-26 05:00:00,0,0,0
2018-12-26 06:00:00,0,0,0
2018-12-26 07:00:00,0,0,0
2018-12-26 08:00:00,0,0,0
2018-12-26 09:00:00,0,0,0
2018-12-26 10:00:00,0,0,0
2018-12-26 11:00:00,0,0,0
2018-12-26 12:00:00,0,0,0
2018-12-26 13:00:00,0,0,0
2018-12-26 14:00:00,0,0,0
2018-12-26 15:00:00,0,0,0
2018-12-26 16:00:00,0,0,0
2018-12-26 17:00:00,0,0,0
2018-12-26 18:00:00,0,0,0
2018-12-26 19:00:00,0,0,0
2018-12-26 20:00:00,0,0,0
2018-12-26 21:00:00,0,0,0
2018-12-26 22:00:00,0,0,0
2018-12-26 23:00:00,0,0,0
2018-12-27 00:00:00,0,0,0
2018-12-27 01:00:00,0,0,0
2018-12-27 02:00:00,0,0,0
2018-12-27 03:00:00,0,0,0
2018-12-27 04:00:00,0,0,0
2018-12-27 05:00:00,0,0,0
2018-12-27 06:00:00,0,0,0
2018-12-27 07:00:00,0,0,0
2018-12-27 08:00:00,0,0,0
2018-12-27 09:00:00,0,0,0
2018-12-27 10:00:00,0,0,0
2018-12-27 11:00:00,0,0,0
2018-12-27 12:00:00,0,0,0
2018-12-27 13:00:00,0,0,0
2018-12-27 14:00:00,0,0,0
2018-12-27 15:00:00,0,0,0
2018-12-27 16:00:00,0,0,0
2018-12-27 17:00:00,0,0,0
2018-12-27 18:00:00,0,0,0
2018-12-27 19:00:00,0,0,0
2018-12-27 20:00:00,0,0,0
2018-12-27 21:00:00,0,0,0
2018-12-27 22:00:00,0,0,0
2018-12-27 23:00:00,0,0,0
2018-12-28 00:00:00,0,0,0
2018-12-28 01:00:00,0,0,0
2018-12-28 02:00:00,0,0,0
2018-12-28 03:00:00,0,0,0
2018-12-28 04:00:00,0,0,0
2018-12-28 05:00:00,0,0,0
2018-12-28 06:00:00,0,0,0
2018-12-28 07:00:00,0,0,0
2018-12-28 08:00:00,0,0,0
2018-12-28 09:00:00,0,0,0
2018-12-28 10:00:00,0,0,0
2018-12-28 11:00:00,0,0,0
2018-12-28 12:00:00,0,0,0
2018-12-28 13:00:00,0,0,0
2018-12-28 14:00:00,0,0,0
2018-12-28 15:00:00,0,0,0
2018-12-28 16:00:00,0,0,0
2018-12-28 17:00:00,0,0,0
2018-12-28 18:00:00,0,0,0
2018-12-28 19:00:00,0,0,0
2018-12-28 20:00:00,0,0,0
2018-12-28 21:00:00,0,0,0
2018-12-28 22:00:00,0,0,0
2018-12-28 23:00:00,0,0,0
2018-12-29 00:00:00,0,0,0
2018-12-29 01:00:00,0,0,0
2018-12-29 02:00:00,0,0,0
2018-12-29 03:00:00,0,0,0
2018-12-29 04:00:00,0,0,0
2018-12-29 05:00:00,0,0,0
2018-12-29 06:00:00,0,0,0
2018-12-29 07:00:00,0,0,0
2018-12-29 08:00:00,0,0,0
2018-12-29 09:00:00,0,0,0
2018-12-29 10:00:00,0,0,0
2018-12-29 11:00:00,0,0,0
2018-12-29 12:00:00,0,0,0
2018-12-29 13:00:00,0,0,0
2018-12-29 14:00:00,0,0,0
2018-12-29 15:00:00,0,0,0
2018-12-29 16:00:00,0,0,0
2018-12-29 17:00:00,0,0,0
2018-12-29 18:00:00,0,0,0
2018-12-29 19:00:00,0,0,0
2018-12-29 20:00:00,0,0,0
2018-12-29 21:00:00,0,0,0
2018-12-29 22:00:00,0,0,0
2018-12-29 23:00:00,0,0,0
2018-12-30 00:00:00,0,0,0
2018-12-30 01:00:00,0,0,0
2018-12-30 02:00:00,0,0,0
2018-12-30 03:00:00,0,0,0
2018-12-30 04:00:00,0,0,0
2018-12-30 05:00:00,0,0,0
2018-12-30 06:00:00,0,0,0
2018-12-30 07:00:00,0,0,0
2018-12-30 08:00:00,0,0,0
2018-12-30 09:00:00,0,0,0
2018-12-30 10:00:00,0,0,0
2018-12-30 11:00:00,0,0,0
2018-12-30 12:00:00,0,0,0
2018-12-30 13:00:00,0,0,0
2018-12-30 14:00:00,0,0,0
2018-12-30 15:00:00,0,0,0
2018-12-30 16:00:00,0,0,0
2018-12-30 17:00:00,0,0,0
2018-12-30 18:00:00,0,0,0
2018-12-30 19:00:00,0,0,0
2018-12-30 20:00:00,0,0,0
2018-12-30 21:00:00,0,0,0
2018-12-30 22:00:00,0,0,0
2018-12-30 23:00:00,0,0,0
2018-12-31 00:00:00,0,0,0
2018-12-31 01:00:00,0,0,0
2018-12-31 02:00:00,0,0,0
2018-12-31 03:00:00,0,0,0
2018-12-31 04:00:00,0,0,0
2018-12-31 05:00:00,0,0,0
2018-12-31 06:00:00,0,0,0
2018-12-31 07:00:00,0,0,0
2018-12-31 08:00:00,0,0,0
2018-12-31 09:00:00,0,0,0
2018-12-31 10:00:00,0,0,0
2018-12-31 11:00:00,0,0,0
2018-12-31 12:00:00,0,0,0
2018-12-31 13:00:00,0,0,0
2018-12-31 14:00:00,0,0,0
2018-12-31 15:00:00,0,0,0
2018-12-31 16:00:00,0,0,0
2018-12-31 17:00:00,0,0,0
2018-12-31 18:00:00,0,0,0
2018-12-31 19:00:00,0,0,0
2018-12-31 20:00:00,0,0,0
2018-12-31 21:00:00,0,0,0
2018-12-31 22:00:00,0,0,0
2018-12-31 23:00:00,0,0,0
2019-01-01 00:00:00,0,0,0
2019-01-01 01:00:00,0,0,0
2019-01-01 02:00:00,0,0,0
2019-01-01 03:00:00,0,0,0
2019-01-01 04:00:00,0,0,0
2019-01-01 05:00:00,0,0,0
2019-01-01 06:00:00,0,0,0
2019-01-01 07:00:00,0,0,0
2019-01-01 08:00:00,0,0,0
2019-01-01 09:00:00,0,0,0
2019-01-01 10:00:00,0,0,0
2019-01-01 11:00:00,0,0,0
2019-01-01 12:00:00,0,0,0
2019-01-01 13:00:00,0,0,0
2019-01-01 14:00:00,0,0,0
2019-01-01 15:00:00,0,0,0
2019-01-01 16:00:00,0,0,0
2019-01-01 17:00:00,0,0,0
2019-01-01 18:00:00,0,0,0
2019-01-01 19:00:00,0,0,0
2019-01-01 20:00:00,0,0,0
2019-01-01 21:00:00,0,0,0
2019-01-01 22:00:00,0,0,0
2019-01-01 23:00:00,0,0,0
2019-01-02 00:00:00,0,0,0
2019-01-02 01:00:00,0,0,0
2019-01-02 02:00:00,0,0,0
2019-01-02 03:00:00,0,0,0
2019-01-02 04:00:00,0,0,0
2019-01-02 05:00:00,0,0,0
2019-01-02 06:00:00,0,0,0
2019-01-02 07:00:00,0,0,0
2019-01-02 08:00:00,0,0,0
2019-01-02 09:00:00,0,0,0
2019-01-02 10:00:00,0,0,0
2019-01-02 11:00:00,0,0,0
2019-01-02 12:00:00,0,0,0
2019-01-02 13:00:00,0,0,0
2019-01-02 14:00:00,0,0,0
2019-01-02 15:00:00,0,0,0
2019-01-02 16:00:00,0,0,0
2019-01-02 17:00:00,0,0,0
2019-01-02 18:00:00,0,0,0
2019-01-02 19:00:00,0,0,0
2019-01-02 20:00:00,0,0,0
2019-01-02 21:00:00,0,0,0
2019-01-02 22:00:00,0,0,0
2019-01-02 23:00:00,0,0,0
2019-01-03 00:00:00,0,0,0
2019-01-03 01:00:00,0,0,0
2019-01-03 02:00:00,0,0,0
2019-01-03 03:00:00,0,0,0
2019-01-03 04:00:00,0,0,0
2019-01-03 05:00:00,0,0,0
2019-01-03 06:00:00,0,0,0
2019-01-03 07:00:00,0,0,0
2019-01-03 08:00:00,0,0,0
2019-01-03 09:00:00,0,0,0
2019-01-03 10:00:00,0,0,0
2019-01-03 11:00:00,0,0,0
2019-01-03 12:00:00,0,0,0
2019-01-03 13:00:00,0,0,0
2019-01-03 14:00:00,0,0,0
2019-01-03 15:00:00,0,0,0
2019-01-03 16:00:00,0,0,0
2019-01-03 17:00:00,0,0,0
2019-01-03 18:00:00,0,0,0
2019-01-03 19:00:00,0,0,0
2019-01-03 20:00:00,0,0,0
2019-01-03 21:00:00,0,0,0
2019-01-03 22:00:00,0,0,0
2019-01-03 23:00:00,0,0,0
2019-01-04 00:00:00,0,0,0
2019-01-04 01:00:00,0,0,0
2019-01-04 02:00:00,0,0,0
2019-01-04 03:00:00,0,0,0
2019-01-04 04:00:00,0,0,0
2019-01-04 05:00:00,0,0,0
2019-01-04 06:00:00,0,0,0
2019-01-04 07:00:00,0,0,0
2019-01-04 08:00:00,0,0,0
2019-01-04 09:00:00,0,0,0
2019-01-04 10:00:00,0,0,0
2019-01-04 11:00:00,0,0,0
2019-01-04 12:00:00,0,0,0
2019-01-04 13:00:00,0,0,0
2019-01-04 14:00:00,0,0,0
2019-01-04 15:00:00,0,0,0
2019-01-04 16:00:00,0,0,0
2019-01-04 17:00:00,0,0,0
2019-01-04 18:00:00,0,0,0
2019-01-04 19:00:00,0,0,0
2019-01-04 20:00:00,0,0,0
2019-01-04 21:00:00,0,0,0
2019-01-04 22:00:00,0,0,0
2019-01-04 23:00:00,0,0,0
2019-01-05 00:00:00,0,0,0
2019-01-05 01:00:00,0,0,0
2019-01-05 02:00:00,0,0,0
2019-01-05 03:00:00,0,0,0
2019-01-05 04:00:00,0,0,0
2019-01-05 05:00:00,0,0,0
2019-01-05 06:00:00,0,0,0
2019-01-05 07:00:00,0,0,0
2019-01-05 08:00:00,0,0,0
2019-01-05 09:00:00,0,0,0
2019-01-05 10:00:00,0,0,0
2019-01-05 11:00:00,0,0,0
2019-01-05 12:00:00,0,0,0
2019-01-05 13:00:00,0,0,0
2019-01-05 14:00:00,0,0,0
2019-01-05 15:00:00,0,0,0
2019-01-05 16:00:00,0,0,0
2019-01-05 17:00:00,0,0,0
2019-01-05 18:00:00,0,0,0
2019-01-05 19:00:00,0,0,0
2019-01-05 20:00:00,0,0,0
2019-01-05 21:00:00,0,0,0
2019-01-05 22:00:00,0,0,0
2019-01-05 23:00:00,0,0,0
2019-01-06 00:00:00,0,0,0
2019-01-06 01:00:00,0,0,0
2019-01-06 02:00:00,0,0,0
2019-01-06 03:00:00,0,0,0
2019-01-06 04:00:00,0,0,0
2019-01-06 05:00:00,0,0,0
2019-01-06 06:00:00,0,0,0
2019-01-06 07:00:00,0,0,0
2019-01-06 08:00:00,0,0,0
2019-01-06 09:00:00,0,0,0
2019-01-06 10:00:00,0,0,0
2019-01-06 11:00:00,0,0,0
2019-01-06 12:00:00,0,0,0
2019-01-06 13:00:00,0,0,0
2019-01-06 14:00:00,0,0,0
2019-01-06 15:00:00,0,0,0
2019-01-06 16:00:00,0,0,0
2019-01-06 17:00:00,0,0,0
2019-01-06 18:00:00,0,0,0
2019-01-06 19:00:00,0,0,0
2019-01-06 20:00:00,0,0,0
2019-01-06 21:00:00,0,0,0
2019-01-06 22:00:00,0,0,0
2019-01-06 23:00:00,0,0,0
2019-01-07 00:00:00,0,0,0
2019-01-07 01:00:00,0,0,0
2019-01-07 02:00:00,0,0,0
2019-01-07 03:00:00,0,0,0
2019-01-07 04:00:00,0,0,0
2019-01-07 05:00:00,0,0,0
2019-01-07 06:00:00,0,0,0
2019-01-07 07:00:00,0,0,0
2019-01-07 08:00:00,0,0,0
2019-01-07 09:00:00,0,0,0
2019-01-07 10:00:00,0,0,0
2019-01-07 11:00:00,0,0,0
2019-01-07 12:00:00,0,0,0
2019-01-07 13:00:00,0,0,0
2019-01-07 14:00:00,0,0,0
2019-01-07 15:00:00,0,0,0
2019-01-07 16:00:00,0,0,0
2019-01-07 17:00:00,0,0,0
2019-01-07 18:00:00,0,0,0
2019-01-07 19:00:00,0,0,0
2019-01-07 20:00:00,0,0,0
2019-01-07 21:00:00,0,0,0
2019-01-07 22:00:00,0,0,0
2019-01-07 23:00:00,0,0,0
2019-01-08 00:00:00,0,0,0
2019-01-08 01:00:00,0,0,0
2019-01-08 02:00:00,0,0,0
2019-01-08 03:00:00,0,0,0
2019-01-08 04:00:00,0,0,0
2019-01-08 05:00:00,0,0,0
2019-01-08 06:00:00,0,0,0
2019-01-08 07:00:00,0,0,0
2019-01-08 08:00:00,0,0,0
2019-01-08 09:00:00,0,0,0
2019-01-08 10:00:00,0,0,0
2019-01-08 11:00:00,0,0,0
2019-01-08 12:00:00,0,0,0
2019-01-08 13:00:00,0,0,0
2019-01-08 14:00:00,0,0,0
2019-01-08 15:00:00,0,0,0
2019-01-08 16:00:00,0,0,0
2019-01-08 17:00:00,0,0,0
2019-01-08 18:00:00,0,0,0
2019-01-08 19:00:00,0,0,0
2019-01-08 20:00:00,0,0,0
2019-01-08 21:00:00,0,0,0
2019-01-08 22:00:00,0,0,0
2019-01-08 23:00:00,0,0,0
2019-01-09 00:00:00,0,0,0
2019-01-09 01:00:00,0,0,0
2019-01-09 02:00:00,0,0,0
2019-01-09 03:00:00,0,0,0
2019-01-09 04:00:00,0,0,0
2019-01-09 05:00:00,0,0,0
2019-01-09 06:00:00,0,0,0
2019-01-09 07:00:00,0,0,0
2019-01-09 08:00:00,0,0,0
2019-01-09 09:00:00,0,0,0
2019-01-09 10:00:00,0,0,0
2019-01-09 11:00:00,0,0,0
2019-01-09 12:00:00,0,0,0
2019-01-09 13:00:00,0,0,0
2019-01-09 14:00:00,13,4,9
2019-01-09 15:00:00,9,4,5
2019-01-09 16:00:00,17,6,11
2019-01-09 17:00:00,34,21,13
2019-01-09 18:00:00,25,12,13
2019-01-09 19:00:00,10,4,6
2019-01-09 20:00:00,5,4,1
2019-01-09 21:00:00,1,1,0
2019-01-09 22:00:00,1,0,1
2019-01-09 23:00:00,0,0,0
2019-01-10 00:00:00,0,0,0
2019-01-10 01:00:00,0,0,0
2019-01-10 02:00:00,0,0,0
2019-01-10 03:00:00,0,0,0
2019-01-10 04:00:00,2,0,2
2019-01-10 05:00:00,3,1,2
2019-01-10 06:00:00,14,6,8
2019-01-10 07:00:00,29,11,18
2019-01-10 08:00:00,33,15,18
2019-01-10 09:00:00,17,5,12
2019-01-10 10:00:00,9,5,4
2019-01-10 11:00:00,12,7,5
2019-01-10 12:00:00,21,16,5
2019-01-10 13:00:00,20,14,6
2019-01-10 14:00:00,14,6,8
2019-01-10 15:00:00,16,10,6
2019-01-10 16:00:00,32,16,16
2019-01-10 17:00:00,42,23,19
2019-01-10 18:00:00,29,22,7
2019-01-10 19:00:00,17,9,8
2019-01-10 20:00:00,3,2,1
2019-01-10 21:00:00,4,0,4
2019-01-10 22:00:00,1,0,1
2019-01-10 23:00:00,0,0,0
2019-01-11 00:00:00,0,0,0
2019-01-11 01:00:00,0,0,0
2019-01-11 02:00:00,0,0,0
2019-01-11 03:00:00,0,0,0
2019-01-11 04:00:00,2,0,2
2019-01-11 05:00:00,6,3,3
2019-01-11 06:00:00,17,8,9
2019-01-11 07:00:00,37,14,23
2019-01-11 08:00:00,40,13,27
2019-01-11 09:00:00,23,8,15
2019-01-11 10:00:00,13,6,7
2019-01-11 11:00:00,17,7,10
2019-01-11 12:00:00,19,9,10
2019-01-11 13:00:00,19,11,8
2019-01-11 14:00:00,13,9,4
2019-01-11 15:00:00,39,16,23
2019-01-11 16:00:00,30,17,13
2019-01-11 17:00:00,52,28,24
2019-01-11 18:00:00,27,19,8
2019-01-11 19:00:00,22,13,9
2019-01-11 20:00:00,5,2,3
2019-01-11 21:00:00,0,0,0
2019-01-11 22:00:00,2,1,1
2019-01-11 23:00:00,1,1,0
2019-01-12 00:00:00,1,0,1
2019-01-12 01:00:00,0,0,0
2019-01-12 02:00:00,0,0,0
2019-01-12 03:00:00,0,0,0
2019-01-12 04:00:00,0,0,0
2019-01-12 05:00:00,0,0,0
2019-01-12 06:00:00,0,0,0
2019-01-12 07:00:00,7,5,2
2019-01-12 08:00:00,43,31,12
2019-01-12 09:00:00,66,28,38
2019-01-12 10:00:00,73,51,22
2019-01-12 11:00:00,75,48,27
2019-01-12 12:00:00,106,63,43
2019-01-12 13:00:00,107,47,60
2019-01-12 14:00:00,121,57,64
2019-01-12 15:00:00,79,27,52
2019-01-12 16:00:00,54,13,41
2019-01-12 17:00:00,8,2,6
2019-01-12 18:00:00,4,1,3
2019-01-12 19:00:00,1,0,1
2019-01-12 20:00:00,1,0,1
2019-01-12 21:00:00,2,1,1
2019-01-12 22:00:00,1,1,0
2019-01-12 23:00:00,0,0,0
2019-01-13 00:00:00,1,0,1
2019-01-13 01:00:00,0,0,0
2019-01-13 02:00:00,0,0,0
2019-01-13 03:00:00,0,0,0
2019-01-13 04:00:00,0,0,0
2019-01-13 05:00:00,1,1,0
2019-01-13 06:00:00,2,0,2
2019-01-13 07:00:00,7,5,2
2019-01-13 08:00:00,35,28,7
2019-01-13 09:00:00,62,44,18
2019-01-13 10:00:00,67,40,27
2019-01-13 11:00:00,80,38,42
2019-01-13 12:00:00,90,46,44
2019-01-13 13:00:00,133,60,73
2019-01-13 14:00:00,103,55,48
2019-01-13 15:00:00,101,42,59
2019-01-13 16:00:00,48,13,35
2019-01-13 17:00:00,11,3,8
2019-01-13 18:00:00,3,0,3
2019-01-13 19:00:00,1,0,1
2019-01-13 20:00:00,2,1,1
2019-01-13 21:00:00,1,0,1
2019-01-13 22:00:00,0,0,0
2019-01-13 23:00:00,0,0,0
2019-01-14 00:00:00,0,0,0
2019-01-14 01:00:00,0,0,0
2019-01-14 02:00:00,0,0,0
2019-01-14 03:00:00,0,0,0
2019-01-14 04:00:00,3,0,3
2019-01-14 05:00:00,7,2,5
2019-01-14 06:00:00,16,9,7
2019-01-14 07:00:00,51,12,39
2019-01-14 08:00:00,51,19,32
2019-01-14 09:00:00,33,15,18
2019-01-14 10:00:00,15,6,9
2019-01-14 11:00:00,21,12,9
2019-01-14 12:00:00,22,16,6
2019-01-14 13:00:00,31,16,15
2019-01-14 14:00:00,31,19,12
2019-01-14 15:00:00,30,15,15
2019-01-14 16:00:00,45,27,18
2019-01-14 17:00:00,61,36,25
2019-01-14 18:00:00,31,18,13
2019-01-14 19:00:00,18,8,10
2019-01-14 20:00:00,4,3,1
2019-01-14 21:00:00,1,1,0
2019-01-14 22:00:00,1,0,1
2019-01-14 23:00:00,0,0,0
2019-01-15 00:00:00,1,1,0
2019-01-15 01:00:00,0,0,0
2019-01-15 02:00:00,0,0,0
2019-01-15 03:00:00,0,0,0
2019-01-15 04:00:00,3,0,3
2019-01-15 05:00:00,7,4,3
2019-01-15 06:00:00,10,4,6
2019-01-15 07:00:00,32,13,19
2019-01-15 08:00:00,43,12,31
2019-01-15 09:00:00,15,6,9
2019-01-15 10:00:00,15,5,10
2019-01-15 11:00:00,11,6,5
2019-01-15 12:00:00,22,10,12
2019-01-15 13:00:00,35,15,20
2019-01-15 14:00:00,26,14,12
2019-01-15 15:00:00,20,10,10
2019-01-15 16:00:00,26,19,7
2019-01-15 17:00:00,44,22,22
2019-01-15 18:00:00,46,25,21
2019-01-15 19:00:00,12,7,5
2019-01-15 20:00:00,4,3,1
2019-01-15 21:00:00,6,1,5
2019-01-15 22:00:00,4,2,2
2019-01-15 23:00:00,0,0,0
2019-01-16 00:00:00,0,0,0
2019-01-16 01:00:00,0,0,0
2019-01-16 02:00:00,0,0,0
2019-01-16 03:00:00,0,0,0
2019-01-16 04:00:00,4,0,4
2019-01-16 05:00:00,3,1,2
2019-01-16 06:00:00,8,4,4
2019-01-16 07:00:00,37,12,25
2019-01-16 08:00:00,31,15,16
2019-01-16 09:00:00,22,8,14
2019-01-16 10:00:00,11,7,4
2019-01-16 11:00:00,20,10,10
2019-01-16 12:00:00,18,10,8
2019-01-16 13:00:00,19,10,9
2019-01-16 14:00:00,17,6,11
2019-01-16 15:00:00,29,12,17
2019-01-16 16:00:00,21,10,11
2019-01-16 17:00:00,50,28,22
2019-01-16 18:00:00,39,21,18
2019-01-16 19:00:00,17,8,9
2019-01-16 20:00:00,7,3,4
2019-01-16 21:00:00,1,1,0
2019-01-16 22:00:00,1,0,1
2019-01-16 23:00:00,0,0,0
2019-01-17 00:00:00,0,0,0
2019-01-17 01:00:00,0,0,0
2019-01-17 02:00:00,0,0,0
2019-01-17 03:00:00,0,0,0
2019-01-17 04:00:00,2,0,2
2019-01-17 05:00:00,2,0,2
2019-01-17 06:00:00,10,7,3
2019-01-17 07:00:00,37,11,26
2019-01-17 08:00:00,29,12,17
2019-01-17 09:00:00,16,7,9
2019-01-17 10:00:00,13,6,7
2019-01-17 11:00:00,7,4,3
2019-01-17 12:00:00,8,3,5
2019-01-17 13:00:00,7,5,2
2019-01-17 14:00:00,4,2,2
2019-01-17 15:00:00,11,4,7
2019-01-17 16:00:00,21,10,11
2019-01-17 17:00:00,35,21,14
2019-01-17 18:00:00,23,17,6
2019-01-17 19:00:00,11,5,6
2019-01-17 20:00:00,4,2,2
2019-01-17 21:00:00,4,0,4
2019-01-17 22:00:00,3,0,3
2019-01-17 23:00:00,0,0,0
2019-01-18 00:00:00,0,0,0
2019-01-18 01:00:00,0,0,0
2019-01-18 02:00:00,0,0,0
2019-01-18 03:00:00,0,0,0
2019-01-18 04:00:00,2,0,2
2019-01-18 05:00:00,0,0,0
2019-01-18 06:00:00,7,4,3
2019-01-18 07:00:00,28,9,19
2019-01-18 08:00:00,24,10,14
2019-01-18 09:00:00,15,5,10
2019-01-18 10:00:00,8,4,4
2019-01-18 11:00:00,13,6,7
2019-01-18 12:00:00,13,4,9
2019-01-18 13:00:00,12,7,5
2019-01-18 14:00:00,10,3,7
2019-01-18 15:00:00,25,16,9
2019-01-18 16:00:00,25,9,16
2019-01-18 17:00:00,23,15,8
2019-01-18 18:00:00,14,8,6
2019-01-18 19:00:00,4,2,2
2019-01-18 20:00:00,1,0,1
2019-01-18 21:00:00,0,0,0
2019-01-18 22:00:00,2,1,1
2019-01-18 23:00:00,0,0,0
2019-01-19 00:00:00,0,0,0
2019-01-19 01:00:00,0,0,0
2019-01-19 02:00:00,0,0,0
2019-01-19 03:00:00,0,0,0
2019-01-19 04:00:00,0,0,0
2019-01-19 05:00:00,2,2,0
2019-01-19 06:00:00,2,1,1
2019-01-19 07:00:00,8,5,3
2019-01-19 08:00:00,24,16,8
2019-01-19 09:00:00,64,48,16
2019-01-19 10:00:00,54,24,30
2019-01-19 11:00:00,56,21,35
2019-01-19 12:00:00,56,25,31
2019-01-19 13:00:00,51,19,32
2019-01-19 14:00:00,36,14,22
2019-01-19 15:00:00,29,8,21
2019-01-19 16:00:00,19,5,14
2019-01-19 17:00:00,6,3,3
2019-01-19 18:00:00,2,0,2
2019-01-19 19:00:00,2,2,0
2019-01-19 20:00:00,0,0,0
2019-01-19 21:00:00,0,0,0
2019-01-19 22:00:00,0,0,0
2019-01-19 23:00:00,0,0,0
2019-01-20 00:00:00,0,0,0
2019-01-20 01:00:00,1,1,0
2019-01-20 02:00:00,0,0,0
2019-01-20 03:00:00,0,0,0
2019-01-20 04:00:00,0,0,0
2019-01-20 05:00:00,1,1,0
2019-01-20 06:00:00,0,0,0
2019-01-20 07:00:00,3,2,1
2019-01-20 08:00:00,30,25,5
2019-01-20 09:00:00,41,16,25
2019-01-20 10:00:00,62,31,31
2019-01-20 11:00:00,64,46,18
2019-01-20 12:00:00,39,20,19
2019-01-20 13:00:00,39,21,18
2019-01-20 14:00:00,43,20,23
2019-01-20 15:00:00,28,6,22
2019-01-20 16:00:00,26,5,21
2019-01-20 17:00:00,5,1,4
2019-01-20 18:00:00,6,2,4
2019-01-20 19:00:00,0,0,0
2019-01-20 20:00:00,0,0,0
2019-01-20 21:00:00,1,1,0
2019-01-20 22:00:00,0,0,0
2019-01-20 23:00:00,1,1,0
2019-01-21 00:00:00,0,0,0
2019-01-21 01:00:00,0,0,0
2019-01-21 02:00:00,0,0,0
2019-01-21 03:00:00,1,0,1
2019-01-21 04:00:00,0,0,0
2019-01-21 05:00:00,6,1,5
2019-01-21 06:00:00,6,3,3
2019-01-21 07:00:00,16,4,12
2019-01-21 08:00:00,17,6,11
2019-01-21 09:00:00,26,16,10
2019-01-21 10:00:00,28,13,15
2019-01-21 11:00:00,51,23,28
2019-01-21 12:00:00,62,28,34
2019-01-21 13:00:00,68,36,32
2019-01-21 14:00:00,54,20,34
2019-01-21 15:00:00,50,16,34
2019-01-21 16:00:00,39,21,18
2019-01-21 17:00:00,22,12,10
2019-01-21 18:00:00,14,8,6
2019-01-21 19:00:00,6,3,3
2019-01-21 20:00:00,3,0,3
2019-01-21 21:00:00,1,0,1
2019-01-21 22:00:00,2,2,0
2019-01-21 23:00:00,2,2,0
2019-01-22 00:00:00,0,0,0
2019-01-22 01:00:00,0,0,0
2019-01-22 02:00:00,0,0,0
2019-01-22 03:00:00,1,0,1
2019-01-22 04:00:00,2,0,2
2019-01-22 05:00:00,5,2,3
2019-01-22 06:00:00,13,3,10
2019-01-22 07:00:00,38,15,23
2019-01-22 08:00:00,25,9,16
2019-01-22 09:00:00,16,8,8
2019-01-22 10:00:00,15,8,7
2019-01-22 11:00:00,4,1,3
2019-01-22 12:00:00,5,3,2
2019-01-22 13:00:00,6,4,2
2019-01-22 14:00:00,7,5,2
2019-01-22 15:00:00,5,1,4
2019-01-22 16:00:00,21,10,11
2019-01-22 17:00:00,29,17,12
2019-01-22 18:00:00,32,19,13
2019-01-22 19:00:00,8,1,7
2019-01-22 20:00:00,3,3,0
2019-01-22 21:00:00,1,0,1
2019-01-22 22:00:00,0,0,0
2019-01-22 23:00:00,0,0,0
2019-01-23 00:00:00,0,0,0
2019-01-23 01:00:00,0,0,0
2019-01-23 02:00:00,0,0,0
2019-01-23 03:00:00,0,0,0
2019-01-23 04:00:00,1,0,1
2019-01-23 05:00:00,3,1,2
2019-01-23 06:00:00,13,9,4
2019-01-23 07:00:00,26,12,14
2019-01-23 08:00:00,20,9,11
2019-01-23 09:00:00,16,6,10
2019-01-23 10:00:00,7,4,3
2019-01-23 11:00:00,1,0,1
2019-01-23 12:00:00,4,3,1
2019-01-23 13:00:00,6,6,0
2019-01-23 14:00:00,9,6,3
2019-01-23 15:00:00,12,7,5
2019-01-23 16:00:00,32,12,20
2019-01-23 17:00:00,39,21,18
2019-01-23 18:00:00,27,12,15
2019-01-23 19:00:00,27,8,19
2019-01-23 20:00:00,2,2,0
2019-01-23 21:00:00,1,1,0
2019-01-23 22:00:00,2,1,1
2019-01-23 23:00:00,2,1,1
2019-01-24 00:00:00,1,1,0
2019-01-24 01:00:00,0,0,0
2019-01-24 02:00:00,0,0,0
2019-01-24 03:00:00,0,0,0
2019-01-24 04:00:00,3,1,2
2019-01-24 05:00:00,5,1,4
2019-01-24 06:00:00,13,5,8
2019-01-24 07:00:00,39,21,18
2019-01-24 08:00:00,39,10,29
2019-01-24 09:00:00,22,8,14
2019-01-24 10:00:00,13,7,6
2019-01-24 11:00:00,18,6,12
2019-01-24 12:00:00,15,11,4
2019-01-24 13:00:00,13,8,5
2019-01-24 14:00:00,14,5,9
2019-01-24 15:00:00,29,9,20
2019-01-24 16:00:00,30,17,13
2019-01-24 17:00:00,49,27,22
2019-01-24 18:00:00,24,13,11
2019-01-24 19:00:00,14,7,7
2019-01-24 20:00:00,8,5,3
2019-01-24 21:00:00,3,2,1
2019-01-24 22:00:00,1,0,1
2019-01-24 23:00:00,0,0,0
2019-01-25 00:00:00,0,0,0
2019-01-25 01:00:00,0,0,0
2019-01-25 02:00:00,1,0,1
2019-01-25 03:00:00,1,1,0
2019-01-25 04:00:00,5,0,5
2019-01-25 05:00:00,3,1,2
2019-01-25 06:00:00,16,9,7
2019-01-25 07:00:00,37,12,25
2019-01-25 08:00:00,34,15,19
2019-01-25 09:00:00,22,11,11
2019-01-25 10:00:00,21,12,9
2019-01-25 11:00:00,20,7,13
2019-01-25 12:00:00,23,16,7
2019-01-25 13:00:00,16,7,9
2019-01-25 14:00:00,22,9,13
2019-01-25 15:00:00,31,11,20
2019-01-25 16:00:00,47,28,19
2019-01-25 17:00:00,44,22,22
2019-01-25 18:00:00,29,18,11
2019-01-25 19:00:00,14,8,6
2019-01-25 20:00:00,2,1,1
2019-01-25 21:00:00,0,0,0
2019-01-25 22:00:00,0,0,0
2019-01-25 23:00:00,3,3,0
2019-01-26 00:00:00,0,0,0
2019-01-26 01:00:00,0,0,0
2019-01-26 02:00:00,0,0,0
2019-01-26 03:00:00,0,0,0
2019-01-26 04:00:00,0,0,0
2019-01-26 05:00:00,2,2,0
2019-01-26 06:00:00,4,3,1
2019-01-26 07:00:00,5,4,1
2019-01-26 08:00:00,23,12,11
2019-01-26 09:00:00,69,49,20
2019-01-26 10:00:00,48,30,18
2019-01-26 11:00:00,77,37,40
2019-01-26 12:00:00,83,32,51
2019-01-26 13:00:00,100,50,50
2019-01-26 14:00:00,88,33,55
2019-01-26 15:00:00,65,23,42
2019-01-26 16:00:00,37,12,25
2019-01-26 17:00:00,5,3,2
2019-01-26 18:00:00,6,3,3
2019-01-26 19:00:00,1,0,1
2019-01-26 20:00:00,0,0,0
2019-01-26 21:00:00,0,0,0
2019-01-26 22:00:00,1,0,1
2019-01-26 23:00:00,1,0,1
2019-01-27 00:00:00,0,0,0
2019-01-27 01:00:00,0,0,0
2019-01-27 02:00:00,0,0,0
2019-01-27 03:00:00,0,0,0
2019-01-27 04:00:00,0,0,0
2019-01-27 05:00:00,2,2,0
2019-01-27 06:00:00,0,0,0
2019-01-27 07:00:00,8,8,0
2019-01-27 08:00:00,21,16,5
2019-01-27 09:00:00,74,51,23
2019-01-27 10:00:00,62,40,22
2019-01-27 11:00:00,71,29,42
2019-01-27 12:00:00,65,33,32
2019-01-27 13:00:00,42,21,21
2019-01-27 14:00:00,78,23,55
2019-01-27 15:00:00,34,16,18
2019-01-27 16:00:00,15,2,13
2019-01-27 17:00:00,10,5,5
2019-01-27 18:00:00,4,0,4
2019-01-27 19:00:00,2,1,1
2019-01-27 20:00:00,0,0,0
2019-01-27 21:00:00,0,0,0
2019-01-27 22:00:00,0,0,0
2019-01-27 23:00:00,0,0,0
2019-01-28 00:00:00,0,0,0
2019-01-28 01:00:00,0,0,0
2019-01-28 02:00:00,0,0,0
2019-01-28 03:00:00,0,0,0
2019-01-28 04:00:00,4,0,4
2019-01-28 05:00:00,5,2,3
2019-01-28 06:00:00,16,7,9
2019-01-28 07:00:00,43,12,31
2019-01-28 08:00:00,46,22,24
2019-01-28 09:00:00,17,6,11
2019-01-28 10:00:00,20,14,6
2019-01-28 11:00:00,19,9,10
2019-01-28 12:00:00,25,17,8
2019-01-28 13:00:00,21,15,6
2019-01-28 14:00:00,29,14,15
2019-01-28 15:00:00,26,12,14
2019-01-28 16:00:00,32,19,13
2019-01-28 17:00:00,59,34,25
2019-01-28 18:00:00,40,27,13
2019-01-28 19:00:00,12,5,7
2019-01-28 20:00:00,5,4,1
2019-01-28 21:00:00,3,1,2
2019-01-28 22:00:00,0,0,0
2019-01-28 23:00:00,0,0,0
2019-01-29 00:00:00,1,1,0
2019-01-29 01:00:00,0,0,0
2019-01-29 02:00:00,0,0,0
2019-01-29 03:00:00,0,0,0
2019-01-29 04:00:00,5,2,3
2019-01-29 05:00:00,5,2,3
2019-01-29 06:00:00,16,4,12
2019-01-29 07:00:00,41,16,25
2019-01-29 08:00:00,39,11,28
2019-01-29 09:00:00,23,17,6
2019-01-29 10:00:00,20,6,14
2019-01-29 11:00:00,15,10,5
2019-01-29 12:00:00,19,8,11
2019-01-29 13:00:00,34,20,14
2019-01-29 14:00:00,26,14,12
2019-01-29 15:00:00,45,21,24
2019-01-29 16:00:00,56,23,33
2019-01-29 17:00:00,60,29,31
2019-01-29 18:00:00,37,16,21
2019-01-29 19:00:00,16,8,8
2019-01-29 20:00:00,4,2,2
2019-01-29 21:00:00,3,3,0
2019-01-29 22:00:00,1,0,1
2019-01-29 23:00:00,2,0,2
2019-01-30 00:00:00,0,0,0
2019-01-30 01:00:00,0,0,0
2019-01-30 02:00:00,2,1,1
2019-01-30 03:00:00,0,0,0
2019-01-30 04:00:00,4,0,4
2019-01-30 05:00:00,8,4,4
2019-01-30 06:00:00,14,7,7
2019-01-30 07:00:00,30,7,23
2019-01-30 08:00:00,30,16,14
2019-01-30 09:00:00,26,12,14
2019-01-30 10:00:00,7,2,5
2019-01-30 11:00:00,7,2,5
2019-01-30 12:00:00,10,9,1
2019-01-30 13:00:00,15,11,4
2019-01-30 14:00:00,26,16,10
2019-01-30 15:00:00,26,13,13
2019-01-30 16:00:00,29,15,14
2019-01-30 17:00:00,44,25,19
2019-01-30 18:00:00,28,16,12
2019-01-30 19:00:00,14,6,8
2019-01-30 20:00:00,4,2,2
2019-01-30 21:00:00,1,0,1
2019-01-30 22:00:00,1,0,1
2019-01-30 23:00:00,1,0,1
2019-01-31 00:00:00,0,0,0
2019-01-31 01:00:00,0,0,0
2019-01-31 02:00:00,0,0,0
2019-01-31 03:00:00,0,0,0
2019-01-31 04:00:00,4,1,3
2019-01-31 05:00:00,4,0,4
2019-01-31 06:00:00,14,2,12
2019-01-31 07:00:00,32,11,21
2019-01-31 08:00:00,34,11,23
2019-01-31 09:00:00,18,9,9
2019-01-31 10:00:00,18,9,9
2019-01-31 11:00:00,13,7,6
2019-01-31 12:00:00,32,10,22
2019-01-31 13:00:00,21,11,10
2019-01-31 14:00:00,20,14,6
2019-01-31 15:00:00,37,19,18
2019-01-31 16:00:00,34,15,19
2019-01-31 17:00:00,49,23,26
2019-01-31 18:00:00,29,23,6
2019-01-31 19:00:00,14,8,6
2019-01-31 20:00:00,2,0,2
2019-01-31 21:00:00,2,0,2
2019-01-31 22:00:00,2,1,1
2019-01-31 23:00:00,0,0,0
2019-02-01 00:00:00,0,0,0
2019-02-01 01:00:00,0,0,0
2019-02-01 02:00:00,1,0,1
2019-02-01 03:00:00,0,0,0
2019-02-01 04:00:00,1,0,1
2019-02-01 05:00:00,1,0,1
2019-02-01 06:00:00,4,1,3
2019-02-01 07:00:00,15,5,10
2019-02-01 08:00:00,11,5,6
2019-02-01 09:00:00,8,1,7
2019-02-01 10:00:00,8,3,5
2019-02-01 11:00:00,1,1,0
2019-02-01 12:00:00,3,1,2
2019-02-01 13:00:00,3,1,2
2019-02-01 14:00:00,7,4,3
2019-02-01 15:00:00,7,4,3
2019-02-01 16:00:00,12,6,6
2019-02-01 17:00:00,13,7,6
2019-02-01 18:00:00,11,9,2
2019-02-01 19:00:00,6,4,2
2019-02-01 20:00:00,0,0,0
2019-02-01 21:00:00,0,0,0
2019-02-01 22:00:00,2,0,2
2019-02-01 23:00:00,1,0,1
2019-02-02 00:00:00,0,0,0
2019-02-02 01:00:00,0,0,0
2019-02-02 02:00:00,0,0,0
2019-02-02 03:00:00,0,0,0
2019-02-02 04:00:00,0,0,0
2019-02-02 05:00:00,4,2,2
2019-02-02 06:00:00,1,1,0
2019-02-02 07:00:00,5,3,2
2019-02-02 08:00:00,32,24,8
2019-02-02 09:00:00,58,37,21
2019-02-02 10:00:00,87,35,52
2019-02-02 11:00:00,76,19,57
2019-02-02 12:00:00,53,26,27
2019-02-02 13:00:00,55,15,40
2019-02-02 14:00:00,44,16,28
2019-02-02 15:00:00,40,20,20
2019-02-02 16:00:00,28,13,15
2019-02-02 17:00:00,20,5,15
2019-02-02 18:00:00,5,0,5
2019-02-02 19:00:00,1,0,1
2019-02-02 20:00:00,2,2,0
2019-02-02 21:00:00,1,0,1
2019-02-02 22:00:00,0,0,0
2019-02-02 23:00:00,0,0,0
2019-02-03 00:00:00,0,0,0
2019-02-03 01:00:00,0,0,0
2019-02-03 02:00:00,0,0,0
2019-02-03 03:00:00,0,0,0
2019-02-03 04:00:00,0,0,0
2019-02-03 05:00:00,2,2,0
2019-02-03 06:00:00,5,1,4
2019-02-03 07:00:00,29,5,24
2019-02-03 08:00:00,34,3,31
2019-02-03 09:00:00,54,49,5
2019-02-03 10:00:00,63,42,21
2019-02-03 11:00:00,50,36,14
2019-02-03 12:00:00,42,23,19
2019-02-03 13:00:00,22,12,10
2019-02-03 14:00:00,19,7,12
2019-02-03 15:00:00,10,2,8
2019-02-03 16:00:00,5,1,4
2019-02-03 17:00:00,0,0,0
2019-02-03 18:00:00,0,0,0
2019-02-03 19:00:00,0,0,0
2019-02-03 20:00:00,0,0,0
2019-02-03 21:00:00,0,0,0
2019-02-03 22:00:00,0,0,0
2019-02-03 23:00:00,0,0,0
2019-02-04 00:00:00,0,0,0
2019-02-04 01:00:00,0,0,0
2019-02-04 02:00:00,0,0,0
2019-02-04 03:00:00,0,0,0
2019-02-04 04:00:00,0,0,0
2019-02-04 05:00:00,1,1,0
2019-02-04 06:00:00,0,0,0
2019-02-04 07:00:00,2,0,2
2019-02-04 08:00:00,0,0,0
2019-02-04 09:00:00,1,0,1
2019-02-04 10:00:00,1,1,0
2019-02-04 11:00:00,0,0,0
2019-02-04 12:00:00,1,0,1
2019-02-04 13:00:00,0,0,0
2019-02-04 14:00:00,0,0,0
2019-02-04 15:00:00,2,0,2
2019-02-04 16:00:00,1,1,0
2019-02-04 17:00:00,1,1,0
2019-02-04 18:00:00,0,0,0
2019-02-04 19:00:00,0,0,0
2019-02-04 20:00:00,0,0,0
2019-02-04 21:00:00,0,0,0
2019-02-04 22:00:00,0,0,0
2019-02-04 23:00:00,0,0,0
2019-02-05 00:00:00,0,0,0
2019-02-05 01:00:00,0,0,0
2019-02-05 02:00:00,0,0,0
2019-02-05 03:00:00,0,0,0
2019-02-05 04:00:00,0,0,0
2019-02-05 05:00:00,1,1,0
2019-02-05 06:00:00,1,1,0
2019-02-05 07:00:00,0,0,0
2019-02-05 08:00:00,0,0,0
2019-02-05 09:00:00,0,0,0
2019-02-05 10:00:00,1,0,1
2019-02-05 11:00:00,0,0,0
2019-02-05 12:00:00,1,1,0
2019-02-05 13:00:00,0,0,0
2019-02-05 14:00:00,0,0,0
2019-02-05 15:00:00,0,0,0
2019-02-05 16:00:00,2,1,1
2019-02-05 17:00:00,1,0,1
2019-02-05 18:00:00,1,0,1
2019-02-05 19:00:00,0,0,0
2019-02-05 20:00:00,1,1,0
2019-02-05 21:00:00,0,0,0
2019-02-05 22:00:00,0,0,0
2019-02-05 23:00:00,0,0,0
2019-02-06 00:00:00,0,0,0
2019-02-06 01:00:00,0,0,0
2019-02-06 02:00:00,0,0,0
2019-02-06 03:00:00,0,0,0
2019-02-06 04:00:00,0,0,0
2019-02-06 05:00:00,1,1,0
2019-02-06 06:00:00,1,1,0
2019-02-06 07:00:00,2,1,1
2019-02-06 08:00:00,2,1,1
2019-02-06 09:00:00,1,1,0
2019-02-06 10:00:00,2,1,1
2019-02-06 11:00:00,2,1,1
2019-02-06 12:00:00,0,0,0
2019-02-06 13:00:00,0,0,0
2019-02-06 14:00:00,1,1,0
2019-02-06 15:00:00,1,0,1
2019-02-06 16:00:00,2,1,1
2019-02-06 17:00:00,3,1,2
2019-02-06 18:00:00,0,0,0
2019-02-06 19:00:00,1,0,1
2019-02-06 20:00:00,0,0,0
2019-02-06 21:00:00,0,0,0
2019-02-06 22:00:00,0,0,0
2019-02-06 23:00:00,0,0,0
2019-02-07 00:00:00,0,0,0
2019-02-07 01:00:00,0,0,0
2019-02-07 02:00:00,0,0,0
2019-02-07 03:00:00,0,0,0
2019-02-07 04:00:00,0,0,0
2019-02-07 05:00:00,0,0,0
2019-02-07 06:00:00,0,0,0
2019-02-07 07:00:00,1,0,1
2019-02-07 08:00:00,6,2,4
2019-02-07 09:00:00,3,1,2
2019-02-07 10:00:00,4,2,2
2019-02-07 11:00:00,0,0,0
2019-02-07 12:00:00,0,0,0
2019-02-07 13:00:00,3,1,2
2019-02-07 14:00:00,3,1,2
2019-02-07 15:00:00,3,2,1
2019-02-07 16:00:00,7,2,5
2019-02-07 17:00:00,1,1,0
2019-02-07 18:00:00,0,0,0
2019-02-07 19:00:00,0,0,0
2019-02-07 20:00:00,0,0,0
2019-02-07 21:00:00,0,0,0
2019-02-07 22:00:00,0,0,0
2019-02-07 23:00:00,0,0,0
2019-02-08 00:00:00,0,0,0
2019-02-08 01:00:00,0,0,0
2019-02-08 02:00:00,0,0,0
2019-02-08 03:00:00,0,0,0
2019-02-08 04:00:00,0,0,0
2019-02-08 05:00:00,0,0,0
2019-02-08 06:00:00,0,0,0
2019-02-08 07:00:00,3,1,2
2019-02-08 08:00:00,0,0,0
2019-02-08 09:00:00,0,0,0
2019-02-08 10:00:00,0,0,0
2019-02-08 11:00:00,0,0,0
2019-02-08 12:00:00,2,2,0
2019-02-08 13:00:00,5,3,2
2019-02-08 14:00:00,3,1,2
2019-02-08 15:00:00,3,3,0
2019-02-08 16:00:00,2,2,0
2019-02-08 17:00:00,0,0,0
2019-02-08 18:00:00,0,0,0
2019-02-08 19:00:00,0,0,0
2019-02-08 20:00:00,0,0,0
2019-02-08 21:00:00,0,0,0
2019-02-08 22:00:00,0,0,0
2019-02-08 23:00:00,0,0,0
2019-02-09 00:00:00,0,0,0
2019-02-09 01:00:00,0,0,0
2019-02-09 02:00:00,0,0,0
2019-02-09 03:00:00,0,0,0
2019-02-09 04:00:00,0,0,0
2019-02-09 05:00:00,1,1,0
2019-02-09 06:00:00,0,0,0
2019-02-09 07:00:00,0,0,0
2019-02-09 08:00:00,0,0,0
2019-02-09 09:00:00,0,0,0
2019-02-09 10:00:00,0,0,0
2019-02-09 11:00:00,0,0,0
2019-02-09 12:00:00,0,0,0
2019-02-09 13:00:00,0,0,0
2019-02-09 14:00:00,0,0,0
2019-02-09 15:00:00,0,0,0
2019-02-09 16:00:00,0,0,0
2019-02-09 17:00:00,0,0,0
2019-02-09 18:00:00,0,0,0
2019-02-09 19:00:00,0,0,0
2019-02-09 20:00:00,0,0,0
2019-02-09 21:00:00,0,0,0
2019-02-09 22:00:00,0,0,0
2019-02-09 23:00:00,0,0,0
2019-02-10 00:00:00,0,0,0
2019-02-10 01:00:00,0,0,0
2019-02-10 02:00:00,0,0,0
2019-02-10 03:00:00,0,0,0
2019-02-10 04:00:00,0,0,0
2019-02-10 05:00:00,0,0,0
2019-02-10 06:00:00,0,0,0
2019-02-10 07:00:00,0,0,0
2019-02-10 08:00:00,0,0,0
2019-02-10 09:00:00,0,0,0
2019-02-10 10:00:00,0,0,0
2019-02-10 11:00:00,0,0,0
2019-02-10 12:00:00,0,0,0
2019-02-10 13:00:00,0,0,0
2019-02-10 14:00:00,0,0,0
2019-02-10 15:00:00,0,0,0
2019-02-10 16:00:00,0,0,0
2019-02-10 17:00:00,0,0,0
2019-02-10 18:00:00,0,0,0
2019-02-10 19:00:00,0,0,0
2019-02-10 20:00:00,0,0,0
2019-02-10 21:00:00,0,0,0
2019-02-10 22:00:00,0,0,0
2019-02-10 23:00:00,0,0,0
2019-02-11 00:00:00,0,0,0
2019-02-11 01:00:00,0,0,0
2019-02-11 02:00:00,0,0,0
2019-02-11 03:00:00,0,0,0
2019-02-11 04:00:00,0,0,0
2019-02-11 05:00:00,0,0,0
2019-02-11 06:00:00,0,0,0
2019-02-11 07:00:00,0,0,0
2019-02-11 08:00:00,0,0,0
2019-02-11 09:00:00,0,0,0
2019-02-11 10:00:00,0,0,0
2019-02-11 11:00:00,0,0,0
2019-02-11 12:00:00,0,0,0
2019-02-11 13:00:00,0,0,0
2019-02-11 14:00:00,0,0,0
2019-02-11 15:00:00,0,0,0
2019-02-11 16:00:00,0,0,0
2019-02-11 17:00:00,0,0,0
2019-02-11 18:00:00,0,0,0
2019-02-11 19:00:00,0,0,0
2019-02-11 20:00:00,0,0,0
2019-02-11 21:00:00,0,0,0
2019-02-11 22:00:00,0,0,0
2019-02-11 23:00:00,0,0,0
2019-02-12 00:00:00,0,0,0
2019-02-12 01:00:00,0,0,0
2019-02-12 02:00:00,0,0,0
2019-02-12 03:00:00,0,0,0
2019-02-12 04:00:00,0,0,0
2019-02-12 05:00:00,0,0,0
2019-02-12 06:00:00,0,0,0
2019-02-12 07:00:00,0,0,0
2019-02-12 08:00:00,0,0,0
2019-02-12 09:00:00,0,0,0
2019-02-12 10:00:00,0,0,0
2019-02-12 11:00:00,0,0,0
2019-02-12 12:00:00,0,0,0
2019-02-12 13:00:00,0,0,0
2019-02-12 14:00:00,0,0,0
2019-02-12 15:00:00,0,0,0
2019-02-12 16:00:00,0,0,0
2019-02-12 17:00:00,0,0,0
2019-02-12 18:00:00,0,0,0
2019-02-12 19:00:00,0,0,0
2019-02-12 20:00:00,0,0,0
2019-02-12 21:00:00,0,0,0
2019-02-12 22:00:00,0,0,0
2019-02-12 23:00:00,0,0,0
2019-02-13 00:00:00,0,0,0
2019-02-13 01:00:00,0,0,0
2019-02-13 02:00:00,0,0,0
2019-02-13 03:00:00,0,0,0
2019-02-13 04:00:00,0,0,0
2019-02-13 05:00:00,0,0,0
2019-02-13 06:00:00,0,0,0
2019-02-13 07:00:00,0,0,0
2019-02-13 08:00:00,0,0,0
2019-02-13 09:00:00,0,0,0
2019-02-13 10:00:00,0,0,0
2019-02-13 11:00:00,0,0,0
2019-02-13 12:00:00,0,0,0
2019-02-13 13:00:00,0,0,0
2019-02-13 14:00:00,0,0,0
2019-02-13 15:00:00,0,0,0
2019-02-13 16:00:00,0,0,0
2019-02-13 17:00:00,0,0,0
2019-02-13 18:00:00,0,0,0
2019-02-13 19:00:00,0,0,0
2019-02-13 20:00:00,0,0,0
2019-02-13 21:00:00,0,0,0
2019-02-13 22:00:00,0,0,0
2019-02-13 23:00:00,0,0,0
2019-02-14 00:00:00,0,0,0
2019-02-14 01:00:00,0,0,0
2019-02-14 02:00:00,0,0,0
2019-02-14 03:00:00,0,0,0
2019-02-14 04:00:00,0,0,0
2019-02-14 05:00:00,0,0,0
2019-02-14 06:00:00,0,0,0
2019-02-14 07:00:00,0,0,0
2019-02-14 08:00:00,5,3,2
2019-02-14 09:00:00,0,0,0
2019-02-14 10:00:00,0,0,0
2019-02-14 11:00:00,0,0,0
2019-02-14 12:00:00,0,0,0
2019-02-14 13:00:00,0,0,0
2019-02-14 14:00:00,0,0,0
2019-02-14 15:00:00,0,0,0
2019-02-14 16:00:00,0,0,0
2019-02-14 17:00:00,0,0,0
2019-02-14 18:00:00,0,0,0
2019-02-14 19:00:00,0,0,0
2019-02-14 20:00:00,0,0,0
2019-02-14 21:00:00,0,0,0
2019-02-14 22:00:00,0,0,0
2019-02-14 23:00:00,0,0,0
2019-02-15 00:00:00,0,0,0
2019-02-15 01:00:00,0,0,0
2019-02-15 02:00:00,0,0,0
2019-02-15 03:00:00,0,0,0
2019-02-15 04:00:00,0,0,0
2019-02-15 05:00:00,0,0,0
2019-02-15 06:00:00,0,0,0
2019-02-15 07:00:00,0,0,0
2019-02-15 08:00:00,0,0,0
2019-02-15 09:00:00,2,1,1
2019-02-15 10:00:00,0,0,0
2019-02-15 11:00:00,3,2,1
2019-02-15 12:00:00,0,0,0
2019-02-15 13:00:00,3,1,2
2019-02-15 14:00:00,3,2,1
2019-02-15 15:00:00,2,1,1
2019-02-15 16:00:00,10,6,4
2019-02-15 17:00:00,8,6,2
2019-02-15 18:00:00,7,5,2
2019-02-15 19:00:00,4,1,3
2019-02-15 20:00:00,2,2,0
2019-02-15 21:00:00,0,0,0
2019-02-15 22:00:00,0,0,0
2019-02-15 23:00:00,11,0,11
2019-02-16 00:00:00,16,11,5
2019-02-16 01:00:00,0,0,0
2019-02-16 02:00:00,0,0,0
2019-02-16 03:00:00,0,0,0
2019-02-16 04:00:00,0,0,0
2019-02-16 05:00:00,1,1,0
2019-02-16 06:00:00,0,0,0
2019-02-16 07:00:00,0,0,0
2019-02-16 08:00:00,1,0,1
2019-02-16 09:00:00,9,2,7
2019-02-16 10:00:00,17,13,4
2019-02-16 11:00:00,21,8,13
2019-02-16 12:00:00,17,4,13
2019-02-16 13:00:00,11,8,3
2019-02-16 14:00:00,14,6,8
2019-02-16 15:00:00,11,1,10
2019-02-16 16:00:00,5,1,4
2019-02-16 17:00:00,1,1,0
2019-02-16 18:00:00,1,0,1
2019-02-16 19:00:00,0,0,0
2019-02-16 20:00:00,0,0,0
2019-02-16 21:00:00,0,0,0
2019-02-16 22:00:00,0,0,0
2019-02-16 23:00:00,0,0,0
2019-02-17 00:00:00,0,0,0
2019-02-17 01:00:00,0,0,0
2019-02-17 02:00:00,0,0,0
2019-02-17 03:00:00,0,0,0
2019-02-17 04:00:00,0,0,0
2019-02-17 05:00:00,1,1,0
2019-02-17 06:00:00,0,0,0
2019-02-17 07:00:00,2,2,0
2019-02-17 08:00:00,14,11,3
2019-02-17 09:00:00,21,13,8
2019-02-17 10:00:00,31,18,13
2019-02-17 11:00:00,24,11,13
2019-02-17 12:00:00,46,18,28
2019-02-17 13:00:00,28,14,14
2019-02-17 14:00:00,27,11,16
2019-02-17 15:00:00,27,11,16
2019-02-17 16:00:00,21,8,13
2019-02-17 17:00:00,9,4,5
2019-02-17 18:00:00,1,0,1
2019-02-17 19:00:00,0,0,0
2019-02-17 20:00:00,0,0,0
2019-02-17 21:00:00,1,0,1
2019-02-17 22:00:00,0,0,0
2019-02-17 23:00:00,0,0,0
2019-02-18 00:00:00,0,0,0
2019-02-18 01:00:00,0,0,0
2019-02-18 02:00:00,0,0,0
2019-02-18 03:00:00,0,0,0
2019-02-18 04:00:00,0,0,0
2019-02-18 05:00:00,2,0,2
2019-02-18 06:00:00,1,0,1
2019-02-18 07:00:00,9,6,3
2019-02-18 08:00:00,14,8,6
2019-02-18 09:00:00,5,4,1
2019-02-18 10:00:00,11,4,7
2019-02-18 11:00:00,21,10,11
2019-02-18 12:00:00,14,8,6
2019-02-18 13:00:00,26,15,11
2019-02-18 14:00:00,21,13,8
2019-02-18 15:00:00,33,10,23
2019-02-18 16:00:00,19,11,8
2019-02-18 17:00:00,22,8,14
2019-02-18 18:00:00,13,6,7
2019-02-18 19:00:00,3,3,0
2019-02-18 20:00:00,0,0,0
2019-02-18 21:00:00,1,0,1
2019-02-18 22:00:00,0,0,0
2019-02-18 23:00:00,0,0,0
2019-02-19 00:00:00,0,0,0
2019-02-19 01:00:00,0,0,0
2019-02-19 02:00:00,0,0,0
2019-02-19 03:00:00,0,0,0
2019-02-19 04:00:00,2,0,2
2019-02-19 05:00:00,2,0,2
2019-02-19 06:00:00,3,2,1
2019-02-19 07:00:00,21,10,11
2019-02-19 08:00:00,19,11,8
2019-02-19 09:00:00,10,4,6
2019-02-19 10:00:00,7,3,4
2019-02-19 11:00:00,7,6,1
2019-02-19 12:00:00,5,2,3
2019-02-19 13:00:00,4,2,2
2019-02-19 14:00:00,5,2,3
2019-02-19 15:00:00,6,3,3
2019-02-19 16:00:00,19,12,7
2019-02-19 17:00:00,21,8,13
2019-02-19 18:00:00,19,12,7
2019-02-19 19:00:00,5,2,3
2019-02-19 20:00:00,3,1,2
2019-02-19 21:00:00,1,0,1
2019-02-19 22:00:00,0,0,0
2019-02-19 23:00:00,0,0,0
2019-02-20 00:00:00,0,0,0
2019-02-20 01:00:00,0,0,0
2019-02-20 02:00:00,0,0,0
2019-02-20 03:00:00,0,0,0
2019-02-20 04:00:00,2,0,2
2019-02-20 05:00:00,3,0,3
2019-02-20 06:00:00,5,2,3
2019-02-20 07:00:00,14,8,6
2019-02-20 08:00:00,21,11,10
2019-02-20 09:00:00,8,4,4
2019-02-20 10:00:00,9,5,4
2019-02-20 11:00:00,4,2,2
2019-02-20 12:00:00,7,6,1
2019-02-20 13:00:00,10,6,4
2019-02-20 14:00:00,7,4,3
2019-02-20 15:00:00,9,4,5
2019-02-20 16:00:00,12,7,5
2019-02-20 17:00:00,30,14,16
2019-02-20 18:00:00,12,6,6
2019-02-20 19:00:00,8,3,5
2019-02-20 20:00:00,4,0,4
2019-02-20 21:00:00,1,1,0
2019-02-20 22:00:00,2,1,1
2019-02-20 23:00:00,0,0,0
2019-02-21 00:00:00,0,0,0
2019-02-21 01:00:00,0,0,0
2019-02-21 02:00:00,0,0,0
2019-02-21 03:00:00,0,0,0
2019-02-21 04:00:00,3,1,2
2019-02-21 05:00:00,1,0,1
2019-02-21 06:00:00,4,2,2
2019-02-21 07:00:00,20,9,11
2019-02-21 08:00:00,24,10,14
2019-02-21 09:00:00,11,6,5
2019-02-21 10:00:00,7,4,3
2019-02-21 11:00:00,18,11,7
2019-02-21 12:00:00,15,9,6
2019-02-21 13:00:00,24,8,16
2019-02-21 14:00:00,26,14,12
2019-02-21 15:00:00,32,18,14
2019-02-21 16:00:00,47,32,15
2019-02-21 17:00:00,38,13,25
2019-02-21 18:00:00,19,5,14
2019-02-21 19:00:00,7,3,4
2019-02-21 20:00:00,9,3,6
2019-02-21 21:00:00,2,1,1
2019-02-21 22:00:00,0,0,0
2019-02-21 23:00:00,1,1,0
2019-02-22 00:00:00,0,0,0
2019-02-22 01:00:00,0,0,0
2019-02-22 02:00:00,0,0,0
2019-02-22 03:00:00,0,0,0
2019-02-22 04:00:00,0,0,0
2019-02-22 05:00:00,1,0,1
2019-02-22 06:00:00,6,2,4
2019-02-22 07:00:00,16,9,7
2019-02-22 08:00:00,20,10,10
2019-02-22 09:00:00,11,4,7
2019-02-22 10:00:00,4,1,3
2019-02-22 11:00:00,3,2,1
2019-02-22 12:00:00,5,2,3
2019-02-22 13:00:00,2,2,0
2019-02-22 14:00:00,3,1,2
2019-02-22 15:00:00,5,2,3
2019-02-22 16:00:00,14,7,7
2019-02-22 17:00:00,14,10,4
2019-02-22 18:00:00,11,4,7
2019-02-22 19:00:00,7,4,3
2019-02-22 20:00:00,5,3,2
2019-02-22 21:00:00,1,0,1
2019-02-22 22:00:00,1,1,0
2019-02-22 23:00:00,1,0,1
2019-02-23 00:00:00,1,0,1
2019-02-23 01:00:00,0,0,0
2019-02-23 02:00:00,0,0,0
2019-02-23 03:00:00,0,0,0
2019-02-23 04:00:00,0,0,0
2019-02-23 05:00:00,1,1,0
2019-02-23 06:00:00,1,0,1
2019-02-23 07:00:00,3,1,2
2019-02-23 08:00:00,8,7,1
2019-02-23 09:00:00,27,20,7
2019-02-23 10:00:00,44,17,27
2019-02-23 11:00:00,42,15,27
2019-02-23 12:00:00,31,13,18
2019-02-23 13:00:00,37,11,26
2019-02-23 14:00:00,20,10,10
2019-02-23 15:00:00,20,4,16
2019-02-23 16:00:00,5,2,3
2019-02-23 17:00:00,5,3,2
2019-02-23 18:00:00,5,3,2
2019-02-23 19:00:00,2,1,1
2019-02-23 20:00:00,0,0,0
2019-02-23 21:00:00,0,0,0
2019-02-23 22:00:00,1,0,1
2019-02-23 23:00:00,0,0,0
2019-02-24 00:00:00,0,0,0
2019-02-24 01:00:00,0,0,0
2019-02-24 02:00:00,0,0,0
2019-02-24 03:00:00,0,0,0
2019-02-24 04:00:00,0,0,0
2019-02-24 05:00:00,1,1,0
2019-02-24 06:00:00,2,0,2
2019-02-24 07:00:00,9,2,7
2019-02-24 08:00:00,20,10,10
2019-02-24 09:00:00,7,4,3
2019-02-24 10:00:00,18,10,8
2019-02-24 11:00:00,53,25,28
2019-02-24 12:00:00,41,24,17
2019-02-24 13:00:00,32,21,11
2019-02-24 14:00:00,29,13,16
2019-02-24 15:00:00,32,15,17
2019-02-24 16:00:00,25,13,12
2019-02-24 17:00:00,9,4,5
2019-02-24 18:00:00,0,0,0
2019-02-24 19:00:00,1,0,1
2019-02-24 20:00:00,0,0,0
2019-02-24 21:00:00,0,0,0
2019-02-24 22:00:00,0,0,0
2019-02-24 23:00:00,3,0,3
2019-02-25 00:00:00,0,0,0
2019-02-25 01:00:00,0,0,0
2019-02-25 02:00:00,0,0,0
2019-02-25 03:00:00,0,0,0
2019-02-25 04:00:00,1,0,1
2019-02-25 05:00:00,4,1,3
2019-02-25 06:00:00,5,0,5
2019-02-25 07:00:00,23,10,13
2019-02-25 08:00:00,31,12,19
2019-02-25 09:00:00,14,5,9
2019-02-25 10:00:00,8,5,3
2019-02-25 11:00:00,11,6,5
2019-02-25 12:00:00,12,3,9
2019-02-25 13:00:00,17,13,4
2019-02-25 14:00:00,16,8,8
2019-02-25 15:00:00,14,7,7
2019-02-25 16:00:00,34,20,14
2019-02-25 17:00:00,36,21,15
2019-02-25 18:00:00,26,13,13
2019-02-25 19:00:00,8,2,6
2019-02-25 20:00:00,5,2,3
2019-02-25 21:00:00,3,2,1
2019-02-25 22:00:00,0,0,0
2019-02-25 23:00:00,0,0,0
2019-02-26 00:00:00,0,0,0
2019-02-26 01:00:00,0,0,0
2019-02-26 02:00:00,0,0,0
2019-02-26 03:00:00,0,0,0
2019-02-26 04:00:00,3,0,3
2019-02-26 05:00:00,5,2,3
2019-02-26 06:00:00,8,4,4
2019-02-26 07:00:00,31,12,19
2019-02-26 08:00:00,28,10,18
2019-02-26 09:00:00,13,6,7
2019-02-26 10:00:00,10,8,2
2019-02-26 11:00:00,8,4,4
2019-02-26 12:00:00,15,7,8
2019-02-26 13:00:00,16,8,8
2019-02-26 14:00:00,17,7,10
2019-02-26 15:00:00,15,5,10
2019-02-26 16:00:00,35,22,13
2019-02-26 17:00:00,49,25,24
2019-02-26 18:00:00,37,13,24
2019-02-26 19:00:00,13,6,7
2019-02-26 20:00:00,3,2,1
2019-02-26 21:00:00,3,0,3
2019-02-26 22:00:00,1,1,0
2019-02-26 23:00:00,2,1,1
2019-02-27 00:00:00,0,0,0
2019-02-27 01:00:00,0,0,0
2019-02-27 02:00:00,0,0,0
2019-02-27 03:00:00,0,0,0
2019-02-27 04:00:00,2,0,2
2019-02-27 05:00:00,5,1,4
2019-02-27 06:00:00,9,4,5
2019-02-27 07:00:00,27,15,12
2019-02-27 08:00:00,22,12,10
2019-02-27 09:00:00,13,4,9
2019-02-27 10:00:00,6,5,1
2019-02-27 11:00:00,4,2,2
2019-02-27 12:00:00,4,4,0
2019-02-27 13:00:00,6,2,4
2019-02-27 14:00:00,11,8,3
2019-02-27 15:00:00,12,5,7
2019-02-27 16:00:00,19,13,6
2019-02-27 17:00:00,41,19,22
2019-02-27 18:00:00,12,5,7
2019-02-27 19:00:00,14,5,9
2019-02-27 20:00:00,2,2,0
2019-02-27 21:00:00,3,1,2
2019-02-27 22:00:00,0,0,0
2019-02-27 23:00:00,0,0,0
2019-02-28 00:00:00,0,0,0
2019-02-28 01:00:00,0,0,0
2019-02-28 02:00:00,0,0,0
2019-02-28 03:00:00,0,0,0
2019-02-28 04:00:00,2,0,2
2019-02-28 05:00:00,2,0,2
2019-02-28 06:00:00,8,7,1
2019-02-28 07:00:00,31,14,17
2019-02-28 08:00:00,27,9,18
2019-02-28 09:00:00,15,9,6
2019-02-28 10:00:00,8,5,3
2019-02-28 11:00:00,19,5,14
2019-02-28 12:00:00,9,4,5
2019-02-28 13:00:00,15,10,5
2019-02-28 14:00:00,16,11,5
2019-02-28 15:00:00,30,16,14
2019-02-28 16:00:00,39,23,16
2019-02-28 17:00:00,47,23,24
2019-02-28 18:00:00,38,15,23
2019-02-28 19:00:00,7,5,2
2019-02-28 20:00:00,5,1,4
2019-02-28 21:00:00,1,0,1
2019-02-28 22:00:00,1,1,0
2019-02-28 23:00:00,0,0,0
2019-03-01 00:00:00,0,0,0
2019-03-01 01:00:00,0,0,0
2019-03-01 02:00:00,0,0,0
2019-03-01 03:00:00,0,0,0
2019-03-01 04:00:00,2,1,1
2019-03-01 05:00:00,3,2,1
2019-03-01 06:00:00,7,2,5
2019-03-01 07:00:00,31,17,14
2019-03-01 08:00:00,30,10,20
2019-03-01 09:00:00,15,8,7
2019-03-01 10:00:00,15,9,6
2019-03-01 11:00:00,21,10,11
2019-03-01 12:00:00,23,13,10
2019-03-01 13:00:00,30,13,17
2019-03-01 14:00:00,28,16,12
2019-03-01 15:00:00,31,16,15
2019-03-01 16:00:00,52,24,28
2019-03-01 17:00:00,58,28,30
2019-03-01 18:00:00,11,6,5
2019-03-01 19:00:00,7,1,6
2019-03-01 20:00:00,6,3,3
2019-03-01 21:00:00,2,1,1
2019-03-01 22:00:00,1,0,1
2019-03-01 23:00:00,1,1,0
2019-03-02 00:00:00,0,0,0
2019-03-02 01:00:00,0,0,0
2019-03-02 02:00:00,1,0,1
2019-03-02 03:00:00,0,0,0
2019-03-02 04:00:00,2,1,1
2019-03-02 05:00:00,2,2,0
2019-03-02 06:00:00,2,0,2
2019-03-02 07:00:00,9,2,7
2019-03-02 08:00:00,21,12,9
2019-03-02 09:00:00,87,76,11
2019-03-02 10:00:00,93,55,38
2019-03-02 11:00:00,94,31,63
2019-03-02 12:00:00,92,48,44
2019-03-02 13:00:00,99,41,58
2019-03-02 14:00:00,105,48,57
2019-03-02 15:00:00,71,28,43
2019-03-02 16:00:00,33,6,27
2019-03-02 17:00:00,13,5,8
2019-03-02 18:00:00,6,5,1
2019-03-02 19:00:00,0,0,0
2019-03-02 20:00:00,2,1,1
2019-03-02 21:00:00,0,0,0
2019-03-02 22:00:00,0,0,0
2019-03-02 23:00:00,0,0,0
2019-03-03 00:00:00,0,0,0
2019-03-03 01:00:00,0,0,0
2019-03-03 02:00:00,0,0,0
2019-03-03 03:00:00,0,0,0
2019-03-03 04:00:00,0,0,0
2019-03-03 05:00:00,1,1,0
2019-03-03 06:00:00,1,0,1
2019-03-03 07:00:00,10,9,1
2019-03-03 08:00:00,20,16,4
2019-03-03 09:00:00,43,29,14
2019-03-03 10:00:00,59,38,21
2019-03-03 11:00:00,122,57,65
2019-03-03 12:00:00,89,30,59
2019-03-03 13:00:00,68,32,36
2019-03-03 14:00:00,73,33,40
2019-03-03 15:00:00,75,33,42
2019-03-03 16:00:00,45,22,23
2019-03-03 17:00:00,21,3,18
2019-03-03 18:00:00,2,1,1
2019-03-03 19:00:00,1,0,1
2019-03-03 20:00:00,0,0,0
2019-03-03 21:00:00,0,0,0
2019-03-03 22:00:00,0,0,0
2019-03-03 23:00:00,0,0,0
2019-03-04 00:00:00,0,0,0
2019-03-04 01:00:00,0,0,0
2019-03-04 02:00:00,0,0,0
2019-03-04 03:00:00,0,0,0
2019-03-04 04:00:00,3,1,2
2019-03-04 05:00:00,4,0,4
2019-03-04 06:00:00,13,2,11
2019-03-04 07:00:00,37,11,26
2019-03-04 08:00:00,35,16,19
2019-03-04 09:00:00,15,8,7
2019-03-04 10:00:00,19,9,10
2019-03-04 11:00:00,12,8,4
2019-03-04 12:00:00,13,5,8
2019-03-04 13:00:00,23,16,7
2019-03-04 14:00:00,29,20,9
2019-03-04 15:00:00,28,10,18
2019-03-04 16:00:00,40,24,16
2019-03-04 17:00:00,54,28,26
2019-03-04 18:00:00,40,23,17
2019-03-04 19:00:00,10,3,7
2019-03-04 20:00:00,3,3,0
2019-03-04 21:00:00,1,0,1
2019-03-04 22:00:00,0,0,0
2019-03-04 23:00:00,1,1,0
2019-03-05 00:00:00,0,0,0
2019-03-05 01:00:00,0,0,0
2019-03-05 02:00:00,0,0,0
2019-03-05 03:00:00,0,0,0
2019-03-05 04:00:00,1,0,1
2019-03-05 05:00:00,3,0,3
2019-03-05 06:00:00,13,3,10
2019-03-05 07:00:00,35,18,17
2019-03-05 08:00:00,38,12,26
2019-03-05 09:00:00,17,11,6
2019-03-05 10:00:00,10,4,6
2019-03-05 11:00:00,19,10,9
2019-03-05 12:00:00,21,13,8
2019-03-05 13:00:00,21,12,9
2019-03-05 14:00:00,23,10,13
2019-03-05 15:00:00,30,16,14
2019-03-05 16:00:00,39,23,16
2019-03-05 17:00:00,65,33,32
2019-03-05 18:00:00,34,18,16
2019-03-05 19:00:00,13,5,8
2019-03-05 20:00:00,4,0,4
2019-03-05 21:00:00,1,0,1
2019-03-05 22:00:00,0,0,0
2019-03-05 23:00:00,0,0,0
2019-03-06 00:00:00,0,0,0
2019-03-06 01:00:00,0,0,0
2019-03-06 02:00:00,0,0,0
2019-03-06 03:00:00,0,0,0
2019-03-06 04:00:00,1,0,1
2019-03-06 05:00:00,1,0,1
2019-03-06 06:00:00,9,4,5
2019-03-06 07:00:00,27,14,13
2019-03-06 08:00:00,27,13,14
2019-03-06 09:00:00,12,4,8
2019-03-06 10:00:00,8,4,4
2019-03-06 11:00:00,4,3,1
2019-03-06 12:00:00,4,0,4
2019-03-06 13:00:00,5,4,1
2019-03-06 14:00:00,2,1,1
2019-03-06 15:00:00,5,2,3
2019-03-06 16:00:00,9,5,4
2019-03-06 17:00:00,24,15,9
2019-03-06 18:00:00,15,6,9
2019-03-06 19:00:00,10,5,5
2019-03-06 20:00:00,2,1,1
2019-03-06 21:00:00,1,1,0
2019-03-06 22:00:00,0,0,0
2019-03-06 23:00:00,0,0,0
2019-03-07 00:00:00,0,0,0
2019-03-07 01:00:00,0,0,0
2019-03-07 02:00:00,0,0,0
2019-03-07 03:00:00,0,0,0
2019-03-07 04:00:00,0,0,0
2019-03-07 05:00:00,3,0,3
2019-03-07 06:00:00,4,1,3
2019-03-07 07:00:00,5,1,4
2019-03-07 08:00:00,1,1,0
2019-03-07 09:00:00,2,1,1
2019-03-07 10:00:00,7,5,2
2019-03-07 11:00:00,1,1,0
2019-03-07 12:00:00,6,0,6
2019-03-07 13:00:00,1,1,0
2019-03-07 14:00:00,2,0,2
2019-03-07 15:00:00,8,5,3
2019-03-07 16:00:00,17,7,10
2019-03-07 17:00:00,10,3,7
2019-03-07 18:00:00,9,4,5
2019-03-07 19:00:00,10,5,5
2019-03-07 20:00:00,5,1,4
2019-03-07 21:00:00,2,1,1
2019-03-07 22:00:00,0,0,0
2019-03-07 23:00:00,0,0,0
2019-03-08 00:00:00,0,0,0
2019-03-08 01:00:00,1,1,0
2019-03-08 02:00:00,0,0,0
2019-03-08 03:00:00,0,0,0
2019-03-08 04:00:00,1,0,1
2019-03-08 05:00:00,2,0,2
2019-03-08 06:00:00,8,2,6
2019-03-08 07:00:00,25,11,14
2019-03-08 08:00:00,14,3,11
2019-03-08 09:00:00,7,3,4
2019-03-08 10:00:00,6,2,4
2019-03-08 11:00:00,6,4,2
2019-03-08 12:00:00,3,1,2
2019-03-08 13:00:00,6,5,1
2019-03-08 14:00:00,6,4,2
2019-03-08 15:00:00,9,5,4
2019-03-08 16:00:00,19,6,13
2019-03-08 17:00:00,32,17,15
2019-03-08 18:00:00,11,4,7
2019-03-08 19:00:00,6,4,2
2019-03-08 20:00:00,3,2,1
2019-03-08 21:00:00,3,2,1
2019-03-08 22:00:00,0,0,0
2019-03-08 23:00:00,0,0,0
2019-03-09 00:00:00,0,0,0
2019-03-09 01:00:00,0,0,0
2019-03-09 02:00:00,0,0,0
2019-03-09 03:00:00,0,0,0
2019-03-09 04:00:00,0,0,0
2019-03-09 05:00:00,3,2,1
2019-03-09 06:00:00,4,4,0
2019-03-09 07:00:00,11,9,2
2019-03-09 08:00:00,22,12,10
2019-03-09 09:00:00,120,112,8
2019-03-09 10:00:00,47,34,13
2019-03-09 11:00:00,62,40,22
2019-03-09 12:00:00,82,37,45
2019-03-09 13:00:00,68,39,29
2019-03-09 14:00:00,82,35,47
2019-03-09 15:00:00,59,30,29
2019-03-09 16:00:00,46,16,30
2019-03-09 17:00:00,30,10,20
2019-03-09 18:00:00,5,1,4
2019-03-09 19:00:00,1,0,1
2019-03-09 20:00:00,1,1,0
2019-03-09 21:00:00,1,1,0
2019-03-09 22:00:00,1,0,1
2019-03-09 23:00:00,1,1,0
2019-03-10 00:00:00,0,0,0
2019-03-10 01:00:00,0,0,0
2019-03-10 02:00:00,0,0,0
2019-03-10 03:00:00,0,0,0
2019-03-10 04:00:00,0,0,0
2019-03-10 05:00:00,2,2,0
2019-03-10 06:00:00,2,1,1
2019-03-10 07:00:00,3,2,1
2019-03-10 08:00:00,9,5,4
2019-03-10 09:00:00,27,22,5
2019-03-10 10:00:00,41,23,18
2019-03-10 11:00:00,77,43,34
2019-03-10 12:00:00,89,41,48
2019-03-10 13:00:00,107,47,60
2019-03-10 14:00:00,120,59,61
2019-03-10 15:00:00,100,37,63
2019-03-10 16:00:00,87,29,58
2019-03-10 17:00:00,55,11,44
2019-03-10 18:00:00,16,6,10
2019-03-10 19:00:00,4,1,3
2019-03-10 20:00:00,1,0,1
2019-03-10 21:00:00,1,0,1
2019-03-10 22:00:00,0,0,0
2019-03-10 23:00:00,0,0,0
2019-03-11 00:00:00,0,0,0
2019-03-11 01:00:00,0,0,0
2019-03-11 02:00:00,0,0,0
2019-03-11 03:00:00,0,0,0
2019-03-11 04:00:00,1,0,1
2019-03-11 05:00:00,5,1,4
2019-03-11 06:00:00,7,2,5
2019-03-11 07:00:00,41,14,27
2019-03-11 08:00:00,29,9,20
2019-03-11 09:00:00,16,7,9
2019-03-11 10:00:00,10,7,3
2019-03-11 11:00:00,16,12,4
2019-03-11 12:00:00,16,10,6
2019-03-11 13:00:00,15,8,7
2019-03-11 14:00:00,6,3,3
2019-03-11 15:00:00,16,10,6
2019-03-11 16:00:00,41,20,21
2019-03-11 17:00:00,56,37,19
2019-03-11 18:00:00,30,16,14
2019-03-11 19:00:00,10,2,8
2019-03-11 20:00:00,0,0,0
2019-03-11 21:00:00,3,1,2
2019-03-11 22:00:00,0,0,0
2019-03-11 23:00:00,0,0,0
2019-03-12 00:00:00,0,0,0
2019-03-12 01:00:00,5,3,2
2019-03-12 02:00:00,0,0,0
2019-03-12 03:00:00,0,0,0
2019-03-12 04:00:00,1,0,1
2019-03-12 05:00:00,3,0,3
2019-03-12 06:00:00,6,2,4
2019-03-12 07:00:00,17,10,7
2019-03-12 08:00:00,21,5,16
2019-03-12 09:00:00,9,5,4
2019-03-12 10:00:00,3,0,3
2019-03-12 11:00:00,3,2,1
2019-03-12 12:00:00,0,0,0
2019-03-12 13:00:00,2,2,0
2019-03-12 14:00:00,2,2,0
2019-03-12 15:00:00,5,3,2
2019-03-12 16:00:00,16,10,6
2019-03-12 17:00:00,29,17,12
2019-03-12 18:00:00,29,17,12
2019-03-12 19:00:00,13,5,8
2019-03-12 20:00:00,4,1,3
2019-03-12 21:00:00,3,1,2
2019-03-12 22:00:00,1,1,0
2019-03-12 23:00:00,0,0,0
2019-03-13 00:00:00,0,0,0
2019-03-13 01:00:00,0,0,0
2019-03-13 02:00:00,1,1,0
2019-03-13 03:00:00,0,0,0
2019-03-13 04:00:00,3,0,3
2019-03-13 05:00:00,4,0,4
2019-03-13 06:00:00,14,8,6
2019-03-13 07:00:00,34,16,18
2019-03-13 08:00:00,37,11,26
2019-03-13 09:00:00,23,7,16
2019-03-13 10:00:00,13,7,6
2019-03-13 11:00:00,12,4,8
2019-03-13 12:00:00,17,9,8
2019-03-13 13:00:00,24,15,9
2019-03-13 14:00:00,22,11,11
2019-03-13 15:00:00,27,18,9
2019-03-13 16:00:00,50,26,24
2019-03-13 17:00:00,70,43,27
2019-03-13 18:00:00,65,33,32
2019-03-13 19:00:00,27,11,16
2019-03-13 20:00:00,5,3,2
2019-03-13 21:00:00,3,0,3
2019-03-13 22:00:00,0,0,0
2019-03-13 23:00:00,0,0,0
2019-03-14 00:00:00,0,0,0
2019-03-14 01:00:00,0,0,0
2019-03-14 02:00:00,0,0,0
2019-03-14 03:00:00,1,1,0
2019-03-14 04:00:00,3,1,2
2019-03-14 05:00:00,5,0,5
2019-03-14 06:00:00,15,9,6
2019-03-14 07:00:00,38,14,24
2019-03-14 08:00:00,45,17,28
2019-03-14 09:00:00,24,6,18
2019-03-14 10:00:00,12,7,5
2019-03-14 11:00:00,12,5,7
2019-03-14 12:00:00,9,6,3
2019-03-14 13:00:00,44,25,19
2019-03-14 14:00:00,15,9,6
2019-03-14 15:00:00,35,23,12
2019-03-14 16:00:00,47,22,25
2019-03-14 17:00:00,57,35,22
2019-03-14 18:00:00,47,22,25
2019-03-14 19:00:00,14,6,8
2019-03-14 20:00:00,5,1,4
2019-03-14 21:00:00,1,1,0
2019-03-14 22:00:00,1,0,1
2019-03-14 23:00:00,0,0,0
2019-03-15 00:00:00,0,0,0
2019-03-15 01:00:00,0,0,0
2019-03-15 02:00:00,0,0,0
2019-03-15 03:00:00,0,0,0
2019-03-15 04:00:00,3,2,1
2019-03-15 05:00:00,1,0,1
2019-03-15 06:00:00,9,3,6
2019-03-15 07:00:00,35,15,20
2019-03-15 08:00:00,37,17,20
2019-03-15 09:00:00,22,7,15
2019-03-15 10:00:00,22,16,6
2019-03-15 11:00:00,32,13,19
2019-03-15 12:00:00,19,7,12
2019-03-15 13:00:00,37,18,19
2019-03-15 14:00:00,37,15,22
2019-03-15 15:00:00,41,21,20
2019-03-15 16:00:00,55,26,29
2019-03-15 17:00:00,69,34,35
2019-03-15 18:00:00,37,16,21
2019-03-15 19:00:00,11,4,7
2019-03-15 20:00:00,10,4,6
2019-03-15 21:00:00,2,1,1
2019-03-15 22:00:00,0,0,0
2019-03-15 23:00:00,0,0,0
2019-03-16 00:00:00,1,1,0
2019-03-16 01:00:00,0,0,0
2019-03-16 02:00:00,0,0,0
2019-03-16 03:00:00,0,0,0
2019-03-16 04:00:00,0,0,0
2019-03-16 05:00:00,1,1,0
2019-03-16 06:00:00,0,0,0
2019-03-16 07:00:00,12,8,4
2019-03-16 08:00:00,48,32,16
2019-03-16 09:00:00,66,37,29
2019-03-16 10:00:00,78,34,44
2019-03-16 11:00:00,90,61,29
2019-03-16 12:00:00,88,40,48
2019-03-16 13:00:00,71,29,42
2019-03-16 14:00:00,88,40,48
2019-03-16 15:00:00,93,40,53
2019-03-16 16:00:00,79,29,50
2019-03-16 17:00:00,51,25,26
2019-03-16 18:00:00,24,5,19
2019-03-16 19:00:00,5,2,3
2019-03-16 20:00:00,1,1,0
2019-03-16 21:00:00,0,0,0
2019-03-16 22:00:00,1,0,1
2019-03-16 23:00:00,0,0,0
2019-03-17 00:00:00,0,0,0
2019-03-17 01:00:00,0,0,0
2019-03-17 02:00:00,0,0,0
2019-03-17 03:00:00,1,1,0
2019-03-17 04:00:00,0,0,0
2019-03-17 05:00:00,3,3,0
2019-03-17 06:00:00,1,1,0
2019-03-17 07:00:00,7,6,1
2019-03-17 08:00:00,40,31,9
2019-03-17 09:00:00,86,44,42
2019-03-17 10:00:00,135,77,58
2019-03-17 11:00:00,145,71,74
2019-03-17 12:00:00,139,80,59
2019-03-17 13:00:00,151,71,80
2019-03-17 14:00:00,132,56,76
2019-03-17 15:00:00,149,73,76
2019-03-17 16:00:00,114,44,70
2019-03-17 17:00:00,68,32,36
2019-03-17 18:00:00,18,3,15
2019-03-17 19:00:00,4,3,1
2019-03-17 20:00:00,1,0,1
2019-03-17 21:00:00,0,0,0
2019-03-17 22:00:00,0,0,0
2019-03-17 23:00:00,0,0,0
2019-03-18 00:00:00,0,0,0
2019-03-18 01:00:00,0,0,0
2019-03-18 02:00:00,0,0,0
2019-03-18 03:00:00,0,0,0
2019-03-18 04:00:00,2,1,1
2019-03-18 05:00:00,6,0,6
2019-03-18 06:00:00,21,7,14
2019-03-18 07:00:00,60,27,33
2019-03-18 08:00:00,66,30,36
2019-03-18 09:00:00,39,15,24
2019-03-18 10:00:00,30,15,15
2019-03-18 11:00:00,31,19,12
2019-03-18 12:00:00,39,25,14
2019-03-18 13:00:00,35,17,18
2019-03-18 14:00:00,36,20,16
2019-03-18 15:00:00,45,28,17
2019-03-18 16:00:00,97,56,41
2019-03-18 17:00:00,137,67,70
2019-03-18 18:00:00,103,49,54
2019-03-18 19:00:00,33,17,16
2019-03-18 20:00:00,5,2,3
2019-03-18 21:00:00,2,0,2
2019-03-18 22:00:00,0,0,0
2019-03-18 23:00:00,0,0,0
2019-03-19 00:00:00,0,0,0
2019-03-19 01:00:00,0,0,0
2019-03-19 02:00:00,2,2,0
2019-03-19 03:00:00,1,0,1
2019-03-19 04:00:00,3,0,3
2019-03-19 05:00:00,8,3,5
2019-03-19 06:00:00,29,14,15
2019-03-19 07:00:00,70,33,37
2019-03-19 08:00:00,61,22,39
2019-03-19 09:00:00,38,24,14
2019-03-19 10:00:00,27,16,11
2019-03-19 11:00:00,32,16,16
2019-03-19 12:00:00,37,15,22
2019-03-19 13:00:00,31,16,15
2019-03-19 14:00:00,57,32,25
2019-03-19 15:00:00,60,26,34
2019-03-19 16:00:00,93,53,40
2019-03-19 17:00:00,129,75,54
2019-03-19 18:00:00,127,61,66
2019-03-19 19:00:00,53,15,38
2019-03-19 20:00:00,6,1,5
2019-03-19 21:00:00,3,0,3
2019-03-19 22:00:00,1,0,1
2019-03-19 23:00:00,0,0,0
2019-03-20 00:00:00,0,0,0
2019-03-20 01:00:00,0,0,0
2019-03-20 02:00:00,0,0,0
2019-03-20 03:00:00,0,0,0
2019-03-20 04:00:00,3,1,2
2019-03-20 05:00:00,7,0,7
2019-03-20 06:00:00,24,12,12
2019-03-20 07:00:00,66,31,35
2019-03-20 08:00:00,54,17,37
2019-03-20 09:00:00,38,18,20
2019-03-20 10:00:00,21,9,12
2019-03-20 11:00:00,25,18,7
2019-03-20 12:00:00,43,17,26
2019-03-20 13:00:00,51,19,32
2019-03-20 14:00:00,29,19,10
2019-03-20 15:00:00,54,25,29
2019-03-20 16:00:00,91,59,32
2019-03-20 17:00:00,137,83,54
2019-03-20 18:00:00,85,43,42
2019-03-20 19:00:00,47,23,24
2019-03-20 20:00:00,12,6,6
2019-03-20 21:00:00,4,1,3
2019-03-20 22:00:00,1,0,1
2019-03-20 23:00:00,0,0,0
2019-03-21 00:00:00,0,0,0
2019-03-21 01:00:00,0,0,0
2019-03-21 02:00:00,0,0,0
2019-03-21 03:00:00,0,0,0
2019-03-21 04:00:00,3,0,3
2019-03-21 05:00:00,10,4,6
2019-03-21 06:00:00,16,8,8
2019-03-21 07:00:00,54,23,31
2019-03-21 08:00:00,45,23,22
2019-03-21 09:00:00,27,14,13
2019-03-21 10:00:00,21,12,9
2019-03-21 11:00:00,19,7,12
2019-03-21 12:00:00,20,14,6
2019-03-21 13:00:00,24,10,14
2019-03-21 14:00:00,17,6,11
2019-03-21 15:00:00,39,26,13
2019-03-21 16:00:00,58,35,23
2019-03-21 17:00:00,80,37,43
2019-03-21 18:00:00,68,40,28
2019-03-21 19:00:00,36,14,22
2019-03-21 20:00:00,4,1,3
2019-03-21 21:00:00,2,1,1
2019-03-21 22:00:00,0,0,0
2019-03-21 23:00:00,1,0,1
2019-03-22 00:00:00,0,0,0
2019-03-22 01:00:00,0,0,0
2019-03-22 02:00:00,1,1,0
2019-03-22 03:00:00,0,0,0
2019-03-22 04:00:00,2,0,2
2019-03-22 05:00:00,4,1,3
2019-03-22 06:00:00,8,4,4
2019-03-22 07:00:00,47,19,28
2019-03-22 08:00:00,35,12,23
2019-03-22 09:00:00,20,9,11
2019-03-22 10:00:00,30,21,9
2019-03-22 11:00:00,26,14,12
2019-03-22 12:00:00,30,13,17
2019-03-22 13:00:00,29,10,19
2019-03-22 14:00:00,31,18,13
2019-03-22 15:00:00,34,19,15
2019-03-22 16:00:00,26,14,12
2019-03-22 17:00:00,33,19,14
2019-03-22 18:00:00,19,12,7
2019-03-22 19:00:00,4,3,1
2019-03-22 20:00:00,7,4,3
2019-03-22 21:00:00,3,1,2
2019-03-22 22:00:00,0,0,0
2019-03-22 23:00:00,0,0,0
2019-03-23 00:00:00,0,0,0
2019-03-23 01:00:00,0,0,0
2019-03-23 02:00:00,0,0,0
2019-03-23 03:00:00,0,0,0
2019-03-23 04:00:00,0,0,0
2019-03-23 05:00:00,1,1,0
2019-03-23 06:00:00,0,0,0
2019-03-23 07:00:00,9,2,7
2019-03-23 08:00:00,41,27,14
2019-03-23 09:00:00,84,62,22
2019-03-23 10:00:00,74,38,36
2019-03-23 11:00:00,118,59,59
2019-03-23 12:00:00,108,60,48
2019-03-23 13:00:00,87,37,50
2019-03-23 14:00:00,76,42,34
2019-03-23 15:00:00,57,20,37
2019-03-23 16:00:00,54,23,31
2019-03-23 17:00:00,38,17,21
2019-03-23 18:00:00,12,3,9
2019-03-23 19:00:00,8,1,7
2019-03-23 20:00:00,0,0,0
2019-03-23 21:00:00,0,0,0
2019-03-23 22:00:00,2,2,0
2019-03-23 23:00:00,1,1,0
2019-03-24 00:00:00,1,0,1
2019-03-24 01:00:00,1,1,0
2019-03-24 02:00:00,0,0,0
2019-03-24 03:00:00,0,0,0
2019-03-24 04:00:00,0,0,0
2019-03-24 05:00:00,2,1,1
2019-03-24 06:00:00,3,1,2
2019-03-24 07:00:00,10,4,6
2019-03-24 08:00:00,24,16,8
2019-03-24 09:00:00,65,40,25
2019-03-24 10:00:00,67,42,25
2019-03-24 11:00:00,91,38,53
2019-03-24 12:00:00,94,51,43
2019-03-24 13:00:00,103,46,57
2019-03-24 14:00:00,66,31,35
2019-03-24 15:00:00,72,29,43
2019-03-24 16:00:00,50,16,34
2019-03-24 17:00:00,42,20,22
2019-03-24 18:00:00,22,7,15
2019-03-24 19:00:00,11,5,6
2019-03-24 20:00:00,2,1,1
2019-03-24 21:00:00,2,0,2
2019-03-24 22:00:00,1,1,0
2019-03-24 23:00:00,0,0,0
2019-03-25 00:00:00,1,0,1
2019-03-25 01:00:00,0,0,0
2019-03-25 02:00:00,0,0,0
2019-03-25 03:00:00,0,0,0
2019-03-25 04:00:00,4,1,3
2019-03-25 05:00:00,5,0,5
2019-03-25 06:00:00,12,7,5
2019-03-25 07:00:00,40,17,23
2019-03-25 08:00:00,35,15,20
2019-03-25 09:00:00,22,12,10
2019-03-25 10:00:00,18,7,11
2019-03-25 11:00:00,12,6,6
2019-03-25 12:00:00,16,11,5
2019-03-25 13:00:00,11,6,5
2019-03-25 14:00:00,11,3,8
2019-03-25 15:00:00,18,12,6
2019-03-25 16:00:00,39,19,20
2019-03-25 17:00:00,50,29,21
2019-03-25 18:00:00,32,19,13
2019-03-25 19:00:00,11,4,7
2019-03-25 20:00:00,0,0,0
2019-03-25 21:00:00,1,0,1
2019-03-25 22:00:00,0,0,0
2019-03-25 23:00:00,0,0,0
2019-03-26 00:00:00,0,0,0
2019-03-26 01:00:00,0,0,0
2019-03-26 02:00:00,1,0,1
2019-03-26 03:00:00,0,0,0
2019-03-26 04:00:00,4,0,4
2019-03-26 05:00:00,10,3,7
2019-03-26 06:00:00,22,8,14
2019-03-26 07:00:00,48,14,34
2019-03-26 08:00:00,41,16,25
2019-03-26 09:00:00,17,8,9
2019-03-26 10:00:00,14,10,4
2019-03-26 11:00:00,14,6,8
2019-03-26 12:00:00,17,8,9
2019-03-26 13:00:00,30,17,13
2019-03-26 14:00:00,29,14,15
2019-03-26 15:00:00,39,28,11
2019-03-26 16:00:00,66,39,27
2019-03-26 17:00:00,106,62,44
2019-03-26 18:00:00,81,48,33
2019-03-26 19:00:00,38,13,25
2019-03-26 20:00:00,5,1,4
2019-03-26 21:00:00,3,2,1
2019-03-26 22:00:00,0,0,0
2019-03-26 23:00:00,0,0,0
2019-03-27 00:00:00,0,0,0
2019-03-27 01:00:00,0,0,0
2019-03-27 02:00:00,0,0,0
2019-03-27 03:00:00,0,0,0
2019-03-27 04:00:00,2,0,2
2019-03-27 05:00:00,12,7,5
2019-03-27 06:00:00,24,7,17
2019-03-27 07:00:00,47,20,27
2019-03-27 08:00:00,48,20,28
2019-03-27 09:00:00,21,12,9
2019-03-27 10:00:00,34,21,13
2019-03-27 11:00:00,26,8,18
2019-03-27 12:00:00,24,5,19
2019-03-27 13:00:00,30,17,13
2019-03-27 14:00:00,26,13,13
2019-03-27 15:00:00,35,20,15
2019-03-27 16:00:00,59,32,27
2019-03-27 17:00:00,87,54,33
2019-03-27 18:00:00,54,29,25
2019-03-27 19:00:00,22,10,12
2019-03-27 20:00:00,1,1,0
2019-03-27 21:00:00,2,2,0
2019-03-27 22:00:00,2,1,1
2019-03-27 23:00:00,0,0,0
2019-03-28 00:00:00,1,0,1
2019-03-28 01:00:00,0,0,0
2019-03-28 02:00:00,0,0,0
2019-03-28 03:00:00,0,0,0
2019-03-28 04:00:00,3,0,3
2019-03-28 05:00:00,9,2,7
2019-03-28 06:00:00,17,10,7
2019-03-28 07:00:00,51,19,32
2019-03-28 08:00:00,49,23,26
2019-03-28 09:00:00,22,8,14
2019-03-28 10:00:00,12,6,6
2019-03-28 11:00:00,17,8,9
2019-03-28 12:00:00,15,8,7
2019-03-28 13:00:00,31,21,10
2019-03-28 14:00:00,29,14,15
2019-03-28 15:00:00,36,19,17
2019-03-28 16:00:00,71,42,29
2019-03-28 17:00:00,108,54,54
2019-03-28 18:00:00,65,30,35
2019-03-28 19:00:00,38,14,24
2019-03-28 20:00:00,5,1,4
2019-03-28 21:00:00,1,1,0
2019-03-28 22:00:00,0,0,0
2019-03-28 23:00:00,1,1,0
2019-03-29 00:00:00,0,0,0
2019-03-29 01:00:00,0,0,0
2019-03-29 02:00:00,1,1,0
2019-03-29 03:00:00,0,0,0
2019-03-29 04:00:00,2,0,2
2019-03-29 05:00:00,11,8,3
2019-03-29 06:00:00,20,7,13
2019-03-29 07:00:00,52,19,33
2019-03-29 08:00:00,38,11,27
2019-03-29 09:00:00,23,14,9
2019-03-29 10:00:00,18,9,9
2019-03-29 11:00:00,26,16,10
2019-03-29 12:00:00,34,23,11
2019-03-29 13:00:00,30,15,15
2019-03-29 14:00:00,39,24,15
2019-03-29 15:00:00,33,16,17
2019-03-29 16:00:00,63,34,29
2019-03-29 17:00:00,79,40,39
2019-03-29 18:00:00,52,27,25
2019-03-29 19:00:00,24,14,10
2019-03-29 20:00:00,3,2,1
2019-03-29 21:00:00,3,1,2
2019-03-29 22:00:00,1,1,0
2019-03-29 23:00:00,0,0,0
2019-03-30 00:00:00,0,0,0
2019-03-30 01:00:00,0,0,0
2019-03-30 02:00:00,0,0,0
2019-03-30 03:00:00,0,0,0
2019-03-30 04:00:00,0,0,0
2019-03-30 05:00:00,3,2,1
2019-03-30 06:00:00,2,1,1
2019-03-30 07:00:00,20,14,6
2019-03-30 08:00:00,52,32,20
2019-03-30 09:00:00,92,57,35
2019-03-30 10:00:00,135,77,58
2019-03-30 11:00:00,123,59,64
2019-03-30 12:00:00,125,68,57
2019-03-30 13:00:00,132,58,74
2019-03-30 14:00:00,124,41,83
2019-03-30 15:00:00,113,51,62
2019-03-30 16:00:00,84,37,47
2019-03-30 17:00:00,50,13,37
2019-03-30 18:00:00,17,5,12
2019-03-30 19:00:00,9,3,6
2019-03-30 20:00:00,2,0,2
2019-03-30 21:00:00,3,0,3
2019-03-30 22:00:00,0,0,0
2019-03-30 23:00:00,2,2,0
2019-03-31 00:00:00,1,0,1
2019-03-31 01:00:00,0,0,0
2019-03-31 02:00:00,0,0,0
2019-03-31 03:00:00,0,0,0
2019-03-31 04:00:00,0,0,0
2019-03-31 05:00:00,1,1,0
2019-03-31 06:00:00,3,1,2
2019-03-31 07:00:00,19,18,1
2019-03-31 08:00:00,76,58,18
2019-03-31 09:00:00,92,48,44
2019-03-31 10:00:00,124,93,31
2019-03-31 11:00:00,165,77,88
2019-03-31 12:00:00,143,53,90
2019-03-31 13:00:00,182,106,76
2019-03-31 14:00:00,122,63,59
2019-03-31 15:00:00,125,53,72
2019-03-31 16:00:00,96,42,54
2019-03-31 17:00:00,59,24,35
2019-03-31 18:00:00,34,14,20
2019-03-31 19:00:00,12,3,9
2019-03-31 20:00:00,2,0,2
2019-03-31 21:00:00,10,8,2
2019-03-31 22:00:00,0,0,0
2019-03-31 23:00:00,0,0,0
2019-04-01 00:00:00,0,0,0
2019-04-01 01:00:00,0,0,0
2019-04-01 02:00:00,0,0,0
2019-04-01 03:00:00,0,0,0
2019-04-01 04:00:00,4,1,3
2019-04-01 05:00:00,17,10,7
2019-04-01 06:00:00,20,8,12
2019-04-01 07:00:00,57,25,32
2019-04-01 08:00:00,63,25,38
2019-04-01 09:00:00,34,17,17
2019-04-01 10:00:00,23,14,9
2019-04-01 11:00:00,22,15,7
2019-04-01 12:00:00,20,5,15
2019-04-01 13:00:00,31,15,16
2019-04-01 14:00:00,34,18,16
2019-04-01 15:00:00,41,24,17
2019-04-01 16:00:00,66,35,31
2019-04-01 17:00:00,118,71,47
2019-04-01 18:00:00,82,40,42
2019-04-01 19:00:00,34,18,16
2019-04-01 20:00:00,5,1,4
2019-04-01 21:00:00,4,1,3
2019-04-01 22:00:00,0,0,0
2019-04-01 23:00:00,0,0,0
2019-04-02 00:00:00,1,0,1
2019-04-02 01:00:00,0,0,0
2019-04-02 02:00:00,0,0,0
2019-04-02 03:00:00,0,0,0
2019-04-02 04:00:00,4,0,4
2019-04-02 05:00:00,10,4,6
2019-04-02 06:00:00,23,10,13
2019-04-02 07:00:00,67,27,40
2019-04-02 08:00:00,56,21,35
2019-04-02 09:00:00,30,10,20
2019-04-02 10:00:00,18,7,11
2019-04-02 11:00:00,17,7,10
2019-04-02 12:00:00,19,13,6
2019-04-02 13:00:00,23,13,10
2019-04-02 14:00:00,23,14,9
2019-04-02 15:00:00,36,18,18
2019-04-02 16:00:00,58,26,32
2019-04-02 17:00:00,125,88,37
2019-04-02 18:00:00,97,43,54
2019-04-02 19:00:00,60,28,32
2019-04-02 20:00:00,11,3,8
2019-04-02 21:00:00,3,1,2
2019-04-02 22:00:00,0,0,0
2019-04-02 23:00:00,0,0,0
2019-04-03 00:00:00,0,0,0
2019-04-03 01:00:00,0,0,0
2019-04-03 02:00:00,0,0,0
2019-04-03 03:00:00,0,0,0
2019-04-03 04:00:00,3,0,3
2019-04-03 05:00:00,14,10,4
2019-04-03 06:00:00,19,6,13
2019-04-03 07:00:00,27,16,11
2019-04-03 08:00:00,39,23,16
2019-04-03 09:00:00,11,3,8
2019-04-03 10:00:00,9,3,6
2019-04-03 11:00:00,6,6,0
2019-04-03 12:00:00,6,2,4
2019-04-03 13:00:00,9,5,4
2019-04-03 14:00:00,9,5,4
2019-04-03 15:00:00,12,5,7
2019-04-03 16:00:00,31,16,15
2019-04-03 17:00:00,53,29,24
2019-04-03 18:00:00,51,28,23
2019-04-03 19:00:00,17,8,9
2019-04-03 20:00:00,1,1,0
2019-04-03 21:00:00,0,0,0
2019-04-03 22:00:00,3,2,1
2019-04-03 23:00:00,0,0,0
2019-04-04 00:00:00,0,0,0
2019-04-04 01:00:00,0,0,0
2019-04-04 02:00:00,0,0,0
2019-04-04 03:00:00,0,0,0
2019-04-04 04:00:00,2,0,2
2019-04-04 05:00:00,9,5,4
2019-04-04 06:00:00,21,4,17
2019-04-04 07:00:00,44,20,24
2019-04-04 08:00:00,51,16,35
2019-04-04 09:00:00,31,18,13
2019-04-04 10:00:00,28,17,11
2019-04-04 11:00:00,18,7,11
2019-04-04 12:00:00,33,18,15
2019-04-04 13:00:00,32,14,18
2019-04-04 14:00:00,31,20,11
2019-04-04 15:00:00,50,25,25
2019-04-04 16:00:00,83,49,34
2019-04-04 17:00:00,106,46,60
2019-04-04 18:00:00,71,37,34
2019-04-04 19:00:00,34,18,16
2019-04-04 20:00:00,9,7,2
2019-04-04 21:00:00,2,0,2
2019-04-04 22:00:00,1,1,0
2019-04-04 23:00:00,0,0,0
2019-04-05 00:00:00,0,0,0
2019-04-05 01:00:00,0,0,0
2019-04-05 02:00:00,0,0,0
2019-04-05 03:00:00,0,0,0
2019-04-05 04:00:00,0,0,0
2019-04-05 05:00:00,2,1,1
2019-04-05 06:00:00,5,1,4
2019-04-05 07:00:00,33,16,17
2019-04-05 08:00:00,28,14,14
2019-04-05 09:00:00,18,8,10
2019-04-05 10:00:00,13,5,8
2019-04-05 11:00:00,11,5,6
2019-04-05 12:00:00,0,0,0
2019-04-05 13:00:00,4,3,1
2019-04-05 14:00:00,5,3,2
2019-04-05 15:00:00,5,3,2
2019-04-05 16:00:00,14,5,9
2019-04-05 17:00:00,25,20,5
2019-04-05 18:00:00,34,16,18
2019-04-05 19:00:00,11,5,6
2019-04-05 20:00:00,7,2,5
2019-04-05 21:00:00,3,1,2
2019-04-05 22:00:00,0,0,0
2019-04-05 23:00:00,0,0,0
2019-04-06 00:00:00,0,0,0
2019-04-06 01:00:00,0,0,0
2019-04-06 02:00:00,0,0,0
2019-04-06 03:00:00,1,1,0
2019-04-06 04:00:00,1,1,0
2019-04-06 05:00:00,3,2,1
2019-04-06 06:00:00,0,0,0
2019-04-06 07:00:00,0,0,0
2019-04-06 08:00:00,7,2,5
2019-04-06 09:00:00,15,9,6
2019-04-06 10:00:00,35,27,8
2019-04-06 11:00:00,29,16,13
2019-04-06 12:00:00,65,18,47
2019-04-06 13:00:00,21,5,16
2019-04-06 14:00:00,16,6,10
2019-04-06 15:00:00,19,9,10
2019-04-06 16:00:00,22,10,12
2019-04-06 17:00:00,15,5,10
2019-04-06 18:00:00,5,0,5
2019-04-06 19:00:00,8,2,6
2019-04-06 20:00:00,0,0,0
2019-04-06 21:00:00,0,0,0
2019-04-06 22:00:00,0,0,0
2019-04-06 23:00:00,1,1,0
2019-04-07 00:00:00,1,1,0
2019-04-07 01:00:00,0,0,0
2019-04-07 02:00:00,0,0,0
2019-04-07 03:00:00,0,0,0
2019-04-07 04:00:00,0,0,0
2019-04-07 05:00:00,1,1,0
2019-04-07 06:00:00,1,0,1
2019-04-07 07:00:00,12,11,1
2019-04-07 08:00:00,20,18,2
2019-04-07 09:00:00,17,11,6
2019-04-07 10:00:00,75,35,40
2019-04-07 11:00:00,64,25,39
2019-04-07 12:00:00,65,34,31
2019-04-07 13:00:00,62,26,36
2019-04-07 14:00:00,72,45,27
2019-04-07 15:00:00,63,23,40
2019-04-07 16:00:00,59,26,33
2019-04-07 17:00:00,41,12,29
2019-04-07 18:00:00,19,4,15
2019-04-07 19:00:00,13,3,10
2019-04-07 20:00:00,3,1,2
2019-04-07 21:00:00,0,0,0
2019-04-07 22:00:00,3,0,3
2019-04-07 23:00:00,0,0,0
2019-04-08 00:00:00,0,0,0
2019-04-08 01:00:00,0,0,0
2019-04-08 02:00:00,0,0,0
2019-04-08 03:00:00,0,0,0
2019-04-08 04:00:00,2,0,2
2019-04-08 05:00:00,5,2,3
2019-04-08 06:00:00,15,3,12
2019-04-08 07:00:00,27,12,15
2019-04-08 08:00:00,30,10,20
2019-04-08 09:00:00,11,9,2
2019-04-08 10:00:00,5,2,3
2019-04-08 11:00:00,7,5,2
2019-04-08 12:00:00,7,5,2
2019-04-08 13:00:00,22,14,8
2019-04-08 14:00:00,14,4,10
2019-04-08 15:00:00,25,14,11
2019-04-08 16:00:00,29,17,12
2019-04-08 17:00:00,53,33,20
2019-04-08 18:00:00,21,7,14
2019-04-08 19:00:00,12,5,7
2019-04-08 20:00:00,1,0,1
2019-04-08 21:00:00,2,0,2
2019-04-08 22:00:00,0,0,0
2019-04-08 23:00:00,0,0,0
2019-04-09 00:00:00,0,0,0
2019-04-09 01:00:00,0,0,0
2019-04-09 02:00:00,0,0,0
2019-04-09 03:00:00,0,0,0
2019-04-09 04:00:00,3,0,3
2019-04-09 05:00:00,4,2,2
2019-04-09 06:00:00,10,2,8
2019-04-09 07:00:00,30,13,17
2019-04-09 08:00:00,46,22,24
2019-04-09 09:00:00,29,15,14
2019-04-09 10:00:00,13,3,10
2019-04-09 11:00:00,18,10,8
2019-04-09 12:00:00,17,7,10
2019-04-09 13:00:00,19,8,11
2019-04-09 14:00:00,24,14,10
2019-04-09 15:00:00,39,18,21
2019-04-09 16:00:00,45,31,14
2019-04-09 17:00:00,96,60,36
2019-04-09 18:00:00,72,42,30
2019-04-09 19:00:00,60,25,35
2019-04-09 20:00:00,11,5,6
2019-04-09 21:00:00,2,0,2
2019-04-09 22:00:00,3,0,3
2019-04-09 23:00:00,0,0,0
2019-04-10 00:00:00,0,0,0
2019-04-10 01:00:00,1,1,0
2019-04-10 02:00:00,0,0,0
2019-04-10 03:00:00,0,0,0
2019-04-10 04:00:00,3,0,3
2019-04-10 05:00:00,7,6,1
2019-04-10 06:00:00,14,5,9
2019-04-10 07:00:00,28,14,14
2019-04-10 08:00:00,32,14,18
2019-04-10 09:00:00,12,7,5
2019-04-10 10:00:00,15,9,6
2019-04-10 11:00:00,12,7,5
2019-04-10 12:00:00,4,2,2
2019-04-10 13:00:00,18,11,7
2019-04-10 14:00:00,10,6,4
2019-04-10 15:00:00,10,9,1
2019-04-10 16:00:00,17,8,9
2019-04-10 17:00:00,42,21,21
2019-04-10 18:00:00,22,12,10
2019-04-10 19:00:00,10,6,4
2019-04-10 20:00:00,5,1,4
2019-04-10 21:00:00,1,1,0
2019-04-10 22:00:00,1,1,0
2019-04-10 23:00:00,0,0,0
2019-04-11 00:00:00,0,0,0
2019-04-11 01:00:00,0,0,0
2019-04-11 02:00:00,1,1,0
2019-04-11 03:00:00,0,0,0
2019-04-11 04:00:00,1,0,1
2019-04-11 05:00:00,4,1,3
2019-04-11 06:00:00,8,2,6
2019-04-11 07:00:00,22,11,11
2019-04-11 08:00:00,19,12,7
2019-04-11 09:00:00,10,2,8
2019-04-11 10:00:00,17,10,7
2019-04-11 11:00:00,4,2,2
2019-04-11 12:00:00,4,1,3
2019-04-11 13:00:00,6,4,2
2019-04-11 14:00:00,4,3,1
2019-04-11 15:00:00,15,10,5
2019-04-11 16:00:00,17,13,4
2019-04-11 17:00:00,31,18,13
2019-04-11 18:00:00,29,12,17
2019-04-11 19:00:00,18,9,9
2019-04-11 20:00:00,1,1,0
2019-04-11 21:00:00,2,0,2
2019-04-11 22:00:00,0,0,0
2019-04-11 23:00:00,0,0,0
2019-04-12 00:00:00,0,0,0
2019-04-12 01:00:00,1,0,1
2019-04-12 02:00:00,1,1,0
2019-04-12 03:00:00,0,0,0
2019-04-12 04:00:00,1,0,1
2019-04-12 05:00:00,0,0,0
2019-04-12 06:00:00,8,5,3
2019-04-12 07:00:00,26,17,9
2019-04-12 08:00:00,43,21,22
2019-04-12 09:00:00,18,9,9
2019-04-12 10:00:00,22,17,5
2019-04-12 11:00:00,24,14,10
2019-04-12 12:00:00,24,8,16
2019-04-12 13:00:00,24,14,10
2019-04-12 14:00:00,24,12,12
2019-04-12 15:00:00,53,27,26
2019-04-12 16:00:00,71,45,26
2019-04-12 17:00:00,87,44,43
2019-04-12 18:00:00,59,27,32
2019-04-12 19:00:00,24,10,14
2019-04-12 20:00:00,10,4,6
2019-04-12 21:00:00,3,0,3
2019-04-12 22:00:00,1,0,1
2019-04-12 23:00:00,0,0,0
2019-04-13 00:00:00,0,0,0
2019-04-13 01:00:00,0,0,0
2019-04-13 02:00:00,1,0,1
2019-04-13 03:00:00,0,0,0
2019-04-13 04:00:00,1,0,1
2019-04-13 05:00:00,1,1,0
2019-04-13 06:00:00,1,0,1
2019-04-13 07:00:00,3,3,0
2019-04-13 08:00:00,8,2,6
2019-04-13 09:00:00,13,8,5
2019-04-13 10:00:00,41,10,31
2019-04-13 11:00:00,26,5,21
2019-04-13 12:00:00,15,10,5
2019-04-13 13:00:00,18,7,11
2019-04-13 14:00:00,7,3,4
2019-04-13 15:00:00,8,2,6
2019-04-13 16:00:00,7,2,5
2019-04-13 17:00:00,9,6,3
2019-04-13 18:00:00,15,8,7
2019-04-13 19:00:00,11,3,8
2019-04-13 20:00:00,2,2,0
2019-04-13 21:00:00,0,0,0
2019-04-13 22:00:00,2,0,2
2019-04-13 23:00:00,0,0,0
2019-04-14 00:00:00,2,2,0
2019-04-14 01:00:00,0,0,0
2019-04-14 02:00:00,0,0,0
2019-04-14 03:00:00,0,0,0
2019-04-14 04:00:00,0,0,0
2019-04-14 05:00:00,1,1,0
2019-04-14 06:00:00,2,2,0
2019-04-14 07:00:00,10,6,4
2019-04-14 08:00:00,41,27,14
2019-04-14 09:00:00,52,35,17
2019-04-14 10:00:00,93,49,44
2019-04-14 11:00:00,106,48,58
2019-04-14 12:00:00,75,28,47
2019-04-14 13:00:00,80,38,42
2019-04-14 14:00:00,51,12,39
2019-04-14 15:00:00,34,19,15
2019-04-14 16:00:00,38,13,25
2019-04-14 17:00:00,16,5,11
2019-04-14 18:00:00,7,1,6
2019-04-14 19:00:00,0,0,0
2019-04-14 20:00:00,1,1,0
2019-04-14 21:00:00,1,0,1
2019-04-14 22:00:00,0,0,0
2019-04-14 23:00:00,0,0,0
2019-04-15 00:00:00,0,0,0
2019-04-15 01:00:00,0,0,0
2019-04-15 02:00:00,0,0,0
2019-04-15 03:00:00,0,0,0
2019-04-15 04:00:00,4,1,3
2019-04-15 05:00:00,11,7,4
2019-04-15 06:00:00,28,7,21
2019-04-15 07:00:00,41,16,25
2019-04-15 08:00:00,59,18,41
2019-04-15 09:00:00,29,9,20
2019-04-15 10:00:00,20,13,7
2019-04-15 11:00:00,20,11,9
2019-04-15 12:00:00,26,13,13
2019-04-15 13:00:00,34,18,16
2019-04-15 14:00:00,25,13,12
2019-04-15 15:00:00,42,23,19
2019-04-15 16:00:00,58,34,24
2019-04-15 17:00:00,97,56,41
2019-04-15 18:00:00,65,35,30
2019-04-15 19:00:00,28,14,14
2019-04-15 20:00:00,11,3,8
2019-04-15 21:00:00,6,2,4
2019-04-15 22:00:00,0,0,0
2019-04-15 23:00:00,0,0,0
2019-04-16 00:00:00,0,0,0
2019-04-16 01:00:00,0,0,0
2019-04-16 02:00:00,3,3,0
2019-04-16 03:00:00,3,1,2
2019-04-16 04:00:00,4,0,4
2019-04-16 05:00:00,2,1,1
2019-04-16 06:00:00,23,6,17
2019-04-16 07:00:00,49,30,19
2019-04-16 08:00:00,50,18,32
2019-04-16 09:00:00,16,6,10
2019-04-16 10:00:00,20,11,9
2019-04-16 11:00:00,16,8,8
2019-04-16 12:00:00,19,7,12
2019-04-16 13:00:00,25,16,9
2019-04-16 14:00:00,15,10,5
2019-04-16 15:00:00,26,18,8
2019-04-16 16:00:00,41,20,21
2019-04-16 17:00:00,79,52,27
2019-04-16 18:00:00,65,26,39
2019-04-16 19:00:00,11,5,6
2019-04-16 20:00:00,6,3,3
2019-04-16 21:00:00,6,3,3
2019-04-16 22:00:00,1,0,1
2019-04-16 23:00:00,0,0,0
2019-04-17 00:00:00,0,0,0
2019-04-17 01:00:00,0,0,0
2019-04-17 02:00:00,1,1,0
2019-04-17 03:00:00,0,0,0
2019-04-17 04:00:00,4,0,4
2019-04-17 05:00:00,14,11,3
2019-04-17 06:00:00,21,6,15
2019-04-17 07:00:00,55,26,29
2019-04-17 08:00:00,47,21,26
2019-04-17 09:00:00,11,6,5
2019-04-17 10:00:00,13,8,5
2019-04-17 11:00:00,18,7,11
2019-04-17 12:00:00,14,5,9
2019-04-17 13:00:00,23,8,15
2019-04-17 14:00:00,16,10,6
2019-04-17 15:00:00,21,13,8
2019-04-17 16:00:00,66,40,26
2019-04-17 17:00:00,77,54,23
2019-04-17 18:00:00,94,54,40
2019-04-17 19:00:00,52,16,36
2019-04-17 20:00:00,15,6,9
2019-04-17 21:00:00,4,2,2
2019-04-17 22:00:00,0,0,0
2019-04-17 23:00:00,1,1,0
2019-04-18 00:00:00,1,0,1
2019-04-18 01:00:00,0,0,0
2019-04-18 02:00:00,0,0,0
2019-04-18 03:00:00,0,0,0
2019-04-18 04:00:00,4,0,4
2019-04-18 05:00:00,7,4,3
2019-04-18 06:00:00,13,4,9
2019-04-18 07:00:00,38,10,28
2019-04-18 08:00:00,24,10,14
2019-04-18 09:00:00,10,6,4
2019-04-18 10:00:00,7,3,4
2019-04-18 11:00:00,6,4,2
2019-04-18 12:00:00,5,3,2
2019-04-18 13:00:00,16,8,8
2019-04-18 14:00:00,15,5,10
2019-04-18 15:00:00,21,13,8
2019-04-18 16:00:00,33,17,16
2019-04-18 17:00:00,57,31,26
2019-04-18 18:00:00,37,20,17
2019-04-18 19:00:00,29,16,13
2019-04-18 20:00:00,6,2,4
2019-04-18 21:00:00,3,0,3
2019-04-18 22:00:00,1,1,0
2019-04-18 23:00:00,0,0,0
2019-04-19 00:00:00,0,0,0
2019-04-19 01:00:00,0,0,0
2019-04-19 02:00:00,0,0,0
2019-04-19 03:00:00,0,0,0
2019-04-19 04:00:00,2,0,2
2019-04-19 05:00:00,4,3,1
2019-04-19 06:00:00,14,6,8
2019-04-19 07:00:00,27,8,19
2019-04-19 08:00:00,23,11,12
2019-04-19 09:00:00,19,9,10
2019-04-19 10:00:00,14,7,7
2019-04-19 11:00:00,8,4,4
2019-04-19 12:00:00,6,3,3
2019-04-19 13:00:00,7,4,3
2019-04-19 14:00:00,7,4,3
2019-04-19 15:00:00,12,7,5
2019-04-19 16:00:00,12,7,5
2019-04-19 17:00:00,33,26,7
2019-04-19 18:00:00,16,5,11
2019-04-19 19:00:00,10,5,5
2019-04-19 20:00:00,3,1,2
2019-04-19 21:00:00,0,0,0
2019-04-19 22:00:00,3,3,0
2019-04-19 23:00:00,1,0,1
2019-04-20 00:00:00,2,1,1
2019-04-20 01:00:00,0,0,0
2019-04-20 02:00:00,0,0,0
2019-04-20 03:00:00,0,0,0
2019-04-20 04:00:00,0,0,0
2019-04-20 05:00:00,2,1,1
2019-04-20 06:00:00,6,3,3
2019-04-20 07:00:00,19,10,9
2019-04-20 08:00:00,81,58,23
2019-04-20 09:00:00,86,56,30
2019-04-20 10:00:00,143,56,87
2019-04-20 11:00:00,112,55,57
2019-04-20 12:00:00,155,74,81
2019-04-20 13:00:00,97,45,52
2019-04-20 14:00:00,79,42,37
2019-04-20 15:00:00,107,41,66
2019-04-20 16:00:00,71,22,49
2019-04-20 17:00:00,75,31,44
2019-04-20 18:00:00,37,13,24
2019-04-20 19:00:00,38,9,29
2019-04-20 20:00:00,4,2,2
2019-04-20 21:00:00,2,1,1
2019-04-20 22:00:00,3,1,2
2019-04-20 23:00:00,0,0,0
2019-04-21 00:00:00,0,0,0
2019-04-21 01:00:00,0,0,0
2019-04-21 02:00:00,1,1,0
2019-04-21 03:00:00,0,0,0
2019-04-21 04:00:00,0,0,0
2019-04-21 05:00:00,2,1,1
2019-04-21 06:00:00,3,1,2
2019-04-21 07:00:00,22,20,2
2019-04-21 08:00:00,44,33,11
2019-04-21 09:00:00,55,33,22
2019-04-21 10:00:00,101,58,43
2019-04-21 11:00:00,89,31,58
2019-04-21 12:00:00,90,43,47
2019-04-21 13:00:00,122,54,68
2019-04-21 14:00:00,87,47,40
2019-04-21 15:00:00,89,28,61
2019-04-21 16:00:00,82,37,45
2019-04-21 17:00:00,56,20,36
2019-04-21 18:00:00,34,14,20
2019-04-21 19:00:00,4,4,0
2019-04-21 20:00:00,2,1,1
2019-04-21 21:00:00,1,0,1
2019-04-21 22:00:00,1,0,1
2019-04-21 23:00:00,2,1,1
2019-04-22 00:00:00,0,0,0
2019-04-22 01:00:00,0,0,0
2019-04-22 02:00:00,1,1,0
2019-04-22 03:00:00,0,0,0
2019-04-22 04:00:00,3,0,3
2019-04-22 05:00:00,10,6,4
2019-04-22 06:00:00,30,15,15
2019-04-22 07:00:00,42,19,23
2019-04-22 08:00:00,44,18,26
2019-04-22 09:00:00,18,7,11
2019-04-22 10:00:00,18,10,8
2019-04-22 11:00:00,20,10,10
2019-04-22 12:00:00,10,3,7
2019-04-22 13:00:00,14,6,8
2019-04-22 14:00:00,11,4,7
2019-04-22 15:00:00,18,9,9
2019-04-22 16:00:00,29,17,12
2019-04-22 17:00:00,43,27,16
2019-04-22 18:00:00,30,17,13
2019-04-22 19:00:00,10,4,6
2019-04-22 20:00:00,3,2,1
2019-04-22 21:00:00,3,0,3
2019-04-22 22:00:00,0,0,0
2019-04-22 23:00:00,0,0,0
2019-04-23 00:00:00,0,0,0
2019-04-23 01:00:00,0,0,0
2019-04-23 02:00:00,1,1,0
2019-04-23 03:00:00,0,0,0
2019-04-23 04:00:00,5,1,4
2019-04-23 05:00:00,6,2,4
2019-04-23 06:00:00,16,4,12
2019-04-23 07:00:00,44,20,24
2019-04-23 08:00:00,55,25,30
2019-04-23 09:00:00,22,8,14
2019-04-23 10:00:00,16,8,8
2019-04-23 11:00:00,15,6,9
2019-04-23 12:00:00,13,6,7
2019-04-23 13:00:00,34,19,15
2019-04-23 14:00:00,33,16,17
2019-04-23 15:00:00,27,15,12
2019-04-23 16:00:00,58,33,25
2019-04-23 17:00:00,113,68,45
2019-04-23 18:00:00,83,39,44
2019-04-23 19:00:00,71,18,53
2019-04-23 20:00:00,8,0,8
2019-04-23 21:00:00,5,1,4
2019-04-23 22:00:00,0,0,0
2019-04-23 23:00:00,1,0,1
2019-04-24 00:00:00,0,0,0
2019-04-24 01:00:00,0,0,0
2019-04-24 02:00:00,0,0,0
2019-04-24 03:00:00,1,1,0
2019-04-24 04:00:00,5,1,4
2019-04-24 05:00:00,17,15,2
2019-04-24 06:00:00,35,10,25
2019-04-24 07:00:00,58,27,31
2019-04-24 08:00:00,51,21,30
2019-04-24 09:00:00,37,19,18
2019-04-24 10:00:00,39,25,14
2019-04-24 11:00:00,16,6,10
2019-04-24 12:00:00,14,6,8
2019-04-24 13:00:00,37,25,12
2019-04-24 14:00:00,38,21,17
2019-04-24 15:00:00,73,47,26
2019-04-24 16:00:00,73,27,46
2019-04-24 17:00:00,103,68,35
2019-04-24 18:00:00,115,61,54
2019-04-24 19:00:00,48,15,33
2019-04-24 20:00:00,18,6,12
2019-04-24 21:00:00,5,3,2
2019-04-24 22:00:00,2,0,2
2019-04-24 23:00:00,0,0,0
2019-04-25 00:00:00,0,0,0
2019-04-25 01:00:00,1,0,1
2019-04-25 02:00:00,0,0,0
2019-04-25 03:00:00,1,1,0
2019-04-25 04:00:00,3,0,3
2019-04-25 05:00:00,9,3,6
2019-04-25 06:00:00,18,7,11
2019-04-25 07:00:00,61,26,35
2019-04-25 08:00:00,46,18,28
2019-04-25 09:00:00,39,26,13
2019-04-25 10:00:00,20,9,11
2019-04-25 11:00:00,25,7,18
2019-04-25 12:00:00,49,21,28
2019-04-25 13:00:00,23,16,7
2019-04-25 14:00:00,41,21,20
2019-04-25 15:00:00,59,41,18
2019-04-25 16:00:00,62,34,28
2019-04-25 17:00:00,118,51,67
2019-04-25 18:00:00,76,46,30
2019-04-25 19:00:00,74,42,32
2019-04-25 20:00:00,28,16,12
2019-04-25 21:00:00,3,0,3
2019-04-25 22:00:00,0,0,0
2019-04-25 23:00:00,1,1,0
2019-04-26 00:00:00,1,1,0
2019-04-26 01:00:00,0,0,0
2019-04-26 02:00:00,0,0,0
2019-04-26 03:00:00,0,0,0
2019-04-26 04:00:00,3,1,2
2019-04-26 05:00:00,15,15,0
2019-04-26 06:00:00,33,11,22
2019-04-26 07:00:00,50,22,28
2019-04-26 08:00:00,43,18,25
2019-04-26 09:00:00,35,20,15
2019-04-26 10:00:00,20,10,10
2019-04-26 11:00:00,28,12,16
2019-04-26 12:00:00,27,12,15
2019-04-26 13:00:00,36,16,20
2019-04-26 14:00:00,36,20,16
2019-04-26 15:00:00,46,21,25
2019-04-26 16:00:00,78,39,39
2019-04-26 17:00:00,82,52,30
2019-04-26 18:00:00,49,28,21
2019-04-26 19:00:00,27,7,20
2019-04-26 20:00:00,12,7,5
2019-04-26 21:00:00,1,1,0
2019-04-26 22:00:00,4,1,3
2019-04-26 23:00:00,0,0,0
2019-04-27 00:00:00,0,0,0
2019-04-27 01:00:00,0,0,0
2019-04-27 02:00:00,2,2,0
2019-04-27 03:00:00,0,0,0
2019-04-27 04:00:00,1,0,1
2019-04-27 05:00:00,2,1,1
2019-04-27 06:00:00,3,1,2
2019-04-27 07:00:00,36,28,8
2019-04-27 08:00:00,50,38,12
2019-04-27 09:00:00,56,35,21
2019-04-27 10:00:00,139,78,61
2019-04-27 11:00:00,153,93,60
2019-04-27 12:00:00,156,64,92
2019-04-27 13:00:00,72,26,46
2019-04-27 14:00:00,61,24,37
2019-04-27 15:00:00,42,19,23
2019-04-27 16:00:00,30,10,20
2019-04-27 17:00:00,13,6,7
2019-04-27 18:00:00,22,8,14
2019-04-27 19:00:00,12,4,8
2019-04-27 20:00:00,0,0,0
2019-04-27 21:00:00,6,2,4
2019-04-27 22:00:00,2,0,2
2019-04-27 23:00:00,2,0,2
2019-04-28 00:00:00,2,1,1
2019-04-28 01:00:00,0,0,0
2019-04-28 02:00:00,2,2,0
2019-04-28 03:00:00,0,0,0
2019-04-28 04:00:00,2,0,2
2019-04-28 05:00:00,2,1,1
2019-04-28 06:00:00,12,8,4
2019-04-28 07:00:00,37,19,18
2019-04-28 08:00:00,69,38,31
2019-04-28 09:00:00,109,48,61
2019-04-28 10:00:00,134,74,60
2019-04-28 11:00:00,198,77,121
2019-04-28 12:00:00,124,63,61
2019-04-28 13:00:00,142,52,90
2019-04-28 14:00:00,112,50,62
2019-04-28 15:00:00,94,44,50
2019-04-28 16:00:00,96,34,62
2019-04-28 17:00:00,54,18,36
2019-04-28 18:00:00,44,17,27
2019-04-28 19:00:00,23,5,18
2019-04-28 20:00:00,2,2,0
2019-04-28 21:00:00,0,0,0
2019-04-28 22:00:00,0,0,0
2019-04-28 23:00:00,0,0,0
2019-04-29 00:00:00,1,1,0
2019-04-29 01:00:00,0,0,0
2019-04-29 02:00:00,2,1,1
2019-04-29 03:00:00,0,0,0
2019-04-29 04:00:00,2,0,2
2019-04-29 05:00:00,12,9,3
2019-04-29 06:00:00,38,9,29
2019-04-29 07:00:00,66,28,38
2019-04-29 08:00:00,66,21,45
2019-04-29 09:00:00,30,11,19
2019-04-29 10:00:00,31,17,14
2019-04-29 11:00:00,17,7,10
2019-04-29 12:00:00,38,24,14
2019-04-29 13:00:00,30,12,18
2019-04-29 14:00:00,46,26,20
2019-04-29 15:00:00,46,24,22
2019-04-29 16:00:00,67,33,34
2019-04-29 17:00:00,93,59,34
2019-04-29 18:00:00,85,52,33
2019-04-29 19:00:00,41,14,27
2019-04-29 20:00:00,10,3,7
2019-04-29 21:00:00,5,2,3
2019-04-29 22:00:00,1,0,1
2019-04-29 23:00:00,0,0,0
2019-04-30 00:00:00,0,0,0
2019-04-30 01:00:00,0,0,0
2019-04-30 02:00:00,1,1,0
2019-04-30 03:00:00,0,0,0
2019-04-30 04:00:00,6,1,5
2019-04-30 05:00:00,10,4,6
2019-04-30 06:00:00,31,14,17
2019-04-30 07:00:00,70,31,39
2019-04-30 08:00:00,62,18,44
2019-04-30 09:00:00,28,16,12
2019-04-30 10:00:00,29,17,12
2019-04-30 11:00:00,44,20,24
2019-04-30 12:00:00,34,19,15
2019-04-30 13:00:00,35,17,18
2019-04-30 14:00:00,43,22,21
2019-04-30 15:00:00,51,34,17
2019-04-30 16:00:00,71,42,29
2019-04-30 17:00:00,139,90,49
2019-04-30 18:00:00,128,67,61
2019-04-30 19:00:00,100,38,62
2019-04-30 20:00:00,20,8,12
2019-04-30 21:00:00,7,3,4
2019-04-30 22:00:00,1,0,1
2019-04-30 23:00:00,2,0,2
2019-05-01 00:00:00,0,0,0
2019-05-01 01:00:00,0,0,0
2019-05-01 02:00:00,0,0,0
2019-05-01 03:00:00,0,0,0
2019-05-01 04:00:00,5,1,4
2019-05-01 05:00:00,19,17,2
2019-05-01 06:00:00,39,5,34
2019-05-01 07:00:00,82,38,44
2019-05-01 08:00:00,68,30,38
2019-05-01 09:00:00,27,13,14
2019-05-01 10:00:00,16,9,7
2019-05-01 11:00:00,17,5,12
2019-05-01 12:00:00,30,13,17
2019-05-01 13:00:00,28,13,15
2019-05-01 14:00:00,25,10,15
2019-05-01 15:00:00,54,36,18
2019-05-01 16:00:00,80,49,31
2019-05-01 17:00:00,125,75,50
2019-05-01 18:00:00,115,60,55
2019-05-01 19:00:00,59,19,40
2019-05-01 20:00:00,12,3,9
2019-05-01 21:00:00,5,3,2
2019-05-01 22:00:00,0,0,0
2019-05-01 23:00:00,1,0,1
2019-05-02 00:00:00,0,0,0
2019-05-02 01:00:00,0,0,0
2019-05-02 02:00:00,0,0,0
2019-05-02 03:00:00,0,0,0
2019-05-02 04:00:00,5,1,4
2019-05-02 05:00:00,9,5,4
2019-05-02 06:00:00,25,7,18
2019-05-02 07:00:00,53,28,25
2019-05-02 08:00:00,57,22,35
2019-05-02 09:00:00,32,11,21
2019-05-02 10:00:00,13,10,3
2019-05-02 11:00:00,19,7,12
2019-05-02 12:00:00,12,10,2
2019-05-02 13:00:00,19,8,11
2019-05-02 14:00:00,25,15,10
2019-05-02 15:00:00,32,19,13
2019-05-02 16:00:00,58,29,29
2019-05-02 17:00:00,103,52,51
2019-05-02 18:00:00,73,39,34
2019-05-02 19:00:00,43,23,20
2019-05-02 20:00:00,14,3,11
2019-05-02 21:00:00,2,2,0
2019-05-02 22:00:00,3,2,1
2019-05-02 23:00:00,0,0,0
2019-05-03 00:00:00,0,0,0
2019-05-03 01:00:00,1,1,0
2019-05-03 02:00:00,1,1,0
2019-05-03 03:00:00,0,0,0
2019-05-03 04:00:00,3,0,3
2019-05-03 05:00:00,15,12,3
2019-05-03 06:00:00,37,12,25
2019-05-03 07:00:00,65,27,38
2019-05-03 08:00:00,55,19,36
2019-05-03 09:00:00,30,14,16
2019-05-03 10:00:00,16,8,8
2019-05-03 11:00:00,27,17,10
2019-05-03 12:00:00,21,7,14
2019-05-03 13:00:00,24,11,13
2019-05-03 14:00:00,29,19,10
2019-05-03 15:00:00,42,16,26
2019-05-03 16:00:00,88,53,35
2019-05-03 17:00:00,100,65,35
2019-05-03 18:00:00,59,35,24
2019-05-03 19:00:00,30,17,13
2019-05-03 20:00:00,19,8,11
2019-05-03 21:00:00,4,1,3
2019-05-03 22:00:00,0,0,0
2019-05-03 23:00:00,1,0,1
2019-05-04 00:00:00,0,0,0
2019-05-04 01:00:00,0,0,0
2019-05-04 02:00:00,1,1,0
2019-05-04 03:00:00,0,0,0
2019-05-04 04:00:00,0,0,0
2019-05-04 05:00:00,1,1,0
2019-05-04 06:00:00,5,3,2
2019-05-04 07:00:00,16,13,3
2019-05-04 08:00:00,79,57,22
2019-05-04 09:00:00,100,51,49
2019-05-04 10:00:00,194,93,101
2019-05-04 11:00:00,166,87,79
2019-05-04 12:00:00,148,93,55
2019-05-04 13:00:00,182,55,127
2019-05-04 14:00:00,130,47,83
2019-05-04 15:00:00,91,38,53
2019-05-04 16:00:00,72,35,37
2019-05-04 17:00:00,47,14,33
2019-05-04 18:00:00,24,12,12
2019-05-04 19:00:00,23,3,20
2019-05-04 20:00:00,5,1,4
2019-05-04 21:00:00,0,0,0
2019-05-04 22:00:00,1,1,0
2019-05-04 23:00:00,1,1,0
2019-05-05 00:00:00,0,0,0
2019-05-05 01:00:00,3,2,1
2019-05-05 02:00:00,0,0,0
2019-05-05 03:00:00,0,0,0
2019-05-05 04:00:00,0,0,0
2019-05-05 05:00:00,1,1,0
2019-05-05 06:00:00,13,9,4
2019-05-05 07:00:00,42,32,10
2019-05-05 08:00:00,84,49,35
2019-05-05 09:00:00,115,61,54
2019-05-05 10:00:00,160,75,85
2019-05-05 11:00:00,179,67,112
2019-05-05 12:00:00,149,74,75
2019-05-05 13:00:00,158,76,82
2019-05-05 14:00:00,141,59,82
2019-05-05 15:00:00,136,58,78
2019-05-05 16:00:00,119,46,73
2019-05-05 17:00:00,61,25,36
2019-05-05 18:00:00,27,11,16
2019-05-05 19:00:00,15,10,5
2019-05-05 20:00:00,16,2,14
2019-05-05 21:00:00,2,0,2
2019-05-05 22:00:00,2,1,1
2019-05-05 23:00:00,1,0,1
2019-05-06 00:00:00,0,0,0
2019-05-06 01:00:00,0,0,0
2019-05-06 02:00:00,2,1,1
2019-05-06 03:00:00,0,0,0
2019-05-06 04:00:00,4,0,4
2019-05-06 05:00:00,17,12,5
2019-05-06 06:00:00,42,12,30
2019-05-06 07:00:00,92,41,51
2019-05-06 08:00:00,69,26,43
2019-05-06 09:00:00,42,20,22
2019-05-06 10:00:00,37,24,13
2019-05-06 11:00:00,30,11,19
2019-05-06 12:00:00,29,12,17
2019-05-06 13:00:00,48,17,31
2019-05-06 14:00:00,43,20,23
2019-05-06 15:00:00,49,29,20
2019-05-06 16:00:00,89,44,45
2019-05-06 17:00:00,121,74,47
2019-05-06 18:00:00,93,47,46
2019-05-06 19:00:00,58,19,39
2019-05-06 20:00:00,9,5,4
2019-05-06 21:00:00,9,3,6
2019-05-06 22:00:00,0,0,0
2019-05-06 23:00:00,2,1,1
2019-05-07 00:00:00,0,0,0
2019-05-07 01:00:00,0,0,0
2019-05-07 02:00:00,0,0,0
2019-05-07 03:00:00,0,0,0
2019-05-07 04:00:00,4,0,4
2019-05-07 05:00:00,12,4,8
2019-05-07 06:00:00,56,19,37
2019-05-07 07:00:00,80,37,43
2019-05-07 08:00:00,86,33,53
2019-05-07 09:00:00,44,28,16
2019-05-07 10:00:00,24,12,12
2019-05-07 11:00:00,36,18,18
2019-05-07 12:00:00,49,27,22
2019-05-07 13:00:00,42,22,20
2019-05-07 14:00:00,43,14,29
2019-05-07 15:00:00,53,27,26
2019-05-07 16:00:00,97,54,43
2019-05-07 17:00:00,176,96,80
2019-05-07 18:00:00,115,72,43
2019-05-07 19:00:00,98,36,62
2019-05-07 20:00:00,34,9,25
2019-05-07 21:00:00,5,1,4
2019-05-07 22:00:00,1,1,0
2019-05-07 23:00:00,0,0,0
2019-05-08 00:00:00,1,0,1
2019-05-08 01:00:00,0,0,0
2019-05-08 02:00:00,1,1,0
2019-05-08 03:00:00,0,0,0
2019-05-08 04:00:00,4,0,4
2019-05-08 05:00:00,22,15,7
2019-05-08 06:00:00,71,28,43
2019-05-08 07:00:00,96,40,56
2019-05-08 08:00:00,59,20,39
2019-05-08 09:00:00,44,13,31
2019-05-08 10:00:00,23,12,11
2019-05-08 11:00:00,28,16,12
2019-05-08 12:00:00,32,17,15
2019-05-08 13:00:00,35,21,14
2019-05-08 14:00:00,36,16,20
2019-05-08 15:00:00,70,44,26
2019-05-08 16:00:00,106,73,33
2019-05-08 17:00:00,148,89,59
2019-05-08 18:00:00,141,59,82
2019-05-08 19:00:00,63,33,30
2019-05-08 20:00:00,19,5,14
2019-05-08 21:00:00,6,3,3
2019-05-08 22:00:00,2,1,1
2019-05-08 23:00:00,2,1,1
2019-05-09 00:00:00,0,0,0
2019-05-09 01:00:00,1,1,0
2019-05-09 02:00:00,1,1,0
2019-05-09 03:00:00,1,0,1
2019-05-09 04:00:00,4,1,3
2019-05-09 05:00:00,11,1,10
2019-05-09 06:00:00,54,20,34
2019-05-09 07:00:00,89,34,55
2019-05-09 08:00:00,70,27,43
2019-05-09 09:00:00,38,16,22
2019-05-09 10:00:00,23,11,12
2019-05-09 11:00:00,26,16,10
2019-05-09 12:00:00,33,10,23
2019-05-09 13:00:00,35,19,16
2019-05-09 14:00:00,30,20,10
2019-05-09 15:00:00,47,26,21
2019-05-09 16:00:00,78,46,32
2019-05-09 17:00:00,153,91,62
2019-05-09 18:00:00,130,71,59
2019-05-09 19:00:00,98,33,65
2019-05-09 20:00:00,41,16,25
2019-05-09 21:00:00,8,4,4
2019-05-09 22:00:00,2,1,1
2019-05-09 23:00:00,0,0,0
2019-05-10 00:00:00,3,2,1
2019-05-10 01:00:00,4,1,3
2019-05-10 02:00:00,0,0,0
2019-05-10 03:00:00,0,0,0
2019-05-10 04:00:00,3,1,2
2019-05-10 05:00:00,14,10,4
2019-05-10 06:00:00,38,14,24
2019-05-10 07:00:00,86,38,48
2019-05-10 08:00:00,77,30,47
2019-05-10 09:00:00,51,21,30
2019-05-10 10:00:00,38,16,22
2019-05-10 11:00:00,40,18,22
2019-05-10 12:00:00,46,25,21
2019-05-10 13:00:00,40,28,12
2019-05-10 14:00:00,48,24,24
2019-05-10 15:00:00,68,39,29
2019-05-10 16:00:00,117,55,62
2019-05-10 17:00:00,98,60,38
2019-05-10 18:00:00,60,35,25
2019-05-10 19:00:00,43,14,29
2019-05-10 20:00:00,19,7,12
2019-05-10 21:00:00,1,1,0
2019-05-10 22:00:00,3,2,1
2019-05-10 23:00:00,3,0,3
2019-05-11 00:00:00,1,0,1
2019-05-11 01:00:00,0,0,0
2019-05-11 02:00:00,0,0,0
2019-05-11 03:00:00,0,0,0
2019-05-11 04:00:00,0,0,0
2019-05-11 05:00:00,4,3,1
2019-05-11 06:00:00,23,15,8
2019-05-11 07:00:00,47,33,14
2019-05-11 08:00:00,137,85,52
2019-05-11 09:00:00,152,79,73
2019-05-11 10:00:00,169,83,86
2019-05-11 11:00:00,183,91,92
2019-05-11 12:00:00,181,62,119
2019-05-11 13:00:00,102,40,62
2019-05-11 14:00:00,153,55,98
2019-05-11 15:00:00,123,40,83
2019-05-11 16:00:00,70,24,46
2019-05-11 17:00:00,39,16,23
2019-05-11 18:00:00,32,14,18
2019-05-11 19:00:00,16,4,12
2019-05-11 20:00:00,7,2,5
2019-05-11 21:00:00,7,2,5
2019-05-11 22:00:00,0,0,0
2019-05-11 23:00:00,0,0,0
2019-05-12 00:00:00,3,0,3
2019-05-12 01:00:00,0,0,0
2019-05-12 02:00:00,0,0,0
2019-05-12 03:00:00,1,1,0
2019-05-12 04:00:00,0,0,0
2019-05-12 05:00:00,3,2,1
2019-05-12 06:00:00,11,8,3
2019-05-12 07:00:00,30,26,4
2019-05-12 08:00:00,48,28,20
2019-05-12 09:00:00,98,50,48
2019-05-12 10:00:00,82,50,32
2019-05-12 11:00:00,120,45,75
2019-05-12 12:00:00,79,35,44
2019-05-12 13:00:00,83,45,38
2019-05-12 14:00:00,84,39,45
2019-05-12 15:00:00,70,26,44
2019-05-12 16:00:00,66,26,40
2019-05-12 17:00:00,62,22,40
2019-05-12 18:00:00,35,20,15
2019-05-12 19:00:00,23,6,17
2019-05-12 20:00:00,6,1,5
2019-05-12 21:00:00,2,0,2
2019-05-12 22:00:00,1,0,1
2019-05-12 23:00:00,0,0,0
2019-05-13 00:00:00,0,0,0
2019-05-13 01:00:00,0,0,0
2019-05-13 02:00:00,2,2,0
2019-05-13 03:00:00,1,0,1
2019-05-13 04:00:00,6,3,3
2019-05-13 05:00:00,16,8,8
2019-05-13 06:00:00,41,13,28
2019-05-13 07:00:00,71,27,44
2019-05-13 08:00:00,59,26,33
2019-05-13 09:00:00,37,11,26
2019-05-13 10:00:00,21,12,9
2019-05-13 11:00:00,17,8,9
2019-05-13 12:00:00,16,5,11
2019-05-13 13:00:00,20,12,8
2019-05-13 14:00:00,17,8,9
2019-05-13 15:00:00,45,31,14
2019-05-13 16:00:00,58,32,26
2019-05-13 17:00:00,107,65,42
2019-05-13 18:00:00,97,50,47
2019-05-13 19:00:00,50,25,25
2019-05-13 20:00:00,23,9,14
2019-05-13 21:00:00,7,0,7
2019-05-13 22:00:00,1,0,1
2019-05-13 23:00:00,0,0,0
2019-05-14 00:00:00,0,0,0
2019-05-14 01:00:00,0,0,0
2019-05-14 02:00:00,0,0,0
2019-05-14 03:00:00,0,0,0
2019-05-14 04:00:00,1,0,1
2019-05-14 05:00:00,10,3,7
2019-05-14 06:00:00,28,14,14
2019-05-14 07:00:00,48,21,27
2019-05-14 08:00:00,44,14,30
2019-05-14 09:00:00,10,6,4
2019-05-14 10:00:00,8,6,2
2019-05-14 11:00:00,8,2,6
2019-05-14 12:00:00,7,4,3
2019-05-14 13:00:00,4,1,3
2019-05-14 14:00:00,11,7,4
2019-05-14 15:00:00,15,10,5
2019-05-14 16:00:00,43,21,22
2019-05-14 17:00:00,71,40,31
2019-05-14 18:00:00,45,23,22
2019-05-14 19:00:00,43,18,25
2019-05-14 20:00:00,7,2,5
2019-05-14 21:00:00,3,2,1
2019-05-14 22:00:00,0,0,0
2019-05-14 23:00:00,1,0,1
2019-05-15 00:00:00,0,0,0
2019-05-15 01:00:00,0,0,0
2019-05-15 02:00:00,0,0,0
2019-05-15 03:00:00,0,0,0
2019-05-15 04:00:00,2,1,1
2019-05-15 05:00:00,21,18,3
2019-05-15 06:00:00,43,8,35
2019-05-15 07:00:00,68,34,34
2019-05-15 08:00:00,60,25,35
2019-05-15 09:00:00,28,10,18
2019-05-15 10:00:00,24,15,9
2019-05-15 11:00:00,26,14,12
2019-05-15 12:00:00,33,14,19
2019-05-15 13:00:00,36,21,15
2019-05-15 14:00:00,28,11,17
2019-05-15 15:00:00,60,32,28
2019-05-15 16:00:00,60,29,31
2019-05-15 17:00:00,65,42,23
2019-05-15 18:00:00,47,22,25
2019-05-15 19:00:00,12,6,6
2019-05-15 20:00:00,7,3,4
2019-05-15 21:00:00,8,6,2
2019-05-15 22:00:00,1,0,1
2019-05-15 23:00:00,0,0,0
2019-05-16 00:00:00,0,0,0
2019-05-16 01:00:00,0,0,0
2019-05-16 02:00:00,4,2,2
2019-05-16 03:00:00,0,0,0
2019-05-16 04:00:00,1,1,0
2019-05-16 05:00:00,5,1,4
2019-05-16 06:00:00,21,6,15
2019-05-16 07:00:00,41,17,24
2019-05-16 08:00:00,47,17,30
2019-05-16 09:00:00,20,11,9
2019-05-16 10:00:00,12,7,5
2019-05-16 11:00:00,22,4,18
2019-05-16 12:00:00,36,2,34
2019-05-16 13:00:00,12,6,6
2019-05-16 14:00:00,9,4,5
2019-05-16 15:00:00,20,13,7
2019-05-16 16:00:00,15,5,10
2019-05-16 17:00:00,44,31,13
2019-05-16 18:00:00,35,20,15
2019-05-16 19:00:00,21,12,9
2019-05-16 20:00:00,10,4,6
2019-05-16 21:00:00,1,1,0
2019-05-16 22:00:00,1,0,1
2019-05-16 23:00:00,0,0,0
2019-05-17 00:00:00,0,0,0
2019-05-17 01:00:00,0,0,0
2019-05-17 02:00:00,0,0,0
2019-05-17 03:00:00,0,0,0
2019-05-17 04:00:00,1,0,1
2019-05-17 05:00:00,6,5,1
2019-05-17 06:00:00,20,8,12
2019-05-17 07:00:00,50,20,30
2019-05-17 08:00:00,50,13,37
2019-05-17 09:00:00,25,7,18
2019-05-17 10:00:00,16,6,10
2019-05-17 11:00:00,22,10,12
2019-05-17 12:00:00,18,9,9
2019-05-17 13:00:00,16,6,10
2019-05-17 14:00:00,29,23,6
2019-05-17 15:00:00,47,27,20
2019-05-17 16:00:00,82,46,36
2019-05-17 17:00:00,90,50,40
2019-05-17 18:00:00,60,35,25
2019-05-17 19:00:00,27,9,18
2019-05-17 20:00:00,15,9,6
2019-05-17 21:00:00,8,3,5
2019-05-17 22:00:00,2,2,0
2019-05-17 23:00:00,1,0,1
2019-05-18 00:00:00,0,0,0
2019-05-18 01:00:00,1,1,0
2019-05-18 02:00:00,0,0,0
2019-05-18 03:00:00,0,0,0
2019-05-18 04:00:00,1,1,0
2019-05-18 05:00:00,6,6,0
2019-05-18 06:00:00,21,13,8
2019-05-18 07:00:00,43,26,17
2019-05-18 08:00:00,93,64,29
2019-05-18 09:00:00,140,74,66
2019-05-18 10:00:00,161,89,72
2019-05-18 11:00:00,175,76,99
2019-05-18 12:00:00,163,58,105
2019-05-18 13:00:00,128,58,70
2019-05-18 14:00:00,108,48,60
2019-05-18 15:00:00,110,42,68
2019-05-18 16:00:00,103,45,58
2019-05-18 17:00:00,65,19,46
2019-05-18 18:00:00,38,13,25
2019-05-18 19:00:00,11,4,7
2019-05-18 20:00:00,13,3,10
2019-05-18 21:00:00,3,3,0
2019-05-18 22:00:00,1,0,1
2019-05-18 23:00:00,0,0,0
2019-05-19 00:00:00,0,0,0
2019-05-19 01:00:00,0,0,0
2019-05-19 02:00:00,0,0,0
2019-05-19 03:00:00,0,0,0
2019-05-19 04:00:00,0,0,0
2019-05-19 05:00:00,3,3,0
2019-05-19 06:00:00,1,1,0
2019-05-19 07:00:00,20,14,6
2019-05-19 08:00:00,49,34,15
2019-05-19 09:00:00,60,29,31
2019-05-19 10:00:00,99,53,46
2019-05-19 11:00:00,129,49,80
2019-05-19 12:00:00,120,47,73
2019-05-19 13:00:00,101,39,62
2019-05-19 14:00:00,97,55,42
2019-05-19 15:00:00,102,46,56
2019-05-19 16:00:00,101,55,46
2019-05-19 17:00:00,47,23,24
2019-05-19 18:00:00,39,11,28
2019-05-19 19:00:00,16,5,11
2019-05-19 20:00:00,4,1,3
2019-05-19 21:00:00,2,2,0
2019-05-19 22:00:00,3,0,3
2019-05-19 23:00:00,0,0,0
2019-05-20 00:00:00,1,0,1
2019-05-20 01:00:00,0,0,0
2019-05-20 02:00:00,0,0,0
2019-05-20 03:00:00,1,1,0
2019-05-20 04:00:00,2,1,1
2019-05-20 05:00:00,13,11,2
2019-05-20 06:00:00,25,5,20
2019-05-20 07:00:00,46,25,21
2019-05-20 08:00:00,39,11,28
2019-05-20 09:00:00,19,6,13
2019-05-20 10:00:00,15,9,6
2019-05-20 11:00:00,14,7,7
2019-05-20 12:00:00,8,6,2
2019-05-20 13:00:00,8,6,2
2019-05-20 14:00:00,9,5,4
2019-05-20 15:00:00,14,6,8
2019-05-20 16:00:00,22,9,13
2019-05-20 17:00:00,47,31,16
2019-05-20 18:00:00,33,19,14
2019-05-20 19:00:00,9,5,4
2019-05-20 20:00:00,2,1,1
2019-05-20 21:00:00,1,0,1
2019-05-20 22:00:00,2,1,1
2019-05-20 23:00:00,0,0,0
2019-05-21 00:00:00,1,0,1
2019-05-21 01:00:00,0,0,0
2019-05-21 02:00:00,0,0,0
2019-05-21 03:00:00,0,0,0
2019-05-21 04:00:00,3,0,3
2019-05-21 05:00:00,6,3,3
2019-05-21 06:00:00,17,6,11
2019-05-21 07:00:00,55,18,37
2019-05-21 08:00:00,63,26,37
2019-05-21 09:00:00,22,7,15
2019-05-21 10:00:00,6,3,3
2019-05-21 11:00:00,6,4,2
2019-05-21 12:00:00,10,6,4
2019-05-21 13:00:00,12,6,6
2019-05-21 14:00:00,16,9,7
2019-05-21 15:00:00,34,13,21
2019-05-21 16:00:00,44,21,23
2019-05-21 17:00:00,89,33,56
2019-05-21 18:00:00,57,31,26
2019-05-21 19:00:00,65,36,29
2019-05-21 20:00:00,22,19,3
2019-05-21 21:00:00,5,3,2
2019-05-21 22:00:00,4,4,0
2019-05-21 23:00:00,3,0,3
2019-05-22 00:00:00,1,0,1
2019-05-22 01:00:00,0,0,0
2019-05-22 02:00:00,0,0,0
2019-05-22 03:00:00,0,0,0
2019-05-22 04:00:00,4,3,1
2019-05-22 05:00:00,10,1,9
2019-05-22 06:00:00,44,28,16
2019-05-22 07:00:00,62,36,26
2019-05-22 08:00:00,57,43,14
2019-05-22 09:00:00,44,28,16
2019-05-22 10:00:00,30,22,8
2019-05-22 11:00:00,36,21,15
2019-05-22 12:00:00,34,16,18
2019-05-22 13:00:00,36,17,19
2019-05-22 14:00:00,49,27,22
2019-05-22 15:00:00,57,21,36
2019-05-22 16:00:00,91,37,54
2019-05-22 17:00:00,138,66,72
2019-05-22 18:00:00,100,47,53
2019-05-22 19:00:00,91,51,40
2019-05-22 20:00:00,33,25,8
2019-05-22 21:00:00,14,9,5
2019-05-22 22:00:00,1,1,0
2019-05-22 23:00:00,1,1,0
2019-05-23 00:00:00,0,0,0
2019-05-23 01:00:00,0,0,0
2019-05-23 02:00:00,0,0,0
2019-05-23 03:00:00,0,0,0
2019-05-23 04:00:00,5,3,2
2019-05-23 05:00:00,13,8,5
2019-05-23 06:00:00,36,23,13
2019-05-23 07:00:00,67,47,20
2019-05-23 08:00:00,59,42,17
2019-05-23 09:00:00,51,31,20
2019-05-23 10:00:00,42,20,22
2019-05-23 11:00:00,35,23,12
2019-05-23 12:00:00,34,19,15
2019-05-23 13:00:00,34,22,12
2019-05-23 14:00:00,42,19,23
2019-05-23 15:00:00,68,29,39
2019-05-23 16:00:00,80,41,39
2019-05-23 17:00:00,148,71,77
2019-05-23 18:00:00,114,53,61
2019-05-23 19:00:00,78,42,36
2019-05-23 20:00:00,58,17,41
2019-05-23 21:00:00,6,5,1
2019-05-23 22:00:00,6,5,1
2019-05-23 23:00:00,0,0,0
2019-05-24 00:00:00,1,1,0
2019-05-24 01:00:00,0,0,0
2019-05-24 02:00:00,0,0,0
2019-05-24 03:00:00,0,0,0
2019-05-24 04:00:00,2,2,0
2019-05-24 05:00:00,10,3,7
2019-05-24 06:00:00,23,15,8
2019-05-24 07:00:00,45,30,15
2019-05-24 08:00:00,31,20,11
2019-05-24 09:00:00,21,12,9
2019-05-24 10:00:00,12,7,5
2019-05-24 11:00:00,14,8,6
2019-05-24 12:00:00,8,3,5
2019-05-24 13:00:00,25,14,11
2019-05-24 14:00:00,15,6,9
2019-05-24 15:00:00,30,13,17
2019-05-24 16:00:00,45,21,24
2019-05-24 17:00:00,59,29,30
2019-05-24 18:00:00,30,15,15
2019-05-24 19:00:00,13,7,6
2019-05-24 20:00:00,4,2,2
2019-05-24 21:00:00,4,3,1
2019-05-24 22:00:00,1,1,0
2019-05-24 23:00:00,0,0,0
2019-05-25 00:00:00,10,5,5
2019-05-25 01:00:00,0,0,0
2019-05-25 02:00:00,1,0,1
2019-05-25 03:00:00,0,0,0
2019-05-25 04:00:00,1,1,0
2019-05-25 05:00:00,1,1,0
2019-05-25 06:00:00,14,5,9
2019-05-25 07:00:00,20,10,10
2019-05-25 08:00:00,50,21,29
2019-05-25 09:00:00,39,18,21
2019-05-25 10:00:00,73,44,29
2019-05-25 11:00:00,47,34,13
2019-05-25 12:00:00,42,25,17
2019-05-25 13:00:00,18,9,9
2019-05-25 14:00:00,19,16,3
2019-05-25 15:00:00,3,2,1
2019-05-25 16:00:00,4,3,1
2019-05-25 17:00:00,3,1,2
2019-05-25 18:00:00,0,0,0
2019-05-25 19:00:00,2,2,0
2019-05-25 20:00:00,3,2,1
2019-05-25 21:00:00,1,1,0
2019-05-25 22:00:00,0,0,0
2019-05-25 23:00:00,0,0,0
2019-05-26 00:00:00,1,0,1
2019-05-26 01:00:00,0,0,0
2019-05-26 02:00:00,0,0,0
2019-05-26 03:00:00,0,0,0
2019-05-26 04:00:00,0,0,0
2019-05-26 05:00:00,0,0,0
2019-05-26 06:00:00,13,12,1
2019-05-26 07:00:00,51,32,19
2019-05-26 08:00:00,62,20,42
2019-05-26 09:00:00,93,39,54
2019-05-26 10:00:00,104,43,61
2019-05-26 11:00:00,92,53,39
2019-05-26 12:00:00,93,50,43
2019-05-26 13:00:00,137,67,70
2019-05-26 14:00:00,130,77,53
2019-05-26 15:00:00,125,73,52
2019-05-26 16:00:00,94,58,36
2019-05-26 17:00:00,53,30,23
2019-05-26 18:00:00,33,20,13
2019-05-26 19:00:00,20,9,11
2019-05-26 20:00:00,11,9,2
2019-05-26 21:00:00,2,2,0
2019-05-26 22:00:00,0,0,0
2019-05-26 23:00:00,0,0,0
2019-05-27 00:00:00,0,0,0
2019-05-27 01:00:00,0,0,0
2019-05-27 02:00:00,0,0,0
2019-05-27 03:00:00,0,0,0
2019-05-27 04:00:00,0,0,0
2019-05-27 05:00:00,1,1,0
2019-05-27 06:00:00,5,3,2
2019-05-27 07:00:00,46,9,37
2019-05-27 08:00:00,75,39,36
2019-05-27 09:00:00,100,51,49
2019-05-27 10:00:00,157,93,64
2019-05-27 11:00:00,143,88,55
2019-05-27 12:00:00,134,69,65
2019-05-27 13:00:00,152,75,77
2019-05-27 14:00:00,164,84,80
2019-05-27 15:00:00,132,76,56
2019-05-27 16:00:00,83,53,30
2019-05-27 17:00:00,60,43,17
2019-05-27 18:00:00,34,17,17
2019-05-27 19:00:00,25,18,7
2019-05-27 20:00:00,6,4,2
2019-05-27 21:00:00,5,2,3
2019-05-27 22:00:00,1,0,1
2019-05-27 23:00:00,0,0,0
2019-05-28 00:00:00,0,0,0
2019-05-28 01:00:00,0,0,0
2019-05-28 02:00:00,0,0,0
2019-05-28 03:00:00,0,0,0
2019-05-28 04:00:00,6,5,1
2019-05-28 05:00:00,7,6,1
2019-05-28 06:00:00,27,18,9
2019-05-28 07:00:00,68,41,27
2019-05-28 08:00:00,66,41,25
2019-05-28 09:00:00,25,12,13
2019-05-28 10:00:00,21,12,9
2019-05-28 11:00:00,15,9,6
2019-05-28 12:00:00,12,4,8
2019-05-28 13:00:00,32,14,18
2019-05-28 14:00:00,15,9,6
2019-05-28 15:00:00,31,16,15
2019-05-28 16:00:00,60,20,40
2019-05-28 17:00:00,124,64,60
2019-05-28 18:00:00,91,33,58
2019-05-28 19:00:00,58,29,29
2019-05-28 20:00:00,18,13,5
2019-05-28 21:00:00,5,3,2
2019-05-28 22:00:00,2,1,1
2019-05-28 23:00:00,1,0,1
2019-05-29 00:00:00,0,0,0
2019-05-29 01:00:00,0,0,0
2019-05-29 02:00:00,0,0,0
2019-05-29 03:00:00,0,0,0
2019-05-29 04:00:00,8,5,3
2019-05-29 05:00:00,14,7,7
2019-05-29 06:00:00,39,27,12
2019-05-29 07:00:00,75,36,39
2019-05-29 08:00:00,54,39,15
2019-05-29 09:00:00,35,17,18
2019-05-29 10:00:00,31,17,14
2019-05-29 11:00:00,37,23,14
2019-05-29 12:00:00,20,14,6
2019-05-29 13:00:00,32,12,20
2019-05-29 14:00:00,31,15,16
2019-05-29 15:00:00,52,24,28
2019-05-29 16:00:00,81,34,47
2019-05-29 17:00:00,119,43,76
2019-05-29 18:00:00,101,54,47
2019-05-29 19:00:00,62,45,17
2019-05-29 20:00:00,36,28,8
2019-05-29 21:00:00,8,5,3
2019-05-29 22:00:00,0,0,0
2019-05-29 23:00:00,1,1,0
2019-05-30 00:00:00,0,0,0
2019-05-30 01:00:00,0,0,0
2019-05-30 02:00:00,0,0,0
2019-05-30 03:00:00,1,0,1
2019-05-30 04:00:00,6,5,1
2019-05-30 05:00:00,15,6,9
2019-05-30 06:00:00,48,32,16
2019-05-30 07:00:00,84,47,37
2019-05-30 08:00:00,65,46,19
2019-05-30 09:00:00,27,18,9
2019-05-30 10:00:00,34,18,16
2019-05-30 11:00:00,20,9,11
2019-05-30 12:00:00,15,6,9
2019-05-30 13:00:00,31,17,14
2019-05-30 14:00:00,20,8,12
2019-05-30 15:00:00,46,19,27
2019-05-30 16:00:00,89,44,45
2019-05-30 17:00:00,137,64,73
2019-05-30 18:00:00,103,40,63
2019-05-30 19:00:00,71,38,33
2019-05-30 20:00:00,26,18,8
2019-05-30 21:00:00,6,5,1
2019-05-30 22:00:00,5,3,2
2019-05-30 23:00:00,1,0,1
2019-05-31 00:00:00,0,0,0
2019-05-31 01:00:00,0,0,0
2019-05-31 02:00:00,0,0,0
2019-05-31 03:00:00,1,1,0
2019-05-31 04:00:00,4,3,1
2019-05-31 05:00:00,15,3,12
2019-05-31 06:00:00,44,32,12
2019-05-31 07:00:00,68,38,30
2019-05-31 08:00:00,62,34,28
2019-05-31 09:00:00,35,19,16
2019-05-31 10:00:00,22,12,10
2019-05-31 11:00:00,21,15,6
2019-05-31 12:00:00,19,16,3
2019-05-31 13:00:00,39,24,15
2019-05-31 14:00:00,35,16,19
2019-05-31 15:00:00,59,21,38
2019-05-31 16:00:00,67,36,31
2019-05-31 17:00:00,93,42,51
2019-05-31 18:00:00,54,29,25
2019-05-31 19:00:00,40,24,16
2019-05-31 20:00:00,16,8,8
2019-05-31 21:00:00,13,9,4
2019-05-31 22:00:00,1,0,1
2019-05-31 23:00:00,2,1,1
2019-06-01 00:00:00,1,1,0
2019-06-01 01:00:00,2,2,0
2019-06-01 02:00:00,0,0,0
2019-06-01 03:00:00,0,0,0
2019-06-01 04:00:00,2,2,0
2019-06-01 05:00:00,6,5,1
2019-06-01 06:00:00,19,6,13
2019-06-01 07:00:00,29,11,18
2019-06-01 08:00:00,54,22,32
2019-06-01 09:00:00,104,41,63
2019-06-01 10:00:00,106,64,42
2019-06-01 11:00:00,104,58,46
2019-06-01 12:00:00,110,62,48
2019-06-01 13:00:00,101,50,51
2019-06-01 14:00:00,100,48,52
2019-06-01 15:00:00,95,52,43
2019-06-01 16:00:00,68,42,26
2019-06-01 17:00:00,61,39,22
2019-06-01 18:00:00,39,24,15
2019-06-01 19:00:00,27,19,8
2019-06-01 20:00:00,19,11,8
2019-06-01 21:00:00,6,5,1
2019-06-01 22:00:00,3,2,1
2019-06-01 23:00:00,1,0,1
2019-06-02 00:00:00,1,1,0
2019-06-02 01:00:00,0,0,0
2019-06-02 02:00:00,0,0,0
2019-06-02 03:00:00,1,0,1
2019-06-02 04:00:00,0,0,0
2019-06-02 05:00:00,1,1,0
2019-06-02 06:00:00,7,5,2
2019-06-02 07:00:00,25,16,9
2019-06-02 08:00:00,76,45,31
2019-06-02 09:00:00,119,81,38
2019-06-02 10:00:00,133,81,52
2019-06-02 11:00:00,164,93,71
2019-06-02 12:00:00,132,63,69
2019-06-02 13:00:00,125,82,43
2019-06-02 14:00:00,96,53,43
2019-06-02 15:00:00,84,54,30
2019-06-02 16:00:00,84,52,32
2019-06-02 17:00:00,61,34,27
2019-06-02 18:00:00,38,25,13
2019-06-02 19:00:00,15,12,3
2019-06-02 20:00:00,7,3,4
2019-06-02 21:00:00,6,3,3
2019-06-02 22:00:00,0,0,0
2019-06-02 23:00:00,4,3,1
2019-06-03 00:00:00,1,1,0
2019-06-03 01:00:00,0,0,0
2019-06-03 02:00:00,1,0,1
2019-06-03 03:00:00,0,0,0
2019-06-03 04:00:00,6,5,1
2019-06-03 05:00:00,17,8,9
2019-06-03 06:00:00,33,25,8
2019-06-03 07:00:00,67,36,31
2019-06-03 08:00:00,62,39,23
2019-06-03 09:00:00,41,26,15
2019-06-03 10:00:00,24,15,9
2019-06-03 11:00:00,24,13,11
2019-06-03 12:00:00,18,9,9
2019-06-03 13:00:00,17,7,10
2019-06-03 14:00:00,22,8,14
2019-06-03 15:00:00,33,15,18
2019-06-03 16:00:00,76,33,43
2019-06-03 17:00:00,123,58,65
2019-06-03 18:00:00,81,31,50
2019-06-03 19:00:00,48,25,23
2019-06-03 20:00:00,24,15,9
2019-06-03 21:00:00,7,5,2
2019-06-03 22:00:00,0,0,0
2019-06-03 23:00:00,0,0,0
2019-06-04 00:00:00,0,0,0
2019-06-04 01:00:00,0,0,0
2019-06-04 02:00:00,0,0,0
2019-06-04 03:00:00,1,1,0
2019-06-04 04:00:00,6,3,3
2019-06-04 05:00:00,18,12,6
2019-06-04 06:00:00,34,18,16
2019-06-04 07:00:00,62,34,28
2019-06-04 08:00:00,70,55,15
2019-06-04 09:00:00,26,21,5
2019-06-04 10:00:00,30,16,14
2019-06-04 11:00:00,34,11,23
2019-06-04 12:00:00,33,20,13
2019-06-04 13:00:00,32,18,14
2019-06-04 14:00:00,42,18,24
2019-06-04 15:00:00,64,23,41
2019-06-04 16:00:00,91,38,53
2019-06-04 17:00:00,121,37,84
2019-06-04 18:00:00,126,65,61
2019-06-04 19:00:00,100,64,36
2019-06-04 20:00:00,29,23,6
2019-06-04 21:00:00,9,8,1
2019-06-04 22:00:00,1,1,0
2019-06-04 23:00:00,2,1,1
2019-06-05 00:00:00,0,0,0
2019-06-05 01:00:00,0,0,0
2019-06-05 02:00:00,0,0,0
2019-06-05 03:00:00,0,0,0
2019-06-05 04:00:00,4,3,1
2019-06-05 05:00:00,22,7,15
2019-06-05 06:00:00,44,32,12
2019-06-05 07:00:00,65,33,32
2019-06-05 08:00:00,57,36,21
2019-06-05 09:00:00,38,23,15
2019-06-05 10:00:00,18,12,6
2019-06-05 11:00:00,21,14,7
2019-06-05 12:00:00,15,7,8
2019-06-05 13:00:00,12,4,8
2019-06-05 14:00:00,17,11,6
2019-06-05 15:00:00,33,16,17
2019-06-05 16:00:00,60,25,35
2019-06-05 17:00:00,76,25,51
2019-06-05 18:00:00,94,43,51
2019-06-05 19:00:00,43,33,10
2019-06-05 20:00:00,18,13,5
2019-06-05 21:00:00,7,2,5
2019-06-05 22:00:00,5,0,5
2019-06-05 23:00:00,3,3,0
2019-06-06 00:00:00,0,0,0
2019-06-06 01:00:00,0,0,0
2019-06-06 02:00:00,0,0,0
2019-06-06 03:00:00,0,0,0
2019-06-06 04:00:00,3,3,0
2019-06-06 05:00:00,12,7,5
2019-06-06 06:00:00,18,9,9
2019-06-06 07:00:00,48,28,20
2019-06-06 08:00:00,36,24,12
2019-06-06 09:00:00,27,14,13
2019-06-06 10:00:00,32,17,15
2019-06-06 11:00:00,27,16,11
2019-06-06 12:00:00,24,14,10
2019-06-06 13:00:00,15,6,9
2019-06-06 14:00:00,22,10,12
2019-06-06 15:00:00,30,10,20
2019-06-06 16:00:00,40,19,21
2019-06-06 17:00:00,58,33,25
2019-06-06 18:00:00,53,32,21
2019-06-06 19:00:00,28,12,16
2019-06-06 20:00:00,16,9,7
2019-06-06 21:00:00,5,3,2
2019-06-06 22:00:00,1,1,0
2019-06-06 23:00:00,0,0,0
2019-06-07 00:00:00,0,0,0
2019-06-07 01:00:00,1,1,0
2019-06-07 02:00:00,0,0,0
2019-06-07 03:00:00,0,0,0
2019-06-07 04:00:00,1,1,0
2019-06-07 05:00:00,8,0,8
2019-06-07 06:00:00,27,18,9
2019-06-07 07:00:00,34,20,14
2019-06-07 08:00:00,37,26,11
2019-06-07 09:00:00,18,12,6
2019-06-07 10:00:00,17,9,8
2019-06-07 11:00:00,26,14,12
2019-06-07 12:00:00,13,8,5
2019-06-07 13:00:00,10,5,5
2019-06-07 14:00:00,7,3,4
2019-06-07 15:00:00,17,4,13
2019-06-07 16:00:00,28,15,13
2019-06-07 17:00:00,46,19,27
2019-06-07 18:00:00,19,10,9
2019-06-07 19:00:00,9,6,3
2019-06-07 20:00:00,5,2,3
2019-06-07 21:00:00,4,1,3
2019-06-07 22:00:00,1,1,0
2019-06-07 23:00:00,0,0,0
2019-06-08 00:00:00,0,0,0
2019-06-08 01:00:00,0,0,0
2019-06-08 02:00:00,0,0,0
2019-06-08 03:00:00,0,0,0
2019-06-08 04:00:00,0,0,0
2019-06-08 05:00:00,1,0,1
2019-06-08 06:00:00,6,5,1
2019-06-08 07:00:00,58,21,37
2019-06-08 08:00:00,84,37,47
2019-06-08 09:00:00,77,42,35
2019-06-08 10:00:00,129,46,83
2019-06-08 11:00:00,153,68,85
2019-06-08 12:00:00,124,77,47
2019-06-08 13:00:00,111,58,53
2019-06-08 14:00:00,91,50,41
2019-06-08 15:00:00,83,51,32
2019-06-08 16:00:00,76,38,38
2019-06-08 17:00:00,45,31,14
2019-06-08 18:00:00,25,14,11
2019-06-08 19:00:00,14,9,5
2019-06-08 20:00:00,6,4,2
2019-06-08 21:00:00,6,4,2
2019-06-08 22:00:00,2,0,2
2019-06-08 23:00:00,6,4,2
2019-06-09 00:00:00,0,0,0
2019-06-09 01:00:00,1,0,1
2019-06-09 02:00:00,0,0,0
2019-06-09 03:00:00,0,0,0
2019-06-09 04:00:00,0,0,0
2019-06-09 05:00:00,0,0,0
2019-06-09 06:00:00,15,5,10
2019-06-09 07:00:00,32,20,12
2019-06-09 08:00:00,71,31,40
2019-06-09 09:00:00,113,55,58
2019-06-09 10:00:00,126,66,60
2019-06-09 11:00:00,174,93,81
2019-06-09 12:00:00,132,90,42
2019-06-09 13:00:00,124,74,50
2019-06-09 14:00:00,93,48,45
2019-06-09 15:00:00,98,53,45
2019-06-09 16:00:00,75,37,38
2019-06-09 17:00:00,74,59,15
2019-06-09 18:00:00,35,25,10
2019-06-09 19:00:00,13,9,4
2019-06-09 20:00:00,14,10,4
2019-06-09 21:00:00,4,3,1
2019-06-09 22:00:00,1,0,1
2019-06-09 23:00:00,0,0,0
2019-06-10 00:00:00,1,1,0
2019-06-10 01:00:00,0,0,0
2019-06-10 02:00:00,0,0,0
2019-06-10 03:00:00,0,0,0
2019-06-10 04:00:00,5,4,1
2019-06-10 05:00:00,20,10,10
2019-06-10 06:00:00,44,32,12
2019-06-10 07:00:00,64,45,19
2019-06-10 08:00:00,72,50,22
2019-06-10 09:00:00,33,22,11
2019-06-10 10:00:00,32,21,11
2019-06-10 11:00:00,35,18,17
2019-06-10 12:00:00,35,20,15
2019-06-10 13:00:00,39,22,17
2019-06-10 14:00:00,31,14,17
2019-06-10 15:00:00,39,17,22
2019-06-10 16:00:00,84,31,53
2019-06-10 17:00:00,121,50,71
2019-06-10 18:00:00,100,54,46
2019-06-10 19:00:00,58,32,26
2019-06-10 20:00:00,20,10,10
2019-06-10 21:00:00,12,7,5
2019-06-10 22:00:00,2,2,0
2019-06-10 23:00:00,6,3,3
2019-06-11 00:00:00,0,0,0
2019-06-11 01:00:00,0,0,0
2019-06-11 02:00:00,0,0,0
2019-06-11 03:00:00,2,2,0
2019-06-11 04:00:00,5,5,0
2019-06-11 05:00:00,9,8,1
2019-06-11 06:00:00,55,35,20
2019-06-11 07:00:00,73,46,27
2019-06-11 08:00:00,81,60,21
2019-06-11 09:00:00,46,35,11
2019-06-11 10:00:00,36,23,13
2019-06-11 11:00:00,41,26,15
2019-06-11 12:00:00,37,22,15
2019-06-11 13:00:00,33,21,12
2019-06-11 14:00:00,33,16,17
2019-06-11 15:00:00,49,24,25
2019-06-11 16:00:00,99,49,50
2019-06-11 17:00:00,156,75,81
2019-06-11 18:00:00,107,55,52
2019-06-11 19:00:00,89,58,31
2019-06-11 20:00:00,51,41,10
2019-06-11 21:00:00,17,12,5
2019-06-11 22:00:00,1,1,0
2019-06-11 23:00:00,1,1,0
2019-06-12 00:00:00,0,0,0
2019-06-12 01:00:00,0,0,0
2019-06-12 02:00:00,0,0,0
2019-06-12 03:00:00,0,0,0
2019-06-12 04:00:00,8,6,2
2019-06-12 05:00:00,22,7,15
2019-06-12 06:00:00,52,37,15
2019-06-12 07:00:00,76,54,22
2019-06-12 08:00:00,70,48,22
2019-06-12 09:00:00,54,31,23
2019-06-12 10:00:00,46,31,15
2019-06-12 11:00:00,28,19,9
2019-06-12 12:00:00,24,14,10
2019-06-12 13:00:00,25,15,10
2019-06-12 14:00:00,31,16,15
2019-06-12 15:00:00,33,18,15
2019-06-12 16:00:00,72,38,34
2019-06-12 17:00:00,128,72,56
2019-06-12 18:00:00,102,55,47
2019-06-12 19:00:00,79,56,23
2019-06-12 20:00:00,21,11,10
2019-06-12 21:00:00,17,11,6
2019-06-12 22:00:00,2,2,0
2019-06-12 23:00:00,1,1,0
2019-06-13 00:00:00,0,0,0
2019-06-13 01:00:00,0,0,0
2019-06-13 02:00:00,0,0,0
2019-06-13 03:00:00,1,1,0
2019-06-13 04:00:00,5,4,1
2019-06-13 05:00:00,23,13,10
2019-06-13 06:00:00,52,34,18
2019-06-13 07:00:00,81,60,21
2019-06-13 08:00:00,73,55,18
2019-06-13 09:00:00,36,22,14
2019-06-13 10:00:00,40,22,18
2019-06-13 11:00:00,29,14,15
2019-06-13 12:00:00,28,12,16
2019-06-13 13:00:00,35,16,19
2019-06-13 14:00:00,32,13,19
2019-06-13 15:00:00,57,21,36
2019-06-13 16:00:00,64,24,40
2019-06-13 17:00:00,107,50,57
2019-06-13 18:00:00,98,32,66
2019-06-13 19:00:00,58,35,23
2019-06-13 20:00:00,31,15,16
2019-06-13 21:00:00,7,6,1
2019-06-13 22:00:00,0,0,0
2019-06-13 23:00:00,0,0,0
2019-06-14 00:00:00,0,0,0
2019-06-14 01:00:00,0,0,0
2019-06-14 02:00:00,0,0,0
2019-06-14 03:00:00,0,0,0
2019-06-14 04:00:00,4,3,1
2019-06-14 05:00:00,16,6,10
2019-06-14 06:00:00,43,23,20
2019-06-14 07:00:00,54,33,21
2019-06-14 08:00:00,60,34,26
2019-06-14 09:00:00,30,21,9
2019-06-14 10:00:00,26,12,14
2019-06-14 11:00:00,25,12,13
2019-06-14 12:00:00,33,20,13
2019-06-14 13:00:00,18,11,7
2019-06-14 14:00:00,38,16,22
2019-06-14 15:00:00,61,27,34
2019-06-14 16:00:00,74,31,43
2019-06-14 17:00:00,66,32,34
2019-06-14 18:00:00,47,22,25
2019-06-14 19:00:00,34,19,15
2019-06-14 20:00:00,15,13,2
2019-06-14 21:00:00,2,0,2
2019-06-14 22:00:00,3,2,1
2019-06-14 23:00:00,2,1,1
2019-06-15 00:00:00,1,1,0
2019-06-15 01:00:00,0,0,0
2019-06-15 02:00:00,0,0,0
2019-06-15 03:00:00,0,0,0
2019-06-15 04:00:00,1,1,0
2019-06-15 05:00:00,3,1,2
2019-06-15 06:00:00,9,1,8
2019-06-15 07:00:00,46,16,30
2019-06-15 08:00:00,95,31,64
2019-06-15 09:00:00,123,59,64
2019-06-15 10:00:00,146,90,56
2019-06-15 11:00:00,128,82,46
2019-06-15 12:00:00,102,55,47
2019-06-15 13:00:00,93,45,48
2019-06-15 14:00:00,113,60,53
2019-06-15 15:00:00,89,48,41
2019-06-15 16:00:00,81,57,24
2019-06-15 17:00:00,39,28,11
2019-06-15 18:00:00,47,37,10
2019-06-15 19:00:00,14,7,7
2019-06-15 20:00:00,13,8,5
2019-06-15 21:00:00,3,2,1
2019-06-15 22:00:00,1,1,0
2019-06-15 23:00:00,0,0,0
2019-06-16 00:00:00,3,1,2
2019-06-16 01:00:00,0,0,0
2019-06-16 02:00:00,0,0,0
2019-06-16 03:00:00,0,0,0
2019-06-16 04:00:00,2,1,1
2019-06-16 05:00:00,2,0,2
2019-06-16 06:00:00,15,3,12
2019-06-16 07:00:00,40,21,19
2019-06-16 08:00:00,81,33,48
2019-06-16 09:00:00,139,64,75
2019-06-16 10:00:00,124,79,45
2019-06-16 11:00:00,180,123,57
2019-06-16 12:00:00,138,80,58
2019-06-16 13:00:00,120,57,63
2019-06-16 14:00:00,137,78,59
2019-06-16 15:00:00,106,59,47
2019-06-16 16:00:00,71,45,26
2019-06-16 17:00:00,65,38,27
2019-06-16 18:00:00,41,20,21
2019-06-16 19:00:00,23,17,6
2019-06-16 20:00:00,21,9,12
2019-06-16 21:00:00,8,7,1
2019-06-16 22:00:00,4,4,0
2019-06-16 23:00:00,1,1,0
2019-06-17 00:00:00,0,0,0
2019-06-17 01:00:00,2,2,0
2019-06-17 02:00:00,0,0,0
2019-06-17 03:00:00,1,0,1
2019-06-17 04:00:00,5,4,1
2019-06-27 00:00:00,0,0,0
2019-06-17 05:00:00,20,8,12
2019-06-17 06:00:00,35,23,12
2019-06-17 07:00:00,55,33,22
2019-06-17 08:00:00,59,34,25
2019-06-17 09:00:00,36,21,15
2019-06-17 10:00:00,26,17,9
2019-06-17 11:00:00,23,14,9
2019-06-17 12:00:00,21,11,10
2019-06-17 13:00:00,34,16,18
2019-06-17 14:00:00,40,19,21
2019-06-17 15:00:00,56,26,30
2019-06-17 16:00:00,71,31,40
2019-06-17 17:00:00,123,47,76
2019-06-17 18:00:00,98,41,57
2019-06-17 19:00:00,81,45,36
2019-06-17 20:00:00,25,18,7
2019-06-17 21:00:00,14,10,4
2019-06-17 22:00:00,3,3,0
2019-06-17 23:00:00,1,0,1
2019-06-18 00:00:00,0,0,0
2019-06-18 01:00:00,1,0,1
2019-06-18 02:00:00,0,0,0
2019-06-18 03:00:00,0,0,0
2019-06-18 04:00:00,4,4,0
2019-06-18 05:00:00,10,8,2
2019-06-18 06:00:00,16,9,7
2019-06-18 07:00:00,33,19,14
2019-06-18 08:00:00,39,26,13
2019-06-18 09:00:00,27,16,11
2019-06-18 10:00:00,13,8,5
2019-06-18 11:00:00,13,1,12
2019-06-18 12:00:00,11,8,3
2019-06-18 13:00:00,12,5,7
2019-06-18 14:00:00,13,7,6
2019-06-18 15:00:00,27,10,17
2019-06-18 16:00:00,44,18,26
2019-06-18 17:00:00,99,35,64
2019-06-18 18:00:00,55,28,27
2019-06-18 19:00:00,53,32,21
2019-06-18 20:00:00,32,25,7
2019-06-18 21:00:00,10,8,2
2019-06-18 22:00:00,1,1,0
2019-06-18 23:00:00,0,0,0
2019-06-19 00:00:00,0,0,0
2019-06-19 01:00:00,0,0,0
2019-06-19 02:00:00,0,0,0
2019-06-19 03:00:00,0,0,0
2019-06-19 04:00:00,3,3,0
2019-06-19 05:00:00,21,8,13
2019-06-19 06:00:00,45,26,19
2019-06-19 07:00:00,57,36,21
2019-06-19 08:00:00,54,35,19
2019-06-19 09:00:00,42,19,23
2019-06-19 10:00:00,22,9,13
2019-06-19 11:00:00,32,22,10
2019-06-19 12:00:00,25,9,16
2019-06-19 13:00:00,40,25,15
2019-06-19 14:00:00,21,13,8
2019-06-19 15:00:00,37,17,20
2019-06-19 16:00:00,60,27,33
2019-06-19 17:00:00,105,52,53
2019-06-19 18:00:00,86,41,45
2019-06-19 19:00:00,39,22,17
2019-06-19 20:00:00,14,9,5
2019-06-19 21:00:00,4,2,2
2019-06-19 22:00:00,0,0,0
2019-06-19 23:00:00,0,0,0
2019-06-20 00:00:00,0,0,0
2019-06-20 01:00:00,0,0,0
2019-06-20 02:00:00,0,0,0
2019-06-20 03:00:00,1,0,1
2019-06-20 04:00:00,2,2,0
2019-06-20 05:00:00,7,3,4
2019-06-20 06:00:00,21,10,11
2019-06-20 07:00:00,38,23,15
2019-06-20 08:00:00,41,28,13
2019-06-20 09:00:00,29,17,12
2019-06-20 10:00:00,21,10,11
2019-06-20 11:00:00,16,4,12
2019-06-20 12:00:00,20,11,9
2019-06-20 13:00:00,19,9,10
2019-06-20 14:00:00,21,13,8
2019-06-20 15:00:00,32,17,15
2019-06-20 16:00:00,61,32,29
2019-06-20 17:00:00,79,32,47
2019-06-20 18:00:00,85,45,40
2019-06-20 19:00:00,46,28,18
2019-06-20 20:00:00,16,9,7
2019-06-20 21:00:00,5,4,1
2019-06-20 22:00:00,1,1,0
2019-06-20 23:00:00,3,0,3
2019-06-21 00:00:00,1,0,1
2019-06-21 01:00:00,1,1,0
2019-06-21 02:00:00,0,0,0
2019-06-21 03:00:00,0,0,0
2019-06-21 04:00:00,4,3,1
2019-06-21 05:00:00,18,5,13
2019-06-21 06:00:00,77,59,18
2019-06-21 07:00:00,60,41,19
2019-06-21 08:00:00,54,27,27
2019-06-21 09:00:00,43,23,20
2019-06-21 10:00:00,31,17,14
2019-06-21 11:00:00,24,19,5
2019-06-21 12:00:00,26,10,16
2019-06-21 13:00:00,23,13,10
2019-06-21 14:00:00,49,24,25
2019-06-21 15:00:00,45,21,24
2019-06-21 16:00:00,72,40,32
2019-06-21 17:00:00,74,35,39
2019-06-21 18:00:00,64,30,34
2019-06-21 19:00:00,48,29,19
2019-06-21 20:00:00,36,21,15
2019-06-21 21:00:00,10,8,2
2019-06-21 22:00:00,2,1,1
2019-06-21 23:00:00,5,1,4
2019-06-22 00:00:00,0,0,0
2019-06-22 01:00:00,1,0,1
2019-06-22 02:00:00,2,1,1
2019-06-22 03:00:00,0,0,0
2019-06-22 04:00:00,1,1,0
2019-06-22 05:00:00,6,1,5
2019-06-22 06:00:00,8,3,5
2019-06-22 07:00:00,33,13,20
2019-06-22 08:00:00,74,20,54
2019-06-22 09:00:00,102,43,59
2019-06-22 10:00:00,104,44,60
2019-06-22 11:00:00,118,69,49
2019-06-22 12:00:00,75,47,28
2019-06-22 13:00:00,120,72,48
2019-06-22 14:00:00,98,56,42
2019-06-22 15:00:00,66,41,25
2019-06-22 16:00:00,65,52,13
2019-06-22 17:00:00,34,16,18
2019-06-22 18:00:00,19,14,5
2019-06-22 19:00:00,14,7,7
2019-06-22 20:00:00,6,5,1
2019-06-22 21:00:00,10,5,5
2019-06-22 22:00:00,1,0,1
2019-06-22 23:00:00,1,1,0
2019-06-23 00:00:00,0,0,0
2019-06-23 01:00:00,0,0,0
2019-06-23 02:00:00,0,0,0
2019-06-23 03:00:00,0,0,0
2019-06-23 04:00:00,0,0,0
2019-06-23 05:00:00,1,0,1
2019-06-23 06:00:00,4,3,1
2019-06-23 07:00:00,6,3,3
2019-06-23 08:00:00,11,1,10
2019-06-23 09:00:00,46,15,31
2019-06-23 10:00:00,71,37,34
2019-06-23 11:00:00,67,42,25
2019-06-23 12:00:00,65,33,32
2019-06-23 13:00:00,74,50,24
2019-06-23 14:00:00,63,33,30
2019-06-23 15:00:00,86,64,22
2019-06-23 16:00:00,49,36,13
2019-06-23 17:00:00,29,20,9
2019-06-23 18:00:00,16,14,2
2019-06-23 19:00:00,3,2,1
2019-06-23 20:00:00,6,1,5
2019-06-23 21:00:00,6,6,0
2019-06-23 22:00:00,2,0,2
2019-06-23 23:00:00,0,0,0
2019-06-24 00:00:00,0,0,0
2019-06-24 01:00:00,2,0,2
2019-06-24 02:00:00,0,0,0
2019-06-24 03:00:00,0,0,0
2019-06-24 04:00:00,4,4,0
2019-06-24 05:00:00,15,11,4
2019-06-24 06:00:00,25,15,10
2019-06-24 07:00:00,49,25,24
2019-06-24 08:00:00,48,38,10
2019-06-24 09:00:00,19,9,10
2019-06-24 10:00:00,12,6,6
2019-06-24 11:00:00,18,8,10
2019-06-24 12:00:00,17,8,9
2019-06-24 13:00:00,23,9,14
2019-06-24 14:00:00,29,18,11
2019-06-24 15:00:00,47,16,31
2019-06-24 16:00:00,64,32,32
2019-06-24 17:00:00,111,59,52
2019-06-24 18:00:00,103,46,57
2019-06-24 19:00:00,58,32,26
2019-06-24 20:00:00,24,15,9
2019-06-24 21:00:00,6,5,1
2019-06-24 22:00:00,0,0,0
2019-06-24 23:00:00,2,2,0
2019-06-25 00:00:00,0,0,0
2019-06-25 01:00:00,0,0,0
2019-06-25 02:00:00,1,0,1
2019-06-25 03:00:00,2,0,2
2019-06-25 04:00:00,8,7,1
2019-06-25 05:00:00,14,11,3
2019-06-25 06:00:00,35,23,12
2019-06-25 07:00:00,69,46,23
2019-06-25 08:00:00,63,50,13
2019-06-25 09:00:00,39,26,13
2019-06-25 10:00:00,36,24,12
2019-06-25 11:00:00,42,22,20
2019-06-25 12:00:00,43,14,29
2019-06-25 13:00:00,35,22,13
2019-06-25 14:00:00,40,24,16
2019-06-25 15:00:00,57,21,36
2019-06-25 16:00:00,80,43,37
2019-06-25 17:00:00,157,54,103
2019-06-25 18:00:00,137,63,74
2019-06-25 19:00:00,56,42,14
2019-06-25 20:00:00,28,18,10
2019-06-25 21:00:00,17,10,7
2019-06-25 22:00:00,2,0,2
2019-06-25 23:00:00,0,0,0
2019-06-26 00:00:00,1,1,0
2019-06-26 01:00:00,1,0,1
2019-06-26 02:00:00,1,0,1
2019-06-26 03:00:00,0,0,0
2019-06-26 04:00:00,4,4,0
2019-06-26 05:00:00,21,11,10
2019-06-26 06:00:00,35,23,12
2019-06-26 07:00:00,56,36,20
2019-06-26 08:00:00,67,46,21
2019-06-26 09:00:00,45,22,23
2019-06-26 10:00:00,34,23,11
2019-06-26 11:00:00,38,26,12
2019-06-26 12:00:00,32,15,17
2019-06-26 13:00:00,31,20,11
2019-06-26 14:00:00,24,11,13
2019-06-26 15:00:00,27,14,13
2019-06-26 16:00:00,29,10,19
2019-06-26 17:00:00,49,23,26
2019-06-26 18:00:00,69,28,41
2019-06-26 19:00:00,41,22,19
2019-06-26 20:00:00,14,11,3
2019-06-26 21:00:00,5,1,4
2019-06-26 22:00:00,2,2,0
2019-06-26 23:00:00,0,0,0
2019-06-27 01:00:00,1,0,1
2019-06-27 02:00:00,0,0,0
2019-06-27 03:00:00,0,0,0
2019-06-27 04:00:00,3,3,0
2019-06-27 05:00:00,7,6,1
2019-06-27 06:00:00,20,14,6
2019-06-27 07:00:00,31,15,16
2019-06-27 08:00:00,27,17,10
2019-06-27 09:00:00,20,11,9
2019-06-27 10:00:00,28,16,12
2019-06-27 11:00:00,14,6,8
2019-06-27 12:00:00,16,10,6
2019-06-27 13:00:00,16,7,9
2019-06-27 14:00:00,31,12,19
2019-06-27 15:00:00,32,19,13
2019-06-27 16:00:00,48,23,25
2019-06-27 17:00:00,67,31,36
2019-06-27 18:00:00,55,25,30
2019-06-27 19:00:00,38,27,11
2019-06-27 20:00:00,10,8,2
2019-06-27 21:00:00,5,2,3
2019-06-27 22:00:00,2,1,1
2019-06-27 23:00:00,2,2,0
2019-06-28 00:00:00,0,0,0
2019-06-28 01:00:00,1,0,1
2019-06-28 02:00:00,0,0,0
2019-06-28 03:00:00,0,0,0
2019-06-28 04:00:00,3,2,1
2019-06-28 05:00:00,13,5,8
2019-06-28 06:00:00,30,19,11
2019-06-28 07:00:00,61,35,26
2019-06-28 08:00:00,62,47,15
2019-06-28 09:00:00,43,25,18
2019-06-28 10:00:00,23,11,12
2019-06-28 11:00:00,23,15,8
2019-06-28 12:00:00,27,16,11
2019-06-28 13:00:00,35,22,13
2019-06-28 14:00:00,37,14,23
2019-06-28 15:00:00,48,26,22
2019-06-28 16:00:00,75,37,38
2019-06-28 17:00:00,103,46,57
2019-06-28 18:00:00,75,37,38
2019-06-28 19:00:00,41,19,22
2019-06-28 20:00:00,26,17,9
2019-06-28 21:00:00,8,6,2
2019-06-28 22:00:00,1,0,1
2019-06-28 23:00:00,1,0,1
2019-06-29 00:00:00,1,1,0
2019-06-29 01:00:00,1,0,1
2019-06-29 02:00:00,0,0,0
2019-06-29 03:00:00,0,0,0
2019-06-29 04:00:00,1,1,0
2019-06-29 05:00:00,2,2,0
2019-06-29 06:00:00,17,9,8
2019-06-29 07:00:00,27,9,18
2019-06-29 08:00:00,81,27,54
2019-06-29 09:00:00,143,43,100
2019-06-29 10:00:00,180,90,90
2019-06-29 11:00:00,182,107,75
2019-06-29 12:00:00,126,80,46
2019-06-29 13:00:00,114,58,56
2019-06-29 14:00:00,122,61,61
2019-06-29 15:00:00,84,44,40
2019-06-29 16:00:00,85,60,25
2019-06-29 17:00:00,51,23,28
2019-06-29 18:00:00,45,26,19
2019-06-29 19:00:00,20,15,5
2019-06-29 20:00:00,15,12,3
2019-06-29 21:00:00,7,3,4
2019-06-29 22:00:00,3,0,3
2019-06-29 23:00:00,0,0,0
2019-06-30 00:00:00,0,0,0
2019-06-30 01:00:00,1,1,0
2019-06-30 02:00:00,0,0,0
2019-06-30 03:00:00,0,0,0
2019-06-30 04:00:00,0,0,0
2019-06-30 05:00:00,2,1,1
2019-06-30 06:00:00,10,2,8
2019-06-30 07:00:00,36,20,16
2019-06-30 08:00:00,90,46,44
2019-06-30 09:00:00,127,75,52
2019-06-30 10:00:00,129,57,72
2019-06-30 11:00:00,163,103,60
2019-06-30 12:00:00,124,53,71
2019-06-30 13:00:00,117,68,49
2019-06-30 14:00:00,128,70,58
2019-06-30 15:00:00,103,58,45
2019-06-30 16:00:00,62,41,21
2019-06-30 17:00:00,59,36,23
2019-06-30 18:00:00,44,31,13
2019-06-30 19:00:00,38,22,16
2019-06-30 20:00:00,15,14,1
2019-06-30 21:00:00,5,4,1
2019-06-30 22:00:00,0,0,0
2019-06-30 23:00:00,1,1,0
2019-07-01 00:00:00,0,0,0
2019-07-01 01:00:00,0,0,0
2019-07-01 02:00:00,2,1,1
2019-07-01 03:00:00,0,0,0
2019-07-01 04:00:00,8,7,1
2019-07-01 05:00:00,14,7,7
2019-07-01 06:00:00,39,27,12
2019-07-01 07:00:00,60,42,18
2019-07-01 08:00:00,95,64,31
2019-07-01 09:00:00,41,29,12
2019-07-01 10:00:00,31,18,13
2019-07-01 11:00:00,17,9,8
2019-07-01 12:00:00,22,12,10
2019-07-01 13:00:00,39,15,24
2019-07-01 14:00:00,43,18,25
2019-07-01 15:00:00,50,27,23
2019-07-01 16:00:00,71,31,40
2019-07-01 17:00:00,115,46,69
2019-07-01 18:00:00,93,40,53
2019-07-01 19:00:00,55,29,26
2019-07-01 20:00:00,42,21,21
2019-07-01 21:00:00,23,23,0
2019-07-01 22:00:00,1,0,1
2019-07-01 23:00:00,0,0,0
2019-07-02 00:00:00,0,0,0
2019-07-02 01:00:00,1,0,1
2019-07-02 02:00:00,1,1,0
2019-07-02 03:00:00,0,0,0
2019-07-02 04:00:00,4,4,0
2019-07-02 05:00:00,9,6,3
2019-07-02 06:00:00,25,16,9
2019-07-02 07:00:00,38,25,13
2019-07-02 08:00:00,41,21,20
2019-07-02 09:00:00,25,10,15
2019-07-02 10:00:00,15,11,4
2019-07-02 11:00:00,20,10,10
2019-07-02 12:00:00,10,6,4
2019-07-02 13:00:00,18,11,7
2019-07-02 14:00:00,9,8,1
2019-07-02 15:00:00,11,2,9
2019-07-02 16:00:00,22,8,14
2019-07-02 17:00:00,34,12,22
2019-07-02 18:00:00,27,11,16
2019-07-02 19:00:00,17,10,7
2019-07-02 20:00:00,6,5,1
2019-07-02 21:00:00,2,1,1
2019-07-02 22:00:00,0,0,0
2019-07-02 23:00:00,1,0,1
2019-07-03 00:00:00,0,0,0
2019-07-03 01:00:00,0,0,0
2019-07-03 02:00:00,0,0,0
2019-07-03 03:00:00,0,0,0
2019-07-03 04:00:00,2,2,0
2019-07-03 05:00:00,9,2,7
2019-07-03 06:00:00,16,14,2
2019-07-03 07:00:00,39,23,16
2019-07-03 08:00:00,38,23,15
2019-07-03 09:00:00,18,9,9
2019-07-03 10:00:00,8,5,3
2019-07-03 11:00:00,12,5,7
2019-07-03 12:00:00,19,11,8
2019-07-03 13:00:00,17,6,11
2019-07-03 14:00:00,28,13,15
2019-07-03 15:00:00,49,28,21
2019-07-03 16:00:00,53,25,28
2019-07-03 17:00:00,89,41,48
2019-07-03 18:00:00,72,37,35
2019-07-03 19:00:00,53,34,19
2019-07-03 20:00:00,13,8,5
2019-07-03 21:00:00,3,2,1
2019-07-03 22:00:00,2,0,2
2019-07-03 23:00:00,3,3,0
2019-07-04 00:00:00,0,0,0
2019-07-04 01:00:00,0,0,0
2019-07-04 02:00:00,0,0,0
2019-07-04 03:00:00,0,0,0
2019-07-04 04:00:00,0,0,0
2019-07-04 05:00:00,4,1,3
2019-07-04 06:00:00,10,8,2
2019-07-04 07:00:00,36,13,23
2019-07-04 08:00:00,69,30,39
2019-07-04 09:00:00,77,42,35
2019-07-04 10:00:00,129,59,70
2019-07-04 11:00:00,125,62,63
2019-07-04 12:00:00,112,69,43
2019-07-04 13:00:00,81,46,35
2019-07-04 14:00:00,92,38,54
2019-07-04 15:00:00,103,63,40
2019-07-04 16:00:00,60,40,20
2019-07-04 17:00:00,43,25,18
2019-07-04 18:00:00,19,11,8
2019-07-04 19:00:00,15,7,8
2019-07-04 20:00:00,8,5,3
2019-07-04 21:00:00,1,1,0
2019-07-04 22:00:00,0,0,0
2019-07-04 23:00:00,3,2,1
2019-07-05 00:00:00,1,1,0
2019-07-05 01:00:00,0,0,0
2019-07-05 02:00:00,0,0,0
2019-07-05 03:00:00,0,0,0
2019-07-05 04:00:00,1,1,0
2019-07-05 05:00:00,4,2,2
2019-07-05 06:00:00,9,6,3
2019-07-05 07:00:00,40,19,21
2019-07-05 08:00:00,37,29,8
2019-07-05 09:00:00,24,7,17
2019-07-05 10:00:00,25,13,12
2019-07-05 11:00:00,39,14,25
2019-07-05 12:00:00,50,23,27
2019-07-05 13:00:00,33,17,16
2019-07-05 14:00:00,50,24,26
2019-07-05 15:00:00,48,25,23
2019-07-05 16:00:00,44,24,20
2019-07-05 17:00:00,40,21,19
2019-07-05 18:00:00,34,13,21
2019-07-05 19:00:00,14,8,6
2019-07-05 20:00:00,14,9,5
2019-07-05 21:00:00,1,1,0
2019-07-05 22:00:00,1,1,0
2019-07-05 23:00:00,1,1,0
2019-07-06 00:00:00,0,0,0
2019-07-06 01:00:00,0,0,0
2019-07-06 02:00:00,2,0,2
2019-07-06 03:00:00,0,0,0
2019-07-06 04:00:00,1,1,0
2019-07-06 05:00:00,3,1,2
2019-07-06 06:00:00,9,5,4
2019-07-06 07:00:00,46,24,22
2019-07-06 08:00:00,76,22,54
2019-07-06 09:00:00,91,43,48
2019-07-06 10:00:00,118,58,60
2019-07-06 11:00:00,148,87,61
2019-07-06 12:00:00,86,45,41
2019-07-06 13:00:00,93,39,54
2019-07-06 14:00:00,101,43,58
2019-07-06 15:00:00,93,57,36
2019-07-06 16:00:00,77,55,22
2019-07-06 17:00:00,53,36,17
2019-07-06 18:00:00,22,13,9
2019-07-06 19:00:00,21,14,7
2019-07-06 20:00:00,4,4,0
2019-07-06 21:00:00,6,4,2
2019-07-06 22:00:00,0,0,0
2019-07-06 23:00:00,2,2,0
2019-07-07 00:00:00,0,0,0
2019-07-07 01:00:00,1,0,1
2019-07-07 02:00:00,0,0,0
2019-07-07 03:00:00,0,0,0
2019-07-07 04:00:00,0,0,0
2019-07-07 05:00:00,0,0,0
2019-07-07 06:00:00,7,1,6
2019-07-07 07:00:00,17,5,12
2019-07-07 08:00:00,63,20,43
2019-07-07 09:00:00,87,56,31
2019-07-07 10:00:00,98,44,54
2019-07-07 11:00:00,155,95,60
2019-07-07 12:00:00,123,68,55
2019-07-07 13:00:00,71,39,32
2019-07-07 14:00:00,120,59,61
2019-07-07 15:00:00,76,44,32
2019-07-07 16:00:00,64,40,24
2019-07-07 17:00:00,39,28,11
2019-07-07 18:00:00,13,10,3
2019-07-07 19:00:00,5,3,2
2019-07-07 20:00:00,3,3,0
2019-07-07 21:00:00,1,1,0
2019-07-07 22:00:00,0,0,0
2019-07-07 23:00:00,0,0,0
2019-07-08 00:00:00,0,0,0
2019-07-08 01:00:00,0,0,0
2019-07-08 02:00:00,0,0,0
2019-07-08 03:00:00,0,0,0
2019-07-08 04:00:00,5,3,2
2019-07-08 05:00:00,9,8,1
2019-07-08 06:00:00,21,14,7
2019-07-08 07:00:00,38,24,14
2019-07-08 08:00:00,60,41,19
2019-07-08 09:00:00,18,12,6
2019-07-08 10:00:00,16,6,10
2019-07-08 11:00:00,18,5,13
2019-07-08 12:00:00,24,17,7
2019-07-08 13:00:00,18,7,11
2019-07-08 14:00:00,34,16,18
2019-07-08 15:00:00,39,18,21
2019-07-08 16:00:00,74,35,39
2019-07-08 17:00:00,94,41,53
2019-07-08 18:00:00,100,45,55
2019-07-08 19:00:00,58,38,20
2019-07-08 20:00:00,16,12,4
2019-07-08 21:00:00,5,3,2
2019-07-08 22:00:00,0,0,0
2019-07-08 23:00:00,0,0,0
2019-07-09 00:00:00,0,0,0
2019-07-09 01:00:00,2,0,2
2019-07-09 02:00:00,0,0,0
2019-07-09 03:00:00,1,1,0
2019-07-09 04:00:00,4,3,1
2019-07-09 05:00:00,14,9,5
2019-07-09 06:00:00,32,17,15
2019-07-09 07:00:00,61,44,17
2019-07-09 08:00:00,77,54,23
2019-07-09 09:00:00,45,22,23
2019-07-09 10:00:00,33,15,18
2019-07-09 11:00:00,33,18,15
2019-07-09 12:00:00,21,12,9
2019-07-09 13:00:00,26,14,12
2019-07-09 14:00:00,33,14,19
2019-07-09 15:00:00,42,14,28
2019-07-09 16:00:00,59,37,22
2019-07-09 17:00:00,90,37,53
2019-07-09 18:00:00,71,36,35
2019-07-09 19:00:00,34,15,19
2019-07-09 20:00:00,4,2,2
2019-07-09 21:00:00,3,2,1
2019-07-09 22:00:00,0,0,0
2019-07-09 23:00:00,0,0,0
2019-07-10 00:00:00,0,0,0
2019-07-10 01:00:00,0,0,0
2019-07-10 02:00:00,1,0,1
2019-07-10 03:00:00,0,0,0
2019-07-10 04:00:00,3,3,0
2019-07-10 05:00:00,5,5,0
2019-07-10 06:00:00,5,2,3
2019-07-10 07:00:00,25,12,13
2019-07-10 08:00:00,35,26,9
2019-07-10 09:00:00,10,5,5
2019-07-10 10:00:00,5,1,4
2019-07-10 11:00:00,10,5,5
2019-07-10 12:00:00,4,3,1
2019-07-10 13:00:00,11,4,7
2019-07-10 14:00:00,15,11,4
2019-07-10 15:00:00,6,1,5
2019-07-10 16:00:00,21,8,13
2019-07-10 17:00:00,54,16,38
2019-07-10 18:00:00,62,35,27
2019-07-10 19:00:00,20,4,16
2019-07-10 20:00:00,11,7,4
2019-07-10 21:00:00,4,2,2
2019-07-10 22:00:00,1,1,0
2019-07-10 23:00:00,0,0,0
2019-07-11 00:00:00,0,0,0
2019-07-11 01:00:00,1,0,1
2019-07-11 02:00:00,0,0,0
2019-07-11 03:00:00,0,0,0
2019-07-11 04:00:00,2,1,1
2019-07-11 05:00:00,8,5,3
2019-07-11 06:00:00,28,16,12
2019-07-11 07:00:00,60,41,19
2019-07-11 08:00:00,65,45,20
2019-07-11 09:00:00,44,22,22
2019-07-11 10:00:00,22,10,12
2019-07-11 11:00:00,37,20,17
2019-07-11 12:00:00,40,29,11
2019-07-11 13:00:00,23,9,14
2019-07-11 14:00:00,36,14,22
2019-07-11 15:00:00,37,17,20
2019-07-11 16:00:00,82,38,44
2019-07-11 17:00:00,109,51,58
2019-07-11 18:00:00,104,54,50
2019-07-11 19:00:00,48,23,25
2019-07-11 20:00:00,32,20,12
2019-07-11 21:00:00,14,12,2
2019-07-11 22:00:00,4,2,2
2019-07-11 23:00:00,1,0,1
2019-07-12 00:00:00,1,1,0
2019-07-12 01:00:00,0,0,0
2019-07-12 02:00:00,2,1,1
2019-07-12 03:00:00,1,0,1
2019-07-12 04:00:00,2,1,1
2019-07-12 05:00:00,10,6,4
2019-07-12 06:00:00,33,21,12
2019-07-12 07:00:00,66,42,24
2019-07-12 08:00:00,61,46,15
2019-07-12 09:00:00,32,22,10
2019-07-12 10:00:00,30,12,18
2019-07-12 11:00:00,33,13,20
2019-07-12 12:00:00,35,21,14
2019-07-12 13:00:00,29,16,13
2019-07-12 14:00:00,46,29,17
2019-07-12 15:00:00,57,17,40
2019-07-12 16:00:00,71,33,38
2019-07-12 17:00:00,97,42,55
2019-07-12 18:00:00,80,49,31
2019-07-12 19:00:00,30,14,16
2019-07-12 20:00:00,16,9,7
2019-07-12 21:00:00,13,6,7
2019-07-12 22:00:00,14,9,5
2019-07-12 23:00:00,3,2,1
2019-07-13 00:00:00,0,0,0
2019-07-13 01:00:00,1,0,1
2019-07-13 02:00:00,0,0,0
2019-07-13 03:00:00,2,1,1
2019-07-13 04:00:00,9,8,1
2019-07-13 05:00:00,8,8,0
2019-07-13 06:00:00,28,21,7
2019-07-13 07:00:00,25,11,14
2019-07-13 08:00:00,72,34,38
2019-07-13 09:00:00,83,49,34
2019-07-13 10:00:00,114,53,61
2019-07-13 11:00:00,131,70,61
2019-07-13 12:00:00,140,84,56
2019-07-13 13:00:00,96,55,41
2019-07-13 14:00:00,85,45,40
2019-07-13 15:00:00,90,62,28
2019-07-13 16:00:00,60,39,21
2019-07-13 17:00:00,61,36,25
2019-07-13 18:00:00,34,24,10
2019-07-13 19:00:00,22,17,5
2019-07-13 20:00:00,13,11,2
2019-07-13 21:00:00,12,9,3
2019-07-13 22:00:00,1,1,0
2019-07-13 23:00:00,2,0,2
2019-07-14 00:00:00,1,1,0
2019-07-14 01:00:00,0,0,0
2019-07-14 02:00:00,0,0,0
2019-07-14 03:00:00,0,0,0
2019-07-14 04:00:00,0,0,0
2019-07-14 05:00:00,2,0,2
2019-07-14 06:00:00,8,3,5
2019-07-14 07:00:00,34,21,13
2019-07-14 08:00:00,73,32,41
2019-07-14 09:00:00,104,58,46
2019-07-14 10:00:00,91,57,34
2019-07-14 11:00:00,147,82,65
2019-07-14 12:00:00,128,77,51
2019-07-14 13:00:00,137,79,58
2019-07-14 14:00:00,111,55,56
2019-07-14 15:00:00,99,62,37
2019-07-14 16:00:00,73,34,39
2019-07-14 17:00:00,54,38,16
2019-07-14 18:00:00,27,14,13
2019-07-14 19:00:00,16,12,4
2019-07-14 20:00:00,15,11,4
2019-07-14 21:00:00,7,4,3
2019-07-14 22:00:00,1,0,1
2019-07-14 23:00:00,1,0,1
2019-07-15 00:00:00,1,1,0
2019-07-15 01:00:00,0,0,0
2019-07-15 02:00:00,0,0,0
2019-07-15 03:00:00,0,0,0
2019-07-15 04:00:00,4,3,1
2019-07-15 05:00:00,19,9,10
2019-07-15 06:00:00,38,26,12
2019-07-15 07:00:00,53,31,22
2019-07-15 08:00:00,55,36,19
2019-07-15 09:00:00,27,19,8
2019-07-15 10:00:00,12,6,6
2019-07-15 11:00:00,10,3,7
2019-07-15 12:00:00,7,7,0
2019-07-15 13:00:00,5,2,3
2019-07-15 14:00:00,7,5,2
2019-07-15 15:00:00,28,13,15
2019-07-15 16:00:00,52,21,31
2019-07-15 17:00:00,78,29,49
2019-07-15 18:00:00,80,38,42
2019-07-15 19:00:00,36,17,19
2019-07-15 20:00:00,15,9,6
2019-07-15 21:00:00,5,3,2
2019-07-15 22:00:00,2,2,0
2019-07-15 23:00:00,0,0,0
2019-07-16 00:00:00,0,0,0
2019-07-16 01:00:00,1,0,1
2019-07-16 02:00:00,2,1,1
2019-07-16 03:00:00,0,0,0
2019-07-16 04:00:00,5,4,1
2019-07-16 05:00:00,7,4,3
2019-07-16 06:00:00,24,15,9
2019-07-16 07:00:00,53,31,22
2019-07-16 08:00:00,60,42,18
2019-07-16 09:00:00,32,21,11
2019-07-16 10:00:00,27,16,11
2019-07-16 11:00:00,24,12,12
2019-07-16 12:00:00,26,16,10
2019-07-16 13:00:00,34,20,14
2019-07-16 14:00:00,23,10,13
2019-07-16 15:00:00,41,19,22
2019-07-16 16:00:00,70,26,44
2019-07-16 17:00:00,116,45,71
2019-07-16 18:00:00,96,41,55
2019-07-16 19:00:00,83,61,22
2019-07-16 20:00:00,32,21,11
2019-07-16 21:00:00,9,6,3
2019-07-16 22:00:00,1,0,1
2019-07-16 23:00:00,0,0,0
2019-07-17 00:00:00,0,0,0
2019-07-17 01:00:00,0,0,0
2019-07-17 02:00:00,1,0,1
2019-07-17 03:00:00,0,0,0
2019-07-17 04:00:00,3,3,0
2019-07-17 05:00:00,16,4,12
2019-07-17 06:00:00,22,15,7
2019-07-17 07:00:00,34,14,20
2019-07-17 08:00:00,31,19,12
2019-07-17 09:00:00,21,14,7
2019-07-17 10:00:00,9,7,2
2019-07-17 11:00:00,17,6,11
2019-07-17 12:00:00,14,10,4
2019-07-17 13:00:00,9,5,4
2019-07-17 14:00:00,7,6,1
2019-07-17 15:00:00,13,6,7
2019-07-17 16:00:00,28,13,15
2019-07-17 17:00:00,50,22,28
2019-07-17 18:00:00,43,22,21
2019-07-17 19:00:00,29,17,12
2019-07-17 20:00:00,9,5,4
2019-07-17 21:00:00,4,4,0
2019-07-17 22:00:00,3,0,3
2019-07-17 23:00:00,0,0,0
2019-07-18 00:00:00,0,0,0
2019-07-18 01:00:00,2,0,2
2019-07-18 02:00:00,0,0,0
2019-07-18 03:00:00,0,0,0
2019-07-18 04:00:00,4,4,0
2019-07-18 05:00:00,11,6,5
2019-07-18 06:00:00,22,16,6
2019-07-18 07:00:00,43,30,13
2019-07-18 08:00:00,44,24,20
2019-07-18 09:00:00,24,14,10
2019-07-18 10:00:00,17,6,11
2019-07-18 11:00:00,31,14,17
2019-07-18 12:00:00,24,12,12
2019-07-18 13:00:00,25,10,15
2019-07-18 14:00:00,23,12,11
2019-07-18 15:00:00,34,13,21
2019-07-18 16:00:00,53,24,29
2019-07-18 17:00:00,84,42,42
2019-07-18 18:00:00,55,20,35
2019-07-18 19:00:00,33,15,18
2019-07-18 20:00:00,9,5,4
2019-07-18 21:00:00,4,3,1
2019-07-18 22:00:00,0,0,0
2019-07-18 23:00:00,0,0,0
2019-07-19 00:00:00,0,0,0
2019-07-19 01:00:00,0,0,0
2019-07-19 02:00:00,1,0,1
2019-07-19 03:00:00,0,0,0
2019-07-19 04:00:00,1,1,0
2019-07-19 05:00:00,6,1,5
2019-07-19 06:00:00,43,33,10
2019-07-19 07:00:00,51,32,19
2019-07-19 08:00:00,55,34,21
2019-07-19 09:00:00,21,15,6
2019-07-19 10:00:00,28,9,19
2019-07-19 11:00:00,41,19,22
2019-07-19 12:00:00,26,17,9
2019-07-19 13:00:00,29,17,12
2019-07-19 14:00:00,34,19,15
2019-07-19 15:00:00,64,23,41
2019-07-19 16:00:00,71,34,37
2019-07-19 17:00:00,99,38,61
2019-07-19 18:00:00,74,34,40
2019-07-19 19:00:00,35,18,17
2019-07-19 20:00:00,18,10,8
2019-07-19 21:00:00,1,1,0
2019-07-19 22:00:00,0,0,0
2019-07-19 23:00:00,1,1,0
2019-07-20 00:00:00,0,0,0
2019-07-20 01:00:00,0,0,0
2019-07-20 02:00:00,0,0,0
2019-07-20 03:00:00,0,0,0
2019-07-20 04:00:00,1,0,1
2019-07-20 05:00:00,6,2,4
2019-07-20 06:00:00,11,5,6
2019-07-20 07:00:00,28,16,12
2019-07-20 08:00:00,87,51,36
2019-07-20 09:00:00,112,58,54
2019-07-20 10:00:00,139,77,62
2019-07-20 11:00:00,157,90,67
2019-07-20 12:00:00,136,85,51
2019-07-20 13:00:00,124,84,40
2019-07-20 14:00:00,133,86,47
2019-07-20 15:00:00,90,49,41
2019-07-20 16:00:00,77,51,26
2019-07-20 17:00:00,35,23,12
2019-07-20 18:00:00,34,25,9
2019-07-20 19:00:00,9,5,4
2019-07-20 20:00:00,12,6,6
2019-07-20 21:00:00,8,7,1
2019-07-20 22:00:00,0,0,0
2019-07-20 23:00:00,1,0,1
2019-07-21 00:00:00,1,0,1
2019-07-21 01:00:00,0,0,0
2019-07-21 02:00:00,0,0,0
2019-07-21 03:00:00,1,0,1
2019-07-21 04:00:00,0,0,0
2019-07-21 05:00:00,4,1,3
2019-07-21 06:00:00,12,7,5
2019-07-21 07:00:00,44,28,16
2019-07-21 08:00:00,74,43,31
2019-07-21 09:00:00,106,60,46
2019-07-21 10:00:00,119,71,48
2019-07-21 11:00:00,168,103,65
2019-07-21 12:00:00,112,63,49
2019-07-21 13:00:00,108,59,49
2019-07-21 14:00:00,74,34,40
2019-07-21 15:00:00,58,32,26
2019-07-21 16:00:00,70,33,37
2019-07-21 17:00:00,42,22,20
2019-07-21 18:00:00,21,12,9
2019-07-21 19:00:00,18,9,9
2019-07-21 20:00:00,14,9,5
2019-07-21 21:00:00,6,1,5
2019-07-21 22:00:00,4,3,1
2019-07-21 23:00:00,0,0,0
2019-07-22 00:00:00,0,0,0
2019-07-22 01:00:00,0,0,0
2019-07-22 02:00:00,1,0,1
2019-07-22 03:00:00,0,0,0
2019-07-22 04:00:00,5,4,1
2019-07-22 05:00:00,9,5,4
2019-07-22 06:00:00,34,25,9
2019-07-22 07:00:00,79,56,23
2019-07-22 08:00:00,87,65,22
2019-07-22 09:00:00,29,24,5
2019-07-22 10:00:00,37,22,15
2019-07-22 11:00:00,38,23,15
2019-07-22 12:00:00,24,15,9
2019-07-22 13:00:00,33,21,12
2019-07-22 14:00:00,35,14,21
2019-07-22 15:00:00,41,15,26
2019-07-22 16:00:00,77,32,45
2019-07-22 17:00:00,121,63,58
2019-07-22 18:00:00,98,42,56
2019-07-22 19:00:00,59,30,29
2019-07-22 20:00:00,41,29,12
2019-07-22 21:00:00,11,6,5
2019-07-22 22:00:00,5,0,5
2019-07-22 23:00:00,0,0,0
2019-07-23 00:00:00,0,0,0
2019-07-23 01:00:00,3,2,1
2019-07-23 02:00:00,1,0,1
2019-07-23 03:00:00,0,0,0
2019-07-23 04:00:00,4,3,1
2019-07-23 05:00:00,15,7,8
2019-07-23 06:00:00,38,25,13
2019-07-23 07:00:00,83,48,35
2019-07-23 08:00:00,69,44,25
2019-07-23 09:00:00,39,24,15
2019-07-23 10:00:00,32,10,22
2019-07-23 11:00:00,29,21,8
2019-07-23 12:00:00,17,14,3
2019-07-23 13:00:00,20,13,7
2019-07-23 14:00:00,25,15,10
2019-07-23 15:00:00,26,9,17
2019-07-23 16:00:00,57,28,29
2019-07-23 17:00:00,99,38,61
2019-07-23 18:00:00,93,45,48
2019-07-23 19:00:00,78,41,37
2019-07-23 20:00:00,28,17,11
2019-07-23 21:00:00,15,11,4
2019-07-23 22:00:00,5,0,5
2019-07-23 23:00:00,0,0,0
2019-07-24 00:00:00,0,0,0
2019-07-24 01:00:00,0,0,0
2019-07-24 02:00:00,1,0,1
2019-07-24 03:00:00,1,0,1
2019-07-24 04:00:00,8,6,2
2019-07-24 05:00:00,10,3,7
2019-07-24 06:00:00,39,23,16
2019-07-24 07:00:00,60,30,30
2019-07-24 08:00:00,64,39,25
2019-07-24 09:00:00,35,20,15
2019-07-24 10:00:00,29,17,12
2019-07-24 11:00:00,28,21,7
2019-07-24 12:00:00,16,10,6
2019-07-24 13:00:00,27,14,13
2019-07-24 14:00:00,26,14,12
2019-07-24 15:00:00,48,18,30
2019-07-24 16:00:00,64,32,32
2019-07-24 17:00:00,118,47,71
2019-07-24 18:00:00,120,62,58
2019-07-24 19:00:00,60,42,18
2019-07-24 20:00:00,15,10,5
2019-07-24 21:00:00,6,3,3
2019-07-24 22:00:00,4,2,2
2019-07-24 23:00:00,0,0,0
2019-07-25 00:00:00,0,0,0
2019-07-25 01:00:00,0,0,0
2019-07-25 02:00:00,1,0,1
2019-07-25 03:00:00,0,0,0
2019-07-25 04:00:00,6,5,1
2019-07-25 05:00:00,7,6,1
2019-07-25 06:00:00,31,22,9
2019-07-25 07:00:00,69,53,16
2019-07-25 08:00:00,63,42,21
2019-07-25 09:00:00,56,32,24
2019-07-25 10:00:00,34,23,11
2019-07-25 11:00:00,34,22,12
2019-07-25 12:00:00,21,9,12
2019-07-25 13:00:00,17,11,6
2019-07-25 14:00:00,25,12,13
2019-07-25 15:00:00,35,17,18
2019-07-25 16:00:00,85,40,45
2019-07-25 17:00:00,104,48,56
2019-07-25 18:00:00,99,44,55
2019-07-25 19:00:00,69,41,28
2019-07-25 20:00:00,28,22,6
2019-07-25 21:00:00,15,9,6
2019-07-25 22:00:00,0,0,0
2019-07-25 23:00:00,0,0,0
2019-07-26 00:00:00,0,0,0
2019-07-26 01:00:00,1,0,1
2019-07-26 02:00:00,1,0,1
2019-07-26 03:00:00,0,0,0
2019-07-26 04:00:00,4,4,0
2019-07-26 05:00:00,9,0,9
2019-07-26 06:00:00,36,27,9
2019-07-26 07:00:00,59,37,22
2019-07-26 08:00:00,58,42,16
2019-07-26 09:00:00,34,22,12
2019-07-26 10:00:00,44,33,11
2019-07-26 11:00:00,59,38,21
2019-07-26 12:00:00,20,15,5
2019-07-26 13:00:00,52,30,22
2019-07-26 14:00:00,21,6,15
2019-07-26 15:00:00,47,27,20
2019-07-26 16:00:00,73,57,16
2019-07-26 17:00:00,84,52,32
2019-07-26 18:00:00,64,30,34
2019-07-26 19:00:00,41,23,18
2019-07-26 20:00:00,18,11,7
2019-07-26 21:00:00,11,5,6
2019-07-26 22:00:00,5,4,1
2019-07-26 23:00:00,2,1,1
2019-07-27 00:00:00,4,1,3
2019-07-27 01:00:00,1,0,1
2019-07-27 02:00:00,0,0,0
2019-07-27 03:00:00,2,1,1
2019-07-27 04:00:00,2,1,1
2019-07-27 05:00:00,1,1,0
2019-07-27 06:00:00,10,8,2
2019-07-27 07:00:00,14,7,7
2019-07-27 08:00:00,42,9,33
2019-07-27 09:00:00,60,21,39
2019-07-27 10:00:00,60,30,30
2019-07-27 11:00:00,59,32,27
2019-07-27 12:00:00,80,45,35
2019-07-27 13:00:00,88,53,35
2019-07-27 14:00:00,86,51,35
2019-07-27 15:00:00,70,40,30
2019-07-27 16:00:00,45,34,11
2019-07-27 17:00:00,38,17,21
2019-07-27 18:00:00,27,19,8
2019-07-27 19:00:00,19,15,4
2019-07-27 20:00:00,5,1,4
2019-07-27 21:00:00,3,2,1
2019-07-27 22:00:00,0,0,0
2019-07-27 23:00:00,1,0,1
2019-07-28 00:00:00,0,0,0
2019-07-28 01:00:00,0,0,0
2019-07-28 02:00:00,0,0,0
2019-07-28 03:00:00,0,0,0
2019-07-28 04:00:00,1,1,0
2019-07-28 05:00:00,4,2,2
2019-07-28 06:00:00,8,4,4
2019-07-28 07:00:00,27,14,13
2019-07-28 08:00:00,75,41,34
2019-07-28 09:00:00,113,74,39
2019-07-28 10:00:00,145,89,56
2019-07-28 11:00:00,204,113,91
2019-07-28 12:00:00,145,77,68
2019-07-28 13:00:00,140,63,77
2019-07-28 14:00:00,94,47,47
2019-07-28 15:00:00,95,55,40
2019-07-28 16:00:00,96,57,39
2019-07-28 17:00:00,48,30,18
2019-07-28 18:00:00,25,14,11
2019-07-28 19:00:00,15,12,3
2019-07-28 20:00:00,13,8,5
2019-07-28 21:00:00,5,3,2
2019-07-28 22:00:00,0,0,0
2019-07-28 23:00:00,1,0,1
2019-07-29 00:00:00,9,7,2
2019-07-29 01:00:00,0,0,0
2019-07-29 02:00:00,0,0,0
2019-07-29 03:00:00,0,0,0
2019-07-29 04:00:00,2,2,0
2019-07-29 05:00:00,14,8,6
2019-07-29 06:00:00,32,23,9
2019-07-29 07:00:00,74,56,18
2019-07-29 08:00:00,63,51,12
2019-07-29 09:00:00,29,21,8
2019-07-29 10:00:00,26,18,8
2019-07-29 11:00:00,36,20,16
2019-07-29 12:00:00,26,15,11
2019-07-29 13:00:00,37,22,15
2019-07-29 14:00:00,27,15,12
2019-07-29 15:00:00,46,19,27
2019-07-29 16:00:00,66,30,36
2019-07-29 17:00:00,128,50,78
2019-07-29 18:00:00,102,43,59
2019-07-29 19:00:00,63,40,23
2019-07-29 20:00:00,20,14,6
2019-07-29 21:00:00,10,3,7
2019-07-29 22:00:00,0,0,0
2019-07-29 23:00:00,0,0,0
2019-07-30 00:00:00,0,0,0
2019-07-30 01:00:00,0,0,0
2019-07-30 02:00:00,1,0,1
2019-07-30 03:00:00,0,0,0
2019-07-30 04:00:00,4,3,1
2019-07-30 05:00:00,9,8,1
2019-07-30 06:00:00,39,24,15
2019-07-30 07:00:00,66,45,21
2019-07-30 08:00:00,70,42,28
2019-07-30 09:00:00,38,21,17
2019-07-30 10:00:00,28,14,14
2019-07-30 11:00:00,31,13,18
2019-07-30 12:00:00,16,9,7
2019-07-30 13:00:00,28,20,8
2019-07-30 14:00:00,24,9,15
2019-07-30 15:00:00,52,26,26
2019-07-30 16:00:00,82,26,56
2019-07-30 17:00:00,137,57,80
2019-07-30 18:00:00,133,75,58
2019-07-30 19:00:00,78,44,34
2019-07-30 20:00:00,39,24,15
2019-07-30 21:00:00,8,5,3
2019-07-30 22:00:00,1,1,0
2019-07-30 23:00:00,0,0,0
2019-07-31 00:00:00,0,0,0
2019-07-31 01:00:00,0,0,0
2019-07-31 02:00:00,1,0,1
2019-07-31 03:00:00,0,0,0
2019-07-31 04:00:00,6,5,1
2019-07-31 05:00:00,13,10,3
2019-07-31 06:00:00,44,26,18
2019-07-31 07:00:00,88,67,21
2019-07-31 08:00:00,54,37,17
2019-07-31 09:00:00,45,29,16
2019-07-31 10:00:00,42,29,13
2019-07-31 11:00:00,30,23,7
2019-07-31 12:00:00,30,14,16
2019-07-31 13:00:00,29,19,10
2019-07-31 14:00:00,24,17,7
2019-07-31 15:00:00,53,19,34
2019-07-31 16:00:00,86,40,46
2019-07-31 17:00:00,126,49,77
2019-07-31 18:00:00,123,49,74
2019-07-31 19:00:00,62,39,23
2019-07-31 20:00:00,23,15,8
2019-07-31 21:00:00,7,5,2
2019-07-31 22:00:00,2,2,0
2019-07-31 23:00:00,0,0,0
2019-08-01 00:00:00,1,1,0
2019-08-01 01:00:00,0,0,0
2019-08-01 02:00:00,1,0,1
2019-08-01 03:00:00,2,1,1
2019-08-01 04:00:00,5,4,1
2019-08-01 05:00:00,12,7,5
2019-08-01 06:00:00,47,32,15
2019-08-01 07:00:00,68,53,15
2019-08-01 08:00:00,63,42,21
2019-08-01 09:00:00,63,34,29
2019-08-01 10:00:00,33,17,16
2019-08-01 11:00:00,39,19,20
2019-08-01 12:00:00,50,28,22
2019-08-01 13:00:00,29,17,12
2019-08-01 14:00:00,29,13,16
2019-08-01 15:00:00,59,31,28
2019-08-01 16:00:00,68,38,30
2019-08-01 17:00:00,128,63,65
2019-08-01 18:00:00,102,46,56
2019-08-01 19:00:00,74,41,33
2019-08-01 20:00:00,43,30,13
2019-08-01 21:00:00,14,11,3
2019-08-01 22:00:00,1,0,1
2019-08-01 23:00:00,4,1,3
2019-08-02 00:00:00,0,0,0
2019-08-02 01:00:00,1,0,1
2019-08-02 02:00:00,0,0,0
2019-08-02 03:00:00,1,1,0
2019-08-02 04:00:00,3,3,0
2019-08-02 05:00:00,3,2,1
2019-08-02 06:00:00,15,8,7
2019-08-02 07:00:00,39,17,22
2019-08-02 08:00:00,42,28,14
2019-08-02 09:00:00,23,11,12
2019-08-02 10:00:00,14,9,5
2019-08-02 11:00:00,28,15,13
2019-08-02 12:00:00,27,15,12
2019-08-02 13:00:00,43,19,24
2019-08-02 14:00:00,55,25,30
2019-08-02 15:00:00,82,34,48
2019-08-02 16:00:00,51,23,28
2019-08-02 17:00:00,69,29,40
2019-08-02 18:00:00,62,30,32
2019-08-02 19:00:00,30,14,16
2019-08-02 20:00:00,8,7,1
2019-08-02 21:00:00,8,2,6
2019-08-02 22:00:00,1,1,0
2019-08-02 23:00:00,6,0,6
2019-08-03 00:00:00,0,0,0
2019-08-03 01:00:00,5,4,1
2019-08-03 02:00:00,0,0,0
2019-08-03 03:00:00,0,0,0
2019-08-03 04:00:00,1,1,0
2019-08-03 05:00:00,3,1,2
2019-08-03 06:00:00,11,7,4
2019-08-03 07:00:00,36,10,26
2019-08-03 08:00:00,78,36,42
2019-08-03 09:00:00,140,59,81
2019-08-03 10:00:00,128,69,59
2019-08-03 11:00:00,155,101,54
2019-08-03 12:00:00,131,73,58
2019-08-03 13:00:00,125,68,57
2019-08-03 14:00:00,212,96,116
2019-08-03 15:00:00,207,107,100
2019-08-03 16:00:00,145,63,82
2019-08-03 17:00:00,50,30,20
2019-08-03 18:00:00,33,20,13
2019-08-03 19:00:00,22,12,10
2019-08-03 20:00:00,23,13,10
2019-08-03 21:00:00,10,5,5
2019-08-03 22:00:00,1,0,1
2019-08-03 23:00:00,3,1,2
2019-08-04 00:00:00,0,0,0
2019-08-04 01:00:00,1,0,1
2019-08-04 02:00:00,0,0,0
2019-08-04 03:00:00,0,0,0
2019-08-04 04:00:00,0,0,0
2019-08-04 05:00:00,0,0,0
2019-08-04 06:00:00,8,4,4
2019-08-04 07:00:00,35,18,17
2019-08-04 08:00:00,74,44,30
2019-08-04 09:00:00,113,73,40
2019-08-04 10:00:00,130,90,40
2019-08-04 11:00:00,119,79,40
2019-08-04 12:00:00,103,48,55
2019-08-04 13:00:00,121,57,64
2019-08-04 14:00:00,170,61,109
2019-08-04 15:00:00,163,85,78
2019-08-04 16:00:00,139,71,68
2019-08-04 17:00:00,63,35,28
2019-08-04 18:00:00,28,15,13
2019-08-04 19:00:00,28,21,7
2019-08-04 20:00:00,17,11,6
2019-08-04 21:00:00,10,6,4
2019-08-04 22:00:00,1,1,0
2019-08-04 23:00:00,0,0,0
2019-08-05 00:00:00,0,0,0
2019-08-05 01:00:00,0,0,0
2019-08-05 02:00:00,0,0,0
2019-08-05 03:00:00,0,0,0
2019-08-05 04:00:00,4,3,1
2019-08-05 05:00:00,21,8,13
2019-08-05 06:00:00,26,19,7
2019-08-05 07:00:00,73,57,16
2019-08-05 08:00:00,74,57,17
2019-08-05 09:00:00,35,22,13
2019-08-05 10:00:00,30,23,7
2019-08-05 11:00:00,24,16,8
2019-08-05 12:00:00,21,14,7
2019-08-05 13:00:00,22,8,14
2019-08-05 14:00:00,35,11,24
2019-08-05 15:00:00,40,21,19
2019-08-05 16:00:00,60,27,33
2019-08-05 17:00:00,101,41,60
2019-08-05 18:00:00,83,37,46
2019-08-05 19:00:00,72,45,27
2019-08-05 20:00:00,22,16,6
2019-08-05 21:00:00,5,4,1
2019-08-05 22:00:00,8,1,7
2019-08-05 23:00:00,9,9,0
2019-08-06 00:00:00,0,0,0
2019-08-06 01:00:00,0,0,0
2019-08-06 02:00:00,1,0,1
2019-08-06 03:00:00,0,0,0
2019-08-06 04:00:00,5,4,1
2019-08-06 05:00:00,13,7,6
2019-08-06 06:00:00,39,24,15
2019-08-06 07:00:00,76,48,28
2019-08-06 08:00:00,79,61,18
2019-08-06 09:00:00,54,32,22
2019-08-06 10:00:00,27,15,12
2019-08-06 11:00:00,31,15,16
2019-08-06 12:00:00,42,22,20
2019-08-06 13:00:00,34,21,13
2019-08-06 14:00:00,19,12,7
2019-08-06 15:00:00,34,14,20
2019-08-06 16:00:00,70,34,36
2019-08-06 17:00:00,112,42,70
2019-08-06 18:00:00,119,40,79
2019-08-06 19:00:00,67,34,33
2019-08-06 20:00:00,32,18,14
2019-08-06 21:00:00,6,3,3
2019-08-06 22:00:00,3,3,0
2019-08-06 23:00:00,0,0,0
2019-08-07 00:00:00,0,0,0
2019-08-07 01:00:00,0,0,0
2019-08-07 02:00:00,2,0,2
2019-08-07 03:00:00,0,0,0
2019-08-07 04:00:00,4,4,0
2019-08-07 05:00:00,12,6,6
2019-08-07 06:00:00,36,23,13
2019-08-07 07:00:00,74,51,23
2019-08-07 08:00:00,55,36,19
2019-08-07 09:00:00,28,18,10
2019-08-07 10:00:00,36,18,18
2019-08-07 11:00:00,31,17,14
2019-08-07 12:00:00,31,18,13
2019-08-07 13:00:00,29,17,12
2019-08-07 14:00:00,28,16,12
2019-08-07 15:00:00,50,21,29
2019-08-07 16:00:00,82,33,49
2019-08-07 17:00:00,135,51,84
2019-08-07 18:00:00,133,75,58
2019-08-07 19:00:00,65,39,26
2019-08-07 20:00:00,28,20,8
2019-08-07 21:00:00,9,3,6
2019-08-07 22:00:00,2,1,1
2019-08-07 23:00:00,0,0,0
2019-08-08 00:00:00,1,1,0
2019-08-08 01:00:00,6,3,3
2019-08-08 02:00:00,0,0,0
2019-08-08 03:00:00,0,0,0
2019-08-08 04:00:00,3,3,0
2019-08-08 05:00:00,9,4,5
2019-08-08 06:00:00,33,21,12
2019-08-08 07:00:00,50,30,20
2019-08-08 08:00:00,57,33,24
2019-08-08 09:00:00,34,23,11
2019-08-08 10:00:00,29,13,16
2019-08-08 11:00:00,30,17,13
2019-08-08 12:00:00,31,16,15
2019-08-08 13:00:00,22,11,11
2019-08-08 14:00:00,27,16,11
2019-08-08 15:00:00,34,11,23
2019-08-08 16:00:00,69,30,39
2019-08-08 17:00:00,112,49,63
2019-08-08 18:00:00,78,38,40
2019-08-08 19:00:00,46,24,22
2019-08-08 20:00:00,27,18,9
2019-08-08 21:00:00,6,4,2
2019-08-08 22:00:00,4,1,3
2019-08-08 23:00:00,0,0,0
2019-08-09 00:00:00,0,0,0
2019-08-09 01:00:00,1,0,1
2019-08-09 02:00:00,1,0,1
2019-08-09 03:00:00,0,0,0
2019-08-09 04:00:00,2,2,0
2019-08-09 05:00:00,8,3,5
2019-08-09 06:00:00,28,17,11
2019-08-09 07:00:00,66,40,26
2019-08-09 08:00:00,59,33,26
2019-08-09 09:00:00,31,21,10
2019-08-09 10:00:00,29,16,13
2019-08-09 11:00:00,31,18,13
2019-08-09 12:00:00,27,18,9
2019-08-09 13:00:00,24,12,12
2019-08-09 14:00:00,32,19,13
2019-08-09 15:00:00,40,16,24
2019-08-09 16:00:00,63,24,39
2019-08-09 17:00:00,89,41,48
2019-08-09 18:00:00,52,19,33
2019-08-09 19:00:00,31,20,11
2019-08-09 20:00:00,8,4,4
2019-08-09 21:00:00,7,5,2
2019-08-09 22:00:00,1,0,1
2019-08-09 23:00:00,0,0,0
2019-08-10 00:00:00,0,0,0
2019-08-10 01:00:00,3,1,2
2019-08-10 02:00:00,4,2,2
2019-08-10 03:00:00,2,1,1
2019-08-10 04:00:00,1,1,0
2019-08-10 05:00:00,3,1,2
2019-08-10 06:00:00,5,5,0
2019-08-10 07:00:00,2,0,2
2019-08-10 08:00:00,9,2,7
2019-08-10 09:00:00,26,22,4
2019-08-10 10:00:00,146,138,8
2019-08-10 11:00:00,384,344,40
2019-08-10 12:00:00,229,205,24
2019-08-10 13:00:00,214,199,15
2019-08-10 14:00:00,170,130,40
2019-08-10 15:00:00,118,72,46
2019-08-10 16:00:00,91,66,25
2019-08-10 17:00:00,61,31,30
2019-08-10 18:00:00,39,22,17
2019-08-10 19:00:00,24,15,9
2019-08-10 20:00:00,9,6,3
2019-08-10 21:00:00,4,4,0
2019-08-10 22:00:00,4,1,3
2019-08-10 23:00:00,1,0,1
2019-08-11 00:00:00,0,0,0
2019-08-11 01:00:00,0,0,0
2019-08-11 02:00:00,0,0,0
2019-08-11 03:00:00,0,0,0
2019-08-11 04:00:00,0,0,0
2019-08-11 05:00:00,1,0,1
2019-08-11 06:00:00,12,4,8
2019-08-11 07:00:00,16,8,8
2019-08-11 08:00:00,80,13,67
2019-08-11 09:00:00,94,51,43
2019-08-11 10:00:00,111,47,64
2019-08-11 11:00:00,127,77,50
2019-08-11 12:00:00,99,55,44
2019-08-11 13:00:00,90,51,39
2019-08-11 14:00:00,64,41,23
2019-08-11 15:00:00,70,45,25
2019-08-11 16:00:00,55,32,23
2019-08-11 17:00:00,33,23,10
2019-08-11 18:00:00,27,19,8
2019-08-11 19:00:00,23,13,10
2019-08-11 20:00:00,11,7,4
2019-08-11 21:00:00,3,3,0
2019-08-11 22:00:00,0,0,0
2019-08-11 23:00:00,0,0,0
2019-08-12 00:00:00,0,0,0
2019-08-12 01:00:00,0,0,0
2019-08-12 02:00:00,0,0,0
2019-08-12 03:00:00,0,0,0
2019-08-12 04:00:00,3,2,1
2019-08-12 05:00:00,10,5,5
2019-08-12 06:00:00,33,18,15
2019-08-12 07:00:00,62,40,22
2019-08-12 08:00:00,84,55,29
2019-08-12 09:00:00,42,26,16
2019-08-12 10:00:00,27,13,14
2019-08-12 11:00:00,35,23,12
2019-08-12 12:00:00,26,13,13
2019-08-12 13:00:00,27,14,13
2019-08-12 14:00:00,18,9,9
2019-08-12 15:00:00,34,11,23
2019-08-12 16:00:00,55,26,29
2019-08-12 17:00:00,92,33,59
2019-08-12 18:00:00,90,45,45
2019-08-12 19:00:00,60,32,28
2019-08-12 20:00:00,30,19,11
2019-08-12 21:00:00,9,8,1
2019-08-12 22:00:00,0,0,0
2019-08-12 23:00:00,0,0,0
2019-08-13 00:00:00,1,0,1
2019-08-13 01:00:00,1,0,1
2019-08-13 02:00:00,0,0,0
2019-08-13 03:00:00,0,0,0
2019-08-13 04:00:00,8,7,1
2019-08-13 05:00:00,9,4,5
2019-08-13 06:00:00,51,28,23
2019-08-13 07:00:00,79,58,21
2019-08-13 08:00:00,88,62,26
2019-08-13 09:00:00,39,29,10
2019-08-13 10:00:00,33,15,18
2019-08-13 11:00:00,47,27,20
2019-08-13 12:00:00,30,20,10
2019-08-13 13:00:00,42,15,27
2019-08-13 14:00:00,40,20,20
2019-08-13 15:00:00,57,29,28
2019-08-13 16:00:00,90,40,50
2019-08-13 17:00:00,143,54,89
2019-08-13 18:00:00,118,50,68
2019-08-13 19:00:00,76,54,22
2019-08-13 20:00:00,17,14,3
2019-08-13 21:00:00,7,5,2
2019-08-13 22:00:00,8,3,5
2019-08-13 23:00:00,1,0,1
2019-08-14 00:00:00,0,0,0
2019-08-14 01:00:00,2,1,1
2019-08-14 02:00:00,0,0,0
2019-08-14 03:00:00,0,0,0
2019-08-14 04:00:00,6,4,2
2019-08-14 05:00:00,26,10,16
2019-08-14 06:00:00,41,28,13
2019-08-14 07:00:00,66,47,19
2019-08-14 08:00:00,63,48,15
2019-08-14 09:00:00,44,27,17
2019-08-14 10:00:00,50,32,18
2019-08-14 11:00:00,50,27,23
2019-08-14 12:00:00,19,11,8
2019-08-14 13:00:00,34,18,16
2019-08-14 14:00:00,16,5,11
2019-08-14 15:00:00,56,28,28
2019-08-14 16:00:00,81,27,54
2019-08-14 17:00:00,99,42,57
2019-08-14 18:00:00,119,49,70
2019-08-14 19:00:00,70,45,25
2019-08-14 20:00:00,34,27,7
2019-08-14 21:00:00,6,5,1
2019-08-14 22:00:00,1,0,1
2019-08-14 23:00:00,2,0,2
2019-08-15 00:00:00,0,0,0
2019-08-15 01:00:00,0,0,0
2019-08-15 02:00:00,2,0,2
2019-08-15 03:00:00,1,1,0
2019-08-15 04:00:00,3,3,0
2019-08-15 05:00:00,13,5,8
2019-08-15 06:00:00,23,13,10
2019-08-15 07:00:00,64,43,21
2019-08-15 08:00:00,72,43,29
2019-08-15 09:00:00,48,30,18
2019-08-15 10:00:00,38,12,26
2019-08-15 11:00:00,26,17,9
2019-08-15 12:00:00,22,9,13
2019-08-15 13:00:00,20,9,11
2019-08-15 14:00:00,36,21,15
2019-08-15 15:00:00,43,22,21
2019-08-15 16:00:00,87,50,37
2019-08-15 17:00:00,94,39,55
2019-08-15 18:00:00,107,53,54
2019-08-15 19:00:00,53,22,31
2019-08-15 20:00:00,28,16,12
2019-08-15 21:00:00,4,1,3
2019-08-15 22:00:00,2,1,1
2019-08-15 23:00:00,1,1,0
2019-08-16 00:00:00,0,0,0
2019-08-16 01:00:00,0,0,0
2019-08-16 02:00:00,2,1,1
2019-08-16 03:00:00,0,0,0
2019-08-16 04:00:00,2,2,0
2019-08-16 05:00:00,7,2,5
2019-08-16 06:00:00,39,18,21
2019-08-16 07:00:00,55,37,18
2019-08-16 08:00:00,51,28,23
2019-08-16 09:00:00,39,20,19
2019-08-16 10:00:00,23,9,14
2019-08-16 11:00:00,45,23,22
2019-08-16 12:00:00,23,12,11
2019-08-16 13:00:00,20,12,8
2019-08-16 14:00:00,44,32,12
2019-08-16 15:00:00,38,13,25
2019-08-16 16:00:00,73,29,44
2019-08-16 17:00:00,87,40,47
2019-08-16 18:00:00,44,20,24
2019-08-16 19:00:00,26,15,11
2019-08-16 20:00:00,15,9,6
2019-08-16 21:00:00,7,3,4
2019-08-16 22:00:00,4,3,1
2019-08-16 23:00:00,2,2,0
2019-08-17 00:00:00,2,2,0
2019-08-17 01:00:00,0,0,0
2019-08-17 02:00:00,0,0,0
2019-08-17 03:00:00,0,0,0
2019-08-17 04:00:00,1,1,0
2019-08-17 05:00:00,1,0,1
2019-08-17 06:00:00,15,2,13
2019-08-17 07:00:00,27,17,10
2019-08-17 08:00:00,61,18,43
2019-08-17 09:00:00,91,36,55
2019-08-17 10:00:00,75,44,31
2019-08-17 11:00:00,136,90,46
2019-08-17 12:00:00,103,64,39
2019-08-17 13:00:00,109,57,52
2019-08-17 14:00:00,80,57,23
2019-08-17 15:00:00,78,46,32
2019-08-17 16:00:00,41,27,14
2019-08-17 17:00:00,31,18,13
2019-08-17 18:00:00,21,13,8
2019-08-17 19:00:00,15,12,3
2019-08-17 20:00:00,13,10,3
2019-08-17 21:00:00,5,5,0
2019-08-17 22:00:00,0,0,0
2019-08-17 23:00:00,0,0,0
2019-08-18 00:00:00,0,0,0
2019-08-18 01:00:00,0,0,0
2019-08-18 02:00:00,0,0,0
2019-08-18 03:00:00,0,0,0
2019-08-18 04:00:00,1,0,1
2019-08-18 05:00:00,1,0,1
2019-08-18 06:00:00,9,2,7
2019-08-18 07:00:00,21,6,15
2019-08-18 08:00:00,81,18,63
2019-08-18 09:00:00,98,49,49
2019-08-18 10:00:00,114,71,43
2019-08-18 11:00:00,132,74,58
2019-08-18 12:00:00,131,62,69
2019-08-18 13:00:00,126,82,44
2019-08-18 14:00:00,105,53,52
2019-08-18 15:00:00,61,30,31
2019-08-18 16:00:00,69,34,35
2019-08-18 17:00:00,62,38,24
2019-08-18 18:00:00,29,15,14
2019-08-18 19:00:00,24,16,8
2019-08-18 20:00:00,6,2,4
2019-08-18 21:00:00,3,2,1
2019-08-18 22:00:00,1,1,0
2019-08-18 23:00:00,0,0,0
2019-08-19 00:00:00,1,1,0
2019-08-19 01:00:00,0,0,0
2019-08-19 02:00:00,0,0,0
2019-08-19 03:00:00,2,1,1
2019-08-19 04:00:00,3,3,0
2019-08-19 05:00:00,8,6,2
2019-08-19 06:00:00,25,20,5
2019-08-19 07:00:00,67,39,28
2019-08-19 08:00:00,68,44,24
2019-08-19 09:00:00,42,30,12
2019-08-19 10:00:00,26,14,12
2019-08-19 11:00:00,28,17,11
2019-08-19 12:00:00,22,11,11
2019-08-19 13:00:00,21,10,11
2019-08-19 14:00:00,25,18,7
2019-08-19 15:00:00,46,19,27
2019-08-19 16:00:00,56,17,39
2019-08-19 17:00:00,114,41,73
2019-08-19 18:00:00,77,35,42
2019-08-19 19:00:00,34,21,13
2019-08-19 20:00:00,31,14,17
2019-08-19 21:00:00,5,4,1
2019-08-19 22:00:00,1,0,1
2019-08-19 23:00:00,1,1,0
2019-08-20 00:00:00,0,0,0
2019-08-20 01:00:00,0,0,0
2019-08-20 02:00:00,2,1,1
2019-08-20 03:00:00,0,0,0
2019-08-20 04:00:00,4,4,0
2019-08-20 05:00:00,16,10,6
2019-08-20 06:00:00,46,25,21
2019-08-20 07:00:00,74,54,20
2019-08-20 08:00:00,86,54,32
2019-08-20 09:00:00,38,29,9
2019-08-20 10:00:00,28,15,13
2019-08-20 11:00:00,39,24,15
2019-08-20 12:00:00,31,21,10
2019-08-20 13:00:00,26,14,12
2019-08-20 14:00:00,22,11,11
2019-08-20 15:00:00,46,25,21
2019-08-20 16:00:00,83,41,42
2019-08-20 17:00:00,130,60,70
2019-08-20 18:00:00,112,64,48
2019-08-20 19:00:00,76,48,28
2019-08-20 20:00:00,20,13,7
2019-08-20 21:00:00,7,5,2
2019-08-20 22:00:00,1,1,0
2019-08-20 23:00:00,2,0,2
2019-08-21 00:00:00,0,0,0
2019-08-21 01:00:00,1,0,1
2019-08-21 02:00:00,1,0,1
2019-08-21 03:00:00,0,0,0
2019-08-21 04:00:00,4,4,0
2019-08-21 05:00:00,5,3,2
2019-08-21 06:00:00,12,7,5
2019-08-21 07:00:00,38,16,22
2019-08-21 08:00:00,31,21,10
2019-08-21 09:00:00,9,6,3
2019-08-21 10:00:00,8,3,5
2019-08-21 11:00:00,5,1,4
2019-08-21 12:00:00,4,2,2
2019-08-21 13:00:00,7,4,3
2019-08-21 14:00:00,13,6,7
2019-08-21 15:00:00,15,7,8
2019-08-21 16:00:00,29,10,19
2019-08-21 17:00:00,46,17,29
2019-08-21 18:00:00,27,14,13
2019-08-21 19:00:00,25,14,11
2019-08-21 20:00:00,11,10,1
2019-08-21 21:00:00,1,1,0
2019-08-21 22:00:00,2,0,2
2019-08-21 23:00:00,2,1,1
2019-08-22 00:00:00,0,0,0
2019-08-22 01:00:00,0,0,0
2019-08-22 02:00:00,0,0,0
2019-08-22 03:00:00,0,0,0
2019-08-22 04:00:00,3,3,0
2019-08-22 05:00:00,7,4,3
2019-08-22 06:00:00,31,21,10
2019-08-22 07:00:00,62,38,24
2019-08-22 08:00:00,57,32,25
2019-08-22 09:00:00,24,11,13
2019-08-22 10:00:00,19,7,12
2019-08-22 11:00:00,15,9,6
2019-08-22 12:00:00,27,11,16
2019-08-22 13:00:00,52,35,17
2019-08-22 14:00:00,15,9,6
2019-08-22 15:00:00,39,18,21
2019-08-22 16:00:00,68,36,32
2019-08-22 17:00:00,110,51,59
2019-08-22 18:00:00,89,47,42
2019-08-22 19:00:00,56,30,26
2019-08-22 20:00:00,31,12,19
2019-08-22 21:00:00,4,1,3
2019-08-22 22:00:00,0,0,0
2019-08-22 23:00:00,0,0,0
2019-08-23 00:00:00,2,2,0
2019-08-23 01:00:00,0,0,0
2019-08-23 02:00:00,0,0,0
2019-08-23 03:00:00,1,1,0
2019-08-23 04:00:00,4,4,0
2019-08-23 05:00:00,9,5,4
2019-08-23 06:00:00,28,18,10
2019-08-23 07:00:00,55,27,28
2019-08-23 08:00:00,52,35,17
2019-08-23 09:00:00,31,16,15
2019-08-23 10:00:00,24,7,17
2019-08-23 11:00:00,35,19,16
2019-08-23 12:00:00,39,27,12
2019-08-23 13:00:00,25,13,12
2019-08-23 14:00:00,32,13,19
2019-08-23 15:00:00,42,21,21
2019-08-23 16:00:00,74,36,38
2019-08-23 17:00:00,81,27,54
2019-08-23 18:00:00,44,25,19
2019-08-23 19:00:00,23,15,8
2019-08-23 20:00:00,3,0,3
2019-08-23 21:00:00,1,1,0
2019-08-23 22:00:00,2,1,1
2019-08-23 23:00:00,6,3,3
2019-08-24 00:00:00,0,0,0
2019-08-24 01:00:00,0,0,0
2019-08-24 02:00:00,0,0,0
2019-08-24 03:00:00,0,0,0
2019-08-24 04:00:00,0,0,0
2019-08-24 05:00:00,0,0,0
2019-08-24 06:00:00,4,0,4
2019-08-24 07:00:00,29,6,23
2019-08-24 08:00:00,46,23,23
2019-08-24 09:00:00,64,26,38
2019-08-24 10:00:00,80,37,43
2019-08-24 11:00:00,94,50,44
2019-08-24 12:00:00,87,60,27
2019-08-24 13:00:00,84,47,37
2019-08-24 14:00:00,93,45,48
2019-08-24 15:00:00,71,36,35
2019-08-24 16:00:00,71,40,31
2019-08-24 17:00:00,37,29,8
2019-08-24 18:00:00,18,9,9
2019-08-24 19:00:00,14,10,4
2019-08-24 20:00:00,6,5,1
2019-08-24 21:00:00,4,3,1
2019-08-24 22:00:00,1,0,1
2019-08-24 23:00:00,0,0,0
2019-08-25 00:00:00,1,1,0
2019-08-25 01:00:00,0,0,0
2019-08-25 02:00:00,0,0,0
2019-08-25 03:00:00,0,0,0
2019-08-25 04:00:00,0,0,0
2019-08-25 05:00:00,1,0,1
2019-08-25 06:00:00,6,2,4
2019-08-25 07:00:00,26,9,17
2019-08-25 08:00:00,68,34,34
2019-08-25 09:00:00,90,33,57
2019-08-25 10:00:00,105,62,43
2019-08-25 11:00:00,115,82,33
2019-08-25 12:00:00,108,53,55
2019-08-25 13:00:00,109,66,43
2019-08-25 14:00:00,86,50,36
2019-08-25 15:00:00,76,46,30
2019-08-25 16:00:00,60,36,24
2019-08-25 17:00:00,39,24,15
2019-08-25 18:00:00,19,6,13
2019-08-25 19:00:00,18,15,3
2019-08-25 20:00:00,8,4,4
2019-08-25 21:00:00,1,1,0
2019-08-25 22:00:00,0,0,0
2019-08-25 23:00:00,0,0,0
2019-08-26 00:00:00,0,0,0
2019-08-26 01:00:00,2,2,0
2019-08-26 02:00:00,0,0,0
2019-08-26 03:00:00,0,0,0
2019-08-26 04:00:00,6,5,1
2019-08-26 05:00:00,6,4,2
2019-08-26 06:00:00,29,18,11
2019-08-26 07:00:00,68,47,21
2019-08-26 08:00:00,72,54,18
2019-08-26 09:00:00,34,25,9
2019-08-26 10:00:00,22,19,3
2019-08-26 11:00:00,30,14,16
2019-08-26 12:00:00,31,15,16
2019-08-26 13:00:00,38,22,16
2019-08-26 14:00:00,26,5,21
2019-08-26 15:00:00,39,16,23
2019-08-26 16:00:00,89,41,48
2019-08-26 17:00:00,91,36,55
2019-08-26 18:00:00,119,66,53
2019-08-26 19:00:00,43,21,22
2019-08-26 20:00:00,23,17,6
2019-08-26 21:00:00,2,1,1
2019-08-26 22:00:00,0,0,0
2019-08-26 23:00:00,0,0,0
2019-08-27 00:00:00,1,0,1
2019-08-27 01:00:00,0,0,0
2019-08-27 02:00:00,2,1,1
2019-08-27 03:00:00,0,0,0
2019-08-27 04:00:00,4,4,0
2019-08-27 05:00:00,14,8,6
2019-08-27 06:00:00,37,19,18
2019-08-27 07:00:00,73,53,20
2019-08-27 08:00:00,75,54,21
2019-08-27 09:00:00,29,19,10
2019-08-27 10:00:00,26,19,7
2019-08-27 11:00:00,28,18,10
2019-08-27 12:00:00,23,9,14
2019-08-27 13:00:00,45,13,32
2019-08-27 14:00:00,37,16,21
2019-08-27 15:00:00,58,31,27
2019-08-27 16:00:00,81,39,42
2019-08-27 17:00:00,135,51,84
2019-08-27 18:00:00,120,53,67
2019-08-27 19:00:00,84,47,37
2019-08-27 20:00:00,12,9,3
2019-08-27 21:00:00,9,6,3
2019-08-27 22:00:00,1,0,1
2019-08-27 23:00:00,1,1,0
2019-08-28 00:00:00,1,0,1
2019-08-28 01:00:00,3,1,2
2019-08-28 02:00:00,1,1,0
2019-08-28 03:00:00,0,0,0
2019-08-28 04:00:00,3,3,0
2019-08-28 05:00:00,9,6,3
2019-08-28 06:00:00,34,19,15
2019-08-28 07:00:00,67,48,19
2019-08-28 08:00:00,70,51,19
2019-08-28 09:00:00,39,27,12
2019-08-28 10:00:00,37,22,15
2019-08-28 11:00:00,36,22,14
2019-08-28 12:00:00,25,13,12
2019-08-28 13:00:00,33,19,14
2019-08-28 14:00:00,32,15,17
2019-08-28 15:00:00,39,23,16
2019-08-28 16:00:00,67,27,40
2019-08-28 17:00:00,109,45,64
2019-08-28 18:00:00,98,54,44
2019-08-28 19:00:00,52,26,26
2019-08-28 20:00:00,29,16,13
2019-08-28 21:00:00,9,7,2
2019-08-28 22:00:00,0,0,0
2019-08-28 23:00:00,3,2,1
2019-08-29 00:00:00,0,0,0
2019-08-29 01:00:00,1,0,1
2019-08-29 02:00:00,1,1,0
2019-08-29 03:00:00,0,0,0
2019-08-29 04:00:00,3,3,0
2019-08-29 05:00:00,11,8,3
2019-08-29 06:00:00,36,18,18
2019-08-29 07:00:00,77,43,34
2019-08-29 08:00:00,70,44,26
2019-08-29 09:00:00,34,17,17
2019-08-29 10:00:00,27,9,18
2019-08-29 11:00:00,28,19,9
2019-08-29 12:00:00,26,17,9
2019-08-29 13:00:00,19,7,12
2019-08-29 14:00:00,25,14,11
2019-08-29 15:00:00,36,17,19
2019-08-29 16:00:00,59,25,34
2019-08-29 17:00:00,88,33,55
2019-08-29 18:00:00,46,31,15
2019-08-29 19:00:00,18,8,10
2019-08-29 20:00:00,10,5,5
2019-08-29 21:00:00,1,0,1
2019-08-29 22:00:00,2,2,0
2019-08-29 23:00:00,1,0,1
2019-08-30 00:00:00,0,0,0
2019-08-30 01:00:00,0,0,0
2019-08-30 02:00:00,4,2,2
2019-08-30 03:00:00,1,1,0
2019-08-30 04:00:00,2,2,0
2019-08-30 05:00:00,6,0,6
2019-08-30 06:00:00,23,14,9
2019-08-30 07:00:00,47,24,23
2019-08-30 08:00:00,47,33,14
2019-08-30 09:00:00,36,16,20
2019-08-30 10:00:00,15,7,8
2019-08-30 11:00:00,18,6,12
2019-08-30 12:00:00,14,6,8
2019-08-30 13:00:00,17,10,7
2019-08-30 14:00:00,32,16,16
2019-08-30 15:00:00,43,14,29
2019-08-30 16:00:00,68,35,33
2019-08-30 17:00:00,76,37,39
2019-08-30 18:00:00,50,27,23
2019-08-30 19:00:00,18,6,12
2019-08-30 20:00:00,13,9,4
2019-08-30 21:00:00,2,2,0
2019-08-30 22:00:00,2,1,1
2019-08-30 23:00:00,2,0,2
2019-08-31 00:00:00,1,0,1
2019-08-31 01:00:00,1,1,0
2019-08-31 02:00:00,1,0,1
2019-08-31 03:00:00,0,0,0
2019-08-31 04:00:00,2,2,0
2019-08-31 05:00:00,0,0,0
2019-08-31 06:00:00,3,3,0
2019-08-31 07:00:00,32,14,18
2019-08-31 08:00:00,52,18,34
2019-08-31 09:00:00,71,35,36
2019-08-31 10:00:00,119,56,63
2019-08-31 11:00:00,90,46,44
2019-08-31 12:00:00,69,44,25
2019-08-31 13:00:00,49,23,26
2019-08-31 14:00:00,52,31,21
2019-08-31 15:00:00,59,30,29
2019-08-31 16:00:00,52,27,25
2019-08-31 17:00:00,39,26,13
2019-08-31 18:00:00,29,17,12
2019-08-31 19:00:00,19,16,3
2019-08-31 20:00:00,5,2,3
2019-08-31 21:00:00,4,4,0
2019-08-31 22:00:00,0,0,0
2019-08-31 23:00:00,1,0,1
2019-09-01 00:00:00,0,0,0
2019-09-01 01:00:00,0,0,0
2019-09-01 02:00:00,0,0,0
2019-09-01 03:00:00,0,0,0
2019-09-01 04:00:00,0,0,0
2019-09-01 05:00:00,0,0,0
2019-09-01 06:00:00,2,1,1
2019-09-01 07:00:00,7,3,4
2019-09-01 08:00:00,35,15,20
2019-09-01 09:00:00,76,52,24
2019-09-01 10:00:00,103,58,45
2019-09-01 11:00:00,122,76,46
2019-09-01 12:00:00,102,58,44
2019-09-01 13:00:00,94,51,43
2019-09-01 14:00:00,78,37,41
2019-09-01 15:00:00,71,47,24
2019-09-01 16:00:00,57,34,23
2019-09-01 17:00:00,28,18,10
2019-09-01 18:00:00,24,13,11
2019-09-01 19:00:00,17,10,7
2019-09-01 20:00:00,9,6,3
2019-09-01 21:00:00,2,2,0
2019-09-01 22:00:00,0,0,0
2019-09-01 23:00:00,0,0,0
2019-09-02 00:00:00,0,0,0
2019-09-02 01:00:00,0,0,0
2019-09-02 02:00:00,0,0,0
2019-09-02 03:00:00,0,0,0
2019-09-02 04:00:00,0,0,0
2019-09-02 05:00:00,4,1,3
2019-09-02 06:00:00,8,2,6
2019-09-02 07:00:00,25,14,11
2019-09-02 08:00:00,67,26,41
2019-09-02 09:00:00,99,46,53
2019-09-02 10:00:00,90,58,32
2019-09-02 11:00:00,110,51,59
2019-09-02 12:00:00,101,65,36
2019-09-02 13:00:00,104,49,55
2019-09-02 14:00:00,108,60,48
2019-09-02 15:00:00,81,51,30
2019-09-02 16:00:00,66,45,21
2019-09-02 17:00:00,47,18,29
2019-09-02 18:00:00,42,26,16
2019-09-02 19:00:00,29,17,12
2019-09-02 20:00:00,12,12,0
2019-09-02 21:00:00,1,0,1
2019-09-02 22:00:00,0,0,0
2019-09-02 23:00:00,0,0,0
2019-09-03 00:00:00,0,0,0
2019-09-03 01:00:00,0,0,0
2019-09-03 02:00:00,0,0,0
2019-09-03 03:00:00,1,0,1
2019-09-03 04:00:00,8,7,1
2019-09-03 05:00:00,11,8,3
2019-09-03 06:00:00,50,33,17
2019-09-03 07:00:00,84,56,28
2019-09-03 08:00:00,74,63,11
2019-09-03 09:00:00,47,34,13
2019-09-03 10:00:00,29,15,14
2019-09-03 11:00:00,33,23,10
2019-09-03 12:00:00,22,16,6
2019-09-03 13:00:00,19,5,14
2019-09-03 14:00:00,27,11,16
2019-09-03 15:00:00,35,13,22
2019-09-03 16:00:00,71,23,48
2019-09-03 17:00:00,119,41,78
2019-09-03 18:00:00,88,44,44
2019-09-03 19:00:00,62,33,29
2019-09-03 20:00:00,12,8,4
2019-09-03 21:00:00,6,2,4
2019-09-03 22:00:00,0,0,0
2019-09-03 23:00:00,2,0,2
2019-09-04 00:00:00,0,0,0
2019-09-04 01:00:00,2,2,0
2019-09-04 02:00:00,0,0,0
2019-09-04 03:00:00,0,0,0
2019-09-04 04:00:00,7,5,2
2019-09-04 05:00:00,10,4,6
2019-09-04 06:00:00,28,18,10
2019-09-04 07:00:00,69,37,32
2019-09-04 08:00:00,82,51,31
2019-09-04 09:00:00,30,17,13
2019-09-04 10:00:00,27,12,15
2019-09-04 11:00:00,27,17,10
2019-09-04 12:00:00,28,12,16
2019-09-04 13:00:00,23,13,10
2019-09-04 14:00:00,27,9,18
2019-09-04 15:00:00,34,17,17
2019-09-04 16:00:00,70,32,38
2019-09-04 17:00:00,114,43,71
2019-09-04 18:00:00,110,57,53
2019-09-04 19:00:00,59,36,23
2019-09-04 20:00:00,8,6,2
2019-09-04 21:00:00,10,4,6
2019-09-04 22:00:00,4,3,1
2019-09-04 23:00:00,0,0,0
2019-09-05 00:00:00,0,0,0
2019-09-05 01:00:00,1,1,0
2019-09-05 02:00:00,1,0,1
2019-09-05 03:00:00,2,1,1
2019-09-05 04:00:00,2,2,0
2019-09-05 05:00:00,9,7,2
2019-09-05 06:00:00,42,25,17
2019-09-05 07:00:00,69,45,24
2019-09-05 08:00:00,76,57,19
2019-09-05 09:00:00,41,27,14
2019-09-05 10:00:00,28,11,17
2019-09-05 11:00:00,16,12,4
2019-09-05 12:00:00,34,17,17
2019-09-05 13:00:00,17,11,6
2019-09-05 14:00:00,20,11,9
2019-09-05 15:00:00,43,13,30
2019-09-05 16:00:00,70,32,38
2019-09-05 17:00:00,119,48,71
2019-09-05 18:00:00,97,48,49
2019-09-05 19:00:00,46,20,26
2019-09-05 20:00:00,12,8,4
2019-09-05 21:00:00,15,12,3
2019-09-05 22:00:00,3,2,1
2019-09-05 23:00:00,1,0,1
2019-09-06 00:00:00,1,0,1
2019-09-06 01:00:00,0,0,0
2019-09-06 02:00:00,1,0,1
2019-09-06 03:00:00,0,0,0
2019-09-06 04:00:00,1,1,0
2019-09-06 05:00:00,7,6,1
2019-09-06 06:00:00,28,15,13
2019-09-06 07:00:00,80,44,36
2019-09-06 08:00:00,74,47,27
2019-09-06 09:00:00,45,30,15
2019-09-06 10:00:00,38,25,13
2019-09-06 11:00:00,50,28,22
2019-09-06 12:00:00,32,20,12
2019-09-06 13:00:00,34,21,13
2019-09-06 14:00:00,43,20,23
2019-09-06 15:00:00,42,16,26
2019-09-06 16:00:00,75,37,38
2019-09-06 17:00:00,102,38,64
2019-09-06 18:00:00,80,43,37
2019-09-06 19:00:00,21,14,7
2019-09-06 20:00:00,10,7,3
2019-09-06 21:00:00,4,3,1
2019-09-06 22:00:00,0,0,0
2019-09-06 23:00:00,0,0,0
2019-09-07 00:00:00,1,1,0
2019-09-07 01:00:00,0,0,0
2019-09-07 02:00:00,1,0,1
2019-09-07 03:00:00,0,0,0
2019-09-07 04:00:00,0,0,0
2019-09-07 05:00:00,2,1,1
2019-09-07 06:00:00,9,6,3
2019-09-07 07:00:00,27,4,23
2019-09-07 08:00:00,60,27,33
2019-09-07 09:00:00,111,50,61
2019-09-07 10:00:00,103,51,52
2019-09-07 11:00:00,128,66,62
2019-09-07 12:00:00,96,71,25
2019-09-07 13:00:00,66,42,24
2019-09-07 14:00:00,73,36,37
2019-09-07 15:00:00,84,60,24
2019-09-07 16:00:00,36,21,15
2019-09-07 17:00:00,29,21,8
2019-09-07 18:00:00,30,19,11
2019-09-07 19:00:00,10,7,3
2019-09-07 20:00:00,6,4,2
2019-09-07 21:00:00,2,2,0
2019-09-07 22:00:00,0,0,0
2019-09-07 23:00:00,0,0,0
2019-09-08 00:00:00,0,0,0
2019-09-08 01:00:00,0,0,0
2019-09-08 02:00:00,0,0,0
2019-09-08 03:00:00,2,2,0
2019-09-08 04:00:00,0,0,0
2019-09-08 05:00:00,0,0,0
2019-09-08 06:00:00,0,0,0
2019-09-08 07:00:00,6,1,5
2019-09-08 08:00:00,20,6,14
2019-09-08 09:00:00,24,14,10
2019-09-08 10:00:00,24,10,14
2019-09-08 11:00:00,53,39,14
2019-09-08 12:00:00,53,14,39
2019-09-08 13:00:00,37,17,20
2019-09-08 14:00:00,46,27,19
2019-09-08 15:00:00,16,12,4
2019-09-08 16:00:00,26,12,14
2019-09-08 17:00:00,24,10,14
2019-09-08 18:00:00,22,16,6
2019-09-08 19:00:00,14,8,6
2019-09-08 20:00:00,2,0,2
2019-09-08 21:00:00,1,1,0
2019-09-08 22:00:00,1,1,0
2019-09-08 23:00:00,0,0,0
2019-09-09 00:00:00,2,2,0
2019-09-09 01:00:00,1,0,1
2019-09-09 02:00:00,0,0,0
2019-09-09 03:00:00,0,0,0
2019-09-09 04:00:00,0,0,0
2019-09-09 05:00:00,6,3,3
2019-09-09 06:00:00,21,13,8
2019-09-09 07:00:00,38,16,22
2019-09-09 08:00:00,35,22,13
2019-09-09 09:00:00,15,10,5
2019-09-09 10:00:00,7,7,0
2019-09-09 11:00:00,3,1,2
2019-09-09 12:00:00,5,2,3
2019-09-09 13:00:00,4,0,4
2019-09-09 14:00:00,8,3,5
2019-09-09 15:00:00,12,6,6
2019-09-09 16:00:00,32,15,17
2019-09-09 17:00:00,44,20,24
2019-09-09 18:00:00,26,14,12
2019-09-09 19:00:00,18,8,10
2019-09-09 20:00:00,5,1,4
2019-09-09 21:00:00,2,1,1
2019-09-09 22:00:00,0,0,0
2019-09-09 23:00:00,0,0,0
2019-09-10 00:00:00,1,0,1
2019-09-10 01:00:00,1,1,0
2019-09-10 02:00:00,1,1,0
2019-09-10 03:00:00,0,0,0
2019-09-10 04:00:00,5,4,1
2019-09-10 05:00:00,10,8,2
2019-09-10 06:00:00,29,20,9
2019-09-10 07:00:00,46,24,22
2019-09-10 08:00:00,44,30,14
2019-09-10 09:00:00,25,16,9
2019-09-10 10:00:00,8,6,2
2019-09-10 11:00:00,12,5,7
2019-09-10 12:00:00,16,9,7
2019-09-10 13:00:00,12,2,10
2019-09-10 14:00:00,25,13,12
2019-09-10 15:00:00,44,13,31
2019-09-10 16:00:00,67,32,35
2019-09-10 17:00:00,96,26,70
2019-09-10 18:00:00,96,47,49
2019-09-10 19:00:00,54,32,22
2019-09-10 20:00:00,15,13,2
2019-09-10 21:00:00,3,1,2
2019-09-10 22:00:00,1,1,0
2019-09-10 23:00:00,1,0,1
2019-09-11 00:00:00,0,0,0
2019-09-11 01:00:00,1,1,0
2019-09-11 02:00:00,0,0,0
2019-09-11 03:00:00,1,0,1
2019-09-11 04:00:00,5,4,1
2019-09-11 05:00:00,8,5,3
2019-09-11 06:00:00,29,20,9
2019-09-11 07:00:00,75,39,36
2019-09-11 08:00:00,61,39,22
2019-09-11 09:00:00,33,21,12
2019-09-11 10:00:00,21,11,10
2019-09-11 11:00:00,28,19,9
2019-09-11 12:00:00,24,19,5
2019-09-11 13:00:00,23,8,15
2019-09-11 14:00:00,36,17,19
2019-09-11 15:00:00,50,25,25
2019-09-11 16:00:00,72,31,41
2019-09-11 17:00:00,107,39,68
2019-09-11 18:00:00,84,43,41
2019-09-11 19:00:00,40,22,18
2019-09-11 20:00:00,3,3,0
2019-09-11 21:00:00,1,0,1
2019-09-11 22:00:00,2,2,0
2019-09-11 23:00:00,0,0,0
2019-09-12 00:00:00,0,0,0
2019-09-12 01:00:00,2,1,1
2019-09-12 02:00:00,0,0,0
2019-09-12 03:00:00,0,0,0
2019-09-12 04:00:00,3,2,1
2019-09-12 05:00:00,9,4,5
2019-09-12 06:00:00,33,17,16
2019-09-12 07:00:00,69,42,27
2019-09-12 08:00:00,69,52,17
2019-09-12 09:00:00,40,31,9
2019-09-12 10:00:00,23,11,12
2019-09-12 11:00:00,34,19,15
2019-09-12 12:00:00,33,15,18
2019-09-12 13:00:00,42,17,25
2019-09-12 14:00:00,36,17,19
2019-09-12 15:00:00,56,32,24
2019-09-12 16:00:00,81,41,40
2019-09-12 17:00:00,120,58,62
2019-09-12 18:00:00,97,47,50
2019-09-12 19:00:00,34,23,11
2019-09-12 20:00:00,10,6,4
2019-09-12 21:00:00,0,0,0
2019-09-12 22:00:00,0,0,0
2019-09-12 23:00:00,0,0,0
2019-09-13 00:00:00,0,0,0
2019-09-13 01:00:00,1,1,0
2019-09-13 02:00:00,1,0,1
2019-09-13 03:00:00,0,0,0
2019-09-13 04:00:00,2,2,0
2019-09-13 05:00:00,6,2,4
2019-09-13 06:00:00,16,8,8
2019-09-13 07:00:00,49,26,23
2019-09-13 08:00:00,34,19,15
2019-09-13 09:00:00,23,17,6
2019-09-13 10:00:00,14,9,5
2019-09-13 11:00:00,16,8,8
2019-09-13 12:00:00,17,6,11
2019-09-13 13:00:00,23,12,11
2019-09-13 14:00:00,28,18,10
2019-09-13 15:00:00,26,11,15
2019-09-13 16:00:00,59,32,27
2019-09-13 17:00:00,70,32,38
2019-09-13 18:00:00,40,24,16
2019-09-13 19:00:00,23,12,11
2019-09-13 20:00:00,4,1,3
2019-09-13 21:00:00,3,2,1
2019-09-13 22:00:00,4,2,2
2019-09-13 23:00:00,0,0,0
2019-09-14 00:00:00,2,1,1
2019-09-14 01:00:00,1,0,1
2019-09-14 02:00:00,1,0,1
2019-09-14 03:00:00,4,4,0
2019-09-14 04:00:00,3,2,1
2019-09-14 05:00:00,0,0,0
2019-09-14 06:00:00,4,1,3
2019-09-14 07:00:00,24,5,19
2019-09-14 08:00:00,64,28,36
2019-09-14 09:00:00,94,33,61
2019-09-14 10:00:00,82,42,40
2019-09-14 11:00:00,133,83,50
2019-09-14 12:00:00,82,51,31
2019-09-14 13:00:00,74,51,23
2019-09-14 14:00:00,55,38,17
2019-09-14 15:00:00,47,22,25
2019-09-14 16:00:00,43,21,22
2019-09-14 17:00:00,30,17,13
2019-09-14 18:00:00,18,14,4
2019-09-14 19:00:00,12,10,2
2019-09-14 20:00:00,1,1,0
2019-09-14 21:00:00,2,2,0
2019-09-14 22:00:00,1,1,0
2019-09-14 23:00:00,0,0,0
2019-09-15 00:00:00,0,0,0
2019-09-15 01:00:00,0,0,0
2019-09-15 02:00:00,0,0,0
2019-09-15 03:00:00,0,0,0
2019-09-15 04:00:00,0,0,0
2019-09-15 05:00:00,0,0,0
2019-09-15 06:00:00,1,0,1
2019-09-15 07:00:00,3,3,0
2019-09-15 08:00:00,12,0,12
2019-09-15 09:00:00,18,14,4
2019-09-15 10:00:00,14,9,5
2019-09-15 11:00:00,11,11,0
2019-09-15 12:00:00,9,6,3
2019-09-15 13:00:00,4,2,2
2019-09-15 14:00:00,10,4,6
2019-09-15 15:00:00,16,9,7
2019-09-15 16:00:00,19,11,8
2019-09-15 17:00:00,19,13,6
2019-09-15 18:00:00,2,1,1
2019-09-15 19:00:00,2,2,0
2019-09-15 20:00:00,0,0,0
2019-09-15 21:00:00,1,1,0
2019-09-15 22:00:00,0,0,0
2019-09-15 23:00:00,0,0,0
2019-09-16 00:00:00,0,0,0
2019-09-16 01:00:00,1,0,1
2019-09-16 02:00:00,0,0,0
2019-09-16 03:00:00,0,0,0
2019-09-16 04:00:00,2,2,0
2019-09-16 05:00:00,8,4,4
2019-09-16 06:00:00,33,20,13
2019-09-16 07:00:00,57,28,29
2019-09-16 08:00:00,60,37,23
2019-09-16 09:00:00,29,17,12
2019-09-16 10:00:00,32,20,12
2019-09-16 11:00:00,22,8,14
2019-09-16 12:00:00,27,14,13
2019-09-16 13:00:00,31,11,20
2019-09-16 14:00:00,29,12,17
2019-09-16 15:00:00,35,14,21
2019-09-16 16:00:00,74,33,41
2019-09-16 17:00:00,107,57,50
2019-09-16 18:00:00,59,31,28
2019-09-16 19:00:00,26,14,12
2019-09-16 20:00:00,3,3,0
2019-09-16 21:00:00,3,3,0
2019-09-16 22:00:00,1,1,0
2019-09-16 23:00:00,4,4,0
2019-09-17 00:00:00,0,0,0
2019-09-17 01:00:00,0,0,0
2019-09-17 02:00:00,2,1,1
2019-09-17 03:00:00,0,0,0
2019-09-17 04:00:00,1,1,0
2019-09-17 05:00:00,7,3,4
2019-09-17 06:00:00,22,14,8
2019-09-17 07:00:00,32,15,17
2019-09-17 08:00:00,31,17,14
2019-09-17 09:00:00,17,12,5
2019-09-17 10:00:00,4,4,0
2019-09-17 11:00:00,6,2,4
2019-09-17 12:00:00,8,4,4
2019-09-17 13:00:00,8,2,6
2019-09-17 14:00:00,9,4,5
2019-09-17 15:00:00,15,7,8
2019-09-17 16:00:00,21,12,9
2019-09-17 17:00:00,46,18,28
2019-09-17 18:00:00,29,11,18
2019-09-17 19:00:00,14,7,7
2019-09-17 20:00:00,2,0,2
2019-09-17 21:00:00,5,2,3
2019-09-17 22:00:00,0,0,0
2019-09-17 23:00:00,0,0,0
2019-09-18 00:00:00,0,0,0
2019-09-18 01:00:00,1,1,0
2019-09-18 02:00:00,0,0,0
2019-09-18 03:00:00,2,1,1
2019-09-18 04:00:00,2,2,0
2019-09-18 05:00:00,5,3,2
2019-09-18 06:00:00,21,13,8
2019-09-18 07:00:00,49,23,26
2019-09-18 08:00:00,43,25,18
2019-09-18 09:00:00,28,18,10
2019-09-18 10:00:00,12,8,4
2019-09-18 11:00:00,12,7,5
2019-09-18 12:00:00,4,1,3
2019-09-18 13:00:00,23,11,12
2019-09-18 14:00:00,22,14,8
2019-09-18 15:00:00,28,12,16
2019-09-18 16:00:00,57,24,33
2019-09-18 17:00:00,106,47,59
2019-09-18 18:00:00,76,44,32
2019-09-18 19:00:00,43,26,17
2019-09-18 20:00:00,21,15,6
2019-09-18 21:00:00,3,1,2
2019-09-18 22:00:00,6,2,4
2019-09-18 23:00:00,1,0,1
2019-09-19 00:00:00,0,0,0
2019-09-19 01:00:00,1,1,0
2019-09-19 02:00:00,3,1,2
2019-09-19 03:00:00,1,1,0
2019-09-19 04:00:00,5,3,2
2019-09-19 05:00:00,11,8,3
2019-09-19 06:00:00,31,14,17
2019-09-19 07:00:00,78,47,31
2019-09-19 08:00:00,55,43,12
2019-09-19 09:00:00,39,20,19
2019-09-19 10:00:00,31,14,17
2019-09-19 11:00:00,23,8,15
2019-09-19 12:00:00,28,17,11
2019-09-19 13:00:00,26,8,18
2019-09-19 14:00:00,23,10,13
2019-09-19 15:00:00,53,26,27
2019-09-19 16:00:00,64,26,38
2019-09-19 17:00:00,96,32,64
2019-09-19 18:00:00,88,52,36
2019-09-19 19:00:00,38,25,13
2019-09-19 20:00:00,5,3,2
2019-09-19 21:00:00,2,1,1
2019-09-19 22:00:00,2,0,2
2019-09-19 23:00:00,1,1,0
2019-09-20 00:00:00,0,0,0
2019-09-20 01:00:00,1,0,1
2019-09-20 02:00:00,2,0,2
2019-09-20 03:00:00,0,0,0
2019-09-20 04:00:00,2,2,0
2019-09-20 05:00:00,6,4,2
2019-09-20 06:00:00,21,10,11
2019-09-20 07:00:00,58,29,29
2019-09-20 08:00:00,42,23,19
2019-09-20 09:00:00,26,20,6
2019-09-20 10:00:00,16,8,8
2019-09-20 11:00:00,24,12,12
2019-09-20 12:00:00,21,11,10
2019-09-20 13:00:00,23,12,11
2019-09-20 14:00:00,19,10,9
2019-09-20 15:00:00,38,20,18
2019-09-20 16:00:00,45,22,23
2019-09-20 17:00:00,76,29,47
2019-09-20 18:00:00,54,33,21
2019-09-20 19:00:00,18,12,6
2019-09-20 20:00:00,5,1,4
2019-09-20 21:00:00,1,1,0
2019-09-20 22:00:00,1,0,1
2019-09-20 23:00:00,2,1,1
2019-09-21 00:00:00,0,0,0
2019-09-21 01:00:00,1,0,1
2019-09-21 02:00:00,2,1,1
2019-09-21 03:00:00,0,0,0
2019-09-21 04:00:00,0,0,0
2019-09-21 05:00:00,3,2,1
2019-09-21 06:00:00,3,2,1
2019-09-21 07:00:00,21,5,16
2019-09-21 08:00:00,50,19,31
2019-09-21 09:00:00,83,37,46
2019-09-21 10:00:00,98,32,66
2019-09-21 11:00:00,166,105,61
2019-09-21 12:00:00,99,73,26
2019-09-21 13:00:00,65,33,32
2019-09-21 14:00:00,68,39,29
2019-09-21 15:00:00,74,37,37
2019-09-21 16:00:00,55,36,19
2019-09-21 17:00:00,49,32,17
2019-09-21 18:00:00,23,16,7
2019-09-21 19:00:00,11,9,2
2019-09-21 20:00:00,0,0,0
2019-09-21 21:00:00,1,1,0
2019-09-21 22:00:00,4,3,1
2019-09-21 23:00:00,1,0,1
2019-09-22 00:00:00,0,0,0
2019-09-22 01:00:00,0,0,0
2019-09-22 02:00:00,0,0,0
2019-09-22 03:00:00,0,0,0
2019-09-22 04:00:00,0,0,0
2019-09-22 05:00:00,0,0,0
2019-09-22 06:00:00,1,1,0
2019-09-22 07:00:00,2,0,2
2019-09-22 08:00:00,3,1,2
2019-09-22 09:00:00,9,4,5
2019-09-22 10:00:00,10,5,5
2019-09-22 11:00:00,15,9,6
2019-09-22 12:00:00,19,14,5
2019-09-22 13:00:00,6,3,3
2019-09-22 14:00:00,12,9,3
2019-09-22 15:00:00,1,0,1
2019-09-22 16:00:00,6,1,5
2019-09-22 17:00:00,12,7,5
2019-09-22 18:00:00,6,3,3
2019-09-22 19:00:00,2,2,0
2019-09-22 20:00:00,2,0,2
2019-09-22 21:00:00,1,1,0
2019-09-22 22:00:00,2,2,0
2019-09-22 23:00:00,0,0,0
2019-09-23 00:00:00,1,1,0
2019-09-23 01:00:00,0,0,0
2019-09-23 02:00:00,0,0,0
2019-09-23 03:00:00,0,0,0
2019-09-23 04:00:00,2,1,1
2019-09-23 05:00:00,8,7,1
2019-09-23 06:00:00,19,11,8
2019-09-23 07:00:00,51,29,22
2019-09-23 08:00:00,54,35,19
2019-09-23 09:00:00,27,17,10
2019-09-23 10:00:00,29,14,15
2019-09-23 11:00:00,18,5,13
2019-09-23 12:00:00,9,7,2
2019-09-23 13:00:00,8,6,2
2019-09-23 14:00:00,4,3,1
2019-09-23 15:00:00,11,2,9
2019-09-23 16:00:00,43,21,22
2019-09-23 17:00:00,53,18,35
2019-09-23 18:00:00,49,25,24
2019-09-23 19:00:00,21,13,8
2019-09-23 20:00:00,6,4,2
2019-09-23 21:00:00,1,1,0
2019-09-23 22:00:00,0,0,0
2019-09-23 23:00:00,0,0,0
2019-09-24 00:00:00,0,0,0
2019-09-24 01:00:00,0,0,0
2019-09-24 02:00:00,2,1,1
2019-09-24 03:00:00,0,0,0
2019-09-24 04:00:00,3,3,0
2019-09-24 05:00:00,7,3,4
2019-09-24 06:00:00,29,11,18
2019-09-24 07:00:00,55,27,28
2019-09-24 08:00:00,51,31,20
2019-09-24 09:00:00,25,16,9
2019-09-24 10:00:00,17,11,6
2019-09-24 11:00:00,12,4,8
2019-09-24 12:00:00,13,6,7
2019-09-24 13:00:00,13,6,7
2019-09-24 14:00:00,16,3,13
2019-09-24 15:00:00,46,23,23
2019-09-24 16:00:00,60,24,36
2019-09-24 17:00:00,96,50,46
2019-09-24 18:00:00,72,41,31
2019-09-24 19:00:00,37,20,17
2019-09-24 20:00:00,8,5,3
2019-09-24 21:00:00,3,3,0
2019-09-24 22:00:00,1,1,0
2019-09-24 23:00:00,0,0,0
2019-09-25 00:00:00,0,0,0
2019-09-25 01:00:00,1,1,0
2019-09-25 02:00:00,0,0,0
2019-09-25 03:00:00,1,0,1
2019-09-25 04:00:00,5,5,0
2019-09-25 05:00:00,10,7,3
2019-09-25 06:00:00,28,16,12
2019-09-25 07:00:00,72,38,34
2019-09-25 08:00:00,63,41,22
2019-09-25 09:00:00,41,26,15
2019-09-25 10:00:00,29,16,13
2019-09-25 11:00:00,42,23,19
2019-09-25 12:00:00,29,19,10
2019-09-25 13:00:00,31,17,14
2019-09-25 14:00:00,31,19,12
2019-09-25 15:00:00,71,28,43
2019-09-25 16:00:00,102,46,56
2019-09-25 17:00:00,108,50,58
2019-09-25 18:00:00,113,51,62
2019-09-25 19:00:00,40,31,9
2019-09-25 20:00:00,7,3,4
2019-09-25 21:00:00,6,3,3
2019-09-25 22:00:00,1,0,1
2019-09-25 23:00:00,0,0,0
2019-09-26 00:00:00,0,0,0
2019-09-26 01:00:00,2,1,1
2019-09-26 02:00:00,1,0,1
2019-09-26 03:00:00,1,1,0
2019-09-26 04:00:00,1,1,0
2019-09-26 05:00:00,7,5,2
2019-09-26 06:00:00,19,10,9
2019-09-26 07:00:00,40,21,19
2019-09-26 08:00:00,31,15,16
2019-09-26 09:00:00,18,13,5
2019-09-26 10:00:00,15,10,5
2019-09-26 11:00:00,6,2,4
2019-09-26 12:00:00,13,8,5
2019-09-26 13:00:00,21,8,13
2019-09-26 14:00:00,20,7,13
2019-09-26 15:00:00,24,13,11
2019-09-26 16:00:00,55,20,35
2019-09-26 17:00:00,70,28,42
2019-09-26 18:00:00,58,32,26
2019-09-26 19:00:00,15,11,4
2019-09-26 20:00:00,4,3,1
2019-09-26 21:00:00,1,0,1
2019-09-26 22:00:00,3,2,1
2019-09-26 23:00:00,1,0,1
2019-09-27 00:00:00,0,0,0
2019-09-27 01:00:00,1,1,0
2019-09-27 02:00:00,1,0,1
2019-09-27 03:00:00,0,0,0
2019-09-27 04:00:00,0,0,0
2019-09-27 05:00:00,4,3,1
2019-09-27 06:00:00,11,3,8
2019-09-27 07:00:00,27,13,14
2019-09-27 08:00:00,30,18,12
2019-09-27 09:00:00,20,14,6
2019-09-27 10:00:00,10,5,5
2019-09-27 11:00:00,10,8,2
2019-09-27 12:00:00,12,6,6
2019-09-27 13:00:00,11,3,8
2019-09-27 14:00:00,20,5,15
2019-09-27 15:00:00,29,16,13
2019-09-27 16:00:00,47,27,20
2019-09-27 17:00:00,46,19,27
2019-09-27 18:00:00,19,9,10
2019-09-27 19:00:00,9,3,6
2019-09-27 20:00:00,2,1,1
2019-09-27 21:00:00,2,0,2
2019-09-27 22:00:00,3,2,1
2019-09-27 23:00:00,0,0,0
2019-09-28 00:00:00,0,0,0
2019-09-28 01:00:00,0,0,0
2019-09-28 02:00:00,0,0,0
2019-09-28 03:00:00,0,0,0
2019-09-28 04:00:00,1,1,0
2019-09-28 05:00:00,0,0,0
2019-09-28 06:00:00,4,1,3
2019-09-28 07:00:00,3,2,1
2019-09-28 08:00:00,20,10,10
2019-09-28 09:00:00,28,18,10
2019-09-28 10:00:00,37,17,20
2019-09-28 11:00:00,101,77,24
2019-09-28 12:00:00,58,36,22
2019-09-28 13:00:00,43,22,21
2019-09-28 14:00:00,48,32,16
2019-09-28 15:00:00,39,24,15
2019-09-28 16:00:00,43,30,13
2019-09-28 17:00:00,28,17,11
2019-09-28 18:00:00,22,17,5
2019-09-28 19:00:00,3,2,1
2019-09-28 20:00:00,2,2,0
2019-09-28 21:00:00,1,1,0
2019-09-28 22:00:00,1,0,1
2019-09-28 23:00:00,2,1,1
2019-09-29 00:00:00,0,0,0
2019-09-29 01:00:00,0,0,0
2019-09-29 02:00:00,0,0,0
2019-09-29 03:00:00,0,0,0
2019-09-29 04:00:00,0,0,0
2019-09-29 05:00:00,0,0,0
2019-09-29 06:00:00,2,2,0
2019-09-29 07:00:00,14,4,10
2019-09-29 08:00:00,17,5,12
2019-09-29 09:00:00,60,21,39
2019-09-29 10:00:00,55,23,32
2019-09-29 11:00:00,69,43,26
2019-09-29 12:00:00,90,47,43
2019-09-29 13:00:00,54,26,28
2019-09-29 14:00:00,57,29,28
2019-09-29 15:00:00,45,27,18
2019-09-29 16:00:00,27,18,9
2019-09-29 17:00:00,19,12,7
2019-09-29 18:00:00,13,9,4
2019-09-29 19:00:00,3,3,0
2019-09-29 20:00:00,2,1,1
2019-09-29 21:00:00,2,1,1
2019-09-29 22:00:00,0,0,0
2019-09-29 23:00:00,0,0,0
2019-09-30 00:00:00,0,0,0
2019-09-30 01:00:00,0,0,0
2019-09-30 02:00:00,0,0,0
2019-09-30 03:00:00,1,1,0
2019-09-30 04:00:00,3,3,0
2019-09-30 05:00:00,7,5,2
2019-09-30 06:00:00,31,16,15
2019-09-30 07:00:00,50,31,19
2019-09-30 08:00:00,67,42,25
2019-09-30 09:00:00,27,15,12
2019-09-30 10:00:00,14,9,5
2019-09-30 11:00:00,20,12,8
2019-09-30 12:00:00,23,12,11
2019-09-30 13:00:00,21,8,13
2019-09-30 14:00:00,30,13,17
2019-09-30 15:00:00,42,22,20
2019-09-30 16:00:00,72,28,44
2019-09-30 17:00:00,108,39,69
2019-09-30 18:00:00,83,48,35
2019-09-30 19:00:00,30,21,9
2019-09-30 20:00:00,10,6,4
2019-09-30 21:00:00,5,3,2
2019-09-30 22:00:00,2,1,1
2019-09-30 23:00:00,0,0,0
2019-10-01 00:00:00,0,0,0
2019-10-01 01:00:00,0,0,0
2019-10-01 02:00:00,1,0,1
2019-10-01 03:00:00,1,1,0
2019-10-01 04:00:00,3,3,0
2019-10-01 05:00:00,9,6,3
2019-10-01 06:00:00,30,18,12
2019-10-01 07:00:00,74,48,26
2019-10-01 08:00:00,50,32,18
2019-10-01 09:00:00,38,29,9
2019-10-01 10:00:00,25,17,8
2019-10-01 11:00:00,24,10,14
2019-10-01 12:00:00,25,7,18
2019-10-01 13:00:00,29,12,17
2019-10-01 14:00:00,42,20,22
2019-10-01 15:00:00,46,16,30
2019-10-01 16:00:00,97,41,56
2019-10-01 17:00:00,110,43,67
2019-10-01 18:00:00,98,50,48
2019-10-01 19:00:00,48,25,23
2019-10-01 20:00:00,11,8,3
2019-10-01 21:00:00,5,3,2
2019-10-01 22:00:00,2,1,1
2019-10-01 23:00:00,0,0,0
2019-10-02 00:00:00,0,0,0
2019-10-02 01:00:00,0,0,0
2019-10-02 02:00:00,1,0,1
2019-10-02 03:00:00,1,1,0
2019-10-02 04:00:00,3,3,0
2019-10-02 05:00:00,11,6,5
2019-10-02 06:00:00,22,8,14
2019-10-02 07:00:00,41,22,19
2019-10-02 08:00:00,73,51,22
2019-10-02 09:00:00,26,17,9
2019-10-02 10:00:00,25,15,10
2019-10-02 11:00:00,29,14,15
2019-10-02 12:00:00,20,9,11
2019-10-02 13:00:00,20,8,12
2019-10-02 14:00:00,17,11,6
2019-10-02 15:00:00,36,17,19
2019-10-02 16:00:00,68,29,39
2019-10-02 17:00:00,83,35,48
2019-10-02 18:00:00,46,22,24
2019-10-02 19:00:00,30,15,15
2019-10-02 20:00:00,11,10,1
2019-10-02 21:00:00,3,2,1
2019-10-02 22:00:00,3,3,0
2019-10-02 23:00:00,1,0,1
2019-10-03 00:00:00,0,0,0
2019-10-03 01:00:00,0,0,0
2019-10-03 02:00:00,0,0,0
2019-10-03 03:00:00,0,0,0
2019-10-03 04:00:00,2,2,0
2019-10-03 05:00:00,9,3,6
2019-10-03 06:00:00,19,10,9
2019-10-03 07:00:00,31,21,10
2019-10-03 08:00:00,48,30,18
2019-10-03 09:00:00,22,13,9
2019-10-03 10:00:00,15,6,9
2019-10-03 11:00:00,18,9,9
2019-10-03 12:00:00,21,7,14
2019-10-03 13:00:00,9,5,4
2019-10-03 14:00:00,20,7,13
2019-10-03 15:00:00,25,14,11
2019-10-03 16:00:00,34,16,18
2019-10-03 17:00:00,54,24,30
2019-10-03 18:00:00,36,18,18
2019-10-03 19:00:00,15,6,9
2019-10-03 20:00:00,3,2,1
2019-10-03 21:00:00,5,3,2
2019-10-03 22:00:00,5,1,4
2019-10-03 23:00:00,0,0,0
2019-10-04 00:00:00,0,0,0
2019-10-04 01:00:00,0,0,0
2019-10-04 02:00:00,1,0,1
2019-10-04 03:00:00,0,0,0
2019-10-04 04:00:00,0,0,0
2019-10-04 05:00:00,2,1,1
2019-10-04 06:00:00,12,5,7
2019-10-04 07:00:00,32,15,17
2019-10-04 08:00:00,44,24,20
2019-10-04 09:00:00,24,19,5
2019-10-04 10:00:00,8,3,5
2019-10-04 11:00:00,16,9,7
2019-10-04 12:00:00,10,6,4
2019-10-04 13:00:00,7,2,5
2019-10-04 14:00:00,11,7,4
2019-10-04 15:00:00,17,10,7
2019-10-04 16:00:00,39,18,21
2019-10-04 17:00:00,57,24,33
2019-10-04 18:00:00,29,17,12
2019-10-04 19:00:00,12,5,7
2019-10-04 20:00:00,2,1,1
2019-10-04 21:00:00,4,2,2
2019-10-04 22:00:00,2,1,1
2019-10-04 23:00:00,1,0,1
2019-10-05 00:00:00,1,1,0
2019-10-05 01:00:00,1,1,0
2019-10-05 02:00:00,4,2,2
2019-10-05 03:00:00,0,0,0
2019-10-05 04:00:00,0,0,0
2019-10-05 05:00:00,1,1,0
2019-10-05 06:00:00,4,0,4
2019-10-05 07:00:00,8,3,5
2019-10-05 08:00:00,24,5,19
2019-10-05 09:00:00,70,26,44
2019-10-05 10:00:00,73,31,42
2019-10-05 11:00:00,114,80,34
2019-10-05 12:00:00,79,45,34
2019-10-05 13:00:00,82,42,40
2019-10-05 14:00:00,70,45,25
2019-10-05 15:00:00,61,41,20
2019-10-05 16:00:00,46,31,15
2019-10-05 17:00:00,28,13,15
2019-10-05 18:00:00,31,14,17
2019-10-05 19:00:00,6,4,2
2019-10-05 20:00:00,1,1,0
2019-10-05 21:00:00,1,1,0
2019-10-05 22:00:00,1,0,1
2019-10-05 23:00:00,1,1,0
2019-10-06 00:00:00,0,0,0
2019-10-06 01:00:00,0,0,0
2019-10-06 02:00:00,0,0,0
2019-10-06 03:00:00,0,0,0
2019-10-06 04:00:00,2,1,1
2019-10-06 05:00:00,1,0,1
2019-10-06 06:00:00,1,1,0
2019-10-06 07:00:00,18,1,17
2019-10-06 08:00:00,47,24,23
2019-10-06 09:00:00,53,27,26
2019-10-06 10:00:00,87,41,46
2019-10-06 11:00:00,91,58,33
2019-10-06 12:00:00,121,73,48
2019-10-06 13:00:00,99,48,51
2019-10-06 14:00:00,101,65,36
2019-10-06 15:00:00,97,50,47
2019-10-06 16:00:00,66,38,28
2019-10-06 17:00:00,29,18,11
2019-10-06 18:00:00,17,13,4
2019-10-06 19:00:00,4,2,2
2019-10-06 20:00:00,1,0,1
2019-10-06 21:00:00,2,2,0
2019-10-06 22:00:00,0,0,0
2019-10-06 23:00:00,0,0,0
2019-10-07 00:00:00,0,0,0
2019-10-07 01:00:00,0,0,0
2019-10-07 02:00:00,0,0,0
2019-10-07 03:00:00,0,0,0
2019-10-07 04:00:00,4,4,0
2019-10-07 05:00:00,5,2,3
2019-10-07 06:00:00,20,12,8
2019-10-07 07:00:00,44,24,20
2019-10-07 08:00:00,50,33,17
2019-10-07 09:00:00,20,14,6
2019-10-07 10:00:00,7,4,3
2019-10-07 11:00:00,6,4,2
2019-10-07 12:00:00,9,3,6
2019-10-07 13:00:00,3,2,1
2019-10-07 14:00:00,3,1,2
2019-10-07 15:00:00,20,8,12
2019-10-07 16:00:00,27,11,16
2019-10-07 17:00:00,45,12,33
2019-10-07 18:00:00,43,15,28
2019-10-07 19:00:00,14,9,5
2019-10-07 20:00:00,6,1,5
2019-10-07 21:00:00,4,3,1
2019-10-07 22:00:00,1,1,0
2019-10-07 23:00:00,0,0,0
2019-10-08 00:00:00,0,0,0
2019-10-08 01:00:00,1,1,0
2019-10-08 02:00:00,0,0,0
2019-10-08 03:00:00,0,0,0
2019-10-08 04:00:00,1,1,0
2019-10-08 05:00:00,8,6,2
2019-10-08 06:00:00,12,8,4
2019-10-08 07:00:00,35,20,15
2019-10-08 08:00:00,44,26,18
2019-10-08 09:00:00,23,13,10
2019-10-08 10:00:00,12,8,4
2019-10-08 11:00:00,8,6,2
2019-10-08 12:00:00,2,2,0
2019-10-08 13:00:00,6,2,4
2019-10-08 14:00:00,2,1,1
2019-10-08 15:00:00,11,4,7
2019-10-08 16:00:00,19,7,12
2019-10-08 17:00:00,58,23,35
2019-10-08 18:00:00,37,17,20
2019-10-08 19:00:00,12,5,7
2019-10-08 20:00:00,9,4,5
2019-10-08 21:00:00,2,2,0
2019-10-08 22:00:00,1,0,1
2019-10-08 23:00:00,0,0,0
2019-10-09 00:00:00,0,0,0
2019-10-09 01:00:00,2,1,1
2019-10-09 02:00:00,1,1,0
2019-10-09 03:00:00,0,0,0
2019-10-09 04:00:00,7,4,3
2019-10-09 05:00:00,5,4,1
2019-10-09 06:00:00,18,7,11
2019-10-09 07:00:00,37,20,17
2019-10-09 08:00:00,54,36,18
2019-10-09 09:00:00,24,16,8
2019-10-09 10:00:00,15,10,5
2019-10-09 11:00:00,20,15,5
2019-10-09 12:00:00,11,4,7
2019-10-09 13:00:00,31,15,16
2019-10-09 14:00:00,28,18,10
2019-10-09 15:00:00,35,15,20
2019-10-09 16:00:00,51,31,20
2019-10-09 17:00:00,91,28,63
2019-10-09 18:00:00,59,34,25
2019-10-09 19:00:00,17,11,6
2019-10-09 20:00:00,9,1,8
2019-10-09 21:00:00,1,0,1
2019-10-09 22:00:00,1,1,0
2019-10-09 23:00:00,0,0,0
2019-10-10 00:00:00,0,0,0
2019-10-10 01:00:00,0,0,0
2019-10-10 02:00:00,1,0,1
2019-10-10 03:00:00,1,1,0
2019-10-10 04:00:00,2,2,0
2019-10-10 05:00:00,8,4,4
2019-10-10 06:00:00,21,10,11
2019-10-10 07:00:00,46,23,23
2019-10-10 08:00:00,47,32,15
2019-10-10 09:00:00,24,18,6
2019-10-10 10:00:00,20,5,15
2019-10-10 11:00:00,13,8,5
2019-10-10 12:00:00,18,8,10
2019-10-10 13:00:00,11,5,6
2019-10-10 14:00:00,27,12,15
2019-10-10 15:00:00,32,12,20
2019-10-10 16:00:00,68,33,35
2019-10-10 17:00:00,81,42,39
2019-10-10 18:00:00,51,32,19
2019-10-10 19:00:00,16,8,8
2019-10-10 20:00:00,3,2,1
2019-10-10 21:00:00,3,1,2
2019-10-10 22:00:00,2,2,0
2019-10-10 23:00:00,3,2,1
2019-10-11 00:00:00,0,0,0
2019-10-11 01:00:00,0,0,0
2019-10-11 02:00:00,1,0,1
2019-10-11 03:00:00,0,0,0
2019-10-11 04:00:00,3,2,1
2019-10-11 05:00:00,4,1,3
2019-10-11 06:00:00,17,9,8
2019-10-11 07:00:00,41,21,20
2019-10-11 08:00:00,38,24,14
2019-10-11 09:00:00,35,22,13
2019-10-11 10:00:00,21,10,11
2019-10-11 11:00:00,29,20,9
2019-10-11 12:00:00,16,8,8
2019-10-11 13:00:00,41,18,23
2019-10-11 14:00:00,30,12,18
2019-10-11 15:00:00,59,29,30
2019-10-11 16:00:00,71,41,30
2019-10-11 17:00:00,80,41,39
2019-10-11 18:00:00,37,17,20
2019-10-11 19:00:00,15,7,8
2019-10-11 20:00:00,4,2,2
2019-10-11 21:00:00,1,0,1
2019-10-11 22:00:00,1,0,1
2019-10-11 23:00:00,0,0,0
2019-10-12 00:00:00,0,0,0
2019-10-12 01:00:00,0,0,0
2019-10-12 02:00:00,0,0,0
2019-10-12 03:00:00,0,0,0
2019-10-12 04:00:00,0,0,0
2019-10-12 05:00:00,1,0,1
2019-10-12 06:00:00,3,3,0
2019-10-12 07:00:00,20,5,15
2019-10-12 08:00:00,32,11,21
2019-10-12 09:00:00,84,48,36
2019-10-12 10:00:00,91,54,37
2019-10-12 11:00:00,104,68,36
2019-10-12 12:00:00,133,96,37
2019-10-12 13:00:00,73,40,33
2019-10-12 14:00:00,57,36,21
2019-10-12 15:00:00,69,31,38
2019-10-12 16:00:00,52,38,14
2019-10-12 17:00:00,26,16,10
2019-10-12 18:00:00,23,17,6
2019-10-12 19:00:00,4,3,1
2019-10-12 20:00:00,0,0,0
2019-10-12 21:00:00,2,2,0
2019-10-12 22:00:00,0,0,0
2019-10-12 23:00:00,2,1,1
2019-10-13 00:00:00,0,0,0
2019-10-13 01:00:00,1,0,1
2019-10-13 02:00:00,0,0,0
2019-10-13 03:00:00,0,0,0
2019-10-13 04:00:00,1,1,0
2019-10-13 05:00:00,0,0,0
2019-10-13 06:00:00,3,2,1
2019-10-13 07:00:00,10,2,8
2019-10-13 08:00:00,20,5,15
2019-10-13 09:00:00,33,14,19
2019-10-13 10:00:00,48,13,35
2019-10-13 11:00:00,72,47,25
2019-10-13 12:00:00,69,48,21
2019-10-13 13:00:00,54,26,28
2019-10-13 14:00:00,78,42,36
2019-10-13 15:00:00,63,33,30
2019-10-13 16:00:00,62,35,27
2019-10-13 17:00:00,61,38,23
2019-10-13 18:00:00,27,18,9
2019-10-13 19:00:00,5,3,2
2019-10-13 20:00:00,0,0,0
2019-10-13 21:00:00,3,1,2
2019-10-13 22:00:00,0,0,0
2019-10-13 23:00:00,0,0,0
2019-10-14 00:00:00,0,0,0
2019-10-14 01:00:00,0,0,0
2019-10-14 02:00:00,0,0,0
2019-10-14 03:00:00,0,0,0
2019-10-14 04:00:00,2,2,0
2019-10-14 05:00:00,9,6,3
2019-10-14 06:00:00,23,8,15
2019-10-14 07:00:00,46,31,15
2019-10-14 08:00:00,65,37,28
2019-10-14 09:00:00,38,30,8
2019-10-14 10:00:00,16,7,9
2019-10-14 11:00:00,16,8,8
2019-10-14 12:00:00,31,14,17
2019-10-14 13:00:00,26,15,11
2019-10-14 14:00:00,43,29,14
2019-10-14 15:00:00,36,13,23
2019-10-14 16:00:00,73,32,41
2019-10-14 17:00:00,96,42,54
2019-10-14 18:00:00,56,37,19
2019-10-14 19:00:00,17,6,11
2019-10-14 20:00:00,4,2,2
2019-10-14 21:00:00,5,2,3
2019-10-14 22:00:00,0,0,0
2019-10-14 23:00:00,0,0,0
2019-10-15 00:00:00,0,0,0
2019-10-15 01:00:00,2,1,1
2019-10-15 02:00:00,0,0,0
2019-10-15 03:00:00,1,1,0
2019-10-15 04:00:00,2,2,0
2019-10-15 05:00:00,5,4,1
2019-10-15 06:00:00,25,15,10
2019-10-15 07:00:00,55,25,30
2019-10-15 08:00:00,65,41,24
2019-10-15 09:00:00,30,25,5
2019-10-15 10:00:00,21,6,15
2019-10-15 11:00:00,23,7,16
2019-10-15 12:00:00,22,10,12
2019-10-15 13:00:00,20,11,9
2019-10-15 14:00:00,23,16,7
2019-10-15 15:00:00,27,8,19
2019-10-15 16:00:00,55,29,26
2019-10-15 17:00:00,71,32,39
2019-10-15 18:00:00,44,15,29
2019-10-15 19:00:00,20,13,7
2019-10-15 20:00:00,7,4,3
2019-10-15 21:00:00,3,2,1
2019-10-15 22:00:00,2,2,0
2019-10-15 23:00:00,0,0,0
2019-10-16 00:00:00,0,0,0
2019-10-16 01:00:00,0,0,0
2019-10-16 02:00:00,0,0,0
2019-10-16 03:00:00,0,0,0
2019-10-16 04:00:00,1,1,0
2019-10-16 05:00:00,3,2,1
2019-10-16 06:00:00,13,5,8
2019-10-16 07:00:00,16,11,5
2019-10-16 08:00:00,36,22,14
2019-10-16 09:00:00,10,8,2
2019-10-16 10:00:00,5,4,1
2019-10-16 11:00:00,2,0,2
2019-10-16 12:00:00,0,0,0
2019-10-16 13:00:00,1,0,1
2019-10-16 14:00:00,3,3,0
2019-10-16 15:00:00,11,4,7
2019-10-16 16:00:00,17,10,7
2019-10-16 17:00:00,36,14,22
2019-10-16 18:00:00,19,9,10
2019-10-16 19:00:00,12,5,7
2019-10-16 20:00:00,2,2,0
2019-10-16 21:00:00,3,2,1
2019-10-16 22:00:00,0,0,0
2019-10-16 23:00:00,0,0,0
2019-10-17 00:00:00,0,0,0
2019-10-17 01:00:00,0,0,0
2019-10-17 02:00:00,0,0,0
2019-10-17 03:00:00,3,1,2
2019-10-17 04:00:00,0,0,0
2019-10-17 05:00:00,2,2,0
2019-10-17 06:00:00,13,8,5
2019-10-17 07:00:00,32,15,17
2019-10-17 08:00:00,37,25,12
2019-10-17 09:00:00,9,7,2
2019-10-17 10:00:00,4,3,1
2019-10-17 11:00:00,5,3,2
2019-10-17 12:00:00,5,3,2
2019-10-17 13:00:00,3,1,2
2019-10-17 14:00:00,12,5,7
2019-10-17 15:00:00,9,9,0
2019-10-17 16:00:00,25,11,14
2019-10-17 17:00:00,36,15,21
2019-10-17 18:00:00,29,10,19
2019-10-17 19:00:00,10,3,7
2019-10-17 20:00:00,2,2,0
2019-10-17 21:00:00,1,0,1
2019-10-17 22:00:00,1,1,0
2019-10-17 23:00:00,0,0,0
2019-10-18 00:00:00,3,2,1
2019-10-18 01:00:00,1,0,1
2019-10-18 02:00:00,1,0,1
2019-10-18 03:00:00,0,0,0
2019-10-18 04:00:00,1,1,0
2019-10-18 05:00:00,1,0,1
2019-10-18 06:00:00,14,3,11
2019-10-18 07:00:00,34,23,11
2019-10-18 08:00:00,29,16,13
2019-10-18 09:00:00,19,12,7
2019-10-18 10:00:00,6,5,1
2019-10-18 11:00:00,5,5,0
2019-10-18 12:00:00,8,5,3
2019-10-18 13:00:00,10,4,6
2019-10-18 14:00:00,6,4,2
2019-10-18 15:00:00,12,8,4
2019-10-18 16:00:00,25,11,14
2019-10-18 17:00:00,27,9,18
2019-10-18 18:00:00,16,9,7
2019-10-18 19:00:00,7,2,5
2019-10-18 20:00:00,0,0,0
2019-10-18 21:00:00,0,0,0
2019-10-18 22:00:00,0,0,0
2019-10-18 23:00:00,0,0,0
2019-10-19 00:00:00,2,1,1
2019-10-19 01:00:00,0,0,0
2019-10-19 02:00:00,1,0,1
2019-10-19 03:00:00,0,0,0
2019-10-19 04:00:00,0,0,0
2019-10-19 05:00:00,0,0,0
2019-10-19 06:00:00,1,0,1
2019-10-19 07:00:00,2,1,1
2019-10-19 08:00:00,7,5,2
2019-10-19 09:00:00,8,3,5
2019-10-19 10:00:00,14,5,9
2019-10-19 11:00:00,18,11,7
2019-10-19 12:00:00,4,1,3
2019-10-19 13:00:00,5,5,0
2019-10-19 14:00:00,14,6,8
2019-10-19 15:00:00,15,6,9
2019-10-19 16:00:00,17,10,7
2019-10-19 17:00:00,17,13,4
2019-10-19 18:00:00,4,3,1
2019-10-19 19:00:00,3,1,2
2019-10-19 20:00:00,1,1,0
2019-10-19 21:00:00,3,3,0
2019-10-19 22:00:00,0,0,0
2019-10-19 23:00:00,2,1,1
2019-10-20 00:00:00,1,0,1
2019-10-20 01:00:00,0,0,0
2019-10-20 02:00:00,1,1,0
2019-10-20 03:00:00,0,0,0
2019-10-20 04:00:00,0,0,0
2019-10-20 05:00:00,0,0,0
2019-10-20 06:00:00,3,1,2
2019-10-20 07:00:00,7,5,2
2019-10-20 08:00:00,22,8,14
2019-10-20 09:00:00,33,14,19
2019-10-20 10:00:00,26,11,15
2019-10-20 11:00:00,67,30,37
2019-10-20 12:00:00,19,16,3
2019-10-20 13:00:00,31,28,3
2019-10-20 14:00:00,8,5,3
2019-10-20 15:00:00,11,4,7
2019-10-20 16:00:00,10,4,6
2019-10-20 17:00:00,8,5,3
2019-10-20 18:00:00,4,3,1
2019-10-20 19:00:00,0,0,0
2019-10-20 20:00:00,0,0,0
2019-10-20 21:00:00,0,0,0
2019-10-20 22:00:00,0,0,0
2019-10-20 23:00:00,0,0,0
2019-10-21 00:00:00,0,0,0
2019-10-21 01:00:00,0,0,0
2019-10-21 02:00:00,0,0,0
2019-10-21 03:00:00,0,0,0
2019-10-21 04:00:00,0,0,0
2019-10-21 05:00:00,2,1,1
2019-10-21 06:00:00,13,8,5
2019-10-21 07:00:00,29,16,13
2019-10-21 08:00:00,33,19,14
2019-10-21 09:00:00,13,8,5
2019-10-21 10:00:00,5,5,0
2019-10-21 11:00:00,5,2,3
2019-10-21 12:00:00,4,1,3
2019-10-21 13:00:00,3,1,2
2019-10-21 14:00:00,6,1,5
2019-10-21 15:00:00,4,2,2
2019-10-21 16:00:00,16,4,12
2019-10-21 17:00:00,42,18,24
2019-10-21 18:00:00,17,8,9
2019-10-21 19:00:00,7,3,4
2019-10-21 20:00:00,5,3,2
2019-10-21 21:00:00,2,1,1
2019-10-21 22:00:00,0,0,0
2019-10-21 23:00:00,0,0,0
2019-10-22 00:00:00,0,0,0
2019-10-22 01:00:00,0,0,0
2019-10-22 02:00:00,0,0,0
2019-10-22 03:00:00,0,0,0
2019-10-22 04:00:00,3,3,0
2019-10-22 05:00:00,7,6,1
2019-10-22 06:00:00,13,8,5
2019-10-22 07:00:00,39,18,21
2019-10-22 08:00:00,31,19,12
2019-10-22 09:00:00,15,8,7
2019-10-22 10:00:00,14,10,4
2019-10-22 11:00:00,8,6,2
2019-10-22 12:00:00,4,1,3
2019-10-22 13:00:00,5,4,1
2019-10-22 14:00:00,6,1,5
2019-10-22 15:00:00,20,8,12
2019-10-22 16:00:00,27,12,15
2019-10-22 17:00:00,53,25,28
2019-10-22 18:00:00,31,17,14
2019-10-22 19:00:00,9,6,3
2019-10-22 20:00:00,7,4,3
2019-10-22 21:00:00,5,1,4
2019-10-22 22:00:00,3,2,1
2019-10-22 23:00:00,0,0,0
2019-10-23 00:00:00,0,0,0
2019-10-23 01:00:00,0,0,0
2019-10-23 02:00:00,2,1,1
2019-10-23 03:00:00,0,0,0
2019-10-23 04:00:00,4,3,1
2019-10-23 05:00:00,7,3,4
2019-10-23 06:00:00,17,13,4
2019-10-23 07:00:00,65,39,26
2019-10-23 08:00:00,42,24,18
2019-10-23 09:00:00,29,18,11
2019-10-23 10:00:00,19,12,7
2019-10-23 11:00:00,34,20,14
2019-10-23 12:00:00,19,10,9
2019-10-23 13:00:00,27,12,15
2019-10-23 14:00:00,34,19,15
2019-10-23 15:00:00,43,25,18
2019-10-23 16:00:00,62,32,30
2019-10-23 17:00:00,82,26,56
2019-10-23 18:00:00,43,27,16
2019-10-23 19:00:00,19,9,10
2019-10-23 20:00:00,5,2,3
2019-10-23 21:00:00,2,2,0
2019-10-23 22:00:00,2,1,1
2019-10-23 23:00:00,0,0,0
2019-10-24 00:00:00,0,0,0
2019-10-24 01:00:00,0,0,0
2019-10-24 02:00:00,1,0,1
2019-10-24 03:00:00,1,1,0
2019-10-24 04:00:00,1,1,0
2019-10-24 05:00:00,11,7,4
2019-10-24 06:00:00,22,12,10
2019-10-24 07:00:00,54,37,17
2019-10-24 08:00:00,54,32,22
2019-10-24 09:00:00,22,20,2
2019-10-24 10:00:00,18,9,9
2019-10-24 11:00:00,15,4,11
2019-10-24 12:00:00,34,18,16
2019-10-24 13:00:00,22,9,13
2019-10-24 14:00:00,42,24,18
2019-10-24 15:00:00,48,21,27
2019-10-24 16:00:00,77,37,40
2019-10-24 17:00:00,82,29,53
2019-10-24 18:00:00,44,21,23
2019-10-24 19:00:00,12,5,7
2019-10-24 20:00:00,5,5,0
2019-10-24 21:00:00,4,1,3
2019-10-24 22:00:00,3,2,1
2019-10-24 23:00:00,2,1,1
2019-10-25 00:00:00,0,0,0
2019-10-25 01:00:00,2,1,1
2019-10-25 02:00:00,1,0,1
2019-10-25 03:00:00,0,0,0
2019-10-25 04:00:00,1,1,0
2019-10-25 05:00:00,6,4,2
2019-10-25 06:00:00,10,7,3
2019-10-25 07:00:00,46,26,20
2019-10-25 08:00:00,44,28,16
2019-10-25 09:00:00,24,17,7
2019-10-25 10:00:00,8,3,5
2019-10-25 11:00:00,9,6,3
2019-10-25 12:00:00,7,6,1
2019-10-25 13:00:00,3,0,3
2019-10-25 14:00:00,0,0,0
2019-10-25 15:00:00,9,5,4
2019-10-25 16:00:00,28,10,18
2019-10-25 17:00:00,52,13,39
2019-10-25 18:00:00,26,14,12
2019-10-25 19:00:00,12,8,4
2019-10-25 20:00:00,1,0,1
2019-10-25 21:00:00,2,1,1
2019-10-25 22:00:00,0,0,0
2019-10-25 23:00:00,1,1,0
2019-10-26 00:00:00,0,0,0
2019-10-26 01:00:00,0,0,0
2019-10-26 02:00:00,0,0,0
2019-10-26 03:00:00,0,0,0
2019-10-26 04:00:00,1,1,0
2019-10-26 05:00:00,1,1,0
2019-10-26 06:00:00,0,0,0
2019-10-26 07:00:00,8,3,5
2019-10-26 08:00:00,20,8,12
2019-10-26 09:00:00,42,13,29
2019-10-26 10:00:00,62,26,36
2019-10-26 11:00:00,61,38,23
2019-10-26 12:00:00,64,42,22
2019-10-26 13:00:00,43,28,15
2019-10-26 14:00:00,51,26,25
2019-10-26 15:00:00,54,37,17
2019-10-26 16:00:00,39,30,9
2019-10-26 17:00:00,22,17,5
2019-10-26 18:00:00,8,5,3
2019-10-26 19:00:00,4,1,3
2019-10-26 20:00:00,1,1,0
2019-10-26 21:00:00,2,2,0
2019-10-26 22:00:00,0,0,0
2019-10-26 23:00:00,1,1,0
2019-10-27 00:00:00,0,0,0
2019-10-27 01:00:00,0,0,0
2019-10-27 02:00:00,0,0,0
2019-10-27 03:00:00,0,0,0
2019-10-27 04:00:00,0,0,0
2019-10-27 05:00:00,1,1,0
2019-10-27 06:00:00,3,1,2
2019-10-27 07:00:00,3,1,2
2019-10-27 08:00:00,22,3,19
2019-10-27 09:00:00,48,30,18
2019-10-27 10:00:00,34,10,24
2019-10-27 11:00:00,71,29,42
2019-10-27 12:00:00,52,26,26
2019-10-27 13:00:00,67,36,31
2019-10-27 14:00:00,65,36,29
2019-10-27 15:00:00,84,43,41
2019-10-27 16:00:00,45,28,17
2019-10-27 17:00:00,29,21,8
2019-10-27 18:00:00,9,7,2
2019-10-27 19:00:00,3,3,0
2019-10-27 20:00:00,2,1,1
2019-10-27 21:00:00,2,1,1
2019-10-27 22:00:00,1,1,0
2019-10-27 23:00:00,2,1,1
2019-10-28 00:00:00,0,0,0
2019-10-28 01:00:00,0,0,0
2019-10-28 02:00:00,0,0,0
2019-10-28 03:00:00,0,0,0
2019-10-28 04:00:00,1,1,0
2019-10-28 05:00:00,1,1,0
2019-10-28 06:00:00,20,11,9
2019-10-28 07:00:00,46,27,19
2019-10-28 08:00:00,44,24,20
2019-10-28 09:00:00,23,18,5
2019-10-28 10:00:00,12,8,4
2019-10-28 11:00:00,6,2,4
2019-10-28 12:00:00,10,6,4
2019-10-28 13:00:00,14,7,7
2019-10-28 14:00:00,9,5,4
2019-10-28 15:00:00,24,11,13
2019-10-28 16:00:00,48,20,28
2019-10-28 17:00:00,80,36,44
2019-10-28 18:00:00,45,26,19
2019-10-28 19:00:00,12,5,7
2019-10-28 20:00:00,6,3,3
2019-10-28 21:00:00,7,4,3
2019-10-28 22:00:00,1,0,1
2019-10-28 23:00:00,1,0,1
2019-10-29 00:00:00,0,0,0
2019-10-29 01:00:00,1,0,1
2019-10-29 02:00:00,1,1,0
2019-10-29 03:00:00,0,0,0
2019-10-29 04:00:00,2,2,0
2019-10-29 05:00:00,4,4,0
2019-10-29 06:00:00,18,11,7
2019-10-29 07:00:00,47,29,18
2019-10-29 08:00:00,45,29,16
2019-10-29 09:00:00,18,12,6
2019-10-29 10:00:00,8,3,5
2019-10-29 11:00:00,13,9,4
2019-10-29 12:00:00,21,10,11
2019-10-29 13:00:00,17,10,7
2019-10-29 14:00:00,22,9,13
2019-10-29 15:00:00,24,8,16
2019-10-29 16:00:00,54,22,32
2019-10-29 17:00:00,64,29,35
2019-10-29 18:00:00,44,17,27
2019-10-29 19:00:00,15,9,6
2019-10-29 20:00:00,3,1,2
2019-10-29 21:00:00,4,2,2
2019-10-29 22:00:00,3,3,0
2019-10-29 23:00:00,0,0,0
2019-10-30 00:00:00,0,0,0
2019-10-30 01:00:00,1,0,1
2019-10-30 02:00:00,1,0,1
2019-10-30 03:00:00,0,0,0
2019-10-30 04:00:00,2,2,0
2019-10-30 05:00:00,5,4,1
2019-10-30 06:00:00,11,8,3
2019-10-30 07:00:00,34,19,15
2019-10-30 08:00:00,38,23,15
2019-10-30 09:00:00,23,16,7
2019-10-30 10:00:00,7,3,4
2019-10-30 11:00:00,12,7,5
2019-10-30 12:00:00,18,9,9
2019-10-30 13:00:00,19,8,11
2019-10-30 14:00:00,17,5,12
2019-10-30 15:00:00,24,9,15
2019-10-30 16:00:00,45,19,26
2019-10-30 17:00:00,65,30,35
2019-10-30 18:00:00,40,17,23
2019-10-30 19:00:00,15,9,6
2019-10-30 20:00:00,6,5,1
2019-10-30 21:00:00,1,0,1
2019-10-30 22:00:00,1,0,1
2019-10-30 23:00:00,0,0,0
2019-10-31 00:00:00,0,0,0
2019-10-31 01:00:00,0,0,0
2019-10-31 02:00:00,1,0,1
2019-10-31 03:00:00,0,0,0
2019-10-31 04:00:00,3,2,1
2019-10-31 05:00:00,6,6,0
2019-10-31 06:00:00,12,7,5
2019-10-31 07:00:00,44,22,22
2019-10-31 08:00:00,36,22,14
2019-10-31 09:00:00,20,15,5
2019-10-31 10:00:00,19,9,10
2019-10-31 11:00:00,15,11,4
2019-10-31 12:00:00,8,4,4
2019-10-31 13:00:00,10,6,4
2019-10-31 14:00:00,25,12,13
2019-10-31 15:00:00,33,15,18
2019-10-31 16:00:00,66,20,46
2019-10-31 17:00:00,51,29,22
2019-10-31 18:00:00,28,19,9
2019-10-31 19:00:00,9,6,3
2019-10-31 20:00:00,4,2,2
2019-10-31 21:00:00,1,1,0
2019-10-31 22:00:00,1,0,1
2019-10-31 23:00:00,1,0,1
2019-11-01 00:00:00,0,0,0
2019-11-01 01:00:00,0,0,0
2019-11-01 02:00:00,0,0,0
2019-11-01 03:00:00,0,0,0
2019-11-01 04:00:00,0,0,0
2019-11-01 05:00:00,2,2,0
2019-11-01 06:00:00,17,10,7
2019-11-01 07:00:00,35,17,18
2019-11-01 08:00:00,53,34,19
2019-11-01 09:00:00,26,21,5
2019-11-01 10:00:00,13,8,5
2019-11-01 11:00:00,21,9,12
2019-11-01 12:00:00,13,6,7
2019-11-01 13:00:00,21,7,14
2019-11-01 14:00:00,24,15,9
2019-11-01 15:00:00,31,17,14
2019-11-01 16:00:00,50,24,26
2019-11-01 17:00:00,59,22,37
2019-11-01 18:00:00,32,11,21
2019-11-01 19:00:00,16,10,6
2019-11-01 20:00:00,1,0,1
2019-11-01 21:00:00,4,2,2
2019-11-01 22:00:00,1,1,0
2019-11-01 23:00:00,1,1,0
2019-11-02 00:00:00,0,0,0
2019-11-02 01:00:00,1,0,1
2019-11-02 02:00:00,0,0,0
2019-11-02 03:00:00,0,0,0
2019-11-02 04:00:00,0,0,0
2019-11-02 05:00:00,0,0,0
2019-11-02 06:00:00,3,1,2
2019-11-02 07:00:00,5,1,4
2019-11-02 08:00:00,26,9,17
2019-11-02 09:00:00,65,20,45
2019-11-02 10:00:00,41,20,21
2019-11-02 11:00:00,65,43,22
2019-11-02 12:00:00,56,35,21
2019-11-02 13:00:00,88,54,34
2019-11-02 14:00:00,79,43,36
2019-11-02 15:00:00,55,29,26
2019-11-02 16:00:00,53,32,21
2019-11-02 17:00:00,28,22,6
2019-11-02 18:00:00,6,6,0
2019-11-02 19:00:00,0,0,0
2019-11-02 20:00:00,0,0,0
2019-11-02 21:00:00,2,1,1
2019-11-02 22:00:00,0,0,0
2019-11-02 23:00:00,0,0,0
2019-11-03 00:00:00,0,0,0
2019-11-03 01:00:00,0,0,0
2019-11-03 02:00:00,3,1,2
2019-11-03 03:00:00,2,1,1
2019-11-03 04:00:00,0,0,0
2019-11-03 05:00:00,0,0,0
2019-11-03 06:00:00,0,0,0
2019-11-03 07:00:00,14,1,13
2019-11-03 08:00:00,28,14,14
2019-11-03 09:00:00,43,22,21
2019-11-03 10:00:00,56,32,24
2019-11-03 11:00:00,74,46,28
2019-11-03 12:00:00,86,52,34
2019-11-03 13:00:00,71,44,27
2019-11-03 14:00:00,80,38,42
2019-11-03 15:00:00,52,43,9
2019-11-03 16:00:00,35,27,8
2019-11-03 17:00:00,12,8,4
2019-11-03 18:00:00,4,2,2
2019-11-03 19:00:00,0,0,0
2019-11-03 20:00:00,6,6,0
2019-11-03 21:00:00,1,1,0
2019-11-03 22:00:00,0,0,0
2019-11-03 23:00:00,2,1,1
2019-11-04 00:00:00,0,0,0
2019-11-04 01:00:00,1,0,1
2019-11-04 02:00:00,0,0,0
2019-11-04 03:00:00,0,0,0
2019-11-04 04:00:00,1,1,0
2019-11-04 05:00:00,7,5,2
2019-11-04 06:00:00,29,18,11
2019-11-04 07:00:00,60,40,20
2019-11-04 08:00:00,46,28,18
2019-11-04 09:00:00,25,14,11
2019-11-04 10:00:00,15,6,9
2019-11-04 11:00:00,24,15,9
2019-11-04 12:00:00,12,8,4
2019-11-04 13:00:00,12,3,9
2019-11-04 14:00:00,19,11,8
2019-11-04 15:00:00,33,16,17
2019-11-04 16:00:00,44,16,28
2019-11-04 17:00:00,60,27,33
2019-11-04 18:00:00,35,12,23
2019-11-04 19:00:00,20,7,13
2019-11-04 20:00:00,6,6,0
2019-11-04 21:00:00,2,1,1
2019-11-04 22:00:00,2,0,2
2019-11-04 23:00:00,0,0,0
2019-11-05 00:00:00,0,0,0
2019-11-05 01:00:00,1,0,1
2019-11-05 02:00:00,1,1,0
2019-11-05 03:00:00,1,1,0
2019-11-05 04:00:00,0,0,0
2019-11-05 05:00:00,7,6,1
2019-11-05 06:00:00,24,15,9
2019-11-05 07:00:00,52,31,21
2019-11-05 08:00:00,55,33,22
2019-11-05 09:00:00,21,13,8
2019-11-05 10:00:00,11,5,6
2019-11-05 11:00:00,12,6,6
2019-11-05 12:00:00,16,10,6
2019-11-05 13:00:00,26,11,15
2019-11-05 14:00:00,25,13,12
2019-11-05 15:00:00,32,19,13
2019-11-05 16:00:00,59,34,25
2019-11-05 17:00:00,50,19,31
2019-11-05 18:00:00,38,19,19
2019-11-05 19:00:00,11,6,5
2019-11-05 20:00:00,10,6,4
2019-11-05 21:00:00,6,3,3
2019-11-05 22:00:00,1,0,1
2019-11-05 23:00:00,0,0,0
2019-11-06 00:00:00,0,0,0
2019-11-06 01:00:00,1,0,1
2019-11-06 02:00:00,2,2,0
2019-11-06 03:00:00,2,1,1
2019-11-06 04:00:00,1,1,0
2019-11-06 05:00:00,4,3,1
2019-11-06 06:00:00,17,8,9
2019-11-06 07:00:00,41,21,20
2019-11-06 08:00:00,50,30,20
2019-11-06 09:00:00,20,16,4
2019-11-06 10:00:00,17,8,9
2019-11-06 11:00:00,14,8,6
2019-11-06 12:00:00,16,10,6
2019-11-06 13:00:00,23,8,15
2019-11-06 14:00:00,25,13,12
2019-11-06 15:00:00,30,12,18
2019-11-06 16:00:00,44,19,25
2019-11-06 17:00:00,49,25,24
2019-11-06 18:00:00,45,21,24
2019-11-06 19:00:00,17,8,9
2019-11-06 20:00:00,10,3,7
2019-11-06 21:00:00,1,0,1
2019-11-06 22:00:00,2,2,0
2019-11-06 23:00:00,0,0,0
2019-11-07 00:00:00,1,1,0
2019-11-07 01:00:00,0,0,0
2019-11-07 02:00:00,1,0,1
2019-11-07 03:00:00,1,1,0
2019-11-07 04:00:00,0,0,0
2019-11-07 05:00:00,5,3,2
2019-11-07 06:00:00,21,9,12
2019-11-07 07:00:00,49,26,23
2019-11-07 08:00:00,57,36,21
2019-11-07 09:00:00,41,28,13
2019-11-07 10:00:00,22,9,13
2019-11-07 11:00:00,8,3,5
2019-11-07 12:00:00,27,15,12
2019-11-07 13:00:00,17,8,9
2019-11-07 14:00:00,24,9,15
2019-11-07 15:00:00,38,17,21
2019-11-07 16:00:00,53,29,24
2019-11-07 17:00:00,44,18,26
2019-11-07 18:00:00,33,15,18
2019-11-07 19:00:00,18,7,11
2019-11-07 20:00:00,3,1,2
2019-11-07 21:00:00,3,0,3
2019-11-07 22:00:00,1,0,1
2019-11-07 23:00:00,2,1,1
2019-11-08 00:00:00,1,1,0
2019-11-08 01:00:00,1,0,1
2019-11-08 02:00:00,0,0,0
2019-11-08 03:00:00,0,0,0
2019-11-08 04:00:00,0,0,0
2019-11-08 05:00:00,2,1,1
2019-11-08 06:00:00,20,9,11
2019-11-08 07:00:00,44,27,17
2019-11-08 08:00:00,34,18,16
2019-11-08 09:00:00,25,18,7
2019-11-08 10:00:00,17,8,9
2019-11-08 11:00:00,10,3,7
2019-11-08 12:00:00,19,11,8
2019-11-08 13:00:00,37,16,21
2019-11-08 14:00:00,37,18,19
2019-11-08 15:00:00,54,34,20
2019-11-08 16:00:00,59,39,20
2019-11-08 17:00:00,48,22,26
2019-11-08 18:00:00,17,7,10
2019-11-08 19:00:00,14,8,6
2019-11-08 20:00:00,7,3,4
2019-11-08 21:00:00,3,2,1
2019-11-08 22:00:00,1,0,1
2019-11-08 23:00:00,0,0,0
2019-11-09 00:00:00,0,0,0
2019-11-09 01:00:00,2,0,2
2019-11-09 02:00:00,0,0,0
2019-11-09 03:00:00,0,0,0
2019-11-09 04:00:00,1,1,0
2019-11-09 05:00:00,0,0,0
2019-11-09 06:00:00,1,0,1
2019-11-09 07:00:00,6,2,4
2019-11-09 08:00:00,9,3,6
2019-11-09 09:00:00,9,8,1
2019-11-09 10:00:00,25,4,21
2019-11-09 11:00:00,32,26,6
2019-11-09 12:00:00,14,6,8
2019-11-09 13:00:00,17,10,7
2019-11-09 14:00:00,23,13,10
2019-11-09 15:00:00,16,10,6
2019-11-09 16:00:00,16,7,9
2019-11-09 17:00:00,8,7,1
2019-11-09 18:00:00,1,0,1
2019-11-09 19:00:00,1,0,1
2019-11-09 20:00:00,1,1,0
2019-11-09 21:00:00,1,1,0
2019-11-09 22:00:00,0,0,0
2019-11-09 23:00:00,0,0,0
2019-11-10 00:00:00,0,0,0
2019-11-10 01:00:00,0,0,0
2019-11-10 02:00:00,2,2,0
2019-11-10 03:00:00,0,0,0
2019-11-10 04:00:00,0,0,0
2019-11-10 05:00:00,0,0,0
2019-11-10 06:00:00,0,0,0
2019-11-10 07:00:00,7,7,0
2019-11-10 08:00:00,25,6,19
2019-11-10 09:00:00,82,23,59
2019-11-10 10:00:00,55,25,30
2019-11-10 11:00:00,44,26,18
2019-11-10 12:00:00,50,34,16
2019-11-10 13:00:00,50,29,21
2019-11-10 14:00:00,26,11,15
2019-11-10 15:00:00,37,25,12
2019-11-10 16:00:00,25,18,7
2019-11-10 17:00:00,5,3,2
2019-11-10 18:00:00,4,3,1
2019-11-10 19:00:00,2,2,0
2019-11-10 20:00:00,1,1,0
2019-11-10 21:00:00,3,1,2
2019-11-10 22:00:00,0,0,0
2019-11-10 23:00:00,0,0,0
2019-11-11 00:00:00,0,0,0
2019-11-11 01:00:00,1,1,0
2019-11-11 02:00:00,0,0,0
2019-11-11 03:00:00,0,0,0
2019-11-11 04:00:00,0,0,0
2019-11-11 05:00:00,5,5,0
2019-11-11 06:00:00,13,8,5
2019-11-11 07:00:00,30,22,8
2019-11-11 08:00:00,48,34,14
2019-11-11 09:00:00,24,13,11
2019-11-11 10:00:00,31,11,20
2019-11-11 11:00:00,29,14,15
2019-11-11 12:00:00,17,6,11
2019-11-11 13:00:00,36,15,21
2019-11-11 14:00:00,47,34,13
2019-11-11 15:00:00,46,25,21
2019-11-11 16:00:00,47,30,17
2019-11-11 17:00:00,45,18,27
2019-11-11 18:00:00,29,11,18
2019-11-11 19:00:00,8,3,5
2019-11-11 20:00:00,1,0,1
2019-11-11 21:00:00,6,4,2
2019-11-11 22:00:00,0,0,0
2019-11-11 23:00:00,1,0,1
2019-11-12 00:00:00,0,0,0
2019-11-12 01:00:00,1,0,1
2019-11-12 02:00:00,1,1,0
2019-11-12 03:00:00,0,0,0
2019-11-12 04:00:00,1,1,0
2019-11-12 05:00:00,7,5,2
2019-11-12 06:00:00,10,4,6
2019-11-12 07:00:00,25,9,16
2019-11-12 08:00:00,22,13,9
2019-11-12 09:00:00,9,7,2
2019-11-12 10:00:00,9,6,3
2019-11-12 11:00:00,4,3,1
2019-11-12 12:00:00,4,2,2
2019-11-12 13:00:00,11,4,7
2019-11-12 14:00:00,4,0,4
2019-11-12 15:00:00,24,14,10
2019-11-12 16:00:00,20,12,8
2019-11-12 17:00:00,32,11,21
2019-11-12 18:00:00,19,11,8
2019-11-12 19:00:00,7,2,5
2019-11-12 20:00:00,3,2,1
2019-11-12 21:00:00,5,4,1
2019-11-12 22:00:00,1,1,0
2019-11-12 23:00:00,1,0,1
2019-11-13 00:00:00,0,0,0
2019-11-13 01:00:00,1,0,1
2019-11-13 02:00:00,0,0,0
2019-11-13 03:00:00,0,0,0
2019-11-13 04:00:00,2,2,0
2019-11-13 05:00:00,5,4,1
2019-11-13 06:00:00,22,12,10
2019-11-13 07:00:00,55,31,24
2019-11-13 08:00:00,48,29,19
2019-11-13 09:00:00,27,15,12
2019-11-13 10:00:00,7,6,1
2019-11-13 11:00:00,17,11,6
2019-11-13 12:00:00,13,5,8
2019-11-13 13:00:00,21,11,10
2019-11-13 14:00:00,32,13,19
2019-11-13 15:00:00,32,18,14
2019-11-13 16:00:00,45,28,17
2019-11-13 17:00:00,57,23,34
2019-11-13 18:00:00,38,17,21
2019-11-13 19:00:00,15,5,10
2019-11-13 20:00:00,2,1,1
2019-11-13 21:00:00,6,0,6
2019-11-13 22:00:00,4,3,1
2019-11-13 23:00:00,0,0,0
2019-11-14 00:00:00,0,0,0
2019-11-14 01:00:00,2,1,1
2019-11-14 02:00:00,0,0,0
2019-11-14 03:00:00,1,1,0
2019-11-14 04:00:00,2,2,0
2019-11-14 05:00:00,8,3,5
2019-11-14 06:00:00,27,19,8
2019-11-14 07:00:00,42,26,16
2019-11-14 08:00:00,40,30,10
2019-11-14 09:00:00,26,16,10
2019-11-14 10:00:00,16,8,8
2019-11-14 11:00:00,15,8,7
2019-11-14 12:00:00,11,4,7
2019-11-14 13:00:00,20,7,13
2019-11-14 14:00:00,19,8,11
2019-11-14 15:00:00,28,16,12
2019-11-14 16:00:00,38,20,18
2019-11-14 17:00:00,54,16,38
2019-11-14 18:00:00,38,11,27
2019-11-14 19:00:00,19,8,11
2019-11-14 20:00:00,6,5,1
2019-11-14 21:00:00,1,1,0
2019-11-14 22:00:00,6,1,5
2019-11-14 23:00:00,0,0,0
2019-11-15 00:00:00,1,1,0
2019-11-15 01:00:00,0,0,0
2019-11-15 02:00:00,0,0,0
2019-11-15 03:00:00,2,2,0
2019-11-15 04:00:00,0,0,0
2019-11-15 05:00:00,2,1,1
2019-11-15 06:00:00,7,5,2
2019-11-15 07:00:00,28,13,15
2019-11-15 08:00:00,28,16,12
2019-11-15 09:00:00,16,10,6
2019-11-15 10:00:00,10,7,3
2019-11-15 11:00:00,8,2,6
2019-11-15 12:00:00,9,5,4
2019-11-15 13:00:00,7,4,3
2019-11-15 14:00:00,16,8,8
2019-11-15 15:00:00,22,13,9
2019-11-15 16:00:00,37,21,16
2019-11-15 17:00:00,30,14,16
2019-11-15 18:00:00,15,8,7
2019-11-15 19:00:00,8,1,7
2019-11-15 20:00:00,2,0,2
2019-11-15 21:00:00,1,1,0
2019-11-15 22:00:00,2,1,1
2019-11-15 23:00:00,1,1,0
2019-11-16 00:00:00,1,0,1
2019-11-16 01:00:00,1,0,1
2019-11-16 02:00:00,0,0,0
2019-11-16 03:00:00,0,0,0
2019-11-16 04:00:00,0,0,0
2019-11-16 05:00:00,0,0,0
2019-11-16 06:00:00,2,1,1
2019-11-16 07:00:00,8,1,7
2019-11-16 08:00:00,38,20,18
2019-11-16 09:00:00,67,28,39
2019-11-16 10:00:00,76,55,21
2019-11-16 11:00:00,58,35,23
2019-11-16 12:00:00,37,28,9
2019-11-16 13:00:00,23,9,14
2019-11-16 14:00:00,43,27,16
2019-11-16 15:00:00,15,13,2
2019-11-16 16:00:00,10,8,2
2019-11-16 17:00:00,0,0,0
2019-11-16 18:00:00,1,1,0
2019-11-16 19:00:00,0,0,0
2019-11-16 20:00:00,0,0,0
2019-11-16 21:00:00,2,1,1
2019-11-16 22:00:00,2,1,1
2019-11-16 23:00:00,0,0,0
2019-11-17 00:00:00,1,1,0
2019-11-17 01:00:00,0,0,0
2019-11-17 02:00:00,0,0,0
2019-11-17 03:00:00,0,0,0
2019-11-17 04:00:00,0,0,0
2019-11-17 05:00:00,0,0,0
2019-11-17 06:00:00,1,0,1
2019-11-17 07:00:00,7,3,4
2019-11-17 08:00:00,7,1,6
2019-11-17 09:00:00,9,9,0
2019-11-17 10:00:00,10,4,6
2019-11-17 11:00:00,26,6,20
2019-11-17 12:00:00,25,10,15
2019-11-17 13:00:00,43,28,15
2019-11-17 14:00:00,30,20,10
2019-11-17 15:00:00,14,9,5
2019-11-17 16:00:00,8,8,0
2019-11-17 17:00:00,0,0,0
2019-11-17 18:00:00,1,1,0
2019-11-17 19:00:00,0,0,0
2019-11-17 20:00:00,0,0,0
2019-11-17 21:00:00,1,1,0
2019-11-17 22:00:00,0,0,0
2019-11-17 23:00:00,2,1,1
2019-11-18 00:00:00,0,0,0
2019-11-18 01:00:00,0,0,0
2019-11-18 02:00:00,0,0,0
2019-11-18 03:00:00,0,0,0
2019-11-18 04:00:00,1,1,0
2019-11-18 05:00:00,6,3,3
2019-11-18 06:00:00,19,10,9
2019-11-18 07:00:00,35,19,16
2019-11-18 08:00:00,29,23,6
2019-11-18 09:00:00,25,16,9
2019-11-18 10:00:00,9,7,2
2019-11-18 11:00:00,8,5,3
2019-11-18 12:00:00,5,5,0
2019-11-18 13:00:00,2,1,1
2019-11-18 14:00:00,7,3,4
2019-11-18 15:00:00,12,6,6
2019-11-18 16:00:00,21,7,14
2019-11-18 17:00:00,34,13,21
2019-11-18 18:00:00,24,7,17
2019-11-18 19:00:00,8,3,5
2019-11-18 20:00:00,1,0,1
2019-11-18 21:00:00,5,2,3
2019-11-18 22:00:00,1,1,0
2019-11-18 23:00:00,0,0,0
2019-11-19 00:00:00,0,0,0
2019-11-19 01:00:00,0,0,0
2019-11-19 02:00:00,1,1,0
2019-11-19 03:00:00,1,1,0
2019-11-19 04:00:00,1,1,0
2019-11-19 05:00:00,4,3,1
2019-11-19 06:00:00,14,10,4
2019-11-19 07:00:00,35,22,13
2019-11-19 08:00:00,23,16,7
2019-11-19 09:00:00,12,7,5
2019-11-19 10:00:00,5,3,2
2019-11-19 11:00:00,15,5,10
2019-11-19 12:00:00,2,1,1
2019-11-19 13:00:00,9,5,4
2019-11-19 14:00:00,15,6,9
2019-11-19 15:00:00,17,7,10
2019-11-19 16:00:00,21,11,10
2019-11-19 17:00:00,44,15,29
2019-11-19 18:00:00,30,13,17
2019-11-19 19:00:00,17,9,8
2019-11-19 20:00:00,6,2,4
2019-11-19 21:00:00,2,1,1
2019-11-19 22:00:00,1,0,1
2019-11-19 23:00:00,0,0,0
2019-11-20 00:00:00,0,0,0
2019-11-20 01:00:00,1,0,1
2019-11-20 02:00:00,0,0,0
2019-11-20 03:00:00,1,1,0
2019-11-20 04:00:00,2,1,1
2019-11-20 05:00:00,5,5,0
2019-11-20 06:00:00,15,7,8
2019-11-20 07:00:00,46,24,22
2019-11-20 08:00:00,47,35,12
2019-11-20 09:00:00,26,15,11
2019-11-20 10:00:00,21,10,11
2019-11-20 11:00:00,33,22,11
2019-11-20 12:00:00,18,6,12
2019-11-20 13:00:00,26,9,17
2019-11-20 14:00:00,29,15,14
2019-11-20 15:00:00,26,13,13
2019-11-20 16:00:00,45,23,22
2019-11-20 17:00:00,48,16,32
2019-11-20 18:00:00,45,18,27
2019-11-20 19:00:00,12,5,7
2019-11-20 20:00:00,13,10,3
2019-11-20 21:00:00,1,1,0
2019-11-20 22:00:00,1,1,0
2019-11-20 23:00:00,1,1,0
2019-11-21 00:00:00,0,0,0
2019-11-21 01:00:00,1,0,1
2019-11-21 02:00:00,0,0,0
2019-11-21 03:00:00,1,1,0
2019-11-21 04:00:00,1,1,0
2019-11-21 05:00:00,5,3,2
2019-11-21 06:00:00,17,9,8
2019-11-21 07:00:00,33,20,13
2019-11-21 08:00:00,46,33,13
2019-11-21 09:00:00,23,15,8
2019-11-21 10:00:00,20,9,11
2019-11-21 11:00:00,11,5,6
2019-11-21 12:00:00,15,6,9
2019-11-21 13:00:00,27,18,9
2019-11-21 14:00:00,21,9,12
2019-11-21 15:00:00,38,23,15
2019-11-21 16:00:00,37,20,17
2019-11-21 17:00:00,47,19,28
2019-11-21 18:00:00,31,11,20
2019-11-21 19:00:00,19,9,10
2019-11-21 20:00:00,4,2,2
2019-11-21 21:00:00,3,2,1
2019-11-21 22:00:00,1,1,0
2019-11-21 23:00:00,0,0,0
2019-11-22 00:00:00,1,0,1
2019-11-22 01:00:00,1,0,1
2019-11-22 02:00:00,0,0,0
2019-11-22 03:00:00,0,0,0
2019-11-22 04:00:00,1,0,1
2019-11-22 05:00:00,1,1,0
2019-11-22 06:00:00,14,7,7
2019-11-22 07:00:00,27,13,14
2019-11-22 08:00:00,35,24,11
2019-11-22 09:00:00,19,14,5
2019-11-22 10:00:00,17,13,4
2019-11-22 11:00:00,15,8,7
2019-11-22 12:00:00,6,4,2
2019-11-22 13:00:00,14,8,6
2019-11-22 14:00:00,17,7,10
2019-11-22 15:00:00,39,16,23
2019-11-22 16:00:00,48,31,17
2019-11-22 17:00:00,39,15,24
2019-11-22 18:00:00,24,10,14
2019-11-22 19:00:00,13,6,7
2019-11-22 20:00:00,3,1,2
2019-11-22 21:00:00,6,4,2
2019-11-22 22:00:00,2,2,0
2019-11-22 23:00:00,0,0,0
2019-11-23 00:00:00,1,1,0
2019-11-23 01:00:00,0,0,0
2019-11-23 02:00:00,0,0,0
2019-11-23 03:00:00,0,0,0
2019-11-23 04:00:00,1,1,0
2019-11-23 05:00:00,2,0,2
2019-11-23 06:00:00,0,0,0
2019-11-23 07:00:00,1,1,0
2019-11-23 08:00:00,14,8,6
2019-11-23 09:00:00,46,9,37
2019-11-23 10:00:00,60,18,42
2019-11-23 11:00:00,73,52,21
2019-11-23 12:00:00,70,46,24
2019-11-23 13:00:00,68,41,27
2019-11-23 14:00:00,58,35,23
2019-11-23 15:00:00,33,26,7
2019-11-23 16:00:00,19,13,6
2019-11-23 17:00:00,8,6,2
2019-11-23 18:00:00,2,0,2
2019-11-23 19:00:00,2,2,0
2019-11-23 20:00:00,4,2,2
2019-11-23 21:00:00,1,1,0
2019-11-23 22:00:00,0,0,0
2019-11-23 23:00:00,0,0,0
2019-11-24 00:00:00,0,0,0
2019-11-24 01:00:00,2,2,0
2019-11-24 02:00:00,0,0,0
2019-11-24 03:00:00,0,0,0
2019-11-24 04:00:00,0,0,0
2019-11-24 05:00:00,0,0,0
2019-11-24 06:00:00,1,0,1
2019-11-24 07:00:00,4,1,3
2019-11-24 08:00:00,24,3,21
2019-11-24 09:00:00,50,16,34
2019-11-24 10:00:00,29,17,12
2019-11-24 11:00:00,67,38,29
2019-11-24 12:00:00,40,20,20
2019-11-24 13:00:00,54,25,29
2019-11-24 14:00:00,52,33,19
2019-11-24 15:00:00,43,27,16
2019-11-24 16:00:00,28,20,8
2019-11-24 17:00:00,7,5,2
2019-11-24 18:00:00,2,1,1
2019-11-24 19:00:00,1,1,0
2019-11-24 20:00:00,4,3,1
2019-11-24 21:00:00,2,1,1
2019-11-24 22:00:00,0,0,0
2019-11-24 23:00:00,0,0,0
2019-11-25 00:00:00,1,1,0
2019-11-25 01:00:00,0,0,0
2019-11-25 02:00:00,0,0,0
2019-11-25 03:00:00,0,0,0
2019-11-25 04:00:00,3,2,1
2019-11-25 05:00:00,6,5,1
2019-11-25 06:00:00,15,8,7
2019-11-25 07:00:00,28,16,12
2019-11-25 08:00:00,32,22,10
2019-11-25 09:00:00,21,15,6
2019-11-25 10:00:00,19,5,14
2019-11-25 11:00:00,23,15,8
2019-11-25 12:00:00,4,3,1
2019-11-25 13:00:00,6,3,3
2019-11-25 14:00:00,4,1,3
2019-11-25 15:00:00,13,5,8
2019-11-25 16:00:00,26,10,16
2019-11-25 17:00:00,37,10,27
2019-11-25 18:00:00,16,10,6
2019-11-25 19:00:00,13,5,8
2019-11-25 20:00:00,1,0,1
2019-11-25 21:00:00,4,3,1
2019-11-25 22:00:00,1,1,0
2019-11-25 23:00:00,0,0,0
2019-11-26 00:00:00,0,0,0
2019-11-26 01:00:00,0,0,0
2019-11-26 02:00:00,0,0,0
2019-11-26 03:00:00,0,0,0
2019-11-26 04:00:00,3,3,0
2019-11-26 05:00:00,6,4,2
2019-11-26 06:00:00,13,10,3
2019-11-26 07:00:00,41,22,19
2019-11-26 08:00:00,31,21,10
2019-11-26 09:00:00,25,13,12
2019-11-26 10:00:00,15,7,8
2019-11-26 11:00:00,12,7,5
2019-11-26 12:00:00,17,9,8
2019-11-26 13:00:00,9,2,7
2019-11-26 14:00:00,26,16,10
2019-11-26 15:00:00,23,12,11
2019-11-26 16:00:00,35,15,20
2019-11-26 17:00:00,46,20,26
2019-11-26 18:00:00,27,7,20
2019-11-26 19:00:00,11,7,4
2019-11-26 20:00:00,2,0,2
2019-11-26 21:00:00,1,1,0
2019-11-26 22:00:00,2,1,1
2019-11-26 23:00:00,0,0,0
2019-11-27 00:00:00,0,0,0
2019-11-27 01:00:00,1,0,1
2019-11-27 02:00:00,1,1,0
2019-11-27 03:00:00,0,0,0
2019-11-27 04:00:00,0,0,0
2019-11-27 05:00:00,1,0,1
2019-11-27 06:00:00,8,4,4
2019-11-27 07:00:00,20,10,10
2019-11-27 08:00:00,22,12,10
2019-11-27 09:00:00,22,8,14
2019-11-27 10:00:00,14,10,4
2019-11-27 11:00:00,14,4,10
2019-11-27 12:00:00,18,13,5
2019-11-27 13:00:00,29,13,16
2019-11-27 14:00:00,35,16,19
2019-11-27 15:00:00,29,15,14
2019-11-27 16:00:00,33,18,15
2019-11-27 17:00:00,26,7,19
2019-11-27 18:00:00,9,7,2
2019-11-27 19:00:00,2,2,0
2019-11-27 20:00:00,2,2,0
2019-11-27 21:00:00,2,1,1
2019-11-27 22:00:00,1,1,0
2019-11-27 23:00:00,0,0,0
2019-11-28 00:00:00,1,0,1
2019-11-28 01:00:00,0,0,0
2019-11-28 02:00:00,0,0,0
2019-11-28 03:00:00,0,0,0
2019-11-28 04:00:00,0,0,0
2019-11-28 05:00:00,0,0,0
2019-11-28 06:00:00,0,0,0
2019-11-28 07:00:00,5,0,5
2019-11-28 08:00:00,24,17,7
2019-11-28 09:00:00,23,8,15
2019-11-28 10:00:00,70,40,30
2019-11-28 11:00:00,67,58,9
2019-11-28 12:00:00,49,26,23
2019-11-28 13:00:00,34,23,11
2019-11-28 14:00:00,21,13,8
2019-11-28 15:00:00,12,9,3
2019-11-28 16:00:00,2,2,0
2019-11-28 17:00:00,2,2,0
2019-11-28 18:00:00,2,2,0
2019-11-28 19:00:00,1,1,0
2019-11-28 20:00:00,2,2,0
2019-11-28 21:00:00,0,0,0
2019-11-28 22:00:00,0,0,0
2019-11-28 23:00:00,0,0,0
2019-11-29 00:00:00,0,0,0
2019-11-29 01:00:00,0,0,0
2019-11-29 02:00:00,0,0,0
2019-11-29 03:00:00,0,0,0
2019-11-29 04:00:00,0,0,0
2019-11-29 05:00:00,0,0,0
2019-11-29 06:00:00,1,1,0
2019-11-29 07:00:00,2,1,1
2019-11-29 08:00:00,10,7,3
2019-11-29 09:00:00,19,8,11
2019-11-29 10:00:00,8,5,3
2019-11-29 11:00:00,15,7,8
2019-11-29 12:00:00,30,18,12
2019-11-29 13:00:00,18,8,10
2019-11-29 14:00:00,23,14,9
2019-11-29 15:00:00,14,8,6
2019-11-29 16:00:00,12,8,4
2019-11-29 17:00:00,2,1,1
2019-11-29 18:00:00,3,3,0
2019-11-29 19:00:00,1,1,0
2019-11-29 20:00:00,0,0,0
2019-11-29 21:00:00,4,3,1
2019-11-29 22:00:00,0,0,0
2019-11-29 23:00:00,0,0,0
2019-11-30 00:00:00,4,2,2
2019-11-30 01:00:00,1,1,0
2019-11-30 02:00:00,0,0,0
2019-11-30 03:00:00,0,0,0
2019-11-30 04:00:00,0,0,0
2019-11-30 05:00:00,0,0,0
2019-11-30 06:00:00,1,0,1
2019-11-30 07:00:00,1,0,1
2019-11-30 08:00:00,7,0,7
2019-11-30 09:00:00,11,8,3
2019-11-30 10:00:00,15,4,11
2019-11-30 11:00:00,19,8,11
2019-11-30 12:00:00,45,34,11
2019-11-30 13:00:00,59,26,33
2019-11-30 14:00:00,30,18,12
2019-11-30 15:00:00,51,30,21
2019-11-30 16:00:00,30,28,2
2019-11-30 17:00:00,4,3,1
2019-11-30 18:00:00,0,0,0
2019-11-30 19:00:00,0,0,0
2019-11-30 20:00:00,1,1,0
2019-11-30 21:00:00,1,1,0
2019-11-30 22:00:00,0,0,0
2019-11-30 23:00:00,1,0,1
2019-12-31 19:00:00,3,2,1
2019-12-31 20:00:00,0,0,0
2019-12-31 21:00:00,1,1,0
2019-12-31 22:00:00,0,0,0
2019-12-31 23:00:00,0,0,0
2020-01-01 01:00:00,0,0,0
2020-01-01 02:00:00,0,0,0
2020-01-01 03:00:00,0,0,0
2020-01-01 04:00:00,0,0,0
2020-01-01 05:00:00,0,0,0
2020-01-01 06:00:00,2,2,0
2020-01-01 07:00:00,0,0,0
2020-01-01 08:00:00,2,0,2
2020-01-01 09:00:00,18,2,16
2020-01-01 10:00:00,44,9,35
2020-01-01 11:00:00,74,9,65
2020-01-01 12:00:00,42,20,22
2020-01-01 13:00:00,53,34,19
2020-01-01 14:00:00,42,25,17
2020-01-01 15:00:00,37,24,13
2020-01-01 16:00:00,20,11,9
2020-01-01 17:00:00,11,6,5
2020-01-01 18:00:00,0,0,0
2020-01-01 19:00:00,0,0,0
2020-01-01 20:00:00,0,0,0
2020-01-01 21:00:00,0,0,0
2020-01-01 22:00:00,1,1,0
2020-01-01 23:00:00,0,0,0
2020-01-02 00:00:00,0,0,0
2020-01-02 01:00:00,0,0,0
2020-01-02 02:00:00,0,0,0
2020-01-02 03:00:00,0,0,0
2020-01-02 04:00:00,2,2,0
2020-01-02 05:00:00,2,0,2
2020-01-02 06:00:00,6,5,1
2020-01-02 07:00:00,17,10,7
2020-01-02 08:00:00,25,19,6
2020-01-02 09:00:00,13,8,5
2020-01-02 10:00:00,7,6,1
2020-01-02 11:00:00,4,1,3
2020-01-02 12:00:00,6,4,2
2020-01-02 13:00:00,5,3,2
2020-01-02 14:00:00,5,1,4
2020-01-02 15:00:00,5,2,3
2020-01-02 16:00:00,8,4,4
2020-01-02 17:00:00,22,6,16
2020-01-02 18:00:00,10,3,7
2020-01-02 19:00:00,9,4,5
2020-01-02 20:00:00,3,0,3
2020-01-02 21:00:00,1,1,0
2020-01-02 22:00:00,0,0,0
2020-01-02 23:00:00,2,1,1
2020-01-03 00:00:00,0,0,0
2020-01-03 01:00:00,0,0,0
2020-01-03 02:00:00,0,0,0
2020-01-03 03:00:00,0,0,0
2020-01-03 04:00:00,1,1,0
2020-01-03 05:00:00,2,1,1
2020-01-03 06:00:00,6,4,2
2020-01-03 07:00:00,21,10,11
2020-01-03 08:00:00,25,16,9
2020-01-03 09:00:00,34,17,17
2020-01-03 10:00:00,13,6,7
2020-01-03 11:00:00,25,13,12
2020-01-03 12:00:00,30,8,22
2020-01-03 13:00:00,35,15,20
2020-01-03 14:00:00,44,35,9
2020-01-03 15:00:00,37,23,14
2020-01-03 16:00:00,27,12,15
2020-01-03 17:00:00,26,9,17
2020-01-03 18:00:00,7,2,5
2020-01-03 19:00:00,10,4,6
2020-01-03 20:00:00,1,1,0
2020-01-03 21:00:00,1,1,0
2020-01-03 22:00:00,3,1,2
2020-01-03 23:00:00,0,0,0
2020-01-04 00:00:00,0,0,0
2020-01-04 01:00:00,0,0,0
2020-01-04 02:00:00,0,0,0
2020-01-04 03:00:00,0,0,0
2020-01-04 04:00:00,1,0,1
2020-01-04 05:00:00,1,1,0
2020-01-04 06:00:00,3,0,3
2020-01-04 07:00:00,6,2,4
2020-01-04 08:00:00,11,3,8
2020-01-04 09:00:00,44,15,29
2020-01-04 10:00:00,60,18,42
2020-01-04 11:00:00,45,25,20
2020-01-04 12:00:00,34,17,17
2020-01-04 13:00:00,71,47,24
2020-01-04 14:00:00,22,15,7
2020-01-04 15:00:00,11,9,2
2020-01-04 16:00:00,5,4,1
2020-01-04 17:00:00,1,1,0
2020-01-04 18:00:00,1,1,0
2020-01-04 19:00:00,1,0,1
2020-01-04 20:00:00,0,0,0
2020-01-04 21:00:00,1,1,0
2020-01-04 22:00:00,1,1,0
2020-01-04 23:00:00,0,0,0
2020-01-05 00:00:00,0,0,0
2020-01-05 01:00:00,0,0,0
2020-01-05 02:00:00,0,0,0
2020-01-05 03:00:00,0,0,0
2020-01-05 04:00:00,0,0,0
2020-01-05 05:00:00,0,0,0
2020-01-05 06:00:00,0,0,0
2020-01-05 07:00:00,4,0,4
2020-01-05 08:00:00,10,3,7
2020-01-05 09:00:00,15,10,5
2020-01-05 10:00:00,18,7,11
2020-01-05 11:00:00,5,4,1
2020-01-05 12:00:00,14,7,7
2020-01-05 13:00:00,19,5,14
2020-01-05 14:00:00,27,15,12
2020-01-05 15:00:00,25,14,11
2020-01-05 16:00:00,26,23,3
2020-01-05 17:00:00,2,2,0
2020-01-05 18:00:00,2,2,0
2020-01-05 19:00:00,1,1,0
2020-01-05 20:00:00,3,1,2
2020-01-05 21:00:00,1,1,0
2020-01-05 22:00:00,0,0,0
2020-01-05 23:00:00,0,0,0
2020-01-06 00:00:00,0,0,0
2020-01-06 01:00:00,0,0,0
2020-01-06 02:00:00,0,0,0
2020-01-06 03:00:00,0,0,0
2020-01-06 04:00:00,0,0,0
2020-01-06 05:00:00,5,4,1
2020-01-06 06:00:00,13,7,6
2020-01-06 07:00:00,21,16,5
2020-01-06 08:00:00,32,18,14
2020-01-06 09:00:00,12,9,3
2020-01-06 10:00:00,6,4,2
2020-01-06 11:00:00,4,1,3
2020-01-06 12:00:00,2,1,1
2020-01-06 13:00:00,3,1,2
2020-01-06 14:00:00,3,0,3
2020-01-06 15:00:00,7,2,5
2020-01-06 16:00:00,15,7,8
2020-01-06 17:00:00,36,15,21
2020-01-06 18:00:00,17,7,10
2020-01-06 19:00:00,14,7,7
2020-01-06 20:00:00,2,1,1
2020-01-06 21:00:00,3,2,1
2020-01-06 22:00:00,1,1,0
2020-01-06 23:00:00,0,0,0
2020-01-07 00:00:00,0,0,0
2020-01-07 01:00:00,0,0,0
2020-01-07 02:00:00,0,0,0
2020-01-07 03:00:00,1,1,0
2020-01-07 04:00:00,0,0,0
2020-01-07 05:00:00,3,2,1
2020-01-07 06:00:00,9,7,2
2020-01-07 07:00:00,20,10,10
2020-01-07 08:00:00,31,22,9
2020-01-07 09:00:00,21,12,9
2020-01-07 10:00:00,4,3,1
2020-01-07 11:00:00,7,4,3
2020-01-07 12:00:00,9,4,5
2020-01-07 13:00:00,8,5,3
2020-01-07 14:00:00,7,5,2
2020-01-07 15:00:00,11,4,7
2020-01-07 16:00:00,16,10,6
2020-01-07 17:00:00,28,9,19
2020-01-07 18:00:00,22,8,14
2020-01-07 19:00:00,18,10,8
2020-01-07 20:00:00,3,1,2
2020-01-07 21:00:00,3,2,1
2020-01-07 22:00:00,0,0,0
2020-01-07 23:00:00,0,0,0
2020-01-08 00:00:00,0,0,0
2020-01-08 01:00:00,0,0,0
2020-01-08 02:00:00,0,0,0
2020-01-08 03:00:00,0,0,0
2020-01-08 04:00:00,2,2,0
2020-01-08 05:00:00,4,3,1
2020-01-08 06:00:00,20,13,7
2020-01-08 07:00:00,34,20,14
2020-01-08 08:00:00,32,19,13
2020-01-08 09:00:00,18,14,4
2020-01-08 10:00:00,19,11,8
2020-01-08 11:00:00,13,7,6
2020-01-08 12:00:00,12,9,3
2020-01-08 13:00:00,13,5,8
2020-01-08 14:00:00,10,6,4
2020-01-08 15:00:00,16,5,11
2020-01-08 16:00:00,26,13,13
2020-01-08 17:00:00,36,16,20
2020-01-08 18:00:00,34,14,20
2020-01-08 19:00:00,11,5,6
2020-01-08 20:00:00,2,2,0
2020-01-08 21:00:00,1,1,0
2020-01-08 22:00:00,1,1,0
2020-01-08 23:00:00,1,0,1
2020-01-09 00:00:00,1,0,1
2020-01-09 01:00:00,1,0,1
2020-01-09 02:00:00,1,1,0
2020-01-09 03:00:00,0,0,0
2020-01-09 04:00:00,2,2,0
2020-01-09 05:00:00,2,1,1
2020-01-09 06:00:00,14,8,6
2020-01-09 07:00:00,21,10,11
2020-01-09 08:00:00,18,10,8
2020-01-09 09:00:00,14,9,5
2020-01-09 10:00:00,8,5,3
2020-01-09 11:00:00,2,1,1
2020-01-09 12:00:00,3,2,1
2020-01-09 13:00:00,7,4,3
2020-01-09 14:00:00,17,6,11
2020-01-09 15:00:00,22,12,10
2020-01-09 16:00:00,28,17,11
2020-01-09 17:00:00,30,15,15
2020-01-09 18:00:00,20,9,11
2020-01-09 19:00:00,10,5,5
2020-01-09 20:00:00,2,1,1
2020-01-09 21:00:00,3,2,1
2020-01-09 22:00:00,0,0,0
2020-01-09 23:00:00,1,0,1
2020-01-10 00:00:00,0,0,0
2020-01-10 01:00:00,0,0,0
2020-01-10 02:00:00,1,0,1
2020-01-10 03:00:00,0,0,0
2020-01-10 04:00:00,0,0,0
2020-01-10 05:00:00,3,2,1
2020-01-10 06:00:00,12,5,7
2020-01-10 07:00:00,30,14,16
2020-01-10 08:00:00,24,15,9
2020-01-10 09:00:00,9,7,2
2020-01-10 10:00:00,2,1,1
2020-01-10 11:00:00,5,2,3
2020-01-10 12:00:00,1,0,1
2020-01-10 13:00:00,2,0,2
2020-01-10 14:00:00,3,3,0
2020-01-10 15:00:00,5,1,4
2020-01-10 16:00:00,21,10,11
2020-01-10 17:00:00,20,10,10
2020-01-10 18:00:00,19,10,9
2020-01-10 19:00:00,5,2,3
2020-01-10 20:00:00,1,0,1
2020-01-10 21:00:00,1,1,0
2020-01-10 22:00:00,0,0,0
2020-01-10 23:00:00,2,1,1
2020-01-11 00:00:00,1,0,1
2020-01-11 01:00:00,0,0,0
2020-01-11 02:00:00,0,0,0
2020-01-11 03:00:00,0,0,0
2020-01-11 04:00:00,0,0,0
2020-01-11 05:00:00,0,0,0
2020-01-11 06:00:00,1,0,1
2020-01-11 07:00:00,4,1,3
2020-01-11 08:00:00,8,1,7
2020-01-11 09:00:00,27,16,11
2020-01-11 10:00:00,27,10,17
2020-01-11 11:00:00,16,8,8
2020-01-11 12:00:00,17,7,10
2020-01-11 13:00:00,27,13,14
2020-01-11 14:00:00,14,10,4
2020-01-11 15:00:00,18,11,7
2020-01-11 16:00:00,12,9,3
2020-01-11 17:00:00,4,3,1
2020-01-11 18:00:00,3,2,1
2020-01-11 19:00:00,0,0,0
2020-01-11 20:00:00,0,0,0
2020-01-11 21:00:00,1,1,0
2020-01-11 22:00:00,0,0,0
2020-01-11 23:00:00,0,0,0
2020-01-12 00:00:00,0,0,0
2020-01-12 01:00:00,0,0,0
2020-01-12 02:00:00,0,0,0
2020-01-12 03:00:00,0,0,0
2020-01-12 04:00:00,0,0,0
2020-01-12 05:00:00,0,0,0
2020-01-12 06:00:00,1,0,1
2020-01-12 07:00:00,0,0,0
2020-01-12 08:00:00,7,0,7
2020-01-12 09:00:00,18,10,8
2020-01-12 10:00:00,14,6,8
2020-01-12 11:00:00,19,9,10
2020-01-12 12:00:00,24,12,12
2020-01-12 13:00:00,19,14,5
2020-01-12 14:00:00,21,11,10
2020-01-12 15:00:00,9,6,3
2020-01-12 16:00:00,5,4,1
2020-01-12 17:00:00,4,4,0
2020-01-12 18:00:00,3,2,1
2020-01-12 19:00:00,4,2,2
2020-01-12 20:00:00,0,0,0
2020-01-12 21:00:00,2,2,0
2020-01-12 22:00:00,0,0,0
2020-01-12 23:00:00,0,0,0
2020-01-13 00:00:00,0,0,0
2020-01-13 01:00:00,0,0,0
2020-01-13 02:00:00,0,0,0
2020-01-13 03:00:00,0,0,0
2020-01-13 04:00:00,0,0,0
2020-01-13 05:00:00,0,0,0
2020-01-13 06:00:00,1,1,0
2020-01-13 07:00:00,2,0,2
2020-01-13 08:00:00,9,7,2
2020-01-13 09:00:00,1,0,1
2020-01-13 10:00:00,1,1,0
2020-01-13 11:00:00,2,0,2
2020-01-13 12:00:00,0,0,0
2020-01-13 13:00:00,1,0,1
2020-01-13 14:00:00,1,0,1
2020-01-13 15:00:00,1,0,1
2020-01-13 16:00:00,2,1,1
2020-01-13 17:00:00,12,4,8
2020-01-13 18:00:00,4,2,2
2020-01-13 19:00:00,1,1,0
2020-01-13 20:00:00,1,1,0
2020-01-13 21:00:00,2,1,1
2020-01-13 22:00:00,1,1,0
2020-01-13 23:00:00,0,0,0
2020-01-14 00:00:00,0,0,0
2020-01-14 01:00:00,0,0,0
2020-01-14 02:00:00,0,0,0
2020-01-14 03:00:00,0,0,0
2020-01-14 04:00:00,0,0,0
2020-01-14 05:00:00,0,0,0
2020-01-14 06:00:00,0,0,0
2020-01-14 07:00:00,3,1,2
2020-01-14 08:00:00,2,1,1
2020-01-14 09:00:00,2,1,1
2020-01-14 10:00:00,3,2,1
2020-01-14 11:00:00,1,0,1
2020-01-14 12:00:00,0,0,0
2020-01-14 13:00:00,1,0,1
2020-01-14 14:00:00,1,0,1
2020-01-14 15:00:00,1,0,1
2020-01-14 16:00:00,2,0,2
2020-01-14 17:00:00,3,1,2
2020-01-14 18:00:00,2,2,0
2020-01-14 19:00:00,2,1,1
2020-01-14 20:00:00,0,0,0
2020-01-14 21:00:00,1,1,0
2020-01-14 22:00:00,0,0,0
2020-01-14 23:00:00,0,0,0
2020-01-15 00:00:00,0,0,0
2020-01-15 01:00:00,0,0,0
2020-01-15 02:00:00,0,0,0
2020-01-15 03:00:00,0,0,0
2020-01-15 04:00:00,0,0,0
2020-01-15 05:00:00,0,0,0
2020-01-15 06:00:00,2,0,2
2020-01-15 07:00:00,2,0,2
2020-01-15 08:00:00,8,3,5
2020-01-15 09:00:00,1,1,0
2020-01-15 10:00:00,3,1,2
2020-01-15 11:00:00,2,0,2
2020-01-15 12:00:00,1,0,1
2020-01-15 13:00:00,3,1,2
2020-01-15 14:00:00,1,1,0
2020-01-15 15:00:00,1,1,0
2020-01-15 16:00:00,4,2,2
2020-01-15 17:00:00,4,2,2
2020-01-15 18:00:00,5,5,0
2020-01-15 19:00:00,4,3,1
2020-01-15 20:00:00,0,0,0
2020-01-15 21:00:00,0,0,0
2020-01-15 22:00:00,1,1,0
2020-01-15 23:00:00,0,0,0
2020-01-16 00:00:00,0,0,0
2020-01-16 01:00:00,0,0,0
2020-01-16 02:00:00,0,0,0
2020-01-16 03:00:00,1,1,0
2020-01-16 04:00:00,0,0,0
2020-01-16 05:00:00,2,0,2
2020-01-16 06:00:00,6,4,2
2020-01-16 07:00:00,16,8,8
2020-01-16 08:00:00,17,12,5
2020-01-16 09:00:00,17,11,6
2020-01-16 10:00:00,10,6,4
2020-01-16 11:00:00,7,3,4
2020-01-16 12:00:00,4,2,2
2020-01-16 13:00:00,15,8,7
2020-01-16 14:00:00,12,5,7
2020-01-16 15:00:00,15,7,8
2020-01-16 16:00:00,28,17,11
2020-01-16 17:00:00,22,9,13
2020-01-16 18:00:00,16,6,10
2020-01-16 19:00:00,8,4,4
2020-01-16 20:00:00,7,4,3
2020-01-16 21:00:00,0,0,0
2020-01-16 22:00:00,0,0,0
2020-01-16 23:00:00,0,0,0
2020-01-17 00:00:00,1,0,1
2020-01-17 01:00:00,1,0,1
2020-01-17 02:00:00,0,0,0
2020-01-17 03:00:00,0,0,0
2020-01-17 04:00:00,0,0,0
2020-01-17 05:00:00,1,1,0
2020-01-17 06:00:00,7,4,3
2020-01-17 07:00:00,21,9,12
2020-01-17 08:00:00,17,12,5
2020-01-17 09:00:00,17,12,5
2020-01-17 10:00:00,7,4,3
2020-01-17 11:00:00,11,3,8
2020-01-17 12:00:00,8,4,4
2020-01-17 13:00:00,6,1,5
2020-01-17 14:00:00,11,7,4
2020-01-17 15:00:00,9,5,4
2020-01-17 16:00:00,16,9,7
2020-01-17 17:00:00,33,11,22
2020-01-17 18:00:00,13,5,8
2020-01-17 19:00:00,8,2,6
2020-01-17 20:00:00,2,1,1
2020-01-17 21:00:00,1,1,0
2020-01-17 22:00:00,1,0,1
2020-01-17 23:00:00,0,0,0
2020-01-18 00:00:00,2,1,1
2020-01-18 01:00:00,0,0,0
2020-01-18 02:00:00,0,0,0
2020-01-18 03:00:00,0,0,0
2020-01-18 04:00:00,0,0,0
2020-01-18 05:00:00,0,0,0
2020-01-18 06:00:00,0,0,0
2020-01-18 07:00:00,0,0,0
2020-01-18 08:00:00,4,2,2
2020-01-18 09:00:00,22,6,16
2020-01-18 10:00:00,64,33,31
2020-01-18 11:00:00,21,5,16
2020-01-18 12:00:00,45,31,14
2020-01-18 13:00:00,18,12,6
2020-01-18 14:00:00,20,8,12
2020-01-18 15:00:00,26,16,10
2020-01-18 16:00:00,15,12,3
2020-01-18 17:00:00,4,2,2
2020-01-18 18:00:00,2,2,0
2020-01-18 19:00:00,0,0,0
2020-01-18 20:00:00,1,1,0
2020-01-18 21:00:00,0,0,0
2020-01-18 22:00:00,0,0,0
2020-01-18 23:00:00,0,0,0
2020-01-19 00:00:00,2,1,1
2020-01-19 01:00:00,0,0,0
2020-01-19 02:00:00,0,0,0
2020-01-19 03:00:00,0,0,0
2020-01-19 04:00:00,0,0,0
2020-01-19 05:00:00,1,0,1
2020-01-19 06:00:00,1,0,1
2020-01-19 07:00:00,6,2,4
2020-01-19 08:00:00,15,4,11
2020-01-19 09:00:00,36,10,26
2020-01-19 10:00:00,40,24,16
2020-01-19 11:00:00,41,30,11
2020-01-19 12:00:00,41,29,12
2020-01-19 13:00:00,25,16,9
2020-01-19 14:00:00,28,12,16
2020-01-19 15:00:00,38,19,19
2020-01-19 16:00:00,28,25,3
2020-01-19 17:00:00,8,6,2
2020-01-19 18:00:00,1,1,0
2020-01-19 19:00:00,1,1,0
2020-01-19 20:00:00,0,0,0
2020-01-19 21:00:00,0,0,0
2020-01-19 22:00:00,0,0,0
2020-01-19 23:00:00,0,0,0
2020-01-20 00:00:00,0,0,0
2020-01-20 01:00:00,0,0,0
2020-01-20 02:00:00,0,0,0
2020-01-20 03:00:00,0,0,0
2020-01-20 04:00:00,1,1,0
2020-01-20 05:00:00,4,3,1
2020-01-20 06:00:00,6,5,1
2020-01-20 07:00:00,16,9,7
2020-01-20 08:00:00,18,11,7
2020-01-20 09:00:00,14,7,7
2020-01-20 10:00:00,7,3,4
2020-01-20 11:00:00,21,6,15
2020-01-20 12:00:00,24,11,13
2020-01-20 13:00:00,27,8,19
2020-01-20 14:00:00,30,14,16
2020-01-20 15:00:00,38,21,17
2020-01-20 16:00:00,33,19,14
2020-01-20 17:00:00,17,10,7
2020-01-20 18:00:00,11,4,7
2020-01-20 19:00:00,6,2,4
2020-01-20 20:00:00,1,1,0
2020-01-20 21:00:00,2,2,0
2020-01-20 22:00:00,2,2,0
2020-01-20 23:00:00,1,0,1
2020-01-21 00:00:00,0,0,0
2020-01-21 01:00:00,1,0,1
2020-01-21 02:00:00,0,0,0
2020-01-21 03:00:00,0,0,0
2020-01-21 04:00:00,1,1,0
2020-01-21 05:00:00,4,2,2
2020-01-21 06:00:00,14,8,6
2020-01-21 07:00:00,25,10,15
2020-01-21 08:00:00,24,18,6
2020-01-21 09:00:00,17,9,8
2020-01-21 10:00:00,12,7,5
2020-01-21 11:00:00,4,2,2
2020-01-21 12:00:00,3,2,1
2020-01-21 13:00:00,4,3,1
2020-01-21 14:00:00,2,0,2
2020-01-21 15:00:00,8,4,4
2020-01-21 16:00:00,12,8,4
2020-01-21 17:00:00,31,10,21
2020-01-21 18:00:00,26,8,18
2020-01-21 19:00:00,12,10,2
2020-01-21 20:00:00,1,0,1
2020-01-21 21:00:00,2,1,1
2020-01-21 22:00:00,0,0,0
2020-01-21 23:00:00,0,0,0
2020-01-22 00:00:00,0,0,0
2020-01-22 01:00:00,0,0,0
2020-01-22 02:00:00,0,0,0
2020-01-22 03:00:00,0,0,0
2020-01-22 04:00:00,3,3,0
2020-01-22 05:00:00,2,2,0
2020-01-22 06:00:00,11,4,7
2020-01-22 07:00:00,21,8,13
2020-01-22 08:00:00,23,15,8
2020-01-22 09:00:00,11,8,3
2020-01-22 10:00:00,7,3,4
2020-01-22 11:00:00,1,0,1
2020-01-22 12:00:00,1,1,0
2020-01-22 13:00:00,6,1,5
2020-01-22 14:00:00,4,3,1
2020-01-22 15:00:00,4,3,1
2020-01-22 16:00:00,18,9,9
2020-01-22 17:00:00,29,10,19
2020-01-22 18:00:00,16,10,6
2020-01-22 19:00:00,13,6,7
2020-01-22 20:00:00,0,0,0
2020-01-22 21:00:00,1,1,0
2020-01-22 22:00:00,1,1,0
2020-01-22 23:00:00,0,0,0
2020-01-23 00:00:00,1,0,1
2020-01-23 01:00:00,0,0,0
2020-01-23 02:00:00,0,0,0
2020-01-23 03:00:00,1,0,1
2020-01-23 04:00:00,1,1,0
2020-01-23 05:00:00,1,0,1
2020-01-23 06:00:00,7,4,3
2020-01-23 07:00:00,20,11,9
2020-01-23 08:00:00,12,9,3
2020-01-23 09:00:00,12,10,2
2020-01-23 10:00:00,2,1,1
2020-01-23 11:00:00,4,2,2
2020-01-23 12:00:00,3,3,0
2020-01-23 13:00:00,3,1,2
2020-01-23 14:00:00,1,1,0
2020-01-23 15:00:00,2,2,0
2020-01-23 16:00:00,11,4,7
2020-01-23 17:00:00,21,8,13
2020-01-23 18:00:00,17,5,12
2020-01-23 19:00:00,7,4,3
2020-01-23 20:00:00,3,2,1
2020-01-23 21:00:00,5,1,4
2020-01-23 22:00:00,0,0,0
2020-01-23 23:00:00,1,1,0
2020-01-24 00:00:00,1,1,0
2020-01-24 01:00:00,0,0,0
2020-01-24 02:00:00,1,1,0
2020-01-24 03:00:00,0,0,0
2020-01-24 04:00:00,0,0,0
2020-01-24 05:00:00,4,2,2
2020-01-24 06:00:00,5,2,3
2020-01-24 07:00:00,26,12,14
2020-01-24 08:00:00,24,16,8
2020-01-24 09:00:00,16,10,6
2020-01-24 10:00:00,8,4,4
2020-01-24 11:00:00,4,2,2
2020-01-24 12:00:00,4,2,2
2020-01-24 13:00:00,7,3,4
2020-01-24 14:00:00,10,6,4
2020-01-24 15:00:00,13,7,6
2020-01-24 16:00:00,17,10,7
2020-01-24 17:00:00,33,15,18
2020-01-24 18:00:00,13,5,8
2020-01-24 19:00:00,9,3,6
2020-01-24 20:00:00,1,1,0
2020-01-24 21:00:00,4,1,3
2020-01-24 22:00:00,2,2,0
2020-01-24 23:00:00,0,0,0
2020-01-25 00:00:00,2,1,1
2020-01-25 01:00:00,0,0,0
2020-01-25 02:00:00,0,0,0
2020-01-25 03:00:00,0,0,0
2020-01-25 04:00:00,0,0,0
2020-01-25 05:00:00,0,0,0
2020-01-25 06:00:00,1,0,1
2020-01-25 07:00:00,1,1,0
2020-01-25 08:00:00,7,2,5
2020-01-25 09:00:00,11,1,10
2020-01-25 10:00:00,35,19,16
2020-01-25 11:00:00,36,12,24
2020-01-25 12:00:00,36,29,7
2020-01-25 13:00:00,41,25,16
2020-01-25 14:00:00,38,21,17
2020-01-25 15:00:00,32,23,9
2020-01-25 16:00:00,16,8,8
2020-01-25 17:00:00,10,8,2
2020-01-25 18:00:00,2,2,0
2020-01-25 19:00:00,0,0,0
2020-01-25 20:00:00,0,0,0
2020-01-25 21:00:00,1,1,0
2020-01-25 22:00:00,0,0,0
2020-01-25 23:00:00,0,0,0
2020-01-26 00:00:00,1,1,0
2020-01-26 01:00:00,0,0,0
2020-01-26 02:00:00,0,0,0
2020-01-26 03:00:00,1,0,1
2020-01-26 04:00:00,0,0,0
2020-01-26 05:00:00,1,1,0
2020-01-26 06:00:00,0,0,0
2020-01-26 07:00:00,2,0,2
2020-01-26 08:00:00,14,4,10
2020-01-26 09:00:00,25,11,14
2020-01-26 10:00:00,20,6,14
2020-01-26 11:00:00,61,44,17
2020-01-26 12:00:00,52,28,24
2020-01-26 13:00:00,38,23,15
2020-01-26 14:00:00,39,25,14
2020-01-26 15:00:00,34,18,16
2020-01-26 16:00:00,20,18,2
2020-01-26 17:00:00,6,4,2
2020-01-26 18:00:00,0,0,0
2020-01-26 19:00:00,0,0,0
2020-01-26 20:00:00,0,0,0
2020-01-26 21:00:00,1,1,0
2020-01-26 22:00:00,0,0,0
2020-01-26 23:00:00,1,1,0
2020-01-27 00:00:00,0,0,0
2020-01-27 01:00:00,0,0,0
2020-01-27 02:00:00,0,0,0
2020-01-27 03:00:00,0,0,0
2020-01-27 04:00:00,1,1,0
2020-01-27 05:00:00,4,3,1
2020-01-27 06:00:00,16,11,5
2020-01-27 07:00:00,31,16,15
2020-01-27 08:00:00,27,18,9
2020-01-27 09:00:00,20,10,10
2020-01-27 10:00:00,14,8,6
2020-01-27 11:00:00,16,4,12
2020-01-27 12:00:00,20,11,9
2020-01-27 13:00:00,18,12,6
2020-01-27 14:00:00,20,13,7
2020-01-27 15:00:00,13,6,7
2020-01-27 16:00:00,22,10,12
2020-01-27 17:00:00,28,9,19
2020-01-27 18:00:00,22,9,13
2020-01-27 19:00:00,10,7,3
2020-01-27 20:00:00,2,0,2
2020-01-27 21:00:00,1,1,0
2020-01-27 22:00:00,0,0,0
2020-01-27 23:00:00,2,0,2
2020-01-28 00:00:00,0,0,0
2020-01-28 01:00:00,3,3,0
2020-01-28 02:00:00,0,0,0
2020-01-28 03:00:00,0,0,0
2020-01-28 04:00:00,2,2,0
2020-01-28 05:00:00,3,1,2
2020-01-28 06:00:00,10,7,3
2020-01-28 07:00:00,12,8,4
2020-01-28 08:00:00,26,12,14
2020-01-28 09:00:00,8,7,1
2020-01-28 10:00:00,10,7,3
2020-01-28 11:00:00,6,3,3
2020-01-28 12:00:00,3,2,1
2020-01-28 13:00:00,10,3,7
2020-01-28 14:00:00,11,5,6
2020-01-28 15:00:00,18,14,4
2020-01-28 16:00:00,23,12,11
2020-01-28 17:00:00,37,15,22
2020-01-28 18:00:00,24,10,14
2020-01-28 19:00:00,13,8,5
2020-01-28 20:00:00,5,4,1
2020-01-28 21:00:00,3,1,2
2020-01-28 22:00:00,1,0,1
2020-01-28 23:00:00,1,1,0
2020-01-29 00:00:00,0,0,0
2020-01-29 01:00:00,1,0,1
2020-01-29 02:00:00,1,0,1
2020-01-29 03:00:00,0,0,0
2020-01-29 04:00:00,4,3,1
2020-01-29 05:00:00,1,1,0
2020-01-29 06:00:00,6,4,2
2020-01-29 07:00:00,26,20,6
2020-01-29 08:00:00,21,10,11
2020-01-29 09:00:00,8,5,3
2020-01-29 10:00:00,7,6,1
2020-01-29 11:00:00,5,3,2
2020-01-29 12:00:00,1,0,1
2020-01-29 13:00:00,3,0,3
2020-01-29 14:00:00,4,3,1
2020-01-29 15:00:00,9,2,7
2020-01-29 16:00:00,11,3,8
2020-01-29 17:00:00,33,11,22
2020-01-29 18:00:00,24,14,10
2020-01-29 19:00:00,18,9,9
2020-01-29 20:00:00,4,4,0
2020-01-29 21:00:00,1,1,0
2020-01-29 22:00:00,3,2,1
2020-01-29 23:00:00,3,1,2
2020-01-30 00:00:00,0,0,0
2020-01-30 01:00:00,0,0,0
2020-01-30 02:00:00,0,0,0
2020-01-30 03:00:00,0,0,0
2020-01-30 04:00:00,3,2,1
2020-01-30 05:00:00,5,3,2
2020-01-30 06:00:00,14,6,8
2020-01-30 07:00:00,28,16,12
2020-01-30 08:00:00,29,21,8
2020-01-30 09:00:00,15,11,4
2020-01-30 10:00:00,8,5,3
2020-01-30 11:00:00,15,7,8
2020-01-30 12:00:00,11,5,6
2020-01-30 13:00:00,15,9,6
2020-01-30 14:00:00,16,7,9
2020-01-30 15:00:00,15,10,5
2020-01-30 16:00:00,32,17,15
2020-01-30 17:00:00,25,7,18
2020-01-30 18:00:00,23,13,10
2020-01-30 19:00:00,7,3,4
2020-01-30 20:00:00,3,0,3
2020-01-30 21:00:00,4,2,2
2020-01-30 22:00:00,1,1,0
2020-01-30 23:00:00,0,0,0
2020-01-31 00:00:00,1,1,0
2020-01-31 01:00:00,1,1,0
2020-01-31 02:00:00,0,0,0
2020-01-31 03:00:00,0,0,0
2020-01-31 04:00:00,0,0,0
2020-01-31 05:00:00,3,1,2
2020-01-31 06:00:00,10,6,4
2020-01-31 07:00:00,25,13,12
2020-01-31 08:00:00,20,13,7
2020-01-31 09:00:00,11,9,2
2020-01-31 10:00:00,2,0,2
2020-01-31 11:00:00,3,1,2
2020-01-31 12:00:00,1,0,1
2020-01-31 13:00:00,4,1,3
2020-01-31 14:00:00,3,3,0
2020-01-31 15:00:00,8,5,3
2020-01-31 16:00:00,16,10,6
2020-01-31 17:00:00,23,4,19
2020-01-31 18:00:00,12,7,5
2020-01-31 19:00:00,5,2,3
2020-01-31 20:00:00,1,1,0
2020-01-31 21:00:00,4,3,1
2020-01-31 22:00:00,0,0,0
2020-01-31 23:00:00,1,0,1
2020-02-01 00:00:00,0,0,0
2020-02-01 01:00:00,1,1,0
2020-02-01 02:00:00,0,0,0
2020-02-01 03:00:00,1,1,0
2020-02-01 04:00:00,0,0,0
2020-02-01 05:00:00,0,0,0
2020-02-01 06:00:00,0,0,0
2020-02-01 07:00:00,1,1,0
2020-02-01 08:00:00,3,1,2
2020-02-01 09:00:00,29,10,19
2020-02-01 10:00:00,18,6,12
2020-02-01 11:00:00,43,26,17
2020-02-01 12:00:00,46,31,15
2020-02-01 13:00:00,40,22,18
2020-02-01 14:00:00,33,21,12
2020-02-01 15:00:00,26,16,10
2020-02-01 16:00:00,11,4,7
2020-02-01 17:00:00,1,1,0
2020-02-01 18:00:00,2,2,0
2020-02-01 19:00:00,0,0,0
2020-02-01 20:00:00,0,0,0
2020-02-01 21:00:00,1,1,0
2020-02-01 22:00:00,1,0,1
2020-02-01 23:00:00,1,1,0
2020-02-02 00:00:00,0,0,0
2020-02-02 01:00:00,0,0,0
2020-02-02 02:00:00,0,0,0
2020-02-02 03:00:00,0,0,0
2020-02-02 04:00:00,0,0,0
2020-02-02 05:00:00,0,0,0
2020-02-02 06:00:00,2,0,2
2020-02-02 07:00:00,0,0,0
2020-02-02 08:00:00,26,3,23
2020-02-02 09:00:00,23,14,9
2020-02-02 10:00:00,37,22,15
2020-02-02 11:00:00,106,63,43
2020-02-02 12:00:00,85,50,35
2020-02-02 13:00:00,66,37,29
2020-02-02 14:00:00,36,25,11
2020-02-02 15:00:00,36,25,11
2020-02-02 16:00:00,32,15,17
2020-02-02 17:00:00,8,6,2
2020-02-02 18:00:00,2,2,0
2020-02-02 19:00:00,0,0,0
2020-02-02 20:00:00,2,2,0
2020-02-02 21:00:00,2,2,0
2020-02-02 22:00:00,1,0,1
2020-02-02 23:00:00,0,0,0
2020-02-03 00:00:00,0,0,0
2020-02-03 01:00:00,0,0,0
2020-02-03 02:00:00,0,0,0
2020-02-03 03:00:00,0,0,0
2020-02-03 04:00:00,1,1,0
2020-02-03 05:00:00,1,1,0
2020-02-03 06:00:00,21,12,9
2020-02-03 07:00:00,34,20,14
2020-02-03 08:00:00,35,20,15
2020-02-03 09:00:00,20,14,6
2020-02-03 10:00:00,13,8,5
2020-02-03 11:00:00,11,6,5
2020-02-03 12:00:00,11,4,7
2020-02-03 13:00:00,12,5,7
2020-02-03 14:00:00,15,9,6
2020-02-03 15:00:00,21,8,13
2020-02-03 16:00:00,37,18,19
2020-02-03 17:00:00,52,21,31
2020-02-03 18:00:00,23,10,13
2020-02-03 19:00:00,9,5,4
2020-02-03 20:00:00,3,1,2
2020-02-03 21:00:00,2,1,1
2020-02-03 22:00:00,1,1,0
2020-02-03 23:00:00,0,0,0
2020-02-04 00:00:00,0,0,0
2020-02-04 01:00:00,1,0,1
2020-02-04 02:00:00,1,1,0
2020-02-04 03:00:00,0,0,0
2020-02-04 04:00:00,1,1,0
2020-02-04 05:00:00,2,2,0
2020-02-04 06:00:00,17,10,7
2020-02-04 07:00:00,19,13,6
2020-02-04 08:00:00,29,21,8
2020-02-04 09:00:00,13,8,5
2020-02-04 10:00:00,5,3,2
2020-02-04 11:00:00,3,1,2
2020-02-04 12:00:00,1,0,1
2020-02-04 13:00:00,1,0,1
2020-02-04 14:00:00,2,1,1
2020-02-04 15:00:00,6,3,3
2020-02-04 16:00:00,13,8,5
2020-02-04 17:00:00,26,6,20
2020-02-04 18:00:00,20,6,14
2020-02-04 19:00:00,9,6,3
2020-02-04 20:00:00,1,0,1
2020-02-04 21:00:00,3,2,1
2020-02-04 22:00:00,0,0,0
2020-02-04 23:00:00,0,0,0
2020-02-05 00:00:00,0,0,0
2020-02-05 01:00:00,1,1,0
2020-02-05 02:00:00,0,0,0
2020-02-05 03:00:00,0,0,0
2020-02-05 04:00:00,2,1,1
2020-02-05 05:00:00,0,0,0
2020-02-05 06:00:00,7,5,2
2020-02-05 07:00:00,16,10,6
2020-02-05 08:00:00,14,12,2
2020-02-05 09:00:00,7,4,3
2020-02-05 10:00:00,3,2,1
2020-02-05 11:00:00,3,2,1
2020-02-05 12:00:00,4,1,3
2020-02-05 13:00:00,4,2,2
2020-02-05 14:00:00,4,3,1
2020-02-05 15:00:00,3,3,0
2020-02-05 16:00:00,10,4,6
2020-02-05 17:00:00,20,5,15
2020-02-05 18:00:00,12,6,6
2020-02-05 19:00:00,10,8,2
2020-02-05 20:00:00,0,0,0
2020-02-05 21:00:00,2,2,0
2020-02-05 22:00:00,2,2,0
2020-02-05 23:00:00,0,0,0
2020-02-06 00:00:00,0,0,0
2020-02-06 01:00:00,0,0,0
2020-02-06 02:00:00,0,0,0
2020-02-06 03:00:00,0,0,0
2020-02-06 04:00:00,1,1,0
2020-02-06 05:00:00,2,2,0
2020-02-06 06:00:00,8,4,4
2020-02-06 07:00:00,6,4,2
2020-02-06 08:00:00,19,12,7
2020-02-06 09:00:00,8,4,4
2020-02-06 10:00:00,5,2,3
2020-02-06 11:00:00,0,0,0
2020-02-06 12:00:00,1,1,0
2020-02-06 13:00:00,3,1,2
2020-02-06 14:00:00,7,3,4
2020-02-06 15:00:00,12,5,7
2020-02-06 16:00:00,8,6,2
2020-02-06 17:00:00,18,6,12
2020-02-06 18:00:00,17,6,11
2020-02-06 19:00:00,7,4,3
2020-02-06 20:00:00,1,0,1
2020-02-06 21:00:00,0,0,0
2020-02-06 22:00:00,0,0,0
2020-02-06 23:00:00,0,0,0
2020-02-07 00:00:00,0,0,0
2020-02-07 01:00:00,1,0,1
2020-02-07 02:00:00,1,1,0
2020-02-07 03:00:00,1,1,0
2020-02-07 04:00:00,0,0,0
2020-02-07 05:00:00,3,1,2
2020-02-07 06:00:00,12,7,5
2020-02-07 07:00:00,21,9,12
2020-02-07 08:00:00,29,17,12
2020-02-07 09:00:00,13,6,7
2020-02-07 10:00:00,9,4,5
2020-02-07 11:00:00,7,4,3
2020-02-07 12:00:00,4,1,3
2020-02-07 13:00:00,10,5,5
2020-02-07 14:00:00,14,11,3
2020-02-07 15:00:00,16,7,9
2020-02-07 16:00:00,25,15,10
2020-02-07 17:00:00,30,13,17
2020-02-07 18:00:00,10,4,6
2020-02-07 19:00:00,7,4,3
2020-02-07 20:00:00,0,0,0
2020-02-07 21:00:00,0,0,0
2020-02-07 22:00:00,0,0,0
2020-02-07 23:00:00,2,2,0
2020-02-08 00:00:00,0,0,0
2020-02-08 01:00:00,1,0,1
2020-02-08 02:00:00,2,1,1
2020-02-08 03:00:00,0,0,0
2020-02-08 04:00:00,0,0,0
2020-02-08 05:00:00,0,0,0
2020-02-08 06:00:00,0,0,0
2020-02-08 07:00:00,3,1,2
2020-02-08 08:00:00,10,3,7
2020-02-08 09:00:00,33,7,26
2020-02-08 10:00:00,50,30,20
2020-02-08 11:00:00,77,45,32
2020-02-08 12:00:00,67,38,29
2020-02-08 13:00:00,33,25,8
2020-02-08 14:00:00,16,6,10
2020-02-08 15:00:00,19,8,11
2020-02-08 16:00:00,23,14,9
2020-02-08 17:00:00,7,7,0
2020-02-08 18:00:00,0,0,0
2020-02-08 19:00:00,1,1,0
2020-02-08 20:00:00,0,0,0
2020-02-08 21:00:00,2,2,0
2020-02-08 22:00:00,0,0,0
2020-02-08 23:00:00,0,0,0
2020-02-09 00:00:00,0,0,0
2020-02-09 01:00:00,0,0,0
2020-02-09 02:00:00,0,0,0
2020-02-09 03:00:00,0,0,0
2020-02-09 04:00:00,1,1,0
2020-02-09 05:00:00,0,0,0
2020-02-09 06:00:00,0,0,0
2020-02-09 07:00:00,11,4,7
2020-02-09 08:00:00,28,8,20
2020-02-09 09:00:00,58,25,33
2020-02-09 10:00:00,80,27,53
2020-02-09 11:00:00,81,48,33
2020-02-09 12:00:00,68,31,37
2020-02-09 13:00:00,94,45,49
2020-02-09 14:00:00,109,61,48
2020-02-09 15:00:00,98,63,35
2020-02-09 16:00:00,59,47,12
2020-02-09 17:00:00,16,9,7
2020-02-09 18:00:00,4,4,0
2020-02-09 19:00:00,2,2,0
2020-02-09 20:00:00,3,3,0
2020-02-09 21:00:00,2,2,0
2020-02-09 22:00:00,0,0,0
2020-02-09 23:00:00,0,0,0
2020-02-10 00:00:00,0,0,0
2020-02-10 01:00:00,1,0,1
2020-02-10 02:00:00,1,0,1
2020-02-10 03:00:00,0,0,0
2020-02-10 04:00:00,4,4,0
2020-02-10 05:00:00,6,4,2
2020-02-10 06:00:00,14,6,8
2020-02-10 07:00:00,45,25,20
2020-02-10 08:00:00,38,26,12
2020-02-10 09:00:00,24,17,7
2020-02-10 10:00:00,17,10,7
2020-02-10 11:00:00,8,2,6
2020-02-10 12:00:00,7,3,4
2020-02-10 13:00:00,22,10,12
2020-02-10 14:00:00,26,11,15
2020-02-10 15:00:00,28,15,13
2020-02-10 16:00:00,51,26,25
2020-02-10 17:00:00,56,27,29
2020-02-10 18:00:00,35,16,19
2020-02-10 19:00:00,17,9,8
2020-02-10 20:00:00,2,1,1
2020-02-10 21:00:00,2,2,0
2020-02-10 22:00:00,2,2,0
2020-02-10 23:00:00,0,0,0
2020-02-11 00:00:00,0,0,0
2020-02-11 01:00:00,1,0,1
2020-02-11 02:00:00,0,0,0
2020-02-11 03:00:00,0,0,0
2020-02-11 04:00:00,3,3,0
2020-02-11 05:00:00,4,2,2
2020-02-11 06:00:00,19,14,5
2020-02-11 07:00:00,30,17,13
2020-02-11 08:00:00,35,23,12
2020-02-11 09:00:00,20,14,6
2020-02-11 10:00:00,8,6,2
2020-02-11 11:00:00,7,1,6
2020-02-11 12:00:00,8,4,4
2020-02-11 13:00:00,5,4,1
2020-02-11 14:00:00,4,2,2
2020-02-11 15:00:00,14,5,9
2020-02-11 16:00:00,32,16,16
2020-02-11 17:00:00,39,15,24
2020-02-11 18:00:00,29,13,16
2020-02-11 19:00:00,9,3,6
2020-02-11 20:00:00,3,0,3
2020-02-11 21:00:00,1,1,0
2020-02-11 22:00:00,0,0,0
2020-02-11 23:00:00,0,0,0
2020-02-12 00:00:00,0,0,0
2020-02-12 01:00:00,1,0,1
2020-02-12 02:00:00,0,0,0
2020-02-12 03:00:00,1,0,1
2020-02-12 04:00:00,2,2,0
2020-02-12 05:00:00,6,3,3
2020-02-12 06:00:00,17,10,7
2020-02-12 07:00:00,45,27,18
2020-02-12 08:00:00,29,20,9
2020-02-12 09:00:00,17,8,9
2020-02-12 10:00:00,23,16,7
2020-02-12 11:00:00,10,3,7
2020-02-12 12:00:00,14,10,4
2020-02-12 13:00:00,18,8,10
2020-02-12 14:00:00,20,10,10
2020-02-12 15:00:00,29,13,16
2020-02-12 16:00:00,47,19,28
2020-02-12 17:00:00,47,17,30
2020-02-12 18:00:00,32,18,14
2020-02-12 19:00:00,13,6,7
2020-02-12 20:00:00,5,2,3
2020-02-12 21:00:00,3,2,1
2020-02-12 22:00:00,1,1,0
2020-02-12 23:00:00,1,1,0
2020-02-13 00:00:00,1,0,1
2020-02-13 01:00:00,1,0,1
2020-02-13 02:00:00,0,0,0
2020-02-13 03:00:00,1,1,0
2020-02-13 04:00:00,1,1,0
2020-02-13 05:00:00,4,3,1
2020-02-13 06:00:00,14,9,5
2020-02-13 07:00:00,23,14,9
2020-02-13 08:00:00,23,14,9
2020-02-13 09:00:00,8,7,1
2020-02-13 10:00:00,6,2,4
2020-02-13 11:00:00,5,1,4
2020-02-13 12:00:00,1,1,0
2020-02-13 13:00:00,4,0,4
2020-02-13 14:00:00,7,6,1
2020-02-13 15:00:00,8,1,7
2020-02-13 16:00:00,20,11,9
2020-02-13 17:00:00,26,8,18
2020-02-13 18:00:00,20,7,13
2020-02-13 19:00:00,11,7,4
2020-02-13 20:00:00,4,1,3
2020-02-13 21:00:00,2,2,0
2020-02-13 22:00:00,0,0,0
2020-02-13 23:00:00,1,1,0
2020-02-14 00:00:00,0,0,0
2020-02-14 01:00:00,0,0,0
2020-02-14 02:00:00,0,0,0
2020-02-14 03:00:00,0,0,0
2020-02-14 04:00:00,1,1,0
2020-02-14 05:00:00,4,3,1
2020-02-14 06:00:00,12,4,8
2020-02-14 07:00:00,47,32,15
2020-02-14 08:00:00,29,17,12
2020-02-14 09:00:00,15,12,3
2020-02-14 10:00:00,21,12,9
2020-02-14 11:00:00,11,4,7
2020-02-14 12:00:00,19,8,11
2020-02-14 13:00:00,34,17,17
2020-02-14 14:00:00,28,14,14
2020-02-14 15:00:00,33,17,16
2020-02-14 16:00:00,43,17,26
2020-02-14 17:00:00,47,16,31
2020-02-14 18:00:00,24,16,8
2020-02-14 19:00:00,7,4,3
2020-02-14 20:00:00,1,0,1
2020-02-14 21:00:00,1,1,0
2020-02-14 22:00:00,2,2,0
2020-02-14 23:00:00,2,0,2
2020-02-15 00:00:00,0,0,0
2020-02-15 01:00:00,0,0,0
2020-02-15 02:00:00,2,2,0
2020-02-15 03:00:00,1,0,1
2020-02-15 04:00:00,1,1,0
2020-02-15 05:00:00,1,0,1
2020-02-15 06:00:00,0,0,0
2020-02-15 07:00:00,1,0,1
2020-02-15 08:00:00,14,5,9
2020-02-15 09:00:00,34,7,27
2020-02-15 10:00:00,20,12,8
2020-02-15 11:00:00,19,9,10
2020-02-15 12:00:00,29,18,11
2020-02-15 13:00:00,28,19,9
2020-02-15 14:00:00,16,9,7
2020-02-15 15:00:00,21,16,5
2020-02-15 16:00:00,13,7,6
2020-02-15 17:00:00,3,2,1
2020-02-15 18:00:00,1,0,1
2020-02-15 19:00:00,2,2,0
2020-02-15 20:00:00,2,2,0
2020-02-15 21:00:00,0,0,0
2020-02-15 22:00:00,0,0,0
2020-02-15 23:00:00,0,0,0
2020-02-16 00:00:00,0,0,0
2020-02-16 01:00:00,0,0,0
2020-02-16 02:00:00,0,0,0
2020-02-16 03:00:00,0,0,0
2020-02-16 04:00:00,0,0,0
2020-02-16 05:00:00,0,0,0
2020-02-16 06:00:00,2,1,1
2020-02-16 07:00:00,8,2,6
2020-02-16 08:00:00,17,4,13
2020-02-16 09:00:00,67,28,39
2020-02-16 10:00:00,41,26,15
2020-02-16 11:00:00,45,27,18
2020-02-16 12:00:00,62,39,23
2020-02-16 13:00:00,30,17,13
2020-02-16 14:00:00,27,17,10
2020-02-16 15:00:00,31,17,14
2020-02-16 16:00:00,23,14,9
2020-02-16 17:00:00,10,6,4
2020-02-16 18:00:00,4,2,2
2020-02-16 19:00:00,0,0,0
2020-02-16 20:00:00,2,1,1
2020-02-16 21:00:00,0,0,0
2020-02-16 22:00:00,1,1,0
2020-02-16 23:00:00,0,0,0
2020-02-17 00:00:00,0,0,0
2020-02-17 01:00:00,0,0,0
2020-02-17 02:00:00,0,0,0
2020-02-17 03:00:00,0,0,0
2020-02-17 04:00:00,0,0,0
2020-02-17 05:00:00,6,5,1
2020-02-17 06:00:00,4,3,1
2020-02-17 07:00:00,15,9,6
2020-02-17 08:00:00,25,14,11
2020-02-17 09:00:00,19,8,11
2020-02-17 10:00:00,36,18,18
2020-02-17 11:00:00,49,30,19
2020-02-17 12:00:00,29,9,20
2020-02-17 13:00:00,50,26,24
2020-02-17 14:00:00,48,26,22
2020-02-17 15:00:00,42,25,17
2020-02-17 16:00:00,39,21,18
2020-02-17 17:00:00,28,15,13
2020-02-17 18:00:00,13,8,5
2020-02-17 19:00:00,12,6,6
2020-02-17 20:00:00,0,0,0
2020-02-17 21:00:00,2,2,0
2020-02-17 22:00:00,1,1,0
2020-02-17 23:00:00,0,0,0
2020-02-18 00:00:00,1,0,1
2020-02-18 01:00:00,0,0,0
2020-02-18 02:00:00,1,1,0
2020-02-18 03:00:00,0,0,0
2020-02-18 04:00:00,2,2,0
2020-02-18 05:00:00,4,3,1
2020-02-18 06:00:00,13,8,5
2020-02-18 07:00:00,31,20,11
2020-02-18 08:00:00,34,22,12
2020-02-18 09:00:00,12,8,4
2020-02-18 10:00:00,16,5,11
2020-02-18 11:00:00,28,7,21
2020-02-18 12:00:00,15,6,9
2020-02-18 13:00:00,21,8,13
2020-02-18 14:00:00,29,13,16
2020-02-18 15:00:00,25,12,13
2020-02-18 16:00:00,39,22,17
2020-02-18 17:00:00,45,23,22
2020-02-18 18:00:00,28,13,15
2020-02-18 19:00:00,8,3,5
2020-02-18 20:00:00,3,1,2
2020-02-18 21:00:00,0,0,0
2020-02-18 22:00:00,2,1,1
2020-02-18 23:00:00,2,0,2
2020-02-19 00:00:00,1,1,0
2020-02-19 01:00:00,12,8,4
2020-02-19 02:00:00,19,10,9
2020-02-19 03:00:00,1,1,0
2020-02-19 04:00:00,3,2,1
2020-02-19 05:00:00,1,1,0
2020-02-19 06:00:00,11,9,2
2020-02-19 07:00:00,26,14,12
2020-02-19 08:00:00,35,22,13
2020-02-19 09:00:00,23,14,9
2020-02-19 10:00:00,14,8,6
2020-02-19 11:00:00,24,13,11
2020-02-19 12:00:00,11,7,4
2020-02-19 13:00:00,24,10,14
2020-02-19 14:00:00,31,15,16
2020-02-19 15:00:00,37,18,19
2020-02-19 16:00:00,50,22,28
2020-02-19 17:00:00,67,38,29
2020-02-19 18:00:00,26,9,17
2020-02-19 19:00:00,9,4,5
2020-02-19 20:00:00,6,3,3
2020-02-19 21:00:00,4,3,1
2020-02-19 22:00:00,2,1,1
2020-02-19 23:00:00,3,1,2
2020-02-20 00:00:00,0,0,0
2020-02-20 01:00:00,0,0,0
2020-02-20 02:00:00,0,0,0
2020-02-20 03:00:00,1,1,0
2020-02-20 04:00:00,1,1,0
2020-02-20 05:00:00,2,1,1
2020-02-20 06:00:00,17,11,6
2020-02-20 07:00:00,36,24,12
2020-02-20 08:00:00,28,17,11
2020-02-20 09:00:00,16,10,6
2020-02-20 10:00:00,18,9,9
2020-02-20 11:00:00,12,3,9
2020-02-20 12:00:00,17,6,11
2020-02-20 13:00:00,16,7,9
2020-02-20 14:00:00,30,21,9
2020-02-20 15:00:00,29,11,18
2020-02-20 16:00:00,53,28,25
2020-02-20 17:00:00,58,23,35
2020-02-20 18:00:00,28,16,12
2020-02-20 19:00:00,13,8,5
2020-02-20 20:00:00,5,2,3
2020-02-20 21:00:00,4,2,2
2020-02-20 22:00:00,1,0,1
2020-02-20 23:00:00,4,2,2
2020-02-21 00:00:00,2,1,1
2020-02-21 01:00:00,1,0,1
2020-02-21 02:00:00,0,0,0
2020-02-21 03:00:00,0,0,0
2020-02-21 04:00:00,1,1,0
2020-02-21 05:00:00,3,2,1
2020-02-21 06:00:00,13,6,7
2020-02-21 07:00:00,31,19,12
2020-02-21 08:00:00,33,21,12
2020-02-21 09:00:00,17,12,5
2020-02-21 10:00:00,19,9,10
2020-02-21 11:00:00,14,7,7
2020-02-21 12:00:00,14,8,6
2020-02-21 13:00:00,30,14,16
2020-02-21 14:00:00,40,21,19
2020-02-21 15:00:00,48,28,20
2020-02-21 16:00:00,44,23,21
2020-02-21 17:00:00,50,19,31
2020-02-21 18:00:00,19,6,13
2020-02-21 19:00:00,6,3,3
2020-02-21 20:00:00,2,1,1
2020-02-21 21:00:00,2,1,1
2020-02-21 22:00:00,2,1,1
2020-02-21 23:00:00,1,0,1
2020-02-22 00:00:00,0,0,0
2020-02-22 01:00:00,0,0,0
2020-02-22 02:00:00,0,0,0
2020-02-22 03:00:00,0,0,0
2020-02-22 04:00:00,0,0,0
2020-02-22 05:00:00,2,1,1
2020-02-22 06:00:00,0,0,0
2020-02-22 07:00:00,5,0,5
2020-02-22 08:00:00,15,6,9
2020-02-22 09:00:00,64,30,34
2020-02-22 10:00:00,45,26,19
2020-02-22 11:00:00,46,20,26
2020-02-22 12:00:00,64,53,11
2020-02-22 13:00:00,48,29,19
2020-02-22 14:00:00,38,28,10
2020-02-22 15:00:00,29,18,11
2020-02-22 16:00:00,21,11,10
2020-02-22 17:00:00,7,7,0
2020-02-22 18:00:00,2,1,1
2020-02-22 19:00:00,0,0,0
2020-02-22 20:00:00,1,1,0
2020-02-22 21:00:00,2,2,0
2020-02-22 22:00:00,1,0,1
2020-02-22 23:00:00,0,0,0
2020-02-23 00:00:00,0,0,0
2020-02-23 01:00:00,0,0,0
2020-02-23 02:00:00,0,0,0
2020-02-23 03:00:00,0,0,0
2020-02-23 04:00:00,0,0,0
2020-02-23 05:00:00,0,0,0
2020-02-23 06:00:00,5,5,0
2020-02-23 07:00:00,5,4,1
2020-02-23 08:00:00,14,9,5
2020-02-23 09:00:00,4,2,2
2020-02-23 10:00:00,18,5,13
2020-02-23 11:00:00,25,15,10
2020-02-23 12:00:00,23,5,18
2020-02-23 13:00:00,39,17,22
2020-02-23 14:00:00,21,8,13
2020-02-23 15:00:00,32,23,9
2020-02-23 16:00:00,15,10,5
2020-02-23 17:00:00,5,3,2
2020-02-23 18:00:00,3,0,3
2020-02-23 19:00:00,0,0,0
2020-02-23 20:00:00,0,0,0
2020-02-23 21:00:00,2,2,0
2020-02-23 22:00:00,0,0,0
2020-02-23 23:00:00,0,0,0
2020-02-24 00:00:00,0,0,0
2020-02-24 01:00:00,0,0,0
2020-02-24 02:00:00,0,0,0
2020-02-24 03:00:00,0,0,0
2020-02-24 04:00:00,2,2,0
2020-02-24 05:00:00,7,6,1
2020-02-24 06:00:00,20,12,8
2020-02-24 07:00:00,42,24,18
2020-02-24 08:00:00,41,27,14
2020-02-24 09:00:00,29,18,11
2020-02-24 10:00:00,11,5,6
2020-02-24 11:00:00,12,6,6
2020-02-24 12:00:00,13,9,4
2020-02-24 13:00:00,13,7,6
2020-02-24 14:00:00,20,8,12
2020-02-24 15:00:00,22,10,12
2020-02-24 16:00:00,48,17,31
2020-02-24 17:00:00,53,22,31
2020-02-24 18:00:00,41,15,26
2020-02-24 19:00:00,14,9,5
2020-02-24 20:00:00,2,1,1
2020-02-24 21:00:00,4,2,2
2020-02-24 22:00:00,1,1,0
2020-02-24 23:00:00,1,1,0
2020-02-25 00:00:00,0,0,0
2020-02-25 01:00:00,0,0,0
2020-02-25 02:00:00,0,0,0
2020-02-25 03:00:00,1,1,0
2020-02-25 04:00:00,3,3,0
2020-02-25 05:00:00,4,4,0
2020-02-25 06:00:00,19,10,9
2020-02-25 07:00:00,38,25,13
2020-02-25 08:00:00,46,27,19
2020-02-25 09:00:00,27,17,10
2020-02-25 10:00:00,17,6,11
2020-02-25 11:00:00,11,3,8
2020-02-25 12:00:00,15,8,7
2020-02-25 13:00:00,11,8,3
2020-02-25 14:00:00,18,7,11
2020-02-25 15:00:00,23,7,16
2020-02-25 16:00:00,40,20,20
2020-02-25 17:00:00,68,28,40
2020-02-25 18:00:00,30,13,17
2020-02-25 19:00:00,25,11,14
2020-02-25 20:00:00,5,2,3
2020-02-25 21:00:00,0,0,0
2020-02-25 22:00:00,1,1,0
2020-02-25 23:00:00,0,0,0
2020-02-26 00:00:00,0,0,0
2020-02-26 01:00:00,0,0,0
2020-02-26 02:00:00,2,1,1
2020-02-26 03:00:00,1,1,0
2020-02-26 04:00:00,2,2,0
2020-02-26 05:00:00,9,5,4
2020-02-26 06:00:00,24,13,11
2020-02-26 07:00:00,39,22,17
2020-02-26 08:00:00,36,21,15
2020-02-26 09:00:00,20,11,9
2020-02-26 10:00:00,13,9,4
2020-02-26 11:00:00,14,9,5
2020-02-26 12:00:00,7,7,0
2020-02-26 13:00:00,20,9,11
2020-02-26 14:00:00,13,7,6
2020-02-26 15:00:00,27,15,12
2020-02-26 16:00:00,36,15,21
2020-02-26 17:00:00,69,33,36
2020-02-26 18:00:00,37,18,19
2020-02-26 19:00:00,13,8,5
2020-02-26 20:00:00,4,3,1
2020-02-26 21:00:00,2,0,2
2020-02-26 22:00:00,2,0,2
2020-02-26 23:00:00,0,0,0
2020-02-27 00:00:00,0,0,0
2020-02-27 01:00:00,0,0,0
2020-02-27 02:00:00,0,0,0
2020-02-27 03:00:00,1,1,0
2020-02-27 04:00:00,2,2,0
2020-02-27 05:00:00,5,4,1
2020-02-27 06:00:00,25,17,8
2020-02-27 07:00:00,54,36,18
2020-02-27 08:00:00,40,21,19
2020-02-27 09:00:00,28,17,11
2020-02-27 10:00:00,13,8,5
2020-02-27 11:00:00,13,6,7
2020-02-27 12:00:00,0,0,0
2020-02-27 13:00:00,0,0,0
2020-02-27 14:00:00,0,0,0
2020-02-27 15:00:00,0,0,0
2020-02-27 16:00:00,0,0,0
2020-02-27 17:00:00,0,0,0
2020-02-27 18:00:00,0,0,0
2020-02-27 19:00:00,0,0,0
2020-02-27 20:00:00,0,0,0
2020-02-27 21:00:00,0,0,0
2020-02-27 22:00:00,0,0,0
2020-02-27 23:00:00,0,0,0
2020-02-28 00:00:00,0,0,0
2020-02-28 01:00:00,0,0,0
2020-02-28 02:00:00,0,0,0
2020-02-28 03:00:00,0,0,0
2020-02-28 04:00:00,0,0,0
2020-02-28 05:00:00,0,0,0
2020-02-28 06:00:00,0,0,0
2020-02-28 07:00:00,0,0,0
2020-02-28 08:00:00,0,0,0
2020-02-28 09:00:00,0,0,0
2020-02-28 10:00:00,0,0,0
2020-02-28 11:00:00,0,0,0
2020-02-28 12:00:00,0,0,0
2020-02-28 13:00:00,0,0,0
2020-02-28 14:00:00,0,0,0
2020-02-28 15:00:00,0,0,0
2020-02-28 16:00:00,0,0,0
2020-02-28 17:00:00,0,0,0
2020-02-28 18:00:00,0,0,0
2020-02-28 19:00:00,0,0,0
2020-02-28 20:00:00,0,0,0
2020-02-28 21:00:00,0,0,0
2020-02-28 22:00:00,0,0,0
2020-02-28 23:00:00,0,0,0
2020-02-29 00:00:00,0,0,0
2020-02-29 01:00:00,0,0,0
2020-02-29 02:00:00,0,0,0
2020-02-29 03:00:00,0,0,0
2020-02-29 04:00:00,0,0,0
2020-02-29 05:00:00,0,0,0
2020-02-29 06:00:00,0,0,0
2020-02-29 07:00:00,0,0,0
2020-02-29 08:00:00,0,0,0
2020-02-29 09:00:00,0,0,0
2020-02-29 10:00:00,0,0,0
2020-02-29 11:00:00,0,0,0
2020-02-29 12:00:00,0,0,0
2020-02-29 13:00:00,0,0,0
2020-02-29 14:00:00,0,0,0
2020-02-29 15:00:00,0,0,0
2020-02-29 16:00:00,0,0,0
2020-02-29 17:00:00,0,0,0
2020-02-29 18:00:00,0,0,0
2020-02-29 19:00:00,0,0,0
2020-02-29 20:00:00,0,0,0
2020-02-29 21:00:00,0,0,0
2020-02-29 22:00:00,0,0,0
2020-02-29 23:00:00,0,0,0
2020-03-01 00:00:00,0,0,0
2020-03-01 01:00:00,0,0,0
2020-03-01 02:00:00,0,0,0
2020-03-01 03:00:00,0,0,0
2020-03-01 04:00:00,0,0,0
2020-03-01 05:00:00,0,0,0
2020-03-01 06:00:00,0,0,0
2020-03-01 07:00:00,0,0,0
2020-03-01 08:00:00,0,0,0
2020-03-01 09:00:00,0,0,0
2020-03-01 10:00:00,0,0,0
2020-03-01 11:00:00,0,0,0
2020-03-01 12:00:00,0,0,0
2020-03-01 13:00:00,0,0,0
2020-03-01 14:00:00,0,0,0
2020-03-01 15:00:00,0,0,0
2020-03-01 16:00:00,0,0,0
2020-03-01 17:00:00,0,0,0
2020-03-01 18:00:00,0,0,0
2020-03-01 19:00:00,0,0,0
2020-03-01 20:00:00,0,0,0
2020-03-01 21:00:00,0,0,0
2020-03-01 22:00:00,0,0,0
2020-03-01 23:00:00,0,0,0
2020-03-02 00:00:00,0,0,0
2020-03-02 01:00:00,0,0,0
2020-03-02 02:00:00,0,0,0
2020-03-02 03:00:00,0,0,0
2020-03-02 04:00:00,0,0,0
2020-03-02 05:00:00,0,0,0
2020-03-02 06:00:00,0,0,0
2020-03-02 07:00:00,0,0,0
2020-03-02 08:00:00,0,0,0
2020-03-02 09:00:00,0,0,0
2020-03-02 10:00:00,0,0,0
2020-03-02 11:00:00,0,0,0
2020-03-02 12:00:00,0,0,0
2020-03-02 13:00:00,0,0,0
2020-03-02 14:00:00,0,0,0
2020-03-02 15:00:00,0,0,0
2020-03-02 16:00:00,0,0,0
2020-03-02 17:00:00,0,0,0
2020-03-02 18:00:00,0,0,0
2020-03-02 19:00:00,0,0,0
2020-03-02 20:00:00,0,0,0
2020-03-02 21:00:00,0,0,0
2020-03-02 22:00:00,0,0,0
2020-03-02 23:00:00,0,0,0
2020-03-03 00:00:00,0,0,0
2020-03-03 01:00:00,0,0,0
2020-03-03 02:00:00,0,0,0
2020-03-03 03:00:00,0,0,0
2020-03-03 04:00:00,0,0,0
2020-03-03 05:00:00,0,0,0
2020-03-03 06:00:00,0,0,0
2020-03-03 07:00:00,0,0,0
2020-03-03 08:00:00,0,0,0
2020-03-03 09:00:00,0,0,0
2020-03-03 10:00:00,0,0,0
2020-03-03 11:00:00,0,0,0
2020-03-03 12:00:00,0,0,0
2020-03-03 13:00:00,0,0,0
2020-03-03 14:00:00,0,0,0
2020-03-03 15:00:00,0,0,0
2020-03-03 16:00:00,0,0,0
2020-03-03 17:00:00,0,0,0
2020-03-03 18:00:00,0,0,0
2020-03-03 19:00:00,0,0,0
2020-03-03 20:00:00,0,0,0
2020-03-03 21:00:00,0,0,0
2020-03-03 22:00:00,0,0,0
2020-03-03 23:00:00,0,0,0
2020-03-04 00:00:00,0,0,0
2020-03-04 01:00:00,0,0,0
2020-03-04 02:00:00,0,0,0
2020-03-04 03:00:00,0,0,0
2020-03-04 04:00:00,0,0,0
2020-03-04 05:00:00,0,0,0
2020-03-04 06:00:00,0,0,0
2020-03-04 07:00:00,0,0,0
2020-03-04 08:00:00,0,0,0
2020-03-04 09:00:00,0,0,0
2020-03-04 10:00:00,0,0,0
2020-03-04 11:00:00,0,0,0
2020-03-04 12:00:00,0,0,0
2020-03-04 13:00:00,0,0,0
2020-03-04 14:00:00,0,0,0
2020-03-04 15:00:00,0,0,0
2020-03-04 16:00:00,0,0,0
2020-03-04 17:00:00,0,0,0
2020-03-04 18:00:00,0,0,0
2020-03-04 19:00:00,0,0,0
2020-03-04 20:00:00,0,0,0
2020-03-04 21:00:00,0,0,0
2020-03-04 22:00:00,0,0,0
2020-03-04 23:00:00,0,0,0
2020-03-05 00:00:00,0,0,0
2020-03-05 01:00:00,0,0,0
2020-03-05 02:00:00,0,0,0
2020-03-05 03:00:00,0,0,0
2020-03-05 04:00:00,0,0,0
2020-03-05 05:00:00,0,0,0
2020-03-05 06:00:00,0,0,0
2020-03-05 07:00:00,0,0,0
2020-03-05 08:00:00,0,0,0
2020-03-05 09:00:00,0,0,0
2020-03-05 10:00:00,0,0,0
2020-03-05 11:00:00,0,0,0
2020-03-05 12:00:00,0,0,0
2020-03-05 13:00:00,0,0,0
2020-03-05 14:00:00,14,6,8
2020-03-05 15:00:00,20,7,13
2020-03-05 16:00:00,20,5,15
2020-03-05 17:00:00,9,0,9
2020-03-05 18:00:00,7,3,4
2020-03-05 19:00:00,7,4,3
2020-03-05 20:00:00,4,1,3
2020-03-05 21:00:00,0,0,0
2020-03-05 22:00:00,0,0,0
2020-03-05 23:00:00,1,1,0
2020-03-06 00:00:00,0,0,0
2020-03-06 01:00:00,0,0,0
2020-03-06 02:00:00,0,0,0
2020-03-06 03:00:00,0,0,0
2020-03-06 04:00:00,0,0,0
2020-03-06 05:00:00,0,0,0
2020-03-06 06:00:00,8,4,4
2020-03-06 07:00:00,13,9,4
2020-03-06 08:00:00,9,3,6
2020-03-06 09:00:00,5,0,5
2020-03-06 10:00:00,1,1,0
2020-03-06 11:00:00,3,1,2
2020-03-06 12:00:00,2,1,1
2020-03-06 13:00:00,1,1,0
2020-03-06 14:00:00,4,0,4
2020-03-06 15:00:00,10,4,6
2020-03-06 16:00:00,22,11,11
2020-03-06 17:00:00,10,4,6
2020-03-06 18:00:00,14,4,10
2020-03-06 19:00:00,1,0,1
2020-03-06 20:00:00,2,0,2
2020-03-06 21:00:00,2,1,1
2020-03-06 22:00:00,2,0,2
2020-03-06 23:00:00,2,1,1
2020-03-07 00:00:00,0,0,0
2020-03-07 01:00:00,0,0,0
2020-03-07 02:00:00,0,0,0
2020-03-07 03:00:00,0,0,0
2020-03-07 04:00:00,0,0,0
2020-03-07 05:00:00,2,1,1
2020-03-07 06:00:00,0,0,0
2020-03-07 07:00:00,1,1,0
2020-03-07 08:00:00,9,3,6
2020-03-07 09:00:00,21,7,14
2020-03-07 10:00:00,25,9,16
2020-03-07 11:00:00,34,9,25
2020-03-07 12:00:00,23,12,11
2020-03-07 13:00:00,19,9,10
2020-03-07 14:00:00,16,8,8
2020-03-07 15:00:00,23,5,18
2020-03-07 16:00:00,13,5,8
2020-03-07 17:00:00,10,5,5
2020-03-07 18:00:00,6,2,4
2020-03-07 19:00:00,2,0,2
2020-03-07 20:00:00,0,0,0
2020-03-07 21:00:00,1,0,1
2020-03-07 22:00:00,0,0,0
2020-03-07 23:00:00,0,0,0
2020-03-08 00:00:00,0,0,0
2020-03-08 01:00:00,0,0,0
2020-03-08 02:00:00,0,0,0
2020-03-08 03:00:00,0,0,0
2020-03-08 04:00:00,0,0,0
2020-03-08 05:00:00,0,0,0
2020-03-08 06:00:00,0,0,0
2020-03-08 07:00:00,2,0,2
2020-03-08 08:00:00,11,9,2
2020-03-08 09:00:00,24,19,5
2020-03-08 10:00:00,45,30,15
2020-03-08 11:00:00,51,24,27
2020-03-08 12:00:00,58,15,43
2020-03-08 13:00:00,57,22,35
2020-03-08 14:00:00,77,37,40
2020-03-08 15:00:00,63,24,39
2020-03-08 16:00:00,40,15,25
2020-03-08 17:00:00,34,5,29
2020-03-08 18:00:00,18,5,13
2020-03-08 19:00:00,3,0,3
2020-03-08 20:00:00,1,1,0
2020-03-08 21:00:00,3,0,3
2020-03-08 22:00:00,0,0,0
2020-03-08 23:00:00,0,0,0
2020-03-09 00:00:00,0,0,0
2020-03-09 01:00:00,0,0,0
2020-03-09 02:00:00,0,0,0
2020-03-09 03:00:00,0,0,0
2020-03-09 04:00:00,2,1,1
2020-03-09 05:00:00,3,0,3
2020-03-09 06:00:00,16,7,9
2020-03-09 07:00:00,16,4,12
2020-03-09 08:00:00,17,6,11
2020-03-09 09:00:00,12,1,11
2020-03-09 10:00:00,4,1,3
2020-03-09 11:00:00,20,14,6
2020-03-09 12:00:00,8,7,1
2020-03-09 13:00:00,16,7,9
2020-03-09 14:00:00,15,5,10
2020-03-09 15:00:00,18,6,12
2020-03-09 16:00:00,37,17,20
2020-03-09 17:00:00,46,25,21
2020-03-09 18:00:00,38,6,32
2020-03-09 19:00:00,21,7,14
2020-03-09 20:00:00,6,2,4
2020-03-09 21:00:00,1,0,1
2020-03-09 22:00:00,1,0,1
2020-03-09 23:00:00,2,1,1
2020-03-10 00:00:00,0,0,0
2020-03-10 01:00:00,0,0,0
2020-03-10 02:00:00,0,0,0
2020-03-10 03:00:00,0,0,0
2020-03-10 04:00:00,4,2,2
2020-03-10 05:00:00,3,0,3
2020-03-10 06:00:00,10,6,4
2020-03-10 07:00:00,20,7,13
2020-03-10 08:00:00,18,3,15
2020-03-10 09:00:00,17,9,8
2020-03-10 10:00:00,9,4,5
2020-03-10 11:00:00,12,6,6
2020-03-10 12:00:00,9,4,5
2020-03-10 13:00:00,18,7,11
2020-03-10 14:00:00,12,8,4
2020-03-10 15:00:00,20,6,14
2020-03-10 16:00:00,24,4,20
2020-03-10 17:00:00,20,12,8
2020-03-10 18:00:00,29,8,21
2020-03-10 19:00:00,8,1,7
2020-03-10 20:00:00,3,1,2
2020-03-10 21:00:00,5,0,5
2020-03-10 22:00:00,1,0,1
2020-03-10 23:00:00,2,1,1
2020-03-11 00:00:00,1,0,1
2020-03-11 01:00:00,0,0,0
2020-03-11 02:00:00,0,0,0
2020-03-11 03:00:00,0,0,0
2020-03-11 04:00:00,2,0,2
2020-03-11 05:00:00,1,0,1
2020-03-11 06:00:00,4,2,2
2020-03-11 07:00:00,19,7,12
2020-03-11 08:00:00,15,4,11
2020-03-11 09:00:00,6,3,3
2020-03-11 10:00:00,8,1,7
2020-03-11 11:00:00,7,4,3
2020-03-11 12:00:00,8,4,4
2020-03-11 13:00:00,8,5,3
2020-03-11 14:00:00,5,3,2
2020-03-11 15:00:00,12,3,9
2020-03-11 16:00:00,23,8,15
2020-03-11 17:00:00,28,9,19
2020-03-11 18:00:00,41,7,34
2020-03-11 19:00:00,14,0,14
2020-03-11 20:00:00,5,2,3
2020-03-11 21:00:00,1,1,0
2020-03-11 22:00:00,0,0,0
2020-03-11 23:00:00,1,0,1
2020-03-12 00:00:00,0,0,0
2020-03-12 01:00:00,1,0,1
2020-03-12 02:00:00,0,0,0
2020-03-12 03:00:00,0,0,0
2020-03-12 04:00:00,2,1,1
2020-03-12 05:00:00,2,0,2
2020-03-12 06:00:00,12,3,9
2020-03-12 07:00:00,13,3,10
2020-03-12 08:00:00,24,3,21
2020-03-12 09:00:00,12,3,9
2020-03-12 10:00:00,5,3,2
2020-03-12 11:00:00,5,1,4
2020-03-12 12:00:00,13,2,11
2020-03-12 13:00:00,7,1,6
2020-03-12 14:00:00,16,8,8
2020-03-12 15:00:00,18,8,10
2020-03-12 16:00:00,35,15,20
2020-03-12 17:00:00,41,20,21
2020-03-12 18:00:00,41,6,35
2020-03-12 19:00:00,14,0,14
2020-03-12 20:00:00,6,2,4
2020-03-12 21:00:00,1,0,1
2020-03-12 22:00:00,0,0,0
2020-03-12 23:00:00,0,0,0
2020-03-13 00:00:00,0,0,0
2020-03-13 01:00:00,0,0,0
2020-03-13 02:00:00,0,0,0
2020-03-13 03:00:00,0,0,0
2020-03-13 04:00:00,1,0,1
2020-03-13 05:00:00,3,1,2
2020-03-13 06:00:00,3,0,3
2020-03-13 07:00:00,1,0,1
2020-03-13 08:00:00,5,3,2
2020-03-13 09:00:00,5,2,3
2020-03-13 10:00:00,1,1,0
2020-03-13 11:00:00,2,0,2
2020-03-13 12:00:00,4,2,2
2020-03-13 13:00:00,1,1,0
2020-03-13 14:00:00,2,1,1
2020-03-13 15:00:00,4,1,3
2020-03-13 16:00:00,2,0,2
2020-03-13 17:00:00,7,5,2
2020-03-13 18:00:00,4,0,4
2020-03-13 19:00:00,3,1,2
2020-03-13 20:00:00,1,1,0
2020-03-13 21:00:00,1,0,1
2020-03-13 22:00:00,0,0,0
2020-03-13 23:00:00,0,0,0
2020-03-14 00:00:00,1,0,1
2020-03-14 01:00:00,0,0,0
2020-03-14 02:00:00,0,0,0
2020-03-14 03:00:00,0,0,0
2020-03-14 04:00:00,0,0,0
2020-03-14 05:00:00,0,0,0
2020-03-14 06:00:00,1,0,1
2020-03-14 07:00:00,1,1,0
2020-03-14 08:00:00,4,3,1
2020-03-14 09:00:00,10,6,4
2020-03-14 10:00:00,25,12,13
2020-03-14 11:00:00,37,19,18
2020-03-14 12:00:00,40,16,24
2020-03-14 13:00:00,37,14,23
2020-03-14 14:00:00,53,20,33
2020-03-14 15:00:00,60,20,40
2020-03-14 16:00:00,68,13,55
2020-03-14 17:00:00,26,7,19
2020-03-14 18:00:00,8,1,7
2020-03-14 19:00:00,2,0,2
2020-03-14 20:00:00,1,1,0
2020-03-14 21:00:00,1,0,1
2020-03-14 22:00:00,0,0,0
2020-03-14 23:00:00,0,0,0
2020-03-15 00:00:00,0,0,0
2020-03-15 01:00:00,0,0,0
2020-03-15 02:00:00,0,0,0
2020-03-15 03:00:00,0,0,0
2020-03-15 04:00:00,0,0,0
2020-03-15 05:00:00,0,0,0
2020-03-15 06:00:00,1,1,0
2020-03-15 07:00:00,0,0,0
2020-03-15 08:00:00,15,14,1
2020-03-15 09:00:00,16,10,6
2020-03-15 10:00:00,35,23,12
2020-03-15 11:00:00,45,18,27
2020-03-15 12:00:00,76,29,47
2020-03-15 13:00:00,77,39,38
2020-03-15 14:00:00,82,32,50
2020-03-15 15:00:00,70,25,45
2020-03-15 16:00:00,49,10,39
2020-03-15 17:00:00,40,12,28
2020-03-15 18:00:00,16,3,13
2020-03-15 19:00:00,7,3,4
2020-03-15 20:00:00,0,0,0
2020-03-15 21:00:00,3,0,3
2020-03-15 22:00:00,0,0,0
2020-03-15 23:00:00,1,1,0
2020-03-16 00:00:00,0,0,0
2020-03-16 01:00:00,0,0,0
2020-03-16 02:00:00,0,0,0
2020-03-16 03:00:00,0,0,0
2020-03-16 04:00:00,2,1,1
2020-03-16 05:00:00,3,0,3
2020-03-16 06:00:00,6,2,4
2020-03-16 07:00:00,12,3,9
2020-03-16 08:00:00,12,5,7
2020-03-16 09:00:00,7,1,6
2020-03-16 10:00:00,7,3,4
2020-03-16 11:00:00,13,9,4
2020-03-16 12:00:00,19,13,6
2020-03-16 13:00:00,35,17,18
2020-03-16 14:00:00,38,15,23
2020-03-16 15:00:00,50,24,26
2020-03-16 16:00:00,53,21,32
2020-03-16 17:00:00,39,16,23
2020-03-16 18:00:00,55,18,37
2020-03-16 19:00:00,12,3,9
2020-03-16 20:00:00,2,0,2
2020-03-16 21:00:00,2,1,1
2020-03-16 22:00:00,1,0,1
2020-03-16 23:00:00,0,0,0
2020-03-17 00:00:00,0,0,0
2020-03-17 01:00:00,0,0,0
2020-03-17 02:00:00,0,0,0
2020-03-17 03:00:00,0,0,0
2020-03-17 04:00:00,0,0,0
2020-03-17 05:00:00,3,0,3
2020-03-17 06:00:00,11,5,6
2020-03-17 07:00:00,7,2,5
2020-03-17 08:00:00,12,3,9
2020-03-17 09:00:00,6,1,5
2020-03-17 10:00:00,6,5,1
2020-03-17 11:00:00,12,2,10
2020-03-17 12:00:00,26,15,11
2020-03-17 13:00:00,33,11,22
2020-03-17 14:00:00,49,28,21
2020-03-17 15:00:00,46,21,25
2020-03-17 16:00:00,46,18,28
2020-03-17 17:00:00,59,30,29
2020-03-17 18:00:00,75,23,52
2020-03-17 19:00:00,34,9,25
2020-03-17 20:00:00,4,0,4
2020-03-17 21:00:00,1,0,1
2020-03-17 22:00:00,0,0,0
2020-03-17 23:00:00,0,0,0
2020-03-18 00:00:00,0,0,0
2020-03-18 01:00:00,0,0,0
2020-03-18 02:00:00,0,0,0
2020-03-18 03:00:00,0,0,0
2020-03-18 04:00:00,2,0,2
2020-03-18 05:00:00,2,0,2
2020-03-18 06:00:00,5,1,4
2020-03-18 07:00:00,10,3,7
2020-03-18 08:00:00,17,7,10
2020-03-18 09:00:00,8,2,6
2020-03-18 10:00:00,5,4,1
2020-03-18 11:00:00,26,18,8
2020-03-18 12:00:00,29,11,18
2020-03-18 13:00:00,59,29,30
2020-03-18 14:00:00,64,35,29
2020-03-18 15:00:00,74,36,38
2020-03-18 16:00:00,82,37,45
2020-03-18 17:00:00,98,41,57
2020-03-18 18:00:00,86,22,64
2020-03-18 19:00:00,42,11,31
2020-03-18 20:00:00,4,0,4
2020-03-18 21:00:00,1,0,1
2020-03-18 22:00:00,0,0,0
2020-03-18 23:00:00,2,1,1
2020-03-19 00:00:00,0,0,0
2020-03-19 01:00:00,0,0,0
2020-03-19 02:00:00,0,0,0
2020-03-19 03:00:00,0,0,0
2020-03-19 04:00:00,2,0,2
2020-03-19 05:00:00,1,0,1
2020-03-19 06:00:00,7,1,6
2020-03-19 07:00:00,12,2,10
2020-03-19 08:00:00,14,5,9
2020-03-19 09:00:00,9,5,4
2020-03-19 10:00:00,16,12,4
2020-03-19 11:00:00,19,10,9
2020-03-19 12:00:00,21,3,18
2020-03-19 13:00:00,49,29,20
2020-03-19 14:00:00,39,14,25
2020-03-19 15:00:00,69,32,37
2020-03-19 16:00:00,112,52,60
2020-03-19 17:00:00,125,57,68
2020-03-19 18:00:00,101,28,73
2020-03-19 19:00:00,32,10,22
2020-03-19 20:00:00,3,1,2
2020-03-19 21:00:00,1,0,1
2020-03-19 22:00:00,0,0,0
2020-03-19 23:00:00,0,0,0
2020-03-20 00:00:00,2,1,1
2020-03-20 01:00:00,0,0,0
2020-03-20 02:00:00,0,0,0
2020-03-20 03:00:00,0,0,0
2020-03-20 04:00:00,2,0,2
2020-03-20 05:00:00,1,1,0
2020-03-20 06:00:00,7,4,3
2020-03-20 07:00:00,21,7,14
2020-03-20 08:00:00,22,8,14
2020-03-20 09:00:00,6,1,5
2020-03-20 10:00:00,10,7,3
2020-03-20 11:00:00,29,16,13
2020-03-20 12:00:00,32,22,10
2020-03-20 13:00:00,31,14,17
2020-03-20 14:00:00,65,31,34
2020-03-20 15:00:00,75,43,32
2020-03-20 16:00:00,137,56,81
2020-03-20 17:00:00,107,47,60
2020-03-20 18:00:00,78,25,53
2020-03-20 19:00:00,34,10,24
2020-03-20 20:00:00,5,1,4
2020-03-20 21:00:00,1,0,1
2020-03-20 22:00:00,0,0,0
2020-03-20 23:00:00,0,0,0
2020-03-21 00:00:00,0,0,0
2020-03-21 01:00:00,1,1,0
2020-03-21 02:00:00,0,0,0
2020-03-21 03:00:00,0,0,0
2020-03-21 04:00:00,0,0,0
2020-03-21 05:00:00,0,0,0
2020-03-21 06:00:00,0,0,0
2020-03-21 07:00:00,2,1,1
2020-03-21 08:00:00,12,4,8
2020-03-21 09:00:00,54,38,16
2020-03-21 10:00:00,65,39,26
2020-03-21 11:00:00,97,52,45
2020-03-21 12:00:00,103,41,62
2020-03-21 13:00:00,109,57,52
2020-03-21 14:00:00,172,94,78
2020-03-21 15:00:00,211,97,114
2020-03-21 16:00:00,170,54,116
2020-03-21 17:00:00,154,47,107
2020-03-21 18:00:00,76,22,54
2020-03-21 19:00:00,25,3,22
2020-03-21 20:00:00,3,0,3
2020-03-21 21:00:00,2,1,1
2020-03-21 22:00:00,0,0,0
2020-03-21 23:00:00,0,0,0
2020-03-22 00:00:00,0,0,0
2020-03-22 01:00:00,0,0,0
2020-03-22 02:00:00,0,0,0
2020-03-22 03:00:00,0,0,0
2020-03-22 04:00:00,0,0,0
2020-03-22 05:00:00,0,0,0
2020-03-22 06:00:00,2,1,1
2020-03-22 07:00:00,6,2,4
2020-03-22 08:00:00,22,15,7
2020-03-22 09:00:00,40,20,20
2020-03-22 10:00:00,63,31,32
2020-03-22 11:00:00,85,48,37
2020-03-22 12:00:00,132,63,69
2020-03-22 13:00:00,141,75,66
2020-03-22 14:00:00,134,56,78
2020-03-22 15:00:00,154,70,84
2020-03-22 16:00:00,113,27,86
2020-03-22 17:00:00,62,12,50
2020-03-22 18:00:00,25,9,16
2020-03-22 19:00:00,8,1,7
2020-03-22 20:00:00,1,0,1
2020-03-22 21:00:00,3,0,3
2020-03-22 22:00:00,1,1,0
2020-03-22 23:00:00,0,0,0
2020-03-23 00:00:00,1,1,0
2020-03-23 01:00:00,0,0,0
2020-03-23 02:00:00,0,0,0
2020-03-23 03:00:00,0,0,0
2020-03-23 04:00:00,0,0,0
2020-03-23 05:00:00,3,0,3
2020-03-23 06:00:00,2,0,2
2020-03-23 07:00:00,8,2,6
2020-03-23 08:00:00,8,2,6
2020-03-23 09:00:00,5,2,3
2020-03-23 10:00:00,8,3,5
2020-03-23 11:00:00,7,6,1
2020-03-23 12:00:00,22,10,12
2020-03-23 13:00:00,21,9,12
2020-03-23 14:00:00,24,12,12
2020-03-23 15:00:00,22,8,14
2020-03-23 16:00:00,16,6,10
2020-03-23 17:00:00,24,10,14
2020-03-23 18:00:00,24,14,10
2020-03-23 19:00:00,12,4,8
2020-03-23 20:00:00,0,0,0
2020-03-23 21:00:00,2,0,2
2020-03-23 22:00:00,0,0,0
2020-03-23 23:00:00,0,0,0
2020-03-24 00:00:00,1,1,0
2020-03-24 01:00:00,0,0,0
2020-03-24 02:00:00,0,0,0
2020-03-24 03:00:00,0,0,0
2020-03-24 04:00:00,0,0,0
2020-03-24 05:00:00,2,1,1
2020-03-24 06:00:00,4,0,4
2020-03-24 07:00:00,8,0,8
2020-03-24 08:00:00,9,3,6
2020-03-24 09:00:00,12,4,8
2020-03-24 10:00:00,11,7,4
2020-03-24 11:00:00,9,2,7
2020-03-24 12:00:00,18,8,10
2020-03-24 13:00:00,25,9,16
2020-03-24 14:00:00,26,16,10
2020-03-24 15:00:00,24,15,9
2020-03-24 16:00:00,27,9,18
2020-03-24 17:00:00,28,16,12
2020-03-24 18:00:00,29,11,18
2020-03-24 19:00:00,8,1,7
2020-03-24 20:00:00,1,0,1
2020-03-24 21:00:00,1,0,1
2020-03-24 22:00:00,1,0,1
2020-03-24 23:00:00,0,0,0
2020-03-25 00:00:00,0,0,0
2020-03-25 01:00:00,0,0,0
2020-03-25 02:00:00,0,0,0
2020-03-25 03:00:00,0,0,0
2020-03-25 04:00:00,0,0,0
2020-03-25 05:00:00,0,0,0
2020-03-25 06:00:00,1,0,1
2020-03-25 07:00:00,5,1,4
2020-03-25 08:00:00,12,6,6
2020-03-25 09:00:00,5,3,2
2020-03-25 10:00:00,3,0,3
2020-03-25 11:00:00,15,10,5
2020-03-25 12:00:00,18,8,10
2020-03-25 13:00:00,11,4,7
2020-03-25 14:00:00,20,9,11
2020-03-25 15:00:00,54,26,28
2020-03-25 16:00:00,65,35,30
2020-03-25 17:00:00,101,41,60
2020-03-25 18:00:00,101,31,70
2020-03-25 19:00:00,41,12,29
2020-03-25 20:00:00,9,0,9
2020-03-25 21:00:00,2,1,1
2020-03-25 22:00:00,0,0,0
2020-03-25 23:00:00,0,0,0
2020-03-26 00:00:00,0,0,0
2020-03-26 01:00:00,0,0,0
2020-03-26 02:00:00,1,1,0
2020-03-26 03:00:00,0,0,0
2020-03-26 04:00:00,0,0,0
2020-03-26 05:00:00,1,1,0
2020-03-26 06:00:00,11,1,10
2020-03-26 07:00:00,11,4,7
2020-03-26 08:00:00,18,7,11
2020-03-26 09:00:00,16,13,3
2020-03-26 10:00:00,19,12,7
2020-03-26 11:00:00,24,14,10
2020-03-26 12:00:00,41,19,22
2020-03-26 13:00:00,34,19,15
2020-03-26 14:00:00,26,7,19
2020-03-26 15:00:00,25,18,7
2020-03-26 16:00:00,37,15,22
2020-03-26 17:00:00,45,27,18
2020-03-26 18:00:00,42,15,27
2020-03-26 19:00:00,21,4,17
2020-03-26 20:00:00,3,0,3
2020-03-26 21:00:00,0,0,0
2020-03-26 22:00:00,0,0,0
2020-03-26 23:00:00,0,0,0
2020-03-27 00:00:00,0,0,0
2020-03-27 01:00:00,1,1,0
2020-03-27 02:00:00,0,0,0
2020-03-27 03:00:00,0,0,0
2020-03-27 04:00:00,1,0,1
2020-03-27 05:00:00,0,0,0
2020-03-27 06:00:00,3,0,3
2020-03-27 07:00:00,4,3,1
2020-03-27 08:00:00,8,1,7
2020-03-27 09:00:00,4,1,3
2020-03-27 10:00:00,5,4,1
2020-03-27 11:00:00,7,3,4
2020-03-27 12:00:00,12,5,7
2020-03-27 13:00:00,12,6,6
2020-03-27 14:00:00,28,15,13
2020-03-27 15:00:00,23,3,20
2020-03-27 16:00:00,30,17,13
2020-03-27 17:00:00,40,12,28
2020-03-27 18:00:00,26,9,17
2020-03-27 19:00:00,16,1,15
2020-03-27 20:00:00,1,0,1
2020-03-27 21:00:00,2,0,2
2020-03-27 22:00:00,0,0,0
2020-03-27 23:00:00,0,0,0
2020-03-28 00:00:00,0,0,0
2020-03-28 01:00:00,0,0,0
2020-03-28 02:00:00,0,0,0
2020-03-28 03:00:00,0,0,0
2020-03-28 04:00:00,0,0,0
2020-03-28 05:00:00,1,1,0
2020-03-28 06:00:00,0,0,0
2020-03-28 07:00:00,4,1,3
2020-03-28 08:00:00,4,1,3
2020-03-28 09:00:00,26,8,18
2020-03-28 10:00:00,34,18,16
2020-03-28 11:00:00,58,24,34
2020-03-28 12:00:00,59,26,33
2020-03-28 13:00:00,62,25,37
2020-03-28 14:00:00,81,40,41
2020-03-28 15:00:00,55,17,38
2020-03-28 16:00:00,51,21,30
2020-03-28 17:00:00,39,11,28
2020-03-28 18:00:00,9,1,8
2020-03-28 19:00:00,4,2,2
2020-03-28 20:00:00,3,1,2
2020-03-28 21:00:00,0,0,0
2020-03-28 22:00:00,1,0,1
2020-03-28 23:00:00,0,0,0
2020-03-29 00:00:00,0,0,0
2020-03-29 01:00:00,0,0,0
2020-03-29 02:00:00,0,0,0
2020-03-29 03:00:00,0,0,0
2020-03-29 04:00:00,0,0,0
2020-03-29 05:00:00,0,0,0
2020-03-29 06:00:00,0,0,0
2020-03-29 07:00:00,2,0,2
2020-03-29 08:00:00,6,6,0
2020-03-29 09:00:00,8,3,5
2020-03-29 10:00:00,30,17,13
2020-03-29 11:00:00,75,51,24
2020-03-29 12:00:00,111,54,57
2020-03-29 13:00:00,196,89,107
2020-03-29 14:00:00,185,84,101
2020-03-29 15:00:00,211,77,134
2020-03-29 16:00:00,188,62,126
2020-03-29 17:00:00,110,20,90
2020-03-29 18:00:00,27,5,22
2020-03-29 19:00:00,8,0,8
2020-03-29 20:00:00,1,1,0
2020-03-29 21:00:00,2,1,1
2020-03-29 22:00:00,0,0,0
2020-03-29 23:00:00,0,0,0
2020-03-30 00:00:00,0,0,0
2020-03-30 01:00:00,0,0,0
2020-03-30 02:00:00,0,0,0
2020-03-30 03:00:00,0,0,0
2020-03-30 04:00:00,0,0,0
2020-03-30 05:00:00,0,0,0
2020-03-30 06:00:00,2,0,2
2020-03-30 07:00:00,6,2,4
2020-03-30 08:00:00,5,0,5
2020-03-30 09:00:00,15,8,7
2020-03-30 10:00:00,11,4,7
2020-03-30 11:00:00,8,4,4
2020-03-30 12:00:00,10,4,6
2020-03-30 13:00:00,5,3,2
2020-03-30 14:00:00,5,3,2
2020-03-30 15:00:00,9,8,1
2020-03-30 16:00:00,6,5,1
2020-03-30 17:00:00,7,4,3
2020-03-30 18:00:00,7,3,4
2020-03-30 19:00:00,7,3,4
2020-03-30 20:00:00,3,2,1
2020-03-30 21:00:00,2,1,1
2020-03-30 22:00:00,1,0,1
2020-03-30 23:00:00,0,0,0
2020-03-31 00:00:00,2,2,0
2020-03-31 01:00:00,0,0,0
2020-03-31 02:00:00,2,0,2
2020-03-31 03:00:00,0,0,0
2020-03-31 04:00:00,0,0,0
2020-03-31 05:00:00,1,0,1
2020-03-31 06:00:00,1,0,1
2020-03-31 07:00:00,4,1,3
2020-03-31 08:00:00,13,6,7
2020-03-31 09:00:00,12,4,8
2020-03-31 10:00:00,12,6,6
2020-03-31 11:00:00,22,8,14
2020-03-31 12:00:00,28,7,21
2020-03-31 13:00:00,29,6,23
2020-03-31 14:00:00,26,7,19
2020-03-31 15:00:00,33,8,25
2020-03-31 16:00:00,31,11,20
2020-03-31 17:00:00,37,17,20
2020-03-31 18:00:00,28,12,16
2020-03-31 19:00:00,12,1,11
2020-03-31 20:00:00,1,0,1
2020-03-31 21:00:00,1,0,1
2020-03-31 22:00:00,1,1,0
2020-03-31 23:00:00,0,0,0
2020-04-01 00:00:00,0,0,0
2020-04-01 01:00:00,0,0,0
2020-04-01 02:00:00,0,0,0
2020-04-01 03:00:00,0,0,0
2020-04-01 04:00:00,0,0,0
2020-04-01 05:00:00,1,0,1
2020-04-01 06:00:00,7,0,7
2020-04-01 07:00:00,4,1,3
2020-04-01 08:00:00,12,5,7
2020-04-01 09:00:00,11,5,6
2020-04-01 10:00:00,10,6,4
2020-04-01 11:00:00,16,6,10
2020-04-01 12:00:00,14,6,8
2020-04-01 13:00:00,55,21,34
2020-04-01 14:00:00,49,28,21
2020-04-01 15:00:00,77,37,40
2020-04-01 16:00:00,80,40,40
2020-04-01 17:00:00,106,36,70
2020-04-01 18:00:00,97,23,74
2020-04-01 19:00:00,39,9,30
2020-04-01 20:00:00,2,0,2
2020-04-01 21:00:00,1,0,1
2020-04-01 22:00:00,0,0,0
2020-04-01 23:00:00,0,0,0
2020-04-02 00:00:00,0,0,0
2020-04-02 01:00:00,1,1,0
2020-04-02 02:00:00,0,0,0
2020-04-02 03:00:00,0,0,0
2020-04-02 04:00:00,0,0,0
2020-04-02 05:00:00,1,0,1
2020-04-02 06:00:00,7,2,5
2020-04-02 07:00:00,14,5,9
2020-04-02 08:00:00,16,4,12
2020-04-02 09:00:00,10,6,4
2020-04-02 10:00:00,11,10,1
2020-04-02 11:00:00,33,17,16
2020-04-02 12:00:00,34,14,20
2020-04-02 13:00:00,46,29,17
2020-04-02 14:00:00,46,15,31
2020-04-02 15:00:00,56,15,41
2020-04-02 16:00:00,60,31,29
2020-04-02 17:00:00,76,32,44
2020-04-02 18:00:00,64,16,48
2020-04-02 19:00:00,24,3,21
2020-04-02 20:00:00,5,2,3
2020-04-02 21:00:00,1,0,1
2020-04-02 22:00:00,1,0,1
2020-04-02 23:00:00,0,0,0
2020-04-03 00:00:00,2,2,0
2020-04-03 01:00:00,0,0,0
2020-04-03 02:00:00,0,0,0
2020-04-03 03:00:00,0,0,0
2020-04-03 04:00:00,0,0,0
2020-04-03 05:00:00,1,0,1
2020-04-03 06:00:00,4,2,2
2020-04-03 07:00:00,13,6,7
2020-04-03 08:00:00,12,3,9
2020-04-03 09:00:00,11,5,6
2020-04-03 10:00:00,24,16,8
2020-04-03 11:00:00,22,8,14
2020-04-03 12:00:00,32,12,20
2020-04-03 13:00:00,31,12,19
2020-04-03 14:00:00,33,6,27
2020-04-03 15:00:00,19,10,9
2020-04-03 16:00:00,21,8,13
2020-04-03 17:00:00,29,11,18
2020-04-03 18:00:00,24,9,15
2020-04-03 19:00:00,9,0,9
2020-04-03 20:00:00,2,1,1
2020-04-03 21:00:00,3,1,2
2020-04-03 22:00:00,0,0,0
2020-04-03 23:00:00,0,0,0
2020-04-04 00:00:00,0,0,0
2020-04-04 01:00:00,0,0,0
2020-04-04 02:00:00,0,0,0
2020-04-04 03:00:00,1,0,1
2020-04-04 04:00:00,0,0,0
2020-04-04 05:00:00,0,0,0
2020-04-04 06:00:00,1,1,0
2020-04-04 07:00:00,9,6,3
2020-04-04 08:00:00,11,5,6
2020-04-04 09:00:00,42,25,17
2020-04-04 10:00:00,76,48,28
2020-04-04 11:00:00,146,89,57
2020-04-04 12:00:00,175,84,91
2020-04-04 13:00:00,211,100,111
2020-04-04 14:00:00,266,105,161
2020-04-04 15:00:00,205,59,146
2020-04-04 16:00:00,189,45,144
2020-04-04 17:00:00,113,30,83
2020-04-04 18:00:00,39,4,35
2020-04-04 19:00:00,17,2,15
2020-04-04 20:00:00,5,1,4
2020-04-04 21:00:00,2,0,2
2020-04-04 22:00:00,0,0,0
2020-04-04 23:00:00,0,0,0
2020-04-05 00:00:00,0,0,0
2020-04-05 01:00:00,0,0,0
2020-04-05 02:00:00,0,0,0
2020-04-05 03:00:00,0,0,0
2020-04-05 04:00:00,0,0,0
2020-04-05 05:00:00,1,1,0
2020-04-05 06:00:00,2,0,2
2020-04-05 07:00:00,10,5,5
2020-04-05 08:00:00,16,7,9
2020-04-05 09:00:00,40,24,16
2020-04-05 10:00:00,66,27,39
2020-04-05 11:00:00,115,65,50
2020-04-05 12:00:00,140,70,70
2020-04-05 13:00:00,165,65,100
2020-04-05 14:00:00,168,58,110
2020-04-05 15:00:00,189,56,133
2020-04-05 16:00:00,147,37,110
2020-04-05 17:00:00,83,18,65
2020-04-05 18:00:00,33,5,28
2020-04-05 19:00:00,8,0,8
2020-04-05 20:00:00,3,0,3
2020-04-05 21:00:00,3,0,3
2020-04-05 22:00:00,1,1,0
2020-04-05 23:00:00,0,0,0
2020-04-06 00:00:00,0,0,0
2020-04-06 01:00:00,0,0,0
2020-04-06 02:00:00,0,0,0
2020-04-06 03:00:00,0,0,0
2020-04-06 04:00:00,0,0,0
2020-04-06 05:00:00,3,0,3
2020-04-06 06:00:00,5,2,3
2020-04-06 07:00:00,6,1,5
2020-04-06 08:00:00,15,2,13
2020-04-06 09:00:00,14,3,11
2020-04-06 10:00:00,22,12,10
2020-04-06 11:00:00,40,23,17
2020-04-06 12:00:00,63,33,30
2020-04-06 13:00:00,71,27,44
2020-04-06 14:00:00,76,32,44
2020-04-06 15:00:00,75,29,46
2020-04-06 16:00:00,99,41,58
2020-04-06 17:00:00,92,33,59
2020-04-06 18:00:00,91,20,71
2020-04-06 19:00:00,41,6,35
2020-04-06 20:00:00,5,1,4
2020-04-06 21:00:00,3,0,3
2020-04-06 22:00:00,0,0,0
2020-04-06 23:00:00,0,0,0
2020-04-07 00:00:00,0,0,0
2020-04-07 01:00:00,0,0,0
2020-04-07 02:00:00,0,0,0
2020-04-07 03:00:00,0,0,0
2020-04-07 04:00:00,1,0,1
2020-04-07 05:00:00,3,1,2
2020-04-07 06:00:00,10,4,6
2020-04-07 07:00:00,9,1,8
2020-04-07 08:00:00,23,6,17
2020-04-07 09:00:00,11,5,6
2020-04-07 10:00:00,4,2,2
2020-04-07 11:00:00,29,15,14
2020-04-07 12:00:00,28,7,21
2020-04-07 13:00:00,33,20,13
2020-04-07 14:00:00,62,27,35
2020-04-07 15:00:00,67,25,42
2020-04-07 16:00:00,96,38,58
2020-04-07 17:00:00,91,47,44
2020-04-07 18:00:00,71,17,54
2020-04-07 19:00:00,32,2,30
2020-04-07 20:00:00,7,2,5
2020-04-07 21:00:00,1,0,1
2020-04-07 22:00:00,0,0,0
2020-04-07 23:00:00,0,0,0
2020-04-08 00:00:00,0,0,0
2020-04-08 01:00:00,0,0,0
2020-04-08 02:00:00,0,0,0
2020-04-08 03:00:00,0,0,0
2020-04-08 04:00:00,1,0,1
2020-04-08 05:00:00,0,0,0
2020-04-08 06:00:00,13,4,9
2020-04-08 07:00:00,18,6,12
2020-04-08 08:00:00,22,4,18
2020-04-08 09:00:00,17,8,9
2020-04-08 10:00:00,29,17,12
2020-04-08 11:00:00,40,13,27
2020-04-08 12:00:00,63,23,40
2020-04-08 13:00:00,64,21,43
2020-04-08 14:00:00,74,32,42
2020-04-08 15:00:00,116,56,60
2020-04-08 16:00:00,82,22,60
2020-04-08 17:00:00,139,59,80
2020-04-08 18:00:00,100,21,79
2020-04-08 19:00:00,43,3,40
2020-04-08 20:00:00,15,6,9
2020-04-08 21:00:00,4,0,4
2020-04-08 22:00:00,0,0,0
2020-04-08 23:00:00,2,0,2
2020-04-09 00:00:00,0,0,0
2020-04-09 01:00:00,0,0,0
2020-04-09 02:00:00,0,0,0
2020-04-09 03:00:00,0,0,0
2020-04-09 04:00:00,0,0,0
2020-04-09 05:00:00,2,0,2
2020-04-09 06:00:00,6,4,2
2020-04-09 07:00:00,24,9,15
2020-04-09 08:00:00,22,6,16
2020-04-09 09:00:00,16,7,9
2020-04-09 10:00:00,37,18,19
2020-04-09 11:00:00,59,25,34
2020-04-09 12:00:00,67,33,34
2020-04-09 13:00:00,80,26,54
2020-04-09 14:00:00,119,64,55
2020-04-09 15:00:00,104,36,68
2020-04-09 16:00:00,96,32,64
2020-04-09 17:00:00,122,38,84
2020-04-09 18:00:00,99,17,82
2020-04-09 19:00:00,60,8,52
2020-04-09 20:00:00,9,0,9
2020-04-09 21:00:00,2,2,0
2020-04-09 22:00:00,0,0,0
2020-04-09 23:00:00,0,0,0
2020-04-10 00:00:00,0,0,0
2020-04-10 01:00:00,0,0,0
2020-04-10 02:00:00,0,0,0
2020-04-10 03:00:00,0,0,0
2020-04-10 04:00:00,0,0,0
2020-04-10 05:00:00,0,0,0
2020-04-10 06:00:00,16,5,11
2020-04-10 07:00:00,14,2,12
2020-04-10 08:00:00,20,4,16
2020-04-10 09:00:00,26,16,10
2020-04-10 10:00:00,45,19,26
2020-04-10 11:00:00,52,21,31
2020-04-10 12:00:00,63,26,37
2020-04-10 13:00:00,78,32,46
2020-04-10 14:00:00,96,32,64
2020-04-10 15:00:00,118,49,69
2020-04-10 16:00:00,88,34,54
2020-04-10 17:00:00,97,26,71
2020-04-10 18:00:00,81,16,65
2020-04-10 19:00:00,36,6,30
2020-04-10 20:00:00,7,2,5
2020-04-10 21:00:00,1,0,1
2020-04-10 22:00:00,4,2,2
2020-04-10 23:00:00,0,0,0
2020-04-11 00:00:00,0,0,0
2020-04-11 01:00:00,1,0,1
2020-04-11 02:00:00,0,0,0
2020-04-11 03:00:00,0,0,0
2020-04-11 04:00:00,0,0,0
2020-04-11 05:00:00,0,0,0
2020-04-11 06:00:00,3,3,0
2020-04-11 07:00:00,8,5,3
2020-04-11 08:00:00,46,31,15
2020-04-11 09:00:00,35,21,14
2020-04-11 10:00:00,68,35,33
2020-04-11 11:00:00,109,45,64
2020-04-11 12:00:00,138,67,71
2020-04-11 13:00:00,118,57,61
2020-04-11 14:00:00,125,62,63
2020-04-11 15:00:00,154,61,93
2020-04-11 16:00:00,141,39,102
2020-04-11 17:00:00,121,25,96
2020-04-11 18:00:00,62,13,49
2020-04-11 19:00:00,26,5,21
2020-04-11 20:00:00,5,1,4
2020-04-11 21:00:00,1,0,1
2020-04-11 22:00:00,0,0,0
2020-04-11 23:00:00,0,0,0
2020-04-12 00:00:00,1,1,0
2020-04-12 01:00:00,0,0,0
2020-04-12 02:00:00,0,0,0
2020-04-12 03:00:00,0,0,0
2020-04-12 04:00:00,1,1,0
2020-04-12 05:00:00,2,1,1
2020-04-12 06:00:00,0,0,0
2020-04-12 07:00:00,15,7,8
2020-04-12 08:00:00,41,30,11
2020-04-12 09:00:00,59,30,29
2020-04-12 10:00:00,95,57,38
2020-04-12 11:00:00,156,74,82
2020-04-12 12:00:00,194,90,104
2020-04-12 13:00:00,239,112,127
2020-04-12 14:00:00,258,111,147
2020-04-12 15:00:00,218,67,151
2020-04-12 16:00:00,141,45,96
2020-04-12 17:00:00,117,37,80
2020-04-12 18:00:00,47,10,37
2020-04-12 19:00:00,25,6,19
2020-04-12 20:00:00,3,1,2
2020-04-12 21:00:00,3,1,2
2020-04-12 22:00:00,0,0,0
2020-04-12 23:00:00,1,0,1
2020-04-13 00:00:00,0,0,0
2020-04-13 01:00:00,0,0,0
2020-04-13 02:00:00,0,0,0
2020-04-13 03:00:00,0,0,0
2020-04-13 04:00:00,1,0,1
2020-04-13 05:00:00,3,0,3
2020-04-13 06:00:00,6,0,6
2020-04-13 07:00:00,17,9,8
2020-04-13 08:00:00,20,6,14
2020-04-13 09:00:00,19,9,10
2020-04-13 10:00:00,27,14,13
2020-04-13 11:00:00,32,16,16
2020-04-13 12:00:00,38,18,20
2020-04-13 13:00:00,71,23,48
2020-04-13 14:00:00,72,33,39
2020-04-13 15:00:00,92,46,46
2020-04-13 16:00:00,79,30,49
2020-04-13 17:00:00,66,26,40
2020-04-13 18:00:00,64,15,49
2020-04-13 19:00:00,43,10,33
2020-04-13 20:00:00,12,2,10
2020-04-13 21:00:00,2,0,2
2020-04-13 22:00:00,1,0,1
2020-04-13 23:00:00,0,0,0
2020-04-14 00:00:00,0,0,0
2020-04-14 01:00:00,0,0,0
2020-04-14 02:00:00,0,0,0
2020-04-14 03:00:00,0,0,0
2020-04-14 04:00:00,1,0,1
2020-04-14 05:00:00,2,0,2
2020-04-14 06:00:00,12,8,4
2020-04-14 07:00:00,20,5,15
2020-04-14 08:00:00,24,5,19
2020-04-14 09:00:00,13,4,9
2020-04-14 10:00:00,23,12,11
2020-04-14 11:00:00,45,20,25
2020-04-14 12:00:00,48,20,28
2020-04-14 13:00:00,71,29,42
2020-04-14 14:00:00,51,17,34
2020-04-14 15:00:00,83,30,53
2020-04-14 16:00:00,84,33,51
2020-04-14 17:00:00,115,41,74
2020-04-14 18:00:00,106,39,67
2020-04-14 19:00:00,62,7,55
2020-04-14 20:00:00,12,0,12
2020-04-14 21:00:00,1,0,1
2020-04-14 22:00:00,0,0,0
2020-04-14 23:00:00,0,0,0
2020-04-15 00:00:00,0,0,0
2020-04-15 01:00:00,0,0,0
2020-04-15 02:00:00,0,0,0
2020-04-15 03:00:00,0,0,0
2020-04-15 04:00:00,1,0,1
2020-04-15 05:00:00,0,0,0
2020-04-15 06:00:00,11,1,10
2020-04-15 07:00:00,16,4,12
2020-04-15 08:00:00,21,5,16
2020-04-15 09:00:00,22,5,17
2020-04-15 10:00:00,18,5,13
2020-04-15 11:00:00,33,16,17
2020-04-15 12:00:00,42,14,28
2020-04-15 13:00:00,50,20,30
2020-04-15 14:00:00,57,29,28
2020-04-15 15:00:00,68,29,39
2020-04-15 16:00:00,80,28,52
2020-04-15 17:00:00,101,38,63
2020-04-15 18:00:00,76,21,55
2020-04-15 19:00:00,51,11,40
2020-04-15 20:00:00,13,0,13
2020-04-15 21:00:00,1,0,1
2020-04-15 22:00:00,0,0,0
2020-04-15 23:00:00,0,0,0
2020-04-16 00:00:00,1,0,1
2020-04-16 01:00:00,0,0,0
2020-04-16 02:00:00,0,0,0
2020-04-16 03:00:00,0,0,0
2020-04-16 04:00:00,1,0,1
2020-04-16 05:00:00,2,1,1
2020-04-16 06:00:00,15,9,6
2020-04-16 07:00:00,19,6,13
2020-04-16 08:00:00,20,7,13
2020-04-16 09:00:00,17,8,9
2020-04-16 10:00:00,31,13,18
2020-04-16 11:00:00,61,26,35
2020-04-16 12:00:00,71,30,41
2020-04-16 13:00:00,78,36,42
2020-04-16 14:00:00,98,42,56
2020-04-16 15:00:00,125,43,82
2020-04-16 16:00:00,131,44,87
2020-04-16 17:00:00,156,50,106
2020-04-16 18:00:00,121,27,94
2020-04-16 19:00:00,59,7,52
2020-04-16 20:00:00,14,0,14
2020-04-16 21:00:00,1,0,1
2020-04-16 22:00:00,0,0,0
2020-04-16 23:00:00,0,0,0
2020-04-17 00:00:00,0,0,0
2020-04-17 01:00:00,1,1,0
2020-04-17 02:00:00,0,0,0
2020-04-17 03:00:00,0,0,0
2020-04-17 04:00:00,1,0,1
2020-04-17 05:00:00,1,0,1
2020-04-17 06:00:00,6,2,4
2020-04-17 07:00:00,22,8,14
2020-04-17 08:00:00,34,9,25
2020-04-17 09:00:00,39,21,18
2020-04-17 10:00:00,35,22,13
2020-04-17 11:00:00,76,36,40
2020-04-17 12:00:00,60,22,38
2020-04-17 13:00:00,68,21,47
2020-04-17 14:00:00,105,33,72
2020-04-17 15:00:00,108,46,62
2020-04-17 16:00:00,81,23,58
2020-04-17 17:00:00,100,38,62
2020-04-17 18:00:00,73,13,60
2020-04-17 19:00:00,20,2,18
2020-04-17 20:00:00,6,3,3
2020-04-17 21:00:00,1,0,1
2020-04-17 22:00:00,0,0,0
2020-04-17 23:00:00,0,0,0
2020-04-18 00:00:00,0,0,0
2020-04-18 01:00:00,0,0,0
2020-04-18 02:00:00,0,0,0
2020-04-18 03:00:00,0,0,0
2020-04-18 04:00:00,0,0,0
2020-04-18 05:00:00,1,1,0
2020-04-18 06:00:00,3,1,2
2020-04-18 07:00:00,9,2,7
2020-04-18 08:00:00,20,17,3
2020-04-18 09:00:00,18,8,10
2020-04-18 10:00:00,30,27,3
2020-04-18 11:00:00,32,9,23
2020-04-18 12:00:00,29,13,16
2020-04-18 13:00:00,74,39,35
2020-04-18 14:00:00,53,28,25
2020-04-18 15:00:00,91,30,61
2020-04-18 16:00:00,84,29,55
2020-04-18 17:00:00,75,25,50
2020-04-18 18:00:00,43,10,33
2020-04-18 19:00:00,18,5,13
2020-04-18 20:00:00,12,2,10
2020-04-18 21:00:00,0,0,0
2020-04-18 22:00:00,1,0,1
2020-04-18 23:00:00,2,0,2
2020-04-19 00:00:00,0,0,0
2020-04-19 01:00:00,0,0,0
2020-04-19 02:00:00,0,0,0
2020-04-19 03:00:00,0,0,0
2020-04-19 04:00:00,0,0,0
2020-04-19 05:00:00,1,0,1
2020-04-19 06:00:00,4,4,0
2020-04-19 07:00:00,29,20,9
2020-04-19 08:00:00,60,38,22
2020-04-19 09:00:00,102,55,47
2020-04-19 10:00:00,169,101,68
2020-04-19 11:00:00,205,91,114
2020-04-19 12:00:00,211,92,119
2020-04-19 13:00:00,226,90,136
2020-04-19 14:00:00,286,120,166
2020-04-19 15:00:00,268,116,152
2020-04-19 16:00:00,213,63,150
2020-04-19 17:00:00,151,45,106
2020-04-19 18:00:00,97,34,63
2020-04-19 19:00:00,43,8,35
2020-04-19 20:00:00,9,0,9
2020-04-19 21:00:00,1,0,1
2020-04-19 22:00:00,0,0,0
2020-04-19 23:00:00,0,0,0
2020-04-20 00:00:00,0,0,0
2020-04-20 01:00:00,0,0,0
2020-04-20 02:00:00,1,1,0
2020-04-20 03:00:00,0,0,0
2020-04-20 04:00:00,1,0,1
2020-04-20 05:00:00,4,0,4
2020-04-20 06:00:00,17,4,13
2020-04-20 07:00:00,15,2,13
2020-04-20 08:00:00,18,6,12
2020-04-20 09:00:00,18,9,9
2020-04-20 10:00:00,27,9,18
2020-04-20 11:00:00,33,19,14
2020-04-20 12:00:00,57,15,42
2020-04-20 13:00:00,68,30,38
2020-04-20 14:00:00,84,35,49
2020-04-20 15:00:00,115,47,68
2020-04-20 16:00:00,123,43,80
2020-04-20 17:00:00,109,40,69
2020-04-20 18:00:00,83,25,58
2020-04-20 19:00:00,40,5,35
2020-04-20 20:00:00,14,0,14
2020-04-20 21:00:00,3,0,3
2020-04-20 22:00:00,1,1,0
2020-04-20 23:00:00,0,0,0
2020-04-21 00:00:00,0,0,0
2020-04-21 01:00:00,0,0,0
2020-04-21 02:00:00,0,0,0
2020-04-21 03:00:00,0,0,0
2020-04-21 04:00:00,1,0,1
2020-04-21 05:00:00,3,0,3
2020-04-21 06:00:00,9,4,5
2020-04-21 07:00:00,21,7,14
2020-04-21 08:00:00,21,6,15
2020-04-21 09:00:00,12,6,6
2020-04-21 10:00:00,24,11,13
2020-04-21 11:00:00,11,3,8
2020-04-21 12:00:00,23,10,13
2020-04-21 13:00:00,21,6,15
2020-04-21 14:00:00,23,6,17
2020-04-21 15:00:00,43,14,29
2020-04-21 16:00:00,34,10,24
2020-04-21 17:00:00,74,29,45
2020-04-21 18:00:00,65,20,45
2020-04-21 19:00:00,28,3,25
2020-04-21 20:00:00,8,2,6
2020-04-21 21:00:00,1,0,1
2020-04-21 22:00:00,1,0,1
2020-04-21 23:00:00,0,0,0
2020-04-22 00:00:00,0,0,0
2020-04-22 01:00:00,0,0,0
2020-04-22 02:00:00,0,0,0
2020-04-22 03:00:00,0,0,0
2020-04-22 04:00:00,1,0,1
2020-04-22 05:00:00,0,0,0
2020-04-22 06:00:00,3,0,3
2020-04-22 07:00:00,4,2,2
2020-04-22 08:00:00,5,1,4
2020-04-22 09:00:00,5,4,1
2020-04-22 10:00:00,3,2,1
2020-04-22 11:00:00,0,0,0
2020-04-22 12:00:00,1,0,1
2020-04-22 13:00:00,3,2,1
2020-04-22 14:00:00,2,0,2
2020-04-22 15:00:00,3,2,1
2020-04-22 16:00:00,5,2,3
2020-04-22 17:00:00,7,3,4
2020-04-22 18:00:00,9,5,4
2020-04-22 19:00:00,12,3,9
2020-04-22 20:00:00,0,0,0
2020-04-22 21:00:00,3,1,2
2020-04-22 22:00:00,2,2,0
2020-04-22 23:00:00,2,0,2
2020-04-23 00:00:00,0,0,0
2020-04-23 01:00:00,0,0,0
2020-04-23 02:00:00,0,0,0
2020-04-23 03:00:00,0,0,0
2020-04-23 04:00:00,0,0,0
2020-04-23 05:00:00,0,0,0
2020-04-23 06:00:00,4,1,3
2020-04-23 07:00:00,8,3,5
2020-04-23 08:00:00,20,5,15
2020-04-23 09:00:00,9,2,7
2020-04-23 10:00:00,18,8,10
2020-04-23 11:00:00,7,3,4
2020-04-23 12:00:00,18,5,13
2020-04-23 13:00:00,20,11,9
2020-04-23 14:00:00,32,14,18
2020-04-23 15:00:00,39,18,21
2020-04-23 16:00:00,34,6,28
2020-04-23 17:00:00,42,17,25
2020-04-23 18:00:00,6,2,4
2020-04-23 19:00:00,7,4,3
2020-04-23 20:00:00,3,0,3
2020-04-23 21:00:00,2,1,1
2020-04-23 22:00:00,1,0,1
2020-04-23 23:00:00,0,0,0
2020-04-24 00:00:00,0,0,0
2020-04-24 01:00:00,0,0,0
2020-04-24 02:00:00,0,0,0
2020-04-24 03:00:00,0,0,0
2020-04-24 04:00:00,1,0,1
2020-04-24 05:00:00,0,0,0
2020-04-24 06:00:00,10,2,8
2020-04-24 07:00:00,24,14,10
2020-04-24 08:00:00,25,5,20
2020-04-24 09:00:00,26,15,11
2020-04-24 10:00:00,22,11,11
2020-04-24 11:00:00,63,25,38
2020-04-24 12:00:00,82,43,39
2020-04-24 13:00:00,72,31,41
2020-04-24 14:00:00,82,37,45
2020-04-24 15:00:00,106,38,68
2020-04-24 16:00:00,127,42,85
2020-04-24 17:00:00,93,31,62
2020-04-24 18:00:00,70,11,59
2020-04-24 19:00:00,47,2,45
2020-04-24 20:00:00,12,0,12
2020-04-24 21:00:00,1,0,1
2020-04-24 22:00:00,0,0,0
2020-04-24 23:00:00,1,0,1
2020-04-25 00:00:00,0,0,0
2020-04-25 01:00:00,0,0,0
2020-04-25 02:00:00,0,0,0
2020-04-25 03:00:00,0,0,0
2020-04-25 04:00:00,0,0,0
2020-04-25 05:00:00,0,0,0
2020-04-25 06:00:00,3,2,1
2020-04-25 07:00:00,8,3,5
2020-04-25 08:00:00,7,3,4
2020-04-25 09:00:00,2,2,0
2020-04-25 10:00:00,5,3,2
2020-04-25 11:00:00,13,8,5
2020-04-25 12:00:00,20,11,9
2020-04-25 13:00:00,74,59,15
2020-04-25 14:00:00,116,71,45
2020-04-25 15:00:00,125,49,76
2020-04-25 16:00:00,100,39,61
2020-04-25 17:00:00,93,22,71
2020-04-25 18:00:00,60,11,49
2020-04-25 19:00:00,21,5,16
2020-04-25 20:00:00,4,0,4
2020-04-25 21:00:00,3,1,2
2020-04-25 22:00:00,0,0,0
2020-04-25 23:00:00,1,1,0
2020-04-26 00:00:00,0,0,0
2020-04-26 01:00:00,0,0,0
2020-04-26 02:00:00,0,0,0
2020-04-26 03:00:00,0,0,0
2020-04-26 04:00:00,0,0,0
2020-04-26 05:00:00,3,2,1
2020-04-26 06:00:00,5,4,1
2020-04-26 07:00:00,26,13,13
2020-04-26 08:00:00,58,36,22
2020-04-26 09:00:00,95,43,52
2020-04-26 10:00:00,191,106,85
2020-04-26 11:00:00,188,85,103
2020-04-26 12:00:00,250,96,154
2020-04-26 13:00:00,227,74,153
2020-04-26 14:00:00,208,78,130
2020-04-26 15:00:00,179,57,122
2020-04-26 16:00:00,153,49,104
2020-04-26 17:00:00,104,26,78
2020-04-26 18:00:00,53,9,44
2020-04-26 19:00:00,17,7,10
2020-04-26 20:00:00,10,1,9
2020-04-26 21:00:00,2,1,1
2020-04-26 22:00:00,0,0,0
2020-04-26 23:00:00,2,0,2
2020-04-27 00:00:00,0,0,0
2020-04-27 01:00:00,0,0,0
2020-04-27 02:00:00,0,0,0
2020-04-27 03:00:00,0,0,0
2020-04-27 04:00:00,1,0,1
2020-04-27 05:00:00,2,0,2
2020-04-27 06:00:00,6,1,5
2020-04-27 07:00:00,9,4,5
2020-04-27 08:00:00,9,2,7
2020-04-27 09:00:00,6,1,5
2020-04-27 10:00:00,10,8,2
2020-04-27 11:00:00,26,9,17
2020-04-27 12:00:00,28,14,14
2020-04-27 13:00:00,26,14,12
2020-04-27 14:00:00,25,13,12
2020-04-27 15:00:00,21,6,15
2020-04-27 16:00:00,39,16,23
2020-04-27 17:00:00,55,22,33
2020-04-27 18:00:00,65,23,42
2020-04-27 19:00:00,38,3,35
2020-04-27 20:00:00,8,2,6
2020-04-27 21:00:00,3,2,1
2020-04-27 22:00:00,2,0,2
2020-04-27 23:00:00,0,0,0
2020-04-28 00:00:00,0,0,0
2020-04-28 01:00:00,0,0,0
2020-04-28 02:00:00,0,0,0
2020-04-28 03:00:00,0,0,0
2020-04-28 04:00:00,1,0,1
2020-04-28 05:00:00,3,1,2
2020-04-28 06:00:00,4,0,4
2020-04-28 07:00:00,12,5,7
2020-04-28 08:00:00,24,5,19
2020-04-28 09:00:00,14,7,7
2020-04-28 10:00:00,24,15,9
2020-04-28 11:00:00,39,14,25
2020-04-28 12:00:00,45,13,32
2020-04-28 13:00:00,53,29,24
2020-04-28 14:00:00,51,16,35
2020-04-28 15:00:00,48,15,33
2020-04-28 16:00:00,56,19,37
2020-04-28 17:00:00,60,17,43
2020-04-28 18:00:00,66,16,50
2020-04-28 19:00:00,42,9,33
2020-04-28 20:00:00,12,4,8
2020-04-28 21:00:00,3,1,2
2020-04-28 22:00:00,0,0,0
2020-04-28 23:00:00,0,0,0
2020-04-29 00:00:00,0,0,0
2020-04-29 01:00:00,0,0,0
2020-04-29 02:00:00,1,1,0
2020-04-29 03:00:00,0,0,0
2020-04-29 04:00:00,1,0,1
2020-04-29 05:00:00,1,0,1
2020-04-29 06:00:00,11,4,7
2020-04-29 07:00:00,15,4,11
2020-04-29 08:00:00,19,8,11
2020-04-29 09:00:00,14,7,7
2020-04-29 10:00:00,17,6,11
2020-04-29 11:00:00,42,16,26
2020-04-29 12:00:00,48,16,32
2020-04-29 13:00:00,40,8,32
2020-04-29 14:00:00,60,22,38
2020-04-29 15:00:00,39,16,23
2020-04-29 16:00:00,71,22,49
2020-04-29 17:00:00,63,26,37
2020-04-29 18:00:00,57,18,39
2020-04-29 19:00:00,38,5,33
2020-04-29 20:00:00,8,1,7
2020-04-29 21:00:00,1,0,1
2020-04-29 22:00:00,1,1,0
2020-04-29 23:00:00,0,0,0
2020-04-30 00:00:00,0,0,0
2020-04-30 01:00:00,0,0,0
2020-04-30 02:00:00,0,0,0
2020-04-30 03:00:00,0,0,0
2020-04-30 04:00:00,0,0,0
2020-04-30 05:00:00,6,3,3
2020-04-30 06:00:00,11,3,8
2020-04-30 07:00:00,19,8,11
2020-04-30 08:00:00,21,3,18
2020-04-30 09:00:00,19,14,5
2020-04-30 10:00:00,22,15,7
2020-04-30 11:00:00,42,20,22
2020-04-30 12:00:00,48,25,23
2020-04-30 13:00:00,44,25,19
2020-04-30 14:00:00,43,23,20
2020-04-30 15:00:00,51,23,28
2020-04-30 16:00:00,57,23,34
2020-04-30 17:00:00,55,17,38
2020-04-30 18:00:00,61,19,42
2020-04-30 19:00:00,23,5,18
2020-04-30 20:00:00,9,1,8
2020-04-30 21:00:00,1,0,1
2020-04-30 22:00:00,1,1,0
2020-04-30 23:00:00,0,0,0
2020-05-01 00:00:00,0,0,0
2020-05-01 01:00:00,0,0,0
2020-05-01 02:00:00,0,0,0
2020-05-01 03:00:00,0,0,0
2020-05-01 04:00:00,1,0,1
2020-05-01 05:00:00,2,0,2
2020-05-01 06:00:00,17,4,13
2020-05-01 07:00:00,22,11,11
2020-05-01 08:00:00,40,17,23
2020-05-01 09:00:00,42,18,24
2020-05-01 10:00:00,45,23,22
2020-05-01 11:00:00,73,29,44
2020-05-01 12:00:00,98,29,69
2020-05-01 13:00:00,90,30,60
2020-05-01 14:00:00,107,49,58
2020-05-01 15:00:00,118,37,81
2020-05-01 16:00:00,114,39,75
2020-05-01 17:00:00,127,57,70
2020-05-01 18:00:00,102,27,75
2020-05-01 19:00:00,43,1,42
2020-05-01 20:00:00,12,2,10
2020-05-01 21:00:00,2,1,1
2020-05-01 22:00:00,0,0,0
2020-05-01 23:00:00,0,0,0
2020-05-02 00:00:00,0,0,0
2020-05-02 01:00:00,0,0,0
2020-05-02 02:00:00,0,0,0
2020-05-02 03:00:00,0,0,0
2020-05-02 04:00:00,0,0,0
2020-05-02 05:00:00,0,0,0
2020-05-02 06:00:00,6,2,4
2020-05-02 07:00:00,5,3,2
2020-05-02 08:00:00,13,9,4
2020-05-02 09:00:00,21,10,11
2020-05-02 10:00:00,24,12,12
2020-05-02 11:00:00,24,9,15
2020-05-02 12:00:00,31,6,25
2020-05-02 13:00:00,17,12,5
2020-05-02 14:00:00,11,2,9
2020-05-02 15:00:00,9,4,5
2020-05-02 16:00:00,12,5,7
2020-05-02 17:00:00,16,9,7
2020-05-02 18:00:00,29,14,15
2020-05-02 19:00:00,17,7,10
2020-05-02 20:00:00,6,0,6
2020-05-02 21:00:00,1,1,0
2020-05-02 22:00:00,2,0,2
2020-05-02 23:00:00,0,0,0
2020-05-03 00:00:00,0,0,0
2020-05-03 01:00:00,0,0,0
2020-05-03 02:00:00,0,0,0
2020-05-03 03:00:00,0,0,0
2020-05-03 04:00:00,0,0,0
2020-05-03 05:00:00,0,0,0
2020-05-03 06:00:00,3,1,2
2020-05-03 07:00:00,10,6,4
2020-05-03 08:00:00,37,25,12
2020-05-03 09:00:00,58,26,32
2020-05-03 10:00:00,76,42,34
2020-05-03 11:00:00,142,73,69
2020-05-03 12:00:00,125,45,80
2020-05-03 13:00:00,113,54,59
2020-05-03 14:00:00,166,71,95
2020-05-03 15:00:00,159,56,103
2020-05-03 16:00:00,118,45,73
2020-05-03 17:00:00,95,37,58
2020-05-03 18:00:00,66,19,47
2020-05-03 19:00:00,28,7,21
2020-05-03 20:00:00,11,2,9
2020-05-03 21:00:00,0,0,0
2020-05-03 22:00:00,1,0,1
2020-05-03 23:00:00,0,0,0
2020-05-04 00:00:00,0,0,0
2020-05-04 01:00:00,0,0,0
2020-05-04 02:00:00,0,0,0
2020-05-04 03:00:00,0,0,0
2020-05-04 04:00:00,1,0,1
2020-05-04 05:00:00,6,1,5
2020-05-04 06:00:00,9,2,7
2020-05-04 07:00:00,17,1,16
2020-05-04 08:00:00,17,5,12
2020-05-04 09:00:00,30,19,11
2020-05-04 10:00:00,22,8,14
2020-05-04 11:00:00,16,7,9
2020-05-04 12:00:00,33,11,22
2020-05-04 13:00:00,42,19,23
2020-05-04 14:00:00,51,16,35
2020-05-04 15:00:00,56,25,31
2020-05-04 16:00:00,66,33,33
2020-05-04 17:00:00,74,26,48
2020-05-04 18:00:00,61,21,40
2020-05-04 19:00:00,26,6,20
2020-05-04 20:00:00,9,2,7
2020-05-04 21:00:00,1,0,1
2020-05-04 22:00:00,0,0,0
2020-05-04 23:00:00,0,0,0
2020-05-05 00:00:00,1,0,1
2020-05-05 01:00:00,0,0,0
2020-05-05 02:00:00,0,0,0
2020-05-05 03:00:00,0,0,0
2020-05-05 04:00:00,1,0,1
2020-05-05 05:00:00,2,0,2
2020-05-05 06:00:00,15,6,9
2020-05-05 07:00:00,21,6,15
2020-05-05 08:00:00,24,4,20
2020-05-05 09:00:00,22,10,12
2020-05-05 10:00:00,22,12,10
2020-05-05 11:00:00,27,13,14
2020-05-05 12:00:00,40,18,22
2020-05-05 13:00:00,66,25,41
2020-05-05 14:00:00,60,28,32
2020-05-05 15:00:00,92,33,59
2020-05-05 16:00:00,101,37,64
2020-05-05 17:00:00,105,42,63
2020-05-05 18:00:00,122,36,86
2020-05-05 19:00:00,61,9,52
2020-05-05 20:00:00,10,1,9
2020-05-05 21:00:00,2,0,2
2020-05-05 22:00:00,0,0,0
2020-05-05 23:00:00,0,0,0
2020-05-06 00:00:00,0,0,0
2020-05-06 01:00:00,0,0,0
2020-05-06 02:00:00,0,0,0
2020-05-06 03:00:00,0,0,0
2020-05-06 04:00:00,1,0,1
2020-05-06 05:00:00,1,0,1
2020-05-06 06:00:00,4,2,2
2020-05-06 07:00:00,13,3,10
2020-05-06 08:00:00,18,5,13
2020-05-06 09:00:00,12,5,7
2020-05-06 10:00:00,9,4,5
2020-05-06 11:00:00,17,8,9
2020-05-06 12:00:00,9,5,4
2020-05-06 13:00:00,14,6,8
2020-05-06 14:00:00,12,6,6
2020-05-06 15:00:00,23,11,12
2020-05-06 16:00:00,29,10,19
2020-05-06 17:00:00,49,21,28
2020-05-06 18:00:00,53,18,35
2020-05-06 19:00:00,29,2,27
2020-05-06 20:00:00,11,1,10
2020-05-06 21:00:00,1,0,1
2020-05-06 22:00:00,1,0,1
2020-05-06 23:00:00,0,0,0
2020-05-07 00:00:00,0,0,0
2020-05-07 01:00:00,0,0,0
2020-05-07 02:00:00,0,0,0
2020-05-07 03:00:00,0,0,0
2020-05-07 04:00:00,1,0,1
2020-05-07 05:00:00,4,1,3
2020-05-07 06:00:00,16,5,11
2020-05-07 07:00:00,29,4,25
2020-05-07 08:00:00,33,14,19
2020-05-07 09:00:00,33,15,18
2020-05-07 10:00:00,26,15,11
2020-05-07 11:00:00,46,18,28
2020-05-07 12:00:00,57,19,38
2020-05-07 13:00:00,61,22,39
2020-05-07 14:00:00,73,39,34
2020-05-07 15:00:00,94,30,64
2020-05-07 16:00:00,79,28,51
2020-05-07 17:00:00,121,45,76
2020-05-07 18:00:00,115,32,83
2020-05-07 19:00:00,73,15,58
2020-05-07 20:00:00,35,7,28
2020-05-07 21:00:00,3,0,3
2020-05-07 22:00:00,0,0,0
2020-05-07 23:00:00,3,2,1
2020-05-08 00:00:00,0,0,0
2020-05-08 01:00:00,0,0,0
2020-05-08 02:00:00,0,0,0
2020-05-08 03:00:00,0,0,0
2020-05-08 04:00:00,0,0,0
2020-05-08 05:00:00,6,4,2
2020-05-08 06:00:00,19,6,13
2020-05-08 07:00:00,36,14,22
2020-05-08 08:00:00,33,10,23
2020-05-08 09:00:00,42,22,20
2020-05-08 10:00:00,42,27,15
2020-05-08 11:00:00,82,31,51
2020-05-08 12:00:00,80,22,58
2020-05-08 13:00:00,72,37,35
2020-05-08 14:00:00,125,57,68
2020-05-08 15:00:00,121,58,63
2020-05-08 16:00:00,144,62,82
2020-05-08 17:00:00,124,38,86
2020-05-08 18:00:00,84,29,55
2020-05-08 19:00:00,64,11,53
2020-05-08 20:00:00,26,1,25
2020-05-08 21:00:00,3,0,3
2020-05-08 22:00:00,3,1,2
2020-05-08 23:00:00,0,0,0
2020-05-09 00:00:00,1,0,1
2020-05-09 01:00:00,0,0,0
2020-05-09 02:00:00,2,0,2
2020-05-09 03:00:00,0,0,0
2020-05-09 04:00:00,0,0,0
2020-05-09 05:00:00,1,1,0
2020-05-09 06:00:00,13,7,6
2020-05-09 07:00:00,60,36,24
2020-05-09 08:00:00,90,41,49
2020-05-09 09:00:00,174,79,95
2020-05-09 10:00:00,219,125,94
2020-05-09 11:00:00,224,102,122
2020-05-09 12:00:00,195,78,117
2020-05-09 13:00:00,179,50,129
2020-05-09 14:00:00,154,46,108
2020-05-09 15:00:00,127,42,85
2020-05-09 16:00:00,97,28,69
2020-05-09 17:00:00,76,27,49
2020-05-09 18:00:00,55,14,41
2020-05-09 19:00:00,27,3,24
2020-05-09 20:00:00,16,5,11
2020-05-09 21:00:00,3,1,2
2020-05-09 22:00:00,2,2,0
2020-05-09 23:00:00,0,0,0
2020-05-10 00:00:00,1,0,1
2020-05-10 01:00:00,0,0,0
2020-05-10 02:00:00,0,0,0
2020-05-10 03:00:00,0,0,0
2020-05-10 04:00:00,0,0,0
2020-05-10 05:00:00,0,0,0
2020-05-10 06:00:00,16,9,7
2020-05-10 07:00:00,23,13,10
2020-05-10 08:00:00,65,38,27
2020-05-10 09:00:00,84,42,42
2020-05-10 10:00:00,138,73,65
2020-05-10 11:00:00,154,58,96
2020-05-10 12:00:00,164,68,96
2020-05-10 13:00:00,100,32,68
2020-05-10 14:00:00,113,46,67
2020-05-10 15:00:00,118,38,80
2020-05-10 16:00:00,91,21,70
2020-05-10 17:00:00,64,28,36
2020-05-10 18:00:00,34,8,26
2020-05-10 19:00:00,46,11,35
2020-05-10 20:00:00,18,7,11
2020-05-10 21:00:00,2,0,2
2020-05-10 22:00:00,2,1,1
2020-05-10 23:00:00,1,0,1
2020-05-11 00:00:00,0,0,0
2020-05-11 01:00:00,0,0,0
2020-05-11 02:00:00,0,0,0
2020-05-11 03:00:00,0,0,0
2020-05-11 04:00:00,0,0,0
2020-05-11 05:00:00,3,0,3
2020-05-11 06:00:00,16,5,11
2020-05-11 07:00:00,23,10,13
2020-05-11 08:00:00,33,7,26
2020-05-11 09:00:00,24,8,16
2020-05-11 10:00:00,24,14,10
2020-05-11 11:00:00,46,24,22
2020-05-11 12:00:00,48,18,30
2020-05-11 13:00:00,47,14,33
2020-05-11 14:00:00,58,18,40
2020-05-11 15:00:00,39,10,29
2020-05-11 16:00:00,46,12,34
2020-05-11 17:00:00,43,17,26
2020-05-11 18:00:00,20,8,12
2020-05-11 19:00:00,15,4,11
2020-05-11 20:00:00,5,0,5
2020-05-11 21:00:00,0,0,0
2020-05-11 22:00:00,0,0,0
2020-05-11 23:00:00,1,0,1
2020-05-12 00:00:00,0,0,0
2020-05-12 01:00:00,0,0,0
2020-05-12 02:00:00,0,0,0
2020-05-12 03:00:00,0,0,0
2020-05-12 04:00:00,1,0,1
2020-05-12 05:00:00,1,0,1
2020-05-12 06:00:00,5,1,4
2020-05-12 07:00:00,7,0,7
2020-05-12 08:00:00,26,7,19
2020-05-12 09:00:00,14,7,7
2020-05-12 10:00:00,13,7,6
2020-05-12 11:00:00,19,7,12
2020-05-12 12:00:00,12,3,9
2020-05-12 13:00:00,12,6,6
2020-05-12 14:00:00,15,8,7
2020-05-12 15:00:00,30,8,22
2020-05-12 16:00:00,59,26,33
2020-05-12 17:00:00,35,8,27
2020-05-12 18:00:00,30,9,21
2020-05-12 19:00:00,15,4,11
2020-05-12 20:00:00,6,0,6
2020-05-12 21:00:00,3,1,2
2020-05-12 22:00:00,1,0,1
2020-05-12 23:00:00,0,0,0
2020-05-13 00:00:00,0,0,0
2020-05-13 01:00:00,0,0,0
2020-05-13 02:00:00,0,0,0
2020-05-13 03:00:00,0,0,0
2020-05-13 04:00:00,1,0,1
2020-05-13 05:00:00,2,0,2
2020-05-13 06:00:00,7,2,5
2020-05-13 07:00:00,9,3,6
2020-05-13 08:00:00,9,2,7
2020-05-13 09:00:00,12,5,7
2020-05-13 10:00:00,8,0,8
2020-05-13 11:00:00,27,10,17
2020-05-13 12:00:00,28,12,16
2020-05-13 13:00:00,29,12,17
2020-05-13 14:00:00,53,19,34
2020-05-13 15:00:00,68,27,41
2020-05-13 16:00:00,71,24,47
2020-05-13 17:00:00,94,30,64
2020-05-13 18:00:00,103,33,70
2020-05-13 19:00:00,68,8,60
2020-05-13 20:00:00,23,2,21
2020-05-13 21:00:00,4,1,3
2020-05-13 22:00:00,1,0,1
2020-05-13 23:00:00,0,0,0
2020-05-14 00:00:00,0,0,0
2020-05-14 01:00:00,0,0,0
2020-05-14 02:00:00,0,0,0
2020-05-14 03:00:00,0,0,0
2020-05-14 04:00:00,1,0,1
2020-05-14 05:00:00,1,0,1
2020-05-14 06:00:00,9,5,4
2020-05-14 07:00:00,4,1,3
2020-05-14 08:00:00,5,1,4
2020-05-14 09:00:00,7,1,6
2020-05-14 10:00:00,6,2,4
2020-05-14 11:00:00,16,10,6
2020-05-14 12:00:00,18,8,10
2020-05-14 13:00:00,26,10,16
2020-05-14 14:00:00,36,13,23
2020-05-14 15:00:00,47,19,28
2020-05-14 16:00:00,58,27,31
2020-05-14 17:00:00,83,41,42
2020-05-14 18:00:00,78,21,57
2020-05-14 19:00:00,57,12,45
2020-05-14 20:00:00,20,4,16
2020-05-14 21:00:00,3,2,1
2020-05-14 22:00:00,1,1,0
2020-05-14 23:00:00,0,0,0
2020-05-15 00:00:00,0,0,0
2020-05-15 01:00:00,0,0,0
2020-05-15 02:00:00,0,0,0
2020-05-15 03:00:00,0,0,0
2020-05-15 04:00:00,0,0,0
2020-05-15 05:00:00,2,0,2
2020-05-15 06:00:00,25,12,13
2020-05-15 07:00:00,19,5,14
2020-05-15 08:00:00,24,10,14
2020-05-15 09:00:00,33,11,22
2020-05-15 10:00:00,36,19,17
2020-05-15 11:00:00,72,41,31
2020-05-15 12:00:00,79,34,45
2020-05-15 13:00:00,78,33,45
2020-05-15 14:00:00,103,40,63
2020-05-15 15:00:00,116,53,63
2020-05-15 16:00:00,152,45,107
2020-05-15 17:00:00,120,40,80
2020-05-15 18:00:00,108,26,82
2020-05-15 19:00:00,79,17,62
2020-05-15 20:00:00,18,2,16
2020-05-15 21:00:00,7,2,5
2020-05-15 22:00:00,0,0,0
2020-05-15 23:00:00,2,0,2
2020-05-16 00:00:00,2,0,2
2020-05-16 01:00:00,1,0,1
2020-05-16 02:00:00,0,0,0
2020-05-16 03:00:00,0,0,0
2020-05-16 04:00:00,0,0,0
2020-05-16 05:00:00,3,1,2
2020-05-16 06:00:00,9,4,5
2020-05-16 07:00:00,7,4,3
2020-05-16 08:00:00,24,18,6
2020-05-16 09:00:00,30,12,18
2020-05-16 10:00:00,33,22,11
2020-05-16 11:00:00,43,14,29
2020-05-16 12:00:00,33,14,19
2020-05-16 13:00:00,30,8,22
2020-05-16 14:00:00,24,14,10
2020-05-16 15:00:00,19,4,15
2020-05-16 16:00:00,19,10,9
2020-05-16 17:00:00,19,7,12
2020-05-16 18:00:00,11,6,5
2020-05-16 19:00:00,8,0,8
2020-05-16 20:00:00,3,1,2
2020-05-16 21:00:00,0,0,0
2020-05-16 22:00:00,0,0,0
2020-05-16 23:00:00,0,0,0
2020-05-17 00:00:00,0,0,0
2020-05-17 01:00:00,0,0,0
2020-05-17 02:00:00,0,0,0
2020-05-17 03:00:00,0,0,0
2020-05-17 04:00:00,0,0,0
2020-05-17 05:00:00,0,0,0
2020-05-17 06:00:00,5,2,3
2020-05-17 07:00:00,9,5,4
2020-05-17 08:00:00,37,27,10
2020-05-17 09:00:00,45,25,20
2020-05-17 10:00:00,76,46,30
2020-05-17 11:00:00,121,51,70
2020-05-17 12:00:00,146,61,85
2020-05-17 13:00:00,166,77,89
2020-05-17 14:00:00,220,91,129
2020-05-17 15:00:00,198,71,127
2020-05-17 16:00:00,162,50,112
2020-05-17 17:00:00,136,36,100
2020-05-17 18:00:00,74,16,58
2020-05-17 19:00:00,40,7,33
2020-05-17 20:00:00,19,5,14
2020-05-17 21:00:00,3,0,3
2020-05-17 22:00:00,0,0,0
2020-05-17 23:00:00,0,0,0
2020-05-18 00:00:00,0,0,0
2020-05-18 01:00:00,1,1,0
2020-05-18 02:00:00,0,0,0
2020-05-18 03:00:00,0,0,0
2020-05-18 04:00:00,1,0,1
2020-05-18 05:00:00,2,0,2
2020-05-18 06:00:00,17,5,12
2020-05-18 07:00:00,22,9,13
2020-05-18 08:00:00,20,5,15
2020-05-18 09:00:00,21,10,11
2020-05-18 10:00:00,26,11,15
2020-05-18 11:00:00,28,10,18
2020-05-18 12:00:00,43,19,24
2020-05-18 13:00:00,39,18,21
2020-05-18 14:00:00,50,16,34
2020-05-18 15:00:00,55,28,27
2020-05-18 16:00:00,63,26,37
2020-05-18 17:00:00,78,28,50
2020-05-18 18:00:00,98,28,70
2020-05-18 19:00:00,60,17,43
2020-05-18 20:00:00,20,2,18
2020-05-18 21:00:00,9,2,7
2020-05-18 22:00:00,0,0,0
2020-05-18 23:00:00,1,1,0
2020-05-19 00:00:00,0,0,0
2020-05-19 01:00:00,0,0,0
2020-05-19 02:00:00,0,0,0
2020-05-19 03:00:00,1,0,1
2020-05-19 04:00:00,1,0,1
2020-05-19 05:00:00,4,0,4
2020-05-19 06:00:00,14,5,9
2020-05-19 07:00:00,27,7,20
2020-05-19 08:00:00,24,9,15
2020-05-19 09:00:00,21,10,11
2020-05-19 10:00:00,33,14,19
2020-05-19 11:00:00,17,8,9
2020-05-19 12:00:00,36,15,21
2020-05-19 13:00:00,42,16,26
2020-05-19 14:00:00,42,16,26
2020-05-19 15:00:00,64,19,45
2020-05-19 16:00:00,80,28,52
2020-05-19 17:00:00,69,17,52
2020-05-19 18:00:00,76,20,56
2020-05-19 19:00:00,47,7,40
2020-05-19 20:00:00,14,2,12
2020-05-19 21:00:00,4,0,4
2020-05-19 22:00:00,0,0,0
2020-05-19 23:00:00,0,0,0
2020-05-20 00:00:00,1,1,0
2020-05-20 01:00:00,0,0,0
2020-05-20 02:00:00,1,1,0
2020-05-20 03:00:00,0,0,0
2020-05-20 04:00:00,1,0,1
2020-05-20 05:00:00,2,0,2
2020-05-20 06:00:00,6,3,3
2020-05-20 07:00:00,26,7,19
2020-05-20 08:00:00,25,11,14
2020-05-20 09:00:00,17,10,7
2020-05-20 10:00:00,18,6,12
2020-05-20 11:00:00,13,7,6
2020-05-20 12:00:00,22,5,17
2020-05-20 13:00:00,24,6,18
2020-05-20 14:00:00,29,10,19
2020-05-20 15:00:00,19,6,13
2020-05-20 16:00:00,23,8,15
2020-05-20 17:00:00,25,7,18
2020-05-20 18:00:00,17,6,11
2020-05-20 19:00:00,7,0,7
2020-05-20 20:00:00,3,0,3
2020-05-20 21:00:00,5,2,3
2020-05-20 22:00:00,0,0,0
2020-05-20 23:00:00,1,0,1
2020-05-21 00:00:00,0,0,0
2020-05-21 01:00:00,0,0,0
2020-05-21 02:00:00,0,0,0
2020-05-21 03:00:00,0,0,0
2020-05-21 04:00:00,0,0,0
2020-05-21 05:00:00,1,0,1
2020-05-21 06:00:00,3,0,3
2020-05-21 07:00:00,4,3,1
2020-05-21 08:00:00,4,1,3
2020-05-21 09:00:00,2,2,0
2020-05-21 10:00:00,1,0,1
2020-05-21 11:00:00,6,5,1
2020-05-21 12:00:00,6,4,2
2020-05-21 13:00:00,18,6,12
2020-05-21 14:00:00,11,5,6
2020-05-21 15:00:00,14,6,8
2020-05-21 16:00:00,10,2,8
2020-05-21 17:00:00,16,2,14
2020-05-21 18:00:00,7,1,6
2020-05-21 19:00:00,9,3,6
2020-05-21 20:00:00,6,3,3
2020-05-21 21:00:00,4,3,1
2020-05-21 22:00:00,1,0,1
2020-05-21 23:00:00,3,0,3
2020-05-22 00:00:00,0,0,0
2020-05-22 01:00:00,0,0,0
2020-05-22 02:00:00,0,0,0
2020-05-22 03:00:00,0,0,0
2020-05-22 04:00:00,0,0,0
2020-05-22 05:00:00,2,0,2
2020-05-22 06:00:00,14,6,8
2020-05-22 07:00:00,14,6,8
2020-05-22 08:00:00,21,7,14
2020-05-22 09:00:00,22,12,10
2020-05-22 10:00:00,44,18,26
2020-05-22 11:00:00,43,20,23
2020-05-22 12:00:00,32,18,14
2020-05-22 13:00:00,57,30,27
2020-05-22 14:00:00,96,30,66
2020-05-22 15:00:00,61,19,42
2020-05-22 16:00:00,66,33,33
2020-05-22 17:00:00,64,23,41
2020-05-22 18:00:00,42,16,26
2020-05-22 19:00:00,16,3,13
2020-05-22 20:00:00,1,0,1
2020-05-22 21:00:00,0,0,0
2020-05-22 22:00:00,0,0,0
2020-05-22 23:00:00,0,0,0
2020-05-23 00:00:00,0,0,0
2020-05-23 01:00:00,0,0,0
2020-05-23 02:00:00,0,0,0
2020-05-23 03:00:00,0,0,0
2020-05-23 04:00:00,0,0,0
2020-05-23 05:00:00,0,0,0
2020-05-23 06:00:00,5,3,2
2020-05-23 07:00:00,19,12,7
2020-05-23 08:00:00,32,11,21
2020-05-23 09:00:00,69,43,26
2020-05-23 10:00:00,116,62,54
2020-05-23 11:00:00,116,56,60
2020-05-23 12:00:00,130,48,82
2020-05-23 13:00:00,136,60,76
2020-05-23 14:00:00,137,54,83
2020-05-23 15:00:00,150,59,91
2020-05-23 16:00:00,124,43,81
2020-05-23 17:00:00,121,30,91
2020-05-23 18:00:00,60,20,40
2020-05-23 19:00:00,25,4,21
2020-05-23 20:00:00,15,2,13
2020-05-23 21:00:00,1,0,1
2020-05-23 22:00:00,0,0,0
2020-05-23 23:00:00,1,0,1
2020-05-24 00:00:00,0,0,0
2020-05-24 01:00:00,2,0,2
2020-05-24 02:00:00,1,1,0
2020-05-24 03:00:00,0,0,0
2020-05-24 04:00:00,0,0,0
2020-05-24 05:00:00,0,0,0
2020-05-24 06:00:00,2,2,0
2020-05-24 07:00:00,18,10,8
2020-05-24 08:00:00,23,10,13
2020-05-24 09:00:00,70,40,30
2020-05-24 10:00:00,99,46,53
2020-05-24 11:00:00,112,52,60
2020-05-24 12:00:00,129,49,80
2020-05-24 13:00:00,177,83,94
2020-05-24 14:00:00,176,76,100
2020-05-24 15:00:00,169,71,98
2020-05-24 16:00:00,138,60,78
2020-05-24 17:00:00,118,41,77
2020-05-24 18:00:00,64,17,47
2020-05-24 19:00:00,37,11,26
2020-05-24 20:00:00,13,3,10
2020-05-24 21:00:00,4,0,4
2020-05-24 22:00:00,0,0,0
2020-05-24 23:00:00,1,0,1
2020-05-25 00:00:00,0,0,0
2020-05-25 01:00:00,0,0,0
2020-05-25 02:00:00,0,0,0
2020-05-25 03:00:00,1,0,1
2020-05-25 04:00:00,0,0,0
2020-05-25 05:00:00,1,1,0
2020-05-25 06:00:00,1,0,1
2020-05-25 07:00:00,5,2,3
2020-05-25 08:00:00,2,1,1
2020-05-25 09:00:00,5,2,3
2020-05-25 10:00:00,9,3,6
2020-05-25 11:00:00,15,11,4
2020-05-25 12:00:00,15,7,8
2020-05-25 13:00:00,22,8,14
2020-05-25 14:00:00,23,10,13
2020-05-25 15:00:00,22,12,10
2020-05-25 16:00:00,29,10,19
2020-05-25 17:00:00,24,7,17
2020-05-25 18:00:00,18,9,9
2020-05-25 19:00:00,14,3,11
2020-05-25 20:00:00,5,0,5
2020-05-25 21:00:00,0,0,0
2020-05-25 22:00:00,0,0,0
2020-05-25 23:00:00,0,0,0
2020-05-26 00:00:00,0,0,0
2020-05-26 01:00:00,1,1,0
2020-05-26 02:00:00,0,0,0
2020-05-26 03:00:00,0,0,0
2020-05-26 04:00:00,1,0,1
2020-05-26 05:00:00,5,1,4
2020-05-26 06:00:00,16,3,13
2020-05-26 07:00:00,21,2,19
2020-05-26 08:00:00,21,10,11
2020-05-26 09:00:00,17,5,12
2020-05-26 10:00:00,16,7,9
2020-05-26 11:00:00,25,19,6
2020-05-26 12:00:00,23,12,11
2020-05-26 13:00:00,26,10,16
2020-05-26 14:00:00,51,22,29
2020-05-26 15:00:00,42,19,23
2020-05-26 16:00:00,66,22,44
2020-05-26 17:00:00,87,34,53
2020-05-26 18:00:00,73,18,55
2020-05-26 19:00:00,57,15,42
2020-05-26 20:00:00,29,5,24
2020-05-26 21:00:00,4,2,2
2020-05-26 22:00:00,2,0,2
2020-05-26 23:00:00,0,0,0
2020-05-27 00:00:00,0,0,0
2020-05-27 01:00:00,0,0,0
2020-05-27 02:00:00,0,0,0
2020-05-27 03:00:00,0,0,0
2020-05-27 04:00:00,1,0,1
2020-05-27 05:00:00,6,1,5
2020-05-27 06:00:00,12,3,9
2020-05-27 07:00:00,25,6,19
2020-05-27 08:00:00,32,11,21
2020-05-27 09:00:00,29,17,12
2020-05-27 10:00:00,43,19,24
2020-05-27 11:00:00,66,26,40
2020-05-27 12:00:00,51,17,34
2020-05-27 13:00:00,46,11,35
2020-05-27 14:00:00,35,13,22
2020-05-27 15:00:00,86,24,62
2020-05-27 16:00:00,98,41,57
2020-05-27 17:00:00,125,44,81
2020-05-27 18:00:00,114,40,74
2020-05-27 19:00:00,99,24,75
2020-05-27 20:00:00,44,9,35
2020-05-27 21:00:00,10,1,9
2020-05-27 22:00:00,1,1,0
2020-05-27 23:00:00,0,0,0
2020-05-28 00:00:00,0,0,0
2020-05-28 01:00:00,0,0,0
2020-05-28 02:00:00,0,0,0
2020-05-28 03:00:00,0,0,0
2020-05-28 04:00:00,1,0,1
2020-05-28 05:00:00,5,3,2
2020-05-28 06:00:00,18,6,12
2020-05-28 07:00:00,25,6,19
2020-05-28 08:00:00,31,13,18
2020-05-28 09:00:00,29,11,18
2020-05-28 10:00:00,36,16,20
2020-05-28 11:00:00,60,29,31
2020-05-28 12:00:00,45,12,33
2020-05-28 13:00:00,41,15,26
2020-05-28 14:00:00,46,16,30
2020-05-28 15:00:00,55,19,36
2020-05-28 16:00:00,73,19,54
2020-05-28 17:00:00,84,26,58
2020-05-28 18:00:00,94,22,72
2020-05-28 19:00:00,62,5,57
2020-05-28 20:00:00,16,1,15
2020-05-28 21:00:00,8,1,7
2020-05-28 22:00:00,1,0,1
2020-05-28 23:00:00,0,0,0
2020-05-29 00:00:00,0,0,0
2020-05-29 01:00:00,0,0,0
2020-05-29 02:00:00,0,0,0
2020-05-29 03:00:00,0,0,0
2020-05-29 04:00:00,1,0,1
2020-05-29 05:00:00,6,3,3
2020-05-29 06:00:00,31,12,19
2020-05-29 07:00:00,47,14,33
2020-05-29 08:00:00,33,12,21
2020-05-29 09:00:00,39,12,27
2020-05-29 10:00:00,56,17,39
2020-05-29 11:00:00,59,25,34
2020-05-29 12:00:00,59,25,34
2020-05-29 13:00:00,53,20,33
2020-05-29 14:00:00,81,30,51
2020-05-29 15:00:00,96,31,65
2020-05-29 16:00:00,131,48,83
2020-05-29 17:00:00,111,37,74
2020-05-29 18:00:00,127,36,91
2020-05-29 19:00:00,93,26,67
2020-05-29 20:00:00,33,8,25
2020-05-29 21:00:00,8,2,6
2020-05-29 22:00:00,4,1,3
2020-05-29 23:00:00,1,0,1
2020-05-30 00:00:00,1,1,0
2020-05-30 01:00:00,1,1,0
2020-05-30 02:00:00,1,0,1
2020-05-30 03:00:00,0,0,0
2020-05-30 04:00:00,0,0,0
2020-05-30 05:00:00,2,1,1
2020-05-30 06:00:00,12,6,6
2020-05-30 07:00:00,31,12,19
2020-05-30 08:00:00,35,11,24
2020-05-30 09:00:00,9,5,4
2020-05-30 10:00:00,3,1,2
2020-05-30 11:00:00,7,4,3
2020-05-30 12:00:00,17,5,12
2020-05-30 13:00:00,16,9,7
2020-05-30 14:00:00,8,2,6
2020-05-30 15:00:00,8,1,7
2020-05-30 16:00:00,4,2,2
2020-05-30 17:00:00,3,0,3
2020-05-30 18:00:00,2,0,2
2020-05-30 19:00:00,2,1,1
2020-05-30 20:00:00,0,0,0
2020-05-30 21:00:00,0,0,0
2020-05-30 22:00:00,0,0,0
2020-05-30 23:00:00,0,0,0
2020-05-31 00:00:00,0,0,0
2020-05-31 01:00:00,0,0,0
2020-05-31 02:00:00,0,0,0
2020-05-31 03:00:00,0,0,0
2020-05-31 04:00:00,0,0,0
2020-05-31 05:00:00,0,0,0
2020-05-31 06:00:00,2,1,1
2020-05-31 07:00:00,2,1,1
2020-05-31 08:00:00,3,3,0
2020-05-31 09:00:00,11,9,2
2020-05-31 10:00:00,26,14,12
2020-05-31 11:00:00,27,14,13
2020-05-31 12:00:00,37,17,20
2020-05-31 13:00:00,73,44,29
2020-05-31 14:00:00,101,58,43
2020-05-31 15:00:00,101,33,68
2020-05-31 16:00:00,83,16,67
2020-05-31 17:00:00,76,24,52
2020-05-31 18:00:00,41,11,30
2020-05-31 19:00:00,13,1,12
2020-05-31 20:00:00,8,0,8
2020-05-31 21:00:00,0,0,0
2020-05-31 22:00:00,0,0,0
2020-05-31 23:00:00,0,0,0
2020-06-01 00:00:00,0,0,0
2020-06-01 01:00:00,0,0,0
2020-06-01 02:00:00,0,0,0
2020-06-01 03:00:00,0,0,0
2020-06-01 04:00:00,0,0,0
2020-06-01 05:00:00,6,0,6
2020-06-01 06:00:00,10,3,7
2020-06-01 07:00:00,23,5,18
2020-06-01 08:00:00,26,8,18
2020-06-01 09:00:00,25,13,12
2020-06-01 10:00:00,31,19,12
2020-06-01 11:00:00,31,13,18
2020-06-01 12:00:00,40,17,23
2020-06-01 13:00:00,44,15,29
2020-06-01 14:00:00,47,23,24
2020-06-01 15:00:00,56,23,33
2020-06-01 16:00:00,71,27,44
2020-06-01 17:00:00,117,45,72
2020-06-01 18:00:00,92,22,70
2020-06-01 19:00:00,35,5,30
2020-06-01 20:00:00,22,5,17
2020-06-01 21:00:00,6,2,4
2020-06-01 22:00:00,2,1,1
2020-06-01 23:00:00,1,0,1
2020-06-02 00:00:00,0,0,0
2020-06-02 01:00:00,0,0,0
2020-06-02 02:00:00,0,0,0
2020-06-02 03:00:00,0,0,0
2020-06-02 04:00:00,1,0,1
2020-06-02 05:00:00,4,1,3
2020-06-02 06:00:00,15,4,11
2020-06-02 07:00:00,29,7,22
2020-06-02 08:00:00,17,3,14
2020-06-02 09:00:00,16,4,12
2020-06-02 10:00:00,28,19,9
2020-06-02 11:00:00,16,6,10
2020-06-02 12:00:00,43,24,19
2020-06-02 13:00:00,36,15,21
2020-06-02 14:00:00,30,12,18
2020-06-02 15:00:00,45,12,33
2020-06-02 16:00:00,21,9,12
2020-06-02 17:00:00,27,10,17
2020-06-02 18:00:00,22,8,14
2020-06-02 19:00:00,17,7,10
2020-06-02 20:00:00,21,7,14
2020-06-02 21:00:00,1,0,1
2020-06-02 22:00:00,1,0,1
2020-06-02 23:00:00,1,1,0
2020-06-03 00:00:00,0,0,0
2020-06-03 01:00:00,0,0,0
2020-06-03 02:00:00,0,0,0
2020-06-03 03:00:00,0,0,0
2020-06-03 04:00:00,1,0,1
2020-06-03 05:00:00,4,1,3
2020-06-03 06:00:00,8,4,4
2020-06-03 07:00:00,28,8,20
2020-06-03 08:00:00,25,9,16
2020-06-03 09:00:00,22,13,9
2020-06-03 10:00:00,21,8,13
2020-06-03 11:00:00,30,10,20
2020-06-03 12:00:00,33,11,22
2020-06-03 13:00:00,39,11,28
2020-06-03 14:00:00,57,13,44
2020-06-03 15:00:00,56,13,43
2020-06-03 16:00:00,78,30,48
2020-06-03 17:00:00,77,30,47
2020-06-03 18:00:00,96,30,66
2020-06-03 19:00:00,62,2,60
2020-06-03 20:00:00,18,4,14
2020-06-03 21:00:00,6,2,4
2020-06-03 22:00:00,0,0,0
2020-06-03 23:00:00,0,0,0
2020-06-04 00:00:00,0,0,0
2020-06-04 01:00:00,0,0,0
2020-06-04 02:00:00,0,0,0
2020-06-04 03:00:00,0,0,0
2020-06-04 04:00:00,0,0,0
2020-06-04 05:00:00,3,1,2
2020-06-04 06:00:00,20,9,11
2020-06-04 07:00:00,29,8,21
2020-06-04 08:00:00,36,13,23
2020-06-04 09:00:00,16,5,11
2020-06-04 10:00:00,31,17,14
2020-06-04 11:00:00,27,8,19
2020-06-04 12:00:00,38,14,24
2020-06-04 13:00:00,29,11,18
2020-06-04 14:00:00,36,20,16
2020-06-04 15:00:00,48,15,33
2020-06-04 16:00:00,59,20,39
2020-06-04 17:00:00,87,31,56
2020-06-04 18:00:00,81,28,53
2020-06-04 19:00:00,65,7,58
2020-06-04 20:00:00,30,3,27
2020-06-04 21:00:00,5,2,3
2020-06-04 22:00:00,4,1,3
2020-06-04 23:00:00,1,0,1
2020-06-05 00:00:00,0,0,0
2020-06-05 01:00:00,1,1,0
2020-06-05 02:00:00,1,0,1
2020-06-05 03:00:00,1,0,1
2020-06-05 04:00:00,1,1,0
2020-06-05 05:00:00,8,4,4
2020-06-05 06:00:00,18,6,12
2020-06-05 07:00:00,21,3,18
2020-06-05 08:00:00,28,8,20
2020-06-05 09:00:00,20,9,11
2020-06-05 10:00:00,36,12,24
2020-06-05 11:00:00,40,14,26
2020-06-05 12:00:00,41,12,29
2020-06-05 13:00:00,43,19,24
2020-06-05 14:00:00,65,21,44
2020-06-05 15:00:00,60,22,38
2020-06-05 16:00:00,70,24,46
2020-06-05 17:00:00,83,24,59
2020-06-05 18:00:00,56,9,47
2020-06-05 19:00:00,50,7,43
2020-06-05 20:00:00,19,5,14
2020-06-05 21:00:00,6,0,6
2020-06-05 22:00:00,3,2,1
2020-06-05 23:00:00,0,0,0
2020-06-06 00:00:00,0,0,0
2020-06-06 01:00:00,1,0,1
2020-06-06 02:00:00,0,0,0
2020-06-06 03:00:00,1,0,1
2020-06-06 04:00:00,0,0,0
2020-06-06 05:00:00,0,0,0
2020-06-06 06:00:00,11,10,1
2020-06-06 07:00:00,29,13,16
2020-06-06 08:00:00,64,26,38
2020-06-06 09:00:00,81,37,44
2020-06-06 10:00:00,100,38,62
2020-06-06 11:00:00,91,23,68
2020-06-06 12:00:00,104,48,56
2020-06-06 13:00:00,115,32,83
2020-06-06 14:00:00,78,26,52
2020-06-06 15:00:00,38,8,30
2020-06-06 16:00:00,48,18,30
2020-06-06 17:00:00,35,10,25
2020-06-06 18:00:00,31,8,23
2020-06-06 19:00:00,13,3,10
2020-06-06 20:00:00,6,1,5
2020-06-06 21:00:00,1,0,1
2020-06-06 22:00:00,1,0,1
2020-06-06 23:00:00,1,0,1
2020-06-07 00:00:00,0,0,0
2020-06-07 01:00:00,0,0,0
2020-06-07 02:00:00,0,0,0
2020-06-07 03:00:00,0,0,0
2020-06-07 04:00:00,1,0,1
2020-06-07 05:00:00,1,1,0
2020-06-07 06:00:00,1,0,1
2020-06-07 07:00:00,4,3,1
2020-06-07 08:00:00,10,8,2
2020-06-07 09:00:00,19,5,14
2020-06-07 10:00:00,27,16,11
2020-06-07 11:00:00,26,4,22
2020-06-07 12:00:00,37,16,21
2020-06-07 13:00:00,43,20,23
2020-06-07 14:00:00,67,34,33
2020-06-07 15:00:00,85,33,52
2020-06-07 16:00:00,93,26,67
2020-06-07 17:00:00,87,30,57
2020-06-07 18:00:00,57,9,48
2020-06-07 19:00:00,32,10,22
2020-06-07 20:00:00,24,7,17
2020-06-07 21:00:00,5,0,5
2020-06-07 22:00:00,0,0,0
2020-06-07 23:00:00,0,0,0
2020-06-08 00:00:00,0,0,0
2020-06-08 01:00:00,0,0,0
2020-06-08 02:00:00,0,0,0
2020-06-08 03:00:00,0,0,0
2020-06-08 04:00:00,1,0,1
2020-06-08 05:00:00,6,0,6
2020-06-08 06:00:00,12,2,10
2020-06-08 07:00:00,26,9,17
2020-06-08 08:00:00,26,8,18
2020-06-08 09:00:00,16,10,6
2020-06-08 10:00:00,25,12,13
2020-06-08 11:00:00,34,6,28
2020-06-08 12:00:00,32,13,19
2020-06-08 13:00:00,47,14,33
2020-06-08 14:00:00,37,11,26
2020-06-08 15:00:00,33,18,15
2020-06-08 16:00:00,68,22,46
2020-06-08 17:00:00,69,18,51
2020-06-08 18:00:00,56,12,44
2020-06-08 19:00:00,51,13,38
2020-06-08 20:00:00,28,4,24
2020-06-08 21:00:00,3,0,3
2020-06-08 22:00:00,0,0,0
2020-06-08 23:00:00,1,0,1
2020-06-09 00:00:00,0,0,0
2020-06-09 01:00:00,0,0,0
2020-06-09 02:00:00,0,0,0
2020-06-09 03:00:00,0,0,0
2020-06-09 04:00:00,0,0,0
2020-06-09 05:00:00,0,0,0
2020-06-09 06:00:00,4,1,3
2020-06-09 07:00:00,6,4,2
2020-06-09 08:00:00,8,1,7
2020-06-09 09:00:00,1,0,1
2020-06-09 10:00:00,1,1,0
2020-06-09 11:00:00,4,1,3
2020-06-09 12:00:00,3,0,3
2020-06-09 13:00:00,5,2,3
2020-06-09 14:00:00,10,5,5
2020-06-09 15:00:00,9,3,6
2020-06-09 16:00:00,13,6,7
2020-06-09 17:00:00,20,7,13
2020-06-09 18:00:00,16,5,11
2020-06-09 19:00:00,15,0,15
2020-06-09 20:00:00,4,0,4
2020-06-09 21:00:00,0,0,0
2020-06-09 22:00:00,2,2,0
2020-06-09 23:00:00,1,0,1
2020-06-10 00:00:00,0,0,0
2020-06-10 01:00:00,0,0,0
2020-06-10 02:00:00,1,0,1
2020-06-10 03:00:00,0,0,0
2020-06-10 04:00:00,1,0,1
2020-06-10 05:00:00,4,0,4
2020-06-10 06:00:00,9,3,6
2020-06-10 07:00:00,33,7,26
2020-06-10 08:00:00,15,4,11
2020-06-10 09:00:00,6,3,3
2020-06-10 10:00:00,28,13,15
2020-06-10 11:00:00,32,9,23
2020-06-10 12:00:00,41,13,28
2020-06-10 13:00:00,46,14,32
2020-06-10 14:00:00,48,17,31
2020-06-10 15:00:00,71,26,45
2020-06-10 16:00:00,100,33,67
2020-06-10 17:00:00,91,27,64
2020-06-10 18:00:00,115,34,81
2020-06-10 19:00:00,66,6,60
2020-06-10 20:00:00,42,12,30
2020-06-10 21:00:00,12,2,10
2020-06-10 22:00:00,2,0,2
2020-06-10 23:00:00,0,0,0
2020-06-11 00:00:00,1,0,1
2020-06-11 01:00:00,0,0,0
2020-06-11 02:00:00,0,0,0
2020-06-11 03:00:00,0,0,0
2020-06-11 04:00:00,1,0,1
2020-06-11 05:00:00,5,0,5
2020-06-11 06:00:00,17,5,12
2020-06-11 07:00:00,20,10,10
2020-06-11 08:00:00,19,6,13
2020-06-11 09:00:00,7,5,2
2020-06-11 10:00:00,4,0,4
2020-06-11 11:00:00,8,1,7
2020-06-11 12:00:00,5,4,1
2020-06-11 13:00:00,14,11,3
2020-06-11 14:00:00,20,8,12
2020-06-11 15:00:00,34,13,21
2020-06-11 16:00:00,49,16,33
2020-06-11 17:00:00,72,32,40
2020-06-11 18:00:00,81,28,53
2020-06-11 19:00:00,80,13,67
2020-06-11 20:00:00,33,4,29
2020-06-11 21:00:00,11,2,9
2020-06-11 22:00:00,1,0,1
2020-06-11 23:00:00,0,0,0
2020-06-12 00:00:00,0,0,0
2020-06-12 01:00:00,1,1,0
2020-06-12 02:00:00,0,0,0
2020-06-12 03:00:00,1,0,1
2020-06-12 04:00:00,1,0,1
2020-06-12 05:00:00,2,0,2
2020-06-12 06:00:00,16,7,9
2020-06-12 07:00:00,22,4,18
2020-06-12 08:00:00,17,6,11
2020-06-12 09:00:00,10,5,5
2020-06-12 10:00:00,12,4,8
2020-06-12 11:00:00,12,2,10
2020-06-12 12:00:00,12,4,8
2020-06-12 13:00:00,20,5,15
2020-06-12 14:00:00,5,1,4
2020-06-12 15:00:00,12,11,1
2020-06-12 16:00:00,22,17,5
2020-06-12 17:00:00,11,6,5
2020-06-12 18:00:00,38,14,24
2020-06-12 19:00:00,27,5,22
2020-06-12 20:00:00,27,5,22
2020-06-12 21:00:00,6,0,6
2020-06-12 22:00:00,1,0,1
2020-06-12 23:00:00,0,0,0
2020-06-13 00:00:00,0,0,0
2020-06-13 01:00:00,0,0,0
2020-06-13 02:00:00,0,0,0
2020-06-13 03:00:00,1,0,1
2020-06-13 04:00:00,0,0,0
2020-06-13 05:00:00,1,0,1
2020-06-13 06:00:00,1,1,0
2020-06-13 07:00:00,15,4,11
2020-06-13 08:00:00,17,6,11
2020-06-13 09:00:00,34,16,18
2020-06-13 10:00:00,32,20,12
2020-06-13 11:00:00,43,20,23
2020-06-13 12:00:00,56,16,40
2020-06-13 13:00:00,68,21,47
2020-06-13 14:00:00,33,14,19
2020-06-13 15:00:00,50,20,30
2020-06-13 16:00:00,27,6,21
2020-06-13 17:00:00,53,18,35
2020-06-13 18:00:00,19,7,12
2020-06-13 19:00:00,18,4,14
2020-06-13 20:00:00,4,3,1
2020-06-13 21:00:00,5,2,3
2020-06-13 22:00:00,1,0,1
2020-06-13 23:00:00,0,0,0
2020-06-14 00:00:00,1,1,0
2020-06-14 01:00:00,0,0,0
2020-06-14 02:00:00,0,0,0
2020-06-14 03:00:00,0,0,0
2020-06-14 04:00:00,0,0,0
2020-06-14 05:00:00,2,0,2
2020-06-14 06:00:00,3,2,1
2020-06-14 07:00:00,16,9,7
2020-06-14 08:00:00,41,29,12
2020-06-14 09:00:00,69,32,37
2020-06-14 10:00:00,137,79,58
2020-06-14 11:00:00,120,44,76
2020-06-14 12:00:00,170,55,115
2020-06-14 13:00:00,194,101,93
2020-06-14 14:00:00,182,77,105
2020-06-14 15:00:00,187,74,113
2020-06-14 16:00:00,118,40,78
2020-06-14 17:00:00,82,19,63
2020-06-14 18:00:00,61,15,46
2020-06-14 19:00:00,31,9,22
2020-06-14 20:00:00,11,3,8
2020-06-14 21:00:00,6,0,6
2020-06-14 22:00:00,1,0,1
2020-06-14 23:00:00,1,1,0
2020-06-15 00:00:00,0,0,0
2020-06-15 01:00:00,0,0,0
2020-06-15 02:00:00,0,0,0
2020-06-15 03:00:00,0,0,0
2020-06-15 04:00:00,1,0,1
2020-06-15 05:00:00,2,0,2
2020-06-15 06:00:00,5,0,5
2020-06-15 07:00:00,12,3,9
2020-06-15 08:00:00,7,1,6
2020-06-15 09:00:00,0,0,0
2020-06-15 10:00:00,5,5,0
2020-06-15 11:00:00,2,0,2
2020-06-15 12:00:00,0,0,0
2020-06-15 13:00:00,7,4,3
2020-06-15 14:00:00,3,2,1
2020-06-15 15:00:00,9,4,5
2020-06-15 16:00:00,11,6,5
2020-06-15 17:00:00,25,14,11
2020-06-15 18:00:00,29,6,23
2020-06-15 19:00:00,31,6,25
2020-06-15 20:00:00,13,3,10
2020-06-15 21:00:00,6,3,3
2020-06-15 22:00:00,0,0,0
2020-06-15 23:00:00,0,0,0
2020-06-16 00:00:00,0,0,0
2020-06-16 01:00:00,0,0,0
2020-06-16 02:00:00,0,0,0
2020-06-16 03:00:00,0,0,0
2020-06-16 04:00:00,0,0,0
2020-06-16 05:00:00,5,0,5
2020-06-16 06:00:00,5,2,3
2020-06-16 07:00:00,16,5,11
2020-06-16 08:00:00,18,5,13
2020-06-16 09:00:00,23,11,12
2020-06-16 10:00:00,18,13,5
2020-06-16 11:00:00,15,3,12
2020-06-16 12:00:00,21,9,12
2020-06-16 13:00:00,40,18,22
2020-06-16 14:00:00,24,9,15
2020-06-16 15:00:00,54,18,36
2020-06-16 16:00:00,73,18,55
2020-06-16 17:00:00,96,40,56
2020-06-16 18:00:00,109,35,74
2020-06-16 19:00:00,66,16,50
2020-06-16 20:00:00,45,7,38
2020-06-16 21:00:00,5,2,3
2020-06-16 22:00:00,0,0,0
2020-06-16 23:00:00,1,0,1
2020-06-17 00:00:00,1,1,0
2020-06-17 01:00:00,0,0,0
2020-06-17 02:00:00,2,0,2
2020-06-17 03:00:00,0,0,0
2020-06-17 04:00:00,0,0,0
2020-06-17 05:00:00,12,2,10
2020-06-17 06:00:00,15,6,9
2020-06-17 07:00:00,23,7,16
2020-06-17 08:00:00,22,9,13
2020-06-17 09:00:00,39,15,24
2020-06-17 10:00:00,29,15,14
2020-06-17 11:00:00,42,12,30
2020-06-17 12:00:00,35,12,23
2020-06-17 13:00:00,42,20,22
2020-06-17 14:00:00,55,16,39
2020-06-17 15:00:00,61,27,34
2020-06-17 16:00:00,80,31,49
2020-06-17 17:00:00,116,48,68
2020-06-17 18:00:00,128,32,96
2020-06-17 19:00:00,81,17,64
2020-06-17 20:00:00,42,7,35
2020-06-17 21:00:00,12,2,10
2020-06-17 22:00:00,0,0,0
2020-06-17 23:00:00,0,0,0
2020-06-18 00:00:00,0,0,0
2020-06-18 01:00:00,1,0,1
2020-06-18 02:00:00,0,0,0
2020-06-18 03:00:00,0,0,0
2020-06-18 04:00:00,0,0,0
2020-06-18 05:00:00,6,3,3
2020-06-18 06:00:00,23,4,19
2020-06-18 07:00:00,33,10,23
2020-06-18 08:00:00,33,6,27
2020-06-18 09:00:00,27,12,15
2020-06-18 10:00:00,26,12,14
2020-06-18 11:00:00,66,32,34
2020-06-18 12:00:00,57,19,38
2020-06-18 13:00:00,65,23,42
2020-06-18 14:00:00,52,15,37
2020-06-18 15:00:00,47,22,25
2020-06-18 16:00:00,75,31,44
2020-06-18 17:00:00,87,33,54
2020-06-18 18:00:00,103,26,77
2020-06-18 19:00:00,73,13,60
2020-06-18 20:00:00,34,4,30
2020-06-18 21:00:00,14,3,11
2020-06-18 22:00:00,1,0,1
2020-06-18 23:00:00,0,0,0
2020-06-19 00:00:00,0,0,0
2020-06-19 01:00:00,0,0,0
2020-06-19 02:00:00,0,0,0
2020-06-19 03:00:00,0,0,0
2020-06-19 04:00:00,2,1,1
2020-06-19 05:00:00,4,3,1
2020-06-19 06:00:00,14,3,11
2020-06-19 07:00:00,40,14,26
2020-06-19 08:00:00,53,16,37
2020-06-19 09:00:00,38,14,24
2020-06-19 10:00:00,61,30,31
2020-06-19 11:00:00,62,27,35
2020-06-19 12:00:00,49,28,21
2020-06-19 13:00:00,75,22,53
2020-06-19 14:00:00,57,20,37
2020-06-19 15:00:00,71,16,55
2020-06-19 16:00:00,83,24,59
2020-06-19 17:00:00,82,30,52
2020-06-19 18:00:00,70,23,47
2020-06-19 19:00:00,46,14,32
2020-06-19 20:00:00,14,0,14
2020-06-19 21:00:00,8,2,6
2020-06-19 22:00:00,1,1,0
2020-06-19 23:00:00,0,0,0
2020-06-20 00:00:00,1,1,0
2020-06-20 01:00:00,0,0,0
2020-06-20 02:00:00,0,0,0
2020-06-20 03:00:00,0,0,0
2020-06-20 04:00:00,1,0,1
2020-06-20 05:00:00,2,0,2
2020-06-20 06:00:00,2,0,2
2020-06-20 07:00:00,10,1,9
2020-06-20 08:00:00,23,16,7
2020-06-20 09:00:00,18,9,9
2020-06-20 10:00:00,28,14,14
2020-06-20 11:00:00,32,13,19
2020-06-20 12:00:00,40,21,19
2020-06-20 13:00:00,78,32,46
2020-06-20 14:00:00,62,24,38
2020-06-20 15:00:00,75,30,45
2020-06-20 16:00:00,80,30,50
2020-06-20 17:00:00,76,21,55
2020-06-20 18:00:00,60,11,49
2020-06-20 19:00:00,24,7,17
2020-06-20 20:00:00,21,4,17
2020-06-20 21:00:00,10,3,7
2020-06-20 22:00:00,0,0,0
2020-06-20 23:00:00,0,0,0
2020-06-21 00:00:00,1,1,0
2020-06-21 01:00:00,0,0,0
2020-06-21 02:00:00,0,0,0
2020-06-21 03:00:00,0,0,0
2020-06-21 04:00:00,1,1,0
2020-06-21 05:00:00,0,0,0
2020-06-21 06:00:00,6,3,3
2020-06-21 07:00:00,15,6,9
2020-06-21 08:00:00,36,16,20
2020-06-21 09:00:00,52,30,22
2020-06-21 10:00:00,79,33,46
2020-06-21 11:00:00,111,53,58
2020-06-21 12:00:00,117,52,65
2020-06-21 13:00:00,154,65,89
2020-06-21 14:00:00,142,63,79
2020-06-21 15:00:00,135,53,82
2020-06-21 16:00:00,123,38,85
2020-06-21 17:00:00,101,30,71
2020-06-21 18:00:00,55,12,43
2020-06-21 19:00:00,47,13,34
2020-06-21 20:00:00,22,6,16
2020-06-21 21:00:00,12,2,10
2020-06-21 22:00:00,1,0,1
2020-06-21 23:00:00,0,0,0
2020-06-22 00:00:00,1,0,1
2020-06-22 01:00:00,0,0,0
2020-06-22 02:00:00,0,0,0
2020-06-22 03:00:00,0,0,0
2020-06-22 04:00:00,2,1,1
2020-06-22 05:00:00,5,0,5
2020-06-22 06:00:00,18,4,14
2020-06-22 07:00:00,20,6,14
2020-06-22 08:00:00,31,6,25
2020-06-22 09:00:00,18,11,7
2020-06-22 10:00:00,24,16,8
2020-06-22 11:00:00,34,16,18
2020-06-22 12:00:00,49,20,29
2020-06-22 13:00:00,35,9,26
2020-06-22 14:00:00,50,18,32
2020-06-22 15:00:00,43,15,28
2020-06-22 16:00:00,56,23,33
2020-06-22 17:00:00,97,33,64
2020-06-22 18:00:00,74,28,46
2020-06-22 19:00:00,61,16,45
2020-06-22 20:00:00,36,9,27
2020-06-22 21:00:00,14,1,13
2020-06-22 22:00:00,4,0,4
2020-06-22 23:00:00,3,1,2
2020-06-23 00:00:00,1,0,1
2020-06-23 01:00:00,0,0,0
2020-06-23 02:00:00,0,0,0
2020-06-23 03:00:00,0,0,0
2020-06-23 04:00:00,2,1,1
2020-06-23 05:00:00,5,3,2
2020-06-23 06:00:00,19,5,14
2020-06-23 07:00:00,33,6,27
2020-06-23 08:00:00,30,7,23
2020-06-23 09:00:00,25,11,14
2020-06-23 10:00:00,38,17,21
2020-06-23 11:00:00,37,12,25
2020-06-23 12:00:00,42,17,25
2020-06-23 13:00:00,40,15,25
2020-06-23 14:00:00,31,9,22
2020-06-23 15:00:00,45,13,32
2020-06-23 16:00:00,36,11,25
2020-06-23 17:00:00,64,29,35
2020-06-23 18:00:00,75,21,54
2020-06-23 19:00:00,68,17,51
2020-06-23 20:00:00,26,5,21
2020-06-23 21:00:00,13,2,11
2020-06-23 22:00:00,2,0,2
2020-06-23 23:00:00,1,0,1
2020-06-24 00:00:00,0,0,0
2020-06-24 01:00:00,0,0,0
2020-06-24 02:00:00,0,0,0
2020-06-24 03:00:00,0,0,0
2020-06-24 04:00:00,1,0,1
2020-06-24 05:00:00,2,0,2
2020-06-24 06:00:00,13,1,12
2020-06-24 07:00:00,22,3,19
2020-06-24 08:00:00,24,6,18
2020-06-24 09:00:00,13,5,8
2020-06-24 10:00:00,19,9,10
2020-06-24 11:00:00,40,16,24
2020-06-24 12:00:00,31,12,19
2020-06-24 13:00:00,16,5,11
2020-06-24 14:00:00,36,15,21
2020-06-24 15:00:00,44,21,23
2020-06-24 16:00:00,34,14,20
2020-06-24 17:00:00,66,20,46
2020-06-24 18:00:00,76,30,46
2020-06-24 19:00:00,97,24,73
2020-06-24 20:00:00,33,4,29
2020-06-24 21:00:00,7,1,6
2020-06-24 22:00:00,2,0,2
2020-06-24 23:00:00,1,1,0
2020-06-25 00:00:00,0,0,0
2020-06-25 01:00:00,1,0,1
2020-06-25 02:00:00,0,0,0
2020-06-25 03:00:00,0,0,0
2020-06-25 04:00:00,1,0,1
2020-06-25 05:00:00,6,2,4
2020-06-25 06:00:00,30,5,25
2020-06-25 07:00:00,36,9,27
2020-06-25 08:00:00,19,1,18
2020-06-25 09:00:00,33,15,18
2020-06-25 10:00:00,30,10,20
2020-06-25 11:00:00,49,22,27
2020-06-25 12:00:00,38,17,21
2020-06-25 13:00:00,49,18,31
2020-06-25 14:00:00,50,15,35
2020-06-25 15:00:00,42,10,32
2020-06-25 16:00:00,54,13,41
2020-06-25 17:00:00,81,24,57
2020-06-25 18:00:00,78,23,55
2020-06-25 19:00:00,84,17,67
2020-06-25 20:00:00,55,13,42
2020-06-25 21:00:00,18,2,16
2020-06-25 22:00:00,3,0,3
2020-06-25 23:00:00,4,2,2
2020-06-26 00:00:00,0,0,0
2020-06-26 01:00:00,0,0,0
2020-06-26 02:00:00,0,0,0
2020-06-26 03:00:00,0,0,0
2020-06-26 04:00:00,0,0,0
2020-06-26 05:00:00,3,0,3
2020-06-26 06:00:00,26,11,15
2020-06-26 07:00:00,33,8,25
2020-06-26 08:00:00,40,11,29
2020-06-26 09:00:00,28,10,18
2020-06-26 10:00:00,48,27,21
2020-06-26 11:00:00,54,20,34
2020-06-26 12:00:00,42,9,33
2020-06-26 13:00:00,38,19,19
2020-06-26 14:00:00,32,8,24
2020-06-26 15:00:00,64,22,42
2020-06-26 16:00:00,55,11,44
2020-06-26 17:00:00,83,18,65
2020-06-26 18:00:00,79,27,52
2020-06-26 19:00:00,44,6,38
2020-06-26 20:00:00,13,0,13
2020-06-26 21:00:00,5,1,4
2020-06-26 22:00:00,1,1,0
2020-06-26 23:00:00,1,0,1
2020-06-27 00:00:00,0,0,0
2020-06-27 01:00:00,0,0,0
2020-06-27 02:00:00,0,0,0
2020-06-27 03:00:00,0,0,0
2020-06-27 04:00:00,0,0,0
2020-06-27 05:00:00,1,0,1
2020-06-27 06:00:00,2,2,0
2020-06-27 07:00:00,12,8,4
2020-06-27 08:00:00,23,9,14
2020-06-27 09:00:00,38,14,24
2020-06-27 10:00:00,19,11,8
2020-06-27 11:00:00,35,11,24
2020-06-27 12:00:00,22,9,13
2020-06-27 13:00:00,16,7,9
2020-06-27 14:00:00,10,6,4
2020-06-27 15:00:00,21,9,12
2020-06-27 16:00:00,21,7,14
2020-06-27 17:00:00,27,8,19
2020-06-27 18:00:00,17,5,12
2020-06-27 19:00:00,12,0,12
2020-06-27 20:00:00,7,4,3
2020-06-27 21:00:00,1,0,1
2020-06-27 22:00:00,1,1,0
2020-06-27 23:00:00,0,0,0
2020-06-28 00:00:00,0,0,0
2020-06-28 01:00:00,0,0,0
2020-06-28 02:00:00,0,0,0
2020-06-28 03:00:00,0,0,0
2020-06-28 04:00:00,0,0,0
2020-06-28 05:00:00,1,0,1
2020-06-28 06:00:00,2,1,1
2020-06-28 07:00:00,12,8,4
2020-06-28 08:00:00,10,5,5
2020-06-28 09:00:00,21,9,12
2020-06-28 10:00:00,22,16,6
2020-06-28 11:00:00,35,14,21
2020-06-28 12:00:00,88,47,41
2020-06-28 13:00:00,125,56,69
2020-06-28 14:00:00,136,67,69
2020-06-28 15:00:00,170,63,107
2020-06-28 16:00:00,157,55,102
2020-06-28 17:00:00,106,26,80
2020-06-28 18:00:00,70,17,53
2020-06-28 19:00:00,44,3,41
2020-06-28 20:00:00,24,8,16
2020-06-28 21:00:00,13,3,10
2020-06-28 22:00:00,1,1,0
2020-06-28 23:00:00,2,1,1
2020-06-29 00:00:00,0,0,0
2020-06-29 01:00:00,0,0,0
2020-06-29 02:00:00,0,0,0
2020-06-29 03:00:00,0,0,0
2020-06-29 04:00:00,1,1,0
2020-06-29 05:00:00,8,0,8
2020-06-29 06:00:00,18,6,12
2020-06-29 07:00:00,31,14,17
2020-06-29 08:00:00,21,4,17
2020-06-29 09:00:00,14,4,10
2020-06-29 10:00:00,14,6,8
2020-06-29 11:00:00,31,21,10
2020-06-29 12:00:00,31,15,16
2020-06-29 13:00:00,27,9,18
2020-06-29 14:00:00,42,13,29
2020-06-29 15:00:00,37,16,21
2020-06-29 16:00:00,52,24,28
2020-06-29 17:00:00,88,34,54
2020-06-29 18:00:00,116,41,75
2020-06-29 19:00:00,53,15,38
2020-06-29 20:00:00,33,8,25
2020-06-29 21:00:00,4,0,4
2020-06-29 22:00:00,1,0,1
2020-06-29 23:00:00,0,0,0
2020-06-30 00:00:00,0,0,0
2020-06-30 01:00:00,1,0,1
2020-06-30 02:00:00,0,0,0
2020-06-30 03:00:00,0,0,0
2020-06-30 04:00:00,1,0,1
2020-06-30 05:00:00,2,0,2
2020-06-30 06:00:00,7,3,4
2020-06-30 07:00:00,9,4,5
2020-06-30 08:00:00,20,1,19
2020-06-30 09:00:00,4,1,3
2020-06-30 10:00:00,4,4,0
2020-06-30 11:00:00,7,4,3
2020-06-30 12:00:00,8,3,5
2020-06-30 13:00:00,9,4,5
2020-06-30 14:00:00,10,6,4
2020-06-30 15:00:00,20,4,16
2020-06-30 16:00:00,44,19,25
2020-06-30 17:00:00,32,11,21
2020-06-30 18:00:00,35,10,25
2020-06-30 19:00:00,23,3,20
2020-06-30 20:00:00,13,2,11
2020-06-30 21:00:00,9,2,7
2020-06-30 22:00:00,0,0,0
2020-06-30 23:00:00,0,0,0
2020-07-01 00:00:00,0,0,0
2020-07-01 01:00:00,0,0,0
2020-07-01 02:00:00,0,0,0
2020-07-01 03:00:00,0,0,0
2020-07-01 04:00:00,2,1,1
2020-07-01 05:00:00,3,2,1
2020-07-01 06:00:00,9,0,9
2020-07-01 07:00:00,22,5,17
2020-07-01 08:00:00,9,5,4
2020-07-01 09:00:00,5,1,4
2020-07-01 10:00:00,7,3,4
2020-07-01 11:00:00,12,6,6
2020-07-01 12:00:00,11,7,4
2020-07-01 13:00:00,20,9,11
2020-07-01 14:00:00,22,4,18
2020-07-01 15:00:00,35,12,23
2020-07-01 16:00:00,36,8,28
2020-07-01 17:00:00,55,20,35
2020-07-01 18:00:00,40,15,25
2020-07-01 19:00:00,32,8,24
2020-07-01 20:00:00,26,3,23
2020-07-01 21:00:00,3,0,3
2020-07-01 22:00:00,1,0,1
2020-07-01 23:00:00,0,0,0
2020-07-02 00:00:00,0,0,0
2020-07-02 01:00:00,0,0,0
2020-07-02 02:00:00,0,0,0
2020-07-02 03:00:00,0,0,0
2020-07-02 04:00:00,2,1,1
2020-07-02 05:00:00,9,1,8
2020-07-02 06:00:00,17,3,14
2020-07-02 07:00:00,14,7,7
2020-07-02 08:00:00,15,4,11
2020-07-02 09:00:00,30,17,13
2020-07-02 10:00:00,21,7,14
2020-07-02 11:00:00,13,5,8
2020-07-02 12:00:00,26,11,15
2020-07-02 13:00:00,25,15,10
2020-07-02 14:00:00,18,6,12
2020-07-02 15:00:00,55,24,31
2020-07-02 16:00:00,58,28,30
2020-07-02 17:00:00,56,19,37
2020-07-02 18:00:00,69,26,43
2020-07-02 19:00:00,30,9,21
2020-07-02 20:00:00,22,1,21
2020-07-02 21:00:00,4,0,4
2020-07-02 22:00:00,0,0,0
2020-07-02 23:00:00,1,0,1
2020-07-03 00:00:00,0,0,0
2020-07-03 01:00:00,0,0,0
2020-07-03 02:00:00,0,0,0
2020-07-03 03:00:00,1,1,0
2020-07-03 04:00:00,0,0,0
2020-07-03 05:00:00,4,2,2
2020-07-03 06:00:00,21,11,10
2020-07-03 07:00:00,17,6,11
2020-07-03 08:00:00,31,15,16
2020-07-03 09:00:00,40,14,26
2020-07-03 10:00:00,53,25,28
2020-07-03 11:00:00,75,40,35
2020-07-03 12:00:00,70,30,40
2020-07-03 13:00:00,98,43,55
2020-07-03 14:00:00,85,28,57
2020-07-03 15:00:00,85,36,49
2020-07-03 16:00:00,70,18,52
2020-07-03 17:00:00,66,13,53
2020-07-03 18:00:00,36,10,26
2020-07-03 19:00:00,23,6,17
2020-07-03 20:00:00,9,0,9
2020-07-03 21:00:00,4,1,3
2020-07-03 22:00:00,1,0,1
2020-07-03 23:00:00,0,0,0
2020-07-04 00:00:00,0,0,0
2020-07-04 01:00:00,0,0,0
2020-07-04 02:00:00,0,0,0
2020-07-04 03:00:00,0,0,0
2020-07-04 04:00:00,0,0,0
2020-07-04 05:00:00,0,0,0
2020-07-04 06:00:00,11,2,9
2020-07-04 07:00:00,12,5,7
2020-07-04 08:00:00,21,13,8
2020-07-04 09:00:00,69,35,34
2020-07-04 10:00:00,87,45,42
2020-07-04 11:00:00,87,33,54
2020-07-04 12:00:00,98,51,47
2020-07-04 13:00:00,102,44,58
2020-07-04 14:00:00,117,58,59
2020-07-04 15:00:00,87,24,63
2020-07-04 16:00:00,108,36,72
2020-07-04 17:00:00,47,15,32
2020-07-04 18:00:00,37,9,28
2020-07-04 19:00:00,34,8,26
2020-07-04 20:00:00,15,1,14
2020-07-04 21:00:00,6,4,2
2020-07-04 22:00:00,0,0,0
2020-07-04 23:00:00,0,0,0
2020-07-05 00:00:00,0,0,0
2020-07-05 01:00:00,0,0,0
2020-07-05 02:00:00,0,0,0
2020-07-05 03:00:00,0,0,0
2020-07-05 04:00:00,0,0,0
2020-07-05 05:00:00,1,0,1
2020-07-05 06:00:00,5,1,4
2020-07-05 07:00:00,15,8,7
2020-07-05 08:00:00,48,32,16
2020-07-05 09:00:00,70,35,35
2020-07-05 10:00:00,101,42,59
2020-07-05 11:00:00,149,63,86
2020-07-05 12:00:00,140,50,90
2020-07-05 13:00:00,171,74,97
2020-07-05 14:00:00,109,39,70
2020-07-05 15:00:00,111,31,80
2020-07-05 16:00:00,85,26,59
2020-07-05 17:00:00,76,15,61
2020-07-05 18:00:00,49,16,33
2020-07-05 19:00:00,26,9,17
2020-07-05 20:00:00,27,5,22
2020-07-05 21:00:00,4,0,4
2020-07-05 22:00:00,2,0,2
2020-07-05 23:00:00,0,0,0
2020-07-06 00:00:00,0,0,0
2020-07-06 01:00:00,0,0,0
2020-07-06 02:00:00,0,0,0
2020-07-06 03:00:00,0,0,0
2020-07-06 04:00:00,1,0,1
2020-07-06 05:00:00,8,2,6
2020-07-06 06:00:00,19,4,15
2020-07-06 07:00:00,19,6,13
2020-07-06 08:00:00,18,4,14
2020-07-06 09:00:00,13,8,5
2020-07-06 10:00:00,20,6,14
2020-07-06 11:00:00,39,18,21
2020-07-06 12:00:00,39,14,25
2020-07-06 13:00:00,45,14,31
2020-07-06 14:00:00,43,15,28
2020-07-06 15:00:00,52,16,36
2020-07-06 16:00:00,61,17,44
2020-07-06 17:00:00,76,24,52
2020-07-06 18:00:00,63,16,47
2020-07-06 19:00:00,40,10,30
2020-07-06 20:00:00,13,3,10
2020-07-06 21:00:00,7,0,7
2020-07-06 22:00:00,2,0,2
2020-07-06 23:00:00,1,1,0
2020-07-07 00:00:00,0,0,0
2020-07-07 01:00:00,0,0,0
2020-07-07 02:00:00,0,0,0
2020-07-07 03:00:00,0,0,0
2020-07-07 04:00:00,1,0,1
2020-07-07 05:00:00,5,0,5
2020-07-07 06:00:00,20,5,15
2020-07-07 07:00:00,22,3,19
2020-07-07 08:00:00,15,2,13
2020-07-07 09:00:00,20,11,9
2020-07-07 10:00:00,17,12,5
2020-07-07 11:00:00,13,1,12
2020-07-07 12:00:00,19,6,13
2020-07-07 13:00:00,26,11,15
2020-07-07 14:00:00,19,3,16
2020-07-07 15:00:00,23,12,11
2020-07-07 16:00:00,37,17,20
2020-07-07 17:00:00,50,15,35
2020-07-07 18:00:00,55,17,38
2020-07-07 19:00:00,28,5,23
2020-07-07 20:00:00,24,3,21
2020-07-07 21:00:00,1,0,1
2020-07-07 22:00:00,0,0,0
2020-07-07 23:00:00,0,0,0
2020-07-08 00:00:00,1,1,0
2020-07-08 01:00:00,0,0,0
2020-07-08 02:00:00,0,0,0
2020-07-08 03:00:00,0,0,0
2020-07-08 04:00:00,0,0,0
2020-07-08 05:00:00,6,1,5
2020-07-08 06:00:00,22,1,21
2020-07-08 07:00:00,25,8,17
2020-07-08 08:00:00,23,3,20
2020-07-08 09:00:00,15,6,9
2020-07-08 10:00:00,24,13,11
2020-07-08 11:00:00,28,5,23
2020-07-08 12:00:00,27,12,15
2020-07-08 13:00:00,34,10,24
2020-07-08 14:00:00,59,23,36
2020-07-08 15:00:00,55,17,38
2020-07-08 16:00:00,80,27,53
2020-07-08 17:00:00,104,41,63
2020-07-08 18:00:00,87,31,56
2020-07-08 19:00:00,70,12,58
2020-07-08 20:00:00,36,5,31
2020-07-08 21:00:00,8,0,8
2020-07-08 22:00:00,1,0,1
2020-07-08 23:00:00,1,0,1
2020-07-09 00:00:00,2,1,1
2020-07-09 01:00:00,0,0,0
2020-07-09 02:00:00,0,0,0
2020-07-09 03:00:00,0,0,0
2020-07-09 04:00:00,0,0,0
2020-07-09 05:00:00,4,0,4
2020-07-09 06:00:00,11,1,10
2020-07-09 07:00:00,21,7,14
2020-07-09 08:00:00,19,8,11
2020-07-09 09:00:00,8,3,5
2020-07-09 10:00:00,10,3,7
2020-07-09 11:00:00,17,10,7
2020-07-09 12:00:00,19,8,11
2020-07-09 13:00:00,20,4,16
2020-07-09 14:00:00,29,8,21
2020-07-09 15:00:00,35,13,22
2020-07-09 16:00:00,48,13,35
2020-07-09 17:00:00,55,24,31
2020-07-09 18:00:00,58,16,42
2020-07-09 19:00:00,64,23,41
2020-07-09 20:00:00,35,1,34
2020-07-09 21:00:00,8,3,5
2020-07-09 22:00:00,0,0,0
2020-07-09 23:00:00,1,1,0
2020-07-10 00:00:00,1,0,1
2020-07-10 01:00:00,0,0,0
2020-07-10 02:00:00,0,0,0
2020-07-10 03:00:00,0,0,0
2020-07-10 04:00:00,0,0,0
2020-07-10 05:00:00,8,2,6
2020-07-10 06:00:00,30,10,20
2020-07-10 07:00:00,32,8,24
2020-07-10 08:00:00,21,8,13
2020-07-10 09:00:00,22,10,12
2020-07-10 10:00:00,21,7,14
2020-07-10 11:00:00,41,21,20
2020-07-10 12:00:00,48,21,27
2020-07-10 13:00:00,57,29,28
2020-07-10 14:00:00,72,31,41
2020-07-10 15:00:00,91,32,59
2020-07-10 16:00:00,81,34,47
2020-07-10 17:00:00,110,36,74
2020-07-10 18:00:00,91,17,74
2020-07-10 19:00:00,33,5,28
2020-07-10 20:00:00,49,10,39
2020-07-10 21:00:00,8,1,7
2020-07-10 22:00:00,2,0,2
2020-07-10 23:00:00,0,0,0
2020-07-11 00:00:00,0,0,0
2020-07-11 01:00:00,0,0,0
2020-07-11 02:00:00,1,1,0
2020-07-11 03:00:00,0,0,0
2020-07-11 04:00:00,2,1,1
2020-07-11 05:00:00,1,0,1
2020-07-11 06:00:00,17,7,10
2020-07-11 07:00:00,34,17,17
2020-07-11 08:00:00,43,18,25
2020-07-11 09:00:00,78,43,35
2020-07-11 10:00:00,110,36,74
2020-07-11 11:00:00,128,74,54
2020-07-11 12:00:00,111,63,48
2020-07-11 13:00:00,126,42,84
2020-07-11 14:00:00,97,23,74
2020-07-11 15:00:00,87,24,63
2020-07-11 16:00:00,77,25,52
2020-07-11 17:00:00,42,13,29
2020-07-11 18:00:00,14,4,10
2020-07-11 19:00:00,21,2,19
2020-07-11 20:00:00,15,5,10
2020-07-11 21:00:00,3,0,3
2020-07-11 22:00:00,4,0,4
2020-07-11 23:00:00,0,0,0
2020-07-12 00:00:00,1,0,1
2020-07-12 01:00:00,0,0,0
2020-07-12 02:00:00,0,0,0
2020-07-12 03:00:00,0,0,0
2020-07-12 04:00:00,0,0,0
2020-07-12 05:00:00,1,1,0
2020-07-12 06:00:00,0,0,0
2020-07-12 07:00:00,18,16,2
2020-07-12 08:00:00,10,6,4
2020-07-12 09:00:00,19,6,13
2020-07-12 10:00:00,35,20,15
2020-07-12 11:00:00,37,20,17
2020-07-12 12:00:00,40,22,18
2020-07-12 13:00:00,104,52,52
2020-07-12 14:00:00,105,39,66
2020-07-12 15:00:00,113,42,71
2020-07-12 16:00:00,123,33,90
2020-07-12 17:00:00,78,22,56
2020-07-12 18:00:00,64,13,51
2020-07-12 19:00:00,38,9,29
2020-07-12 20:00:00,16,2,14
2020-07-12 21:00:00,2,1,1
2020-07-12 22:00:00,1,0,1
2020-07-12 23:00:00,0,0,0
2020-07-13 00:00:00,1,0,1
2020-07-13 01:00:00,0,0,0
2020-07-13 02:00:00,0,0,0
2020-07-13 03:00:00,0,0,0
2020-07-13 04:00:00,1,1,0
2020-07-13 05:00:00,8,0,8
2020-07-13 06:00:00,22,7,15
2020-07-13 07:00:00,23,4,19
2020-07-13 08:00:00,32,12,20
2020-07-13 09:00:00,14,6,8
2020-07-13 10:00:00,28,15,13
2020-07-13 11:00:00,35,20,15
2020-07-13 12:00:00,47,8,39
2020-07-13 13:00:00,41,18,23
2020-07-13 14:00:00,46,12,34
2020-07-13 15:00:00,33,10,23
2020-07-13 16:00:00,56,15,41
2020-07-13 17:00:00,77,34,43
2020-07-13 18:00:00,86,25,61
2020-07-13 19:00:00,80,25,55
2020-07-13 20:00:00,39,8,31
2020-07-13 21:00:00,6,2,4
2020-07-13 22:00:00,0,0,0
2020-07-13 23:00:00,0,0,0
2020-07-14 00:00:00,0,0,0
2020-07-14 01:00:00,0,0,0
2020-07-14 02:00:00,0,0,0
2020-07-14 03:00:00,0,0,0
2020-07-14 04:00:00,2,1,1
2020-07-14 05:00:00,9,2,7
2020-07-14 06:00:00,20,9,11
2020-07-14 07:00:00,45,3,42
2020-07-14 08:00:00,31,10,21
2020-07-14 09:00:00,30,8,22
2020-07-14 10:00:00,25,9,16
2020-07-14 11:00:00,38,23,15
2020-07-14 12:00:00,47,20,27
2020-07-14 13:00:00,47,13,34
2020-07-14 14:00:00,46,12,34
2020-07-14 15:00:00,49,17,32
2020-07-14 16:00:00,62,30,32
2020-07-14 17:00:00,97,30,67
2020-07-14 18:00:00,127,28,99
2020-07-14 19:00:00,58,15,43
2020-07-14 20:00:00,35,8,27
2020-07-14 21:00:00,13,3,10
2020-07-14 22:00:00,0,0,0
2020-07-14 23:00:00,1,0,1
2020-07-15 00:00:00,0,0,0
2020-07-15 01:00:00,0,0,0
2020-07-15 02:00:00,2,0,2
2020-07-15 03:00:00,0,0,0
2020-07-15 04:00:00,0,0,0
2020-07-15 05:00:00,10,3,7
2020-07-15 06:00:00,29,8,21
2020-07-15 07:00:00,34,5,29
2020-07-15 08:00:00,22,3,19
2020-07-15 09:00:00,53,20,33
2020-07-15 10:00:00,35,13,22
2020-07-15 11:00:00,37,13,24
2020-07-15 12:00:00,30,14,16
2020-07-15 13:00:00,31,8,23
2020-07-15 14:00:00,32,11,21
2020-07-15 15:00:00,40,13,27
2020-07-15 16:00:00,57,14,43
2020-07-15 17:00:00,81,24,57
2020-07-15 18:00:00,91,27,64
2020-07-15 19:00:00,63,6,57
2020-07-15 20:00:00,47,9,38
2020-07-15 21:00:00,7,1,6
2020-07-15 22:00:00,1,0,1
2020-07-15 23:00:00,1,1,0
2020-07-16 00:00:00,2,0,2
2020-07-16 01:00:00,0,0,0
2020-07-16 02:00:00,1,0,1
2020-07-16 03:00:00,0,0,0
2020-07-16 04:00:00,2,1,1
2020-07-16 05:00:00,16,4,12
2020-07-16 06:00:00,26,11,15
2020-07-16 07:00:00,27,7,20
2020-07-16 08:00:00,23,8,15
2020-07-16 09:00:00,41,16,25
2020-07-16 10:00:00,37,5,32
2020-07-16 11:00:00,34,15,19
2020-07-16 12:00:00,26,9,17
2020-07-16 13:00:00,21,8,13
2020-07-16 14:00:00,38,13,25
2020-07-16 15:00:00,44,15,29
2020-07-16 16:00:00,67,26,41
2020-07-16 17:00:00,79,26,53
2020-07-16 18:00:00,66,22,44
2020-07-16 19:00:00,53,8,45
2020-07-16 20:00:00,16,2,14
2020-07-16 21:00:00,9,1,8
2020-07-16 22:00:00,2,0,2
2020-07-16 23:00:00,1,1,0
2020-07-17 00:00:00,1,0,1
2020-07-17 01:00:00,0,0,0
2020-07-17 02:00:00,0,0,0
2020-07-17 03:00:00,0,0,0
2020-07-17 04:00:00,0,0,0
2020-07-17 05:00:00,2,1,1
2020-07-17 06:00:00,9,3,6
2020-07-17 07:00:00,16,6,10
2020-07-17 08:00:00,12,6,6
2020-07-17 09:00:00,12,5,7
2020-07-17 10:00:00,20,12,8
2020-07-17 11:00:00,15,6,9
2020-07-17 12:00:00,17,3,14
2020-07-17 13:00:00,25,16,9
2020-07-17 14:00:00,23,10,13
2020-07-17 15:00:00,31,8,23
2020-07-17 16:00:00,37,13,24
2020-07-17 17:00:00,36,10,26
2020-07-17 18:00:00,56,15,41
2020-07-17 19:00:00,26,5,21
2020-07-17 20:00:00,19,1,18
2020-07-17 21:00:00,5,3,2
2020-07-17 22:00:00,0,0,0
2020-07-17 23:00:00,0,0,0
2020-07-18 00:00:00,0,0,0
2020-07-18 01:00:00,1,0,1
2020-07-18 02:00:00,0,0,0
2020-07-18 03:00:00,0,0,0
2020-07-18 04:00:00,2,0,2
2020-07-18 05:00:00,1,0,1
2020-07-18 06:00:00,18,9,9
2020-07-18 07:00:00,27,7,20
2020-07-18 08:00:00,54,21,33
2020-07-18 09:00:00,111,63,48
2020-07-18 10:00:00,147,80,67
2020-07-18 11:00:00,172,70,102
2020-07-18 12:00:00,159,73,86
2020-07-18 13:00:00,168,81,87
2020-07-18 14:00:00,132,37,95
2020-07-18 15:00:00,84,24,60
2020-07-18 16:00:00,88,27,61
2020-07-18 17:00:00,51,18,33
2020-07-18 18:00:00,61,18,43
2020-07-18 19:00:00,63,22,41
2020-07-18 20:00:00,19,4,15
2020-07-18 21:00:00,5,2,3
2020-07-18 22:00:00,1,0,1
2020-07-18 23:00:00,1,0,1
2020-07-19 00:00:00,1,0,1
2020-07-19 01:00:00,0,0,0
2020-07-19 02:00:00,0,0,0
2020-07-19 03:00:00,0,0,0
2020-07-19 04:00:00,0,0,0
2020-07-19 05:00:00,1,0,1
2020-07-19 06:00:00,6,3,3
2020-07-19 07:00:00,27,18,9
2020-07-19 08:00:00,83,45,38
2020-07-19 09:00:00,114,53,61
2020-07-19 10:00:00,138,58,80
2020-07-19 11:00:00,150,61,89
2020-07-19 12:00:00,157,47,110
2020-07-19 13:00:00,116,42,74
2020-07-19 14:00:00,129,45,84
2020-07-19 15:00:00,78,26,52
2020-07-19 16:00:00,70,20,50
2020-07-19 17:00:00,71,18,53
2020-07-19 18:00:00,59,18,41
2020-07-19 19:00:00,32,11,21
2020-07-19 20:00:00,22,2,20
2020-07-19 21:00:00,6,1,5
2020-07-19 22:00:00,2,0,2
2020-07-19 23:00:00,0,0,0
2020-07-20 00:00:00,0,0,0
2020-07-20 01:00:00,0,0,0
2020-07-20 02:00:00,1,0,1
2020-07-20 03:00:00,1,1,0
2020-07-20 04:00:00,1,0,1
2020-07-20 05:00:00,8,1,7
2020-07-20 06:00:00,16,5,11
2020-07-20 07:00:00,30,6,24
2020-07-20 08:00:00,25,10,15
2020-07-20 09:00:00,24,8,16
2020-07-20 10:00:00,45,23,22
2020-07-20 11:00:00,35,15,20
2020-07-20 12:00:00,27,6,21
2020-07-20 13:00:00,34,12,22
2020-07-20 14:00:00,42,16,26
2020-07-20 15:00:00,28,10,18
2020-07-20 16:00:00,41,11,30
2020-07-20 17:00:00,62,18,44
2020-07-20 18:00:00,70,22,48
2020-07-20 19:00:00,63,21,42
2020-07-20 20:00:00,34,5,29
2020-07-20 21:00:00,13,4,9
2020-07-20 22:00:00,1,0,1
2020-07-20 23:00:00,0,0,0
2020-07-21 00:00:00,0,0,0
2020-07-21 01:00:00,1,0,1
2020-07-21 02:00:00,0,0,0
2020-07-21 03:00:00,0,0,0
2020-07-21 04:00:00,1,0,1
2020-07-21 05:00:00,9,3,6
2020-07-21 06:00:00,18,2,16
2020-07-21 07:00:00,49,10,39
2020-07-21 08:00:00,33,12,21
2020-07-21 09:00:00,32,12,20
2020-07-21 10:00:00,47,10,37
2020-07-21 11:00:00,38,14,24
2020-07-21 12:00:00,40,15,25
2020-07-21 13:00:00,30,9,21
2020-07-21 14:00:00,34,12,22
2020-07-21 15:00:00,33,14,19
2020-07-21 16:00:00,47,15,32
2020-07-21 17:00:00,65,24,41
2020-07-21 18:00:00,72,24,48
2020-07-21 19:00:00,59,13,46
2020-07-21 20:00:00,43,6,37
2020-07-21 21:00:00,7,2,5
2020-07-21 22:00:00,2,1,1
2020-07-21 23:00:00,2,0,2
2020-07-22 00:00:00,1,0,1
2020-07-22 01:00:00,1,0,1
2020-07-22 02:00:00,0,0,0
2020-07-22 03:00:00,0,0,0
2020-07-22 04:00:00,1,0,1
2020-07-22 05:00:00,3,0,3
2020-07-22 06:00:00,17,4,13
2020-07-22 07:00:00,24,8,16
2020-07-22 08:00:00,23,4,19
2020-07-22 09:00:00,17,9,8
2020-07-22 10:00:00,18,6,12
2020-07-22 11:00:00,23,7,16
2020-07-22 12:00:00,28,5,23
2020-07-22 13:00:00,18,4,14
2020-07-22 14:00:00,28,9,19
2020-07-22 15:00:00,19,4,15
2020-07-22 16:00:00,39,19,20
2020-07-22 17:00:00,59,17,42
2020-07-22 18:00:00,64,18,46
2020-07-22 19:00:00,46,11,35
2020-07-22 20:00:00,35,8,27
2020-07-22 21:00:00,9,2,7
2020-07-22 22:00:00,2,0,2
2020-07-22 23:00:00,0,0,0
2020-07-23 00:00:00,0,0,0
2020-07-23 01:00:00,0,0,0
2020-07-23 02:00:00,0,0,0
2020-07-23 03:00:00,0,0,0
2020-07-23 04:00:00,0,0,0
2020-07-23 05:00:00,9,2,7
2020-07-23 06:00:00,21,6,15
2020-07-23 07:00:00,25,6,19
2020-07-23 08:00:00,33,16,17
2020-07-23 09:00:00,21,5,16
2020-07-23 10:00:00,25,3,22
2020-07-23 11:00:00,27,11,16
2020-07-23 12:00:00,19,9,10
2020-07-23 13:00:00,22,12,10
2020-07-23 14:00:00,36,9,27
2020-07-23 15:00:00,70,30,40
2020-07-23 16:00:00,61,18,43
2020-07-23 17:00:00,77,29,48
2020-07-23 18:00:00,64,18,46
2020-07-23 19:00:00,83,20,63
2020-07-23 20:00:00,20,3,17
2020-07-23 21:00:00,7,3,4
2020-07-23 22:00:00,0,0,0
2020-07-23 23:00:00,0,0,0
2020-07-24 00:00:00,0,0,0
2020-07-24 01:00:00,0,0,0
2020-07-24 02:00:00,1,0,1
2020-07-24 03:00:00,0,0,0
2020-07-24 04:00:00,1,0,1
2020-07-24 05:00:00,1,0,1
2020-07-24 06:00:00,24,8,16
2020-07-24 07:00:00,33,9,24
2020-07-24 08:00:00,24,5,19
2020-07-24 09:00:00,30,10,20
2020-07-24 10:00:00,35,13,22
2020-07-24 11:00:00,28,17,11
2020-07-24 12:00:00,44,15,29
2020-07-24 13:00:00,43,17,26
2020-07-24 14:00:00,32,13,19
2020-07-24 15:00:00,53,18,35
2020-07-24 16:00:00,57,18,39
2020-07-24 17:00:00,68,32,36
2020-07-24 18:00:00,43,13,30
2020-07-24 19:00:00,23,2,21
2020-07-24 20:00:00,29,8,21
2020-07-24 21:00:00,5,0,5
2020-07-24 22:00:00,1,1,0
2020-07-24 23:00:00,0,0,0
2020-07-25 00:00:00,0,0,0
2020-07-25 01:00:00,2,1,1
2020-07-25 02:00:00,2,0,2
2020-07-25 03:00:00,1,1,0
2020-07-25 04:00:00,0,0,0
2020-07-25 05:00:00,1,1,0
2020-07-25 06:00:00,15,8,7
2020-07-25 07:00:00,22,11,11
2020-07-25 08:00:00,60,35,25
2020-07-25 09:00:00,99,38,61
2020-07-25 10:00:00,129,66,63
2020-07-25 11:00:00,163,62,101
2020-07-25 12:00:00,132,58,74
2020-07-25 13:00:00,132,57,75
2020-07-25 14:00:00,105,38,67
2020-07-25 15:00:00,111,36,75
2020-07-25 16:00:00,96,32,64
2020-07-25 17:00:00,67,17,50
2020-07-25 18:00:00,67,17,50
2020-07-25 19:00:00,33,8,25
2020-07-25 20:00:00,12,6,6
2020-07-25 21:00:00,5,1,4
2020-07-25 22:00:00,2,0,2
2020-07-25 23:00:00,0,0,0
2020-07-26 00:00:00,1,0,1
2020-07-26 01:00:00,1,1,0
2020-07-26 02:00:00,2,1,1
2020-07-26 03:00:00,0,0,0
2020-07-26 04:00:00,1,1,0
2020-07-26 05:00:00,1,0,1
2020-07-26 06:00:00,7,4,3
2020-07-26 07:00:00,24,7,17
2020-07-26 08:00:00,69,37,32
2020-07-26 09:00:00,113,68,45
2020-07-26 10:00:00,133,65,68
2020-07-26 11:00:00,181,80,101
2020-07-26 12:00:00,131,51,80
2020-07-26 13:00:00,119,34,85
2020-07-26 14:00:00,129,39,90
2020-07-26 15:00:00,56,14,42
2020-07-26 16:00:00,88,20,68
2020-07-26 17:00:00,71,22,49
2020-07-26 18:00:00,39,10,29
2020-07-26 19:00:00,33,6,27
2020-07-26 20:00:00,31,8,23
2020-07-26 21:00:00,3,2,1
2020-07-26 22:00:00,3,2,1
2020-07-26 23:00:00,0,0,0
2020-07-27 00:00:00,0,0,0
2020-07-27 01:00:00,5,5,0
2020-07-27 02:00:00,12,1,11
2020-07-27 03:00:00,0,0,0
2020-07-27 04:00:00,0,0,0
2020-07-27 05:00:00,10,2,8
2020-07-27 06:00:00,20,7,13
2020-07-27 07:00:00,30,6,24
2020-07-27 08:00:00,45,15,30
2020-07-27 09:00:00,27,11,16
2020-07-27 10:00:00,21,8,13
2020-07-27 11:00:00,24,4,20
2020-07-27 12:00:00,33,15,18
2020-07-27 13:00:00,27,3,24
2020-07-27 14:00:00,11,3,8
2020-07-27 15:00:00,22,10,12
2020-07-27 16:00:00,35,11,24
2020-07-27 17:00:00,38,8,30
2020-07-27 18:00:00,38,12,26
2020-07-27 19:00:00,31,9,22
2020-07-27 20:00:00,28,7,21
2020-07-27 21:00:00,6,0,6
2020-07-27 22:00:00,1,1,0
2020-07-27 23:00:00,1,0,1
2020-07-28 00:00:00,0,0,0
2020-07-28 01:00:00,0,0,0
2020-07-28 02:00:00,0,0,0
2020-07-28 03:00:00,0,0,0
2020-07-28 04:00:00,0,0,0
2020-07-28 05:00:00,10,3,7
2020-07-28 06:00:00,32,13,19
2020-07-28 07:00:00,53,15,38
2020-07-28 08:00:00,32,11,21
2020-07-28 09:00:00,35,13,22
2020-07-28 10:00:00,38,16,22
2020-07-28 11:00:00,28,11,17
2020-07-28 12:00:00,24,9,15
2020-07-28 13:00:00,49,24,25
2020-07-28 14:00:00,37,11,26
2020-07-28 15:00:00,33,7,26
2020-07-28 16:00:00,48,14,34
2020-07-28 17:00:00,72,25,47
2020-07-28 18:00:00,75,23,52
2020-07-28 19:00:00,74,21,53
2020-07-28 20:00:00,32,6,26
2020-07-28 21:00:00,4,1,3
2020-07-28 22:00:00,2,1,1
2020-07-28 23:00:00,0,0,0
2020-07-29 00:00:00,1,0,1
2020-07-29 01:00:00,0,0,0
2020-07-29 02:00:00,1,1,0
2020-07-29 03:00:00,0,0,0
2020-07-29 04:00:00,0,0,0
2020-07-29 05:00:00,4,0,4
2020-07-29 06:00:00,15,5,10
2020-07-29 07:00:00,47,11,36
2020-07-29 08:00:00,27,6,21
2020-07-29 09:00:00,41,14,27
2020-07-29 10:00:00,30,13,17
2020-07-29 11:00:00,39,12,27
2020-07-29 12:00:00,30,6,24
2020-07-29 13:00:00,23,8,15
2020-07-29 14:00:00,24,11,13
2020-07-29 15:00:00,35,16,19
2020-07-29 16:00:00,53,26,27
2020-07-29 17:00:00,66,20,46
2020-07-29 18:00:00,99,28,71
2020-07-29 19:00:00,61,13,48
2020-07-29 20:00:00,36,11,25
2020-07-29 21:00:00,6,0,6
2020-07-29 22:00:00,1,0,1
2020-07-29 23:00:00,0,0,0
2020-07-30 00:00:00,0,0,0
2020-07-30 01:00:00,0,0,0
2020-07-30 02:00:00,0,0,0
2020-07-30 03:00:00,0,0,0
2020-07-30 04:00:00,0,0,0
2020-07-30 05:00:00,5,0,5
2020-07-30 06:00:00,23,3,20
2020-07-30 07:00:00,32,12,20
2020-07-30 08:00:00,36,14,22
2020-07-30 09:00:00,35,9,26
2020-07-30 10:00:00,31,10,21
2020-07-30 11:00:00,21,8,13
2020-07-30 12:00:00,30,10,20
2020-07-30 13:00:00,27,7,20
2020-07-30 14:00:00,34,7,27
2020-07-30 15:00:00,34,7,27
2020-07-30 16:00:00,43,16,27
2020-07-30 17:00:00,56,18,38
2020-07-30 18:00:00,55,16,39
2020-07-30 19:00:00,63,13,50
2020-07-30 20:00:00,41,5,36
2020-07-30 21:00:00,3,1,2
2020-07-30 22:00:00,3,0,3
2020-07-30 23:00:00,0,0,0
2020-07-31 00:00:00,0,0,0
2020-07-31 01:00:00,1,1,0
2020-07-31 02:00:00,0,0,0
2020-07-31 03:00:00,0,0,0
2020-07-31 04:00:00,0,0,0
2020-07-31 05:00:00,4,0,4
2020-07-31 06:00:00,21,8,13
2020-07-31 07:00:00,51,9,42
2020-07-31 08:00:00,39,9,30
2020-07-31 09:00:00,44,19,25
2020-07-31 10:00:00,47,21,26
2020-07-31 11:00:00,53,19,34
2020-07-31 12:00:00,33,12,21
2020-07-31 13:00:00,47,12,35
2020-07-31 14:00:00,38,12,26
2020-07-31 15:00:00,58,19,39
2020-07-31 16:00:00,45,11,34
2020-07-31 17:00:00,57,22,35
2020-07-31 18:00:00,51,13,38
2020-07-31 19:00:00,38,5,33
2020-07-31 20:00:00,25,6,19
2020-07-31 21:00:00,1,0,1
2020-07-31 22:00:00,1,0,1
2020-07-31 23:00:00,0,0,0
2020-08-01 00:00:00,0,0,0
2020-08-01 01:00:00,0,0,0
2020-08-01 02:00:00,0,0,0
2020-08-01 03:00:00,0,0,0
2020-08-01 04:00:00,0,0,0
2020-08-01 05:00:00,4,2,2
2020-08-01 06:00:00,17,10,7
2020-08-01 07:00:00,28,13,15
2020-08-01 08:00:00,71,41,30
2020-08-01 09:00:00,84,38,46
2020-08-01 10:00:00,122,65,57
2020-08-01 11:00:00,109,48,61
2020-08-01 12:00:00,110,51,59
2020-08-01 13:00:00,112,47,65
2020-08-01 14:00:00,117,51,66
2020-08-01 15:00:00,122,32,90
2020-08-01 16:00:00,99,38,61
2020-08-01 17:00:00,63,22,41
2020-08-01 18:00:00,55,20,35
2020-08-01 19:00:00,31,5,26
2020-08-01 20:00:00,25,7,18
2020-08-01 21:00:00,4,1,3
2020-08-01 22:00:00,5,2,3
2020-08-01 23:00:00,2,2,0
2020-08-02 00:00:00,4,2,2
2020-08-02 01:00:00,2,0,2
2020-08-02 02:00:00,0,0,0
2020-08-02 03:00:00,0,0,0
2020-08-02 04:00:00,0,0,0
2020-08-02 05:00:00,1,0,1
2020-08-02 06:00:00,11,5,6
2020-08-02 07:00:00,25,14,11
2020-08-02 08:00:00,88,39,49
2020-08-02 09:00:00,112,63,49
2020-08-02 10:00:00,115,49,66
2020-08-02 11:00:00,171,67,104
2020-08-02 12:00:00,165,77,88
2020-08-02 13:00:00,111,35,76
2020-08-02 14:00:00,94,35,59
2020-08-02 15:00:00,93,35,58
2020-08-02 16:00:00,95,20,75
2020-08-02 17:00:00,72,21,51
2020-08-02 18:00:00,41,16,25
2020-08-02 19:00:00,31,6,25
2020-08-02 20:00:00,11,1,10
2020-08-02 21:00:00,2,0,2
2020-08-02 22:00:00,3,0,3
2020-08-02 23:00:00,2,1,1
2020-08-03 00:00:00,0,0,0
2020-08-03 01:00:00,0,0,0
2020-08-03 02:00:00,0,0,0
2020-08-03 03:00:00,0,0,0
2020-08-03 04:00:00,1,0,1
2020-08-03 05:00:00,6,0,6
2020-08-03 06:00:00,7,0,7
2020-08-03 07:00:00,24,4,20
2020-08-03 08:00:00,19,7,12
2020-08-03 09:00:00,23,10,13
2020-08-03 10:00:00,18,10,8
2020-08-03 11:00:00,30,7,23
2020-08-03 12:00:00,37,11,26
2020-08-03 13:00:00,19,7,12
2020-08-03 14:00:00,34,8,26
2020-08-03 15:00:00,22,9,13
2020-08-03 16:00:00,63,15,48
2020-08-03 17:00:00,53,17,36
2020-08-03 18:00:00,54,11,43
2020-08-03 19:00:00,40,7,33
2020-08-03 20:00:00,23,5,18
2020-08-03 21:00:00,2,1,1
2020-08-03 22:00:00,1,0,1
2020-08-03 23:00:00,0,0,0
2020-08-04 00:00:00,1,0,1
2020-08-04 01:00:00,0,0,0
2020-08-04 02:00:00,0,0,0
2020-08-04 03:00:00,0,0,0
2020-08-04 04:00:00,2,0,2
2020-08-04 05:00:00,7,0,7
2020-08-04 06:00:00,24,6,18
2020-08-04 07:00:00,55,15,40
2020-08-04 08:00:00,45,12,33
2020-08-04 09:00:00,19,5,14
2020-08-04 10:00:00,31,11,20
2020-08-04 11:00:00,38,10,28
2020-08-04 12:00:00,27,5,22
2020-08-04 13:00:00,42,28,14
2020-08-04 14:00:00,42,12,30
2020-08-04 15:00:00,48,10,38
2020-08-04 16:00:00,38,9,29
2020-08-04 17:00:00,81,23,58
2020-08-04 18:00:00,96,23,73
2020-08-04 19:00:00,65,12,53
2020-08-04 20:00:00,40,10,30
2020-08-04 21:00:00,4,3,1
2020-08-04 22:00:00,1,0,1
2020-08-04 23:00:00,1,0,1
2020-08-05 00:00:00,0,0,0
2020-08-05 01:00:00,1,1,0
2020-08-05 02:00:00,0,0,0
2020-08-05 03:00:00,0,0,0
2020-08-05 04:00:00,0,0,0
2020-08-05 05:00:00,11,1,10
2020-08-05 06:00:00,22,9,13
2020-08-05 07:00:00,39,9,30
2020-08-05 08:00:00,27,5,22
2020-08-05 09:00:00,35,13,22
2020-08-05 10:00:00,52,28,24
2020-08-05 11:00:00,40,12,28
2020-08-05 12:00:00,32,9,23
2020-08-05 13:00:00,54,18,36
2020-08-05 14:00:00,30,6,24
2020-08-05 15:00:00,30,11,19
2020-08-05 16:00:00,43,21,22
2020-08-05 17:00:00,81,19,62
2020-08-05 18:00:00,96,26,70
2020-08-05 19:00:00,72,11,61
2020-08-05 20:00:00,34,9,25
2020-08-05 21:00:00,8,3,5
2020-08-05 22:00:00,2,0,2
2020-08-05 23:00:00,0,0,0
2020-08-06 00:00:00,0,0,0
2020-08-06 01:00:00,0,0,0
2020-08-06 02:00:00,0,0,0
2020-08-06 03:00:00,0,0,0
2020-08-06 04:00:00,2,1,1
2020-08-06 05:00:00,4,1,3
2020-08-06 06:00:00,8,1,7
2020-08-06 07:00:00,15,4,11
2020-08-06 08:00:00,9,4,5
2020-08-06 09:00:00,2,2,0
2020-08-06 10:00:00,8,4,4
2020-08-06 11:00:00,5,1,4
2020-08-06 12:00:00,6,4,2
2020-08-06 13:00:00,5,0,5
2020-08-06 14:00:00,6,2,4
2020-08-06 15:00:00,8,3,5
2020-08-06 16:00:00,16,8,8
2020-08-06 17:00:00,22,8,14
2020-08-06 18:00:00,38,17,21
2020-08-06 19:00:00,22,5,17
2020-08-06 20:00:00,17,1,16
2020-08-06 21:00:00,2,0,2
2020-08-06 22:00:00,0,0,0
2020-08-06 23:00:00,0,0,0
2020-08-07 00:00:00,0,0,0
2020-08-07 01:00:00,0,0,0
2020-08-07 02:00:00,0,0,0
2020-08-07 03:00:00,0,0,0
2020-08-07 04:00:00,1,0,1
2020-08-07 05:00:00,2,0,2
2020-08-07 06:00:00,15,4,11
2020-08-07 07:00:00,23,9,14
2020-08-07 08:00:00,30,6,24
2020-08-07 09:00:00,30,13,17
2020-08-07 10:00:00,41,15,26
2020-08-07 11:00:00,53,19,34
2020-08-07 12:00:00,50,20,30
2020-08-07 13:00:00,43,19,24
2020-08-07 14:00:00,62,23,39
2020-08-07 15:00:00,53,24,29
2020-08-07 16:00:00,68,25,43
2020-08-07 17:00:00,86,26,60
2020-08-07 18:00:00,63,9,54
2020-08-07 19:00:00,34,5,29
2020-08-07 20:00:00,9,2,7
2020-08-07 21:00:00,9,9,0
2020-08-07 22:00:00,1,0,1
2020-08-07 23:00:00,1,0,1
2020-08-08 00:00:00,1,0,1
2020-08-08 01:00:00,1,0,1
2020-08-08 02:00:00,0,0,0
2020-08-08 03:00:00,0,0,0
2020-08-08 04:00:00,1,0,1
2020-08-08 05:00:00,0,0,0
2020-08-08 06:00:00,10,5,5
2020-08-08 07:00:00,27,8,19
2020-08-08 08:00:00,56,31,25
2020-08-08 09:00:00,65,31,34
2020-08-08 10:00:00,49,23,26
2020-08-08 11:00:00,51,14,37
2020-08-08 12:00:00,43,15,28
2020-08-08 13:00:00,62,22,40
2020-08-08 14:00:00,48,18,30
2020-08-08 15:00:00,48,10,38
2020-08-08 16:00:00,73,26,47
2020-08-08 17:00:00,52,18,34
2020-08-08 18:00:00,26,3,23
2020-08-08 19:00:00,19,5,14
2020-08-08 20:00:00,8,4,4
2020-08-08 21:00:00,2,0,2
2020-08-08 22:00:00,1,0,1
2020-08-08 23:00:00,0,0,0
2020-08-09 00:00:00,0,0,0
2020-08-09 01:00:00,0,0,0
2020-08-09 02:00:00,0,0,0
2020-08-09 03:00:00,0,0,0
2020-08-09 04:00:00,0,0,0
2020-08-09 05:00:00,2,1,1
2020-08-09 06:00:00,15,6,9
2020-08-09 07:00:00,25,15,10
2020-08-09 08:00:00,77,34,43
2020-08-09 09:00:00,124,62,62
2020-08-09 10:00:00,154,73,81
2020-08-09 11:00:00,196,91,105
2020-08-09 12:00:00,155,66,89
2020-08-09 13:00:00,140,51,89
2020-08-09 14:00:00,126,43,83
2020-08-09 15:00:00,128,51,77
2020-08-09 16:00:00,110,42,68
2020-08-09 17:00:00,89,36,53
2020-08-09 18:00:00,74,23,51
2020-08-09 19:00:00,31,4,27
2020-08-09 20:00:00,17,5,12
2020-08-09 21:00:00,0,0,0
2020-08-09 22:00:00,1,0,1
2020-08-09 23:00:00,0,0,0
2020-08-10 00:00:00,0,0,0
2020-08-10 01:00:00,0,0,0
2020-08-10 02:00:00,0,0,0
2020-08-10 03:00:00,0,0,0
2020-08-10 04:00:00,1,0,1
2020-08-10 05:00:00,9,0,9
2020-08-10 06:00:00,15,7,8
2020-08-10 07:00:00,24,4,20
2020-08-10 08:00:00,20,5,15
2020-08-10 09:00:00,15,6,9
2020-08-10 10:00:00,27,12,15
2020-08-10 11:00:00,27,11,16
2020-08-10 12:00:00,43,12,31
2020-08-10 13:00:00,31,14,17
2020-08-10 14:00:00,44,13,31
2020-08-10 15:00:00,29,8,21
2020-08-10 16:00:00,49,15,34
2020-08-10 17:00:00,70,29,41
2020-08-10 18:00:00,66,16,50
2020-08-10 19:00:00,51,17,34
2020-08-10 20:00:00,22,5,17
2020-08-10 21:00:00,7,3,4
2020-08-10 22:00:00,3,2,1
2020-08-10 23:00:00,0,0,0
2020-08-11 00:00:00,0,0,0
2020-08-11 01:00:00,1,0,1
2020-08-11 02:00:00,0,0,0
2020-08-11 03:00:00,0,0,0
2020-08-11 04:00:00,1,0,1
2020-08-11 05:00:00,9,1,8
2020-08-11 06:00:00,24,4,20
2020-08-11 07:00:00,39,6,33
2020-08-11 08:00:00,27,8,19
2020-08-11 09:00:00,32,17,15
2020-08-11 10:00:00,40,22,18
2020-08-11 11:00:00,37,10,27
2020-08-11 12:00:00,33,10,23
2020-08-11 13:00:00,31,7,24
2020-08-11 14:00:00,43,16,27
2020-08-11 15:00:00,53,18,35
2020-08-11 16:00:00,55,21,34
2020-08-11 17:00:00,75,24,51
2020-08-11 18:00:00,70,24,46
2020-08-11 19:00:00,55,8,47
2020-08-11 20:00:00,6,2,4
2020-08-11 21:00:00,6,1,5
2020-08-11 22:00:00,0,0,0
2020-08-11 23:00:00,0,0,0
2020-08-12 00:00:00,0,0,0
2020-08-12 01:00:00,0,0,0
2020-08-12 02:00:00,0,0,0
2020-08-12 03:00:00,1,0,1
2020-08-12 04:00:00,0,0,0
2020-08-12 05:00:00,10,4,6
2020-08-12 06:00:00,16,3,13
2020-08-12 07:00:00,23,11,12
2020-08-12 08:00:00,35,7,28
2020-08-12 09:00:00,15,7,8
2020-08-12 10:00:00,30,11,19
2020-08-12 11:00:00,31,17,14
2020-08-12 12:00:00,20,9,11
2020-08-12 13:00:00,29,8,21
2020-08-12 14:00:00,28,13,15
2020-08-12 15:00:00,48,16,32
2020-08-12 16:00:00,66,19,47
2020-08-12 17:00:00,74,32,42
2020-08-12 18:00:00,78,27,51
2020-08-12 19:00:00,68,13,55
2020-08-12 20:00:00,17,2,15
2020-08-12 21:00:00,5,1,4
2020-08-12 22:00:00,1,0,1
2020-08-12 23:00:00,2,0,2
2020-08-13 00:00:00,0,0,0
2020-08-13 01:00:00,0,0,0
2020-08-13 02:00:00,0,0,0
2020-08-13 03:00:00,0,0,0
2020-08-13 04:00:00,0,0,0
2020-08-13 05:00:00,7,2,5
2020-08-13 06:00:00,21,9,12
2020-08-13 07:00:00,43,8,35
2020-08-13 08:00:00,30,10,20
2020-08-13 09:00:00,23,7,16
2020-08-13 10:00:00,29,12,17
2020-08-13 11:00:00,51,20,31
2020-08-13 12:00:00,28,12,16
2020-08-13 13:00:00,28,9,19
2020-08-13 14:00:00,30,9,21
2020-08-13 15:00:00,39,9,30
2020-08-13 16:00:00,51,12,39
2020-08-13 17:00:00,103,42,61
2020-08-13 18:00:00,85,20,65
2020-08-13 19:00:00,58,11,47
2020-08-13 20:00:00,34,10,24
2020-08-13 21:00:00,1,0,1
2020-08-13 22:00:00,0,0,0
2020-08-13 23:00:00,0,0,0
2020-08-14 00:00:00,0,0,0
2020-08-14 01:00:00,1,0,1
2020-08-14 02:00:00,0,0,0
2020-08-14 03:00:00,0,0,0
2020-08-14 04:00:00,0,0,0
2020-08-14 05:00:00,11,2,9
2020-08-14 06:00:00,16,8,8
2020-08-14 07:00:00,31,8,23
2020-08-14 08:00:00,31,11,20
2020-08-14 09:00:00,36,12,24
2020-08-14 10:00:00,36,10,26
2020-08-14 11:00:00,30,13,17
2020-08-14 12:00:00,46,11,35
2020-08-14 13:00:00,41,23,18
2020-08-14 14:00:00,42,11,31
2020-08-14 15:00:00,43,11,32
2020-08-14 16:00:00,70,17,53
2020-08-14 17:00:00,63,19,44
2020-08-14 18:00:00,58,17,41
2020-08-14 19:00:00,60,15,45
2020-08-14 20:00:00,22,8,14
2020-08-14 21:00:00,4,1,3
2020-08-14 22:00:00,0,0,0
2020-08-14 23:00:00,1,1,0
2020-08-15 00:00:00,2,1,1
2020-08-15 01:00:00,2,0,2
2020-08-15 02:00:00,0,0,0
2020-08-15 03:00:00,0,0,0
2020-08-15 04:00:00,0,0,0
2020-08-15 05:00:00,1,0,1
2020-08-15 06:00:00,11,8,3
2020-08-15 07:00:00,32,10,22
2020-08-15 08:00:00,72,41,31
2020-08-15 09:00:00,124,67,57
2020-08-15 10:00:00,157,60,97
2020-08-15 11:00:00,132,43,89
2020-08-15 12:00:00,160,61,99
2020-08-15 13:00:00,109,27,82
2020-08-15 14:00:00,91,25,66
2020-08-15 15:00:00,72,18,54
2020-08-15 16:00:00,60,12,48
2020-08-15 17:00:00,46,17,29
2020-08-15 18:00:00,36,7,29
2020-08-15 19:00:00,24,5,19
2020-08-15 20:00:00,26,8,18
2020-08-15 21:00:00,9,3,6
2020-08-15 22:00:00,0,0,0
2020-08-15 23:00:00,5,1,4
2020-08-16 00:00:00,4,4,0
2020-08-16 01:00:00,0,0,0
2020-08-16 02:00:00,0,0,0
2020-08-16 03:00:00,0,0,0
2020-08-16 04:00:00,0,0,0
2020-08-16 05:00:00,8,5,3
2020-08-16 06:00:00,4,1,3
2020-08-16 07:00:00,54,33,21
2020-08-16 08:00:00,117,54,63
2020-08-16 09:00:00,145,51,94
2020-08-16 10:00:00,113,48,65
2020-08-16 11:00:00,121,46,75
2020-08-16 12:00:00,121,31,90
2020-08-16 13:00:00,61,13,48
2020-08-16 14:00:00,40,5,35
2020-08-16 15:00:00,50,21,29
2020-08-16 16:00:00,36,11,25
2020-08-16 17:00:00,25,7,18
2020-08-16 18:00:00,22,5,17
2020-08-16 19:00:00,17,3,14
2020-08-16 20:00:00,9,1,8
2020-08-16 21:00:00,1,0,1
2020-08-16 22:00:00,0,0,0
2020-08-16 23:00:00,0,0,0
2020-08-17 00:00:00,0,0,0
2020-08-17 01:00:00,0,0,0
2020-08-17 02:00:00,0,0,0
2020-08-17 03:00:00,0,0,0
2020-08-17 04:00:00,1,0,1
2020-08-17 05:00:00,9,2,7
2020-08-17 06:00:00,16,6,10
2020-08-17 07:00:00,41,14,27
2020-08-17 08:00:00,22,4,18
2020-08-17 09:00:00,22,6,16
2020-08-17 10:00:00,33,8,25
2020-08-17 11:00:00,47,17,30
2020-08-17 12:00:00,27,7,20
2020-08-17 13:00:00,35,11,24
2020-08-17 14:00:00,22,6,16
2020-08-17 15:00:00,25,9,16
2020-08-17 16:00:00,39,14,25
2020-08-17 17:00:00,51,15,36
2020-08-17 18:00:00,32,5,27
2020-08-17 19:00:00,53,11,42
2020-08-17 20:00:00,13,5,8
2020-08-17 21:00:00,2,0,2
2020-08-17 22:00:00,1,0,1
2020-08-17 23:00:00,0,0,0
2020-08-18 00:00:00,1,0,1
2020-08-18 01:00:00,0,0,0
2020-08-18 02:00:00,0,0,0
2020-08-18 03:00:00,0,0,0
2020-08-18 04:00:00,1,0,1
2020-08-18 05:00:00,7,2,5
2020-08-18 06:00:00,18,2,16
2020-08-18 07:00:00,41,7,34
2020-08-18 08:00:00,30,10,20
2020-08-18 09:00:00,34,13,21
2020-08-18 10:00:00,30,6,24
2020-08-18 11:00:00,23,11,12
2020-08-18 12:00:00,27,9,18
2020-08-18 13:00:00,39,12,27
2020-08-18 14:00:00,37,4,33
2020-08-18 15:00:00,32,12,20
2020-08-18 16:00:00,50,15,35
2020-08-18 17:00:00,60,21,39
2020-08-18 18:00:00,68,17,51
2020-08-18 19:00:00,54,11,43
2020-08-18 20:00:00,26,5,21
2020-08-18 21:00:00,7,0,7
2020-08-18 22:00:00,0,0,0
2020-08-18 23:00:00,0,0,0
2020-08-19 00:00:00,1,1,0
2020-08-19 01:00:00,0,0,0
2020-08-19 02:00:00,0,0,0
2020-08-19 03:00:00,0,0,0
2020-08-19 04:00:00,1,0,1
2020-08-19 05:00:00,2,0,2
2020-08-19 06:00:00,12,4,8
2020-08-19 07:00:00,45,9,36
2020-08-19 08:00:00,30,5,25
2020-08-19 09:00:00,40,19,21
2020-08-19 10:00:00,23,7,16
2020-08-19 11:00:00,34,12,22
2020-08-19 12:00:00,65,24,41
2020-08-19 13:00:00,44,12,32
2020-08-19 14:00:00,29,4,25
2020-08-19 15:00:00,37,12,25
2020-08-19 16:00:00,47,15,32
2020-08-19 17:00:00,79,38,41
2020-08-19 18:00:00,91,19,72
2020-08-19 19:00:00,59,11,48
2020-08-19 20:00:00,38,12,26
2020-08-19 21:00:00,4,0,4
2020-08-19 22:00:00,2,0,2
2020-08-19 23:00:00,1,1,0
2020-08-20 00:00:00,0,0,0
2020-08-20 01:00:00,0,0,0
2020-08-20 02:00:00,0,0,0
2020-08-20 03:00:00,0,0,0
2020-08-20 04:00:00,2,1,1
2020-08-20 05:00:00,3,2,1
2020-08-20 06:00:00,11,6,5
2020-08-20 07:00:00,29,8,21
2020-08-20 08:00:00,30,7,23
2020-08-20 09:00:00,9,2,7
2020-08-20 10:00:00,22,8,14
2020-08-20 11:00:00,20,7,13
2020-08-20 12:00:00,28,11,17
2020-08-20 13:00:00,27,9,18
2020-08-20 14:00:00,30,12,18
2020-08-20 15:00:00,38,12,26
2020-08-20 16:00:00,52,21,31
2020-08-20 17:00:00,55,19,36
2020-08-20 18:00:00,71,17,54
2020-08-20 19:00:00,64,9,55
2020-08-20 20:00:00,30,7,23
2020-08-20 21:00:00,3,0,3
2020-08-20 22:00:00,1,1,0
2020-08-20 23:00:00,1,1,0
2020-08-21 00:00:00,3,2,1
2020-08-21 01:00:00,0,0,0
2020-08-21 02:00:00,0,0,0
2020-08-21 03:00:00,0,0,0
2020-08-21 04:00:00,1,0,1
2020-08-21 05:00:00,1,1,0
2020-08-21 06:00:00,10,4,6
2020-08-21 07:00:00,15,7,8
2020-08-21 08:00:00,24,7,17
2020-08-21 09:00:00,12,6,6
2020-08-21 10:00:00,17,9,8
2020-08-21 11:00:00,10,2,8
2020-08-21 12:00:00,11,3,8
2020-08-21 13:00:00,9,2,7
2020-08-21 14:00:00,16,5,11
2020-08-21 15:00:00,14,6,8
2020-08-21 16:00:00,25,8,17
2020-08-21 17:00:00,21,7,14
2020-08-21 18:00:00,25,11,14
2020-08-21 19:00:00,16,2,14
2020-08-21 20:00:00,7,0,7
2020-08-21 21:00:00,2,0,2
2020-08-21 22:00:00,0,0,0
2020-08-21 23:00:00,0,0,0
2020-08-22 00:00:00,0,0,0
2020-08-22 01:00:00,0,0,0
2020-08-22 02:00:00,0,0,0
2020-08-22 03:00:00,0,0,0
2020-08-22 04:00:00,0,0,0
2020-08-22 05:00:00,0,0,0
2020-08-22 06:00:00,12,12,0
2020-08-22 07:00:00,11,8,3
2020-08-22 08:00:00,37,20,17
2020-08-22 09:00:00,57,25,32
2020-08-22 10:00:00,83,42,41
2020-08-22 11:00:00,143,46,97
2020-08-22 12:00:00,151,57,94
2020-08-22 13:00:00,120,51,69
2020-08-22 14:00:00,124,47,77
2020-08-22 15:00:00,116,41,75
2020-08-22 16:00:00,113,31,82
2020-08-22 17:00:00,93,32,61
2020-08-22 18:00:00,58,16,42
2020-08-22 19:00:00,34,4,30
2020-08-22 20:00:00,21,10,11
2020-08-22 21:00:00,10,0,10
2020-08-22 22:00:00,0,0,0
2020-08-22 23:00:00,0,0,0
2020-08-23 00:00:00,1,0,1
2020-08-23 01:00:00,0,0,0
2020-08-23 02:00:00,0,0,0
2020-08-23 03:00:00,0,0,0
2020-08-23 04:00:00,0,0,0
2020-08-23 05:00:00,0,0,0
2020-08-23 06:00:00,9,6,3
2020-08-23 07:00:00,28,18,10
2020-08-23 08:00:00,70,34,36
2020-08-23 09:00:00,104,39,65
2020-08-23 10:00:00,144,72,72
2020-08-23 11:00:00,152,84,68
2020-08-23 12:00:00,160,65,95
2020-08-23 13:00:00,136,47,89
2020-08-23 14:00:00,123,42,81
2020-08-23 15:00:00,100,22,78
2020-08-23 16:00:00,96,36,60
2020-08-23 17:00:00,97,28,69
2020-08-23 18:00:00,71,22,49
2020-08-23 19:00:00,46,14,32
2020-08-23 20:00:00,11,2,9
2020-08-23 21:00:00,3,0,3
2020-08-23 22:00:00,2,0,2
2020-08-23 23:00:00,2,2,0
2020-08-24 00:00:00,2,0,2
2020-08-24 01:00:00,0,0,0
2020-08-24 02:00:00,0,0,0
2020-08-24 03:00:00,0,0,0
2020-08-24 04:00:00,1,0,1
2020-08-24 05:00:00,7,1,6
2020-08-24 06:00:00,16,4,12
2020-08-24 07:00:00,24,4,20
2020-08-24 08:00:00,16,2,14
2020-08-24 09:00:00,12,3,9
2020-08-24 10:00:00,25,14,11
2020-08-24 11:00:00,27,8,19
2020-08-24 12:00:00,42,12,30
2020-08-24 13:00:00,38,19,19
2020-08-24 14:00:00,26,12,14
2020-08-24 15:00:00,42,13,29
2020-08-24 16:00:00,55,18,37
2020-08-24 17:00:00,82,22,60
2020-08-24 18:00:00,56,15,41
2020-08-24 19:00:00,47,6,41
2020-08-24 20:00:00,19,3,16
2020-08-24 21:00:00,1,0,1
2020-08-24 22:00:00,0,0,0
2020-08-24 23:00:00,0,0,0
2020-08-25 00:00:00,0,0,0
2020-08-25 01:00:00,0,0,0
2020-08-25 02:00:00,0,0,0
2020-08-25 03:00:00,0,0,0
2020-08-25 04:00:00,1,0,1
2020-08-25 05:00:00,4,1,3
2020-08-25 06:00:00,19,7,12
2020-08-25 07:00:00,25,5,20
2020-08-25 08:00:00,29,9,20
2020-08-25 09:00:00,31,13,18
2020-08-25 10:00:00,31,18,13
2020-08-25 11:00:00,33,13,20
2020-08-25 12:00:00,38,15,23
2020-08-25 13:00:00,34,14,20
2020-08-25 14:00:00,36,12,24
2020-08-25 15:00:00,35,15,20
2020-08-25 16:00:00,47,12,35
2020-08-25 17:00:00,68,24,44
2020-08-25 18:00:00,69,14,55
2020-08-25 19:00:00,76,12,64
2020-08-25 20:00:00,20,5,15
2020-08-25 21:00:00,3,0,3
2020-08-25 22:00:00,1,0,1
2020-08-25 23:00:00,0,0,0
2020-08-26 00:00:00,1,0,1
2020-08-26 01:00:00,0,0,0
2020-08-26 02:00:00,1,1,0
2020-08-26 03:00:00,0,0,0
2020-08-26 04:00:00,2,1,1
2020-08-26 05:00:00,7,1,6
2020-08-26 06:00:00,25,16,9
2020-08-26 07:00:00,41,12,29
2020-08-26 08:00:00,35,4,31
2020-08-26 09:00:00,28,11,17
2020-08-26 10:00:00,34,13,21
2020-08-26 11:00:00,46,22,24
2020-08-26 12:00:00,39,8,31
2020-08-26 13:00:00,37,15,22
2020-08-26 14:00:00,25,5,20
2020-08-26 15:00:00,30,9,21
2020-08-26 16:00:00,57,18,39
2020-08-26 17:00:00,80,24,56
2020-08-26 18:00:00,77,20,57
2020-08-26 19:00:00,61,14,47
2020-08-26 20:00:00,32,3,29
2020-08-26 21:00:00,6,1,5
2020-08-26 22:00:00,3,1,2
2020-08-26 23:00:00,1,1,0
2020-08-27 00:00:00,1,0,1
2020-08-27 01:00:00,0,0,0
2020-08-27 02:00:00,0,0,0
2020-08-27 03:00:00,0,0,0
2020-08-27 04:00:00,2,1,1
2020-08-27 05:00:00,5,2,3
2020-08-27 06:00:00,17,6,11
2020-08-27 07:00:00,35,7,28
2020-08-27 08:00:00,28,7,21
2020-08-27 09:00:00,20,6,14
2020-08-27 10:00:00,21,9,12
2020-08-27 11:00:00,26,12,14
2020-08-27 12:00:00,31,13,18
2020-08-27 13:00:00,38,17,21
2020-08-27 14:00:00,34,16,18
2020-08-27 15:00:00,39,11,28
2020-08-27 16:00:00,58,20,38
2020-08-27 17:00:00,56,22,34
2020-08-27 18:00:00,82,28,54
2020-08-27 19:00:00,60,7,53
2020-08-27 20:00:00,30,6,24
2020-08-27 21:00:00,3,1,2
2020-08-27 22:00:00,1,0,1
2020-08-27 23:00:00,1,0,1
2020-08-28 00:00:00,0,0,0
2020-08-28 01:00:00,0,0,0
2020-08-28 02:00:00,0,0,0
2020-08-28 03:00:00,0,0,0
2020-08-28 04:00:00,2,1,1
2020-08-28 05:00:00,5,2,3
2020-08-28 06:00:00,13,4,9
2020-08-28 07:00:00,31,8,23
2020-08-28 08:00:00,33,8,25
2020-08-28 09:00:00,23,5,18
2020-08-28 10:00:00,43,20,23
2020-08-28 11:00:00,41,13,28
2020-08-28 12:00:00,32,10,22
2020-08-28 13:00:00,44,12,32
2020-08-28 14:00:00,36,17,19
2020-08-28 15:00:00,59,14,45
2020-08-28 16:00:00,45,17,28
2020-08-28 17:00:00,59,12,47
2020-08-28 18:00:00,48,17,31
2020-08-28 19:00:00,38,5,33
2020-08-28 20:00:00,17,3,14
2020-08-28 21:00:00,5,0,5
2020-08-28 22:00:00,3,2,1
2020-08-28 23:00:00,0,0,0
2020-08-29 00:00:00,0,0,0
2020-08-29 01:00:00,0,0,0
2020-08-29 02:00:00,0,0,0
2020-08-29 03:00:00,0,0,0
2020-08-29 04:00:00,1,1,0
2020-08-29 05:00:00,2,2,0
2020-08-29 06:00:00,7,2,5
2020-08-29 07:00:00,25,18,7
2020-08-29 08:00:00,59,20,39
2020-08-29 09:00:00,80,34,46
2020-08-29 10:00:00,97,43,54
2020-08-29 11:00:00,118,46,72
2020-08-29 12:00:00,107,43,64
2020-08-29 13:00:00,99,39,60
2020-08-29 14:00:00,89,39,50
2020-08-29 15:00:00,76,23,53
2020-08-29 16:00:00,90,28,62
2020-08-29 17:00:00,60,14,46
2020-08-29 18:00:00,37,9,28
2020-08-29 19:00:00,25,9,16
2020-08-29 20:00:00,10,0,10
2020-08-29 21:00:00,2,0,2
2020-08-29 22:00:00,1,0,1
2020-08-29 23:00:00,0,0,0
2020-08-30 00:00:00,0,0,0
2020-08-30 01:00:00,4,3,1
2020-08-30 02:00:00,0,0,0
2020-08-30 03:00:00,0,0,0
2020-08-30 04:00:00,0,0,0
2020-08-30 05:00:00,0,0,0
2020-08-30 06:00:00,4,1,3
2020-08-30 07:00:00,23,16,7
2020-08-30 08:00:00,63,23,40
2020-08-30 09:00:00,92,42,50
2020-08-30 10:00:00,110,47,63
2020-08-30 11:00:00,125,54,71
2020-08-30 12:00:00,143,61,82
2020-08-30 13:00:00,150,43,107
2020-08-30 14:00:00,121,48,73
2020-08-30 15:00:00,117,51,66
2020-08-30 16:00:00,88,37,51
2020-08-30 17:00:00,72,18,54
2020-08-30 18:00:00,45,7,38
2020-08-30 19:00:00,24,5,19
2020-08-30 20:00:00,8,2,6
2020-08-30 21:00:00,2,0,2
2020-08-30 22:00:00,0,0,0
2020-08-30 23:00:00,0,0,0
2020-08-31 00:00:00,0,0,0
2020-08-31 01:00:00,0,0,0
2020-08-31 02:00:00,0,0,0
2020-08-31 03:00:00,0,0,0
2020-08-31 04:00:00,1,1,0
2020-08-31 05:00:00,2,1,1
2020-08-31 06:00:00,6,1,5
2020-08-31 07:00:00,20,6,14
2020-08-31 08:00:00,12,4,8
2020-08-31 09:00:00,15,4,11
2020-08-31 10:00:00,21,6,15
2020-08-31 11:00:00,19,9,10
2020-08-31 12:00:00,27,6,21
2020-08-31 13:00:00,34,20,14
2020-08-31 14:00:00,29,7,22
2020-08-31 15:00:00,34,13,21
2020-08-31 16:00:00,39,16,23
2020-08-31 17:00:00,49,25,24
2020-08-31 18:00:00,59,7,52
2020-08-31 19:00:00,32,7,25
2020-08-31 20:00:00,13,3,10
2020-08-31 21:00:00,1,1,0
2020-08-31 22:00:00,0,0,0
2020-08-31 23:00:00,0,0,0
2020-09-01 00:00:00,0,0,0
2020-09-01 01:00:00,0,0,0
2020-09-01 02:00:00,0,0,0
2020-09-01 03:00:00,1,1,0
2020-09-01 04:00:00,0,0,0
2020-09-01 05:00:00,5,3,2
2020-09-01 06:00:00,12,8,4
2020-09-01 07:00:00,33,29,4
2020-09-01 08:00:00,31,26,5
2020-09-01 09:00:00,22,13,9
2020-09-01 10:00:00,21,15,6
2020-09-01 11:00:00,30,20,10
2020-09-01 12:00:00,37,23,14
2020-09-01 13:00:00,27,17,10
2020-09-01 14:00:00,48,30,18
2020-09-01 15:00:00,42,30,12
2020-09-01 16:00:00,59,48,11
2020-09-01 17:00:00,66,49,17
2020-09-01 18:00:00,95,74,21
2020-09-01 19:00:00,65,52,13
2020-09-01 20:00:00,10,5,5
2020-09-01 21:00:00,3,3,0
2020-09-01 22:00:00,1,1,0
2020-09-01 23:00:00,0,0,0
2020-09-02 00:00:00,0,0,0
2020-09-02 01:00:00,0,0,0
2020-09-02 02:00:00,0,0,0
2020-09-02 03:00:00,0,0,0
2020-09-02 04:00:00,2,1,1
2020-09-02 05:00:00,6,3,3
2020-09-02 06:00:00,15,10,5
2020-09-02 07:00:00,37,27,10
2020-09-02 08:00:00,30,24,6
2020-09-02 09:00:00,30,20,10
2020-09-02 10:00:00,21,6,15
2020-09-02 11:00:00,37,17,20
2020-09-02 12:00:00,40,29,11
2020-09-02 13:00:00,21,14,7
2020-09-02 14:00:00,22,16,6
2020-09-02 15:00:00,38,20,18
2020-09-02 16:00:00,61,44,17
2020-09-02 17:00:00,83,51,32
2020-09-02 18:00:00,82,65,17
2020-09-02 19:00:00,32,26,6
2020-09-02 20:00:00,4,3,1
2020-09-02 21:00:00,0,0,0
2020-09-02 22:00:00,2,2,0
2020-09-02 23:00:00,0,0,0
2020-09-03 00:00:00,2,2,0
2020-09-03 01:00:00,0,0,0
2020-09-03 02:00:00,0,0,0
2020-09-03 03:00:00,1,1,0
2020-09-03 04:00:00,1,1,0
2020-09-03 05:00:00,10,7,3
2020-09-03 06:00:00,15,10,5
2020-09-03 07:00:00,43,32,11
2020-09-03 08:00:00,41,31,10
2020-09-03 09:00:00,35,25,10
2020-09-03 10:00:00,21,14,7
2020-09-03 11:00:00,32,22,10
2020-09-03 12:00:00,41,16,25
2020-09-03 13:00:00,34,28,6
2020-09-03 14:00:00,25,17,8
2020-09-03 15:00:00,39,32,7
2020-09-03 16:00:00,46,37,9
2020-09-03 17:00:00,70,49,21
2020-09-03 18:00:00,69,44,25
2020-09-03 19:00:00,64,55,9
2020-09-03 20:00:00,17,16,1
2020-09-03 21:00:00,2,0,2
2020-09-03 22:00:00,0,0,0
2020-09-03 23:00:00,0,0,0
2020-09-04 00:00:00,0,0,0
2020-09-04 01:00:00,0,0,0
2020-09-04 02:00:00,0,0,0
2020-09-04 03:00:00,2,0,2
2020-09-04 04:00:00,1,1,0
2020-09-04 05:00:00,7,5,2
2020-09-04 06:00:00,25,15,10
2020-09-04 07:00:00,40,27,13
2020-09-04 08:00:00,28,22,6
2020-09-04 09:00:00,47,30,17
2020-09-04 10:00:00,42,26,16
2020-09-04 11:00:00,48,34,14
2020-09-04 12:00:00,47,27,20
2020-09-04 13:00:00,41,32,9
2020-09-04 14:00:00,41,29,12
2020-09-04 15:00:00,43,35,8
2020-09-04 16:00:00,53,39,14
2020-09-04 17:00:00,49,36,13
2020-09-04 18:00:00,51,34,17
2020-09-04 19:00:00,28,22,6
2020-09-04 20:00:00,7,6,1
2020-09-04 21:00:00,2,1,1
2020-09-04 22:00:00,1,1,0
2020-09-04 23:00:00,0,0,0
2020-09-05 00:00:00,0,0,0
2020-09-05 01:00:00,0,0,0
2020-09-05 02:00:00,0,0,0
2020-09-05 03:00:00,0,0,0
2020-09-05 04:00:00,0,0,0
2020-09-05 05:00:00,2,1,1
2020-09-05 06:00:00,4,1,3
2020-09-05 07:00:00,31,15,16
2020-09-05 08:00:00,63,34,29
2020-09-05 09:00:00,89,48,41
2020-09-05 10:00:00,74,35,39
2020-09-05 11:00:00,105,67,38
2020-09-05 12:00:00,87,61,26
2020-09-05 13:00:00,52,37,15
2020-09-05 14:00:00,93,52,41
2020-09-05 15:00:00,85,58,27
2020-09-05 16:00:00,76,54,22
2020-09-05 17:00:00,48,34,14
2020-09-05 18:00:00,39,21,18
2020-09-05 19:00:00,23,20,3
2020-09-05 20:00:00,9,5,4
2020-09-05 21:00:00,4,4,0
2020-09-05 22:00:00,1,0,1
2020-09-05 23:00:00,1,0,1
2020-09-06 00:00:00,0,0,0
2020-09-06 01:00:00,0,0,0
2020-09-06 02:00:00,0,0,0
2020-09-06 03:00:00,0,0,0
2020-09-06 04:00:00,1,1,0
2020-09-06 05:00:00,0,0,0
2020-09-06 06:00:00,10,5,5
2020-09-06 07:00:00,25,14,11
2020-09-06 08:00:00,36,28,8
2020-09-06 09:00:00,96,46,50
2020-09-06 10:00:00,125,73,52
2020-09-06 11:00:00,120,68,52
2020-09-06 12:00:00,116,72,44
2020-09-06 13:00:00,107,66,41
2020-09-06 14:00:00,81,61,20
2020-09-06 15:00:00,79,53,26
2020-09-06 16:00:00,74,48,26
2020-09-06 17:00:00,55,40,15
2020-09-06 18:00:00,54,33,21
2020-09-06 19:00:00,24,17,7
2020-09-06 20:00:00,7,7,0
2020-09-06 21:00:00,9,6,3
2020-09-06 22:00:00,0,0,0
2020-09-06 23:00:00,0,0,0
2020-09-07 00:00:00,0,0,0
2020-09-07 01:00:00,0,0,0
2020-09-07 02:00:00,0,0,0
2020-09-07 03:00:00,4,2,2
2020-09-07 04:00:00,0,0,0
2020-09-07 05:00:00,2,1,1
2020-09-07 06:00:00,5,4,1
2020-09-07 07:00:00,27,16,11
2020-09-07 08:00:00,65,39,26
2020-09-07 09:00:00,119,60,59
2020-09-07 10:00:00,123,68,55
2020-09-07 11:00:00,113,62,51
2020-09-07 12:00:00,112,78,34
2020-09-07 13:00:00,106,62,44
2020-09-07 14:00:00,96,67,29
2020-09-07 15:00:00,76,56,20
2020-09-07 16:00:00,71,48,23
2020-09-07 17:00:00,49,29,20
2020-09-07 18:00:00,43,32,11
2020-09-07 19:00:00,22,13,9
2020-09-07 20:00:00,11,10,1
2020-09-07 21:00:00,3,1,2
2020-09-07 22:00:00,0,0,0
2020-09-07 23:00:00,0,0,0
2020-09-08 00:00:00,0,0,0
2020-09-08 01:00:00,0,0,0
2020-09-08 02:00:00,0,0,0
2020-09-08 03:00:00,0,0,0
2020-09-08 04:00:00,2,1,1
2020-09-08 05:00:00,5,4,1
2020-09-08 06:00:00,12,6,6
2020-09-08 07:00:00,18,10,8
2020-09-08 08:00:00,6,5,1
2020-09-08 09:00:00,7,6,1
2020-09-08 10:00:00,15,3,12
2020-09-08 11:00:00,22,21,1
2020-09-08 12:00:00,14,7,7
2020-09-08 13:00:00,10,6,4
2020-09-08 14:00:00,10,6,4
2020-09-08 15:00:00,19,12,7
2020-09-08 16:00:00,22,20,2
2020-09-08 17:00:00,26,16,10
2020-09-08 18:00:00,28,22,6
2020-09-08 19:00:00,10,7,3
2020-09-08 20:00:00,3,2,1
2020-09-08 21:00:00,0,0,0
2020-09-08 22:00:00,1,1,0
2020-09-08 23:00:00,2,1,1
2020-09-09 00:00:00,0,0,0
2020-09-09 01:00:00,0,0,0
2020-09-09 02:00:00,0,0,0
2020-09-09 03:00:00,0,0,0
2020-09-09 04:00:00,2,1,1
2020-09-09 05:00:00,6,5,1
2020-09-09 06:00:00,7,6,1
2020-09-09 07:00:00,26,19,7
2020-09-09 08:00:00,17,11,6
2020-09-09 09:00:00,14,6,8
2020-09-09 10:00:00,20,14,6
2020-09-09 11:00:00,18,14,4
2020-09-09 12:00:00,14,11,3
2020-09-09 13:00:00,15,12,3
2020-09-09 14:00:00,10,9,1
2020-09-09 15:00:00,18,11,7
2020-09-09 16:00:00,24,18,6
2020-09-09 17:00:00,26,12,14
2020-09-09 18:00:00,38,30,8
2020-09-09 19:00:00,36,32,4
2020-09-09 20:00:00,2,1,1
2020-09-09 21:00:00,2,2,0
2020-09-09 22:00:00,0,0,0
2020-09-09 23:00:00,0,0,0
2020-09-10 00:00:00,0,0,0
2020-09-10 01:00:00,0,0,0
2020-09-10 02:00:00,0,0,0
2020-09-10 03:00:00,0,0,0
2020-09-10 04:00:00,1,1,0
2020-09-10 05:00:00,8,5,3
2020-09-10 06:00:00,23,13,10
2020-09-10 07:00:00,32,26,6
2020-09-10 08:00:00,16,12,4
2020-09-10 09:00:00,15,11,4
2020-09-10 10:00:00,17,16,1
2020-09-10 11:00:00,14,7,7
2020-09-10 12:00:00,25,20,5
2020-09-10 13:00:00,20,11,9
2020-09-10 14:00:00,18,16,2
2020-09-10 15:00:00,18,15,3
2020-09-10 16:00:00,24,20,4
2020-09-10 17:00:00,17,15,2
2020-09-10 18:00:00,32,21,11
2020-09-10 19:00:00,32,27,5
2020-09-10 20:00:00,3,2,1
2020-09-10 21:00:00,2,2,0
2020-09-10 22:00:00,0,0,0
2020-09-10 23:00:00,0,0,0
2020-09-11 00:00:00,1,1,0
2020-09-11 01:00:00,0,0,0
2020-09-11 02:00:00,0,0,0
2020-09-11 03:00:00,0,0,0
2020-09-11 04:00:00,2,1,1
2020-09-11 05:00:00,1,0,1
2020-09-11 06:00:00,10,5,5
2020-09-11 07:00:00,9,7,2
2020-09-11 08:00:00,10,7,3
2020-09-11 09:00:00,13,10,3
2020-09-11 10:00:00,3,0,3
2020-09-11 11:00:00,4,2,2
2020-09-11 12:00:00,10,5,5
2020-09-11 13:00:00,6,3,3
2020-09-11 14:00:00,3,2,1
2020-09-11 15:00:00,6,3,3
2020-09-11 16:00:00,5,4,1
2020-09-11 17:00:00,8,7,1
2020-09-11 18:00:00,3,2,1
2020-09-11 19:00:00,5,2,3
2020-09-11 20:00:00,3,3,0
2020-09-11 21:00:00,0,0,0
2020-09-11 22:00:00,0,0,0
2020-09-11 23:00:00,0,0,0
2020-09-12 00:00:00,0,0,0
2020-09-12 01:00:00,1,0,1
2020-09-12 02:00:00,0,0,0
2020-09-12 03:00:00,0,0,0
2020-09-12 04:00:00,1,1,0
2020-09-12 05:00:00,0,0,0
2020-09-12 06:00:00,0,0,0
2020-09-12 07:00:00,2,1,1
2020-09-12 08:00:00,8,3,5
2020-09-12 09:00:00,8,0,8
2020-09-12 10:00:00,4,3,1
2020-09-12 11:00:00,6,4,2
2020-09-12 12:00:00,4,0,4
2020-09-12 13:00:00,9,8,1
2020-09-12 14:00:00,4,4,0
2020-09-12 15:00:00,8,7,1
2020-09-12 16:00:00,4,2,2
2020-09-12 17:00:00,5,4,1
2020-09-12 18:00:00,0,0,0
2020-09-12 19:00:00,3,3,0
2020-09-12 20:00:00,2,2,0
2020-09-12 21:00:00,0,0,0
2020-09-12 22:00:00,0,0,0
2020-09-12 23:00:00,0,0,0
2020-09-13 00:00:00,1,0,1
2020-09-13 01:00:00,0,0,0
2020-09-13 02:00:00,0,0,0
2020-09-13 03:00:00,0,0,0
2020-09-13 04:00:00,0,0,0
2020-09-13 05:00:00,0,0,0
2020-09-13 06:00:00,2,1,1
2020-09-13 07:00:00,2,0,2
2020-09-13 08:00:00,0,0,0
2020-09-13 09:00:00,8,5,3
2020-09-13 10:00:00,4,3,1
2020-09-13 11:00:00,5,3,2
2020-09-13 12:00:00,0,0,0
2020-09-13 13:00:00,4,3,1
2020-09-13 14:00:00,5,3,2
2020-09-13 15:00:00,7,5,2
2020-09-13 16:00:00,3,3,0
2020-09-13 17:00:00,3,2,1
2020-09-13 18:00:00,4,2,2
2020-09-13 19:00:00,3,3,0
2020-09-13 20:00:00,1,1,0
2020-09-13 21:00:00,0,0,0
2020-09-13 22:00:00,2,1,1
2020-09-13 23:00:00,0,0,0
2020-09-14 00:00:00,0,0,0
2020-09-14 01:00:00,0,0,0
2020-09-14 02:00:00,0,0,0
2020-09-14 03:00:00,0,0,0
2020-09-14 04:00:00,0,0,0
2020-09-14 05:00:00,0,0,0
2020-09-14 06:00:00,0,0,0
2020-09-14 07:00:00,6,6,0
2020-09-14 08:00:00,3,1,2
2020-09-14 09:00:00,3,1,2
2020-09-14 10:00:00,1,1,0
2020-09-14 11:00:00,2,2,0
2020-09-14 12:00:00,3,2,1
2020-09-14 13:00:00,3,2,1
2020-09-14 14:00:00,1,1,0
2020-09-14 15:00:00,3,2,1
2020-09-14 16:00:00,2,0,2
2020-09-14 17:00:00,4,2,2
2020-09-14 18:00:00,2,2,0
2020-09-14 19:00:00,2,2,0
2020-09-14 20:00:00,1,1,0
2020-09-14 21:00:00,0,0,0
2020-09-14 22:00:00,0,0,0
2020-09-14 23:00:00,0,0,0
2020-09-15 00:00:00,0,0,0
2020-09-15 01:00:00,0,0,0
2020-09-15 02:00:00,0,0,0
2020-09-15 03:00:00,0,0,0
2020-09-15 04:00:00,0,0,0
2020-09-15 05:00:00,0,0,0
2020-09-15 06:00:00,3,1,2
2020-09-15 07:00:00,5,5,0
2020-09-15 08:00:00,2,1,1
2020-09-15 09:00:00,1,1,0
2020-09-15 10:00:00,6,3,3
2020-09-15 11:00:00,4,4,0
2020-09-15 12:00:00,0,0,0
2020-09-15 13:00:00,3,3,0
2020-09-15 14:00:00,6,3,3
2020-09-15 15:00:00,10,5,5
2020-09-15 16:00:00,6,4,2
2020-09-15 17:00:00,3,1,2
2020-09-15 18:00:00,3,2,1
2020-09-15 19:00:00,3,3,0
2020-09-15 20:00:00,0,0,0
2020-09-15 21:00:00,1,0,1
2020-09-15 22:00:00,0,0,0
2020-09-15 23:00:00,0,0,0
2020-09-16 00:00:00,0,0,0
2020-09-16 01:00:00,0,0,0
2020-09-16 02:00:00,0,0,0
2020-09-16 03:00:00,0,0,0
2020-09-16 04:00:00,1,0,1
2020-09-16 05:00:00,2,1,1
2020-09-16 06:00:00,5,4,1
2020-09-16 07:00:00,6,3,3
2020-09-16 08:00:00,4,2,2
2020-09-16 09:00:00,3,2,1
2020-09-16 10:00:00,2,2,0
2020-09-16 11:00:00,6,4,2
2020-09-16 12:00:00,0,0,0
2020-09-16 13:00:00,4,3,1
2020-09-16 14:00:00,4,2,2
2020-09-16 15:00:00,11,8,3
2020-09-16 16:00:00,12,8,4
2020-09-16 17:00:00,8,6,2
2020-09-16 18:00:00,5,3,2
2020-09-16 19:00:00,4,4,0
2020-09-16 20:00:00,1,1,0
2020-09-16 21:00:00,0,0,0
2020-09-16 22:00:00,0,0,0
2020-09-16 23:00:00,0,0,0
2020-09-17 00:00:00,0,0,0
2020-09-17 01:00:00,0,0,0
2020-09-17 02:00:00,0,0,0
2020-09-17 03:00:00,0,0,0
2020-09-17 04:00:00,0,0,0
2020-09-17 05:00:00,3,2,1
2020-09-17 06:00:00,3,1,2
2020-09-17 07:00:00,7,6,1
2020-09-17 08:00:00,2,2,0
2020-09-17 09:00:00,6,4,2
2020-09-17 10:00:00,3,1,2
2020-09-17 11:00:00,2,2,0
2020-09-17 12:00:00,5,4,1
2020-09-17 13:00:00,9,3,6
2020-09-17 14:00:00,14,9,5
2020-09-17 15:00:00,7,5,2
2020-09-17 16:00:00,9,7,2
2020-09-17 17:00:00,12,8,4
2020-09-17 18:00:00,7,5,2
2020-09-17 19:00:00,8,5,3
2020-09-17 20:00:00,2,2,0
2020-09-17 21:00:00,0,0,0
2020-09-17 22:00:00,0,0,0
2020-09-17 23:00:00,1,1,0
2020-09-18 00:00:00,0,0,0
2020-09-18 01:00:00,0,0,0
2020-09-18 02:00:00,0,0,0
2020-09-18 03:00:00,0,0,0
2020-09-18 04:00:00,0,0,0
2020-09-18 05:00:00,3,1,2
2020-09-18 06:00:00,3,2,1
2020-09-18 07:00:00,13,9,4
2020-09-18 08:00:00,6,6,0
2020-09-18 09:00:00,3,1,2
2020-09-18 10:00:00,12,8,4
2020-09-18 11:00:00,11,10,1
2020-09-18 12:00:00,3,2,1
2020-09-18 13:00:00,5,3,2
2020-09-18 14:00:00,5,5,0
2020-09-18 15:00:00,4,2,2
2020-09-18 16:00:00,6,4,2
2020-09-18 17:00:00,3,2,1
2020-09-18 18:00:00,7,4,3
2020-09-18 19:00:00,2,2,0
2020-09-18 20:00:00,1,1,0
2020-09-18 21:00:00,0,0,0
2020-09-18 22:00:00,0,0,0
2020-09-18 23:00:00,1,0,1
2020-09-19 00:00:00,1,1,0
2020-09-19 01:00:00,0,0,0
2020-09-19 02:00:00,0,0,0
2020-09-19 03:00:00,0,0,0
2020-09-19 04:00:00,0,0,0
2020-09-19 05:00:00,1,0,1
2020-09-19 06:00:00,3,3,0
2020-09-19 07:00:00,11,8,3
2020-09-19 08:00:00,20,7,13
2020-09-19 09:00:00,47,22,25
2020-09-19 10:00:00,33,16,17
2020-09-19 11:00:00,56,29,27
2020-09-19 12:00:00,70,39,31
2020-09-19 13:00:00,54,32,22
2020-09-19 14:00:00,68,52,16
2020-09-19 15:00:00,49,31,18
2020-09-19 16:00:00,56,30,26
2020-09-19 17:00:00,33,28,5
2020-09-19 18:00:00,10,9,1
2020-09-19 19:00:00,0,0,0
2020-09-19 20:00:00,1,1,0
2020-09-19 21:00:00,0,0,0
2020-09-19 22:00:00,4,2,2
2020-09-19 23:00:00,0,0,0
2020-09-20 00:00:00,2,1,1
2020-09-20 01:00:00,1,0,1
2020-09-20 02:00:00,1,1,0
2020-09-20 03:00:00,0,0,0
2020-09-20 04:00:00,0,0,0
2020-09-20 05:00:00,1,0,1
2020-09-20 06:00:00,4,1,3
2020-09-20 07:00:00,20,7,13
2020-09-20 08:00:00,53,34,19
2020-09-20 09:00:00,65,21,44
2020-09-20 10:00:00,99,38,61
2020-09-20 11:00:00,106,51,55
2020-09-20 12:00:00,149,92,57
2020-09-20 13:00:00,130,75,55
2020-09-20 14:00:00,144,92,52
2020-09-20 15:00:00,137,94,43
2020-09-20 16:00:00,113,72,41
2020-09-20 17:00:00,75,48,27
2020-09-20 18:00:00,39,29,10
2020-09-20 19:00:00,11,7,4
2020-09-20 20:00:00,4,4,0
2020-09-20 21:00:00,2,0,2
2020-09-20 22:00:00,0,0,0
2020-09-20 23:00:00,0,0,0
2020-09-21 00:00:00,0,0,0
2020-09-21 01:00:00,0,0,0
2020-09-21 02:00:00,0,0,0
2020-09-21 03:00:00,0,0,0
2020-09-21 04:00:00,2,1,1
2020-09-21 05:00:00,8,6,2
2020-09-21 06:00:00,10,8,2
2020-09-21 07:00:00,21,16,5
2020-09-21 08:00:00,12,10,2
2020-09-21 09:00:00,14,9,5
2020-09-21 10:00:00,15,9,6
2020-09-21 11:00:00,35,15,20
2020-09-21 12:00:00,20,11,9
2020-09-21 13:00:00,26,20,6
2020-09-21 14:00:00,38,24,14
2020-09-21 15:00:00,46,22,24
2020-09-21 16:00:00,65,41,24
2020-09-21 17:00:00,74,47,27
2020-09-21 18:00:00,68,54,14
2020-09-21 19:00:00,18,12,6
2020-09-21 20:00:00,4,2,2
2020-09-21 21:00:00,1,1,0
2020-09-21 22:00:00,0,0,0
2020-09-21 23:00:00,0,0,0
2020-09-22 00:00:00,0,0,0
2020-09-22 01:00:00,0,0,0
2020-09-22 02:00:00,0,0,0
2020-09-22 03:00:00,1,1,0
2020-09-22 04:00:00,0,0,0
2020-09-22 05:00:00,9,5,4
2020-09-22 06:00:00,19,11,8
2020-09-22 07:00:00,30,23,7
2020-09-22 08:00:00,22,16,6
2020-09-22 09:00:00,15,8,7
2020-09-22 10:00:00,23,13,10
2020-09-22 11:00:00,34,20,14
2020-09-22 12:00:00,23,15,8
2020-09-22 13:00:00,40,28,12
2020-09-22 14:00:00,38,20,18
2020-09-22 15:00:00,60,32,28
2020-09-22 16:00:00,71,52,19
2020-09-22 17:00:00,112,63,49
2020-09-22 18:00:00,71,58,13
2020-09-22 19:00:00,33,25,8
2020-09-22 20:00:00,7,7,0
2020-09-22 21:00:00,1,0,1
2020-09-22 22:00:00,6,3,3
2020-09-22 23:00:00,1,1,0
2020-09-23 00:00:00,1,1,0
2020-09-23 01:00:00,2,1,1
2020-09-23 02:00:00,0,0,0
2020-09-23 03:00:00,0,0,0
2020-09-23 04:00:00,0,0,0
2020-09-23 05:00:00,5,4,1
2020-09-23 06:00:00,5,1,4
2020-09-23 07:00:00,2,1,1
2020-09-23 08:00:00,3,3,0
2020-09-23 09:00:00,3,2,1
2020-09-23 10:00:00,3,1,2
2020-09-23 11:00:00,7,4,3
2020-09-23 12:00:00,0,0,0
2020-09-23 13:00:00,4,2,2
2020-09-23 14:00:00,4,2,2
2020-09-23 15:00:00,4,2,2
2020-09-23 16:00:00,5,2,3
2020-09-23 17:00:00,9,5,4
2020-09-23 18:00:00,4,2,2
2020-09-23 19:00:00,0,0,0
2020-09-23 20:00:00,3,2,1
2020-09-23 21:00:00,1,0,1
2020-09-23 22:00:00,1,1,0
2020-09-23 23:00:00,1,0,1
2020-09-24 00:00:00,1,1,0
2020-09-24 01:00:00,0,0,0
2020-09-24 02:00:00,0,0,0
2020-09-24 03:00:00,0,0,0
2020-09-24 04:00:00,1,1,0
2020-09-24 05:00:00,2,0,2
2020-09-24 06:00:00,7,4,3
2020-09-24 07:00:00,8,5,3
2020-09-24 08:00:00,5,4,1
2020-09-24 09:00:00,4,4,0
2020-09-24 10:00:00,3,1,2
2020-09-24 11:00:00,0,0,0
2020-09-24 12:00:00,1,1,0
2020-09-24 13:00:00,4,2,2
2020-09-24 14:00:00,9,3,6
2020-09-24 15:00:00,22,16,6
2020-09-24 16:00:00,17,10,7
2020-09-24 17:00:00,34,18,16
2020-09-24 18:00:00,38,31,7
2020-09-24 19:00:00,13,10,3
2020-09-24 20:00:00,1,1,0
2020-09-24 21:00:00,1,0,1
2020-09-24 22:00:00,0,0,0
2020-09-24 23:00:00,0,0,0
2020-09-25 00:00:00,0,0,0
2020-09-25 01:00:00,0,0,0
2020-09-25 02:00:00,0,0,0
2020-09-25 03:00:00,1,1,0
2020-09-25 04:00:00,0,0,0
2020-09-25 05:00:00,2,1,1
2020-09-25 06:00:00,3,3,0
2020-09-25 07:00:00,2,1,1
2020-09-25 08:00:00,2,2,0
2020-09-25 09:00:00,2,1,1
2020-09-25 10:00:00,1,0,1
2020-09-25 11:00:00,3,2,1
2020-09-25 12:00:00,4,1,3
2020-09-25 13:00:00,7,6,1
2020-09-25 14:00:00,8,4,4
2020-09-25 15:00:00,17,11,6
2020-09-25 16:00:00,19,8,11
2020-09-25 17:00:00,51,29,22
2020-09-25 18:00:00,32,28,4
2020-09-25 19:00:00,8,6,2
2020-09-25 20:00:00,1,1,0
2020-09-25 21:00:00,1,0,1
2020-09-25 22:00:00,1,1,0
2020-09-25 23:00:00,0,0,0
2020-09-26 00:00:00,0,0,0
2020-09-26 01:00:00,0,0,0
2020-09-26 02:00:00,0,0,0
2020-09-26 03:00:00,0,0,0
2020-09-26 04:00:00,1,1,0
2020-09-26 05:00:00,0,0,0
2020-09-26 06:00:00,4,3,1
2020-09-26 07:00:00,20,9,11
2020-09-26 08:00:00,46,32,14
2020-09-26 09:00:00,67,33,34
2020-09-26 10:00:00,69,37,32
2020-09-26 11:00:00,89,46,43
2020-09-26 12:00:00,100,64,36
2020-09-26 13:00:00,61,45,16
2020-09-26 14:00:00,43,27,16
2020-09-26 15:00:00,35,19,16
2020-09-26 16:00:00,46,30,16
2020-09-26 17:00:00,26,19,7
2020-09-26 18:00:00,18,14,4
2020-09-26 19:00:00,8,5,3
2020-09-26 20:00:00,4,2,2
2020-09-26 21:00:00,0,0,0
2020-09-26 22:00:00,0,0,0
2020-09-26 23:00:00,0,0,0
2020-09-27 00:00:00,4,4,0
2020-09-27 01:00:00,0,0,0
2020-09-27 02:00:00,0,0,0
2020-09-27 03:00:00,1,0,1
2020-09-27 04:00:00,1,1,0
2020-09-27 05:00:00,0,0,0
2020-09-27 06:00:00,6,3,3
2020-09-27 07:00:00,18,7,11
2020-09-27 08:00:00,67,17,50
2020-09-27 09:00:00,84,41,43
2020-09-27 10:00:00,141,62,79
2020-09-27 11:00:00,182,108,74
2020-09-27 12:00:00,138,94,44
2020-09-27 13:00:00,107,65,42
2020-09-27 14:00:00,148,91,57
2020-09-27 15:00:00,134,87,47
2020-09-27 16:00:00,89,54,35
2020-09-27 17:00:00,92,68,24
2020-09-27 18:00:00,38,22,16
2020-09-27 19:00:00,8,7,1
2020-09-27 20:00:00,4,2,2
2020-09-27 21:00:00,0,0,0
2020-09-27 22:00:00,1,1,0
2020-09-27 23:00:00,0,0,0
2020-09-28 00:00:00,0,0,0
2020-09-28 01:00:00,0,0,0
2020-09-28 02:00:00,0,0,0
2020-09-28 03:00:00,0,0,0
2020-09-28 04:00:00,2,2,0
2020-09-28 05:00:00,8,7,1
2020-09-28 06:00:00,11,7,4
2020-09-28 07:00:00,20,15,5
2020-09-28 08:00:00,21,19,2
2020-09-28 09:00:00,22,12,10
2020-09-28 10:00:00,25,11,14
2020-09-28 11:00:00,39,27,12
2020-09-28 12:00:00,39,20,19
2020-09-28 13:00:00,31,21,10
2020-09-28 14:00:00,34,19,15
2020-09-28 15:00:00,52,36,16
2020-09-28 16:00:00,73,52,21
2020-09-28 17:00:00,86,62,24
2020-09-28 18:00:00,73,60,13
2020-09-28 19:00:00,17,15,2
2020-09-28 20:00:00,0,0,0
2020-09-28 21:00:00,1,0,1
2020-09-28 22:00:00,1,0,1
2020-09-28 23:00:00,0,0,0
2020-09-29 00:00:00,0,0,0
2020-09-29 01:00:00,0,0,0
2020-09-29 02:00:00,0,0,0
2020-09-29 03:00:00,0,0,0
2020-09-29 04:00:00,1,1,0
2020-09-29 05:00:00,9,5,4
2020-09-29 06:00:00,24,17,7
2020-09-29 07:00:00,27,17,10
2020-09-29 08:00:00,24,18,6
2020-09-29 09:00:00,25,15,10
2020-09-29 10:00:00,19,10,9
2020-09-29 11:00:00,34,16,18
2020-09-29 12:00:00,32,18,14
2020-09-29 13:00:00,36,24,12
2020-09-29 14:00:00,55,34,21
2020-09-29 15:00:00,48,32,16
2020-09-29 16:00:00,81,54,27
2020-09-29 17:00:00,102,66,36
2020-09-29 18:00:00,82,68,14
2020-09-29 19:00:00,7,6,1
2020-09-29 20:00:00,2,1,1
2020-09-29 21:00:00,1,1,0
2020-09-29 22:00:00,0,0,0
2020-09-29 23:00:00,1,1,0
2020-09-30 00:00:00,0,0,0
2020-09-30 01:00:00,0,0,0
2020-09-30 02:00:00,0,0,0
2020-09-30 03:00:00,0,0,0
2020-09-30 04:00:00,2,2,0
2020-09-30 05:00:00,5,4,1
2020-09-30 06:00:00,13,5,8
2020-09-30 07:00:00,35,21,14
2020-09-30 08:00:00,32,26,6
2020-09-30 09:00:00,12,9,3
2020-09-30 10:00:00,21,13,8
2020-09-30 11:00:00,22,14,8
2020-09-30 12:00:00,22,13,9
2020-09-30 13:00:00,24,17,7
2020-09-30 14:00:00,29,15,14
2020-09-30 15:00:00,36,24,12
2020-09-30 16:00:00,74,37,37
2020-09-30 17:00:00,67,44,23
2020-09-30 18:00:00,49,40,9
2020-09-30 19:00:00,32,28,4
2020-09-30 20:00:00,4,2,2
2020-09-30 21:00:00,4,3,1
2020-09-30 22:00:00,0,0,0
2020-09-30 23:00:00,0,0,0
2020-10-01 00:00:00,0,0,0
2020-10-01 01:00:00,1,1,0
2020-10-01 02:00:00,0,0,0
2020-10-01 03:00:00,0,0,0
2020-10-01 04:00:00,1,1,0
2020-10-01 05:00:00,8,7,1
2020-10-01 06:00:00,11,5,6
2020-10-01 07:00:00,19,13,6
2020-10-01 08:00:00,20,13,7
2020-10-01 09:00:00,8,6,2
2020-10-01 10:00:00,24,12,12
2020-10-01 11:00:00,17,12,5
2020-10-01 12:00:00,22,18,4
2020-10-01 13:00:00,26,18,8
2020-10-01 14:00:00,29,13,16
2020-10-01 15:00:00,43,29,14
2020-10-01 16:00:00,50,36,14
2020-10-01 17:00:00,59,31,28
2020-10-01 18:00:00,57,47,10
2020-10-01 19:00:00,13,8,5
2020-10-01 20:00:00,1,1,0
2020-10-01 21:00:00,1,1,0
2020-10-01 22:00:00,2,0,2
2020-10-01 23:00:00,0,0,0
2020-10-02 00:00:00,2,2,0
2020-10-02 01:00:00,0,0,0
2020-10-02 02:00:00,1,1,0
2020-10-02 03:00:00,0,0,0
2020-10-02 04:00:00,0,0,0
2020-10-02 05:00:00,3,2,1
2020-10-02 06:00:00,18,11,7
2020-10-02 07:00:00,26,13,13
2020-10-02 08:00:00,18,11,7
2020-10-02 09:00:00,19,6,13
2020-10-02 10:00:00,24,20,4
2020-10-02 11:00:00,12,7,5
2020-10-02 12:00:00,20,7,13
2020-10-02 13:00:00,29,21,8
2020-10-02 14:00:00,55,38,17
2020-10-02 15:00:00,61,33,28
2020-10-02 16:00:00,61,40,21
2020-10-02 17:00:00,60,40,20
2020-10-02 18:00:00,44,33,11
2020-10-02 19:00:00,7,6,1
2020-10-02 20:00:00,7,6,1
2020-10-02 21:00:00,5,0,5
2020-10-02 22:00:00,2,2,0
2020-10-02 23:00:00,3,2,1
2020-10-03 00:00:00,0,0,0
2020-10-03 01:00:00,1,0,1
2020-10-03 02:00:00,0,0,0
2020-10-03 03:00:00,0,0,0
2020-10-03 04:00:00,0,0,0
2020-10-03 05:00:00,2,2,0
2020-10-03 06:00:00,4,3,1
2020-10-03 07:00:00,10,3,7
2020-10-03 08:00:00,26,16,10
2020-10-03 09:00:00,47,20,27
2020-10-03 10:00:00,52,33,19
2020-10-03 11:00:00,79,47,32
2020-10-03 12:00:00,68,35,33
2020-10-03 13:00:00,61,45,16
2020-10-03 14:00:00,77,43,34
2020-10-03 15:00:00,71,49,22
2020-10-03 16:00:00,60,35,25
2020-10-03 17:00:00,33,27,6
2020-10-03 18:00:00,24,23,1
2020-10-03 19:00:00,11,3,8
2020-10-03 20:00:00,5,2,3
2020-10-03 21:00:00,0,0,0
2020-10-03 22:00:00,5,4,1
2020-10-03 23:00:00,0,0,0
2020-10-04 00:00:00,1,0,1
2020-10-04 01:00:00,3,1,2
2020-10-04 02:00:00,0,0,0
2020-10-04 03:00:00,0,0,0
2020-10-04 04:00:00,1,1,0
2020-10-04 05:00:00,0,0,0
2020-10-04 06:00:00,2,2,0
2020-10-04 07:00:00,6,0,6
2020-10-04 08:00:00,19,4,15
2020-10-04 09:00:00,26,13,13
2020-10-04 10:00:00,29,9,20
2020-10-04 11:00:00,33,8,25
2020-10-04 12:00:00,54,36,18
2020-10-04 13:00:00,74,44,30
2020-10-04 14:00:00,84,43,41
2020-10-04 15:00:00,69,47,22
2020-10-04 16:00:00,90,67,23
2020-10-04 17:00:00,33,19,14
2020-10-04 18:00:00,15,13,2
2020-10-04 19:00:00,4,4,0
2020-10-04 20:00:00,3,3,0
2020-10-04 21:00:00,1,0,1
2020-10-04 22:00:00,1,1,0
2020-10-04 23:00:00,1,1,0
2020-10-05 00:00:00,0,0,0
2020-10-05 01:00:00,0,0,0
2020-10-05 02:00:00,0,0,0
2020-10-05 03:00:00,0,0,0
2020-10-05 04:00:00,4,2,2
2020-10-05 05:00:00,7,4,3
2020-10-05 06:00:00,13,10,3
2020-10-05 07:00:00,27,14,13
2020-10-05 08:00:00,16,14,2
2020-10-05 09:00:00,12,5,7
2020-10-05 10:00:00,20,10,10
2020-10-05 11:00:00,13,7,6
2020-10-05 12:00:00,30,25,5
2020-10-05 13:00:00,34,20,14
2020-10-05 14:00:00,42,26,16
2020-10-05 15:00:00,50,33,17
2020-10-05 16:00:00,59,41,18
2020-10-05 17:00:00,87,63,24
2020-10-05 18:00:00,54,47,7
2020-10-05 19:00:00,14,14,0
2020-10-05 20:00:00,2,2,0
2020-10-05 21:00:00,0,0,0
2020-10-05 22:00:00,0,0,0
2020-10-05 23:00:00,0,0,0
2020-10-06 00:00:00,0,0,0
2020-10-06 01:00:00,0,0,0
2020-10-06 02:00:00,0,0,0
2020-10-06 03:00:00,0,0,0
2020-10-06 04:00:00,2,1,1
2020-10-06 05:00:00,6,4,2
2020-10-06 06:00:00,20,13,7
2020-10-06 07:00:00,17,13,4
2020-10-06 08:00:00,25,22,3
2020-10-06 09:00:00,14,6,8
2020-10-06 10:00:00,19,16,3
2020-10-06 11:00:00,22,19,3
2020-10-06 12:00:00,30,16,14
2020-10-06 13:00:00,44,27,17
2020-10-06 14:00:00,45,29,16
2020-10-06 15:00:00,60,35,25
2020-10-06 16:00:00,79,53,26
2020-10-06 17:00:00,76,55,21
2020-10-06 18:00:00,68,54,14
2020-10-06 19:00:00,8,8,0
2020-10-06 20:00:00,7,5,2
2020-10-06 21:00:00,1,0,1
2020-10-06 22:00:00,0,0,0
2020-10-06 23:00:00,0,0,0
2020-10-07 00:00:00,0,0,0
2020-10-07 01:00:00,0,0,0
2020-10-07 02:00:00,0,0,0
2020-10-07 03:00:00,1,0,1
2020-10-07 04:00:00,1,1,0
2020-10-07 05:00:00,8,6,2
2020-10-07 06:00:00,9,5,4
2020-10-07 07:00:00,20,15,5
2020-10-07 08:00:00,19,14,5
2020-10-07 09:00:00,15,9,6
2020-10-07 10:00:00,10,4,6
2020-10-07 11:00:00,14,8,6
2020-10-07 12:00:00,21,9,12
2020-10-07 13:00:00,20,9,11
2020-10-07 14:00:00,22,15,7
2020-10-07 15:00:00,49,30,19
2020-10-07 16:00:00,42,31,11
2020-10-07 17:00:00,70,43,27
2020-10-07 18:00:00,40,33,7
2020-10-07 19:00:00,24,23,1
2020-10-07 20:00:00,4,3,1
2020-10-07 21:00:00,1,1,0
2020-10-07 22:00:00,0,0,0
2020-10-07 23:00:00,0,0,0
2020-10-08 00:00:00,0,0,0
2020-10-08 01:00:00,0,0,0
2020-10-08 02:00:00,0,0,0
2020-10-08 03:00:00,0,0,0
2020-10-08 04:00:00,1,1,0
2020-10-08 05:00:00,6,5,1
2020-10-08 06:00:00,9,6,3
2020-10-08 07:00:00,30,20,10
2020-10-08 08:00:00,16,12,4
2020-10-08 09:00:00,18,14,4
2020-10-08 10:00:00,18,10,8
2020-10-08 11:00:00,18,12,6
2020-10-08 12:00:00,23,11,12
2020-10-08 13:00:00,30,15,15
2020-10-08 14:00:00,27,19,8
2020-10-08 15:00:00,27,23,4
2020-10-08 16:00:00,78,47,31
2020-10-08 17:00:00,64,47,17
2020-10-08 18:00:00,47,34,13
2020-10-08 19:00:00,15,10,5
2020-10-08 20:00:00,5,4,1
2020-10-08 21:00:00,2,1,1
2020-10-08 22:00:00,1,1,0
2020-10-08 23:00:00,0,0,0
2020-10-09 00:00:00,0,0,0
2020-10-09 01:00:00,0,0,0
2020-10-09 02:00:00,0,0,0
2020-10-09 03:00:00,0,0,0
2020-10-09 04:00:00,2,2,0
2020-10-09 05:00:00,7,5,2
2020-10-09 06:00:00,8,5,3
2020-10-09 07:00:00,13,11,2
2020-10-09 08:00:00,28,15,13
2020-10-09 09:00:00,33,21,12
2020-10-09 10:00:00,36,20,16
2020-10-09 11:00:00,26,22,4
2020-10-09 12:00:00,24,12,12
2020-10-09 13:00:00,21,15,6
2020-10-09 14:00:00,24,18,6
2020-10-09 15:00:00,45,33,12
2020-10-09 16:00:00,52,37,15
2020-10-09 17:00:00,56,43,13
2020-10-09 18:00:00,18,17,1
2020-10-09 19:00:00,6,4,2
2020-10-09 20:00:00,2,2,0
2020-10-09 21:00:00,1,1,0
2020-10-09 22:00:00,1,0,1
2020-10-09 23:00:00,1,0,1
2020-10-10 00:00:00,0,0,0
2020-10-10 01:00:00,0,0,0
2020-10-10 02:00:00,0,0,0
2020-10-10 03:00:00,0,0,0
2020-10-10 04:00:00,1,1,0
2020-10-10 05:00:00,1,1,0
2020-10-10 06:00:00,0,0,0
2020-10-10 07:00:00,1,1,0
2020-10-10 08:00:00,6,1,5
2020-10-10 09:00:00,13,5,8
2020-10-10 10:00:00,18,6,12
2020-10-10 11:00:00,38,28,10
2020-10-10 12:00:00,37,24,13
2020-10-10 13:00:00,47,29,18
2020-10-10 14:00:00,66,30,36
2020-10-10 15:00:00,54,37,17
2020-10-10 16:00:00,53,42,11
2020-10-10 17:00:00,34,27,7
2020-10-10 18:00:00,24,17,7
2020-10-10 19:00:00,4,4,0
2020-10-10 20:00:00,2,1,1
2020-10-10 21:00:00,0,0,0
2020-10-10 22:00:00,0,0,0
2020-10-10 23:00:00,0,0,0
2020-10-11 00:00:00,0,0,0
2020-10-11 01:00:00,0,0,0
2020-10-11 02:00:00,0,0,0
2020-10-11 03:00:00,0,0,0
2020-10-11 04:00:00,1,1,0
2020-10-11 05:00:00,0,0,0
2020-10-11 06:00:00,3,2,1
2020-10-11 07:00:00,15,5,10
2020-10-11 08:00:00,20,14,6
2020-10-11 09:00:00,56,34,22
2020-10-11 10:00:00,41,27,14
2020-10-11 11:00:00,40,28,12
2020-10-11 12:00:00,20,11,9
2020-10-11 13:00:00,9,5,4
2020-10-11 14:00:00,8,5,3
2020-10-11 15:00:00,5,4,1
2020-10-11 16:00:00,3,1,2
2020-10-11 17:00:00,3,1,2
2020-10-11 18:00:00,1,1,0
2020-10-11 19:00:00,0,0,0
2020-10-11 20:00:00,1,1,0
2020-10-11 21:00:00,1,1,0
2020-10-11 22:00:00,0,0,0
2020-10-11 23:00:00,1,0,1
2020-10-12 00:00:00,1,1,0
2020-10-12 01:00:00,0,0,0
2020-10-12 02:00:00,0,0,0
2020-10-12 03:00:00,0,0,0
2020-10-12 04:00:00,2,2,0
2020-10-12 05:00:00,3,2,1
2020-10-12 06:00:00,8,6,2
2020-10-12 07:00:00,12,6,6
2020-10-12 08:00:00,9,6,3
2020-10-12 09:00:00,3,1,2
2020-10-12 10:00:00,9,3,6
2020-10-12 11:00:00,10,3,7
2020-10-12 12:00:00,15,5,10
2020-10-12 13:00:00,31,13,18
2020-10-12 14:00:00,33,20,13
2020-10-12 15:00:00,72,42,30
2020-10-12 16:00:00,91,53,38
2020-10-12 17:00:00,82,47,35
2020-10-12 18:00:00,55,48,7
2020-10-12 19:00:00,10,5,5
2020-10-12 20:00:00,2,1,1
2020-10-12 21:00:00,2,2,0
2020-10-12 22:00:00,0,0,0
2020-10-12 23:00:00,1,0,1
2020-10-13 00:00:00,0,0,0
2020-10-13 01:00:00,0,0,0
2020-10-13 02:00:00,0,0,0
2020-10-13 03:00:00,0,0,0
2020-10-13 04:00:00,0,0,0
2020-10-13 05:00:00,2,2,0
2020-10-13 06:00:00,5,4,1
2020-10-13 07:00:00,5,3,2
2020-10-13 08:00:00,3,3,0
2020-10-13 09:00:00,3,1,2
2020-10-13 10:00:00,3,1,2
2020-10-13 11:00:00,0,0,0
2020-10-13 12:00:00,7,5,2
2020-10-13 13:00:00,8,5,3
2020-10-13 14:00:00,9,4,5
2020-10-13 15:00:00,21,9,12
2020-10-13 16:00:00,17,11,6
2020-10-13 17:00:00,29,19,10
2020-10-13 18:00:00,17,14,3
2020-10-13 19:00:00,2,2,0
2020-10-13 20:00:00,0,0,0
2020-10-13 21:00:00,3,1,2
2020-10-13 22:00:00,0,0,0
2020-10-13 23:00:00,1,1,0
2020-10-14 00:00:00,0,0,0
2020-10-14 01:00:00,0,0,0
2020-10-14 02:00:00,0,0,0
2020-10-14 03:00:00,0,0,0
2020-10-14 04:00:00,1,1,0
2020-10-14 05:00:00,8,5,3
2020-10-14 06:00:00,21,10,11
2020-10-14 07:00:00,23,18,5
2020-10-14 08:00:00,22,18,4
2020-10-14 09:00:00,9,8,1
2020-10-14 10:00:00,10,6,4
2020-10-14 11:00:00,19,11,8
2020-10-14 12:00:00,32,20,12
2020-10-14 13:00:00,32,16,16
2020-10-14 14:00:00,33,17,16
2020-10-14 15:00:00,40,25,15
2020-10-14 16:00:00,66,39,27
2020-10-14 17:00:00,75,54,21
2020-10-14 18:00:00,32,23,9
2020-10-14 19:00:00,30,28,2
2020-10-14 20:00:00,3,3,0
2020-10-14 21:00:00,1,1,0
2020-10-14 22:00:00,0,0,0
2020-10-14 23:00:00,0,0,0
2020-10-15 00:00:00,0,0,0
2020-10-15 01:00:00,0,0,0
2020-10-15 02:00:00,0,0,0
2020-10-15 03:00:00,0,0,0
2020-10-15 04:00:00,1,1,0
2020-10-15 05:00:00,9,5,4
2020-10-15 06:00:00,17,12,5
2020-10-15 07:00:00,27,17,10
2020-10-15 08:00:00,15,13,2
2020-10-15 09:00:00,14,5,9
2020-10-15 10:00:00,26,11,15
2020-10-15 11:00:00,25,18,7
2020-10-15 12:00:00,46,27,19
2020-10-15 13:00:00,29,17,12
2020-10-15 14:00:00,40,29,11
2020-10-15 15:00:00,53,31,22
2020-10-15 16:00:00,61,42,19
2020-10-15 17:00:00,78,51,27
2020-10-15 18:00:00,46,34,12
2020-10-15 19:00:00,10,7,3
2020-10-15 20:00:00,3,2,1
2020-10-15 21:00:00,2,1,1
2020-10-15 22:00:00,1,0,1
2020-10-15 23:00:00,0,0,0
2020-10-16 00:00:00,0,0,0
2020-10-16 01:00:00,0,0,0
2020-10-16 02:00:00,0,0,0
2020-10-16 03:00:00,0,0,0
2020-10-16 04:00:00,1,1,0
2020-10-16 05:00:00,6,4,2
2020-10-16 06:00:00,6,5,1
2020-10-16 07:00:00,16,12,4
2020-10-16 08:00:00,19,12,7
2020-10-16 09:00:00,20,14,6
2020-10-16 10:00:00,22,9,13
2020-10-16 11:00:00,28,19,9
2020-10-16 12:00:00,21,14,7
2020-10-16 13:00:00,9,7,2
2020-10-16 14:00:00,18,10,8
2020-10-16 15:00:00,13,8,5
2020-10-16 16:00:00,16,8,8
2020-10-16 17:00:00,11,7,4
2020-10-16 18:00:00,7,5,2
2020-10-16 19:00:00,5,4,1
2020-10-16 20:00:00,5,1,4
2020-10-16 21:00:00,2,2,0
2020-10-16 22:00:00,1,1,0
2020-10-16 23:00:00,3,2,1
2020-10-17 00:00:00,0,0,0
2020-10-17 01:00:00,0,0,0
2020-10-17 02:00:00,0,0,0
2020-10-17 03:00:00,0,0,0
2020-10-17 04:00:00,1,1,0
2020-10-17 05:00:00,0,0,0
2020-10-17 06:00:00,3,2,1
2020-10-17 07:00:00,13,9,4
2020-10-17 08:00:00,31,15,16
2020-10-17 09:00:00,39,10,29
2020-10-17 10:00:00,64,33,31
2020-10-17 11:00:00,58,27,31
2020-10-17 12:00:00,61,28,33
2020-10-17 13:00:00,53,31,22
2020-10-17 14:00:00,66,40,26
2020-10-17 15:00:00,65,39,26
2020-10-17 16:00:00,57,44,13
2020-10-17 17:00:00,25,21,4
2020-10-17 18:00:00,13,10,3
2020-10-17 19:00:00,1,0,1
2020-10-17 20:00:00,5,2,3
2020-10-17 21:00:00,2,1,1
2020-10-17 22:00:00,2,1,1
2020-10-17 23:00:00,0,0,0
2020-10-18 00:00:00,1,1,0
2020-10-18 01:00:00,0,0,0
2020-10-18 02:00:00,0,0,0
2020-10-18 03:00:00,0,0,0
2020-10-18 04:00:00,1,1,0
2020-10-18 05:00:00,0,0,0
2020-10-18 06:00:00,4,2,2
2020-10-18 07:00:00,7,2,5
2020-10-18 08:00:00,13,4,9
2020-10-18 09:00:00,28,15,13
2020-10-18 10:00:00,17,13,4
2020-10-18 11:00:00,18,7,11
2020-10-18 12:00:00,10,8,2
2020-10-18 13:00:00,21,12,9
2020-10-18 14:00:00,24,17,7
2020-10-18 15:00:00,29,15,14
2020-10-18 16:00:00,29,17,12
2020-10-18 17:00:00,20,13,7
2020-10-18 18:00:00,6,5,1
2020-10-18 19:00:00,2,2,0
2020-10-18 20:00:00,1,1,0
2020-10-18 21:00:00,1,0,1
2020-10-18 22:00:00,0,0,0
2020-10-18 23:00:00,0,0,0
2020-10-19 00:00:00,0,0,0
2020-10-19 01:00:00,0,0,0
2020-10-19 02:00:00,0,0,0
2020-10-19 03:00:00,0,0,0
2020-10-19 04:00:00,1,1,0
2020-10-19 05:00:00,6,3,3
2020-10-19 06:00:00,10,6,4
2020-10-19 07:00:00,17,12,5
2020-10-19 08:00:00,14,12,2
2020-10-19 09:00:00,6,2,4
2020-10-19 10:00:00,12,3,9
2020-10-19 11:00:00,13,8,5
2020-10-19 12:00:00,15,8,7
2020-10-19 13:00:00,18,11,7
2020-10-19 14:00:00,13,5,8
2020-10-19 15:00:00,18,9,9
2020-10-19 16:00:00,27,15,12
2020-10-19 17:00:00,11,5,6
2020-10-19 18:00:00,8,6,2
2020-10-19 19:00:00,2,1,1
2020-10-19 20:00:00,2,1,1
2020-10-19 21:00:00,0,0,0
2020-10-19 22:00:00,0,0,0
2020-10-19 23:00:00,0,0,0
2020-10-20 00:00:00,0,0,0
2020-10-20 01:00:00,0,0,0
2020-10-20 02:00:00,0,0,0
2020-10-20 03:00:00,1,1,0
2020-10-20 04:00:00,1,1,0
2020-10-20 05:00:00,8,4,4
2020-10-20 06:00:00,13,8,5
2020-10-20 07:00:00,27,14,13
2020-10-20 08:00:00,16,14,2
2020-10-20 09:00:00,13,10,3
2020-10-20 10:00:00,13,6,7
2020-10-20 11:00:00,23,10,13
2020-10-20 12:00:00,34,17,17
2020-10-20 13:00:00,36,26,10
2020-10-20 14:00:00,37,25,12
2020-10-20 15:00:00,52,29,23
2020-10-20 16:00:00,88,51,37
2020-10-20 17:00:00,91,68,23
2020-10-20 18:00:00,48,38,10
2020-10-20 19:00:00,8,6,2
2020-10-20 20:00:00,4,4,0
2020-10-20 21:00:00,0,0,0
2020-10-20 22:00:00,2,1,1
2020-10-20 23:00:00,1,1,0
2020-10-21 00:00:00,0,0,0
2020-10-21 01:00:00,0,0,0
2020-10-21 02:00:00,0,0,0
2020-10-21 03:00:00,1,1,0
2020-10-21 04:00:00,0,0,0
2020-10-21 05:00:00,4,3,1
2020-10-21 06:00:00,8,1,7
2020-10-21 07:00:00,19,14,5
2020-10-21 08:00:00,8,8,0
2020-10-21 09:00:00,3,1,2
2020-10-21 10:00:00,4,3,1
2020-10-21 11:00:00,5,3,2
2020-10-21 12:00:00,4,1,3
2020-10-21 13:00:00,4,3,1
2020-10-21 14:00:00,10,1,9
2020-10-21 15:00:00,26,13,13
2020-10-21 16:00:00,39,21,18
2020-10-21 17:00:00,33,17,16
2020-10-21 18:00:00,22,15,7
2020-10-21 19:00:00,21,18,3
2020-10-21 20:00:00,2,1,1
2020-10-21 21:00:00,0,0,0
2020-10-21 22:00:00,0,0,0
2020-10-21 23:00:00,0,0,0
2020-10-22 00:00:00,0,0,0
2020-10-22 01:00:00,0,0,0
2020-10-22 02:00:00,0,0,0
2020-10-22 03:00:00,0,0,0
2020-10-22 04:00:00,1,1,0
2020-10-22 05:00:00,9,5,4
2020-10-22 06:00:00,21,16,5
2020-10-22 07:00:00,27,15,12
2020-10-22 08:00:00,24,19,5
2020-10-22 09:00:00,11,5,6
2020-10-22 10:00:00,13,2,11
2020-10-22 11:00:00,21,18,3
2020-10-22 12:00:00,20,8,12
2020-10-22 13:00:00,22,12,10
2020-10-22 14:00:00,39,21,18
2020-10-22 15:00:00,43,28,15
2020-10-22 16:00:00,71,50,21
2020-10-22 17:00:00,78,59,19
2020-10-22 18:00:00,33,27,6
2020-10-22 19:00:00,6,2,4
2020-10-22 20:00:00,3,3,0
2020-10-22 21:00:00,3,3,0
2020-10-22 22:00:00,0,0,0
2020-10-22 23:00:00,1,1,0
2020-10-23 00:00:00,0,0,0
2020-10-23 01:00:00,0,0,0
2020-10-23 02:00:00,0,0,0
2020-10-23 03:00:00,0,0,0
2020-10-23 04:00:00,0,0,0
2020-10-23 05:00:00,7,5,2
2020-10-23 06:00:00,6,5,1
2020-10-23 07:00:00,9,5,4
2020-10-23 08:00:00,10,7,3
2020-10-23 09:00:00,3,2,1
2020-10-23 10:00:00,4,2,2
2020-10-23 11:00:00,4,4,0
2020-10-23 12:00:00,4,3,1
2020-10-23 13:00:00,1,0,1
2020-10-23 14:00:00,10,7,3
2020-10-23 15:00:00,10,3,7
2020-10-23 16:00:00,22,13,9
2020-10-23 17:00:00,11,8,3
2020-10-23 18:00:00,8,3,5
2020-10-23 19:00:00,3,1,2
2020-10-23 20:00:00,1,1,0
2020-10-23 21:00:00,0,0,0
2020-10-23 22:00:00,1,1,0
2020-10-23 23:00:00,1,1,0
2020-10-24 00:00:00,0,0,0
2020-10-24 01:00:00,0,0,0
2020-10-24 02:00:00,0,0,0
2020-10-24 03:00:00,0,0,0
2020-10-24 04:00:00,1,1,0
2020-10-24 05:00:00,1,1,0
2020-10-24 06:00:00,2,2,0
2020-10-24 07:00:00,9,6,3
2020-10-24 08:00:00,29,16,13
2020-10-24 09:00:00,39,13,26
2020-10-24 10:00:00,65,22,43
2020-10-24 11:00:00,63,30,33
2020-10-24 12:00:00,62,46,16
2020-10-24 13:00:00,85,58,27
2020-10-24 14:00:00,67,38,29
2020-10-24 15:00:00,84,59,25
2020-10-24 16:00:00,56,40,16
2020-10-24 17:00:00,32,28,4
2020-10-24 18:00:00,7,6,1
2020-10-24 19:00:00,5,5,0
2020-10-24 20:00:00,7,5,2
2020-10-24 21:00:00,2,2,0
2020-10-24 22:00:00,1,0,1
2020-10-24 23:00:00,0,0,0
2020-10-25 00:00:00,1,1,0
2020-10-25 01:00:00,0,0,0
2020-10-25 02:00:00,0,0,0
2020-10-25 03:00:00,0,0,0
2020-10-25 04:00:00,1,1,0
2020-10-25 05:00:00,0,0,0
2020-10-25 06:00:00,4,1,3
2020-10-25 07:00:00,5,3,2
2020-10-25 08:00:00,15,5,10
2020-10-25 09:00:00,25,10,15
2020-10-25 10:00:00,49,25,24
2020-10-25 11:00:00,68,34,34
2020-10-25 12:00:00,86,42,44
2020-10-25 13:00:00,92,58,34
2020-10-25 14:00:00,87,48,39
2020-10-25 15:00:00,104,72,32
2020-10-25 16:00:00,72,49,23
2020-10-25 17:00:00,34,28,6
2020-10-25 18:00:00,11,9,2
2020-10-25 19:00:00,1,1,0
2020-10-25 20:00:00,2,2,0
2020-10-25 21:00:00,0,0,0
2020-10-25 22:00:00,0,0,0
2020-10-25 23:00:00,0,0,0
2020-10-26 00:00:00,0,0,0
2020-10-26 01:00:00,0,0,0
2020-10-26 02:00:00,0,0,0
2020-10-26 03:00:00,0,0,0
2020-10-26 04:00:00,2,2,0
2020-10-26 05:00:00,3,1,2
2020-10-26 06:00:00,5,4,1
2020-10-26 07:00:00,19,8,11
2020-10-26 08:00:00,10,9,1
2020-10-26 09:00:00,4,3,1
2020-10-26 10:00:00,8,4,4
2020-10-26 11:00:00,11,8,3
2020-10-26 12:00:00,19,8,11
2020-10-26 13:00:00,14,9,5
2020-10-26 14:00:00,15,11,4
2020-10-26 15:00:00,20,16,4
2020-10-26 16:00:00,29,20,9
2020-10-26 17:00:00,30,21,9
2020-10-26 18:00:00,9,7,2
2020-10-26 19:00:00,5,3,2
2020-10-26 20:00:00,1,1,0
2020-10-26 21:00:00,1,0,1
2020-10-26 22:00:00,0,0,0
2020-10-26 23:00:00,0,0,0
2020-10-27 00:00:00,2,1,1
2020-10-27 01:00:00,0,0,0
2020-10-27 02:00:00,0,0,0
2020-10-27 03:00:00,0,0,0
2020-10-27 04:00:00,2,1,1
2020-10-27 05:00:00,6,5,1
2020-10-27 06:00:00,18,12,6
2020-10-27 07:00:00,22,16,6
2020-10-27 08:00:00,18,11,7
2020-10-27 09:00:00,16,14,2
2020-10-27 10:00:00,12,7,5
2020-10-27 11:00:00,16,8,8
2020-10-27 12:00:00,19,10,9
2020-10-27 13:00:00,42,28,14
2020-10-27 14:00:00,44,23,21
2020-10-27 15:00:00,48,30,18
2020-10-27 16:00:00,68,50,18
2020-10-27 17:00:00,53,45,8
2020-10-27 18:00:00,25,19,6
2020-10-27 19:00:00,4,2,2
2020-10-27 20:00:00,1,1,0
2020-10-27 21:00:00,1,1,0
2020-10-27 22:00:00,0,0,0
2020-10-27 23:00:00,0,0,0
2020-10-28 00:00:00,0,0,0
2020-10-28 01:00:00,0,0,0
2020-10-28 02:00:00,0,0,0
2020-10-28 03:00:00,0,0,0
2020-10-28 04:00:00,2,1,1
2020-10-28 05:00:00,9,8,1
2020-10-28 06:00:00,13,6,7
2020-10-28 07:00:00,15,6,9
2020-10-28 08:00:00,25,19,6
2020-10-28 09:00:00,6,4,2
2020-10-28 10:00:00,9,6,3
2020-10-28 11:00:00,12,9,3
2020-10-28 12:00:00,15,8,7
2020-10-28 13:00:00,18,11,7
2020-10-28 14:00:00,26,19,7
2020-10-28 15:00:00,24,14,10
2020-10-28 16:00:00,47,27,20
2020-10-28 17:00:00,43,29,14
2020-10-28 18:00:00,29,25,4
2020-10-28 19:00:00,9,6,3
2020-10-28 20:00:00,2,2,0
2020-10-28 21:00:00,1,1,0
2020-10-28 22:00:00,1,1,0
2020-10-28 23:00:00,0,0,0
2020-10-29 00:00:00,0,0,0
2020-10-29 01:00:00,0,0,0
2020-10-29 02:00:00,0,0,0
2020-10-29 03:00:00,0,0,0
2020-10-29 04:00:00,1,1,0
2020-10-29 05:00:00,5,3,2
2020-10-29 06:00:00,9,7,2
2020-10-29 07:00:00,15,7,8
2020-10-29 08:00:00,15,10,5
2020-10-29 09:00:00,13,5,8
2020-10-29 10:00:00,10,6,4
2020-10-29 11:00:00,15,10,5
2020-10-29 12:00:00,14,9,5
2020-10-29 13:00:00,25,15,10
2020-10-29 14:00:00,29,12,17
2020-10-29 15:00:00,46,21,25
2020-10-29 16:00:00,71,44,27
2020-10-29 17:00:00,50,34,16
2020-10-29 18:00:00,21,18,3
2020-10-29 19:00:00,7,3,4
2020-10-29 20:00:00,3,2,1
2020-10-29 21:00:00,1,1,0
2020-10-29 22:00:00,0,0,0
2020-10-29 23:00:00,0,0,0
2020-10-30 00:00:00,0,0,0
2020-10-30 01:00:00,0,0,0
2020-10-30 02:00:00,0,0,0
2020-10-30 03:00:00,1,1,0
2020-10-30 04:00:00,0,0,0
2020-10-30 05:00:00,5,4,1
2020-10-30 06:00:00,3,1,2
2020-10-30 07:00:00,12,8,4
2020-10-30 08:00:00,11,8,3
2020-10-30 09:00:00,5,2,3
2020-10-30 10:00:00,17,10,7
2020-10-30 11:00:00,17,11,6
2020-10-30 12:00:00,15,9,6
2020-10-30 13:00:00,25,14,11
2020-10-30 14:00:00,26,17,9
2020-10-30 15:00:00,43,26,17
2020-10-30 16:00:00,68,50,18
2020-10-30 17:00:00,23,13,10
2020-10-30 18:00:00,15,4,11
2020-10-30 19:00:00,6,3,3
2020-10-30 20:00:00,2,2,0
2020-10-30 21:00:00,0,0,0
2020-10-30 22:00:00,2,1,1
2020-10-30 23:00:00,0,0,0
2020-10-31 00:00:00,1,0,1
2020-10-31 01:00:00,0,0,0
2020-10-31 02:00:00,0,0,0
2020-10-31 03:00:00,0,0,0
2020-10-31 04:00:00,0,0,0
2020-10-31 05:00:00,1,1,0
2020-10-31 06:00:00,0,0,0
2020-10-31 07:00:00,11,3,8
2020-10-31 08:00:00,28,15,13
2020-10-31 09:00:00,51,17,34
2020-10-31 10:00:00,89,37,52
2020-10-31 11:00:00,88,49,39
2020-10-31 12:00:00,127,80,47
2020-10-31 13:00:00,112,74,38
2020-10-31 14:00:00,122,74,48
2020-10-31 15:00:00,110,79,31
2020-10-31 16:00:00,61,45,16
2020-10-31 17:00:00,30,20,10
2020-10-31 18:00:00,9,6,3
2020-10-31 19:00:00,3,1,2
2020-10-31 20:00:00,1,1,0
2020-10-31 21:00:00,0,0,0
2020-10-31 22:00:00,0,0,0
2020-10-31 23:00:00,0,0,0
2020-11-01 00:00:00,0,0,0
2020-11-01 01:00:00,0,0,0
2020-11-01 02:00:00,0,0,0
2020-11-01 03:00:00,1,1,0
2020-11-01 04:00:00,1,0,1
2020-11-01 05:00:00,2,2,0
2020-11-01 06:00:00,1,0,1
2020-11-01 07:00:00,19,7,12
2020-11-01 08:00:00,27,11,16
2020-11-01 09:00:00,39,23,16
2020-11-01 10:00:00,90,37,53
2020-11-01 11:00:00,111,63,48
2020-11-01 12:00:00,100,69,31
2020-11-01 13:00:00,133,78,55
2020-11-01 14:00:00,125,75,50
2020-11-01 15:00:00,95,70,25
2020-11-01 16:00:00,51,38,13
2020-11-01 17:00:00,9,8,1
2020-11-01 18:00:00,0,0,0
2020-11-01 19:00:00,1,1,0
2020-11-01 20:00:00,2,1,1
2020-11-01 21:00:00,0,0,0
2020-11-01 22:00:00,1,0,1
2020-11-01 23:00:00,1,1,0
2020-11-02 00:00:00,0,0,0
2020-11-02 01:00:00,1,1,0
2020-11-02 02:00:00,0,0,0
2020-11-02 03:00:00,1,1,0
2020-11-02 04:00:00,0,0,0
2020-11-02 05:00:00,6,4,2
2020-11-02 06:00:00,20,11,9
2020-11-02 07:00:00,17,11,6
2020-11-02 08:00:00,8,7,1
2020-11-02 09:00:00,17,8,9
2020-11-02 10:00:00,17,9,8
2020-11-02 11:00:00,31,19,12
2020-11-02 12:00:00,48,31,17
2020-11-02 13:00:00,49,22,27
2020-11-02 14:00:00,66,38,28
2020-11-02 15:00:00,78,50,28
2020-11-02 16:00:00,67,51,16
2020-11-02 17:00:00,26,19,7
2020-11-02 18:00:00,9,4,5
2020-11-02 19:00:00,5,4,1
2020-11-02 20:00:00,0,0,0
2020-11-02 21:00:00,0,0,0
2020-11-02 22:00:00,2,1,1
2020-11-02 23:00:00,0,0,0
2020-11-03 00:00:00,0,0,0
2020-11-03 01:00:00,0,0,0
2020-11-03 02:00:00,0,0,0
2020-11-03 03:00:00,0,0,0
2020-11-03 04:00:00,1,0,1
2020-11-03 05:00:00,7,6,1
2020-11-03 06:00:00,10,6,4
2020-11-03 07:00:00,17,13,4
2020-11-03 08:00:00,6,2,4
2020-11-03 09:00:00,2,1,1
2020-11-03 10:00:00,3,2,1
2020-11-03 11:00:00,2,2,0
2020-11-03 12:00:00,1,0,1
2020-11-03 13:00:00,6,3,3
2020-11-03 14:00:00,4,2,2
2020-11-03 15:00:00,8,5,3
2020-11-03 16:00:00,13,9,4
2020-11-03 17:00:00,8,3,5
2020-11-03 18:00:00,3,2,1
2020-11-03 19:00:00,2,2,0
2020-11-03 20:00:00,2,1,1
2020-11-03 21:00:00,0,0,0
2020-11-03 22:00:00,0,0,0
2020-11-03 23:00:00,0,0,0
2020-11-04 00:00:00,0,0,0
2020-11-04 01:00:00,0,0,0
2020-11-04 02:00:00,0,0,0
2020-11-04 03:00:00,0,0,0
2020-11-04 04:00:00,1,1,0
2020-11-04 05:00:00,3,1,2
2020-11-04 06:00:00,5,5,0
2020-11-04 07:00:00,12,5,7
2020-11-04 08:00:00,4,3,1
2020-11-04 09:00:00,6,4,2
2020-11-04 10:00:00,6,3,3
2020-11-04 11:00:00,8,3,5
2020-11-04 12:00:00,18,12,6
2020-11-04 13:00:00,13,10,3
2020-11-04 14:00:00,12,6,6
2020-11-04 15:00:00,9,4,5
2020-11-04 16:00:00,17,8,9
2020-11-04 17:00:00,8,6,2
2020-11-04 18:00:00,8,3,5
2020-11-04 19:00:00,5,5,0
2020-11-04 20:00:00,1,1,0
2020-11-04 21:00:00,1,1,0
2020-11-04 22:00:00,0,0,0
2020-11-04 23:00:00,0,0,0
2020-11-05 00:00:00,0,0,0
2020-11-05 01:00:00,1,0,1
2020-11-05 02:00:00,0,0,0
2020-11-05 03:00:00,0,0,0
2020-11-05 04:00:00,0,0,0
2020-11-05 05:00:00,3,2,1
2020-11-05 06:00:00,11,8,3
2020-11-05 07:00:00,13,10,3
2020-11-05 08:00:00,10,6,4
2020-11-05 09:00:00,4,2,2
2020-11-05 10:00:00,3,1,2
2020-11-05 11:00:00,4,2,2
2020-11-05 12:00:00,6,5,1
2020-11-05 13:00:00,2,1,1
2020-11-05 14:00:00,1,1,0
2020-11-05 15:00:00,7,2,5
2020-11-05 16:00:00,16,8,8
2020-11-05 17:00:00,14,8,6
2020-11-05 18:00:00,3,2,1
2020-11-05 19:00:00,4,3,1
2020-11-05 20:00:00,1,1,0
2020-11-05 21:00:00,0,0,0
2020-11-05 22:00:00,2,1,1
2020-11-05 23:00:00,1,1,0
2020-11-06 00:00:00,0,0,0
2020-11-06 01:00:00,0,0,0
2020-11-06 02:00:00,0,0,0
2020-11-06 03:00:00,0,0,0
2020-11-06 04:00:00,0,0,0
2020-11-06 05:00:00,3,2,1
2020-11-06 06:00:00,5,4,1
2020-11-06 07:00:00,15,11,4
2020-11-06 08:00:00,15,11,4
2020-11-06 09:00:00,11,8,3
2020-11-06 10:00:00,13,8,5
2020-11-06 11:00:00,20,11,9
2020-11-06 12:00:00,20,15,5
2020-11-06 13:00:00,25,12,13
2020-11-06 14:00:00,33,22,11
2020-11-06 15:00:00,36,24,12
2020-11-06 16:00:00,34,28,6
2020-11-06 17:00:00,14,9,5
2020-11-06 18:00:00,9,4,5
2020-11-06 19:00:00,2,2,0
2020-11-06 20:00:00,1,1,0
2020-11-06 21:00:00,1,1,0
2020-11-06 22:00:00,2,1,1
2020-11-06 23:00:00,0,0,0
2020-11-07 00:00:00,0,0,0
2020-11-07 01:00:00,0,0,0
2020-11-07 02:00:00,0,0,0
2020-11-07 03:00:00,0,0,0
2020-11-07 04:00:00,0,0,0
2020-11-07 05:00:00,0,0,0
2020-11-07 06:00:00,3,2,1
2020-11-07 07:00:00,10,7,3
2020-11-07 08:00:00,36,16,20
2020-11-07 09:00:00,53,25,28
2020-11-07 10:00:00,62,39,23
2020-11-07 11:00:00,70,40,30
2020-11-07 12:00:00,72,51,21
2020-11-07 13:00:00,28,18,10
2020-11-07 14:00:00,44,30,14
2020-11-07 15:00:00,46,34,12
2020-11-07 16:00:00,28,24,4
2020-11-07 17:00:00,2,2,0
2020-11-07 18:00:00,6,4,2
2020-11-07 19:00:00,1,1,0
2020-11-07 20:00:00,0,0,0
2020-11-07 21:00:00,0,0,0
2020-11-07 22:00:00,0,0,0
2020-11-07 23:00:00,4,2,2
2020-11-08 00:00:00,1,0,1
2020-11-08 01:00:00,0,0,0
2020-11-08 02:00:00,0,0,0
2020-11-08 03:00:00,0,0,0
2020-11-08 04:00:00,0,0,0
2020-11-08 05:00:00,2,1,1
2020-11-08 06:00:00,2,2,0
2020-11-08 07:00:00,7,2,5
2020-11-08 08:00:00,17,6,11
2020-11-08 09:00:00,45,25,20
2020-11-08 10:00:00,62,27,35
2020-11-08 11:00:00,67,32,35
2020-11-08 12:00:00,84,51,33
2020-11-08 13:00:00,120,63,57
2020-11-08 14:00:00,135,76,59
2020-11-08 15:00:00,111,84,27
2020-11-08 16:00:00,42,35,7
2020-11-08 17:00:00,9,8,1
2020-11-08 18:00:00,1,1,0
2020-11-08 19:00:00,0,0,0
2020-11-08 20:00:00,0,0,0
2020-11-08 21:00:00,0,0,0
2020-11-08 22:00:00,0,0,0
2020-11-08 23:00:00,0,0,0
2020-11-09 00:00:00,0,0,0
2020-11-09 01:00:00,0,0,0
2020-11-09 02:00:00,0,0,0
2020-11-09 03:00:00,0,0,0
2020-11-09 04:00:00,2,1,1
2020-11-09 05:00:00,2,0,2
2020-11-09 06:00:00,9,6,3
2020-11-09 07:00:00,14,9,5
2020-11-09 08:00:00,6,6,0
2020-11-09 09:00:00,3,2,1
2020-11-09 10:00:00,6,1,5
2020-11-09 11:00:00,7,3,4
2020-11-09 12:00:00,11,6,5
2020-11-09 13:00:00,10,8,2
2020-11-09 14:00:00,14,10,4
2020-11-09 15:00:00,21,15,6
2020-11-09 16:00:00,17,11,6
2020-11-09 17:00:00,7,3,4
2020-11-09 18:00:00,3,3,0
2020-11-09 19:00:00,2,1,1
2020-11-09 20:00:00,0,0,0
2020-11-09 21:00:00,1,0,1
2020-11-09 22:00:00,0,0,0
2020-11-09 23:00:00,0,0,0
2020-11-10 00:00:00,0,0,0
2020-11-10 01:00:00,0,0,0
2020-11-10 02:00:00,0,0,0
2020-11-10 03:00:00,0,0,0
2020-11-10 04:00:00,1,0,1
2020-11-10 05:00:00,2,1,1
2020-11-10 06:00:00,8,4,4
2020-11-10 07:00:00,13,10,3
2020-11-10 08:00:00,7,5,2
2020-11-10 09:00:00,4,3,1
2020-11-10 10:00:00,5,2,3
2020-11-10 11:00:00,10,5,5
2020-11-10 12:00:00,8,6,2
2020-11-10 13:00:00,10,6,4
2020-11-10 14:00:00,12,7,5
2020-11-10 15:00:00,15,6,9
2020-11-10 16:00:00,17,9,8
2020-11-10 17:00:00,10,4,6
2020-11-10 18:00:00,4,1,3
2020-11-10 19:00:00,1,0,1
2020-11-10 20:00:00,2,2,0
2020-11-10 21:00:00,0,0,0
2020-11-10 22:00:00,0,0,0
2020-11-10 23:00:00,0,0,0
2020-11-11 00:00:00,0,0,0
2020-11-11 01:00:00,0,0,0
2020-11-11 02:00:00,0,0,0
2020-11-11 03:00:00,0,0,0
2020-11-11 04:00:00,0,0,0
2020-11-11 05:00:00,2,2,0
2020-11-11 06:00:00,6,3,3
2020-11-11 07:00:00,13,8,5
2020-11-11 08:00:00,21,13,8
2020-11-11 09:00:00,13,6,7
2020-11-11 10:00:00,18,4,14
2020-11-11 11:00:00,28,15,13
2020-11-11 12:00:00,29,19,10
2020-11-11 13:00:00,40,18,22
2020-11-11 14:00:00,42,27,15
2020-11-11 15:00:00,62,41,21
2020-11-11 16:00:00,51,39,12
2020-11-11 17:00:00,20,17,3
2020-11-11 18:00:00,15,10,5
2020-11-11 19:00:00,9,9,0
2020-11-11 20:00:00,2,1,1
2020-11-11 21:00:00,3,2,1
2020-11-11 22:00:00,3,0,3
2020-11-11 23:00:00,0,0,0
2020-11-12 00:00:00,3,2,1
2020-11-12 01:00:00,0,0,0
2020-11-12 02:00:00,1,1,0
2020-11-12 03:00:00,0,0,0
2020-11-12 04:00:00,1,1,0
2020-11-12 05:00:00,5,3,2
2020-11-12 06:00:00,6,4,2
2020-11-12 07:00:00,22,19,3
2020-11-12 08:00:00,9,7,2
2020-11-12 09:00:00,15,9,6
2020-11-12 10:00:00,16,8,8
2020-11-12 11:00:00,18,13,5
2020-11-12 12:00:00,11,9,2
2020-11-12 13:00:00,10,6,4
2020-11-12 14:00:00,11,7,4
2020-11-12 15:00:00,12,9,3
2020-11-12 16:00:00,11,7,4
2020-11-12 17:00:00,11,4,7
2020-11-12 18:00:00,4,3,1
2020-11-12 19:00:00,3,1,2
2020-11-12 20:00:00,2,2,0
2020-11-12 21:00:00,1,0,1
2020-11-12 22:00:00,0,0,0
2020-11-12 23:00:00,0,0,0
2020-11-13 00:00:00,0,0,0
2020-11-13 01:00:00,0,0,0
2020-11-13 02:00:00,0,0,0
2020-11-13 03:00:00,0,0,0
2020-11-13 04:00:00,0,0,0
2020-11-13 05:00:00,2,1,1
2020-11-13 06:00:00,3,3,0
2020-11-13 07:00:00,11,5,6
2020-11-13 08:00:00,14,7,7
2020-11-13 09:00:00,5,3,2
2020-11-13 10:00:00,3,2,1
2020-11-13 11:00:00,8,4,4
2020-11-13 12:00:00,9,4,5
2020-11-13 13:00:00,22,11,11
2020-11-13 14:00:00,27,11,16
2020-11-13 15:00:00,44,31,13
2020-11-13 16:00:00,27,18,9
2020-11-13 17:00:00,7,4,3
2020-11-13 18:00:00,2,1,1
2020-11-13 19:00:00,4,3,1
2020-11-13 20:00:00,1,1,0
2020-11-13 21:00:00,2,0,2
2020-11-13 22:00:00,2,1,1
2020-11-13 23:00:00,0,0,0
2020-11-14 00:00:00,0,0,0
2020-11-14 01:00:00,0,0,0
2020-11-14 02:00:00,0,0,0
2020-11-14 03:00:00,0,0,0
2020-11-14 04:00:00,1,1,0
2020-11-14 05:00:00,1,1,0
2020-11-14 06:00:00,2,2,0
2020-11-14 07:00:00,14,3,11
2020-11-14 08:00:00,30,14,16
2020-11-14 09:00:00,57,25,32
2020-11-14 10:00:00,104,51,53
2020-11-14 11:00:00,104,61,43
2020-11-14 12:00:00,71,45,26
2020-11-14 13:00:00,41,29,12
2020-11-14 14:00:00,33,27,6
2020-11-14 15:00:00,12,10,2
2020-11-14 16:00:00,6,5,1
2020-11-14 17:00:00,0,0,0
2020-11-14 18:00:00,0,0,0
2020-11-14 19:00:00,2,0,2
2020-11-14 20:00:00,1,1,0
2020-11-14 21:00:00,1,0,1
2020-11-14 22:00:00,0,0,0
2020-11-14 23:00:00,0,0,0
2020-11-15 00:00:00,1,1,0
2020-11-15 01:00:00,0,0,0
2020-11-15 02:00:00,0,0,0
2020-11-15 03:00:00,0,0,0
2020-11-15 04:00:00,1,1,0
2020-11-15 05:00:00,2,1,1
2020-11-15 06:00:00,2,0,2
2020-11-15 07:00:00,16,2,14
2020-11-15 08:00:00,5,0,5
2020-11-15 09:00:00,27,14,13
2020-11-15 10:00:00,58,30,28
2020-11-15 11:00:00,62,37,25
2020-11-15 12:00:00,44,23,21
2020-11-15 13:00:00,38,17,21
2020-11-15 14:00:00,45,31,14
2020-11-15 15:00:00,40,25,15
2020-11-15 16:00:00,15,12,3
2020-11-15 17:00:00,2,2,0
2020-11-15 18:00:00,1,1,0
2020-11-15 19:00:00,1,0,1
2020-11-15 20:00:00,0,0,0
2020-11-15 21:00:00,0,0,0
2020-11-15 22:00:00,0,0,0
2020-11-15 23:00:00,0,0,0
2020-11-16 00:00:00,0,0,0
2020-11-16 01:00:00,1,0,1
2020-11-16 02:00:00,0,0,0
2020-11-16 03:00:00,0,0,0
2020-11-16 04:00:00,3,1,2
2020-11-16 05:00:00,3,1,2
2020-11-16 06:00:00,10,9,1
2020-11-16 07:00:00,11,6,5
2020-11-16 08:00:00,6,6,0
2020-11-16 09:00:00,6,3,3
2020-11-16 10:00:00,4,1,3
2020-11-16 11:00:00,1,1,0
2020-11-16 12:00:00,3,1,2
2020-11-16 13:00:00,1,1,0
2020-11-16 14:00:00,2,1,1
2020-11-16 15:00:00,3,3,0
2020-11-16 16:00:00,15,6,9
2020-11-16 17:00:00,4,1,3
2020-11-16 18:00:00,2,1,1
2020-11-16 19:00:00,4,2,2
2020-11-16 20:00:00,0,0,0
2020-11-16 21:00:00,0,0,0
2020-11-16 22:00:00,0,0,0
2020-11-16 23:00:00,0,0,0
2020-11-17 00:00:00,0,0,0
2020-11-17 01:00:00,0,0,0
2020-11-17 02:00:00,0,0,0
2020-11-17 03:00:00,0,0,0
2020-11-17 04:00:00,2,0,2
2020-11-17 05:00:00,2,1,1
2020-11-17 06:00:00,9,6,3
2020-11-17 07:00:00,12,9,3
2020-11-17 08:00:00,11,9,2
2020-11-17 09:00:00,10,8,2
2020-11-17 10:00:00,4,1,3
2020-11-17 11:00:00,7,6,1
2020-11-17 12:00:00,4,4,0
2020-11-17 13:00:00,4,2,2
2020-11-17 14:00:00,2,0,2
2020-11-17 15:00:00,16,11,5
2020-11-17 16:00:00,14,9,5
2020-11-17 17:00:00,6,2,4
2020-11-17 18:00:00,1,1,0
2020-11-17 19:00:00,1,0,1
2020-11-17 20:00:00,0,0,0
2020-11-17 21:00:00,1,0,1
2020-11-17 22:00:00,0,0,0
2020-11-17 23:00:00,0,0,0
2020-11-18 00:00:00,0,0,0
2020-11-18 01:00:00,0,0,0
2020-11-18 02:00:00,0,0,0
2020-11-18 03:00:00,0,0,0
2020-11-18 04:00:00,0,0,0
2020-11-18 05:00:00,3,1,2
2020-11-18 06:00:00,3,1,2
2020-11-18 07:00:00,10,6,4
2020-11-18 08:00:00,8,6,2
2020-11-18 09:00:00,1,1,0
2020-11-18 10:00:00,9,4,5
2020-11-18 11:00:00,2,2,0
2020-11-18 12:00:00,2,0,2
2020-11-18 13:00:00,8,5,3
2020-11-18 14:00:00,2,1,1
2020-11-18 15:00:00,6,3,3
2020-11-18 16:00:00,10,5,5
2020-11-18 17:00:00,10,4,6
2020-11-18 18:00:00,5,2,3
2020-11-18 19:00:00,2,2,0
2020-11-18 20:00:00,2,1,1
2020-11-18 21:00:00,0,0,0
2020-11-18 22:00:00,0,0,0
2020-11-18 23:00:00,0,0,0
2020-11-19 00:00:00,0,0,0
2020-11-19 01:00:00,0,0,0
2020-11-19 02:00:00,0,0,0
2020-11-19 03:00:00,0,0,0
2020-11-19 04:00:00,1,0,1
2020-11-19 05:00:00,4,2,2
2020-11-19 06:00:00,17,9,8
2020-11-19 07:00:00,17,10,7
2020-11-19 08:00:00,18,11,7
2020-11-19 09:00:00,10,7,3
2020-11-19 10:00:00,5,2,3
2020-11-19 11:00:00,3,2,1
2020-11-19 12:00:00,7,1,6
2020-11-19 13:00:00,9,6,3
2020-11-19 14:00:00,21,13,8
2020-11-19 15:00:00,18,10,8
2020-11-19 16:00:00,32,18,14
2020-11-19 17:00:00,14,10,4
2020-11-19 18:00:00,3,3,0
2020-11-19 19:00:00,2,2,0
2020-11-19 20:00:00,3,2,1
2020-11-19 21:00:00,0,0,0
2020-11-19 22:00:00,0,0,0
2020-11-19 23:00:00,0,0,0
2020-11-20 00:00:00,0,0,0
2020-11-20 01:00:00,0,0,0
2020-11-20 02:00:00,0,0,0
2020-11-20 03:00:00,0,0,0
2020-11-20 04:00:00,0,0,0
2020-11-20 05:00:00,4,3,1
2020-11-20 06:00:00,4,2,2
2020-11-20 07:00:00,9,4,5
2020-11-20 08:00:00,12,7,5
2020-11-20 09:00:00,11,10,1
2020-11-20 10:00:00,10,3,7
2020-11-20 11:00:00,13,5,8
2020-11-20 12:00:00,18,11,7
2020-11-20 13:00:00,20,10,10
2020-11-20 14:00:00,27,14,13
2020-11-20 15:00:00,24,12,12
2020-11-20 16:00:00,28,16,12
2020-11-20 17:00:00,12,6,6
2020-11-20 18:00:00,4,2,2
2020-11-20 19:00:00,7,4,3
2020-11-20 20:00:00,2,2,0
2020-11-20 21:00:00,1,1,0
2020-11-20 22:00:00,1,1,0
2020-11-20 23:00:00,0,0,0
2020-11-21 00:00:00,0,0,0
2020-11-21 01:00:00,0,0,0
2020-11-21 02:00:00,1,0,1
2020-11-21 03:00:00,0,0,0
2020-11-21 04:00:00,2,1,1
2020-11-21 05:00:00,1,1,0
2020-11-21 06:00:00,4,2,2
2020-11-21 07:00:00,10,7,3
2020-11-21 08:00:00,43,17,26
2020-11-21 09:00:00,85,33,52
2020-11-21 10:00:00,99,47,52
2020-11-21 11:00:00,147,73,74
2020-11-21 12:00:00,145,69,76
2020-11-21 13:00:00,190,108,82
2020-11-21 14:00:00,160,97,63
2020-11-21 15:00:00,139,104,35
2020-11-21 16:00:00,49,37,12
2020-11-21 17:00:00,6,4,2
2020-11-21 18:00:00,5,4,1
2020-11-21 19:00:00,4,2,2
2020-11-21 20:00:00,2,1,1
2020-11-21 21:00:00,0,0,0
2020-11-21 22:00:00,0,0,0
2020-11-21 23:00:00,1,1,0
2020-11-22 00:00:00,0,0,0
2020-11-22 01:00:00,0,0,0
2020-11-22 02:00:00,0,0,0
2020-11-22 03:00:00,0,0,0
2020-11-22 04:00:00,2,1,1
2020-11-22 05:00:00,2,1,1
2020-11-22 06:00:00,3,3,0
2020-11-22 07:00:00,9,1,8
2020-11-22 08:00:00,27,9,18
2020-11-22 09:00:00,33,17,16
2020-11-22 10:00:00,69,34,35
2020-11-22 11:00:00,60,36,24
2020-11-22 12:00:00,39,27,12
2020-11-22 13:00:00,37,26,11
2020-11-22 14:00:00,12,10,2
2020-11-22 15:00:00,10,6,4
2020-11-22 16:00:00,5,5,0
2020-11-22 17:00:00,0,0,0
2020-11-22 18:00:00,0,0,0
2020-11-22 19:00:00,2,1,1
2020-11-22 20:00:00,0,0,0
2020-11-22 21:00:00,0,0,0
2020-11-22 22:00:00,0,0,0
2020-11-22 23:00:00,0,0,0
2020-11-23 00:00:00,0,0,0
2020-11-23 01:00:00,0,0,0
2020-11-23 02:00:00,0,0,0
2020-11-23 03:00:00,0,0,0
2020-11-23 04:00:00,0,0,0
2020-11-23 05:00:00,2,1,1
2020-11-23 06:00:00,7,6,1
2020-11-23 07:00:00,8,6,2
2020-11-23 08:00:00,6,6,0
2020-11-23 09:00:00,3,3,0
2020-11-23 10:00:00,2,0,2
2020-11-23 11:00:00,6,3,3
2020-11-23 12:00:00,14,6,8
2020-11-23 13:00:00,13,6,7
2020-11-23 14:00:00,13,7,6
2020-11-23 15:00:00,22,11,11
2020-11-23 16:00:00,19,12,7
2020-11-23 17:00:00,12,5,7
2020-11-23 18:00:00,6,4,2
2020-11-23 19:00:00,4,3,1
2020-11-23 20:00:00,3,1,2
2020-11-23 21:00:00,2,1,1
2020-11-23 22:00:00,0,0,0
2020-11-23 23:00:00,2,1,1
2020-11-24 00:00:00,1,0,1
2020-11-24 01:00:00,0,0,0
2020-11-24 02:00:00,0,0,0
2020-11-24 03:00:00,0,0,0
2020-11-24 04:00:00,0,0,0
2020-11-24 05:00:00,6,2,4
2020-11-24 06:00:00,8,7,1
2020-11-24 07:00:00,13,7,6
2020-11-24 08:00:00,13,8,5
2020-11-24 09:00:00,9,3,6
2020-11-24 10:00:00,14,6,8
2020-11-24 11:00:00,9,5,4
2020-11-24 12:00:00,14,8,6
2020-11-24 13:00:00,8,3,5
2020-11-24 14:00:00,14,9,5
2020-11-24 15:00:00,10,5,5
2020-11-24 16:00:00,10,5,5
2020-11-24 17:00:00,9,1,8
2020-11-24 18:00:00,5,2,3
2020-11-24 19:00:00,3,1,2
2020-11-24 20:00:00,0,0,0
2020-11-24 21:00:00,0,0,0
2020-11-24 22:00:00,1,0,1
2020-11-24 23:00:00,0,0,0
2020-11-25 00:00:00,0,0,0
2020-11-25 01:00:00,0,0,0
2020-11-25 02:00:00,0,0,0
2020-11-25 03:00:00,0,0,0
2020-11-25 04:00:00,0,0,0
2020-11-25 05:00:00,4,3,1
2020-11-25 06:00:00,11,9,2
2020-11-25 07:00:00,5,2,3
2020-11-25 08:00:00,15,9,6
2020-11-25 09:00:00,10,6,4
2020-11-25 10:00:00,17,8,9
2020-11-25 11:00:00,19,13,6
2020-11-25 12:00:00,27,16,11
2020-11-25 13:00:00,27,17,10
2020-11-25 14:00:00,43,24,19
2020-11-25 15:00:00,49,30,19
2020-11-25 16:00:00,27,17,10
2020-11-25 17:00:00,15,7,8
2020-11-25 18:00:00,4,2,2
2020-11-25 19:00:00,1,1,0
2020-11-25 20:00:00,4,4,0
2020-11-25 21:00:00,0,0,0
2020-11-25 22:00:00,0,0,0
2020-11-25 23:00:00,0,0,0
2020-11-26 00:00:00,0,0,0
2020-11-26 01:00:00,0,0,0
2020-11-26 02:00:00,0,0,0
2020-11-26 03:00:00,0,0,0
2020-11-26 04:00:00,0,0,0
2020-11-26 05:00:00,0,0,0
2020-11-26 06:00:00,5,4,1
2020-11-26 07:00:00,5,3,2
2020-11-26 08:00:00,23,12,11
2020-11-26 09:00:00,44,20,24
2020-11-26 10:00:00,40,22,18
2020-11-26 11:00:00,47,29,18
2020-11-26 12:00:00,44,21,23
2020-11-26 13:00:00,36,17,19
2020-11-26 14:00:00,35,24,11
2020-11-26 15:00:00,20,16,4
2020-11-26 16:00:00,5,3,2
2020-11-26 17:00:00,2,1,1
2020-11-26 18:00:00,0,0,0
2020-11-26 19:00:00,1,0,1
2020-11-26 20:00:00,0,0,0
2020-11-26 21:00:00,1,1,0
2020-11-26 22:00:00,0,0,0
2020-11-26 23:00:00,1,0,1
2020-11-27 00:00:00,0,0,0
2020-11-27 01:00:00,0,0,0
2020-11-27 02:00:00,0,0,0
2020-11-27 03:00:00,0,0,0
2020-11-27 04:00:00,0,0,0
2020-11-27 05:00:00,1,1,0
2020-11-27 06:00:00,2,2,0
2020-11-27 07:00:00,12,8,4
2020-11-27 08:00:00,22,14,8
2020-11-27 09:00:00,34,16,18
2020-11-27 10:00:00,67,21,46
2020-11-27 11:00:00,77,46,31
2020-11-27 12:00:00,112,54,58
2020-11-27 13:00:00,130,72,58
2020-11-27 14:00:00,109,64,45
2020-11-27 15:00:00,112,77,35
2020-11-27 16:00:00,28,23,5
2020-11-27 17:00:00,6,5,1
2020-11-27 18:00:00,4,3,1
2020-11-27 19:00:00,2,1,1
2020-11-27 20:00:00,2,1,1
2020-11-27 21:00:00,0,0,0
2020-11-27 22:00:00,0,0,0
2020-11-27 23:00:00,0,0,0
2020-11-28 00:00:00,0,0,0
2020-11-28 01:00:00,0,0,0
2020-11-28 02:00:00,0,0,0
2020-11-28 03:00:00,0,0,0
2020-11-28 04:00:00,0,0,0
2020-11-28 05:00:00,1,0,1
2020-11-28 06:00:00,3,2,1
2020-11-28 07:00:00,6,4,2
2020-11-28 08:00:00,8,6,2
2020-11-28 09:00:00,25,10,15
2020-11-28 10:00:00,35,13,22
2020-11-28 11:00:00,39,29,10
2020-11-28 12:00:00,31,18,13
2020-11-28 13:00:00,31,14,17
2020-11-28 14:00:00,35,20,15
2020-11-28 15:00:00,30,22,8
2020-11-28 16:00:00,19,18,1
2020-11-28 17:00:00,2,1,1
2020-11-28 18:00:00,4,0,4
2020-11-28 19:00:00,2,1,1
2020-11-28 20:00:00,0,0,0
2020-11-28 21:00:00,1,1,0
2020-11-28 22:00:00,1,0,1
2020-11-28 23:00:00,0,0,0
2020-11-29 00:00:00,0,0,0
2020-11-29 01:00:00,3,2,1
2020-11-29 02:00:00,0,0,0
2020-11-29 03:00:00,0,0,0
2020-11-29 04:00:00,1,0,1
2020-11-29 05:00:00,0,0,0
2020-11-29 06:00:00,1,0,1
2020-11-29 07:00:00,9,1,8
2020-11-29 08:00:00,15,6,9
2020-11-29 09:00:00,22,11,11
2020-11-29 10:00:00,45,18,27
2020-11-29 11:00:00,67,27,40
2020-11-29 12:00:00,75,40,35
2020-11-29 13:00:00,82,43,39
2020-11-29 14:00:00,95,57,38
2020-11-29 15:00:00,90,65,25
2020-11-29 16:00:00,29,24,5
2020-11-29 17:00:00,4,3,1
2020-11-29 18:00:00,2,1,1
2020-11-29 19:00:00,2,2,0
2020-11-29 20:00:00,1,0,1
2020-11-29 21:00:00,1,0,1
2020-11-29 22:00:00,2,1,1
2020-11-29 23:00:00,0,0,0
2020-11-30 00:00:00,0,0,0
2020-11-30 01:00:00,0,0,0
2020-11-30 02:00:00,0,0,0
2020-11-30 03:00:00,0,0,0
2020-11-30 04:00:00,0,0,0
2020-11-30 05:00:00,1,0,1
2020-11-30 06:00:00,6,5,1
2020-11-30 07:00:00,9,6,3
2020-11-30 08:00:00,3,3,0
2020-11-30 09:00:00,5,1,4
2020-11-30 10:00:00,8,3,5
2020-11-30 11:00:00,16,5,11
2020-11-30 12:00:00,29,14,15
2020-11-30 13:00:00,28,10,18
2020-11-30 14:00:00,29,17,12
2020-11-30 15:00:00,29,21,8
2020-11-30 16:00:00,26,18,8
2020-11-30 17:00:00,10,6,4
2020-11-30 18:00:00,4,4,0
2020-11-30 19:00:00,1,0,1
2020-11-30 20:00:00,0,0,0
2020-11-30 21:00:00,1,0,1
2020-11-30 22:00:00,0,0,0
2020-11-30 23:00:00,2,1,1
2020-12-01 00:00:00,1,1,0
2020-12-01 01:00:00,0,0,0
2020-12-01 02:00:00,0,0,0
2020-12-01 03:00:00,0,0,0
2020-12-01 04:00:00,1,0,1
2020-12-01 05:00:00,7,5,2
2020-12-01 06:00:00,7,4,3
2020-12-01 07:00:00,19,12,7
2020-12-01 08:00:00,12,10,2
2020-12-01 09:00:00,10,5,5
2020-12-01 10:00:00,27,6,21
2020-12-01 11:00:00,29,12,17
2020-12-01 12:00:00,43,29,14
2020-12-01 13:00:00,47,25,22
2020-12-01 14:00:00,52,39,13
2020-12-01 15:00:00,50,28,22
2020-12-01 16:00:00,46,34,12
2020-12-01 17:00:00,17,8,9
2020-12-01 18:00:00,11,5,6
2020-12-01 19:00:00,4,4,0
2020-12-01 20:00:00,0,0,0
2020-12-01 21:00:00,0,0,0
2020-12-01 22:00:00,1,0,1
2020-12-01 23:00:00,0,0,0
2020-12-02 00:00:00,0,0,0
2020-12-02 01:00:00,0,0,0
2020-12-02 02:00:00,0,0,0
2020-12-02 03:00:00,0,0,0
2020-12-02 04:00:00,1,0,1
2020-12-02 05:00:00,5,3,2
2020-12-02 06:00:00,9,7,2
2020-12-02 07:00:00,28,11,17
2020-12-02 08:00:00,17,12,5
2020-12-02 09:00:00,11,6,5
2020-12-02 10:00:00,19,7,12
2020-12-02 11:00:00,41,20,21
2020-12-02 12:00:00,44,20,24
2020-12-02 13:00:00,70,46,24
2020-12-02 14:00:00,76,36,40
2020-12-02 15:00:00,70,40,30
2020-12-02 16:00:00,28,19,9
2020-12-02 17:00:00,21,7,14
2020-12-02 18:00:00,16,11,5
2020-12-02 19:00:00,11,9,2
2020-12-02 20:00:00,4,3,1
2020-12-02 21:00:00,1,0,1
2020-12-02 22:00:00,1,1,0
2020-12-02 23:00:00,0,0,0
2020-12-03 00:00:00,0,0,0
2020-12-03 01:00:00,0,0,0
2020-12-03 02:00:00,0,0,0
2020-12-03 03:00:00,0,0,0
2020-12-03 04:00:00,1,0,1
2020-12-03 05:00:00,4,2,2
2020-12-03 06:00:00,12,7,5
2020-12-03 07:00:00,12,9,3
2020-12-03 08:00:00,14,11,3
2020-12-03 09:00:00,15,10,5
2020-12-03 10:00:00,10,4,6
2020-12-03 11:00:00,30,17,13
2020-12-03 12:00:00,24,14,10
2020-12-03 13:00:00,20,9,11
2020-12-03 14:00:00,17,14,3
2020-12-03 15:00:00,27,19,8
2020-12-03 16:00:00,20,12,8
2020-12-03 17:00:00,9,4,5
2020-12-03 18:00:00,10,5,5
2020-12-03 19:00:00,6,3,3
2020-12-03 20:00:00,4,3,1
2020-12-03 21:00:00,0,0,0
2020-12-03 22:00:00,0,0,0
2020-12-03 23:00:00,2,0,2
2020-12-04 00:00:00,2,2,0
2020-12-04 01:00:00,0,0,0
2020-12-04 02:00:00,0,0,0
2020-12-04 03:00:00,0,0,0
2020-12-04 04:00:00,1,1,0
2020-12-04 05:00:00,5,2,3
2020-12-04 06:00:00,12,9,3
2020-12-04 07:00:00,20,14,6
2020-12-04 08:00:00,16,13,3
2020-12-04 09:00:00,14,7,7
2020-12-04 10:00:00,27,8,19
2020-12-04 11:00:00,25,10,15
2020-12-04 12:00:00,41,22,19
2020-12-04 13:00:00,59,28,31
2020-12-04 14:00:00,86,54,32
2020-12-04 15:00:00,63,43,20
2020-12-04 16:00:00,34,24,10
2020-12-04 17:00:00,16,8,8
2020-12-04 18:00:00,9,6,3
2020-12-04 19:00:00,0,0,0
2020-12-04 20:00:00,1,1,0
2020-12-04 21:00:00,1,1,0
2020-12-04 22:00:00,0,0,0
2020-12-04 23:00:00,1,0,1
2020-12-05 00:00:00,0,0,0
2020-12-05 01:00:00,0,0,0
2020-12-05 02:00:00,0,0,0
2020-12-05 03:00:00,0,0,0
2020-12-05 04:00:00,0,0,0
2020-12-05 05:00:00,2,2,0
2020-12-05 06:00:00,5,3,2
2020-12-05 07:00:00,6,3,3
2020-12-05 08:00:00,22,3,19
2020-12-05 09:00:00,73,25,48
2020-12-05 10:00:00,103,34,69
2020-12-05 11:00:00,151,60,91
2020-12-05 12:00:00,162,99,63
2020-12-05 13:00:00,138,85,53
2020-12-05 14:00:00,151,94,57
2020-12-05 15:00:00,120,86,34
2020-12-05 16:00:00,42,33,9
2020-12-05 17:00:00,4,4,0
2020-12-05 18:00:00,4,2,2
2020-12-05 19:00:00,3,2,1
2020-12-05 20:00:00,1,0,1
2020-12-05 21:00:00,0,0,0
2020-12-05 22:00:00,2,1,1
2020-12-05 23:00:00,0,0,0
2020-12-06 00:00:00,0,0,0
2020-12-06 01:00:00,0,0,0
2020-12-06 02:00:00,0,0,0
2020-12-06 03:00:00,0,0,0
2020-12-06 04:00:00,0,0,0
2020-12-06 05:00:00,1,0,1
2020-12-06 06:00:00,1,1,0
2020-12-06 07:00:00,8,0,8
2020-12-06 08:00:00,18,4,14
2020-12-06 09:00:00,39,18,21
2020-12-06 10:00:00,44,25,19
2020-12-06 11:00:00,67,28,39
2020-12-06 12:00:00,64,33,31
2020-12-06 13:00:00,69,37,32
2020-12-06 14:00:00,82,51,31
2020-12-06 15:00:00,70,52,18
2020-12-06 16:00:00,26,21,5
2020-12-06 17:00:00,1,1,0
2020-12-06 18:00:00,3,2,1
2020-12-06 19:00:00,3,2,1
2020-12-06 20:00:00,0,0,0
2020-12-06 21:00:00,0,0,0
2020-12-06 22:00:00,0,0,0
2020-12-06 23:00:00,0,0,0
2020-12-07 00:00:00,0,0,0
2020-12-07 01:00:00,0,0,0
2020-12-07 02:00:00,0,0,0
2020-12-07 03:00:00,0,0,0
2020-12-07 04:00:00,2,1,1
2020-12-07 05:00:00,3,2,1
2020-12-07 06:00:00,9,6,3
2020-12-07 07:00:00,10,6,4
2020-12-07 08:00:00,12,9,3
2020-12-07 09:00:00,9,5,4
2020-12-07 10:00:00,15,8,7
2020-12-07 11:00:00,8,3,5
2020-12-07 12:00:00,20,11,9
2020-12-07 13:00:00,28,20,8
2020-12-07 14:00:00,26,13,13
2020-12-07 15:00:00,34,22,12
2020-12-07 16:00:00,31,20,11
2020-12-07 17:00:00,6,1,5
2020-12-07 18:00:00,7,3,4
2020-12-07 19:00:00,6,6,0
2020-12-07 20:00:00,2,1,1
2020-12-07 21:00:00,1,0,1
2020-12-07 22:00:00,1,1,0
2020-12-07 23:00:00,1,1,0
2020-12-08 00:00:00,0,0,0
2020-12-08 01:00:00,0,0,0
2020-12-08 02:00:00,0,0,0
2020-12-08 03:00:00,1,0,1
2020-12-08 04:00:00,0,0,0
2020-12-08 05:00:00,3,1,2
2020-12-08 06:00:00,5,4,1
2020-12-08 07:00:00,7,3,4
2020-12-08 08:00:00,15,9,6
2020-12-08 09:00:00,6,6,0
2020-12-08 10:00:00,4,1,3
2020-12-08 11:00:00,3,1,2
2020-12-08 12:00:00,2,1,1
2020-12-08 13:00:00,3,1,2
2020-12-08 14:00:00,3,2,1
2020-12-08 15:00:00,9,5,4
2020-12-08 16:00:00,5,4,1
2020-12-08 17:00:00,4,2,2
2020-12-08 18:00:00,6,4,2
2020-12-08 19:00:00,3,2,1
2020-12-08 20:00:00,0,0,0
2020-12-08 21:00:00,1,1,0
2020-12-08 22:00:00,0,0,0
2020-12-08 23:00:00,0,0,0
2020-12-09 00:00:00,0,0,0
2020-12-09 01:00:00,0,0,0
2020-12-09 02:00:00,0,0,0
2020-12-09 03:00:00,0,0,0
2020-12-09 04:00:00,0,0,0
2020-12-09 05:00:00,3,2,1
2020-12-09 06:00:00,6,5,1
2020-12-09 07:00:00,14,6,8
2020-12-09 08:00:00,5,5,0
2020-12-09 09:00:00,8,4,4
2020-12-09 10:00:00,5,2,3
2020-12-09 11:00:00,10,5,5
2020-12-09 12:00:00,15,6,9
2020-12-09 13:00:00,13,6,7
2020-12-09 14:00:00,19,10,9
2020-12-09 15:00:00,25,11,14
2020-12-09 16:00:00,29,20,9
2020-12-09 17:00:00,15,4,11
2020-12-09 18:00:00,11,9,2
2020-12-09 19:00:00,8,8,0
2020-12-09 20:00:00,1,1,0
2020-12-09 21:00:00,2,1,1
2020-12-09 22:00:00,0,0,0
2020-12-09 23:00:00,0,0,0
2020-12-10 00:00:00,0,0,0
2020-12-10 01:00:00,0,0,0
2020-12-10 02:00:00,0,0,0
2020-12-10 03:00:00,0,0,0
2020-12-10 04:00:00,0,0,0
2020-12-10 05:00:00,6,3,3
2020-12-10 06:00:00,7,3,4
2020-12-10 07:00:00,12,6,6
2020-12-10 08:00:00,12,9,3
2020-12-10 09:00:00,7,6,1
2020-12-10 10:00:00,16,7,9
2020-12-10 11:00:00,16,11,5
2020-12-10 12:00:00,14,7,7
2020-12-10 13:00:00,13,8,5
2020-12-10 14:00:00,31,20,11
2020-12-10 15:00:00,34,25,9
2020-12-10 16:00:00,27,16,11
2020-12-10 17:00:00,11,4,7
2020-12-10 18:00:00,7,4,3
2020-12-10 19:00:00,7,3,4
2020-12-10 20:00:00,5,5,0
2020-12-10 21:00:00,1,0,1
2020-12-10 22:00:00,0,0,0
2020-12-10 23:00:00,0,0,0
2020-12-11 00:00:00,0,0,0
2020-12-11 01:00:00,0,0,0
2020-12-11 02:00:00,0,0,0
2020-12-11 03:00:00,0,0,0
2020-12-11 04:00:00,0,0,0
2020-12-11 05:00:00,2,1,1
2020-12-11 06:00:00,5,5,0
2020-12-11 07:00:00,13,7,6
2020-12-11 08:00:00,16,11,5
2020-12-11 09:00:00,12,9,3
2020-12-11 10:00:00,15,8,7
2020-12-11 11:00:00,20,9,11
2020-12-11 12:00:00,18,9,9
2020-12-11 13:00:00,25,15,10
2020-12-11 14:00:00,30,14,16
2020-12-11 15:00:00,39,28,11
2020-12-11 16:00:00,33,19,14
2020-12-11 17:00:00,17,9,8
2020-12-11 18:00:00,11,5,6
2020-12-11 19:00:00,2,1,1
2020-12-11 20:00:00,2,1,1
2020-12-11 21:00:00,0,0,0
2020-12-11 22:00:00,1,0,1
2020-12-11 23:00:00,3,1,2
2020-12-12 00:00:00,1,1,0
2020-12-12 01:00:00,0,0,0
2020-12-12 02:00:00,0,0,0
2020-12-12 03:00:00,0,0,0
2020-12-12 04:00:00,1,0,1
2020-12-12 05:00:00,1,1,0
2020-12-12 06:00:00,1,1,0
2020-12-12 07:00:00,5,2,3
2020-12-12 08:00:00,15,7,8
2020-12-12 09:00:00,36,15,21
2020-12-12 10:00:00,52,21,31
2020-12-12 11:00:00,65,29,36
2020-12-12 12:00:00,92,52,40
2020-12-12 13:00:00,122,50,72
2020-12-12 14:00:00,118,77,41
2020-12-12 15:00:00,129,97,32
2020-12-12 16:00:00,54,44,10
2020-12-12 17:00:00,8,4,4
2020-12-12 18:00:00,4,3,1
2020-12-12 19:00:00,0,0,0
2020-12-12 20:00:00,2,1,1
2020-12-12 21:00:00,0,0,0
2020-12-12 22:00:00,2,1,1
2020-12-12 23:00:00,1,0,1
2020-12-13 00:00:00,1,1,0
2020-12-13 01:00:00,1,0,1
2020-12-13 02:00:00,0,0,0
2020-12-13 03:00:00,0,0,0
2020-12-13 04:00:00,0,0,0
2020-12-13 05:00:00,1,0,1
2020-12-13 06:00:00,1,1,0
2020-12-13 07:00:00,2,0,2
2020-12-13 08:00:00,5,2,3
2020-12-13 09:00:00,6,4,2
2020-12-13 10:00:00,7,4,3
2020-12-13 11:00:00,5,2,3
2020-12-13 12:00:00,12,7,5
2020-12-13 13:00:00,18,9,9
2020-12-13 14:00:00,28,14,14
2020-12-13 15:00:00,32,21,11
2020-12-13 16:00:00,13,10,3
2020-12-13 17:00:00,4,3,1
2020-12-13 18:00:00,1,0,1
2020-12-13 19:00:00,1,0,1
2020-12-13 20:00:00,0,0,0
2020-12-13 21:00:00,0,0,0
2020-12-13 22:00:00,0,0,0
2020-12-13 23:00:00,0,0,0
2020-12-14 00:00:00,0,0,0
2020-12-14 01:00:00,0,0,0
2020-12-14 02:00:00,0,0,0
2020-12-14 03:00:00,0,0,0
2020-12-14 04:00:00,0,0,0
2020-12-14 05:00:00,3,1,2
2020-12-14 06:00:00,8,7,1
2020-12-14 07:00:00,8,5,3
2020-12-14 08:00:00,9,7,2
2020-12-14 09:00:00,5,4,1
2020-12-14 10:00:00,5,2,3
2020-12-14 11:00:00,13,5,8
2020-12-14 12:00:00,6,3,3
2020-12-14 13:00:00,30,13,17
2020-12-14 14:00:00,21,11,10
2020-12-14 15:00:00,35,22,13
2020-12-14 16:00:00,19,13,6
2020-12-14 17:00:00,8,4,4
2020-12-14 18:00:00,6,2,4
2020-12-14 19:00:00,6,2,4
2020-12-14 20:00:00,0,0,0
2020-12-14 21:00:00,0,0,0
2020-12-14 22:00:00,0,0,0
2020-12-14 23:00:00,0,0,0
2020-12-15 00:00:00,0,0,0
2020-12-15 01:00:00,0,0,0
2020-12-15 02:00:00,1,0,1
2020-12-15 03:00:00,0,0,0
2020-12-15 04:00:00,1,0,1
2020-12-15 05:00:00,1,0,1
2020-12-15 06:00:00,3,3,0
2020-12-15 07:00:00,7,2,5
2020-12-15 08:00:00,7,7,0
2020-12-15 09:00:00,2,2,0
2020-12-15 10:00:00,4,2,2
2020-12-15 11:00:00,5,3,2
2020-12-15 12:00:00,2,2,0
2020-12-15 13:00:00,6,2,4
2020-12-15 14:00:00,7,3,4
2020-12-15 15:00:00,15,12,3
2020-12-15 16:00:00,8,4,4
2020-12-15 17:00:00,7,3,4
2020-12-15 18:00:00,10,6,4
2020-12-15 19:00:00,3,2,1
2020-12-15 20:00:00,1,1,0
2020-12-15 21:00:00,1,1,0
2020-12-15 22:00:00,0,0,0
2020-12-15 23:00:00,0,0,0
2020-12-16 00:00:00,0,0,0
2020-12-16 01:00:00,0,0,0
2020-12-16 02:00:00,0,0,0
2020-12-16 03:00:00,0,0,0
2020-12-16 04:00:00,0,0,0
2020-12-16 05:00:00,6,4,2
2020-12-16 06:00:00,4,3,1
2020-12-16 07:00:00,14,6,8
2020-12-16 08:00:00,13,12,1
2020-12-16 09:00:00,13,8,5
2020-12-16 10:00:00,10,5,5
2020-12-16 11:00:00,11,6,5
2020-12-16 12:00:00,15,12,3
2020-12-16 13:00:00,13,10,3
2020-12-16 14:00:00,2,0,2
2020-12-16 15:00:00,11,6,5
2020-12-16 16:00:00,9,3,6
2020-12-16 17:00:00,4,0,4
2020-12-16 18:00:00,9,3,6
2020-12-16 19:00:00,3,3,0
2020-12-16 20:00:00,1,1,0
2020-12-16 21:00:00,0,0,0
2020-12-16 22:00:00,0,0,0
2020-12-16 23:00:00,0,0,0
2020-12-17 00:00:00,0,0,0
2020-12-17 01:00:00,0,0,0
2020-12-17 02:00:00,0,0,0
2020-12-17 03:00:00,0,0,0
2020-12-17 04:00:00,0,0,0
2020-12-17 05:00:00,4,2,2
2020-12-17 06:00:00,4,3,1
2020-12-17 07:00:00,9,2,7
2020-12-17 08:00:00,11,7,4
2020-12-17 09:00:00,10,9,1
2020-12-17 10:00:00,12,5,7
2020-12-17 11:00:00,13,10,3
2020-12-17 12:00:00,16,9,7
2020-12-17 13:00:00,41,15,26
2020-12-17 14:00:00,41,23,18
2020-12-17 15:00:00,39,29,10
2020-12-17 16:00:00,36,27,9
2020-12-17 17:00:00,17,10,7
2020-12-17 18:00:00,9,8,1
2020-12-17 19:00:00,7,4,3
2020-12-17 20:00:00,3,3,0
2020-12-17 21:00:00,0,0,0
2020-12-17 22:00:00,0,0,0
2020-12-17 23:00:00,1,0,1
2020-12-18 00:00:00,0,0,0
2020-12-18 01:00:00,0,0,0
2020-12-18 02:00:00,0,0,0
2020-12-18 03:00:00,0,0,0
2020-12-18 04:00:00,0,0,0
2020-12-18 05:00:00,1,0,1
2020-12-18 06:00:00,3,3,0
2020-12-18 07:00:00,4,1,3
2020-12-18 08:00:00,3,3,0
2020-12-18 09:00:00,3,3,0
2020-12-18 10:00:00,4,2,2
2020-12-18 11:00:00,4,3,1
2020-12-18 12:00:00,6,2,4
2020-12-18 13:00:00,9,4,5
2020-12-18 14:00:00,8,4,4
2020-12-18 15:00:00,17,8,9
2020-12-18 16:00:00,7,3,4
2020-12-18 17:00:00,4,2,2
2020-12-18 18:00:00,2,0,2
2020-12-18 19:00:00,7,2,5
2020-12-18 20:00:00,2,2,0
2020-12-18 21:00:00,0,0,0
2020-12-18 22:00:00,1,1,0
2020-12-18 23:00:00,1,1,0
2020-12-19 00:00:00,0,0,0
2020-12-19 01:00:00,0,0,0
2020-12-19 02:00:00,0,0,0
2020-12-19 03:00:00,0,0,0
2020-12-19 04:00:00,0,0,0
2020-12-19 05:00:00,0,0,0
2020-12-19 06:00:00,3,2,1
2020-12-19 07:00:00,3,1,2
2020-12-19 08:00:00,13,3,10
2020-12-19 09:00:00,40,21,19
2020-12-19 10:00:00,61,39,22
2020-12-19 11:00:00,67,28,39
2020-12-19 12:00:00,50,37,13
2020-12-19 13:00:00,25,21,4
2020-12-19 14:00:00,10,6,4
2020-12-19 15:00:00,8,7,1
2020-12-19 16:00:00,6,5,1
2020-12-19 17:00:00,0,0,0
2020-12-19 18:00:00,0,0,0
2020-12-19 19:00:00,0,0,0
2020-12-19 20:00:00,1,0,1
2020-12-19 21:00:00,0,0,0
2020-12-19 22:00:00,1,0,1
2020-12-19 23:00:00,0,0,0
2020-12-20 00:00:00,0,0,0
2020-12-20 01:00:00,0,0,0
2020-12-20 02:00:00,0,0,0
2020-12-20 03:00:00,0,0,0
2020-12-20 04:00:00,0,0,0
2020-12-20 05:00:00,0,0,0
2020-12-20 06:00:00,1,1,0
2020-12-20 07:00:00,3,3,0
2020-12-20 08:00:00,14,1,13
2020-12-20 09:00:00,30,20,10
2020-12-20 10:00:00,26,11,15
2020-12-20 11:00:00,37,21,16
2020-12-20 12:00:00,43,21,22
2020-12-20 13:00:00,50,23,27
2020-12-20 14:00:00,76,49,27
2020-12-20 15:00:00,69,54,15
2020-12-20 16:00:00,27,17,10
2020-12-20 17:00:00,2,2,0
2020-12-20 18:00:00,2,1,1
2020-12-20 19:00:00,3,2,1
2020-12-20 20:00:00,0,0,0
2020-12-20 21:00:00,0,0,0
2020-12-20 22:00:00,1,0,1
2020-12-20 23:00:00,0,0,0
2020-12-21 00:00:00,0,0,0
2020-12-21 01:00:00,0,0,0
2020-12-21 02:00:00,1,0,1
2020-12-21 03:00:00,0,0,0
2020-12-21 04:00:00,0,0,0
2020-12-21 05:00:00,1,0,1
2020-12-21 06:00:00,5,4,1
2020-12-21 07:00:00,4,3,1
2020-12-21 08:00:00,3,3,0
2020-12-21 09:00:00,3,2,1
2020-12-21 10:00:00,3,1,2
2020-12-21 11:00:00,2,0,2
2020-12-21 12:00:00,3,1,2
2020-12-21 13:00:00,3,2,1
2020-12-21 14:00:00,2,2,0
2020-12-21 15:00:00,2,1,1
2020-12-21 16:00:00,2,0,2
2020-12-21 17:00:00,6,1,5
2020-12-21 18:00:00,2,2,0
2020-12-21 19:00:00,0,0,0
2020-12-21 20:00:00,1,1,0
2020-12-21 21:00:00,0,0,0
2020-12-21 22:00:00,0,0,0
2020-12-21 23:00:00,0,0,0
2020-12-22 00:00:00,0,0,0
2020-12-22 01:00:00,0,0,0
2020-12-22 02:00:00,0,0,0
2020-12-22 03:00:00,0,0,0
2020-12-22 04:00:00,0,0,0
2020-12-22 05:00:00,1,0,1
2020-12-22 06:00:00,2,2,0
2020-12-22 07:00:00,10,3,7
2020-12-22 08:00:00,10,8,2
2020-12-22 09:00:00,7,5,2
2020-12-22 10:00:00,14,9,5
2020-12-22 11:00:00,21,5,16
2020-12-22 12:00:00,37,15,22
2020-12-22 13:00:00,59,32,27
2020-12-22 14:00:00,61,37,24
2020-12-22 15:00:00,49,31,18
2020-12-22 16:00:00,26,21,5
2020-12-22 17:00:00,7,3,4
2020-12-22 18:00:00,9,2,7
2020-12-22 19:00:00,5,3,2
2020-12-22 20:00:00,1,1,0
2020-12-22 21:00:00,0,0,0
2020-12-22 22:00:00,1,1,0
2020-12-22 23:00:00,0,0,0
2020-12-23 00:00:00,0,0,0
2020-12-23 01:00:00,0,0,0
2020-12-23 02:00:00,0,0,0
2020-12-23 03:00:00,0,0,0
2020-12-23 04:00:00,0,0,0
2020-12-23 05:00:00,2,2,0
2020-12-23 06:00:00,3,2,1
2020-12-23 07:00:00,3,2,1
2020-12-23 08:00:00,3,2,1
2020-12-23 09:00:00,5,5,0
2020-12-23 10:00:00,8,2,6
2020-12-23 11:00:00,19,10,9
2020-12-23 12:00:00,34,15,19
2020-12-23 13:00:00,41,15,26
2020-12-23 14:00:00,61,32,29
2020-12-23 15:00:00,48,34,14
2020-12-23 16:00:00,26,15,11
2020-12-23 17:00:00,10,6,4
2020-12-23 18:00:00,7,1,6
2020-12-23 19:00:00,6,6,0
2020-12-23 20:00:00,1,1,0
2020-12-23 21:00:00,0,0,0
2020-12-23 22:00:00,0,0,0
2020-12-23 23:00:00,0,0,0
2020-12-24 00:00:00,0,0,0
2020-12-24 01:00:00,0,0,0
2020-12-24 02:00:00,0,0,0
2020-12-24 03:00:00,0,0,0
2020-12-24 04:00:00,0,0,0
2020-12-24 05:00:00,1,1,0
2020-12-24 06:00:00,2,1,1
2020-12-24 07:00:00,8,6,2
2020-12-24 08:00:00,6,4,2
2020-12-24 09:00:00,8,3,5
2020-12-24 10:00:00,13,2,11
2020-12-24 11:00:00,27,14,13
2020-12-24 12:00:00,42,19,23
2020-12-24 13:00:00,76,40,36
2020-12-24 14:00:00,80,58,22
2020-12-24 15:00:00,63,41,22
2020-12-24 16:00:00,19,13,6
2020-12-24 17:00:00,6,4,2
2020-12-24 18:00:00,3,2,1
2020-12-24 19:00:00,0,0,0
2020-12-24 20:00:00,1,1,0
2020-12-24 21:00:00,0,0,0
2020-12-24 22:00:00,1,0,1
2020-12-24 23:00:00,0,0,0
2020-12-25 00:00:00,0,0,0
2020-12-25 01:00:00,0,0,0
2020-12-25 02:00:00,0,0,0
2020-12-25 03:00:00,0,0,0
2020-12-25 04:00:00,0,0,0
2020-12-25 05:00:00,2,1,1
2020-12-25 06:00:00,2,2,0
2020-12-25 07:00:00,1,1,0
2020-12-25 08:00:00,6,1,5
2020-12-25 09:00:00,8,3,5
2020-12-25 10:00:00,11,7,4
2020-12-25 11:00:00,9,6,3
2020-12-25 12:00:00,10,7,3
2020-12-25 13:00:00,13,9,4
2020-12-25 14:00:00,13,7,6
2020-12-25 15:00:00,12,9,3
2020-12-25 16:00:00,5,5,0
2020-12-25 17:00:00,1,1,0
2020-12-25 18:00:00,0,0,0
2020-12-25 19:00:00,0,0,0
2020-12-25 20:00:00,1,0,1
2020-12-25 21:00:00,0,0,0
2020-12-25 22:00:00,0,0,0
2020-12-25 23:00:00,0,0,0
2020-12-26 00:00:00,0,0,0
2020-12-26 01:00:00,0,0,0
2020-12-26 02:00:00,0,0,0
2020-12-26 03:00:00,0,0,0
2020-12-26 04:00:00,0,0,0
2020-12-26 05:00:00,0,0,0
2020-12-26 06:00:00,0,0,0
2020-12-26 07:00:00,3,2,1
2020-12-26 08:00:00,1,0,1
2020-12-26 09:00:00,16,8,8
2020-12-26 10:00:00,17,7,10
2020-12-26 11:00:00,15,6,9
2020-12-26 12:00:00,28,18,10
2020-12-26 13:00:00,31,14,17
2020-12-26 14:00:00,50,23,27
2020-12-26 15:00:00,58,41,17
2020-12-26 16:00:00,32,29,3
2020-12-26 17:00:00,4,4,0
2020-12-26 18:00:00,6,4,2
2020-12-26 19:00:00,0,0,0
2020-12-26 20:00:00,1,1,0
2020-12-26 21:00:00,2,1,1
2020-12-26 22:00:00,0,0,0
2020-12-26 23:00:00,0,0,0
2020-12-27 00:00:00,0,0,0
2020-12-27 01:00:00,0,0,0
2020-12-27 02:00:00,0,0,0
2020-12-27 03:00:00,0,0,0
2020-12-27 04:00:00,0,0,0
2020-12-27 05:00:00,0,0,0
2020-12-27 06:00:00,1,0,1
2020-12-27 07:00:00,0,0,0
2020-12-27 08:00:00,3,2,1
2020-12-27 09:00:00,8,2,6
2020-12-27 10:00:00,7,2,5
2020-12-27 11:00:00,14,7,7
2020-12-27 12:00:00,29,13,16
2020-12-27 13:00:00,67,36,31
2020-12-27 14:00:00,59,29,30
2020-12-27 15:00:00,84,52,32
2020-12-27 16:00:00,31,22,9
2020-12-27 17:00:00,13,12,1
2020-12-27 18:00:00,4,4,0
2020-12-27 19:00:00,2,1,1
2020-12-27 20:00:00,1,1,0
2020-12-27 21:00:00,1,1,0
2020-12-27 22:00:00,0,0,0
2020-12-27 23:00:00,0,0,0
2020-12-28 00:00:00,0,0,0
2020-12-28 01:00:00,0,0,0
2020-12-28 02:00:00,0,0,0
2020-12-28 03:00:00,0,0,0
2020-12-28 04:00:00,0,0,0
2020-12-28 05:00:00,2,1,1
2020-12-28 06:00:00,2,1,1
2020-12-28 07:00:00,3,2,1
2020-12-28 08:00:00,13,4,9
2020-12-28 09:00:00,12,4,8
2020-12-28 10:00:00,24,5,19
2020-12-28 11:00:00,36,14,22
2020-12-28 12:00:00,69,28,41
2020-12-28 13:00:00,86,41,45
2020-12-28 14:00:00,114,60,54
2020-12-28 15:00:00,87,67,20
2020-12-28 16:00:00,50,45,5
2020-12-28 17:00:00,6,3,3
2020-12-28 18:00:00,11,6,5
2020-12-28 19:00:00,5,3,2
2020-12-28 20:00:00,5,1,4
2020-12-28 21:00:00,0,0,0
2020-12-28 22:00:00,1,1,0
2020-12-28 23:00:00,0,0,0
2020-12-29 00:00:00,0,0,0
2020-12-29 01:00:00,0,0,0
2020-12-29 02:00:00,0,0,0
2020-12-29 03:00:00,0,0,0
2020-12-29 04:00:00,0,0,0
2020-12-29 05:00:00,4,2,2
2020-12-29 06:00:00,4,4,0
2020-12-29 07:00:00,4,2,2
2020-12-29 08:00:00,8,5,3
2020-12-29 09:00:00,3,2,1
2020-12-29 10:00:00,14,6,8
2020-12-29 11:00:00,20,9,11
2020-12-29 12:00:00,27,11,16
2020-12-29 13:00:00,37,17,20
2020-12-29 14:00:00,45,27,18
2020-12-29 15:00:00,39,22,17
2020-12-29 16:00:00,22,14,8
2020-12-29 17:00:00,10,4,6
2020-12-29 18:00:00,10,6,4
2020-12-29 19:00:00,2,2,0
2020-12-29 20:00:00,0,0,0
2020-12-29 21:00:00,1,1,0
2020-12-29 22:00:00,0,0,0
2020-12-29 23:00:00,0,0,0
2020-12-30 00:00:00,0,0,0
2020-12-30 01:00:00,0,0,0
2020-12-30 02:00:00,0,0,0
2020-12-30 03:00:00,0,0,0
2020-12-30 04:00:00,0,0,0
2020-12-30 05:00:00,1,0,1
2020-12-30 06:00:00,1,1,0
2020-12-30 07:00:00,3,3,0
2020-12-30 08:00:00,0,0,0
2020-12-30 09:00:00,1,1,0
2020-12-30 10:00:00,1,0,1
2020-12-30 11:00:00,0,0,0
2020-12-30 12:00:00,4,2,2
2020-12-30 13:00:00,12,5,7
2020-12-30 14:00:00,9,7,2
2020-12-30 15:00:00,15,8,7
2020-12-30 16:00:00,10,7,3
2020-12-30 17:00:00,3,3,0
2020-12-30 18:00:00,2,0,2
2020-12-30 19:00:00,1,1,0
2020-12-30 20:00:00,3,2,1
2020-12-30 21:00:00,0,0,0
2020-12-30 22:00:00,0,0,0
2020-12-30 23:00:00,0,0,0
2020-12-31 00:00:00,0,0,0
2020-12-31 01:00:00,1,1,0
2020-12-31 02:00:00,0,0,0
2020-12-31 03:00:00,0,0,0
2020-12-31 04:00:00,0,0,0
2020-12-31 05:00:00,2,1,1
2020-12-31 06:00:00,4,3,1
2020-12-31 07:00:00,5,4,1
2020-12-31 08:00:00,5,3,2
2020-12-31 09:00:00,11,2,9
2020-12-31 10:00:00,18,10,8
2020-12-31 11:00:00,31,14,17
2020-12-31 12:00:00,34,17,17
2020-12-31 13:00:00,48,25,23
2020-12-31 14:00:00,46,32,14
2020-12-31 15:00:00,51,35,16
2020-12-31 16:00:00,30,22,8
2020-12-31 17:00:00,6,3,3
2020-12-31 18:00:00,1,0,1
2020-12-31 19:00:00,5,3,2
2020-12-31 20:00:00,1,1,0
2020-12-31 21:00:00,0,0,0
2020-12-31 22:00:00,0,0,0
2020-12-31 23:00:00,1,0,1
2021-01-01 00:00:00,0,0,0
2021-01-01 01:00:00,0,0,0
2021-01-01 02:00:00,0,0,0
2021-01-01 03:00:00,1,0,1
2021-01-01 04:00:00,0,0,0
2021-01-01 05:00:00,0,0,0
2021-01-01 06:00:00,0,0,0
2021-01-01 07:00:00,2,2,0
2021-01-01 08:00:00,2,2,0
2021-01-01 09:00:00,14,5,9
2021-01-01 10:00:00,17,4,13
2021-01-01 11:00:00,38,17,21
2021-01-01 12:00:00,36,20,16
2021-01-01 13:00:00,27,16,11
2021-01-01 14:00:00,23,15,8
2021-01-01 15:00:00,9,5,4
2021-01-01 16:00:00,8,7,1
2021-01-01 17:00:00,8,5,3
2021-01-01 18:00:00,1,1,0
2021-01-01 19:00:00,3,2,1
2021-01-01 20:00:00,0,0,0
2021-01-01 21:00:00,0,0,0
2021-01-01 22:00:00,0,0,0
2021-01-01 23:00:00,0,0,0
2021-01-02 00:00:00,0,0,0
2021-01-02 01:00:00,0,0,0
2021-01-02 02:00:00,0,0,0
2021-01-02 03:00:00,0,0,0
2021-01-02 04:00:00,0,0,0
2021-01-02 05:00:00,0,0,0
2021-01-02 06:00:00,3,1,2
2021-01-02 07:00:00,2,2,0
2021-01-02 08:00:00,0,0,0
2021-01-02 09:00:00,3,1,2
2021-01-02 10:00:00,7,5,2
2021-01-02 11:00:00,8,5,3
2021-01-02 12:00:00,6,5,1
2021-01-02 13:00:00,2,1,1
2021-01-02 14:00:00,7,5,2
2021-01-02 15:00:00,8,5,3
2021-01-02 16:00:00,5,5,0
2021-01-02 17:00:00,1,0,1
2021-01-02 18:00:00,3,2,1
2021-01-02 19:00:00,0,0,0
2021-01-02 20:00:00,0,0,0
2021-01-02 21:00:00,0,0,0
2021-01-02 22:00:00,0,0,0
2021-01-02 23:00:00,0,0,0
2021-01-03 00:00:00,0,0,0
2021-01-03 01:00:00,0,0,0
2021-01-03 02:00:00,0,0,0
2021-01-03 03:00:00,0,0,0
2021-01-03 04:00:00,0,0,0
2021-01-03 05:00:00,0,0,0
2021-01-03 06:00:00,0,0,0
2021-01-03 07:00:00,2,2,0
2021-01-03 08:00:00,11,0,11
2021-01-03 09:00:00,7,2,5
2021-01-03 10:00:00,4,1,3
2021-01-03 11:00:00,11,7,4
2021-01-03 12:00:00,44,18,26
2021-01-03 13:00:00,64,23,41
2021-01-03 14:00:00,51,34,17
2021-01-03 15:00:00,42,40,2
2021-01-03 16:00:00,23,22,1
2021-01-03 17:00:00,5,4,1
2021-01-03 18:00:00,0,0,0
2021-01-03 19:00:00,1,1,0
2021-01-03 20:00:00,0,0,0
2021-01-03 21:00:00,3,1,2
2021-01-03 22:00:00,1,1,0
2021-01-03 23:00:00,0,0,0
2021-01-04 00:00:00,0,0,0
2021-01-04 01:00:00,0,0,0
2021-01-04 02:00:00,0,0,0
2021-01-04 03:00:00,0,0,0
2021-01-04 04:00:00,0,0,0
2021-01-04 05:00:00,0,0,0
2021-01-04 06:00:00,3,3,0
2021-01-04 07:00:00,5,5,0
2021-01-04 08:00:00,1,1,0
2021-01-04 09:00:00,1,1,0
2021-01-04 10:00:00,0,0,0
2021-01-04 11:00:00,1,1,0
2021-01-04 12:00:00,0,0,0
2021-01-04 13:00:00,0,0,0
2021-01-04 14:00:00,2,2,0
2021-01-04 15:00:00,5,4,1
2021-01-04 16:00:00,6,6,0
2021-01-04 17:00:00,3,3,0
2021-01-04 18:00:00,2,2,0
2021-01-04 19:00:00,2,2,0
2021-01-04 20:00:00,0,0,0
2021-01-04 21:00:00,0,0,0
2021-01-04 22:00:00,0,0,0
2021-01-04 23:00:00,0,0,0
2021-01-05 00:00:00,0,0,0
2021-01-05 01:00:00,0,0,0
2021-01-05 02:00:00,0,0,0
2021-01-05 03:00:00,0,0,0
2021-01-05 04:00:00,0,0,0
2021-01-05 05:00:00,3,2,1
2021-01-05 06:00:00,1,1,0
2021-01-05 07:00:00,1,1,0
2021-01-05 08:00:00,2,2,0
2021-01-05 09:00:00,0,0,0
2021-01-05 10:00:00,0,0,0
2021-01-05 11:00:00,0,0,0
2021-01-05 12:00:00,0,0,0
2021-01-05 13:00:00,0,0,0
2021-01-05 14:00:00,0,0,0
2021-01-05 15:00:00,0,0,0
2021-01-05 16:00:00,0,0,0
2021-01-05 17:00:00,2,2,0
2021-01-05 18:00:00,1,1,0
2021-01-05 19:00:00,1,1,0
2021-01-05 20:00:00,0,0,0
2021-01-05 21:00:00,0,0,0
2021-01-05 22:00:00,0,0,0
2021-01-05 23:00:00,0,0,0
2021-01-06 00:00:00,0,0,0
2021-01-06 01:00:00,0,0,0
2021-01-06 02:00:00,0,0,0
2021-01-06 03:00:00,0,0,0
2021-01-06 04:00:00,0,0,0
2021-01-06 05:00:00,0,0,0
2021-01-06 06:00:00,0,0,0
2021-01-06 07:00:00,0,0,0
2021-01-06 08:00:00,0,0,0
2021-01-06 09:00:00,0,0,0
2021-01-06 10:00:00,1,1,0
2021-01-06 11:00:00,2,2,0
2021-01-06 12:00:00,2,2,0
2021-01-06 13:00:00,0,0,0
2021-01-06 14:00:00,0,0,0
2021-01-06 15:00:00,0,0,0
2021-01-06 16:00:00,0,0,0
2021-01-06 17:00:00,0,0,0
2021-01-06 18:00:00,0,0,0
2021-01-06 19:00:00,0,0,0
2021-01-06 20:00:00,0,0,0
2021-01-06 21:00:00,0,0,0
2021-01-06 22:00:00,0,0,0
2021-01-06 23:00:00,0,0,0
2021-01-07 00:00:00,0,0,0
2021-01-07 01:00:00,0,0,0
2021-01-07 02:00:00,0,0,0
2021-01-07 03:00:00,0,0,0
2021-01-07 04:00:00,0,0,0
2021-01-07 05:00:00,0,0,0
2021-01-07 06:00:00,0,0,0
2021-01-07 07:00:00,0,0,0
2021-01-07 08:00:00,0,0,0
2021-01-07 09:00:00,0,0,0
2021-01-07 10:00:00,0,0,0
2021-01-07 11:00:00,0,0,0
2021-01-07 12:00:00,1,1,0
2021-01-07 13:00:00,0,0,0
2021-01-07 14:00:00,0,0,0
2021-01-07 15:00:00,0,0,0
2021-01-07 16:00:00,0,0,0
2021-01-07 17:00:00,0,0,0
2021-01-07 18:00:00,0,0,0
2021-01-07 19:00:00,0,0,0
2021-01-07 20:00:00,0,0,0
2021-01-07 21:00:00,0,0,0
2021-01-07 22:00:00,0,0,0
2021-01-07 23:00:00,0,0,0
2021-01-08 00:00:00,0,0,0
2021-01-08 01:00:00,0,0,0
2021-01-08 02:00:00,0,0,0
2021-01-08 03:00:00,0,0,0
2021-01-08 04:00:00,0,0,0
2021-01-08 05:00:00,0,0,0
2021-01-08 06:00:00,1,1,0
2021-01-08 07:00:00,0,0,0
2021-01-08 08:00:00,0,0,0
2021-01-08 09:00:00,0,0,0
2021-01-08 10:00:00,0,0,0
2021-01-08 11:00:00,0,0,0
2021-01-08 12:00:00,0,0,0
2021-01-08 13:00:00,1,1,0
2021-01-08 14:00:00,0,0,0
2021-01-08 15:00:00,0,0,0
2021-01-08 16:00:00,0,0,0
2021-01-08 17:00:00,1,1,0
2021-01-08 18:00:00,0,0,0
2021-01-08 19:00:00,0,0,0
2021-01-08 20:00:00,0,0,0
2021-01-08 21:00:00,0,0,0
2021-01-08 22:00:00,0,0,0
2021-01-08 23:00:00,0,0,0
2021-01-09 00:00:00,0,0,0
2021-01-09 01:00:00,0,0,0
2021-01-09 02:00:00,0,0,0
2021-01-09 03:00:00,0,0,0
2021-01-09 04:00:00,0,0,0
2021-01-09 05:00:00,0,0,0
2021-01-09 06:00:00,0,0,0
2021-01-09 07:00:00,0,0,0
2021-01-09 08:00:00,0,0,0
2021-01-09 09:00:00,0,0,0
2021-01-09 10:00:00,0,0,0
2021-01-09 11:00:00,0,0,0
2021-01-09 12:00:00,0,0,0
2021-01-09 13:00:00,2,2,0
2021-01-09 14:00:00,0,0,0
2021-01-09 15:00:00,0,0,0
2021-01-09 16:00:00,0,0,0
2021-01-09 17:00:00,0,0,0
2021-01-09 18:00:00,0,0,0
2021-01-09 19:00:00,0,0,0
2021-01-09 20:00:00,0,0,0
2021-01-09 21:00:00,0,0,0
2021-01-09 22:00:00,0,0,0
2021-01-09 23:00:00,0,0,0
2021-01-10 00:00:00,0,0,0
2021-01-10 01:00:00,0,0,0
2021-01-10 02:00:00,0,0,0
2021-01-10 03:00:00,0,0,0
2021-01-10 04:00:00,0,0,0
2021-01-10 05:00:00,0,0,0
2021-01-10 06:00:00,0,0,0
2021-01-10 07:00:00,0,0,0
2021-01-10 08:00:00,0,0,0
2021-01-10 09:00:00,0,0,0
2021-01-10 10:00:00,0,0,0
2021-01-10 11:00:00,0,0,0
2021-01-10 12:00:00,0,0,0
2021-01-10 13:00:00,1,1,0
2021-01-10 14:00:00,0,0,0
2021-01-10 15:00:00,1,1,0
2021-01-10 16:00:00,0,0,0
2021-01-10 17:00:00,0,0,0
2021-01-10 18:00:00,0,0,0
2021-01-10 19:00:00,0,0,0
2021-01-10 20:00:00,0,0,0
2021-01-10 21:00:00,0,0,0
2021-01-10 22:00:00,0,0,0
2021-01-10 23:00:00,0,0,0
2021-01-11 00:00:00,0,0,0
2021-01-11 01:00:00,0,0,0
2021-01-11 02:00:00,0,0,0
2021-01-11 03:00:00,0,0,0
2021-01-11 04:00:00,0,0,0
2021-01-11 05:00:00,0,0,0
2021-01-11 06:00:00,0,0,0
2021-01-11 07:00:00,0,0,0
2021-01-11 08:00:00,0,0,0
2021-01-11 09:00:00,0,0,0
2021-01-11 10:00:00,0,0,0
2021-01-11 11:00:00,0,0,0
2021-01-11 12:00:00,0,0,0
2021-01-11 13:00:00,1,1,0
2021-01-11 14:00:00,0,0,0
2021-01-11 15:00:00,0,0,0
2021-01-11 16:00:00,0,0,0
2021-01-11 17:00:00,0,0,0
2021-01-11 18:00:00,1,1,0
2021-01-11 19:00:00,0,0,0
2021-01-11 20:00:00,0,0,0
2021-01-11 21:00:00,0,0,0
2021-01-11 22:00:00,0,0,0
2021-01-11 23:00:00,0,0,0
2021-01-12 00:00:00,0,0,0
2021-01-12 01:00:00,0,0,0
2021-01-12 02:00:00,0,0,0
2021-01-12 03:00:00,0,0,0
2021-01-12 04:00:00,0,0,0
2021-01-12 05:00:00,0,0,0
2021-01-12 06:00:00,1,1,0
2021-01-12 07:00:00,0,0,0
2021-01-12 08:00:00,0,0,0
2021-01-12 09:00:00,0,0,0
2021-01-12 10:00:00,0,0,0
2021-01-12 11:00:00,0,0,0
2021-01-12 12:00:00,0,0,0
2021-01-12 13:00:00,0,0,0
2021-01-12 14:00:00,0,0,0
2021-01-12 15:00:00,0,0,0
2021-01-12 16:00:00,0,0,0
2021-01-12 17:00:00,0,0,0
2021-01-12 18:00:00,0,0,0
2021-01-12 19:00:00,0,0,0
2021-01-12 20:00:00,0,0,0
2021-01-12 21:00:00,0,0,0
2021-01-12 22:00:00,0,0,0
2021-01-12 23:00:00,0,0,0
2021-01-13 00:00:00,0,0,0
2021-01-13 01:00:00,0,0,0
2021-01-13 02:00:00,0,0,0
2021-01-13 03:00:00,0,0,0
2021-01-13 04:00:00,0,0,0
2021-01-13 05:00:00,0,0,0
2021-01-13 06:00:00,0,0,0
2021-01-13 07:00:00,0,0,0
2021-01-13 08:00:00,0,0,0
2021-01-13 09:00:00,0,0,0
2021-01-13 10:00:00,0,0,0
2021-01-13 11:00:00,1,1,0
2021-01-13 12:00:00,0,0,0
2021-01-13 13:00:00,0,0,0
2021-01-13 14:00:00,1,1,0
2021-01-13 15:00:00,0,0,0
2021-01-13 16:00:00,1,1,0
2021-01-13 17:00:00,0,0,0
2021-01-13 18:00:00,1,1,0
2021-01-13 19:00:00,0,0,0
2021-01-13 20:00:00,0,0,0
2021-01-13 21:00:00,0,0,0
2021-01-13 22:00:00,0,0,0
2021-01-13 23:00:00,0,0,0
2021-01-14 00:00:00,0,0,0
2021-01-14 01:00:00,0,0,0
2021-01-14 02:00:00,0,0,0
2021-01-14 03:00:00,0,0,0
2021-01-14 04:00:00,0,0,0
2021-01-14 05:00:00,0,0,0
2021-01-14 06:00:00,0,0,0
2021-01-14 07:00:00,0,0,0
2021-01-14 08:00:00,0,0,0
2021-01-14 09:00:00,0,0,0
2021-01-14 10:00:00,0,0,0
2021-01-14 11:00:00,1,1,0
2021-01-14 12:00:00,0,0,0
2021-01-14 13:00:00,1,1,0
2021-01-14 14:00:00,1,1,0
2021-01-14 15:00:00,2,2,0
2021-01-14 16:00:00,0,0,0
2021-01-14 17:00:00,0,0,0
2021-01-14 18:00:00,0,0,0
2021-01-14 19:00:00,0,0,0
2021-01-14 20:00:00,0,0,0
2021-01-14 21:00:00,0,0,0
2021-01-14 22:00:00,0,0,0
2021-01-14 23:00:00,0,0,0
2021-01-15 00:00:00,0,0,0
2021-01-15 01:00:00,0,0,0
2021-01-15 02:00:00,0,0,0
2021-01-15 03:00:00,0,0,0
2021-01-15 04:00:00,0,0,0
2021-01-15 05:00:00,0,0,0
2021-01-15 06:00:00,0,0,0
2021-01-15 07:00:00,0,0,0
2021-01-15 08:00:00,0,0,0
2021-01-15 09:00:00,0,0,0
2021-01-15 10:00:00,0,0,0
2021-01-15 11:00:00,0,0,0
2021-01-15 12:00:00,0,0,0
2021-01-15 13:00:00,0,0,0
2021-01-15 14:00:00,1,1,0
2021-01-15 15:00:00,0,0,0
2021-01-15 16:00:00,1,1,0
2021-01-15 17:00:00,0,0,0
2021-01-15 18:00:00,0,0,0
2021-01-15 19:00:00,0,0,0
2021-01-15 20:00:00,0,0,0
2021-01-15 21:00:00,0,0,0
2021-01-15 22:00:00,0,0,0
2021-01-15 23:00:00,0,0,0
2021-01-16 00:00:00,0,0,0
2021-01-16 01:00:00,0,0,0
2021-01-16 02:00:00,0,0,0
2021-01-16 03:00:00,0,0,0
2021-01-16 04:00:00,0,0,0
2021-01-16 05:00:00,0,0,0
2021-01-16 06:00:00,0,0,0
2021-01-16 07:00:00,0,0,0
2021-01-16 08:00:00,0,0,0
2021-01-16 09:00:00,0,0,0
2021-01-16 10:00:00,0,0,0
2021-01-16 11:00:00,0,0,0
2021-01-16 12:00:00,1,1,0
2021-01-16 13:00:00,0,0,0
2021-01-16 14:00:00,0,0,0
2021-01-16 15:00:00,0,0,0
2021-01-16 16:00:00,0,0,0
2021-01-16 17:00:00,0,0,0
2021-01-16 18:00:00,0,0,0
2021-01-16 19:00:00,0,0,0
2021-01-16 20:00:00,0,0,0
2021-01-16 21:00:00,0,0,0
2021-01-16 22:00:00,0,0,0
2021-01-16 23:00:00,0,0,0
2021-01-17 00:00:00,0,0,0
2021-01-17 01:00:00,0,0,0
2021-01-17 02:00:00,0,0,0
2021-01-17 03:00:00,0,0,0
2021-01-17 04:00:00,0,0,0
2021-01-17 05:00:00,0,0,0
2021-01-17 06:00:00,0,0,0
2021-01-17 07:00:00,0,0,0
2021-01-17 08:00:00,0,0,0
2021-01-17 09:00:00,1,1,0
2021-01-17 10:00:00,3,3,0
2021-01-17 11:00:00,0,0,0
2021-01-17 12:00:00,0,0,0
2021-01-17 13:00:00,1,1,0
2021-01-17 14:00:00,1,1,0
2021-01-17 15:00:00,1,1,0
2021-01-17 16:00:00,0,0,0
2021-01-17 17:00:00,0,0,0
2021-01-17 18:00:00,0,0,0
2021-01-17 19:00:00,0,0,0
2021-01-17 20:00:00,0,0,0
2021-01-17 21:00:00,0,0,0
2021-01-17 22:00:00,0,0,0
2021-01-17 23:00:00,0,0,0
2021-01-18 00:00:00,0,0,0
2021-01-18 01:00:00,0,0,0
2021-01-18 02:00:00,0,0,0
2021-01-18 03:00:00,0,0,0
2021-01-18 04:00:00,0,0,0
2021-01-18 05:00:00,0,0,0
2021-01-18 06:00:00,0,0,0
2021-01-18 07:00:00,0,0,0
2021-01-18 08:00:00,0,0,0
2021-01-18 09:00:00,2,2,0
2021-01-18 10:00:00,0,0,0
2021-01-18 11:00:00,2,2,0
2021-01-18 12:00:00,0,0,0
2021-01-18 13:00:00,0,0,0
2021-01-18 14:00:00,2,2,0
2021-01-18 15:00:00,0,0,0
2021-01-18 16:00:00,1,1,0
2021-01-18 17:00:00,0,0,0
2021-01-18 18:00:00,0,0,0
2021-01-18 19:00:00,0,0,0
2021-01-18 20:00:00,0,0,0
2021-01-18 21:00:00,0,0,0
2021-01-18 22:00:00,0,0,0
2021-01-18 23:00:00,0,0,0
2021-01-19 00:00:00,0,0,0
2021-01-19 01:00:00,0,0,0
2021-01-19 02:00:00,0,0,0
2021-01-19 03:00:00,0,0,0
2021-01-19 04:00:00,0,0,0
2021-01-19 05:00:00,0,0,0
2021-01-19 06:00:00,0,0,0
2021-01-19 07:00:00,0,0,0
2021-01-19 08:00:00,0,0,0
2021-01-19 09:00:00,0,0,0
2021-01-19 10:00:00,0,0,0
2021-01-19 11:00:00,0,0,0
2021-01-19 12:00:00,0,0,0
2021-01-19 13:00:00,0,0,0
2021-01-19 14:00:00,1,1,0
2021-01-19 15:00:00,1,1,0
2021-01-19 16:00:00,0,0,0
2021-01-19 17:00:00,0,0,0
2021-01-19 18:00:00,0,0,0
2021-01-19 19:00:00,0,0,0
2021-01-19 20:00:00,0,0,0
2021-01-19 21:00:00,0,0,0
2021-01-19 22:00:00,0,0,0
2021-01-19 23:00:00,0,0,0
2021-01-20 00:00:00,0,0,0
2021-01-20 01:00:00,0,0,0
2021-01-20 02:00:00,0,0,0
2021-01-20 03:00:00,0,0,0
2021-01-20 04:00:00,0,0,0
2021-01-20 05:00:00,0,0,0
2021-01-20 06:00:00,0,0,0
2021-01-20 07:00:00,0,0,0
2021-01-20 08:00:00,0,0,0
2021-01-20 09:00:00,0,0,0
2021-01-20 10:00:00,0,0,0
2021-01-20 11:00:00,1,1,0
2021-01-20 12:00:00,1,1,0
2021-01-20 13:00:00,0,0,0
2021-01-20 14:00:00,0,0,0
2021-01-20 15:00:00,0,0,0
2021-01-20 16:00:00,0,0,0
2021-01-20 17:00:00,0,0,0
2021-01-20 18:00:00,0,0,0
2021-01-20 19:00:00,0,0,0
2021-01-20 20:00:00,0,0,0
2021-01-20 21:00:00,0,0,0
2021-01-20 22:00:00,0,0,0
2021-01-20 23:00:00,0,0,0
2021-01-21 00:00:00,0,0,0
2021-01-21 01:00:00,0,0,0
2021-01-21 02:00:00,0,0,0
2021-01-21 03:00:00,0,0,0
2021-01-21 04:00:00,0,0,0
2021-01-21 05:00:00,0,0,0
2021-01-21 06:00:00,0,0,0
2021-01-21 07:00:00,0,0,0
2021-01-21 08:00:00,0,0,0
2021-01-21 09:00:00,1,1,0
2021-01-21 10:00:00,0,0,0
2021-01-21 11:00:00,0,0,0
2021-01-21 12:00:00,0,0,0
2021-01-21 13:00:00,0,0,0
2021-01-21 14:00:00,0,0,0
2021-01-21 15:00:00,0,0,0
2021-01-21 16:00:00,0,0,0
2021-01-21 17:00:00,0,0,0
2021-01-21 18:00:00,0,0,0
2021-01-21 19:00:00,0,0,0
2021-01-21 20:00:00,0,0,0
2021-01-21 21:00:00,0,0,0
2021-01-21 22:00:00,0,0,0
2021-01-21 23:00:00,0,0,0
2021-01-22 00:00:00,0,0,0
2021-01-22 01:00:00,0,0,0
2021-01-22 02:00:00,0,0,0
2021-01-22 03:00:00,0,0,0
2021-01-22 04:00:00,0,0,0
2021-01-22 05:00:00,0,0,0
2021-01-22 06:00:00,0,0,0
2021-01-22 07:00:00,0,0,0
2021-01-22 08:00:00,0,0,0
2021-01-22 09:00:00,0,0,0
2021-01-22 10:00:00,1,1,0
2021-01-22 11:00:00,0,0,0
2021-01-22 12:00:00,0,0,0
2021-01-22 13:00:00,0,0,0
2021-01-22 14:00:00,0,0,0
2021-01-22 15:00:00,1,1,0
2021-01-22 16:00:00,0,0,0
2021-01-22 17:00:00,0,0,0
2021-01-22 18:00:00,0,0,0
2021-01-22 19:00:00,0,0,0
2021-01-22 20:00:00,0,0,0
2021-01-22 21:00:00,0,0,0
2021-01-22 22:00:00,0,0,0
2021-01-22 23:00:00,0,0,0
2021-01-23 00:00:00,0,0,0
2021-01-23 01:00:00,0,0,0
2021-01-23 02:00:00,0,0,0
2021-01-23 03:00:00,0,0,0
2021-01-23 04:00:00,0,0,0
2021-01-23 05:00:00,0,0,0
2021-01-23 06:00:00,0,0,0
2021-01-23 07:00:00,0,0,0
2021-01-23 08:00:00,0,0,0
2021-01-23 09:00:00,0,0,0
2021-01-23 10:00:00,0,0,0
2021-01-23 11:00:00,0,0,0
2021-01-23 12:00:00,1,1,0
2021-01-23 13:00:00,0,0,0
2021-01-23 14:00:00,2,2,0
2021-01-23 15:00:00,1,1,0
2021-01-23 16:00:00,1,1,0
2021-01-23 17:00:00,0,0,0
2021-01-23 18:00:00,0,0,0
2021-01-23 19:00:00,0,0,0
2021-01-23 20:00:00,0,0,0
2021-01-23 21:00:00,0,0,0
2021-01-23 22:00:00,0,0,0
2021-01-23 23:00:00,0,0,0
2021-01-24 00:00:00,0,0,0
2021-01-24 01:00:00,0,0,0
2021-01-24 02:00:00,0,0,0
2021-01-24 03:00:00,0,0,0
2021-01-24 04:00:00,0,0,0
2021-01-24 05:00:00,0,0,0
2021-01-24 06:00:00,0,0,0
2021-01-24 07:00:00,0,0,0
2021-01-24 08:00:00,0,0,0
2021-01-24 09:00:00,0,0,0
2021-01-24 10:00:00,0,0,0
2021-01-24 11:00:00,0,0,0
2021-01-24 12:00:00,0,0,0
2021-01-24 13:00:00,0,0,0
2021-01-24 14:00:00,0,0,0
2021-01-24 15:00:00,0,0,0
2021-01-24 16:00:00,0,0,0
2021-01-24 17:00:00,0,0,0
2021-01-24 18:00:00,0,0,0
2021-01-24 19:00:00,0,0,0
2021-01-24 20:00:00,0,0,0
2021-01-24 21:00:00,0,0,0
2021-01-24 22:00:00,0,0,0
2021-01-24 23:00:00,0,0,0
2021-01-25 00:00:00,0,0,0
2021-01-25 01:00:00,0,0,0
2021-01-25 02:00:00,0,0,0
2021-01-25 03:00:00,0,0,0
2021-01-25 04:00:00,0,0,0
2021-01-25 05:00:00,0,0,0
2021-01-25 06:00:00,0,0,0
2021-01-25 07:00:00,0,0,0
2021-01-25 08:00:00,0,0,0
2021-01-25 09:00:00,0,0,0
2021-01-25 10:00:00,0,0,0
2021-01-25 11:00:00,0,0,0
2021-01-25 12:00:00,0,0,0
2021-01-25 13:00:00,0,0,0
2021-01-25 14:00:00,0,0,0
2021-01-25 15:00:00,0,0,0
2021-01-25 16:00:00,0,0,0
2021-01-25 17:00:00,0,0,0
2021-01-25 18:00:00,1,1,0
2021-01-25 19:00:00,0,0,0
2021-01-25 20:00:00,0,0,0
2021-01-25 21:00:00,0,0,0
2021-01-25 22:00:00,0,0,0
2021-01-25 23:00:00,0,0,0
2021-01-26 00:00:00,0,0,0
2021-01-26 01:00:00,0,0,0
2021-01-26 02:00:00,0,0,0
2021-01-26 03:00:00,0,0,0
2021-01-26 04:00:00,0,0,0
2021-01-26 05:00:00,0,0,0
2021-01-26 06:00:00,0,0,0
2021-01-26 07:00:00,0,0,0
2021-01-26 08:00:00,0,0,0
2021-01-26 09:00:00,0,0,0
2021-01-26 10:00:00,0,0,0
2021-01-26 11:00:00,0,0,0
2021-01-26 12:00:00,0,0,0
2021-01-26 13:00:00,0,0,0
2021-01-26 14:00:00,1,1,0
2021-01-26 15:00:00,0,0,0
2021-01-26 16:00:00,0,0,0
2021-01-26 17:00:00,0,0,0
2021-01-26 18:00:00,0,0,0
2021-01-26 19:00:00,0,0,0
2021-01-26 20:00:00,0,0,0
2021-01-26 21:00:00,0,0,0
2021-01-26 22:00:00,0,0,0
2021-01-26 23:00:00,0,0,0
2021-01-27 00:00:00,0,0,0
2021-01-27 01:00:00,0,0,0
2021-01-27 02:00:00,0,0,0
2021-01-27 03:00:00,0,0,0
2021-01-27 04:00:00,0,0,0
2021-01-27 05:00:00,0,0,0
2021-01-27 06:00:00,0,0,0
2021-01-27 07:00:00,0,0,0
2021-01-27 08:00:00,0,0,0
2021-01-27 09:00:00,0,0,0
2021-01-27 10:00:00,0,0,0
2021-01-27 11:00:00,0,0,0
2021-01-27 12:00:00,0,0,0
2021-01-27 13:00:00,1,1,0
2021-01-27 14:00:00,1,1,0
2021-01-27 15:00:00,0,0,0
2021-01-27 16:00:00,0,0,0
2021-01-27 17:00:00,0,0,0
2021-01-27 18:00:00,0,0,0
2021-01-27 19:00:00,0,0,0
2021-01-27 20:00:00,0,0,0
2021-01-27 21:00:00,0,0,0
2021-01-27 22:00:00,0,0,0
2021-01-27 23:00:00,0,0,0
2021-01-28 00:00:00,0,0,0
2021-01-28 01:00:00,0,0,0
2021-01-28 02:00:00,0,0,0
2021-01-28 03:00:00,0,0,0
2021-01-28 04:00:00,0,0,0
2021-01-28 05:00:00,0,0,0
2021-01-28 06:00:00,0,0,0
2021-01-28 07:00:00,0,0,0
2021-01-28 08:00:00,0,0,0
2021-01-28 09:00:00,0,0,0
2021-01-28 10:00:00,0,0,0
2021-01-28 11:00:00,0,0,0
2021-01-28 12:00:00,1,1,0
2021-01-28 13:00:00,0,0,0
2021-01-28 14:00:00,0,0,0
2021-01-28 15:00:00,0,0,0
2021-01-28 16:00:00,0,0,0
2021-01-28 17:00:00,0,0,0
2021-01-28 18:00:00,0,0,0
2021-01-28 19:00:00,0,0,0
2021-01-28 20:00:00,0,0,0
2021-01-28 21:00:00,0,0,0
2021-01-28 22:00:00,0,0,0
2021-01-28 23:00:00,0,0,0
2021-01-29 00:00:00,0,0,0
2021-01-29 01:00:00,0,0,0
2021-01-29 02:00:00,0,0,0
2021-01-29 03:00:00,0,0,0
2021-01-29 04:00:00,0,0,0
2021-01-29 05:00:00,0,0,0
2021-01-29 06:00:00,0,0,0
2021-01-29 07:00:00,0,0,0
2021-01-29 08:00:00,0,0,0
2021-01-29 09:00:00,0,0,0
2021-01-29 10:00:00,0,0,0
2021-01-29 11:00:00,0,0,0
2021-01-29 12:00:00,1,1,0
2021-01-29 13:00:00,2,2,0
2021-01-29 14:00:00,0,0,0
2021-01-29 15:00:00,0,0,0
2021-01-29 16:00:00,0,0,0
2021-01-29 17:00:00,0,0,0
2021-01-29 18:00:00,0,0,0
2021-01-29 19:00:00,0,0,0
2021-01-29 20:00:00,0,0,0
2021-01-29 21:00:00,0,0,0
2021-01-29 22:00:00,0,0,0
2021-01-29 23:00:00,0,0,0
2021-01-30 00:00:00,0,0,0
2021-01-30 01:00:00,0,0,0
2021-01-30 02:00:00,0,0,0
2021-01-30 03:00:00,0,0,0
2021-01-30 04:00:00,0,0,0
2021-01-30 05:00:00,0,0,0
2021-01-30 06:00:00,0,0,0
2021-01-30 07:00:00,0,0,0
2021-01-30 08:00:00,0,0,0
2021-01-30 09:00:00,0,0,0
2021-01-30 10:00:00,1,1,0
2021-01-30 11:00:00,0,0,0
2021-01-30 12:00:00,0,0,0
2021-01-30 13:00:00,1,1,0
2021-01-30 14:00:00,0,0,0
2021-01-30 15:00:00,1,1,0
2021-01-30 16:00:00,0,0,0
2021-01-30 17:00:00,0,0,0
2021-01-30 18:00:00,0,0,0
2021-01-30 19:00:00,0,0,0
2021-01-30 20:00:00,0,0,0
2021-01-30 21:00:00,1,1,0
2021-01-30 22:00:00,0,0,0
2021-01-30 23:00:00,0,0,0
2021-01-31 00:00:00,0,0,0
2021-01-31 01:00:00,0,0,0
2021-01-31 02:00:00,0,0,0
2021-01-31 03:00:00,0,0,0
2021-01-31 04:00:00,0,0,0
2021-01-31 05:00:00,0,0,0
2021-01-31 06:00:00,0,0,0
2021-01-31 07:00:00,0,0,0
2021-01-31 08:00:00,1,1,0
2021-01-31 09:00:00,0,0,0
2021-01-31 10:00:00,2,2,0
2021-01-31 11:00:00,0,0,0
2021-01-31 12:00:00,0,0,0
2021-01-31 13:00:00,0,0,0
2021-01-31 14:00:00,0,0,0
2021-01-31 15:00:00,0,0,0
2021-01-31 16:00:00,0,0,0
2021-01-31 17:00:00,1,1,0
2021-01-31 18:00:00,0,0,0
2021-01-31 19:00:00,0,0,0
2021-01-31 20:00:00,0,0,0
2021-01-31 21:00:00,0,0,0
2021-01-31 22:00:00,0,0,0
2021-01-31 23:00:00,0,0,0
2021-02-01 00:00:00,0,0,0
2021-02-01 01:00:00,0,0,0
2021-02-01 02:00:00,0,0,0
2021-02-01 03:00:00,0,0,0
2021-02-01 04:00:00,0,0,0
2021-02-01 05:00:00,0,0,0
2021-02-01 06:00:00,0,0,0
2021-02-01 07:00:00,0,0,0
2021-02-01 08:00:00,0,0,0
2021-02-01 09:00:00,0,0,0
2021-02-01 10:00:00,0,0,0
2021-02-01 11:00:00,0,0,0
2021-02-01 12:00:00,0,0,0
2021-02-01 13:00:00,0,0,0
2021-02-01 14:00:00,0,0,0
2021-02-01 15:00:00,0,0,0
2021-02-01 16:00:00,0,0,0
2021-02-01 17:00:00,0,0,0
2021-02-01 18:00:00,0,0,0
2021-02-01 19:00:00,0,0,0
2021-02-01 20:00:00,0,0,0
2021-02-01 21:00:00,0,0,0
2021-02-01 22:00:00,0,0,0
2021-02-01 23:00:00,0,0,0
2021-02-02 00:00:00,0,0,0
2021-02-02 01:00:00,0,0,0
2021-02-02 02:00:00,0,0,0
2021-02-02 03:00:00,0,0,0
2021-02-02 04:00:00,0,0,0
2021-02-02 05:00:00,0,0,0
2021-02-02 06:00:00,0,0,0
2021-02-02 07:00:00,0,0,0
2021-02-02 08:00:00,0,0,0
2021-02-02 09:00:00,0,0,0
2021-02-02 10:00:00,0,0,0
2021-02-02 11:00:00,0,0,0
2021-02-02 12:00:00,0,0,0
2021-02-02 13:00:00,0,0,0
2021-02-02 14:00:00,1,1,0
2021-02-02 15:00:00,0,0,0
2021-02-02 16:00:00,1,1,0
2021-02-02 17:00:00,0,0,0
2021-02-02 18:00:00,0,0,0
2021-02-02 19:00:00,0,0,0
2021-02-02 20:00:00,0,0,0
2021-02-02 21:00:00,0,0,0
2021-02-02 22:00:00,0,0,0
2021-02-02 23:00:00,0,0,0
2021-02-03 00:00:00,0,0,0
2021-02-03 01:00:00,0,0,0
2021-02-03 02:00:00,0,0,0
2021-02-03 03:00:00,0,0,0
2021-02-03 04:00:00,0,0,0
2021-02-03 05:00:00,0,0,0
2021-02-03 06:00:00,0,0,0
2021-02-03 07:00:00,0,0,0
2021-02-03 08:00:00,0,0,0
2021-02-03 09:00:00,0,0,0
2021-02-03 10:00:00,0,0,0
2021-02-03 11:00:00,0,0,0
2021-02-03 12:00:00,0,0,0
2021-02-03 13:00:00,0,0,0
2021-02-03 14:00:00,0,0,0
2021-02-03 15:00:00,2,2,0
2021-02-03 16:00:00,0,0,0
2021-02-03 17:00:00,0,0,0
2021-02-03 18:00:00,0,0,0
2021-02-03 19:00:00,1,1,0
2021-02-03 20:00:00,0,0,0
2021-02-03 21:00:00,0,0,0
2021-02-03 22:00:00,0,0,0
2021-02-03 23:00:00,0,0,0
2021-02-04 00:00:00,0,0,0
2021-02-04 01:00:00,0,0,0
2021-02-04 02:00:00,0,0,0
2021-02-04 03:00:00,0,0,0
2021-02-04 04:00:00,0,0,0
2021-02-04 05:00:00,0,0,0
2021-02-04 06:00:00,0,0,0
2021-02-04 07:00:00,0,0,0
2021-02-04 08:00:00,0,0,0
2021-02-04 09:00:00,0,0,0
2021-02-04 10:00:00,0,0,0
2021-02-04 11:00:00,0,0,0
2021-02-04 12:00:00,0,0,0
2021-02-04 13:00:00,0,0,0
2021-02-04 14:00:00,0,0,0
2021-02-04 15:00:00,0,0,0
2021-02-04 16:00:00,0,0,0
2021-02-04 17:00:00,0,0,0
2021-02-04 18:00:00,0,0,0
2021-02-04 19:00:00,0,0,0
2021-02-04 20:00:00,0,0,0
2021-02-04 21:00:00,0,0,0
2021-02-04 22:00:00,0,0,0
2021-02-04 23:00:00,0,0,0
2021-02-05 00:00:00,0,0,0
2021-02-05 01:00:00,0,0,0
2021-02-05 02:00:00,0,0,0
2021-02-05 03:00:00,0,0,0
2021-02-05 04:00:00,0,0,0
2021-02-05 05:00:00,0,0,0
2021-02-05 06:00:00,0,0,0
2021-02-05 07:00:00,0,0,0
2021-02-05 08:00:00,0,0,0
2021-02-05 09:00:00,0,0,0
2021-02-05 10:00:00,1,1,0
2021-02-05 11:00:00,0,0,0
2021-02-05 12:00:00,0,0,0
2021-02-05 13:00:00,0,0,0
2021-02-05 14:00:00,0,0,0
2021-02-05 15:00:00,0,0,0
2021-02-05 16:00:00,1,1,0
2021-02-05 17:00:00,0,0,0
2021-02-05 18:00:00,0,0,0
2021-02-05 19:00:00,0,0,0
2021-02-05 20:00:00,0,0,0
2021-02-05 21:00:00,0,0,0
2021-02-05 22:00:00,0,0,0
2021-02-05 23:00:00,0,0,0
2021-02-06 00:00:00,0,0,0
2021-02-06 01:00:00,0,0,0
2021-02-06 02:00:00,0,0,0
2021-02-06 03:00:00,0,0,0
2021-02-06 04:00:00,0,0,0
2021-02-06 05:00:00,0,0,0
2021-02-06 06:00:00,0,0,0
2021-02-06 07:00:00,0,0,0
2021-02-06 08:00:00,0,0,0
2021-02-06 09:00:00,1,1,0
2021-02-06 10:00:00,0,0,0
2021-02-06 11:00:00,1,1,0
2021-02-06 12:00:00,1,1,0
2021-02-06 13:00:00,0,0,0
2021-02-06 14:00:00,0,0,0
2021-02-06 15:00:00,1,1,0
2021-02-06 16:00:00,1,1,0
2021-02-06 17:00:00,0,0,0
2021-02-06 18:00:00,0,0,0
2021-02-06 19:00:00,0,0,0
2021-02-06 20:00:00,0,0,0
2021-02-06 21:00:00,0,0,0
2021-02-06 22:00:00,0,0,0
2021-02-06 23:00:00,0,0,0
2021-02-07 00:00:00,0,0,0
2021-02-07 01:00:00,0,0,0
2021-02-07 02:00:00,0,0,0
2021-02-07 03:00:00,0,0,0
2021-02-07 04:00:00,0,0,0
2021-02-07 05:00:00,0,0,0
2021-02-07 06:00:00,0,0,0
2021-02-07 07:00:00,0,0,0
2021-02-07 08:00:00,0,0,0
2021-02-07 09:00:00,1,1,0
2021-02-07 10:00:00,1,1,0
2021-02-07 11:00:00,1,1,0
2021-02-07 12:00:00,2,2,0
2021-02-07 13:00:00,0,0,0
2021-02-07 14:00:00,0,0,0
2021-02-07 15:00:00,0,0,0
2021-02-07 16:00:00,0,0,0
2021-02-07 17:00:00,0,0,0
2021-02-07 18:00:00,0,0,0
2021-02-07 19:00:00,0,0,0
2021-02-07 20:00:00,0,0,0
2021-02-07 21:00:00,0,0,0
2021-02-07 22:00:00,0,0,0
2021-02-07 23:00:00,0,0,0
2021-02-08 00:00:00,0,0,0
2021-02-08 01:00:00,0,0,0
2021-02-08 02:00:00,0,0,0
2021-02-08 03:00:00,0,0,0
2021-02-08 04:00:00,0,0,0
2021-02-08 05:00:00,0,0,0
2021-02-08 06:00:00,0,0,0
2021-02-08 07:00:00,0,0,0
2021-02-08 08:00:00,0,0,0
2021-02-08 09:00:00,0,0,0
2021-02-08 10:00:00,0,0,0
2021-02-08 11:00:00,0,0,0
2021-02-08 12:00:00,0,0,0
2021-02-08 13:00:00,1,1,0
2021-02-08 14:00:00,0,0,0
2021-02-08 15:00:00,0,0,0
2021-02-08 16:00:00,0,0,0
2021-02-08 17:00:00,0,0,0
2021-02-08 18:00:00,0,0,0
2021-02-08 19:00:00,0,0,0
2021-02-08 20:00:00,0,0,0
2021-02-08 21:00:00,0,0,0
2021-02-08 22:00:00,0,0,0
2021-02-08 23:00:00,0,0,0
2021-02-09 00:00:00,0,0,0
2021-02-09 01:00:00,0,0,0
2021-02-09 02:00:00,0,0,0
2021-02-09 03:00:00,0,0,0
2021-02-09 04:00:00,0,0,0
2021-02-09 05:00:00,0,0,0
2021-02-09 06:00:00,0,0,0
2021-02-09 07:00:00,0,0,0
2021-02-09 08:00:00,0,0,0
2021-02-09 09:00:00,0,0,0
2021-02-09 10:00:00,0,0,0
2021-02-09 11:00:00,0,0,0
2021-02-09 12:00:00,0,0,0
2021-02-09 13:00:00,0,0,0
2021-02-09 14:00:00,0,0,0
2021-02-09 15:00:00,0,0,0
2021-02-09 16:00:00,0,0,0
2021-02-09 17:00:00,0,0,0
2021-02-09 18:00:00,0,0,0
2021-02-09 19:00:00,0,0,0
2021-02-09 20:00:00,0,0,0
2021-02-09 21:00:00,0,0,0
2021-02-09 22:00:00,0,0,0
2021-02-09 23:00:00,0,0,0
2021-02-10 00:00:00,0,0,0
2021-02-10 01:00:00,0,0,0
2021-02-10 02:00:00,0,0,0
2021-02-10 03:00:00,0,0,0
2021-02-10 04:00:00,0,0,0
2021-02-10 05:00:00,0,0,0
2021-02-10 06:00:00,0,0,0
2021-02-10 07:00:00,0,0,0
2021-02-10 08:00:00,0,0,0
2021-02-10 09:00:00,0,0,0
2021-02-10 10:00:00,0,0,0
2021-02-10 11:00:00,0,0,0
2021-02-10 12:00:00,0,0,0
2021-02-10 13:00:00,0,0,0
2021-02-10 14:00:00,0,0,0
2021-02-10 15:00:00,0,0,0
2021-02-10 16:00:00,0,0,0
2021-02-10 17:00:00,0,0,0
2021-02-10 18:00:00,0,0,0
2021-02-10 19:00:00,0,0,0
2021-02-10 20:00:00,0,0,0
2021-02-10 21:00:00,0,0,0
2021-02-10 22:00:00,0,0,0
2021-02-10 23:00:00,0,0,0
2021-02-11 00:00:00,0,0,0
2021-02-11 01:00:00,0,0,0
2021-02-11 02:00:00,0,0,0
2021-02-11 03:00:00,0,0,0
2021-02-11 04:00:00,0,0,0
2021-02-11 05:00:00,0,0,0
2021-02-11 06:00:00,0,0,0
2021-02-11 07:00:00,1,1,0
2021-02-11 08:00:00,0,0,0
2021-02-11 09:00:00,0,0,0
2021-02-11 10:00:00,0,0,0
2021-02-11 11:00:00,0,0,0
2021-02-11 12:00:00,0,0,0
2021-02-11 13:00:00,0,0,0
2021-02-11 14:00:00,0,0,0
2021-02-11 15:00:00,0,0,0
2021-02-11 16:00:00,0,0,0
2021-02-11 17:00:00,0,0,0
2021-02-11 18:00:00,0,0,0
2021-02-11 19:00:00,0,0,0
2021-02-11 20:00:00,0,0,0
2021-02-11 21:00:00,0,0,0
2021-02-11 22:00:00,0,0,0
2021-02-11 23:00:00,0,0,0
2021-02-12 00:00:00,0,0,0
2021-02-12 01:00:00,0,0,0
2021-02-12 02:00:00,0,0,0
2021-02-12 03:00:00,0,0,0
2021-02-12 04:00:00,0,0,0
2021-02-12 05:00:00,0,0,0
2021-02-12 06:00:00,0,0,0
2021-02-12 07:00:00,0,0,0
2021-02-12 08:00:00,0,0,0
2021-02-12 09:00:00,0,0,0
2021-02-12 10:00:00,0,0,0
2021-02-12 11:00:00,0,0,0
2021-02-12 12:00:00,0,0,0
2021-02-12 13:00:00,0,0,0
2021-02-12 14:00:00,0,0,0
2021-02-12 15:00:00,0,0,0
2021-02-12 16:00:00,0,0,0
2021-02-12 17:00:00,0,0,0
2021-02-12 18:00:00,0,0,0
2021-02-12 19:00:00,0,0,0
2021-02-12 20:00:00,0,0,0
2021-02-12 21:00:00,0,0,0
2021-02-12 22:00:00,0,0,0
2021-02-12 23:00:00,0,0,0
2021-02-13 00:00:00,0,0,0
2021-02-13 01:00:00,0,0,0
2021-02-13 02:00:00,0,0,0
2021-02-13 03:00:00,0,0,0
2021-02-13 04:00:00,0,0,0
2021-02-13 05:00:00,0,0,0
2021-02-13 06:00:00,0,0,0
2021-02-13 07:00:00,0,0,0
2021-02-13 08:00:00,0,0,0
2021-02-13 09:00:00,0,0,0
2021-02-13 10:00:00,0,0,0
2021-02-13 11:00:00,0,0,0
2021-02-13 12:00:00,0,0,0
2021-02-13 13:00:00,0,0,0
2021-02-13 14:00:00,0,0,0
2021-02-13 15:00:00,0,0,0
2021-02-13 16:00:00,0,0,0
2021-02-13 17:00:00,0,0,0
2021-02-13 18:00:00,0,0,0
2021-02-13 19:00:00,0,0,0
2021-02-13 20:00:00,0,0,0
2021-02-13 21:00:00,0,0,0
2021-02-13 22:00:00,0,0,0
2021-02-13 23:00:00,0,0,0
2021-02-14 00:00:00,0,0,0
2021-02-14 01:00:00,0,0,0
2021-02-14 02:00:00,0,0,0
2021-02-14 03:00:00,0,0,0
2021-02-14 04:00:00,0,0,0
2021-02-14 05:00:00,0,0,0
2021-02-14 06:00:00,0,0,0
2021-02-14 07:00:00,0,0,0
2021-02-14 08:00:00,0,0,0
2021-02-14 09:00:00,0,0,0
2021-02-14 10:00:00,0,0,0
2021-02-14 11:00:00,0,0,0
2021-02-14 12:00:00,0,0,0
2021-02-14 13:00:00,0,0,0
2021-02-14 14:00:00,0,0,0
2021-02-14 15:00:00,0,0,0
2021-02-14 16:00:00,0,0,0
2021-02-14 17:00:00,0,0,0
2021-02-14 18:00:00,0,0,0
2021-02-14 19:00:00,0,0,0
2021-02-14 20:00:00,0,0,0
2021-02-14 21:00:00,0,0,0
2021-02-14 22:00:00,0,0,0
2021-02-14 23:00:00,0,0,0
2021-02-15 00:00:00,0,0,0
2021-02-15 01:00:00,0,0,0
2021-02-15 02:00:00,0,0,0
2021-02-15 03:00:00,0,0,0
2021-02-15 04:00:00,0,0,0
2021-02-15 05:00:00,0,0,0
2021-02-15 06:00:00,0,0,0
2021-02-15 07:00:00,0,0,0
2021-02-15 08:00:00,0,0,0
2021-02-15 09:00:00,0,0,0
2021-02-15 10:00:00,0,0,0
2021-02-15 11:00:00,0,0,0
2021-02-15 12:00:00,0,0,0
2021-02-15 13:00:00,0,0,0
2021-02-15 14:00:00,0,0,0
2021-02-15 15:00:00,0,0,0
2021-02-15 16:00:00,0,0,0
2021-02-15 17:00:00,0,0,0
2021-02-15 18:00:00,0,0,0
2021-02-15 19:00:00,0,0,0
2021-02-15 20:00:00,0,0,0
2021-02-15 21:00:00,0,0,0
2021-02-15 22:00:00,0,0,0
2021-02-15 23:00:00,0,0,0
2021-02-16 00:00:00,0,0,0
2021-02-16 01:00:00,0,0,0
2021-02-16 02:00:00,0,0,0
2021-02-16 03:00:00,0,0,0
2021-02-16 04:00:00,0,0,0
2021-02-16 05:00:00,0,0,0
2021-02-16 06:00:00,0,0,0
2021-02-16 07:00:00,0,0,0
2021-02-16 08:00:00,0,0,0
2021-02-16 09:00:00,0,0,0
2021-02-16 10:00:00,1,1,0
2021-02-16 11:00:00,0,0,0
2021-02-16 12:00:00,0,0,0
2021-02-16 13:00:00,0,0,0
2021-02-16 14:00:00,0,0,0
2021-02-16 15:00:00,1,1,0
2021-02-16 16:00:00,1,1,0
2021-02-16 17:00:00,0,0,0
2021-02-16 18:00:00,0,0,0
2021-02-16 19:00:00,0,0,0
2021-02-16 20:00:00,0,0,0
2021-02-16 21:00:00,0,0,0
2021-02-16 22:00:00,0,0,0
2021-02-16 23:00:00,0,0,0
2021-02-17 00:00:00,0,0,0
2021-02-17 01:00:00,0,0,0
2021-02-17 02:00:00,0,0,0
2021-02-17 03:00:00,0,0,0
2021-02-17 04:00:00,0,0,0
2021-02-17 05:00:00,0,0,0
2021-02-17 06:00:00,0,0,0
2021-02-17 07:00:00,0,0,0
2021-02-17 08:00:00,0,0,0
2021-02-17 09:00:00,0,0,0
2021-02-17 10:00:00,0,0,0
2021-02-17 11:00:00,0,0,0
2021-02-17 12:00:00,0,0,0
2021-02-17 13:00:00,0,0,0
2021-02-17 14:00:00,0,0,0
2021-02-17 15:00:00,0,0,0
2021-02-17 16:00:00,0,0,0
2021-02-17 17:00:00,0,0,0
2021-02-17 18:00:00,0,0,0
2021-02-17 19:00:00,0,0,0
2021-02-17 20:00:00,0,0,0
2021-02-17 21:00:00,0,0,0
2021-02-17 22:00:00,0,0,0
2021-02-17 23:00:00,0,0,0
2021-02-18 00:00:00,0,0,0
2021-02-18 01:00:00,0,0,0
2021-02-18 02:00:00,0,0,0
2021-02-18 03:00:00,0,0,0
2021-02-18 04:00:00,0,0,0
2021-02-18 05:00:00,0,0,0
2021-02-18 06:00:00,0,0,0
2021-02-18 07:00:00,0,0,0
2021-02-18 08:00:00,0,0,0
2021-02-18 09:00:00,0,0,0
2021-02-18 10:00:00,0,0,0
2021-02-18 11:00:00,0,0,0
2021-02-18 12:00:00,0,0,0
2021-02-18 13:00:00,0,0,0
2021-02-18 14:00:00,0,0,0
2021-02-18 15:00:00,0,0,0
2021-02-18 16:00:00,0,0,0
2021-02-18 17:00:00,0,0,0
2021-02-18 18:00:00,0,0,0
2021-02-18 19:00:00,0,0,0
2021-02-18 20:00:00,0,0,0
2021-02-18 21:00:00,0,0,0
2021-02-18 22:00:00,0,0,0
2021-02-18 23:00:00,0,0,0
2021-02-19 00:00:00,0,0,0
2021-02-19 01:00:00,0,0,0
2021-02-19 02:00:00,0,0,0
2021-02-19 03:00:00,0,0,0
2021-02-19 04:00:00,0,0,0
2021-02-19 05:00:00,0,0,0
2021-02-19 06:00:00,0,0,0
2021-02-19 07:00:00,0,0,0
2021-02-19 08:00:00,0,0,0
2021-02-19 09:00:00,0,0,0
2021-02-19 10:00:00,0,0,0
2021-02-19 11:00:00,0,0,0
2021-02-19 12:00:00,0,0,0
2021-02-19 13:00:00,0,0,0
2021-02-19 14:00:00,0,0,0
2021-02-19 15:00:00,0,0,0
2021-02-19 16:00:00,0,0,0
2021-02-19 17:00:00,0,0,0
2021-02-19 18:00:00,0,0,0
2021-02-19 19:00:00,0,0,0
2021-02-19 20:00:00,0,0,0
2021-02-19 21:00:00,0,0,0
2021-02-19 22:00:00,0,0,0
2021-02-19 23:00:00,0,0,0
2021-02-20 00:00:00,0,0,0
2021-02-20 01:00:00,0,0,0
2021-02-20 02:00:00,0,0,0
2021-02-20 03:00:00,0,0,0
2021-02-20 04:00:00,0,0,0
2021-02-20 05:00:00,0,0,0
2021-02-20 06:00:00,0,0,0
2021-02-20 07:00:00,0,0,0
2021-02-20 08:00:00,1,0,1
2021-02-20 09:00:00,0,0,0
2021-02-20 10:00:00,0,0,0
2021-02-20 11:00:00,0,0,0
2021-02-20 12:00:00,0,0,0
2021-02-20 13:00:00,0,0,0
2021-02-20 14:00:00,0,0,0
2021-02-20 15:00:00,0,0,0
2021-02-20 16:00:00,0,0,0
2021-02-20 17:00:00,0,0,0
2021-02-20 18:00:00,0,0,0
2021-02-20 19:00:00,0,0,0
2021-02-20 20:00:00,0,0,0
2021-02-20 21:00:00,0,0,0
2021-02-20 22:00:00,0,0,0
2021-02-20 23:00:00,0,0,0
2021-02-21 00:00:00,0,0,0
2021-02-21 01:00:00,0,0,0
2021-02-21 02:00:00,0,0,0
2021-02-21 03:00:00,0,0,0
2021-02-21 04:00:00,0,0,0
2021-02-21 05:00:00,0,0,0
2021-02-21 06:00:00,0,0,0
2021-02-21 07:00:00,0,0,0
2021-02-21 08:00:00,0,0,0
2021-02-21 09:00:00,0,0,0
2021-02-21 10:00:00,0,0,0
2021-02-21 11:00:00,0,0,0
2021-02-21 12:00:00,0,0,0
2021-02-21 13:00:00,0,0,0
2021-02-21 14:00:00,1,1,0
2021-02-21 15:00:00,0,0,0
2021-02-21 16:00:00,0,0,0
2021-02-21 17:00:00,0,0,0
2021-02-21 18:00:00,0,0,0
2021-02-21 19:00:00,0,0,0
2021-02-21 20:00:00,0,0,0
2021-02-21 21:00:00,0,0,0
2021-02-21 22:00:00,0,0,0
2021-02-21 23:00:00,0,0,0
2021-02-22 00:00:00,0,0,0
2021-02-22 01:00:00,0,0,0
2021-02-22 02:00:00,0,0,0
2021-02-22 03:00:00,0,0,0
2021-02-22 04:00:00,0,0,0
2021-02-22 05:00:00,0,0,0
2021-02-22 06:00:00,0,0,0
2021-02-22 07:00:00,0,0,0
2021-02-22 08:00:00,0,0,0
2021-02-22 09:00:00,1,1,0
2021-02-22 10:00:00,0,0,0
2021-02-22 11:00:00,0,0,0
2021-02-22 12:00:00,0,0,0
2021-02-22 13:00:00,0,0,0
2021-02-22 14:00:00,0,0,0
2021-02-22 15:00:00,0,0,0
2021-02-22 16:00:00,0,0,0
2021-02-22 17:00:00,0,0,0
2021-02-22 18:00:00,0,0,0
2021-02-22 19:00:00,0,0,0
2021-02-22 20:00:00,0,0,0
2021-02-22 21:00:00,0,0,0
2021-02-22 22:00:00,0,0,0
2021-02-22 23:00:00,0,0,0
2021-02-23 00:00:00,0,0,0
2021-02-23 01:00:00,0,0,0
2021-02-23 02:00:00,0,0,0
2021-02-23 03:00:00,0,0,0
2021-02-23 04:00:00,0,0,0
2021-02-23 05:00:00,0,0,0
2021-02-23 06:00:00,0,0,0
2021-02-23 07:00:00,0,0,0
2021-02-23 08:00:00,0,0,0
2021-02-23 09:00:00,0,0,0
2021-02-23 10:00:00,0,0,0
2021-02-23 11:00:00,0,0,0
2021-02-23 12:00:00,0,0,0
2021-02-23 13:00:00,0,0,0
2021-02-23 14:00:00,0,0,0
2021-02-23 15:00:00,11,6,5
2021-02-23 16:00:00,27,18,9
2021-02-23 17:00:00,13,9,4
2021-02-23 18:00:00,13,7,6
2021-02-23 19:00:00,2,2,0
2021-02-23 20:00:00,0,0,0
2021-02-23 21:00:00,0,0,0
2021-02-23 22:00:00,0,0,0
2021-02-23 23:00:00,1,1,0
2021-02-24 00:00:00,0,0,0
2021-02-24 01:00:00,0,0,0
2021-02-24 02:00:00,0,0,0
2021-02-24 03:00:00,0,0,0
2021-02-24 04:00:00,0,0,0
2021-02-24 05:00:00,3,2,1
2021-02-24 06:00:00,7,4,3
2021-02-24 07:00:00,16,6,10
2021-02-24 08:00:00,13,12,1
2021-02-24 09:00:00,12,5,7
2021-02-24 10:00:00,15,6,9
2021-02-24 11:00:00,12,7,5
2021-02-24 12:00:00,22,13,9
2021-02-24 13:00:00,21,9,12
2021-02-24 14:00:00,33,19,14
2021-02-24 15:00:00,44,22,22
2021-02-24 16:00:00,53,25,28
2021-02-24 17:00:00,35,24,11
2021-02-24 18:00:00,25,8,17
2021-02-24 19:00:00,13,13,0
2021-02-24 20:00:00,3,3,0
2021-02-24 21:00:00,0,0,0
2021-02-24 22:00:00,1,0,1
2021-02-24 23:00:00,0,0,0
2021-02-25 00:00:00,3,3,0
2021-02-25 01:00:00,0,0,0
2021-02-25 02:00:00,0,0,0
2021-02-25 03:00:00,0,0,0
2021-02-25 04:00:00,0,0,0
2021-02-25 05:00:00,1,0,1
2021-02-25 06:00:00,6,3,3
2021-02-25 07:00:00,10,4,6
2021-02-25 08:00:00,10,8,2
2021-02-25 09:00:00,9,5,4
2021-02-25 10:00:00,3,2,1
2021-02-25 11:00:00,7,4,3
2021-02-25 12:00:00,3,2,1
2021-02-25 13:00:00,14,6,8
2021-02-25 14:00:00,11,5,6
2021-02-25 15:00:00,12,9,3
2021-02-25 16:00:00,16,9,7
2021-02-25 17:00:00,11,7,4
2021-02-25 18:00:00,9,3,6
2021-02-25 19:00:00,7,5,2
2021-02-25 20:00:00,2,1,1
2021-02-25 21:00:00,0,0,0
2021-02-25 22:00:00,0,0,0
2021-02-25 23:00:00,0,0,0
2021-02-26 00:00:00,0,0,0
2021-02-26 01:00:00,0,0,0
2021-02-26 02:00:00,0,0,0
2021-02-26 03:00:00,0,0,0
2021-02-26 04:00:00,0,0,0
2021-02-26 05:00:00,1,0,1
2021-02-26 06:00:00,8,6,2
2021-02-26 07:00:00,9,3,6
2021-02-26 08:00:00,13,6,7
2021-02-26 09:00:00,13,9,4
2021-02-26 10:00:00,12,4,8
2021-02-26 11:00:00,8,5,3
2021-02-26 12:00:00,22,7,15
2021-02-26 13:00:00,35,15,20
2021-02-26 14:00:00,34,16,18
2021-02-26 15:00:00,31,22,9
2021-02-26 16:00:00,22,8,14
2021-02-26 17:00:00,16,9,7
2021-02-26 18:00:00,6,4,2
2021-02-26 19:00:00,6,4,2
2021-02-26 20:00:00,0,0,0
2021-02-26 21:00:00,0,0,0
2021-02-26 22:00:00,0,0,0
2021-02-26 23:00:00,0,0,0
2021-02-27 00:00:00,0,0,0
2021-02-27 01:00:00,0,0,0
2021-02-27 02:00:00,0,0,0
2021-02-27 03:00:00,0,0,0
2021-02-27 04:00:00,0,0,0
2021-02-27 05:00:00,1,0,1
2021-02-27 06:00:00,2,1,1
2021-02-27 07:00:00,12,10,2
2021-02-27 08:00:00,26,9,17
2021-02-27 09:00:00,68,30,38
2021-02-27 10:00:00,69,27,42
2021-02-27 11:00:00,86,44,42
2021-02-27 12:00:00,103,68,35
2021-02-27 13:00:00,89,51,38
2021-02-27 14:00:00,93,61,32
2021-02-27 15:00:00,83,59,24
2021-02-27 16:00:00,61,46,15
2021-02-27 17:00:00,29,26,3
2021-02-27 18:00:00,4,2,2
2021-02-27 19:00:00,3,1,2
2021-02-27 20:00:00,0,0,0
2021-02-27 21:00:00,0,0,0
2021-02-27 22:00:00,0,0,0
2021-02-27 23:00:00,1,0,1
2021-02-28 00:00:00,2,2,0
2021-02-28 01:00:00,0,0,0
2021-02-28 02:00:00,0,0,0
2021-02-28 03:00:00,0,0,0
2021-02-28 04:00:00,0,0,0
2021-02-28 05:00:00,1,0,1
2021-02-28 06:00:00,1,1,0
2021-02-28 07:00:00,5,3,2
2021-02-28 08:00:00,14,3,11
2021-02-28 09:00:00,33,22,11
2021-02-28 10:00:00,26,12,14
2021-02-28 11:00:00,50,22,28
2021-02-28 12:00:00,50,37,13
2021-02-28 13:00:00,64,36,28
2021-02-28 14:00:00,59,35,24
2021-02-28 15:00:00,43,29,14
2021-02-28 16:00:00,48,34,14
2021-02-28 17:00:00,28,22,6
2021-02-28 18:00:00,2,2,0
2021-02-28 19:00:00,0,0,0
2021-02-28 20:00:00,0,0,0
2021-02-28 21:00:00,1,1,0
2021-02-28 22:00:00,3,1,2
2021-02-28 23:00:00,0,0,0
2021-03-01 00:00:00,0,0,0
2021-03-01 01:00:00,0,0,0
2021-03-01 02:00:00,0,0,0
2021-03-01 03:00:00,0,0,0
2021-03-01 04:00:00,1,1,0
2021-03-01 05:00:00,4,3,1
2021-03-01 06:00:00,6,5,1
2021-03-01 07:00:00,10,4,6
2021-03-01 08:00:00,13,11,2
2021-03-01 09:00:00,9,3,6
2021-03-01 10:00:00,8,2,6
2021-03-01 11:00:00,17,9,8
2021-03-01 12:00:00,22,12,10
2021-03-01 13:00:00,26,20,6
2021-03-01 14:00:00,32,15,17
2021-03-01 15:00:00,45,25,20
2021-03-01 16:00:00,51,31,20
2021-03-01 17:00:00,47,36,11
2021-03-01 18:00:00,11,8,3
2021-03-01 19:00:00,8,7,1
2021-03-01 20:00:00,0,0,0
2021-03-01 21:00:00,2,2,0
2021-03-01 22:00:00,0,0,0
2021-03-01 23:00:00,2,1,1
2021-03-02 00:00:00,1,1,0
2021-03-02 01:00:00,0,0,0
2021-03-02 02:00:00,0,0,0
2021-03-02 03:00:00,0,0,0
2021-03-02 04:00:00,0,0,0
2021-03-02 05:00:00,4,3,1
2021-03-02 06:00:00,11,6,5
2021-03-02 07:00:00,14,8,6
2021-03-02 08:00:00,10,9,1
2021-03-02 09:00:00,6,5,1
2021-03-02 10:00:00,4,0,4
2021-03-02 11:00:00,6,3,3
2021-03-02 12:00:00,8,4,4
2021-03-02 13:00:00,10,4,6
2021-03-02 14:00:00,19,10,9
2021-03-02 15:00:00,23,15,8
2021-03-02 16:00:00,25,13,12
2021-03-02 17:00:00,33,22,11
2021-03-02 18:00:00,18,11,7
2021-03-02 19:00:00,6,5,1
2021-03-02 20:00:00,2,2,0
2021-03-02 21:00:00,2,2,0
2021-03-02 22:00:00,2,2,0
2021-03-02 23:00:00,0,0,0
2021-03-03 00:00:00,0,0,0
2021-03-03 01:00:00,0,0,0
2021-03-03 02:00:00,0,0,0
2021-03-03 03:00:00,0,0,0
2021-03-03 04:00:00,1,1,0
2021-03-03 05:00:00,1,1,0
2021-03-03 06:00:00,11,6,5
2021-03-03 07:00:00,19,9,10
2021-03-03 08:00:00,14,10,4
2021-03-03 09:00:00,12,8,4
2021-03-03 10:00:00,19,6,13
2021-03-03 11:00:00,27,11,16
2021-03-03 12:00:00,51,27,24
2021-03-03 13:00:00,47,24,23
2021-03-03 14:00:00,39,22,17
2021-03-03 15:00:00,76,47,29
2021-03-03 16:00:00,66,37,29
2021-03-03 17:00:00,75,53,22
2021-03-03 18:00:00,44,33,11
2021-03-03 19:00:00,11,11,0
2021-03-03 20:00:00,1,1,0
2021-03-03 21:00:00,1,1,0
2021-03-03 22:00:00,0,0,0
2021-03-03 23:00:00,0,0,0
2021-03-04 00:00:00,0,0,0
2021-03-04 01:00:00,0,0,0
2021-03-04 02:00:00,0,0,0
2021-03-04 03:00:00,0,0,0
2021-03-04 04:00:00,1,1,0
2021-03-04 05:00:00,3,2,1
2021-03-04 06:00:00,6,4,2
2021-03-04 07:00:00,16,6,10
2021-03-04 08:00:00,6,6,0
2021-03-04 09:00:00,14,7,7
2021-03-04 10:00:00,12,6,6
2021-03-04 11:00:00,12,4,8
2021-03-04 12:00:00,26,18,8
2021-03-04 13:00:00,19,14,5
2021-03-04 14:00:00,9,7,2
2021-03-04 15:00:00,7,4,3
2021-03-04 16:00:00,6,3,3
2021-03-04 17:00:00,9,4,5
2021-03-04 18:00:00,8,2,6
2021-03-04 19:00:00,7,3,4
2021-03-04 20:00:00,0,0,0
2021-03-04 21:00:00,0,0,0
2021-03-04 22:00:00,0,0,0
2021-03-04 23:00:00,0,0,0
2021-03-05 00:00:00,0,0,0
2021-03-05 01:00:00,0,0,0
2021-03-05 02:00:00,0,0,0
2021-03-05 03:00:00,0,0,0
2021-03-05 04:00:00,0,0,0
2021-03-05 05:00:00,2,1,1
2021-03-05 06:00:00,9,5,4
2021-03-05 07:00:00,12,8,4
2021-03-05 08:00:00,4,4,0
2021-03-05 09:00:00,7,6,1
2021-03-05 10:00:00,4,1,3
2021-03-05 11:00:00,2,2,0
2021-03-05 12:00:00,2,1,1
2021-03-05 13:00:00,3,1,2
2021-03-05 14:00:00,7,2,5
2021-03-05 15:00:00,6,2,4
2021-03-05 16:00:00,20,8,12
2021-03-05 17:00:00,17,11,6
2021-03-05 18:00:00,8,3,5
2021-03-05 19:00:00,8,6,2
2021-03-05 20:00:00,2,0,2
2021-03-05 21:00:00,1,1,0
2021-03-05 22:00:00,0,0,0
2021-03-05 23:00:00,0,0,0
2021-03-06 00:00:00,0,0,0
2021-03-06 01:00:00,0,0,0
2021-03-06 02:00:00,2,1,1
2021-03-06 03:00:00,0,0,0
2021-03-06 04:00:00,0,0,0
2021-03-06 05:00:00,2,0,2
2021-03-06 06:00:00,1,0,1
2021-03-06 07:00:00,5,5,0
2021-03-06 08:00:00,24,4,20
2021-03-06 09:00:00,57,17,40
2021-03-06 10:00:00,40,26,14
2021-03-06 11:00:00,94,59,35
2021-03-06 12:00:00,63,43,20
2021-03-06 13:00:00,75,57,18
2021-03-06 14:00:00,52,39,13
2021-03-06 15:00:00,46,36,10
2021-03-06 16:00:00,33,29,4
2021-03-06 17:00:00,17,15,2
2021-03-06 18:00:00,12,9,3
2021-03-06 19:00:00,3,2,1
2021-03-06 20:00:00,1,1,0
2021-03-06 21:00:00,0,0,0
2021-03-06 22:00:00,0,0,0
2021-03-06 23:00:00,0,0,0
2021-03-07 00:00:00,3,2,1
2021-03-07 01:00:00,1,1,0
2021-03-07 02:00:00,0,0,0
2021-03-07 03:00:00,0,0,0
2021-03-07 04:00:00,0,0,0
2021-03-07 05:00:00,1,0,1
2021-03-07 06:00:00,1,1,0
2021-03-07 07:00:00,6,2,4
2021-03-07 08:00:00,9,3,6
2021-03-07 09:00:00,21,15,6
2021-03-07 10:00:00,33,16,17
2021-03-07 11:00:00,32,21,11
2021-03-07 12:00:00,14,12,2
2021-03-07 13:00:00,13,9,4
2021-03-07 14:00:00,26,17,9
2021-03-07 15:00:00,37,23,14
2021-03-07 16:00:00,17,14,3
2021-03-07 17:00:00,3,3,0
2021-03-07 18:00:00,2,2,0
2021-03-07 19:00:00,0,0,0
2021-03-07 20:00:00,0,0,0
2021-03-07 21:00:00,2,1,1
2021-03-07 22:00:00,0,0,0
2021-03-07 23:00:00,1,0,1
2021-03-08 00:00:00,0,0,0
2021-03-08 01:00:00,0,0,0
2021-03-08 02:00:00,0,0,0
2021-03-08 03:00:00,0,0,0
2021-03-08 04:00:00,1,1,0
2021-03-08 05:00:00,2,1,1
2021-03-08 06:00:00,9,7,2
2021-03-08 07:00:00,14,6,8
2021-03-08 08:00:00,7,5,2
2021-03-08 09:00:00,10,4,6
2021-03-08 10:00:00,16,5,11
2021-03-08 11:00:00,16,10,6
2021-03-08 12:00:00,20,11,9
2021-03-08 13:00:00,22,16,6
2021-03-08 14:00:00,39,17,22
2021-03-08 15:00:00,40,29,11
2021-03-08 16:00:00,38,20,18
2021-03-08 17:00:00,48,34,14
2021-03-08 18:00:00,24,16,8
2021-03-08 19:00:00,3,3,0
2021-03-08 20:00:00,3,1,2
2021-03-08 21:00:00,1,1,0
2021-03-08 22:00:00,4,4,0
2021-03-08 23:00:00,0,0,0
2021-03-09 00:00:00,0,0,0
2021-03-09 01:00:00,0,0,0
2021-03-09 02:00:00,1,1,0
2021-03-09 03:00:00,0,0,0
2021-03-09 04:00:00,2,2,0
2021-03-09 05:00:00,3,2,1
2021-03-09 06:00:00,14,8,6
2021-03-09 07:00:00,19,8,11
2021-03-09 08:00:00,9,8,1
2021-03-09 09:00:00,6,6,0
2021-03-09 10:00:00,6,4,2
2021-03-09 11:00:00,9,3,6
2021-03-09 12:00:00,20,10,10
2021-03-09 13:00:00,20,16,4
2021-03-09 14:00:00,26,18,8
2021-03-09 15:00:00,25,18,7
2021-03-09 16:00:00,23,15,8
2021-03-09 17:00:00,39,19,20
2021-03-09 18:00:00,21,16,5
2021-03-09 19:00:00,6,4,2
2021-03-09 20:00:00,2,2,0
2021-03-09 21:00:00,2,2,0
2021-03-09 22:00:00,0,0,0
2021-03-09 23:00:00,0,0,0
2021-03-10 00:00:00,0,0,0
2021-03-10 01:00:00,0,0,0
2021-03-10 02:00:00,0,0,0
2021-03-10 03:00:00,0,0,0
2021-03-10 04:00:00,1,0,1
2021-03-10 05:00:00,4,3,1
2021-03-10 06:00:00,7,3,4
2021-03-10 07:00:00,18,10,8
2021-03-10 08:00:00,11,7,4
2021-03-10 09:00:00,9,6,3
2021-03-10 10:00:00,10,8,2
2021-03-10 11:00:00,19,10,9
2021-03-10 12:00:00,31,19,12
2021-03-10 13:00:00,26,17,9
2021-03-10 14:00:00,20,12,8
2021-03-10 15:00:00,61,32,29
2021-03-10 16:00:00,68,38,30
2021-03-10 17:00:00,76,57,19
2021-03-10 18:00:00,34,24,10
2021-03-10 19:00:00,18,17,1
2021-03-10 20:00:00,3,2,1
2021-03-10 21:00:00,2,2,0
2021-03-10 22:00:00,0,0,0
2021-03-10 23:00:00,0,0,0
2021-03-11 00:00:00,1,1,0
2021-03-11 01:00:00,0,0,0
2021-03-11 02:00:00,0,0,0
2021-03-11 03:00:00,0,0,0
2021-03-11 04:00:00,1,1,0
2021-03-11 05:00:00,2,1,1
2021-03-11 06:00:00,12,6,6
2021-03-11 07:00:00,15,10,5
2021-03-11 08:00:00,17,14,3
2021-03-11 09:00:00,6,6,0
2021-03-11 10:00:00,12,2,10
2021-03-11 11:00:00,22,16,6
2021-03-11 12:00:00,25,13,12
2021-03-11 13:00:00,29,20,9
2021-03-11 14:00:00,41,30,11
2021-03-11 15:00:00,38,30,8
2021-03-11 16:00:00,46,31,15
2021-03-11 17:00:00,48,29,19
2021-03-11 18:00:00,23,17,6
2021-03-11 19:00:00,9,6,3
2021-03-11 20:00:00,1,0,1
2021-03-11 21:00:00,0,0,0
2021-03-11 22:00:00,1,1,0
2021-03-11 23:00:00,1,0,1
2021-03-12 00:00:00,0,0,0
2021-03-12 01:00:00,0,0,0
2021-03-12 02:00:00,0,0,0
2021-03-12 03:00:00,0,0,0
2021-03-12 04:00:00,1,1,0
2021-03-12 05:00:00,3,2,1
2021-03-12 06:00:00,12,5,7
2021-03-12 07:00:00,18,12,6
2021-03-12 08:00:00,8,6,2
2021-03-12 09:00:00,16,9,7
2021-03-12 10:00:00,11,7,4
2021-03-12 11:00:00,22,13,9
2021-03-12 12:00:00,32,18,14
2021-03-12 13:00:00,31,20,11
2021-03-12 14:00:00,27,19,8
2021-03-12 15:00:00,58,40,18
2021-03-12 16:00:00,50,35,15
2021-03-12 17:00:00,48,37,11
2021-03-12 18:00:00,23,17,6
2021-03-12 19:00:00,9,9,0
2021-03-12 20:00:00,1,0,1
2021-03-12 21:00:00,0,0,0
2021-03-12 22:00:00,0,0,0
2021-03-12 23:00:00,0,0,0
2021-03-13 00:00:00,1,0,1
2021-03-13 01:00:00,1,1,0
2021-03-13 02:00:00,0,0,0
2021-03-13 03:00:00,0,0,0
2021-03-13 04:00:00,0,0,0
2021-03-13 05:00:00,3,0,3
2021-03-13 06:00:00,6,2,4
2021-03-13 07:00:00,20,6,14
2021-03-13 08:00:00,16,6,10
2021-03-13 09:00:00,42,25,17
2021-03-13 10:00:00,51,28,23
2021-03-13 11:00:00,84,56,28
2021-03-13 12:00:00,99,77,22
2021-03-13 13:00:00,90,65,25
2021-03-13 14:00:00,120,90,30
2021-03-13 15:00:00,129,110,19
2021-03-13 16:00:00,56,50,6
2021-03-13 17:00:00,48,41,7
2021-03-13 18:00:00,19,16,3
2021-03-13 19:00:00,5,5,0
2021-03-13 20:00:00,1,1,0
2021-03-13 21:00:00,4,2,2
2021-03-13 22:00:00,0,0,0
2021-03-13 23:00:00,0,0,0
2021-03-14 00:00:00,1,0,1
2021-03-14 01:00:00,1,0,1
2021-03-14 02:00:00,0,0,0
2021-03-14 03:00:00,0,0,0
2021-03-14 04:00:00,0,0,0
2021-03-14 05:00:00,1,0,1
2021-03-14 06:00:00,0,0,0
2021-03-14 07:00:00,3,2,1
2021-03-14 08:00:00,13,1,12
2021-03-14 09:00:00,20,11,9
2021-03-14 10:00:00,24,13,11
2021-03-14 11:00:00,13,9,4
2021-03-14 12:00:00,10,7,3
2021-03-14 13:00:00,10,10,0
2021-03-14 14:00:00,7,2,5
2021-03-14 15:00:00,10,7,3
2021-03-14 16:00:00,3,2,1
2021-03-14 17:00:00,1,0,1
2021-03-14 18:00:00,3,3,0
2021-03-14 19:00:00,0,0,0
2021-03-14 20:00:00,0,0,0
2021-03-14 21:00:00,0,0,0
2021-03-14 22:00:00,0,0,0
2021-03-14 23:00:00,1,1,0
2021-03-15 00:00:00,1,0,1
2021-03-15 01:00:00,0,0,0
2021-03-15 02:00:00,0,0,0
2021-03-15 03:00:00,1,1,0
2021-03-15 04:00:00,0,0,0
2021-03-15 05:00:00,3,2,1
2021-03-15 06:00:00,3,2,1
2021-03-15 07:00:00,8,4,4
2021-03-15 08:00:00,6,5,1
2021-03-15 09:00:00,1,1,0
2021-03-15 10:00:00,4,3,1
2021-03-15 11:00:00,4,2,2
2021-03-15 12:00:00,7,3,4
2021-03-15 13:00:00,14,9,5
2021-03-15 14:00:00,19,8,11
2021-03-15 15:00:00,26,17,9
2021-03-15 16:00:00,29,23,6
2021-03-15 17:00:00,43,25,18
2021-03-15 18:00:00,28,18,10
2021-03-15 19:00:00,13,11,2
2021-03-15 20:00:00,4,1,3
2021-03-15 21:00:00,1,1,0
2021-03-15 22:00:00,1,1,0
2021-03-15 23:00:00,0,0,0
2021-03-16 00:00:00,0,0,0
2021-03-16 01:00:00,0,0,0
2021-03-16 02:00:00,0,0,0
2021-03-16 03:00:00,0,0,0
2021-03-16 04:00:00,1,1,0
2021-03-16 05:00:00,3,2,1
2021-03-16 06:00:00,6,3,3
2021-03-16 07:00:00,11,7,4
2021-03-16 08:00:00,12,11,1
2021-03-16 09:00:00,6,4,2
2021-03-16 10:00:00,4,3,1
2021-03-16 11:00:00,8,6,2
2021-03-16 12:00:00,10,6,4
2021-03-16 13:00:00,20,12,8
2021-03-16 14:00:00,22,15,7
2021-03-16 15:00:00,22,17,5
2021-03-16 16:00:00,31,18,13
2021-03-16 17:00:00,59,34,25
2021-03-16 18:00:00,58,46,12
2021-03-16 19:00:00,32,27,5
2021-03-16 20:00:00,6,6,0
2021-03-16 21:00:00,1,1,0
2021-03-16 22:00:00,0,0,0
2021-03-16 23:00:00,0,0,0
2021-03-17 00:00:00,0,0,0
2021-03-17 01:00:00,0,0,0
2021-03-17 02:00:00,0,0,0
2021-03-17 03:00:00,0,0,0
2021-03-17 04:00:00,1,1,0
2021-03-17 05:00:00,3,1,2
2021-03-17 06:00:00,7,4,3
2021-03-17 07:00:00,11,6,5
2021-03-17 08:00:00,13,9,4
2021-03-17 09:00:00,9,5,4
2021-03-17 10:00:00,24,10,14
2021-03-17 11:00:00,23,12,11
2021-03-17 12:00:00,15,13,2
2021-03-17 13:00:00,19,12,7
2021-03-17 14:00:00,39,27,12
2021-03-17 15:00:00,40,25,15
2021-03-17 16:00:00,45,27,18
2021-03-17 17:00:00,68,43,25
2021-03-17 18:00:00,61,43,18
2021-03-17 19:00:00,21,20,1
2021-03-17 20:00:00,3,2,1
2021-03-17 21:00:00,2,2,0
2021-03-17 22:00:00,0,0,0
2021-03-17 23:00:00,0,0,0
2021-03-18 00:00:00,0,0,0
2021-03-18 01:00:00,1,0,1
2021-03-18 02:00:00,0,0,0
2021-03-18 03:00:00,0,0,0
2021-03-18 04:00:00,1,1,0
2021-03-18 05:00:00,2,1,1
2021-03-18 06:00:00,7,3,4
2021-03-18 07:00:00,10,4,6
2021-03-18 08:00:00,14,12,2
2021-03-18 09:00:00,6,4,2
2021-03-18 10:00:00,4,1,3
2021-03-18 11:00:00,4,3,1
2021-03-18 12:00:00,6,2,4
2021-03-18 13:00:00,7,5,2
2021-03-18 14:00:00,3,1,2
2021-03-18 15:00:00,5,3,2
2021-03-18 16:00:00,8,6,2
2021-03-18 17:00:00,10,6,4
2021-03-18 18:00:00,7,6,1
2021-03-18 19:00:00,5,2,3
2021-03-18 20:00:00,0,0,0
2021-03-18 21:00:00,1,1,0
2021-03-18 22:00:00,0,0,0
2021-03-18 23:00:00,0,0,0
2021-03-19 00:00:00,0,0,0
2021-03-19 01:00:00,0,0,0
2021-03-19 02:00:00,0,0,0
2021-03-19 03:00:00,0,0,0
2021-03-19 04:00:00,1,0,1
2021-03-19 05:00:00,3,2,1
2021-03-19 06:00:00,2,1,1
2021-03-19 07:00:00,9,5,4
2021-03-19 08:00:00,8,5,3
2021-03-19 09:00:00,7,5,2
2021-03-19 10:00:00,11,5,6
2021-03-19 11:00:00,12,6,6
2021-03-19 12:00:00,13,7,6
2021-03-19 13:00:00,11,6,5
2021-03-19 14:00:00,18,11,7
2021-03-19 15:00:00,19,10,9
2021-03-19 16:00:00,28,17,11
2021-03-19 17:00:00,25,15,10
2021-03-19 18:00:00,11,7,4
2021-03-19 19:00:00,5,3,2
2021-03-19 20:00:00,3,2,1
2021-03-19 21:00:00,0,0,0
2021-03-19 22:00:00,0,0,0
2021-03-19 23:00:00,1,1,0
2021-03-20 00:00:00,1,0,1
2021-03-20 01:00:00,0,0,0
2021-03-20 02:00:00,0,0,0
2021-03-20 03:00:00,0,0,0
2021-03-20 04:00:00,0,0,0
2021-03-20 05:00:00,1,0,1
2021-03-20 06:00:00,2,2,0
2021-03-20 07:00:00,6,1,5
2021-03-20 08:00:00,9,0,9
2021-03-20 09:00:00,26,7,19
2021-03-20 10:00:00,30,13,17
2021-03-20 11:00:00,36,27,9
2021-03-20 12:00:00,56,32,24
2021-03-20 13:00:00,37,20,17
2021-03-20 14:00:00,38,29,9
2021-03-20 15:00:00,31,20,11
2021-03-20 16:00:00,38,24,14
2021-03-20 17:00:00,14,11,3
2021-03-20 18:00:00,10,8,2
2021-03-20 19:00:00,8,3,5
2021-03-20 20:00:00,0,0,0
2021-03-20 21:00:00,0,0,0
2021-03-20 22:00:00,0,0,0
2021-03-20 23:00:00,0,0,0
2021-03-21 00:00:00,2,1,1
2021-03-21 01:00:00,0,0,0
2021-03-21 02:00:00,0,0,0
2021-03-21 03:00:00,0,0,0
2021-03-21 04:00:00,0,0,0
2021-03-21 05:00:00,1,0,1
2021-03-21 06:00:00,3,2,1
2021-03-21 07:00:00,5,2,3
2021-03-21 08:00:00,21,2,19
2021-03-21 09:00:00,33,18,15
2021-03-21 10:00:00,28,13,15
2021-03-21 11:00:00,36,18,18
2021-03-21 12:00:00,12,8,4
2021-03-21 13:00:00,19,10,9
2021-03-21 14:00:00,15,11,4
2021-03-21 15:00:00,12,9,3
2021-03-21 16:00:00,10,5,5
2021-03-21 17:00:00,4,3,1
2021-03-21 18:00:00,4,2,2
2021-03-21 19:00:00,0,0,0
2021-03-21 20:00:00,1,1,0
2021-03-21 21:00:00,0,0,0
2021-03-21 22:00:00,0,0,0
2021-03-21 23:00:00,0,0,0
2021-03-22 00:00:00,0,0,0
2021-03-22 01:00:00,0,0,0
2021-03-22 02:00:00,1,1,0
2021-03-22 03:00:00,0,0,0
2021-03-22 04:00:00,0,0,0
2021-03-22 05:00:00,3,2,1
2021-03-22 06:00:00,3,3,0
2021-03-22 07:00:00,3,1,2
2021-03-22 08:00:00,5,4,1
2021-03-22 09:00:00,1,1,0
2021-03-22 10:00:00,3,1,2
2021-03-22 11:00:00,10,4,6
2021-03-22 12:00:00,5,4,1
2021-03-22 13:00:00,11,7,4
2021-03-22 14:00:00,20,12,8
2021-03-22 15:00:00,4,2,2
2021-03-22 16:00:00,20,6,14
2021-03-22 17:00:00,28,11,17
2021-03-22 18:00:00,39,26,13
2021-03-22 19:00:00,15,13,2
2021-03-22 20:00:00,4,4,0
2021-03-22 21:00:00,1,1,0
2021-03-22 22:00:00,0,0,0
2021-03-22 23:00:00,0,0,0
2021-03-23 00:00:00,0,0,0
2021-03-23 01:00:00,1,1,0
2021-03-23 02:00:00,0,0,0
2021-03-23 03:00:00,0,0,0
2021-03-23 04:00:00,1,0,1
2021-03-23 05:00:00,4,3,1
2021-03-23 06:00:00,9,6,3
2021-03-23 07:00:00,15,10,5
2021-03-23 08:00:00,29,20,9
2021-03-23 09:00:00,16,8,8
2021-03-23 10:00:00,16,10,6
2021-03-23 11:00:00,19,8,11
2021-03-23 12:00:00,19,13,6
2021-03-23 13:00:00,32,22,10
2021-03-23 14:00:00,35,14,21
2021-03-23 15:00:00,57,37,20
2021-03-23 16:00:00,72,46,26
2021-03-23 17:00:00,91,46,45
2021-03-23 18:00:00,71,57,14
2021-03-23 19:00:00,24,22,2
2021-03-23 20:00:00,3,3,0
2021-03-23 21:00:00,2,2,0
2021-03-23 22:00:00,1,1,0
2021-03-23 23:00:00,0,0,0
2021-03-24 00:00:00,0,0,0
2021-03-24 01:00:00,0,0,0
2021-03-24 02:00:00,0,0,0
2021-03-24 03:00:00,0,0,0
2021-03-24 04:00:00,0,0,0
2021-03-24 05:00:00,2,1,1
2021-03-24 06:00:00,5,4,1
2021-03-24 07:00:00,8,5,3
2021-03-24 08:00:00,5,4,1
2021-03-24 09:00:00,1,1,0
2021-03-24 10:00:00,1,0,1
2021-03-24 11:00:00,6,3,3
2021-03-24 12:00:00,10,5,5
2021-03-24 13:00:00,7,2,5
2021-03-24 14:00:00,12,4,8
2021-03-24 15:00:00,11,8,3
2021-03-24 16:00:00,10,7,3
2021-03-24 17:00:00,9,3,6
2021-03-24 18:00:00,9,5,4
2021-03-24 19:00:00,0,0,0
2021-03-24 20:00:00,4,2,2
2021-03-24 21:00:00,0,0,0
2021-03-24 22:00:00,0,0,0
2021-03-24 23:00:00,0,0,0
2021-03-25 00:00:00,0,0,0
2021-03-25 01:00:00,0,0,0
2021-03-25 02:00:00,0,0,0
2021-03-25 03:00:00,0,0,0
2021-03-25 04:00:00,0,0,0
2021-03-25 05:00:00,2,1,1
2021-03-25 06:00:00,3,2,1
2021-03-25 07:00:00,5,3,2
2021-03-25 08:00:00,9,5,4
2021-03-25 09:00:00,5,5,0
2021-03-25 10:00:00,5,2,3
2021-03-25 11:00:00,3,3,0
2021-03-25 12:00:00,14,5,9
2021-03-25 13:00:00,12,5,7
2021-03-25 14:00:00,16,9,7
2021-03-25 15:00:00,51,36,15
2021-03-25 16:00:00,32,19,13
2021-03-25 17:00:00,60,32,28
2021-03-25 18:00:00,56,45,11
2021-03-25 19:00:00,20,12,8
2021-03-25 20:00:00,5,4,1
2021-03-25 21:00:00,2,2,0
2021-03-25 22:00:00,0,0,0
2021-03-25 23:00:00,0,0,0
2021-03-26 00:00:00,0,0,0
2021-03-26 01:00:00,0,0,0
2021-03-26 02:00:00,1,0,1
2021-03-26 03:00:00,0,0,0
2021-03-26 04:00:00,1,1,0
2021-03-26 05:00:00,2,0,2
2021-03-26 06:00:00,10,5,5
2021-03-26 07:00:00,15,10,5
2021-03-26 08:00:00,16,12,4
2021-03-26 09:00:00,13,8,5
2021-03-26 10:00:00,24,18,6
2021-03-26 11:00:00,20,15,5
2021-03-26 12:00:00,15,8,7
2021-03-26 13:00:00,22,9,13
2021-03-26 14:00:00,36,19,17
2021-03-26 15:00:00,53,33,20
2021-03-26 16:00:00,50,30,20
2021-03-26 17:00:00,40,26,14
2021-03-26 18:00:00,26,20,6
2021-03-26 19:00:00,20,20,0
2021-03-26 20:00:00,2,2,0
2021-03-26 21:00:00,1,1,0
2021-03-26 22:00:00,1,1,0
2021-03-26 23:00:00,0,0,0
2021-03-27 00:00:00,1,0,1
2021-03-27 01:00:00,0,0,0
2021-03-27 02:00:00,0,0,0
2021-03-27 03:00:00,0,0,0
2021-03-27 04:00:00,0,0,0
2021-03-27 05:00:00,1,0,1
2021-03-27 06:00:00,3,2,1
2021-03-27 07:00:00,11,6,5
2021-03-27 08:00:00,38,16,22
2021-03-27 09:00:00,52,27,25
2021-03-27 10:00:00,53,33,20
2021-03-27 11:00:00,78,48,30
2021-03-27 12:00:00,79,62,17
2021-03-27 13:00:00,102,64,38
2021-03-27 14:00:00,88,69,19
2021-03-27 15:00:00,84,68,16
2021-03-27 16:00:00,71,56,15
2021-03-27 17:00:00,43,40,3
2021-03-27 18:00:00,20,16,4
2021-03-27 19:00:00,8,8,0
2021-03-27 20:00:00,1,1,0
2021-03-27 21:00:00,6,6,0
2021-03-27 22:00:00,0,0,0
2021-03-27 23:00:00,0,0,0
2021-03-28 00:00:00,0,0,0
2021-03-28 01:00:00,0,0,0
2021-03-28 02:00:00,0,0,0
2021-03-28 03:00:00,0,0,0
2021-03-28 04:00:00,0,0,0
2021-03-28 05:00:00,2,1,1
2021-03-28 06:00:00,2,2,0
2021-03-28 07:00:00,5,2,3
2021-03-28 08:00:00,17,5,12
2021-03-28 09:00:00,13,11,2
2021-03-28 10:00:00,12,9,3
2021-03-28 11:00:00,4,2,2
2021-03-28 12:00:00,4,2,2
2021-03-28 13:00:00,3,1,2
2021-03-28 14:00:00,0,0,0
2021-03-28 15:00:00,2,2,0
2021-03-28 16:00:00,4,1,3
2021-03-28 17:00:00,3,2,1
2021-03-28 18:00:00,6,3,3
2021-03-28 19:00:00,4,3,1
2021-03-28 20:00:00,1,1,0
2021-03-28 21:00:00,0,0,0
2021-03-28 22:00:00,0,0,0
2021-03-28 23:00:00,0,0,0
2021-03-29 00:00:00,1,0,1
2021-03-29 01:00:00,0,0,0
2021-03-29 02:00:00,0,0,0
2021-03-29 03:00:00,0,0,0
2021-03-29 04:00:00,1,1,0
2021-03-29 05:00:00,3,2,1
2021-03-29 06:00:00,7,5,2
2021-03-29 07:00:00,18,12,6
2021-03-29 08:00:00,9,8,1
2021-03-29 09:00:00,3,3,0
2021-03-29 10:00:00,6,2,4
2021-03-29 11:00:00,20,11,9
2021-03-29 12:00:00,17,11,6
2021-03-29 13:00:00,35,21,14
2021-03-29 14:00:00,26,14,12
2021-03-29 15:00:00,34,23,11
2021-03-29 16:00:00,41,29,12
2021-03-29 17:00:00,43,28,15
2021-03-29 18:00:00,49,35,14
2021-03-29 19:00:00,22,19,3
2021-03-29 20:00:00,4,4,0
2021-03-29 21:00:00,2,2,0
2021-03-29 22:00:00,1,0,1
2021-03-29 23:00:00,0,0,0
2021-03-30 00:00:00,1,0,1
2021-03-30 01:00:00,0,0,0
2021-03-30 02:00:00,0,0,0
2021-03-30 03:00:00,0,0,0
2021-03-30 04:00:00,1,1,0
2021-03-30 05:00:00,6,4,2
2021-03-30 06:00:00,4,3,1
2021-03-30 07:00:00,8,6,2
2021-03-30 08:00:00,15,11,4
2021-03-30 09:00:00,7,5,2
2021-03-30 10:00:00,9,6,3
2021-03-30 11:00:00,17,10,7
2021-03-30 12:00:00,18,8,10
2021-03-30 13:00:00,18,13,5
2021-03-30 14:00:00,22,10,12
2021-03-30 15:00:00,35,24,11
2021-03-30 16:00:00,42,30,12
2021-03-30 17:00:00,54,27,27
2021-03-30 18:00:00,49,39,10
2021-03-30 19:00:00,26,24,2
2021-03-30 20:00:00,1,1,0
2021-03-30 21:00:00,2,2,0
2021-03-30 22:00:00,1,0,1
2021-03-30 23:00:00,1,1,0
2021-03-31 00:00:00,0,0,0
2021-03-31 01:00:00,0,0,0
2021-03-31 02:00:00,0,0,0
2021-03-31 03:00:00,0,0,0
2021-03-31 04:00:00,1,1,0
2021-03-31 05:00:00,3,3,0
2021-03-31 06:00:00,6,3,3
2021-03-31 07:00:00,16,6,10
2021-03-31 08:00:00,12,9,3
2021-03-31 09:00:00,10,8,2
2021-03-31 10:00:00,18,14,4
2021-03-31 11:00:00,27,16,11
2021-03-31 12:00:00,28,16,12
2021-03-31 13:00:00,33,26,7
2021-03-31 14:00:00,43,27,16
2021-03-31 15:00:00,50,25,25
2021-03-31 16:00:00,55,40,15
2021-03-31 17:00:00,63,44,19
2021-03-31 18:00:00,73,57,16
2021-03-31 19:00:00,45,41,4
2021-03-31 20:00:00,2,2,0
2021-03-31 21:00:00,2,2,0
2021-03-31 22:00:00,1,0,1
2021-03-31 23:00:00,0,0,0
2021-04-01 00:00:00,1,0,1
2021-04-01 01:00:00,0,0,0
2021-04-01 02:00:00,0,0,0
2021-04-01 03:00:00,0,0,0
2021-04-01 04:00:00,2,1,1
2021-04-01 05:00:00,4,1,3
2021-04-01 06:00:00,12,6,6
2021-04-01 07:00:00,20,11,9
2021-04-01 08:00:00,17,16,1
2021-04-01 09:00:00,7,4,3
2021-04-01 10:00:00,10,4,6
2021-04-01 11:00:00,13,7,6
2021-04-01 12:00:00,46,25,21
2021-04-01 13:00:00,13,7,6
2021-04-01 14:00:00,25,21,4
2021-04-01 15:00:00,39,30,9
2021-04-01 16:00:00,40,27,13
2021-04-01 17:00:00,47,29,18
2021-04-01 18:00:00,38,24,14
2021-04-01 19:00:00,25,23,2
2021-04-01 20:00:00,4,3,1
2021-04-01 21:00:00,2,2,0
2021-04-01 22:00:00,0,0,0
2021-04-01 23:00:00,0,0,0
2021-04-02 00:00:00,0,0,0
2021-04-02 01:00:00,1,0,1
2021-04-02 02:00:00,0,0,0
2021-04-02 03:00:00,0,0,0
2021-04-02 04:00:00,1,0,1
2021-04-02 05:00:00,6,1,5
2021-04-02 06:00:00,13,8,5
2021-04-02 07:00:00,12,7,5
2021-04-02 08:00:00,17,13,4
2021-04-02 09:00:00,13,7,6
2021-04-02 10:00:00,14,8,6
2021-04-02 11:00:00,18,12,6
2021-04-02 12:00:00,18,11,7
2021-04-02 13:00:00,30,17,13
2021-04-02 14:00:00,38,29,9
2021-04-02 15:00:00,27,15,12
2021-04-02 16:00:00,40,32,8
2021-04-02 17:00:00,40,26,14
2021-04-02 18:00:00,29,24,5
2021-04-02 19:00:00,20,18,2
2021-04-02 20:00:00,4,3,1
2021-04-02 21:00:00,1,0,1
2021-04-02 22:00:00,2,1,1
2021-04-02 23:00:00,2,2,0
2021-04-03 00:00:00,0,0,0
2021-04-03 01:00:00,2,1,1
2021-04-03 02:00:00,1,0,1
2021-04-03 03:00:00,1,0,1
2021-04-03 04:00:00,0,0,0
2021-04-03 05:00:00,1,0,1
2021-04-03 06:00:00,2,2,0
2021-04-03 07:00:00,13,7,6
2021-04-03 08:00:00,21,10,11
2021-04-03 09:00:00,67,31,36
2021-04-03 10:00:00,94,57,37
2021-04-03 11:00:00,87,52,35
2021-04-03 12:00:00,110,79,31
2021-04-03 13:00:00,88,66,22
2021-04-03 14:00:00,84,70,14
2021-04-03 15:00:00,70,54,16
2021-04-03 16:00:00,61,54,7
2021-04-03 17:00:00,43,37,6
2021-04-03 18:00:00,18,15,3
2021-04-03 19:00:00,7,7,0
2021-04-03 20:00:00,6,5,1
2021-04-03 21:00:00,1,1,0
2021-04-03 22:00:00,1,1,0
2021-04-03 23:00:00,0,0,0
2021-04-04 00:00:00,0,0,0
2021-04-04 01:00:00,0,0,0
2021-04-04 02:00:00,0,0,0
2021-04-04 03:00:00,1,0,1
2021-04-04 04:00:00,0,0,0
2021-04-04 05:00:00,1,0,1
2021-04-04 06:00:00,0,0,0
2021-04-04 07:00:00,7,0,7
2021-04-04 08:00:00,8,1,7
2021-04-04 09:00:00,9,3,6
2021-04-04 10:00:00,26,13,13
2021-04-04 11:00:00,29,18,11
2021-04-04 12:00:00,34,24,10
2021-04-04 13:00:00,31,17,14
2021-04-04 14:00:00,26,17,9
2021-04-04 15:00:00,35,28,7
2021-04-04 16:00:00,28,23,5
2021-04-04 17:00:00,15,10,5
2021-04-04 18:00:00,9,5,4
2021-04-04 19:00:00,5,5,0
2021-04-04 20:00:00,1,1,0
2021-04-04 21:00:00,1,0,1
2021-04-04 22:00:00,0,0,0
2021-04-04 23:00:00,1,1,0
2021-04-05 00:00:00,0,0,0
2021-04-05 01:00:00,0,0,0
2021-04-05 02:00:00,0,0,0
2021-04-05 03:00:00,0,0,0
2021-04-05 04:00:00,2,1,1
2021-04-05 05:00:00,6,1,5
2021-04-05 06:00:00,4,2,2
2021-04-05 07:00:00,12,7,5
2021-04-05 08:00:00,12,7,5
2021-04-05 09:00:00,13,8,5
2021-04-05 10:00:00,12,5,7
2021-04-05 11:00:00,14,4,10
2021-04-05 12:00:00,17,13,4
2021-04-05 13:00:00,25,15,10
2021-04-05 14:00:00,34,19,15
2021-04-05 15:00:00,36,24,12
2021-04-05 16:00:00,79,54,25
2021-04-05 17:00:00,62,50,12
2021-04-05 18:00:00,45,31,14
2021-04-05 19:00:00,15,14,1
2021-04-05 20:00:00,4,4,0
2021-04-05 21:00:00,1,1,0
2021-04-05 22:00:00,1,1,0
2021-04-05 23:00:00,0,0,0
2021-04-06 00:00:00,0,0,0
2021-04-06 01:00:00,0,0,0
2021-04-06 02:00:00,0,0,0
2021-04-06 03:00:00,0,0,0
2021-04-06 04:00:00,2,1,1
2021-04-06 05:00:00,5,2,3
2021-04-06 06:00:00,11,3,8
2021-04-06 07:00:00,21,15,6
2021-04-06 08:00:00,15,15,0
2021-04-06 09:00:00,12,7,5
2021-04-06 10:00:00,12,7,5
2021-04-06 11:00:00,16,5,11
2021-04-06 12:00:00,30,18,12
2021-04-06 13:00:00,27,19,8
2021-04-06 14:00:00,32,19,13
2021-04-06 15:00:00,30,20,10
2021-04-06 16:00:00,59,38,21
2021-04-06 17:00:00,79,43,36
2021-04-06 18:00:00,73,55,18
2021-04-06 19:00:00,34,30,4
2021-04-06 20:00:00,7,7,0
2021-04-06 21:00:00,1,1,0
2021-04-06 22:00:00,0,0,0
2021-04-06 23:00:00,0,0,0
2021-04-07 00:00:00,0,0,0
2021-04-07 01:00:00,0,0,0
2021-04-07 02:00:00,0,0,0
2021-04-07 03:00:00,1,0,1
2021-04-07 04:00:00,2,1,1
2021-04-07 05:00:00,3,2,1
2021-04-07 06:00:00,5,4,1
2021-04-07 07:00:00,12,9,3
2021-04-07 08:00:00,7,5,2
2021-04-07 09:00:00,8,4,4
2021-04-07 10:00:00,6,3,3
2021-04-07 11:00:00,4,1,3
2021-04-07 12:00:00,1,1,0
2021-04-07 13:00:00,2,2,0
2021-04-07 14:00:00,5,5,0
2021-04-07 15:00:00,8,4,4
2021-04-07 16:00:00,12,7,5
2021-04-07 17:00:00,12,6,6
2021-04-07 18:00:00,10,4,6
2021-04-07 19:00:00,9,8,1
2021-04-07 20:00:00,2,2,0
2021-04-07 21:00:00,1,1,0
2021-04-07 22:00:00,0,0,0
2021-04-07 23:00:00,0,0,0
2021-04-08 00:00:00,0,0,0
2021-04-08 01:00:00,0,0,0
2021-04-08 02:00:00,0,0,0
2021-04-08 03:00:00,0,0,0
2021-04-08 04:00:00,0,0,0
2021-04-08 05:00:00,2,1,1
2021-04-08 06:00:00,5,3,2
2021-04-08 07:00:00,8,3,5
2021-04-08 08:00:00,8,8,0
2021-04-08 09:00:00,9,8,1
2021-04-08 10:00:00,14,8,6
2021-04-08 11:00:00,23,13,10
2021-04-08 12:00:00,12,6,6
2021-04-08 13:00:00,19,11,8
2021-04-08 14:00:00,24,17,7
2021-04-08 15:00:00,26,11,15
2021-04-08 16:00:00,42,30,12
2021-04-08 17:00:00,69,46,23
2021-04-08 18:00:00,51,38,13
2021-04-08 19:00:00,29,27,2
2021-04-08 20:00:00,13,12,1
2021-04-08 21:00:00,0,0,0
2021-04-08 22:00:00,0,0,0
2021-04-08 23:00:00,1,0,1
2021-04-09 00:00:00,2,1,1
2021-04-09 01:00:00,0,0,0
2021-04-09 02:00:00,0,0,0
2021-04-09 03:00:00,0,0,0
2021-04-09 04:00:00,1,1,0
2021-04-09 05:00:00,4,0,4
2021-04-09 06:00:00,10,5,5
2021-04-09 07:00:00,12,9,3
2021-04-09 08:00:00,11,8,3
2021-04-09 09:00:00,13,6,7
2021-04-09 10:00:00,15,9,6
2021-04-09 11:00:00,12,10,2
2021-04-09 12:00:00,14,12,2
2021-04-09 13:00:00,16,11,5
2021-04-09 14:00:00,15,10,5
2021-04-09 15:00:00,23,19,4
2021-04-09 16:00:00,20,13,7
2021-04-09 17:00:00,17,11,6
2021-04-09 18:00:00,5,3,2
2021-04-09 19:00:00,6,4,2
2021-04-09 20:00:00,3,2,1
2021-04-09 21:00:00,0,0,0
2021-04-09 22:00:00,0,0,0
2021-04-09 23:00:00,0,0,0
2021-04-10 00:00:00,0,0,0
2021-04-10 01:00:00,0,0,0
2021-04-10 02:00:00,0,0,0
2021-04-10 03:00:00,0,0,0
2021-04-10 04:00:00,1,0,1
2021-04-10 05:00:00,1,0,1
2021-04-10 06:00:00,0,0,0
2021-04-10 07:00:00,4,2,2
2021-04-10 08:00:00,13,4,9
2021-04-10 09:00:00,44,13,31
2021-04-10 10:00:00,37,15,22
2021-04-10 11:00:00,51,31,20
2021-04-10 12:00:00,78,48,30
2021-04-10 13:00:00,70,47,23
2021-04-10 14:00:00,92,66,26
2021-04-10 15:00:00,61,48,13
2021-04-10 16:00:00,59,51,8
2021-04-10 17:00:00,31,25,6
2021-04-10 18:00:00,17,13,4
2021-04-10 19:00:00,5,4,1
2021-04-10 20:00:00,1,1,0
2021-04-10 21:00:00,1,1,0
2021-04-10 22:00:00,1,0,1
2021-04-10 23:00:00,0,0,0
2021-04-11 00:00:00,1,0,1
2021-04-11 01:00:00,0,0,0
2021-04-11 02:00:00,0,0,0
2021-04-11 03:00:00,0,0,0
2021-04-11 04:00:00,0,0,0
2021-04-11 05:00:00,1,0,1
2021-04-11 06:00:00,1,1,0
2021-04-11 07:00:00,11,5,6
2021-04-11 08:00:00,37,13,24
2021-04-11 09:00:00,28,15,13
2021-04-11 10:00:00,59,31,28
2021-04-11 11:00:00,76,40,36
2021-04-11 12:00:00,106,69,37
2021-04-11 13:00:00,111,74,37
2021-04-11 14:00:00,95,69,26
2021-04-11 15:00:00,77,61,16
2021-04-11 16:00:00,60,49,11
2021-04-11 17:00:00,36,33,3
2021-04-11 18:00:00,18,16,2
2021-04-11 19:00:00,6,5,1
2021-04-11 20:00:00,0,0,0
2021-04-11 21:00:00,0,0,0
2021-04-11 22:00:00,1,0,1
2021-04-11 23:00:00,0,0,0
2021-04-12 00:00:00,0,0,0
2021-04-12 01:00:00,0,0,0
2021-04-12 02:00:00,0,0,0
2021-04-12 03:00:00,0,0,0
2021-04-12 04:00:00,1,1,0
2021-04-12 05:00:00,4,0,4
2021-04-12 06:00:00,7,6,1
2021-04-12 07:00:00,7,3,4
2021-04-12 08:00:00,10,10,0
2021-04-12 09:00:00,11,5,6
2021-04-12 10:00:00,8,2,6
2021-04-12 11:00:00,21,13,8
2021-04-12 12:00:00,18,11,7
2021-04-12 13:00:00,18,10,8
2021-04-12 14:00:00,21,13,8
2021-04-12 15:00:00,34,26,8
2021-04-12 16:00:00,29,16,13
2021-04-12 17:00:00,44,29,15
2021-04-12 18:00:00,43,30,13
2021-04-12 19:00:00,28,22,6
2021-04-12 20:00:00,11,10,1
2021-04-12 21:00:00,4,3,1
2021-04-12 22:00:00,1,1,0
2021-04-12 23:00:00,0,0,0
2021-04-13 00:00:00,2,1,1
2021-04-13 01:00:00,0,0,0
2021-04-13 02:00:00,0,0,0
2021-04-13 03:00:00,0,0,0
2021-04-13 04:00:00,2,1,1
2021-04-13 05:00:00,7,2,5
2021-04-13 06:00:00,15,10,5
2021-04-13 07:00:00,11,9,2
2021-04-13 08:00:00,14,13,1
2021-04-13 09:00:00,14,7,7
2021-04-13 10:00:00,11,7,4
2021-04-13 11:00:00,11,8,3
2021-04-13 12:00:00,23,17,6
2021-04-13 13:00:00,15,9,6
2021-04-13 14:00:00,21,17,4
2021-04-13 15:00:00,46,34,12
2021-04-13 16:00:00,43,31,12
2021-04-13 17:00:00,65,41,24
2021-04-13 18:00:00,36,25,11
2021-04-13 19:00:00,41,36,5
2021-04-13 20:00:00,7,7,0
2021-04-13 21:00:00,2,2,0
2021-04-13 22:00:00,0,0,0
2021-04-13 23:00:00,0,0,0
2021-04-14 00:00:00,0,0,0
2021-04-14 01:00:00,0,0,0
2021-04-14 02:00:00,0,0,0
2021-04-14 03:00:00,0,0,0
2021-04-14 04:00:00,2,1,1
2021-04-14 05:00:00,2,0,2
2021-04-14 06:00:00,14,6,8
2021-04-14 07:00:00,15,13,2
2021-04-14 08:00:00,11,9,2
2021-04-14 09:00:00,17,13,4
2021-04-14 10:00:00,19,10,9
2021-04-14 11:00:00,21,14,7
2021-04-14 12:00:00,43,32,11
2021-04-14 13:00:00,25,15,10
2021-04-14 14:00:00,30,21,9
2021-04-14 15:00:00,35,27,8
2021-04-14 16:00:00,51,38,13
2021-04-14 17:00:00,52,42,10
2021-04-14 18:00:00,60,35,25
2021-04-14 19:00:00,60,59,1
2021-04-14 20:00:00,4,4,0
2021-04-14 21:00:00,1,0,1
2021-04-14 22:00:00,0,0,0
2021-04-14 23:00:00,0,0,0
2021-04-15 00:00:00,0,0,0
2021-04-15 01:00:00,0,0,0
2021-04-15 02:00:00,0,0,0
2021-04-15 03:00:00,0,0,0
2021-04-15 04:00:00,1,1,0
2021-04-15 05:00:00,4,2,2
2021-04-15 06:00:00,14,9,5
2021-04-15 07:00:00,28,16,12
2021-04-15 08:00:00,19,15,4
2021-04-15 09:00:00,22,13,9
2021-04-15 10:00:00,20,9,11
2021-04-15 11:00:00,32,26,6
2021-04-15 12:00:00,37,18,19
2021-04-15 13:00:00,32,20,12
2021-04-15 14:00:00,33,17,16
2021-04-15 15:00:00,31,27,4
2021-04-15 16:00:00,54,40,14
2021-04-15 17:00:00,57,42,15
2021-04-15 18:00:00,59,50,9
2021-04-15 19:00:00,53,47,6
2021-04-15 20:00:00,5,4,1
2021-04-15 21:00:00,0,0,0
2021-04-15 22:00:00,0,0,0
2021-04-15 23:00:00,0,0,0
2021-04-16 00:00:00,0,0,0
2021-04-16 01:00:00,0,0,0
2021-04-16 02:00:00,0,0,0
2021-04-16 03:00:00,0,0,0
2021-04-16 04:00:00,0,0,0
2021-04-16 05:00:00,4,1,3
2021-04-16 06:00:00,13,9,4
2021-04-16 07:00:00,11,5,6
2021-04-16 08:00:00,19,14,5
2021-04-16 09:00:00,22,16,6
2021-04-16 10:00:00,26,10,16
2021-04-16 11:00:00,34,26,8
2021-04-16 12:00:00,38,16,22
2021-04-16 13:00:00,24,13,11
2021-04-16 14:00:00,34,27,7
2021-04-16 15:00:00,43,34,9
2021-04-16 16:00:00,41,26,15
2021-04-16 17:00:00,48,40,8
2021-04-16 18:00:00,44,32,12
2021-04-16 19:00:00,28,25,3
2021-04-16 20:00:00,3,2,1
2021-04-16 21:00:00,4,3,1
2021-04-16 22:00:00,0,0,0
2021-04-16 23:00:00,0,0,0
2021-04-17 00:00:00,0,0,0
2021-04-17 01:00:00,1,0,1
2021-04-17 02:00:00,0,0,0
2021-04-17 03:00:00,0,0,0
2021-04-17 04:00:00,0,0,0
2021-04-17 05:00:00,2,0,2
2021-04-17 06:00:00,4,2,2
2021-04-17 07:00:00,19,8,11
2021-04-17 08:00:00,39,20,19
2021-04-17 09:00:00,83,50,33
2021-04-17 10:00:00,78,50,28
2021-04-17 11:00:00,110,72,38
2021-04-17 12:00:00,113,71,42
2021-04-17 13:00:00,101,76,25
2021-04-17 14:00:00,88,64,24
2021-04-17 15:00:00,63,52,11
2021-04-17 16:00:00,53,47,6
2021-04-17 17:00:00,37,33,4
2021-04-17 18:00:00,40,33,7
2021-04-17 19:00:00,18,13,5
2021-04-17 20:00:00,5,5,0
2021-04-17 21:00:00,0,0,0
2021-04-17 22:00:00,1,0,1
2021-04-17 23:00:00,1,1,0
2021-04-18 00:00:00,0,0,0
2021-04-18 01:00:00,1,0,1
2021-04-18 02:00:00,0,0,0
2021-04-18 03:00:00,0,0,0
2021-04-18 04:00:00,0,0,0
2021-04-18 05:00:00,3,0,3
2021-04-18 06:00:00,8,2,6
2021-04-18 07:00:00,13,3,10
2021-04-18 08:00:00,40,17,23
2021-04-18 09:00:00,68,41,27
2021-04-18 10:00:00,84,47,37
2021-04-18 11:00:00,110,78,32
2021-04-18 12:00:00,105,68,37
2021-04-18 13:00:00,91,73,18
2021-04-18 14:00:00,70,56,14
2021-04-18 15:00:00,46,35,11
2021-04-18 16:00:00,59,54,5
2021-04-18 17:00:00,35,31,4
2021-04-18 18:00:00,21,19,2
2021-04-18 19:00:00,21,19,2
2021-04-18 20:00:00,5,3,2
2021-04-18 21:00:00,1,1,0
2021-04-18 22:00:00,0,0,0
2021-04-18 23:00:00,1,0,1
2021-04-19 00:00:00,0,0,0
2021-04-19 01:00:00,0,0,0
2021-04-19 02:00:00,0,0,0
2021-04-19 03:00:00,0,0,0
2021-04-19 04:00:00,0,0,0
2021-04-19 05:00:00,6,3,3
2021-04-19 06:00:00,15,14,1
2021-04-19 07:00:00,9,7,2
2021-04-19 08:00:00,9,6,3
2021-04-19 09:00:00,19,16,3
2021-04-19 10:00:00,22,16,6
2021-04-19 11:00:00,15,11,4
2021-04-19 12:00:00,23,12,11
2021-04-19 13:00:00,18,15,3
2021-04-19 14:00:00,31,22,9
2021-04-19 15:00:00,22,12,10
2021-04-19 16:00:00,40,25,15
2021-04-19 17:00:00,22,17,5
2021-04-19 18:00:00,46,42,4
2021-04-19 19:00:00,19,18,1
2021-04-19 20:00:00,7,5,2
2021-04-19 21:00:00,1,1,0
2021-04-19 22:00:00,1,1,0
2021-04-19 23:00:00,0,0,0
2021-04-20 00:00:00,0,0,0
2021-04-20 01:00:00,1,1,0
2021-04-20 02:00:00,0,0,0
2021-04-20 03:00:00,0,0,0
2021-04-20 04:00:00,2,1,1
2021-04-20 05:00:00,5,3,2
2021-04-20 06:00:00,19,10,9
2021-04-20 07:00:00,18,15,3
2021-04-20 08:00:00,19,14,5
2021-04-20 09:00:00,12,10,2
2021-04-20 10:00:00,17,10,7
2021-04-20 11:00:00,28,19,9
2021-04-20 12:00:00,25,10,15
2021-04-20 13:00:00,28,19,9
2021-04-20 14:00:00,21,16,5
2021-04-20 15:00:00,39,31,8
2021-04-20 16:00:00,36,25,11
2021-04-20 17:00:00,52,41,11
2021-04-20 18:00:00,55,49,6
2021-04-20 19:00:00,57,50,7
2021-04-20 20:00:00,13,10,3
2021-04-20 21:00:00,2,2,0
2021-04-20 22:00:00,4,3,1
2021-04-20 23:00:00,2,2,0
2021-04-21 00:00:00,0,0,0
2021-04-21 01:00:00,0,0,0
2021-04-21 02:00:00,0,0,0
2021-04-21 03:00:00,0,0,0
2021-04-21 04:00:00,2,1,1
2021-04-21 05:00:00,2,1,1
2021-04-21 06:00:00,19,12,7
2021-04-21 07:00:00,26,21,5
2021-04-21 08:00:00,12,10,2
2021-04-21 09:00:00,19,13,6
2021-04-21 10:00:00,18,6,12
2021-04-21 11:00:00,30,19,11
2021-04-21 12:00:00,27,23,4
2021-04-21 13:00:00,24,16,8
2021-04-21 14:00:00,29,21,8
2021-04-21 15:00:00,35,23,12
2021-04-21 16:00:00,45,31,14
2021-04-21 17:00:00,58,43,15
2021-04-21 18:00:00,86,69,17
2021-04-21 19:00:00,45,40,5
2021-04-21 20:00:00,9,9,0
2021-04-21 21:00:00,0,0,0
2021-04-21 22:00:00,1,1,0
2021-04-21 23:00:00,0,0,0
2021-04-22 00:00:00,1,0,1
2021-04-22 01:00:00,0,0,0
2021-04-22 02:00:00,0,0,0
2021-04-22 03:00:00,0,0,0
2021-04-22 04:00:00,1,1,0
2021-04-22 05:00:00,2,1,1
2021-04-22 06:00:00,14,4,10
2021-04-22 07:00:00,14,11,3
2021-04-22 08:00:00,15,13,2
2021-04-22 09:00:00,8,6,2
2021-04-22 10:00:00,9,8,1
2021-04-22 11:00:00,8,8,0
2021-04-22 12:00:00,12,7,5
2021-04-22 13:00:00,18,14,4
2021-04-22 14:00:00,19,14,5
2021-04-22 15:00:00,21,15,6
2021-04-22 16:00:00,45,28,17
2021-04-22 17:00:00,36,26,10
2021-04-22 18:00:00,40,30,10
2021-04-22 19:00:00,50,37,13
2021-04-22 20:00:00,17,14,3
2021-04-22 21:00:00,1,1,0
2021-04-22 22:00:00,0,0,0
2021-04-22 23:00:00,0,0,0
2021-04-23 00:00:00,0,0,0
2021-04-23 01:00:00,0,0,0
2021-04-23 02:00:00,0,0,0
2021-04-23 03:00:00,0,0,0
2021-04-23 04:00:00,0,0,0
2021-04-23 05:00:00,5,2,3
2021-04-23 06:00:00,14,7,7
2021-04-23 07:00:00,14,12,2
2021-04-23 08:00:00,11,7,4
2021-04-23 09:00:00,14,11,3
2021-04-23 10:00:00,14,7,7
2021-04-23 11:00:00,18,15,3
2021-04-23 12:00:00,22,16,6
2021-04-23 13:00:00,20,14,6
2021-04-23 14:00:00,27,14,13
2021-04-23 15:00:00,28,22,6
2021-04-23 16:00:00,36,26,10
2021-04-23 17:00:00,43,30,13
2021-04-23 18:00:00,41,35,6
2021-04-23 19:00:00,27,20,7
2021-04-23 20:00:00,7,6,1
2021-04-23 21:00:00,3,3,0
2021-04-23 22:00:00,1,0,1
2021-04-23 23:00:00,0,0,0
2021-04-24 00:00:00,0,0,0
2021-04-24 01:00:00,0,0,0
2021-04-24 02:00:00,0,0,0
2021-04-24 03:00:00,0,0,0
2021-04-24 04:00:00,0,0,0
2021-04-24 05:00:00,1,0,1
2021-04-24 06:00:00,1,0,1
2021-04-24 07:00:00,7,1,6
2021-04-24 08:00:00,5,3,2
2021-04-24 09:00:00,8,2,6
2021-04-24 10:00:00,10,4,6
2021-04-24 11:00:00,9,5,4
2021-04-24 12:00:00,15,8,7
2021-04-24 13:00:00,7,4,3
2021-04-24 14:00:00,10,4,6
2021-04-24 15:00:00,7,5,2
2021-04-24 16:00:00,7,2,5
2021-04-24 17:00:00,7,5,2
2021-04-24 18:00:00,7,2,5
2021-04-24 19:00:00,2,1,1
2021-04-24 20:00:00,3,1,2
2021-04-24 21:00:00,0,0,0
2021-04-24 22:00:00,2,2,0
2021-04-24 23:00:00,0,0,0
2021-04-25 00:00:00,0,0,0
2021-04-25 01:00:00,0,0,0
2021-04-25 02:00:00,0,0,0
2021-04-25 03:00:00,0,0,0
2021-04-25 04:00:00,0,0,0
2021-04-25 05:00:00,1,0,1
2021-04-25 06:00:00,0,0,0
2021-04-25 07:00:00,0,0,0
2021-04-25 08:00:00,16,2,14
2021-04-25 09:00:00,33,7,26
2021-04-25 10:00:00,30,19,11
2021-04-25 11:00:00,33,17,16
2021-04-25 12:00:00,42,24,18
2021-04-25 13:00:00,52,21,31
2021-04-25 14:00:00,61,42,19
2021-04-25 15:00:00,73,50,23
2021-04-25 16:00:00,59,39,20
2021-04-25 17:00:00,52,41,11
2021-04-25 18:00:00,24,20,4
2021-04-25 19:00:00,10,10,0
2021-04-25 20:00:00,2,2,0
2021-04-25 21:00:00,0,0,0
2021-04-25 22:00:00,1,1,0
2021-04-25 23:00:00,0,0,0
2021-04-26 00:00:00,0,0,0
2021-04-26 01:00:00,0,0,0
2021-04-26 02:00:00,0,0,0
2021-04-26 03:00:00,0,0,0
2021-04-26 04:00:00,1,1,0
2021-04-26 05:00:00,3,2,1
2021-04-26 06:00:00,10,9,1
2021-04-26 07:00:00,15,11,4
2021-04-26 08:00:00,16,12,4
2021-04-26 09:00:00,14,11,3
2021-04-26 10:00:00,11,7,4
2021-04-26 11:00:00,14,2,12
2021-04-26 12:00:00,17,9,8
2021-04-26 13:00:00,26,13,13
2021-04-26 14:00:00,23,15,8
2021-04-26 15:00:00,35,18,17
2021-04-26 16:00:00,46,28,18
2021-04-26 17:00:00,58,41,17
2021-04-26 18:00:00,51,42,9
2021-04-26 19:00:00,35,29,6
2021-04-26 20:00:00,2,1,1
2021-04-26 21:00:00,1,1,0
2021-04-26 22:00:00,0,0,0
2021-04-26 23:00:00,0,0,0
2021-04-27 00:00:00,0,0,0
2021-04-27 01:00:00,0,0,0
2021-04-27 02:00:00,1,0,1
2021-04-27 03:00:00,0,0,0
2021-04-27 04:00:00,3,2,1
2021-04-27 05:00:00,7,3,4
2021-04-27 06:00:00,15,7,8
2021-04-27 07:00:00,19,15,4
2021-04-27 08:00:00,17,13,4
2021-04-27 09:00:00,9,5,4
2021-04-27 10:00:00,22,9,13
2021-04-27 11:00:00,18,8,10
2021-04-27 12:00:00,19,13,6
2021-04-27 13:00:00,24,16,8
2021-04-27 14:00:00,28,20,8
2021-04-27 15:00:00,24,17,7
2021-04-27 16:00:00,47,36,11
2021-04-27 17:00:00,58,33,25
2021-04-27 18:00:00,49,33,16
2021-04-27 19:00:00,41,38,3
2021-04-27 20:00:00,8,5,3
2021-04-27 21:00:00,6,5,1
2021-04-27 22:00:00,0,0,0
2021-04-27 23:00:00,0,0,0
2021-04-28 00:00:00,0,0,0
2021-04-28 01:00:00,0,0,0
2021-04-28 02:00:00,0,0,0
2021-04-28 03:00:00,0,0,0
2021-04-28 04:00:00,0,0,0
2021-04-28 05:00:00,6,1,5
2021-04-28 06:00:00,20,12,8
2021-04-28 07:00:00,12,7,5
2021-04-28 08:00:00,18,15,3
2021-04-28 09:00:00,17,12,5
2021-04-28 10:00:00,22,8,14
2021-04-28 11:00:00,16,13,3
2021-04-28 12:00:00,21,11,10
2021-04-28 13:00:00,21,14,7
2021-04-28 14:00:00,18,13,5
2021-04-28 15:00:00,26,20,6
2021-04-28 16:00:00,46,30,16
2021-04-28 17:00:00,50,31,19
2021-04-28 18:00:00,42,30,12
2021-04-28 19:00:00,38,34,4
2021-04-28 20:00:00,13,11,2
2021-04-28 21:00:00,2,2,0
2021-04-28 22:00:00,1,1,0
2021-04-28 23:00:00,1,1,0
2021-04-29 00:00:00,0,0,0
2021-04-29 01:00:00,0,0,0
2021-04-29 02:00:00,0,0,0
2021-04-29 03:00:00,0,0,0
2021-04-29 04:00:00,2,2,0
2021-04-29 05:00:00,1,0,1
2021-04-29 06:00:00,23,13,10
2021-04-29 07:00:00,15,8,7
2021-04-29 08:00:00,26,21,5
2021-04-29 09:00:00,15,10,5
2021-04-29 10:00:00,16,8,8
2021-04-29 11:00:00,25,14,11
2021-04-29 12:00:00,35,21,14
2021-04-29 13:00:00,39,29,10
2021-04-29 14:00:00,43,27,16
2021-04-29 15:00:00,37,29,8
2021-04-29 16:00:00,55,42,13
2021-04-29 17:00:00,59,41,18
2021-04-29 18:00:00,71,60,11
2021-04-29 19:00:00,64,53,11
2021-04-29 20:00:00,14,12,2
2021-04-29 21:00:00,1,1,0
2021-04-29 22:00:00,0,0,0
2021-04-29 23:00:00,0,0,0
2021-04-30 00:00:00,0,0,0
2021-04-30 01:00:00,0,0,0
2021-04-30 02:00:00,1,0,1
2021-04-30 03:00:00,0,0,0
2021-04-30 04:00:00,1,1,0
2021-04-30 05:00:00,5,0,5
2021-04-30 06:00:00,10,7,3
2021-04-30 07:00:00,8,6,2
2021-04-30 08:00:00,4,2,2
2021-04-30 09:00:00,2,2,0
2021-04-30 10:00:00,5,3,2
2021-04-30 11:00:00,4,4,0
2021-04-30 12:00:00,1,0,1
2021-04-30 13:00:00,5,0,5
2021-04-30 14:00:00,9,6,3
2021-04-30 15:00:00,18,11,7
2021-04-30 16:00:00,26,16,10
2021-04-30 17:00:00,33,24,9
2021-04-30 18:00:00,32,26,6
2021-04-30 19:00:00,25,21,4
2021-04-30 20:00:00,11,9,2
2021-04-30 21:00:00,2,1,1
2021-04-30 22:00:00,0,0,0
2021-04-30 23:00:00,2,1,1
2021-05-01 00:00:00,0,0,0
2021-05-01 01:00:00,0,0,0
2021-05-01 02:00:00,0,0,0
2021-05-01 03:00:00,0,0,0
2021-05-01 04:00:00,0,0,0
2021-05-01 05:00:00,1,0,1
2021-05-01 06:00:00,1,1,0
2021-05-01 07:00:00,10,3,7
2021-05-01 08:00:00,22,12,10
2021-05-01 09:00:00,58,23,35
2021-05-01 10:00:00,52,36,16
2021-05-01 11:00:00,49,33,16
2021-05-01 12:00:00,55,47,8
2021-05-01 13:00:00,64,46,18
2021-05-01 14:00:00,33,23,10
2021-05-01 15:00:00,56,41,15
2021-05-01 16:00:00,28,21,7
2021-05-01 17:00:00,22,18,4
2021-05-01 18:00:00,13,8,5
2021-05-01 19:00:00,6,6,0
2021-05-01 20:00:00,2,1,1
2021-05-01 21:00:00,0,0,0
2021-05-01 22:00:00,0,0,0
2021-05-01 23:00:00,1,1,0
2021-05-02 00:00:00,0,0,0
2021-05-02 01:00:00,0,0,0
2021-05-02 02:00:00,0,0,0
2021-05-02 03:00:00,0,0,0
2021-05-02 04:00:00,0,0,0
2021-05-02 05:00:00,1,0,1
2021-05-02 06:00:00,3,1,2
2021-05-02 07:00:00,11,3,8
2021-05-02 08:00:00,38,13,25
2021-05-02 09:00:00,77,37,40
2021-05-02 10:00:00,83,43,40
2021-05-02 11:00:00,84,59,25
2021-05-02 12:00:00,77,54,23
2021-05-02 13:00:00,63,49,14
2021-05-02 14:00:00,71,45,26
2021-05-02 15:00:00,75,57,18
2021-05-02 16:00:00,82,68,14
2021-05-02 17:00:00,46,38,8
2021-05-02 18:00:00,33,28,5
2021-05-02 19:00:00,16,11,5
2021-05-02 20:00:00,6,4,2
2021-05-02 21:00:00,1,0,1
2021-05-02 22:00:00,1,1,0
2021-05-02 23:00:00,0,0,0
2021-05-03 00:00:00,2,1,1
2021-05-03 01:00:00,0,0,0
2021-05-03 02:00:00,0,0,0
2021-05-03 03:00:00,0,0,0
2021-05-03 04:00:00,1,1,0
2021-05-03 05:00:00,4,1,3
2021-05-03 06:00:00,15,13,2
2021-05-03 07:00:00,17,11,6
2021-05-03 08:00:00,5,4,1
2021-05-03 09:00:00,6,3,3
2021-05-03 10:00:00,13,8,5
2021-05-03 11:00:00,9,6,3
2021-05-03 12:00:00,13,8,5
2021-05-03 13:00:00,13,9,4
2021-05-03 14:00:00,6,4,2
2021-05-03 15:00:00,10,6,4
2021-05-03 16:00:00,5,3,2
2021-05-03 17:00:00,17,8,9
2021-05-03 18:00:00,4,2,2
2021-05-03 19:00:00,6,3,3
2021-05-03 20:00:00,0,0,0
2021-05-03 21:00:00,1,1,0
2021-05-03 22:00:00,0,0,0
2021-05-03 23:00:00,0,0,0
2021-05-04 00:00:00,0,0,0
2021-05-04 01:00:00,0,0,0
2021-05-04 02:00:00,0,0,0
2021-05-04 03:00:00,0,0,0
2021-05-04 04:00:00,1,1,0
2021-05-04 05:00:00,4,2,2
2021-05-04 06:00:00,9,5,4
2021-05-04 07:00:00,18,11,7
2021-05-04 08:00:00,16,9,7
2021-05-04 09:00:00,8,6,2
2021-05-04 10:00:00,9,5,4
2021-05-04 11:00:00,26,11,15
2021-05-04 12:00:00,12,7,5
2021-05-04 13:00:00,27,15,12
2021-05-04 14:00:00,22,12,10
2021-05-04 15:00:00,40,25,15
2021-05-04 16:00:00,40,24,16
2021-05-04 17:00:00,62,40,22
2021-05-04 18:00:00,73,49,24
2021-05-04 19:00:00,47,40,7
2021-05-04 20:00:00,8,5,3
2021-05-04 21:00:00,3,2,1
2021-05-04 22:00:00,0,0,0
2021-05-04 23:00:00,1,1,0
2021-05-05 00:00:00,0,0,0
2021-05-05 01:00:00,0,0,0
2021-05-05 02:00:00,0,0,0
2021-05-05 03:00:00,0,0,0
2021-05-05 04:00:00,2,1,1
2021-05-05 05:00:00,8,4,4
2021-05-05 06:00:00,22,12,10
2021-05-05 07:00:00,22,13,9
2021-05-05 08:00:00,21,18,3
2021-05-05 09:00:00,15,9,6
2021-05-05 10:00:00,22,8,14
2021-05-05 11:00:00,29,17,12
2021-05-05 12:00:00,27,19,8
2021-05-05 13:00:00,30,23,7
2021-05-05 14:00:00,17,15,2
2021-05-05 15:00:00,37,25,12
2021-05-05 16:00:00,47,31,16
2021-05-05 17:00:00,73,57,16
2021-05-05 18:00:00,71,45,26
2021-05-05 19:00:00,42,40,2
2021-05-05 20:00:00,15,11,4
2021-05-05 21:00:00,1,1,0
2021-05-05 22:00:00,0,0,0
2021-05-05 23:00:00,0,0,0
2021-05-06 00:00:00,0,0,0
2021-05-06 01:00:00,0,0,0
2021-05-06 02:00:00,0,0,0
2021-05-06 03:00:00,0,0,0
2021-05-06 04:00:00,2,1,1
2021-05-06 05:00:00,3,3,0
2021-05-06 06:00:00,20,10,10
2021-05-06 07:00:00,19,19,0
2021-05-06 08:00:00,18,15,3
2021-05-06 09:00:00,9,7,2
2021-05-06 10:00:00,14,10,4
2021-05-06 11:00:00,14,3,11
2021-05-06 12:00:00,12,10,2
2021-05-06 13:00:00,12,9,3
2021-05-06 14:00:00,12,7,5
2021-05-06 15:00:00,19,13,6
2021-05-06 16:00:00,15,8,7
2021-05-06 17:00:00,23,10,13
2021-05-06 18:00:00,32,22,10
2021-05-06 19:00:00,19,15,4
2021-05-06 20:00:00,6,5,1
2021-05-06 21:00:00,2,2,0
2021-05-06 22:00:00,0,0,0
2021-05-06 23:00:00,0,0,0
2021-05-07 00:00:00,0,0,0
2021-05-07 01:00:00,0,0,0
2021-05-07 02:00:00,0,0,0
2021-05-07 03:00:00,0,0,0
2021-05-07 04:00:00,1,1,0
2021-05-07 05:00:00,0,0,0
2021-05-07 06:00:00,8,5,3
2021-05-07 07:00:00,12,8,4
2021-05-07 08:00:00,9,5,4
2021-05-07 09:00:00,14,8,6
2021-05-07 10:00:00,6,4,2
2021-05-07 11:00:00,2,2,0
2021-05-07 12:00:00,2,1,1
2021-05-07 13:00:00,2,1,1
2021-05-07 14:00:00,10,5,5
2021-05-07 15:00:00,21,13,8
2021-05-07 16:00:00,24,15,9
2021-05-07 17:00:00,26,18,8
2021-05-07 18:00:00,16,13,3
2021-05-07 19:00:00,8,8,0
2021-05-07 20:00:00,5,3,2
2021-05-07 21:00:00,0,0,0
2021-05-07 22:00:00,0,0,0
2021-05-07 23:00:00,0,0,0
2021-05-08 00:00:00,0,0,0
2021-05-08 01:00:00,0,0,0
2021-05-08 02:00:00,0,0,0
2021-05-08 03:00:00,0,0,0
2021-05-08 04:00:00,0,0,0
2021-05-08 05:00:00,1,0,1
2021-05-08 06:00:00,12,3,9
2021-05-08 07:00:00,27,12,15
2021-05-08 08:00:00,40,20,20
2021-05-08 09:00:00,61,40,21
2021-05-08 10:00:00,43,22,21
2021-05-08 11:00:00,60,42,18
2021-05-08 12:00:00,71,51,20
2021-05-08 13:00:00,57,49,8
2021-05-08 14:00:00,63,45,18
2021-05-08 15:00:00,75,61,14
2021-05-08 16:00:00,44,32,12
2021-05-08 17:00:00,42,33,9
2021-05-08 18:00:00,15,11,4
2021-05-08 19:00:00,6,6,0
2021-05-08 20:00:00,1,0,1
2021-05-08 21:00:00,1,1,0
2021-05-08 22:00:00,2,2,0
2021-05-08 23:00:00,0,0,0
2021-05-09 00:00:00,0,0,0
2021-05-09 01:00:00,0,0,0
2021-05-09 02:00:00,0,0,0
2021-05-09 03:00:00,0,0,0
2021-05-09 04:00:00,1,0,1
2021-05-09 05:00:00,1,0,1
2021-05-09 06:00:00,4,3,1
2021-05-09 07:00:00,6,1,5
2021-05-09 08:00:00,20,8,12
2021-05-09 09:00:00,23,19,4
2021-05-09 10:00:00,39,17,22
2021-05-09 11:00:00,49,29,20
2021-05-09 12:00:00,73,43,30
2021-05-09 13:00:00,68,48,20
2021-05-09 14:00:00,51,40,11
2021-05-09 15:00:00,63,45,18
2021-05-09 16:00:00,53,45,8
2021-05-09 17:00:00,33,25,8
2021-05-09 18:00:00,36,35,1
2021-05-09 19:00:00,17,15,2
2021-05-09 20:00:00,5,5,0
2021-05-09 21:00:00,2,2,0
2021-05-09 22:00:00,0,0,0
2021-05-09 23:00:00,0,0,0
2021-05-10 00:00:00,2,1,1
2021-05-10 01:00:00,0,0,0
2021-05-10 02:00:00,0,0,0
2021-05-10 03:00:00,0,0,0
2021-05-10 04:00:00,2,1,1
2021-05-10 05:00:00,5,1,4
2021-05-10 06:00:00,18,14,4
2021-05-10 07:00:00,12,9,3
2021-05-10 08:00:00,13,12,1
2021-05-10 09:00:00,7,6,1
2021-05-10 10:00:00,15,9,6
2021-05-10 11:00:00,15,9,6
2021-05-10 12:00:00,23,15,8
2021-05-10 13:00:00,19,12,7
2021-05-10 14:00:00,26,15,11
2021-05-10 15:00:00,39,33,6
2021-05-10 16:00:00,30,24,6
2021-05-10 17:00:00,49,33,16
2021-05-10 18:00:00,47,39,8
2021-05-10 19:00:00,31,29,2
2021-05-10 20:00:00,10,8,2
2021-05-10 21:00:00,5,4,1
2021-05-10 22:00:00,0,0,0
2021-05-10 23:00:00,0,0,0
2021-05-11 00:00:00,0,0,0
2021-05-11 01:00:00,0,0,0
2021-05-11 02:00:00,0,0,0
2021-05-11 03:00:00,0,0,0
2021-05-11 04:00:00,2,1,1
2021-05-11 05:00:00,2,0,2
2021-05-11 06:00:00,23,13,10
2021-05-11 07:00:00,25,23,2
2021-05-11 08:00:00,18,13,5
2021-05-11 09:00:00,27,18,9
2021-05-11 10:00:00,17,10,7
2021-05-11 11:00:00,19,14,5
2021-05-11 12:00:00,29,14,15
2021-05-11 13:00:00,23,17,6
2021-05-11 14:00:00,42,33,9
2021-05-11 15:00:00,35,23,12
2021-05-11 16:00:00,47,35,12
2021-05-11 17:00:00,53,25,28
2021-05-11 18:00:00,65,52,13
2021-05-11 19:00:00,55,49,6
2021-05-11 20:00:00,16,13,3
2021-05-11 21:00:00,5,3,2
2021-05-11 22:00:00,1,1,0
2021-05-11 23:00:00,0,0,0
2021-05-12 00:00:00,0,0,0
2021-05-12 01:00:00,0,0,0
2021-05-12 02:00:00,0,0,0
2021-05-12 03:00:00,0,0,0
2021-05-12 04:00:00,2,1,1
2021-05-12 05:00:00,6,3,3
2021-05-12 06:00:00,22,14,8
2021-05-12 07:00:00,22,16,6
2021-05-12 08:00:00,15,11,4
2021-05-12 09:00:00,19,16,3
2021-05-12 10:00:00,11,5,6
2021-05-12 11:00:00,17,16,1
2021-05-12 12:00:00,14,11,3
2021-05-12 13:00:00,25,17,8
2021-05-12 14:00:00,24,14,10
2021-05-12 15:00:00,28,20,8
2021-05-12 16:00:00,38,28,10
2021-05-12 17:00:00,56,43,13
2021-05-12 18:00:00,62,45,17
2021-05-12 19:00:00,65,62,3
2021-05-12 20:00:00,14,13,1
2021-05-12 21:00:00,2,2,0
2021-05-12 22:00:00,1,1,0
2021-05-12 23:00:00,2,2,0
2021-05-13 00:00:00,0,0,0
2021-05-13 01:00:00,0,0,0
2021-05-13 02:00:00,0,0,0
2021-05-13 03:00:00,0,0,0
2021-05-13 04:00:00,1,1,0
2021-05-13 05:00:00,3,0,3
2021-05-13 06:00:00,28,18,10
2021-05-13 07:00:00,20,18,2
2021-05-13 08:00:00,17,14,3
2021-05-13 09:00:00,15,14,1
2021-05-13 10:00:00,7,5,2
2021-05-13 11:00:00,17,11,6
2021-05-13 12:00:00,18,12,6
2021-05-13 13:00:00,24,20,4
2021-05-13 14:00:00,18,13,5
2021-05-13 15:00:00,40,27,13
2021-05-13 16:00:00,52,37,15
2021-05-13 17:00:00,44,32,12
2021-05-13 18:00:00,56,43,13
2021-05-13 19:00:00,45,42,3
2021-05-13 20:00:00,9,8,1
2021-05-13 21:00:00,1,1,0
2021-05-13 22:00:00,0,0,0
2021-05-13 23:00:00,0,0,0
2021-05-14 00:00:00,0,0,0
2021-05-14 01:00:00,0,0,0
2021-05-14 02:00:00,0,0,0
2021-05-14 03:00:00,0,0,0
2021-05-14 04:00:00,1,1,0
2021-05-14 05:00:00,3,0,3
2021-05-14 06:00:00,19,13,6
2021-05-14 07:00:00,16,13,3
2021-05-14 08:00:00,21,15,6
2021-05-14 09:00:00,19,16,3
2021-05-14 10:00:00,31,17,14
2021-05-14 11:00:00,24,19,5
2021-05-14 12:00:00,29,19,10
2021-05-14 13:00:00,27,17,10
2021-05-14 14:00:00,15,15,0
2021-05-14 15:00:00,37,26,11
2021-05-14 16:00:00,45,36,9
2021-05-14 17:00:00,46,46,0
2021-05-14 18:00:00,33,31,2
2021-05-14 19:00:00,25,22,3
2021-05-14 20:00:00,4,2,2
2021-05-14 21:00:00,5,5,0
2021-05-14 22:00:00,1,1,0
2021-05-14 23:00:00,1,1,0
2021-05-15 00:00:00,0,0,0
2021-05-15 01:00:00,0,0,0
2021-05-15 02:00:00,0,0,0
2021-05-15 03:00:00,0,0,0
2021-05-15 04:00:00,0,0,0
2021-05-15 05:00:00,1,0,1
2021-05-15 06:00:00,4,2,2
2021-05-15 07:00:00,24,13,11
2021-05-15 08:00:00,39,20,19
2021-05-15 09:00:00,78,36,42
2021-05-15 10:00:00,66,36,30
2021-05-15 11:00:00,120,85,35
2021-05-15 12:00:00,89,67,22
2021-05-15 13:00:00,73,56,17
2021-05-15 14:00:00,74,61,13
2021-05-15 15:00:00,48,40,8
2021-05-15 16:00:00,57,47,10
2021-05-15 17:00:00,28,26,2
2021-05-15 18:00:00,16,14,2
2021-05-15 19:00:00,12,10,2
2021-05-15 20:00:00,7,7,0
2021-05-15 21:00:00,1,1,0
2021-05-15 22:00:00,0,0,0
2021-05-15 23:00:00,1,1,0
2021-05-16 00:00:00,1,1,0
2021-05-16 01:00:00,0,0,0
2021-05-16 02:00:00,1,1,0
2021-05-16 03:00:00,0,0,0
2021-05-16 04:00:00,1,0,1
2021-05-16 05:00:00,0,0,0
2021-05-16 06:00:00,4,2,2
2021-05-16 07:00:00,13,8,5
2021-05-16 08:00:00,45,23,22
2021-05-16 09:00:00,64,46,18
2021-05-16 10:00:00,85,49,36
2021-05-16 11:00:00,90,54,36
2021-05-16 12:00:00,86,73,13
2021-05-16 13:00:00,82,63,19
2021-05-16 14:00:00,63,48,15
2021-05-16 15:00:00,53,46,7
2021-05-16 16:00:00,56,46,10
2021-05-16 17:00:00,29,26,3
2021-05-16 18:00:00,22,16,6
2021-05-16 19:00:00,10,8,2
2021-05-16 20:00:00,8,6,2
2021-05-16 21:00:00,4,3,1
2021-05-16 22:00:00,4,3,1
2021-05-16 23:00:00,0,0,0
2021-05-17 00:00:00,2,2,0
2021-05-17 01:00:00,0,0,0
2021-05-17 02:00:00,0,0,0
2021-05-17 03:00:00,1,0,1
2021-05-17 04:00:00,1,1,0
2021-05-17 05:00:00,6,2,4
2021-05-17 06:00:00,15,10,5
2021-05-17 07:00:00,14,14,0
2021-05-17 08:00:00,9,8,1
2021-05-17 09:00:00,4,4,0
2021-05-17 10:00:00,8,4,4
2021-05-17 11:00:00,14,10,4
2021-05-17 12:00:00,9,8,1
2021-05-17 13:00:00,12,9,3
2021-05-17 14:00:00,8,5,3
2021-05-17 15:00:00,18,14,4
2021-05-17 16:00:00,16,12,4
2021-05-17 17:00:00,26,15,11
2021-05-17 18:00:00,16,13,3
2021-05-17 19:00:00,5,4,1
2021-05-17 20:00:00,1,0,1
2021-05-17 21:00:00,0,0,0
2021-05-17 22:00:00,0,0,0
2021-05-17 23:00:00,0,0,0
2021-05-18 00:00:00,0,0,0
2021-05-18 01:00:00,0,0,0
2021-05-18 02:00:00,0,0,0
2021-05-18 03:00:00,0,0,0
2021-05-18 04:00:00,1,1,0
2021-05-18 05:00:00,2,0,2
2021-05-18 06:00:00,9,3,6
2021-05-18 07:00:00,22,17,5
2021-05-18 08:00:00,16,11,5
2021-05-18 09:00:00,11,8,3
2021-05-18 10:00:00,7,5,2
2021-05-18 11:00:00,10,9,1
2021-05-18 12:00:00,10,5,5
2021-05-18 13:00:00,14,8,6
2021-05-18 14:00:00,8,7,1
2021-05-18 15:00:00,10,8,2
2021-05-18 16:00:00,21,14,7
2021-05-18 17:00:00,30,15,15
2021-05-18 18:00:00,16,15,1
2021-05-18 19:00:00,11,5,6
2021-05-18 20:00:00,2,1,1
2021-05-18 21:00:00,3,3,0
2021-05-18 22:00:00,0,0,0
2021-05-18 23:00:00,0,0,0
2021-05-19 00:00:00,0,0,0
2021-05-19 01:00:00,0,0,0
2021-05-19 02:00:00,0,0,0
2021-05-19 03:00:00,0,0,0
2021-05-19 04:00:00,0,0,0
2021-05-19 05:00:00,2,0,2
2021-05-19 06:00:00,8,4,4
2021-05-19 07:00:00,8,6,2
2021-05-19 08:00:00,13,11,2
2021-05-19 09:00:00,9,6,3
2021-05-19 10:00:00,10,7,3
2021-05-19 11:00:00,13,9,4
2021-05-19 12:00:00,13,11,2
2021-05-19 13:00:00,18,7,11
2021-05-19 14:00:00,21,13,8
2021-05-19 15:00:00,18,12,6
2021-05-19 16:00:00,33,24,9
2021-05-19 17:00:00,30,16,14
2021-05-19 18:00:00,39,31,8
2021-05-19 19:00:00,32,31,1
2021-05-19 20:00:00,26,25,1
2021-05-19 21:00:00,1,1,0
2021-05-19 22:00:00,0,0,0
2021-05-19 23:00:00,0,0,0
2021-05-20 00:00:00,0,0,0
2021-05-20 01:00:00,0,0,0
2021-05-20 02:00:00,0,0,0
2021-05-20 03:00:00,0,0,0
2021-05-20 04:00:00,1,1,0
2021-05-20 05:00:00,2,1,1
2021-05-20 06:00:00,11,4,7
2021-05-20 07:00:00,23,18,5
2021-05-20 08:00:00,10,9,1
2021-05-20 09:00:00,17,12,5
2021-05-20 10:00:00,9,1,8
2021-05-20 11:00:00,7,7,0
2021-05-20 12:00:00,13,5,8
2021-05-20 13:00:00,21,14,7
2021-05-20 14:00:00,12,10,2
2021-05-20 15:00:00,28,18,10
2021-05-20 16:00:00,30,24,6
2021-05-20 17:00:00,37,25,12
2021-05-20 18:00:00,41,35,6
2021-05-20 19:00:00,44,39,5
2021-05-20 20:00:00,17,14,3
2021-05-20 21:00:00,3,3,0
2021-05-20 22:00:00,0,0,0
2021-05-20 23:00:00,0,0,0
2021-05-21 00:00:00,2,2,0
2021-05-21 01:00:00,0,0,0
2021-05-21 02:00:00,0,0,0
2021-05-21 03:00:00,0,0,0
2021-05-21 04:00:00,0,0,0
2021-05-21 05:00:00,10,4,6
2021-05-21 06:00:00,24,17,7
2021-05-21 07:00:00,16,12,4
2021-05-21 08:00:00,11,9,2
2021-05-21 09:00:00,12,9,3
2021-05-21 10:00:00,18,12,6
2021-05-21 11:00:00,28,15,13
2021-05-21 12:00:00,18,5,13
2021-05-21 13:00:00,36,28,8
2021-05-21 14:00:00,19,11,8
2021-05-21 15:00:00,33,23,10
2021-05-21 16:00:00,30,23,7
2021-05-21 17:00:00,39,26,13
2021-05-21 18:00:00,31,28,3
2021-05-21 19:00:00,32,28,4
2021-05-21 20:00:00,4,3,1
2021-05-21 21:00:00,0,0,0
2021-05-21 22:00:00,3,2,1
2021-05-21 23:00:00,0,0,0
2021-05-22 00:00:00,0,0,0
2021-05-22 01:00:00,0,0,0
2021-05-22 02:00:00,0,0,0
2021-05-22 03:00:00,0,0,0
2021-05-22 04:00:00,0,0,0
2021-05-22 05:00:00,3,1,2
2021-05-22 06:00:00,9,4,5
2021-05-22 07:00:00,18,10,8
2021-05-22 08:00:00,41,22,19
2021-05-22 09:00:00,69,35,34
2021-05-22 10:00:00,55,37,18
2021-05-22 11:00:00,67,47,20
2021-05-22 12:00:00,80,68,12
2021-05-22 13:00:00,59,47,12
2021-05-22 14:00:00,39,25,14
2021-05-22 15:00:00,56,38,18
2021-05-22 16:00:00,67,54,13
2021-05-22 17:00:00,41,39,2
2021-05-22 18:00:00,22,18,4
2021-05-22 19:00:00,12,9,3
2021-05-22 20:00:00,9,7,2
2021-05-22 21:00:00,4,4,0
2021-05-22 22:00:00,5,5,0
2021-05-22 23:00:00,5,5,0
2021-05-23 00:00:00,0,0,0
2021-05-23 01:00:00,1,1,0
2021-05-23 02:00:00,0,0,0
2021-05-23 03:00:00,2,2,0
2021-05-23 04:00:00,0,0,0
2021-05-23 05:00:00,1,0,1
2021-05-23 06:00:00,3,1,2
2021-05-23 07:00:00,16,9,7
2021-05-23 08:00:00,35,18,17
2021-05-23 09:00:00,32,22,10
2021-05-23 10:00:00,31,25,6
2021-05-23 11:00:00,63,41,22
2021-05-23 12:00:00,46,35,11
2021-05-23 13:00:00,26,15,11
2021-05-23 14:00:00,42,34,8
2021-05-23 15:00:00,38,29,9
2021-05-23 16:00:00,30,26,4
2021-05-23 17:00:00,21,18,3
2021-05-23 18:00:00,17,15,2
2021-05-23 19:00:00,10,9,1
2021-05-23 20:00:00,0,0,0
2021-05-23 21:00:00,1,1,0
2021-05-23 22:00:00,0,0,0
2021-05-23 23:00:00,0,0,0
2021-05-24 00:00:00,0,0,0
2021-05-24 01:00:00,0,0,0
2021-05-24 02:00:00,0,0,0
2021-05-24 03:00:00,0,0,0
2021-05-24 04:00:00,1,1,0
2021-05-24 05:00:00,3,2,1
2021-05-24 06:00:00,9,6,3
2021-05-24 07:00:00,6,6,0
2021-05-24 08:00:00,7,6,1
2021-05-24 09:00:00,3,1,2
2021-05-24 10:00:00,5,3,2
2021-05-24 11:00:00,1,1,0
2021-05-24 12:00:00,2,2,0
2021-05-24 13:00:00,2,1,1
2021-05-24 14:00:00,1,0,1
2021-05-24 15:00:00,9,4,5
2021-05-24 16:00:00,12,5,7
2021-05-24 17:00:00,16,10,6
2021-05-24 18:00:00,19,9,10
2021-05-24 19:00:00,13,11,2
2021-05-24 20:00:00,12,9,3
2021-05-24 21:00:00,3,2,1
2021-05-24 22:00:00,0,0,0
2021-05-24 23:00:00,0,0,0
2021-05-25 00:00:00,0,0,0
2021-05-25 01:00:00,0,0,0
2021-05-25 02:00:00,0,0,0
2021-05-25 03:00:00,1,1,0
2021-05-25 04:00:00,0,0,0
2021-05-25 05:00:00,2,2,0
2021-05-25 06:00:00,13,9,4
2021-05-25 07:00:00,16,13,3
2021-05-25 08:00:00,11,8,3
2021-05-25 09:00:00,10,5,5
2021-05-25 10:00:00,11,7,4
2021-05-25 11:00:00,11,8,3
2021-05-25 12:00:00,11,8,3
2021-05-25 13:00:00,21,13,8
2021-05-25 14:00:00,22,13,9
2021-05-25 15:00:00,24,17,7
2021-05-25 16:00:00,37,22,15
2021-05-25 17:00:00,40,18,22
2021-05-25 18:00:00,48,35,13
2021-05-25 19:00:00,48,43,5
2021-05-25 20:00:00,9,7,2
2021-05-25 21:00:00,4,3,1
2021-05-25 22:00:00,0,0,0
2021-05-25 23:00:00,0,0,0
2021-05-26 00:00:00,0,0,0
2021-05-26 01:00:00,0,0,0
2021-05-26 02:00:00,0,0,0
2021-05-26 03:00:00,0,0,0
2021-05-26 04:00:00,1,1,0
2021-05-26 05:00:00,6,2,4
2021-05-26 06:00:00,31,18,13
2021-05-26 07:00:00,25,18,7
2021-05-26 08:00:00,16,13,3
2021-05-26 09:00:00,13,7,6
2021-05-26 10:00:00,17,14,3
2021-05-26 11:00:00,21,17,4
2021-05-26 12:00:00,22,13,9
2021-05-26 13:00:00,27,20,7
2021-05-26 14:00:00,24,18,6
2021-05-26 15:00:00,27,23,4
2021-05-26 16:00:00,28,24,4
2021-05-26 17:00:00,40,29,11
2021-05-26 18:00:00,52,30,22
2021-05-26 19:00:00,31,28,3
2021-05-26 20:00:00,36,36,0
2021-05-26 21:00:00,2,2,0
2021-05-26 22:00:00,1,1,0
2021-05-26 23:00:00,1,1,0
2021-05-27 00:00:00,0,0,0
2021-05-27 01:00:00,0,0,0
2021-05-27 02:00:00,0,0,0
2021-05-27 03:00:00,1,1,0
2021-05-27 04:00:00,0,0,0
2021-05-27 05:00:00,0,0,0
2021-05-27 06:00:00,4,3,1
2021-05-27 07:00:00,4,2,2
2021-05-27 08:00:00,5,4,1
2021-05-27 09:00:00,3,2,1
2021-05-27 10:00:00,1,0,1
2021-05-27 11:00:00,1,1,0
2021-05-27 12:00:00,2,1,1
2021-05-27 13:00:00,0,0,0
2021-05-27 14:00:00,0,0,0
2021-05-27 15:00:00,4,2,2
2021-05-27 16:00:00,10,8,2
2021-05-27 17:00:00,11,6,5
2021-05-27 18:00:00,8,7,1
2021-05-27 19:00:00,9,5,4
2021-05-27 20:00:00,5,2,3
2021-05-27 21:00:00,0,0,0
2021-05-27 22:00:00,1,1,0
2021-05-27 23:00:00,0,0,0
2021-05-28 00:00:00,1,1,0
2021-05-28 01:00:00,0,0,0
2021-05-28 02:00:00,1,1,0
2021-05-28 03:00:00,0,0,0
2021-05-28 04:00:00,0,0,0
2021-05-28 05:00:00,6,3,3
2021-05-28 06:00:00,12,5,7
2021-05-28 07:00:00,18,12,6
2021-05-28 08:00:00,12,6,6
2021-05-28 09:00:00,24,18,6
2021-05-28 10:00:00,24,13,11
2021-05-28 11:00:00,17,15,2
2021-05-28 12:00:00,24,11,13
2021-05-28 13:00:00,22,13,9
2021-05-28 14:00:00,28,15,13
2021-05-28 15:00:00,41,32,9
2021-05-28 16:00:00,36,31,5
2021-05-28 17:00:00,30,24,6
2021-05-28 18:00:00,23,15,8
2021-05-28 19:00:00,22,19,3
2021-05-28 20:00:00,5,5,0
2021-05-28 21:00:00,4,3,1
2021-05-28 22:00:00,2,2,0
2021-05-28 23:00:00,0,0,0
2021-05-29 00:00:00,0,0,0
2021-05-29 01:00:00,0,0,0
2021-05-29 02:00:00,0,0,0
2021-05-29 03:00:00,1,0,1
2021-05-29 04:00:00,0,0,0
2021-05-29 05:00:00,1,0,1
2021-05-29 06:00:00,6,1,5
2021-05-29 07:00:00,20,11,9
2021-05-29 08:00:00,51,27,24
2021-05-29 09:00:00,64,34,30
2021-05-29 10:00:00,81,60,21
2021-05-29 11:00:00,95,77,18
2021-05-29 12:00:00,67,51,16
2021-05-29 13:00:00,85,68,17
2021-05-29 14:00:00,55,42,13
2021-05-29 15:00:00,67,51,16
2021-05-29 16:00:00,50,37,13
2021-05-29 17:00:00,31,24,7
2021-05-29 18:00:00,14,12,2
2021-05-29 19:00:00,16,11,5
2021-05-29 20:00:00,9,8,1
2021-05-29 21:00:00,4,3,1
2021-05-29 22:00:00,2,1,1
2021-05-29 23:00:00,0,0,0
2021-05-30 00:00:00,0,0,0
2021-05-30 01:00:00,0,0,0
2021-05-30 02:00:00,0,0,0
2021-05-30 03:00:00,0,0,0
2021-05-30 04:00:00,0,0,0
2021-05-30 05:00:00,2,0,2
2021-05-30 06:00:00,5,2,3
2021-05-30 07:00:00,20,11,9
2021-05-30 08:00:00,24,4,20
2021-05-30 09:00:00,56,38,18
2021-05-30 10:00:00,81,61,20
2021-05-30 11:00:00,49,32,17
2021-05-30 12:00:00,68,52,16
2021-05-30 13:00:00,76,59,17
2021-05-30 14:00:00,52,45,7
2021-05-30 15:00:00,30,27,3
2021-05-30 16:00:00,51,42,9
2021-05-30 17:00:00,51,43,8
2021-05-30 18:00:00,12,9,3
2021-05-30 19:00:00,5,4,1
2021-05-30 20:00:00,8,8,0
2021-05-30 21:00:00,6,5,1
2021-05-30 22:00:00,1,1,0
2021-05-30 23:00:00,0,0,0
2021-05-31 00:00:00,1,0,1
2021-05-31 01:00:00,0,0,0
2021-05-31 02:00:00,0,0,0
2021-05-31 03:00:00,0,0,0
2021-05-31 04:00:00,0,0,0
2021-05-31 05:00:00,3,1,2
2021-05-31 06:00:00,2,1,1
2021-05-31 07:00:00,19,14,5
2021-05-31 08:00:00,29,13,16
2021-05-31 09:00:00,47,29,18
2021-05-31 10:00:00,55,42,13
2021-05-31 11:00:00,111,76,35
2021-05-31 12:00:00,74,42,32
2021-05-31 13:00:00,77,50,27
2021-05-31 14:00:00,76,61,15
2021-05-31 15:00:00,60,50,10
2021-05-31 16:00:00,47,33,14
2021-05-31 17:00:00,32,27,5
2021-05-31 18:00:00,20,16,4
2021-05-31 19:00:00,13,13,0
2021-05-31 20:00:00,5,4,1
2021-05-31 21:00:00,3,2,1
2021-05-31 22:00:00,1,1,0
2021-05-31 23:00:00,0,0,0
2021-06-01 00:00:00,2,0,2
2021-06-01 01:00:00,0,0,0
2021-06-01 02:00:00,0,0,0
2021-06-01 03:00:00,0,0,0
2021-06-01 04:00:00,1,0,1
2021-06-01 05:00:00,6,1,5
2021-06-01 06:00:00,17,3,14
2021-06-01 07:00:00,15,2,13
2021-06-01 08:00:00,15,3,12
2021-06-01 09:00:00,13,6,7
2021-06-01 10:00:00,21,4,17
2021-06-01 11:00:00,15,8,7
2021-06-01 12:00:00,25,5,20
2021-06-01 13:00:00,22,9,13
2021-06-01 14:00:00,22,8,14
2021-06-01 15:00:00,28,7,21
2021-06-01 16:00:00,19,5,14
2021-06-01 17:00:00,33,6,27
2021-06-01 18:00:00,40,6,34
2021-06-01 19:00:00,50,4,46
2021-06-01 20:00:00,14,2,12
2021-06-01 21:00:00,12,2,10
2021-06-01 22:00:00,1,0,1
2021-06-01 23:00:00,0,0,0
2021-06-02 00:00:00,0,0,0
2021-06-02 01:00:00,0,0,0
2021-06-02 02:00:00,0,0,0
2021-06-02 03:00:00,0,0,0
2021-06-02 04:00:00,1,0,1
2021-06-02 05:00:00,10,6,4
2021-06-02 06:00:00,23,8,15
2021-06-02 07:00:00,38,8,30
2021-06-02 08:00:00,19,4,15
2021-06-02 09:00:00,20,5,15
2021-06-02 10:00:00,24,8,16
2021-06-02 11:00:00,30,13,17
2021-06-02 12:00:00,34,8,26
2021-06-02 13:00:00,32,5,27
2021-06-02 14:00:00,19,4,15
2021-06-02 15:00:00,18,5,13
2021-06-02 16:00:00,28,7,21
2021-06-02 17:00:00,35,10,25
2021-06-02 18:00:00,42,8,34
2021-06-02 19:00:00,30,4,26
2021-06-02 20:00:00,26,0,26
2021-06-02 21:00:00,6,3,3
2021-06-02 22:00:00,1,0,1
2021-06-02 23:00:00,0,0,0
2021-06-03 00:00:00,0,0,0
2021-06-03 01:00:00,0,0,0
2021-06-03 02:00:00,0,0,0
2021-06-03 03:00:00,0,0,0
2021-06-03 04:00:00,1,0,1
2021-06-03 05:00:00,3,0,3
2021-06-03 06:00:00,21,6,15
2021-06-03 07:00:00,22,5,17
2021-06-03 08:00:00,23,6,17
2021-06-03 09:00:00,15,2,13
2021-06-03 10:00:00,12,1,11
2021-06-03 11:00:00,11,7,4
2021-06-03 12:00:00,11,1,10
2021-06-03 13:00:00,12,6,6
2021-06-03 14:00:00,22,4,18
2021-06-03 15:00:00,22,3,19
2021-06-03 16:00:00,21,6,15
2021-06-03 17:00:00,27,7,20
2021-06-03 18:00:00,33,7,26
2021-06-03 19:00:00,38,4,34
2021-06-03 20:00:00,23,4,19
2021-06-03 21:00:00,2,0,2
2021-06-03 22:00:00,0,0,0
2021-06-03 23:00:00,0,0,0
2021-06-04 00:00:00,0,0,0
2021-06-04 01:00:00,0,0,0
2021-06-04 02:00:00,0,0,0
2021-06-04 03:00:00,0,0,0
2021-06-04 04:00:00,0,0,0
2021-06-04 05:00:00,11,7,4
2021-06-04 06:00:00,25,9,16
2021-06-04 07:00:00,25,10,15
2021-06-04 08:00:00,23,4,19
2021-06-04 09:00:00,22,8,14
2021-06-04 10:00:00,23,6,17
2021-06-04 11:00:00,16,2,14
2021-06-04 12:00:00,19,5,14
2021-06-04 13:00:00,16,2,14
2021-06-04 14:00:00,15,2,13
2021-06-04 15:00:00,35,5,30
2021-06-04 16:00:00,34,5,29
2021-06-04 17:00:00,22,8,14
2021-06-04 18:00:00,25,9,16
2021-06-04 19:00:00,26,0,26
2021-06-04 20:00:00,7,0,7
2021-06-04 21:00:00,4,0,4
2021-06-04 22:00:00,0,0,0
2021-06-04 23:00:00,0,0,0
2021-06-05 00:00:00,0,0,0
2021-06-05 01:00:00,0,0,0
2021-06-05 02:00:00,0,0,0
2021-06-05 03:00:00,0,0,0
2021-06-05 04:00:00,0,0,0
2021-06-05 05:00:00,2,1,1
2021-06-05 06:00:00,3,2,1
2021-06-05 07:00:00,19,9,10
2021-06-05 08:00:00,32,16,16
2021-06-05 09:00:00,43,15,28
2021-06-05 10:00:00,32,8,24
2021-06-05 11:00:00,40,14,26
2021-06-05 12:00:00,56,12,44
2021-06-05 13:00:00,48,6,42
2021-06-05 14:00:00,28,10,18
2021-06-05 15:00:00,40,7,33
2021-06-05 16:00:00,26,3,23
2021-06-05 17:00:00,22,6,16
2021-06-05 18:00:00,9,2,7
2021-06-05 19:00:00,3,1,2
2021-06-05 20:00:00,5,0,5
2021-06-05 21:00:00,0,0,0
2021-06-05 22:00:00,1,0,1
2021-06-05 23:00:00,1,1,0
2021-06-06 00:00:00,0,0,0
2021-06-06 01:00:00,0,0,0
2021-06-06 02:00:00,0,0,0
2021-06-06 03:00:00,0,0,0
2021-06-06 04:00:00,0,0,0
2021-06-06 05:00:00,2,1,1
2021-06-06 06:00:00,4,3,1
2021-06-06 07:00:00,7,2,5
2021-06-06 08:00:00,25,18,7
2021-06-06 09:00:00,30,8,22
2021-06-06 10:00:00,25,2,23
2021-06-06 11:00:00,21,5,16
2021-06-06 12:00:00,28,1,27
2021-06-06 13:00:00,12,6,6
2021-06-06 14:00:00,9,2,7
2021-06-06 15:00:00,9,1,8
2021-06-06 16:00:00,5,0,5
2021-06-06 17:00:00,5,0,5
2021-06-06 18:00:00,4,1,3
2021-06-06 19:00:00,1,0,1
2021-06-06 20:00:00,2,1,1
2021-06-06 21:00:00,0,0,0
2021-06-06 22:00:00,0,0,0
2021-06-06 23:00:00,0,0,0
2021-06-07 00:00:00,0,0,0
2021-06-07 01:00:00,0,0,0
2021-06-07 02:00:00,0,0,0
2021-06-07 03:00:00,0,0,0
2021-06-07 04:00:00,0,0,0
2021-06-07 05:00:00,4,3,1
2021-06-07 06:00:00,12,5,7
2021-06-07 07:00:00,5,1,4
2021-06-07 08:00:00,10,4,6
2021-06-07 09:00:00,4,2,2
2021-06-07 10:00:00,12,5,7
2021-06-07 11:00:00,7,2,5
2021-06-07 12:00:00,15,2,13
2021-06-07 13:00:00,13,5,8
2021-06-07 14:00:00,19,10,9
2021-06-07 15:00:00,24,8,16
2021-06-07 16:00:00,34,9,25
2021-06-07 17:00:00,24,8,16
2021-06-07 18:00:00,27,5,22
2021-06-07 19:00:00,18,3,15
2021-06-07 20:00:00,18,1,17
2021-06-07 21:00:00,1,1,0
2021-06-07 22:00:00,1,0,1
2021-06-07 23:00:00,1,0,1
2021-06-08 00:00:00,0,0,0
2021-06-08 01:00:00,0,0,0
2021-06-08 02:00:00,0,0,0
2021-06-08 03:00:00,0,0,0
2021-06-08 04:00:00,1,0,1
2021-06-08 05:00:00,9,5,4
2021-06-08 06:00:00,24,12,12
2021-06-08 07:00:00,24,7,17
2021-06-08 08:00:00,21,4,17
2021-06-08 09:00:00,16,7,9
2021-06-08 10:00:00,22,8,14
2021-06-08 11:00:00,15,5,10
2021-06-08 12:00:00,17,7,10
2021-06-08 13:00:00,26,7,19
2021-06-08 14:00:00,21,9,12
2021-06-08 15:00:00,30,7,23
2021-06-08 16:00:00,30,7,23
2021-06-08 17:00:00,40,10,30
2021-06-08 18:00:00,44,10,34
2021-06-08 19:00:00,42,2,40
2021-06-08 20:00:00,7,2,5
2021-06-08 21:00:00,6,0,6
2021-06-08 22:00:00,0,0,0
2021-06-08 23:00:00,0,0,0
2021-06-09 00:00:00,0,0,0
2021-06-09 01:00:00,0,0,0
2021-06-09 02:00:00,0,0,0
2021-06-09 03:00:00,0,0,0
2021-06-09 04:00:00,1,0,1
2021-06-09 05:00:00,11,6,5
2021-06-09 06:00:00,21,9,12
2021-06-09 07:00:00,18,4,14
2021-06-09 08:00:00,16,2,14
2021-06-09 09:00:00,12,1,11
2021-06-09 10:00:00,20,8,12
2021-06-09 11:00:00,21,6,15
2021-06-09 12:00:00,18,4,14
2021-06-09 13:00:00,27,10,17
2021-06-09 14:00:00,17,2,15
2021-06-09 15:00:00,29,7,22
2021-06-09 16:00:00,40,9,31
2021-06-09 17:00:00,38,8,30
2021-06-09 18:00:00,61,17,44
2021-06-09 19:00:00,55,4,51
2021-06-09 20:00:00,31,6,25
2021-06-09 21:00:00,7,1,6
2021-06-09 22:00:00,1,0,1
2021-06-09 23:00:00,0,0,0
2021-06-10 00:00:00,0,0,0
2021-06-10 01:00:00,0,0,0
2021-06-10 02:00:00,0,0,0
2021-06-10 03:00:00,0,0,0
2021-06-10 04:00:00,1,0,1
2021-06-10 05:00:00,4,1,3
2021-06-10 06:00:00,15,9,6
2021-06-10 07:00:00,22,5,17
2021-06-10 08:00:00,16,2,14
2021-06-10 09:00:00,10,1,9
2021-06-10 10:00:00,13,6,7
2021-06-10 11:00:00,16,8,8
2021-06-10 12:00:00,13,7,6
2021-06-10 13:00:00,13,4,9
2021-06-10 14:00:00,31,8,23
2021-06-10 15:00:00,31,9,22
2021-06-10 16:00:00,32,6,26
2021-06-10 17:00:00,29,11,18
2021-06-10 18:00:00,46,10,36
2021-06-10 19:00:00,38,3,35
2021-06-10 20:00:00,13,2,11
2021-06-10 21:00:00,4,0,4
2021-06-10 22:00:00,3,1,2
2021-06-10 23:00:00,1,0,1
2021-06-11 00:00:00,0,0,0
2021-06-11 01:00:00,0,0,0
2021-06-11 02:00:00,0,0,0
2021-06-11 03:00:00,0,0,0
2021-06-11 04:00:00,1,0,1
2021-06-11 05:00:00,5,3,2
2021-06-11 06:00:00,16,6,10
2021-06-11 07:00:00,13,2,11
2021-06-11 08:00:00,7,0,7
2021-06-11 09:00:00,8,1,7
2021-06-11 10:00:00,8,2,6
2021-06-11 11:00:00,7,2,5
2021-06-11 12:00:00,2,1,1
2021-06-11 13:00:00,5,2,3
2021-06-11 14:00:00,1,1,0
2021-06-11 15:00:00,3,1,2
2021-06-11 16:00:00,13,7,6
2021-06-11 17:00:00,11,6,5
2021-06-11 18:00:00,12,6,6
2021-06-11 19:00:00,0,0,0
2021-06-11 20:00:00,2,1,1
2021-06-11 21:00:00,2,0,2
2021-06-11 22:00:00,1,0,1
2021-06-11 23:00:00,1,1,0
2021-06-12 00:00:00,0,0,0
2021-06-12 01:00:00,4,3,1
2021-06-12 02:00:00,0,0,0
2021-06-12 03:00:00,1,0,1
2021-06-12 04:00:00,0,0,0
2021-06-12 05:00:00,3,2,1
2021-06-12 06:00:00,8,6,2
2021-06-12 07:00:00,22,17,5
2021-06-12 08:00:00,46,23,23
2021-06-12 09:00:00,77,31,46
2021-06-12 10:00:00,85,32,53
2021-06-12 11:00:00,123,29,94
2021-06-12 12:00:00,101,19,82
2021-06-12 13:00:00,108,27,81
2021-06-12 14:00:00,86,12,74
2021-06-12 15:00:00,78,15,63
2021-06-12 16:00:00,64,16,48
2021-06-12 17:00:00,35,11,24
2021-06-12 18:00:00,34,4,30
2021-06-12 19:00:00,25,4,21
2021-06-12 20:00:00,4,1,3
2021-06-12 21:00:00,5,3,2
2021-06-12 22:00:00,1,0,1
2021-06-12 23:00:00,0,0,0
2021-06-13 00:00:00,0,0,0
2021-06-13 01:00:00,0,0,0
2021-06-13 02:00:00,0,0,0
2021-06-13 03:00:00,0,0,0
2021-06-13 04:00:00,1,1,0
2021-06-13 05:00:00,0,0,0
2021-06-13 06:00:00,0,0,0
2021-06-13 07:00:00,2,2,0
2021-06-13 08:00:00,1,1,0
2021-06-13 09:00:00,11,10,1
2021-06-13 10:00:00,14,4,10
2021-06-13 11:00:00,6,5,1
2021-06-13 12:00:00,20,4,16
2021-06-13 13:00:00,16,5,11
2021-06-13 14:00:00,14,4,10
2021-06-13 15:00:00,11,4,7
2021-06-13 16:00:00,1,0,1
2021-06-13 17:00:00,2,1,1
2021-06-13 18:00:00,0,0,0
2021-06-13 19:00:00,1,0,1
2021-06-13 20:00:00,0,0,0
2021-06-13 21:00:00,0,0,0
2021-06-13 22:00:00,0,0,0
2021-06-13 23:00:00,0,0,0
2021-06-14 00:00:00,0,0,0
2021-06-14 01:00:00,0,0,0
2021-06-14 02:00:00,0,0,0
2021-06-14 03:00:00,0,0,0
2021-06-14 04:00:00,2,1,1
2021-06-14 05:00:00,3,1,2
2021-06-14 06:00:00,13,4,9
2021-06-14 07:00:00,6,2,4
2021-06-14 08:00:00,10,4,6
2021-06-14 09:00:00,5,2,3
2021-06-14 10:00:00,7,4,3
2021-06-14 11:00:00,7,2,5
2021-06-14 12:00:00,2,2,0
2021-06-14 13:00:00,7,3,4
2021-06-14 14:00:00,9,3,6
2021-06-14 15:00:00,17,4,13
2021-06-14 16:00:00,18,10,8
2021-06-14 17:00:00,23,12,11
2021-06-14 18:00:00,23,7,16
2021-06-14 19:00:00,16,6,10
2021-06-14 20:00:00,5,2,3
2021-06-14 21:00:00,4,0,4
2021-06-14 22:00:00,1,0,1
2021-06-14 23:00:00,0,0,0
2021-06-15 00:00:00,0,0,0
2021-06-15 01:00:00,0,0,0
2021-06-15 02:00:00,0,0,0
2021-06-15 03:00:00,0,0,0
2021-06-15 04:00:00,2,1,1
2021-06-15 05:00:00,5,3,2
2021-06-15 06:00:00,21,12,9
2021-06-15 07:00:00,17,8,9
2021-06-15 08:00:00,22,9,13
2021-06-15 09:00:00,20,12,8
2021-06-15 10:00:00,28,9,19
2021-06-15 11:00:00,18,2,16
2021-06-15 12:00:00,16,4,12
2021-06-15 13:00:00,9,4,5
2021-06-15 14:00:00,13,5,8
2021-06-15 15:00:00,17,4,13
2021-06-15 16:00:00,16,2,14
2021-06-15 17:00:00,28,17,11
2021-06-15 18:00:00,31,10,21
2021-06-15 19:00:00,34,1,33
2021-06-15 20:00:00,17,5,12
2021-06-15 21:00:00,9,0,9
2021-06-15 22:00:00,1,0,1
2021-06-15 23:00:00,0,0,0
2021-06-16 00:00:00,3,1,2
2021-06-16 01:00:00,0,0,0
2021-06-16 02:00:00,0,0,0
2021-06-16 03:00:00,0,0,0
2021-06-16 04:00:00,3,1,2
2021-06-16 05:00:00,9,4,5
2021-06-16 06:00:00,35,11,24
2021-06-16 07:00:00,24,3,21
2021-06-16 08:00:00,22,8,14
2021-06-16 09:00:00,25,4,21
2021-06-16 10:00:00,25,8,17
2021-06-16 11:00:00,26,4,22
2021-06-16 12:00:00,28,9,19
2021-06-16 13:00:00,13,5,8
2021-06-16 14:00:00,16,1,15
2021-06-16 15:00:00,15,5,10
2021-06-16 16:00:00,34,9,25
2021-06-16 17:00:00,53,16,37
2021-06-16 18:00:00,63,21,42
2021-06-16 19:00:00,54,3,51
2021-06-16 20:00:00,49,1,48
2021-06-16 21:00:00,8,0,8
2021-06-16 22:00:00,1,0,1
2021-06-16 23:00:00,0,0,0
2021-06-17 00:00:00,0,0,0
2021-06-17 01:00:00,0,0,0
2021-06-17 02:00:00,0,0,0
2021-06-17 03:00:00,0,0,0
2021-06-17 04:00:00,1,0,1
2021-06-17 05:00:00,14,9,5
2021-06-17 06:00:00,33,13,20
2021-06-17 07:00:00,33,9,24
2021-06-17 08:00:00,23,4,19
2021-06-17 09:00:00,18,3,15
2021-06-17 10:00:00,18,5,13
2021-06-17 11:00:00,21,6,15
2021-06-17 12:00:00,9,0,9
2021-06-17 13:00:00,19,5,14
2021-06-17 14:00:00,22,4,18
2021-06-17 15:00:00,17,4,13
2021-06-17 16:00:00,31,8,23
2021-06-17 17:00:00,37,9,28
2021-06-17 18:00:00,39,10,29
2021-06-17 19:00:00,34,5,29
2021-06-17 20:00:00,28,8,20
2021-06-17 21:00:00,9,1,8
2021-06-17 22:00:00,0,0,0
2021-06-17 23:00:00,1,0,1
2021-06-18 00:00:00,0,0,0
2021-06-18 01:00:00,0,0,0
2021-06-18 02:00:00,0,0,0
2021-06-18 03:00:00,0,0,0
2021-06-18 04:00:00,2,0,2
2021-06-18 05:00:00,6,2,4
2021-06-18 06:00:00,24,7,17
2021-06-18 07:00:00,22,6,16
2021-06-18 08:00:00,28,6,22
2021-06-18 09:00:00,28,11,17
2021-06-18 10:00:00,24,8,16
2021-06-18 11:00:00,36,13,23
2021-06-18 12:00:00,36,6,30
2021-06-18 13:00:00,22,5,17
2021-06-18 14:00:00,43,9,34
2021-06-18 15:00:00,27,4,23
2021-06-18 16:00:00,34,6,28
2021-06-18 17:00:00,38,7,31
2021-06-18 18:00:00,19,1,18
2021-06-18 19:00:00,20,3,17
2021-06-18 20:00:00,14,3,11
2021-06-18 21:00:00,3,1,2
2021-06-18 22:00:00,1,0,1
2021-06-18 23:00:00,0,0,0
2021-06-19 00:00:00,0,0,0
2021-06-19 01:00:00,0,0,0
2021-06-19 02:00:00,0,0,0
2021-06-19 03:00:00,0,0,0
2021-06-19 04:00:00,0,0,0
2021-06-19 05:00:00,5,4,1
2021-06-19 06:00:00,11,6,5
2021-06-19 07:00:00,15,7,8
2021-06-19 08:00:00,34,15,19
2021-06-19 09:00:00,61,21,40
2021-06-19 10:00:00,85,28,57
2021-06-19 11:00:00,61,10,51
2021-06-19 12:00:00,80,23,57
2021-06-19 13:00:00,61,8,53
2021-06-19 14:00:00,37,5,32
2021-06-19 15:00:00,52,8,44
2021-06-19 16:00:00,42,7,35
2021-06-19 17:00:00,12,1,11
2021-06-19 18:00:00,16,1,15
2021-06-19 19:00:00,13,2,11
2021-06-19 20:00:00,9,1,8
2021-06-19 21:00:00,6,0,6
2021-06-19 22:00:00,1,0,1
2021-06-19 23:00:00,0,0,0
2021-06-20 00:00:00,0,0,0
2021-06-20 01:00:00,0,0,0
2021-06-20 02:00:00,0,0,0
2021-06-20 03:00:00,0,0,0
2021-06-20 04:00:00,2,1,1
2021-06-20 05:00:00,4,3,1
2021-06-20 06:00:00,7,4,3
2021-06-20 07:00:00,12,7,5
2021-06-20 08:00:00,43,17,26
2021-06-20 09:00:00,57,13,44
2021-06-20 10:00:00,76,23,53
2021-06-20 11:00:00,82,15,67
2021-06-20 12:00:00,56,9,47
2021-06-20 13:00:00,48,8,40
2021-06-20 14:00:00,46,4,42
2021-06-20 15:00:00,36,7,29
2021-06-20 16:00:00,29,9,20
2021-06-20 17:00:00,33,4,29
2021-06-20 18:00:00,20,2,18
2021-06-20 19:00:00,20,6,14
2021-06-20 20:00:00,12,0,12
2021-06-20 21:00:00,8,1,7
2021-06-20 22:00:00,1,0,1
2021-06-20 23:00:00,0,0,0
2021-06-21 00:00:00,0,0,0
2021-06-21 01:00:00,1,0,1
2021-06-21 02:00:00,0,0,0
2021-06-21 03:00:00,0,0,0
2021-06-21 04:00:00,1,0,1
2021-06-21 05:00:00,10,6,4
2021-06-21 06:00:00,18,6,12
2021-06-21 07:00:00,24,1,23
2021-06-21 08:00:00,23,6,17
2021-06-21 09:00:00,12,4,8
2021-06-21 10:00:00,31,9,22
2021-06-21 11:00:00,20,5,15
2021-06-21 12:00:00,19,5,14
2021-06-21 13:00:00,7,3,4
2021-06-21 14:00:00,9,1,8
2021-06-21 15:00:00,14,3,11
2021-06-21 16:00:00,27,4,23
2021-06-21 17:00:00,13,3,10
2021-06-21 18:00:00,22,4,18
2021-06-21 19:00:00,20,2,18
2021-06-21 20:00:00,16,0,16
2021-06-21 21:00:00,8,0,8
2021-06-21 22:00:00,0,0,0
2021-06-21 23:00:00,1,0,1
2021-06-22 00:00:00,0,0,0
2021-06-22 01:00:00,0,0,0
2021-06-22 02:00:00,0,0,0
2021-06-22 03:00:00,0,0,0
2021-06-22 04:00:00,3,0,3
2021-06-22 05:00:00,7,5,2
2021-06-22 06:00:00,20,6,14
2021-06-22 07:00:00,47,11,36
2021-06-22 08:00:00,21,7,14
2021-06-22 09:00:00,26,11,15
2021-06-22 10:00:00,23,13,10
2021-06-22 11:00:00,26,6,20
2021-06-22 12:00:00,24,10,14
2021-06-22 13:00:00,18,6,12
2021-06-22 14:00:00,6,2,4
2021-06-22 15:00:00,16,4,12
2021-06-22 16:00:00,26,8,18
2021-06-22 17:00:00,23,8,15
2021-06-22 18:00:00,44,11,33
2021-06-22 19:00:00,37,6,31
2021-06-22 20:00:00,21,3,18
2021-06-22 21:00:00,10,3,7
2021-06-22 22:00:00,2,0,2
2021-06-22 23:00:00,4,1,3
2021-06-23 00:00:00,1,0,1
2021-06-23 01:00:00,0,0,0
2021-06-23 02:00:00,0,0,0
2021-06-23 03:00:00,0,0,0
2021-06-23 04:00:00,3,1,2
2021-06-23 05:00:00,12,5,7
2021-06-23 06:00:00,25,7,18
2021-06-23 07:00:00,21,4,17
2021-06-23 08:00:00,25,2,23
2021-06-23 09:00:00,19,5,14
2021-06-23 10:00:00,19,4,15
2021-06-23 11:00:00,14,4,10
2021-06-23 12:00:00,18,3,15
2021-06-23 13:00:00,12,3,9
2021-06-23 14:00:00,21,2,19
2021-06-23 15:00:00,15,1,14
2021-06-23 16:00:00,40,14,26
2021-06-23 17:00:00,49,13,36
2021-06-23 18:00:00,34,9,25
2021-06-23 19:00:00,43,3,40
2021-06-23 20:00:00,30,2,28
2021-06-23 21:00:00,7,1,6
2021-06-23 22:00:00,0,0,0
2021-06-23 23:00:00,1,0,1
2021-06-24 00:00:00,0,0,0
2021-06-24 01:00:00,0,0,0
2021-06-24 02:00:00,2,0,2
2021-06-24 03:00:00,0,0,0
2021-06-24 04:00:00,2,0,2
2021-06-24 05:00:00,10,7,3
2021-06-24 06:00:00,21,10,11
2021-06-24 07:00:00,29,7,22
2021-06-24 08:00:00,25,4,21
2021-06-24 09:00:00,17,3,14
2021-06-24 10:00:00,25,7,18
2021-06-24 11:00:00,28,6,22
2021-06-24 12:00:00,25,4,21
2021-06-24 13:00:00,17,3,14
2021-06-24 14:00:00,17,2,15
2021-06-24 15:00:00,11,2,9
2021-06-24 16:00:00,23,5,18
2021-06-24 17:00:00,16,5,11
2021-06-24 18:00:00,31,5,26
2021-06-24 19:00:00,28,7,21
2021-06-24 20:00:00,29,4,25
2021-06-24 21:00:00,11,1,10
2021-06-24 22:00:00,3,0,3
2021-06-24 23:00:00,1,0,1
2021-06-25 00:00:00,0,0,0
2021-06-25 01:00:00,0,0,0
2021-06-25 02:00:00,0,0,0
2021-06-25 03:00:00,0,0,0
2021-06-25 04:00:00,2,0,2
2021-06-25 05:00:00,14,6,8
2021-06-25 06:00:00,22,10,12
2021-06-25 07:00:00,18,6,12
2021-06-25 08:00:00,21,2,19
2021-06-25 09:00:00,24,6,18
2021-06-25 10:00:00,26,8,18
2021-06-25 11:00:00,17,4,13
2021-06-25 12:00:00,8,0,8
2021-06-25 13:00:00,27,3,24
2021-06-25 14:00:00,26,3,23
2021-06-25 15:00:00,19,0,19
2021-06-25 16:00:00,20,3,17
2021-06-25 17:00:00,21,5,16
2021-06-25 18:00:00,21,2,19
2021-06-25 19:00:00,12,1,11
2021-06-25 20:00:00,10,3,7
2021-06-25 21:00:00,6,1,5
2021-06-25 22:00:00,2,0,2
2021-06-25 23:00:00,0,0,0
2021-06-26 00:00:00,2,2,0
2021-06-26 01:00:00,0,0,0
2021-06-26 02:00:00,1,0,1
2021-06-26 03:00:00,0,0,0
2021-06-26 04:00:00,1,0,1
2021-06-26 05:00:00,6,1,5
2021-06-26 06:00:00,9,4,5
2021-06-26 07:00:00,53,22,31
2021-06-26 08:00:00,56,11,45
2021-06-26 09:00:00,95,15,80
2021-06-26 10:00:00,67,12,55
2021-06-26 11:00:00,75,10,65
2021-06-26 12:00:00,34,4,30
2021-06-26 13:00:00,19,2,17
2021-06-26 14:00:00,12,0,12
2021-06-26 15:00:00,10,2,8
2021-06-26 16:00:00,1,1,0
2021-06-26 17:00:00,10,2,8
2021-06-26 18:00:00,8,2,6
2021-06-26 19:00:00,3,1,2
2021-06-26 20:00:00,3,1,2
2021-06-26 21:00:00,6,0,6
2021-06-26 22:00:00,3,1,2
2021-06-26 23:00:00,0,0,0
2021-06-27 00:00:00,3,2,1
2021-06-27 01:00:00,2,1,1
2021-06-27 02:00:00,1,1,0
2021-06-27 03:00:00,0,0,0
2021-06-27 04:00:00,0,0,0
2021-06-27 05:00:00,14,11,3
2021-06-27 06:00:00,21,12,9
2021-06-27 07:00:00,51,22,29
2021-06-27 08:00:00,52,23,29
2021-06-27 09:00:00,68,14,54
2021-06-27 10:00:00,44,9,35
2021-06-27 11:00:00,34,5,29
2021-06-27 12:00:00,13,2,11
2021-06-27 13:00:00,10,2,8
2021-06-27 14:00:00,5,0,5
2021-06-27 15:00:00,10,1,9
2021-06-27 16:00:00,4,1,3
2021-06-27 17:00:00,2,0,2
2021-06-27 18:00:00,4,0,4
2021-06-27 19:00:00,5,1,4
2021-06-27 20:00:00,5,1,4
2021-06-27 21:00:00,3,0,3
2021-06-27 22:00:00,0,0,0
2021-06-27 23:00:00,0,0,0
2021-06-28 00:00:00,0,0,0
2021-06-28 01:00:00,0,0,0
2021-06-28 02:00:00,1,1,0
2021-06-28 03:00:00,1,0,1
2021-06-28 04:00:00,0,0,0
2021-06-28 05:00:00,6,3,3
2021-06-28 06:00:00,15,3,12
2021-06-28 07:00:00,17,6,11
2021-06-28 08:00:00,14,2,12
2021-06-28 09:00:00,9,3,6
2021-06-28 10:00:00,9,4,5
2021-06-28 11:00:00,1,0,1
2021-06-28 12:00:00,3,1,2
2021-06-28 13:00:00,1,0,1
2021-06-28 14:00:00,3,0,3
2021-06-28 15:00:00,1,0,1
2021-06-28 16:00:00,3,0,3
2021-06-28 17:00:00,4,0,4
2021-06-28 18:00:00,7,4,3
2021-06-28 19:00:00,3,0,3
2021-06-28 20:00:00,2,1,1
2021-06-28 21:00:00,2,0,2
2021-06-28 22:00:00,2,1,1
2021-06-28 23:00:00,0,0,0
2021-06-29 00:00:00,0,0,0
2021-06-29 01:00:00,0,0,0
2021-06-29 02:00:00,0,0,0
2021-06-29 03:00:00,0,0,0
2021-06-29 04:00:00,1,0,1
2021-06-29 05:00:00,9,5,4
2021-06-29 06:00:00,21,6,15
2021-06-29 07:00:00,37,10,27
2021-06-29 08:00:00,29,6,23
2021-06-29 09:00:00,25,7,18
2021-06-29 10:00:00,24,10,14
2021-06-29 11:00:00,22,5,17
2021-06-29 12:00:00,18,4,14
2021-06-29 13:00:00,16,4,12
2021-06-29 14:00:00,4,1,3
2021-06-29 15:00:00,8,1,7
2021-06-29 16:00:00,19,3,16
2021-06-29 17:00:00,18,5,13
2021-06-29 18:00:00,23,8,15
2021-06-29 19:00:00,33,6,27
2021-06-29 20:00:00,21,2,19
2021-06-29 21:00:00,13,2,11
2021-06-29 22:00:00,1,0,1
2021-06-29 23:00:00,2,0,2
2021-06-30 00:00:00,0,0,0
2021-06-30 01:00:00,0,0,0
2021-06-30 02:00:00,0,0,0
2021-06-30 03:00:00,0,0,0
2021-06-30 04:00:00,3,0,3
2021-06-30 05:00:00,8,3,5
2021-06-30 06:00:00,27,11,16
2021-06-30 07:00:00,32,8,24
2021-06-30 08:00:00,38,11,27
2021-06-30 09:00:00,23,5,18
2021-06-30 10:00:00,26,10,16
2021-06-30 11:00:00,21,4,17
2021-06-30 12:00:00,19,4,15
2021-06-30 13:00:00,17,11,6
2021-06-30 14:00:00,22,10,12
2021-06-30 15:00:00,29,7,22
2021-06-30 16:00:00,18,5,13
2021-06-30 17:00:00,48,12,36
2021-06-30 18:00:00,57,18,39
2021-06-30 19:00:00,41,5,36
2021-06-30 20:00:00,48,5,43
2021-06-30 21:00:00,5,1,4
2021-06-30 22:00:00,2,1,1
2021-06-30 23:00:00,1,0,1
2021-07-01 00:00:00,0,0,0
2021-07-01 01:00:00,0,0,0
2021-07-01 02:00:00,0,0,0
2021-07-01 03:00:00,0,0,0
2021-07-01 04:00:00,2,0,2
2021-07-01 05:00:00,7,3,4
2021-07-01 06:00:00,14,7,7
2021-07-01 07:00:00,32,6,26
2021-07-01 08:00:00,16,3,13
2021-07-01 09:00:00,20,3,17
2021-07-01 10:00:00,20,5,15
2021-07-01 11:00:00,19,8,11
2021-07-01 12:00:00,16,2,14
2021-07-01 13:00:00,21,4,17
2021-07-01 14:00:00,13,3,10
2021-07-01 15:00:00,13,6,7
2021-07-01 16:00:00,32,6,26
2021-07-01 17:00:00,34,8,26
2021-07-01 18:00:00,41,11,30
2021-07-01 19:00:00,34,11,23
2021-07-01 20:00:00,20,4,16
2021-07-01 21:00:00,10,2,8
2021-07-01 22:00:00,2,0,2
2021-07-01 23:00:00,2,2,0
2021-07-02 00:00:00,1,0,1
2021-07-02 01:00:00,0,0,0
2021-07-02 02:00:00,0,0,0
2021-07-02 03:00:00,0,0,0
2021-07-02 04:00:00,2,1,1
2021-07-02 05:00:00,11,5,6
2021-07-02 06:00:00,20,9,11
2021-07-02 07:00:00,35,15,20
2021-07-02 08:00:00,31,4,27
2021-07-02 09:00:00,27,7,20
2021-07-02 10:00:00,20,9,11
2021-07-02 11:00:00,37,6,31
2021-07-02 12:00:00,29,7,22
2021-07-02 13:00:00,19,6,13
2021-07-02 14:00:00,23,11,12
2021-07-02 15:00:00,27,7,20
2021-07-02 16:00:00,39,9,30
2021-07-02 17:00:00,43,7,36
2021-07-02 18:00:00,17,4,13
2021-07-02 19:00:00,26,5,21
2021-07-02 20:00:00,6,1,5
2021-07-02 21:00:00,3,2,1
2021-07-02 22:00:00,0,0,0
2021-07-02 23:00:00,1,0,1
2021-07-03 00:00:00,5,2,3
2021-07-03 01:00:00,0,0,0
2021-07-03 02:00:00,0,0,0
2021-07-03 03:00:00,0,0,0
2021-07-03 04:00:00,0,0,0
2021-07-03 05:00:00,1,0,1
2021-07-03 06:00:00,14,11,3
2021-07-03 07:00:00,24,11,13
2021-07-03 08:00:00,55,17,38
2021-07-03 09:00:00,74,31,43
2021-07-03 10:00:00,78,17,61
2021-07-03 11:00:00,87,24,63
2021-07-03 12:00:00,71,16,55
2021-07-03 13:00:00,42,8,34
2021-07-03 14:00:00,53,15,38
2021-07-03 15:00:00,51,5,46
2021-07-03 16:00:00,21,8,13
2021-07-03 17:00:00,25,5,20
2021-07-03 18:00:00,15,0,15
2021-07-03 19:00:00,9,2,7
2021-07-03 20:00:00,9,1,8
2021-07-03 21:00:00,5,1,4
2021-07-03 22:00:00,1,0,1
2021-07-03 23:00:00,0,0,0
2021-07-04 00:00:00,0,0,0
2021-07-04 01:00:00,0,0,0
2021-07-04 02:00:00,0,0,0
2021-07-04 03:00:00,0,0,0
2021-07-04 04:00:00,1,0,1
2021-07-04 05:00:00,1,1,0
2021-07-04 06:00:00,6,3,3
2021-07-04 07:00:00,17,7,10
2021-07-04 08:00:00,41,29,12
2021-07-04 09:00:00,51,24,27
2021-07-04 10:00:00,62,23,39
2021-07-04 11:00:00,73,11,62
2021-07-04 12:00:00,56,7,49
2021-07-04 13:00:00,69,9,60
2021-07-04 14:00:00,33,10,23
2021-07-04 15:00:00,49,7,42
2021-07-04 16:00:00,31,6,25
2021-07-04 17:00:00,7,0,7
2021-07-04 18:00:00,17,1,16
2021-07-04 19:00:00,18,9,9
2021-07-04 20:00:00,8,1,7
2021-07-04 21:00:00,4,2,2
2021-07-04 22:00:00,2,1,1
2021-07-04 23:00:00,4,2,2
2021-07-05 00:00:00,1,1,0
2021-07-05 01:00:00,0,0,0
2021-07-05 02:00:00,0,0,0
2021-07-05 03:00:00,0,0,0
2021-07-05 04:00:00,0,0,0
2021-07-05 05:00:00,2,1,1
2021-07-05 06:00:00,7,3,4
2021-07-05 07:00:00,10,6,4
2021-07-05 08:00:00,29,12,17
2021-07-05 09:00:00,44,13,31
2021-07-05 10:00:00,50,17,33
2021-07-05 11:00:00,59,11,48
2021-07-05 12:00:00,47,12,35
2021-07-05 13:00:00,38,14,24
2021-07-05 14:00:00,49,9,40
2021-07-05 15:00:00,46,10,36
2021-07-05 16:00:00,36,7,29
2021-07-05 17:00:00,44,11,33
2021-07-05 18:00:00,25,4,21
2021-07-05 19:00:00,13,3,10
2021-07-05 20:00:00,15,3,12
2021-07-05 21:00:00,10,0,10
2021-07-05 22:00:00,1,0,1
2021-07-05 23:00:00,1,0,1
2021-07-06 00:00:00,0,0,0
2021-07-06 01:00:00,0,0,0
2021-07-06 02:00:00,0,0,0
2021-07-06 03:00:00,0,0,0
2021-07-06 04:00:00,1,0,1
2021-07-06 05:00:00,6,4,2
2021-07-06 06:00:00,16,8,8
2021-07-06 07:00:00,22,5,17
2021-07-06 08:00:00,24,7,17
2021-07-06 09:00:00,20,4,16
2021-07-06 10:00:00,19,13,6
2021-07-06 11:00:00,22,2,20
2021-07-06 12:00:00,16,4,12
2021-07-06 13:00:00,15,4,11
2021-07-06 14:00:00,10,4,6
2021-07-06 15:00:00,22,2,20
2021-07-06 16:00:00,34,12,22
2021-07-06 17:00:00,36,13,23
2021-07-06 18:00:00,34,4,30
2021-07-06 19:00:00,35,6,29
2021-07-06 20:00:00,21,7,14
2021-07-06 21:00:00,7,0,7
2021-07-06 22:00:00,1,0,1
2021-07-06 23:00:00,0,0,0
2021-07-07 00:00:00,0,0,0
2021-07-07 01:00:00,0,0,0
2021-07-07 02:00:00,0,0,0
2021-07-07 03:00:00,0,0,0
2021-07-07 04:00:00,2,0,2
2021-07-07 05:00:00,7,3,4
2021-07-07 06:00:00,24,12,12
2021-07-07 07:00:00,26,6,20
2021-07-07 08:00:00,14,3,11
2021-07-07 09:00:00,19,4,15
2021-07-07 10:00:00,17,5,12
2021-07-07 11:00:00,17,10,7
2021-07-07 12:00:00,19,2,17
2021-07-07 13:00:00,17,6,11
2021-07-07 14:00:00,17,4,13
2021-07-07 15:00:00,22,10,12
2021-07-07 16:00:00,26,6,20
2021-07-07 17:00:00,38,9,29
2021-07-07 18:00:00,40,16,24
2021-07-07 19:00:00,32,4,28
2021-07-07 20:00:00,26,2,24
2021-07-07 21:00:00,11,1,10
2021-07-07 22:00:00,1,0,1
2021-07-07 23:00:00,0,0,0
2021-07-08 00:00:00,0,0,0
2021-07-08 01:00:00,0,0,0
2021-07-08 02:00:00,0,0,0
2021-07-08 03:00:00,0,0,0
2021-07-08 04:00:00,2,0,2
2021-07-08 05:00:00,8,2,6
2021-07-08 06:00:00,17,4,13
2021-07-08 07:00:00,24,7,17
2021-07-08 08:00:00,20,3,17
2021-07-08 09:00:00,11,4,7
2021-07-08 10:00:00,13,6,7
2021-07-08 11:00:00,25,11,14
2021-07-08 12:00:00,16,3,13
2021-07-08 13:00:00,19,5,14
2021-07-08 14:00:00,16,3,13
2021-07-08 15:00:00,21,6,15
2021-07-08 16:00:00,31,9,22
2021-07-08 17:00:00,40,11,29
2021-07-08 18:00:00,57,6,51
2021-07-08 19:00:00,45,10,35
2021-07-08 20:00:00,20,3,17
2021-07-08 21:00:00,8,2,6
2021-07-08 22:00:00,1,0,1
2021-07-08 23:00:00,1,0,1
2021-07-09 00:00:00,0,0,0
2021-07-09 01:00:00,0,0,0
2021-07-09 02:00:00,0,0,0
2021-07-09 03:00:00,1,1,0
2021-07-09 04:00:00,2,0,2
2021-07-09 05:00:00,5,2,3
2021-07-09 06:00:00,9,5,4
2021-07-09 07:00:00,20,9,11
2021-07-09 08:00:00,20,8,12
2021-07-09 09:00:00,24,6,18
2021-07-09 10:00:00,25,10,15
2021-07-09 11:00:00,25,7,18
2021-07-09 12:00:00,26,6,20
2021-07-09 13:00:00,34,14,20
2021-07-09 14:00:00,22,7,15
2021-07-09 15:00:00,28,7,21
2021-07-09 16:00:00,26,7,19
2021-07-09 17:00:00,31,6,25
2021-07-09 18:00:00,35,14,21
2021-07-09 19:00:00,28,8,20
2021-07-09 20:00:00,13,3,10
2021-07-09 21:00:00,2,0,2
2021-07-09 22:00:00,0,0,0
2021-07-09 23:00:00,0,0,0
2021-07-10 00:00:00,0,0,0
2021-07-10 01:00:00,0,0,0
2021-07-10 02:00:00,0,0,0
2021-07-10 03:00:00,0,0,0
2021-07-10 04:00:00,0,0,0
2021-07-10 05:00:00,1,1,0
2021-07-10 06:00:00,16,13,3
2021-07-10 07:00:00,19,8,11
2021-07-10 08:00:00,52,32,20
2021-07-10 09:00:00,70,28,42
2021-07-10 10:00:00,80,24,56
2021-07-10 11:00:00,76,18,58
2021-07-10 12:00:00,75,15,60
2021-07-10 13:00:00,75,12,63
2021-07-10 14:00:00,42,7,35
2021-07-10 15:00:00,34,6,28
2021-07-10 16:00:00,33,8,25
2021-07-10 17:00:00,25,8,17
2021-07-10 18:00:00,17,3,14
2021-07-10 19:00:00,8,3,5
2021-07-10 20:00:00,14,2,12
2021-07-10 21:00:00,9,2,7
2021-07-10 22:00:00,2,0,2
2021-07-10 23:00:00,2,1,1
2021-07-11 00:00:00,3,1,2
2021-07-11 01:00:00,0,0,0
2021-07-11 02:00:00,0,0,0
2021-07-11 03:00:00,0,0,0
2021-07-11 04:00:00,0,0,0
2021-07-11 05:00:00,1,1,0
2021-07-11 06:00:00,10,8,2
2021-07-11 07:00:00,20,11,9
2021-07-11 08:00:00,41,26,15
2021-07-11 09:00:00,70,16,54
2021-07-11 10:00:00,99,24,75
2021-07-11 11:00:00,84,23,61
2021-07-11 12:00:00,60,6,54
2021-07-11 13:00:00,60,13,47
2021-07-11 14:00:00,52,8,44
2021-07-11 15:00:00,48,4,44
2021-07-11 16:00:00,46,15,31
2021-07-11 17:00:00,44,6,38
2021-07-11 18:00:00,20,2,18
2021-07-11 19:00:00,18,3,15
2021-07-11 20:00:00,11,0,11
2021-07-11 21:00:00,4,0,4
2021-07-11 22:00:00,0,0,0
2021-07-11 23:00:00,1,1,0
2021-07-12 00:00:00,0,0,0
2021-07-12 01:00:00,0,0,0
2021-07-12 02:00:00,1,0,1
2021-07-12 03:00:00,0,0,0
2021-07-12 04:00:00,1,0,1
2021-07-12 05:00:00,6,3,3
2021-07-12 06:00:00,14,4,10
2021-07-12 07:00:00,23,4,19
2021-07-12 08:00:00,25,6,19
2021-07-12 09:00:00,14,3,11
2021-07-12 10:00:00,21,10,11
2021-07-12 11:00:00,25,5,20
2021-07-12 12:00:00,18,8,10
2021-07-12 13:00:00,15,2,13
2021-07-12 14:00:00,20,5,15
2021-07-12 15:00:00,25,4,21
2021-07-12 16:00:00,20,7,13
2021-07-12 17:00:00,31,8,23
2021-07-12 18:00:00,31,9,22
2021-07-12 19:00:00,35,5,30
2021-07-12 20:00:00,20,1,19
2021-07-12 21:00:00,8,2,6
2021-07-12 22:00:00,2,1,1
2021-07-12 23:00:00,0,0,0
2021-07-13 00:00:00,0,0,0
2021-07-13 01:00:00,0,0,0
2021-07-13 02:00:00,0,0,0
2021-07-13 03:00:00,0,0,0
2021-07-13 04:00:00,2,0,2
2021-07-13 05:00:00,7,2,5
2021-07-13 06:00:00,20,4,16
2021-07-13 07:00:00,31,8,23
2021-07-13 08:00:00,20,2,18
2021-07-13 09:00:00,19,4,15
2021-07-13 10:00:00,27,12,15
2021-07-13 11:00:00,25,6,19
2021-07-13 12:00:00,28,5,23
2021-07-13 13:00:00,18,7,11
2021-07-13 14:00:00,20,3,17
2021-07-13 15:00:00,29,7,22
2021-07-13 16:00:00,36,8,28
2021-07-13 17:00:00,52,29,23
2021-07-13 18:00:00,56,18,38
2021-07-13 19:00:00,41,4,37
2021-07-13 20:00:00,29,3,26
2021-07-13 21:00:00,15,1,14
2021-07-13 22:00:00,1,1,0
2021-07-13 23:00:00,2,1,1
2021-07-14 00:00:00,1,0,1
2021-07-14 01:00:00,0,0,0
2021-07-14 02:00:00,0,0,0
2021-07-14 03:00:00,2,1,1
2021-07-14 04:00:00,2,0,2
2021-07-14 05:00:00,4,3,1
2021-07-14 06:00:00,24,9,15
2021-07-14 07:00:00,28,6,22
2021-07-14 08:00:00,21,7,14
2021-07-14 09:00:00,17,6,11
2021-07-14 10:00:00,21,9,12
2021-07-14 11:00:00,8,1,7
2021-07-14 12:00:00,16,5,11
2021-07-14 13:00:00,16,4,12
2021-07-14 14:00:00,25,8,17
2021-07-14 15:00:00,31,12,19
2021-07-14 16:00:00,33,11,22
2021-07-14 17:00:00,44,10,34
2021-07-14 18:00:00,62,19,43
2021-07-14 19:00:00,39,8,31
2021-07-14 20:00:00,35,3,32
2021-07-14 21:00:00,9,2,7
2021-07-14 22:00:00,1,0,1
2021-07-14 23:00:00,1,0,1
2021-07-15 00:00:00,0,0,0
2021-07-15 01:00:00,0,0,0
2021-07-15 02:00:00,0,0,0
2021-07-15 03:00:00,0,0,0
2021-07-15 04:00:00,1,0,1
2021-07-15 05:00:00,2,0,2
2021-07-15 06:00:00,18,6,12
2021-07-15 07:00:00,21,5,16
2021-07-15 08:00:00,30,6,24
2021-07-15 09:00:00,14,1,13
2021-07-15 10:00:00,17,5,12
2021-07-15 11:00:00,18,8,10
2021-07-15 12:00:00,26,5,21
2021-07-15 13:00:00,13,4,9
2021-07-15 14:00:00,21,8,13
2021-07-15 15:00:00,27,8,19
2021-07-15 16:00:00,50,17,33
2021-07-15 17:00:00,43,10,33
2021-07-15 18:00:00,55,13,42
2021-07-15 19:00:00,54,14,40
2021-07-15 20:00:00,28,4,24
2021-07-15 21:00:00,1,1,0
2021-07-15 22:00:00,1,1,0
2021-07-15 23:00:00,1,1,0
2021-07-16 00:00:00,0,0,0
2021-07-16 01:00:00,0,0,0
2021-07-16 02:00:00,1,1,0
2021-07-16 03:00:00,0,0,0
2021-07-16 04:00:00,1,0,1
2021-07-16 05:00:00,7,6,1
2021-07-16 06:00:00,16,4,12
2021-07-16 07:00:00,20,3,17
2021-07-16 08:00:00,16,5,11
2021-07-16 09:00:00,23,9,14
2021-07-16 10:00:00,23,10,13
2021-07-16 11:00:00,6,2,4
2021-07-16 12:00:00,15,4,11
2021-07-16 13:00:00,31,11,20
2021-07-16 14:00:00,23,6,17
2021-07-16 15:00:00,23,8,15
2021-07-16 16:00:00,31,15,16
2021-07-16 17:00:00,31,10,21
2021-07-16 18:00:00,31,12,19
2021-07-16 19:00:00,22,8,14
2021-07-16 20:00:00,9,1,8
2021-07-16 21:00:00,4,0,4
2021-07-16 22:00:00,2,1,1
2021-07-16 23:00:00,2,1,1
2021-07-17 00:00:00,0,0,0
2021-07-17 01:00:00,0,0,0
2021-07-17 02:00:00,0,0,0
2021-07-17 03:00:00,0,0,0
2021-07-17 04:00:00,0,0,0
2021-07-17 05:00:00,1,1,0
2021-07-17 06:00:00,19,13,6
2021-07-17 07:00:00,28,9,19
2021-07-17 08:00:00,50,18,32
2021-07-17 09:00:00,58,24,34
2021-07-17 10:00:00,71,21,50
2021-07-17 11:00:00,77,19,58
2021-07-17 12:00:00,93,14,79
2021-07-17 13:00:00,47,15,32
2021-07-17 14:00:00,60,13,47
2021-07-17 15:00:00,52,11,41
2021-07-17 16:00:00,53,18,35
2021-07-17 17:00:00,41,14,27
2021-07-17 18:00:00,40,7,33
2021-07-17 19:00:00,11,0,11
2021-07-17 20:00:00,6,2,4
2021-07-17 21:00:00,5,0,5
2021-07-17 22:00:00,1,0,1
2021-07-17 23:00:00,0,0,0
2021-07-18 00:00:00,0,0,0
2021-07-18 01:00:00,1,1,0
2021-07-18 02:00:00,5,2,3
2021-07-18 03:00:00,1,0,1
2021-07-18 04:00:00,0,0,0
2021-07-18 05:00:00,2,2,0
2021-07-18 06:00:00,8,6,2
2021-07-18 07:00:00,17,12,5
2021-07-18 08:00:00,28,13,15
2021-07-18 09:00:00,58,18,40
2021-07-18 10:00:00,92,50,42
2021-07-18 11:00:00,87,19,68
2021-07-18 12:00:00,86,18,68
2021-07-18 13:00:00,50,8,42
2021-07-18 14:00:00,48,13,35
2021-07-18 15:00:00,61,15,46
2021-07-18 16:00:00,35,8,27
2021-07-18 17:00:00,24,6,18
2021-07-18 18:00:00,24,5,19
2021-07-18 19:00:00,18,1,17
2021-07-18 20:00:00,9,2,7
2021-07-18 21:00:00,5,0,5
2021-07-18 22:00:00,0,0,0
2021-07-18 23:00:00,0,0,0
2021-07-19 00:00:00,0,0,0
2021-07-19 01:00:00,0,0,0
2021-07-19 02:00:00,0,0,0
2021-07-19 03:00:00,0,0,0
2021-07-19 04:00:00,2,0,2
2021-07-19 05:00:00,7,5,2
2021-07-19 06:00:00,21,6,15
2021-07-19 07:00:00,23,9,14
2021-07-19 08:00:00,24,5,19
2021-07-19 09:00:00,10,1,9
2021-07-19 10:00:00,24,11,13
2021-07-19 11:00:00,24,5,19
2021-07-19 12:00:00,14,0,14
2021-07-19 13:00:00,25,6,19
2021-07-19 14:00:00,18,4,14
2021-07-19 15:00:00,25,9,16
2021-07-19 16:00:00,25,8,17
2021-07-19 17:00:00,34,11,23
2021-07-19 18:00:00,42,11,31
2021-07-19 19:00:00,30,8,22
2021-07-19 20:00:00,19,3,16
2021-07-19 21:00:00,8,1,7
2021-07-19 22:00:00,1,0,1
2021-07-19 23:00:00,1,0,1
2021-07-20 00:00:00,0,0,0
2021-07-20 01:00:00,0,0,0
2021-07-20 02:00:00,0,0,0
2021-07-20 03:00:00,0,0,0
2021-07-20 04:00:00,0,0,0
2021-07-20 05:00:00,6,2,4
2021-07-20 06:00:00,30,10,20
2021-07-20 07:00:00,19,8,11
2021-07-20 08:00:00,10,1,9
2021-07-20 09:00:00,15,5,10
2021-07-20 10:00:00,13,2,11
2021-07-20 11:00:00,15,6,9
2021-07-20 12:00:00,12,4,8
2021-07-20 13:00:00,12,4,8
2021-07-20 14:00:00,15,5,10
2021-07-20 15:00:00,27,12,15
2021-07-20 16:00:00,32,7,25
2021-07-20 17:00:00,57,26,31
2021-07-20 18:00:00,44,16,28
2021-07-20 19:00:00,30,8,22
2021-07-20 20:00:00,22,0,22
2021-07-20 21:00:00,6,2,4
2021-07-20 22:00:00,1,1,0
2021-07-20 23:00:00,0,0,0
2021-07-21 00:00:00,1,0,1
2021-07-21 01:00:00,0,0,0
2021-07-21 02:00:00,0,0,0
2021-07-21 03:00:00,1,0,1
2021-07-21 04:00:00,1,0,1
2021-07-21 05:00:00,9,4,5
2021-07-21 06:00:00,22,8,14
2021-07-21 07:00:00,32,10,22
2021-07-21 08:00:00,22,5,17
2021-07-21 09:00:00,21,3,18
2021-07-21 10:00:00,12,5,7
2021-07-21 11:00:00,23,4,19
2021-07-21 12:00:00,16,3,13
2021-07-21 13:00:00,13,6,7
2021-07-21 14:00:00,25,8,17
2021-07-21 15:00:00,26,10,16
2021-07-21 16:00:00,41,18,23
2021-07-21 17:00:00,53,18,35
2021-07-21 18:00:00,39,9,30
2021-07-21 19:00:00,47,8,39
2021-07-21 20:00:00,29,3,26
2021-07-21 21:00:00,4,0,4
2021-07-21 22:00:00,1,0,1
2021-07-21 23:00:00,0,0,0
2021-07-22 00:00:00,0,0,0
2021-07-22 01:00:00,2,1,1
2021-07-22 02:00:00,0,0,0
2021-07-22 03:00:00,0,0,0
2021-07-22 04:00:00,1,0,1
2021-07-22 05:00:00,7,3,4
2021-07-22 06:00:00,17,4,13
2021-07-22 07:00:00,25,7,18
2021-07-22 08:00:00,17,6,11
2021-07-22 09:00:00,21,5,16
2021-07-22 10:00:00,13,6,7
2021-07-22 11:00:00,27,2,25
2021-07-22 12:00:00,21,6,15
2021-07-22 13:00:00,21,12,9
2021-07-22 14:00:00,22,9,13
2021-07-22 15:00:00,29,7,22
2021-07-22 16:00:00,42,12,30
2021-07-22 17:00:00,49,7,42
2021-07-22 18:00:00,43,11,32
2021-07-22 19:00:00,27,10,17
2021-07-22 20:00:00,20,7,13
2021-07-22 21:00:00,7,1,6
2021-07-22 22:00:00,0,0,0
2021-07-22 23:00:00,1,0,1
2021-07-23 00:00:00,1,1,0
2021-07-23 01:00:00,1,0,1
2021-07-23 02:00:00,0,0,0
2021-07-23 03:00:00,0,0,0
2021-07-23 04:00:00,1,0,1
2021-07-23 05:00:00,5,3,2
2021-07-23 06:00:00,20,8,12
2021-07-23 07:00:00,23,12,11
2021-07-23 08:00:00,23,7,16
2021-07-23 09:00:00,18,5,13
2021-07-23 10:00:00,18,10,8
2021-07-23 11:00:00,21,8,13
2021-07-23 12:00:00,19,6,13
2021-07-23 13:00:00,18,5,13
2021-07-23 14:00:00,28,4,24
2021-07-23 15:00:00,24,7,17
2021-07-23 16:00:00,25,5,20
2021-07-23 17:00:00,26,7,19
2021-07-23 18:00:00,28,5,23
2021-07-23 19:00:00,22,2,20
2021-07-23 20:00:00,13,3,10
2021-07-23 21:00:00,6,1,5
2021-07-23 22:00:00,2,0,2
2021-07-23 23:00:00,0,0,0
2021-07-24 00:00:00,0,0,0
2021-07-24 01:00:00,0,0,0
2021-07-24 02:00:00,0,0,0
2021-07-24 03:00:00,0,0,0
2021-07-24 04:00:00,0,0,0
2021-07-24 05:00:00,3,2,1
2021-07-24 06:00:00,5,5,0
2021-07-24 07:00:00,27,8,19
2021-07-24 08:00:00,34,13,21
2021-07-24 09:00:00,63,20,43
2021-07-24 10:00:00,76,20,56
2021-07-24 11:00:00,88,20,68
2021-07-24 12:00:00,77,10,67
2021-07-24 13:00:00,52,7,45
2021-07-24 14:00:00,48,6,42
2021-07-24 15:00:00,48,9,39
2021-07-24 16:00:00,31,4,27
2021-07-24 17:00:00,11,4,7
2021-07-24 18:00:00,24,3,21
2021-07-24 19:00:00,11,3,8
2021-07-24 20:00:00,14,3,11
2021-07-24 21:00:00,4,1,3
2021-07-24 22:00:00,0,0,0
2021-07-24 23:00:00,1,0,1
2021-07-25 00:00:00,0,0,0
2021-07-25 01:00:00,0,0,0
2021-07-25 02:00:00,0,0,0
2021-07-25 03:00:00,2,1,1
2021-07-25 04:00:00,0,0,0
2021-07-25 05:00:00,0,0,0
2021-07-25 06:00:00,4,2,2
2021-07-25 07:00:00,25,14,11
2021-07-25 08:00:00,35,23,12
2021-07-25 09:00:00,75,26,49
2021-07-25 10:00:00,86,20,66
2021-07-25 11:00:00,93,23,70
2021-07-25 12:00:00,62,7,55
2021-07-25 13:00:00,54,3,51
2021-07-25 14:00:00,58,12,46
2021-07-25 15:00:00,38,10,28
2021-07-25 16:00:00,30,7,23
2021-07-25 17:00:00,25,4,21
2021-07-25 18:00:00,18,8,10
2021-07-25 19:00:00,14,1,13
2021-07-25 20:00:00,19,1,18
2021-07-25 21:00:00,6,1,5
2021-07-25 22:00:00,0,0,0
2021-07-25 23:00:00,0,0,0
2021-07-26 00:00:00,0,0,0
2021-07-26 01:00:00,0,0,0
2021-07-26 02:00:00,0,0,0
2021-07-26 03:00:00,0,0,0
2021-07-26 04:00:00,2,0,2
2021-07-26 05:00:00,4,2,2
2021-07-26 06:00:00,21,7,14
2021-07-26 07:00:00,14,2,12
2021-07-26 08:00:00,11,3,8
2021-07-26 09:00:00,15,3,12
2021-07-26 10:00:00,15,1,14
2021-07-26 11:00:00,15,5,10
2021-07-26 12:00:00,11,1,10
2021-07-26 13:00:00,14,4,10
2021-07-26 14:00:00,14,3,11
2021-07-26 15:00:00,21,4,17
2021-07-26 16:00:00,12,4,8
2021-07-26 17:00:00,26,3,23
2021-07-26 18:00:00,29,5,24
2021-07-26 19:00:00,25,1,24
2021-07-26 20:00:00,11,2,9
2021-07-26 21:00:00,4,0,4
2021-07-26 22:00:00,2,0,2
2021-07-26 23:00:00,0,0,0
2021-07-27 00:00:00,1,1,0
2021-07-27 01:00:00,2,1,1
2021-07-27 02:00:00,0,0,0
2021-07-27 03:00:00,0,0,0
2021-07-27 04:00:00,1,0,1
2021-07-27 05:00:00,6,2,4
2021-07-27 06:00:00,20,9,11
2021-07-27 07:00:00,32,9,23
2021-07-27 08:00:00,12,2,10
2021-07-27 09:00:00,22,3,19
2021-07-27 10:00:00,8,2,6
2021-07-27 11:00:00,23,3,20
2021-07-27 12:00:00,19,5,14
2021-07-27 13:00:00,17,8,9
2021-07-27 14:00:00,17,5,12
2021-07-27 15:00:00,18,7,11
2021-07-27 16:00:00,19,3,16
2021-07-27 17:00:00,40,18,22
2021-07-27 18:00:00,31,5,26
2021-07-27 19:00:00,43,5,38
2021-07-27 20:00:00,14,1,13
2021-07-27 21:00:00,8,2,6
2021-07-27 22:00:00,1,0,1
2021-07-27 23:00:00,3,0,3
2021-07-28 00:00:00,1,1,0
2021-07-28 01:00:00,1,0,1
2021-07-28 02:00:00,0,0,0
2021-07-28 03:00:00,0,0,0
2021-07-28 04:00:00,0,0,0
2021-07-28 05:00:00,5,1,4
2021-07-28 06:00:00,21,7,14
2021-07-28 07:00:00,17,7,10
2021-07-28 08:00:00,32,5,27
2021-07-28 09:00:00,16,2,14
2021-07-28 10:00:00,16,7,9
2021-07-28 11:00:00,19,2,17
2021-07-28 12:00:00,21,3,18
2021-07-28 13:00:00,17,5,12
2021-07-28 14:00:00,15,2,13
2021-07-28 15:00:00,17,4,13
2021-07-28 16:00:00,18,3,15
2021-07-28 17:00:00,44,6,38
2021-07-28 18:00:00,33,7,26
2021-07-28 19:00:00,38,6,32
2021-07-28 20:00:00,34,1,33
2021-07-28 21:00:00,4,0,4
2021-07-28 22:00:00,3,3,0
2021-07-28 23:00:00,0,0,0
2021-07-29 00:00:00,0,0,0
2021-07-29 01:00:00,0,0,0
2021-07-29 02:00:00,0,0,0
2021-07-29 03:00:00,0,0,0
2021-07-29 04:00:00,0,0,0
2021-07-29 05:00:00,2,1,1
2021-07-29 06:00:00,13,4,9
2021-07-29 07:00:00,14,3,11
2021-07-29 08:00:00,24,5,19
2021-07-29 09:00:00,19,1,18
2021-07-29 10:00:00,22,5,17
2021-07-29 11:00:00,20,5,15
2021-07-29 12:00:00,16,3,13
2021-07-29 13:00:00,12,3,9
2021-07-29 14:00:00,8,4,4
2021-07-29 15:00:00,15,1,14
2021-07-29 16:00:00,32,4,28
2021-07-29 17:00:00,27,5,22
2021-07-29 18:00:00,21,1,20
2021-07-29 19:00:00,29,8,21
2021-07-29 20:00:00,8,2,6
2021-07-29 21:00:00,12,1,11
2021-07-29 22:00:00,12,2,10
2021-07-29 23:00:00,0,0,0
2021-07-30 00:00:00,0,0,0
2021-07-30 01:00:00,0,0,0
2021-07-30 02:00:00,0,0,0
2021-07-30 03:00:00,0,0,0
2021-07-30 04:00:00,0,0,0
2021-07-30 05:00:00,1,0,1
2021-07-30 06:00:00,21,10,11
2021-07-30 07:00:00,28,10,18
2021-07-30 08:00:00,18,6,12
2021-07-30 09:00:00,35,5,30
2021-07-30 10:00:00,20,5,15
2021-07-30 11:00:00,28,4,24
2021-07-30 12:00:00,15,3,12
2021-07-30 13:00:00,14,2,12
2021-07-30 14:00:00,10,3,7
2021-07-30 15:00:00,16,3,13
2021-07-30 16:00:00,12,0,12
2021-07-30 17:00:00,17,4,13
2021-07-30 18:00:00,25,4,21
2021-07-30 19:00:00,22,1,21
2021-07-30 20:00:00,10,0,10
2021-07-30 21:00:00,6,2,4
2021-07-30 22:00:00,1,1,0
2021-07-30 23:00:00,1,0,1
2021-07-31 00:00:00,4,0,4
2021-07-31 01:00:00,0,0,0
2021-07-31 02:00:00,0,0,0
2021-07-31 03:00:00,0,0,0
2021-07-31 04:00:00,0,0,0
2021-07-31 05:00:00,3,2,1
2021-07-31 06:00:00,6,2,4
2021-07-31 07:00:00,16,4,12
2021-07-31 08:00:00,40,21,19
2021-07-31 09:00:00,60,19,41
2021-07-31 10:00:00,67,16,51
2021-07-31 11:00:00,60,8,52
2021-07-31 12:00:00,65,13,52
2021-07-31 13:00:00,46,3,43
2021-07-31 14:00:00,42,9,33
2021-07-31 15:00:00,45,8,37
2021-07-31 16:00:00,34,7,27
2021-07-31 17:00:00,23,5,18
2021-07-31 18:00:00,22,6,16
2021-07-31 19:00:00,19,5,14
2021-07-31 20:00:00,11,2,9
2021-07-31 21:00:00,3,0,3
2021-07-31 22:00:00,3,2,1
2021-07-31 23:00:00,1,1,0
2021-08-01 00:00:00,2,2,0
2021-08-01 01:00:00,0,0,0
2021-08-01 02:00:00,0,0,0
2021-08-01 03:00:00,0,0,0
2021-08-01 04:00:00,0,0,0
2021-08-01 05:00:00,2,0,2
2021-08-01 06:00:00,5,4,1
2021-08-01 07:00:00,30,22,8
2021-08-01 08:00:00,40,22,18
2021-08-01 09:00:00,70,51,19
2021-08-01 10:00:00,62,45,17
2021-08-01 11:00:00,51,42,9
2021-08-01 12:00:00,49,43,6
2021-08-01 13:00:00,47,34,13
2021-08-01 14:00:00,30,28,2
2021-08-01 15:00:00,41,31,10
2021-08-01 16:00:00,33,24,9
2021-08-01 17:00:00,25,20,5
2021-08-01 18:00:00,11,11,0
2021-08-01 19:00:00,13,13,0
2021-08-01 20:00:00,10,7,3
2021-08-01 21:00:00,1,0,1
2021-08-01 22:00:00,0,0,0
2021-08-01 23:00:00,0,0,0
2021-08-02 00:00:00,1,0,1
2021-08-02 01:00:00,0,0,0
2021-08-02 02:00:00,0,0,0
2021-08-02 03:00:00,0,0,0
2021-08-02 04:00:00,1,1,0
2021-08-02 05:00:00,5,4,1
2021-08-02 06:00:00,10,10,0
2021-08-02 07:00:00,18,11,7
2021-08-02 08:00:00,30,24,6
2021-08-02 09:00:00,13,10,3
2021-08-02 10:00:00,19,15,4
2021-08-02 11:00:00,18,15,3
2021-08-02 12:00:00,20,13,7
2021-08-02 13:00:00,17,12,5
2021-08-02 14:00:00,16,9,7
2021-08-02 15:00:00,17,14,3
2021-08-02 16:00:00,23,18,5
2021-08-02 17:00:00,20,17,3
2021-08-02 18:00:00,23,19,4
2021-08-02 19:00:00,24,23,1
2021-08-02 20:00:00,10,8,2
2021-08-02 21:00:00,6,6,0
2021-08-02 22:00:00,0,0,0
2021-08-02 23:00:00,0,0,0
2021-08-03 00:00:00,0,0,0
2021-08-03 01:00:00,0,0,0
2021-08-03 02:00:00,0,0,0
2021-08-03 03:00:00,0,0,0
2021-08-03 04:00:00,1,1,0
2021-08-03 05:00:00,5,3,2
2021-08-03 06:00:00,19,12,7
2021-08-03 07:00:00,24,18,6
2021-08-03 08:00:00,26,22,4
2021-08-03 09:00:00,22,19,3
2021-08-03 10:00:00,24,14,10
2021-08-03 11:00:00,29,21,8
2021-08-03 12:00:00,26,16,10
2021-08-03 13:00:00,12,8,4
2021-08-03 14:00:00,13,10,3
2021-08-03 15:00:00,32,20,12
2021-08-03 16:00:00,28,21,7
2021-08-03 17:00:00,37,24,13
2021-08-03 18:00:00,40,31,9
2021-08-03 19:00:00,39,33,6
2021-08-03 20:00:00,15,12,3
2021-08-03 21:00:00,7,4,3
2021-08-03 22:00:00,0,0,0
2021-08-03 23:00:00,0,0,0
2021-08-04 00:00:00,0,0,0
2021-08-04 01:00:00,0,0,0
2021-08-04 02:00:00,0,0,0
2021-08-04 03:00:00,0,0,0
2021-08-04 04:00:00,2,2,0
2021-08-04 05:00:00,10,4,6
2021-08-04 06:00:00,25,17,8
2021-08-04 07:00:00,28,21,7
2021-08-04 08:00:00,30,25,5
2021-08-04 09:00:00,19,12,7
2021-08-04 10:00:00,19,9,10
2021-08-04 11:00:00,28,15,13
2021-08-04 12:00:00,29,26,3
2021-08-04 13:00:00,16,13,3
2021-08-04 14:00:00,21,9,12
2021-08-04 15:00:00,19,9,10
2021-08-04 16:00:00,26,15,11
2021-08-04 17:00:00,32,22,10
2021-08-04 18:00:00,33,24,9
2021-08-04 19:00:00,29,24,5
2021-08-04 20:00:00,40,33,7
2021-08-04 21:00:00,14,8,6
2021-08-04 22:00:00,8,6,2
2021-08-04 23:00:00,2,1,1
2021-08-05 00:00:00,1,1,0
2021-08-05 01:00:00,0,0,0
2021-08-05 02:00:00,0,0,0
2021-08-05 03:00:00,0,0,0
2021-08-05 04:00:00,2,2,0
2021-08-05 05:00:00,2,1,1
2021-08-05 06:00:00,17,7,10
2021-08-05 07:00:00,25,18,7
2021-08-05 08:00:00,27,25,2
2021-08-05 09:00:00,22,16,6
2021-08-05 10:00:00,25,13,12
2021-08-05 11:00:00,27,13,14
2021-08-05 12:00:00,26,19,7
2021-08-05 13:00:00,22,15,7
2021-08-05 14:00:00,11,4,7
2021-08-05 15:00:00,29,17,12
2021-08-05 16:00:00,27,16,11
2021-08-05 17:00:00,43,27,16
2021-08-05 18:00:00,40,29,11
2021-08-05 19:00:00,43,34,9
2021-08-05 20:00:00,21,18,3
2021-08-05 21:00:00,2,1,1
2021-08-05 22:00:00,0,0,0
2021-08-05 23:00:00,0,0,0
2021-08-06 00:00:00,0,0,0
2021-08-06 01:00:00,0,0,0
2021-08-06 02:00:00,0,0,0
2021-08-06 03:00:00,0,0,0
2021-08-06 04:00:00,2,2,0
2021-08-06 05:00:00,2,1,1
2021-08-06 06:00:00,10,8,2
2021-08-06 07:00:00,20,9,11
2021-08-06 08:00:00,23,19,4
2021-08-06 09:00:00,13,9,4
2021-08-06 10:00:00,5,2,3
2021-08-06 11:00:00,11,4,7
2021-08-06 12:00:00,10,4,6
2021-08-06 13:00:00,21,15,6
2021-08-06 14:00:00,23,12,11
2021-08-06 15:00:00,31,18,13
2021-08-06 16:00:00,27,14,13
2021-08-06 17:00:00,29,15,14
2021-08-06 18:00:00,25,14,11
2021-08-06 19:00:00,28,23,5
2021-08-06 20:00:00,19,11,8
2021-08-06 21:00:00,1,1,0
2021-08-06 22:00:00,0,0,0
2021-08-06 23:00:00,1,0,1
2021-08-07 00:00:00,0,0,0
2021-08-07 01:00:00,0,0,0
2021-08-07 02:00:00,0,0,0
2021-08-07 03:00:00,0,0,0
2021-08-07 04:00:00,0,0,0
2021-08-07 05:00:00,1,0,1
2021-08-07 06:00:00,12,4,8
2021-08-07 07:00:00,21,11,10
2021-08-07 08:00:00,60,31,29
2021-08-07 09:00:00,38,24,14
2021-08-07 10:00:00,67,36,31
2021-08-07 11:00:00,80,67,13
2021-08-07 12:00:00,73,55,18
2021-08-07 13:00:00,48,34,14
2021-08-07 14:00:00,54,42,12
2021-08-07 15:00:00,40,24,16
2021-08-07 16:00:00,43,27,16
2021-08-07 17:00:00,35,31,4
2021-08-07 18:00:00,16,7,9
2021-08-07 19:00:00,6,2,4
2021-08-07 20:00:00,6,4,2
2021-08-07 21:00:00,1,1,0
2021-08-07 22:00:00,0,0,0
2021-08-07 23:00:00,0,0,0
2021-08-08 00:00:00,0,0,0
2021-08-08 01:00:00,0,0,0
2021-08-08 02:00:00,0,0,0
2021-08-08 03:00:00,0,0,0
2021-08-08 04:00:00,0,0,0
2021-08-08 05:00:00,2,1,1
2021-08-08 06:00:00,2,1,1
2021-08-08 07:00:00,17,10,7
2021-08-08 08:00:00,34,11,23
2021-08-08 09:00:00,79,61,18
2021-08-08 10:00:00,75,35,40
2021-08-08 11:00:00,108,52,56
2021-08-08 12:00:00,82,46,36
2021-08-08 13:00:00,96,52,44
2021-08-08 14:00:00,78,48,30
2021-08-08 15:00:00,79,47,32
2021-08-08 16:00:00,55,36,19
2021-08-08 17:00:00,44,36,8
2021-08-08 18:00:00,37,23,14
2021-08-08 19:00:00,24,19,5
2021-08-08 20:00:00,6,5,1
2021-08-08 21:00:00,5,2,3
2021-08-08 22:00:00,0,0,0
2021-08-08 23:00:00,0,0,0
2021-08-09 00:00:00,0,0,0
2021-08-09 01:00:00,0,0,0
2021-08-09 02:00:00,0,0,0
2021-08-09 03:00:00,0,0,0
2021-08-09 04:00:00,1,1,0
2021-08-09 05:00:00,6,4,2
2021-08-09 06:00:00,10,8,2
2021-08-09 07:00:00,20,14,6
2021-08-09 08:00:00,21,15,6
2021-08-09 09:00:00,29,23,6
2021-08-09 10:00:00,22,10,12
2021-08-09 11:00:00,27,16,11
2021-08-09 12:00:00,18,11,7
2021-08-09 13:00:00,20,13,7
2021-08-09 14:00:00,27,16,11
2021-08-09 15:00:00,25,16,9
2021-08-09 16:00:00,21,14,7
2021-08-09 17:00:00,35,21,14
2021-08-09 18:00:00,51,38,13
2021-08-09 19:00:00,29,26,3
2021-08-09 20:00:00,7,7,0
2021-08-09 21:00:00,2,2,0
2021-08-09 22:00:00,1,1,0
2021-08-09 23:00:00,4,3,1
2021-08-10 00:00:00,0,0,0
2021-08-10 01:00:00,0,0,0
2021-08-10 02:00:00,0,0,0
2021-08-10 03:00:00,0,0,0
2021-08-10 04:00:00,0,0,0
2021-08-10 05:00:00,4,1,3
2021-08-10 06:00:00,25,20,5
2021-08-10 07:00:00,28,18,10
2021-08-10 08:00:00,19,14,5
2021-08-10 09:00:00,24,13,11
2021-08-10 10:00:00,28,14,14
2021-08-10 11:00:00,35,25,10
2021-08-10 12:00:00,25,16,9
2021-08-10 13:00:00,19,13,6
2021-08-10 14:00:00,25,20,5
2021-08-10 15:00:00,28,19,9
2021-08-10 16:00:00,33,22,11
2021-08-10 17:00:00,53,37,16
2021-08-10 18:00:00,50,36,14
2021-08-10 19:00:00,45,36,9
2021-08-10 20:00:00,23,15,8
2021-08-10 21:00:00,2,2,0
2021-08-10 22:00:00,0,0,0
2021-08-10 23:00:00,0,0,0
2021-08-11 00:00:00,0,0,0
2021-08-11 01:00:00,0,0,0
2021-08-11 02:00:00,0,0,0
2021-08-11 03:00:00,0,0,0
2021-08-11 04:00:00,1,1,0
2021-08-11 05:00:00,3,3,0
2021-08-11 06:00:00,23,9,14
2021-08-11 07:00:00,30,20,10
2021-08-11 08:00:00,33,22,11
2021-08-11 09:00:00,29,17,12
2021-08-11 10:00:00,36,20,16
2021-08-11 11:00:00,38,29,9
2021-08-11 12:00:00,32,17,15
2021-08-11 13:00:00,19,14,5
2021-08-11 14:00:00,13,11,2
2021-08-11 15:00:00,12,8,4
2021-08-11 16:00:00,19,13,6
2021-08-11 17:00:00,27,18,9
2021-08-11 18:00:00,37,20,17
2021-08-11 19:00:00,35,30,5
2021-08-11 20:00:00,20,18,2
2021-08-11 21:00:00,8,8,0
2021-08-11 22:00:00,1,0,1
2021-08-11 23:00:00,0,0,0
2021-08-12 00:00:00,0,0,0
2021-08-12 01:00:00,0,0,0
2021-08-12 02:00:00,0,0,0
2021-08-12 03:00:00,0,0,0
2021-08-12 04:00:00,0,0,0
2021-08-12 05:00:00,3,2,1
2021-08-12 06:00:00,13,10,3
2021-08-12 07:00:00,23,14,9
2021-08-12 08:00:00,45,33,12
2021-08-12 09:00:00,28,17,11
2021-08-12 10:00:00,34,23,11
2021-08-12 11:00:00,25,14,11
2021-08-12 12:00:00,16,16,0
2021-08-12 13:00:00,13,12,1
2021-08-12 14:00:00,8,5,3
2021-08-12 15:00:00,5,1,4
2021-08-12 16:00:00,23,20,3
2021-08-12 17:00:00,16,11,5
2021-08-12 18:00:00,19,12,7
2021-08-12 19:00:00,13,9,4
2021-08-12 20:00:00,10,9,1
2021-08-12 21:00:00,2,2,0
2021-08-12 22:00:00,0,0,0
2021-08-12 23:00:00,1,0,1
2021-08-13 00:00:00,0,0,0
2021-08-13 01:00:00,0,0,0
2021-08-13 02:00:00,0,0,0
2021-08-13 03:00:00,0,0,0
2021-08-13 04:00:00,0,0,0
2021-08-13 05:00:00,1,0,1
2021-08-13 06:00:00,14,7,7
2021-08-13 07:00:00,19,11,8
2021-08-13 08:00:00,18,13,5
2021-08-13 09:00:00,17,13,4
2021-08-13 10:00:00,20,12,8
2021-08-13 11:00:00,10,6,4
2021-08-13 12:00:00,12,8,4
2021-08-13 13:00:00,13,9,4
2021-08-13 14:00:00,12,9,3
2021-08-13 15:00:00,7,4,3
2021-08-13 16:00:00,19,10,9
2021-08-13 17:00:00,9,6,3
2021-08-13 18:00:00,1,1,0
2021-08-13 19:00:00,9,7,2
2021-08-13 20:00:00,3,2,1
2021-08-13 21:00:00,0,0,0
2021-08-13 22:00:00,4,0,4
2021-08-13 23:00:00,1,0,1
2021-08-14 00:00:00,6,5,1
2021-08-14 01:00:00,0,0,0
2021-08-14 02:00:00,0,0,0
2021-08-14 03:00:00,0,0,0
2021-08-14 04:00:00,0,0,0
2021-08-14 05:00:00,2,2,0
2021-08-14 06:00:00,4,2,2
2021-08-14 07:00:00,24,13,11
2021-08-14 08:00:00,60,37,23
2021-08-14 09:00:00,76,46,30
2021-08-14 10:00:00,103,78,25
2021-08-14 11:00:00,77,57,20
2021-08-14 12:00:00,58,44,14
2021-08-14 13:00:00,45,35,10
2021-08-14 14:00:00,47,36,11
2021-08-14 15:00:00,29,19,10
2021-08-14 16:00:00,20,13,7
2021-08-14 17:00:00,20,17,3
2021-08-14 18:00:00,18,12,6
2021-08-14 19:00:00,13,10,3
2021-08-14 20:00:00,5,5,0
2021-08-14 21:00:00,0,0,0
2021-08-14 22:00:00,2,1,1
2021-08-14 23:00:00,2,0,2
2021-08-15 00:00:00,1,1,0
2021-08-15 01:00:00,2,0,2
2021-08-15 02:00:00,0,0,0
2021-08-15 03:00:00,0,0,0
2021-08-15 04:00:00,2,1,1
2021-08-15 05:00:00,2,1,1
2021-08-15 06:00:00,3,0,3
2021-08-15 07:00:00,23,14,9
2021-08-15 08:00:00,43,16,27
2021-08-15 09:00:00,91,63,28
2021-08-15 10:00:00,94,60,34
2021-08-15 11:00:00,93,56,37
2021-08-15 12:00:00,82,65,17
2021-08-15 13:00:00,70,48,22
2021-08-15 14:00:00,53,41,12
2021-08-15 15:00:00,55,38,17
2021-08-15 16:00:00,40,26,14
2021-08-15 17:00:00,48,38,10
2021-08-15 18:00:00,21,16,5
2021-08-15 19:00:00,23,12,11
2021-08-15 20:00:00,16,16,0
2021-08-15 21:00:00,0,0,0
2021-08-15 22:00:00,1,1,0
2021-08-15 23:00:00,0,0,0
2021-08-16 00:00:00,0,0,0
2021-08-16 01:00:00,0,0,0
2021-08-16 02:00:00,0,0,0
2021-08-16 03:00:00,0,0,0
2021-08-16 04:00:00,1,1,0
2021-08-16 05:00:00,2,2,0
2021-08-16 06:00:00,12,9,3
2021-08-16 07:00:00,23,13,10
2021-08-16 08:00:00,20,12,8
2021-08-16 09:00:00,25,14,11
2021-08-16 10:00:00,22,8,14
2021-08-16 11:00:00,21,16,5
2021-08-16 12:00:00,16,13,3
2021-08-16 13:00:00,21,15,6
2021-08-16 14:00:00,15,6,9
2021-08-16 15:00:00,17,12,5
2021-08-16 16:00:00,22,14,8
2021-08-16 17:00:00,50,22,28
2021-08-16 18:00:00,42,30,12
2021-08-16 19:00:00,13,10,3
2021-08-16 20:00:00,13,9,4
2021-08-16 21:00:00,1,1,0
2021-08-16 22:00:00,0,0,0
2021-08-16 23:00:00,0,0,0
2021-08-17 00:00:00,1,1,0
2021-08-17 01:00:00,0,0,0
2021-08-17 02:00:00,0,0,0
2021-08-17 03:00:00,0,0,0
2021-08-17 04:00:00,3,1,2
2021-08-17 05:00:00,9,4,5
2021-08-17 06:00:00,18,10,8
2021-08-17 07:00:00,35,21,14
2021-08-17 08:00:00,30,20,10
2021-08-17 09:00:00,20,12,8
2021-08-17 10:00:00,34,22,12
2021-08-17 11:00:00,12,11,1
2021-08-17 12:00:00,19,13,6
2021-08-17 13:00:00,8,4,4
2021-08-17 14:00:00,26,11,15
2021-08-17 15:00:00,21,13,8
2021-08-17 16:00:00,38,25,13
2021-08-17 17:00:00,64,36,28
2021-08-17 18:00:00,63,35,28
2021-08-17 19:00:00,44,38,6
2021-08-17 20:00:00,23,21,2
2021-08-17 21:00:00,2,2,0
2021-08-17 22:00:00,0,0,0
2021-08-17 23:00:00,0,0,0
2021-08-18 00:00:00,1,1,0
2021-08-18 01:00:00,0,0,0
2021-08-18 02:00:00,0,0,0
2021-08-18 03:00:00,0,0,0
2021-08-18 04:00:00,2,2,0
2021-08-18 05:00:00,7,4,3
2021-08-18 06:00:00,37,16,21
2021-08-18 07:00:00,38,30,8
2021-08-18 08:00:00,27,16,11
2021-08-18 09:00:00,18,14,4
2021-08-18 10:00:00,19,6,13
2021-08-18 11:00:00,22,15,7
2021-08-18 12:00:00,26,17,9
2021-08-18 13:00:00,28,23,5
2021-08-18 14:00:00,28,13,15
2021-08-18 15:00:00,30,17,13
2021-08-18 16:00:00,32,19,13
2021-08-18 17:00:00,52,34,18
2021-08-18 18:00:00,64,37,27
2021-08-18 19:00:00,49,41,8
2021-08-18 20:00:00,25,21,4
2021-08-18 21:00:00,2,2,0
2021-08-18 22:00:00,1,1,0
2021-08-18 23:00:00,2,0,2
2021-08-19 00:00:00,1,1,0
2021-08-19 01:00:00,1,1,0
2021-08-19 02:00:00,0,0,0
2021-08-19 03:00:00,0,0,0
2021-08-19 04:00:00,1,1,0
2021-08-19 05:00:00,7,4,3
2021-08-19 06:00:00,14,7,7
2021-08-19 07:00:00,32,19,13
2021-08-19 08:00:00,38,31,7
2021-08-19 09:00:00,23,14,9
2021-08-19 10:00:00,16,9,7
2021-08-19 11:00:00,16,10,6
2021-08-19 12:00:00,21,14,7
2021-08-19 13:00:00,20,17,3
2021-08-19 14:00:00,38,20,18
2021-08-19 15:00:00,37,22,15
2021-08-19 16:00:00,33,22,11
2021-08-19 17:00:00,41,32,9
2021-08-19 18:00:00,56,32,24
2021-08-19 19:00:00,38,33,5
2021-08-19 20:00:00,18,12,6
2021-08-19 21:00:00,1,0,1
2021-08-19 22:00:00,1,1,0
2021-08-19 23:00:00,2,0,2
2021-08-20 00:00:00,1,0,1
2021-08-20 01:00:00,0,0,0
2021-08-20 02:00:00,0,0,0
2021-08-20 03:00:00,0,0,0
2021-08-20 04:00:00,0,0,0
2021-08-20 05:00:00,2,1,1
2021-08-20 06:00:00,13,7,6
2021-08-20 07:00:00,24,11,13
2021-08-20 08:00:00,20,13,7
2021-08-20 09:00:00,17,13,4
2021-08-20 10:00:00,25,13,12
2021-08-20 11:00:00,22,10,12
2021-08-20 12:00:00,29,16,13
2021-08-20 13:00:00,28,19,9
2021-08-20 14:00:00,23,14,9
2021-08-20 15:00:00,25,19,6
2021-08-20 16:00:00,22,14,8
2021-08-20 17:00:00,22,15,7
2021-08-20 18:00:00,32,27,5
2021-08-20 19:00:00,18,10,8
2021-08-20 20:00:00,7,6,1
2021-08-20 21:00:00,1,1,0
2021-08-20 22:00:00,0,0,0
2021-08-20 23:00:00,1,1,0
2021-08-21 00:00:00,1,1,0
2021-08-21 01:00:00,1,1,0
2021-08-21 02:00:00,0,0,0
2021-08-21 03:00:00,0,0,0
2021-08-21 04:00:00,0,0,0
2021-08-21 05:00:00,4,2,2
2021-08-21 06:00:00,13,5,8
2021-08-21 07:00:00,17,4,13
2021-08-21 08:00:00,52,23,29
2021-08-21 09:00:00,93,40,53
2021-08-21 10:00:00,66,44,22
2021-08-21 11:00:00,74,56,18
2021-08-21 12:00:00,67,45,22
2021-08-21 13:00:00,98,61,37
2021-08-21 14:00:00,66,39,27
2021-08-21 15:00:00,63,34,29
2021-08-21 16:00:00,60,45,15
2021-08-21 17:00:00,38,29,9
2021-08-21 18:00:00,33,23,10
2021-08-21 19:00:00,8,5,3
2021-08-21 20:00:00,2,2,0
2021-08-21 21:00:00,3,3,0
2021-08-21 22:00:00,4,0,4
2021-08-21 23:00:00,2,2,0
2021-08-22 00:00:00,0,0,0
2021-08-22 01:00:00,0,0,0
2021-08-22 02:00:00,2,0,2
2021-08-22 03:00:00,0,0,0
2021-08-22 04:00:00,0,0,0
2021-08-22 05:00:00,2,0,2
2021-08-22 06:00:00,6,4,2
2021-08-22 07:00:00,14,6,8
2021-08-22 08:00:00,30,9,21
2021-08-22 09:00:00,66,39,27
2021-08-22 10:00:00,82,34,48
2021-08-22 11:00:00,80,51,29
2021-08-22 12:00:00,79,50,29
2021-08-22 13:00:00,64,39,25
2021-08-22 14:00:00,61,40,21
2021-08-22 15:00:00,48,27,21
2021-08-22 16:00:00,40,27,13
2021-08-22 17:00:00,20,17,3
2021-08-22 18:00:00,17,7,10
2021-08-22 19:00:00,12,7,5
2021-08-22 20:00:00,4,3,1
2021-08-22 21:00:00,1,1,0
2021-08-22 22:00:00,0,0,0
2021-08-22 23:00:00,1,1,0
2021-08-23 00:00:00,0,0,0
2021-08-23 01:00:00,0,0,0
2021-08-23 02:00:00,0,0,0
2021-08-23 03:00:00,0,0,0
2021-08-23 04:00:00,2,2,0
2021-08-23 05:00:00,6,3,3
2021-08-23 06:00:00,9,7,2
2021-08-23 07:00:00,21,10,11
2021-08-23 08:00:00,17,12,5
2021-08-23 09:00:00,22,19,3
2021-08-23 10:00:00,18,13,5
2021-08-23 11:00:00,13,8,5
2021-08-23 12:00:00,20,8,12
2021-08-23 13:00:00,33,17,16
2021-08-23 14:00:00,19,12,7
2021-08-23 15:00:00,23,18,5
2021-08-23 16:00:00,27,10,17
2021-08-23 17:00:00,40,24,16
2021-08-23 18:00:00,38,28,10
2021-08-23 19:00:00,32,30,2
2021-08-23 20:00:00,9,9,0
2021-08-23 21:00:00,1,1,0
2021-08-23 22:00:00,0,0,0
2021-08-23 23:00:00,0,0,0
2021-08-24 00:00:00,0,0,0
2021-08-24 01:00:00,0,0,0
2021-08-24 02:00:00,0,0,0
2021-08-24 03:00:00,0,0,0
2021-08-24 04:00:00,1,1,0
2021-08-24 05:00:00,2,1,1
2021-08-24 06:00:00,20,13,7
2021-08-24 07:00:00,35,28,7
2021-08-24 08:00:00,16,11,5
2021-08-24 09:00:00,22,12,10
2021-08-24 10:00:00,20,11,9
2021-08-24 11:00:00,16,6,10
2021-08-24 12:00:00,29,20,9
2021-08-24 13:00:00,34,25,9
2021-08-24 14:00:00,32,15,17
2021-08-24 15:00:00,41,20,21
2021-08-24 16:00:00,37,18,19
2021-08-24 17:00:00,61,34,27
2021-08-24 18:00:00,51,37,14
2021-08-24 19:00:00,61,56,5
2021-08-24 20:00:00,13,9,4
2021-08-24 21:00:00,6,4,2
2021-08-24 22:00:00,0,0,0
2021-08-24 23:00:00,0,0,0
2021-08-25 00:00:00,0,0,0
2021-08-25 01:00:00,0,0,0
2021-08-25 02:00:00,0,0,0
2021-08-25 03:00:00,0,0,0
2021-08-25 04:00:00,1,1,0
2021-08-25 05:00:00,3,1,2
2021-08-25 06:00:00,13,8,5
2021-08-25 07:00:00,35,19,16
2021-08-25 08:00:00,35,27,8
2021-08-25 09:00:00,24,14,10
2021-08-25 10:00:00,18,8,10
2021-08-25 11:00:00,27,14,13
2021-08-25 12:00:00,18,10,8
2021-08-25 13:00:00,19,15,4
2021-08-25 14:00:00,34,15,19
2021-08-25 15:00:00,23,11,12
2021-08-25 16:00:00,34,25,9
2021-08-25 17:00:00,62,42,20
2021-08-25 18:00:00,56,38,18
2021-08-25 19:00:00,56,39,17
2021-08-25 20:00:00,29,29,0
2021-08-25 21:00:00,3,3,0
2021-08-25 22:00:00,1,1,0
2021-08-25 23:00:00,0,0,0
2021-08-26 00:00:00,2,2,0
2021-08-26 01:00:00,0,0,0
2021-08-26 02:00:00,0,0,0
2021-08-26 03:00:00,0,0,0
2021-08-26 04:00:00,0,0,0
2021-08-26 05:00:00,2,1,1
2021-08-26 06:00:00,24,18,6
2021-08-26 07:00:00,29,18,11
2021-08-26 08:00:00,20,16,4
2021-08-26 09:00:00,13,10,3
2021-08-26 10:00:00,14,12,2
2021-08-26 11:00:00,20,11,9
2021-08-26 12:00:00,13,8,5
2021-08-26 13:00:00,20,12,8
2021-08-26 14:00:00,15,11,4
2021-08-26 15:00:00,20,11,9
2021-08-26 16:00:00,22,14,8
2021-08-26 17:00:00,31,18,13
2021-08-26 18:00:00,27,22,5
2021-08-26 19:00:00,30,18,12
2021-08-26 20:00:00,9,9,0
2021-08-26 21:00:00,0,0,0
2021-08-26 22:00:00,4,4,0
2021-08-26 23:00:00,0,0,0
2021-08-27 00:00:00,0,0,0
2021-08-27 01:00:00,0,0,0
2021-08-27 02:00:00,0,0,0
2021-08-27 03:00:00,0,0,0
2021-08-27 04:00:00,0,0,0
2021-08-27 05:00:00,2,0,2
2021-08-27 06:00:00,6,4,2
2021-08-27 07:00:00,15,5,10
2021-08-27 08:00:00,13,11,2
2021-08-27 09:00:00,12,9,3
2021-08-27 10:00:00,7,3,4
2021-08-27 11:00:00,19,12,7
2021-08-27 12:00:00,11,8,3
2021-08-27 13:00:00,12,8,4
2021-08-27 14:00:00,21,10,11
2021-08-27 15:00:00,32,17,15
2021-08-27 16:00:00,36,24,12
2021-08-27 17:00:00,30,25,5
2021-08-27 18:00:00,21,17,4
2021-08-27 19:00:00,27,21,6
2021-08-27 20:00:00,4,4,0
2021-08-27 21:00:00,1,0,1
2021-08-27 22:00:00,1,1,0
2021-08-27 23:00:00,0,0,0
2021-08-28 00:00:00,0,0,0
2021-08-28 01:00:00,0,0,0
2021-08-28 02:00:00,0,0,0
2021-08-28 03:00:00,1,0,1
2021-08-28 04:00:00,0,0,0
2021-08-28 05:00:00,2,1,1
2021-08-28 06:00:00,4,1,3
2021-08-28 07:00:00,22,9,13
2021-08-28 08:00:00,43,24,19
2021-08-28 09:00:00,67,39,28
2021-08-28 10:00:00,88,61,27
2021-08-28 11:00:00,94,61,33
2021-08-28 12:00:00,89,57,32
2021-08-28 13:00:00,71,52,19
2021-08-28 14:00:00,59,34,25
2021-08-28 15:00:00,49,34,15
2021-08-28 16:00:00,41,28,13
2021-08-28 17:00:00,26,22,4
2021-08-28 18:00:00,19,15,4
2021-08-28 19:00:00,11,11,0
2021-08-28 20:00:00,7,7,0
2021-08-28 21:00:00,3,1,2
2021-08-28 22:00:00,2,2,0
2021-08-28 23:00:00,1,0,1
2021-08-29 00:00:00,3,3,0
2021-08-29 01:00:00,0,0,0
2021-08-29 02:00:00,0,0,0
2021-08-29 03:00:00,0,0,0
2021-08-29 04:00:00,0,0,0
2021-08-29 05:00:00,4,2,2
2021-08-29 06:00:00,7,2,5
2021-08-29 07:00:00,10,2,8
2021-08-29 08:00:00,37,11,26
2021-08-29 09:00:00,70,48,22
2021-08-29 10:00:00,70,44,26
2021-08-29 11:00:00,76,47,29
2021-08-29 12:00:00,61,44,17
2021-08-29 13:00:00,63,31,32
2021-08-29 14:00:00,56,40,16
2021-08-29 15:00:00,57,33,24
2021-08-29 16:00:00,55,32,23
2021-08-29 17:00:00,32,25,7
2021-08-29 18:00:00,21,11,10
2021-08-29 19:00:00,25,15,10
2021-08-29 20:00:00,4,2,2
2021-08-29 21:00:00,2,1,1
2021-08-29 22:00:00,2,2,0
2021-08-29 23:00:00,0,0,0
2021-08-30 00:00:00,0,0,0
2021-08-30 01:00:00,0,0,0
2021-08-30 02:00:00,0,0,0
2021-08-30 03:00:00,0,0,0
2021-08-30 04:00:00,3,3,0
2021-08-30 05:00:00,2,1,1
2021-08-30 06:00:00,15,13,2
2021-08-30 07:00:00,20,10,10
2021-08-30 08:00:00,12,10,2
2021-08-30 09:00:00,19,10,9
2021-08-30 10:00:00,13,8,5
2021-08-30 11:00:00,17,6,11
2021-08-30 12:00:00,13,11,2
2021-08-30 13:00:00,7,4,3
2021-08-30 14:00:00,14,8,6
2021-08-30 15:00:00,14,7,7
2021-08-30 16:00:00,21,13,8
2021-08-30 17:00:00,38,26,12
2021-08-30 18:00:00,26,19,7
2021-08-30 19:00:00,21,15,6
2021-08-30 20:00:00,5,4,1
2021-08-30 21:00:00,2,2,0
2021-08-30 22:00:00,2,1,1
2021-08-30 23:00:00,0,0,0
2021-08-31 00:00:00,0,0,0
2021-08-31 01:00:00,0,0,0
2021-08-31 02:00:00,0,0,0
2021-08-31 03:00:00,0,0,0
2021-08-31 04:00:00,2,1,1
2021-08-31 05:00:00,4,2,2
2021-08-31 06:00:00,16,7,9
2021-08-31 07:00:00,35,18,17
2021-08-31 08:00:00,29,25,4
2021-08-31 09:00:00,7,2,5
2021-08-31 10:00:00,14,8,6
2021-08-31 11:00:00,12,10,2
2021-08-31 12:00:00,17,10,7
2021-08-31 13:00:00,11,8,3
2021-08-31 14:00:00,16,11,5
2021-08-31 15:00:00,13,10,3
2021-08-31 16:00:00,37,20,17
2021-08-31 17:00:00,33,12,21
2021-08-31 18:00:00,47,33,14
2021-08-31 19:00:00,36,35,1
2021-08-31 20:00:00,14,14,0
2021-08-31 21:00:00,0,0,0
2021-08-31 22:00:00,1,1,0
2021-08-31 23:00:00,0,0,0
2021-09-01 00:00:00,0,0,0
2021-09-01 01:00:00,0,0,0
2021-09-01 02:00:00,0,0,0
2021-09-01 03:00:00,0,0,0
2021-09-01 04:00:00,1,1,0
2021-09-01 05:00:00,4,3,1
2021-09-01 06:00:00,16,10,6
2021-09-01 07:00:00,27,11,16
2021-09-01 08:00:00,17,13,4
2021-09-01 09:00:00,17,13,4
2021-09-01 10:00:00,18,10,8
2021-09-01 11:00:00,17,12,5
2021-09-01 12:00:00,19,14,5
2021-09-01 13:00:00,29,16,13
2021-09-01 14:00:00,21,13,8
2021-09-01 15:00:00,32,23,9
2021-09-01 16:00:00,35,19,16
2021-09-01 17:00:00,76,44,32
2021-09-01 18:00:00,76,51,25
2021-09-01 19:00:00,60,55,5
2021-09-01 20:00:00,28,27,1
2021-09-01 21:00:00,2,1,1
2021-09-01 22:00:00,0,0,0
2021-09-01 23:00:00,0,0,0
2021-09-02 00:00:00,0,0,0
2021-09-02 01:00:00,0,0,0
2021-09-02 02:00:00,0,0,0
2021-09-02 03:00:00,0,0,0
2021-09-02 04:00:00,0,0,0
2021-09-02 05:00:00,8,4,4
2021-09-02 06:00:00,29,15,14
2021-09-02 07:00:00,27,19,8
2021-09-02 08:00:00,26,18,8
2021-09-02 09:00:00,21,11,10
2021-09-02 10:00:00,24,19,5
2021-09-02 11:00:00,20,17,3
2021-09-02 12:00:00,26,11,15
2021-09-02 13:00:00,20,15,5
2021-09-02 14:00:00,27,17,10
2021-09-02 15:00:00,29,18,11
2021-09-02 16:00:00,28,23,5
2021-09-02 17:00:00,41,33,8
2021-09-02 18:00:00,46,39,7
2021-09-02 19:00:00,18,15,3
2021-09-02 20:00:00,11,5,6
2021-09-02 21:00:00,1,1,0
2021-09-02 22:00:00,2,2,0
2021-09-02 23:00:00,0,0,0
2021-09-03 00:00:00,0,0,0
2021-09-03 01:00:00,0,0,0
2021-09-03 02:00:00,0,0,0
2021-09-03 03:00:00,0,0,0
2021-09-03 04:00:00,0,0,0
2021-09-03 05:00:00,4,0,4
2021-09-03 06:00:00,10,6,4
2021-09-03 07:00:00,40,14,26
2021-09-03 08:00:00,28,26,2
2021-09-03 09:00:00,24,13,11
2021-09-03 10:00:00,29,17,12
2021-09-03 11:00:00,26,17,9
2021-09-03 12:00:00,36,25,11
2021-09-03 13:00:00,24,16,8
2021-09-03 14:00:00,29,20,9
2021-09-03 15:00:00,27,17,10
2021-09-03 16:00:00,38,30,8
2021-09-03 17:00:00,31,27,4
2021-09-03 18:00:00,27,17,10
2021-09-03 19:00:00,15,13,2
2021-09-03 20:00:00,4,3,1
2021-09-03 21:00:00,1,1,0
2021-09-03 22:00:00,1,0,1
2021-09-03 23:00:00,0,0,0
2021-09-04 00:00:00,2,2,0
2021-09-04 01:00:00,0,0,0
2021-09-04 02:00:00,0,0,0
2021-09-04 03:00:00,0,0,0
2021-09-04 04:00:00,0,0,0
2021-09-04 05:00:00,3,2,1
2021-09-04 06:00:00,10,1,9
2021-09-04 07:00:00,13,5,8
2021-09-04 08:00:00,50,19,31
2021-09-04 09:00:00,67,38,29
2021-09-04 10:00:00,123,80,43
2021-09-04 11:00:00,110,58,52
2021-09-04 12:00:00,61,41,20
2021-09-04 13:00:00,45,30,15
2021-09-04 14:00:00,52,39,13
2021-09-04 15:00:00,47,27,20
2021-09-04 16:00:00,28,22,6
2021-09-04 17:00:00,32,24,8
2021-09-04 18:00:00,14,11,3
2021-09-04 19:00:00,10,8,2
2021-09-04 20:00:00,3,1,2
2021-09-04 21:00:00,2,2,0
2021-09-04 22:00:00,0,0,0
2021-09-04 23:00:00,0,0,0
2021-09-05 00:00:00,0,0,0
2021-09-05 01:00:00,0,0,0
2021-09-05 02:00:00,0,0,0
2021-09-05 03:00:00,0,0,0
2021-09-05 04:00:00,0,0,0
2021-09-05 05:00:00,3,1,2
2021-09-05 06:00:00,0,0,0
2021-09-05 07:00:00,9,4,5
2021-09-05 08:00:00,42,13,29
2021-09-05 09:00:00,46,29,17
2021-09-05 10:00:00,70,47,23
2021-09-05 11:00:00,64,49,15
2021-09-05 12:00:00,77,47,30
2021-09-05 13:00:00,78,48,30
2021-09-05 14:00:00,59,37,22
2021-09-05 15:00:00,50,35,15
2021-09-05 16:00:00,46,21,25
2021-09-05 17:00:00,59,40,19
2021-09-05 18:00:00,22,21,1
2021-09-05 19:00:00,14,9,5
2021-09-05 20:00:00,6,5,1
2021-09-05 21:00:00,2,2,0
2021-09-05 22:00:00,1,1,0
2021-09-05 23:00:00,0,0,0
2021-09-06 00:00:00,1,0,1
2021-09-06 01:00:00,1,1,0
2021-09-06 02:00:00,0,0,0
2021-09-06 03:00:00,0,0,0
2021-09-06 04:00:00,0,0,0
2021-09-06 05:00:00,5,2,3
2021-09-06 06:00:00,2,1,1
2021-09-06 07:00:00,19,7,12
2021-09-06 08:00:00,26,11,15
2021-09-06 09:00:00,41,27,14
2021-09-06 10:00:00,67,47,20
2021-09-06 11:00:00,74,40,34
2021-09-06 12:00:00,79,52,27
2021-09-06 13:00:00,55,35,20
2021-09-06 14:00:00,54,33,21
2021-09-06 15:00:00,53,34,19
2021-09-06 16:00:00,35,28,7
2021-09-06 17:00:00,49,32,17
2021-09-06 18:00:00,49,39,10
2021-09-06 19:00:00,10,6,4
2021-09-06 20:00:00,1,1,0
2021-09-06 21:00:00,2,1,1
2021-09-06 22:00:00,0,0,0
2021-09-06 23:00:00,3,2,1
2021-09-07 00:00:00,0,0,0
2021-09-07 01:00:00,0,0,0
2021-09-07 02:00:00,0,0,0
2021-09-07 03:00:00,1,0,1
2021-09-07 04:00:00,0,0,0
2021-09-07 05:00:00,6,3,3
2021-09-07 06:00:00,14,7,7
2021-09-07 07:00:00,18,13,5
2021-09-07 08:00:00,15,14,1
2021-09-07 09:00:00,16,10,6
2021-09-07 10:00:00,8,7,1
2021-09-07 11:00:00,13,9,4
2021-09-07 12:00:00,15,14,1
2021-09-07 13:00:00,18,14,4
2021-09-07 14:00:00,17,10,7
2021-09-07 15:00:00,15,9,6
2021-09-07 16:00:00,25,20,5
2021-09-07 17:00:00,38,28,10
2021-09-07 18:00:00,49,32,17
2021-09-07 19:00:00,39,32,7
2021-09-07 20:00:00,10,8,2
2021-09-07 21:00:00,0,0,0
2021-09-07 22:00:00,0,0,0
2021-09-07 23:00:00,1,1,0
2021-09-08 00:00:00,2,2,0
2021-09-08 01:00:00,0,0,0
2021-09-08 02:00:00,0,0,0
2021-09-08 03:00:00,0,0,0
2021-09-08 04:00:00,1,1,0
2021-09-08 05:00:00,2,2,0
2021-09-08 06:00:00,12,7,5
2021-09-08 07:00:00,19,11,8
2021-09-08 08:00:00,21,15,6
2021-09-08 09:00:00,18,15,3
2021-09-08 10:00:00,20,13,7
2021-09-08 11:00:00,16,11,5
2021-09-08 12:00:00,22,10,12
2021-09-08 13:00:00,22,17,5
2021-09-08 14:00:00,20,12,8
2021-09-08 15:00:00,26,20,6
2021-09-08 16:00:00,25,20,5
2021-09-08 17:00:00,35,25,10
2021-09-08 18:00:00,49,38,11
2021-09-08 19:00:00,57,55,2
2021-09-08 20:00:00,6,5,1
2021-09-08 21:00:00,1,1,0
2021-09-08 22:00:00,1,1,0
2021-09-08 23:00:00,0,0,0
2021-09-09 00:00:00,0,0,0
2021-09-09 01:00:00,0,0,0
2021-09-09 02:00:00,0,0,0
2021-09-09 03:00:00,0,0,0
2021-09-09 04:00:00,2,1,1
2021-09-09 05:00:00,3,2,1
2021-09-09 06:00:00,15,8,7
2021-09-09 07:00:00,28,17,11
2021-09-09 08:00:00,22,14,8
2021-09-09 09:00:00,12,8,4
2021-09-09 10:00:00,18,14,4
2021-09-09 11:00:00,23,16,7
2021-09-09 12:00:00,26,10,16
2021-09-09 13:00:00,13,4,9
2021-09-09 14:00:00,19,12,7
2021-09-09 15:00:00,15,8,7
2021-09-09 16:00:00,37,30,7
2021-09-09 17:00:00,33,26,7
2021-09-09 18:00:00,37,22,15
2021-09-09 19:00:00,39,34,5
2021-09-09 20:00:00,5,4,1
2021-09-09 21:00:00,1,0,1
2021-09-09 22:00:00,1,0,1
2021-09-09 23:00:00,0,0,0
2021-09-10 00:00:00,0,0,0
2021-09-10 01:00:00,0,0,0
2021-09-10 02:00:00,0,0,0
2021-09-10 03:00:00,0,0,0
2021-09-10 04:00:00,1,1,0
2021-09-10 05:00:00,6,3,3
2021-09-10 06:00:00,13,9,4
2021-09-10 07:00:00,20,10,10
2021-09-10 08:00:00,14,12,2
2021-09-10 09:00:00,12,5,7
2021-09-10 10:00:00,13,4,9
2021-09-10 11:00:00,16,9,7
2021-09-10 12:00:00,14,10,4
2021-09-10 13:00:00,18,13,5
2021-09-10 14:00:00,16,8,8
2021-09-10 15:00:00,23,15,8
2021-09-10 16:00:00,23,15,8
2021-09-10 17:00:00,36,26,10
2021-09-10 18:00:00,24,15,9
2021-09-10 19:00:00,8,6,2
2021-09-10 20:00:00,6,5,1
2021-09-10 21:00:00,0,0,0
2021-09-10 22:00:00,1,0,1
2021-09-10 23:00:00,0,0,0
2021-09-11 00:00:00,0,0,0
2021-09-11 01:00:00,0,0,0
2021-09-11 02:00:00,0,0,0
2021-09-11 03:00:00,0,0,0
2021-09-11 04:00:00,0,0,0
2021-09-11 05:00:00,1,0,1
2021-09-11 06:00:00,1,1,0
2021-09-11 07:00:00,15,4,11
2021-09-11 08:00:00,44,23,21
2021-09-11 09:00:00,53,39,14
2021-09-11 10:00:00,61,42,19
2021-09-11 11:00:00,45,41,4
2021-09-11 12:00:00,58,36,22
2021-09-11 13:00:00,48,23,25
2021-09-11 14:00:00,52,36,16
2021-09-11 15:00:00,51,33,18
2021-09-11 16:00:00,39,27,12
2021-09-11 17:00:00,24,16,8
2021-09-11 18:00:00,19,15,4
2021-09-11 19:00:00,13,9,4
2021-09-11 20:00:00,7,4,3
2021-09-11 21:00:00,1,1,0
2021-09-11 22:00:00,0,0,0
2021-09-11 23:00:00,0,0,0
2021-09-12 00:00:00,3,1,2
2021-09-12 01:00:00,0,0,0
2021-09-12 02:00:00,0,0,0
2021-09-12 03:00:00,0,0,0
2021-09-12 04:00:00,0,0,0
2021-09-12 05:00:00,2,0,2
2021-09-12 06:00:00,6,3,3
2021-09-12 07:00:00,14,3,11
2021-09-12 08:00:00,20,10,10
2021-09-12 09:00:00,33,16,17
2021-09-12 10:00:00,21,10,11
2021-09-12 11:00:00,25,14,11
2021-09-12 12:00:00,42,33,9
2021-09-12 13:00:00,24,20,4
2021-09-12 14:00:00,38,25,13
2021-09-12 15:00:00,62,37,25
2021-09-12 16:00:00,46,36,10
2021-09-12 17:00:00,57,36,21
2021-09-12 18:00:00,22,17,5
2021-09-12 19:00:00,9,6,3
2021-09-12 20:00:00,1,1,0
2021-09-12 21:00:00,0,0,0
2021-09-12 22:00:00,0,0,0
2021-09-12 23:00:00,0,0,0
2021-09-13 00:00:00,0,0,0
2021-09-13 01:00:00,0,0,0
2021-09-13 02:00:00,0,0,0
2021-09-13 03:00:00,0,0,0
2021-09-13 04:00:00,1,1,0
2021-09-13 05:00:00,4,2,2
2021-09-13 06:00:00,14,8,6
2021-09-13 07:00:00,15,11,4
2021-09-13 08:00:00,15,11,4
2021-09-13 09:00:00,16,11,5
2021-09-13 10:00:00,12,11,1
2021-09-13 11:00:00,14,11,3
2021-09-13 12:00:00,25,17,8
2021-09-13 13:00:00,19,15,4
2021-09-13 14:00:00,11,7,4
2021-09-13 15:00:00,19,16,3
2021-09-13 16:00:00,27,18,9
2021-09-13 17:00:00,58,38,20
2021-09-13 18:00:00,31,26,5
2021-09-13 19:00:00,17,17,0
2021-09-13 20:00:00,8,7,1
2021-09-13 21:00:00,0,0,0
2021-09-13 22:00:00,0,0,0
2021-09-13 23:00:00,1,0,1
2021-09-14 00:00:00,0,0,0
2021-09-14 01:00:00,0,0,0
2021-09-14 02:00:00,0,0,0
2021-09-14 03:00:00,0,0,0
2021-09-14 04:00:00,1,1,0
2021-09-14 05:00:00,6,3,3
2021-09-14 06:00:00,15,9,6
2021-09-14 07:00:00,27,16,11
2021-09-14 08:00:00,22,21,1
2021-09-14 09:00:00,14,8,6
2021-09-14 10:00:00,15,5,10
2021-09-14 11:00:00,18,11,7
2021-09-14 12:00:00,25,21,4
2021-09-14 13:00:00,23,14,9
2021-09-14 14:00:00,17,10,7
2021-09-14 15:00:00,23,15,8
2021-09-14 16:00:00,32,24,8
2021-09-14 17:00:00,48,29,19
2021-09-14 18:00:00,34,23,11
2021-09-14 19:00:00,19,17,2
2021-09-14 20:00:00,1,1,0
2021-09-14 21:00:00,2,2,0
2021-09-14 22:00:00,0,0,0
2021-09-14 23:00:00,0,0,0
2021-09-15 00:00:00,0,0,0
2021-09-15 01:00:00,0,0,0
2021-09-15 02:00:00,0,0,0
2021-09-15 03:00:00,0,0,0
2021-09-15 04:00:00,0,0,0
2021-09-15 05:00:00,0,0,0
2021-09-15 06:00:00,1,0,1
2021-09-15 07:00:00,7,6,1
2021-09-15 08:00:00,21,10,11
2021-09-15 09:00:00,20,18,2
2021-09-15 10:00:00,10,6,4
2021-09-15 11:00:00,8,7,1
2021-09-15 12:00:00,14,6,8
2021-09-15 13:00:00,11,8,3
2021-09-15 14:00:00,8,7,1
2021-09-15 15:00:00,13,11,2
2021-09-15 16:00:00,13,10,3
2021-09-15 17:00:00,28,18,10
2021-09-15 18:00:00,49,32,17
2021-09-15 19:00:00,61,38,23
2021-09-15 20:00:00,47,43,4
2021-09-15 21:00:00,4,3,1
2021-09-15 22:00:00,2,2,0
2021-09-15 23:00:00,2,1,1
2021-09-16 00:00:00,0,0,0
2021-09-16 01:00:00,0,0,0
2021-09-16 02:00:00,0,0,0
2021-09-16 03:00:00,0,0,0
2021-09-16 04:00:00,0,0,0
2021-09-16 05:00:00,1,1,0
2021-09-16 06:00:00,4,3,1
2021-09-16 07:00:00,13,3,10
2021-09-16 08:00:00,32,22,10
2021-09-16 09:00:00,20,14,6
2021-09-16 10:00:00,15,10,5
2021-09-16 11:00:00,15,8,7
2021-09-16 12:00:00,25,16,9
2021-09-16 13:00:00,33,27,6
2021-09-16 14:00:00,31,15,16
2021-09-16 15:00:00,31,20,11
2021-09-16 16:00:00,30,27,3
2021-09-16 17:00:00,49,36,13
2021-09-16 18:00:00,62,51,11
2021-09-16 19:00:00,44,32,12
2021-09-16 20:00:00,22,20,2
2021-09-16 21:00:00,6,2,4
2021-09-16 22:00:00,0,0,0
2021-09-16 23:00:00,0,0,0
2021-09-17 00:00:00,0,0,0
2021-09-17 01:00:00,2,0,2
2021-09-17 02:00:00,0,0,0
2021-09-17 03:00:00,0,0,0
2021-09-17 04:00:00,0,0,0
2021-09-17 05:00:00,1,1,0
2021-09-17 06:00:00,2,0,2
2021-09-17 07:00:00,6,4,2
2021-09-17 08:00:00,7,2,5
2021-09-17 09:00:00,4,2,2
2021-09-17 10:00:00,3,3,0
2021-09-17 11:00:00,4,2,2
2021-09-17 12:00:00,5,3,2
2021-09-17 13:00:00,9,7,2
2021-09-17 14:00:00,3,3,0
2021-09-17 15:00:00,6,3,3
2021-09-17 16:00:00,5,3,2
2021-09-17 17:00:00,12,8,4
2021-09-17 18:00:00,8,5,3
2021-09-17 19:00:00,6,6,0
2021-09-17 20:00:00,8,7,1
2021-09-17 21:00:00,0,0,0
2021-09-17 22:00:00,1,1,0
2021-09-17 23:00:00,1,1,0
2021-09-18 00:00:00,0,0,0
2021-09-18 01:00:00,0,0,0
2021-09-18 02:00:00,0,0,0
2021-09-18 03:00:00,0,0,0
2021-09-18 04:00:00,0,0,0
2021-09-18 05:00:00,0,0,0
2021-09-18 06:00:00,1,0,1
2021-09-18 07:00:00,1,0,1
2021-09-18 08:00:00,2,0,2
2021-09-18 09:00:00,16,6,10
2021-09-18 10:00:00,31,17,14
2021-09-18 11:00:00,42,24,18
2021-09-18 12:00:00,50,34,16
2021-09-18 13:00:00,46,34,12
2021-09-18 14:00:00,34,27,7
2021-09-18 15:00:00,30,25,5
2021-09-18 16:00:00,13,10,3
2021-09-18 17:00:00,3,0,3
2021-09-18 18:00:00,6,1,5
2021-09-18 19:00:00,9,8,1
2021-09-18 20:00:00,2,0,2
2021-09-18 21:00:00,1,1,0
2021-09-18 22:00:00,1,1,0
2021-09-18 23:00:00,0,0,0
2021-09-19 00:00:00,0,0,0
2021-09-19 01:00:00,0,0,0
2021-09-19 02:00:00,0,0,0
2021-09-19 03:00:00,0,0,0
2021-09-19 04:00:00,0,0,0
2021-09-19 05:00:00,0,0,0
2021-09-19 06:00:00,2,0,2
2021-09-19 07:00:00,1,1,0
2021-09-19 08:00:00,4,2,2
2021-09-19 09:00:00,15,6,9
2021-09-19 10:00:00,33,19,14
2021-09-19 11:00:00,47,21,26
2021-09-19 12:00:00,38,27,11
2021-09-19 13:00:00,40,34,6
2021-09-19 14:00:00,32,18,14
2021-09-19 15:00:00,34,28,6
2021-09-19 16:00:00,24,16,8
2021-09-19 17:00:00,29,18,11
2021-09-19 18:00:00,21,17,4
2021-09-19 19:00:00,12,9,3
2021-09-19 20:00:00,4,2,2
2021-09-19 21:00:00,1,1,0
2021-09-19 22:00:00,0,0,0
2021-09-19 23:00:00,2,1,1
2021-09-20 00:00:00,3,1,2
2021-09-20 01:00:00,0,0,0
2021-09-20 02:00:00,1,1,0
2021-09-20 03:00:00,0,0,0
2021-09-20 04:00:00,0,0,0
2021-09-20 05:00:00,2,2,0
2021-09-20 06:00:00,8,3,5
2021-09-20 07:00:00,12,10,2
2021-09-20 08:00:00,21,12,9
2021-09-20 09:00:00,15,11,4
2021-09-20 10:00:00,17,8,9
2021-09-20 11:00:00,24,12,12
2021-09-20 12:00:00,20,11,9
2021-09-20 13:00:00,25,19,6
2021-09-20 14:00:00,29,18,11
2021-09-20 15:00:00,31,17,14
2021-09-20 16:00:00,34,23,11
2021-09-20 17:00:00,60,30,30
2021-09-20 18:00:00,83,51,32
2021-09-20 19:00:00,74,64,10
2021-09-20 20:00:00,31,21,10
2021-09-20 21:00:00,6,6,0
2021-09-20 22:00:00,4,4,0
2021-09-20 23:00:00,0,0,0
2021-09-21 00:00:00,1,1,0
2021-09-21 01:00:00,0,0,0
2021-09-21 02:00:00,0,0,0
2021-09-21 03:00:00,0,0,0
2021-09-21 04:00:00,0,0,0
2021-09-21 05:00:00,2,2,0
2021-09-21 06:00:00,7,4,3
2021-09-21 07:00:00,20,11,9
2021-09-21 08:00:00,43,27,16
2021-09-21 09:00:00,22,16,6
2021-09-21 10:00:00,35,20,15
2021-09-21 11:00:00,24,14,10
2021-09-21 12:00:00,14,10,4
2021-09-21 13:00:00,26,14,12
2021-09-21 14:00:00,41,23,18
2021-09-21 15:00:00,27,16,11
2021-09-21 16:00:00,30,16,14
2021-09-21 17:00:00,47,25,22
2021-09-21 18:00:00,92,53,39
2021-09-21 19:00:00,89,66,23
2021-09-21 20:00:00,41,32,9
2021-09-21 21:00:00,9,9,0
2021-09-21 22:00:00,0,0,0
2021-09-21 23:00:00,2,2,0
2021-09-22 00:00:00,1,1,0
2021-09-22 01:00:00,0,0,0
2021-09-22 02:00:00,0,0,0
2021-09-22 03:00:00,0,0,0
2021-09-22 04:00:00,0,0,0
2021-09-22 05:00:00,0,0,0
2021-09-22 06:00:00,3,3,0
2021-09-22 07:00:00,12,5,7
2021-09-22 08:00:00,20,14,6
2021-09-22 09:00:00,15,12,3
2021-09-22 10:00:00,16,11,5
2021-09-22 11:00:00,11,6,5
2021-09-22 12:00:00,11,6,5
2021-09-22 13:00:00,13,9,4
2021-09-22 14:00:00,10,8,2
2021-09-22 15:00:00,7,5,2
2021-09-22 16:00:00,24,17,7
2021-09-22 17:00:00,27,19,8
2021-09-22 18:00:00,31,23,8
2021-09-22 19:00:00,33,26,7
2021-09-22 20:00:00,21,21,0
2021-09-22 21:00:00,2,2,0
2021-09-22 22:00:00,1,1,0
2021-09-22 23:00:00,0,0,0
2021-09-23 00:00:00,0,0,0
2021-09-23 01:00:00,1,0,1
2021-09-23 02:00:00,0,0,0
2021-09-23 03:00:00,0,0,0
2021-09-23 04:00:00,0,0,0
2021-09-23 05:00:00,1,1,0
2021-09-23 06:00:00,4,4,0
2021-09-23 07:00:00,13,6,7
2021-09-23 08:00:00,30,22,8
2021-09-23 09:00:00,25,19,6
2021-09-23 10:00:00,10,9,1
2021-09-23 11:00:00,6,2,4
2021-09-23 12:00:00,12,9,3
2021-09-23 13:00:00,19,10,9
2021-09-23 14:00:00,17,13,4
2021-09-23 15:00:00,17,14,3
2021-09-23 16:00:00,29,18,11
2021-09-23 17:00:00,41,31,10
2021-09-23 18:00:00,59,35,24
2021-09-23 19:00:00,57,39,18
2021-09-23 20:00:00,20,14,6
2021-09-23 21:00:00,7,7,0
2021-09-23 22:00:00,1,1,0
2021-09-23 23:00:00,1,0,1
2021-09-24 00:00:00,0,0,0
2021-09-24 01:00:00,0,0,0
2021-09-24 02:00:00,0,0,0
2021-09-24 03:00:00,1,0,1
2021-09-24 04:00:00,0,0,0
2021-09-24 05:00:00,0,0,0
2021-09-24 06:00:00,3,2,1
2021-09-24 07:00:00,22,5,17
2021-09-24 08:00:00,15,7,8
2021-09-24 09:00:00,22,20,2
2021-09-24 10:00:00,24,14,10
2021-09-24 11:00:00,15,13,2
2021-09-24 12:00:00,27,12,15
2021-09-24 13:00:00,33,23,10
2021-09-24 14:00:00,34,13,21
2021-09-24 15:00:00,19,13,6
2021-09-24 16:00:00,37,24,13
2021-09-24 17:00:00,35,29,6
2021-09-24 18:00:00,33,24,9
2021-09-24 19:00:00,37,32,5
2021-09-24 20:00:00,11,9,2
2021-09-24 21:00:00,4,2,2
2021-09-24 22:00:00,1,1,0
2021-09-24 23:00:00,1,1,0
2021-09-25 00:00:00,0,0,0
2021-09-25 01:00:00,0,0,0
2021-09-25 02:00:00,0,0,0
2021-09-25 03:00:00,2,2,0
2021-09-25 04:00:00,0,0,0
2021-09-25 05:00:00,1,0,1
2021-09-25 06:00:00,2,0,2
2021-09-25 07:00:00,11,8,3
2021-09-25 08:00:00,20,10,10
2021-09-25 09:00:00,45,15,30
2021-09-25 10:00:00,83,42,41
2021-09-25 11:00:00,65,40,25
2021-09-25 12:00:00,95,75,20
2021-09-25 13:00:00,86,57,29
2021-09-25 14:00:00,87,60,27
2021-09-25 15:00:00,96,56,40
2021-09-25 16:00:00,86,52,34
2021-09-25 17:00:00,58,43,15
2021-09-25 18:00:00,49,33,16
2021-09-25 19:00:00,42,39,3
2021-09-25 20:00:00,8,5,3
2021-09-25 21:00:00,2,2,0
2021-09-25 22:00:00,1,1,0
2021-09-25 23:00:00,1,1,0
2021-09-26 00:00:00,0,0,0
2021-09-26 01:00:00,0,0,0
2021-09-26 02:00:00,0,0,0
2021-09-26 03:00:00,0,0,0
2021-09-26 04:00:00,0,0,0
2021-09-26 05:00:00,0,0,0
2021-09-26 06:00:00,2,0,2
2021-09-26 07:00:00,1,0,1
2021-09-26 08:00:00,3,2,1
2021-09-26 09:00:00,22,8,14
2021-09-26 10:00:00,32,14,18
2021-09-26 11:00:00,25,15,10
2021-09-26 12:00:00,62,42,20
2021-09-26 13:00:00,49,33,16
2021-09-26 14:00:00,27,20,7
2021-09-26 15:00:00,23,20,3
2021-09-26 16:00:00,10,8,2
2021-09-26 17:00:00,1,1,0
2021-09-26 18:00:00,0,0,0
2021-09-26 19:00:00,3,3,0
2021-09-26 20:00:00,0,0,0
2021-09-26 21:00:00,1,0,1
2021-09-26 22:00:00,0,0,0
2021-09-26 23:00:00,0,0,0
2021-09-27 00:00:00,0,0,0
2021-09-27 01:00:00,0,0,0
2021-09-27 02:00:00,0,0,0
2021-09-27 03:00:00,0,0,0
2021-09-27 04:00:00,0,0,0
2021-09-27 05:00:00,0,0,0
2021-09-27 06:00:00,2,0,2
2021-09-27 07:00:00,4,4,0
2021-09-27 08:00:00,10,5,5
2021-09-27 09:00:00,9,6,3
2021-09-27 10:00:00,10,4,6
2021-09-27 11:00:00,7,4,3
2021-09-27 12:00:00,4,2,2
2021-09-27 13:00:00,3,1,2
2021-09-27 14:00:00,0,0,0
2021-09-27 15:00:00,3,1,2
2021-09-27 16:00:00,2,1,1
2021-09-27 17:00:00,9,5,4
2021-09-27 18:00:00,15,6,9
2021-09-27 19:00:00,11,8,3
2021-09-27 20:00:00,3,3,0
2021-09-27 21:00:00,0,0,0
2021-09-27 22:00:00,0,0,0
2021-09-27 23:00:00,0,0,0
2021-09-28 00:00:00,1,1,0
2021-09-28 01:00:00,0,0,0
2021-09-28 02:00:00,0,0,0
2021-09-28 03:00:00,0,0,0
2021-09-28 04:00:00,0,0,0
2021-09-28 05:00:00,1,1,0
2021-09-28 06:00:00,1,0,1
2021-09-28 07:00:00,6,3,3
2021-09-28 08:00:00,12,6,6
2021-09-28 09:00:00,13,8,5
2021-09-28 10:00:00,6,3,3
2021-09-28 11:00:00,13,12,1
2021-09-28 12:00:00,13,2,11
2021-09-28 13:00:00,6,3,3
2021-09-28 14:00:00,11,5,6
2021-09-28 15:00:00,23,13,10
2021-09-28 16:00:00,21,10,11
2021-09-28 17:00:00,27,19,8
2021-09-28 18:00:00,62,18,44
2021-09-28 19:00:00,49,43,6
2021-09-28 20:00:00,17,15,2
2021-09-28 21:00:00,0,0,0
2021-09-28 22:00:00,1,1,0
2021-09-28 23:00:00,1,1,0
2021-09-29 00:00:00,2,2,0
2021-09-29 01:00:00,0,0,0
2021-09-29 02:00:00,0,0,0
2021-09-29 03:00:00,0,0,0
2021-09-29 04:00:00,0,0,0
2021-09-29 05:00:00,1,1,0
2021-09-29 06:00:00,2,0,2
2021-09-29 07:00:00,15,9,6
2021-09-29 08:00:00,25,11,14
2021-09-29 09:00:00,21,15,6
2021-09-29 10:00:00,14,7,7
2021-09-29 11:00:00,10,7,3
2021-09-29 12:00:00,19,8,11
2021-09-29 13:00:00,16,12,4
2021-09-29 14:00:00,11,7,4
2021-09-29 15:00:00,17,10,7
2021-09-29 16:00:00,9,5,4
2021-09-29 17:00:00,21,11,10
2021-09-29 18:00:00,23,10,13
2021-09-29 19:00:00,23,13,10
2021-09-29 20:00:00,17,17,0
2021-09-29 21:00:00,3,3,0
2021-09-29 22:00:00,0,0,0
2021-09-29 23:00:00,1,1,0
2021-09-30 00:00:00,2,0,2
2021-09-30 01:00:00,0,0,0
2021-09-30 02:00:00,0,0,0
2021-09-30 03:00:00,0,0,0
2021-09-30 04:00:00,0,0,0
2021-09-30 05:00:00,0,0,0
2021-09-30 06:00:00,1,0,1
2021-09-30 07:00:00,9,5,4
2021-09-30 08:00:00,18,6,12
2021-09-30 09:00:00,13,6,7
2021-09-30 10:00:00,3,3,0
2021-09-30 11:00:00,8,2,6
2021-09-30 12:00:00,4,3,1
2021-09-30 13:00:00,1,1,0
2021-09-30 14:00:00,3,1,2
2021-09-30 15:00:00,3,1,2
2021-09-30 16:00:00,6,4,2
2021-09-30 17:00:00,15,10,5
2021-09-30 18:00:00,32,14,18
2021-09-30 19:00:00,26,19,7
2021-09-30 20:00:00,11,8,3
2021-09-30 21:00:00,2,2,0
2021-09-30 22:00:00,1,1,0
2021-09-30 23:00:00,1,0,1
2021-10-01 00:00:00,0,0,0
2021-10-01 01:00:00,0,0,0
2021-10-01 02:00:00,0,0,0
2021-10-01 03:00:00,0,0,0
2021-10-01 04:00:00,0,0,0
2021-10-01 05:00:00,1,1,0
2021-10-01 06:00:00,5,1,4
2021-10-01 07:00:00,30,8,22
2021-10-01 08:00:00,46,8,38
2021-10-01 09:00:00,45,38,7
2021-10-01 10:00:00,18,13,5
2021-10-01 11:00:00,23,8,15
2021-10-01 12:00:00,32,18,14
2021-10-01 13:00:00,27,12,15
2021-10-01 14:00:00,44,27,17
2021-10-01 15:00:00,56,34,22
2021-10-01 16:00:00,54,34,20
2021-10-01 17:00:00,63,39,24
2021-10-01 18:00:00,48,28,20
2021-10-01 19:00:00,27,25,2
2021-10-01 20:00:00,7,4,3
2021-10-01 21:00:00,5,2,3
2021-10-01 22:00:00,0,0,0
2021-10-01 23:00:00,0,0,0
2021-10-02 00:00:00,0,0,0
2021-10-02 01:00:00,0,0,0
2021-10-02 02:00:00,0,0,0
2021-10-02 03:00:00,0,0,0
2021-10-02 04:00:00,0,0,0
2021-10-02 05:00:00,1,0,1
2021-10-02 06:00:00,3,0,3
2021-10-02 07:00:00,6,4,2
2021-10-02 08:00:00,27,10,17
2021-10-02 09:00:00,52,27,25
2021-10-02 10:00:00,64,24,40
2021-10-02 11:00:00,70,30,40
2021-10-02 12:00:00,79,57,22
2021-10-02 13:00:00,87,55,32
2021-10-02 14:00:00,88,46,42
2021-10-02 15:00:00,65,42,23
2021-10-02 16:00:00,71,46,25
2021-10-02 17:00:00,51,40,11
2021-10-02 18:00:00,32,25,7
2021-10-02 19:00:00,13,13,0
2021-10-02 20:00:00,2,2,0
2021-10-02 21:00:00,1,0,1
2021-10-02 22:00:00,3,0,3
2021-10-02 23:00:00,0,0,0
2021-10-03 00:00:00,0,0,0
2021-10-03 01:00:00,0,0,0
2021-10-03 02:00:00,2,2,0
2021-10-03 03:00:00,0,0,0
2021-10-03 04:00:00,0,0,0
2021-10-03 05:00:00,0,0,0
2021-10-03 06:00:00,3,1,2
2021-10-03 07:00:00,6,2,4
2021-10-03 08:00:00,12,5,7
2021-10-03 09:00:00,25,17,8
2021-10-03 10:00:00,25,8,17
2021-10-03 11:00:00,40,14,26
2021-10-03 12:00:00,51,37,14
2021-10-03 13:00:00,53,37,16
2021-10-03 14:00:00,41,26,15
2021-10-03 15:00:00,36,19,17
2021-10-03 16:00:00,24,14,10
2021-10-03 17:00:00,18,13,5
2021-10-03 18:00:00,20,16,4
2021-10-03 19:00:00,3,1,2
2021-10-03 20:00:00,1,1,0
2021-10-03 21:00:00,5,5,0
2021-10-03 22:00:00,1,1,0
2021-10-03 23:00:00,1,0,1
2021-10-04 00:00:00,0,0,0
2021-10-04 01:00:00,0,0,0
2021-10-04 02:00:00,0,0,0
2021-10-04 03:00:00,0,0,0
2021-10-04 04:00:00,0,0,0
2021-10-04 05:00:00,1,1,0
2021-10-04 06:00:00,7,5,2
2021-10-04 07:00:00,15,12,3
2021-10-04 08:00:00,23,16,7
2021-10-04 09:00:00,16,9,7
2021-10-04 10:00:00,14,6,8
2021-10-04 11:00:00,12,8,4
2021-10-04 12:00:00,14,7,7
2021-10-04 13:00:00,23,14,9
2021-10-04 14:00:00,15,6,9
2021-10-04 15:00:00,23,11,12
2021-10-04 16:00:00,37,19,18
2021-10-04 17:00:00,67,35,32
2021-10-04 18:00:00,48,26,22
2021-10-04 19:00:00,49,42,7
2021-10-04 20:00:00,7,5,2
2021-10-04 21:00:00,4,4,0
2021-10-04 22:00:00,1,1,0
2021-10-04 23:00:00,0,0,0
2021-10-05 00:00:00,0,0,0
2021-10-05 01:00:00,2,0,2
2021-10-05 02:00:00,1,1,0
2021-10-05 03:00:00,0,0,0
2021-10-05 04:00:00,1,1,0
2021-10-05 05:00:00,0,0,0
2021-10-05 06:00:00,6,2,4
2021-10-05 07:00:00,13,8,5
2021-10-05 08:00:00,4,2,2
2021-10-05 09:00:00,6,3,3
2021-10-05 10:00:00,3,0,3
2021-10-05 11:00:00,3,1,2
2021-10-05 12:00:00,2,0,2
2021-10-05 13:00:00,4,1,3
2021-10-05 14:00:00,3,1,2
2021-10-05 15:00:00,4,3,1
2021-10-05 16:00:00,12,6,6
2021-10-05 17:00:00,19,10,9
2021-10-05 18:00:00,27,13,14
2021-10-05 19:00:00,20,15,5
2021-10-05 20:00:00,5,3,2
2021-10-05 21:00:00,3,2,1
2021-10-05 22:00:00,0,0,0
2021-10-05 23:00:00,0,0,0
2021-10-06 00:00:00,0,0,0
2021-10-06 01:00:00,0,0,0
2021-10-06 02:00:00,0,0,0
2021-10-06 03:00:00,0,0,0
2021-10-06 04:00:00,0,0,0
2021-10-06 05:00:00,1,1,0
2021-10-06 06:00:00,3,1,2
2021-10-06 07:00:00,12,9,3
2021-10-06 08:00:00,11,6,5
2021-10-06 09:00:00,18,7,11
2021-10-06 10:00:00,13,6,7
2021-10-06 11:00:00,20,8,12
2021-10-06 12:00:00,13,5,8
2021-10-06 13:00:00,13,8,5
2021-10-06 14:00:00,7,3,4
2021-10-06 15:00:00,13,6,7
2021-10-06 16:00:00,28,16,12
2021-10-06 17:00:00,36,18,18
2021-10-06 18:00:00,44,24,20
2021-10-06 19:00:00,24,19,5
2021-10-06 20:00:00,10,8,2
2021-10-06 21:00:00,2,2,0
2021-10-06 22:00:00,0,0,0
2021-10-06 23:00:00,0,0,0
2021-10-07 00:00:00,0,0,0
2021-10-07 01:00:00,0,0,0
2021-10-07 02:00:00,0,0,0
2021-10-07 03:00:00,0,0,0
2021-10-07 04:00:00,0,0,0
2021-10-07 05:00:00,1,1,0
2021-10-07 06:00:00,7,3,4
2021-10-07 07:00:00,17,8,9
2021-10-07 08:00:00,32,16,16
2021-10-07 09:00:00,16,11,5
2021-10-07 10:00:00,14,11,3
2021-10-07 11:00:00,13,3,10
2021-10-07 12:00:00,21,7,14
2021-10-07 13:00:00,36,22,14
2021-10-07 14:00:00,33,20,13
2021-10-07 15:00:00,37,17,20
2021-10-07 16:00:00,47,32,15
2021-10-07 17:00:00,62,29,33
2021-10-07 18:00:00,69,44,25
2021-10-07 19:00:00,43,35,8
2021-10-07 20:00:00,7,7,0
2021-10-07 21:00:00,5,3,2
2021-10-07 22:00:00,1,1,0
2021-10-07 23:00:00,1,0,1
2021-10-08 00:00:00,3,3,0
2021-10-08 01:00:00,0,0,0
2021-10-08 02:00:00,0,0,0
2021-10-08 03:00:00,0,0,0
2021-10-08 04:00:00,0,0,0
2021-10-08 05:00:00,1,1,0
2021-10-08 06:00:00,4,1,3
2021-10-08 07:00:00,17,7,10
2021-10-08 08:00:00,31,17,14
2021-10-08 09:00:00,18,14,4
2021-10-08 10:00:00,12,6,6
2021-10-08 11:00:00,23,17,6
2021-10-08 12:00:00,16,7,9
2021-10-08 13:00:00,18,10,8
2021-10-08 14:00:00,35,19,16
2021-10-08 15:00:00,37,14,23
2021-10-08 16:00:00,62,37,25
2021-10-08 17:00:00,51,31,20
2021-10-08 18:00:00,56,34,22
2021-10-08 19:00:00,15,10,5
2021-10-08 20:00:00,5,4,1
2021-10-08 21:00:00,2,0,2
2021-10-08 22:00:00,2,1,1
2021-10-08 23:00:00,0,0,0
2021-10-09 00:00:00,0,0,0
2021-10-09 01:00:00,0,0,0
2021-10-09 02:00:00,1,0,1
2021-10-09 03:00:00,0,0,0
2021-10-09 04:00:00,0,0,0
2021-10-09 05:00:00,1,1,0
2021-10-09 06:00:00,2,0,2
2021-10-09 07:00:00,5,1,4
2021-10-09 08:00:00,13,4,9
2021-10-09 09:00:00,54,25,29
2021-10-09 10:00:00,48,18,30
2021-10-09 11:00:00,77,53,24
2021-10-09 12:00:00,75,53,22
2021-10-09 13:00:00,63,43,20
2021-10-09 14:00:00,57,37,20
2021-10-09 15:00:00,44,30,14
2021-10-09 16:00:00,50,37,13
2021-10-09 17:00:00,29,19,10
2021-10-09 18:00:00,13,11,2
2021-10-09 19:00:00,3,1,2
2021-10-09 20:00:00,0,0,0
2021-10-09 21:00:00,1,1,0
2021-10-09 22:00:00,0,0,0
2021-10-09 23:00:00,0,0,0
2021-10-10 00:00:00,1,0,1
2021-10-10 01:00:00,0,0,0
2021-10-10 02:00:00,0,0,0
2021-10-10 03:00:00,0,0,0
2021-10-10 04:00:00,0,0,0
2021-10-10 05:00:00,0,0,0
2021-10-10 06:00:00,0,0,0
2021-10-10 07:00:00,1,1,0
2021-10-10 08:00:00,7,0,7
2021-10-10 09:00:00,8,2,6
2021-10-10 10:00:00,17,6,11
2021-10-10 11:00:00,26,14,12
2021-10-10 12:00:00,24,15,9
2021-10-10 13:00:00,29,23,6
2021-10-10 14:00:00,24,15,9
2021-10-10 15:00:00,39,21,18
2021-10-10 16:00:00,22,14,8
2021-10-10 17:00:00,13,10,3
2021-10-10 18:00:00,3,2,1
2021-10-10 19:00:00,6,6,0
2021-10-10 20:00:00,0,0,0
2021-10-10 21:00:00,1,1,0
2021-10-10 22:00:00,1,1,0
2021-10-10 23:00:00,0,0,0
2021-10-11 00:00:00,0,0,0
2021-10-11 01:00:00,0,0,0
2021-10-11 02:00:00,0,0,0
2021-10-11 03:00:00,0,0,0
2021-10-11 04:00:00,0,0,0
2021-10-11 05:00:00,1,1,0
2021-10-11 06:00:00,4,1,3
2021-10-11 07:00:00,11,6,5
2021-10-11 08:00:00,30,13,17
2021-10-11 09:00:00,13,8,5
2021-10-11 10:00:00,10,6,4
2021-10-11 11:00:00,11,5,6
2021-10-11 12:00:00,8,3,5
2021-10-11 13:00:00,12,5,7
2021-10-11 14:00:00,17,9,8
2021-10-11 15:00:00,25,13,12
2021-10-11 16:00:00,28,12,16
2021-10-11 17:00:00,55,31,24
2021-10-11 18:00:00,71,40,31
2021-10-11 19:00:00,27,19,8
2021-10-11 20:00:00,5,5,0
2021-10-11 21:00:00,1,1,0
2021-10-11 22:00:00,3,1,2
2021-10-11 23:00:00,0,0,0
2021-10-12 00:00:00,0,0,0
2021-10-12 01:00:00,0,0,0
2021-10-12 02:00:00,0,0,0
2021-10-12 03:00:00,0,0,0
2021-10-12 04:00:00,0,0,0
2021-10-12 05:00:00,1,1,0
2021-10-12 06:00:00,12,0,12
2021-10-12 07:00:00,22,10,12
2021-10-12 08:00:00,22,13,9
2021-10-12 09:00:00,14,12,2
2021-10-12 10:00:00,14,5,9
2021-10-12 11:00:00,12,5,7
2021-10-12 12:00:00,11,7,4
2021-10-12 13:00:00,11,7,4
2021-10-12 14:00:00,14,9,5
2021-10-12 15:00:00,22,8,14
2021-10-12 16:00:00,21,13,8
2021-10-12 17:00:00,29,19,10
2021-10-12 18:00:00,14,5,9
2021-10-12 19:00:00,11,9,2
2021-10-12 20:00:00,3,1,2
2021-10-12 21:00:00,1,1,0
2021-10-12 22:00:00,0,0,0
2021-10-12 23:00:00,0,0,0
2021-10-13 00:00:00,0,0,0
2021-10-13 01:00:00,0,0,0
2021-10-13 02:00:00,0,0,0
2021-10-13 03:00:00,0,0,0
2021-10-13 04:00:00,0,0,0
2021-10-13 05:00:00,1,1,0
2021-10-13 06:00:00,5,2,3
2021-10-13 07:00:00,27,13,14
2021-10-13 08:00:00,17,10,7
2021-10-13 09:00:00,20,10,10
2021-10-13 10:00:00,11,7,4
2021-10-13 11:00:00,12,2,10
2021-10-13 12:00:00,21,8,13
2021-10-13 13:00:00,13,5,8
2021-10-13 14:00:00,22,8,14
2021-10-13 15:00:00,17,6,11
2021-10-13 16:00:00,25,11,14
2021-10-13 17:00:00,53,28,25
2021-10-13 18:00:00,54,24,30
2021-10-13 19:00:00,30,27,3
2021-10-13 20:00:00,10,9,1
2021-10-13 21:00:00,3,3,0
2021-10-13 22:00:00,2,1,1
2021-10-13 23:00:00,0,0,0
2021-10-14 00:00:00,0,0,0
2021-10-14 01:00:00,0,0,0
2021-10-14 02:00:00,0,0,0
2021-10-14 03:00:00,2,2,0
2021-10-14 04:00:00,0,0,0
2021-10-14 05:00:00,0,0,0
2021-10-14 06:00:00,4,1,3
2021-10-14 07:00:00,11,6,5
2021-10-14 08:00:00,14,8,6
2021-10-14 09:00:00,10,5,5
2021-10-14 10:00:00,6,4,2
2021-10-14 11:00:00,7,4,3
2021-10-14 12:00:00,11,5,6
2021-10-14 13:00:00,9,6,3
2021-10-14 14:00:00,10,7,3
2021-10-14 15:00:00,16,3,13
2021-10-14 16:00:00,27,21,6
2021-10-14 17:00:00,44,20,24
2021-10-14 18:00:00,31,23,8
2021-10-14 19:00:00,15,13,2
2021-10-14 20:00:00,6,1,5
2021-10-14 21:00:00,2,2,0
2021-10-14 22:00:00,2,1,1
2021-10-14 23:00:00,0,0,0
2021-10-15 00:00:00,1,1,0
2021-10-15 01:00:00,0,0,0
2021-10-15 02:00:00,0,0,0
2021-10-15 03:00:00,0,0,0
2021-10-15 04:00:00,0,0,0
2021-10-15 05:00:00,0,0,0
2021-10-15 06:00:00,3,2,1
2021-10-15 07:00:00,7,6,1
2021-10-15 08:00:00,12,3,9
2021-10-15 09:00:00,16,7,9
2021-10-15 10:00:00,7,4,3
2021-10-15 11:00:00,15,7,8
2021-10-15 12:00:00,10,7,3
2021-10-15 13:00:00,10,5,5
2021-10-15 14:00:00,10,7,3
2021-10-15 15:00:00,16,7,9
2021-10-15 16:00:00,36,16,20
2021-10-15 17:00:00,40,26,14
2021-10-15 18:00:00,19,13,6
2021-10-15 19:00:00,5,4,1
2021-10-15 20:00:00,5,3,2
2021-10-15 21:00:00,1,1,0
2021-10-15 22:00:00,1,1,0
2021-10-15 23:00:00,0,0,0
2021-10-16 00:00:00,0,0,0
2021-10-16 01:00:00,0,0,0
2021-10-16 02:00:00,0,0,0
2021-10-16 03:00:00,0,0,0
2021-10-16 04:00:00,0,0,0
2021-10-16 05:00:00,0,0,0
2021-10-16 06:00:00,5,2,3
2021-10-16 07:00:00,0,0,0
2021-10-16 08:00:00,23,6,17
2021-10-16 09:00:00,33,14,19
2021-10-16 10:00:00,76,30,46
2021-10-16 11:00:00,80,33,47
2021-10-16 12:00:00,108,58,50
2021-10-16 13:00:00,84,58,26
2021-10-16 14:00:00,74,43,31
2021-10-16 15:00:00,78,43,35
2021-10-16 16:00:00,78,58,20
2021-10-16 17:00:00,71,52,19
2021-10-16 18:00:00,45,34,11
2021-10-16 19:00:00,8,6,2
2021-10-16 20:00:00,4,3,1
2021-10-16 21:00:00,0,0,0
2021-10-16 22:00:00,0,0,0
2021-10-16 23:00:00,0,0,0
2021-10-17 00:00:00,0,0,0
2021-10-17 01:00:00,1,1,0
2021-10-17 02:00:00,0,0,0
2021-10-17 03:00:00,1,0,1
2021-10-17 04:00:00,0,0,0
2021-10-17 05:00:00,0,0,0
2021-10-17 06:00:00,3,0,3
2021-10-17 07:00:00,3,1,2
2021-10-17 08:00:00,15,2,13
2021-10-17 09:00:00,16,6,10
2021-10-17 10:00:00,30,15,15
2021-10-17 11:00:00,46,23,23
2021-10-17 12:00:00,59,31,28
2021-10-17 13:00:00,39,28,11
2021-10-17 14:00:00,37,21,16
2021-10-17 15:00:00,53,33,20
2021-10-17 16:00:00,48,27,21
2021-10-17 17:00:00,21,17,4
2021-10-17 18:00:00,6,4,2
2021-10-17 19:00:00,6,6,0
2021-10-17 20:00:00,1,1,0
2021-10-17 21:00:00,1,0,1
2021-10-17 22:00:00,0,0,0
2021-10-17 23:00:00,0,0,0
2021-10-18 00:00:00,0,0,0
2021-10-18 01:00:00,0,0,0
2021-10-18 02:00:00,0,0,0
2021-10-18 03:00:00,0,0,0
2021-10-18 04:00:00,0,0,0
2021-10-18 05:00:00,0,0,0
2021-10-18 06:00:00,6,4,2
2021-10-18 07:00:00,5,4,1
2021-10-18 08:00:00,10,6,4
2021-10-18 09:00:00,16,9,7
2021-10-18 10:00:00,13,6,7
2021-10-18 11:00:00,14,7,7
2021-10-18 12:00:00,18,8,10
2021-10-18 13:00:00,21,10,11
2021-10-18 14:00:00,24,13,11
2021-10-18 15:00:00,26,18,8
2021-10-18 16:00:00,24,18,6
2021-10-18 17:00:00,29,15,14
2021-10-18 18:00:00,39,24,15
2021-10-18 19:00:00,17,14,3
2021-10-18 20:00:00,3,3,0
2021-10-18 21:00:00,0,0,0
2021-10-18 22:00:00,2,1,1
2021-10-18 23:00:00,0,0,0
2021-10-19 00:00:00,0,0,0
2021-10-19 01:00:00,0,0,0
2021-10-19 02:00:00,0,0,0
2021-10-19 03:00:00,0,0,0
2021-10-19 04:00:00,0,0,0
2021-10-19 05:00:00,0,0,0
2021-10-19 06:00:00,11,1,10
2021-10-19 07:00:00,20,9,11
2021-10-19 08:00:00,27,13,14
2021-10-19 09:00:00,18,15,3
2021-10-19 10:00:00,13,5,8
2021-10-19 11:00:00,25,12,13
2021-10-19 12:00:00,31,20,11
2021-10-19 13:00:00,32,14,18
2021-10-19 14:00:00,34,19,15
2021-10-19 15:00:00,45,31,14
2021-10-19 16:00:00,50,30,20
2021-10-19 17:00:00,63,30,33
2021-10-19 18:00:00,55,39,16
2021-10-19 19:00:00,35,27,8
2021-10-19 20:00:00,6,5,1
2021-10-19 21:00:00,2,2,0
2021-10-19 22:00:00,0,0,0
2021-10-19 23:00:00,1,1,0
2021-10-20 00:00:00,0,0,0
2021-10-20 01:00:00,1,0,1
2021-10-20 02:00:00,0,0,0
2021-10-20 03:00:00,0,0,0
2021-10-20 04:00:00,0,0,0
2021-10-20 05:00:00,1,1,0
2021-10-20 06:00:00,1,0,1
2021-10-20 07:00:00,3,0,3
2021-10-20 08:00:00,7,5,2
2021-10-20 09:00:00,8,3,5
2021-10-20 10:00:00,3,3,0
2021-10-20 11:00:00,1,0,1
2021-10-20 12:00:00,6,3,3
2021-10-20 13:00:00,9,5,4
2021-10-20 14:00:00,6,4,2
2021-10-20 15:00:00,16,6,10
2021-10-20 16:00:00,17,9,8
2021-10-20 17:00:00,23,16,7
2021-10-20 18:00:00,32,13,19
2021-10-20 19:00:00,15,13,2
2021-10-20 20:00:00,12,11,1
2021-10-20 21:00:00,3,2,1
2021-10-20 22:00:00,0,0,0
2021-10-20 23:00:00,0,0,0
2021-10-21 00:00:00,0,0,0
2021-10-21 01:00:00,0,0,0
2021-10-21 02:00:00,0,0,0
2021-10-21 03:00:00,0,0,0
2021-10-21 04:00:00,0,0,0
2021-10-21 05:00:00,1,1,0
2021-10-21 06:00:00,7,3,4
2021-10-21 07:00:00,20,8,12
2021-10-21 08:00:00,15,8,7
2021-10-21 09:00:00,11,9,2
2021-10-21 10:00:00,15,8,7
2021-10-21 11:00:00,27,16,11
2021-10-21 12:00:00,16,9,7
2021-10-21 13:00:00,29,15,14
2021-10-21 14:00:00,18,14,4
2021-10-21 15:00:00,22,11,11
2021-10-21 16:00:00,18,13,5
2021-10-21 17:00:00,19,15,4
2021-10-21 18:00:00,13,7,6
2021-10-21 19:00:00,8,5,3
2021-10-21 20:00:00,2,1,1
2021-10-21 21:00:00,3,3,0
2021-10-21 22:00:00,1,1,0
2021-10-21 23:00:00,2,1,1
2021-10-22 00:00:00,0,0,0
2021-10-22 01:00:00,0,0,0
2021-10-22 02:00:00,0,0,0
2021-10-22 03:00:00,0,0,0
2021-10-22 04:00:00,0,0,0
2021-10-22 05:00:00,1,1,0
2021-10-22 06:00:00,5,1,4
2021-10-22 07:00:00,9,5,4
2021-10-22 08:00:00,7,5,2
2021-10-22 09:00:00,8,3,5
2021-10-22 10:00:00,3,3,0
2021-10-22 11:00:00,4,0,4
2021-10-22 12:00:00,10,6,4
2021-10-22 13:00:00,17,7,10
2021-10-22 14:00:00,10,6,4
2021-10-22 15:00:00,14,7,7
2021-10-22 16:00:00,13,6,7
2021-10-22 17:00:00,21,10,11
2021-10-22 18:00:00,12,5,7
2021-10-22 19:00:00,2,1,1
2021-10-22 20:00:00,5,4,1
2021-10-22 21:00:00,1,1,0
2021-10-22 22:00:00,2,2,0
2021-10-22 23:00:00,0,0,0
2021-10-23 00:00:00,1,0,1
2021-10-23 01:00:00,0,0,0
2021-10-23 02:00:00,0,0,0
2021-10-23 03:00:00,0,0,0
2021-10-23 04:00:00,0,0,0
2021-10-23 05:00:00,0,0,0
2021-10-23 06:00:00,1,0,1
2021-10-23 07:00:00,2,2,0
2021-10-23 08:00:00,2,0,2
2021-10-23 09:00:00,19,11,8
2021-10-23 10:00:00,30,8,22
2021-10-23 11:00:00,26,10,16
2021-10-23 12:00:00,51,38,13
2021-10-23 13:00:00,22,13,9
2021-10-23 14:00:00,34,11,23
2021-10-23 15:00:00,40,20,20
2021-10-23 16:00:00,25,14,11
2021-10-23 17:00:00,29,18,11
2021-10-23 18:00:00,35,28,7
2021-10-23 19:00:00,12,11,1
2021-10-23 20:00:00,0,0,0
2021-10-23 21:00:00,1,1,0
2021-10-23 22:00:00,2,1,1
2021-10-23 23:00:00,1,0,1
2021-10-24 00:00:00,0,0,0
2021-10-24 01:00:00,0,0,0
2021-10-24 02:00:00,0,0,0
2021-10-24 03:00:00,0,0,0
2021-10-24 04:00:00,0,0,0
2021-10-24 05:00:00,1,0,1
2021-10-24 06:00:00,0,0,0
2021-10-24 07:00:00,3,2,1
2021-10-24 08:00:00,6,2,4
2021-10-24 09:00:00,10,5,5
2021-10-24 10:00:00,13,3,10
2021-10-24 11:00:00,29,16,13
2021-10-24 12:00:00,10,6,4
2021-10-24 13:00:00,4,1,3
2021-10-24 14:00:00,12,9,3
2021-10-24 15:00:00,10,7,3
2021-10-24 16:00:00,4,4,0
2021-10-24 17:00:00,8,3,5
2021-10-24 18:00:00,6,1,5
2021-10-24 19:00:00,8,7,1
2021-10-24 20:00:00,1,1,0
2021-10-24 21:00:00,2,2,0
2021-10-24 22:00:00,0,0,0
2021-10-24 23:00:00,0,0,0
2021-10-25 00:00:00,0,0,0
2021-10-25 01:00:00,0,0,0
2021-10-25 02:00:00,0,0,0
2021-10-25 03:00:00,0,0,0
2021-10-25 04:00:00,0,0,0
2021-10-25 05:00:00,0,0,0
2021-10-25 06:00:00,2,1,1
2021-10-25 07:00:00,6,5,1
2021-10-25 08:00:00,9,3,6
2021-10-25 09:00:00,9,4,5
2021-10-25 10:00:00,8,2,6
2021-10-25 11:00:00,12,4,8
2021-10-25 12:00:00,10,7,3
2021-10-25 13:00:00,2,2,0
2021-10-25 14:00:00,1,0,1
2021-10-25 15:00:00,3,1,2
2021-10-25 16:00:00,7,2,5
2021-10-25 17:00:00,12,8,4
2021-10-25 18:00:00,9,5,4
2021-10-25 19:00:00,5,3,2
2021-10-25 20:00:00,4,2,2
2021-10-25 21:00:00,1,0,1
2021-10-25 22:00:00,3,2,1
2021-10-25 23:00:00,0,0,0
2021-10-26 00:00:00,0,0,0
2021-10-26 01:00:00,0,0,0
2021-10-26 02:00:00,0,0,0
2021-10-26 03:00:00,0,0,0
2021-10-26 04:00:00,0,0,0
2021-10-26 05:00:00,0,0,0
2021-10-26 06:00:00,5,2,3
2021-10-26 07:00:00,9,5,4
2021-10-26 08:00:00,10,4,6
2021-10-26 09:00:00,10,6,4
2021-10-26 10:00:00,4,3,1
2021-10-26 11:00:00,2,1,1
2021-10-26 12:00:00,6,1,5
2021-10-26 13:00:00,5,3,2
2021-10-26 14:00:00,3,2,1
2021-10-26 15:00:00,4,1,3
2021-10-26 16:00:00,8,4,4
2021-10-26 17:00:00,27,10,17
2021-10-26 18:00:00,26,14,12
2021-10-26 19:00:00,7,3,4
2021-10-26 20:00:00,4,3,1
2021-10-26 21:00:00,2,2,0
2021-10-26 22:00:00,0,0,0
2021-10-26 23:00:00,0,0,0
2021-10-27 00:00:00,0,0,0
2021-10-27 01:00:00,0,0,0
2021-10-27 02:00:00,0,0,0
2021-10-27 03:00:00,0,0,0
2021-10-27 04:00:00,0,0,0
2021-10-27 05:00:00,1,1,0
2021-10-27 06:00:00,3,1,2
2021-10-27 07:00:00,16,11,5
2021-10-27 08:00:00,15,6,9
2021-10-27 09:00:00,23,10,13
2021-10-27 10:00:00,18,11,7
2021-10-27 11:00:00,17,9,8
2021-10-27 12:00:00,14,6,8
2021-10-27 13:00:00,14,9,5
2021-10-27 14:00:00,19,10,9
2021-10-27 15:00:00,21,12,9
2021-10-27 16:00:00,16,10,6
2021-10-27 17:00:00,31,10,21
2021-10-27 18:00:00,21,10,11
2021-10-27 19:00:00,12,8,4
2021-10-27 20:00:00,3,1,2
2021-10-27 21:00:00,3,3,0
2021-10-27 22:00:00,0,0,0
2021-10-27 23:00:00,0,0,0
2021-10-28 00:00:00,0,0,0
2021-10-28 01:00:00,0,0,0
2021-10-28 02:00:00,0,0,0
2021-10-28 03:00:00,0,0,0
2021-10-28 04:00:00,0,0,0
2021-10-28 05:00:00,0,0,0
2021-10-28 06:00:00,1,1,0
2021-10-28 07:00:00,5,2,3
2021-10-28 08:00:00,6,2,4
2021-10-28 09:00:00,4,1,3
2021-10-28 10:00:00,3,2,1
2021-10-28 11:00:00,4,3,1
2021-10-28 12:00:00,1,0,1
2021-10-28 13:00:00,1,0,1
2021-10-28 14:00:00,0,0,0
2021-10-28 15:00:00,2,0,2
2021-10-28 16:00:00,6,2,4
2021-10-28 17:00:00,14,5,9
2021-10-28 18:00:00,7,3,4
2021-10-28 19:00:00,6,3,3
2021-10-28 20:00:00,2,2,0
2021-10-28 21:00:00,3,3,0
2021-10-28 22:00:00,0,0,0
2021-10-28 23:00:00,1,0,1
2021-10-29 00:00:00,0,0,0
2021-10-29 01:00:00,0,0,0
2021-10-29 02:00:00,0,0,0
2021-10-29 03:00:00,0,0,0
2021-10-29 04:00:00,0,0,0
2021-10-29 05:00:00,0,0,0
2021-10-29 06:00:00,4,0,4
2021-10-29 07:00:00,5,4,1
2021-10-29 08:00:00,6,4,2
2021-10-29 09:00:00,5,2,3
2021-10-29 10:00:00,2,1,1
2021-10-29 11:00:00,5,1,4
2021-10-29 12:00:00,7,4,3
2021-10-29 13:00:00,8,3,5
2021-10-29 14:00:00,22,11,11
2021-10-29 15:00:00,19,11,8
2021-10-29 16:00:00,26,7,19
2021-10-29 17:00:00,34,21,13
2021-10-29 18:00:00,22,16,6
2021-10-29 19:00:00,14,7,7
2021-10-29 20:00:00,7,4,3
2021-10-29 21:00:00,2,2,0
2021-10-29 22:00:00,1,1,0
2021-10-29 23:00:00,0,0,0
2021-10-30 00:00:00,0,0,0
2021-10-30 01:00:00,0,0,0
2021-10-30 02:00:00,0,0,0
2021-10-30 03:00:00,0,0,0
2021-10-30 04:00:00,0,0,0
2021-10-30 05:00:00,2,1,1
2021-10-30 06:00:00,4,0,4
2021-10-30 07:00:00,8,2,6
2021-10-30 08:00:00,9,3,6
2021-10-30 09:00:00,56,10,46
2021-10-30 10:00:00,91,48,43
2021-10-30 11:00:00,106,51,55
2021-10-30 12:00:00,100,73,27
2021-10-30 13:00:00,126,73,53
2021-10-30 14:00:00,118,59,59
2021-10-30 15:00:00,120,62,58
2021-10-30 16:00:00,95,61,34
2021-10-30 17:00:00,70,46,24
2021-10-30 18:00:00,26,18,8
2021-10-30 19:00:00,13,6,7
2021-10-30 20:00:00,2,2,0
2021-10-30 21:00:00,2,1,1
2021-10-30 22:00:00,1,0,1
2021-10-30 23:00:00,0,0,0
2021-10-31 00:00:00,0,0,0
2021-10-31 01:00:00,0,0,0
2021-10-31 02:00:00,0,0,0
2021-10-31 03:00:00,2,0,2
2021-10-31 04:00:00,0,0,0
2021-10-31 05:00:00,0,0,0
2021-10-31 06:00:00,2,0,2
2021-10-31 07:00:00,1,0,1
2021-10-31 08:00:00,15,1,14
2021-10-31 09:00:00,29,8,21
2021-10-31 10:00:00,29,9,20
2021-10-31 11:00:00,68,43,25
2021-10-31 12:00:00,81,30,51
2021-10-31 13:00:00,90,40,50
2021-10-31 14:00:00,101,47,54
2021-10-31 15:00:00,116,60,56
2021-10-31 16:00:00,96,56,40
2021-10-31 17:00:00,38,28,10
2021-10-31 18:00:00,25,21,4
2021-10-31 19:00:00,7,7,0
2021-10-31 20:00:00,2,2,0
2021-10-31 21:00:00,0,0,0
2021-10-31 22:00:00,2,0,2
2021-10-31 23:00:00,0,0,0
2021-11-01 00:00:00,0,0,0
2021-11-01 01:00:00,0,0,0
2021-11-01 02:00:00,0,0,0
2021-11-01 03:00:00,0,0,0
2021-11-01 04:00:00,1,1,0
2021-11-01 05:00:00,5,3,2
2021-11-01 06:00:00,7,2,5
2021-11-01 07:00:00,15,7,8
2021-11-01 08:00:00,12,4,8
2021-11-01 09:00:00,15,11,4
2021-11-01 10:00:00,12,2,10
2021-11-01 11:00:00,26,17,9
2021-11-01 12:00:00,10,5,5
2021-11-01 13:00:00,6,2,4
2021-11-01 14:00:00,3,2,1
2021-11-01 15:00:00,7,4,3
2021-11-01 16:00:00,14,8,6
2021-11-01 17:00:00,16,10,6
2021-11-01 18:00:00,9,5,4
2021-11-01 19:00:00,5,2,3
2021-11-01 20:00:00,0,0,0
2021-11-01 21:00:00,1,0,1
2021-11-01 22:00:00,0,0,0
2021-11-01 23:00:00,0,0,0
2021-11-02 00:00:00,0,0,0
2021-11-02 01:00:00,0,0,0
2021-11-02 02:00:00,0,0,0
2021-11-02 03:00:00,0,0,0
2021-11-02 04:00:00,1,0,1
2021-11-02 05:00:00,2,1,1
2021-11-02 06:00:00,20,14,6
2021-11-02 07:00:00,20,8,12
2021-11-02 08:00:00,24,10,14
2021-11-02 09:00:00,14,9,5
2021-11-02 10:00:00,18,8,10
2021-11-02 11:00:00,6,3,3
2021-11-02 12:00:00,12,5,7
2021-11-02 13:00:00,11,3,8
2021-11-02 14:00:00,5,1,4
2021-11-02 15:00:00,15,8,7
2021-11-02 16:00:00,16,10,6
2021-11-02 17:00:00,11,6,5
2021-11-02 18:00:00,5,3,2
2021-11-02 19:00:00,4,1,3
2021-11-02 20:00:00,5,1,4
2021-11-02 21:00:00,0,0,0
2021-11-02 22:00:00,0,0,0
2021-11-02 23:00:00,0,0,0
2021-11-03 00:00:00,0,0,0
2021-11-03 01:00:00,0,0,0
2021-11-03 02:00:00,0,0,0
2021-11-03 03:00:00,0,0,0
2021-11-03 04:00:00,2,1,1
2021-11-03 05:00:00,1,1,0
2021-11-03 06:00:00,13,6,7
2021-11-03 07:00:00,11,7,4
2021-11-03 08:00:00,13,6,7
2021-11-03 09:00:00,12,7,5
2021-11-03 10:00:00,15,6,9
2021-11-03 11:00:00,22,8,14
2021-11-03 12:00:00,25,16,9
2021-11-03 13:00:00,15,10,5
2021-11-03 14:00:00,14,6,8
2021-11-03 15:00:00,15,9,6
2021-11-03 16:00:00,32,12,20
2021-11-03 17:00:00,24,12,12
2021-11-03 18:00:00,14,5,9
2021-11-03 19:00:00,14,3,11
2021-11-03 20:00:00,1,0,1
2021-11-03 21:00:00,1,1,0
2021-11-03 22:00:00,0,0,0
2021-11-03 23:00:00,0,0,0
2021-11-04 00:00:00,0,0,0
2021-11-04 01:00:00,0,0,0
2021-11-04 02:00:00,0,0,0
2021-11-04 03:00:00,0,0,0
2021-11-04 04:00:00,0,0,0
2021-11-04 05:00:00,1,1,0
2021-11-04 06:00:00,7,6,1
2021-11-04 07:00:00,10,6,4
2021-11-04 08:00:00,8,2,6
2021-11-04 09:00:00,4,3,1
2021-11-04 10:00:00,4,1,3
2021-11-04 11:00:00,2,1,1
2021-11-04 12:00:00,0,0,0
2021-11-04 13:00:00,4,1,3
2021-11-04 14:00:00,4,2,2
2021-11-04 15:00:00,3,1,2
2021-11-04 16:00:00,14,7,7
2021-11-04 17:00:00,13,6,7
2021-11-04 18:00:00,6,4,2
2021-11-04 19:00:00,3,1,2
2021-11-04 20:00:00,5,2,3
2021-11-04 21:00:00,2,0,2
2021-11-04 22:00:00,1,1,0
2021-11-04 23:00:00,1,0,1
2021-11-05 00:00:00,0,0,0
2021-11-05 01:00:00,0,0,0
2021-11-05 02:00:00,0,0,0
2021-11-05 03:00:00,0,0,0
2021-11-05 04:00:00,1,0,1
2021-11-05 05:00:00,2,2,0
2021-11-05 06:00:00,7,5,2
2021-11-05 07:00:00,18,15,3
2021-11-05 08:00:00,16,3,13
2021-11-05 09:00:00,4,3,1
2021-11-05 10:00:00,7,6,1
2021-11-05 11:00:00,17,9,8
2021-11-05 12:00:00,22,9,13
2021-11-05 13:00:00,29,16,13
2021-11-05 14:00:00,16,5,11
2021-11-05 15:00:00,23,11,12
2021-11-05 16:00:00,43,23,20
2021-11-05 17:00:00,40,23,17
2021-11-05 18:00:00,14,5,9
2021-11-05 19:00:00,7,4,3
2021-11-05 20:00:00,3,1,2
2021-11-05 21:00:00,2,0,2
2021-11-05 22:00:00,3,0,3
2021-11-05 23:00:00,1,1,0
2021-11-06 00:00:00,0,0,0
2021-11-06 01:00:00,0,0,0
2021-11-06 02:00:00,0,0,0
2021-11-06 03:00:00,0,0,0
2021-11-06 04:00:00,0,0,0
2021-11-06 05:00:00,3,3,0
2021-11-06 06:00:00,1,1,0
2021-11-06 07:00:00,2,2,0
2021-11-06 08:00:00,6,6,0
2021-11-06 09:00:00,24,19,5
2021-11-06 10:00:00,22,13,9
2021-11-06 11:00:00,21,10,11
2021-11-06 12:00:00,10,2,8
2021-11-06 13:00:00,13,5,8
2021-11-06 14:00:00,14,8,6
2021-11-06 15:00:00,13,2,11
2021-11-06 16:00:00,8,1,7
2021-11-06 17:00:00,3,1,2
2021-11-06 18:00:00,2,1,1
2021-11-06 19:00:00,0,0,0
2021-11-06 20:00:00,0,0,0
2021-11-06 21:00:00,0,0,0
2021-11-06 22:00:00,0,0,0
2021-11-06 23:00:00,0,0,0
2021-11-07 00:00:00,0,0,0
2021-11-07 01:00:00,0,0,0
2021-11-07 02:00:00,0,0,0
2021-11-07 03:00:00,0,0,0
2021-11-07 04:00:00,0,0,0
2021-11-07 05:00:00,4,3,1
2021-11-07 06:00:00,1,1,0
2021-11-07 07:00:00,2,1,1
2021-11-07 08:00:00,16,10,6
2021-11-07 09:00:00,30,23,7
2021-11-07 10:00:00,53,25,28
2021-11-07 11:00:00,36,16,20
2021-11-07 12:00:00,22,6,16
2021-11-07 13:00:00,4,3,1
2021-11-07 14:00:00,4,4,0
2021-11-07 15:00:00,7,2,5
2021-11-07 16:00:00,2,1,1
2021-11-07 17:00:00,1,0,1
2021-11-07 18:00:00,0,0,0
2021-11-07 19:00:00,0,0,0
2021-11-07 20:00:00,0,0,0
2021-11-07 21:00:00,0,0,0
2021-11-07 22:00:00,0,0,0
2021-11-07 23:00:00,0,0,0
2021-11-08 00:00:00,0,0,0
2021-11-08 01:00:00,0,0,0
2021-11-08 02:00:00,0,0,0
2021-11-08 03:00:00,0,0,0
2021-11-08 04:00:00,0,0,0
2021-11-08 05:00:00,4,2,2
2021-11-08 06:00:00,12,5,7
2021-11-08 07:00:00,22,11,11
2021-11-08 08:00:00,16,8,8
2021-11-08 09:00:00,8,2,6
2021-11-08 10:00:00,12,7,5
2021-11-08 11:00:00,27,16,11
2021-11-08 12:00:00,35,15,20
2021-11-08 13:00:00,41,21,20
2021-11-08 14:00:00,40,19,21
2021-11-08 15:00:00,53,24,29
2021-11-08 16:00:00,56,24,32
2021-11-08 17:00:00,25,15,10
2021-11-08 18:00:00,16,4,12
2021-11-08 19:00:00,7,2,5
2021-11-08 20:00:00,3,1,2
2021-11-08 21:00:00,2,0,2
2021-11-08 22:00:00,3,2,1
2021-11-08 23:00:00,0,0,0
2021-11-09 00:00:00,0,0,0
2021-11-09 01:00:00,0,0,0
2021-11-09 02:00:00,0,0,0
2021-11-09 03:00:00,0,0,0
2021-11-09 04:00:00,0,0,0
2021-11-09 05:00:00,2,2,0
2021-11-09 06:00:00,3,2,1
2021-11-09 07:00:00,9,6,3
2021-11-09 08:00:00,7,3,4
2021-11-09 09:00:00,7,5,2
2021-11-09 10:00:00,9,3,6
2021-11-09 11:00:00,6,4,2
2021-11-09 12:00:00,13,8,5
2021-11-09 13:00:00,8,4,4
2021-11-09 14:00:00,1,1,0
2021-11-09 15:00:00,6,3,3
2021-11-09 16:00:00,10,4,6
2021-11-09 17:00:00,8,3,5
2021-11-09 18:00:00,5,3,2
2021-11-09 19:00:00,4,1,3
2021-11-09 20:00:00,0,0,0
2021-11-09 21:00:00,0,0,0
2021-11-09 22:00:00,0,0,0
2021-11-09 23:00:00,0,0,0
2021-11-10 00:00:00,0,0,0
2021-11-10 01:00:00,1,0,1
2021-11-10 02:00:00,0,0,0
2021-11-10 03:00:00,0,0,0
2021-11-10 04:00:00,0,0,0
2021-11-10 05:00:00,4,2,2
2021-11-10 06:00:00,11,7,4
2021-11-10 07:00:00,28,17,11
2021-11-10 08:00:00,30,14,16
2021-11-10 09:00:00,15,8,7
2021-11-10 10:00:00,18,12,6
2021-11-10 11:00:00,29,19,10
2021-11-10 12:00:00,29,13,16
2021-11-10 13:00:00,42,16,26
2021-11-10 14:00:00,39,17,22
2021-11-10 15:00:00,32,18,14
2021-11-10 16:00:00,36,16,20
2021-11-10 17:00:00,32,20,12
2021-11-10 18:00:00,22,5,17
2021-11-10 19:00:00,4,1,3
2021-11-10 20:00:00,4,2,2
2021-11-10 21:00:00,1,1,0
2021-11-10 22:00:00,0,0,0
2021-11-10 23:00:00,0,0,0
2021-11-11 00:00:00,0,0,0
2021-11-11 01:00:00,0,0,0
2021-11-11 02:00:00,0,0,0
2021-11-11 03:00:00,1,0,1
2021-11-11 04:00:00,0,0,0
2021-11-11 05:00:00,0,0,0
2021-11-11 06:00:00,3,1,2
2021-11-11 07:00:00,9,3,6
2021-11-11 08:00:00,15,6,9
2021-11-11 09:00:00,9,4,5
2021-11-11 10:00:00,7,4,3
2021-11-11 11:00:00,8,3,5
2021-11-11 12:00:00,8,3,5
2021-11-11 13:00:00,3,1,2
2021-11-11 14:00:00,3,2,1
2021-11-11 15:00:00,4,3,1
2021-11-11 16:00:00,4,3,1
2021-11-11 17:00:00,8,4,4
2021-11-11 18:00:00,2,2,0
2021-11-11 19:00:00,2,1,1
2021-11-11 20:00:00,0,0,0
2021-11-11 21:00:00,0,0,0
2021-11-11 22:00:00,0,0,0
2021-11-11 23:00:00,0,0,0
2021-11-12 00:00:00,0,0,0
2021-11-12 01:00:00,0,0,0
2021-11-12 02:00:00,0,0,0
2021-11-12 03:00:00,0,0,0
2021-11-12 04:00:00,0,0,0
2021-11-12 05:00:00,1,1,0
2021-11-12 06:00:00,4,2,2
2021-11-12 07:00:00,5,3,2
2021-11-12 08:00:00,6,4,2
2021-11-12 09:00:00,3,3,0
2021-11-12 10:00:00,6,3,3
2021-11-12 11:00:00,2,0,2
2021-11-12 12:00:00,0,0,0
2021-11-12 13:00:00,2,1,1
2021-11-12 14:00:00,5,4,1
2021-11-12 15:00:00,6,2,4
2021-11-12 16:00:00,15,9,6
2021-11-12 17:00:00,12,6,6
2021-11-12 18:00:00,4,1,3
2021-11-12 19:00:00,3,1,2
2021-11-12 20:00:00,1,0,1
2021-11-12 21:00:00,0,0,0
2021-11-12 22:00:00,2,0,2
2021-11-12 23:00:00,0,0,0
2021-11-13 00:00:00,2,0,2
2021-11-13 01:00:00,0,0,0
2021-11-13 02:00:00,0,0,0
2021-11-13 03:00:00,0,0,0
2021-11-13 04:00:00,0,0,0
2021-11-13 05:00:00,1,1,0
2021-11-13 06:00:00,3,3,0
2021-11-13 07:00:00,16,10,6
2021-11-13 08:00:00,33,21,12
2021-11-13 09:00:00,63,34,29
2021-11-13 10:00:00,89,42,47
2021-11-13 11:00:00,95,32,63
2021-11-13 12:00:00,79,27,52
2021-11-13 13:00:00,64,24,40
2021-11-13 14:00:00,41,18,23
2021-11-13 15:00:00,50,19,31
2021-11-13 16:00:00,12,2,10
2021-11-13 17:00:00,5,1,4
2021-11-13 18:00:00,4,1,3
2021-11-13 19:00:00,0,0,0
2021-11-13 20:00:00,0,0,0
2021-11-13 21:00:00,0,0,0
2021-11-13 22:00:00,0,0,0
2021-11-13 23:00:00,0,0,0
2021-11-14 00:00:00,0,0,0
2021-11-14 01:00:00,0,0,0
2021-11-14 02:00:00,0,0,0
2021-11-14 03:00:00,0,0,0
2021-11-14 04:00:00,0,0,0
2021-11-14 05:00:00,0,0,0
2021-11-14 06:00:00,2,0,2
2021-11-14 07:00:00,1,1,0
2021-11-14 08:00:00,7,7,0
2021-11-14 09:00:00,14,7,7
2021-11-14 10:00:00,15,11,4
2021-11-14 11:00:00,18,12,6
2021-11-14 12:00:00,10,4,6
2021-11-14 13:00:00,14,2,12
2021-11-14 14:00:00,4,1,3
2021-11-14 15:00:00,5,1,4
2021-11-14 16:00:00,0,0,0
2021-11-14 17:00:00,0,0,0
2021-11-14 18:00:00,0,0,0
2021-11-14 19:00:00,2,1,1
2021-11-14 20:00:00,0,0,0
2021-11-14 21:00:00,0,0,0
2021-11-14 22:00:00,0,0,0
2021-11-14 23:00:00,0,0,0
2021-11-15 00:00:00,0,0,0
2021-11-15 01:00:00,0,0,0
2021-11-15 02:00:00,0,0,0
2021-11-15 03:00:00,0,0,0
2021-11-15 04:00:00,0,0,0
2021-11-15 05:00:00,2,1,1
2021-11-15 06:00:00,6,2,4
2021-11-15 07:00:00,5,3,2
2021-11-15 08:00:00,9,4,5
2021-11-15 09:00:00,8,4,4
2021-11-15 10:00:00,3,1,2
2021-11-15 11:00:00,1,0,1
2021-11-15 12:00:00,0,0,0
2021-11-15 13:00:00,0,0,0
2021-11-15 14:00:00,5,3,2
2021-11-15 15:00:00,11,6,5
2021-11-15 16:00:00,17,5,12
2021-11-15 17:00:00,12,7,5
2021-11-15 18:00:00,6,4,2
2021-11-15 19:00:00,4,1,3
2021-11-15 20:00:00,0,0,0
2021-11-15 21:00:00,0,0,0
2021-11-15 22:00:00,0,0,0
2021-11-15 23:00:00,0,0,0
2021-11-16 00:00:00,0,0,0
2021-11-16 01:00:00,0,0,0
2021-11-16 02:00:00,0,0,0
2021-11-16 03:00:00,1,1,0
2021-11-16 04:00:00,1,1,0
2021-11-16 05:00:00,2,2,0
2021-11-16 06:00:00,17,11,6
2021-11-16 07:00:00,31,14,17
2021-11-16 08:00:00,18,7,11
2021-11-16 09:00:00,9,4,5
2021-11-16 10:00:00,11,7,4
2021-11-16 11:00:00,13,7,6
2021-11-16 12:00:00,35,27,8
2021-11-16 13:00:00,44,18,26
2021-11-16 14:00:00,39,18,21
2021-11-16 15:00:00,38,18,20
2021-11-16 16:00:00,53,29,24
2021-11-16 17:00:00,34,10,24
2021-11-16 18:00:00,10,6,4
2021-11-16 19:00:00,8,4,4
2021-11-16 20:00:00,4,2,2
2021-11-16 21:00:00,0,0,0
2021-11-16 22:00:00,0,0,0
2021-11-16 23:00:00,2,0,2
2021-11-17 00:00:00,0,0,0
2021-11-17 01:00:00,0,0,0
2021-11-17 02:00:00,0,0,0
2021-11-17 03:00:00,0,0,0
2021-11-17 04:00:00,0,0,0
2021-11-17 05:00:00,4,2,2
2021-11-17 06:00:00,11,9,2
2021-11-17 07:00:00,15,6,9
2021-11-17 08:00:00,16,7,9
2021-11-17 09:00:00,16,8,8
2021-11-17 10:00:00,8,5,3
2021-11-17 11:00:00,18,10,8
2021-11-17 12:00:00,25,12,13
2021-11-17 13:00:00,31,18,13
2021-11-17 14:00:00,43,21,22
2021-11-17 15:00:00,41,23,18
2021-11-17 16:00:00,34,13,21
2021-11-17 17:00:00,24,17,7
2021-11-17 18:00:00,18,6,12
2021-11-17 19:00:00,3,1,2
2021-11-17 20:00:00,3,1,2
2021-11-17 21:00:00,1,1,0
2021-11-17 22:00:00,0,0,0
2021-11-17 23:00:00,0,0,0
2021-11-18 00:00:00,0,0,0
2021-11-18 01:00:00,0,0,0
2021-11-18 02:00:00,0,0,0
2021-11-18 03:00:00,0,0,0
2021-11-18 04:00:00,0,0,0
2021-11-18 05:00:00,1,0,1
2021-11-18 06:00:00,7,3,4
2021-11-18 07:00:00,15,9,6
2021-11-18 08:00:00,9,5,4
2021-11-18 09:00:00,11,4,7
2021-11-18 10:00:00,11,6,5
2021-11-18 11:00:00,13,5,8
2021-11-18 12:00:00,7,3,4
2021-11-18 13:00:00,3,1,2
2021-11-18 14:00:00,1,0,1
2021-11-18 15:00:00,5,3,2
2021-11-18 16:00:00,10,6,4
2021-11-18 17:00:00,2,2,0
2021-11-18 18:00:00,2,0,2
2021-11-18 19:00:00,3,2,1
2021-11-18 20:00:00,2,0,2
2021-11-18 21:00:00,0,0,0
2021-11-18 22:00:00,1,0,1
2021-11-18 23:00:00,0,0,0
2021-11-19 00:00:00,0,0,0
2021-11-19 01:00:00,0,0,0
2021-11-19 02:00:00,0,0,0
2021-11-19 03:00:00,0,0,0
2021-11-19 04:00:00,0,0,0
2021-11-19 05:00:00,1,1,0
2021-11-19 06:00:00,6,4,2
2021-11-19 07:00:00,8,6,2
2021-11-19 08:00:00,8,4,4
2021-11-19 09:00:00,11,5,6
2021-11-19 10:00:00,8,4,4
2021-11-19 11:00:00,21,10,11
2021-11-19 12:00:00,20,12,8
2021-11-19 13:00:00,19,11,8
2021-11-19 14:00:00,38,12,26
2021-11-19 15:00:00,28,12,16
2021-11-19 16:00:00,26,8,18
2021-11-19 17:00:00,11,4,7
2021-11-19 18:00:00,7,3,4
2021-11-19 19:00:00,6,2,4
2021-11-19 20:00:00,1,0,1
2021-11-19 21:00:00,1,0,1
2021-11-19 22:00:00,0,0,0
2021-11-19 23:00:00,0,0,0
2021-11-20 00:00:00,0,0,0
2021-11-20 01:00:00,0,0,0
2021-11-20 02:00:00,0,0,0
2021-11-20 03:00:00,0,0,0
2021-11-20 04:00:00,0,0,0
2021-11-20 05:00:00,3,2,1
2021-11-20 06:00:00,2,1,1
2021-11-20 07:00:00,13,7,6
2021-11-20 08:00:00,28,24,4
2021-11-20 09:00:00,74,56,18
2021-11-20 10:00:00,68,36,32
2021-11-20 11:00:00,78,42,36
2021-11-20 12:00:00,91,56,35
2021-11-20 13:00:00,96,53,43
2021-11-20 14:00:00,98,31,67
2021-11-20 15:00:00,66,33,33
2021-11-20 16:00:00,38,7,31
2021-11-20 17:00:00,10,1,9
2021-11-20 18:00:00,2,0,2
2021-11-20 19:00:00,2,0,2
2021-11-20 20:00:00,1,0,1
2021-11-20 21:00:00,1,1,0
2021-11-20 22:00:00,1,0,1
2021-11-20 23:00:00,2,2,0
2021-11-21 00:00:00,0,0,0
2021-11-21 01:00:00,0,0,0
2021-11-21 02:00:00,0,0,0
2021-11-21 03:00:00,0,0,0
2021-11-21 04:00:00,0,0,0
2021-11-21 05:00:00,1,1,0
2021-11-21 06:00:00,1,1,0
2021-11-21 07:00:00,2,1,1
2021-11-21 08:00:00,21,18,3
2021-11-21 09:00:00,20,8,12
2021-11-21 10:00:00,35,23,12
2021-11-21 11:00:00,52,30,22
2021-11-21 12:00:00,47,27,20
2021-11-21 13:00:00,62,37,25
2021-11-21 14:00:00,87,43,44
2021-11-21 15:00:00,51,19,32
2021-11-21 16:00:00,20,4,16
2021-11-21 17:00:00,6,1,5
2021-11-21 18:00:00,0,0,0
2021-11-21 19:00:00,2,0,2
2021-11-21 20:00:00,1,1,0
2021-11-21 21:00:00,0,0,0
2021-11-21 22:00:00,0,0,0
2021-11-21 23:00:00,0,0,0
2021-11-22 00:00:00,0,0,0
2021-11-22 01:00:00,0,0,0
2021-11-22 02:00:00,0,0,0
2021-11-22 03:00:00,0,0,0
2021-11-22 04:00:00,0,0,0
2021-11-22 05:00:00,4,4,0
2021-11-22 06:00:00,6,2,4
2021-11-22 07:00:00,7,3,4
2021-11-22 08:00:00,9,3,6
2021-11-22 09:00:00,14,6,8
2021-11-22 10:00:00,11,3,8
2021-11-22 11:00:00,19,11,8
2021-11-22 12:00:00,9,1,8
2021-11-22 13:00:00,6,2,4
2021-11-22 14:00:00,4,2,2
2021-11-22 15:00:00,6,2,4
2021-11-22 16:00:00,10,4,6
2021-11-22 17:00:00,9,8,1
2021-11-22 18:00:00,3,1,2
2021-11-22 19:00:00,2,1,1
2021-11-22 20:00:00,0,0,0
2021-11-22 21:00:00,1,1,0
2021-11-22 22:00:00,1,0,1
2021-11-22 23:00:00,0,0,0
2021-11-23 00:00:00,0,0,0
2021-11-23 01:00:00,0,0,0
2021-11-23 02:00:00,0,0,0
2021-11-23 03:00:00,0,0,0
2021-11-23 04:00:00,0,0,0
2021-11-23 05:00:00,5,4,1
2021-11-23 06:00:00,1,1,0
2021-11-23 07:00:00,6,3,3
2021-11-23 08:00:00,1,0,1
2021-11-23 09:00:00,12,7,5
2021-11-23 10:00:00,18,8,10
2021-11-23 11:00:00,6,6,0
2021-11-23 12:00:00,10,4,6
2021-11-23 13:00:00,18,9,9
2021-11-23 14:00:00,19,12,7
2021-11-23 15:00:00,19,7,12
2021-11-23 16:00:00,24,9,15
2021-11-23 17:00:00,9,5,4
2021-11-23 18:00:00,8,3,5
2021-11-23 19:00:00,2,1,1
2021-11-23 20:00:00,1,1,0
2021-11-23 21:00:00,0,0,0
2021-11-23 22:00:00,2,1,1
2021-11-23 23:00:00,0,0,0
2021-11-24 00:00:00,0,0,0
2021-11-24 01:00:00,0,0,0
2021-11-24 02:00:00,0,0,0
2021-11-24 03:00:00,0,0,0
2021-11-24 04:00:00,0,0,0
2021-11-24 05:00:00,3,3,0
2021-11-24 06:00:00,8,6,2
2021-11-24 07:00:00,15,5,10
2021-11-24 08:00:00,12,7,5
2021-11-24 09:00:00,15,10,5
2021-11-24 10:00:00,17,11,6
2021-11-24 11:00:00,27,11,16
2021-11-24 12:00:00,22,9,13
2021-11-24 13:00:00,34,16,18
2021-11-24 14:00:00,35,18,17
2021-11-24 15:00:00,47,19,28
2021-11-24 16:00:00,20,7,13
2021-11-24 17:00:00,15,7,8
2021-11-24 18:00:00,3,1,2
2021-11-24 19:00:00,3,0,3
2021-11-24 20:00:00,0,0,0
2021-11-24 21:00:00,0,0,0
2021-11-24 22:00:00,0,0,0
2021-11-24 23:00:00,0,0,0
2021-11-25 00:00:00,0,0,0
2021-11-25 01:00:00,0,0,0
2021-11-25 02:00:00,0,0,0
2021-11-25 03:00:00,0,0,0
2021-11-25 04:00:00,0,0,0
2021-11-25 05:00:00,3,2,1
2021-11-25 06:00:00,0,0,0
2021-11-25 07:00:00,3,2,1
2021-11-25 08:00:00,17,4,13
2021-11-25 09:00:00,20,15,5
2021-11-25 10:00:00,41,20,21
2021-11-25 11:00:00,45,10,35
2021-11-25 12:00:00,21,7,14
2021-11-25 13:00:00,14,5,9
2021-11-25 14:00:00,9,3,6
2021-11-25 15:00:00,2,2,0
2021-11-25 16:00:00,2,1,1
2021-11-25 17:00:00,3,2,1
2021-11-25 18:00:00,1,0,1
2021-11-25 19:00:00,0,0,0
2021-11-25 20:00:00,1,0,1
2021-11-25 21:00:00,2,0,2
2021-11-25 22:00:00,1,0,1
2021-11-25 23:00:00,0,0,0
2021-11-26 00:00:00,0,0,0
2021-11-26 01:00:00,0,0,0
2021-11-26 02:00:00,0,0,0
2021-11-26 03:00:00,0,0,0
2021-11-26 04:00:00,0,0,0
2021-11-26 05:00:00,2,2,0
2021-11-26 06:00:00,2,1,1
2021-11-26 07:00:00,2,1,1
2021-11-26 08:00:00,3,3,0
2021-11-26 09:00:00,16,11,5
2021-11-26 10:00:00,15,8,7
2021-11-26 11:00:00,28,19,9
2021-11-26 12:00:00,31,17,14
2021-11-26 13:00:00,40,25,15
2021-11-26 14:00:00,32,9,23
2021-11-26 15:00:00,15,6,9
2021-11-26 16:00:00,18,6,12
2021-11-26 17:00:00,4,0,4
2021-11-26 18:00:00,1,0,1
2021-11-26 19:00:00,0,0,0
2021-11-26 20:00:00,2,0,2
2021-11-26 21:00:00,1,1,0
2021-11-26 22:00:00,0,0,0
2021-11-26 23:00:00,0,0,0
2021-11-27 00:00:00,0,0,0
2021-11-27 01:00:00,0,0,0
2021-11-27 02:00:00,0,0,0
2021-11-27 03:00:00,0,0,0
2021-11-27 04:00:00,0,0,0
2021-11-27 05:00:00,2,2,0
2021-11-27 06:00:00,0,0,0
2021-11-27 07:00:00,3,3,0
2021-11-27 08:00:00,2,1,1
2021-11-27 09:00:00,9,6,3
2021-11-27 10:00:00,27,22,5
2021-11-27 11:00:00,46,10,36
2021-11-27 12:00:00,28,4,24
2021-11-27 13:00:00,12,5,7
2021-11-27 14:00:00,2,1,1
2021-11-27 15:00:00,5,2,3
2021-11-27 16:00:00,4,0,4
2021-11-27 17:00:00,1,0,1
2021-11-27 18:00:00,1,1,0
2021-11-27 19:00:00,0,0,0
2021-11-27 20:00:00,0,0,0
2021-11-27 21:00:00,0,0,0
2021-11-27 22:00:00,4,2,2
2021-11-27 23:00:00,0,0,0
2021-11-28 00:00:00,0,0,0
2021-11-28 01:00:00,0,0,0
2021-11-28 02:00:00,0,0,0
2021-11-28 03:00:00,0,0,0
2021-11-28 04:00:00,0,0,0
2021-11-28 05:00:00,1,1,0
2021-11-28 06:00:00,0,0,0
2021-11-28 07:00:00,2,1,1
2021-11-28 08:00:00,13,10,3
2021-11-28 09:00:00,19,7,12
2021-11-28 10:00:00,40,29,11
2021-11-28 11:00:00,31,11,20
2021-11-28 12:00:00,18,5,13
2021-11-28 13:00:00,4,0,4
2021-11-28 14:00:00,4,1,3
2021-11-28 15:00:00,7,3,4
2021-11-28 16:00:00,9,5,4
2021-11-28 17:00:00,2,1,1
2021-11-28 18:00:00,0,0,0
2021-11-28 19:00:00,0,0,0
2021-11-28 20:00:00,0,0,0
2021-11-28 21:00:00,0,0,0
2021-11-28 22:00:00,0,0,0
2021-11-28 23:00:00,0,0,0
2021-11-29 00:00:00,0,0,0
2021-11-29 01:00:00,0,0,0
2021-11-29 02:00:00,0,0,0
2021-11-29 03:00:00,0,0,0
2021-11-29 04:00:00,0,0,0
2021-11-29 05:00:00,3,2,1
2021-11-29 06:00:00,12,6,6
2021-11-29 07:00:00,10,5,5
2021-11-29 08:00:00,7,3,4
2021-11-29 09:00:00,8,5,3
2021-11-29 10:00:00,13,8,5
2021-11-29 11:00:00,20,10,10
2021-11-29 12:00:00,22,14,8
2021-11-29 13:00:00,30,15,15
2021-11-29 14:00:00,29,17,12
2021-11-29 15:00:00,36,13,23
2021-11-29 16:00:00,38,14,24
2021-11-29 17:00:00,17,10,7
2021-11-29 18:00:00,16,7,9
2021-11-29 19:00:00,3,1,2
2021-11-29 20:00:00,1,0,1
2021-11-29 21:00:00,0,0,0
2021-11-29 22:00:00,1,1,0
2021-11-29 23:00:00,0,0,0
2021-11-30 00:00:00,1,0,1
2021-11-30 01:00:00,0,0,0
2021-11-30 02:00:00,0,0,0
2021-11-30 03:00:00,0,0,0
2021-11-30 04:00:00,1,1,0
2021-11-30 05:00:00,3,2,1
2021-11-30 06:00:00,10,4,6
2021-11-30 07:00:00,11,5,6
2021-11-30 08:00:00,7,3,4
2021-11-30 09:00:00,4,3,1
2021-11-30 10:00:00,5,4,1
2021-11-30 11:00:00,6,2,4
2021-11-30 12:00:00,5,1,4
2021-11-30 13:00:00,6,2,4
2021-11-30 14:00:00,11,9,2
2021-11-30 15:00:00,10,4,6
2021-11-30 16:00:00,18,8,10
2021-11-30 17:00:00,11,7,4
2021-11-30 18:00:00,6,2,4
2021-11-30 19:00:00,6,4,2
2021-11-30 20:00:00,1,0,1
2021-11-30 21:00:00,1,1,0
2021-11-30 22:00:00,0,0,0
2021-11-30 23:00:00,1,0,1
2021-12-01 00:00:00,0,0,0
2021-12-01 01:00:00,0,0,0
2021-12-01 02:00:00,0,0,0
2021-12-01 03:00:00,0,0,0
2021-12-01 04:00:00,0,0,0
2021-12-01 05:00:00,3,2,1
2021-12-01 06:00:00,16,10,6
2021-12-01 07:00:00,13,4,9
2021-12-01 08:00:00,18,4,14
2021-12-01 09:00:00,14,8,6
2021-12-01 10:00:00,20,10,10
2021-12-01 11:00:00,24,6,18
2021-12-01 12:00:00,19,11,8
2021-12-01 13:00:00,19,10,9
2021-12-01 14:00:00,30,20,10
2021-12-01 15:00:00,35,13,22
2021-12-01 16:00:00,36,18,18
2021-12-01 17:00:00,29,20,9
2021-12-01 18:00:00,21,4,17
2021-12-01 19:00:00,7,2,5
2021-12-01 20:00:00,0,0,0
2021-12-01 21:00:00,3,2,1
2021-12-01 22:00:00,1,1,0
2021-12-01 23:00:00,1,0,1
2021-12-02 00:00:00,0,0,0
2021-12-02 01:00:00,0,0,0
2021-12-02 02:00:00,0,0,0
2021-12-02 03:00:00,0,0,0
2021-12-02 04:00:00,0,0,0
2021-12-02 05:00:00,3,2,1
2021-12-02 06:00:00,6,3,3
2021-12-02 07:00:00,12,5,7
2021-12-02 08:00:00,8,4,4
2021-12-02 09:00:00,3,2,1
2021-12-02 10:00:00,6,5,1
2021-12-02 11:00:00,4,3,1
2021-12-02 12:00:00,7,1,6
2021-12-02 13:00:00,3,2,1
2021-12-02 14:00:00,13,12,1
2021-12-02 15:00:00,20,8,12
2021-12-02 16:00:00,18,9,9
2021-12-02 17:00:00,9,3,6
2021-12-02 18:00:00,14,7,7
2021-12-02 19:00:00,3,1,2
2021-12-02 20:00:00,3,2,1
2021-12-02 21:00:00,0,0,0
2021-12-02 22:00:00,1,1,0
2021-12-02 23:00:00,1,0,1
2021-12-03 00:00:00,0,0,0
2021-12-03 01:00:00,0,0,0
2021-12-03 02:00:00,0,0,0
2021-12-03 03:00:00,0,0,0
2021-12-03 04:00:00,0,0,0
2021-12-03 05:00:00,3,2,1
2021-12-03 06:00:00,9,4,5
2021-12-03 07:00:00,28,22,6
2021-12-03 08:00:00,20,2,18
2021-12-03 09:00:00,8,4,4
2021-12-03 10:00:00,15,8,7
2021-12-03 11:00:00,31,18,13
2021-12-03 12:00:00,23,12,11
2021-12-03 13:00:00,25,11,14
2021-12-03 14:00:00,35,14,21
2021-12-03 15:00:00,39,19,20
2021-12-03 16:00:00,36,12,24
2021-12-03 17:00:00,14,8,6
2021-12-03 18:00:00,4,1,3
2021-12-03 19:00:00,5,1,4
2021-12-03 20:00:00,0,0,0
2021-12-03 21:00:00,1,0,1
2021-12-03 22:00:00,0,0,0
2021-12-03 23:00:00,1,1,0
2021-12-04 00:00:00,0,0,0
2021-12-04 01:00:00,0,0,0
2021-12-04 02:00:00,0,0,0
2021-12-04 03:00:00,1,1,0
2021-12-04 04:00:00,0,0,0
2021-12-04 05:00:00,0,0,0
2021-12-04 06:00:00,0,0,0
2021-12-04 07:00:00,0,0,0
2021-12-04 08:00:00,0,0,0
2021-12-04 09:00:00,0,0,0
2021-12-04 10:00:00,0,0,0
2021-12-04 11:00:00,0,0,0
2021-12-04 12:00:00,0,0,0
2021-12-04 13:00:00,0,0,0
2021-12-04 14:00:00,0,0,0
2021-12-04 15:00:00,0,0,0
2021-12-04 16:00:00,0,0,0
2021-12-04 17:00:00,0,0,0
2021-12-04 18:00:00,0,0,0
2021-12-04 19:00:00,0,0,0
2021-12-04 20:00:00,0,0,0
2021-12-04 21:00:00,0,0,0
2021-12-04 22:00:00,0,0,0
2021-12-04 23:00:00,0,0,0
2021-12-05 00:00:00,0,0,0
2021-12-05 01:00:00,0,0,0
2021-12-05 02:00:00,0,0,0
2021-12-05 03:00:00,0,0,0
2021-12-05 04:00:00,0,0,0
2021-12-05 05:00:00,0,0,0
2021-12-05 06:00:00,0,0,0
2021-12-05 07:00:00,0,0,0
2021-12-05 08:00:00,0,0,0
2021-12-05 09:00:00,0,0,0
2021-12-05 10:00:00,0,0,0
2021-12-05 11:00:00,0,0,0
2021-12-05 12:00:00,0,0,0
2021-12-05 13:00:00,0,0,0
2021-12-05 14:00:00,0,0,0
2021-12-05 15:00:00,0,0,0
2021-12-05 16:00:00,0,0,0
2021-12-05 17:00:00,0,0,0
2021-12-05 18:00:00,0,0,0
2021-12-05 19:00:00,0,0,0
2021-12-05 20:00:00,0,0,0
2021-12-05 21:00:00,0,0,0
2021-12-05 22:00:00,0,0,0
2021-12-05 23:00:00,0,0,0
2021-12-06 00:00:00,0,0,0
2021-12-06 01:00:00,0,0,0
2021-12-06 02:00:00,0,0,0
2021-12-06 03:00:00,0,0,0
2021-12-06 04:00:00,0,0,0
2021-12-06 05:00:00,0,0,0
2021-12-06 06:00:00,0,0,0
2021-12-06 07:00:00,0,0,0
2021-12-06 08:00:00,0,0,0
2021-12-06 09:00:00,0,0,0
2021-12-06 10:00:00,0,0,0
2021-12-06 11:00:00,0,0,0
2021-12-06 12:00:00,0,0,0
2021-12-06 13:00:00,0,0,0
2021-12-06 14:00:00,0,0,0
2021-12-06 15:00:00,0,0,0
2021-12-06 16:00:00,0,0,0
2021-12-06 17:00:00,0,0,0
2021-12-06 18:00:00,0,0,0
2021-12-06 19:00:00,0,0,0
2021-12-06 20:00:00,0,0,0
2021-12-06 21:00:00,0,0,0
2021-12-06 22:00:00,0,0,0
2021-12-06 23:00:00,0,0,0
2021-12-07 00:00:00,0,0,0
2021-12-07 01:00:00,0,0,0
2021-12-07 02:00:00,0,0,0
2021-12-07 03:00:00,0,0,0
2021-12-07 04:00:00,0,0,0
2021-12-07 05:00:00,0,0,0
2021-12-07 06:00:00,0,0,0
2021-12-07 07:00:00,0,0,0
2021-12-07 08:00:00,0,0,0
2021-12-07 09:00:00,0,0,0
2021-12-07 10:00:00,0,0,0
2021-12-07 11:00:00,0,0,0
2021-12-07 12:00:00,0,0,0
2021-12-07 13:00:00,0,0,0
2021-12-07 14:00:00,0,0,0
2021-12-07 15:00:00,0,0,0
2021-12-07 16:00:00,0,0,0
2021-12-07 17:00:00,0,0,0
2021-12-07 18:00:00,0,0,0
2021-12-07 19:00:00,0,0,0
2021-12-07 20:00:00,0,0,0
2021-12-07 21:00:00,0,0,0
2021-12-07 22:00:00,0,0,0
2021-12-07 23:00:00,0,0,0
2021-12-08 00:00:00,0,0,0
2021-12-08 01:00:00,0,0,0
2021-12-08 02:00:00,0,0,0
2021-12-08 03:00:00,0,0,0
2021-12-08 04:00:00,0,0,0
2021-12-08 05:00:00,0,0,0
2021-12-08 06:00:00,0,0,0
2021-12-08 07:00:00,0,0,0
2021-12-08 08:00:00,0,0,0
2021-12-08 09:00:00,0,0,0
2021-12-08 10:00:00,0,0,0
2021-12-08 11:00:00,0,0,0
2021-12-08 12:00:00,0,0,0
2021-12-08 13:00:00,0,0,0
2021-12-08 14:00:00,0,0,0
2021-12-08 15:00:00,0,0,0
2021-12-08 16:00:00,0,0,0
2021-12-08 17:00:00,0,0,0
2021-12-08 18:00:00,0,0,0
2021-12-08 19:00:00,0,0,0
2021-12-08 20:00:00,0,0,0
2021-12-08 21:00:00,0,0,0
2021-12-08 22:00:00,0,0,0
2021-12-08 23:00:00,0,0,0
2021-12-09 00:00:00,0,0,0
2021-12-09 01:00:00,0,0,0
2021-12-09 02:00:00,0,0,0
2021-12-09 03:00:00,0,0,0
2021-12-09 04:00:00,0,0,0
2021-12-09 05:00:00,0,0,0
2021-12-09 06:00:00,0,0,0
2021-12-09 07:00:00,0,0,0
2021-12-09 08:00:00,0,0,0
2021-12-09 09:00:00,0,0,0
2021-12-09 10:00:00,0,0,0
2021-12-09 11:00:00,0,0,0
2021-12-09 12:00:00,0,0,0
2021-12-09 13:00:00,0,0,0
2021-12-09 14:00:00,0,0,0
2021-12-09 15:00:00,0,0,0
2021-12-09 16:00:00,0,0,0
2021-12-09 17:00:00,0,0,0
2021-12-09 18:00:00,0,0,0
2021-12-09 19:00:00,0,0,0
2021-12-09 20:00:00,0,0,0
2021-12-09 21:00:00,0,0,0
2021-12-09 22:00:00,0,0,0
2021-12-09 23:00:00,0,0,0
2021-12-10 00:00:00,0,0,0
2021-12-10 01:00:00,0,0,0
2021-12-10 02:00:00,0,0,0
2021-12-10 03:00:00,0,0,0
2021-12-10 04:00:00,0,0,0
2021-12-10 05:00:00,0,0,0
2021-12-10 06:00:00,0,0,0
2021-12-10 07:00:00,0,0,0
2021-12-10 08:00:00,0,0,0
2021-12-10 09:00:00,0,0,0
2021-12-10 10:00:00,0,0,0
2021-12-10 11:00:00,0,0,0
2021-12-10 12:00:00,0,0,0
2021-12-10 13:00:00,0,0,0
2021-12-10 14:00:00,0,0,0
2021-12-10 15:00:00,0,0,0
2021-12-10 16:00:00,0,0,0
2021-12-10 17:00:00,0,0,0
2021-12-10 18:00:00,0,0,0
2021-12-10 19:00:00,0,0,0
2021-12-10 20:00:00,0,0,0
2021-12-10 21:00:00,0,0,0
2021-12-10 22:00:00,0,0,0
2021-12-10 23:00:00,0,0,0
2021-12-11 00:00:00,0,0,0
2021-12-11 01:00:00,0,0,0
2021-12-11 02:00:00,0,0,0
2021-12-11 03:00:00,0,0,0
2021-12-11 04:00:00,0,0,0
2021-12-11 05:00:00,0,0,0
2021-12-11 06:00:00,0,0,0
2021-12-11 07:00:00,0,0,0
2021-12-11 08:00:00,0,0,0
2021-12-11 09:00:00,0,0,0
2021-12-11 10:00:00,0,0,0
2021-12-11 11:00:00,0,0,0
2021-12-11 12:00:00,0,0,0
2021-12-11 13:00:00,0,0,0
2021-12-11 14:00:00,0,0,0
2021-12-11 15:00:00,0,0,0
2021-12-11 16:00:00,0,0,0
2021-12-11 17:00:00,0,0,0
2021-12-11 18:00:00,0,0,0
2021-12-11 19:00:00,0,0,0
2021-12-11 20:00:00,0,0,0
2021-12-11 21:00:00,0,0,0
2021-12-11 22:00:00,0,0,0
2021-12-11 23:00:00,0,0,0
2021-12-12 00:00:00,0,0,0
2021-12-12 01:00:00,0,0,0
2021-12-12 02:00:00,0,0,0
2021-12-12 03:00:00,0,0,0
2021-12-12 04:00:00,0,0,0
2021-12-12 05:00:00,0,0,0
2021-12-12 06:00:00,0,0,0
2021-12-12 07:00:00,0,0,0
2021-12-12 08:00:00,0,0,0
2021-12-12 09:00:00,0,0,0
2021-12-12 10:00:00,0,0,0
2021-12-12 11:00:00,0,0,0
2021-12-12 12:00:00,0,0,0
2021-12-12 13:00:00,0,0,0
2021-12-12 14:00:00,0,0,0
2021-12-12 15:00:00,0,0,0
2021-12-12 16:00:00,0,0,0
2021-12-12 17:00:00,0,0,0
2021-12-12 18:00:00,0,0,0
2021-12-12 19:00:00,0,0,0
2021-12-12 20:00:00,0,0,0
2021-12-12 21:00:00,0,0,0
2021-12-12 22:00:00,0,0,0
2021-12-12 23:00:00,0,0,0
2021-12-13 00:00:00,0,0,0
2021-12-13 01:00:00,0,0,0
2021-12-13 02:00:00,0,0,0
2021-12-13 03:00:00,0,0,0
2021-12-13 04:00:00,0,0,0
2021-12-13 05:00:00,0,0,0
2021-12-13 06:00:00,0,0,0
2021-12-13 07:00:00,0,0,0
2021-12-13 08:00:00,0,0,0
2021-12-13 09:00:00,0,0,0
2021-12-13 10:00:00,0,0,0
2021-12-13 11:00:00,0,0,0
2021-12-13 12:00:00,0,0,0
2021-12-13 13:00:00,0,0,0
2021-12-13 14:00:00,0,0,0
2021-12-13 15:00:00,0,0,0
2021-12-13 16:00:00,0,0,0
2021-12-13 17:00:00,0,0,0
2021-12-13 18:00:00,0,0,0
2021-12-13 19:00:00,0,0,0
2021-12-13 20:00:00,0,0,0
2021-12-13 21:00:00,0,0,0
2021-12-13 22:00:00,0,0,0
2021-12-13 23:00:00,0,0,0
2021-12-14 00:00:00,0,0,0
2021-12-14 01:00:00,0,0,0
2021-12-14 02:00:00,0,0,0
2021-12-14 03:00:00,0,0,0
2021-12-14 04:00:00,0,0,0
2021-12-14 05:00:00,0,0,0
2021-12-14 06:00:00,0,0,0
2021-12-14 07:00:00,0,0,0
2021-12-14 08:00:00,0,0,0
2021-12-14 09:00:00,0,0,0
2021-12-14 10:00:00,0,0,0
2021-12-14 11:00:00,0,0,0
2021-12-14 12:00:00,0,0,0
2021-12-14 13:00:00,0,0,0
2021-12-14 14:00:00,0,0,0
2021-12-14 15:00:00,0,0,0
2021-12-14 16:00:00,0,0,0
2021-12-14 17:00:00,0,0,0
2021-12-14 18:00:00,0,0,0
2021-12-14 19:00:00,0,0,0
2021-12-14 20:00:00,0,0,0
2021-12-14 21:00:00,0,0,0
2021-12-14 22:00:00,0,0,0
2021-12-14 23:00:00,0,0,0
2021-12-15 00:00:00,0,0,0
2021-12-15 01:00:00,0,0,0
2021-12-15 02:00:00,0,0,0
2021-12-15 03:00:00,0,0,0
2021-12-15 04:00:00,0,0,0
2021-12-15 05:00:00,0,0,0
2021-12-15 06:00:00,0,0,0
2021-12-15 07:00:00,0,0,0
2021-12-15 08:00:00,0,0,0
2021-12-15 09:00:00,0,0,0
2021-12-15 10:00:00,0,0,0
2021-12-15 11:00:00,0,0,0
2021-12-15 12:00:00,0,0,0
2021-12-15 13:00:00,0,0,0
2021-12-15 14:00:00,0,0,0
2021-12-15 15:00:00,0,0,0
2021-12-15 16:00:00,0,0,0
2021-12-15 17:00:00,0,0,0
2021-12-15 18:00:00,0,0,0
2021-12-15 19:00:00,0,0,0
2021-12-15 20:00:00,0,0,0
2021-12-15 21:00:00,0,0,0
2021-12-15 22:00:00,0,0,0
2021-12-15 23:00:00,0,0,0
2021-12-16 00:00:00,0,0,0
2021-12-16 01:00:00,0,0,0
2021-12-16 02:00:00,0,0,0
2021-12-16 03:00:00,0,0,0
2021-12-16 04:00:00,0,0,0
2021-12-16 05:00:00,0,0,0
2021-12-16 06:00:00,0,0,0
2021-12-16 07:00:00,0,0,0
2021-12-16 08:00:00,0,0,0
2021-12-16 09:00:00,0,0,0
2021-12-16 10:00:00,0,0,0
2021-12-16 11:00:00,0,0,0
2021-12-16 12:00:00,0,0,0
2021-12-16 13:00:00,0,0,0
2021-12-16 14:00:00,0,0,0
2021-12-16 15:00:00,0,0,0
2021-12-16 16:00:00,0,0,0
2021-12-16 17:00:00,0,0,0
2021-12-16 18:00:00,0,0,0
2021-12-16 19:00:00,0,0,0
2021-12-16 20:00:00,0,0,0
2021-12-16 21:00:00,0,0,0
2021-12-16 22:00:00,0,0,0
2021-12-16 23:00:00,0,0,0
2021-12-17 00:00:00,0,0,0
2021-12-17 01:00:00,0,0,0
2021-12-17 02:00:00,0,0,0
2021-12-17 03:00:00,0,0,0
2021-12-17 04:00:00,0,0,0
2021-12-17 05:00:00,0,0,0
2021-12-17 06:00:00,0,0,0
2021-12-17 07:00:00,0,0,0
2021-12-17 08:00:00,0,0,0
2021-12-17 09:00:00,0,0,0
2021-12-17 10:00:00,0,0,0
2021-12-17 11:00:00,0,0,0
2021-12-17 12:00:00,0,0,0
2021-12-17 13:00:00,0,0,0
2021-12-17 14:00:00,0,0,0
2021-12-17 15:00:00,0,0,0
2021-12-17 16:00:00,0,0,0
2021-12-17 17:00:00,0,0,0
2021-12-17 18:00:00,0,0,0
2021-12-17 19:00:00,0,0,0
2021-12-17 20:00:00,0,0,0
2021-12-17 21:00:00,0,0,0
2021-12-17 22:00:00,0,0,0
2021-12-17 23:00:00,0,0,0
2021-12-18 00:00:00,0,0,0
2021-12-18 01:00:00,0,0,0
2021-12-18 02:00:00,0,0,0
2021-12-18 03:00:00,0,0,0
2021-12-18 04:00:00,0,0,0
2021-12-18 05:00:00,0,0,0
2021-12-18 06:00:00,0,0,0
2021-12-18 07:00:00,0,0,0
2021-12-18 08:00:00,0,0,0
2021-12-18 09:00:00,0,0,0
2021-12-18 10:00:00,0,0,0
2021-12-18 11:00:00,0,0,0
2021-12-18 12:00:00,0,0,0
2021-12-18 13:00:00,0,0,0
2021-12-18 14:00:00,0,0,0
2021-12-18 15:00:00,0,0,0
2021-12-18 16:00:00,0,0,0
2021-12-18 17:00:00,0,0,0
2021-12-18 18:00:00,0,0,0
2021-12-18 19:00:00,0,0,0
2021-12-18 20:00:00,0,0,0
2021-12-18 21:00:00,0,0,0
2021-12-18 22:00:00,0,0,0
2021-12-18 23:00:00,0,0,0
2021-12-19 00:00:00,0,0,0
2021-12-19 01:00:00,0,0,0
2021-12-19 02:00:00,0,0,0
2021-12-19 03:00:00,0,0,0
2021-12-19 04:00:00,0,0,0
2021-12-19 05:00:00,0,0,0
2021-12-19 06:00:00,0,0,0
2021-12-19 07:00:00,0,0,0
2021-12-19 08:00:00,0,0,0
2021-12-19 09:00:00,0,0,0
2021-12-19 10:00:00,0,0,0
2021-12-19 11:00:00,0,0,0
2021-12-19 12:00:00,0,0,0
2021-12-19 13:00:00,0,0,0
2021-12-19 14:00:00,0,0,0
2021-12-19 15:00:00,0,0,0
2021-12-19 16:00:00,0,0,0
2021-12-19 17:00:00,0,0,0
2021-12-19 18:00:00,0,0,0
2021-12-19 19:00:00,0,0,0
2021-12-19 20:00:00,0,0,0
2021-12-19 21:00:00,0,0,0
2021-12-19 22:00:00,0,0,0
2021-12-19 23:00:00,0,0,0
2021-12-20 00:00:00,0,0,0
2021-12-20 01:00:00,0,0,0
2021-12-20 02:00:00,0,0,0
2021-12-20 03:00:00,0,0,0
2021-12-20 04:00:00,0,0,0
2021-12-20 05:00:00,0,0,0
2021-12-20 06:00:00,0,0,0
2021-12-20 07:00:00,0,0,0
2021-12-20 08:00:00,0,0,0
2021-12-20 09:00:00,0,0,0
2021-12-20 10:00:00,0,0,0
2021-12-20 11:00:00,0,0,0
2021-12-20 12:00:00,0,0,0
2021-12-20 13:00:00,0,0,0
2021-12-20 14:00:00,0,0,0
2021-12-20 15:00:00,0,0,0
2021-12-20 16:00:00,0,0,0
2021-12-20 17:00:00,0,0,0
2021-12-20 18:00:00,0,0,0
2021-12-20 19:00:00,0,0,0
2021-12-20 20:00:00,0,0,0
2021-12-20 21:00:00,0,0,0
2021-12-20 22:00:00,0,0,0
2021-12-20 23:00:00,0,0,0
2021-12-21 00:00:00,0,0,0
2021-12-21 01:00:00,0,0,0
2021-12-21 02:00:00,0,0,0
2021-12-21 03:00:00,0,0,0
2021-12-21 04:00:00,0,0,0
2021-12-21 05:00:00,0,0,0
2021-12-21 06:00:00,0,0,0
2021-12-21 07:00:00,0,0,0
2021-12-21 08:00:00,0,0,0
2021-12-21 09:00:00,0,0,0
2021-12-21 10:00:00,0,0,0
2021-12-21 11:00:00,0,0,0
2021-12-21 12:00:00,0,0,0
2021-12-21 13:00:00,0,0,0
2021-12-21 14:00:00,0,0,0
2021-12-21 15:00:00,0,0,0
2021-12-21 16:00:00,0,0,0
2021-12-21 17:00:00,0,0,0
2021-12-21 18:00:00,0,0,0
2021-12-21 19:00:00,0,0,0
2021-12-21 20:00:00,0,0,0
2021-12-21 21:00:00,0,0,0
2021-12-21 22:00:00,0,0,0
2021-12-21 23:00:00,0,0,0
2021-12-22 00:00:00,0,0,0
2021-12-22 01:00:00,0,0,0
2021-12-22 02:00:00,0,0,0
2021-12-22 03:00:00,0,0,0
2021-12-22 04:00:00,0,0,0
2021-12-22 05:00:00,0,0,0
2021-12-22 06:00:00,0,0,0
2021-12-22 07:00:00,0,0,0
2021-12-22 08:00:00,0,0,0
2021-12-22 09:00:00,0,0,0
2021-12-22 10:00:00,0,0,0
2021-12-22 11:00:00,0,0,0
2021-12-22 12:00:00,0,0,0
2021-12-22 13:00:00,0,0,0
2021-12-22 14:00:00,0,0,0
2021-12-22 15:00:00,0,0,0
2021-12-22 16:00:00,0,0,0
2021-12-22 17:00:00,0,0,0
2021-12-22 18:00:00,0,0,0
2021-12-22 19:00:00,0,0,0
2021-12-22 20:00:00,0,0,0
2021-12-22 21:00:00,0,0,0
2021-12-22 22:00:00,0,0,0
2021-12-22 23:00:00,0,0,0
2021-12-23 00:00:00,0,0,0
2021-12-23 01:00:00,0,0,0
2021-12-23 02:00:00,0,0,0
2021-12-23 03:00:00,0,0,0
2021-12-23 04:00:00,0,0,0
2021-12-23 05:00:00,0,0,0
2021-12-23 06:00:00,0,0,0
2021-12-23 07:00:00,0,0,0
2021-12-23 08:00:00,0,0,0
2021-12-23 09:00:00,0,0,0
2021-12-23 10:00:00,0,0,0
2021-12-23 11:00:00,0,0,0
2021-12-23 12:00:00,0,0,0
2021-12-23 13:00:00,0,0,0
2021-12-23 14:00:00,0,0,0
2021-12-23 15:00:00,0,0,0
2021-12-23 16:00:00,0,0,0
2021-12-23 17:00:00,0,0,0
2021-12-23 18:00:00,0,0,0
2021-12-23 19:00:00,0,0,0
2021-12-23 20:00:00,0,0,0
2021-12-23 21:00:00,0,0,0
2021-12-23 22:00:00,0,0,0
2021-12-23 23:00:00,0,0,0
2021-12-24 00:00:00,0,0,0
2021-12-24 01:00:00,0,0,0
2021-12-24 02:00:00,0,0,0
2021-12-24 03:00:00,0,0,0
2021-12-24 04:00:00,0,0,0
2021-12-24 05:00:00,0,0,0
2021-12-24 06:00:00,0,0,0
2021-12-24 07:00:00,0,0,0
2021-12-24 08:00:00,0,0,0
2021-12-24 09:00:00,0,0,0
2021-12-24 10:00:00,0,0,0
2021-12-24 11:00:00,0,0,0
2021-12-24 12:00:00,0,0,0
2021-12-24 13:00:00,0,0,0
2021-12-24 14:00:00,0,0,0
2021-12-24 15:00:00,0,0,0
2021-12-24 16:00:00,0,0,0
2021-12-24 17:00:00,0,0,0
2021-12-24 18:00:00,0,0,0
2021-12-24 19:00:00,0,0,0
2021-12-24 20:00:00,0,0,0
2021-12-24 21:00:00,0,0,0
2021-12-24 22:00:00,0,0,0
2021-12-24 23:00:00,0,0,0
2021-12-25 00:00:00,0,0,0
2021-12-25 01:00:00,0,0,0
2021-12-25 02:00:00,0,0,0
2021-12-25 03:00:00,0,0,0
2021-12-25 04:00:00,0,0,0
2021-12-25 05:00:00,0,0,0
2021-12-25 06:00:00,0,0,0
2021-12-25 07:00:00,0,0,0
2021-12-25 08:00:00,0,0,0
2021-12-25 09:00:00,0,0,0
2021-12-25 10:00:00,0,0,0
2021-12-25 11:00:00,0,0,0
2021-12-25 12:00:00,0,0,0
2021-12-25 13:00:00,0,0,0
2021-12-25 14:00:00,0,0,0
2021-12-25 15:00:00,0,0,0
2021-12-25 16:00:00,0,0,0
2021-12-25 17:00:00,0,0,0
2021-12-25 18:00:00,0,0,0
2021-12-25 19:00:00,0,0,0
2021-12-25 20:00:00,0,0,0
2021-12-25 21:00:00,0,0,0
2021-12-25 22:00:00,0,0,0
2021-12-25 23:00:00,0,0,0
2021-12-26 00:00:00,0,0,0
2021-12-26 01:00:00,0,0,0
2021-12-26 02:00:00,0,0,0
2021-12-26 03:00:00,0,0,0
2021-12-26 04:00:00,0,0,0
2021-12-26 05:00:00,0,0,0
2021-12-26 06:00:00,0,0,0
2021-12-26 07:00:00,0,0,0
2021-12-26 08:00:00,0,0,0
2021-12-26 09:00:00,0,0,0
2021-12-26 10:00:00,0,0,0
2021-12-26 11:00:00,0,0,0
2021-12-26 12:00:00,0,0,0
2021-12-26 13:00:00,0,0,0
2021-12-26 14:00:00,0,0,0
2021-12-26 15:00:00,0,0,0
2021-12-26 16:00:00,0,0,0
2021-12-26 17:00:00,0,0,0
2021-12-26 18:00:00,0,0,0
2021-12-26 19:00:00,0,0,0
2021-12-26 20:00:00,0,0,0
2021-12-26 21:00:00,0,0,0
2021-12-26 22:00:00,0,0,0
2021-12-26 23:00:00,0,0,0
2021-12-27 00:00:00,0,0,0
2021-12-27 01:00:00,0,0,0
2021-12-27 02:00:00,0,0,0
2021-12-27 03:00:00,0,0,0
2021-12-27 04:00:00,0,0,0
2021-12-27 05:00:00,0,0,0
2021-12-27 06:00:00,0,0,0
2021-12-27 07:00:00,0,0,0
2021-12-27 08:00:00,0,0,0
2021-12-27 09:00:00,0,0,0
2021-12-27 10:00:00,0,0,0
2021-12-27 11:00:00,0,0,0
2021-12-27 12:00:00,0,0,0
2021-12-27 13:00:00,0,0,0
2021-12-27 14:00:00,0,0,0
2021-12-27 15:00:00,0,0,0
2021-12-27 16:00:00,0,0,0
2021-12-27 17:00:00,0,0,0
2021-12-27 18:00:00,0,0,0
2021-12-27 19:00:00,0,0,0
2021-12-27 20:00:00,0,0,0
2021-12-27 21:00:00,0,0,0
2021-12-27 22:00:00,0,0,0
2021-12-27 23:00:00,0,0,0
2021-12-28 00:00:00,0,0,0
2021-12-28 01:00:00,0,0,0
2021-12-28 02:00:00,0,0,0
2021-12-28 03:00:00,0,0,0
2021-12-28 04:00:00,0,0,0
2021-12-28 05:00:00,0,0,0
2021-12-28 06:00:00,0,0,0
2021-12-28 07:00:00,0,0,0
2021-12-28 08:00:00,0,0,0
2021-12-28 09:00:00,0,0,0
2021-12-28 10:00:00,0,0,0
2021-12-28 11:00:00,0,0,0
2021-12-28 12:00:00,0,0,0
2021-12-28 13:00:00,0,0,0
2021-12-28 14:00:00,0,0,0
2021-12-28 15:00:00,0,0,0
2021-12-28 16:00:00,0,0,0
2021-12-28 17:00:00,0,0,0
2021-12-28 18:00:00,0,0,0
2021-12-28 19:00:00,0,0,0
2021-12-28 20:00:00,0,0,0
2021-12-28 21:00:00,0,0,0
2021-12-28 22:00:00,0,0,0
2021-12-28 23:00:00,0,0,0
2021-12-29 00:00:00,0,0,0
2021-12-29 01:00:00,0,0,0
2021-12-29 02:00:00,0,0,0
2021-12-29 03:00:00,0,0,0
2021-12-29 04:00:00,0,0,0
2021-12-29 05:00:00,0,0,0
2021-12-29 06:00:00,0,0,0
2021-12-29 07:00:00,0,0,0
2021-12-29 08:00:00,0,0,0
2021-12-29 09:00:00,0,0,0
2021-12-29 10:00:00,0,0,0
2021-12-29 11:00:00,0,0,0
2021-12-29 12:00:00,0,0,0
2021-12-29 13:00:00,0,0,0
2021-12-29 14:00:00,0,0,0
2021-12-29 15:00:00,0,0,0
2021-12-29 16:00:00,0,0,0
2021-12-29 17:00:00,0,0,0
2021-12-29 18:00:00,0,0,0
2021-12-29 19:00:00,0,0,0
2021-12-29 20:00:00,0,0,0
2021-12-29 21:00:00,0,0,0
2021-12-29 22:00:00,0,0,0
2021-12-29 23:00:00,0,0,0
2021-12-30 00:00:00,0,0,0
2021-12-30 01:00:00,0,0,0
2021-12-30 02:00:00,0,0,0
2021-12-30 03:00:00,0,0,0
2021-12-30 04:00:00,0,0,0
2021-12-30 05:00:00,0,0,0
2021-12-30 06:00:00,0,0,0
2021-12-30 07:00:00,0,0,0
2021-12-30 08:00:00,0,0,0
2021-12-30 09:00:00,0,0,0
2021-12-30 10:00:00,0,0,0
2021-12-30 11:00:00,0,0,0
2021-12-30 12:00:00,0,0,0
2021-12-30 13:00:00,0,0,0
2021-12-30 14:00:00,0,0,0
2021-12-30 15:00:00,0,0,0
2021-12-30 16:00:00,0,0,0
2021-12-30 17:00:00,0,0,0
2021-12-30 18:00:00,0,0,0
2021-12-30 19:00:00,0,0,0
2021-12-30 20:00:00,0,0,0
2021-12-30 21:00:00,0,0,0
2021-12-30 22:00:00,0,0,0
2021-12-30 23:00:00,0,0,0
2021-12-31 00:00:00,0,0,0
2021-12-31 01:00:00,0,0,0
2021-12-31 02:00:00,0,0,0
2021-12-31 03:00:00,0,0,0
2021-12-31 04:00:00,0,0,0
2021-12-31 05:00:00,0,0,0
2021-12-31 06:00:00,0,0,0
2021-12-31 07:00:00,0,0,0
2021-12-31 08:00:00,0,0,0
2021-12-31 09:00:00,0,0,0
2021-12-31 10:00:00,0,0,0
2021-12-31 11:00:00,0,0,0
2021-12-31 12:00:00,0,0,0
2021-12-31 13:00:00,0,0,0
2021-12-31 14:00:00,0,0,0
2021-12-31 15:00:00,0,0,0
2021-12-31 16:00:00,0,0,0
2021-12-31 17:00:00,0,0,0
2021-12-31 18:00:00,0,0,0
2021-12-31 19:00:00,0,0,0
2021-12-31 20:00:00,0,0,0
2021-12-31 21:00:00,0,0,0
2021-12-31 22:00:00,0,0,0
2021-12-31 23:00:00,0,0,0